recording_id,measurement_id,sample_index,time_seconds,gt_signal,predicted_signal
BH_s05_medium,0,0,0.0,-1.2006744146347046,0.03788571779584593
BH_s05_medium,0,1,0.03333333333333333,-1.1145212650299072,0.35530545011684606
BH_s05_medium,0,2,0.06666666666666667,-0.6000277996063232,0.6360106599621052
BH_s05_medium,0,3,0.1,0.5199642181396484,0.8485667599437136
BH_s05_medium,0,4,0.13333333333333333,1.7430909872055054,0.9697313787259998
BH_s05_medium,0,5,0.16666666666666666,2.4068117141723633,0.9898183564700769
BH_s05_medium,0,6,0.2,2.1204211711883545,0.9164738959650386
BH_s05_medium,0,7,0.23333333333333334,1.436047077178955,0.7751471911561064
BH_s05_medium,0,8,0.26666666666666666,0.5793666243553162,0.605399753422076
BH_s05_medium,0,9,0.3,-0.005478721112012863,0.45297610703953556
BH_s05_medium,0,10,0.3333333333333333,-0.37920278310775757,0.3584641417203892
BH_s05_medium,0,11,0.36666666666666664,-0.4920412003993988,0.34473564431170767
BH_s05_medium,0,12,0.4,-0.34399402141571045,0.4070151867764054
BH_s05_medium,0,13,0.43333333333333335,-0.08068246394395828,0.5103365384226184
BH_s05_medium,0,14,0.4666666666666667,-0.0491454117000103,0.597971436577982
BH_s05_medium,0,15,0.5,-0.0491454117000103,0.6103583710340513
BH_s05_medium,0,16,0.5333333333333333,-0.18748889863491058,0.5082966404273764
BH_s05_medium,0,17,0.5666666666666667,-0.45080044865608215,0.29055535038061187
BH_s05_medium,0,18,0.6,-0.6255328059196472,-0.0023667401585729603
BH_s05_medium,0,19,0.6333333333333333,-0.88884437084198,-0.30084980510047576
BH_s05_medium,0,20,0.6666666666666666,-0.9349370002746582,-0.5309015797455918
BH_s05_medium,0,21,0.7,-0.6072399616241455,-0.6416971345564481
BH_s05_medium,0,22,0.7333333333333333,0.28589504957199097,-0.6249053228448896
BH_s05_medium,0,23,0.7666666666666667,1.5976009368896484,-0.5176170188260658
BH_s05_medium,0,24,0.8,2.4917848110198975,-0.3872656001595313
BH_s05_medium,0,25,0.8333333333333334,2.5523674488067627,-0.30431293660589054
BH_s05_medium,0,26,0.8666666666666667,1.949229121208191,-0.31336675203693143
BH_s05_medium,0,27,0.9,1.0755672454833984,-0.4141247442841881
BH_s05_medium,0,28,0.9333333333333333,0.3111376166343689,-0.5600303513123079
BH_s05_medium,0,29,0.9666666666666667,-0.19240637123584747,-0.6758989442860055
BH_s05_medium,0,30,1.0,-0.4920412003993988,-0.6881953267013199
BH_s05_medium,0,31,1.0333333333333334,-0.3900866210460663,-0.5559626791872696
BH_s05_medium,0,32,1.0666666666666667,-0.21535424888134003,-0.2892594170916965
BH_s05_medium,0,33,1.1,-0.0491454117000103,0.05322494494514092
BH_s05_medium,0,34,1.1333333333333333,-0.0491454117000103,0.3863174966673438
BH_s05_medium,0,35,1.1666666666666667,-0.1450679749250412,0.630229488267351
BH_s05_medium,0,36,1.2,-0.40470781922340393,0.738406435598204
BH_s05_medium,0,37,1.2333333333333334,-0.5794402360916138,0.7103677602434121
BH_s05_medium,0,38,1.2666666666666666,-0.8427517414093018,0.585736310432994
BH_s05_medium,0,39,1.3,-0.9289050102233887,0.42372386664894407
BH_s05_medium,0,40,1.3333333333333333,-0.8548157811164856,0.27776609678200676
BH_s05_medium,0,41,1.3666666666666667,-0.10356471687555313,0.1758541282189148
BH_s05_medium,0,42,1.4,1.0844844579696655,0.11358243284439454
BH_s05_medium,0,43,1.4333333333333333,2.2638132572174072,0.061285112906469694
BH_s05_medium,0,44,1.4666666666666666,2.6968085765838623,-0.01852050025362787
BH_s05_medium,0,45,1.5,2.2476837635040283,-0.150504698097226
BH_s05_medium,0,46,1.5333333333333334,1.4831886291503906,-0.33091747898406826
BH_s05_medium,0,47,1.5666666666666667,0.5840872526168823,-0.523788296251956
BH_s05_medium,0,48,1.6,-0.08199387043714523,-0.6717936255371139
BH_s05_medium,0,49,1.6333333333333333,-0.520037829875946,-0.7186894528068305
BH_s05_medium,0,50,1.6666666666666667,-0.669199526309967,-0.6340818749907113
BH_s05_medium,0,51,1.7,-0.5271843671798706,-0.42872103652820204
BH_s05_medium,0,52,1.7333333333333334,-0.26387280225753784,-0.152109413362782
BH_s05_medium,0,53,1.7666666666666666,-0.13772456347942352,0.12708354772664165
BH_s05_medium,0,54,1.8,-0.18388281762599945,0.3479441975217929
BH_s05_medium,0,55,1.8333333333333333,-0.3586151897907257,0.4778298159874233
BH_s05_medium,0,56,1.8666666666666667,-0.5333476066589355,0.5173365737888485
BH_s05_medium,0,57,1.9,-0.746960461139679,0.48979692729053376
BH_s05_medium,0,58,1.9333333333333333,-0.9713915586471558,0.42295564041529254
BH_s05_medium,0,59,1.9666666666666666,-1.1461238861083984,0.3330480759894227
BH_s05_medium,0,60,2.0,-1.1690717935562134,0.2189119934916476
BH_s05_medium,0,61,2.033333333333333,-0.5827181935310364,0.0681684285673361
BH_s05_medium,0,62,2.066666666666667,0.5191777944564819,-0.12822032479461928
BH_s05_medium,0,63,2.1,1.7798080444335938,-0.36064291189477693
BH_s05_medium,0,64,2.1333333333333333,2.342491865158081,-0.5933176295908767
BH_s05_medium,0,65,2.1666666666666665,2.0874414443969727,-0.7700114007361023
BH_s05_medium,0,66,2.2,1.2828855514526367,-0.8320246520238883
BH_s05_medium,0,67,2.2333333333333334,0.4092235863208771,-0.7408902693821939
BH_s05_medium,0,68,2.2666666666666666,-0.2628895044326782,-0.4952585835995664
BH_s05_medium,0,69,2.3,-0.7675480246543884,-0.13409010859891454
BH_s05_medium,0,70,2.3333333333333335,-0.8463578224182129,0.2746400959081545
BH_s05_medium,0,71,2.3666666666666667,-0.6642820239067078,0.6538359446604537
BH_s05_medium,0,72,2.4,-0.4009704887866974,0.9377522325629057
BH_s05_medium,0,73,2.433333333333333,-0.31488287448883057,1.0869660630910327
BH_s05_medium,0,74,2.466666666666667,-0.31488287448883057,1.0949591429821806
BH_s05_medium,0,75,2.5,-0.4872549772262573,0.9858058155489666
BH_s05_medium,0,76,2.533333333333333,-0.8319334983825684,0.8037110288127131
BH_s05_medium,0,77,2.566666666666667,-1.092819094657898,0.5967743105629463
BH_s05_medium,0,78,2.6,-1.2771896123886108,0.40008514264464823
BH_s05_medium,0,79,2.6333333333333333,-1.451922059059143,0.22473791267711424
BH_s05_medium,0,80,2.6666666666666665,-1.3947486877441406,0.05733320546412459
BH_s05_medium,0,81,2.7,-0.6966711282730103,-0.12991158957415752
BH_s05_medium,0,82,2.7333333333333334,0.48534607887268066,-0.36256085430687307
BH_s05_medium,0,83,2.7666666666666666,1.7544342279434204,-0.6472016570006115
BH_s05_medium,0,84,2.8,2.404451370239258,-0.9605579453293529
BH_s05_medium,0,85,2.8333333333333335,2.1043572425842285,-1.248589728108973
BH_s05_medium,0,86,2.8666666666666667,1.3483200073242188,-1.437158712318146
BH_s05_medium,0,87,2.9,0.5293397903442383,-1.452668378102498
BH_s05_medium,0,88,2.933333333333333,-0.065078005194664,-1.2473369944658819
BH_s05_medium,0,89,2.966666666666667,-0.45329198241233826,-0.8207606647500577
BH_s05_medium,0,90,3.0,-0.5332163572311401,-0.22898307979856292
BH_s05_medium,0,91,3.033333333333333,-0.3135058581829071,0.4244210726189981
BH_s05_medium,0,92,3.066666666666667,-0.09517240524291992,1.0141951476180366
BH_s05_medium,0,93,3.1,-0.0491454117000103,1.427997856091702
BH_s05_medium,0,94,3.1333333333333333,-0.0491454117000103,1.5973495906897395
BH_s05_medium,0,95,3.1666666666666665,-0.17299894988536835,1.513793586222615
BH_s05_medium,0,96,3.2,-0.4363104999065399,1.2255955827687577
BH_s05_medium,0,97,3.2333333333333334,-0.641465425491333,0.8177837561462272
BH_s05_medium,0,98,3.2666666666666666,-0.8743544220924377,0.38298674819486317
BH_s05_medium,0,99,3.3,-0.9093663096427917,-0.007239412555283313
BH_s05_medium,0,100,3.3333333333333335,-0.46489661931991577,-0.32022823861030963
BH_s05_medium,0,101,3.3666666666666667,0.5595009326934814,-0.5620777186229953
BH_s05_medium,0,102,3.4,1.8321951627731323,-0.7606805570251802
BH_s05_medium,0,103,3.433333333333333,2.624096393585205,-0.9411664756858574
BH_s05_medium,0,104,3.466666666666667,2.4793269634246826,-1.105716846280492
BH_s05_medium,0,105,3.5,1.755941390991211,-1.2266575717706145
BH_s05_medium,0,106,3.533333333333333,0.8822793960571289,-1.255581925559636
BH_s05_medium,0,107,3.566666666666667,0.10952313989400864,-1.1445279762028266
BH_s05_medium,0,108,3.6,-0.4071993827819824,-0.8701541171054087
BH_s05_medium,0,109,3.6333333333333333,-0.5793089866638184,-0.45039006828832606
BH_s05_medium,0,110,3.6666666666666665,-0.4045765697956085,0.05403004361298461
BH_s05_medium,0,111,3.7,-0.14126501977443695,0.5545533412869315
BH_s05_medium,0,112,3.7333333333333334,-0.0491454117000103,0.9607734988639312
BH_s05_medium,0,113,3.7666666666666666,-0.0491454117000103,1.2071588230792683
BH_s05_medium,0,114,3.8,-0.12690633535385132,1.270097279135606
BH_s05_medium,0,115,3.8333333333333335,-0.3769737184047699,1.1692560239834058
BH_s05_medium,0,116,3.8666666666666667,-0.5649502873420715,0.9543743684739137
BH_s05_medium,0,117,3.9,-0.739682674407959,0.6845848509094111
BH_s05_medium,0,118,3.933333333333333,-0.9144150614738464,0.4091576904428066
BH_s05_medium,0,119,3.966666666666667,-0.7380431294441223,0.15627806386935247
BH_s05_medium,0,120,4.0,0.06434927135705948,-0.06781825257031082
BH_s05_medium,0,121,4.033333333333333,1.3228815793991089,-0.2709349355602403
BH_s05_medium,0,122,4.066666666666666,2.398747682571411,-0.4620626646642734
BH_s05_medium,0,123,4.1,2.5523018836975098,-0.6386187363997331
BH_s05_medium,0,124,4.133333333333334,1.9864044189453125,-0.7794363093465961
BH_s05_medium,0,125,4.166666666666667,1.11274254322052,-0.8476669293778882
BH_s05_medium,0,126,4.2,0.23908056318759918,-0.803392509154233
BH_s05_medium,0,127,4.233333333333333,-0.2763961851596832,-0.621139084076495
BH_s05_medium,0,128,4.266666666666667,-0.624418318271637,-0.30548946054006687
BH_s05_medium,0,129,4.3,-0.627827525138855,0.10161535492804835
BH_s05_medium,0,130,4.333333333333333,-0.3645159602165222,0.5264264149507547
BH_s05_medium,0,131,4.366666666666666,-0.13772456347942352,0.8821215626294017
BH_s05_medium,0,132,4.4,-0.08323964476585388,1.0947570223475402
BH_s05_medium,0,133,4.433333333333334,-0.16939286887645721,1.1259804804217883
BH_s05_medium,0,134,4.466666666666667,-0.4327044188976288,0.9830183774568234
BH_s05_medium,0,135,4.5,-0.6074368357658386,0.7122550615815222
BH_s05_medium,0,136,4.533333333333333,-0.8707483410835266,0.37998388338253253
BH_s05_medium,0,137,4.566666666666666,-1.045480728149414,0.04891174376900656
BH_s05_medium,0,138,4.6,-1.0925565958023071,-0.24037330964805362
BH_s05_medium,0,139,4.633333333333334,-0.6722149848937988,-0.47667004230915777
BH_s05_medium,0,140,4.666666666666667,0.3340865671634674,-0.672320949457443
BH_s05_medium,0,141,4.7,1.7074239253997803,-0.8472696722660475
BH_s05_medium,0,142,4.733333333333333,2.5196502208709717,-1.01021564451356
BH_s05_medium,0,143,4.766666666666667,2.401434898376465,-1.1456992108593882
BH_s05_medium,0,144,4.8,1.6089431047439575,-1.2137730273081306
BH_s05_medium,0,145,4.833333333333333,0.7352811098098755,-1.1636515008060428
BH_s05_medium,0,146,4.866666666666666,-0.04953916370868683,-0.9565090736691724
BH_s05_medium,0,147,4.9,-0.573736310005188,-0.5879672770272987
BH_s05_medium,0,148,4.933333333333334,-0.7577787041664124,-0.09988914393814056
BH_s05_medium,0,149,4.966666666666667,-0.6763460636138916,0.4252256811176409
BH_s05_medium,0,150,5.0,-0.4226069748401642,0.8867222749852047
BH_s05_medium,0,151,5.033333333333333,-0.31488287448883057,1.1970052066272263
BH_s05_medium,0,152,5.066666666666666,-0.3004585802555084,1.308984439369558
BH_s05_medium,0,153,5.1,-0.4751909673213959,1.2284326710165034
BH_s05_medium,0,154,5.133333333333334,-0.6499233245849609,1.0064577894443147
BH_s05_medium,0,155,5.166666666666667,-0.9132348895072937,0.7160474271241001
BH_s05_medium,0,156,5.2,-1.0879672765731812,0.4233995572219415
BH_s05_medium,0,157,5.233333333333333,-1.28925359249115,0.16630434013290837
BH_s05_medium,0,158,5.266666666666667,-1.229654312133789,-0.052355798926811956
BH_s05_medium,0,159,5.3,-0.5033177137374878,-0.2549244868848946
BH_s05_medium,0,160,5.333333333333333,0.6545714735984802,-0.46824206293115206
BH_s05_medium,0,161,5.366666666666666,1.8592084646224976,-0.7009604518435643
BH_s05_medium,0,162,5.4,2.2539126873016357,-0.9291334090437047
BH_s05_medium,0,163,5.433333333333334,1.886875867843628,-1.0973854239144976
BH_s05_medium,0,164,5.466666666666667,1.054323434829712,-1.1361870080725283
BH_s05_medium,0,165,5.5,0.13470005989074707,-0.9886540126896618
BH_s05_medium,0,166,5.533333333333333,-0.5642294883728027,-0.6365228600340981
BH_s05_medium,0,167,5.566666666666666,-0.9727029204368591,-0.11519664490542718
BH_s05_medium,0,168,5.6,-1.0767552852630615,0.48883225629137045
BH_s05_medium,0,169,5.633333333333334,-0.8134437799453735,1.0588022120381377
BH_s05_medium,0,170,5.666666666666667,-0.5501322150230408,1.4801002894158903
BH_s05_medium,0,171,5.7,-0.4034620523452759,1.672730731656242
BH_s05_medium,0,172,5.733333333333333,-0.5176774859428406,1.612466858139882
BH_s05_medium,0,173,5.766666666666667,-0.7156202793121338,1.3337366869098055
BH_s05_medium,0,174,5.8,-0.9765058755874634,0.9136233970272758
BH_s05_medium,0,175,5.833333333333333,-1.2190330028533936,0.44318502770178936
BH_s05_medium,0,176,5.866666666666666,-1.3937653303146362,-0.002260194221571003
BH_s05_medium,0,177,5.9,-1.5279778242111206,-0.38167242607346896
BH_s05_medium,0,178,5.933333333333334,-1.0456109046936035,-0.6892953188605889
BH_s05_medium,0,179,5.966666666666667,0.020093053579330444,-0.940521362776377
BH_s05_medium,0,180,6.0,1.494073510169983,-1.1514858647530595
BH_s05_medium,0,181,6.033333333333333,2.34629487991333,-1.322577332609203
BH_s05_medium,0,182,6.066666666666666,2.249781608581543,-1.4324886987999745
BH_s05_medium,0,183,6.1,1.5505239963531494,-1.4441683217146084
BH_s05_medium,0,184,6.133333333333334,0.6768620014190674,-1.3200515766883465
BH_s05_medium,0,185,6.166666666666667,-0.11412154883146286,-1.041270247604291
BH_s05_medium,0,186,6.2,-0.6442194581031799,-0.623477647118578
BH_s05_medium,0,187,6.233333333333333,-0.8356052041053772,-0.1216632144747119
BH_s05_medium,0,188,6.266666666666667,-0.6823780536651611,0.3805657801113241
BH_s05_medium,0,189,6.3,-0.41906651854515076,0.7951825749845126
BH_s05_medium,0,190,6.333333333333333,-0.1557549685239792,1.0578359675622244
BH_s05_medium,0,191,6.366666666666666,-0.20584741234779358,1.1470469629350342
BH_s05_medium,0,192,6.4,-0.2920006513595581,1.086028341093273
BH_s05_medium,0,193,6.433333333333334,-0.5553122162818909,0.9274189307707856
BH_s05_medium,0,194,6.466666666666667,-0.8186237215995789,0.7289107995433295
BH_s05_medium,0,195,6.5,-0.9933561086654663,0.530974412196303
BH_s05_medium,0,196,6.533333333333333,-1.1120953559875488,0.34592792299501024
BH_s05_medium,0,197,6.566666666666666,-0.5785214900970459,0.16195418904839942
BH_s05_medium,0,198,6.6,0.4485645294189453,-0.040967414546204936
BH_s05_medium,0,199,6.633333333333334,1.7489928007125854,-0.27124663627142925
BH_s05_medium,0,200,6.666666666666667,2.3887813091278076,-0.5114956827133881
BH_s05_medium,0,201,6.7,2.2109012603759766,-0.7167742267778913
BH_s05_medium,0,202,6.733333333333333,1.4266704320907593,-0.8263508327890702
BH_s05_medium,0,203,6.766666666666667,0.5530084371566772,-0.7844541795335529
BH_s05_medium,0,204,6.8,-0.15890276432037354,-0.562561016265736
BH_s05_medium,0,205,6.833333333333333,-0.6147802472114563,-0.1753475045212658
BH_s05_medium,0,206,6.866666666666666,-0.726044774055481,0.31626934934877915
BH_s05_medium,0,207,6.9,-0.5513123869895935,0.8177701153745636
BH_s05_medium,0,208,6.933333333333334,-0.28800082206726074,1.2259058457892797
BH_s05_medium,0,209,6.966666666666667,-0.22630372643470764,1.456967152810745
BH_s05_medium,0,210,7.0,-0.24833394587039948,1.468359693904685
BH_s05_medium,0,211,7.033333333333333,-0.4230663478374481,1.2664842427471004
BH_s05_medium,0,212,7.066666666666666,-0.5977987051010132,0.8994096088318352
BH_s05_medium,0,213,7.1,-0.861110270023346,0.43826739319568603
BH_s05_medium,0,214,7.133333333333334,-1.0358426570892334,-0.04526012199081158
BH_s05_medium,0,215,7.166666666666667,-1.1021947860717773,-0.49724385006180133
BH_s05_medium,0,216,7.2,-0.7204053997993469,-0.8894002095310671
BH_s05_medium,0,217,7.233333333333333,0.25193318724632263,-1.2147363381508833
BH_s05_medium,0,218,7.266666666666667,1.5610162019729614,-1.4746644793328527
BH_s05_medium,0,219,7.3,2.342688798904419,-1.6650616262314168
BH_s05_medium,0,220,7.333333333333333,2.258370876312256,-1.768514100580423
BH_s05_medium,0,221,7.366666666666666,1.6524784564971924,-1.7565883658721668
BH_s05_medium,0,222,7.4,0.7834715247154236,-1.601542904550861
BH_s05_medium,0,223,7.433333333333334,-0.011118076741695404,-1.292805723765088
BH_s05_medium,0,224,7.466666666666667,-0.4681756794452667,-0.8508190709401618
BH_s05_medium,0,225,7.5,-0.669199526309967,-0.3307704492300461
BH_s05_medium,0,226,7.533333333333333,-0.597404956817627,0.1879055980454178
BH_s05_medium,0,227,7.566666666666666,-0.4226725995540619,0.6239831898646964
BH_s05_medium,0,228,7.6,-0.24794019758701324,0.9197430363158144
BH_s05_medium,0,229,7.633333333333334,-0.29082047939300537,1.0575038557952328
BH_s05_medium,0,230,7.666666666666667,-0.4655528664588928,1.060268571045569
BH_s05_medium,0,231,7.7,-0.6402852535247803,0.9775467826773081
BH_s05_medium,0,232,7.733333333333333,-0.903596818447113,0.8639464924378257
BH_s05_medium,0,233,7.766666666666667,-1.0783292055130005,0.7601774792166632
BH_s05_medium,0,234,7.8,-1.2530616521835327,0.6835641908884423
BH_s05_medium,0,235,7.833333333333333,-1.189331293106079,0.6299073091367501
BH_s05_medium,0,236,7.866666666666666,-0.47256705164909363,0.5833291959002156
BH_s05_medium,0,237,7.9,0.7095157504081726,0.5279877928571259
BH_s05_medium,0,238,7.933333333333334,1.847275733947754,0.4562008077014431
BH_s05_medium,0,239,7.966666666666667,2.2539126873016357,0.37052279248435527
BH_s05_medium,1,0,1.0,-0.4920412003993988,0.1758808178175387
BH_s05_medium,1,1,1.0333333333333334,-0.3900866210460663,0.6304556228575384
BH_s05_medium,1,2,1.0666666666666667,-0.21535424888134003,1.02637965013651
BH_s05_medium,1,3,1.1,-0.0491454117000103,1.318390826734367
BH_s05_medium,1,4,1.1333333333333333,-0.0491454117000103,1.4778533794477822
BH_s05_medium,1,5,1.1666666666666667,-0.1450679749250412,1.4997400748505127
BH_s05_medium,1,6,1.2,-0.40470781922340393,1.404715434021356
BH_s05_medium,1,7,1.2333333333333334,-0.5794402360916138,1.2341003368301247
BH_s05_medium,1,8,1.2666666666666666,-0.8427517414093018,1.0381023783144832
BH_s05_medium,1,9,1.3,-0.9289050102233887,0.8604627783931021
BH_s05_medium,1,10,1.3333333333333333,-0.8548157811164856,0.7245285382146552
BH_s05_medium,1,11,1.3666666666666667,-0.10356471687555313,0.625835915181199
BH_s05_medium,1,12,1.4,1.0844844579696655,0.5343645361232062
BH_s05_medium,1,13,1.4333333333333333,2.2638132572174072,0.40642966755774507
BH_s05_medium,1,14,1.4666666666666666,2.6968085765838623,0.20285831721051428
BH_s05_medium,1,15,1.5,2.2476837635040283,-0.09245754420296243
BH_s05_medium,1,16,1.5333333333333334,1.4831886291503906,-0.46052627134296586
BH_s05_medium,1,17,1.5666666666666667,0.5840872526168823,-0.8472835583698575
BH_s05_medium,1,18,1.6,-0.08199387043714523,-1.1773487312058621
BH_s05_medium,1,19,1.6333333333333333,-0.520037829875946,-1.377731665017178
BH_s05_medium,1,20,1.6666666666666667,-0.669199526309967,-1.4027873940295539
BH_s05_medium,1,21,1.7,-0.5271843671798706,-1.250115013394275
BH_s05_medium,1,22,1.7333333333333334,-0.26387280225753784,-0.9604261657408281
BH_s05_medium,1,23,1.7666666666666666,-0.13772456347942352,-0.6014183470606396
BH_s05_medium,1,24,1.8,-0.18388281762599945,-0.2430673934975548
BH_s05_medium,1,25,1.8333333333333333,-0.3586151897907257,0.0644039811724583
BH_s05_medium,1,26,1.8666666666666667,-0.5333476066589355,0.30054266239194516
BH_s05_medium,1,27,1.9,-0.746960461139679,0.4697646305638012
BH_s05_medium,1,28,1.9333333333333333,-0.9713915586471558,0.5860932993986255
BH_s05_medium,1,29,1.9666666666666666,-1.1461238861083984,0.6567108104893659
BH_s05_medium,1,30,2.0,-1.1690717935562134,0.6730828590519604
BH_s05_medium,1,31,2.033333333333333,-0.5827181935310364,0.6139062787131534
BH_s05_medium,1,32,2.066666666666667,0.5191777944564819,0.45818310984284977
BH_s05_medium,1,33,2.1,1.7798080444335938,0.20188709714134176
BH_s05_medium,1,34,2.1333333333333333,2.342491865158081,-0.1301849691393692
BH_s05_medium,1,35,2.1666666666666665,2.0874414443969727,-0.48384513625964687
BH_s05_medium,1,36,2.2,1.2828855514526367,-0.7876168121574704
BH_s05_medium,1,37,2.2333333333333334,0.4092235863208771,-0.9730046939148365
BH_s05_medium,1,38,2.2666666666666666,-0.2628895044326782,-0.9946430786063516
BH_s05_medium,1,39,2.3,-0.7675480246543884,-0.8425548257499873
BH_s05_medium,1,40,2.3333333333333335,-0.8463578224182129,-0.543307038579485
BH_s05_medium,1,41,2.3666666666666667,-0.6642820239067078,-0.15174919089799763
BH_s05_medium,1,42,2.4,-0.4009704887866974,0.26297852633124946
BH_s05_medium,1,43,2.433333333333333,-0.31488287448883057,0.6336066027695361
BH_s05_medium,1,44,2.466666666666667,-0.31488287448883057,0.9096117911297962
BH_s05_medium,1,45,2.5,-0.4872549772262573,1.0670175539098377
BH_s05_medium,1,46,2.533333333333333,-0.8319334983825684,1.1096216063267315
BH_s05_medium,1,47,2.566666666666667,-1.092819094657898,1.0605947465179777
BH_s05_medium,1,48,2.6,-1.2771896123886108,0.9479056157390896
BH_s05_medium,1,49,2.6333333333333333,-1.451922059059143,0.790460137410758
BH_s05_medium,1,50,2.6666666666666665,-1.3947486877441406,0.5913475520990841
BH_s05_medium,1,51,2.7,-0.6966711282730103,0.3409190203099966
BH_s05_medium,1,52,2.7333333333333334,0.48534607887268066,0.028080124751574752
BH_s05_medium,1,53,2.7666666666666666,1.7544342279434204,-0.3450733938799486
BH_s05_medium,1,54,2.8,2.404451370239258,-0.7514609769992299
BH_s05_medium,1,55,2.8333333333333335,2.1043572425842285,-1.1355391167716313
BH_s05_medium,1,56,2.8666666666666667,1.3483200073242188,-1.4212131528471965
BH_s05_medium,1,57,2.9,0.5293397903442383,-1.530529869080069
BH_s05_medium,1,58,2.933333333333333,-0.065078005194664,-1.4083606758859932
BH_s05_medium,1,59,2.966666666666667,-0.45329198241233826,-1.0449912781097979
BH_s05_medium,1,60,3.0,-0.5332163572311401,-0.4876779628089444
BH_s05_medium,1,61,3.033333333333333,-0.3135058581829071,0.1651138607574449
BH_s05_medium,1,62,3.066666666666667,-0.09517240524291992,0.7871262875677504
BH_s05_medium,1,63,3.1,-0.0491454117000103,1.2585270421136412
BH_s05_medium,1,64,3.1333333333333333,-0.0491454117000103,1.4988685722347455
BH_s05_medium,1,65,3.1666666666666665,-0.17299894988536835,1.4867692161375592
BH_s05_medium,1,66,3.2,-0.4363104999065399,1.2601445215780946
BH_s05_medium,1,67,3.2333333333333334,-0.641465425491333,0.8984097685835468
BH_s05_medium,1,68,3.2666666666666666,-0.8743544220924377,0.49333418639823134
BH_s05_medium,1,69,3.3,-0.9093663096427917,0.11844893456116858
BH_s05_medium,1,70,3.3333333333333335,-0.46489661931991577,-0.19135483287500346
BH_s05_medium,1,71,3.3666666666666667,0.5595009326934814,-0.44136252632172485
BH_s05_medium,1,72,3.4,1.8321951627731323,-0.6600308708899386
BH_s05_medium,1,73,3.433333333333333,2.624096393585205,-0.8731028842193003
BH_s05_medium,1,74,3.466666666666667,2.4793269634246826,-1.081792880064266
BH_s05_medium,1,75,3.5,1.755941390991211,-1.2548266944613362
BH_s05_medium,1,76,3.533333333333333,0.8822793960571289,-1.3375394900210646
BH_s05_medium,1,77,3.566666666666667,0.10952313989400864,-1.2740526721484913
BH_s05_medium,1,78,3.6,-0.4071993827819824,-1.0331592377791798
BH_s05_medium,1,79,3.6333333333333333,-0.5793089866638184,-0.6269829027355338
BH_s05_medium,1,80,3.6666666666666665,-0.4045765697956085,-0.11440631669182974
BH_s05_medium,1,81,3.7,-0.14126501977443695,0.412758217607362
BH_s05_medium,1,82,3.7333333333333334,-0.0491454117000103,0.8562758450262296
BH_s05_medium,1,83,3.7666666666666666,-0.0491454117000103,1.1409521111959626
BH_s05_medium,1,84,3.8,-0.12690633535385132,1.2355505629746926
BH_s05_medium,1,85,3.8333333333333335,-0.3769737184047699,1.1570170250081209
BH_s05_medium,1,86,3.8666666666666667,-0.5649502873420715,0.9576704974036968
BH_s05_medium,1,87,3.9,-0.739682674407959,0.7025533178321172
BH_s05_medium,1,88,3.933333333333333,-0.9144150614738464,0.44690575033747554
BH_s05_medium,1,89,3.966666666666667,-0.7380431294441223,0.2216952942782438
BH_s05_medium,1,90,4.0,0.06434927135705948,0.030785569897209646
BH_s05_medium,1,91,4.033333333333333,1.3228815793991089,-0.14098536372969042
BH_s05_medium,1,92,4.066666666666666,2.398747682571411,-0.3126075329009852
BH_s05_medium,1,93,4.1,2.5523018836975098,-0.49042330508032694
BH_s05_medium,1,94,4.133333333333334,1.9864044189453125,-0.657323123534979
BH_s05_medium,1,95,4.166666666666667,1.11274254322052,-0.7731877578248927
BH_s05_medium,1,96,4.2,0.23908056318759918,-0.7875788399458575
BH_s05_medium,1,97,4.233333333333333,-0.2763961851596832,-0.6603057680987823
BH_s05_medium,1,98,4.266666666666667,-0.624418318271637,-0.3821762118872715
BH_s05_medium,1,99,4.3,-0.627827525138855,0.012535098882530231
BH_s05_medium,1,100,4.333333333333333,-0.3645159602165222,0.4487220749964129
BH_s05_medium,1,101,4.366666666666666,-0.13772456347942352,0.8299515699697927
BH_s05_medium,1,102,4.4,-0.08323964476585388,1.068728679826083
BH_s05_medium,1,103,4.433333333333334,-0.16939286887645721,1.1152090188133121
BH_s05_medium,1,104,4.466666666666667,-0.4327044188976288,0.9719550393689588
BH_s05_medium,1,105,4.5,-0.6074368357658386,0.6886980979389642
BH_s05_medium,1,106,4.533333333333333,-0.8707483410835266,0.34051604156750154
BH_s05_medium,1,107,4.566666666666666,-1.045480728149414,-5.8304047370540124e-05
BH_s05_medium,1,108,4.6,-1.0925565958023071,-0.28542948656922695
BH_s05_medium,1,109,4.633333333333334,-0.6722149848937988,-0.5021401567624584
BH_s05_medium,1,110,4.666666666666667,0.3340865671634674,-0.664876774900623
BH_s05_medium,1,111,4.7,1.7074239253997803,-0.7990078732659527
BH_s05_medium,1,112,4.733333333333333,2.5196502208709717,-0.9198795699776801
BH_s05_medium,1,113,4.766666666666667,2.401434898376465,-1.0184495305420622
BH_s05_medium,1,114,4.8,1.6089431047439575,-1.0600487060262387
BH_s05_medium,1,115,4.833333333333333,0.7352811098098755,-0.9974260181374436
BH_s05_medium,1,116,4.866666666666666,-0.04953916370868683,-0.7931958664231162
BH_s05_medium,1,117,4.9,-0.573736310005188,-0.4424917591663163
BH_s05_medium,1,118,4.933333333333334,-0.7577787041664124,0.014397394582842057
BH_s05_medium,1,119,4.966666666666667,-0.6763460636138916,0.4964835366113842
BH_s05_medium,1,120,5.0,-0.4226069748401642,0.903974050676988
BH_s05_medium,1,121,5.033333333333333,-0.31488287448883057,1.150199924892691
BH_s05_medium,1,122,5.066666666666666,-0.3004585802555084,1.1908890889687362
BH_s05_medium,1,123,5.1,-0.4751909673213959,1.0382710498608165
BH_s05_medium,1,124,5.133333333333334,-0.6499233245849609,0.7537897096373721
BH_s05_medium,1,125,5.166666666666667,-0.9132348895072937,0.42271010091389616
BH_s05_medium,1,126,5.2,-1.0879672765731812,0.12194801357450352
BH_s05_medium,1,127,5.233333333333333,-1.28925359249115,-0.10508415533456725
BH_s05_medium,1,128,5.266666666666667,-1.229654312133789,-0.25709531252960977
BH_s05_medium,1,129,5.3,-0.5033177137374878,-0.36524632408171803
BH_s05_medium,1,130,5.333333333333333,0.6545714735984802,-0.47046196575464183
BH_s05_medium,1,131,5.366666666666666,1.8592084646224976,-0.5975376878572147
BH_s05_medium,1,132,5.4,2.2539126873016357,-0.7372931610803292
BH_s05_medium,1,133,5.433333333333334,1.886875867843628,-0.84509050411186
BH_s05_medium,1,134,5.466666666666667,1.054323434829712,-0.8569411406786697
BH_s05_medium,1,135,5.5,0.13470005989074707,-0.7166947362850568
BH_s05_medium,1,136,5.533333333333333,-0.5642294883728027,-0.40331949983039167
BH_s05_medium,1,137,5.566666666666666,-0.9727029204368591,0.05278336384922434
BH_s05_medium,1,138,5.6,-1.0767552852630615,0.5717204442959448
BH_s05_medium,1,139,5.633333333333334,-0.8134437799453735,1.0449480285852033
BH_s05_medium,1,140,5.666666666666667,-0.5501322150230408,1.3680779376744325
BH_s05_medium,1,141,5.7,-0.4034620523452759,1.4735156957783313
BH_s05_medium,1,142,5.733333333333333,-0.5176774859428406,1.3506142744580951
BH_s05_medium,1,143,5.766666666666667,-0.7156202793121338,1.0457587413649456
BH_s05_medium,1,144,5.8,-0.9765058755874634,0.6424686580910081
BH_s05_medium,1,145,5.833333333333333,-1.2190330028533936,0.22961228993355884
BH_s05_medium,1,146,5.866666666666666,-1.3937653303146362,-0.12888749712459277
BH_s05_medium,1,147,5.9,-1.5279778242111206,-0.41004367959752563
BH_s05_medium,1,148,5.933333333333334,-1.0456109046936035,-0.6277305026293707
BH_s05_medium,1,149,5.966666666666667,0.020093053579330444,-0.8125230536235899
BH_s05_medium,1,150,6.0,1.494073510169983,-0.9865626045935464
BH_s05_medium,1,151,6.033333333333333,2.34629487991333,-1.1456894812096021
BH_s05_medium,1,152,6.066666666666666,2.249781608581543,-1.2562282804582292
BH_s05_medium,1,153,6.1,1.5505239963531494,-1.2667585129216472
BH_s05_medium,1,154,6.133333333333334,0.6768620014190674,-1.1298848044084953
BH_s05_medium,1,155,6.166666666666667,-0.11412154883146286,-0.8260448664784255
BH_s05_medium,1,156,6.2,-0.6442194581031799,-0.3801766082796718
BH_s05_medium,1,157,6.233333333333333,-0.8356052041053772,0.13667891070553922
BH_s05_medium,1,158,6.266666666666667,-0.6823780536651611,0.6241342165796468
BH_s05_medium,1,159,6.3,-0.41906651854515076,0.9832870383909444
BH_s05_medium,1,160,6.333333333333333,-0.1557549685239792,1.1496172790324513
BH_s05_medium,1,161,6.366666666666666,-0.20584741234779358,1.1133872321540583
BH_s05_medium,1,162,6.4,-0.2920006513595581,0.9186020348160993
BH_s05_medium,1,163,6.433333333333334,-0.5553122162818909,0.6418725291833874
BH_s05_medium,1,164,6.466666666666667,-0.8186237215995789,0.36135262849881
BH_s05_medium,1,165,6.5,-0.9933561086654663,0.12931329055396706
BH_s05_medium,1,166,6.533333333333333,-1.1120953559875488,-0.04096727344881299
BH_s05_medium,1,167,6.566666666666666,-0.5785214900970459,-0.1702003641309656
BH_s05_medium,1,168,6.6,0.4485645294189453,-0.29362670725105366
BH_s05_medium,1,169,6.633333333333334,1.7489928007125854,-0.43628718708401487
BH_s05_medium,1,170,6.666666666666667,2.3887813091278076,-0.5941856329272244
BH_s05_medium,1,171,6.7,2.2109012603759766,-0.7298164914996129
BH_s05_medium,1,172,6.733333333333333,1.4266704320907593,-0.783982061358064
BH_s05_medium,1,173,6.766666666666667,0.5530084371566772,-0.6990200546360524
BH_s05_medium,1,174,6.8,-0.15890276432037354,-0.44474379688311927
BH_s05_medium,1,175,6.833333333333333,-0.6147802472114563,-0.03750552295841701
BH_s05_medium,1,176,6.866666666666666,-0.726044774055481,0.455932115573133
BH_s05_medium,1,177,6.9,-0.5513123869895935,0.9334243151917442
BH_s05_medium,1,178,6.933333333333334,-0.28800082206726074,1.287183026194498
BH_s05_medium,1,179,6.966666666666667,-0.22630372643470764,1.4369755926783434
BH_s05_medium,1,180,7.0,-0.24833394587039948,1.3537619728946781
BH_s05_medium,1,181,7.033333333333333,-0.4230663478374481,1.0650215194701464
BH_s05_medium,1,182,7.066666666666666,-0.5977987051010132,0.6409611556701375
BH_s05_medium,1,183,7.1,-0.861110270023346,0.1684595178055401
BH_s05_medium,1,184,7.133333333333334,-1.0358426570892334,-0.2763878780754197
BH_s05_medium,1,185,7.166666666666667,-1.1021947860717773,-0.6468348087672336
BH_s05_medium,1,186,7.2,-0.7204053997993469,-0.929170837413565
BH_s05_medium,1,187,7.233333333333333,0.25193318724632263,-1.1319458598334284
BH_s05_medium,1,188,7.266666666666667,1.5610162019729614,-1.267371409809942
BH_s05_medium,1,189,7.3,2.342688798904419,-1.3347428262886347
BH_s05_medium,1,190,7.333333333333333,2.258370876312256,-1.3142784692920586
BH_s05_medium,1,191,7.366666666666666,1.6524784564971924,-1.1746503461116118
BH_s05_medium,1,192,7.4,0.7834715247154236,-0.8911576669548922
BH_s05_medium,1,193,7.433333333333334,-0.011118076741695404,-0.4664388170461472
BH_s05_medium,1,194,7.466666666666667,-0.4681756794452667,0.05628245392731829
BH_s05_medium,1,195,7.5,-0.669199526309967,0.5952645460773474
BH_s05_medium,1,196,7.533333333333333,-0.597404956817627,1.049630872143923
BH_s05_medium,1,197,7.566666666666666,-0.4226725995540619,1.3302337376431699
BH_s05_medium,1,198,7.6,-0.24794019758701324,1.389573917866929
BH_s05_medium,1,199,7.633333333333334,-0.29082047939300537,1.2373724012731668
BH_s05_medium,1,200,7.666666666666667,-0.4655528664588928,0.9347813619752925
BH_s05_medium,1,201,7.7,-0.6402852535247803,0.5701264111693966
BH_s05_medium,1,202,7.733333333333333,-0.903596818447113,0.22682751962585346
BH_s05_medium,1,203,7.766666666666667,-1.0783292055130005,-0.04335718174792489
BH_s05_medium,1,204,7.8,-1.2530616521835327,-0.23169167891931056
BH_s05_medium,1,205,7.833333333333333,-1.189331293106079,-0.36514976378952163
BH_s05_medium,1,206,7.866666666666666,-0.47256705164909363,-0.4847268891684882
BH_s05_medium,1,207,7.9,0.7095157504081726,-0.6191698492487692
BH_s05_medium,1,208,7.933333333333334,1.847275733947754,-0.7654453968071129
BH_s05_medium,1,209,7.966666666666667,2.2539126873016357,-0.8844846246404247
BH_s05_medium,1,210,8.0,1.8368489742279053,-0.9147105096802314
BH_s05_medium,1,211,8.033333333333333,1.01393461227417,-0.7986655583153037
BH_s05_medium,1,212,8.066666666666666,0.1732524037361145,-0.5122516180085759
BH_s05_medium,1,213,8.1,-0.4370979964733124,-0.08401441906252514
BH_s05_medium,1,214,8.133333333333333,-0.8744856715202332,0.4051208710973376
BH_s05_medium,1,215,8.166666666666666,-0.9092350602149963,0.843616575584844
BH_s05_medium,1,216,8.2,-0.7345026731491089,1.1249714903378056
BH_s05_medium,1,217,8.233333333333333,-0.5597702860832214,1.1831157298420305
BH_s05_medium,1,218,8.266666666666667,-0.5104653239250183,1.0136469115534454
BH_s05_medium,1,219,8.3,-0.6851977109909058,0.6731449174728188
BH_s05_medium,1,220,8.333333333333334,-0.9485092759132385,0.2574972719391685
BH_s05_medium,1,221,8.366666666666667,-1.2118208408355713,-0.13179547504618927
BH_s05_medium,1,222,8.4,-1.3952736854553223,-0.4198263614099343
BH_s05_medium,1,223,8.433333333333334,-1.6435703039169312,-0.5768261890157683
BH_s05_medium,1,224,8.466666666666667,-1.6397017240524292,-0.6178179065649794
BH_s05_medium,1,225,8.5,-1.1920185089111328,-0.5863845972878335
BH_s05_medium,1,226,8.533333333333333,-0.0560283437371254,-0.5306646723274095
BH_s05_medium,1,227,8.566666666666666,1.255677580833435,-0.4810759144166426
BH_s05_medium,1,228,8.6,2.059248924255371,-0.43804254966710066
BH_s05_medium,1,229,8.633333333333333,1.835800051689148,-0.37439224578795677
BH_s05_medium,1,230,8.666666666666666,1.1558185815811157,-0.25148889210831027
BH_s05_medium,1,231,8.7,0.2821566164493561,-0.04233516323900132
BH_s05_medium,1,232,8.733333333333333,-0.35684552788734436,0.24866484502591021
BH_s05_medium,1,233,8.766666666666667,-0.8990074396133423,0.5785753748171159
BH_s05_medium,1,234,8.8,-1.0235161781311035,0.8750104187796213
BH_s05_medium,1,235,8.833333333333334,-0.8034119009971619,1.057876274073427
BH_s05_medium,1,236,8.866666666666667,-0.5425263047218323,1.06547687285017
BH_s05_medium,1,237,8.9,-0.4034620523452759,0.8756268121917266
BH_s05_medium,1,238,8.933333333333334,-0.4034620523452759,0.514643570585145
BH_s05_medium,1,239,8.966666666666667,-0.604158878326416,0.051736634921904126
BH_s05_medium,2,0,2.0,-1.1690717935562134,0.01373702637457851
BH_s05_medium,2,1,2.033333333333333,-0.5827181935310364,0.34827482724015946
BH_s05_medium,2,2,2.066666666666667,0.5191777944564819,0.6114550477828881
BH_s05_medium,2,3,2.1,1.7798080444335938,0.7576833798086269
BH_s05_medium,2,4,2.1333333333333333,2.342491865158081,0.7819293443567414
BH_s05_medium,2,5,2.1666666666666665,2.0874414443969727,0.7207069498180555
BH_s05_medium,2,6,2.2,1.2828855514526367,0.6366896623687467
BH_s05_medium,2,7,2.2333333333333334,0.4092235863208771,0.593339290153231
BH_s05_medium,2,8,2.2666666666666666,-0.2628895044326782,0.630748822526603
BH_s05_medium,2,9,2.3,-0.7675480246543884,0.7525875440731059
BH_s05_medium,2,10,2.3333333333333335,-0.8463578224182129,0.9274452693787526
BH_s05_medium,2,11,2.3666666666666667,-0.6642820239067078,1.101096924603496
BH_s05_medium,2,12,2.4,-0.4009704887866974,1.2136872529409726
BH_s05_medium,2,13,2.433333333333333,-0.31488287448883057,1.2168333859731189
BH_s05_medium,2,14,2.466666666666667,-0.31488287448883057,1.0871883677627532
BH_s05_medium,2,15,2.5,-0.4872549772262573,0.8336230291162554
BH_s05_medium,2,16,2.533333333333333,-0.8319334983825684,0.49537056032432597
BH_s05_medium,2,17,2.566666666666667,-1.092819094657898,0.13023831219955773
BH_s05_medium,2,18,2.6,-1.2771896123886108,-0.20392048851425978
BH_s05_medium,2,19,2.6333333333333333,-1.451922059059143,-0.4676149862637437
BH_s05_medium,2,20,2.6666666666666665,-1.3947486877441406,-0.6508843897336384
BH_s05_medium,2,21,2.7,-0.6966711282730103,-0.7730239725380552
BH_s05_medium,2,22,2.7333333333333334,0.48534607887268066,-0.8708885425052234
BH_s05_medium,2,23,2.7666666666666666,1.7544342279434204,-0.9798587852682297
BH_s05_medium,2,24,2.8,2.404451370239258,-1.114404748857015
BH_s05_medium,2,25,2.8333333333333335,2.1043572425842285,-1.2559166845246688
BH_s05_medium,2,26,2.8666666666666667,1.3483200073242188,-1.353599141730907
BH_s05_medium,2,27,2.9,0.5293397903442383,-1.3399109683470565
BH_s05_medium,2,28,2.933333333333333,-0.065078005194664,-1.1563973956286353
BH_s05_medium,2,29,2.966666666666667,-0.45329198241233826,-0.7809137923066247
BH_s05_medium,2,30,3.0,-0.5332163572311401,-0.24537168991199373
BH_s05_medium,2,31,3.033333333333333,-0.3135058581829071,0.36455654585551905
BH_s05_medium,2,32,3.066666666666667,-0.09517240524291992,0.9301058560901887
BH_s05_medium,2,33,3.1,-0.0491454117000103,1.334497127522025
BH_s05_medium,2,34,3.1333333333333333,-0.0491454117000103,1.4994739768445806
BH_s05_medium,2,35,3.1666666666666665,-0.17299894988536835,1.4088351815694349
BH_s05_medium,2,36,3.2,-0.4363104999065399,1.1101074610649198
BH_s05_medium,2,37,3.2333333333333334,-0.641465425491333,0.6946947739274565
BH_s05_medium,2,38,3.2666666666666666,-0.8743544220924377,0.2647296863735507
BH_s05_medium,2,39,3.3,-0.9093663096427917,-0.1006779008507836
BH_s05_medium,2,40,3.3333333333333335,-0.46489661931991577,-0.36679347318660344
BH_s05_medium,2,41,3.3666666666666667,0.5595009326934814,-0.5441714056348005
BH_s05_medium,2,42,3.4,1.8321951627731323,-0.670360148431398
BH_s05_medium,2,43,3.433333333333333,2.624096393585205,-0.7822680156311682
BH_s05_medium,2,44,3.466666666666667,2.4793269634246826,-0.8922693339406061
BH_s05_medium,2,45,3.5,1.755941390991211,-0.9784012287743361
BH_s05_medium,2,46,3.533333333333333,0.8822793960571289,-0.992542355442476
BH_s05_medium,2,47,3.566666666666667,0.10952313989400864,-0.8828834626866127
BH_s05_medium,2,48,3.6,-0.4071993827819824,-0.6209408887359383
BH_s05_medium,2,49,3.6333333333333333,-0.5793089866638184,-0.22126684184122183
BH_s05_medium,2,50,3.6666666666666665,-0.4045765697956085,0.2550879973072124
BH_s05_medium,2,51,3.7,-0.14126501977443695,0.7156739867295212
BH_s05_medium,2,52,3.7333333333333334,-0.0491454117000103,1.0649901976062517
BH_s05_medium,2,53,3.7666666666666666,-0.0491454117000103,1.2351325281959098
BH_s05_medium,2,54,3.8,-0.12690633535385132,1.206538406920328
BH_s05_medium,2,55,3.8333333333333335,-0.3769737184047699,1.0107374021155977
BH_s05_medium,2,56,3.8666666666666667,-0.5649502873420715,0.7150281452724753
BH_s05_medium,2,57,3.9,-0.739682674407959,0.3965985084300302
BH_s05_medium,2,58,3.933333333333333,-0.9144150614738464,0.11686410617652641
BH_s05_medium,2,59,3.966666666666667,-0.7380431294441223,-0.0947499962829322
BH_s05_medium,2,60,4.0,0.06434927135705948,-0.2429215177372667
BH_s05_medium,2,61,4.033333333333333,1.3228815793991089,-0.3551274129450759
BH_s05_medium,2,62,4.066666666666666,2.398747682571411,-0.4620322884183176
BH_s05_medium,2,63,4.1,2.5523018836975098,-0.5774767297763521
BH_s05_medium,2,64,4.133333333333334,1.9864044189453125,-0.6866107662595983
BH_s05_medium,2,65,4.166666666666667,1.11274254322052,-0.7479913297017357
BH_s05_medium,2,66,4.2,0.23908056318759918,-0.7095052152171308
BH_s05_medium,2,67,4.233333333333333,-0.2763961851596832,-0.531924937123215
BH_s05_medium,2,68,4.266666666666667,-0.624418318271637,-0.21090504180119882
BH_s05_medium,2,69,4.3,-0.627827525138855,0.21153615439376555
BH_s05_medium,2,70,4.333333333333333,-0.3645159602165222,0.6522767426679309
BH_s05_medium,2,71,4.366666666666666,-0.13772456347942352,1.0096258560904607
BH_s05_medium,2,72,4.4,-0.08323964476585388,1.1958239219948763
BH_s05_medium,2,73,4.433333333333334,-0.16939286887645721,1.1664971619162712
BH_s05_medium,2,74,4.466666666666667,-0.4327044188976288,0.9345778920731075
BH_s05_medium,2,75,4.5,-0.6074368357658386,0.5630229911600438
BH_s05_medium,2,76,4.533333333333333,-0.8707483410835266,0.14032054537142338
BH_s05_medium,2,77,4.566666666666666,-1.045480728149414,-0.250080387038797
BH_s05_medium,2,78,4.6,-1.0925565958023071,-0.5542592188083802
BH_s05_medium,2,79,4.633333333333334,-0.6722149848937988,-0.7580603526800572
BH_s05_medium,2,80,4.666666666666667,0.3340865671634674,-0.8808253552337
BH_s05_medium,2,81,4.7,1.7074239253997803,-0.956421176106436
BH_s05_medium,2,82,4.733333333333333,2.5196502208709717,-1.010196229460078
BH_s05_medium,2,83,4.766666666666667,2.401434898376465,-1.042126025512689
BH_s05_medium,2,84,4.8,1.6089431047439575,-1.0237228476916254
BH_s05_medium,2,85,4.833333333333333,0.7352811098098755,-0.9104361461655425
BH_s05_medium,2,86,4.866666666666666,-0.04953916370868683,-0.6647082843335982
BH_s05_medium,2,87,4.9,-0.573736310005188,-0.2800055948634662
BH_s05_medium,2,88,4.933333333333334,-0.7577787041664124,0.20507500695723466
BH_s05_medium,2,89,4.966666666666667,-0.6763460636138916,0.7101659939952869
BH_s05_medium,2,90,5.0,-0.4226069748401642,1.1343859568313837
BH_s05_medium,2,91,5.033333333333333,-0.31488287448883057,1.3880566782273678
BH_s05_medium,2,92,5.066666666666666,-0.3004585802555084,1.42243248401038
BH_s05_medium,2,93,5.1,-0.4751909673213959,1.2452444373177298
BH_s05_medium,2,94,5.133333333333334,-0.6499233245849609,0.9155869820235479
BH_s05_medium,2,95,5.166666666666667,-0.9132348895072937,0.520459192929533
BH_s05_medium,2,96,5.2,-1.0879672765731812,0.14316953777992236
BH_s05_medium,2,97,5.233333333333333,-1.28925359249115,-0.1630971072497541
BH_s05_medium,2,98,5.266666666666667,-1.229654312133789,-0.38649695423918756
BH_s05_medium,2,99,5.3,-0.5033177137374878,-0.5495558145806393
BH_s05_medium,2,100,5.333333333333333,0.6545714735984802,-0.6881976401656156
BH_s05_medium,2,101,5.366666666666666,1.8592084646224976,-0.826203825463646
BH_s05_medium,2,102,5.4,2.2539126873016357,-0.9566321997691087
BH_s05_medium,2,103,5.433333333333334,1.886875867843628,-1.0390731208643196
BH_s05_medium,2,104,5.466666666666667,1.054323434829712,-1.014426443343652
BH_s05_medium,2,105,5.5,0.13470005989074707,-0.8309477019506456
BH_s05_medium,2,106,5.533333333333333,-0.5642294883728027,-0.47076850506942725
BH_s05_medium,2,107,5.566666666666666,-0.9727029204368591,0.03393992947478164
BH_s05_medium,2,108,5.6,-1.0767552852630615,0.602296430640352
BH_s05_medium,2,109,5.633333333333334,-0.8134437799453735,1.1242976725202318
BH_s05_medium,2,110,5.666666666666667,-0.5501322150230408,1.4922563008405645
BH_s05_medium,2,111,5.7,-0.4034620523452759,1.6328210532257093
BH_s05_medium,2,112,5.733333333333333,-0.5176774859428406,1.5280763294877155
BH_s05_medium,2,113,5.766666666666667,-0.7156202793121338,1.218240802630545
BH_s05_medium,2,114,5.8,-0.9765058755874634,0.7849813812958121
BH_s05_medium,2,115,5.833333333333333,-1.2190330028533936,0.32166221790895794
BH_s05_medium,2,116,5.866666666666666,-1.3937653303146362,-0.0973894258455945
BH_s05_medium,2,117,5.9,-1.5279778242111206,-0.43584739246165743
BH_s05_medium,2,118,5.933333333333334,-1.0456109046936035,-0.6957177223332811
BH_s05_medium,2,119,5.966666666666667,0.020093053579330444,-0.9012540372314455
BH_s05_medium,2,120,6.0,1.494073510169983,-1.0758111938372459
BH_s05_medium,2,121,6.033333333333333,2.34629487991333,-1.222933387725707
BH_s05_medium,2,122,6.066666666666666,2.249781608581543,-1.319510738646559
BH_s05_medium,2,123,6.1,1.5505239963531494,-1.322923985871411
BH_s05_medium,2,124,6.133333333333334,0.6768620014190674,-1.1889946996196703
BH_s05_medium,2,125,6.166666666666667,-0.11412154883146286,-0.8941192136182624
BH_s05_medium,2,126,6.2,-0.6442194581031799,-0.4531077098549662
BH_s05_medium,2,127,6.233333333333333,-0.8356052041053772,0.07524705781899013
BH_s05_medium,2,128,6.266666666666667,-0.6823780536651611,0.5991944682247439
BH_s05_medium,2,129,6.3,-0.41906651854515076,1.0194994189619808
BH_s05_medium,2,130,6.333333333333333,-0.1557549685239792,1.2601540523582282
BH_s05_medium,2,131,6.366666666666666,-0.20584741234779358,1.2916257994308589
BH_s05_medium,2,132,6.4,-0.2920006513595581,1.136849066531515
BH_s05_medium,2,133,6.433333333333334,-0.5553122162818909,0.8579614815457323
BH_s05_medium,2,134,6.466666666666667,-0.8186237215995789,0.5303356591944396
BH_s05_medium,2,135,6.5,-0.9933561086654663,0.21559175178594936
BH_s05_medium,2,136,6.533333333333333,-1.1120953559875488,-0.05527482155294494
BH_s05_medium,2,137,6.566666666666666,-0.5785214900970459,-0.28279797325153994
BH_s05_medium,2,138,6.6,0.4485645294189453,-0.48530658932009163
BH_s05_medium,2,139,6.633333333333334,1.7489928007125854,-0.6780517069762603
BH_s05_medium,2,140,6.666666666666667,2.3887813091278076,-0.8555142083072708
BH_s05_medium,2,141,6.7,2.2109012603759766,-0.9853496378388339
BH_s05_medium,2,142,6.733333333333333,1.4266704320907593,-1.0166665093836833
BH_s05_medium,2,143,6.766666666666667,0.5530084371566772,-0.8990751094547281
BH_s05_medium,2,144,6.8,-0.15890276432037354,-0.6052721018903291
BH_s05_medium,2,145,6.833333333333333,-0.6147802472114563,-0.14891810382504786
BH_s05_medium,2,146,6.866666666666666,-0.726044774055481,0.40954926103893247
BH_s05_medium,2,147,6.9,-0.5513123869895935,0.9730577456446305
BH_s05_medium,2,148,6.933333333333334,-0.28800082206726074,1.4318529679191108
BH_s05_medium,2,149,6.966666666666667,-0.22630372643470764,1.6933078395830603
BH_s05_medium,2,150,7.0,-0.24833394587039948,1.707194060926762
BH_s05_medium,2,151,7.033333333333333,-0.4230663478374481,1.4777599547385807
BH_s05_medium,2,152,7.066666666666666,-0.5977987051010132,1.058866483855069
BH_s05_medium,2,153,7.1,-0.861110270023346,0.5346517360644645
BH_s05_medium,2,154,7.133333333333334,-1.0358426570892334,-0.006536446666478128
BH_s05_medium,2,155,7.166666666666667,-1.1021947860717773,-0.4950402266856785
BH_s05_medium,2,156,7.2,-0.7204053997993469,-0.8916998375481711
BH_s05_medium,2,157,7.233333333333333,0.25193318724632263,-1.1858555066710639
BH_s05_medium,2,158,7.266666666666667,1.5610162019729614,-1.3829311202441723
BH_s05_medium,2,159,7.3,2.342688798904419,-1.4890773364958785
BH_s05_medium,2,160,7.333333333333333,2.258370876312256,-1.5006034025700183
BH_s05_medium,2,161,7.366666666666666,1.6524784564971924,-1.402885840794213
BH_s05_medium,2,162,7.4,0.7834715247154236,-1.1789462530418215
BH_s05_medium,2,163,7.433333333333334,-0.011118076741695404,-0.8236800405645803
BH_s05_medium,2,164,7.466666666666667,-0.4681756794452667,-0.3571219652672683
BH_s05_medium,2,165,7.5,-0.669199526309967,0.1700529407070269
BH_s05_medium,2,166,7.533333333333333,-0.597404956817627,0.6830982057675734
BH_s05_medium,2,167,7.566666666666666,-0.4226725995540619,1.1011895058767525
BH_s05_medium,2,168,7.6,-0.24794019758701324,1.3604114564016037
BH_s05_medium,2,169,7.633333333333334,-0.29082047939300537,1.432104867404107
BH_s05_medium,2,170,7.666666666666667,-0.4655528664588928,1.3287617499633586
BH_s05_medium,2,171,7.7,-0.6402852535247803,1.095380247804797
BH_s05_medium,2,172,7.733333333333333,-0.903596818447113,0.7906455312205184
BH_s05_medium,2,173,7.766666666666667,-1.0783292055130005,0.46639479226051284
BH_s05_medium,2,174,7.8,-1.2530616521835327,0.15383232157799454
BH_s05_medium,2,175,7.833333333333333,-1.189331293106079,-0.1386485946567689
BH_s05_medium,2,176,7.866666666666666,-0.47256705164909363,-0.41647955358484995
BH_s05_medium,2,177,7.9,0.7095157504081726,-0.6839023885475931
BH_s05_medium,2,178,7.933333333333334,1.847275733947754,-0.9303357010239353
BH_s05_medium,2,179,7.966666666666667,2.2539126873016357,-1.124717723990149
BH_s05_medium,2,180,8.0,1.8368489742279053,-1.2210122113139161
BH_s05_medium,2,181,8.033333333333333,1.01393461227417,-1.1734762171203463
BH_s05_medium,2,182,8.066666666666666,0.1732524037361145,-0.9562190052552065
BH_s05_medium,2,183,8.1,-0.4370979964733124,-0.5793592458183145
BH_s05_medium,2,184,8.133333333333333,-0.8744856715202332,-0.09455743797679633
BH_s05_medium,2,185,8.166666666666666,-0.9092350602149963,0.4138552335099433
BH_s05_medium,2,186,8.2,-0.7345026731491089,0.8503766059458017
BH_s05_medium,2,187,8.233333333333333,-0.5597702860832214,1.1353537491040209
BH_s05_medium,2,188,8.266666666666667,-0.5104653239250183,1.2277535244896574
BH_s05_medium,2,189,8.3,-0.6851977109909058,1.1350505819859946
BH_s05_medium,2,190,8.333333333333334,-0.9485092759132385,0.906292844956604
BH_s05_medium,2,191,8.366666666666667,-1.2118208408355713,0.6112752055110945
BH_s05_medium,2,192,8.4,-1.3952736854553223,0.3150379704066814
BH_s05_medium,2,193,8.433333333333334,-1.6435703039169312,0.05870060011801507
BH_s05_medium,2,194,8.466666666666667,-1.6397017240524292,-0.14662591430019278
BH_s05_medium,2,195,8.5,-1.1920185089111328,-0.31291549032670046
BH_s05_medium,2,196,8.533333333333333,-0.0560283437371254,-0.4602538313346395
BH_s05_medium,2,197,8.566666666666666,1.255677580833435,-0.6007006908879693
BH_s05_medium,2,198,8.6,2.059248924255371,-0.7275559360607201
BH_s05_medium,2,199,8.633333333333333,1.835800051689148,-0.814318421947195
BH_s05_medium,2,200,8.666666666666666,1.1558185815811157,-0.8237790201861386
BH_s05_medium,2,201,8.7,0.2821566164493561,-0.7235278594406301
BH_s05_medium,2,202,8.733333333333333,-0.35684552788734436,-0.5013636164152274
BH_s05_medium,2,203,8.766666666666667,-0.8990074396133423,-0.1741555784653722
BH_s05_medium,2,204,8.8,-1.0235161781311035,0.21322597897253184
BH_s05_medium,2,205,8.833333333333334,-0.8034119009971619,0.5981788456857396
BH_s05_medium,2,206,8.866666666666667,-0.5425263047218323,0.9161008463868694
BH_s05_medium,2,207,8.9,-0.4034620523452759,1.1164633924024654
BH_s05_medium,2,208,8.933333333333334,-0.4034620523452759,1.174118943714694
BH_s05_medium,2,209,8.966666666666667,-0.604158878326416,1.0923280013157792
BH_s05_medium,2,210,9.0,-0.8650444746017456,0.8970402804829337
BH_s05_medium,2,211,9.033333333333333,-1.1259300708770752,0.6253066720684699
BH_s05_medium,2,212,9.066666666666666,-1.3380346298217773,0.3128456654986083
BH_s05_medium,2,213,9.1,-1.3778327703475952,-0.014219860379508948
BH_s05_medium,2,214,9.133333333333333,-0.8924493789672852,-0.3406395267834481
BH_s05_medium,2,215,9.166666666666666,0.11129501461982727,-0.6568656585668492
BH_s05_medium,2,216,9.2,1.2873458862304688,-0.9509574186734209
BH_s05_medium,2,217,9.233333333333333,1.93624746799469,-1.2023706878932032
BH_s05_medium,2,218,9.266666666666667,1.796919584274292,-1.3814803536395637
BH_s05_medium,2,219,9.3,1.15234375,-1.4559683848712766
BH_s05_medium,2,220,9.333333333333334,0.3648350238800049,-1.4019485961215017
BH_s05_medium,2,221,9.366666666666667,-0.21856766939163208,-1.2152239531870124
BH_s05_medium,2,222,9.4,-0.6051421165466309,-0.917452256806669
BH_s05_medium,2,223,9.433333333333334,-0.669199526309967,-0.5536738564865085
BH_s05_medium,2,224,9.466666666666667,-0.5412805080413818,-0.18114861767856158
BH_s05_medium,2,225,9.5,-0.2976388931274414,0.14671912610670945
BH_s05_medium,2,226,9.533333333333333,-0.15254263579845428,0.3952016802142682
BH_s05_medium,2,227,9.566666666666666,-0.23869585990905762,0.5559741845100584
BH_s05_medium,2,228,9.6,-0.42339447140693665,0.6449448112182112
BH_s05_medium,2,229,9.633333333333333,-0.6842800974845886,0.6914904122312825
BH_s05_medium,2,230,9.666666666666666,-1.0286304950714111,0.7236665901336148
BH_s05_medium,2,231,9.7,-1.2060513496398926,0.755666829208466
BH_s05_medium,2,232,9.733333333333333,-1.3778327703475952,0.7834288451207897
BH_s05_medium,2,233,9.766666666666667,-1.2050013542175293,0.7906228763846569
BH_s05_medium,2,234,9.8,-0.4264088273048401,0.761044505008264
BH_s05_medium,2,235,9.833333333333334,0.7875391840934753,0.6893194769476687
BH_s05_medium,2,236,9.866666666666667,1.7732521295547485,0.5835596164053128
BH_s05_medium,2,237,9.9,1.9114632606506348,0.4594787039056472
BH_s05_medium,2,238,9.933333333333334,1.4252933263778687,0.33102896622803407
BH_s05_medium,2,239,9.966666666666667,0.5659244656562805,0.20436046841589375
BH_s05_medium,3,0,3.0,-0.5332163572311401,0.055081463985872596
BH_s05_medium,3,1,3.033333333333333,-0.3135058581829071,0.7781301032429409
BH_s05_medium,3,2,3.066666666666667,-0.09517240524291992,1.3695958846454372
BH_s05_medium,3,3,3.1,-0.0491454117000103,1.7333263630371112
BH_s05_medium,3,4,3.1333333333333333,-0.0491454117000103,1.8287407712654813
BH_s05_medium,3,5,3.1666666666666665,-0.17299894988536835,1.679515853663671
BH_s05_medium,3,6,3.2,-0.4363104999065399,1.3629670665348443
BH_s05_medium,3,7,3.2333333333333334,-0.641465425491333,0.983002732300457
BH_s05_medium,3,8,3.2666666666666666,-0.8743544220924377,0.6354880336604243
BH_s05_medium,3,9,3.3,-0.9093663096427917,0.37787234920959795
BH_s05_medium,3,10,3.3333333333333335,-0.46489661931991577,0.21443875583049202
BH_s05_medium,3,11,3.3666666666666667,0.5595009326934814,0.10330516102955815
BH_s05_medium,3,12,3.4,1.8321951627731323,-0.01791235611121077
BH_s05_medium,3,13,3.433333333333333,2.624096393585205,-0.1992345528415012
BH_s05_medium,3,14,3.466666666666667,2.4793269634246826,-0.45239380330904383
BH_s05_medium,3,15,3.5,1.755941390991211,-0.7423240646499892
BH_s05_medium,3,16,3.533333333333333,0.8822793960571289,-0.9989127598422538
BH_s05_medium,3,17,3.566666666666667,0.10952313989400864,-1.1436589978511962
BH_s05_medium,3,18,3.6,-0.4071993827819824,-1.120298603110211
BH_s05_medium,3,19,3.6333333333333333,-0.5793089866638184,-0.9174614735903721
BH_s05_medium,3,20,3.6666666666666665,-0.4045765697956085,-0.5750903167202046
BH_s05_medium,3,21,3.7,-0.14126501977443695,-0.17264313563547515
BH_s05_medium,3,22,3.7333333333333334,-0.0491454117000103,0.196544635724069
BH_s05_medium,3,23,3.7666666666666666,-0.0491454117000103,0.45552619022449414
BH_s05_medium,3,24,3.8,-0.12690633535385132,0.5673605221503868
BH_s05_medium,3,25,3.8333333333333335,-0.3769737184047699,0.5431033271612314
BH_s05_medium,3,26,3.8666666666666667,-0.5649502873420715,0.431796177061672
BH_s05_medium,3,27,3.9,-0.739682674407959,0.2976430908772141
BH_s05_medium,3,28,3.933333333333333,-0.9144150614738464,0.19419145611125838
BH_s05_medium,3,29,3.966666666666667,-0.7380431294441223,0.14546911818431627
BH_s05_medium,3,30,4.0,0.06434927135705948,0.14039194732758106
BH_s05_medium,3,31,4.033333333333333,1.3228815793991089,0.14157980830506367
BH_s05_medium,3,32,4.066666666666666,2.398747682571411,0.10502590470038947
BH_s05_medium,3,33,4.1,2.5523018836975098,0.003243599676034434
BH_s05_medium,3,34,4.133333333333334,1.9864044189453125,-0.15784424805201588
BH_s05_medium,3,35,4.166666666666667,1.11274254322052,-0.33649324099677025
BH_s05_medium,3,36,4.2,0.23908056318759918,-0.4691227440606864
BH_s05_medium,3,37,4.233333333333333,-0.2763961851596832,-0.4950994143220056
BH_s05_medium,3,38,4.266666666666667,-0.624418318271637,-0.38230165350618683
BH_s05_medium,3,39,4.3,-0.627827525138855,-0.1432194171841368
BH_s05_medium,3,40,4.333333333333333,-0.3645159602165222,0.16542175501300083
BH_s05_medium,3,41,4.366666666666666,-0.13772456347942352,0.46047149628828
BH_s05_medium,3,42,4.4,-0.08323964476585388,0.6612489561543616
BH_s05_medium,3,43,4.433333333333334,-0.16939286887645721,0.7179109699890522
BH_s05_medium,3,44,4.466666666666667,-0.4327044188976288,0.6274621157538052
BH_s05_medium,3,45,4.5,-0.6074368357658386,0.4309032701557404
BH_s05_medium,3,46,4.533333333333333,-0.8707483410835266,0.1935977638491042
BH_s05_medium,3,47,4.566666666666666,-1.045480728149414,-0.0218164227849608
BH_s05_medium,3,48,4.6,-1.0925565958023071,-0.17840245224407528
BH_s05_medium,3,49,4.633333333333334,-0.6722149848937988,-0.2749033889440348
BH_s05_medium,3,50,4.666666666666667,0.3340865671634674,-0.3393654897736262
BH_s05_medium,3,51,4.7,1.7074239253997803,-0.4096476898509525
BH_s05_medium,3,52,4.733333333333333,2.5196502208709717,-0.5097469644308625
BH_s05_medium,3,53,4.766666666666667,2.401434898376465,-0.6329178510999858
BH_s05_medium,3,54,4.8,1.6089431047439575,-0.7395410471084618
BH_s05_medium,3,55,4.833333333333333,0.7352811098098755,-0.771229502707295
BH_s05_medium,3,56,4.866666666666666,-0.04953916370868683,-0.6758135706537335
BH_s05_medium,3,57,4.9,-0.573736310005188,-0.4331201150970807
BH_s05_medium,3,58,4.933333333333334,-0.7577787041664124,-0.07048280848673157
BH_s05_medium,3,59,4.966666666666667,-0.6763460636138916,0.33964268415789434
BH_s05_medium,3,60,5.0,-0.4226069748401642,0.7006172154705678
BH_s05_medium,3,61,5.033333333333333,-0.31488287448883057,0.9239716801627544
BH_s05_medium,3,62,5.066666666666666,-0.3004585802555084,0.9606983706560743
BH_s05_medium,3,63,5.1,-0.4751909673213959,0.8185421901672112
BH_s05_medium,3,64,5.133333333333334,-0.6499233245849609,0.5574719014025927
BH_s05_medium,3,65,5.166666666666667,-0.9132348895072937,0.26469143688578795
BH_s05_medium,3,66,5.2,-1.0879672765731812,0.020014137203153152
BH_s05_medium,3,67,5.233333333333333,-1.28925359249115,-0.13317127686030059
BH_s05_medium,3,68,5.266666666666667,-1.229654312133789,-0.19957689473890727
BH_s05_medium,3,69,5.3,-0.5033177137374878,-0.22286125711191926
BH_s05_medium,3,70,5.333333333333333,0.6545714735984802,-0.26041711746743135
BH_s05_medium,3,71,5.366666666666666,1.8592084646224976,-0.35278251544091205
BH_s05_medium,3,72,5.4,2.2539126873016357,-0.500783987653915
BH_s05_medium,3,73,5.433333333333334,1.886875867843628,-0.6606791261342592
BH_s05_medium,3,74,5.466666666666667,1.054323434829712,-0.7595884945525267
BH_s05_medium,3,75,5.5,0.13470005989074707,-0.724602097686978
BH_s05_medium,3,76,5.533333333333333,-0.5642294883728027,-0.5137519811409859
BH_s05_medium,3,77,5.566666666666666,-0.9727029204368591,-0.1368638621937551
BH_s05_medium,3,78,5.6,-1.0767552852630615,0.3417741226886868
BH_s05_medium,3,79,5.633333333333334,-0.8134437799453735,0.8203632564729348
BH_s05_medium,3,80,5.666666666666667,-0.5501322150230408,1.190325920710948
BH_s05_medium,3,81,5.7,-0.4034620523452759,1.3698520431106211
BH_s05_medium,3,82,5.733333333333333,-0.5176774859428406,1.3283673336117443
BH_s05_medium,3,83,5.766666666666667,-0.7156202793121338,1.093200710717428
BH_s05_medium,3,84,5.8,-0.9765058755874634,0.735805509289304
BH_s05_medium,3,85,5.833333333333333,-1.2190330028533936,0.34273424345096487
BH_s05_medium,3,86,5.866666666666666,-1.3937653303146362,-0.0162688625614682
BH_s05_medium,3,87,5.9,-1.5279778242111206,-0.30883200409087763
BH_s05_medium,3,88,5.933333333333334,-1.0456109046936035,-0.5408475335254679
BH_s05_medium,3,89,5.966666666666667,0.020093053579330444,-0.739506650538185
BH_s05_medium,3,90,6.0,1.494073510169983,-0.9286582654860875
BH_s05_medium,3,91,6.033333333333333,2.34629487991333,-1.1090221902527229
BH_s05_medium,3,92,6.066666666666666,2.249781608581543,-1.2516254120628663
BH_s05_medium,3,93,6.1,1.5505239963531494,-1.3060479013992776
BH_s05_medium,3,94,6.133333333333334,0.6768620014190674,-1.2198307830641837
BH_s05_medium,3,95,6.166666666666667,-0.11412154883146286,-0.9622224236943243
BH_s05_medium,3,96,6.2,-0.6442194581031799,-0.543563271281305
BH_s05_medium,3,97,6.233333333333333,-0.8356052041053772,-0.021862662364344452
BH_s05_medium,3,98,6.266666666666667,-0.6823780536651611,0.5083012582987497
BH_s05_medium,3,99,6.3,-0.41906651854515076,0.94261499635551
BH_s05_medium,3,100,6.333333333333333,-0.1557549685239792,1.199925214037758
BH_s05_medium,3,101,6.366666666666666,-0.20584741234779358,1.2475405733989997
BH_s05_medium,3,102,6.4,-0.2920006513595581,1.1082610817331564
BH_s05_medium,3,103,6.433333333333334,-0.5553122162818909,0.8467207854443038
BH_s05_medium,3,104,6.466666666666667,-0.8186237215995789,0.541717789689338
BH_s05_medium,3,105,6.5,-0.9933561086654663,0.2568455530657212
BH_s05_medium,3,106,6.533333333333333,-1.1120953559875488,0.02158734295261157
BH_s05_medium,3,107,6.566666666666666,-0.5785214900970459,-0.17022511550353975
BH_s05_medium,3,108,6.6,0.4485645294189453,-0.34539259955545687
BH_s05_medium,3,109,6.633333333333334,1.7489928007125854,-0.5275866610914127
BH_s05_medium,3,110,6.666666666666667,2.3887813091278076,-0.7162370078382554
BH_s05_medium,3,111,6.7,2.2109012603759766,-0.8779565870167363
BH_s05_medium,3,112,6.733333333333333,1.4266704320907593,-0.9544287590047728
BH_s05_medium,3,113,6.766666666666667,0.5530084371566772,-0.8836492489513852
BH_s05_medium,3,114,6.8,-0.15890276432037354,-0.6266361515405865
BH_s05_medium,3,115,6.833333333333333,-0.6147802472114563,-0.18975608400503746
BH_s05_medium,3,116,6.866666666666666,-0.726044774055481,0.36661266807253345
BH_s05_medium,3,117,6.9,-0.5513123869895935,0.9383273666300768
BH_s05_medium,3,118,6.933333333333334,-0.28800082206726074,1.4045678965620414
BH_s05_medium,3,119,6.966666666666667,-0.22630372643470764,1.6624682006645473
BH_s05_medium,3,120,7.0,-0.24833394587039948,1.6567214007274877
BH_s05_medium,3,121,7.033333333333333,-0.4230663478374481,1.3935948498803659
BH_s05_medium,3,122,7.066666666666666,-0.5977987051010132,0.934984105611486
BH_s05_medium,3,123,7.1,-0.861110270023346,0.3757659909464941
BH_s05_medium,3,124,7.133333333333334,-1.0358426570892334,-0.18631400023271064
BH_s05_medium,3,125,7.166666666666667,-1.1021947860717773,-0.6767899433092693
BH_s05_medium,3,126,7.2,-0.7204053997993469,-1.0575157710575103
BH_s05_medium,3,127,7.233333333333333,0.25193318724632263,-1.3233667427528772
BH_s05_medium,3,128,7.266666666666667,1.5610162019729614,-1.486558487992321
BH_s05_medium,3,129,7.3,2.342688798904419,-1.5575863751161987
BH_s05_medium,3,130,7.333333333333333,2.258370876312256,-1.5323192674972894
BH_s05_medium,3,131,7.366666666666666,1.6524784564971924,-1.3912548380068752
BH_s05_medium,3,132,7.4,0.7834715247154236,-1.1113779958713976
BH_s05_medium,3,133,7.433333333333334,-0.011118076741695404,-0.6854067312628194
BH_s05_medium,3,134,7.466666666666667,-0.4681756794452667,-0.13931187407143789
BH_s05_medium,3,135,7.5,-0.669199526309967,0.4613473207088845
BH_s05_medium,3,136,7.533333333333333,-0.597404956817627,1.0217243847386897
BH_s05_medium,3,137,7.566666666666666,-0.4226725995540619,1.4427402132458154
BH_s05_medium,3,138,7.6,-0.24794019758701324,1.6513719562119062
BH_s05_medium,3,139,7.633333333333334,-0.29082047939300537,1.6232601447199697
BH_s05_medium,3,140,7.666666666666667,-0.4655528664588928,1.3881251504806704
BH_s05_medium,3,141,7.7,-0.6402852535247803,1.0163712342952027
BH_s05_medium,3,142,7.733333333333333,-0.903596818447113,0.5931316895914118
BH_s05_medium,3,143,7.766666666666667,-1.0783292055130005,0.19057650401138757
BH_s05_medium,3,144,7.8,-1.2530616521835327,-0.15083662699067524
BH_s05_medium,3,145,7.833333333333333,-1.189331293106079,-0.4257791755309533
BH_s05_medium,3,146,7.866666666666666,-0.47256705164909363,-0.6522237549363281
BH_s05_medium,3,147,7.9,0.7095157504081726,-0.8505560529603201
BH_s05_medium,3,148,7.933333333333334,1.847275733947754,-1.0232887286463042
BH_s05_medium,3,149,7.966666666666667,2.2539126873016357,-1.1447567178432418
BH_s05_medium,3,150,8.0,1.8368489742279053,-1.1662379207053257
BH_s05_medium,3,151,8.033333333333333,1.01393461227417,-1.035622072079342
BH_s05_medium,3,152,8.066666666666666,0.1732524037361145,-0.7242215789215072
BH_s05_medium,3,153,8.1,-0.4370979964733124,-0.24920776912833645
BH_s05_medium,3,154,8.133333333333333,-0.8744856715202332,0.3193801083399782
BH_s05_medium,3,155,8.166666666666666,-0.9092350602149963,0.8723379163236865
BH_s05_medium,3,156,8.2,-0.7345026731491089,1.291825083498267
BH_s05_medium,3,157,8.233333333333333,-0.5597702860832214,1.4871952680687308
BH_s05_medium,3,158,8.266666666666667,-0.5104653239250183,1.4226621587536026
BH_s05_medium,3,159,8.3,-0.6851977109909058,1.1268766624453601
BH_s05_medium,3,160,8.333333333333334,-0.9485092759132385,0.6811341840112811
BH_s05_medium,3,161,8.366666666666667,-1.2118208408355713,0.19080852299971288
BH_s05_medium,3,162,8.4,-1.3952736854553223,-0.24862733496538442
BH_s05_medium,3,163,8.433333333333334,-1.6435703039169312,-0.5777146710910955
BH_s05_medium,3,164,8.466666666666667,-1.6397017240524292,-0.782541251164615
BH_s05_medium,3,165,8.5,-1.1920185089111328,-0.8866448226618955
BH_s05_medium,3,166,8.533333333333333,-0.0560283437371254,-0.9305489174520482
BH_s05_medium,3,167,8.566666666666666,1.255677580833435,-0.9477303385368118
BH_s05_medium,3,168,8.6,2.059248924255371,-0.9466785734136909
BH_s05_medium,3,169,8.633333333333333,1.835800051689148,-0.906448360462145
BH_s05_medium,3,170,8.666666666666666,1.1558185815811157,-0.7877801528687477
BH_s05_medium,3,171,8.7,0.2821566164493561,-0.5551513336711427
BH_s05_medium,3,172,8.733333333333333,-0.35684552788734436,-0.1998298362518575
BH_s05_medium,3,173,8.766666666666667,-0.8990074396133423,0.24688739394981388
BH_s05_medium,3,174,8.8,-1.0235161781311035,0.7165610227111341
BH_s05_medium,3,175,8.833333333333334,-0.8034119009971619,1.1216266383058902
BH_s05_medium,3,176,8.866666666666667,-0.5425263047218323,1.3813236127810529
BH_s05_medium,3,177,8.9,-0.4034620523452759,1.4456455231844656
BH_s05_medium,3,178,8.933333333333334,-0.4034620523452759,1.3088669224897396
BH_s05_medium,3,179,8.966666666666667,-0.604158878326416,1.0085129067178271
BH_s05_medium,3,180,9.0,-0.8650444746017456,0.6108748112323886
BH_s05_medium,3,181,9.033333333333333,-1.1259300708770752,0.18885095898016965
BH_s05_medium,3,182,9.066666666666666,-1.3380346298217773,-0.19930156439144853
BH_s05_medium,3,183,9.1,-1.3778327703475952,-0.5222159966897267
BH_s05_medium,3,184,9.133333333333333,-0.8924493789672852,-0.7746743748456251
BH_s05_medium,3,185,9.166666666666666,0.11129501461982727,-0.9656828527381202
BH_s05_medium,3,186,9.2,1.2873458862304688,-1.101951578145028
BH_s05_medium,3,187,9.233333333333333,1.93624746799469,-1.1751903430743484
BH_s05_medium,3,188,9.266666666666667,1.796919584274292,-1.1598258701801356
BH_s05_medium,3,189,9.3,1.15234375,-1.0230525680053648
BH_s05_medium,3,190,9.333333333333334,0.3648350238800049,-0.7433710772664415
BH_s05_medium,3,191,9.366666666666667,-0.21856766939163208,-0.32928351688291746
BH_s05_medium,3,192,9.4,-0.6051421165466309,0.17130715498416288
BH_s05_medium,3,193,9.433333333333334,-0.669199526309967,0.6771301944158694
BH_s05_medium,3,194,9.466666666666667,-0.5412805080413818,1.0943348968545652
BH_s05_medium,3,195,9.5,-0.2976388931274414,1.3444241760436795
BH_s05_medium,3,196,9.533333333333333,-0.15254263579845428,1.388285952815677
BH_s05_medium,3,197,9.566666666666666,-0.23869585990905762,1.236839316255476
BH_s05_medium,3,198,9.6,-0.42339447140693665,0.9444682951570214
BH_s05_medium,3,199,9.633333333333333,-0.6842800974845886,0.5882159196494838
BH_s05_medium,3,200,9.666666666666666,-1.0286304950714111,0.24072785265774393
BH_s05_medium,3,201,9.7,-1.2060513496398926,-0.05283236109179209
BH_s05_medium,3,202,9.733333333333333,-1.3778327703475952,-0.28456967637249814
BH_s05_medium,3,203,9.766666666666667,-1.2050013542175293,-0.47602290480172343
BH_s05_medium,3,204,9.8,-0.4264088273048401,-0.6566615254189092
BH_s05_medium,3,205,9.833333333333334,0.7875391840934753,-0.8395970381693963
BH_s05_medium,3,206,9.866666666666667,1.7732521295547485,-1.0065852684144467
BH_s05_medium,3,207,9.9,1.9114632606506348,-1.1097208900701945
BH_s05_medium,3,208,9.933333333333334,1.4252933263778687,-1.089507065291029
BH_s05_medium,3,209,9.966666666666667,0.5659244656562805,-0.9017911013325716
BH_s05_medium,3,210,10.0,-0.16886897385120392,-0.5422855806322832
BH_s05_medium,3,211,10.033333333333333,-0.7146369814872742,-0.058144173849523785
BH_s05_medium,3,212,10.066666666666666,-0.999519407749176,0.4591723708828366
BH_s05_medium,3,213,10.1,-0.9613596796989441,0.8983119924801604
BH_s05_medium,3,214,10.133333333333333,-0.7866272926330566,1.1612539815346823
BH_s05_medium,3,215,10.166666666666666,-0.6118949055671692,1.1931686297662194
BH_s05_medium,3,216,10.2,-0.4920412003993988,0.9982362492719875
BH_s05_medium,3,217,10.233333333333333,-0.633073091506958,0.6362277169104729
BH_s05_medium,3,218,10.266666666666667,-0.8578323125839233,0.2014550448493715
BH_s05_medium,3,219,10.3,-1.0711170434951782,-0.2084026620444163
BH_s05_medium,3,220,10.333333333333334,-1.2458494901657104,-0.5226611410031179
BH_s05_medium,3,221,10.366666666666667,-1.4205818176269531,-0.7161583528613324
BH_s05_medium,3,222,10.4,-1.426088809967041,-0.8086106656395863
BH_s05_medium,3,223,10.433333333333334,-1.0111885070800781,-0.8449542909662311
BH_s05_medium,3,224,10.466666666666667,-0.013476177118718624,-0.865928584914721
BH_s05_medium,3,225,10.5,1.1565426588058472,-0.8833400971432792
BH_s05_medium,3,226,10.533333333333333,1.9302154779434204,-0.8717596971780641
BH_s05_medium,3,227,10.566666666666666,1.8150156736373901,-0.7799836598124127
BH_s05_medium,3,228,10.6,1.150704264640808,-0.5565044253655698
BH_s05_medium,3,229,10.633333333333333,0.30038389563560486,-0.17743738657464136
BH_s05_medium,3,230,10.666666666666666,-0.309966504573822,0.3352174916205164
BH_s05_medium,3,231,10.7,-0.7947582006454468,0.9126788596875655
BH_s05_medium,3,232,10.733333333333333,-0.9349370002746582,1.4562134646659557
BH_s05_medium,3,233,10.766666666666667,-0.9212990999221802,1.8649433858420847
BH_s05_medium,3,234,10.8,-0.669199526309967,2.0638548259686726
BH_s05_medium,3,235,10.833333333333334,-0.5806203484535217,2.021619921554004
BH_s05_medium,3,236,10.866666666666667,-0.5869805216789246,1.7524136363357512
BH_s05_medium,3,237,10.9,-0.761712908744812,1.3031419947449305
BH_s05_medium,3,238,10.933333333333334,-1.0250244140625,0.7344023905321535
BH_s05_medium,3,239,10.966666666666667,-1.1997568607330322,0.1058942367717995
BH_s05_medium,4,0,4.0,0.06434927135705948,0.056300477157093416
BH_s05_medium,4,1,4.033333333333333,1.3228815793991089,0.4222364226895779
BH_s05_medium,4,2,4.066666666666666,2.398747682571411,0.6975049926091178
BH_s05_medium,4,3,4.1,2.5523018836975098,0.8242649992288683
BH_s05_medium,4,4,4.133333333333334,1.9864044189453125,0.7976943260734218
BH_s05_medium,4,5,4.166666666666667,1.11274254322052,0.6666674732478803
BH_s05_medium,4,6,4.2,0.23908056318759918,0.5136070052572511
BH_s05_medium,4,7,4.233333333333333,-0.2763961851596832,0.4218018060603639
BH_s05_medium,4,8,4.266666666666667,-0.624418318271637,0.44310189449051546
BH_s05_medium,4,9,4.3,-0.627827525138855,0.5780450364574327
BH_s05_medium,4,10,4.333333333333333,-0.3645159602165222,0.7758719117827263
BH_s05_medium,4,11,4.366666666666666,-0.13772456347942352,0.9546005627345855
BH_s05_medium,4,12,4.4,-0.08323964476585388,1.0331255404839075
BH_s05_medium,4,13,4.433333333333334,-0.16939286887645721,0.9619815921300947
BH_s05_medium,4,14,4.466666666666667,-0.4327044188976288,0.7401158736472633
BH_s05_medium,4,15,4.5,-0.6074368357658386,0.411576551102606
BH_s05_medium,4,16,4.533333333333333,-0.8707483410835266,0.04528133155856189
BH_s05_medium,4,17,4.566666666666666,-1.045480728149414,-0.2919422052705653
BH_s05_medium,4,18,4.6,-1.0925565958023071,-0.5574913733346063
BH_s05_medium,4,19,4.633333333333334,-0.6722149848937988,-0.7423219477918719
BH_s05_medium,4,20,4.666666666666667,0.3340865671634674,-0.8652789234260426
BH_s05_medium,4,21,4.7,1.7074239253997803,-0.9561045422731433
BH_s05_medium,4,22,4.733333333333333,2.5196502208709717,-1.03514222618291
BH_s05_medium,4,23,4.766666666666667,2.401434898376465,-1.0988762184809098
BH_s05_medium,4,24,4.8,1.6089431047439575,-1.1177466922616113
BH_s05_medium,4,25,4.833333333333333,0.7352811098098755,-1.0475209980095779
BH_s05_medium,4,26,4.866666666666666,-0.04953916370868683,-0.8500563931890402
BH_s05_medium,4,27,4.9,-0.573736310005188,-0.5152395031432057
BH_s05_medium,4,28,4.933333333333334,-0.7577787041664124,-0.07455170232423647
BH_s05_medium,4,29,4.966666666666667,-0.6763460636138916,0.4007993565912001
BH_s05_medium,4,30,5.0,-0.4226069748401642,0.8181734598860666
BH_s05_medium,4,31,5.033333333333333,-0.31488287448883057,1.0920489278755017
BH_s05_medium,4,32,5.066666666666666,-0.3004585802555084,1.171746675885071
BH_s05_medium,4,33,5.1,-0.4751909673213959,1.0570267780363836
BH_s05_medium,4,34,5.133333333333334,-0.6499233245849609,0.7951987720050447
BH_s05_medium,4,35,5.166666666666667,-0.9132348895072937,0.4613408448310341
BH_s05_medium,4,36,5.2,-1.0879672765731812,0.13050732812413665
BH_s05_medium,4,37,5.233333333333333,-1.28925359249115,-0.14625957889428753
BH_s05_medium,4,38,5.266666666666667,-1.229654312133789,-0.3531132415766183
BH_s05_medium,4,39,5.3,-0.5033177137374878,-0.5049225360291688
BH_s05_medium,4,40,5.333333333333333,0.6545714735984802,-0.6303004393818975
BH_s05_medium,4,41,5.366666666666666,1.8592084646224976,-0.7497490862772236
BH_s05_medium,4,42,5.4,2.2539126873016357,-0.8586323407207921
BH_s05_medium,4,43,5.433333333333334,1.886875867843628,-0.9230417977195802
BH_s05_medium,4,44,5.466666666666667,1.054323434829712,-0.8910380509782813
BH_s05_medium,4,45,5.5,0.13470005989074707,-0.7149465210158878
BH_s05_medium,4,46,5.533333333333333,-0.5642294883728027,-0.37571065577491874
BH_s05_medium,4,47,5.566666666666666,-0.9727029204368591,0.10075784637297003
BH_s05_medium,4,48,5.6,-1.0767552852630615,0.6426795024628389
BH_s05_medium,4,49,5.633333333333334,-0.8134437799453735,1.148707290220874
BH_s05_medium,4,50,5.666666666666667,-0.5501322150230408,1.5162015343881408
BH_s05_medium,4,51,5.7,-0.4034620523452759,1.6713092269254626
BH_s05_medium,4,52,5.733333333333333,-0.5176774859428406,1.5901781896025589
BH_s05_medium,4,53,5.766666666666667,-0.7156202793121338,1.3039637864782163
BH_s05_medium,4,54,5.8,-0.9765058755874634,0.8856787613908919
BH_s05_medium,4,55,5.833333333333333,-1.2190330028533936,0.42354403495594417
BH_s05_medium,4,56,5.866666666666666,-1.3937653303146362,-0.008377627087959444
BH_s05_medium,4,57,5.9,-1.5279778242111206,-0.3698287850128332
BH_s05_medium,4,58,5.933333333333334,-1.0456109046936035,-0.6568888135419283
BH_s05_medium,4,59,5.966666666666667,0.020093053579330444,-0.8885602485799331
BH_s05_medium,4,60,6.0,1.494073510169983,-1.0855318345269325
BH_s05_medium,4,61,6.033333333333333,2.34629487991333,-1.251519395712678
BH_s05_medium,4,62,6.066666666666666,2.249781608581543,-1.3650040992445298
BH_s05_medium,4,63,6.1,1.5505239963531494,-1.3842024248275582
BH_s05_medium,4,64,6.133333333333334,0.6768620014190674,-1.263399634656848
BH_s05_medium,4,65,6.166666666666667,-0.11412154883146286,-0.9750204310204056
BH_s05_medium,4,66,6.2,-0.6442194581031799,-0.529103840444862
BH_s05_medium,4,67,6.233333333333333,-0.8356052041053772,0.018595836303471003
BH_s05_medium,4,68,6.266666666666667,-0.6823780536651611,0.57554680766902
BH_s05_medium,4,69,6.3,-0.41906651854515076,1.0373597560096426
BH_s05_medium,4,70,6.333333333333333,-0.1557549685239792,1.3196262640379512
BH_s05_medium,4,71,6.366666666666666,-0.20584741234779358,1.3832764782417097
BH_s05_medium,4,72,6.4,-0.2920006513595581,1.2428507819454044
BH_s05_medium,4,73,6.433333333333334,-0.5553122162818909,0.955199168404214
BH_s05_medium,4,74,6.466666666666667,-0.8186237215995789,0.594884799514181
BH_s05_medium,4,75,6.5,-0.9933561086654663,0.2277283692079269
BH_s05_medium,4,76,6.533333333333333,-1.1120953559875488,-0.10659274081464645
BH_s05_medium,4,77,6.566666666666666,-0.5785214900970459,-0.39711214827480956
BH_s05_medium,4,78,6.6,0.4485645294189453,-0.650413369404696
BH_s05_medium,4,79,6.633333333333334,1.7489928007125854,-0.8725904654344018
BH_s05_medium,4,80,6.666666666666667,2.3887813091278076,-1.053656133216072
BH_s05_medium,4,81,6.7,2.2109012603759766,-1.1620323454877248
BH_s05_medium,4,82,6.733333333333333,1.4266704320907593,-1.1517928166154396
BH_s05_medium,4,83,6.766666666666667,0.5530084371566772,-0.9798321029747157
BH_s05_medium,4,84,6.8,-0.15890276432037354,-0.6265738821589567
BH_s05_medium,4,85,6.833333333333333,-0.6147802472114563,-0.11245179627828555
BH_s05_medium,4,86,6.866666666666666,-0.726044774055481,0.4970750830365526
BH_s05_medium,4,87,6.9,-0.5513123869895935,1.1018682906783717
BH_s05_medium,4,88,6.933333333333334,-0.28800082206726074,1.5906573647798952
BH_s05_medium,4,89,6.966666666666667,-0.22630372643470764,1.8699364812093604
BH_s05_medium,4,90,7.0,-0.24833394587039948,1.8882719527177618
BH_s05_medium,4,91,7.033333333333333,-0.4230663478374481,1.6480523712106663
BH_s05_medium,4,92,7.066666666666666,-0.5977987051010132,1.2013484171077022
BH_s05_medium,4,93,7.1,-0.861110270023346,0.6320741736441844
BH_s05_medium,4,94,7.133333333333334,-1.0358426570892334,0.03125939519869776
BH_s05_medium,4,95,7.166666666666667,-1.1021947860717773,-0.5256003142133954
BH_s05_medium,4,96,7.2,-0.7204053997993469,-0.991339639560475
BH_s05_medium,4,97,7.233333333333333,0.25193318724632263,-1.3466996959322683
BH_s05_medium,4,98,7.266666666666667,1.5610162019729614,-1.5893382809305783
BH_s05_medium,4,99,7.3,2.342688798904419,-1.719430121081171
BH_s05_medium,4,100,7.333333333333333,2.258370876312256,-1.7296174006952545
BH_s05_medium,4,101,7.366666666666666,1.6524784564971924,-1.6041917098059695
BH_s05_medium,4,102,7.4,0.7834715247154236,-1.3279155270540928
BH_s05_medium,4,103,7.433333333333334,-0.011118076741695404,-0.9004849720719346
BH_s05_medium,4,104,7.466666666666667,-0.4681756794452667,-0.3496814669640565
BH_s05_medium,4,105,7.5,-0.669199526309967,0.2640360782581746
BH_s05_medium,4,106,7.533333333333333,-0.597404956817627,0.8558308370705299
BH_s05_medium,4,107,7.566666666666666,-0.4226725995540619,1.3364133361285522
BH_s05_medium,4,108,7.6,-0.24794019758701324,1.636220825886071
BH_s05_medium,4,109,7.633333333333334,-0.29082047939300537,1.7236704925221589
BH_s05_medium,4,110,7.666666666666667,-0.4655528664588928,1.6100834621056628
BH_s05_medium,4,111,7.7,-0.6402852535247803,1.3402965257472745
BH_s05_medium,4,112,7.733333333333333,-0.903596818447113,0.9741778158180686
BH_s05_medium,4,113,7.766666666666667,-1.0783292055130005,0.5673760787303541
BH_s05_medium,4,114,7.8,-1.2530616521835327,0.15871180016867803
BH_s05_medium,4,115,7.833333333333333,-1.189331293106079,-0.23212618129060625
BH_s05_medium,4,116,7.866666666666666,-0.47256705164909363,-0.5973857252161948
BH_s05_medium,4,117,7.9,0.7095157504081726,-0.928997345063413
BH_s05_medium,4,118,7.933333333333334,1.847275733947754,-1.207521062298702
BH_s05_medium,4,119,7.966666666666667,2.2539126873016357,-1.3980180093309402
BH_s05_medium,4,120,8.0,1.8368489742279053,-1.455803857440574
BH_s05_medium,4,121,8.033333333333333,1.01393461227417,-1.341001507958335
BH_s05_medium,4,122,8.066666666666666,0.1732524037361145,-1.0368967800297753
BH_s05_medium,4,123,8.1,-0.4370979964733124,-0.5646724320311965
BH_s05_medium,4,124,8.133333333333333,-0.8744856715202332,0.012695355424020411
BH_s05_medium,4,125,8.166666666666666,-0.9092350602149963,0.6010391785729162
BH_s05_medium,4,126,8.2,-0.7345026731491089,1.0977126562440709
BH_s05_medium,4,127,8.233333333333333,-0.5597702860832214,1.4185575921099725
BH_s05_medium,4,128,8.266666666666667,-0.5104653239250183,1.5193767254972397
BH_s05_medium,4,129,8.3,-0.6851977109909058,1.404397668445255
BH_s05_medium,4,130,8.333333333333334,-0.9485092759132385,1.119329162029948
BH_s05_medium,4,131,8.366666666666667,-1.2118208408355713,0.7326632210462903
BH_s05_medium,4,132,8.4,-1.3952736854553223,0.31344667628964257
BH_s05_medium,4,133,8.433333333333334,-1.6435703039169312,-0.08569944255534667
BH_s05_medium,4,134,8.466666666666667,-1.6397017240524292,-0.4354208845708422
BH_s05_medium,4,135,8.5,-1.1920185089111328,-0.7265331154036797
BH_s05_medium,4,136,8.533333333333333,-0.0560283437371254,-0.9602464031011169
BH_s05_medium,4,137,8.566666666666666,1.255677580833435,-1.136257457516754
BH_s05_medium,4,138,8.6,2.059248924255371,-1.2439204140989921
BH_s05_medium,4,139,8.633333333333333,1.835800051689148,-1.2609355024338837
BH_s05_medium,4,140,8.666666666666666,1.1558185815811157,-1.1608660456869855
BH_s05_medium,4,141,8.7,0.2821566164493561,-0.9264387818365666
BH_s05_medium,4,142,8.733333333333333,-0.35684552788734436,-0.5623114905914174
BH_s05_medium,4,143,8.766666666666667,-0.8990074396133423,-0.10095991147590776
BH_s05_medium,4,144,8.8,-1.0235161781311035,0.4011160839675698
BH_s05_medium,4,145,8.833333333333334,-0.8034119009971619,0.8750686535320237
BH_s05_medium,4,146,8.866666666666667,-0.5425263047218323,1.254691733708617
BH_s05_medium,4,147,8.9,-0.4034620523452759,1.4898557349352095
BH_s05_medium,4,148,8.933333333333334,-0.4034620523452759,1.5548836293448105
BH_s05_medium,4,149,8.966666666666667,-0.604158878326416,1.4504206487741587
BH_s05_medium,4,150,9.0,-0.8650444746017456,1.1993400783148036
BH_s05_medium,4,151,9.033333333333333,-1.1259300708770752,0.8387959908129515
BH_s05_medium,4,152,9.066666666666666,-1.3380346298217773,0.41145640412065526
BH_s05_medium,4,153,9.1,-1.3778327703475952,-0.04115667785128779
BH_s05_medium,4,154,9.133333333333333,-0.8924493789672852,-0.48156915633006037
BH_s05_medium,4,155,9.166666666666666,0.11129501461982727,-0.8757883038670102
BH_s05_medium,4,156,9.2,1.2873458862304688,-1.1913084944880705
BH_s05_medium,4,157,9.233333333333333,1.93624746799469,-1.396481104460675
BH_s05_medium,4,158,9.266666666666667,1.796919584274292,-1.4633692728349164
BH_s05_medium,4,159,9.3,1.15234375,-1.374326836090501
BH_s05_medium,4,160,9.333333333333334,0.3648350238800049,-1.130203521244572
BH_s05_medium,4,161,9.366666666666667,-0.21856766939163208,-0.7563345045992425
BH_s05_medium,4,162,9.4,-0.6051421165466309,-0.3023330546930279
BH_s05_medium,4,163,9.433333333333334,-0.669199526309967,0.16624041751182067
BH_s05_medium,4,164,9.466666666666667,-0.5412805080413818,0.5825570025915353
BH_s05_medium,4,165,9.5,-0.2976388931274414,0.8944559549654094
BH_s05_medium,4,166,9.533333333333333,-0.15254263579845428,1.0756390927163626
BH_s05_medium,4,167,9.566666666666666,-0.23869585990905762,1.1280557052085864
BH_s05_medium,4,168,9.6,-0.42339447140693665,1.0751278720039237
BH_s05_medium,4,169,9.633333333333333,-0.6842800974845886,0.9489542785631004
BH_s05_medium,4,170,9.666666666666666,-1.0286304950714111,0.7764326799750448
BH_s05_medium,4,171,9.7,-1.2060513496398926,0.5696917198576315
BH_s05_medium,4,172,9.733333333333333,-1.3778327703475952,0.32556125645068207
BH_s05_medium,4,173,9.766666666666667,-1.2050013542175293,0.03550720137128602
BH_s05_medium,4,174,9.8,-0.4264088273048401,-0.2985176394892566
BH_s05_medium,4,175,9.833333333333334,0.7875391840934753,-0.6512632111940123
BH_s05_medium,4,176,9.866666666666667,1.7732521295547485,-0.9722764755528539
BH_s05_medium,4,177,9.9,1.9114632606506348,-1.1971350708178676
BH_s05_medium,4,178,9.933333333333334,1.4252933263778687,-1.2675683421021107
BH_s05_medium,4,179,9.966666666666667,0.5659244656562805,-1.152147436878931
BH_s05_medium,4,180,10.0,-0.16886897385120392,-0.8592359448248259
BH_s05_medium,4,181,10.033333333333333,-0.7146369814872742,-0.4373802964562495
BH_s05_medium,4,182,10.066666666666666,-0.999519407749176,0.036687925809860855
BH_s05_medium,4,183,10.1,-0.9613596796989441,0.4779055377834871
BH_s05_medium,4,184,10.133333333333333,-0.7866272926330566,0.8138753342417885
BH_s05_medium,4,185,10.166666666666666,-0.6118949055671692,1.0007447769600748
BH_s05_medium,4,186,10.2,-0.4920412003993988,1.0301365278639016
BH_s05_medium,4,187,10.233333333333333,-0.633073091506958,0.9262665167159028
BH_s05_medium,4,188,10.266666666666667,-0.8578323125839233,0.7347299521407927
BH_s05_medium,4,189,10.3,-1.0711170434951782,0.5061870698411678
BH_s05_medium,4,190,10.333333333333334,-1.2458494901657104,0.27973478372679483
BH_s05_medium,4,191,10.366666666666667,-1.4205818176269531,0.07193620632553446
BH_s05_medium,4,192,10.4,-1.426088809967041,-0.12296017264758236
BH_s05_medium,4,193,10.433333333333334,-1.0111885070800781,-0.32036969784988645
BH_s05_medium,4,194,10.466666666666667,-0.013476177118718624,-0.5266000702320326
BH_s05_medium,4,195,10.5,1.1565426588058472,-0.7249792276125908
BH_s05_medium,4,196,10.533333333333333,1.9302154779434204,-0.8749917595422589
BH_s05_medium,4,197,10.566666666666666,1.8150156736373901,-0.9250236287425626
BH_s05_medium,4,198,10.6,1.150704264640808,-0.8329374691407051
BH_s05_medium,4,199,10.633333333333333,0.30038389563560486,-0.585880321966072
BH_s05_medium,4,200,10.666666666666666,-0.309966504573822,-0.21138746934785774
BH_s05_medium,4,201,10.7,-0.7947582006454468,0.2248486303592065
BH_s05_medium,4,202,10.733333333333333,-0.9349370002746582,0.634500022118726
BH_s05_medium,4,203,10.766666666666667,-0.9212990999221802,0.9307853973655433
BH_s05_medium,4,204,10.8,-0.669199526309967,1.0535503256768057
BH_s05_medium,4,205,10.833333333333334,-0.5806203484535217,0.9868325598443041
BH_s05_medium,4,206,10.866666666666667,-0.5869805216789246,0.762704760114306
BH_s05_medium,4,207,10.9,-0.761712908744812,0.4497038258726024
BH_s05_medium,4,208,10.933333333333334,-1.0250244140625,0.12962191299185075
BH_s05_medium,4,209,10.966666666666667,-1.1997568607330322,-0.12906534761976196
BH_s05_medium,4,210,11.0,-1.374489188194275,-0.29122815028325183
BH_s05_medium,4,211,11.033333333333333,-1.5492216348648071,-0.3611262887165735
BH_s05_medium,4,212,11.066666666666666,-1.563186526298523,-0.37302829944888444
BH_s05_medium,4,213,11.1,-0.8994646668434143,-0.37157186565084666
BH_s05_medium,4,214,11.133333333333333,0.1383083462715149,-0.39089672659278024
BH_s05_medium,4,215,11.166666666666666,1.3638609647750854,-0.441098688447125
BH_s05_medium,4,216,11.2,1.7931177616119385,-0.5063311222445004
BH_s05_medium,4,217,11.233333333333333,1.517675518989563,-0.5535436203385782
BH_s05_medium,4,218,11.266666666666667,0.7732428312301636,-0.5471083804957506
BH_s05_medium,4,219,11.3,0.026385357603430748,-0.4634032878900801
BH_s05_medium,4,220,11.333333333333334,-0.6749701499938965,-0.30040316220990915
BH_s05_medium,4,221,11.366666666666667,-1.0520377159118652,-0.07956153828320313
BH_s05_medium,4,222,11.4,-1.1120953559875488,0.16014703832975166
BH_s05_medium,4,223,11.433333333333334,-0.9161190986633301,0.37369684383667523
BH_s05_medium,4,224,11.466666666666667,-0.706506073474884,0.5228314736906644
BH_s05_medium,4,225,11.5,-0.5806203484535217,0.5857571224219758
BH_s05_medium,4,226,11.533333333333333,-0.6270411014556885,0.5608242845373206
BH_s05_medium,4,227,11.566666666666666,-0.8017734885215759,0.4638930999869537
BH_s05_medium,4,228,11.6,-1.0650850534439087,0.3213232019721794
BH_s05_medium,4,229,11.633333333333333,-1.3283965587615967,0.1617379890995431
BH_s05_medium,4,230,11.666666666666666,-1.503129005432129,0.009627567787170091
BH_s05_medium,4,231,11.7,-1.6435703039169312,-0.11763275094612378
BH_s05_medium,4,232,11.733333333333333,-1.3389512300491333,-0.209982775403201
BH_s05_medium,4,233,11.766666666666667,-0.40398484468460083,-0.2638266523144117
BH_s05_medium,4,234,11.8,0.7600019574165344,-0.2809459131386596
BH_s05_medium,4,235,11.833333333333334,1.594454288482666,-0.2668359847130603
BH_s05_medium,4,236,11.866666666666667,1.5673742294311523,-0.22846545762099824
BH_s05_medium,4,237,11.9,1.0037059783935547,-0.17233683201194436
BH_s05_medium,4,238,11.933333333333334,0.23593275249004364,-0.1036336565059918
BH_s05_medium,4,239,11.966666666666667,-0.35953396558761597,-0.02647402832062705
BH_s05_medium,5,0,5.0,-0.4226069748401642,-0.08498511306203307
BH_s05_medium,5,1,5.033333333333333,-0.31488287448883057,0.35372724981805126
BH_s05_medium,5,2,5.066666666666666,-0.3004585802555084,0.731025204243926
BH_s05_medium,5,3,5.1,-0.4751909673213959,1.0025613428591584
BH_s05_medium,5,4,5.133333333333334,-0.6499233245849609,1.1530650125011157
BH_s05_medium,5,5,5.166666666666667,-0.9132348895072937,1.1941338853210812
BH_s05_medium,5,6,5.2,-1.0879672765731812,1.150745953398566
BH_s05_medium,5,7,5.233333333333333,-1.28925359249115,1.0450873525125655
BH_s05_medium,5,8,5.266666666666667,-1.229654312133789,0.8869020165466373
BH_s05_medium,5,9,5.3,-0.5033177137374878,0.674667876910776
BH_s05_medium,5,10,5.333333333333333,0.6545714735984802,0.40592963002067034
BH_s05_medium,5,11,5.366666666666666,1.8592084646224976,0.09062274644238699
BH_s05_medium,5,12,5.4,2.2539126873016357,-0.24049133125755082
BH_s05_medium,5,13,5.433333333333334,1.886875867843628,-0.5379049108644016
BH_s05_medium,5,14,5.466666666666667,1.054323434829712,-0.7459523116930074
BH_s05_medium,5,15,5.5,0.13470005989074707,-0.820424431518376
BH_s05_medium,5,16,5.533333333333333,-0.5642294883728027,-0.7437505857968003
BH_s05_medium,5,17,5.566666666666666,-0.9727029204368591,-0.5319073523447215
BH_s05_medium,5,18,5.6,-1.0767552852630615,-0.23072379840980894
BH_s05_medium,5,19,5.633333333333334,-0.8134437799453735,0.09685963189269726
BH_s05_medium,5,20,5.666666666666667,-0.5501322150230408,0.38797523777508514
BH_s05_medium,5,21,5.7,-0.4034620523452759,0.5956800080004048
BH_s05_medium,5,22,5.733333333333333,-0.5176774859428406,0.6986500115612058
BH_s05_medium,5,23,5.766666666666667,-0.7156202793121338,0.7020289779167842
BH_s05_medium,5,24,5.8,-0.9765058755874634,0.6292479097656748
BH_s05_medium,5,25,5.833333333333333,-1.2190330028533936,0.5078902647618376
BH_s05_medium,5,26,5.866666666666666,-1.3937653303146362,0.3561755910605465
BH_s05_medium,5,27,5.9,-1.5279778242111206,0.1772605714153296
BH_s05_medium,5,28,5.933333333333334,-1.0456109046936035,-0.03566034123722071
BH_s05_medium,5,29,5.966666666666667,0.020093053579330444,-0.286895863550347
BH_s05_medium,5,30,6.0,1.494073510169983,-0.5661022797673588
BH_s05_medium,5,31,6.033333333333333,2.34629487991333,-0.8434614501689025
BH_s05_medium,5,32,6.066666666666666,2.249781608581543,-1.0743451423832728
BH_s05_medium,5,33,6.1,1.5505239963531494,-1.2106640279238028
BH_s05_medium,5,34,6.133333333333334,0.6768620014190674,-1.2145047099692263
BH_s05_medium,5,35,6.166666666666667,-0.11412154883146286,-1.070237679478491
BH_s05_medium,5,36,6.2,-0.6442194581031799,-0.7916715019362355
BH_s05_medium,5,37,6.233333333333333,-0.8356052041053772,-0.4213180454874086
BH_s05_medium,5,38,6.266666666666667,-0.6823780536651611,-0.02070277287381377
BH_s05_medium,5,39,6.3,-0.41906651854515076,0.3460199314494305
BH_s05_medium,5,40,6.333333333333333,-0.1557549685239792,0.6294336085674953
BH_s05_medium,5,41,6.366666666666666,-0.20584741234779358,0.8062627967907036
BH_s05_medium,5,42,6.4,-0.2920006513595581,0.8802765314093074
BH_s05_medium,5,43,6.433333333333334,-0.5553122162818909,0.8730035250227942
BH_s05_medium,5,44,6.466666666666667,-0.8186237215995789,0.809240323283377
BH_s05_medium,5,45,6.5,-0.9933561086654663,0.7045006460904737
BH_s05_medium,5,46,6.533333333333333,-1.1120953559875488,0.5602124322233349
BH_s05_medium,5,47,6.566666666666666,-0.5785214900970459,0.3685473108714862
BH_s05_medium,5,48,6.6,0.4485645294189453,0.12422479340247097
BH_s05_medium,5,49,6.633333333333334,1.7489928007125854,-0.16269563385630312
BH_s05_medium,5,50,6.666666666666667,2.3887813091278076,-0.45977300787885883
BH_s05_medium,5,51,6.7,2.2109012603759766,-0.7151448259657125
BH_s05_medium,5,52,6.733333333333333,1.4266704320907593,-0.8699442735888503
BH_s05_medium,5,53,6.766666666666667,0.5530084371566772,-0.8754652087138771
BH_s05_medium,5,54,6.8,-0.15890276432037354,-0.7091250303917312
BH_s05_medium,5,55,6.833333333333333,-0.6147802472114563,-0.3842391068553535
BH_s05_medium,5,56,6.866666666666666,-0.726044774055481,0.04969633923598499
BH_s05_medium,5,57,6.9,-0.5513123869895935,0.5169589570923231
BH_s05_medium,5,58,6.933333333333334,-0.28800082206726074,0.9330154307370412
BH_s05_medium,5,59,6.966666666666667,-0.22630372643470764,1.223873369958745
BH_s05_medium,5,60,7.0,-0.24833394587039948,1.341575325354149
BH_s05_medium,5,61,7.033333333333333,-0.4230663478374481,1.2719493530088115
BH_s05_medium,5,62,7.066666666666666,-0.5977987051010132,1.0335085102696493
BH_s05_medium,5,63,7.1,-0.861110270023346,0.6689753469339248
BH_s05_medium,5,64,7.133333333333334,-1.0358426570892334,0.23271169969382785
BH_s05_medium,5,65,7.166666666666667,-1.1021947860717773,-0.22175880818639318
BH_s05_medium,5,66,7.2,-0.7204053997993469,-0.6501191449244307
BH_s05_medium,5,67,7.233333333333333,0.25193318724632263,-1.0193840568441013
BH_s05_medium,5,68,7.266666666666667,1.5610162019729614,-1.3049747945606058
BH_s05_medium,5,69,7.3,2.342688798904419,-1.4864681416689656
BH_s05_medium,5,70,7.333333333333333,2.258370876312256,-1.5456270002786583
BH_s05_medium,5,71,7.366666666666666,1.6524784564971924,-1.4683206806986844
BH_s05_medium,5,72,7.4,0.7834715247154236,-1.2497738843850787
BH_s05_medium,5,73,7.433333333333334,-0.011118076741695404,-0.9009291123038892
BH_s05_medium,5,74,7.466666666666667,-0.4681756794452667,-0.45274125297151024
BH_s05_medium,5,75,7.5,-0.669199526309967,0.04466264856343255
BH_s05_medium,5,76,7.533333333333333,-0.597404956817627,0.5294943384431378
BH_s05_medium,5,77,7.566666666666666,-0.4226725995540619,0.9411629768582307
BH_s05_medium,5,78,7.6,-0.24794019758701324,1.2340195995405874
BH_s05_medium,5,79,7.633333333333334,-0.29082047939300537,1.386281304551042
BH_s05_medium,5,80,7.666666666666667,-0.4655528664588928,1.4004585406093657
BH_s05_medium,5,81,7.7,-0.6402852535247803,1.2957787186825995
BH_s05_medium,5,82,7.733333333333333,-0.903596818447113,1.096956707106449
BH_s05_medium,5,83,7.766666666666667,-1.0783292055130005,0.8250894041770347
BH_s05_medium,5,84,7.8,-1.2530616521835327,0.49474727121640566
BH_s05_medium,5,85,7.833333333333333,-1.189331293106079,0.11782003408453015
BH_s05_medium,5,86,7.866666666666666,-0.47256705164909363,-0.28860764141518935
BH_s05_medium,5,87,7.9,0.7095157504081726,-0.6948229635466735
BH_s05_medium,5,88,7.933333333333334,1.847275733947754,-1.0557840178433262
BH_s05_medium,5,89,7.966666666666667,2.2539126873016357,-1.3156764892082058
BH_s05_medium,5,90,8.0,1.8368489742279053,-1.4196230631534845
BH_s05_medium,5,91,8.033333333333333,1.01393461227417,-1.3296298553819024
BH_s05_medium,5,92,8.066666666666666,0.1732524037361145,-1.0396243045761187
BH_s05_medium,5,93,8.1,-0.4370979964733124,-0.5837046040892955
BH_s05_medium,5,94,8.133333333333333,-0.8744856715202332,-0.03319275991535277
BH_s05_medium,5,95,8.166666666666666,-0.9092350602149963,0.5181613166698029
BH_s05_medium,5,96,8.2,-0.7345026731491089,0.9766094723332014
BH_s05_medium,5,97,8.233333333333333,-0.5597702860832214,1.2708996781806874
BH_s05_medium,5,98,8.266666666666667,-0.5104653239250183,1.367406370799207
BH_s05_medium,5,99,8.3,-0.6851977109909058,1.2734992090106365
BH_s05_medium,5,100,8.333333333333334,-0.9485092759132385,1.028955234869597
BH_s05_medium,5,101,8.366666666666667,-1.2118208408355713,0.6894813255257976
BH_s05_medium,5,102,8.4,-1.3952736854553223,0.3094509273772749
BH_s05_medium,5,103,8.433333333333334,-1.6435703039169312,-0.06938152929902475
BH_s05_medium,5,104,8.466666666666667,-1.6397017240524292,-0.4205584144296338
BH_s05_medium,5,105,8.5,-1.1920185089111328,-0.7288945341669183
BH_s05_medium,5,106,8.533333333333333,-0.0560283437371254,-0.9833849915826911
BH_s05_medium,5,107,8.566666666666666,1.255677580833435,-1.1704066519882577
BH_s05_medium,5,108,8.6,2.059248924255371,-1.2701932290057274
BH_s05_medium,5,109,8.633333333333333,1.835800051689148,-1.258773524103735
BH_s05_medium,5,110,8.666666666666666,1.1558185815811157,-1.1154907838624655
BH_s05_medium,5,111,8.7,0.2821566164493561,-0.8334066174507854
BH_s05_medium,5,112,8.733333333333333,-0.35684552788734436,-0.4278514390044447
BH_s05_medium,5,113,8.766666666666667,-0.8990074396133423,0.061265424841140295
BH_s05_medium,5,114,8.8,-1.0235161781311035,0.5747802568418653
BH_s05_medium,5,115,8.833333333333334,-0.8034119009971619,1.045133149270466
BH_s05_medium,5,116,8.866666666666667,-0.5425263047218323,1.4089642358813663
BH_s05_medium,5,117,8.9,-0.4034620523452759,1.6179736626156436
BH_s05_medium,5,118,8.933333333333334,-0.4034620523452759,1.6459013962178541
BH_s05_medium,5,119,8.966666666666667,-0.604158878326416,1.4908792516032825
BH_s05_medium,5,120,9.0,-0.8650444746017456,1.1734269991137813
BH_s05_medium,5,121,9.033333333333333,-1.1259300708770752,0.7312169751945079
BH_s05_medium,5,122,9.066666666666666,-1.3380346298217773,0.2125250380232194
BH_s05_medium,5,123,9.1,-1.3778327703475952,-0.32965772783979713
BH_s05_medium,5,124,9.133333333333333,-0.8924493789672852,-0.8419512907250738
BH_s05_medium,5,125,9.166666666666666,0.11129501461982727,-1.2737559608870181
BH_s05_medium,5,126,9.2,1.2873458862304688,-1.5802031110879855
BH_s05_medium,5,127,9.233333333333333,1.93624746799469,-1.7256786164592652
BH_s05_medium,5,128,9.266666666666667,1.796919584274292,-1.688320439949173
BH_s05_medium,5,129,9.3,1.15234375,-1.4651784127363028
BH_s05_medium,5,130,9.333333333333334,0.3648350238800049,-1.076623347473227
BH_s05_medium,5,131,9.366666666666667,-0.21856766939163208,-0.567616703829892
BH_s05_medium,5,132,9.4,-0.6051421165466309,-0.003430886421580206
BH_s05_medium,5,133,9.433333333333334,-0.669199526309967,0.5409566537616285
BH_s05_medium,5,134,9.466666666666667,-0.5412805080413818,0.9955896225905423
BH_s05_medium,5,135,9.5,-0.2976388931274414,1.3096714954929671
BH_s05_medium,5,136,9.533333333333333,-0.15254263579845428,1.4601781449595874
BH_s05_medium,5,137,9.566666666666666,-0.23869585990905762,1.4521917306259653
BH_s05_medium,5,138,9.6,-0.42339447140693665,1.3115758215727658
BH_s05_medium,5,139,9.633333333333333,-0.6842800974845886,1.0732957211565615
BH_s05_medium,5,140,9.666666666666666,-1.0286304950714111,0.7695988148954594
BH_s05_medium,5,141,9.7,-1.2060513496398926,0.4222061137776028
BH_s05_medium,5,142,9.733333333333333,-1.3778327703475952,0.04213374500544798
BH_s05_medium,5,143,9.766666666666667,-1.2050013542175293,-0.3619251911711828
BH_s05_medium,5,144,9.8,-0.4264088273048401,-0.7709271455090455
BH_s05_medium,5,145,9.833333333333334,0.7875391840934753,-1.1464561659609045
BH_s05_medium,5,146,9.866666666666667,1.7732521295547485,-1.4317778861680248
BH_s05_medium,5,147,9.9,1.9114632606506348,-1.564120412887561
BH_s05_medium,5,148,9.933333333333334,1.4252933263778687,-1.493993328618902
BH_s05_medium,5,149,9.966666666666667,0.5659244656562805,-1.204254258763637
BH_s05_medium,5,150,10.0,-0.16886897385120392,-0.7215538954648179
BH_s05_medium,5,151,10.033333333333333,-0.7146369814872742,-0.11541985619739434
BH_s05_medium,5,152,10.066666666666666,-0.999519407749176,0.5155021614060175
BH_s05_medium,5,153,10.1,-0.9613596796989441,1.0660619331681322
BH_s05_medium,5,154,10.133333333333333,-0.7866272926330566,1.4489480442298521
BH_s05_medium,5,155,10.166666666666666,-0.6118949055671692,1.613247516938177
BH_s05_medium,5,156,10.2,-0.4920412003993988,1.5523030484386706
BH_s05_medium,5,157,10.233333333333333,-0.633073091506958,1.2998355275802933
BH_s05_medium,5,158,10.266666666666667,-0.8578323125839233,0.9165561516871098
BH_s05_medium,5,159,10.3,-1.0711170434951782,0.4716287894922918
BH_s05_medium,5,160,10.333333333333334,-1.2458494901657104,0.02459308638362452
BH_s05_medium,5,161,10.366666666666667,-1.4205818176269531,-0.3862845417543735
BH_s05_medium,5,162,10.4,-1.426088809967041,-0.7445602098025194
BH_s05_medium,5,163,10.433333333333334,-1.0111885070800781,-1.0448410889967328
BH_s05_medium,5,164,10.466666666666667,-0.013476177118718624,-1.2772207896480177
BH_s05_medium,5,165,10.5,1.1565426588058472,-1.4170750863618315
BH_s05_medium,5,166,10.533333333333333,1.9302154779434204,-1.4269626883328657
BH_s05_medium,5,167,10.566666666666666,1.8150156736373901,-1.270152610722062
BH_s05_medium,5,168,10.6,1.150704264640808,-0.929655260463323
BH_s05_medium,5,169,10.633333333333333,0.30038389563560486,-0.4244463753850599
BH_s05_medium,5,170,10.666666666666666,-0.309966504573822,0.18449315467767036
BH_s05_medium,5,171,10.7,-0.7947582006454468,0.8020993368339067
BH_s05_medium,5,172,10.733333333333333,-0.9349370002746582,1.3196732742579762
BH_s05_medium,5,173,10.766666666666667,-0.9212990999221802,1.6417039627222358
BH_s05_medium,5,174,10.8,-0.669199526309967,1.7106087055375196
BH_s05_medium,5,175,10.833333333333334,-0.5806203484535217,1.5215379812362528
BH_s05_medium,5,176,10.866666666666667,-0.5869805216789246,1.122430622769336
BH_s05_medium,5,177,10.9,-0.761712908744812,0.5991467432400713
BH_s05_medium,5,178,10.933333333333334,-1.0250244140625,0.05051158753045224
BH_s05_medium,5,179,10.966666666666667,-1.1997568607330322,-0.4381920607047429
BH_s05_medium,5,180,11.0,-1.374489188194275,-0.8139706030229384
BH_s05_medium,5,181,11.033333333333333,-1.5492216348648071,-1.0609371020570977
BH_s05_medium,5,182,11.066666666666666,-1.563186526298523,-1.1912748776977833
BH_s05_medium,5,183,11.1,-0.8994646668434143,-1.2284797398933038
BH_s05_medium,5,184,11.133333333333333,0.1383083462715149,-1.1915572917681643
BH_s05_medium,5,185,11.166666666666666,1.3638609647750854,-1.086981631851602
BH_s05_medium,5,186,11.2,1.7931177616119385,-0.9103951824033497
BH_s05_medium,5,187,11.233333333333333,1.517675518989563,-0.6552392003602641
BH_s05_medium,5,188,11.266666666666667,0.7732428312301636,-0.32321396124762797
BH_s05_medium,5,189,11.3,0.026385357603430748,0.06816766662184837
BH_s05_medium,5,190,11.333333333333334,-0.6749701499938965,0.48379570511213116
BH_s05_medium,5,191,11.366666666666667,-1.0520377159118652,0.8754760256002886
BH_s05_medium,5,192,11.4,-1.1120953559875488,1.1911971351620014
BH_s05_medium,5,193,11.433333333333334,-0.9161190986633301,1.3861968988434001
BH_s05_medium,5,194,11.466666666666667,-0.706506073474884,1.432389893696853
BH_s05_medium,5,195,11.5,-0.5806203484535217,1.323463549461958
BH_s05_medium,5,196,11.533333333333333,-0.6270411014556885,1.0747769979662638
BH_s05_medium,5,197,11.566666666666666,-0.8017734885215759,0.719076577089366
BH_s05_medium,5,198,11.6,-1.0650850534439087,0.3000206413949245
BH_s05_medium,5,199,11.633333333333333,-1.3283965587615967,-0.13441265329179053
BH_s05_medium,5,200,11.666666666666666,-1.503129005432129,-0.5370540140350546
BH_s05_medium,5,201,11.7,-1.6435703039169312,-0.8647582500769118
BH_s05_medium,5,202,11.733333333333333,-1.3389512300491333,-1.0807336299621222
BH_s05_medium,5,203,11.766666666666667,-0.40398484468460083,-1.1575635815218486
BH_s05_medium,5,204,11.8,0.7600019574165344,-1.0814322175443694
BH_s05_medium,5,205,11.833333333333334,1.594454288482666,-0.8566273505314059
BH_s05_medium,5,206,11.866666666666667,1.5673742294311523,-0.5088762041503969
BH_s05_medium,5,207,11.9,1.0037059783935547,-0.0859268917365312
BH_s05_medium,5,208,11.933333333333334,0.23593275249004364,0.34658053626819757
BH_s05_medium,5,209,11.966666666666667,-0.35953396558761597,0.7154106731888364
BH_s05_medium,5,210,12.0,-0.7826942205429077,0.9552878971505314
BH_s05_medium,5,211,12.033333333333333,-0.9249051809310913,1.0255059734434324
BH_s05_medium,5,212,12.066666666666666,-0.7425668835639954,0.9212616212110297
BH_s05_medium,5,213,12.1,-0.3982820510864258,0.6743755108960435
BH_s05_medium,5,214,12.133333333333333,-0.22630372643470764,0.34238812110038047
BH_s05_medium,5,215,12.166666666666666,-0.22663185000419617,-0.009886163357887974
BH_s05_medium,5,216,12.2,-0.4013642370700836,-0.32934303077082766
BH_s05_medium,5,217,12.233333333333333,-0.5760966539382935,-0.5871986500767337
BH_s05_medium,5,218,12.266666666666667,-0.8394081592559814,-0.7808617150971904
BH_s05_medium,5,219,12.3,-1.0933440923690796,-0.9248635858641125
BH_s05_medium,5,220,12.333333333333334,-1.2006744146347046,-1.0351455522949227
BH_s05_medium,5,221,12.366666666666667,-0.8146884441375732,-1.1140318511667047
BH_s05_medium,5,222,12.4,0.04474607855081558,-1.143258994655711
BH_s05_medium,5,223,12.433333333333334,1.23456609249115,-1.0891244001873202
BH_s05_medium,5,224,12.466666666666667,2.0122387409210205,-0.9182609165031195
BH_s05_medium,5,225,12.5,1.9474583864212036,-0.6172152812820629
BH_s05_medium,5,226,12.533333333333333,1.3849703073501587,-0.20655749004265736
BH_s05_medium,5,227,12.566666666666666,0.6860406994819641,0.2578285009478659
BH_s05_medium,5,228,12.6,0.1330605298280716,0.6978895420989368
BH_s05_medium,5,229,12.633333333333333,-0.15903401374816895,1.0359959119235331
BH_s05_medium,5,230,12.666666666666666,-0.31488287448883057,1.2179251624981768
BH_s05_medium,5,231,12.7,-0.17621128261089325,1.2274677463267818
BH_s05_medium,5,232,12.733333333333333,-0.0491454117000103,1.0881349696180231
BH_s05_medium,5,233,12.766666666666667,0.03943374752998352,0.8531078372364747
BH_s05_medium,5,234,12.8,0.12801291048526764,0.5886272938184726
BH_s05_medium,5,235,12.833333333333334,0.12801291048526764,0.3568211882813574
BH_s05_medium,5,236,12.866666666666667,0.0014709351817145944,0.2019327377328129
BH_s05_medium,5,237,12.9,-0.08468229323625565,0.141634821076741
BH_s05_medium,5,238,12.933333333333334,-0.29252564907073975,0.16447879038855823
BH_s05_medium,5,239,12.966666666666667,-0.46135616302490234,0.23434318583984112
BH_s05_medium,6,0,6.0,1.494073510169983,0.07831202820873213
BH_s05_medium,6,1,6.033333333333333,2.34629487991333,-0.049162091840356914
BH_s05_medium,6,2,6.066666666666666,2.249781608581543,-0.16519701424666525
BH_s05_medium,6,3,6.1,1.5505239963531494,-0.25180433185602236
BH_s05_medium,6,4,6.133333333333334,0.6768620014190674,-0.2832625080119796
BH_s05_medium,6,5,6.166666666666667,-0.11412154883146286,-0.2331778505938833
BH_s05_medium,6,6,6.2,-0.6442194581031799,-0.08737957277965389
BH_s05_medium,6,7,6.233333333333333,-0.8356052041053772,0.14453975649510942
BH_s05_medium,6,8,6.266666666666667,-0.6823780536651611,0.42668052898966663
BH_s05_medium,6,9,6.3,-0.41906651854515076,0.7063370519176728
BH_s05_medium,6,10,6.333333333333333,-0.1557549685239792,0.9314235529264414
BH_s05_medium,6,11,6.366666666666666,-0.20584741234779358,1.066838891439124
BH_s05_medium,6,12,6.4,-0.2920006513595581,1.101724438356772
BH_s05_medium,6,13,6.433333333333334,-0.5553122162818909,1.0451591467627646
BH_s05_medium,6,14,6.466666666666667,-0.8186237215995789,0.9142409413795709
BH_s05_medium,6,15,6.5,-0.9933561086654663,0.7221084340647845
BH_s05_medium,6,16,6.533333333333333,-1.1120953559875488,0.4725653940544431
BH_s05_medium,6,17,6.566666666666666,-0.5785214900970459,0.16379589098990938
BH_s05_medium,6,18,6.6,0.4485645294189453,-0.2011783187409688
BH_s05_medium,6,19,6.633333333333334,1.7489928007125854,-0.6029958612880273
BH_s05_medium,6,20,6.666666666666667,2.3887813091278076,-0.9997467985942761
BH_s05_medium,6,21,6.7,2.2109012603759766,-1.3301560703357087
BH_s05_medium,6,22,6.733333333333333,1.4266704320907593,-1.526191199956066
BH_s05_medium,6,23,6.766666666666667,0.5530084371566772,-1.531337916008262
BH_s05_medium,6,24,6.8,-0.15890276432037354,-1.318889391649666
BH_s05_medium,6,25,6.833333333333333,-0.6147802472114563,-0.9043757822841418
BH_s05_medium,6,26,6.866666666666666,-0.726044774055481,-0.3472299433285923
BH_s05_medium,6,27,6.9,-0.5513123869895935,0.2603381305116933
BH_s05_medium,6,28,6.933333333333334,-0.28800082206726074,0.8145230257286554
BH_s05_medium,6,29,6.966666666666667,-0.22630372643470764,1.2243185608820135
BH_s05_medium,6,30,7.0,-0.24833394587039948,1.4313615575613967
BH_s05_medium,6,31,7.033333333333333,-0.4230663478374481,1.4196490018232875
BH_s05_medium,6,32,7.066666666666666,-0.5977987051010132,1.2133039526936025
BH_s05_medium,6,33,7.1,-0.861110270023346,0.8644300632872377
BH_s05_medium,6,34,7.133333333333334,-1.0358426570892334,0.43598346085992196
BH_s05_medium,6,35,7.166666666666667,-1.1021947860717773,-0.014173844079750525
BH_s05_medium,6,36,7.2,-0.7204053997993469,-0.44267415335039456
BH_s05_medium,6,37,7.233333333333333,0.25193318724632263,-0.8211299020037452
BH_s05_medium,6,38,7.266666666666667,1.5610162019729614,-1.129673650745545
BH_s05_medium,6,39,7.3,2.342688798904419,-1.3488035884916578
BH_s05_medium,6,40,7.333333333333333,2.258370876312256,-1.455053753084675
BH_s05_medium,6,41,7.366666666666666,1.6524784564971924,-1.4235861191474752
BH_s05_medium,6,42,7.4,0.7834715247154236,-1.2372388098993037
BH_s05_medium,6,43,7.433333333333334,-0.011118076741695404,-0.8982243989073816
BH_s05_medium,6,44,7.466666666666667,-0.4681756794452667,-0.43671581483839306
BH_s05_medium,6,45,7.5,-0.669199526309967,0.08899130277742201
BH_s05_medium,6,46,7.533333333333333,-0.597404956817627,0.602920395092672
BH_s05_medium,6,47,7.566666666666666,-0.4226725995540619,1.0298027812713897
BH_s05_medium,6,48,7.6,-0.24794019758701324,1.3143824632387444
BH_s05_medium,6,49,7.633333333333334,-0.29082047939300537,1.43357040278056
BH_s05_medium,6,50,7.666666666666667,-0.4655528664588928,1.3968872646278703
BH_s05_medium,6,51,7.7,-0.6402852535247803,1.2363438534412754
BH_s05_medium,6,52,7.733333333333333,-0.903596818447113,0.9913489865607096
BH_s05_medium,6,53,7.766666666666667,-1.0783292055130005,0.6955474983693193
BH_s05_medium,6,54,7.8,-1.2530616521835327,0.3706228658186941
BH_s05_medium,6,55,7.833333333333333,-1.189331293106079,0.02837937283560798
BH_s05_medium,6,56,7.866666666666666,-0.47256705164909363,-0.32129300598940597
BH_s05_medium,6,57,7.9,0.7095157504081726,-0.6612026645397389
BH_s05_medium,6,58,7.933333333333334,1.847275733947754,-0.9611578065180229
BH_s05_medium,6,59,7.966666666666667,2.2539126873016357,-1.1789896912656486
BH_s05_medium,6,60,8.0,1.8368489742279053,-1.2690349234316833
BH_s05_medium,6,61,8.033333333333333,1.01393461227417,-1.1960079170608546
BH_s05_medium,6,62,8.066666666666666,0.1732524037361145,-0.9496769493118286
BH_s05_medium,6,63,8.1,-0.4370979964733124,-0.5545184294437411
BH_s05_medium,6,64,8.133333333333333,-0.8744856715202332,-0.06945402303048046
BH_s05_medium,6,65,8.166666666666666,-0.9092350602149963,0.4239016531354529
BH_s05_medium,6,66,8.2,-0.7345026731491089,0.8413103038262355
BH_s05_medium,6,67,8.233333333333333,-0.5597702860832214,1.117289685806961
BH_s05_medium,6,68,8.266666666666667,-0.5104653239250183,1.220013174735503
BH_s05_medium,6,69,8.3,-0.6851977109909058,1.154588213373173
BH_s05_medium,6,70,8.333333333333334,-0.9485092759132385,0.9544671685271131
BH_s05_medium,6,71,8.366666666666667,-1.2118208408355713,0.6657455503949964
BH_s05_medium,6,72,8.4,-1.3952736854553223,0.33186776356598435
BH_s05_medium,6,73,8.433333333333334,-1.6435703039169312,-0.01491981411463597
BH_s05_medium,6,74,8.466666666666667,-1.6397017240524292,-0.35365296106298144
BH_s05_medium,6,75,8.5,-1.1920185089111328,-0.6690641937962873
BH_s05_medium,6,76,8.533333333333333,-0.0560283437371254,-0.9445371743648483
BH_s05_medium,6,77,8.566666666666666,1.255677580833435,-1.1570735328920503
BH_s05_medium,6,78,8.6,2.059248924255371,-1.2768351674777818
BH_s05_medium,6,79,8.633333333333333,1.835800051689148,-1.2725757487718956
BH_s05_medium,6,80,8.666666666666666,1.1558185815811157,-1.1219556311347423
BH_s05_medium,6,81,8.7,0.2821566164493561,-0.8229796888290758
BH_s05_medium,6,82,8.733333333333333,-0.35684552788734436,-0.4011752989541221
BH_s05_medium,6,83,8.766666666666667,-0.8990074396133423,0.0917503377114304
BH_s05_medium,6,84,8.8,-1.0235161781311035,0.5880952621023993
BH_s05_medium,6,85,8.833333333333334,-0.8034119009971619,1.0192973512226515
BH_s05_medium,6,86,8.866666666666667,-0.5425263047218323,1.3303503684729379
BH_s05_medium,6,87,8.9,-0.4034620523452759,1.488881649393531
BH_s05_medium,6,88,8.933333333333334,-0.4034620523452759,1.4869832295062002
BH_s05_medium,6,89,8.966666666666667,-0.604158878326416,1.3368450913274172
BH_s05_medium,6,90,9.0,-0.8650444746017456,1.0632604814579099
BH_s05_medium,6,91,9.033333333333333,-1.1259300708770752,0.6965487721688267
BH_s05_medium,6,92,9.066666666666666,-1.3380346298217773,0.26843020687824826
BH_s05_medium,6,93,9.1,-1.3778327703475952,-0.18846609601691777
BH_s05_medium,6,94,9.133333333333333,-0.8924493789672852,-0.6386358872887805
BH_s05_medium,6,95,9.166666666666666,0.11129501461982727,-1.0416738230753047
BH_s05_medium,6,96,9.2,1.2873458862304688,-1.3528063508093504
BH_s05_medium,6,97,9.233333333333333,1.93624746799469,-1.5277053190667504
BH_s05_medium,6,98,9.266666666666667,1.796919584274292,-1.5314981153743468
BH_s05_medium,6,99,9.3,1.15234375,-1.3497209703360697
BH_s05_medium,6,100,9.333333333333334,0.3648350238800049,-0.9972334324141515
BH_s05_medium,6,101,9.366666666666667,-0.21856766939163208,-0.5207019936549027
BH_s05_medium,6,102,9.4,-0.6051421165466309,0.008213904497383344
BH_s05_medium,6,103,9.433333333333334,-0.669199526309967,0.5083770094829567
BH_s05_medium,6,104,9.466666666666667,-0.5412805080413818,0.9085896069466302
BH_s05_medium,6,105,9.5,-0.2976388931274414,1.1637352249343682
BH_s05_medium,6,106,9.533333333333333,-0.15254263579845428,1.2617444694299897
BH_s05_medium,6,107,9.566666666666666,-0.23869585990905762,1.219602851620326
BH_s05_medium,6,108,9.6,-0.42339447140693665,1.0712089802397435
BH_s05_medium,6,109,9.633333333333333,-0.6842800974845886,0.8526324975837863
BH_s05_medium,6,110,9.666666666666666,-1.0286304950714111,0.590283336770585
BH_s05_medium,6,111,9.7,-1.2060513496398926,0.29596182463271503
BH_s05_medium,6,112,9.733333333333333,-1.3778327703475952,-0.029104998516625534
BH_s05_medium,6,113,9.766666666666667,-1.2050013542175293,-0.3822977711770342
BH_s05_medium,6,114,9.8,-0.4264088273048401,-0.7453749341732401
BH_s05_medium,6,115,9.833333333333334,0.7875391840934753,-1.0763252070087912
BH_s05_medium,6,116,9.866666666666667,1.7732521295547485,-1.313404522403582
BH_s05_medium,6,117,9.9,1.9114632606506348,-1.3915812500451599
BH_s05_medium,6,118,9.933333333333334,1.4252933263778687,-1.2655602155711796
BH_s05_medium,6,119,9.966666666666667,0.5659244656562805,-0.9300797632584921
BH_s05_medium,6,120,10.0,-0.16886897385120392,-0.42868547837616394
BH_s05_medium,6,121,10.033333333333333,-0.7146369814872742,0.15347502368327345
BH_s05_medium,6,122,10.066666666666666,-0.999519407749176,0.7108523487406452
BH_s05_medium,6,123,10.1,-0.9613596796989441,1.1450953426867927
BH_s05_medium,6,124,10.133333333333333,-0.7866272926330566,1.3892601408125502
BH_s05_medium,6,125,10.166666666666666,-0.6118949055671692,1.4208572790417633
BH_s05_medium,6,126,10.2,-0.4920412003993988,1.260990050011148
BH_s05_medium,6,127,10.233333333333333,-0.633073091506958,0.9620057580369128
BH_s05_medium,6,128,10.266666666666667,-0.8578323125839233,0.589010228221398
BH_s05_medium,6,129,10.3,-1.0711170434951782,0.20121946325574708
BH_s05_medium,6,130,10.333333333333334,-1.2458494901657104,-0.16152248340076555
BH_s05_medium,6,131,10.366666666666667,-1.4205818176269531,-0.4830427649743937
BH_s05_medium,6,132,10.4,-1.426088809967041,-0.7641855062180494
BH_s05_medium,6,133,10.433333333333334,-1.0111885070800781,-1.0076213495305126
BH_s05_medium,6,134,10.466666666666667,-0.013476177118718624,-1.2018471206524144
BH_s05_medium,6,135,10.5,1.1565426588058472,-1.3140714589590394
BH_s05_medium,6,136,10.533333333333333,1.9302154779434204,-1.2972911665635247
BH_s05_medium,6,137,10.566666666666666,1.8150156736373901,-1.1092256314948534
BH_s05_medium,6,138,10.6,1.150704264640808,-0.7349655297775756
BH_s05_medium,6,139,10.633333333333333,0.30038389563560486,-0.2033806194635353
BH_s05_medium,6,140,10.666666666666666,-0.309966504573822,0.41051349605724374
BH_s05_medium,6,141,10.7,-0.7947582006454468,0.9997372015357892
BH_s05_medium,6,142,10.733333333333333,-0.9349370002746582,1.4520025534656928
BH_s05_medium,6,143,10.766666666666667,-0.9212990999221802,1.6798048835138673
BH_s05_medium,6,144,10.8,-0.669199526309967,1.6437924312598025
BH_s05_medium,6,145,10.833333333333334,-0.5806203484535217,1.3619472672965882
BH_s05_medium,6,146,10.866666666666667,-0.5869805216789246,0.9021209471830746
BH_s05_medium,6,147,10.9,-0.761712908744812,0.3609722702965177
BH_s05_medium,6,148,10.933333333333334,-1.0250244140625,-0.1633610298357252
BH_s05_medium,6,149,10.966666666666667,-1.1997568607330322,-0.595738969061854
BH_s05_medium,6,150,11.0,-1.374489188194275,-0.8978538225634567
BH_s05_medium,6,151,11.033333333333333,-1.5492216348648071,-1.0678499999177242
BH_s05_medium,6,152,11.066666666666666,-1.563186526298523,-1.1278935995138022
BH_s05_medium,6,153,11.1,-0.8994646668434143,-1.1065475713284427
BH_s05_medium,6,154,11.133333333333333,0.1383083462715149,-1.0241937351443795
BH_s05_medium,6,155,11.166666666666666,1.3638609647750854,-0.8873131545807842
BH_s05_medium,6,156,11.2,1.7931177616119385,-0.6925236362969814
BH_s05_medium,6,157,11.233333333333333,1.517675518989563,-0.43659454792371477
BH_s05_medium,6,158,11.266666666666667,0.7732428312301636,-0.12656907949024523
BH_s05_medium,6,159,11.3,0.026385357603430748,0.214960051720836
BH_s05_medium,6,160,11.333333333333334,-0.6749701499938965,0.5515188661311587
BH_s05_medium,6,161,11.366666666666667,-1.0520377159118652,0.8403082666400965
BH_s05_medium,6,162,11.4,-1.1120953559875488,1.0424865742632576
BH_s05_medium,6,163,11.433333333333334,-0.9161190986633301,1.1323272090223087
BH_s05_medium,6,164,11.466666666666667,-0.706506073474884,1.1020090118924606
BH_s05_medium,6,165,11.5,-0.5806203484535217,0.9606908052515469
BH_s05_medium,6,166,11.533333333333333,-0.6270411014556885,0.7291810305757008
BH_s05_medium,6,167,11.566666666666666,-0.8017734885215759,0.4334197166979706
BH_s05_medium,6,168,11.6,-1.0650850534439087,0.09995943649360145
BH_s05_medium,6,169,11.633333333333333,-1.3283965587615967,-0.24494861994229547
BH_s05_medium,6,170,11.666666666666666,-1.503129005432129,-0.5731348501628601
BH_s05_medium,6,171,11.7,-1.6435703039169312,-0.851568689666599
BH_s05_medium,6,172,11.733333333333333,-1.3389512300491333,-1.0422059524040828
BH_s05_medium,6,173,11.766666666666667,-0.40398484468460083,-1.1072044686096718
BH_s05_medium,6,174,11.8,0.7600019574165344,-1.0190014448426852
BH_s05_medium,6,175,11.833333333333334,1.594454288482666,-0.771709861460359
BH_s05_medium,6,176,11.866666666666667,1.5673742294311523,-0.3893842773166664
BH_s05_medium,6,177,11.9,1.0037059783935547,0.07249018151860842
BH_s05_medium,6,178,11.933333333333334,0.23593275249004364,0.5345057429516034
BH_s05_medium,6,179,11.966666666666667,-0.35953396558761597,0.9097771830192631
BH_s05_medium,6,180,12.0,-0.7826942205429077,1.1258774242771197
BH_s05_medium,6,181,12.033333333333333,-0.9249051809310913,1.1454494753256468
BH_s05_medium,6,182,12.066666666666666,-0.7425668835639954,0.9773532171991702
BH_s05_medium,6,183,12.1,-0.3982820510864258,0.6728461232890689
BH_s05_medium,6,184,12.133333333333333,-0.22630372643470764,0.3076685456770455
BH_s05_medium,6,185,12.166666666666666,-0.22663185000419617,-0.04277009262923134
BH_s05_medium,6,186,12.2,-0.4013642370700836,-0.32546266180902883
BH_s05_medium,6,187,12.233333333333333,-0.5760966539382935,-0.521297651688558
BH_s05_medium,6,188,12.266666666666667,-0.8394081592559814,-0.6425427888078703
BH_s05_medium,6,189,12.3,-1.0933440923690796,-0.7182403867151091
BH_s05_medium,6,190,12.333333333333334,-1.2006744146347046,-0.7741161036566727
BH_s05_medium,6,191,12.366666666666667,-0.8146884441375732,-0.815907392711258
BH_s05_medium,6,192,12.4,0.04474607855081558,-0.8238231413860942
BH_s05_medium,6,193,12.433333333333334,1.23456609249115,-0.7612350565811912
BH_s05_medium,6,194,12.466666666666667,2.0122387409210205,-0.5942165569955788
BH_s05_medium,6,195,12.5,1.9474583864212036,-0.3130542464702621
BH_s05_medium,6,196,12.533333333333333,1.3849703073501587,0.05481295023542876
BH_s05_medium,6,197,12.566666666666666,0.6860406994819641,0.44749953658518576
BH_s05_medium,6,198,12.6,0.1330605298280716,0.7866680179179515
BH_s05_medium,6,199,12.633333333333333,-0.15903401374816895,1.0030176746176618
BH_s05_medium,6,200,12.666666666666666,-0.31488287448883057,1.0581031173258368
BH_s05_medium,6,201,12.7,-0.17621128261089325,0.9535289900948509
BH_s05_medium,6,202,12.733333333333333,-0.0491454117000103,0.7249963670968798
BH_s05_medium,6,203,12.766666666666667,0.03943374752998352,0.4256759057853893
BH_s05_medium,6,204,12.8,0.12801291048526764,0.10731400978239547
BH_s05_medium,6,205,12.833333333333334,0.12801291048526764,-0.1930696906516756
BH_s05_medium,6,206,12.866666666666667,0.0014709351817145944,-0.45704351513913327
BH_s05_medium,6,207,12.9,-0.08468229323625565,-0.6799393685248597
BH_s05_medium,6,208,12.933333333333334,-0.29252564907073975,-0.8609213026869555
BH_s05_medium,6,209,12.966666666666667,-0.46135616302490234,-0.9926558755693266
BH_s05_medium,6,210,13.0,-0.02468816190958023,-1.0554654263756538
BH_s05_medium,6,211,13.033333333333333,0.9288992285728455,-1.0194572953914494
BH_s05_medium,6,212,13.066666666666666,2.1937906742095947,-0.8548179324391952
BH_s05_medium,6,213,13.1,2.8949482440948486,-0.5467665183580639
BH_s05_medium,6,214,13.133333333333333,2.8368561267852783,-0.10938477434314867
BH_s05_medium,6,215,13.166666666666666,2.2779738903045654,0.4079437822231151
BH_s05_medium,6,216,13.2,1.4904652833938599,0.9263065345254077
BH_s05_medium,6,217,13.233333333333333,0.8801149129867554,1.3557020732463596
BH_s05_medium,6,218,13.266666666666667,0.3760470151901245,1.620068421498593
BH_s05_medium,6,219,13.3,0.2101663053035736,1.678606061942086
BH_s05_medium,6,220,13.333333333333334,0.21659205853939056,1.534849030128791
BH_s05_medium,6,221,13.366666666666667,0.3051712214946747,1.23101591136314
BH_s05_medium,6,222,13.4,0.3051712214946747,0.8315110148938121
BH_s05_medium,6,223,13.433333333333334,0.13129085302352905,0.4031559298604603
BH_s05_medium,6,224,13.466666666666667,-0.0434415340423584,-0.0002841144188845334
BH_s05_medium,6,225,13.5,-0.21817392110824585,-0.3448162715138173
BH_s05_medium,6,226,13.533333333333333,-0.4814854562282562,-0.6141330548972531
BH_s05_medium,6,227,13.566666666666666,-0.6562178730964661,-0.8023608603784508
BH_s05_medium,6,228,13.6,-0.8309502601623535,-0.9067413505595211
BH_s05_medium,6,229,13.633333333333333,-0.6162874102592468,-0.9242554911021187
BH_s05_medium,6,230,13.666666666666666,0.026715686544775963,-0.8534040976873546
BH_s05_medium,6,231,13.7,1.1434297561645508,-0.6995090919483792
BH_s05_medium,6,232,13.733333333333333,2.0648882389068604,-0.4803608183388673
BH_s05_medium,6,233,13.766666666666667,2.342491865158081,-0.22894109984894678
BH_s05_medium,6,234,13.8,1.8422904014587402,0.009150309384133616
BH_s05_medium,6,235,13.833333333333334,1.1433608531951904,0.1842818360758577
BH_s05_medium,6,236,13.866666666666667,0.3558520972728729,0.2558627804496029
BH_s05_medium,6,237,13.9,-0.15182186663150787,0.20593218855637788
BH_s05_medium,6,238,13.933333333333334,-0.45237433910369873,0.04767946864574746
BH_s05_medium,6,239,13.966666666666667,-0.4920412003993988,-0.17568195945973802
BH_s05_medium,7,0,7.0,-0.24833394587039948,-0.042720745950289934
BH_s05_medium,7,1,7.033333333333333,-0.4230663478374481,0.5728494646937055
BH_s05_medium,7,2,7.066666666666666,-0.5977987051010132,1.074751901939472
BH_s05_medium,7,3,7.1,-0.861110270023346,1.3742102870519086
BH_s05_medium,7,4,7.133333333333334,-1.0358426570892334,1.4263900474388311
BH_s05_medium,7,5,7.166666666666667,-1.1021947860717773,1.2370350886481267
BH_s05_medium,7,6,7.2,-0.7204053997993469,0.8559238196413708
BH_s05_medium,7,7,7.233333333333333,0.25193318724632263,0.36191028218192733
BH_s05_medium,7,8,7.266666666666667,1.5610162019729614,-0.15433712880233214
BH_s05_medium,7,9,7.3,2.342688798904419,-0.6060888324627879
BH_s05_medium,7,10,7.333333333333333,2.258370876312256,-0.9233139544229483
BH_s05_medium,7,11,7.366666666666666,1.6524784564971924,-1.062074898203439
BH_s05_medium,7,12,7.4,0.7834715247154236,-1.0103661627977967
BH_s05_medium,7,13,7.433333333333334,-0.011118076741695404,-0.7896901857524397
BH_s05_medium,7,14,7.466666666666667,-0.4681756794452667,-0.45099176946343655
BH_s05_medium,7,15,7.5,-0.669199526309967,-0.06386319648635422
BH_s05_medium,7,16,7.533333333333333,-0.597404956817627,0.30005619809346773
BH_s05_medium,7,17,7.566666666666666,-0.4226725995540619,0.5852724473872102
BH_s05_medium,7,18,7.6,-0.24794019758701324,0.7653224147465676
BH_s05_medium,7,19,7.633333333333334,-0.29082047939300537,0.8442928568642826
BH_s05_medium,7,20,7.666666666666667,-0.4655528664588928,0.8462117440006218
BH_s05_medium,7,21,7.7,-0.6402852535247803,0.797884789593257
BH_s05_medium,7,22,7.733333333333333,-0.903596818447113,0.7138094595248367
BH_s05_medium,7,23,7.766666666666667,-1.0783292055130005,0.5902105674348412
BH_s05_medium,7,24,7.8,-1.2530616521835327,0.41034228022717917
BH_s05_medium,7,25,7.833333333333333,-1.189331293106079,0.15788941033909165
BH_s05_medium,7,26,7.866666666666666,-0.47256705164909363,-0.16781876402463827
BH_s05_medium,7,27,7.9,0.7095157504081726,-0.5413318406910874
BH_s05_medium,7,28,7.933333333333334,1.847275733947754,-0.9099443977240008
BH_s05_medium,7,29,7.966666666666667,2.2539126873016357,-1.2033236571035466
BH_s05_medium,7,30,8.0,1.8368489742279053,-1.3518016076192345
BH_s05_medium,7,31,8.033333333333333,1.01393461227417,-1.308063045781251
BH_s05_medium,7,32,8.066666666666666,0.1732524037361145,-1.0649044019974516
BH_s05_medium,7,33,8.1,-0.4370979964733124,-0.6619020585420948
BH_s05_medium,7,34,8.133333333333333,-0.8744856715202332,-0.17695612269097116
BH_s05_medium,7,35,8.166666666666666,-0.9092350602149963,0.2956238541584201
BH_s05_medium,7,36,8.2,-0.7345026731491089,0.6726352658966936
BH_s05_medium,7,37,8.233333333333333,-0.5597702860832214,0.9042916811057294
BH_s05_medium,7,38,8.266666666666667,-0.5104653239250183,0.9830669469989565
BH_s05_medium,7,39,8.3,-0.6851977109909058,0.9369867519672348
BH_s05_medium,7,40,8.333333333333334,-0.9485092759132385,0.8115517249292034
BH_s05_medium,7,41,8.366666666666667,-1.2118208408355713,0.6486702068792093
BH_s05_medium,7,42,8.4,-1.3952736854553223,0.47185115688730256
BH_s05_medium,7,43,8.433333333333334,-1.6435703039169312,0.28347979640727833
BH_s05_medium,7,44,8.466666666666667,-1.6397017240524292,0.0734020944622354
BH_s05_medium,7,45,8.5,-1.1920185089111328,-0.16726689346824866
BH_s05_medium,7,46,8.533333333333333,-0.0560283437371254,-0.433850127919825
BH_s05_medium,7,47,8.566666666666666,1.255677580833435,-0.7017453071626404
BH_s05_medium,7,48,8.6,2.059248924255371,-0.928105063208174
BH_s05_medium,7,49,8.633333333333333,1.835800051689148,-1.0616427293936277
BH_s05_medium,7,50,8.666666666666666,1.1558185815811157,-1.058084597233461
BH_s05_medium,7,51,8.7,0.2821566164493561,-0.8961124016553697
BH_s05_medium,7,52,8.733333333333333,-0.35684552788734436,-0.5872932358443628
BH_s05_medium,7,53,8.766666666666667,-0.8990074396133423,-0.17523114313116528
BH_s05_medium,7,54,8.8,-1.0235161781311035,0.27592305712598264
BH_s05_medium,7,55,8.833333333333334,-0.8034119009971619,0.6984297702254768
BH_s05_medium,7,56,8.866666666666667,-0.5425263047218323,1.0363258962492028
BH_s05_medium,7,57,8.9,-0.4034620523452759,1.2539639292741878
BH_s05_medium,7,58,8.933333333333334,-0.4034620523452759,1.3364722553220836
BH_s05_medium,7,59,8.966666666666667,-0.604158878326416,1.2846439217236956
BH_s05_medium,7,60,9.0,-0.8650444746017456,1.1084634137635299
BH_s05_medium,7,61,9.033333333333333,-1.1259300708770752,0.8229086434290305
BH_s05_medium,7,62,9.066666666666666,-1.3380346298217773,0.4476498266220754
BH_s05_medium,7,63,9.1,-1.3778327703475952,0.009813286683901629
BH_s05_medium,7,64,9.133333333333333,-0.8924493789672852,-0.452900934252955
BH_s05_medium,7,65,9.166666666666666,0.11129501461982727,-0.8918608222859662
BH_s05_medium,7,66,9.2,1.2873458862304688,-1.251752764354813
BH_s05_medium,7,67,9.233333333333333,1.93624746799469,-1.4792739501359933
BH_s05_medium,7,68,9.266666666666667,1.796919584274292,-1.5344137347736322
BH_s05_medium,7,69,9.3,1.15234375,-1.4014224941203568
BH_s05_medium,7,70,9.333333333333334,0.3648350238800049,-1.096083924324362
BH_s05_medium,7,71,9.366666666666667,-0.21856766939163208,-0.6660540723091639
BH_s05_medium,7,72,9.4,-0.6051421165466309,-0.18221134060505076
BH_s05_medium,7,73,9.433333333333334,-0.669199526309967,0.278138912368287
BH_s05_medium,7,74,9.466666666666667,-0.5412805080413818,0.651233224059695
BH_s05_medium,7,75,9.5,-0.2976388931274414,0.9023450193150255
BH_s05_medium,7,76,9.533333333333333,-0.15254263579845428,1.0303563724106504
BH_s05_medium,7,77,9.566666666666666,-0.23869585990905762,1.0596965374193308
BH_s05_medium,7,78,9.6,-0.42339447140693665,1.0237266076704081
BH_s05_medium,7,79,9.633333333333333,-0.6842800974845886,0.9471793914050913
BH_s05_medium,7,80,9.666666666666666,-1.0286304950714111,0.8347973940754749
BH_s05_medium,7,81,9.7,-1.2060513496398926,0.6704957790800338
BH_s05_medium,7,82,9.733333333333333,-1.3778327703475952,0.42818465406350686
BH_s05_medium,7,83,9.766666666666667,-1.2050013542175293,0.09116392876308105
BH_s05_medium,7,84,9.8,-0.4264088273048401,-0.32815561872219556
BH_s05_medium,7,85,9.833333333333334,0.7875391840934753,-0.778632312100412
BH_s05_medium,7,86,9.866666666666667,1.7732521295547485,-1.1773871286256816
BH_s05_medium,7,87,9.9,1.9114632606506348,-1.4321455985714868
BH_s05_medium,7,88,9.933333333333334,1.4252933263778687,-1.4706399143028448
BH_s05_medium,7,89,9.966666666666667,0.5659244656562805,-1.265716932830621
BH_s05_medium,7,90,10.0,-0.16886897385120392,-0.8466602906671074
BH_s05_medium,7,91,10.033333333333333,-0.7146369814872742,-0.292687975547637
BH_s05_medium,7,92,10.066666666666666,-0.999519407749176,0.28886864798667966
BH_s05_medium,7,93,10.1,-0.9613596796989441,0.7918737888268169
BH_s05_medium,7,94,10.133333333333333,-0.7866272926330566,1.1380149852895187
BH_s05_medium,7,95,10.166666666666666,-0.6118949055671692,1.2922408663199552
BH_s05_medium,7,96,10.2,-0.4920412003993988,1.2635226237742645
BH_s05_medium,7,97,10.233333333333333,-0.633073091506958,1.0930659656375805
BH_s05_medium,7,98,10.266666666666667,-0.8578323125839233,0.835620683891789
BH_s05_medium,7,99,10.3,-1.0711170434951782,0.5404639919563654
BH_s05_medium,7,100,10.333333333333334,-1.2458494901657104,0.23786309966122818
BH_s05_medium,7,101,10.366666666666667,-1.4205818176269531,-0.06460453201303369
BH_s05_medium,7,102,10.4,-1.426088809967041,-0.3736619915017381
BH_s05_medium,7,103,10.433333333333334,-1.0111885070800781,-0.6923667158969766
BH_s05_medium,7,104,10.466666666666667,-0.013476177118718624,-1.0017168604470466
BH_s05_medium,7,105,10.5,1.1565426588058472,-1.2535312943156909
BH_s05_medium,7,106,10.533333333333333,1.9302154779434204,-1.3805476337474303
BH_s05_medium,7,107,10.566666666666666,1.8150156736373901,-1.3200915398515
BH_s05_medium,7,108,10.6,1.150704264640808,-1.0411538320597167
BH_s05_medium,7,109,10.633333333333333,0.30038389563560486,-0.5635040735831277
BH_s05_medium,7,110,10.666666666666666,-0.309966504573822,0.03936564846315261
BH_s05_medium,7,111,10.7,-0.7947582006454468,0.6556513863624854
BH_s05_medium,7,112,10.733333333333333,-0.9349370002746582,1.1643547883192875
BH_s05_medium,7,113,10.766666666666667,-0.9212990999221802,1.468393351357508
BH_s05_medium,7,114,10.8,-0.669199526309967,1.520624531929842
BH_s05_medium,7,115,10.833333333333334,-0.5806203484535217,1.334297374670478
BH_s05_medium,7,116,10.866666666666667,-0.5869805216789246,0.9748727405088945
BH_s05_medium,7,117,10.9,-0.761712908744812,0.5364823034274444
BH_s05_medium,7,118,10.933333333333334,-1.0250244140625,0.11146001906049628
BH_s05_medium,7,119,10.966666666666667,-1.1997568607330322,-0.23618484403322065
BH_s05_medium,7,120,11.0,-1.374489188194275,-0.4837783759861662
BH_s05_medium,7,121,11.033333333333333,-1.5492216348648071,-0.6452851060674
BH_s05_medium,7,122,11.066666666666666,-1.563186526298523,-0.7526342475655534
BH_s05_medium,7,123,11.1,-0.8994646668434143,-0.8330763179242666
BH_s05_medium,7,124,11.133333333333333,0.1383083462715149,-0.89350977623527
BH_s05_medium,7,125,11.166666666666666,1.3638609647750854,-0.9181404945076399
BH_s05_medium,7,126,11.2,1.7931177616119385,-0.878559757101081
BH_s05_medium,7,127,11.233333333333333,1.517675518989563,-0.7496152794592326
BH_s05_medium,7,128,11.266666666666667,0.7732428312301636,-0.5232160221012021
BH_s05_medium,7,129,11.3,0.026385357603430748,-0.21475408049420425
BH_s05_medium,7,130,11.333333333333334,-0.6749701499938965,0.13929285705955907
BH_s05_medium,7,131,11.366666666666667,-1.0520377159118652,0.49060182372562816
BH_s05_medium,7,132,11.4,-1.1120953559875488,0.7910818637917019
BH_s05_medium,7,133,11.433333333333334,-0.9161190986633301,1.0033425284419577
BH_s05_medium,7,134,11.466666666666667,-0.706506073474884,1.1061295178490775
BH_s05_medium,7,135,11.5,-0.5806203484535217,1.093699556324176
BH_s05_medium,7,136,11.533333333333333,-0.6270411014556885,0.9711550620466127
BH_s05_medium,7,137,11.566666666666666,-0.8017734885215759,0.7496056550907131
BH_s05_medium,7,138,11.6,-1.0650850534439087,0.44436775699681186
BH_s05_medium,7,139,11.633333333333333,-1.3283965587615967,0.07703344221868501
BH_s05_medium,7,140,11.666666666666666,-1.503129005432129,-0.3202896908020271
BH_s05_medium,7,141,11.7,-1.6435703039169312,-0.7020843671576901
BH_s05_medium,7,142,11.733333333333333,-1.3389512300491333,-1.0118224293104112
BH_s05_medium,7,143,11.766666666666667,-0.40398484468460083,-1.191603865471829
BH_s05_medium,7,144,11.8,0.7600019574165344,-1.1968978788978297
BH_s05_medium,7,145,11.833333333333334,1.594454288482666,-1.011092631250165
BH_s05_medium,7,146,11.866666666666667,1.5673742294311523,-0.6546825529305846
BH_s05_medium,7,147,11.9,1.0037059783935547,-0.1859067226630609
BH_s05_medium,7,148,11.933333333333334,0.23593275249004364,0.30859273240594176
BH_s05_medium,7,149,11.966666666666667,-0.35953396558761597,0.7325376885858184
BH_s05_medium,7,150,12.0,-0.7826942205429077,1.0044623062641307
BH_s05_medium,7,151,12.033333333333333,-0.9249051809310913,1.0805538093774951
BH_s05_medium,7,152,12.066666666666666,-0.7425668835639954,0.9669545967442236
BH_s05_medium,7,153,12.1,-0.3982820510864258,0.7153720216340593
BH_s05_medium,7,154,12.133333333333333,-0.22630372643470764,0.4030376449250764
BH_s05_medium,7,155,12.166666666666666,-0.22663185000419617,0.10520536599148077
BH_s05_medium,7,156,12.2,-0.4013642370700836,-0.12902134796334153
BH_s05_medium,7,157,12.233333333333333,-0.5760966539382935,-0.28876229215576077
BH_s05_medium,7,158,12.266666666666667,-0.8394081592559814,-0.3971845240517376
BH_s05_medium,7,159,12.3,-1.0933440923690796,-0.4929591855150286
BH_s05_medium,7,160,12.333333333333334,-1.2006744146347046,-0.6052650395214377
BH_s05_medium,7,161,12.366666666666667,-0.8146884441375732,-0.7335771326618046
BH_s05_medium,7,162,12.4,0.04474607855081558,-0.8419433049346224
BH_s05_medium,7,163,12.433333333333334,1.23456609249115,-0.8713400980313242
BH_s05_medium,7,164,12.466666666666667,2.0122387409210205,-0.7654812885669323
BH_s05_medium,7,165,12.5,1.9474583864212036,-0.498884129949984
BH_s05_medium,7,166,12.533333333333333,1.3849703073501587,-0.09434576676679905
BH_s05_medium,7,167,12.566666666666666,0.6860406994819641,0.37869401397756985
BH_s05_medium,7,168,12.6,0.1330605298280716,0.8248073212192752
BH_s05_medium,7,169,12.633333333333333,-0.15903401374816895,1.153416844757662
BH_s05_medium,7,170,12.666666666666666,-0.31488287448883057,1.3065291476780687
BH_s05_medium,7,171,12.7,-0.17621128261089325,1.272123701840506
BH_s05_medium,7,172,12.733333333333333,-0.0491454117000103,1.0794770801135871
BH_s05_medium,7,173,12.766666666666667,0.03943374752998352,0.7812833235408108
BH_s05_medium,7,174,12.8,0.12801291048526764,0.4323707459395424
BH_s05_medium,7,175,12.833333333333334,0.12801291048526764,0.07419956160625432
BH_s05_medium,7,176,12.866666666666667,0.0014709351817145944,-0.27051374496784986
BH_s05_medium,7,177,12.9,-0.08468229323625565,-0.5938332321320046
BH_s05_medium,7,178,12.933333333333334,-0.29252564907073975,-0.8925895435530976
BH_s05_medium,7,179,12.966666666666667,-0.46135616302490234,-1.1565500131342843
BH_s05_medium,7,180,13.0,-0.02468816190958023,-1.3600241373561808
BH_s05_medium,7,181,13.033333333333333,0.9288992285728455,-1.4618271643186926
BH_s05_medium,7,182,13.066666666666666,2.1937906742095947,-1.415352359768308
BH_s05_medium,7,183,13.1,2.8949482440948486,-1.186064763502411
BH_s05_medium,7,184,13.133333333333333,2.8368561267852783,-0.7703794726354067
BH_s05_medium,7,185,13.166666666666666,2.2779738903045654,-0.20817953604464298
BH_s05_medium,7,186,13.2,1.4904652833938599,0.41836750735168104
BH_s05_medium,7,187,13.233333333333333,0.8801149129867554,1.0025715481421928
BH_s05_medium,7,188,13.266666666666667,0.3760470151901245,1.442203788316875
BH_s05_medium,7,189,13.3,0.2101663053035736,1.6678525378790685
BH_s05_medium,7,190,13.333333333333334,0.21659205853939056,1.6591579903555207
BH_s05_medium,7,191,13.366666666666667,0.3051712214946747,1.4437382456043812
BH_s05_medium,7,192,13.4,0.3051712214946747,1.081544275511894
BH_s05_medium,7,193,13.433333333333334,0.13129085302352905,0.6429088367545459
BH_s05_medium,7,194,13.466666666666667,-0.0434415340423584,0.1895288363424066
BH_s05_medium,7,195,13.5,-0.21817392110824585,-0.23542417037975136
BH_s05_medium,7,196,13.533333333333333,-0.4814854562282562,-0.6067852564020181
BH_s05_medium,7,197,13.566666666666666,-0.6562178730964661,-0.909678180002844
BH_s05_medium,7,198,13.6,-0.8309502601623535,-1.130178882434676
BH_s05_medium,7,199,13.633333333333333,-0.6162874102592468,-1.2495712303048778
BH_s05_medium,7,200,13.666666666666666,0.026715686544775963,-1.2449220679126864
BH_s05_medium,7,201,13.7,1.1434297561645508,-1.0958111539507143
BH_s05_medium,7,202,13.733333333333333,2.0648882389068604,-0.7950645160656641
BH_s05_medium,7,203,13.766666666666667,2.342491865158081,-0.3599656421169125
BH_s05_medium,7,204,13.8,1.8422904014587402,0.1607756412300049
BH_s05_medium,7,205,13.833333333333334,1.1433608531951904,0.6891436909084243
BH_s05_medium,7,206,13.866666666666667,0.3558520972728729,1.131688989500883
BH_s05_medium,7,207,13.9,-0.15182186663150787,1.4030014756274711
BH_s05_medium,7,208,13.933333333333334,-0.45237433910369873,1.450933415982709
BH_s05_medium,7,209,13.966666666666667,-0.4920412003993988,1.2732329628444443
BH_s05_medium,7,210,14.0,-0.3594016134738922,0.9185599802867429
BH_s05_medium,7,211,14.033333333333333,-0.2732483744621277,0.47157114431798686
BH_s05_medium,7,212,14.066666666666666,-0.2655123174190521,0.027707931494702263
BH_s05_medium,7,213,14.1,-0.35166555643081665,-0.3337025660042018
BH_s05_medium,7,214,14.133333333333333,-0.560754656791687,-0.5696894860046728
BH_s05_medium,7,215,14.166666666666666,-0.7897095084190369,-0.6814582521053033
BH_s05_medium,7,216,14.2,-0.9644418954849243,-0.7077584797265314
BH_s05_medium,7,217,14.233333333333333,-1.139174222946167,-0.7060715082989337
BH_s05_medium,7,218,14.266666666666667,-1.225327491760254,-0.7279966174899337
BH_s05_medium,7,219,14.3,-1.1784473657608032,-0.7974606944661369
BH_s05_medium,7,220,14.333333333333334,-0.6587728261947632,-0.8994965988993158
BH_s05_medium,7,221,14.366666666666667,0.2496396005153656,-0.9837865254582372
BH_s05_medium,7,222,14.4,1.4578169584274292,-0.9823331142575595
BH_s05_medium,7,223,14.433333333333334,2.089277744293213,-0.8358467010038049
BH_s05_medium,7,224,14.466666666666667,1.9578828811645508,-0.520005540460173
BH_s05_medium,7,225,14.5,1.2488558292388916,-0.06188349092497065
BH_s05_medium,7,226,14.533333333333333,0.4613471031188965,0.46061294899372596
BH_s05_medium,7,227,14.566666666666666,-0.14618360996246338,0.9374772549460135
BH_s05_medium,7,228,14.6,-0.6695932745933533,1.25720193416464
BH_s05_medium,7,229,14.633333333333333,-0.7577787041664124,1.3383200853082682
BH_s05_medium,7,230,14.666666666666666,-0.5850784778594971,1.1520466477349012
BH_s05_medium,7,231,14.7,-0.4103460907936096,0.7307966046823973
BH_s05_medium,7,232,14.733333333333333,-0.23561368882656097,0.16182014655402926
BH_s05_medium,7,233,14.766666666666667,-0.22630372643470764,-0.43186145795163766
BH_s05_medium,7,234,14.8,-0.38930022716522217,-0.91912625225749
BH_s05_medium,7,235,14.833333333333334,-0.5640326142311096,-1.191045775010254
BH_s05_medium,7,236,14.866666666666667,-0.8273441791534424,-1.1860612986410433
BH_s05_medium,7,237,14.9,-1.002076506614685,-0.902940244535079
BH_s05_medium,7,238,14.933333333333334,-1.1768089532852173,-0.3987284655464923
BH_s05_medium,7,239,14.966666666666667,-1.2006744146347046,0.2257155551474937
BH_s05_medium,8,0,8.0,1.8368489742279053,0.116966387141815
BH_s05_medium,8,1,8.033333333333333,1.01393461227417,0.4778892037607486
BH_s05_medium,8,2,8.066666666666666,0.1732524037361145,0.8291962439654481
BH_s05_medium,8,3,8.1,-0.4370979964733124,1.157115585884951
BH_s05_medium,8,4,8.133333333333333,-0.8744856715202332,1.437531458758148
BH_s05_medium,8,5,8.166666666666666,-0.9092350602149963,1.640403000290674
BH_s05_medium,8,6,8.2,-0.7345026731491089,1.7388661443843099
BH_s05_medium,8,7,8.233333333333333,-0.5597702860832214,1.7189568494100929
BH_s05_medium,8,8,8.266666666666667,-0.5104653239250183,1.585867942221305
BH_s05_medium,8,9,8.3,-0.6851977109909058,1.363799136596839
BH_s05_medium,8,10,8.333333333333334,-0.9485092759132385,1.0884428935951955
BH_s05_medium,8,11,8.366666666666667,-1.2118208408355713,0.794399841343049
BH_s05_medium,8,12,8.4,-1.3952736854553223,0.5034932995297106
BH_s05_medium,8,13,8.433333333333334,-1.6435703039169312,0.2204314499212461
BH_s05_medium,8,14,8.466666666666667,-1.6397017240524292,-0.06223703526002816
BH_s05_medium,8,15,8.5,-1.1920185089111328,-0.35336186881508885
BH_s05_medium,8,16,8.533333333333333,-0.0560283437371254,-0.6520085816141588
BH_s05_medium,8,17,8.566666666666666,1.255677580833435,-0.9402443499799311
BH_s05_medium,8,18,8.6,2.059248924255371,-1.1827804196695344
BH_s05_medium,8,19,8.633333333333333,1.835800051689148,-1.3344909633242585
BH_s05_medium,8,20,8.666666666666666,1.1558185815811157,-1.354061313944298
BH_s05_medium,8,21,8.7,0.2821566164493561,-1.2191263380912323
BH_s05_medium,8,22,8.733333333333333,-0.35684552788734436,-0.9367946351179532
BH_s05_medium,8,23,8.766666666666667,-0.8990074396133423,-0.5448122662572552
BH_s05_medium,8,24,8.8,-1.0235161781311035,-0.10272573011622455
BH_s05_medium,8,25,8.833333333333334,-0.8034119009971619,0.323143483822697
BH_s05_medium,8,26,8.866666666666667,-0.5425263047218323,0.6749336325339994
BH_s05_medium,8,27,8.9,-0.4034620523452759,0.9135110844280405
BH_s05_medium,8,28,8.933333333333334,-0.4034620523452759,1.0214610071899017
BH_s05_medium,8,29,8.966666666666667,-0.604158878326416,0.9997749859960442
BH_s05_medium,8,30,9.0,-0.8650444746017456,0.8613937974076792
BH_s05_medium,8,31,9.033333333333333,-1.1259300708770752,0.6251644511425236
BH_s05_medium,8,32,9.066666666666666,-1.3380346298217773,0.3126014673568524
BH_s05_medium,8,33,9.1,-1.3778327703475952,-0.05201766680933514
BH_s05_medium,8,34,9.133333333333333,-0.8924493789672852,-0.4393256834442992
BH_s05_medium,8,35,9.166666666666666,0.11129501461982727,-0.81242434093234
BH_s05_medium,8,36,9.2,1.2873458862304688,-1.1267507452648458
BH_s05_medium,8,37,9.233333333333333,1.93624746799469,-1.334161218360225
BH_s05_medium,8,38,9.266666666666667,1.796919584274292,-1.3917577158258896
BH_s05_medium,8,39,9.3,1.15234375,-1.2738530707779976
BH_s05_medium,8,40,9.333333333333334,0.3648350238800049,-0.9832046060396197
BH_s05_medium,8,41,9.366666666666667,-0.21856766939163208,-0.5564377396875009
BH_s05_medium,8,42,9.4,-0.6051421165466309,-0.059567959070740445
BH_s05_medium,8,43,9.433333333333334,-0.669199526309967,0.4269622699553459
BH_s05_medium,8,44,9.466666666666667,-0.5412805080413818,0.8293941135251512
BH_s05_medium,8,45,9.5,-0.2976388931274414,1.0999265850236464
BH_s05_medium,8,46,9.533333333333333,-0.15254263579845428,1.2262429957657368
BH_s05_medium,8,47,9.566666666666666,-0.23869585990905762,1.2275242131664867
BH_s05_medium,8,48,9.6,-0.42339447140693665,1.1394731248328702
BH_s05_medium,8,49,9.633333333333333,-0.6842800974845886,0.9956534718745713
BH_s05_medium,8,50,9.666666666666666,-1.0286304950714111,0.8131827944128169
BH_s05_medium,8,51,9.7,-1.2060513496398926,0.5885266303015034
BH_s05_medium,8,52,9.733333333333333,-1.3778327703475952,0.3056425217779316
BH_s05_medium,8,53,9.766666666666667,-1.2050013542175293,-0.04616222285906107
BH_s05_medium,8,54,9.8,-0.4264088273048401,-0.45293233933947363
BH_s05_medium,8,55,9.833333333333334,0.7875391840934753,-0.8660037465472822
BH_s05_medium,8,56,9.866666666666667,1.7732521295547485,-1.208069125191541
BH_s05_medium,8,57,9.9,1.9114632606506348,-1.3945477094772187
BH_s05_medium,8,58,9.933333333333334,1.4252933263778687,-1.3623310477705872
BH_s05_medium,8,59,9.966666666666667,0.5659244656562805,-1.0945262087799204
BH_s05_medium,8,60,10.0,-0.16886897385120392,-0.6311382933115036
BH_s05_medium,8,61,10.033333333333333,-0.7146369814872742,-0.06105697373799661
BH_s05_medium,8,62,10.066666666666666,-0.999519407749176,0.5019729242590789
BH_s05_medium,8,63,10.1,-0.9613596796989441,0.9506733230891776
BH_s05_medium,8,64,10.133333333333333,-0.7866272926330566,1.2119102503199173
BH_s05_medium,8,65,10.166666666666666,-0.6118949055671692,1.2619738839657013
BH_s05_medium,8,66,10.2,-0.4920412003993988,1.1259422254390898
BH_s05_medium,8,67,10.233333333333333,-0.633073091506958,0.8632101598096611
BH_s05_medium,8,68,10.266666666666667,-0.8578323125839233,0.5449855659961825
BH_s05_medium,8,69,10.3,-1.0711170434951782,0.23106061095638358
BH_s05_medium,8,70,10.333333333333334,-1.2458494901657104,-0.046934865491010856
BH_s05_medium,8,71,10.366666666666667,-1.4205818176269531,-0.2899751040976269
BH_s05_medium,8,72,10.4,-1.426088809967041,-0.5210426269657702
BH_s05_medium,8,73,10.433333333333334,-1.0111885070800781,-0.7626314537820962
BH_s05_medium,8,74,10.466666666666667,-0.013476177118718624,-1.0127647417216858
BH_s05_medium,8,75,10.5,1.1565426588058472,-1.2327206244818159
BH_s05_medium,8,76,10.533333333333333,1.9302154779434204,-1.354055414266912
BH_s05_medium,8,77,10.566666666666666,1.8150156736373901,-1.3026759118195745
BH_s05_medium,8,78,10.6,1.150704264640808,-1.0301808009792723
BH_s05_medium,8,79,10.633333333333333,0.30038389563560486,-0.5399514829118218
BH_s05_medium,8,80,10.666666666666666,-0.309966504573822,0.10273537527904014
BH_s05_medium,8,81,10.7,-0.7947582006454468,0.781765370057666
BH_s05_medium,8,82,10.733333333333333,-0.9349370002746582,1.3599181813298034
BH_s05_medium,8,83,10.766666666666667,-0.9212990999221802,1.7176238099250392
BH_s05_medium,8,84,10.8,-0.669199526309967,1.7872738283635599
BH_s05_medium,8,85,10.833333333333334,-0.5806203484535217,1.5709427932399507
BH_s05_medium,8,86,10.866666666666667,-0.5869805216789246,1.1356489553856424
BH_s05_medium,8,87,10.9,-0.761712908744812,0.5887609868155563
BH_s05_medium,8,88,10.933333333333334,-1.0250244140625,0.04325497783390529
BH_s05_medium,8,89,10.966666666666667,-1.1997568607330322,-0.4142771019358347
BH_s05_medium,8,90,11.0,-1.374489188194275,-0.7417078620968983
BH_s05_medium,8,91,11.033333333333333,-1.5492216348648071,-0.9405374097327143
BH_s05_medium,8,92,11.066666666666666,-1.563186526298523,-1.0393427510021442
BH_s05_medium,8,93,11.1,-0.8994646668434143,-1.0710001134603933
BH_s05_medium,8,94,11.133333333333333,0.1383083462715149,-1.0544385467712976
BH_s05_medium,8,95,11.166666666666666,1.3638609647750854,-0.9880317445903191
BH_s05_medium,8,96,11.2,1.7931177616119385,-0.8555448753832258
BH_s05_medium,8,97,11.233333333333333,1.517675518989563,-0.6399736590291699
BH_s05_medium,8,98,11.266666666666667,0.7732428312301636,-0.33802793012409643
BH_s05_medium,8,99,11.3,0.026385357603430748,0.031141610736391705
BH_s05_medium,8,100,11.333333333333334,-0.6749701499938965,0.42618127462349403
BH_s05_medium,8,101,11.366666666666667,-1.0520377159118652,0.7921644544568919
BH_s05_medium,8,102,11.4,-1.1120953559875488,1.0741671505479613
BH_s05_medium,8,103,11.433333333333334,-0.9161190986633301,1.2308731289479358
BH_s05_medium,8,104,11.466666666666667,-0.706506073474884,1.2433593322552445
BH_s05_medium,8,105,11.5,-0.5806203484535217,1.1162341727902572
BH_s05_medium,8,106,11.533333333333333,-0.6270411014556885,0.8719004986309954
BH_s05_medium,8,107,11.566666666666666,-0.8017734885215759,0.541824159775743
BH_s05_medium,8,108,11.6,-1.0650850534439087,0.1593819181867517
BH_s05_medium,8,109,11.633333333333333,-1.3283965587615967,-0.2428386650509179
BH_s05_medium,8,110,11.666666666666666,-1.503129005432129,-0.6312915032709423
BH_s05_medium,8,111,11.7,-1.6435703039169312,-0.9680379022157979
BH_s05_medium,8,112,11.733333333333333,-1.3389512300491333,-1.2097901215173423
BH_s05_medium,8,113,11.766666666666667,-0.40398484468460083,-1.3125845452010558
BH_s05_medium,8,114,11.8,0.7600019574165344,-1.2420372561386503
BH_s05_medium,8,115,11.833333333333334,1.594454288482666,-0.9859580099873514
BH_s05_medium,8,116,11.866666666666667,1.5673742294311523,-0.5648566044240065
BH_s05_medium,8,117,11.9,1.0037059783935547,-0.03605735228640927
BH_s05_medium,8,118,11.933333333333334,0.23593275249004364,0.5121279875550233
BH_s05_medium,8,119,11.966666666666667,-0.35953396558761597,0.9775752285934174
BH_s05_medium,8,120,12.0,-0.7826942205429077,1.270020550716149
BH_s05_medium,8,121,12.033333333333333,-0.9249051809310913,1.3374145076980355
BH_s05_medium,8,122,12.066666666666666,-0.7425668835639954,1.1823493353751948
BH_s05_medium,8,123,12.1,-0.3982820510864258,0.8603452145091715
BH_s05_medium,8,124,12.133333333333333,-0.22630372643470764,0.4595743801421969
BH_s05_medium,8,125,12.166666666666666,-0.22663185000419617,0.07019038579720664
BH_s05_medium,8,126,12.2,-0.4013642370700836,-0.24435249844464066
BH_s05_medium,8,127,12.233333333333333,-0.5760966539382935,-0.4630130690414938
BH_s05_medium,8,128,12.266666666666667,-0.8394081592559814,-0.6044910652830497
BH_s05_medium,8,129,12.3,-1.0933440923690796,-0.7082359445899289
BH_s05_medium,8,130,12.333333333333334,-1.2006744146347046,-0.8079430072611282
BH_s05_medium,8,131,12.366666666666667,-0.8146884441375732,-0.909514109650812
BH_s05_medium,8,132,12.4,0.04474607855081558,-0.9834964894965484
BH_s05_medium,8,133,12.433333333333334,1.23456609249115,-0.9757536374935957
BH_s05_medium,8,134,12.466666666666667,2.0122387409210205,-0.8321665169711231
BH_s05_medium,8,135,12.5,1.9474583864212036,-0.5267855516659333
BH_s05_medium,8,136,12.533333333333333,1.3849703073501587,-0.08083269273761146
BH_s05_medium,8,137,12.566666666666666,0.6860406994819641,0.43651634090830943
BH_s05_medium,8,138,12.6,0.1330605298280716,0.9267095781348438
BH_s05_medium,8,139,12.633333333333333,-0.15903401374816895,1.2922180617329617
BH_s05_medium,8,140,12.666666666666666,-0.31488287448883057,1.4660177593372823
BH_s05_medium,8,141,12.7,-0.17621128261089325,1.4283417552882651
BH_s05_medium,8,142,12.733333333333333,-0.0491454117000103,1.20554695564275
BH_s05_medium,8,143,12.766666666666667,0.03943374752998352,0.8543273928718228
BH_s05_medium,8,144,12.8,0.12801291048526764,0.4400153677934096
BH_s05_medium,8,145,12.833333333333334,0.12801291048526764,0.018229560684915123
BH_s05_medium,8,146,12.866666666666667,0.0014709351817145944,-0.37453728238429973
BH_s05_medium,8,147,12.9,-0.08468229323625565,-0.7204944384655319
BH_s05_medium,8,148,12.933333333333334,-0.29252564907073975,-1.01249355598736
BH_s05_medium,8,149,12.966666666666667,-0.46135616302490234,-1.242392215560643
BH_s05_medium,8,150,13.0,-0.02468816190958023,-1.3913941719283098
BH_s05_medium,8,151,13.033333333333333,0.9288992285728455,-1.427829086617241
BH_s05_medium,8,152,13.066666666666666,2.1937906742095947,-1.314979222280743
BH_s05_medium,8,153,13.1,2.8949482440948486,-1.0271064104095935
BH_s05_medium,8,154,13.133333333333333,2.8368561267852783,-0.5678200213863548
BH_s05_medium,8,155,13.166666666666666,2.2779738903045654,0.017488163345212325
BH_s05_medium,8,156,13.2,1.4904652833938599,0.6430873024160197
BH_s05_medium,8,157,13.233333333333333,0.8801149129867554,1.2012787913976286
BH_s05_medium,8,158,13.266666666666667,0.3760470151901245,1.5920563364779483
BH_s05_medium,8,159,13.3,0.2101663053035736,1.751704193904924
BH_s05_medium,8,160,13.333333333333334,0.21659205853939056,1.6684212080221525
BH_s05_medium,8,161,13.366666666666667,0.3051712214946747,1.3797076890800841
BH_s05_medium,8,162,13.4,0.3051712214946747,0.954626579067546
BH_s05_medium,8,163,13.433333333333334,0.13129085302352905,0.46986203575572477
BH_s05_medium,8,164,13.466666666666667,-0.0434415340423584,-0.010572745606810742
BH_s05_medium,8,165,13.5,-0.21817392110824585,-0.4454303032797167
BH_s05_medium,8,166,13.533333333333333,-0.4814854562282562,-0.8147724023261618
BH_s05_medium,8,167,13.566666666666666,-0.6562178730964661,-1.110353479682538
BH_s05_medium,8,168,13.6,-0.8309502601623535,-1.323876369945406
BH_s05_medium,8,169,13.633333333333333,-0.6162874102592468,-1.439077584270616
BH_s05_medium,8,170,13.666666666666666,0.026715686544775963,-1.431293678430975
BH_s05_medium,8,171,13.7,1.1434297561645508,-1.274986380858036
BH_s05_medium,8,172,13.733333333333333,2.0648882389068604,-0.9568752007221247
BH_s05_medium,8,173,13.766666666666667,2.342491865158081,-0.49006411461019284
BH_s05_medium,8,174,13.8,1.8422904014587402,0.07693973804129216
BH_s05_medium,8,175,13.833333333333334,1.1433608531951904,0.6620273923649521
BH_s05_medium,8,176,13.866666666666667,0.3558520972728729,1.1646334697493703
BH_s05_medium,8,177,13.9,-0.15182186663150787,1.4912382042131953
BH_s05_medium,8,178,13.933333333333334,-0.45237433910369873,1.5826033015998684
BH_s05_medium,8,179,13.966666666666667,-0.4920412003993988,1.4319500517382144
BH_s05_medium,8,180,14.0,-0.3594016134738922,1.0866422453748026
BH_s05_medium,8,181,14.033333333333333,-0.2732483744621277,0.6328241458779491
BH_s05_medium,8,182,14.066666666666666,-0.2655123174190521,0.1690602446610845
BH_s05_medium,8,183,14.1,-0.35166555643081665,-0.22154794954440193
BH_s05_medium,8,184,14.133333333333333,-0.560754656791687,-0.49193066697359106
BH_s05_medium,8,185,14.166666666666666,-0.7897095084190369,-0.6387533189249962
BH_s05_medium,8,186,14.2,-0.9644418954849243,-0.6957144548657688
BH_s05_medium,8,187,14.233333333333333,-1.139174222946167,-0.7149616739970446
BH_s05_medium,8,188,14.266666666666667,-1.225327491760254,-0.7428860991945722
BH_s05_medium,8,189,14.3,-1.1784473657608032,-0.7987488992751648
BH_s05_medium,8,190,14.333333333333334,-0.6587728261947632,-0.8640675490984908
BH_s05_medium,8,191,14.366666666666667,0.2496396005153656,-0.8873627634326856
BH_s05_medium,8,192,14.4,1.4578169584274292,-0.8036460506656457
BH_s05_medium,8,193,14.433333333333334,2.089277744293213,-0.562507827109694
BH_s05_medium,8,194,14.466666666666667,1.9578828811645508,-0.15472847318173422
BH_s05_medium,8,195,14.5,1.2488558292388916,0.3733797309916007
BH_s05_medium,8,196,14.533333333333333,0.4613471031188965,0.9252641755722503
BH_s05_medium,8,197,14.566666666666666,-0.14618360996246338,1.3791338370294812
BH_s05_medium,8,198,14.6,-0.6695932745933533,1.624107559247703
BH_s05_medium,8,199,14.633333333333333,-0.7577787041664124,1.5939571779298214
BH_s05_medium,8,200,14.666666666666666,-0.5850784778594971,1.286788782193085
BH_s05_medium,8,201,14.7,-0.4103460907936096,0.7654795461998868
BH_s05_medium,8,202,14.733333333333333,-0.23561368882656097,0.14037011829718876
BH_s05_medium,8,203,14.766666666666667,-0.22630372643470764,-0.4598045073915254
BH_s05_medium,8,204,14.8,-0.38930022716522217,-0.9207966273631083
BH_s05_medium,8,205,14.833333333333334,-0.5640326142311096,-1.1711155952606496
BH_s05_medium,8,206,14.866666666666667,-0.8273441791534424,-1.197719607738524
BH_s05_medium,8,207,14.9,-1.002076506614685,-1.043836195431997
BH_s05_medium,8,208,14.933333333333334,-1.1768089532852173,-0.789301219364869
BH_s05_medium,8,209,14.966666666666667,-1.2006744146347046,-0.5204748426764935
BH_s05_medium,8,210,15.0,-1.0809508562088013,-0.30113843317529576
BH_s05_medium,8,211,15.033333333333333,-0.32458439469337463,-0.15532309329877772
BH_s05_medium,8,212,15.066666666666666,0.690240740776062,-0.0675939718487978
BH_s05_medium,8,213,15.1,1.6670362949371338,0.0011608764564533655
BH_s05_medium,8,214,15.133333333333333,1.9380171298980713,0.09028559128555796
BH_s05_medium,8,215,15.166666666666666,1.442929983139038,0.21862313281069584
BH_s05_medium,8,216,15.2,0.610115110874176,0.3754657141807586
BH_s05_medium,8,217,15.233333333333333,-0.08920712769031525,0.5267307167727023
BH_s05_medium,8,218,15.266666666666667,-0.6615290641784668,0.632184151224494
BH_s05_medium,8,219,15.3,-0.97296541929245,0.6640594612013205
BH_s05_medium,8,220,15.333333333333334,-0.9879136681556702,0.6177597486948592
BH_s05_medium,8,221,15.366666666666667,-0.8131812810897827,0.5105989321945392
BH_s05_medium,8,222,15.4,-0.669199526309967,0.37114302311828445
BH_s05_medium,8,223,15.433333333333334,-0.6975242495536804,0.22600244234109915
BH_s05_medium,8,224,15.466666666666667,-0.8722566366195679,0.09096938937099876
BH_s05_medium,8,225,15.5,-1.1355681419372559,-0.029891990271466034
BH_s05_medium,8,226,15.533333333333333,-1.310300588607788,-0.13799657347640573
BH_s05_medium,8,227,15.566666666666666,-1.4664119482040405,-0.23149450135899152
BH_s05_medium,8,228,15.6,-1.538796067237854,-0.30046257193287795
BH_s05_medium,8,229,15.633333333333333,-1.452642798423767,-0.3301482004455139
BH_s05_medium,8,230,15.666666666666666,-1.155301570892334,-0.31040572964272706
BH_s05_medium,8,231,15.7,-0.26137903332710266,-0.2445930169660854
BH_s05_medium,8,232,15.733333333333333,0.8820858597755432,-0.15162672620680523
BH_s05_medium,8,233,15.766666666666667,1.9077270030975342,-0.059499367788293116
BH_s05_medium,8,234,15.8,2.0734753608703613,0.006341304356898688
BH_s05_medium,8,235,15.833333333333334,1.6362178325653076,0.03332688110012016
BH_s05_medium,8,236,15.866666666666667,0.8494954705238342,0.02482190601102073
BH_s05_medium,8,237,15.9,0.0619867667555809,-0.005706531709591199
BH_s05_medium,8,238,15.933333333333334,-0.3792695105075836,-0.04469273816267243
BH_s05_medium,8,239,15.966666666666667,-0.5701302289962769,-0.08506941637854354
BH_s05_medium,9,0,9.0,-0.8650444746017456,0.030951352897443506
BH_s05_medium,9,1,9.033333333333333,-1.1259300708770752,0.5637797189098661
BH_s05_medium,9,2,9.066666666666666,-1.3380346298217773,0.9784560165217604
BH_s05_medium,9,3,9.1,-1.3778327703475952,1.1891466433277689
BH_s05_medium,9,4,9.133333333333333,-0.8924493789672852,1.1620739841961087
BH_s05_medium,9,5,9.166666666666666,0.11129501461982727,0.9245942635056469
BH_s05_medium,9,6,9.2,1.2873458862304688,0.5574132245651988
BH_s05_medium,9,7,9.233333333333333,1.93624746799469,0.17214722414143935
BH_s05_medium,9,8,9.266666666666667,1.796919584274292,-0.11934591701072061
BH_s05_medium,9,9,9.3,1.15234375,-0.23572482401203326
BH_s05_medium,9,10,9.333333333333334,0.3648350238800049,-0.14885558551521444
BH_s05_medium,9,11,9.366666666666667,-0.21856766939163208,0.10824548966928987
BH_s05_medium,9,12,9.4,-0.6051421165466309,0.45166162843572594
BH_s05_medium,9,13,9.433333333333334,-0.669199526309967,0.7732476326650433
BH_s05_medium,9,14,9.466666666666667,-0.5412805080413818,0.9757408765624845
BH_s05_medium,9,15,9.5,-0.2976388931274414,1.0040096653596662
BH_s05_medium,9,16,9.533333333333333,-0.15254263579845428,0.8605736340648699
BH_s05_medium,9,17,9.566666666666666,-0.23869585990905762,0.5993815372798045
BH_s05_medium,9,18,9.6,-0.42339447140693665,0.30092143381795744
BH_s05_medium,9,19,9.633333333333333,-0.6842800974845886,0.03930781816260382
BH_s05_medium,9,20,9.666666666666666,-1.0286304950714111,-0.14570916456460134
BH_s05_medium,9,21,9.7,-1.2060513496398926,-0.2613455244183258
BH_s05_medium,9,22,9.733333333333333,-1.3778327703475952,-0.3538073042398356
BH_s05_medium,9,23,9.766666666666667,-1.2050013542175293,-0.482142055000135
BH_s05_medium,9,24,9.8,-0.4264088273048401,-0.6847377567360056
BH_s05_medium,9,25,9.833333333333334,0.7875391840934753,-0.9537771866789433
BH_s05_medium,9,26,9.866666666666667,1.7732521295547485,-1.2298674730148056
BH_s05_medium,9,27,9.9,1.9114632606506348,-1.420065349684097
BH_s05_medium,9,28,9.933333333333334,1.4252933263778687,-1.4323297668072255
BH_s05_medium,9,29,9.966666666666667,0.5659244656562805,-1.2126181966368617
BH_s05_medium,9,30,10.0,-0.16886897385120392,-0.7700224737644441
BH_s05_medium,9,31,10.033333333333333,-0.7146369814872742,-0.1800577490911298
BH_s05_medium,9,32,10.066666666666666,-0.999519407749176,0.43576067227241666
BH_s05_medium,9,33,10.1,-0.9613596796989441,0.9470048938228006
BH_s05_medium,9,34,10.133333333333333,-0.7866272926330566,1.2541868496100919
BH_s05_medium,9,35,10.166666666666666,-0.6118949055671692,1.3163568733420514
BH_s05_medium,9,36,10.2,-0.4920412003993988,1.157280351420893
BH_s05_medium,9,37,10.233333333333333,-0.633073091506958,0.8501265623283679
BH_s05_medium,9,38,10.266666666666667,-0.8578323125839233,0.488044735708568
BH_s05_medium,9,39,10.3,-1.0711170434951782,0.15168840701836878
BH_s05_medium,9,40,10.333333333333334,-1.2458494901657104,-0.1152114525870436
BH_s05_medium,9,41,10.366666666666667,-1.4205818176269531,-0.31378464594900957
BH_s05_medium,9,42,10.4,-1.426088809967041,-0.47789743947192603
BH_s05_medium,9,43,10.433333333333334,-1.0111885070800781,-0.6461391172511369
BH_s05_medium,9,44,10.466666666666667,-0.013476177118718624,-0.8309980536014218
BH_s05_medium,9,45,10.5,1.1565426588058472,-1.0016349533652256
BH_s05_medium,9,46,10.533333333333333,1.9302154779434204,-1.0900049737381767
BH_s05_medium,9,47,10.566666666666666,1.8150156736373901,-1.0180955086347958
BH_s05_medium,9,48,10.6,1.150704264640808,-0.7343895948401474
BH_s05_medium,9,49,10.633333333333333,0.30038389563560486,-0.24393353522128844
BH_s05_medium,9,50,10.666666666666666,-0.309966504573822,0.381127890365367
BH_s05_medium,9,51,10.7,-0.7947582006454468,1.0161613696732206
BH_s05_medium,9,52,10.733333333333333,-0.9349370002746582,1.5194906218195323
BH_s05_medium,9,53,10.766666666666667,-0.9212990999221802,1.7759527908606645
BH_s05_medium,9,54,10.8,-0.669199526309967,1.7324373024693942
BH_s05_medium,9,55,10.833333333333334,-0.5806203484535217,1.412359855331853
BH_s05_medium,9,56,10.866666666666667,-0.5869805216789246,0.9044111416998045
BH_s05_medium,9,57,10.9,-0.761712908744812,0.3308210133130561
BH_s05_medium,9,58,10.933333333333334,-1.0250244140625,-0.19237876136237153
BH_s05_medium,9,59,10.966666666666667,-1.1997568607330322,-0.5883260327382147
BH_s05_medium,9,60,11.0,-1.374489188194275,-0.8339537551511345
BH_s05_medium,9,61,11.033333333333333,-1.5492216348648071,-0.9525334524107978
BH_s05_medium,9,62,11.066666666666666,-1.563186526298523,-0.9900904365201805
BH_s05_medium,9,63,11.1,-0.8994646668434143,-0.988216966063191
BH_s05_medium,9,64,11.133333333333333,0.1383083462715149,-0.9656517761302611
BH_s05_medium,9,65,11.166666666666666,1.3638609647750854,-0.9149752208605686
BH_s05_medium,9,66,11.2,1.7931177616119385,-0.8127460500811411
BH_s05_medium,9,67,11.233333333333333,1.517675518989563,-0.6358095314416626
BH_s05_medium,9,68,11.266666666666667,0.7732428312301636,-0.375784213676804
BH_s05_medium,9,69,11.3,0.026385357603430748,-0.04658745403334549
BH_s05_medium,9,70,11.333333333333334,-0.6749701499938965,0.3164715356908557
BH_s05_medium,9,71,11.366666666666667,-1.0520377159118652,0.6645842019245036
BH_s05_medium,9,72,11.4,-1.1120953559875488,0.9471384605385467
BH_s05_medium,9,73,11.433333333333334,-0.9161190986633301,1.123372280284227
BH_s05_medium,9,74,11.466666666666667,-0.706506073474884,1.1704089591465507
BH_s05_medium,9,75,11.5,-0.5806203484535217,1.0855363090240355
BH_s05_medium,9,76,11.533333333333333,-0.6270411014556885,0.8830456490538151
BH_s05_medium,9,77,11.566666666666666,-0.8017734885215759,0.5881755073377031
BH_s05_medium,9,78,11.6,-1.0650850534439087,0.23145454128392967
BH_s05_medium,9,79,11.633333333333333,-1.3283965587615967,-0.15415799112197406
BH_s05_medium,9,80,11.666666666666666,-1.503129005432129,-0.5329164055247065
BH_s05_medium,9,81,11.7,-1.6435703039169312,-0.8646369529137845
BH_s05_medium,9,82,11.733333333333333,-1.3389512300491333,-1.105253439269279
BH_s05_medium,9,83,11.766666666666667,-0.40398484468460083,-1.2123654982305994
BH_s05_medium,9,84,11.8,0.7600019574165344,-1.1553777135911525
BH_s05_medium,9,85,11.833333333333334,1.594454288482666,-0.9267176095228226
BH_s05_medium,9,86,11.866666666666667,1.5673742294311523,-0.5498843166427778
BH_s05_medium,9,87,11.9,1.0037059783935547,-0.08092073857246478
BH_s05_medium,9,88,11.933333333333334,0.23593275249004364,0.3990507119116723
BH_s05_medium,9,89,11.966666666666667,-0.35953396558761597,0.8006395894438596
BH_s05_medium,9,90,12.0,-0.7826942205429077,1.0491241703144256
BH_s05_medium,9,91,12.033333333333333,-0.9249051809310913,1.1062361715812428
BH_s05_medium,9,92,12.066666666666666,-0.7425668835639954,0.9816497042802002
BH_s05_medium,9,93,12.1,-0.3982820510864258,0.7279327405010961
BH_s05_medium,9,94,12.133333333333333,-0.22630372643470764,0.42021217714149156
BH_s05_medium,9,95,12.166666666666666,-0.22663185000419617,0.1291536429203319
BH_s05_medium,9,96,12.2,-0.4013642370700836,-0.10167557505818312
BH_s05_medium,9,97,12.233333333333333,-0.5760966539382935,-0.265580389145892
BH_s05_medium,9,98,12.266666666666667,-0.8394081592559814,-0.3865271671442064
BH_s05_medium,9,99,12.3,-1.0933440923690796,-0.5000516657841714
BH_s05_medium,9,100,12.333333333333334,-1.2006744146347046,-0.6296698464157674
BH_s05_medium,9,101,12.366666666666667,-0.8146884441375732,-0.769356888312051
BH_s05_medium,9,102,12.4,0.04474607855081558,-0.8804281094447963
BH_s05_medium,9,103,12.433333333333334,1.23456609249115,-0.9051426462115187
BH_s05_medium,9,104,12.466666666666667,2.0122387409210205,-0.7918677936937158
BH_s05_medium,9,105,12.5,1.9474583864212036,-0.5209530088773996
BH_s05_medium,9,106,12.533333333333333,1.3849703073501587,-0.11939251606571
BH_s05_medium,9,107,12.566666666666666,0.6860406994819641,0.3430794902611595
BH_s05_medium,9,108,12.6,0.1330605298280716,0.7752688874284883
BH_s05_medium,9,109,12.633333333333333,-0.15903401374816895,1.0938558174272144
BH_s05_medium,9,110,12.666666666666666,-0.31488287448883057,1.2481028321050858
BH_s05_medium,9,111,12.7,-0.17621128261089325,1.2301424284096214
BH_s05_medium,9,112,12.733333333333333,-0.0491454117000103,1.0684983552317884
BH_s05_medium,9,113,12.766666666666667,0.03943374752998352,0.8103579336765839
BH_s05_medium,9,114,12.8,0.12801291048526764,0.5022482214256806
BH_s05_medium,9,115,12.833333333333334,0.12801291048526764,0.17746059752679139
BH_s05_medium,9,116,12.866666666666667,0.0014709351817145944,-0.14673396913995096
BH_s05_medium,9,117,12.9,-0.08468229323625565,-0.4640484107303036
BH_s05_medium,9,118,12.933333333333334,-0.29252564907073975,-0.7699425943826651
BH_s05_medium,9,119,12.966666666666667,-0.46135616302490234,-1.0516628433947708
BH_s05_medium,9,120,13.0,-0.02468816190958023,-1.2814398193045407
BH_s05_medium,9,121,13.033333333333333,0.9288992285728455,-1.4167348362578442
BH_s05_medium,9,122,13.066666666666666,2.1937906742095947,-1.4093593654344627
BH_s05_medium,9,123,13.1,2.8949482440948486,-1.2217498904050346
BH_s05_medium,9,124,13.133333333333333,2.8368561267852783,-0.8452638304853847
BH_s05_medium,9,125,13.166666666666666,2.2779738903045654,-0.31304214325679913
BH_s05_medium,9,126,13.2,1.4904652833938599,0.3000237358234827
BH_s05_medium,9,127,13.233333333333333,0.8801149129867554,0.8933070760541676
BH_s05_medium,9,128,13.266666666666667,0.3760470151901245,1.3673272939199121
BH_s05_medium,9,129,13.3,0.2101663053035736,1.6501166895747696
BH_s05_medium,9,130,13.333333333333334,0.21659205853939056,1.7124287465285992
BH_s05_medium,9,131,13.366666666666667,0.3051712214946747,1.567490261283683
BH_s05_medium,9,132,13.4,0.3051712214946747,1.2582930280565652
BH_s05_medium,9,133,13.433333333333334,0.13129085302352905,0.8400259657772936
BH_s05_medium,9,134,13.466666666666667,-0.0434415340423584,0.3655790081956564
BH_s05_medium,9,135,13.5,-0.21817392110824585,-0.12120498576127563
BH_s05_medium,9,136,13.533333333333333,-0.4814854562282562,-0.5845542150350506
BH_s05_medium,9,137,13.566666666666666,-0.6562178730964661,-0.991832255036306
BH_s05_medium,9,138,13.6,-0.8309502601623535,-1.3095625892208036
BH_s05_medium,9,139,13.633333333333333,-0.6162874102592468,-1.5037846828159662
BH_s05_medium,9,140,13.666666666666666,0.026715686544775963,-1.5450890743356922
BH_s05_medium,9,141,13.7,1.1434297561645508,-1.4161819018854374
BH_s05_medium,9,142,13.733333333333333,2.0648882389068604,-1.1191569054711925
BH_s05_medium,9,143,13.766666666666667,2.342491865158081,-0.6802406208870568
BH_s05_medium,9,144,13.8,1.8422904014587402,-0.15043781174157297
BH_s05_medium,9,145,13.833333333333334,1.1433608531951904,0.39914225963071853
BH_s05_medium,9,146,13.866666666666667,0.3558520972728729,0.8879691814040401
BH_s05_medium,9,147,13.9,-0.15182186663150787,1.2417967800955356
BH_s05_medium,9,148,13.933333333333334,-0.45237433910369873,1.4095956247210952
BH_s05_medium,9,149,13.966666666666667,-0.4920412003993988,1.3760709483664189
BH_s05_medium,9,150,14.0,-0.3594016134738922,1.165116281385362
BH_s05_medium,9,151,14.033333333333333,-0.2732483744621277,0.8327612614110124
BH_s05_medium,9,152,14.066666666666666,-0.2655123174190521,0.4517277525004001
BH_s05_medium,9,153,14.1,-0.35166555643081665,0.0921609184437479
BH_s05_medium,9,154,14.133333333333333,-0.560754656791687,-0.19610682883362146
BH_s05_medium,9,155,14.166666666666666,-0.7897095084190369,-0.39481040743013573
BH_s05_medium,9,156,14.2,-0.9644418954849243,-0.5182837223403363
BH_s05_medium,9,157,14.233333333333333,-1.139174222946167,-0.6030814383718227
BH_s05_medium,9,158,14.266666666666667,-1.225327491760254,-0.6890081743506432
BH_s05_medium,9,159,14.3,-1.1784473657608032,-0.798162091621098
BH_s05_medium,9,160,14.333333333333334,-0.6587728261947632,-0.9201209862461078
BH_s05_medium,9,161,14.366666666666667,0.2496396005153656,-1.0098283984068204
BH_s05_medium,9,162,14.4,1.4578169584274292,-1.0005044783877333
BH_s05_medium,9,163,14.433333333333334,2.089277744293213,-0.8284091861332975
BH_s05_medium,9,164,14.466666666666667,1.9578828811645508,-0.46139881078264344
BH_s05_medium,9,165,14.5,1.2488558292388916,0.07931106508277115
BH_s05_medium,9,166,14.533333333333333,0.4613471031188965,0.7136400520795456
BH_s05_medium,9,167,14.566666666666666,-0.14618360996246338,1.3176197066437991
BH_s05_medium,9,168,14.6,-0.6695932745933533,1.755183538169675
BH_s05_medium,9,169,14.633333333333333,-0.7577787041664124,1.916487828772511
BH_s05_medium,9,170,14.666666666666666,-0.5850784778594971,1.7504648499706992
BH_s05_medium,9,171,14.7,-0.4103460907936096,1.2816740866957246
BH_s05_medium,9,172,14.733333333333333,-0.23561368882656097,0.6062870120852186
BH_s05_medium,9,173,14.766666666666667,-0.22630372643470764,-0.13231810344555578
BH_s05_medium,9,174,14.8,-0.38930022716522217,-0.7823092132277796
BH_s05_medium,9,175,14.833333333333334,-0.5640326142311096,-1.225604705776826
BH_s05_medium,9,176,14.866666666666667,-0.8273441791534424,-1.4098461736669465
BH_s05_medium,9,177,14.9,-1.002076506614685,-1.358362599980003
BH_s05_medium,9,178,14.933333333333334,-1.1768089532852173,-1.1540117752110208
BH_s05_medium,9,179,14.966666666666667,-1.2006744146347046,-0.9031647342468465
BH_s05_medium,9,180,15.0,-1.0809508562088013,-0.6942415749904737
BH_s05_medium,9,181,15.033333333333333,-0.32458439469337463,-0.5671504023415707
BH_s05_medium,9,182,15.066666666666666,0.690240740776062,-0.5047265060530901
BH_s05_medium,9,183,15.1,1.6670362949371338,-0.447887970841496
BH_s05_medium,9,184,15.133333333333333,1.9380171298980713,-0.3271468536733086
BH_s05_medium,9,185,15.166666666666666,1.442929983139038,-0.09717789326056882
BH_s05_medium,9,186,15.2,0.610115110874176,0.2399971008926361
BH_s05_medium,9,187,15.233333333333333,-0.08920712769031525,0.6328496635540524
BH_s05_medium,9,188,15.266666666666667,-0.6615290641784668,0.9992863209449332
BH_s05_medium,9,189,15.3,-0.97296541929245,1.257234663426775
BH_s05_medium,9,190,15.333333333333334,-0.9879136681556702,1.3529687043420728
BH_s05_medium,9,191,15.366666666666667,-0.8131812810897827,1.2757290254875766
BH_s05_medium,9,192,15.4,-0.669199526309967,1.0548020534713625
BH_s05_medium,9,193,15.433333333333334,-0.6975242495536804,0.7434023016329538
BH_s05_medium,9,194,15.466666666666667,-0.8722566366195679,0.39824657657483264
BH_s05_medium,9,195,15.5,-1.1355681419372559,0.06370053912708722
BH_s05_medium,9,196,15.533333333333333,-1.310300588607788,-0.23406742760538507
BH_s05_medium,9,197,15.566666666666666,-1.4664119482040405,-0.48303762954016566
BH_s05_medium,9,198,15.6,-1.538796067237854,-0.6768416299513694
BH_s05_medium,9,199,15.633333333333333,-1.452642798423767,-0.8085961100210054
BH_s05_medium,9,200,15.666666666666666,-1.155301570892334,-0.8699385695225085
BH_s05_medium,9,201,15.7,-0.26137903332710266,-0.8533743424070769
BH_s05_medium,9,202,15.733333333333333,0.8820858597755432,-0.7549713629787487
BH_s05_medium,9,203,15.766666666666667,1.9077270030975342,-0.5762733139061946
BH_s05_medium,9,204,15.8,2.0734753608703613,-0.3260314858860018
BH_s05_medium,9,205,15.833333333333334,1.6362178325653076,-0.02269726297908419
BH_s05_medium,9,206,15.866666666666667,0.8494954705238342,0.3025122250582295
BH_s05_medium,9,207,15.9,0.0619867667555809,0.6046634434752801
BH_s05_medium,9,208,15.933333333333334,-0.3792695105075836,0.8310420929372346
BH_s05_medium,9,209,15.966666666666667,-0.5701302289962769,0.9361818857735719
BH_s05_medium,9,210,16.0,-0.41637808084487915,0.9003040194322667
BH_s05_medium,9,211,16.033333333333335,-0.15306653082370758,0.7397561595164017
BH_s05_medium,9,212,16.066666666666666,0.02166585437953472,0.5013112363792435
BH_s05_medium,9,213,16.1,0.03943374752998352,0.24193606162907216
BH_s05_medium,9,214,16.133333333333333,-0.026525666937232018,0.0045479133699813995
BH_s05_medium,9,215,16.166666666666668,-0.1762123852968216,-0.19737064950357333
BH_s05_medium,9,216,16.2,-0.37599045038223267,-0.3788967433209033
BH_s05_medium,9,217,16.233333333333334,-0.5507228374481201,-0.5680223907112837
BH_s05_medium,9,218,16.266666666666666,-0.7254552245140076,-0.7834412096628977
BH_s05_medium,9,219,16.3,-0.7039489150047302,-1.016384805184726
BH_s05_medium,9,220,16.333333333333332,-0.1978466510772705,-1.2253959974299515
BH_s05_medium,9,221,16.366666666666667,0.8251749873161316,-1.3474962147767406
BH_s05_medium,9,222,16.4,1.8666185140609741,-1.3217725271295355
BH_s05_medium,9,223,16.433333333333334,2.2539126873016357,-1.1156237169857912
BH_s05_medium,9,224,16.466666666666665,1.9516539573669434,-0.7427070678702422
BH_s05_medium,9,225,16.5,1.211024284362793,-0.2647836464308259
BH_s05_medium,9,226,16.533333333333335,0.38666728138923645,0.22456135082548284
BH_s05_medium,9,227,16.566666666666666,-0.15241248905658722,0.6291995635568333
BH_s05_medium,9,228,16.6,-0.5240376591682434,0.8812496607837592
BH_s05_medium,9,229,16.633333333333333,-0.5510498881340027,0.9603796215609092
BH_s05_medium,9,230,16.666666666666668,-0.2877383232116699,0.8941217862144142
BH_s05_medium,9,231,16.7,-0.0491454117000103,0.7409871295762822
BH_s05_medium,9,232,16.733333333333334,-0.0491454117000103,0.5657409684056617
BH_s05_medium,9,233,16.766666666666666,-0.06901220977306366,0.4181417883749061
BH_s05_medium,9,234,16.8,-0.2611854672431946,0.32234114682299414
BH_s05_medium,9,235,16.833333333333332,-0.5070561170578003,0.27781414328392684
BH_s05_medium,9,236,16.866666666666667,-0.7703676819801331,0.26830663336881416
BH_s05_medium,9,237,16.9,-0.9451000690460205,0.2735732672510029
BH_s05_medium,9,238,16.933333333333334,-0.9194626808166504,0.27877170821725167
BH_s05_medium,9,239,16.966666666666665,-0.2883267402648926,0.2782165997769766
BH_s05_medium,10,0,10.0,-0.16886897385120392,-0.0012225603574130964
BH_s05_medium,10,1,10.033333333333333,-0.7146369814872742,0.777719892417019
BH_s05_medium,10,2,10.066666666666666,-0.999519407749176,1.4292823648668205
BH_s05_medium,10,3,10.1,-0.9613596796989441,1.8577459374150245
BH_s05_medium,10,4,10.133333333333333,-0.7866272926330566,2.0179865410716036
BH_s05_medium,10,5,10.166666666666666,-0.6118949055671692,1.924452456865553
BH_s05_medium,10,6,10.2,-0.4920412003993988,1.6430085110901826
BH_s05_medium,10,7,10.233333333333333,-0.633073091506958,1.268183726969671
BH_s05_medium,10,8,10.266666666666667,-0.8578323125839233,0.8936530225693584
BH_s05_medium,10,9,10.3,-1.0711170434951782,0.5853808324998431
BH_s05_medium,10,10,10.333333333333334,-1.2458494901657104,0.3651994902628243
BH_s05_medium,10,11,10.366666666666667,-1.4205818176269531,0.20970790855357171
BH_s05_medium,10,12,10.4,-1.426088809967041,0.06619144234487337
BH_s05_medium,10,13,10.433333333333334,-1.0111885070800781,-0.11828729127771326
BH_s05_medium,10,14,10.466666666666667,-0.013476177118718624,-0.36624391624277675
BH_s05_medium,10,15,10.5,1.1565426588058472,-0.6525055954519612
BH_s05_medium,10,16,10.533333333333333,1.9302154779434204,-0.9091335797937824
BH_s05_medium,10,17,10.566666666666666,1.8150156736373901,-1.050323882838811
BH_s05_medium,10,18,10.6,1.150704264640808,-1.0066603802892002
BH_s05_medium,10,19,10.633333333333333,0.30038389563560486,-0.7552104542946972
BH_s05_medium,10,20,10.666666666666666,-0.309966504573822,-0.334131055480813
BH_s05_medium,10,21,10.7,-0.7947582006454468,0.16379233851081837
BH_s05_medium,10,22,10.733333333333333,-0.9349370002746582,0.6169369889543703
BH_s05_medium,10,23,10.766666666666667,-0.9212990999221802,0.9115589079665899
BH_s05_medium,10,24,10.8,-0.669199526309967,0.977014230268677
BH_s05_medium,10,25,10.833333333333334,-0.5806203484535217,0.807162540220627
BH_s05_medium,10,26,10.866666666666667,-0.5869805216789246,0.46016945722178176
BH_s05_medium,10,27,10.9,-0.761712908744812,0.03666799896358226
BH_s05_medium,10,28,10.933333333333334,-1.0250244140625,-0.35547622029433856
BH_s05_medium,10,29,10.966666666666667,-1.1997568607330322,-0.6362502015951796
BH_s05_medium,10,30,11.0,-1.374489188194275,-0.7751689543935018
BH_s05_medium,10,31,11.033333333333333,-1.5492216348648071,-0.7921743280188082
BH_s05_medium,10,32,11.066666666666666,-1.563186526298523,-0.7393996003275619
BH_s05_medium,10,33,11.1,-0.8994646668434143,-0.673315916280369
BH_s05_medium,10,34,11.133333333333333,0.1383083462715149,-0.6298149029068019
BH_s05_medium,10,35,11.166666666666666,1.3638609647750854,-0.6119749454649157
BH_s05_medium,10,36,11.2,1.7931177616119385,-0.5934345616360582
BH_s05_medium,10,37,11.233333333333333,1.517675518989563,-0.5334243018936157
BH_s05_medium,10,38,11.266666666666667,0.7732428312301636,-0.3959546401169222
BH_s05_medium,10,39,11.3,0.026385357603430748,-0.16577969835988132
BH_s05_medium,10,40,11.333333333333334,-0.6749701499938965,0.1438425093600102
BH_s05_medium,10,41,11.366666666666667,-1.0520377159118652,0.49327844349085115
BH_s05_medium,10,42,11.4,-1.1120953559875488,0.8270312338702462
BH_s05_medium,10,43,11.433333333333334,-0.9161190986633301,1.0886038451729954
BH_s05_medium,10,44,11.466666666666667,-0.706506073474884,1.2343603467419177
BH_s05_medium,10,45,11.5,-0.5806203484535217,1.241815345527782
BH_s05_medium,10,46,11.533333333333333,-0.6270411014556885,1.1107362653418684
BH_s05_medium,10,47,11.566666666666666,-0.8017734885215759,0.8588324193243395
BH_s05_medium,10,48,11.6,-1.0650850534439087,0.5156410910390543
BH_s05_medium,10,49,11.633333333333333,-1.3283965587615967,0.11789953270790697
BH_s05_medium,10,50,11.666666666666666,-1.503129005432129,-0.29228126855662806
BH_s05_medium,10,51,11.7,-1.6435703039169312,-0.6677571616584013
BH_s05_medium,10,52,11.733333333333333,-1.3389512300491333,-0.9583801317890055
BH_s05_medium,10,53,11.766666666666667,-0.40398484468460083,-1.1173086193705173
BH_s05_medium,10,54,11.8,0.7600019574165344,-1.111088603668615
BH_s05_medium,10,55,11.833333333333334,1.594454288482666,-0.9301220111052956
BH_s05_medium,10,56,11.866666666666667,1.5673742294311523,-0.5958157002456627
BH_s05_medium,10,57,11.9,1.0037059783935547,-0.16176196643355223
BH_s05_medium,10,58,11.933333333333334,0.23593275249004364,0.2929808709194014
BH_s05_medium,10,59,11.966666666666667,-0.35953396558761597,0.6792654476942394
BH_s05_medium,10,60,12.0,-0.7826942205429077,0.9197537952476368
BH_s05_medium,10,61,12.033333333333333,-0.9249051809310913,0.9712080912405826
BH_s05_medium,10,62,12.066666666666666,-0.7425668835639954,0.8383011022543675
BH_s05_medium,10,63,12.1,-0.3982820510864258,0.5716839628285542
BH_s05_medium,10,64,12.133333333333333,-0.22630372643470764,0.2497156725354359
BH_s05_medium,10,65,12.166666666666666,-0.22663185000419617,-0.049092161719024974
BH_s05_medium,10,66,12.2,-0.4013642370700836,-0.27198124317810646
BH_s05_medium,10,67,12.233333333333333,-0.5760966539382935,-0.4062295015474086
BH_s05_medium,10,68,12.266666666666667,-0.8394081592559814,-0.476421605273909
BH_s05_medium,10,69,12.3,-1.0933440923690796,-0.5260699323715073
BH_s05_medium,10,70,12.333333333333334,-1.2006744146347046,-0.5917150650584253
BH_s05_medium,10,71,12.366666666666667,-0.8146884441375732,-0.6812233348034444
BH_s05_medium,10,72,12.4,0.04474607855081558,-0.7662703181211429
BH_s05_medium,10,73,12.433333333333334,1.23456609249115,-0.7927640336335725
BH_s05_medium,10,74,12.466666666666667,2.0122387409210205,-0.7050246716469855
BH_s05_medium,10,75,12.5,1.9474583864212036,-0.47319623838632774
BH_s05_medium,10,76,12.533333333333333,1.3849703073501587,-0.1114133299216014
BH_s05_medium,10,77,12.566666666666666,0.6860406994819641,0.3219396455194052
BH_s05_medium,10,78,12.6,0.1330605298280716,0.7422032016564034
BH_s05_medium,10,79,12.633333333333333,-0.15903401374816895,1.066452339526677
BH_s05_medium,10,80,12.666666666666666,-0.31488287448883057,1.2391643708741351
BH_s05_medium,10,81,12.7,-0.17621128261089325,1.2451088550352816
BH_s05_medium,10,82,12.733333333333333,-0.0491454117000103,1.1057877610712994
BH_s05_medium,10,83,12.766666666666667,0.03943374752998352,0.8636226632331676
BH_s05_medium,10,84,12.8,0.12801291048526764,0.5630037298045473
BH_s05_medium,10,85,12.833333333333334,0.12801291048526764,0.23702629192429023
BH_s05_medium,10,86,12.866666666666667,0.0014709351817145944,-0.09602211211447359
BH_s05_medium,10,87,12.9,-0.08468229323625565,-0.42769229503435274
BH_s05_medium,10,88,12.933333333333334,-0.29252564907073975,-0.7497894092018618
BH_s05_medium,10,89,12.966666666666667,-0.46135616302490234,-1.0445971962264062
BH_s05_medium,10,90,13.0,-0.02468816190958023,-1.2794814937514498
BH_s05_medium,10,91,13.033333333333333,0.9288992285728455,-1.4094634661668495
BH_s05_medium,10,92,13.066666666666666,2.1937906742095947,-1.3883304478074314
BH_s05_medium,10,93,13.1,2.8949482440948486,-1.185089295566902
BH_s05_medium,10,94,13.133333333333333,2.8368561267852783,-0.799960434790778
BH_s05_medium,10,95,13.166666666666666,2.2779738903045654,-0.2732941561769674
BH_s05_medium,10,96,13.2,1.4904652833938599,0.3179240742222029
BH_s05_medium,10,97,13.233333333333333,0.8801149129867554,0.8770369941655825
BH_s05_medium,10,98,13.266666666666667,0.3760470151901245,1.312734284231553
BH_s05_medium,10,99,13.3,0.2101663053035736,1.5622250623947054
BH_s05_medium,10,100,13.333333333333334,0.21659205853939056,1.6036736640956675
BH_s05_medium,10,101,13.366666666666667,0.3051712214946747,1.4544477122336357
BH_s05_medium,10,102,13.4,0.3051712214946747,1.1580789836656324
BH_s05_medium,10,103,13.433333333333334,0.13129085302352905,0.7670781649173719
BH_s05_medium,10,104,13.466666666666667,-0.0434415340423584,0.3292492934798529
BH_s05_medium,10,105,13.5,-0.21817392110824585,-0.11791548526774116
BH_s05_medium,10,106,13.533333333333333,-0.4814854562282562,-0.5450240316735845
BH_s05_medium,10,107,13.566666666666666,-0.6562178730964661,-0.9248476233981251
BH_s05_medium,10,108,13.6,-0.8309502601623535,-1.2276020045689222
BH_s05_medium,10,109,13.633333333333333,-0.6162874102592468,-1.4206176931295589
BH_s05_medium,10,110,13.666666666666666,0.026715686544775963,-1.4728508490326622
BH_s05_medium,10,111,13.7,1.1434297561645508,-1.3625837253837807
BH_s05_medium,10,112,13.733333333333333,2.0648882389068604,-1.0858751009882368
BH_s05_medium,10,113,13.766666666666667,2.342491865158081,-0.6633006560816362
BH_s05_medium,10,114,13.8,1.8422904014587402,-0.14254163126681788
BH_s05_medium,10,115,13.833333333333334,1.1433608531951904,0.40541269693917154
BH_s05_medium,10,116,13.866666666666667,0.3558520972728729,0.8975902893741141
BH_s05_medium,10,117,13.9,-0.15182186663150787,1.2564616519198435
BH_s05_medium,10,118,13.933333333333334,-0.45237433910369873,1.4286132815366965
BH_s05_medium,10,119,13.966666666666667,-0.4920412003993988,1.3979903551814827
BH_s05_medium,10,120,14.0,-0.3594016134738922,1.1886804662178205
BH_s05_medium,10,121,14.033333333333333,-0.2732483744621277,0.8563583266803874
BH_s05_medium,10,122,14.066666666666666,-0.2655123174190521,0.4717207356504019
BH_s05_medium,10,123,14.1,-0.35166555643081665,0.10151451302655473
BH_s05_medium,10,124,14.133333333333333,-0.560754656791687,-0.20746427150817942
BH_s05_medium,10,125,14.166666666666666,-0.7897095084190369,-0.43741835700570403
BH_s05_medium,10,126,14.2,-0.9644418954849243,-0.5990585004593547
BH_s05_medium,10,127,14.233333333333333,-1.139174222946167,-0.7211676641872979
BH_s05_medium,10,128,14.266666666666667,-1.225327491760254,-0.8333716849589706
BH_s05_medium,10,129,14.3,-1.1784473657608032,-0.948457598658801
BH_s05_medium,10,130,14.333333333333334,-0.6587728261947632,-1.0512771041871787
BH_s05_medium,10,131,14.366666666666667,0.2496396005153656,-1.0991845258039157
BH_s05_medium,10,132,14.4,1.4578169584274292,-1.0350335061209464
BH_s05_medium,10,133,14.433333333333334,2.089277744293213,-0.8092486112167633
BH_s05_medium,10,134,14.466666666666667,1.9578828811645508,-0.4037479534800047
BH_s05_medium,10,135,14.5,1.2488558292388916,0.15122874309167822
BH_s05_medium,10,136,14.533333333333333,0.4613471031188965,0.7750254741646465
BH_s05_medium,10,137,14.566666666666666,-0.14618360996246338,1.3519992629742732
BH_s05_medium,10,138,14.6,-0.6695932745933533,1.7602347214429157
BH_s05_medium,10,139,14.633333333333333,-0.7577787041664124,1.9041129518182538
BH_s05_medium,10,140,14.666666666666666,-0.5850784778594971,1.7408784994698223
BH_s05_medium,10,141,14.7,-0.4103460907936096,1.2941495458482861
BH_s05_medium,10,142,14.733333333333333,-0.23561368882656097,0.6506392960290345
BH_s05_medium,10,143,14.766666666666667,-0.22630372643470764,-0.06013143506768863
BH_s05_medium,10,144,14.8,-0.38930022716522217,-0.6990311948111408
BH_s05_medium,10,145,14.833333333333334,-0.5640326142311096,-1.1545966660643536
BH_s05_medium,10,146,14.866666666666667,-0.8273441791534424,-1.3722796355420512
BH_s05_medium,10,147,14.9,-1.002076506614685,-1.3646980322851734
BH_s05_medium,10,148,14.933333333333334,-1.1768089532852173,-1.1987365628244462
BH_s05_medium,10,149,14.966666666666667,-1.2006744146347046,-0.9647799180309853
BH_s05_medium,10,150,15.0,-1.0809508562088013,-0.7406629862382121
BH_s05_medium,10,151,15.033333333333333,-0.32458439469337463,-0.5647448874115998
BH_s05_medium,10,152,15.066666666666666,0.690240740776062,-0.4281327029855389
BH_s05_medium,10,153,15.1,1.6670362949371338,-0.28782578146221277
BH_s05_medium,10,154,15.133333333333333,1.9380171298980713,-0.09409280865989103
BH_s05_medium,10,155,15.166666666666666,1.442929983139038,0.18023204682589053
BH_s05_medium,10,156,15.2,0.610115110874176,0.5215799074099434
BH_s05_medium,10,157,15.233333333333333,-0.08920712769031525,0.8765517143364256
BH_s05_medium,10,158,15.266666666666667,-0.6615290641784668,1.1706175976865059
BH_s05_medium,10,159,15.3,-0.97296541929245,1.3351088411260101
BH_s05_medium,10,160,15.333333333333334,-0.9879136681556702,1.330394435579231
BH_s05_medium,10,161,15.366666666666667,-0.8131812810897827,1.1564730359868804
BH_s05_medium,10,162,15.4,-0.669199526309967,0.8487930091016801
BH_s05_medium,10,163,15.433333333333334,-0.6975242495536804,0.46340344604826045
BH_s05_medium,10,164,15.466666666666667,-0.8722566366195679,0.05888136169996755
BH_s05_medium,10,165,15.5,-1.1355681419372559,-0.31763873341690657
BH_s05_medium,10,166,15.533333333333333,-1.310300588607788,-0.6358357815498232
BH_s05_medium,10,167,15.566666666666666,-1.4664119482040405,-0.8791563797401699
BH_s05_medium,10,168,15.6,-1.538796067237854,-1.0381702041645162
BH_s05_medium,10,169,15.633333333333333,-1.452642798423767,-1.1062116721487776
BH_s05_medium,10,170,15.666666666666666,-1.155301570892334,-1.0794508531943734
BH_s05_medium,10,171,15.7,-0.26137903332710266,-0.9591162165425884
BH_s05_medium,10,172,15.733333333333333,0.8820858597755432,-0.7528279202634836
BH_s05_medium,10,173,15.766666666666667,1.9077270030975342,-0.4742361177398987
BH_s05_medium,10,174,15.8,2.0734753608703613,-0.14239706873175204
BH_s05_medium,10,175,15.833333333333334,1.6362178325653076,0.21720718269168704
BH_s05_medium,10,176,15.866666666666667,0.8494954705238342,0.5697888458099355
BH_s05_medium,10,177,15.9,0.0619867667555809,0.8695703473200017
BH_s05_medium,10,178,15.933333333333334,-0.3792695105075836,1.0648012511116167
BH_s05_medium,10,179,15.966666666666667,-0.5701302289962769,1.1123182853824047
BH_s05_medium,10,180,16.0,-0.41637808084487915,0.9962764071231397
BH_s05_medium,10,181,16.033333333333335,-0.15306653082370758,0.739559132371064
BH_s05_medium,10,182,16.066666666666666,0.02166585437953472,0.39925137075526734
BH_s05_medium,10,183,16.1,0.03943374752998352,0.04690426754261781
BH_s05_medium,10,184,16.133333333333333,-0.026525666937232018,-0.25696831281078886
BH_s05_medium,10,185,16.166666666666668,-0.1762123852968216,-0.4817753244502271
BH_s05_medium,10,186,16.2,-0.37599045038223267,-0.6307322855378005
BH_s05_medium,10,187,16.233333333333334,-0.5507228374481201,-0.7290450521059378
BH_s05_medium,10,188,16.266666666666666,-0.7254552245140076,-0.8026162185890917
BH_s05_medium,10,189,16.3,-0.7039489150047302,-0.8574998634157655
BH_s05_medium,10,190,16.333333333333332,-0.1978466510772705,-0.8705391742470325
BH_s05_medium,10,191,16.366666666666667,0.8251749873161316,-0.7970691952478458
BH_s05_medium,10,192,16.4,1.8666185140609741,-0.5932304256389946
BH_s05_medium,10,193,16.433333333333334,2.2539126873016357,-0.24278085517559012
BH_s05_medium,10,194,16.466666666666665,1.9516539573669434,0.2242993866581423
BH_s05_medium,10,195,16.5,1.211024284362793,0.7309388610714553
BH_s05_medium,10,196,16.533333333333335,0.38666728138923645,1.172204504747431
BH_s05_medium,10,197,16.566666666666666,-0.15241248905658722,1.4482607217278114
BH_s05_medium,10,198,16.6,-0.5240376591682434,1.4977070836466775
BH_s05_medium,10,199,16.633333333333333,-0.5510498881340027,1.3168937647109855
BH_s05_medium,10,200,16.666666666666668,-0.2877383232116699,0.9573174637926906
BH_s05_medium,10,201,16.7,-0.0491454117000103,0.5035853066765135
BH_s05_medium,10,202,16.733333333333334,-0.0491454117000103,0.042883517429710666
BH_s05_medium,10,203,16.766666666666666,-0.06901220977306366,-0.36070944811013156
BH_s05_medium,10,204,16.8,-0.2611854672431946,-0.6779449733855581
BH_s05_medium,10,205,16.833333333333332,-0.5070561170578003,-0.9102940537496652
BH_s05_medium,10,206,16.866666666666667,-0.7703676819801331,-1.0742360480180289
BH_s05_medium,10,207,16.9,-0.9451000690460205,-1.1818621542639585
BH_s05_medium,10,208,16.933333333333334,-0.9194626808166504,-1.2269216394225828
BH_s05_medium,10,209,16.966666666666665,-0.2883267402648926,-1.1832278394439597
BH_s05_medium,10,210,17.0,0.76826411485672,-1.0167035783123437
BH_s05_medium,10,211,17.033333333333335,1.9014335870742798,-0.7059602115920619
BH_s05_medium,10,212,17.066666666666666,2.3405253887176514,-0.26230831238205865
BH_s05_medium,10,213,17.1,2.0013527870178223,0.2602956279101739
BH_s05_medium,10,214,17.133333333333333,1.2250548601150513,0.7716976034011239
BH_s05_medium,10,215,17.166666666666668,0.3513928949832916,1.168380693901705
BH_s05_medium,10,216,17.2,-0.2029632031917572,1.3650376754358589
BH_s05_medium,10,217,17.233333333333334,-0.5665241479873657,1.322383673216929
BH_s05_medium,10,218,17.266666666666666,-0.5971424579620361,1.0598122816511597
BH_s05_medium,10,219,17.3,-0.42241010069847107,0.6478119413517147
BH_s05_medium,10,220,17.333333333333332,-0.1590985357761383,0.18337710915176325
BH_s05_medium,10,221,17.366666666666667,-0.0491454117000103,-0.24155598113574425
BH_s05_medium,10,222,17.4,-0.11149874329566956,-0.5661029015014869
BH_s05_medium,10,223,17.433333333333334,-0.286231130361557,-0.7712032219761035
BH_s05_medium,10,224,17.466666666666665,-0.5495426654815674,-0.8726399457777816
BH_s05_medium,10,225,17.5,-0.7242750525474548,-0.9015259073323728
BH_s05_medium,10,226,17.533333333333335,-0.8990074396133423,-0.882141429926205
BH_s05_medium,10,227,17.566666666666666,-0.8847132921218872,-0.8170081274607295
BH_s05_medium,10,228,17.6,-0.29383373260498047,-0.6851242219971284
BH_s05_medium,10,229,17.633333333333333,0.7113533020019531,-0.45380941763838684
BH_s05_medium,10,230,17.666666666666668,1.8056422472000122,-0.0997879089807031
BH_s05_medium,10,231,17.7,2.2539126873016357,0.36879372652435227
BH_s05_medium,10,232,17.733333333333334,1.9243781566619873,0.9000399129976417
BH_s05_medium,10,233,17.766666666666666,1.2254486083984375,1.4037336121326407
BH_s05_medium,10,234,17.8,0.4379398822784424,1.7741127734313924
BH_s05_medium,10,235,17.833333333333332,-0.11077797412872314,1.9206276021184778
BH_s05_medium,10,236,17.866666666666667,-0.43185240030288696,1.794081252069997
BH_s05_medium,10,237,17.9,-0.4660767912864685,1.3991101975935323
BH_s05_medium,10,238,17.933333333333334,-0.29134440422058105,0.7912655837205961
BH_s05_medium,10,239,17.966666666666665,-0.20519116520881653,0.06340169409155674
BH_s05_medium,11,0,11.0,-1.374489188194275,0.04294399504416468
BH_s05_medium,11,1,11.033333333333333,-1.5492216348648071,0.37738443572953845
BH_s05_medium,11,2,11.066666666666666,-1.563186526298523,0.6364611144329338
BH_s05_medium,11,3,11.1,-0.8994646668434143,0.7703411148486277
BH_s05_medium,11,4,11.133333333333333,0.1383083462715149,0.772265697606465
BH_s05_medium,11,5,11.166666666666666,1.3638609647750854,0.6789948141216761
BH_s05_medium,11,6,11.2,1.7931177616119385,0.554531072415677
BH_s05_medium,11,7,11.233333333333333,1.517675518989563,0.4648201617571122
BH_s05_medium,11,8,11.266666666666667,0.7732428312301636,0.45437067473826137
BH_s05_medium,11,9,11.3,0.026385357603430748,0.5332559701800625
BH_s05_medium,11,10,11.333333333333334,-0.6749701499938965,0.6773434959846787
BH_s05_medium,11,11,11.366666666666667,-1.0520377159118652,0.8392196165824861
BH_s05_medium,11,12,11.4,-1.1120953559875488,0.9644406950819034
BH_s05_medium,11,13,11.433333333333334,-0.9161190986633301,1.0073652976117768
BH_s05_medium,11,14,11.466666666666667,-0.706506073474884,0.9419011668090563
BH_s05_medium,11,15,11.5,-0.5806203484535217,0.7647634204513405
BH_s05_medium,11,16,11.533333333333333,-0.6270411014556885,0.49190979421265946
BH_s05_medium,11,17,11.566666666666666,-0.8017734885215759,0.15127823217975866
BH_s05_medium,11,18,11.6,-1.0650850534439087,-0.22441676084693066
BH_s05_medium,11,19,11.633333333333333,-1.3283965587615967,-0.602094616215401
BH_s05_medium,11,20,11.666666666666666,-1.503129005432129,-0.9490695306708741
BH_s05_medium,11,21,11.7,-1.6435703039169312,-1.2315336649842816
BH_s05_medium,11,22,11.733333333333333,-1.3389512300491333,-1.4139384645572923
BH_s05_medium,11,23,11.766666666666667,-0.40398484468460083,-1.4623224313749374
BH_s05_medium,11,24,11.8,0.7600019574165344,-1.3521051973603344
BH_s05_medium,11,25,11.833333333333334,1.594454288482666,-1.0779338911363543
BH_s05_medium,11,26,11.866666666666667,1.5673742294311523,-0.6618916484254439
BH_s05_medium,11,27,11.9,1.0037059783935547,-0.15649836667098274
BH_s05_medium,11,28,11.933333333333334,0.23593275249004364,0.36038063867465736
BH_s05_medium,11,29,11.966666666666667,-0.35953396558761597,0.79985738915277
BH_s05_medium,11,30,12.0,-0.7826942205429077,1.0833798518170301
BH_s05_medium,11,31,12.033333333333333,-0.9249051809310913,1.1648689068467097
BH_s05_medium,11,32,12.066666666666666,-0.7425668835639954,1.0447973847878786
BH_s05_medium,11,33,12.1,-0.3982820510864258,0.769138112638007
BH_s05_medium,11,34,12.133333333333333,-0.22630372643470764,0.4127031919739709
BH_s05_medium,11,35,12.166666666666666,-0.22663185000419617,0.05369314852261172
BH_s05_medium,11,36,12.2,-0.4013642370700836,-0.25032864832002066
BH_s05_medium,11,37,12.233333333333333,-0.5760966539382935,-0.4760682943618452
BH_s05_medium,11,38,12.266666666666667,-0.8394081592559814,-0.6331252561444516
BH_s05_medium,11,39,12.3,-1.0933440923690796,-0.7488848080597387
BH_s05_medium,11,40,12.333333333333334,-1.2006744146347046,-0.8466042508409528
BH_s05_medium,11,41,12.366666666666667,-0.8146884441375732,-0.9267671405318593
BH_s05_medium,11,42,12.4,0.04474607855081558,-0.9607731806335962
BH_s05_medium,11,43,12.433333333333334,1.23456609249115,-0.9008562707968943
BH_s05_medium,11,44,12.466666666666667,2.0122387409210205,-0.7026468943632836
BH_s05_medium,11,45,12.5,1.9474583864212036,-0.35047737691782094
BH_s05_medium,11,46,12.533333333333333,1.3849703073501587,0.12641005282372605
BH_s05_medium,11,47,12.566666666666666,0.6860406994819641,0.6550127133087166
BH_s05_medium,11,48,12.6,0.1330605298280716,1.1376290802932378
BH_s05_medium,11,49,12.633333333333333,-0.15903401374816895,1.4812124636233124
BH_s05_medium,11,50,12.666666666666666,-0.31488287448883057,1.6247859309775372
BH_s05_medium,11,51,12.7,-0.17621128261089325,1.5540126365385047
BH_s05_medium,11,52,12.733333333333333,-0.0491454117000103,1.298668080606381
BH_s05_medium,11,53,12.766666666666667,0.03943374752998352,0.9167427590148336
BH_s05_medium,11,54,12.8,0.12801291048526764,0.4737712516224995
BH_s05_medium,11,55,12.833333333333334,0.12801291048526764,0.025868168740182766
BH_s05_medium,11,56,12.866666666666667,0.0014709351817145944,-0.3890114865221654
BH_s05_medium,11,57,12.9,-0.08468229323625565,-0.7513491660194686
BH_s05_medium,11,58,12.933333333333334,-0.29252564907073975,-1.0536685816855085
BH_s05_medium,11,59,12.966666666666667,-0.46135616302490234,-1.290236285879275
BH_s05_medium,11,60,13.0,-0.02468816190958023,-1.447193741466633
BH_s05_medium,11,61,13.033333333333333,0.9288992285728455,-1.4983112530889762
BH_s05_medium,11,62,13.066666666666666,2.1937906742095947,-1.4098432953270048
BH_s05_medium,11,63,13.1,2.8949482440948486,-1.154118814964227
BH_s05_medium,11,64,13.133333333333333,2.8368561267852783,-0.72722010045723
BH_s05_medium,11,65,13.166666666666666,2.2779738903045654,-0.1629187340932705
BH_s05_medium,11,66,13.2,1.4904652833938599,0.465371186853908
BH_s05_medium,11,67,13.233333333333333,0.8801149129867554,1.0585505917972742
BH_s05_medium,11,68,13.266666666666667,0.3760470151901245,1.5174104156968353
BH_s05_medium,11,69,13.3,0.2101663053035736,1.76904361804881
BH_s05_medium,11,70,13.333333333333334,0.21659205853939056,1.7834832505564437
BH_s05_medium,11,71,13.366666666666667,0.3051712214946747,1.5756086360773272
BH_s05_medium,11,72,13.4,0.3051712214946747,1.194202362117002
BH_s05_medium,11,73,13.433333333333334,0.13129085302352905,0.7046603081082232
BH_s05_medium,11,74,13.466666666666667,-0.0434415340423584,0.17271520999693335
BH_s05_medium,11,75,13.5,-0.21817392110824585,-0.34581371407577577
BH_s05_medium,11,76,13.533333333333333,-0.4814854562282562,-0.8079904274254491
BH_s05_medium,11,77,13.566666666666666,-0.6562178730964661,-1.1814725669419925
BH_s05_medium,11,78,13.6,-0.8309502601623535,-1.4405310016587758
BH_s05_medium,11,79,13.633333333333333,-0.6162874102592468,-1.5635987746323545
BH_s05_medium,11,80,13.666666666666666,0.026715686544775963,-1.5340145138258443
BH_s05_medium,11,81,13.7,1.1434297561645508,-1.343929927216277
BH_s05_medium,11,82,13.733333333333333,2.0648882389068604,-1.0001984340794858
BH_s05_medium,11,83,13.766666666666667,2.342491865158081,-0.5302123824811035
BH_s05_medium,11,84,13.8,1.8422904014587402,0.015160843032801673
BH_s05_medium,11,85,13.833333333333334,1.1433608531951904,0.564607637029675
BH_s05_medium,11,86,13.866666666666667,0.3558520972728729,1.0371672578882818
BH_s05_medium,11,87,13.9,-0.15182186663150787,1.3594822065605676
BH_s05_medium,11,88,13.933333333333334,-0.45237433910369873,1.4842346593969422
BH_s05_medium,11,89,13.966666666666667,-0.4920412003993988,1.4026136845197243
BH_s05_medium,11,90,14.0,-0.3594016134738922,1.1457714925733606
BH_s05_medium,11,91,14.033333333333333,-0.2732483744621277,0.7748498477315747
BH_s05_medium,11,92,14.066666666666666,-0.2655123174190521,0.3634221530645856
BH_s05_medium,11,93,14.1,-0.35166555643081665,-0.021625754959454326
BH_s05_medium,11,94,14.133333333333333,-0.560754656791687,-0.3350262495173019
BH_s05_medium,11,95,14.166666666666666,-0.7897095084190369,-0.5601094667365308
BH_s05_medium,11,96,14.2,-0.9644418954849243,-0.7066562644121247
BH_s05_medium,11,97,14.233333333333333,-1.139174222946167,-0.8008602610597165
BH_s05_medium,11,98,14.266666666666667,-1.225327491760254,-0.8705433384906822
BH_s05_medium,11,99,14.3,-1.1784473657608032,-0.9301807575266915
BH_s05_medium,11,100,14.333333333333334,-0.6587728261947632,-0.9709779755514403
BH_s05_medium,11,101,14.366666666666667,0.2496396005153656,-0.9603624876228181
BH_s05_medium,11,102,14.4,1.4578169584274292,-0.8523668523951575
BH_s05_medium,11,103,14.433333333333334,2.089277744293213,-0.6064173699645672
BH_s05_medium,11,104,14.466666666666667,1.9578828811645508,-0.20853239579987387
BH_s05_medium,11,105,14.5,1.2488558292388916,0.3129900396332885
BH_s05_medium,11,106,14.533333333333333,0.4613471031188965,0.8847115999560657
BH_s05_medium,11,107,14.566666666666666,-0.14618360996246338,1.4013476976558035
BH_s05_medium,11,108,14.6,-0.6695932745933533,1.7520208114513256
BH_s05_medium,11,109,14.633333333333333,-0.7577787041664124,1.8508749314188833
BH_s05_medium,11,110,14.666666666666666,-0.5850784778594971,1.662260799582952
BH_s05_medium,11,111,14.7,-0.4103460907936096,1.2130417112575613
BH_s05_medium,11,112,14.733333333333333,-0.23561368882656097,0.5882896765429886
BH_s05_medium,11,113,14.766666666666667,-0.22630372643470764,-0.08922247161805169
BH_s05_medium,11,114,14.8,-0.38930022716522217,-0.6910015329001505
BH_s05_medium,11,115,14.833333333333334,-0.5640326142311096,-1.117429140543278
BH_s05_medium,11,116,14.866666666666667,-0.8273441791534424,-1.323566492567935
BH_s05_medium,11,117,14.9,-1.002076506614685,-1.326418798910431
BH_s05_medium,11,118,14.933333333333334,-1.1768089532852173,-1.1907445986835417
BH_s05_medium,11,119,14.966666666666667,-1.2006744146347046,-0.9993305825029405
BH_s05_medium,11,120,15.0,-1.0809508562088013,-0.81989620718931
BH_s05_medium,11,121,15.033333333333333,-0.32458439469337463,-0.6817095015487972
BH_s05_medium,11,122,15.066666666666666,0.690240740776062,-0.5704137537309073
BH_s05_medium,11,123,15.1,1.6670362949371338,-0.4418279285828886
BH_s05_medium,11,124,15.133333333333333,1.9380171298980713,-0.24795140649764652
BH_s05_medium,11,125,15.166666666666666,1.442929983139038,0.03621983506622605
BH_s05_medium,11,126,15.2,0.610115110874176,0.39654263210969953
BH_s05_medium,11,127,15.233333333333333,-0.08920712769031525,0.7808865949287472
BH_s05_medium,11,128,15.266666666666667,-0.6615290641784668,1.1162472497252953
BH_s05_medium,11,129,15.3,-0.97296541929245,1.3334562530630913
BH_s05_medium,11,130,15.333333333333334,-0.9879136681556702,1.3888112772548753
BH_s05_medium,11,131,15.366666666666667,-0.8131812810897827,1.2747061419229915
BH_s05_medium,11,132,15.4,-0.669199526309967,1.0170803521582008
BH_s05_medium,11,133,15.433333333333334,-0.6975242495536804,0.6631501460873456
BH_s05_medium,11,134,15.466666666666667,-0.8722566366195679,0.2659460033681883
BH_s05_medium,11,135,15.5,-1.1355681419372559,-0.127974995580554
BH_s05_medium,11,136,15.533333333333333,-1.310300588607788,-0.48394912346116337
BH_s05_medium,11,137,15.566666666666666,-1.4664119482040405,-0.7780736337383406
BH_s05_medium,11,138,15.6,-1.538796067237854,-0.9933298097763761
BH_s05_medium,11,139,15.633333333333333,-1.452642798423767,-1.1172539913244584
BH_s05_medium,11,140,15.666666666666666,-1.155301570892334,-1.1424122698669519
BH_s05_medium,11,141,15.7,-0.26137903332710266,-1.06773766510667
BH_s05_medium,11,142,15.733333333333333,0.8820858597755432,-0.8986494950497227
BH_s05_medium,11,143,15.766666666666667,1.9077270030975342,-0.6459455565896309
BH_s05_medium,11,144,15.8,2.0734753608703613,-0.32516058581094653
BH_s05_medium,11,145,15.833333333333334,1.6362178325653076,0.04187373697497782
BH_s05_medium,11,146,15.866666666666667,0.8494954705238342,0.423287701443404
BH_s05_medium,11,147,15.9,0.0619867667555809,0.7743677310285686
BH_s05_medium,11,148,15.933333333333334,-0.3792695105075836,1.0411773792947234
BH_s05_medium,11,149,15.966666666666667,-0.5701302289962769,1.1737893462086877
BH_s05_medium,11,150,16.0,-0.41637808084487915,1.144721056889218
BH_s05_medium,11,151,16.033333333333335,-0.15306653082370758,0.9620354425817215
BH_s05_medium,11,152,16.066666666666666,0.02166585437953472,0.6683397652478511
BH_s05_medium,11,153,16.1,0.03943374752998352,0.3250645758340713
BH_s05_medium,11,154,16.133333333333333,-0.026525666937232018,-0.010085285900918287
BH_s05_medium,11,155,16.166666666666668,-0.1762123852968216,-0.3010995169061495
BH_s05_medium,11,156,16.2,-0.37599045038223267,-0.5389888405128259
BH_s05_medium,11,157,16.233333333333334,-0.5507228374481201,-0.7334721320265855
BH_s05_medium,11,158,16.266666666666666,-0.7254552245140076,-0.8962589385669584
BH_s05_medium,11,159,16.3,-0.7039489150047302,-1.0245262794308738
BH_s05_medium,11,160,16.333333333333332,-0.1978466510772705,-1.0931869175821163
BH_s05_medium,11,161,16.366666666666667,0.8251749873161316,-1.060739462721386
BH_s05_medium,11,162,16.4,1.8666185140609741,-0.8868940271235695
BH_s05_medium,11,163,16.433333333333334,2.2539126873016357,-0.5543066293338484
BH_s05_medium,11,164,16.466666666666665,1.9516539573669434,-0.08482045334252665
BH_s05_medium,11,165,16.5,1.211024284362793,0.4572988627981676
BH_s05_medium,11,166,16.533333333333335,0.38666728138923645,0.9779738442987786
BH_s05_medium,11,167,16.566666666666666,-0.15241248905658722,1.3784266970496324
BH_s05_medium,11,168,16.6,-0.5240376591682434,1.5835798564481112
BH_s05_medium,11,169,16.633333333333333,-0.5510498881340027,1.5624661714694033
BH_s05_medium,11,170,16.666666666666668,-0.2877383232116699,1.3330909280844583
BH_s05_medium,11,171,16.7,-0.0491454117000103,0.9514080873946309
BH_s05_medium,11,172,16.733333333333334,-0.0491454117000103,0.49061975948126874
BH_s05_medium,11,173,16.766666666666666,-0.06901220977306366,0.019825974158806988
BH_s05_medium,11,174,16.8,-0.2611854672431946,-0.4105622809917716
BH_s05_medium,11,175,16.833333333333332,-0.5070561170578003,-0.773231390141846
BH_s05_medium,11,176,16.866666666666667,-0.7703676819801331,-1.0586983274602946
BH_s05_medium,11,177,16.9,-0.9451000690460205,-1.264112233326118
BH_s05_medium,11,178,16.933333333333334,-0.9194626808166504,-1.3821925903638963
BH_s05_medium,11,179,16.966666666666665,-0.2883267402648926,-1.3962887700290232
BH_s05_medium,11,180,17.0,0.76826411485672,-1.2843345038466227
BH_s05_medium,11,181,17.033333333333335,1.9014335870742798,-1.030081443119348
BH_s05_medium,11,182,17.066666666666666,2.3405253887176514,-0.6368572663532288
BH_s05_medium,11,183,17.1,2.0013527870178223,-0.13780375794675673
BH_s05_medium,11,184,17.133333333333333,1.2250548601150513,0.40295606878943385
BH_s05_medium,11,185,17.166666666666668,0.3513928949832916,0.900916791412904
BH_s05_medium,11,186,17.2,-0.2029632031917572,1.2713108920371345
BH_s05_medium,11,187,17.233333333333334,-0.5665241479873657,1.4519342268349689
BH_s05_medium,11,188,17.266666666666666,-0.5971424579620361,1.420256201143563
BH_s05_medium,11,189,17.3,-0.42241010069847107,1.1983545050642663
BH_s05_medium,11,190,17.333333333333332,-0.1590985357761383,0.843785021809567
BH_s05_medium,11,191,17.366666666666667,-0.0491454117000103,0.4300404748456152
BH_s05_medium,11,192,17.4,-0.11149874329566956,0.024596929485365463
BH_s05_medium,11,193,17.433333333333334,-0.286231130361557,-0.3266804660210021
BH_s05_medium,11,194,17.466666666666665,-0.5495426654815674,-0.6035806489704545
BH_s05_medium,11,195,17.5,-0.7242750525474548,-0.804595804871314
BH_s05_medium,11,196,17.533333333333335,-0.8990074396133423,-0.9342560931168263
BH_s05_medium,11,197,17.566666666666666,-0.8847132921218872,-0.9917512269437169
BH_s05_medium,11,198,17.6,-0.29383373260498047,-0.9663094716608344
BH_s05_medium,11,199,17.633333333333333,0.7113533020019531,-0.8414123148364525
BH_s05_medium,11,200,17.666666666666668,1.8056422472000122,-0.6062475186365123
BH_s05_medium,11,201,17.7,2.2539126873016357,-0.26927280427358546
BH_s05_medium,11,202,17.733333333333334,1.9243781566619873,0.1336872027420654
BH_s05_medium,11,203,17.766666666666666,1.2254486083984375,0.5429477249585252
BH_s05_medium,11,204,17.8,0.4379398822784424,0.890021456715049
BH_s05_medium,11,205,17.833333333333332,-0.11077797412872314,1.1175505008595659
BH_s05_medium,11,206,17.866666666666667,-0.43185240030288696,1.1952063249700595
BH_s05_medium,11,207,17.9,-0.4660767912864685,1.1252653326385966
BH_s05_medium,11,208,17.933333333333334,-0.29134440422058105,0.9366683950282302
BH_s05_medium,11,209,17.966666666666665,-0.20519116520881653,0.671315156306338
BH_s05_medium,11,210,18.0,-0.15641121566295624,0.36910746786919074
BH_s05_medium,11,211,18.033333333333335,-0.24256443977355957,0.058036287674148875
BH_s05_medium,11,212,18.066666666666666,-0.5058760046958923,-0.24721183248355214
BH_s05_medium,11,213,18.1,-0.6806083917617798,-0.5388124821825694
BH_s05_medium,11,214,18.133333333333333,-0.8553407788276672,-0.8059507237583704
BH_s05_medium,11,215,18.166666666666668,-1.0300731658935547,-1.0275219505546302
BH_s05_medium,11,216,18.2,-1.107964277267456,-1.1718970684481922
BH_s05_medium,11,217,18.233333333333334,-0.7509580850601196,-1.2047641188824718
BH_s05_medium,11,218,18.266666666666666,0.03582987189292908,-1.1022558704362937
BH_s05_medium,11,219,18.3,1.2575150728225708,-0.8638731541799002
BH_s05_medium,11,220,18.333333333333332,1.9714573621749878,-0.519118729197617
BH_s05_medium,11,221,18.366666666666667,1.8270140886306763,-0.12388054581102541
BH_s05_medium,11,222,18.4,1.1440815925598145,0.2530699498586474
BH_s05_medium,11,223,18.433333333333334,0.3694232702255249,0.5486685839268564
BH_s05_medium,11,224,18.466666666666665,-0.2690538763999939,0.7222084404500437
BH_s05_medium,11,225,18.5,-0.6337949633598328,0.7640008037953765
BH_s05_medium,11,226,18.533333333333335,-0.7577787041664124,0.693632129501724
BH_s05_medium,11,227,18.566666666666666,-0.6257286071777344,0.5497109287777632
BH_s05_medium,11,228,18.6,-0.4284420907497406,0.37588930203686416
BH_s05_medium,11,229,18.633333333333333,-0.25370970368385315,0.20848130493953382
BH_s05_medium,11,230,18.666666666666668,-0.28505098819732666,0.06941486672678032
BH_s05_medium,11,231,18.7,-0.4597833752632141,-0.03440303831696289
BH_s05_medium,11,232,18.733333333333334,-0.6884111762046814,-0.10669600218421654
BH_s05_medium,11,233,18.766666666666666,-0.8978273272514343,-0.15519172479575385
BH_s05_medium,11,234,18.8,-1.0725597143173218,-0.18565286857534452
BH_s05_medium,11,235,18.833333333333332,-1.2472920417785645,-0.1987183237155809
BH_s05_medium,11,236,18.866666666666667,-1.0680993795394897,-0.19058238405286881
BH_s05_medium,11,237,18.9,-0.3300257623195648,-0.15691548252502663
BH_s05_medium,11,238,18.933333333333334,0.7970482110977173,-0.09758520043812353
BH_s05_medium,11,239,18.966666666666665,1.781514286994934,-0.019149561023964153
BH_s05_medium,12,0,12.0,-0.7826942205429077,-0.04961941377130672
BH_s05_medium,12,1,12.033333333333333,-0.9249051809310913,0.30111003109080786
BH_s05_medium,12,2,12.066666666666666,-0.7425668835639954,0.5917789042632814
BH_s05_medium,12,3,12.1,-0.3982820510864258,0.7804763218399936
BH_s05_medium,12,4,12.133333333333333,-0.22630372643470764,0.8571214985491918
BH_s05_medium,12,5,12.166666666666666,-0.22663185000419617,0.8408689703334571
BH_s05_medium,12,6,12.2,-0.4013642370700836,0.7647640381751806
BH_s05_medium,12,7,12.233333333333333,-0.5760966539382935,0.6569461411519462
BH_s05_medium,12,8,12.266666666666667,-0.8394081592559814,0.5291356031182505
BH_s05_medium,12,9,12.3,-1.0933440923690796,0.3780298682662481
BH_s05_medium,12,10,12.333333333333334,-1.2006744146347046,0.19755482910408528
BH_s05_medium,12,11,12.366666666666667,-0.8146884441375732,-0.006129072788388181
BH_s05_medium,12,12,12.4,0.04474607855081558,-0.20644086855097077
BH_s05_medium,12,13,12.433333333333334,1.23456609249115,-0.36082662375155544
BH_s05_medium,12,14,12.466666666666667,2.0122387409210205,-0.4265419238843212
BH_s05_medium,12,15,12.5,1.9474583864212036,-0.3799526859059754
BH_s05_medium,12,16,12.533333333333333,1.3849703073501587,-0.22930312632886482
BH_s05_medium,12,17,12.566666666666666,0.6860406994819641,-0.014135350697248568
BH_s05_medium,12,18,12.6,0.1330605298280716,0.2084688577668154
BH_s05_medium,12,19,12.633333333333333,-0.15903401374816895,0.38401672126300795
BH_s05_medium,12,20,12.666666666666666,-0.31488287448883057,0.4777449857045634
BH_s05_medium,12,21,12.7,-0.17621128261089325,0.4817318620318465
BH_s05_medium,12,22,12.733333333333333,-0.0491454117000103,0.4103998164808547
BH_s05_medium,12,23,12.766666666666667,0.03943374752998352,0.2884155783958819
BH_s05_medium,12,24,12.8,0.12801291048526764,0.13791702176745912
BH_s05_medium,12,25,12.833333333333334,0.12801291048526764,-0.02894075187968547
BH_s05_medium,12,26,12.866666666666667,0.0014709351817145944,-0.20996783826444154
BH_s05_medium,12,27,12.9,-0.08468229323625565,-0.4070800329759689
BH_s05_medium,12,28,12.933333333333334,-0.29252564907073975,-0.6177651480109625
BH_s05_medium,12,29,12.966666666666667,-0.46135616302490234,-0.8272899449278934
BH_s05_medium,12,30,13.0,-0.02468816190958023,-1.0053357782723285
BH_s05_medium,12,31,13.033333333333333,0.9288992285728455,-1.1099132465347676
BH_s05_medium,12,32,13.066666666666666,2.1937906742095947,-1.0984279660488867
BH_s05_medium,12,33,13.1,2.8949482440948486,-0.9423661302437858
BH_s05_medium,12,34,13.133333333333333,2.8368561267852783,-0.6403707410550922
BH_s05_medium,12,35,13.166666666666666,2.2779738903045654,-0.22452692324385956
BH_s05_medium,12,36,13.2,1.4904652833938599,0.2439150793072785
BH_s05_medium,12,37,13.233333333333333,0.8801149129867554,0.6894951915455022
BH_s05_medium,12,38,13.266666666666667,0.3760470151901245,1.0428571581143018
BH_s05_medium,12,39,13.3,0.2101663053035736,1.2578434105275709
BH_s05_medium,12,40,13.333333333333334,0.21659205853939056,1.3188182497067413
BH_s05_medium,12,41,13.366666666666667,0.3051712214946747,1.237071050384646
BH_s05_medium,12,42,13.4,0.3051712214946747,1.040066969645616
BH_s05_medium,12,43,13.433333333333334,0.13129085302352905,0.7596007608868022
BH_s05_medium,12,44,13.466666666666667,-0.0434415340423584,0.42417885978797504
BH_s05_medium,12,45,13.5,-0.21817392110824585,0.0579407059231881
BH_s05_medium,12,46,13.533333333333333,-0.4814854562282562,-0.31531857258642804
BH_s05_medium,12,47,13.566666666666666,-0.6562178730964661,-0.6670645582806031
BH_s05_medium,12,48,13.6,-0.8309502601623535,-0.962108996503668
BH_s05_medium,12,49,13.633333333333333,-0.6162874102592468,-1.1619618341322902
BH_s05_medium,12,50,13.666666666666666,0.026715686544775963,-1.2324204170611497
BH_s05_medium,12,51,13.7,1.1434297561645508,-1.1522890580217477
BH_s05_medium,12,52,13.733333333333333,2.0648882389068604,-0.9202512726341265
BH_s05_medium,12,53,13.766666666666667,2.342491865158081,-0.558274299365651
BH_s05_medium,12,54,13.8,1.8422904014587402,-0.11094978206811129
BH_s05_medium,12,55,13.833333333333334,1.1433608531951904,0.3595589809217729
BH_s05_medium,12,56,13.866666666666667,0.3558520972728729,0.7831598387159783
BH_s05_medium,12,57,13.9,-0.15182186663150787,1.0951573697520134
BH_s05_medium,12,58,13.933333333333334,-0.45237433910369873,1.250153871846695
BH_s05_medium,12,59,13.966666666666667,-0.4920412003993988,1.232015173898275
BH_s05_medium,12,60,14.0,-0.3594016134738922,1.056462246890662
BH_s05_medium,12,61,14.033333333333333,-0.2732483744621277,0.7656398446408549
BH_s05_medium,12,62,14.066666666666666,-0.2655123174190521,0.41668557753365354
BH_s05_medium,12,63,14.1,-0.35166555643081665,0.06769131648788516
BH_s05_medium,12,64,14.133333333333333,-0.560754656791687,-0.23556070066013649
BH_s05_medium,12,65,14.166666666666666,-0.7897095084190369,-0.46903985277134796
BH_s05_medium,12,66,14.2,-0.9644418954849243,-0.6331562030451643
BH_s05_medium,12,67,14.233333333333333,-1.139174222946167,-0.7469396744023864
BH_s05_medium,12,68,14.266666666666667,-1.225327491760254,-0.8350595874846394
BH_s05_medium,12,69,14.3,-1.1784473657608032,-0.912415359690874
BH_s05_medium,12,70,14.333333333333334,-0.6587728261947632,-0.97248413846299
BH_s05_medium,12,71,14.366666666666667,0.2496396005153656,-0.9846634535499449
BH_s05_medium,12,72,14.4,1.4578169584274292,-0.9030215505436651
BH_s05_medium,12,73,14.433333333333334,2.089277744293213,-0.684717921866086
BH_s05_medium,12,74,14.466666666666667,1.9578828811645508,-0.31197519664525447
BH_s05_medium,12,75,14.5,1.2488558292388916,0.19112221946955132
BH_s05_medium,12,76,14.533333333333333,0.4613471031188965,0.7548316312780813
BH_s05_medium,12,77,14.566666666666666,-0.14618360996246338,1.2762029457952246
BH_s05_medium,12,78,14.6,-0.6695932745933533,1.6444883961644634
BH_s05_medium,12,79,14.633333333333333,-0.7577787041664124,1.7711810169460076
BH_s05_medium,12,80,14.666666666666666,-0.5850784778594971,1.6153028674240806
BH_s05_medium,12,81,14.7,-0.4103460907936096,1.1967460335137199
BH_s05_medium,12,82,14.733333333333333,-0.23561368882656097,0.5938819333076665
BH_s05_medium,12,83,14.766666666666667,-0.22630372643470764,-0.07464267756841421
BH_s05_medium,12,84,14.8,-0.38930022716522217,-0.6801148078916223
BH_s05_medium,12,85,14.833333333333334,-0.5640326142311096,-1.1180676906897533
BH_s05_medium,12,86,14.866666666666667,-0.8273441791534424,-1.3356353070925446
BH_s05_medium,12,87,14.9,-1.002076506614685,-1.3416172824333614
BH_s05_medium,12,88,14.933333333333334,-1.1768089532852173,-1.1951135428659005
BH_s05_medium,12,89,14.966666666666667,-1.2006744146347046,-0.9775066008500554
BH_s05_medium,12,90,15.0,-1.0809508562088013,-0.7595753341514797
BH_s05_medium,12,91,15.033333333333333,-0.32458439469337463,-0.5771811800735442
BH_s05_medium,12,92,15.066666666666666,0.690240740776062,-0.42453087667951417
BH_s05_medium,12,93,15.1,1.6670362949371338,-0.26610451003268415
BH_s05_medium,12,94,15.133333333333333,1.9380171298980713,-0.060780444615907
BH_s05_medium,12,95,15.166666666666666,1.442929983139038,0.21283550891636016
BH_s05_medium,12,96,15.2,0.610115110874176,0.5409758477442106
BH_s05_medium,12,97,15.233333333333333,-0.08920712769031525,0.875651368123216
BH_s05_medium,12,98,15.266666666666667,-0.6615290641784668,1.1507516317724467
BH_s05_medium,12,99,15.3,-0.97296541929245,1.3053258341048903
BH_s05_medium,12,100,15.333333333333334,-0.9879136681556702,1.3037779883942175
BH_s05_medium,12,101,15.366666666666667,-0.8131812810897827,1.1453542780341588
BH_s05_medium,12,102,15.4,-0.669199526309967,0.8608750225741587
BH_s05_medium,12,103,15.433333333333334,-0.6975242495536804,0.5001172529171539
BH_s05_medium,12,104,15.466666666666667,-0.8722566366195679,0.1161771466768489
BH_s05_medium,12,105,15.5,-1.1355681419372559,-0.2468767373143485
BH_s05_medium,12,106,15.533333333333333,-1.310300588607788,-0.5590485878194696
BH_s05_medium,12,107,15.566666666666666,-1.4664119482040405,-0.8021612345143606
BH_s05_medium,12,108,15.6,-1.538796067237854,-0.9644771762050431
BH_s05_medium,12,109,15.633333333333333,-1.452642798423767,-1.0374087118055348
BH_s05_medium,12,110,15.666666666666666,-1.155301570892334,-1.016164923646187
BH_s05_medium,12,111,15.7,-0.26137903332710266,-0.9021803626292135
BH_s05_medium,12,112,15.733333333333333,0.8820858597755432,-0.704506152795995
BH_s05_medium,12,113,15.766666666666667,1.9077270030975342,-0.4393285460110532
BH_s05_medium,12,114,15.8,2.0734753608703613,-0.12869719739210297
BH_s05_medium,12,115,15.833333333333334,1.6362178325653076,0.19991657078588423
BH_s05_medium,12,116,15.866666666666667,0.8494954705238342,0.5126753404476954
BH_s05_medium,12,117,15.9,0.0619867667555809,0.7690326970506866
BH_s05_medium,12,118,15.933333333333334,-0.3792695105075836,0.9262746949649198
BH_s05_medium,12,119,15.966666666666667,-0.5701302289962769,0.9513749388616385
BH_s05_medium,12,120,16.0,-0.41637808084487915,0.8358288897488308
BH_s05_medium,12,121,16.033333333333335,-0.15306653082370758,0.6039282780905711
BH_s05_medium,12,122,16.066666666666666,0.02166585437953472,0.307363542448247
BH_s05_medium,12,123,16.1,0.03943374752998352,0.007179488113773544
BH_s05_medium,12,124,16.133333333333333,-0.026525666937232018,-0.24818815997453694
BH_s05_medium,12,125,16.166666666666668,-0.1762123852968216,-0.43777886148405737
BH_s05_medium,12,126,16.2,-0.37599045038223267,-0.5692073687113811
BH_s05_medium,12,127,16.233333333333334,-0.5507228374481201,-0.6665825687628087
BH_s05_medium,12,128,16.266666666666666,-0.7254552245140076,-0.7513929745469323
BH_s05_medium,12,129,16.3,-0.7039489150047302,-0.8251354549872619
BH_s05_medium,12,130,16.333333333333332,-0.1978466510772705,-0.8622640286960784
BH_s05_medium,12,131,16.366666666666667,0.8251749873161316,-0.8180776837073883
BH_s05_medium,12,132,16.4,1.8666185140609741,-0.6489585670118915
BH_s05_medium,12,133,16.433333333333334,2.2539126873016357,-0.3359990194883195
BH_s05_medium,12,134,16.466666666666665,1.9516539573669434,0.09858591212425809
BH_s05_medium,12,135,16.5,1.211024284362793,0.5898302998390647
BH_s05_medium,12,136,16.533333333333335,0.38666728138923645,1.0450942141686632
BH_s05_medium,12,137,16.566666666666666,-0.15241248905658722,1.371087313523722
BH_s05_medium,12,138,16.6,-0.5240376591682434,1.5024304588735238
BH_s05_medium,12,139,16.633333333333333,-0.5510498881340027,1.4200675974209325
BH_s05_medium,12,140,16.666666666666668,-0.2877383232116699,1.1525664183157427
BH_s05_medium,12,141,16.7,-0.0491454117000103,0.7614155945791861
BH_s05_medium,12,142,16.733333333333334,-0.0491454117000103,0.31827824971034085
BH_s05_medium,12,143,16.766666666666666,-0.06901220977306366,-0.1156373924881662
BH_s05_medium,12,144,16.8,-0.2611854672431946,-0.5009512835411973
BH_s05_medium,12,145,16.833333333333332,-0.5070561170578003,-0.820315819921553
BH_s05_medium,12,146,16.866666666666667,-0.7703676819801331,-1.0696802943385737
BH_s05_medium,12,147,16.9,-0.9451000690460205,-1.2455511117151583
BH_s05_medium,12,148,16.933333333333334,-0.9194626808166504,-1.3348236279390673
BH_s05_medium,12,149,16.966666666666665,-0.2883267402648926,-1.3129862625421753
BH_s05_medium,12,150,17.0,0.76826411485672,-1.1525362092289442
BH_s05_medium,12,151,17.033333333333335,1.9014335870742798,-0.8383759642379978
BH_s05_medium,12,152,17.066666666666666,2.3405253887176514,-0.38352455772831634
BH_s05_medium,12,153,17.1,2.0013527870178223,0.16232646626551336
BH_s05_medium,12,154,17.133333333333333,1.2250548601150513,0.7169786561165399
BH_s05_medium,12,155,17.166666666666668,0.3513928949832916,1.1834021573629898
BH_s05_medium,12,156,17.2,-0.2029632031917572,1.4753438890505866
BH_s05_medium,12,157,17.233333333333334,-0.5665241479873657,1.5411736879591778
BH_s05_medium,12,158,17.266666666666666,-0.5971424579620361,1.3772275815519237
BH_s05_medium,12,159,17.3,-0.42241010069847107,1.0264590009579226
BH_s05_medium,12,160,17.333333333333332,-0.1590985357761383,0.5634132761260813
BH_s05_medium,12,161,17.366666666666667,-0.0491454117000103,0.07117363903537303
BH_s05_medium,12,162,17.4,-0.11149874329566956,-0.38090509437321707
BH_s05_medium,12,163,17.433333333333334,-0.286231130361557,-0.7502195069139486
BH_s05_medium,12,164,17.466666666666665,-0.5495426654815674,-1.0209206394246946
BH_s05_medium,12,165,17.5,-0.7242750525474548,-1.1934597599571315
BH_s05_medium,12,166,17.533333333333335,-0.8990074396133423,-1.2706121631789626
BH_s05_medium,12,167,17.566666666666666,-0.8847132921218872,-1.2475281472699593
BH_s05_medium,12,168,17.6,-0.29383373260498047,-1.1105465322059467
BH_s05_medium,12,169,17.633333333333333,0.7113533020019531,-0.8453007149367078
BH_s05_medium,12,170,17.666666666666668,1.8056422472000122,-0.45093153521417645
BH_s05_medium,12,171,17.7,2.2539126873016357,0.04589085154650976
BH_s05_medium,12,172,17.733333333333334,1.9243781566619873,0.5853480255999322
BH_s05_medium,12,173,17.766666666666666,1.2254486083984375,1.0831950200770157
BH_s05_medium,12,174,17.8,0.4379398822784424,1.452365906347366
BH_s05_medium,12,175,17.833333333333332,-0.11077797412872314,1.6284496562212187
BH_s05_medium,12,176,17.866666666666667,-0.43185240030288696,1.5878803316957748
BH_s05_medium,12,177,17.9,-0.4660767912864685,1.3515613015552643
BH_s05_medium,12,178,17.933333333333334,-0.29134440422058105,0.9736305260865534
BH_s05_medium,12,179,17.966666666666665,-0.20519116520881653,0.5214070916721651
BH_s05_medium,12,180,18.0,-0.15641121566295624,0.05540263600835263
BH_s05_medium,12,181,18.033333333333335,-0.24256443977355957,-0.38290820142938753
BH_s05_medium,12,182,18.066666666666666,-0.5058760046958923,-0.7719525728440481
BH_s05_medium,12,183,18.1,-0.6806083917617798,-1.101175919647407
BH_s05_medium,12,184,18.133333333333333,-0.8553407788276672,-1.3583464141965862
BH_s05_medium,12,185,18.166666666666668,-1.0300731658935547,-1.5204620145855023
BH_s05_medium,12,186,18.2,-1.107964277267456,-1.5536085952113043
BH_s05_medium,12,187,18.233333333333334,-0.7509580850601196,-1.4228412332678997
BH_s05_medium,12,188,18.266666666666666,0.03582987189292908,-1.108704232121898
BH_s05_medium,12,189,18.3,1.2575150728225708,-0.623634988669065
BH_s05_medium,12,190,18.333333333333332,1.9714573621749878,-0.02027701633238293
BH_s05_medium,12,191,18.366666666666667,1.8270140886306763,0.6139379288813505
BH_s05_medium,12,192,18.4,1.1440815925598145,1.1757703071918026
BH_s05_medium,12,193,18.433333333333334,0.3694232702255249,1.57227033362771
BH_s05_medium,12,194,18.466666666666665,-0.2690538763999939,1.7443348467349382
BH_s05_medium,12,195,18.5,-0.6337949633598328,1.6793508117631983
BH_s05_medium,12,196,18.533333333333335,-0.7577787041664124,1.4094355941571604
BH_s05_medium,12,197,18.566666666666666,-0.6257286071777344,0.997527962933893
BH_s05_medium,12,198,18.6,-0.4284420907497406,0.5174688228053588
BH_s05_medium,12,199,18.633333333333333,-0.25370970368385315,0.03527246976679574
BH_s05_medium,12,200,18.666666666666668,-0.28505098819732666,-0.4026487195952619
BH_s05_medium,12,201,18.7,-0.4597833752632141,-0.7716992951881323
BH_s05_medium,12,202,18.733333333333334,-0.6884111762046814,-1.06288648841129
BH_s05_medium,12,203,18.766666666666666,-0.8978273272514343,-1.272221631571649
BH_s05_medium,12,204,18.8,-1.0725597143173218,-1.3909236583604208
BH_s05_medium,12,205,18.833333333333332,-1.2472920417785645,-1.4010624273673336
BH_s05_medium,12,206,18.866666666666667,-1.0680993795394897,-1.2794093570057103
BH_s05_medium,12,207,18.9,-0.3300257623195648,-1.0090275597603273
BH_s05_medium,12,208,18.933333333333334,0.7970482110977173,-0.5941221282924675
BH_s05_medium,12,209,18.966666666666665,1.781514286994934,-0.07096666664389016
BH_s05_medium,12,210,19.0,2.042266368865967,0.4916639515024948
BH_s05_medium,12,211,19.033333333333335,1.5941895246505737,1.0049366074078292
BH_s05_medium,12,212,19.066666666666666,0.8952599763870239,1.3816625681150148
BH_s05_medium,12,213,19.1,0.19633041322231293,1.5592097032703813
BH_s05_medium,12,214,19.133333333333333,-0.27587229013442993,1.5152356719428859
BH_s05_medium,12,215,19.166666666666668,-0.46968287229537964,1.2711102337583478
BH_s05_medium,12,216,19.2,-0.36359721422195435,0.8826329752592577
BH_s05_medium,12,217,19.233333333333334,-0.12021807581186295,0.42200465738734594
BH_s05_medium,12,218,19.266666666666666,-0.034064847975969315,-0.04230034358773776
BH_s05_medium,12,219,19.3,-0.0491454117000103,-0.4607032476158058
BH_s05_medium,12,220,19.333333333333332,-0.069602832198143,-0.8076647907891373
BH_s05_medium,12,221,19.366666666666667,-0.3226856589317322,-1.0759108594977551
BH_s05_medium,12,222,19.4,-0.4088388979434967,-1.2639236449395723
BH_s05_medium,12,223,19.433333333333334,-0.5806203484535217,-1.364103011747463
BH_s05_medium,12,224,19.466666666666665,-0.669199526309967,-1.358304266091307
BH_s05_medium,12,225,19.5,-0.5825212597846985,-1.2234861920523725
BH_s05_medium,12,226,19.533333333333335,-0.06645282357931137,-0.9451618236957495
BH_s05_medium,12,227,19.566666666666666,0.9665350317955017,-0.5323888948077552
BH_s05_medium,12,228,19.6,2.1102612018585205,-0.026732929444069197
BH_s05_medium,12,229,19.633333333333333,2.5966246128082275,0.5003901377658501
BH_s05_medium,12,230,19.666666666666668,2.207425355911255,0.9629573551756486
BH_s05_medium,12,231,19.7,1.5225262641906738,1.28374801448942
BH_s05_medium,12,232,19.733333333333334,0.8235966563224792,1.4176015976355578
BH_s05_medium,12,233,19.766666666666666,0.2805171012878418,1.3653713301876989
BH_s05_medium,12,234,19.8,-0.02541114017367363,1.1722722740608615
BH_s05_medium,12,235,19.833333333333332,-0.0491454117000103,0.9104174152667401
BH_s05_medium,12,236,19.866666666666667,-0.0491454117000103,0.652434787792387
BH_s05_medium,12,237,19.9,0.03943374752998352,0.44700014576850916
BH_s05_medium,12,238,19.933333333333334,0.03943374752998352,0.30537022097168603
BH_s05_medium,12,239,19.966666666666665,-0.0491454117000103,0.2027094485957199
BH_s05_medium,13,0,13.0,-0.02468816190958023,0.10926039765427809
BH_s05_medium,13,1,13.033333333333333,0.9288992285728455,0.2697250840569291
BH_s05_medium,13,2,13.066666666666666,2.1937906742095947,0.4477337762419412
BH_s05_medium,13,3,13.1,2.8949482440948486,0.6590783639201128
BH_s05_medium,13,4,13.133333333333333,2.8368561267852783,0.9108686504415193
BH_s05_medium,13,5,13.166666666666666,2.2779738903045654,1.1955596896432605
BH_s05_medium,13,6,13.2,1.4904652833938599,1.48641794504116
BH_s05_medium,13,7,13.233333333333333,0.8801149129867554,1.7392184948164027
BH_s05_medium,13,8,13.266666666666667,0.3760470151901245,1.9022735534061106
BH_s05_medium,13,9,13.3,0.2101663053035736,1.9315799297413176
BH_s05_medium,13,10,13.333333333333334,0.21659205853939056,1.8044401372609922
BH_s05_medium,13,11,13.366666666666667,0.3051712214946747,1.5255705166208042
BH_s05_medium,13,12,13.4,0.3051712214946747,1.1238557261674262
BH_s05_medium,13,13,13.433333333333334,0.13129085302352905,0.642633639434944
BH_s05_medium,13,14,13.466666666666667,-0.0434415340423584,0.1287482678687045
BH_s05_medium,13,15,13.5,-0.21817392110824585,-0.37518440792899344
BH_s05_medium,13,16,13.533333333333333,-0.4814854562282562,-0.8336821831015019
BH_s05_medium,13,17,13.566666666666666,-0.6562178730964661,-1.217670216600317
BH_s05_medium,13,18,13.6,-0.8309502601623535,-1.502530208089886
BH_s05_medium,13,19,13.633333333333333,-0.6162874102592468,-1.6669918319146702
BH_s05_medium,13,20,13.666666666666666,0.026715686544775963,-1.6939484828693108
BH_s05_medium,13,21,13.7,1.1434297561645508,-1.573365275668332
BH_s05_medium,13,22,13.733333333333333,2.0648882389068604,-1.3068208934348537
BH_s05_medium,13,23,13.766666666666667,2.342491865158081,-0.9125649692737754
BH_s05_medium,13,24,13.8,1.8422904014587402,-0.4290677023962395
BH_s05_medium,13,25,13.833333333333334,1.1433608531951904,0.08562254814000446
BH_s05_medium,13,26,13.866666666666667,0.3558520972728729,0.5609465362850452
BH_s05_medium,13,27,13.9,-0.15182186663150787,0.9273044867939502
BH_s05_medium,13,28,13.933333333333334,-0.45237433910369873,1.1323951876368896
BH_s05_medium,13,29,13.966666666666667,-0.4920412003993988,1.1544978697683066
BH_s05_medium,13,30,14.0,-0.3594016134738922,1.0074920338373092
BH_s05_medium,13,31,14.033333333333333,-0.2732483744621277,0.7356987778193689
BH_s05_medium,13,32,14.066666666666666,-0.2655123174190521,0.40051127627923727
BH_s05_medium,13,33,14.1,-0.35166555643081665,0.06344125368366269
BH_s05_medium,13,34,14.133333333333333,-0.560754656791687,-0.22919851010185516
BH_s05_medium,13,35,14.166666666666666,-0.7897095084190369,-0.45564463847081627
BH_s05_medium,13,36,14.2,-0.9644418954849243,-0.6193148133769584
BH_s05_medium,13,37,14.233333333333333,-1.139174222946167,-0.7403858013577393
BH_s05_medium,13,38,14.266666666666667,-1.225327491760254,-0.8411906276069665
BH_s05_medium,13,39,14.3,-1.1784473657608032,-0.9309330704355687
BH_s05_medium,13,40,14.333333333333334,-0.6587728261947632,-0.9958035556231315
BH_s05_medium,13,41,14.366666666666667,0.2496396005153656,-0.9989453403801325
BH_s05_medium,13,42,14.4,1.4578169584274292,-0.8915074685221305
BH_s05_medium,13,43,14.433333333333334,2.089277744293213,-0.6320706693986405
BH_s05_medium,13,44,14.466666666666667,1.9578828811645508,-0.20813467233985136
BH_s05_medium,13,45,14.5,1.2488558292388916,0.34854459237097757
BH_s05_medium,13,46,14.533333333333333,0.4613471031188965,0.9599907883311767
BH_s05_medium,13,47,14.566666666666666,-0.14618360996246338,1.5162581773254482
BH_s05_medium,13,48,14.6,-0.6695932745933533,1.9022448153211156
BH_s05_medium,13,49,14.633333333333333,-0.7577787041664124,2.0283957119107643
BH_s05_medium,13,50,14.666666666666666,-0.5850784778594971,1.8558167481433994
BH_s05_medium,13,51,14.7,-0.4103460907936096,1.4087206010270261
BH_s05_medium,13,52,14.733333333333333,-0.23561368882656097,0.7705414596040467
BH_s05_medium,13,53,14.766666666666667,-0.22630372643470764,0.06391037763458411
BH_s05_medium,13,54,14.8,-0.38930022716522217,-0.5809459630331936
BH_s05_medium,13,55,14.833333333333334,-0.5640326142311096,-1.060579469715676
BH_s05_medium,13,56,14.866666666666667,-0.8273441791534424,-1.3242193220875966
BH_s05_medium,13,57,14.9,-1.002076506614685,-1.3817021271875676
BH_s05_medium,13,58,14.933333333333334,-1.1768089532852173,-1.29058002424004
BH_s05_medium,13,59,14.966666666666667,-1.2006744146347046,-1.1280024864286096
BH_s05_medium,13,60,15.0,-1.0809508562088013,-0.9589395980749978
BH_s05_medium,13,61,15.033333333333333,-0.32458439469337463,-0.8132960431845073
BH_s05_medium,13,62,15.066666666666666,0.690240740776062,-0.6802801836739325
BH_s05_medium,13,63,15.1,1.6670362949371338,-0.52109749486056
BH_s05_medium,13,64,15.133333333333333,1.9380171298980713,-0.2936789415666052
BH_s05_medium,13,65,15.166666666666666,1.442929983139038,0.021634727533770715
BH_s05_medium,13,66,15.2,0.610115110874176,0.4069116019800232
BH_s05_medium,13,67,15.233333333333333,-0.08920712769031525,0.8085819198726965
BH_s05_medium,13,68,15.266666666666667,-0.6615290641784668,1.154773444218821
BH_s05_medium,13,69,15.3,-0.97296541929245,1.3791273628320266
BH_s05_medium,13,70,15.333333333333334,-0.9879136681556702,1.440449309756405
BH_s05_medium,13,71,15.366666666666667,-0.8131812810897827,1.3311865585300255
BH_s05_medium,13,72,15.4,-0.669199526309967,1.0738745705403694
BH_s05_medium,13,73,15.433333333333334,-0.6975242495536804,0.7099143772155597
BH_s05_medium,13,74,15.466666666666667,-0.8722566366195679,0.287021042667177
BH_s05_medium,13,75,15.5,-1.1355681419372559,-0.14952678722058205
BH_s05_medium,13,76,15.533333333333333,-1.310300588607788,-0.5597768385286052
BH_s05_medium,13,77,15.566666666666666,-1.4664119482040405,-0.9077954185747396
BH_s05_medium,13,78,15.6,-1.538796067237854,-1.1605711254172315
BH_s05_medium,13,79,15.633333333333333,-1.452642798423767,-1.2908697057635719
BH_s05_medium,13,80,15.666666666666666,-1.155301570892334,-1.2834515063320995
BH_s05_medium,13,81,15.7,-0.26137903332710266,-1.1402474321015987
BH_s05_medium,13,82,15.733333333333333,0.8820858597755432,-0.8806011506310433
BH_s05_medium,13,83,15.766666666666667,1.9077270030975342,-0.5363444176369849
BH_s05_medium,13,84,15.8,2.0734753608703613,-0.14483875449022005
BH_s05_medium,13,85,15.833333333333334,1.6362178325653076,0.25591935257810783
BH_s05_medium,13,86,15.866666666666667,0.8494954705238342,0.6279658587615454
BH_s05_medium,13,87,15.9,0.0619867667555809,0.931665072608308
BH_s05_medium,13,88,15.933333333333334,-0.3792695105075836,1.1269846038103832
BH_s05_medium,13,89,15.966666666666667,-0.5701302289962769,1.1818900728285215
BH_s05_medium,13,90,16.0,-0.41637808084487915,1.085292101718417
BH_s05_medium,13,91,16.033333333333335,-0.15306653082370758,0.8560283754235503
BH_s05_medium,13,92,16.066666666666666,0.02166585437953472,0.540358950706093
BH_s05_medium,13,93,16.1,0.03943374752998352,0.19733482331055816
BH_s05_medium,13,94,16.133333333333333,-0.026525666937232018,-0.12112299202523509
BH_s05_medium,13,95,16.166666666666668,-0.1762123852968216,-0.385430980751461
BH_s05_medium,13,96,16.2,-0.37599045038223267,-0.5918161829625588
BH_s05_medium,13,97,16.233333333333334,-0.5507228374481201,-0.7533917667813704
BH_s05_medium,13,98,16.266666666666666,-0.7254552245140076,-0.8838097950041818
BH_s05_medium,13,99,16.3,-0.7039489150047302,-0.9815642383838794
BH_s05_medium,13,100,16.333333333333332,-0.1978466510772705,-1.0230605163727116
BH_s05_medium,13,101,16.366666666666667,0.8251749873161316,-0.968962291187238
BH_s05_medium,13,102,16.4,1.8666185140609741,-0.7818993715981758
BH_s05_medium,13,103,16.433333333333334,2.2539126873016357,-0.4477796752879431
BH_s05_medium,13,104,16.466666666666665,1.9516539573669434,0.009015164259893075
BH_s05_medium,13,105,16.5,1.211024284362793,0.5238853374085785
BH_s05_medium,13,106,16.533333333333335,0.38666728138923645,1.0057443386758516
BH_s05_medium,13,107,16.566666666666666,-0.15241248905658722,1.3619019980819072
BH_s05_medium,13,108,16.6,-0.5240376591682434,1.5247344643733551
BH_s05_medium,13,109,16.633333333333333,-0.5510498881340027,1.469728839646147
BH_s05_medium,13,110,16.666666666666668,-0.2877383232116699,1.2184727130601933
BH_s05_medium,13,111,16.7,-0.0491454117000103,0.826997470511634
BH_s05_medium,13,112,16.733333333333334,-0.0491454117000103,0.36591609524261204
BH_s05_medium,13,113,16.766666666666666,-0.06901220977306366,-0.09894413337067817
BH_s05_medium,13,114,16.8,-0.2611854672431946,-0.5189082243842277
BH_s05_medium,13,115,16.833333333333332,-0.5070561170578003,-0.8655676890556906
BH_s05_medium,13,116,16.866666666666667,-0.7703676819801331,-1.125944505100127
BH_s05_medium,13,117,16.9,-0.9451000690460205,-1.293395781450624
BH_s05_medium,13,118,16.933333333333334,-0.9194626808166504,-1.3593791896705327
BH_s05_medium,13,119,16.966666666666665,-0.2883267402648926,-1.3106868111312584
BH_s05_medium,13,120,17.0,0.76826411485672,-1.133829335582416
BH_s05_medium,13,121,17.033333333333335,1.9014335870742798,-0.8246011918636664
BH_s05_medium,13,122,17.066666666666666,2.3405253887176514,-0.3984969387189551
BH_s05_medium,13,123,17.1,2.0013527870178223,0.10299678626513342
BH_s05_medium,13,124,17.133333333333333,1.2250548601150513,0.6143247813951785
BH_s05_medium,13,125,17.166666666666668,0.3513928949832916,1.057356127727389
BH_s05_medium,13,126,17.2,-0.2029632031917572,1.359615104335698
BH_s05_medium,13,127,17.233333333333334,-0.5665241479873657,1.4729718503326483
BH_s05_medium,13,128,17.266666666666666,-0.5971424579620361,1.3859121257029472
BH_s05_medium,13,129,17.3,-0.42241010069847107,1.12486488438457
BH_s05_medium,13,130,17.333333333333332,-0.1590985357761383,0.744202942721933
BH_s05_medium,13,131,17.366666666666667,-0.0491454117000103,0.3089989722481675
BH_s05_medium,13,132,17.4,-0.11149874329566956,-0.12231125802749693
BH_s05_medium,13,133,17.433333333333334,-0.286231130361557,-0.508448262702556
BH_s05_medium,13,134,17.466666666666665,-0.5495426654815674,-0.8260031915257127
BH_s05_medium,13,135,17.5,-0.7242750525474548,-1.062498503857883
BH_s05_medium,13,136,17.533333333333335,-0.8990074396133423,-1.2072349644554023
BH_s05_medium,13,137,17.566666666666666,-0.8847132921218872,-1.2455426075502554
BH_s05_medium,13,138,17.6,-0.29383373260498047,-1.1596664741421294
BH_s05_medium,13,139,17.633333333333333,0.7113533020019531,-0.936307103424447
BH_s05_medium,13,140,17.666666666666668,1.8056422472000122,-0.5781860227999438
BH_s05_medium,13,141,17.7,2.2539126873016357,-0.11468560659765077
BH_s05_medium,13,142,17.733333333333334,1.9243781566619873,0.39502335276326495
BH_s05_medium,13,143,17.766666666666666,1.2254486083984375,0.871112862715532
BH_s05_medium,13,144,17.8,0.4379398822784424,1.2329053220992678
BH_s05_medium,13,145,17.833333333333332,-0.11077797412872314,1.4213823292810166
BH_s05_medium,13,146,17.866666666666667,-0.43185240030288696,1.4148762332063072
BH_s05_medium,13,147,17.9,-0.4660767912864685,1.231922513718284
BH_s05_medium,13,148,17.933333333333334,-0.29134440422058105,0.9210637482291186
BH_s05_medium,13,149,17.966666666666665,-0.20519116520881653,0.5426749410095593
BH_s05_medium,13,150,18.0,-0.15641121566295624,0.15054898595248548
BH_s05_medium,13,151,18.033333333333335,-0.24256443977355957,-0.2197204000512523
BH_s05_medium,13,152,18.066666666666666,-0.5058760046958923,-0.5519997151552174
BH_s05_medium,13,153,18.1,-0.6806083917617798,-0.8415674478908748
BH_s05_medium,13,154,18.133333333333333,-0.8553407788276672,-1.08264974708807
BH_s05_medium,13,155,18.166666666666668,-1.0300731658935547,-1.2582136950700094
BH_s05_medium,13,156,18.2,-1.107964277267456,-1.337790100942979
BH_s05_medium,13,157,18.233333333333334,-0.7509580850601196,-1.285567766234329
BH_s05_medium,13,158,18.266666666666666,0.03582987189292908,-1.0759906348467025
BH_s05_medium,13,159,18.3,1.2575150728225708,-0.7099789709958757
BH_s05_medium,13,160,18.333333333333332,1.9714573621749878,-0.22391538360337124
BH_s05_medium,13,161,18.366666666666667,1.8270140886306763,0.3136461642893351
BH_s05_medium,13,162,18.4,1.1440815925598145,0.8171773953875363
BH_s05_medium,13,163,18.433333333333334,0.3694232702255249,1.2057159720023995
BH_s05_medium,13,164,18.466666666666665,-0.2690538763999939,1.4228328863804685
BH_s05_medium,13,165,18.5,-0.6337949633598328,1.4482816540770636
BH_s05_medium,13,166,18.533333333333335,-0.7577787041664124,1.2983075276888887
BH_s05_medium,13,167,18.566666666666666,-0.6257286071777344,1.0159952679109903
BH_s05_medium,13,168,18.6,-0.4284420907497406,0.6562585605138269
BH_s05_medium,13,169,18.633333333333333,-0.25370970368385315,0.2711241133253129
BH_s05_medium,13,170,18.666666666666668,-0.28505098819732666,-0.10015808473539366
BH_s05_medium,13,171,18.7,-0.4597833752632141,-0.4340721619400067
BH_s05_medium,13,172,18.733333333333334,-0.6884111762046814,-0.719364688398275
BH_s05_medium,13,173,18.766666666666666,-0.8978273272514343,-0.9496584724317229
BH_s05_medium,13,174,18.8,-1.0725597143173218,-1.1157251602593306
BH_s05_medium,13,175,18.833333333333332,-1.2472920417785645,-1.2010960777808977
BH_s05_medium,13,176,18.866666666666667,-1.0680993795394897,-1.183778016102043
BH_s05_medium,13,177,18.9,-0.3300257623195648,-1.0445059174733542
BH_s05_medium,13,178,18.933333333333334,0.7970482110977173,-0.7785322078045812
BH_s05_medium,13,179,18.966666666666665,1.781514286994934,-0.40531290389207675
BH_s05_medium,13,180,19.0,2.042266368865967,0.029458602573969858
BH_s05_medium,13,181,19.033333333333335,1.5941895246505737,0.46185162373103494
BH_s05_medium,13,182,19.066666666666666,0.8952599763870239,0.825289356326785
BH_s05_medium,13,183,19.1,0.19633041322231293,1.067574726973422
BH_s05_medium,13,184,19.133333333333333,-0.27587229013442993,1.1627702731936798
BH_s05_medium,13,185,19.166666666666668,-0.46968287229537964,1.114056090214285
BH_s05_medium,13,186,19.2,-0.36359721422195435,0.9477557287084735
BH_s05_medium,13,187,19.233333333333334,-0.12021807581186295,0.7020021059135021
BH_s05_medium,13,188,19.266666666666666,-0.034064847975969315,0.4147187304770093
BH_s05_medium,13,189,19.3,-0.0491454117000103,0.11512715508965835
BH_s05_medium,13,190,19.333333333333332,-0.069602832198143,-0.178387422044319
BH_s05_medium,13,191,19.366666666666667,-0.3226856589317322,-0.4537713325881017
BH_s05_medium,13,192,19.4,-0.4088388979434967,-0.6973298834608539
BH_s05_medium,13,193,19.433333333333334,-0.5806203484535217,-0.8876222586167023
BH_s05_medium,13,194,19.466666666666665,-0.669199526309967,-0.9955847396490063
BH_s05_medium,13,195,19.5,-0.5825212597846985,-0.9918503777722893
BH_s05_medium,13,196,19.533333333333335,-0.06645282357931137,-0.8584769832496512
BH_s05_medium,13,197,19.566666666666666,0.9665350317955017,-0.5998925450430307
BH_s05_medium,13,198,19.6,2.1102612018585205,-0.24777198966022426
BH_s05_medium,13,199,19.633333333333333,2.5966246128082275,0.143211235707184
BH_s05_medium,13,200,19.666666666666668,2.207425355911255,0.5081528642453051
BH_s05_medium,13,201,19.7,1.5225262641906738,0.7890591840646519
BH_s05_medium,13,202,19.733333333333334,0.8235966563224792,0.9502795740238339
BH_s05_medium,13,203,19.766666666666666,0.2805171012878418,0.9865025947133181
BH_s05_medium,13,204,19.8,-0.02541114017367363,0.9201845833163421
BH_s05_medium,13,205,19.833333333333332,-0.0491454117000103,0.7895062010453512
BH_s05_medium,13,206,19.866666666666667,-0.0491454117000103,0.6322214718729173
BH_s05_medium,13,207,19.9,0.03943374752998352,0.4724324476023131
BH_s05_medium,13,208,19.933333333333334,0.03943374752998352,0.3151078272852435
BH_s05_medium,13,209,19.966666666666665,-0.0491454117000103,0.1491312112993249
BH_s05_medium,13,210,20.0,-0.27659305930137634,-0.04339151627736472
BH_s05_medium,13,211,20.033333333333335,-0.4034620523452759,-0.2751881562466074
BH_s05_medium,13,212,20.066666666666666,-0.4920412003993988,-0.5431016312010628
BH_s05_medium,13,213,20.1,-0.5350527167320251,-0.8222371313464069
BH_s05_medium,13,214,20.133333333333333,-0.6212059855461121,-1.0679344763070806
BH_s05_medium,13,215,20.166666666666668,-0.6310398578643799,-1.226443006807169
BH_s05_medium,13,216,20.2,-0.26052701473236084,-1.2515319057377394
BH_s05_medium,13,217,20.233333333333334,0.7154843807220459,-1.121153800574781
BH_s05_medium,13,218,20.266666666666666,1.907729148864746,-0.847825519334985
BH_s05_medium,13,219,20.3,2.5196502208709717,-0.47846630967249143
BH_s05_medium,13,220,20.333333333333332,2.326950788497925,-0.08286280649254482
BH_s05_medium,13,221,20.366666666666667,1.604417085647583,0.26603473360983565
BH_s05_medium,13,222,20.4,0.7519333958625793,0.513223890394756
BH_s05_medium,13,223,20.433333333333334,0.090508371591568,0.6364104126608952
BH_s05_medium,13,224,20.466666666666665,-0.24263006448745728,0.649273671520452
BH_s05_medium,13,225,20.5,-0.4034620523452759,0.5925751963746768
BH_s05_medium,13,226,20.533333333333335,-0.3034084141254425,0.5164645902829522
BH_s05_medium,13,227,20.566666666666666,-0.13772456347942352,0.46027742342770805
BH_s05_medium,13,228,20.6,-0.1443472057580948,0.437643502251586
BH_s05_medium,13,229,20.633333333333333,-0.31907957792282104,0.4332934274558092
BH_s05_medium,13,230,20.666666666666668,-0.4938119947910309,0.41301168198809285
BH_s05_medium,13,231,20.7,-0.7564683556556702,0.3421649235023512
BH_s05_medium,13,232,20.733333333333334,-0.9318559169769287,0.20443157869482168
BH_s05_medium,13,233,20.766666666666666,-1.0235161781311035,0.012479547406341534
BH_s05_medium,13,234,20.8,-1.1927415132522583,-0.19387442520443515
BH_s05_medium,13,235,20.833333333333332,-1.2006744146347046,-0.361033815081263
BH_s05_medium,13,236,20.866666666666667,-1.124880075454712,-0.4409239661125839
BH_s05_medium,13,237,20.9,-0.3909364640712738,-0.4086182660415538
BH_s05_medium,13,238,20.933333333333334,0.7131896615028381,-0.2717903198454051
BH_s05_medium,13,239,20.966666666666665,1.7992832660675049,-0.06894856657693126
BH_s05_medium,14,0,14.0,-0.3594016134738922,-0.09155657451655401
BH_s05_medium,14,1,14.033333333333333,-0.2732483744621277,0.24238818492414532
BH_s05_medium,14,2,14.066666666666666,-0.2655123174190521,0.5223815977636485
BH_s05_medium,14,3,14.1,-0.35166555643081665,0.7058511775734847
BH_s05_medium,14,4,14.133333333333333,-0.560754656791687,0.7751385605621173
BH_s05_medium,14,5,14.166666666666666,-0.7897095084190369,0.7370230468606851
BH_s05_medium,14,6,14.2,-0.9644418954849243,0.6135477695357688
BH_s05_medium,14,7,14.233333333333333,-1.139174222946167,0.4307735429638308
BH_s05_medium,14,8,14.266666666666667,-1.225327491760254,0.21250110615098788
BH_s05_medium,14,9,14.3,-1.1784473657608032,-0.01841837517143246
BH_s05_medium,14,10,14.333333333333334,-0.6587728261947632,-0.23420052990281784
BH_s05_medium,14,11,14.366666666666667,0.2496396005153656,-0.39802502152317776
BH_s05_medium,14,12,14.4,1.4578169584274292,-0.46725379228504765
BH_s05_medium,14,13,14.433333333333334,2.089277744293213,-0.4052956501485579
BH_s05_medium,14,14,14.466666666666667,1.9578828811645508,-0.19820174537602334
BH_s05_medium,14,15,14.5,1.2488558292388916,0.1316232058814839
BH_s05_medium,14,16,14.533333333333333,0.4613471031188965,0.5224047344220016
BH_s05_medium,14,17,14.566666666666666,-0.14618360996246338,0.8844695671217039
BH_s05_medium,14,18,14.6,-0.6695932745933533,1.1233227463879913
BH_s05_medium,14,19,14.633333333333333,-0.7577787041664124,1.1662364364215458
BH_s05_medium,14,20,14.666666666666666,-0.5850784778594971,0.9835832382364272
BH_s05_medium,14,21,14.7,-0.4103460907936096,0.5988575933800447
BH_s05_medium,14,22,14.733333333333333,-0.23561368882656097,0.084765938676088
BH_s05_medium,14,23,14.766666666666667,-0.22630372643470764,-0.45408604571162337
BH_s05_medium,14,24,14.8,-0.38930022716522217,-0.9083304157575769
BH_s05_medium,14,25,14.833333333333334,-0.5640326142311096,-1.1939239618755926
BH_s05_medium,14,26,14.866666666666667,-0.8273441791534424,-1.2755850249543528
BH_s05_medium,14,27,14.9,-1.002076506614685,-1.1744950469785536
BH_s05_medium,14,28,14.933333333333334,-1.1768089532852173,-0.9565394518217606
BH_s05_medium,14,29,14.966666666666667,-1.2006744146347046,-0.7053608883804433
BH_s05_medium,14,30,15.0,-1.0809508562088013,-0.4910434462284514
BH_s05_medium,14,31,15.033333333333333,-0.32458439469337463,-0.3469948964275967
BH_s05_medium,14,32,15.066666666666666,0.690240740776062,-0.2635864144346649
BH_s05_medium,14,33,15.1,1.6670362949371338,-0.19969195813535429
BH_s05_medium,14,34,15.133333333333333,1.9380171298980713,-0.10606541687371851
BH_s05_medium,14,35,15.166666666666666,1.442929983139038,0.049909589776597485
BH_s05_medium,14,36,15.2,0.610115110874176,0.26872097067192036
BH_s05_medium,14,37,15.233333333333333,-0.08920712769031525,0.5185365237734137
BH_s05_medium,14,38,15.266666666666667,-0.6615290641784668,0.7487530465295346
BH_s05_medium,14,39,15.3,-0.97296541929245,0.9094543925011169
BH_s05_medium,14,40,15.333333333333334,-0.9879136681556702,0.9676694725540022
BH_s05_medium,14,41,15.366666666666667,-0.8131812810897827,0.9146303270745141
BH_s05_medium,14,42,15.4,-0.669199526309967,0.763354571458748
BH_s05_medium,14,43,15.433333333333334,-0.6975242495536804,0.5400796713355585
BH_s05_medium,14,44,15.466666666666667,-0.8722566366195679,0.2747258977997102
BH_s05_medium,14,45,15.5,-1.1355681419372559,-0.005295877557605152
BH_s05_medium,14,46,15.533333333333333,-1.310300588607788,-0.2760847924034507
BH_s05_medium,14,47,15.566666666666666,-1.4664119482040405,-0.5145226983757262
BH_s05_medium,14,48,15.6,-1.538796067237854,-0.696041375366836
BH_s05_medium,14,49,15.633333333333333,-1.452642798423767,-0.7967723948094376
BH_s05_medium,14,50,15.666666666666666,-1.155301570892334,-0.7999417007390246
BH_s05_medium,14,51,15.7,-0.26137903332710266,-0.7023945093960247
BH_s05_medium,14,52,15.733333333333333,0.8820858597755432,-0.5169593557795601
BH_s05_medium,14,53,15.766666666666667,1.9077270030975342,-0.26939885293621796
BH_s05_medium,14,54,15.8,2.0734753608703613,0.007888033550828108
BH_s05_medium,14,55,15.833333333333334,1.6362178325653076,0.2816170738538901
BH_s05_medium,14,56,15.866666666666667,0.8494954705238342,0.5201265868615133
BH_s05_medium,14,57,15.9,0.0619867667555809,0.6933932233778333
BH_s05_medium,14,58,15.933333333333334,-0.3792695105075836,0.7747441597227448
BH_s05_medium,14,59,15.966666666666667,-0.5701302289962769,0.7476748828688518
BH_s05_medium,14,60,16.0,-0.41637808084487915,0.6152440387521503
BH_s05_medium,14,61,16.033333333333335,-0.15306653082370758,0.4045734398791023
BH_s05_medium,14,62,16.066666666666666,0.02166585437953472,0.16084387391609634
BH_s05_medium,14,63,16.1,0.03943374752998352,-0.06805368886161489
BH_s05_medium,14,64,16.133333333333333,-0.026525666937232018,-0.24895287045114203
BH_s05_medium,14,65,16.166666666666668,-0.1762123852968216,-0.3740447716487569
BH_s05_medium,14,66,16.2,-0.37599045038223267,-0.45935743923107025
BH_s05_medium,14,67,16.233333333333334,-0.5507228374481201,-0.5318471388249029
BH_s05_medium,14,68,16.266666666666666,-0.7254552245140076,-0.6110907654776616
BH_s05_medium,14,69,16.3,-0.7039489150047302,-0.6941119422249633
BH_s05_medium,14,70,16.333333333333332,-0.1978466510772705,-0.7510902140406615
BH_s05_medium,14,71,16.366666666666667,0.8251749873161316,-0.7352470858190108
BH_s05_medium,14,72,16.4,1.8666185140609741,-0.6033498825135496
BH_s05_medium,14,73,16.433333333333334,2.2539126873016357,-0.3377982397718614
BH_s05_medium,14,74,16.466666666666665,1.9516539573669434,0.03959090062355836
BH_s05_medium,14,75,16.5,1.211024284362793,0.4683815774705437
BH_s05_medium,14,76,16.533333333333335,0.38666728138923645,0.8652772686783529
BH_s05_medium,14,77,16.566666666666666,-0.15241248905658722,1.14913609009401
BH_s05_medium,14,78,16.6,-0.5240376591682434,1.2654338449861973
BH_s05_medium,14,79,16.633333333333333,-0.5510498881340027,1.2004604744546528
BH_s05_medium,14,80,16.666666666666668,-0.2877383232116699,0.9803445411132367
BH_s05_medium,14,81,16.7,-0.0491454117000103,0.6569697150084338
BH_s05_medium,14,82,16.733333333333334,-0.0491454117000103,0.28826401480045066
BH_s05_medium,14,83,16.766666666666666,-0.06901220977306366,-0.07838669620130102
BH_s05_medium,14,84,16.8,-0.2611854672431946,-0.41392144857014895
BH_s05_medium,14,85,16.833333333333332,-0.5070561170578003,-0.7056497588301934
BH_s05_medium,14,86,16.866666666666667,-0.7703676819801331,-0.9482453662627588
BH_s05_medium,14,87,16.9,-0.9451000690460205,-1.1325323738402553
BH_s05_medium,14,88,16.933333333333334,-0.9194626808166504,-1.2379342773193236
BH_s05_medium,14,89,16.966666666666665,-0.2883267402648926,-1.2333377735468332
BH_s05_medium,14,90,17.0,0.76826411485672,-1.0873501007402362
BH_s05_medium,14,91,17.033333333333335,1.9014335870742798,-0.7843158729623272
BH_s05_medium,14,92,17.066666666666666,2.3405253887176514,-0.3394043708238285
BH_s05_medium,14,93,17.1,2.0013527870178223,0.1943999557096578
BH_s05_medium,14,94,17.133333333333333,1.2250548601150513,0.7323359460104134
BH_s05_medium,14,95,17.166666666666668,0.3513928949832916,1.1769963688764113
BH_s05_medium,14,96,17.2,-0.2029632031917572,1.4445442687571417
BH_s05_medium,14,97,17.233333333333334,-0.5665241479873657,1.4882381978286026
BH_s05_medium,14,98,17.266666666666666,-0.5971424579620361,1.310560125867717
BH_s05_medium,14,99,17.3,-0.42241010069847107,0.9599495760198482
BH_s05_medium,14,100,17.333333333333332,-0.1590985357761383,0.5137661189563955
BH_s05_medium,14,101,17.366666666666667,-0.0491454117000103,0.05397837463713524
BH_s05_medium,14,102,17.4,-0.11149874329566956,-0.35508485971123227
BH_s05_medium,14,103,17.433333333333334,-0.286231130361557,-0.6785553612032542
BH_s05_medium,14,104,17.466666666666665,-0.5495426654815674,-0.909143622306825
BH_s05_medium,14,105,17.5,-0.7242750525474548,-1.0547609098253647
BH_s05_medium,14,106,17.533333333333335,-0.8990074396133423,-1.1231857007349033
BH_s05_medium,14,107,17.566666666666666,-0.8847132921218872,-1.1116696340486196
BH_s05_medium,14,108,17.6,-0.29383373260498047,-1.0060969059167912
BH_s05_medium,14,109,17.633333333333333,0.7113533020019531,-0.7896742029647177
BH_s05_medium,14,110,17.666666666666668,1.8056422472000122,-0.4573264606653742
BH_s05_medium,14,111,17.7,2.2539126873016357,-0.029290070446511298
BH_s05_medium,14,112,17.733333333333334,1.9243781566619873,0.44375761157615257
BH_s05_medium,14,113,17.766666666666666,1.2254486083984375,0.888937667944993
BH_s05_medium,14,114,17.8,0.4379398822784424,1.230611824018299
BH_s05_medium,14,115,17.833333333333332,-0.11077797412872314,1.412367803060798
BH_s05_medium,14,116,17.866666666666667,-0.43185240030288696,1.4119067869877304
BH_s05_medium,14,117,17.9,-0.4660767912864685,1.2433465509815773
BH_s05_medium,14,118,17.933333333333334,-0.29134440422058105,0.9474337830932872
BH_s05_medium,14,119,17.966666666666665,-0.20519116520881653,0.5750753882076531
BH_s05_medium,14,120,18.0,-0.15641121566295624,0.17167879746972253
BH_s05_medium,14,121,18.033333333333335,-0.24256443977355957,-0.23140664654787138
BH_s05_medium,14,122,18.066666666666666,-0.5058760046958923,-0.6157574861009785
BH_s05_medium,14,123,18.1,-0.6806083917617798,-0.9670663380999782
BH_s05_medium,14,124,18.133333333333333,-0.8553407788276672,-1.2642728448310088
BH_s05_medium,14,125,18.166666666666668,-1.0300731658935547,-1.4732535142103365
BH_s05_medium,14,126,18.2,-1.107964277267456,-1.549584211838796
BH_s05_medium,14,127,18.233333333333334,-0.7509580850601196,-1.450813993720528
BH_s05_medium,14,128,18.266666666666666,0.03582987189292908,-1.1544038292851508
BH_s05_medium,14,129,18.3,1.2575150728225708,-0.6742614494761251
BH_s05_medium,14,130,18.333333333333332,1.9714573621749878,-0.06783769651428548
BH_s05_medium,14,131,18.366666666666667,1.8270140886306763,0.5715236770733289
BH_s05_medium,14,132,18.4,1.1440815925598145,1.1360624323153072
BH_s05_medium,14,133,18.433333333333334,0.3694232702255249,1.531495566612847
BH_s05_medium,14,134,18.466666666666665,-0.2690538763999939,1.7009102880872395
BH_s05_medium,14,135,18.5,-0.6337949633598328,1.6361495882442298
BH_s05_medium,14,136,18.533333333333335,-0.7577787041664124,1.373843815355292
BH_s05_medium,14,137,18.566666666666666,-0.6257286071777344,0.9793780938190307
BH_s05_medium,14,138,18.6,-0.4284420907497406,0.5257001921725805
BH_s05_medium,14,139,18.633333333333333,-0.25370970368385315,0.07440758464199103
BH_s05_medium,14,140,18.666666666666668,-0.28505098819732666,-0.33518771735936137
BH_s05_medium,14,141,18.7,-0.4597833752632141,-0.6866082749004073
BH_s05_medium,14,142,18.733333333333334,-0.6884111762046814,-0.977888124289525
BH_s05_medium,14,143,18.766666666666666,-0.8978273272514343,-1.2089710685323203
BH_s05_medium,14,144,18.8,-1.0725597143173218,-1.3705542176090661
BH_s05_medium,14,145,18.833333333333332,-1.2472920417785645,-1.4393621905152871
BH_s05_medium,14,146,18.866666666666667,-1.0680993795394897,-1.3826914266705927
BH_s05_medium,14,147,18.9,-0.3300257623195648,-1.1715618068038762
BH_s05_medium,14,148,18.933333333333334,0.7970482110977173,-0.7976298631198245
BH_s05_medium,14,149,18.966666666666665,1.781514286994934,-0.28631005137320437
BH_s05_medium,14,150,19.0,2.042266368865967,0.3007046257070915
BH_s05_medium,14,151,19.033333333333335,1.5941895246505737,0.8760740180683498
BH_s05_medium,14,152,19.066666666666666,0.8952599763870239,1.3472800008088208
BH_s05_medium,14,153,19.1,0.19633041322231293,1.6394121252059666
BH_s05_medium,14,154,19.133333333333333,-0.27587229013442993,1.7124546330722825
BH_s05_medium,14,155,19.166666666666668,-0.46968287229537964,1.568095173525233
BH_s05_medium,14,156,19.2,-0.36359721422195435,1.2449519257233599
BH_s05_medium,14,157,19.233333333333334,-0.12021807581186295,0.8047045451234017
BH_s05_medium,14,158,19.266666666666666,-0.034064847975969315,0.3142304885059794
BH_s05_medium,14,159,19.3,-0.0491454117000103,-0.1699839778125199
BH_s05_medium,14,160,19.333333333333332,-0.069602832198143,-0.6096606815963483
BH_s05_medium,14,161,19.366666666666667,-0.3226856589317322,-0.9825377327161837
BH_s05_medium,14,162,19.4,-0.4088388979434967,-1.2729542428059726
BH_s05_medium,14,163,19.433333333333334,-0.5806203484535217,-1.4618331319106685
BH_s05_medium,14,164,19.466666666666665,-0.669199526309967,-1.522733738572755
BH_s05_medium,14,165,19.5,-0.5825212597846985,-1.4271701649386535
BH_s05_medium,14,166,19.533333333333335,-0.06645282357931137,-1.1574772299414666
BH_s05_medium,14,167,19.566666666666666,0.9665350317955017,-0.7214593431076557
BH_s05_medium,14,168,19.6,2.1102612018585205,-0.1616142579797821
BH_s05_medium,14,169,19.633333333333333,2.5966246128082275,0.44653497244992885
BH_s05_medium,14,170,19.666666666666668,2.207425355911255,1.0082361872606869
BH_s05_medium,14,171,19.7,1.5225262641906738,1.4317298563894583
BH_s05_medium,14,172,19.733333333333334,0.8235966563224792,1.6515767040531788
BH_s05_medium,14,173,19.766666666666666,0.2805171012878418,1.6448668072623873
BH_s05_medium,14,174,19.8,-0.02541114017367363,1.4343866189048664
BH_s05_medium,14,175,19.833333333333332,-0.0491454117000103,1.0778250695312273
BH_s05_medium,14,176,19.866666666666667,-0.0491454117000103,0.647891307591657
BH_s05_medium,14,177,19.9,0.03943374752998352,0.2114844327828734
BH_s05_medium,14,178,19.933333333333334,0.03943374752998352,-0.1850806069991623
BH_s05_medium,14,179,19.966666666666665,-0.0491454117000103,-0.5214290499649789
BH_s05_medium,14,180,20.0,-0.27659305930137634,-0.7990305149824788
BH_s05_medium,14,181,20.033333333333335,-0.4034620523452759,-1.0299409229920253
BH_s05_medium,14,182,20.066666666666666,-0.4920412003993988,-1.2224268805239686
BH_s05_medium,14,183,20.1,-0.5350527167320251,-1.3687699504783566
BH_s05_medium,14,184,20.133333333333333,-0.6212059855461121,-1.4407154094286343
BH_s05_medium,14,185,20.166666666666668,-0.6310398578643799,-1.396016932288582
BH_s05_medium,14,186,20.2,-0.26052701473236084,-1.1951234273038869
BH_s05_medium,14,187,20.233333333333334,0.7154843807220459,-0.8221050748586396
BH_s05_medium,14,188,20.266666666666666,1.907729148864746,-0.30099319170380595
BH_s05_medium,14,189,20.3,2.5196502208709717,0.3005637611318365
BH_s05_medium,14,190,20.333333333333332,2.326950788497925,0.8839239820158568
BH_s05_medium,14,191,20.366666666666667,1.604417085647583,1.3452269732198643
BH_s05_medium,14,192,20.4,0.7519333958625793,1.6051116371863416
BH_s05_medium,14,193,20.433333333333334,0.090508371591568,1.631116485490586
BH_s05_medium,14,194,20.466666666666665,-0.24263006448745728,1.4448266908726268
BH_s05_medium,14,195,20.5,-0.4034620523452759,1.1119531512412018
BH_s05_medium,14,196,20.533333333333335,-0.3034084141254425,0.7191051841082162
BH_s05_medium,14,197,20.566666666666666,-0.13772456347942352,0.34522040884365374
BH_s05_medium,14,198,20.6,-0.1443472057580948,0.03807471033042767
BH_s05_medium,14,199,20.633333333333333,-0.31907957792282104,-0.19502446029473353
BH_s05_medium,14,200,20.666666666666668,-0.4938119947910309,-0.37920381275836057
BH_s05_medium,14,201,20.7,-0.7564683556556702,-0.5510531617142446
BH_s05_medium,14,202,20.733333333333334,-0.9318559169769287,-0.7342689657669325
BH_s05_medium,14,203,20.766666666666666,-1.0235161781311035,-0.9223390345086212
BH_s05_medium,14,204,20.8,-1.1927415132522583,-1.0755024519556817
BH_s05_medium,14,205,20.833333333333332,-1.2006744146347046,-1.133504427581936
BH_s05_medium,14,206,20.866666666666667,-1.124880075454712,-1.039590396156358
BH_s05_medium,14,207,20.9,-0.3909364640712738,-0.7667640438200047
BH_s05_medium,14,208,20.933333333333334,0.7131896615028381,-0.3360203496800614
BH_s05_medium,14,209,20.966666666666665,1.7992832660675049,0.18137415398642176
BH_s05_medium,14,210,21.0,2.1653335094451904,0.6799977125394674
BH_s05_medium,14,211,21.033333333333335,1.7335163354873657,1.050368094865843
BH_s05_medium,14,212,21.066666666666666,0.9733479022979736,1.212809097243997
BH_s05_medium,14,213,21.1,0.1584988534450531,1.1426165074894783
BH_s05_medium,14,214,21.133333333333333,-0.30688542127609253,0.8766890777549644
BH_s05_medium,14,215,21.166666666666668,-0.6345813870429993,0.49872973481890037
BH_s05_medium,14,216,21.2,-0.6176643967628479,0.10879074635916966
BH_s05_medium,14,217,21.233333333333334,-0.3938228487968445,-0.2106455344104116
BH_s05_medium,14,218,21.266666666666666,-0.17962048947811127,-0.41885898502463176
BH_s05_medium,14,219,21.3,-0.13772456347942352,-0.5228922966524784
BH_s05_medium,14,220,21.333333333333332,-0.22630372643470764,-0.5649954222917063
BH_s05_medium,14,221,21.366666666666667,-0.4428675174713135,-0.5985657758616416
BH_s05_medium,14,222,21.4,-0.6545794606208801,-0.6629940470267194
BH_s05_medium,14,223,21.433333333333334,-0.8809114694595337,-0.766528577201835
BH_s05_medium,14,224,21.466666666666665,-1.0556437969207764,-0.8819516684479362
BH_s05_medium,14,225,21.5,-1.2006744146347046,-0.9551787099098128
BH_s05_medium,14,226,21.533333333333335,-1.1733986139297485,-0.9236584166962638
BH_s05_medium,14,227,21.566666666666666,-0.8106874823570251,-0.7392717418124463
BH_s05_medium,14,228,21.6,0.10782238841056824,-0.38864965105928695
BH_s05_medium,14,229,21.633333333333333,1.3995301723480225,0.0964733525351704
BH_s05_medium,14,230,21.666666666666668,2.182905673980713,0.6437034084042069
BH_s05_medium,14,231,21.7,2.1198949813842773,1.158734533337496
BH_s05_medium,14,232,21.733333333333334,1.4816781282424927,1.551772549032811
BH_s05_medium,14,233,21.766666666666666,0.6080161929130554,1.7616978701486226
BH_s05_medium,14,234,21.8,-0.08061904460191727,1.7696804338492145
BH_s05_medium,14,235,21.833333333333332,-0.6800844669342041,1.5985663227114533
BH_s05_medium,14,236,21.866666666666667,-0.8463578224182129,1.299056267273139
BH_s05_medium,14,237,21.9,-0.8451765775680542,0.9281800503582968
BH_s05_medium,14,238,21.933333333333334,-0.5824556350708008,0.529408986202276
BH_s05_medium,14,239,21.966666666666665,-0.4077232778072357,0.12381549793220399
BH_s05_medium,15,0,15.0,-1.0809508562088013,0.11100687036972498
BH_s05_medium,15,1,15.033333333333333,-0.32458439469337463,0.28803341900773377
BH_s05_medium,15,2,15.066666666666666,0.690240740776062,0.4672993803407208
BH_s05_medium,15,3,15.1,1.6670362949371338,0.6560056026291538
BH_s05_medium,15,4,15.133333333333333,1.9380171298980713,0.8623657249909171
BH_s05_medium,15,5,15.166666666666666,1.442929983139038,1.0890500941762857
BH_s05_medium,15,6,15.2,0.610115110874176,1.3242888293452577
BH_s05_medium,15,7,15.233333333333333,-0.08920712769031525,1.5375998315113377
BH_s05_medium,15,8,15.266666666666667,-0.6615290641784668,1.6852235812270326
BH_s05_medium,15,9,15.3,-0.97296541929245,1.7241130742712847
BH_s05_medium,15,10,15.333333333333334,-0.9879136681556702,1.6276983161590135
BH_s05_medium,15,11,15.366666666666667,-0.8131812810897827,1.3954213826616497
BH_s05_medium,15,12,15.4,-0.669199526309967,1.0519283402745165
BH_s05_medium,15,13,15.433333333333334,-0.6975242495536804,0.6376373111148117
BH_s05_medium,15,14,15.466666666666667,-0.8722566366195679,0.19623606874034077
BH_s05_medium,15,15,15.5,-1.1355681419372559,-0.23491759407629675
BH_s05_medium,15,16,15.533333333333333,-1.310300588607788,-0.6279782908479824
BH_s05_medium,15,17,15.566666666666666,-1.4664119482040405,-0.9619467556577591
BH_s05_medium,15,18,15.6,-1.538796067237854,-1.218342559345081
BH_s05_medium,15,19,15.633333333333333,-1.452642798423767,-1.3797806306285227
BH_s05_medium,15,20,15.666666666666666,-1.155301570892334,-1.4325413439772599
BH_s05_medium,15,21,15.7,-0.26137903332710266,-1.370516542021104
BH_s05_medium,15,22,15.733333333333333,0.8820858597755432,-1.1975253505146575
BH_s05_medium,15,23,15.766666666666667,1.9077270030975342,-0.9271729755963148
BH_s05_medium,15,24,15.8,2.0734753608703613,-0.58153054309047
BH_s05_medium,15,25,15.833333333333334,1.6362178325653076,-0.19054582188893954
BH_s05_medium,15,26,15.866666666666667,0.8494954705238342,0.20706231784605036
BH_s05_medium,15,27,15.9,0.0619867667555809,0.5634286703482857
BH_s05_medium,15,28,15.933333333333334,-0.3792695105075836,0.8261873332266254
BH_s05_medium,15,29,15.966666666666667,-0.5701302289962769,0.9509135500723448
BH_s05_medium,15,30,16.0,-0.41637808084487915,0.9173447786618524
BH_s05_medium,15,31,16.033333333333335,-0.15306653082370758,0.7398268232528419
BH_s05_medium,15,32,16.066666666666666,0.02166585437953472,0.46428132416834567
BH_s05_medium,15,33,16.1,0.03943374752998352,0.15177265687384733
BH_s05_medium,15,34,16.133333333333333,-0.026525666937232018,-0.14330636418591908
BH_s05_medium,15,35,16.166666666666668,-0.1762123852968216,-0.3894817739725736
BH_s05_medium,15,36,16.2,-0.37599045038223267,-0.5816889569256305
BH_s05_medium,15,37,16.233333333333334,-0.5507228374481201,-0.7318414209485833
BH_s05_medium,15,38,16.266666666666666,-0.7254552245140076,-0.8520248936300292
BH_s05_medium,15,39,16.3,-0.7039489150047302,-0.9387053145991674
BH_s05_medium,15,40,16.333333333333332,-0.1978466510772705,-0.9661993427014767
BH_s05_medium,15,41,16.366666666666667,0.8251749873161316,-0.8938491028667279
BH_s05_medium,15,42,16.4,1.8666185140609741,-0.6845822544864524
BH_s05_medium,15,43,16.433333333333334,2.2539126873016357,-0.32658302681242773
BH_s05_medium,15,44,16.466666666666665,1.9516539573669434,0.15183521144616013
BH_s05_medium,15,45,16.5,1.211024284362793,0.681363720177854
BH_s05_medium,15,46,16.533333333333335,0.38666728138923645,1.1667861382834765
BH_s05_medium,15,47,16.566666666666666,-0.15241248905658722,1.5135586518743267
BH_s05_medium,15,48,16.6,-0.5240376591682434,1.6558597012852556
BH_s05_medium,15,49,16.633333333333333,-0.5510498881340027,1.5747273527523058
BH_s05_medium,15,50,16.666666666666668,-0.2877383232116699,1.2994312872140275
BH_s05_medium,15,51,16.7,-0.0491454117000103,0.8930356511796268
BH_s05_medium,15,52,16.733333333333334,-0.0491454117000103,0.42975594451648114
BH_s05_medium,15,53,16.766666666666666,-0.06901220977306366,-0.02602185315236089
BH_s05_medium,15,54,16.8,-0.2611854672431946,-0.4318555954821141
BH_s05_medium,15,55,16.833333333333332,-0.5070561170578003,-0.768238470799196
BH_s05_medium,15,56,16.866666666666667,-0.7703676819801331,-1.0304405525200093
BH_s05_medium,15,57,16.9,-0.9451000690460205,-1.2160741305104592
BH_s05_medium,15,58,16.933333333333334,-0.9194626808166504,-1.3148783722262147
BH_s05_medium,15,59,16.966666666666665,-0.2883267402648926,-1.3063288381508646
BH_s05_medium,15,60,17.0,0.76826411485672,-1.1667782357892786
BH_s05_medium,15,61,17.033333333333335,1.9014335870742798,-0.8830803250164655
BH_s05_medium,15,62,17.066666666666666,2.3405253887176514,-0.4666528320602348
BH_s05_medium,15,63,17.1,2.0013527870178223,0.03856819389105677
BH_s05_medium,15,64,17.133333333333333,1.2250548601150513,0.5590892852031134
BH_s05_medium,15,65,17.166666666666668,0.3513928949832916,1.0066553924494872
BH_s05_medium,15,66,17.2,-0.2029632031917572,1.3006980714726732
BH_s05_medium,15,67,17.233333333333334,-0.5665241479873657,1.3904837289591647
BH_s05_medium,15,68,17.266666666666666,-0.5971424579620361,1.2687607297267496
BH_s05_medium,15,69,17.3,-0.42241010069847107,0.9718599242433515
BH_s05_medium,15,70,17.333333333333332,-0.1590985357761383,0.5662505882273666
BH_s05_medium,15,71,17.366666666666667,-0.0491454117000103,0.12684002433724997
BH_s05_medium,15,72,17.4,-0.11149874329566956,-0.28411211511510676
BH_s05_medium,15,73,17.433333333333334,-0.286231130361557,-0.6289670666760219
BH_s05_medium,15,74,17.466666666666665,-0.5495426654815674,-0.8939041590969831
BH_s05_medium,15,75,17.5,-0.7242750525474548,-1.0781476521779854
BH_s05_medium,15,76,17.533333333333335,-0.8990074396133423,-1.18041075442527
BH_s05_medium,15,77,17.566666666666666,-0.8847132921218872,-1.1901407459650237
BH_s05_medium,15,78,17.6,-0.29383373260498047,-1.087934329046397
BH_s05_medium,15,79,17.633333333333333,0.7113533020019531,-0.8549986683651684
BH_s05_medium,15,80,17.666666666666668,1.8056422472000122,-0.4879111147814351
BH_s05_medium,15,81,17.7,2.2539126873016357,-0.012254992738822834
BH_s05_medium,15,82,17.733333333333334,1.9243781566619873,0.5126783527431894
BH_s05_medium,15,83,17.766666666666666,1.2254486083984375,1.0033383449633517
BH_s05_medium,15,84,17.8,0.4379398822784424,1.3734587934755282
BH_s05_medium,15,85,17.833333333333332,-0.11077797412872314,1.5587080721146933
BH_s05_medium,15,86,17.866666666666667,-0.43185240030288696,1.534102606375474
BH_s05_medium,15,87,17.9,-0.4660767912864685,1.317846950497284
BH_s05_medium,15,88,17.933333333333334,-0.29134440422058105,0.9613651556887818
BH_s05_medium,15,89,17.966666666666665,-0.20519116520881653,0.5305833062341908
BH_s05_medium,15,90,18.0,-0.15641121566295624,0.08620729981291385
BH_s05_medium,15,91,18.033333333333335,-0.24256443977355957,-0.32966458358862183
BH_s05_medium,15,92,18.066666666666666,-0.5058760046958923,-0.6962407520498405
BH_s05_medium,15,93,18.1,-0.6806083917617798,-1.0062773655877537
BH_s05_medium,15,94,18.133333333333333,-0.8553407788276672,-1.2527306849644384
BH_s05_medium,15,95,18.166666666666668,-1.0300731658935547,-1.4173083317719097
BH_s05_medium,15,96,18.2,-1.107964277267456,-1.4676108396501675
BH_s05_medium,15,97,18.233333333333334,-0.7509580850601196,-1.3657140579806353
BH_s05_medium,15,98,18.266666666666666,0.03582987189292908,-1.0857328067302163
BH_s05_medium,15,99,18.3,1.2575150728225708,-0.6330530234257815
BH_s05_medium,15,100,18.333333333333332,1.9714573621749878,-0.05563904852954092
BH_s05_medium,15,101,18.366666666666667,1.8270140886306763,0.5599024138445896
BH_s05_medium,15,102,18.4,1.1440815925598145,1.108095907400454
BH_s05_medium,15,103,18.433333333333334,0.3694232702255249,1.4931871206642893
BH_s05_medium,15,104,18.466666666666665,-0.2690538763999939,1.655326496347954
BH_s05_medium,15,105,18.5,-0.6337949633598328,1.5843819771573577
BH_s05_medium,15,106,18.533333333333335,-0.7577787041664124,1.317267978033268
BH_s05_medium,15,107,18.566666666666666,-0.6257286071777344,0.9216222507419297
BH_s05_medium,15,108,18.6,-0.4284420907497406,0.47317428036095893
BH_s05_medium,15,109,18.633333333333333,-0.25370970368385315,0.03516784561512901
BH_s05_medium,15,110,18.666666666666668,-0.28505098819732666,-0.35365324663459835
BH_s05_medium,15,111,18.7,-0.4597833752632141,-0.6796930476952907
BH_s05_medium,15,112,18.733333333333334,-0.6884111762046814,-0.945277484179846
BH_s05_medium,15,113,18.766666666666666,-0.8978273272514343,-1.154491496063771
BH_s05_medium,15,114,18.8,-1.0725597143173218,-1.3005370501218676
BH_s05_medium,15,115,18.833333333333332,-1.2472920417785645,-1.3604081101195038
BH_s05_medium,15,116,18.866666666666667,-1.0680993795394897,-1.3000686134584694
BH_s05_medium,15,117,18.9,-0.3300257623195648,-1.0891602083670655
BH_s05_medium,15,118,18.933333333333334,0.7970482110977173,-0.7196646995787411
BH_s05_medium,15,119,18.966666666666665,1.781514286994934,-0.2200576904817414
BH_s05_medium,15,120,19.0,2.042266368865967,0.3427429266119561
BH_s05_medium,15,121,19.033333333333335,1.5941895246505737,0.8765311880286449
BH_s05_medium,15,122,19.066666666666666,0.8952599763870239,1.2879649071963903
BH_s05_medium,15,123,19.1,0.19633041322231293,1.508355004445111
BH_s05_medium,15,124,19.133333333333333,-0.27587229013442993,1.5113207806653854
BH_s05_medium,15,125,19.166666666666668,-0.46968287229537964,1.3164860511205883
BH_s05_medium,15,126,19.2,-0.36359721422195435,0.9791141835479994
BH_s05_medium,15,127,19.233333333333334,-0.12021807581186295,0.5705039794270742
BH_s05_medium,15,128,19.266666666666666,-0.034064847975969315,0.1564978966479682
BH_s05_medium,15,129,19.3,-0.0491454117000103,-0.21848860365055717
BH_s05_medium,15,130,19.333333333333332,-0.069602832198143,-0.536506890699426
BH_s05_medium,15,131,19.366666666666667,-0.3226856589317322,-0.7989149935750092
BH_s05_medium,15,132,19.4,-0.4088388979434967,-1.0112141551872804
BH_s05_medium,15,133,19.433333333333334,-0.5806203484535217,-1.1679810467900897
BH_s05_medium,15,134,19.466666666666665,-0.669199526309967,-1.2458345676971325
BH_s05_medium,15,135,19.5,-0.5825212597846985,-1.2084821240569368
BH_s05_medium,15,136,19.533333333333335,-0.06645282357931137,-1.0223411174710102
BH_s05_medium,15,137,19.566666666666666,0.9665350317955017,-0.6762734314767171
BH_s05_medium,15,138,19.6,2.1102612018585205,-0.19652324558760087
BH_s05_medium,15,139,19.633333333333333,2.5966246128082275,0.35078605915024846
BH_s05_medium,15,140,19.666666666666668,2.207425355911255,0.8724490130449497
BH_s05_medium,15,141,19.7,1.5225262641906738,1.2727426139690625
BH_s05_medium,15,142,19.733333333333334,0.8235966563224792,1.481001331315411
BH_s05_medium,15,143,19.766666666666666,0.2805171012878418,1.4717047045098768
BH_s05_medium,15,144,19.8,-0.02541114017367363,1.2693311275826167
BH_s05_medium,15,145,19.833333333333332,-0.0491454117000103,0.9365064355834986
BH_s05_medium,15,146,19.866666666666667,-0.0491454117000103,0.5510234893278525
BH_s05_medium,15,147,19.9,0.03943374752998352,0.18132903983135143
BH_s05_medium,15,148,19.933333333333334,0.03943374752998352,-0.13094512027342478
BH_s05_medium,15,149,19.966666666666665,-0.0491454117000103,-0.3768843752813102
BH_s05_medium,15,150,20.0,-0.27659305930137634,-0.5741705762124099
BH_s05_medium,15,151,20.033333333333335,-0.4034620523452759,-0.7516970984699681
BH_s05_medium,15,152,20.066666666666666,-0.4920412003993988,-0.9302682798838602
BH_s05_medium,15,153,20.1,-0.5350527167320251,-1.1064449268886911
BH_s05_medium,15,154,20.133333333333333,-0.6212059855461121,-1.2465618798390063
BH_s05_medium,15,155,20.166666666666668,-0.6310398578643799,-1.2949693748898758
BH_s05_medium,15,156,20.2,-0.26052701473236084,-1.194779783064602
BH_s05_medium,15,157,20.233333333333334,0.7154843807220459,-0.9135899563680608
BH_s05_medium,15,158,20.266666666666666,1.907729148864746,-0.4638791529343979
BH_s05_medium,15,159,20.3,2.5196502208709717,0.09099994478017634
BH_s05_medium,15,160,20.333333333333332,2.326950788497925,0.6496114070255581
BH_s05_medium,15,161,20.366666666666667,1.604417085647583,1.1011268817075006
BH_s05_medium,15,162,20.4,0.7519333958625793,1.3596286337021797
BH_s05_medium,15,163,20.433333333333334,0.090508371591568,1.3905344997099685
BH_s05_medium,15,164,20.466666666666665,-0.24263006448745728,1.2191489031288891
BH_s05_medium,15,165,20.5,-0.4034620523452759,0.918828652303944
BH_s05_medium,15,166,20.533333333333335,-0.3034084141254425,0.5834889373293346
BH_s05_medium,15,167,20.566666666666666,-0.13772456347942352,0.2944108066048877
BH_s05_medium,15,168,20.6,-0.1443472057580948,0.09373260802817211
BH_s05_medium,15,169,20.633333333333333,-0.31907957792282104,-0.025075262963627873
BH_s05_medium,15,170,20.666666666666668,-0.4938119947910309,-0.10635345989615873
BH_s05_medium,15,171,20.7,-0.7564683556556702,-0.20622289814293873
BH_s05_medium,15,172,20.733333333333334,-0.9318559169769287,-0.3627296242944066
BH_s05_medium,15,173,20.766666666666666,-1.0235161781311035,-0.5746881597148357
BH_s05_medium,15,174,20.8,-1.1927415132522583,-0.7977547627613069
BH_s05_medium,15,175,20.833333333333332,-1.2006744146347046,-0.9591931853494339
BH_s05_medium,15,176,20.866666666666667,-1.124880075454712,-0.985645391181057
BH_s05_medium,15,177,20.9,-0.3909364640712738,-0.8333947475592248
BH_s05_medium,15,178,20.933333333333334,0.7131896615028381,-0.5095553214438675
BH_s05_medium,15,179,20.966666666666665,1.7992832660675049,-0.07569497813188039
BH_s05_medium,15,180,21.0,2.1653335094451904,0.3683254648574435
BH_s05_medium,15,181,21.033333333333335,1.7335163354873657,0.7152468646864641
BH_s05_medium,15,182,21.066666666666666,0.9733479022979736,0.8853269624200187
BH_s05_medium,15,183,21.1,0.1584988534450531,0.8525104365118928
BH_s05_medium,15,184,21.133333333333333,-0.30688542127609253,0.6516601791364767
BH_s05_medium,15,185,21.166666666666668,-0.6345813870429993,0.3635776560168753
BH_s05_medium,15,186,21.2,-0.6176643967628479,0.08361041612175349
BH_s05_medium,15,187,21.233333333333334,-0.3938228487968445,-0.11337504481372303
BH_s05_medium,15,188,21.266666666666666,-0.17962048947811127,-0.19762254224984893
BH_s05_medium,15,189,21.3,-0.13772456347942352,-0.1896244595955353
BH_s05_medium,15,190,21.333333333333332,-0.22630372643470764,-0.14534856399046725
BH_s05_medium,15,191,21.366666666666667,-0.4428675174713135,-0.1292360776697658
BH_s05_medium,15,192,21.4,-0.6545794606208801,-0.18648815410020309
BH_s05_medium,15,193,21.433333333333334,-0.8809114694595337,-0.3248097254546389
BH_s05_medium,15,194,21.466666666666665,-1.0556437969207764,-0.5108254046418003
BH_s05_medium,15,195,21.5,-1.2006744146347046,-0.6808626292922887
BH_s05_medium,15,196,21.533333333333335,-1.1733986139297485,-0.7620122507152565
BH_s05_medium,15,197,21.566666666666666,-0.8106874823570251,-0.6971566715777568
BH_s05_medium,15,198,21.6,0.10782238841056824,-0.46628948868477627
BH_s05_medium,15,199,21.633333333333333,1.3995301723480225,-0.09672012154111108
BH_s05_medium,15,200,21.666666666666668,2.182905673980713,0.34227614096016357
BH_s05_medium,15,201,21.7,2.1198949813842773,0.759364094593958
BH_s05_medium,15,202,21.733333333333334,1.4816781282424927,1.068629834876132
BH_s05_medium,15,203,21.766666666666666,0.6080161929130554,1.214545578299298
BH_s05_medium,15,204,21.8,-0.08061904460191727,1.1860280175158666
BH_s05_medium,15,205,21.833333333333332,-0.6800844669342041,1.0156706691328232
BH_s05_medium,15,206,21.866666666666667,-0.8463578224182129,0.7647402590561306
BH_s05_medium,15,207,21.9,-0.8451765775680542,0.4989948268457138
BH_s05_medium,15,208,21.933333333333334,-0.5824556350708008,0.2646159712648754
BH_s05_medium,15,209,21.966666666666665,-0.4077232778072357,0.07455455760493687
BH_s05_medium,15,210,22.0,-0.4034620523452759,-0.08887092263053706
BH_s05_medium,15,211,22.033333333333335,-0.4920412003993988,-0.2571582217262072
BH_s05_medium,15,212,22.066666666666666,-0.6576604843139648,-0.45352433469994635
BH_s05_medium,15,213,22.1,-0.8323928713798523,-0.6764916948460403
BH_s05_medium,15,214,22.133333333333333,-1.095704436302185,-0.8962595872259802
BH_s05_medium,15,215,22.166666666666668,-1.359015941619873,-1.0645028728405221
BH_s05_medium,15,216,22.2,-1.3778327703475952,-1.1331072362236543
BH_s05_medium,15,217,22.233333333333334,-1.029611587524414,-1.0743960002174484
BH_s05_medium,15,218,22.266666666666666,-0.028554538264870644,-0.8944465804634179
BH_s05_medium,15,219,22.3,1.1684776544570923,-0.633262348728515
BH_s05_medium,15,220,22.333333333333332,1.9262824058532715,-0.3511295198870529
BH_s05_medium,15,221,22.366666666666667,1.8777616024017334,-0.1067912486922998
BH_s05_medium,15,222,22.4,1.1927958726882935,0.06328132715333065
BH_s05_medium,15,223,22.433333333333334,0.4077131152153015,0.15587475993564584
BH_s05_medium,15,224,22.466666666666665,-0.3294406533241272,0.1980807618852254
BH_s05_medium,15,225,22.5,-0.848784863948822,0.23222926422539036
BH_s05_medium,15,226,22.533333333333335,-1.0235161781311035,0.2953832973643426
BH_s05_medium,15,227,22.566666666666666,-0.8536345362663269,0.40192089729496594
BH_s05_medium,15,228,22.6,-0.5423950552940369,0.5361250819962938
BH_s05_medium,15,229,22.633333333333333,-0.3676626682281494,0.6576800938035535
BH_s05_medium,15,230,22.666666666666668,-0.34825634956359863,0.7181173509742782
BH_s05_medium,15,231,22.7,-0.43440958857536316,0.6817647632729605
BH_s05_medium,15,232,22.733333333333334,-0.6091419458389282,0.5421637959484783
BH_s05_medium,15,233,22.766666666666666,-0.7838743329048157,0.32660600290687347
BH_s05_medium,15,234,22.8,-0.9586067199707031,0.08753257218165732
BH_s05_medium,15,235,22.833333333333332,-1.0235161781311035,-0.11446407993506444
BH_s05_medium,15,236,22.866666666666667,-0.7710862755775452,-0.22945478470225755
BH_s05_medium,15,237,22.9,0.06559835374355316,-0.23330258476657753
BH_s05_medium,15,238,22.933333333333334,1.27475905418396,-0.13496377906615956
BH_s05_medium,15,239,22.966666666666665,2.099834680557251,0.026314540328564798
BH_s05_medium,16,0,16.0,-0.41637808084487915,0.004923229681995145
BH_s05_medium,16,1,16.033333333333335,-0.15306653082370758,0.2642453844615409
BH_s05_medium,16,2,16.066666666666666,0.02166585437953472,0.4994722320324045
BH_s05_medium,16,3,16.1,0.03943374752998352,0.6880593437229839
BH_s05_medium,16,4,16.133333333333333,-0.026525666937232018,0.8115762580897165
BH_s05_medium,16,5,16.166666666666668,-0.1762123852968216,0.8574336183439397
BH_s05_medium,16,6,16.2,-0.37599045038223267,0.820290800864665
BH_s05_medium,16,7,16.233333333333334,-0.5507228374481201,0.7043450030478124
BH_s05_medium,16,8,16.266666666666666,-0.7254552245140076,0.5269071092433301
BH_s05_medium,16,9,16.3,-0.7039489150047302,0.32112463545732145
BH_s05_medium,16,10,16.333333333333332,-0.1978466510772705,0.13369223035607833
BH_s05_medium,16,11,16.366666666666667,0.8251749873161316,0.014574923234555899
BH_s05_medium,16,12,16.4,1.8666185140609741,0.0006019054553087141
BH_s05_medium,16,13,16.433333333333334,2.2539126873016357,0.0996735762761308
BH_s05_medium,16,14,16.466666666666665,1.9516539573669434,0.2833601973093993
BH_s05_medium,16,15,16.5,1.211024284362793,0.4925493913377775
BH_s05_medium,16,16,16.533333333333335,0.38666728138923645,0.6554347754015921
BH_s05_medium,16,17,16.566666666666666,-0.15241248905658722,0.7115762612429295
BH_s05_medium,16,18,16.6,-0.5240376591682434,0.6322592536957452
BH_s05_medium,16,19,16.633333333333333,-0.5510498881340027,0.4283778491246915
BH_s05_medium,16,20,16.666666666666668,-0.2877383232116699,0.1429339748997536
BH_s05_medium,16,21,16.7,-0.0491454117000103,-0.16740065916041172
BH_s05_medium,16,22,16.733333333333334,-0.0491454117000103,-0.45266204376162006
BH_s05_medium,16,23,16.766666666666666,-0.06901220977306366,-0.6832169274534442
BH_s05_medium,16,24,16.8,-0.2611854672431946,-0.8523457359110451
BH_s05_medium,16,25,16.833333333333332,-0.5070561170578003,-0.9688431363817701
BH_s05_medium,16,26,16.866666666666667,-0.7703676819801331,-1.044113162135684
BH_s05_medium,16,27,16.9,-0.9451000690460205,-1.0796258819619131
BH_s05_medium,16,28,16.933333333333334,-0.9194626808166504,-1.0606193826780386
BH_s05_medium,16,29,16.966666666666665,-0.2883267402648926,-0.959821851926465
BH_s05_medium,16,30,17.0,0.76826411485672,-0.750504412338324
BH_s05_medium,16,31,17.033333333333335,1.9014335870742798,-0.42354967115160314
BH_s05_medium,16,32,17.066666666666666,2.3405253887176514,-0.0009938718485889382
BH_s05_medium,16,33,17.1,2.0013527870178223,0.4606393277874032
BH_s05_medium,16,34,17.133333333333333,1.2250548601150513,0.8804449355634796
BH_s05_medium,16,35,17.166666666666668,0.3513928949832916,1.1745944257397785
BH_s05_medium,16,36,17.2,-0.2029632031917572,1.281596373018909
BH_s05_medium,16,37,17.233333333333334,-0.5665241479873657,1.1813989158216731
BH_s05_medium,16,38,17.266666666666666,-0.5971424579620361,0.9009315642171521
BH_s05_medium,16,39,17.3,-0.42241010069847107,0.5044581613563509
BH_s05_medium,16,40,17.333333333333332,-0.1590985357761383,0.0729102661246542
BH_s05_medium,16,41,17.366666666666667,-0.0491454117000103,-0.3198056216249539
BH_s05_medium,16,42,17.4,-0.11149874329566956,-0.6247064082668963
BH_s05_medium,16,43,17.433333333333334,-0.286231130361557,-0.8237523501309354
BH_s05_medium,16,44,17.466666666666665,-0.5495426654815674,-0.9233970644788141
BH_s05_medium,16,45,17.5,-0.7242750525474548,-0.9405422280409123
BH_s05_medium,16,46,17.533333333333335,-0.8990074396133423,-0.8884186040404483
BH_s05_medium,16,47,17.566666666666666,-0.8847132921218872,-0.7689065881785585
BH_s05_medium,16,48,17.6,-0.29383373260498047,-0.5741467574759386
BH_s05_medium,16,49,17.633333333333333,0.7113533020019531,-0.29613038511810974
BH_s05_medium,16,50,17.666666666666668,1.8056422472000122,0.06001104114303346
BH_s05_medium,16,51,17.7,2.2539126873016357,0.4651718714200086
BH_s05_medium,16,52,17.733333333333334,1.9243781566619873,0.8646137892732505
BH_s05_medium,16,53,17.766666666666666,1.2254486083984375,1.189155850096255
BH_s05_medium,16,54,17.8,0.4379398822784424,1.3758561086157015
BH_s05_medium,16,55,17.833333333333332,-0.11077797412872314,1.3887789499631602
BH_s05_medium,16,56,17.866666666666667,-0.43185240030288696,1.230252696776209
BH_s05_medium,16,57,17.9,-0.4660767912864685,0.9379896861578607
BH_s05_medium,16,58,17.933333333333334,-0.29134440422058105,0.5699350162937754
BH_s05_medium,16,59,17.966666666666665,-0.20519116520881653,0.1837988115889734
BH_s05_medium,16,60,18.0,-0.15641121566295624,-0.17987519319507583
BH_s05_medium,16,61,18.033333333333335,-0.24256443977355957,-0.5041907791551222
BH_s05_medium,16,62,18.066666666666666,-0.5058760046958923,-0.7899837570305265
BH_s05_medium,16,63,18.1,-0.6806083917617798,-1.041316603532777
BH_s05_medium,16,64,18.133333333333333,-0.8553407788276672,-1.2501402410707305
BH_s05_medium,16,65,18.166666666666668,-1.0300731658935547,-1.3882770704057288
BH_s05_medium,16,66,18.2,-1.107964277267456,-1.4115329143602235
BH_s05_medium,16,67,18.233333333333334,-0.7509580850601196,-1.2753218534749564
BH_s05_medium,16,68,18.266666666666666,0.03582987189292908,-0.956043629216431
BH_s05_medium,16,69,18.3,1.2575150728225708,-0.4693382653573618
BH_s05_medium,16,70,18.333333333333332,1.9714573621749878,0.12354098582990762
BH_s05_medium,16,71,18.366666666666667,1.8270140886306763,0.7258806936473423
BH_s05_medium,16,72,18.4,1.1440815925598145,1.2297444232778114
BH_s05_medium,16,73,18.433333333333334,0.3694232702255249,1.5454735992510513
BH_s05_medium,16,74,18.466666666666665,-0.2690538763999939,1.6255086845391176
BH_s05_medium,16,75,18.5,-0.6337949633598328,1.4743358290674322
BH_s05_medium,16,76,18.533333333333335,-0.7577787041664124,1.1422119394503853
BH_s05_medium,16,77,18.566666666666666,-0.6257286071777344,0.706362226233126
BH_s05_medium,16,78,18.6,-0.4284420907497406,0.24710452965901963
BH_s05_medium,16,79,18.633333333333333,-0.25370970368385315,-0.17290415283178845
BH_s05_medium,16,80,18.666666666666668,-0.28505098819732666,-0.5199566418836691
BH_s05_medium,16,81,18.7,-0.4597833752632141,-0.7884794872701074
BH_s05_medium,16,82,18.733333333333334,-0.6884111762046814,-0.9899050821099863
BH_s05_medium,16,83,18.766666666666666,-0.8978273272514343,-1.136627819017834
BH_s05_medium,16,84,18.8,-1.0725597143173218,-1.2279611201802167
BH_s05_medium,16,85,18.833333333333332,-1.2472920417785645,-1.244200831247617
BH_s05_medium,16,86,18.866666666666667,-1.0680993795394897,-1.1520713725562202
BH_s05_medium,16,87,18.9,-0.3300257623195648,-0.9204025879159656
BH_s05_medium,16,88,18.933333333333334,0.7970482110977173,-0.5400178500884962
BH_s05_medium,16,89,18.966666666666665,1.781514286994934,-0.038834745474449116
BH_s05_medium,16,90,19.0,2.042266368865967,0.5158692213094538
BH_s05_medium,16,91,19.033333333333335,1.5941895246505737,1.030958445104527
BH_s05_medium,16,92,19.066666666666666,0.8952599763870239,1.412393405725773
BH_s05_medium,16,93,19.1,0.19633041322231293,1.5919590859558908
BH_s05_medium,16,94,19.133333333333333,-0.27587229013442993,1.5456631004819323
BH_s05_medium,16,95,19.166666666666668,-0.46968287229537964,1.2976394860280078
BH_s05_medium,16,96,19.2,-0.36359721422195435,0.9091543465372767
BH_s05_medium,16,97,19.233333333333334,-0.12021807581186295,0.457558277370105
BH_s05_medium,16,98,19.266666666666666,-0.034064847975969315,0.013163851846694122
BH_s05_medium,16,99,19.3,-0.0491454117000103,-0.3776561744764685
BH_s05_medium,16,100,19.333333333333332,-0.069602832198143,-0.6973560131100744
BH_s05_medium,16,101,19.366666666666667,-0.3226856589317322,-0.9491686079497323
BH_s05_medium,16,102,19.4,-0.4088388979434967,-1.1409404998120343
BH_s05_medium,16,103,19.433333333333334,-0.5806203484535217,-1.2693907578915973
BH_s05_medium,16,104,19.466666666666665,-0.669199526309967,-1.3128871250808727
BH_s05_medium,16,105,19.5,-0.5825212597846985,-1.236738959341875
BH_s05_medium,16,106,19.533333333333335,-0.06645282357931137,-1.0093614694427897
BH_s05_medium,16,107,19.566666666666666,0.9665350317955017,-0.6226050299982427
BH_s05_medium,16,108,19.6,2.1102612018585205,-0.10694777767928769
BH_s05_medium,16,109,19.633333333333333,2.5966246128082275,0.4664851794093309
BH_s05_medium,16,110,19.666666666666668,2.207425355911255,1.0000085873643887
BH_s05_medium,16,111,19.7,1.5225262641906738,1.3956208601052629
BH_s05_medium,16,112,19.733333333333334,0.8235966563224792,1.5838444721236429
BH_s05_medium,16,113,19.766666666666666,0.2805171012878418,1.543915731516855
BH_s05_medium,16,114,19.8,-0.02541114017367363,1.3073711727388468
BH_s05_medium,16,115,19.833333333333332,-0.0491454117000103,0.9440041404822012
BH_s05_medium,16,116,19.866666666666667,-0.0491454117000103,0.5365693834046932
BH_s05_medium,16,117,19.9,0.03943374752998352,0.15468232209267196
BH_s05_medium,16,118,19.933333333333334,0.03943374752998352,-0.16281940753888588
BH_s05_medium,16,119,19.966666666666665,-0.0491454117000103,-0.4122966809280715
BH_s05_medium,16,120,20.0,-0.27659305930137634,-0.6165644163539019
BH_s05_medium,16,121,20.033333333333335,-0.4034620523452759,-0.8068896784283947
BH_s05_medium,16,122,20.066666666666666,-0.4920412003993988,-1.0023284521896525
BH_s05_medium,16,123,20.1,-0.5350527167320251,-1.194133373292552
BH_s05_medium,16,124,20.133333333333333,-0.6212059855461121,-1.341937468159171
BH_s05_medium,16,125,20.166666666666668,-0.6310398578643799,-1.3846473642397181
BH_s05_medium,16,126,20.2,-0.26052701473236084,-1.2631088392756507
BH_s05_medium,16,127,20.233333333333334,0.7154843807220459,-0.9463697220807866
BH_s05_medium,16,128,20.266666666666666,1.907729148864746,-0.451415411642564
BH_s05_medium,16,129,20.3,2.5196502208709717,0.15203286646652775
BH_s05_medium,16,130,20.333333333333332,2.326950788497925,0.7554676613187246
BH_s05_medium,16,131,20.366666666666667,1.604417085647583,1.2412473423967907
BH_s05_medium,16,132,20.4,0.7519333958625793,1.5177391283727601
BH_s05_medium,16,133,20.433333333333334,0.090508371591568,1.546552523052338
BH_s05_medium,16,134,20.466666666666665,-0.24263006448745728,1.3518579071454901
BH_s05_medium,16,135,20.5,-0.4034620523452759,1.0091029116283388
BH_s05_medium,16,136,20.533333333333335,-0.3034084141254425,0.6175163326115047
BH_s05_medium,16,137,20.566666666666666,-0.13772456347942352,0.2660718214751538
BH_s05_medium,16,138,20.6,-0.1443472057580948,0.005344200774216461
BH_s05_medium,16,139,20.633333333333333,-0.31907957792282104,-0.16398530871903974
BH_s05_medium,16,140,20.666666666666668,-0.4938119947910309,-0.281911251942893
BH_s05_medium,16,141,20.7,-0.7564683556556702,-0.40372677356917097
BH_s05_medium,16,142,20.733333333333334,-0.9318559169769287,-0.569386290987403
BH_s05_medium,16,143,20.766666666666666,-1.0235161781311035,-0.7802159937050519
BH_s05_medium,16,144,20.8,-1.1927415132522583,-0.9923926046842629
BH_s05_medium,16,145,20.833333333333332,-1.2006744146347046,-1.1300639033585325
BH_s05_medium,16,146,20.866666666666667,-1.124880075454712,-1.113584771683365
BH_s05_medium,16,147,20.9,-0.3909364640712738,-0.8926163194908721
BH_s05_medium,16,148,20.933333333333334,0.7131896615028381,-0.4716634369401478
BH_s05_medium,16,149,20.966666666666665,1.7992832660675049,0.08227557229411195
BH_s05_medium,16,150,21.0,2.1653335094451904,0.6543787275673338
BH_s05_medium,16,151,21.033333333333335,1.7335163354873657,1.115289157080599
BH_s05_medium,16,152,21.066666666666666,0.9733479022979736,1.3616518758721463
BH_s05_medium,16,153,21.1,0.1584988534450531,1.3488533846560151
BH_s05_medium,16,154,21.133333333333333,-0.30688542127609253,1.1034776498948076
BH_s05_medium,16,155,21.166666666666668,-0.6345813870429993,0.7108041243078411
BH_s05_medium,16,156,21.2,-0.6176643967628479,0.28247071627742937
BH_s05_medium,16,157,21.233333333333334,-0.3938228487968445,-0.08281179413846475
BH_s05_medium,16,158,21.266666666666666,-0.17962048947811127,-0.3301535871949152
BH_s05_medium,16,159,21.3,-0.13772456347942352,-0.4597034040329071
BH_s05_medium,16,160,21.333333333333332,-0.22630372643470764,-0.5157760465559931
BH_s05_medium,16,161,21.366666666666667,-0.4428675174713135,-0.5605428005906364
BH_s05_medium,16,162,21.4,-0.6545794606208801,-0.6438468243290734
BH_s05_medium,16,163,21.433333333333334,-0.8809114694595337,-0.7803812913896343
BH_s05_medium,16,164,21.466666666666665,-1.0556437969207764,-0.9413946055103072
BH_s05_medium,16,165,21.5,-1.2006744146347046,-1.0628254905176664
BH_s05_medium,16,166,21.533333333333335,-1.1733986139297485,-1.0672287535879161
BH_s05_medium,16,167,21.566666666666666,-0.8106874823570251,-0.8930573612392178
BH_s05_medium,16,168,21.6,0.10782238841056824,-0.5217572714982929
BH_s05_medium,16,169,21.633333333333333,1.3995301723480225,0.007692159512905493
BH_s05_medium,16,170,21.666666666666668,2.182905673980713,0.6039534561192836
BH_s05_medium,16,171,21.7,2.1198949813842773,1.1481347080722961
BH_s05_medium,16,172,21.733333333333334,1.4816781282424927,1.529451449792975
BH_s05_medium,16,173,21.766666666666666,0.6080161929130554,1.678039514692784
BH_s05_medium,16,174,21.8,-0.08061904460191727,1.583252163537736
BH_s05_medium,16,175,21.833333333333332,-0.6800844669342041,1.2921587634268725
BH_s05_medium,16,176,21.866666666666667,-0.8463578224182129,0.8895718470176901
BH_s05_medium,16,177,21.9,-0.8451765775680542,0.46682617999880593
BH_s05_medium,16,178,21.933333333333334,-0.5824556350708008,0.09121332566560518
BH_s05_medium,16,179,21.966666666666665,-0.4077232778072357,-0.21152858135113953
BH_s05_medium,16,180,22.0,-0.4034620523452759,-0.4548880034447647
BH_s05_medium,16,181,22.033333333333335,-0.4920412003993988,-0.6718224050196407
BH_s05_medium,16,182,22.066666666666666,-0.6576604843139648,-0.8879392374741374
BH_s05_medium,16,183,22.1,-0.8323928713798523,-1.1006910465074233
BH_s05_medium,16,184,22.133333333333333,-1.095704436302185,-1.273909744700826
BH_s05_medium,16,185,22.166666666666668,-1.359015941619873,-1.3495860743421766
BH_s05_medium,16,186,22.2,-1.3778327703475952,-1.2717164052758954
BH_s05_medium,16,187,22.233333333333334,-1.029611587524414,-1.0125140595911464
BH_s05_medium,16,188,22.266666666666666,-0.028554538264870644,-0.5902131984842295
BH_s05_medium,16,189,22.3,1.1684776544570923,-0.07051799736960318
BH_s05_medium,16,190,22.333333333333332,1.9262824058532715,0.4500907933369053
BH_s05_medium,16,191,22.366666666666667,1.8777616024017334,0.8735041848443884
BH_s05_medium,16,192,22.4,1.1927958726882935,1.1301603753153624
BH_s05_medium,16,193,22.433333333333334,0.4077131152153015,1.1980693368614193
BH_s05_medium,16,194,22.466666666666665,-0.3294406533241272,1.1037376311057574
BH_s05_medium,16,195,22.5,-0.848784863948822,0.9061398899678711
BH_s05_medium,16,196,22.533333333333335,-1.0235161781311035,0.6714842749049155
BH_s05_medium,16,197,22.566666666666666,-0.8536345362663269,0.44920259284947506
BH_s05_medium,16,198,22.6,-0.5423950552940369,0.2580495216586389
BH_s05_medium,16,199,22.633333333333333,-0.3676626682281494,0.08671225996725013
BH_s05_medium,16,200,22.666666666666668,-0.34825634956359863,-0.09222630409514909
BH_s05_medium,16,201,22.7,-0.43440958857536316,-0.3013217190190089
BH_s05_medium,16,202,22.733333333333334,-0.6091419458389282,-0.5398639540437662
BH_s05_medium,16,203,22.766666666666666,-0.7838743329048157,-0.7765779543781437
BH_s05_medium,16,204,22.8,-0.9586067199707031,-0.956444779424368
BH_s05_medium,16,205,22.833333333333332,-1.0235161781311035,-1.0183985924715273
BH_s05_medium,16,206,22.866666666666667,-0.7710862755775452,-0.9173452566772187
BH_s05_medium,16,207,22.9,0.06559835374355316,-0.6431990628691155
BH_s05_medium,16,208,22.933333333333334,1.27475905418396,-0.2300426303169464
BH_s05_medium,16,209,22.966666666666665,2.099834680557251,0.24902769591784787
BH_s05_medium,16,210,23.0,2.2265701293945312,0.700634757452064
BH_s05_medium,16,211,23.033333333333335,1.6071056127548218,1.0370035442202528
BH_s05_medium,16,212,23.066666666666666,0.8153344988822937,1.199460702012545
BH_s05_medium,16,213,23.1,0.033924538642168045,1.1711188900530978
BH_s05_medium,16,214,23.133333333333333,-0.4902726411819458,0.9751573977304276
BH_s05_medium,16,215,23.166666666666668,-0.6661840677261353,0.6611673734118573
BH_s05_medium,16,216,23.2,-0.5860617160797119,0.28636219378039296
BH_s05_medium,16,217,23.233333333333334,-0.32275018095970154,-0.10056432012229485
BH_s05_medium,16,218,23.266666666666666,-0.14801780879497528,-0.4674761577706738
BH_s05_medium,16,219,23.3,-0.13772456347942352,-0.7973574796274303
BH_s05_medium,16,220,23.333333333333332,-0.299737811088562,-1.0799601411097706
BH_s05_medium,16,221,23.366666666666667,-0.545478343963623,-1.3017595575056908
BH_s05_medium,16,222,23.4,-0.7377817630767822,-1.440133331402933
BH_s05_medium,16,223,23.433333333333334,-0.9125141501426697,-1.4656742855485554
BH_s05_medium,16,224,23.466666666666665,-0.9597858190536499,-1.352247354797714
BH_s05_medium,16,225,23.5,-0.5125609636306763,-1.0901632427124357
BH_s05_medium,16,226,23.533333333333335,0.45158329606056213,-0.6960946638685801
BH_s05_medium,16,227,23.566666666666666,1.6182574033737183,-0.21463392693958216
BH_s05_medium,16,228,23.6,2.1307809352874756,0.29015441033626693
BH_s05_medium,16,229,23.633333333333333,1.921952247619629,0.7504921654042472
BH_s05_medium,16,230,23.666666666666668,1.2108262777328491,1.111796797994058
BH_s05_medium,16,231,23.7,0.38391321897506714,1.3440606202711405
BH_s05_medium,16,232,23.733333333333334,-0.18211424350738525,1.4440717640521867
BH_s05_medium,16,233,23.766666666666666,-0.5339382290840149,1.4293205933508926
BH_s05_medium,16,234,23.8,-0.6297284364700317,1.3275663823591186
BH_s05_medium,16,235,23.833333333333332,-0.41795089840888977,1.1667915362740942
BH_s05_medium,16,236,23.866666666666667,-0.19168449938297272,0.9689562065628693
BH_s05_medium,16,237,23.9,-0.0491454117000103,0.7484215881120163
BH_s05_medium,16,238,23.933333333333334,-0.07891279458999634,0.5134709345833851
BH_s05_medium,16,239,23.966666666666665,-0.28098663687705994,0.26871062037061144
BH_s05_medium,17,0,17.0,0.76826411485672,0.08335760895724047
BH_s05_medium,17,1,17.033333333333335,1.9014335870742798,0.7857533018038981
BH_s05_medium,17,2,17.066666666666666,2.3405253887176514,1.4226981282810578
BH_s05_medium,17,3,17.1,2.0013527870178223,1.9324451475481312
BH_s05_medium,17,4,17.133333333333333,1.2250548601150513,2.2561230423643845
BH_s05_medium,17,5,17.166666666666668,0.3513928949832916,2.350548985685109
BH_s05_medium,17,6,17.2,-0.2029632031917572,2.2036591320448857
BH_s05_medium,17,7,17.233333333333334,-0.5665241479873657,1.8447209972552905
BH_s05_medium,17,8,17.266666666666666,-0.5971424579620361,1.3431064077396084
BH_s05_medium,17,9,17.3,-0.42241010069847107,0.7936401878492407
BH_s05_medium,17,10,17.333333333333332,-0.1590985357761383,0.29158687840297787
BH_s05_medium,17,11,17.366666666666667,-0.0491454117000103,-0.09486542653476074
BH_s05_medium,17,12,17.4,-0.11149874329566956,-0.34374445504516843
BH_s05_medium,17,13,17.433333333333334,-0.286231130361557,-0.48084870468636837
BH_s05_medium,17,14,17.466666666666665,-0.5495426654815674,-0.5618610495766794
BH_s05_medium,17,15,17.5,-0.7242750525474548,-0.6424155203764386
BH_s05_medium,17,16,17.533333333333335,-0.8990074396133423,-0.7493721442718544
BH_s05_medium,17,17,17.566666666666666,-0.8847132921218872,-0.866067365409717
BH_s05_medium,17,18,17.6,-0.29383373260498047,-0.9378973633882207
BH_s05_medium,17,19,17.633333333333333,0.7113533020019531,-0.8960356723320819
BH_s05_medium,17,20,17.666666666666668,1.8056422472000122,-0.6903314134126199
BH_s05_medium,17,21,17.7,2.2539126873016357,-0.3185746684278674
BH_s05_medium,17,22,17.733333333333334,1.9243781566619873,0.16109453865907106
BH_s05_medium,17,23,17.766666666666666,1.2254486083984375,0.6425463286620661
BH_s05_medium,17,24,17.8,0.4379398822784424,1.005721536092417
BH_s05_medium,17,25,17.833333333333332,-0.11077797412872314,1.158504016130634
BH_s05_medium,17,26,17.866666666666667,-0.43185240030288696,1.0684748972102387
BH_s05_medium,17,27,17.9,-0.4660767912864685,0.7713172917214046
BH_s05_medium,17,28,17.933333333333334,-0.29134440422058105,0.3534471277166181
BH_s05_medium,17,29,17.966666666666665,-0.20519116520881653,-0.08234499559480633
BH_s05_medium,17,30,18.0,-0.15641121566295624,-0.45319112752093277
BH_s05_medium,17,31,18.033333333333335,-0.24256443977355957,-0.7198066311140828
BH_s05_medium,17,32,18.066666666666666,-0.5058760046958923,-0.889063185850972
BH_s05_medium,17,33,18.1,-0.6806083917617798,-0.9962599562142305
BH_s05_medium,17,34,18.133333333333333,-0.8553407788276672,-1.0766641340919347
BH_s05_medium,17,35,18.166666666666668,-1.0300731658935547,-1.1402451038042345
BH_s05_medium,17,36,18.2,-1.107964277267456,-1.1613609647130954
BH_s05_medium,17,37,18.233333333333334,-0.7509580850601196,-1.0880883364082854
BH_s05_medium,17,38,18.266666666666666,0.03582987189292908,-0.8673881391239389
BH_s05_medium,17,39,18.3,1.2575150728225708,-0.4754279060731242
BH_s05_medium,17,40,18.333333333333332,1.9714573621749878,0.06049810390551429
BH_s05_medium,17,41,18.366666666666667,1.8270140886306763,0.6593137198830817
BH_s05_medium,17,42,18.4,1.1440815925598145,1.205780263323409
BH_s05_medium,17,43,18.433333333333334,0.3694232702255249,1.5856028011490695
BH_s05_medium,17,44,18.466666666666665,-0.2690538763999939,1.7220079503048553
BH_s05_medium,17,45,18.5,-0.6337949633598328,1.5989658193761438
BH_s05_medium,17,46,18.533333333333335,-0.7577787041664124,1.2625688483185953
BH_s05_medium,17,47,18.566666666666666,-0.6257286071777344,0.8016798768584542
BH_s05_medium,17,48,18.6,-0.4284420907497406,0.3167356778324682
BH_s05_medium,17,49,18.633333333333333,-0.25370970368385315,-0.11104458346032345
BH_s05_medium,17,50,18.666666666666668,-0.28505098819732666,-0.4391600398977743
BH_s05_medium,17,51,18.7,-0.4597833752632141,-0.6662269797951362
BH_s05_medium,17,52,18.733333333333334,-0.6884111762046814,-0.818270764549759
BH_s05_medium,17,53,18.766666666666666,-0.8978273272514343,-0.9259390812562999
BH_s05_medium,17,54,18.8,-1.0725597143173218,-1.0028154310681328
BH_s05_medium,17,55,18.833333333333332,-1.2472920417785645,-1.0343526220811563
BH_s05_medium,17,56,18.866666666666667,-1.0680993795394897,-0.9827051079334767
BH_s05_medium,17,57,18.9,-0.3300257623195648,-0.8060984001779131
BH_s05_medium,17,58,18.933333333333334,0.7970482110977173,-0.4845765196914215
BH_s05_medium,17,59,18.966666666666665,1.781514286994934,-0.04013471323489273
BH_s05_medium,17,60,19.0,2.042266368865967,0.459273532049632
BH_s05_medium,17,61,19.033333333333335,1.5941895246505737,0.9155667583945696
BH_s05_medium,17,62,19.066666666666666,0.8952599763870239,1.2305657032825705
BH_s05_medium,17,63,19.1,0.19633041322231293,1.337773206538165
BH_s05_medium,17,64,19.133333333333333,-0.27587229013442993,1.223026108885531
BH_s05_medium,17,65,19.166666666666668,-0.46968287229537964,0.9265227287973787
BH_s05_medium,17,66,19.2,-0.36359721422195435,0.5265988827380043
BH_s05_medium,17,67,19.233333333333334,-0.12021807581186295,0.11239229717457117
BH_s05_medium,17,68,19.266666666666666,-0.034064847975969315,-0.24419308057989308
BH_s05_medium,17,69,19.3,-0.0491454117000103,-0.5072827396672487
BH_s05_medium,17,70,19.333333333333332,-0.069602832198143,-0.6801038211351955
BH_s05_medium,17,71,19.366666666666667,-0.3226856589317322,-0.7917658241158712
BH_s05_medium,17,72,19.4,-0.4088388979434967,-0.8741012165287629
BH_s05_medium,17,73,19.433333333333334,-0.5806203484535217,-0.9395063934108284
BH_s05_medium,17,74,19.466666666666665,-0.669199526309967,-0.9702493532085998
BH_s05_medium,17,75,19.5,-0.5825212597846985,-0.9244746345855167
BH_s05_medium,17,76,19.533333333333335,-0.06645282357931137,-0.756633530717374
BH_s05_medium,17,77,19.566666666666666,0.9665350317955017,-0.4435231728711909
BH_s05_medium,17,78,19.6,2.1102612018585205,-0.004267102834951984
BH_s05_medium,17,79,19.633333333333333,2.5966246128082275,0.49541103877011505
BH_s05_medium,17,80,19.666666666666668,2.207425355911255,0.958057437508024
BH_s05_medium,17,81,19.7,1.5225262641906738,1.2839340007851723
BH_s05_medium,17,82,19.733333333333334,0.8235966563224792,1.4039266336572298
BH_s05_medium,17,83,19.766666666666666,0.2805171012878418,1.302694077510508
BH_s05_medium,17,84,19.8,-0.02541114017367363,1.0224944466074204
BH_s05_medium,17,85,19.833333333333332,-0.0491454117000103,0.6462175216193644
BH_s05_medium,17,86,19.866666666666667,-0.0491454117000103,0.2670990296206324
BH_s05_medium,17,87,19.9,0.03943374752998352,-0.04230574889543254
BH_s05_medium,17,88,19.933333333333334,0.03943374752998352,-0.25058842362132155
BH_s05_medium,17,89,19.966666666666665,-0.0491454117000103,-0.3715221213091269
BH_s05_medium,17,90,20.0,-0.27659305930137634,-0.45168325332687437
BH_s05_medium,17,91,20.033333333333335,-0.4034620523452759,-0.5464638474113543
BH_s05_medium,17,92,20.066666666666666,-0.4920412003993988,-0.6926794790698884
BH_s05_medium,17,93,20.1,-0.5350527167320251,-0.8876105482135745
BH_s05_medium,17,94,20.133333333333333,-0.6212059855461121,-1.0833622943378045
BH_s05_medium,17,95,20.166666666666668,-0.6310398578643799,-1.2007748013529613
BH_s05_medium,17,96,20.2,-0.26052701473236084,-1.1592705809711172
BH_s05_medium,17,97,20.233333333333334,0.7154843807220459,-0.9116247368817024
BH_s05_medium,17,98,20.266666666666666,1.907729148864746,-0.4696364664449049
BH_s05_medium,17,99,20.3,2.5196502208709717,0.090679104088874
BH_s05_medium,17,100,20.333333333333332,2.326950788497925,0.6484435368496589
BH_s05_medium,17,101,20.366666666666667,1.604417085647583,1.07606314946827
BH_s05_medium,17,102,20.4,0.7519333958625793,1.2817803865352055
BH_s05_medium,17,103,20.433333333333334,0.090508371591568,1.2396891671212553
BH_s05_medium,17,104,20.466666666666665,-0.24263006448745728,0.9959451431819766
BH_s05_medium,17,105,20.5,-0.4034620523452759,0.64983430874462
BH_s05_medium,17,106,20.533333333333335,-0.3034084141254425,0.31714136879981397
BH_s05_medium,17,107,20.566666666666666,-0.13772456347942352,0.08890040619102797
BH_s05_medium,17,108,20.6,-0.1443472057580948,0.0005714288500440479
BH_s05_medium,17,109,20.633333333333333,-0.31907957792282104,0.02346399165837731
BH_s05_medium,17,110,20.666666666666668,-0.4938119947910309,0.08170632906666654
BH_s05_medium,17,111,20.7,-0.7564683556556702,0.08772372457600647
BH_s05_medium,17,112,20.733333333333334,-0.9318559169769287,-0.018246922308199097
BH_s05_medium,17,113,20.766666666666666,-1.0235161781311035,-0.2405153709818379
BH_s05_medium,17,114,20.8,-1.1927415132522583,-0.52303277935951
BH_s05_medium,17,115,20.833333333333332,-1.2006744146347046,-0.7690135760397676
BH_s05_medium,17,116,20.866666666666667,-1.124880075454712,-0.8775683968609533
BH_s05_medium,17,117,20.9,-0.3909364640712738,-0.7835872370049113
BH_s05_medium,17,118,20.933333333333334,0.7131896615028381,-0.4859180369592881
BH_s05_medium,17,119,20.966666666666665,1.7992832660675049,-0.05295694182040356
BH_s05_medium,17,120,21.0,2.1653335094451904,0.39728225359942104
BH_s05_medium,17,121,21.033333333333335,1.7335163354873657,0.7362950704050527
BH_s05_medium,17,122,21.066666666666666,0.9733479022979736,0.8696179087523281
BH_s05_medium,17,123,21.1,0.1584988534450531,0.7701125753589122
BH_s05_medium,17,124,21.133333333333333,-0.30688542127609253,0.48670591969548643
BH_s05_medium,17,125,21.166666666666668,-0.6345813870429993,0.12441315583565263
BH_s05_medium,17,126,21.2,-0.6176643967628479,-0.19668473999918928
BH_s05_medium,17,127,21.233333333333334,-0.3938228487968445,-0.3867969178072635
BH_s05_medium,17,128,21.266666666666666,-0.17962048947811127,-0.4177901137599252
BH_s05_medium,17,129,21.3,-0.13772456347942352,-0.328625105256193
BH_s05_medium,17,130,21.333333333333332,-0.22630372643470764,-0.20416457527383727
BH_s05_medium,17,131,21.366666666666667,-0.4428675174713135,-0.13740529780581223
BH_s05_medium,17,132,21.4,-0.6545794606208801,-0.1907137633069869
BH_s05_medium,17,133,21.433333333333334,-0.8809114694595337,-0.37042793204782093
BH_s05_medium,17,134,21.466666666666665,-1.0556437969207764,-0.6228073146840001
BH_s05_medium,17,135,21.5,-1.2006744146347046,-0.851457500960385
BH_s05_medium,17,136,21.533333333333335,-1.1733986139297485,-0.9501559075379048
BH_s05_medium,17,137,21.566666666666666,-0.8106874823570251,-0.8408592599205179
BH_s05_medium,17,138,21.6,0.10782238841056824,-0.5043813349013412
BH_s05_medium,17,139,21.633333333333333,1.3995301723480225,0.007787317337022745
BH_s05_medium,17,140,21.666666666666668,2.182905673980713,0.586466526213755
BH_s05_medium,17,141,21.7,2.1198949813842773,1.0991985403993423
BH_s05_medium,17,142,21.733333333333334,1.4816781282424927,1.4331640274282595
BH_s05_medium,17,143,21.766666666666666,0.6080161929130554,1.5296925032504027
BH_s05_medium,17,144,21.8,-0.08061904460191727,1.398017654915479
BH_s05_medium,17,145,21.833333333333332,-0.6800844669342041,1.1051279170485055
BH_s05_medium,17,146,21.866666666666667,-0.8463578224182129,0.7468602994428659
BH_s05_medium,17,147,21.9,-0.8451765775680542,0.4112056903561421
BH_s05_medium,17,148,21.933333333333334,-0.5824556350708008,0.14784984155881353
BH_s05_medium,17,149,21.966666666666665,-0.4077232778072357,-0.043815470842768975
BH_s05_medium,17,150,22.0,-0.4034620523452759,-0.20357923931338157
BH_s05_medium,17,151,22.033333333333335,-0.4920412003993988,-0.3819475125917271
BH_s05_medium,17,152,22.066666666666666,-0.6576604843139648,-0.6081540237846681
BH_s05_medium,17,153,22.1,-0.8323928713798523,-0.869806118607254
BH_s05_medium,17,154,22.133333333333333,-1.095704436302185,-1.1129874818915666
BH_s05_medium,17,155,22.166666666666668,-1.359015941619873,-1.2619081429463939
BH_s05_medium,17,156,22.2,-1.3778327703475952,-1.2494493791582717
BH_s05_medium,17,157,22.233333333333334,-1.029611587524414,-1.0463551781935578
BH_s05_medium,17,158,22.266666666666666,-0.028554538264870644,-0.6774423764151664
BH_s05_medium,17,159,22.3,1.1684776544570923,-0.2177897690758021
BH_s05_medium,17,160,22.333333333333332,1.9262824058532715,0.23062368521974427
BH_s05_medium,17,161,22.366666666666667,1.8777616024017334,0.5732941080758337
BH_s05_medium,17,162,22.4,1.1927958726882935,0.7546905556315642
BH_s05_medium,17,163,22.433333333333334,0.4077131152153015,0.7736865695817285
BH_s05_medium,17,164,22.466666666666665,-0.3294406533241272,0.6771059666469129
BH_s05_medium,17,165,22.5,-0.848784863948822,0.5354406539925807
BH_s05_medium,17,166,22.533333333333335,-1.0235161781311035,0.4118685637851401
BH_s05_medium,17,167,22.566666666666666,-0.8536345362663269,0.33743594124370957
BH_s05_medium,17,168,22.6,-0.5423950552940369,0.30186418175819063
BH_s05_medium,17,169,22.633333333333333,-0.3676626682281494,0.26290538052190526
BH_s05_medium,17,170,22.666666666666668,-0.34825634956359863,0.1700576944660039
BH_s05_medium,17,171,22.7,-0.43440958857536316,-0.007325693662967842
BH_s05_medium,17,172,22.733333333333334,-0.6091419458389282,-0.26003110853811773
BH_s05_medium,17,173,22.766666666666666,-0.7838743329048157,-0.5364715009596358
BH_s05_medium,17,174,22.8,-0.9586067199707031,-0.7586416576033982
BH_s05_medium,17,175,22.833333333333332,-1.0235161781311035,-0.8492593072591799
BH_s05_medium,17,176,22.866666666666667,-0.7710862755775452,-0.7596678624514951
BH_s05_medium,17,177,22.9,0.06559835374355316,-0.4891324886350281
BH_s05_medium,17,178,22.933333333333334,1.27475905418396,-0.08878147160625778
BH_s05_medium,17,179,22.966666666666665,2.099834680557251,0.3521322912654802
BH_s05_medium,17,180,23.0,2.2265701293945312,0.733468259823202
BH_s05_medium,17,181,23.033333333333335,1.6071056127548218,0.9749083631567785
BH_s05_medium,17,182,23.066666666666666,0.8153344988822937,1.038328870177375
BH_s05_medium,17,183,23.1,0.033924538642168045,0.9335262034235211
BH_s05_medium,17,184,23.133333333333333,-0.4902726411819458,0.70640577413748
BH_s05_medium,17,185,23.166666666666668,-0.6661840677261353,0.4164239367030932
BH_s05_medium,17,186,23.2,-0.5860617160797119,0.11419696657165014
BH_s05_medium,17,187,23.233333333333334,-0.32275018095970154,-0.17107717782351553
BH_s05_medium,17,188,23.266666666666666,-0.14801780879497528,-0.43054369344550597
BH_s05_medium,17,189,23.3,-0.13772456347942352,-0.6640356066543108
BH_s05_medium,17,190,23.333333333333332,-0.299737811088562,-0.8653937471760216
BH_s05_medium,17,191,23.366666666666667,-0.545478343963623,-1.0131025411186843
BH_s05_medium,17,192,23.4,-0.7377817630767822,-1.071956633069591
BH_s05_medium,17,193,23.433333333333334,-0.9125141501426697,-1.006144915222538
BH_s05_medium,17,194,23.466666666666665,-0.9597858190536499,-0.79795024041809
BH_s05_medium,17,195,23.5,-0.5125609636306763,-0.4626097363313746
BH_s05_medium,17,196,23.533333333333335,0.45158329606056213,-0.051177653095670565
BH_s05_medium,17,197,23.566666666666666,1.6182574033737183,0.3613843895473692
BH_s05_medium,17,198,23.6,2.1307809352874756,0.6989617939948295
BH_s05_medium,17,199,23.633333333333333,1.921952247619629,0.9086735649213442
BH_s05_medium,17,200,23.666666666666668,1.2108262777328491,0.9761121515392853
BH_s05_medium,17,201,23.7,0.38391321897506714,0.924323826568827
BH_s05_medium,17,202,23.733333333333334,-0.18211424350738525,0.7973340031235289
BH_s05_medium,17,203,23.766666666666666,-0.5339382290840149,0.636732996830769
BH_s05_medium,17,204,23.8,-0.6297284364700317,0.46287866071400174
BH_s05_medium,17,205,23.833333333333332,-0.41795089840888977,0.2696679474163673
BH_s05_medium,17,206,23.866666666666667,-0.19168449938297272,0.03528265840387683
BH_s05_medium,17,207,23.9,-0.0491454117000103,-0.25638907517277454
BH_s05_medium,17,208,23.933333333333334,-0.07891279458999634,-0.5945030803923309
BH_s05_medium,17,209,23.966666666666665,-0.28098663687705994,-0.93129041383422
BH_s05_medium,17,210,24.0,-0.5169567465782166,-1.1890219030205265
BH_s05_medium,17,211,24.033333333333335,-0.714178740978241,-1.2823376983948307
BH_s05_medium,17,212,24.066666666666666,-0.8664215207099915,-1.1492255431742155
BH_s05_medium,17,213,24.1,-0.7934446334838867,-0.7803375500676656
BH_s05_medium,17,214,24.133333333333333,-0.04645368084311485,-0.23390139329852472
BH_s05_medium,17,215,24.166666666666668,1.103305697441101,0.373842883838974
BH_s05_medium,17,216,24.2,2.1078343391418457,0.9027048761665832
BH_s05_medium,17,217,24.233333333333334,2.3266239166259766,1.234868393638524
BH_s05_medium,17,218,24.266666666666666,1.8775635957717896,1.3143559087139671
BH_s05_medium,17,219,24.3,1.086972713470459,1.162984346353995
BH_s05_medium,17,220,24.333333333333332,0.3025462031364441,0.8668521165631933
BH_s05_medium,17,221,24.366666666666667,-0.22276437282562256,0.5401565595971892
BH_s05_medium,17,222,24.4,-0.4034620523452759,0.2814659554111203
BH_s05_medium,17,223,24.433333333333334,-0.4100835621356964,0.1391787242448295
BH_s05_medium,17,224,24.466666666666665,-0.23535118997097015,0.09861204206205723
BH_s05_medium,17,225,24.5,-0.0491454117000103,0.0948883379550906
BH_s05_medium,17,226,24.533333333333335,-0.0491454117000103,0.04616719272488481
BH_s05_medium,17,227,24.566666666666666,-0.19365325570106506,-0.10612938417929157
BH_s05_medium,17,228,24.6,-0.3847108781337738,-0.3667397843918665
BH_s05_medium,17,229,24.633333333333333,-0.6268453598022461,-0.6789657328225502
BH_s05_medium,17,230,24.666666666666668,-0.8227548003196716,-0.944044794192263
BH_s05_medium,17,231,24.7,-0.8463578224182129,-1.0602864447302147
BH_s05_medium,17,232,24.733333333333334,-0.36857810616493225,-0.9666350060326548
BH_s05_medium,17,233,24.766666666666666,0.5319014191627502,-0.6728540215602646
BH_s05_medium,17,234,24.8,1.6111764907836914,-0.26253386298304626
BH_s05_medium,17,235,24.833333333333332,2.129601001739502,0.13453602586246757
BH_s05_medium,17,236,24.866666666666667,1.8369134664535522,0.3904807187186857
BH_s05_medium,17,237,24.9,1.1761425733566284,0.42802934992047353
BH_s05_medium,17,238,24.933333333333334,0.3886338174343109,0.24976752772116495
BH_s05_medium,17,239,24.966666666666665,-0.17857378721237183,-0.06311676327483862
BH_s05_medium,18,0,18.0,-0.15641121566295624,0.07869694366476927
BH_s05_medium,18,1,18.033333333333335,-0.24256443977355957,0.46850044836253174
BH_s05_medium,18,2,18.066666666666666,-0.5058760046958923,0.7604919628705458
BH_s05_medium,18,3,18.1,-0.6806083917617798,0.8883681537591535
BH_s05_medium,18,4,18.133333333333333,-0.8553407788276672,0.8370502748825933
BH_s05_medium,18,5,18.166666666666668,-1.0300731658935547,0.6480661244938343
BH_s05_medium,18,6,18.2,-1.107964277267456,0.4063376353496511
BH_s05_medium,18,7,18.233333333333334,-0.7509580850601196,0.21244272281654758
BH_s05_medium,18,8,18.266666666666666,0.03582987189292908,0.14927947054705132
BH_s05_medium,18,9,18.3,1.2575150728225708,0.2538385731554833
BH_s05_medium,18,10,18.333333333333332,1.9714573621749878,0.5037713596798118
BH_s05_medium,18,11,18.366666666666667,1.8270140886306763,0.824093024766167
BH_s05_medium,18,12,18.4,1.1440815925598145,1.11209912065944
BH_s05_medium,18,13,18.433333333333334,0.3694232702255249,1.2714155796345012
BH_s05_medium,18,14,18.466666666666665,-0.2690538763999939,1.242567410047279
BH_s05_medium,18,15,18.5,-0.6337949633598328,1.0191715568642994
BH_s05_medium,18,16,18.533333333333335,-0.7577787041664124,0.6450572350391583
BH_s05_medium,18,17,18.566666666666666,-0.6257286071777344,0.19525343453482424
BH_s05_medium,18,18,18.6,-0.4284420907497406,-0.250572821993849
BH_s05_medium,18,19,18.633333333333333,-0.25370970368385315,-0.6319118647648113
BH_s05_medium,18,20,18.666666666666668,-0.28505098819732666,-0.9204219591173475
BH_s05_medium,18,21,18.7,-0.4597833752632141,-1.1189999455620094
BH_s05_medium,18,22,18.733333333333334,-0.6884111762046814,-1.249083205039137
BH_s05_medium,18,23,18.766666666666666,-0.8978273272514343,-1.3323762594261677
BH_s05_medium,18,24,18.8,-1.0725597143173218,-1.3748238793165852
BH_s05_medium,18,25,18.833333333333332,-1.2472920417785645,-1.3596030051631935
BH_s05_medium,18,26,18.866666666666667,-1.0680993795394897,-1.2525414644420672
BH_s05_medium,18,27,18.9,-0.3300257623195648,-1.018516089044826
BH_s05_medium,18,28,18.933333333333334,0.7970482110977173,-0.6425017103306668
BH_s05_medium,18,29,18.966666666666665,1.781514286994934,-0.1461529876433544
BH_s05_medium,18,30,19.0,2.042266368865967,0.4082297801214615
BH_s05_medium,18,31,19.033333333333335,1.5941895246505737,0.9296643302966016
BH_s05_medium,18,32,19.066666666666666,0.8952599763870239,1.3227927110974202
BH_s05_medium,18,33,19.1,0.19633041322231293,1.5154610809535494
BH_s05_medium,18,34,19.133333333333333,-0.27587229013442993,1.4792789985407768
BH_s05_medium,18,35,19.166666666666668,-0.46968287229537964,1.2359421119651577
BH_s05_medium,18,36,19.2,-0.36359721422195435,0.8476753592854224
BH_s05_medium,18,37,19.233333333333334,-0.12021807581186295,0.3959900866186466
BH_s05_medium,18,38,19.266666666666666,-0.034064847975969315,-0.04299342676870147
BH_s05_medium,18,39,19.3,-0.0491454117000103,-0.41749872120133824
BH_s05_medium,18,40,19.333333333333332,-0.069602832198143,-0.7067577715256119
BH_s05_medium,18,41,19.366666666666667,-0.3226856589317322,-0.9140848200922199
BH_s05_medium,18,42,19.4,-0.4088388979434967,-1.05099633296164
BH_s05_medium,18,43,19.433333333333334,-0.5806203484535217,-1.1208449827558702
BH_s05_medium,18,44,19.466666666666665,-0.669199526309967,-1.1102285423433955
BH_s05_medium,18,45,19.5,-0.5825212597846985,-0.9925596502643997
BH_s05_medium,18,46,19.533333333333335,-0.06645282357931137,-0.7425508729918222
BH_s05_medium,18,47,19.566666666666666,0.9665350317955017,-0.3552741198339628
BH_s05_medium,18,48,19.6,2.1102612018585205,0.13910160725805762
BH_s05_medium,18,49,19.633333333333333,2.5966246128082275,0.6726679586502115
BH_s05_medium,18,50,19.666666666666668,2.207425355911255,1.1524107648544695
BH_s05_medium,18,51,19.7,1.5225262641906738,1.48496744438078
BH_s05_medium,18,52,19.733333333333334,0.8235966563224792,1.6048471087321052
BH_s05_medium,18,53,19.766666666666666,0.2805171012878418,1.4952111193272202
BH_s05_medium,18,54,19.8,-0.02541114017367363,1.1926634079019995
BH_s05_medium,18,55,19.833333333333332,-0.0491454117000103,0.7738573958230686
BH_s05_medium,18,56,19.866666666666667,-0.0491454117000103,0.32946584345517066
BH_s05_medium,18,57,19.9,0.03943374752998352,-0.06397994084764325
BH_s05_medium,18,58,19.933333333333334,0.03943374752998352,-0.36427940333690784
BH_s05_medium,18,59,19.966666666666665,-0.0491454117000103,-0.5698644531763202
BH_s05_medium,18,60,20.0,-0.27659305930137634,-0.711286144442658
BH_s05_medium,18,61,20.033333333333335,-0.4034620523452759,-0.8314471296873799
BH_s05_medium,18,62,20.066666666666666,-0.4920412003993988,-0.9617009236570139
BH_s05_medium,18,63,20.1,-0.5350527167320251,-1.1028005771223908
BH_s05_medium,18,64,20.133333333333333,-0.6212059855461121,-1.2188410855046474
BH_s05_medium,18,65,20.166666666666668,-0.6310398578643799,-1.2480142794708922
BH_s05_medium,18,66,20.2,-0.26052701473236084,-1.1270384642943723
BH_s05_medium,18,67,20.233333333333334,0.7154843807220459,-0.8199943725606408
BH_s05_medium,18,68,20.266666666666666,1.907729148864746,-0.34023458878756085
BH_s05_medium,18,69,20.3,2.5196502208709717,0.2437429602521913
BH_s05_medium,18,70,20.333333333333332,2.326950788497925,0.8223494333209704
BH_s05_medium,18,71,20.366666666666667,1.604417085647583,1.2755665256439979
BH_s05_medium,18,72,20.4,0.7519333958625793,1.5096792835673556
BH_s05_medium,18,73,20.433333333333334,0.090508371591568,1.486302240030116
BH_s05_medium,18,74,20.466666666666665,-0.24263006448745728,1.2330741827076241
BH_s05_medium,18,75,20.5,-0.4034620523452759,0.8326473664427271
BH_s05_medium,18,76,20.533333333333335,-0.3034084141254425,0.3940895877454752
BH_s05_medium,18,77,20.566666666666666,-0.13772456347942352,0.01665728374472613
BH_s05_medium,18,78,20.6,-0.1443472057580948,-0.24105317067493193
BH_s05_medium,18,79,20.633333333333333,-0.31907957792282104,-0.3751053088506623
BH_s05_medium,18,80,20.666666666666668,-0.4938119947910309,-0.4284449952074453
BH_s05_medium,18,81,20.7,-0.7564683556556702,-0.4651707825950733
BH_s05_medium,18,82,20.733333333333334,-0.9318559169769287,-0.5376917388119271
BH_s05_medium,18,83,20.766666666666666,-1.0235161781311035,-0.6601946533976091
BH_s05_medium,18,84,20.8,-1.1927415132522583,-0.7991750051065935
BH_s05_medium,18,85,20.833333333333332,-1.2006744146347046,-0.8850533533640411
BH_s05_medium,18,86,20.866666666666667,-1.124880075454712,-0.840674373694135
BH_s05_medium,18,87,20.9,-0.3909364640712738,-0.6158515389396755
BH_s05_medium,18,88,20.933333333333334,0.7131896615028381,-0.21450461984776664
BH_s05_medium,18,89,20.966666666666665,1.7992832660675049,0.2968859207288232
BH_s05_medium,18,90,21.0,2.1653335094451904,0.8044566218985826
BH_s05_medium,18,91,21.033333333333335,1.7335163354873657,1.1818727523442325
BH_s05_medium,18,92,21.066666666666666,0.9733479022979736,1.3326134030624452
BH_s05_medium,18,93,21.1,0.1584988534450531,1.2232637626542582
BH_s05_medium,18,94,21.133333333333333,-0.30688542127609253,0.8945025376439942
BH_s05_medium,18,95,21.166666666666668,-0.6345813870429993,0.44533980212916446
BH_s05_medium,18,96,21.2,-0.6176643967628479,-0.0030516392652197404
BH_s05_medium,18,97,21.233333333333334,-0.3938228487968445,-0.3494564833800488
BH_s05_medium,18,98,21.266666666666666,-0.17962048947811127,-0.5442623991148303
BH_s05_medium,18,99,21.3,-0.13772456347942352,-0.599163492862654
BH_s05_medium,18,100,21.333333333333332,-0.22630372643470764,-0.5730964317394187
BH_s05_medium,18,101,21.366666666666667,-0.4428675174713135,-0.5420757256047591
BH_s05_medium,18,102,21.4,-0.6545794606208801,-0.5656121803785064
BH_s05_medium,18,103,21.433333333333334,-0.8809114694595337,-0.6619553103745428
BH_s05_medium,18,104,21.466666666666665,-1.0556437969207764,-0.7999988456610349
BH_s05_medium,18,105,21.5,-1.2006744146347046,-0.9097739410911762
BH_s05_medium,18,106,21.533333333333335,-1.1733986139297485,-0.9080022461505223
BH_s05_medium,18,107,21.566666666666666,-0.8106874823570251,-0.7307251540896379
BH_s05_medium,18,108,21.6,0.10782238841056824,-0.3619743701272308
BH_s05_medium,18,109,21.633333333333333,1.3995301723480225,0.15265497127158031
BH_s05_medium,18,110,21.666666666666668,2.182905673980713,0.7144393151328352
BH_s05_medium,18,111,21.7,2.1198949813842773,1.2006600715973739
BH_s05_medium,18,112,21.733333333333334,1.4816781282424927,1.5038518913103736
BH_s05_medium,18,113,21.766666666666666,0.6080161929130554,1.5657341792598929
BH_s05_medium,18,114,21.8,-0.08061904460191727,1.3933006824935117
BH_s05_medium,18,115,21.833333333333332,-0.6800844669342041,1.0523245599967646
BH_s05_medium,18,116,21.866666666666667,-0.8463578224182129,0.6414795890485375
BH_s05_medium,18,117,21.9,-0.8451765775680542,0.2566106852319169
BH_s05_medium,18,118,21.933333333333334,-0.5824556350708008,-0.04141301143423438
BH_s05_medium,18,119,21.966666666666665,-0.4077232778072357,-0.24255082223597207
BH_s05_medium,18,120,22.0,-0.4034620523452759,-0.38090449518644043
BH_s05_medium,18,121,22.033333333333335,-0.4920412003993988,-0.5091109913030591
BH_s05_medium,18,122,22.066666666666666,-0.6576604843139648,-0.6661256257903153
BH_s05_medium,18,123,22.1,-0.8323928713798523,-0.8535128066254936
BH_s05_medium,18,124,22.133333333333333,-1.095704436302185,-1.030549693083957
BH_s05_medium,18,125,22.166666666666668,-1.359015941619873,-1.1295066179823612
BH_s05_medium,18,126,22.2,-1.3778327703475952,-1.0843640733810385
BH_s05_medium,18,127,22.233333333333334,-1.029611587524414,-0.8613568792723273
BH_s05_medium,18,128,22.266666666666666,-0.028554538264870644,-0.4788541263222073
BH_s05_medium,18,129,22.3,1.1684776544570923,-0.007727090967719543
BH_s05_medium,18,130,22.333333333333332,1.9262824058532715,0.449106652693223
BH_s05_medium,18,131,22.366666666666667,1.8777616024017334,0.7905135924611859
BH_s05_medium,18,132,22.4,1.1927958726882935,0.9506983396066203
BH_s05_medium,18,133,22.433333333333334,0.4077131152153015,0.9187133971290377
BH_s05_medium,18,134,22.466666666666665,-0.3294406533241272,0.736800527539997
BH_s05_medium,18,135,22.5,-0.848784863948822,0.47990342844405953
BH_s05_medium,18,136,22.533333333333335,-1.0235161781311035,0.225887932884385
BH_s05_medium,18,137,22.566666666666666,-0.8536345362663269,0.0284560383687405
BH_s05_medium,18,138,22.6,-0.5423950552940369,-0.0975202284776487
BH_s05_medium,18,139,22.633333333333333,-0.3676626682281494,-0.1738310557568239
BH_s05_medium,18,140,22.666666666666668,-0.34825634956359863,-0.2417541242799916
BH_s05_medium,18,141,22.7,-0.43440958857536316,-0.33732618853260476
BH_s05_medium,18,142,22.733333333333334,-0.6091419458389282,-0.4698668035728478
BH_s05_medium,18,143,22.766666666666666,-0.7838743329048157,-0.6133021912151727
BH_s05_medium,18,144,22.8,-0.9586067199707031,-0.7136990832992386
BH_s05_medium,18,145,22.833333333333332,-1.0235161781311035,-0.7093711982864344
BH_s05_medium,18,146,22.866666666666667,-0.7710862755775452,-0.5559300644772726
BH_s05_medium,18,147,22.9,0.06559835374355316,-0.24754215361021015
BH_s05_medium,18,148,22.933333333333334,1.27475905418396,0.17380652519467027
BH_s05_medium,18,149,22.966666666666665,2.099834680557251,0.626028707459221
BH_s05_medium,18,150,23.0,2.2265701293945312,1.0102019090217456
BH_s05_medium,18,151,23.033333333333335,1.6071056127548218,1.2410190392492833
BH_s05_medium,18,152,23.066666666666666,0.8153344988822937,1.2724503335274422
BH_s05_medium,18,153,23.1,0.033924538642168045,1.1085794525471533
BH_s05_medium,18,154,23.133333333333333,-0.4902726411819458,0.7964433516139804
BH_s05_medium,18,155,23.166666666666668,-0.6661840677261353,0.40567013363206317
BH_s05_medium,18,156,23.2,-0.5860617160797119,0.004556099990292694
BH_s05_medium,18,157,23.233333333333334,-0.32275018095970154,-0.35773780100329694
BH_s05_medium,18,158,23.266666666666666,-0.14801780879497528,-0.6571935134743815
BH_s05_medium,18,159,23.3,-0.13772456347942352,-0.8891261848079245
BH_s05_medium,18,160,23.333333333333332,-0.299737811088562,-1.0552880282426584
BH_s05_medium,18,161,23.366666666666667,-0.545478343963623,-1.1510947016719626
BH_s05_medium,18,162,23.4,-0.7377817630767822,-1.1598533959982718
BH_s05_medium,18,163,23.433333333333334,-0.9125141501426697,-1.0574988490433492
BH_s05_medium,18,164,23.466666666666665,-0.9597858190536499,-0.8259201384558149
BH_s05_medium,18,165,23.5,-0.5125609636306763,-0.4683309661454051
BH_s05_medium,18,166,23.533333333333335,0.45158329606056213,-0.018867644513310924
BH_s05_medium,18,167,23.566666666666666,1.6182574033737183,0.4590856679226713
BH_s05_medium,18,168,23.6,2.1307809352874756,0.8867257915474452
BH_s05_medium,18,169,23.633333333333333,1.921952247619629,1.1913188719198473
BH_s05_medium,18,170,23.666666666666668,1.2108262777328491,1.3267776334064323
BH_s05_medium,18,171,23.7,0.38391321897506714,1.2845994258378293
BH_s05_medium,18,172,23.733333333333334,-0.18211424350738525,1.091044034842705
BH_s05_medium,18,173,23.766666666666666,-0.5339382290840149,0.7930343917435559
BH_s05_medium,18,174,23.8,-0.6297284364700317,0.440042632110586
BH_s05_medium,18,175,23.833333333333332,-0.41795089840888977,0.07019398765340466
BH_s05_medium,18,176,23.866666666666667,-0.19168449938297272,-0.29400467758196225
BH_s05_medium,18,177,23.9,-0.0491454117000103,-0.6399872452074538
BH_s05_medium,18,178,23.933333333333334,-0.07891279458999634,-0.9540692267236603
BH_s05_medium,18,179,23.966666666666665,-0.28098663687705994,-1.2117615415364855
BH_s05_medium,18,180,24.0,-0.5169567465782166,-1.3748253335869591
BH_s05_medium,18,181,24.033333333333335,-0.714178740978241,-1.3973962393682657
BH_s05_medium,18,182,24.066666666666666,-0.8664215207099915,-1.240672805556097
BH_s05_medium,18,183,24.1,-0.7934446334838867,-0.8922139456031374
BH_s05_medium,18,184,24.133333333333333,-0.04645368084311485,-0.3817268849139463
BH_s05_medium,18,185,24.166666666666668,1.103305697441101,0.21594154423360998
BH_s05_medium,18,186,24.2,2.1078343391418457,0.7951633282772408
BH_s05_medium,18,187,24.233333333333334,2.3266239166259766,1.2475757847245312
BH_s05_medium,18,188,24.266666666666666,1.8775635957717896,1.4933562957150606
BH_s05_medium,18,189,24.3,1.086972713470459,1.5034665817963624
BH_s05_medium,18,190,24.333333333333332,0.3025462031364441,1.3046056234583312
BH_s05_medium,18,191,24.366666666666667,-0.22276437282562256,0.9658546761963119
BH_s05_medium,18,192,24.4,-0.4034620523452759,0.5728433190257132
BH_s05_medium,18,193,24.433333333333334,-0.4100835621356964,0.19942890407340177
BH_s05_medium,18,194,24.466666666666665,-0.23535118997097015,-0.11261555392867297
BH_s05_medium,18,195,24.5,-0.0491454117000103,-0.35868742543378024
BH_s05_medium,18,196,24.533333333333335,-0.0491454117000103,-0.5600983791744844
BH_s05_medium,18,197,24.566666666666666,-0.19365325570106506,-0.74216802929716
BH_s05_medium,18,198,24.6,-0.3847108781337738,-0.9121429906390446
BH_s05_medium,18,199,24.633333333333333,-0.6268453598022461,-1.0476278743633267
BH_s05_medium,18,200,24.666666666666668,-0.8227548003196716,-1.1012771868812103
BH_s05_medium,18,201,24.7,-0.8463578224182129,-1.0200739894307815
BH_s05_medium,18,202,24.733333333333334,-0.36857810616493225,-0.7712436035077098
BH_s05_medium,18,203,24.766666666666666,0.5319014191627502,-0.3638169535339619
BH_s05_medium,18,204,24.8,1.6111764907836914,0.14409949386942458
BH_s05_medium,18,205,24.833333333333332,2.129601001739502,0.6570400717298599
BH_s05_medium,18,206,24.866666666666667,1.8369134664535522,1.0696239711084554
BH_s05_medium,18,207,24.9,1.1761425733566284,1.2995096555486008
BH_s05_medium,18,208,24.933333333333334,0.3886338174343109,1.3130989783169702
BH_s05_medium,18,209,24.966666666666665,-0.17857378721237183,1.1338202973976472
BH_s05_medium,18,210,25.0,-0.5327580571174622,0.82936573747581
BH_s05_medium,18,211,25.033333333333335,-0.6309086084365845,0.48291104049036737
BH_s05_medium,18,212,25.066666666666666,-0.45617619156837463,0.1609723861690814
BH_s05_medium,18,213,25.1,-0.3700229525566101,-0.10743599449951607
BH_s05_medium,18,214,25.133333333333333,-0.31488287448883057,-0.3315019181607647
BH_s05_medium,18,215,25.166666666666668,-0.4320492744445801,-0.5406186365972465
BH_s05_medium,18,216,25.2,-0.6329429745674133,-0.7580733297487824
BH_s05_medium,18,217,25.233333333333334,-0.8938285708427429,-0.9800530565890349
BH_s05_medium,18,218,25.266666666666666,-1.1334047317504883,-1.1699786017094893
BH_s05_medium,18,219,25.3,-1.28925359249115,-1.2702752785114417
BH_s05_medium,18,220,25.333333333333332,-1.2398808002471924,-1.2257466503780499
BH_s05_medium,18,221,25.366666666666667,-0.5850095152854919,-1.008095255721932
BH_s05_medium,18,222,25.4,0.3864113688468933,-0.6313656985132304
BH_s05_medium,18,223,25.433333333333334,1.4842396974563599,-0.15251532050909516
BH_s05_medium,18,224,25.466666666666665,1.8042629957199097,0.34236161357118244
BH_s05_medium,18,225,25.5,1.4350605010986328,0.760451077393627
BH_s05_medium,18,226,25.533333333333335,0.6499777436256409,1.025591725991065
BH_s05_medium,18,227,25.566666666666666,-0.04757371172308922,1.0959117885628502
BH_s05_medium,18,228,25.6,-0.6603500247001648,0.9716398363997991
BH_s05_medium,18,229,25.633333333333333,-0.9295612573623657,0.6920779779215485
BH_s05_medium,18,230,25.666666666666668,-0.9427386522293091,0.3235483082849451
BH_s05_medium,18,231,25.7,-0.7680062651634216,-0.057789431700726646
BH_s05_medium,18,232,25.733333333333334,-0.5932738780975342,-0.3833424884536908
BH_s05_medium,18,233,25.766666666666666,-0.5806203484535217,-0.6051943846604942
BH_s05_medium,18,234,25.8,-0.7402732968330383,-0.7021305586862112
BH_s05_medium,18,235,25.833333333333332,-0.9150056838989258,-0.678107911978123
BH_s05_medium,18,236,25.866666666666667,-1.0897380113601685,-0.5547885446136055
BH_s05_medium,18,237,25.9,-1.2644704580307007,-0.361356478282937
BH_s05_medium,18,238,25.933333333333334,-1.3778327703475952,-0.12565617509742527
BH_s05_medium,18,239,25.966666666666665,-1.2599445581436157,0.13005202353962403
BH_s05_medium,19,0,19.0,2.042266368865967,-0.055845911399940155
BH_s05_medium,19,1,19.033333333333335,1.5941895246505737,0.6010088445205561
BH_s05_medium,19,2,19.066666666666666,0.8952599763870239,1.1490670368843348
BH_s05_medium,19,3,19.1,0.19633041322231293,1.507002639266289
BH_s05_medium,19,4,19.133333333333333,-0.27587229013442993,1.6402496920354634
BH_s05_medium,19,5,19.166666666666668,-0.46968287229537964,1.566401033076863
BH_s05_medium,19,6,19.2,-0.36359721422195435,1.3437478474239863
BH_s05_medium,19,7,19.233333333333334,-0.12021807581186295,1.0476472390483498
BH_s05_medium,19,8,19.266666666666666,-0.034064847975969315,0.7443640049852296
BH_s05_medium,19,9,19.3,-0.0491454117000103,0.47246325765053027
BH_s05_medium,19,10,19.333333333333332,-0.069602832198143,0.23827699774046376
BH_s05_medium,19,11,19.366666666666667,-0.3226856589317322,0.02588402009392894
BH_s05_medium,19,12,19.4,-0.4088388979434967,-0.18424592579294002
BH_s05_medium,19,13,19.433333333333334,-0.5806203484535217,-0.3972953696627003
BH_s05_medium,19,14,19.466666666666665,-0.669199526309967,-0.5951280166780288
BH_s05_medium,19,15,19.5,-0.5825212597846985,-0.7399947626475466
BH_s05_medium,19,16,19.533333333333335,-0.06645282357931137,-0.7889405954950047
BH_s05_medium,19,17,19.566666666666666,0.9665350317955017,-0.7125224771470885
BH_s05_medium,19,18,19.6,2.1102612018585205,-0.5098413744860556
BH_s05_medium,19,19,19.633333333333333,2.5966246128082275,-0.21356307756206233
BH_s05_medium,19,20,19.666666666666668,2.207425355911255,0.11723212160751433
BH_s05_medium,19,21,19.7,1.5225262641906738,0.41379654284288114
BH_s05_medium,19,22,19.733333333333334,0.8235966563224792,0.6180628587676085
BH_s05_medium,19,23,19.766666666666666,0.2805171012878418,0.6992316554637513
BH_s05_medium,19,24,19.8,-0.02541114017367363,0.6602394075346155
BH_s05_medium,19,25,19.833333333333332,-0.0491454117000103,0.5316782775419795
BH_s05_medium,19,26,19.866666666666667,-0.0491454117000103,0.3566135990923523
BH_s05_medium,19,27,19.9,0.03943374752998352,0.1737128750799798
BH_s05_medium,19,28,19.933333333333334,0.03943374752998352,0.005393981126766054
BH_s05_medium,19,29,19.966666666666665,-0.0491454117000103,-0.1457799784988201
BH_s05_medium,19,30,20.0,-0.27659305930137634,-0.29235874538612966
BH_s05_medium,19,31,20.033333333333335,-0.4034620523452759,-0.4510077076644347
BH_s05_medium,19,32,20.066666666666666,-0.4920412003993988,-0.6291704578549197
BH_s05_medium,19,33,20.1,-0.5350527167320251,-0.8145620441068673
BH_s05_medium,19,34,20.133333333333333,-0.6212059855461121,-0.9725246112134919
BH_s05_medium,19,35,20.166666666666668,-0.6310398578643799,-1.0538310194449059
BH_s05_medium,19,36,20.2,-0.26052701473236084,-1.011062568284212
BH_s05_medium,19,37,20.233333333333334,0.7154843807220459,-0.8176239056670944
BH_s05_medium,19,38,20.266666666666666,1.907729148864746,-0.482118110310967
BH_s05_medium,19,39,20.3,2.5196502208709717,-0.05222487097567919
BH_s05_medium,19,40,20.333333333333332,2.326950788497925,0.3945709571416488
BH_s05_medium,19,41,20.366666666666667,1.604417085647583,0.7715585371735796
BH_s05_medium,19,42,20.4,0.7519333958625793,1.0081117972449223
BH_s05_medium,19,43,20.433333333333334,0.090508371591568,1.0706758725316272
BH_s05_medium,19,44,20.466666666666665,-0.24263006448745728,0.971849986962032
BH_s05_medium,19,45,20.5,-0.4034620523452759,0.7642478979044321
BH_s05_medium,19,46,20.533333333333335,-0.3034084141254425,0.5207834897388689
BH_s05_medium,19,47,20.566666666666666,-0.13772456347942352,0.30784378063264567
BH_s05_medium,19,48,20.6,-0.1443472057580948,0.16143524772613813
BH_s05_medium,19,49,20.633333333333333,-0.31907957792282104,0.07632029016295094
BH_s05_medium,19,50,20.666666666666668,-0.4938119947910309,0.013087826987316838
BH_s05_medium,19,51,20.7,-0.7564683556556702,-0.07964359520548309
BH_s05_medium,19,52,20.733333333333334,-0.9318559169769287,-0.23724097390166374
BH_s05_medium,19,53,20.766666666666666,-1.0235161781311035,-0.45720646717190483
BH_s05_medium,19,54,20.8,-1.1927415132522583,-0.693006047909635
BH_s05_medium,19,55,20.833333333333332,-1.2006744146347046,-0.8669289882071818
BH_s05_medium,19,56,20.866666666666667,-1.124880075454712,-0.8978190675516748
BH_s05_medium,19,57,20.9,-0.3909364640712738,-0.7336014924449503
BH_s05_medium,19,58,20.933333333333334,0.7131896615028381,-0.37638765414683073
BH_s05_medium,19,59,20.966666666666665,1.7992832660675049,0.10991468707586628
BH_s05_medium,19,60,21.0,2.1653335094451904,0.6138879134632829
BH_s05_medium,19,61,21.033333333333335,1.7335163354873657,1.0094629592958302
BH_s05_medium,19,62,21.066666666666666,0.9733479022979736,1.1965470772490767
BH_s05_medium,19,63,21.1,0.1584988534450531,1.134452866262806
BH_s05_medium,19,64,21.133333333333333,-0.30688542127609253,0.8547395906541829
BH_s05_medium,19,65,21.166666666666668,-0.6345813870429993,0.4477549914933637
BH_s05_medium,19,66,21.2,-0.6176643967628479,0.028294402698616647
BH_s05_medium,19,67,21.233333333333334,-0.3938228487968445,-0.30529611959072234
BH_s05_medium,19,68,21.266666666666666,-0.17962048947811127,-0.5023162292222345
BH_s05_medium,19,69,21.3,-0.13772456347942352,-0.5701489602190564
BH_s05_medium,19,70,21.333333333333332,-0.22630372643470764,-0.5620173217545057
BH_s05_medium,19,71,21.366666666666667,-0.4428675174713135,-0.5489165477465832
BH_s05_medium,19,72,21.4,-0.6545794606208801,-0.5875235143688939
BH_s05_medium,19,73,21.433333333333334,-0.8809114694595337,-0.695850693723248
BH_s05_medium,19,74,21.466666666666665,-1.0556437969207764,-0.8444045313393633
BH_s05_medium,19,75,21.5,-1.2006744146347046,-0.9650300528892194
BH_s05_medium,19,76,21.533333333333335,-1.1733986139297485,-0.9745462040404681
BH_s05_medium,19,77,21.566666666666666,-0.8106874823570251,-0.8060870698614375
BH_s05_medium,19,78,21.6,0.10782238841056824,-0.43794150760562295
BH_s05_medium,19,79,21.633333333333333,1.3995301723480225,0.09092123375151814
BH_s05_medium,19,80,21.666666666666668,2.182905673980713,0.6860479625386524
BH_s05_medium,19,81,21.7,2.1198949813842773,1.2234447688087804
BH_s05_medium,19,82,21.733333333333334,1.4816781282424927,1.5874067642774736
BH_s05_medium,19,83,21.766666666666666,0.6080161929130554,1.7059843563234538
BH_s05_medium,19,84,21.8,-0.08061904460191727,1.5712877043680844
BH_s05_medium,19,85,21.833333333333332,-0.6800844669342041,1.2381201794446766
BH_s05_medium,19,86,21.866666666666667,-0.8463578224182129,0.801850786089229
BH_s05_medium,19,87,21.9,-0.8451765775680542,0.36356123114454914
BH_s05_medium,19,88,21.933333333333334,-0.5824556350708008,-0.0040064804150584735
BH_s05_medium,19,89,21.966666666666665,-0.4077232778072357,-0.27579431680198585
BH_s05_medium,19,90,22.0,-0.4034620523452759,-0.4717177451613244
BH_s05_medium,19,91,22.033333333333335,-0.4920412003993988,-0.6347607384004315
BH_s05_medium,19,92,22.066666666666666,-0.6576604843139648,-0.8011502215638716
BH_s05_medium,19,93,22.1,-0.8323928713798523,-0.9766363702930567
BH_s05_medium,19,94,22.133333333333333,-1.095704436302185,-1.1291354750494234
BH_s05_medium,19,95,22.166666666666668,-1.359015941619873,-1.2003240150022663
BH_s05_medium,19,96,22.2,-1.3778327703475952,-1.1310269309400989
BH_s05_medium,19,97,22.233333333333334,-1.029611587524414,-0.8899652867883909
BH_s05_medium,19,98,22.266666666666666,-0.028554538264870644,-0.49394295375319647
BH_s05_medium,19,99,22.3,1.1684776544570923,-0.01038492730367522
BH_s05_medium,19,100,22.333333333333332,1.9262824058532715,0.46030884158263324
BH_s05_medium,19,101,22.366666666666667,1.8777616024017334,0.8168199671428341
BH_s05_medium,19,102,22.4,1.1927958726882935,0.9907605273701557
BH_s05_medium,19,103,22.433333333333334,0.4077131152153015,0.9682382520593186
BH_s05_medium,19,104,22.466666666666665,-0.3294406533241272,0.7905631667466152
BH_s05_medium,19,105,22.5,-0.848784863948822,0.5347974751843962
BH_s05_medium,19,106,22.533333333333335,-1.0235161781311035,0.28296745616879254
BH_s05_medium,19,107,22.566666666666666,-0.8536345362663269,0.09253210749489277
BH_s05_medium,19,108,22.6,-0.5423950552940369,-0.020733133682856557
BH_s05_medium,19,109,22.633333333333333,-0.3676626682281494,-0.08166847394856816
BH_s05_medium,19,110,22.666666666666668,-0.34825634956359863,-0.13775919068878445
BH_s05_medium,19,111,22.7,-0.43440958857536316,-0.23211762966418048
BH_s05_medium,19,112,22.733333333333334,-0.6091419458389282,-0.3791775783966888
BH_s05_medium,19,113,22.766666666666666,-0.7838743329048157,-0.5537267986450706
BH_s05_medium,19,114,22.8,-0.9586067199707031,-0.6976072836814052
BH_s05_medium,19,115,22.833333333333332,-1.0235161781311035,-0.7408838295369645
BH_s05_medium,19,116,22.866666666666667,-0.7710862755775452,-0.6295289351045862
BH_s05_medium,19,117,22.9,0.06559835374355316,-0.34991659201046804
BH_s05_medium,19,118,22.933333333333334,1.27475905418396,0.059231890973647616
BH_s05_medium,19,119,22.966666666666665,2.099834680557251,0.5134343915625617
BH_s05_medium,19,120,23.0,2.2265701293945312,0.9067662695138033
BH_s05_medium,19,121,23.033333333333335,1.6071056127548218,1.145457637729068
BH_s05_medium,19,122,23.066666666666666,0.8153344988822937,1.1776324626605505
BH_s05_medium,19,123,23.1,0.033924538642168045,1.0072165334185075
BH_s05_medium,19,124,23.133333333333333,-0.4902726411819458,0.6871340144930689
BH_s05_medium,19,125,23.166666666666668,-0.6661840677261353,0.29618527440016523
BH_s05_medium,19,126,23.2,-0.5860617160797119,-0.089396347451889
BH_s05_medium,19,127,23.233333333333334,-0.32275018095970154,-0.4176605842614052
BH_s05_medium,19,128,23.266666666666666,-0.14801780879497528,-0.6683813601900803
BH_s05_medium,19,129,23.3,-0.13772456347942352,-0.8458142487922302
BH_s05_medium,19,130,23.333333333333332,-0.299737811088562,-0.9625153247631846
BH_s05_medium,19,131,23.366666666666667,-0.545478343963623,-1.0230662250609137
BH_s05_medium,19,132,23.4,-0.7377817630767822,-1.0159280055584095
BH_s05_medium,19,133,23.433333333333334,-0.9125141501426697,-0.917477892615584
BH_s05_medium,19,134,23.466666666666665,-0.9597858190536499,-0.706111824734205
BH_s05_medium,19,135,23.5,-0.5125609636306763,-0.37923502314624585
BH_s05_medium,19,136,23.533333333333335,0.45158329606056213,0.03538334804561413
BH_s05_medium,19,137,23.566666666666666,1.6182574033737183,0.4798858021875042
BH_s05_medium,19,138,23.6,2.1307809352874756,0.87927012157325
BH_s05_medium,19,139,23.633333333333333,1.921952247619629,1.1624657478806593
BH_s05_medium,19,140,23.666666666666668,1.2108262777328491,1.2829765064775025
BH_s05_medium,19,141,23.7,0.38391321897506714,1.2304059456517686
BH_s05_medium,19,142,23.733333333333334,-0.18211424350738525,1.028616242635162
BH_s05_medium,19,143,23.766666666666666,-0.5339382290840149,0.7226870141167854
BH_s05_medium,19,144,23.8,-0.6297284364700317,0.3616492598387821
BH_s05_medium,19,145,23.833333333333332,-0.41795089840888977,-0.014924583238659953
BH_s05_medium,19,146,23.866666666666667,-0.19168449938297272,-0.38116628999435254
BH_s05_medium,19,147,23.9,-0.0491454117000103,-0.7197646277456387
BH_s05_medium,19,148,23.933333333333334,-0.07891279458999634,-1.0120245389928741
BH_s05_medium,19,149,23.966666666666665,-0.28098663687705994,-1.2297827063403626
BH_s05_medium,19,150,24.0,-0.5169567465782166,-1.3342718684776949
BH_s05_medium,19,151,24.033333333333335,-0.714178740978241,-1.2837918469643048
BH_s05_medium,19,152,24.066666666666666,-0.8664215207099915,-1.0490417988455425
BH_s05_medium,19,153,24.1,-0.7934446334838867,-0.6315006293796719
BH_s05_medium,19,154,24.133333333333333,-0.04645368084311485,-0.07639668196965971
BH_s05_medium,19,155,24.166666666666668,1.103305697441101,0.5285388162893409
BH_s05_medium,19,156,24.2,2.1078343391418457,1.0715519627799655
BH_s05_medium,19,157,24.233333333333334,2.3266239166259766,1.447055826297436
BH_s05_medium,19,158,24.266666666666666,1.8775635957717896,1.5861655072400738
BH_s05_medium,19,159,24.3,1.086972713470459,1.4758587643464767
BH_s05_medium,19,160,24.333333333333332,0.3025462031364441,1.159879097836259
BH_s05_medium,19,161,24.366666666666667,-0.22276437282562256,0.721770350990967
BH_s05_medium,19,162,24.4,-0.4034620523452759,0.25681805435569055
BH_s05_medium,19,163,24.433333333333334,-0.4100835621356964,-0.1567972172912478
BH_s05_medium,19,164,24.466666666666665,-0.23535118997097015,-0.47740476526362113
BH_s05_medium,19,165,24.5,-0.0491454117000103,-0.7032381175382074
BH_s05_medium,19,166,24.533333333333335,-0.0491454117000103,-0.8594776309103666
BH_s05_medium,19,167,24.566666666666666,-0.19365325570106506,-0.9752589887460936
BH_s05_medium,19,168,24.6,-0.3847108781337738,-1.0614060859255012
BH_s05_medium,19,169,24.633333333333333,-0.6268453598022461,-1.0995354263174022
BH_s05_medium,19,170,24.666666666666668,-0.8227548003196716,-1.048038385890443
BH_s05_medium,19,171,24.7,-0.8463578224182129,-0.8627338873154341
BH_s05_medium,19,172,24.733333333333334,-0.36857810616493225,-0.5232894509926764
BH_s05_medium,19,173,24.766666666666666,0.5319014191627502,-0.053452096084087034
BH_s05_medium,19,174,24.8,1.6111764907836914,0.47504085805634033
BH_s05_medium,19,175,24.833333333333332,2.129601001739502,0.9585003441379857
BH_s05_medium,19,176,24.866666666666667,1.8369134664535522,1.2920528065061816
BH_s05_medium,19,177,24.9,1.1761425733566284,1.4032087705536462
BH_s05_medium,19,178,24.933333333333334,0.3886338174343109,1.2751980970637984
BH_s05_medium,19,179,24.966666666666665,-0.17857378721237183,0.9510465994893473
BH_s05_medium,19,180,25.0,-0.5327580571174622,0.5163122189099472
BH_s05_medium,19,181,25.033333333333335,-0.6309086084365845,0.06694558066917569
BH_s05_medium,19,182,25.066666666666666,-0.45617619156837463,-0.32369297706919187
BH_s05_medium,19,183,25.1,-0.3700229525566101,-0.6234882097451138
BH_s05_medium,19,184,25.133333333333333,-0.31488287448883057,-0.8385712885089778
BH_s05_medium,19,185,25.166666666666668,-0.4320492744445801,-0.9928902899599891
BH_s05_medium,19,186,25.2,-0.6329429745674133,-1.1024657767283121
BH_s05_medium,19,187,25.233333333333334,-0.8938285708427429,-1.1577096065306982
BH_s05_medium,19,188,25.266666666666666,-1.1334047317504883,-1.1225079304847356
BH_s05_medium,19,189,25.3,-1.28925359249115,-0.9505940123446825
BH_s05_medium,19,190,25.333333333333332,-1.2398808002471924,-0.6115141477545445
BH_s05_medium,19,191,25.366666666666667,-0.5850095152854919,-0.11380704146357049
BH_s05_medium,19,192,25.4,0.3864113688468933,0.48589738825743367
BH_s05_medium,19,193,25.433333333333334,1.4842396974563599,1.092602136278118
BH_s05_medium,19,194,25.466666666666665,1.8042629957199097,1.5972988497007803
BH_s05_medium,19,195,25.5,1.4350605010986328,1.9057048061013322
BH_s05_medium,19,196,25.533333333333335,0.6499777436256409,1.9612312339980804
BH_s05_medium,19,197,25.566666666666666,-0.04757371172308922,1.7561901969115477
BH_s05_medium,19,198,25.6,-0.6603500247001648,1.3297492636972377
BH_s05_medium,19,199,25.633333333333333,-0.9295612573623657,0.7548329027992311
BH_s05_medium,19,200,25.666666666666668,-0.9427386522293091,0.1190312095899249
BH_s05_medium,19,201,25.7,-0.7680062651634216,-0.49420827067923234
BH_s05_medium,19,202,25.733333333333334,-0.5932738780975342,-1.0188997168845757
BH_s05_medium,19,203,25.766666666666666,-0.5806203484535217,-1.411875424857658
BH_s05_medium,19,204,25.8,-0.7402732968330383,-1.6508371004295141
BH_s05_medium,19,205,25.833333333333332,-0.9150056838989258,-1.728149342349943
BH_s05_medium,19,206,25.866666666666667,-1.0897380113601685,-1.6444122470974147
BH_s05_medium,19,207,25.9,-1.2644704580307007,-1.4054462547142264
BH_s05_medium,19,208,25.933333333333334,-1.3778327703475952,-1.0246865145255466
BH_s05_medium,19,209,25.966666666666665,-1.2599445581436157,-0.5300015308410726
BH_s05_medium,19,210,26.0,-0.5072486400604248,0.029610250255064974
BH_s05_medium,19,211,26.033333333333335,0.5952380299568176,0.5836422838977596
BH_s05_medium,19,212,26.066666666666666,1.5747865438461304,1.049978657850809
BH_s05_medium,19,213,26.1,1.850355625152588,1.353617359194559
BH_s05_medium,19,214,26.133333333333333,1.4048359394073486,1.4471595523403797
BH_s05_medium,19,215,26.166666666666668,0.7032824754714966,1.3241584379887483
BH_s05_medium,19,216,26.2,0.09070414304733276,1.019935994391386
BH_s05_medium,19,217,26.233333333333334,-0.3939563035964966,0.600106297639058
BH_s05_medium,19,218,26.266666666666666,-0.5806203484535217,0.14103828837033563
BH_s05_medium,19,219,26.3,-0.5806203484535217,-0.2910380042936125
BH_s05_medium,19,220,26.333333333333332,-0.45978227257728577,-0.6541676547170291
BH_s05_medium,19,221,26.366666666666667,-0.31488287448883057,-0.9322988125955577
BH_s05_medium,19,222,26.4,-0.31488287448883057,-1.125623553523998
BH_s05_medium,19,223,26.433333333333334,-0.42844319343566895,-1.236903944744486
BH_s05_medium,19,224,26.466666666666665,-0.6917547583580017,-1.261223790904704
BH_s05_medium,19,225,26.5,-0.8664871454238892,-1.1832232682319461
BH_s05_medium,19,226,26.533333333333335,-1.0412194728851318,-0.982977934764614
BH_s05_medium,19,227,26.566666666666666,-1.1273727416992188,-0.6489289635647645
BH_s05_medium,19,228,26.6,-1.0735408067703247,-0.19260419596349995
BH_s05_medium,19,229,26.633333333333333,-0.439913272857666,0.3424273860682583
BH_s05_medium,19,230,26.666666666666668,0.6269062757492065,0.8833393614715335
BH_s05_medium,19,231,26.7,1.650579810142517,1.3437249134928717
BH_s05_medium,19,232,26.733333333333334,1.9818795919418335,1.6476497058310775
BH_s05_medium,19,233,26.766666666666666,1.5423918962478638,1.7531344067374897
BH_s05_medium,19,234,26.8,0.843462347984314,1.6648446046115877
BH_s05_medium,19,235,26.833333333333332,0.14040283858776093,1.429392103820549
BH_s05_medium,19,236,26.866666666666667,-0.2952151596546173,1.1146163694187836
BH_s05_medium,19,237,26.9,-0.5716385245323181,0.7821588401700396
BH_s05_medium,19,238,26.933333333333334,-0.5806203484535217,0.4658668489390713
BH_s05_medium,19,239,26.966666666666665,-0.4172957241535187,0.1656739727984448
BH_s05_medium,20,0,20.0,-0.27659305930137634,-0.012207383884380966
BH_s05_medium,20,1,20.033333333333335,-0.4034620523452759,0.22324429377857313
BH_s05_medium,20,2,20.066666666666666,-0.4920412003993988,0.3637790985917003
BH_s05_medium,20,3,20.1,-0.5350527167320251,0.35424897074165673
BH_s05_medium,20,4,20.133333333333333,-0.6212059855461121,0.20396330653219788
BH_s05_medium,20,5,20.166666666666668,-0.6310398578643799,-0.015378504664538325
BH_s05_medium,20,6,20.2,-0.26052701473236084,-0.19785288689689937
BH_s05_medium,20,7,20.233333333333334,0.7154843807220459,-0.2456366686236654
BH_s05_medium,20,8,20.266666666666666,1.907729148864746,-0.10811989711648098
BH_s05_medium,20,9,20.3,2.5196502208709717,0.19736999425442234
BH_s05_medium,20,10,20.333333333333332,2.326950788497925,0.5910287517556754
BH_s05_medium,20,11,20.366666666666667,1.604417085647583,0.9598275334395505
BH_s05_medium,20,12,20.4,0.7519333958625793,1.1983945770263746
BH_s05_medium,20,13,20.433333333333334,0.090508371591568,1.244878217138542
BH_s05_medium,20,14,20.466666666666665,-0.24263006448745728,1.0985485209526744
BH_s05_medium,20,15,20.5,-0.4034620523452759,0.8142465865550331
BH_s05_medium,20,16,20.533333333333335,-0.3034084141254425,0.47739090523335753
BH_s05_medium,20,17,20.566666666666666,-0.13772456347942352,0.16980310918457367
BH_s05_medium,20,18,20.6,-0.1443472057580948,-0.060095477737358925
BH_s05_medium,20,19,20.633333333333333,-0.31907957792282104,-0.21094370438350904
BH_s05_medium,20,20,20.666666666666668,-0.4938119947910309,-0.3212063581529101
BH_s05_medium,20,21,20.7,-0.7564683556556702,-0.44516968862710715
BH_s05_medium,20,22,20.733333333333334,-0.9318559169769287,-0.6227692655105262
BH_s05_medium,20,23,20.766666666666666,-1.0235161781311035,-0.8557827860454206
BH_s05_medium,20,24,20.8,-1.1927415132522583,-1.100159116834196
BH_s05_medium,20,25,20.833333333333332,-1.2006744146347046,-1.278038094835096
BH_s05_medium,20,26,20.866666666666667,-1.124880075454712,-1.3055352685221209
BH_s05_medium,20,27,20.9,-0.3909364640712738,-1.1262422517371236
BH_s05_medium,20,28,20.933333333333334,0.7131896615028381,-0.7378220338227095
BH_s05_medium,20,29,20.966666666666665,1.7992832660675049,-0.2010418326224108
BH_s05_medium,20,30,21.0,2.1653335094451904,0.3734181423422086
BH_s05_medium,20,31,21.033333333333335,1.7335163354873657,0.85701243407268
BH_s05_medium,20,32,21.066666666666666,0.9733479022979736,1.143584757985789
BH_s05_medium,20,33,21.1,0.1584988534450531,1.183306559960707
BH_s05_medium,20,34,21.133333333333333,-0.30688542127609253,0.9971638302925219
BH_s05_medium,20,35,21.166666666666668,-0.6345813870429993,0.6658710415448997
BH_s05_medium,20,36,21.2,-0.6176643967628479,0.2975931816732514
BH_s05_medium,20,37,21.233333333333334,-0.3938228487968445,-0.012145709015112924
BH_s05_medium,20,38,21.266666666666666,-0.17962048947811127,-0.2121317640343517
BH_s05_medium,20,39,21.3,-0.13772456347942352,-0.30683940558761436
BH_s05_medium,20,40,21.333333333333332,-0.22630372643470764,-0.3448794813361992
BH_s05_medium,20,41,21.366666666666667,-0.4428675174713135,-0.39127565790934893
BH_s05_medium,20,42,21.4,-0.6545794606208801,-0.4956463438139632
BH_s05_medium,20,43,21.433333333333334,-0.8809114694595337,-0.6683317108027245
BH_s05_medium,20,44,21.466666666666665,-1.0556437969207764,-0.8723425046670379
BH_s05_medium,20,45,21.5,-1.2006744146347046,-1.0332831797531226
BH_s05_medium,20,46,21.533333333333335,-1.1733986139297485,-1.064212145332313
BH_s05_medium,20,47,21.566666666666666,-0.8106874823570251,-0.8980209661959281
BH_s05_medium,20,48,21.6,0.10782238841056824,-0.5165477181305903
BH_s05_medium,20,49,21.633333333333333,1.3995301723480225,0.03488573005590305
BH_s05_medium,20,50,21.666666666666668,2.182905673980713,0.6548104971258104
BH_s05_medium,20,51,21.7,2.1198949813842773,1.2140321401226752
BH_s05_medium,20,52,21.733333333333334,1.4816781282424927,1.5952119877447852
BH_s05_medium,20,53,21.766666666666666,0.6080161929130554,1.7285918336327515
BH_s05_medium,20,54,21.8,-0.08061904460191727,1.6109226717618024
BH_s05_medium,20,55,21.833333333333332,-0.6800844669342041,1.3016090686316737
BH_s05_medium,20,56,21.866666666666667,-0.8463578224182129,0.8979269448221779
BH_s05_medium,20,57,21.9,-0.8451765775680542,0.4983162385953136
BH_s05_medium,20,58,21.933333333333334,-0.5824556350708008,0.16792527658679277
BH_s05_medium,20,59,21.966666666666665,-0.4077232778072357,-0.07928746222923483
BH_s05_medium,20,60,22.0,-0.4034620523452759,-0.2743132359170188
BH_s05_medium,20,61,22.033333333333335,-0.4920412003993988,-0.4662501708970063
BH_s05_medium,20,62,22.066666666666666,-0.6576604843139648,-0.6885112410452957
BH_s05_medium,20,63,22.1,-0.8323928713798523,-0.9349408955494518
BH_s05_medium,20,64,22.133333333333333,-1.095704436302185,-1.1567683910739261
BH_s05_medium,20,65,22.166666666666668,-1.359015941619873,-1.280773822429849
BH_s05_medium,20,66,22.2,-1.3778327703475952,-1.2401967625967343
BH_s05_medium,20,67,22.233333333333334,-1.029611587524414,-1.0055714337555557
BH_s05_medium,20,68,22.266666666666666,-0.028554538264870644,-0.6030465160191847
BH_s05_medium,20,69,22.3,1.1684776544570923,-0.11230917492461
BH_s05_medium,20,70,22.333333333333332,1.9262824058532715,0.3562980733272048
BH_s05_medium,20,71,22.366666666666667,1.8777616024017334,0.6976174849943146
BH_s05_medium,20,72,22.4,1.1927958726882935,0.8465798474401612
BH_s05_medium,20,73,22.433333333333334,0.4077131152153015,0.7980283996147992
BH_s05_medium,20,74,22.466666666666665,-0.3294406533241272,0.6039580230607254
BH_s05_medium,20,75,22.5,-0.848784863948822,0.35041596282383397
BH_s05_medium,20,76,22.533333333333335,-1.0235161781311035,0.12402893606959024
BH_s05_medium,20,77,22.566666666666666,-0.8536345362663269,-0.01883518553955906
BH_s05_medium,20,78,22.6,-0.5423950552940369,-0.06912654908454614
BH_s05_medium,20,79,22.633333333333333,-0.3676626682281494,-0.06268042773250528
BH_s05_medium,20,80,22.666666666666668,-0.34825634956359863,-0.059625203440792425
BH_s05_medium,20,81,22.7,-0.43440958857536316,-0.11391516665481322
BH_s05_medium,20,82,22.733333333333334,-0.6091419458389282,-0.24590364540822793
BH_s05_medium,20,83,22.766666666666666,-0.7838743329048157,-0.4299727645723285
BH_s05_medium,20,84,22.8,-0.9586067199707031,-0.6021066399643621
BH_s05_medium,20,85,22.833333333333332,-1.0235161781311035,-0.6835454257892678
BH_s05_medium,20,86,22.866666666666667,-0.7710862755775452,-0.6112741184694856
BH_s05_medium,20,87,22.9,0.06559835374355316,-0.36450012057804804
BH_s05_medium,20,88,22.933333333333334,1.27475905418396,0.022727015294577824
BH_s05_medium,20,89,22.966666666666665,2.099834680557251,0.4684070184861159
BH_s05_medium,20,90,23.0,2.2265701293945312,0.8672867509080734
BH_s05_medium,20,91,23.033333333333335,1.6071056127548218,1.124237511885851
BH_s05_medium,20,92,23.066666666666666,0.8153344988822937,1.1835115255783695
BH_s05_medium,20,93,23.1,0.033924538642168045,1.0429385035976793
BH_s05_medium,20,94,23.133333333333333,-0.4902726411819458,0.7487261298448795
BH_s05_medium,20,95,23.166666666666668,-0.6661840677261353,0.37468553896155377
BH_s05_medium,20,96,23.2,-0.5860617160797119,-0.004373134415539444
BH_s05_medium,20,97,23.233333333333334,-0.32275018095970154,-0.33409632170592285
BH_s05_medium,20,98,23.266666666666666,-0.14801780879497528,-0.5895488318831169
BH_s05_medium,20,99,23.3,-0.13772456347942352,-0.7704668601772298
BH_s05_medium,20,100,23.333333333333332,-0.299737811088562,-0.887206517987541
BH_s05_medium,20,101,23.366666666666667,-0.545478343963623,-0.9452177008887223
BH_s05_medium,20,102,23.4,-0.7377817630767822,-0.9362433933576522
BH_s05_medium,20,103,23.433333333333334,-0.9125141501426697,-0.8410283196566051
BH_s05_medium,20,104,23.466666666666665,-0.9597858190536499,-0.6420379795676513
BH_s05_medium,20,105,23.5,-0.5125609636306763,-0.3391835354969363
BH_s05_medium,20,106,23.533333333333335,0.45158329606056213,0.03985997091475252
BH_s05_medium,20,107,23.566666666666666,1.6182574033737183,0.44043168295722723
BH_s05_medium,20,108,23.6,2.1307809352874756,0.793487367797534
BH_s05_medium,20,109,23.633333333333333,1.921952247619629,1.0354540287324414
BH_s05_medium,20,110,23.666666666666668,1.2108262777328491,1.1271122407206138
BH_s05_medium,20,111,23.7,0.38391321897506714,1.0634219104189797
BH_s05_medium,20,112,23.733333333333334,-0.18211424350738525,0.8706082824658451
BH_s05_medium,20,113,23.766666666666666,-0.5339382290840149,0.5929045096427448
BH_s05_medium,20,114,23.8,-0.6297284364700317,0.27570943559816596
BH_s05_medium,20,115,23.833333333333332,-0.41795089840888977,-0.047165962299782364
BH_s05_medium,20,116,23.866666666666667,-0.19168449938297272,-0.3570440585341227
BH_s05_medium,20,117,23.9,-0.0491454117000103,-0.6444092560825028
BH_s05_medium,20,118,23.933333333333334,-0.07891279458999634,-0.8979618088621213
BH_s05_medium,20,119,23.966666666666665,-0.28098663687705994,-1.0954128534469412
BH_s05_medium,20,120,24.0,-0.5169567465782166,-1.2011839617256734
BH_s05_medium,20,121,24.033333333333335,-0.714178740978241,-1.1730893414400096
BH_s05_medium,20,122,24.066666666666666,-0.8664215207099915,-0.977460592908534
BH_s05_medium,20,123,24.1,-0.7934446334838867,-0.6086712712683765
BH_s05_medium,20,124,24.133333333333333,-0.04645368084311485,-0.10431231358211109
BH_s05_medium,20,125,24.166666666666668,1.103305697441101,0.45400436947807277
BH_s05_medium,20,126,24.2,2.1078343391418457,0.9584652005932338
BH_s05_medium,20,127,24.233333333333334,2.3266239166259766,1.3061715375918808
BH_s05_medium,20,128,24.266666666666666,1.8775635957717896,1.4310366936140388
BH_s05_medium,20,129,24.3,1.086972713470459,1.3232231024754337
BH_s05_medium,20,130,24.333333333333332,0.3025462031364441,1.0288517497792002
BH_s05_medium,20,131,24.366666666666667,-0.22276437282562256,0.6313269614409196
BH_s05_medium,20,132,24.4,-0.4034620523452759,0.2221890955596195
BH_s05_medium,20,133,24.433333333333334,-0.4100835621356964,-0.12768230808112982
BH_s05_medium,20,134,24.466666666666665,-0.23535118997097015,-0.38627930891251
BH_s05_medium,20,135,24.5,-0.0491454117000103,-0.5618062802925761
BH_s05_medium,20,136,24.533333333333335,-0.0491454117000103,-0.6873806811163422
BH_s05_medium,20,137,24.566666666666666,-0.19365325570106506,-0.796186705296567
BH_s05_medium,20,138,24.6,-0.3847108781337738,-0.8985343019704304
BH_s05_medium,20,139,24.633333333333333,-0.6268453598022461,-0.9717195687690144
BH_s05_medium,20,140,24.666666666666668,-0.8227548003196716,-0.9677832935445139
BH_s05_medium,20,141,24.7,-0.8463578224182129,-0.8360841530185793
BH_s05_medium,20,142,24.733333333333334,-0.36857810616493225,-0.5509492165622464
BH_s05_medium,20,143,24.766666666666666,0.5319014191627502,-0.13206217669749407
BH_s05_medium,20,144,24.8,1.6111764907836914,0.35235042805917516
BH_s05_medium,20,145,24.833333333333332,2.129601001739502,0.8025183524989393
BH_s05_medium,20,146,24.866666666666667,1.8369134664535522,1.1182855921776103
BH_s05_medium,20,147,24.9,1.1761425733566284,1.231983848181934
BH_s05_medium,20,148,24.933333333333334,0.3886338174343109,1.1301461652744675
BH_s05_medium,20,149,24.966666666666665,-0.17857378721237183,0.855843846961606
BH_s05_medium,20,150,25.0,-0.5327580571174622,0.49052581527456873
BH_s05_medium,20,151,25.033333333333335,-0.6309086084365845,0.12223431505626937
BH_s05_medium,20,152,25.066666666666666,-0.45617619156837463,-0.18624593891663146
BH_s05_medium,20,153,25.1,-0.3700229525566101,-0.41478541992993945
BH_s05_medium,20,154,25.133333333333333,-0.31488287448883057,-0.581335961730052
BH_s05_medium,20,155,25.166666666666668,-0.4320492744445801,-0.7190407015833775
BH_s05_medium,20,156,25.2,-0.6329429745674133,-0.8477015922187437
BH_s05_medium,20,157,25.233333333333334,-0.8938285708427429,-0.9546579492888928
BH_s05_medium,20,158,25.266666666666666,-1.1334047317504883,-0.9949002916855282
BH_s05_medium,20,159,25.3,-1.28925359249115,-0.9104991752907325
BH_s05_medium,20,160,25.333333333333332,-1.2398808002471924,-0.6601020699869868
BH_s05_medium,20,161,25.366666666666667,-0.5850095152854919,-0.2444269609161217
BH_s05_medium,20,162,25.4,0.3864113688468933,0.28455489977982346
BH_s05_medium,20,163,25.433333333333334,1.4842396974563599,0.835213301329557
BH_s05_medium,20,164,25.466666666666665,1.8042629957199097,1.3028065296579214
BH_s05_medium,20,165,25.5,1.4350605010986328,1.5987189402938955
BH_s05_medium,20,166,25.533333333333335,0.6499777436256409,1.6713834781823729
BH_s05_medium,20,167,25.566666666666666,-0.04757371172308922,1.513982267237675
BH_s05_medium,20,168,25.6,-0.6603500247001648,1.159863339860272
BH_s05_medium,20,169,25.633333333333333,-0.9295612573623657,0.6699706538267326
BH_s05_medium,20,170,25.666666666666668,-0.9427386522293091,0.1174700437454714
BH_s05_medium,20,171,25.7,-0.7680062651634216,-0.42612609001516866
BH_s05_medium,20,172,25.733333333333334,-0.5932738780975342,-0.9007398108761325
BH_s05_medium,20,173,25.766666666666666,-0.5806203484535217,-1.2625674538311953
BH_s05_medium,20,174,25.8,-0.7402732968330383,-1.4845096607766948
BH_s05_medium,20,175,25.833333333333332,-0.9150056838989258,-1.5536991784381913
BH_s05_medium,20,176,25.866666666666667,-1.0897380113601685,-1.468268741349054
BH_s05_medium,20,177,25.9,-1.2644704580307007,-1.2356541694815457
BH_s05_medium,20,178,25.933333333333334,-1.3778327703475952,-0.8739977308691549
BH_s05_medium,20,179,25.966666666666665,-1.2599445581436157,-0.416080292255144
BH_s05_medium,20,180,26.0,-0.5072486400604248,0.08773434882777043
BH_s05_medium,20,181,26.033333333333335,0.5952380299568176,0.5722923543184304
BH_s05_medium,20,182,26.066666666666666,1.5747865438461304,0.9685334235424196
BH_s05_medium,20,183,26.1,1.850355625152588,1.2198803953091948
BH_s05_medium,20,184,26.133333333333333,1.4048359394073486,1.29724050967149
BH_s05_medium,20,185,26.166666666666668,0.7032824754714966,1.205543821127528
BH_s05_medium,20,186,26.2,0.09070414304733276,0.9793845732622035
BH_s05_medium,20,187,26.233333333333334,-0.3939563035964966,0.6705628333819514
BH_s05_medium,20,188,26.266666666666666,-0.5806203484535217,0.3323009818197605
BH_s05_medium,20,189,26.3,-0.5806203484535217,0.005199015104395388
BH_s05_medium,20,190,26.333333333333332,-0.45978227257728577,-0.2895362143423176
BH_s05_medium,20,191,26.366666666666667,-0.31488287448883057,-0.5462982940411787
BH_s05_medium,20,192,26.4,-0.31488287448883057,-0.7638204509271479
BH_s05_medium,20,193,26.433333333333334,-0.42844319343566895,-0.9342440148153986
BH_s05_medium,20,194,26.466666666666665,-0.6917547583580017,-1.0384018754045128
BH_s05_medium,20,195,26.5,-0.8664871454238892,-1.048488559326981
BH_s05_medium,20,196,26.533333333333335,-1.0412194728851318,-0.9369806475571272
BH_s05_medium,20,197,26.566666666666666,-1.1273727416992188,-0.6896058797468986
BH_s05_medium,20,198,26.6,-1.0735408067703247,-0.31789901369242707
BH_s05_medium,20,199,26.633333333333333,-0.439913272857666,0.1346438905384349
BH_s05_medium,20,200,26.666666666666668,0.6269062757492065,0.5970260288349364
BH_s05_medium,20,201,26.7,1.650579810142517,0.9859188593380077
BH_s05_medium,20,202,26.733333333333334,1.9818795919418335,1.2275042098071516
BH_s05_medium,20,203,26.766666666666666,1.5423918962478638,1.2789128911730434
BH_s05_medium,20,204,26.8,0.843462347984314,1.141075143646351
BH_s05_medium,20,205,26.833333333333332,0.14040283858776093,0.8572041201452026
BH_s05_medium,20,206,26.866666666666667,-0.2952151596546173,0.49712862460344
BH_s05_medium,20,207,26.9,-0.5716385245323181,0.13400014715864034
BH_s05_medium,20,208,26.933333333333334,-0.5806203484535217,-0.17719329328817568
BH_s05_medium,20,209,26.966666666666665,-0.4172957241535187,-0.41141012123601106
BH_s05_medium,20,210,27.0,-0.31488287448883057,-0.5724643908726808
BH_s05_medium,20,211,27.033333333333335,-0.31488287448883057,-0.6813463582277488
BH_s05_medium,20,212,27.066666666666666,-0.47092974185943604,-0.7600166085633959
BH_s05_medium,20,213,27.1,-0.6456621289253235,-0.8176139872567545
BH_s05_medium,20,214,27.133333333333333,-0.8203945159912109,-0.8441954236958509
BH_s05_medium,20,215,27.166666666666668,-0.9951269030570984,-0.8140253538644273
BH_s05_medium,20,216,27.2,-1.1120953559875488,-0.6973663789142566
BH_s05_medium,20,217,27.233333333333334,-1.2006744146347046,-0.47677543882895934
BH_s05_medium,20,218,27.266666666666666,-1.0948501825332642,-0.16135491663065782
BH_s05_medium,20,219,27.3,-0.41676852107048035,0.20799124702168423
BH_s05_medium,20,220,27.333333333333332,0.6415930986404419,0.5661226592187214
BH_s05_medium,20,221,27.366666666666667,1.639237642288208,0.8421845929390751
BH_s05_medium,20,222,27.4,1.9449667930603027,0.981777111251882
BH_s05_medium,20,223,27.433333333333334,1.5593078136444092,0.9637557431927338
BH_s05_medium,20,224,27.466666666666665,0.8603782653808594,0.8058893953693589
BH_s05_medium,20,225,27.5,0.19737932085990906,0.5585246235581041
BH_s05_medium,20,226,27.533333333333335,-0.2047339826822281,0.2886131219957211
BH_s05_medium,20,227,27.566666666666666,-0.4920412003993988,0.05862554671208201
BH_s05_medium,20,228,27.6,-0.5519675016403198,-0.09278939233847781
BH_s05_medium,20,229,27.633333333333333,-0.3772351145744324,-0.16098951189859867
BH_s05_medium,20,230,27.666666666666668,-0.29108187556266785,-0.1721752071745715
BH_s05_medium,20,231,27.7,-0.24767880141735077,-0.16832971640126093
BH_s05_medium,20,232,27.733333333333334,-0.4224112033843994,-0.18682682133287903
BH_s05_medium,20,233,27.766666666666666,-0.5971435904502869,-0.2435715730750981
BH_s05_medium,20,234,27.8,-0.7718759775161743,-0.32698011651660247
BH_s05_medium,20,235,27.833333333333332,-0.9466083645820618,-0.4050559717619993
BH_s05_medium,20,236,27.866666666666667,-1.1120953559875488,-0.441429392632572
BH_s05_medium,20,237,27.9,-1.2006744146347046,-0.41221711492417795
BH_s05_medium,20,238,27.933333333333334,-1.196280837059021,-0.31631429652916493
BH_s05_medium,20,239,27.966666666666665,-0.9270663857460022,-0.17581933095055244
BH_s05_medium,21,0,21.0,2.1653335094451904,-0.029159104173621556
BH_s05_medium,21,1,21.033333333333335,1.7335163354873657,0.4899473490133883
BH_s05_medium,21,2,21.066666666666666,0.9733479022979736,0.9054828395229158
BH_s05_medium,21,3,21.1,0.1584988534450531,1.148054157568288
BH_s05_medium,21,4,21.133333333333333,-0.30688542127609253,1.2013268080559658
BH_s05_medium,21,5,21.166666666666668,-0.6345813870429993,1.1025093430457529
BH_s05_medium,21,6,21.2,-0.6176643967628479,0.9221305854788936
BH_s05_medium,21,7,21.233333333333334,-0.3938228487968445,0.7327017930966708
BH_s05_medium,21,8,21.266666666666666,-0.17962048947811127,0.5805269700358142
BH_s05_medium,21,9,21.3,-0.13772456347942352,0.472159123687872
BH_s05_medium,21,10,21.333333333333332,-0.22630372643470764,0.37933500288699973
BH_s05_medium,21,11,21.366666666666667,-0.4428675174713135,0.25802988897912355
BH_s05_medium,21,12,21.4,-0.6545794606208801,0.07238666891483296
BH_s05_medium,21,13,21.433333333333334,-0.8809114694595337,-0.1860454827706185
BH_s05_medium,21,14,21.466666666666665,-1.0556437969207764,-0.4901061447414214
BH_s05_medium,21,15,21.5,-1.2006744146347046,-0.7817822857600492
BH_s05_medium,21,16,21.533333333333335,-1.1733986139297485,-0.9881678273165324
BH_s05_medium,21,17,21.566666666666666,-0.8106874823570251,-1.043997069180098
BH_s05_medium,21,18,21.6,0.10782238841056824,-0.9138677362896171
BH_s05_medium,21,19,21.633333333333333,1.3995301723480225,-0.6066277688467516
BH_s05_medium,21,20,21.666666666666668,2.182905673980713,-0.17643339866801208
BH_s05_medium,21,21,21.7,2.1198949813842773,0.29060097095771864
BH_s05_medium,21,22,21.733333333333334,1.4816781282424927,0.7000099797634036
BH_s05_medium,21,23,21.766666666666666,0.6080161929130554,0.9749825421289446
BH_s05_medium,21,24,21.8,-0.08061904460191727,1.0763178967405542
BH_s05_medium,21,25,21.833333333333332,-0.6800844669342041,1.009966124443637
BH_s05_medium,21,26,21.866666666666667,-0.8463578224182129,0.8195042173042217
BH_s05_medium,21,27,21.9,-0.8451765775680542,0.5660964458226698
BH_s05_medium,21,28,21.933333333333334,-0.5824556350708008,0.30410657328795715
BH_s05_medium,21,29,21.966666666666665,-0.4077232778072357,0.06314120078838134
BH_s05_medium,21,30,22.0,-0.4034620523452759,-0.1556727399252041
BH_s05_medium,21,31,22.033333333333335,-0.4920412003993988,-0.36855531620163434
BH_s05_medium,21,32,22.066666666666666,-0.6576604843139648,-0.589921244551274
BH_s05_medium,21,33,22.1,-0.8323928713798523,-0.8155890894261646
BH_s05_medium,21,34,22.133333333333333,-1.095704436302185,-1.0165225731468086
BH_s05_medium,21,35,22.166666666666668,-1.359015941619873,-1.1455888349217096
BH_s05_medium,21,36,22.2,-1.3778327703475952,-1.1542551364787006
BH_s05_medium,21,37,22.233333333333334,-1.029611587524414,-1.0125053037278133
BH_s05_medium,21,38,22.266666666666666,-0.028554538264870644,-0.7240706136292435
BH_s05_medium,21,39,22.3,1.1684776544570923,-0.3305839480328657
BH_s05_medium,21,40,22.333333333333332,1.9262824058532715,0.0978007397251156
BH_s05_medium,21,41,22.366666666666667,1.8777616024017334,0.48252044231775965
BH_s05_medium,21,42,22.4,1.1927958726882935,0.7599598967724467
BH_s05_medium,21,43,22.433333333333334,0.4077131152153015,0.8989014680692492
BH_s05_medium,21,44,22.466666666666665,-0.3294406533241272,0.9055083372482788
BH_s05_medium,21,45,22.5,-0.848784863948822,0.8147181617560034
BH_s05_medium,21,46,22.533333333333335,-1.0235161781311035,0.6724805192761529
BH_s05_medium,21,47,22.566666666666666,-0.8536345362663269,0.516614639286058
BH_s05_medium,21,48,22.6,-0.5423950552940369,0.3640459419356931
BH_s05_medium,21,49,22.633333333333333,-0.3676626682281494,0.2092473688159482
BH_s05_medium,21,50,22.666666666666668,-0.34825634956359863,0.03415824573470817
BH_s05_medium,21,51,22.7,-0.43440958857536316,-0.1750388790403569
BH_s05_medium,21,52,22.733333333333334,-0.6091419458389282,-0.4124035260790872
BH_s05_medium,21,53,22.766666666666666,-0.7838743329048157,-0.6457738121060903
BH_s05_medium,21,54,22.8,-0.9586067199707031,-0.8224744673352049
BH_s05_medium,21,55,22.833333333333332,-1.0235161781311035,-0.8847869115947226
BH_s05_medium,21,56,22.866666666666667,-0.7710862755775452,-0.7898116950243188
BH_s05_medium,21,57,22.9,0.06559835374355316,-0.5274436163681316
BH_s05_medium,21,58,22.933333333333334,1.27475905418396,-0.12997242885415985
BH_s05_medium,21,59,22.966666666666665,2.099834680557251,0.33153673775208664
BH_s05_medium,21,60,23.0,2.2265701293945312,0.7643921632766719
BH_s05_medium,21,61,23.033333333333335,1.6071056127548218,1.0796437282496185
BH_s05_medium,21,62,23.066666666666666,0.8153344988822937,1.2166326786637733
BH_s05_medium,21,63,23.1,0.033924538642168045,1.157773604459119
BH_s05_medium,21,64,23.133333333333333,-0.4902726411819458,0.9286701626504028
BH_s05_medium,21,65,23.166666666666668,-0.6661840677261353,0.5848177423658731
BH_s05_medium,21,66,23.2,-0.5860617160797119,0.19151134051503743
BH_s05_medium,21,67,23.233333333333334,-0.32275018095970154,-0.1944734932672765
BH_s05_medium,21,68,23.266666666666666,-0.14801780879497528,-0.5351254981634539
BH_s05_medium,21,69,23.3,-0.13772456347942352,-0.811539825639985
BH_s05_medium,21,70,23.333333333333332,-0.299737811088562,-1.0165884771544473
BH_s05_medium,21,71,23.366666666666667,-0.545478343963623,-1.1448354349358314
BH_s05_medium,21,72,23.4,-0.7377817630767822,-1.1855814458495857
BH_s05_medium,21,73,23.433333333333334,-0.9125141501426697,-1.1232337367958076
BH_s05_medium,21,74,23.466666666666665,-0.9597858190536499,-0.9449617712723235
BH_s05_medium,21,75,23.5,-0.5125609636306763,-0.6513854596193399
BH_s05_medium,21,76,23.533333333333335,0.45158329606056213,-0.26449060206602193
BH_s05_medium,21,77,23.566666666666666,1.6182574033737183,0.17161419988210852
BH_s05_medium,21,78,23.6,2.1307809352874756,0.5982617282676477
BH_s05_medium,21,79,23.633333333333333,1.921952247619629,0.9555801274364144
BH_s05_medium,21,80,23.666666666666668,1.2108262777328491,1.1963970790929412
BH_s05_medium,21,81,23.7,0.38391321897506714,1.2952564434506342
BH_s05_medium,21,82,23.733333333333334,-0.18211424350738525,1.2497718743040525
BH_s05_medium,21,83,23.766666666666666,-0.5339382290840149,1.0753358219891829
BH_s05_medium,21,84,23.8,-0.6297284364700317,0.7969100897782139
BH_s05_medium,21,85,23.833333333333332,-0.41795089840888977,0.4422568846718541
BH_s05_medium,21,86,23.866666666666667,-0.19168449938297272,0.03957574095914335
BH_s05_medium,21,87,23.9,-0.0491454117000103,-0.3803333529981465
BH_s05_medium,21,88,23.933333333333334,-0.07891279458999634,-0.780249950763022
BH_s05_medium,21,89,23.966666666666665,-0.28098663687705994,-1.1150396447813615
BH_s05_medium,21,90,24.0,-0.5169567465782166,-1.3349229997708352
BH_s05_medium,21,91,24.033333333333335,-0.714178740978241,-1.3936807036029832
BH_s05_medium,21,92,24.066666666666666,-0.8664215207099915,-1.2606961481297105
BH_s05_medium,21,93,24.1,-0.7934446334838867,-0.9341518303503
BH_s05_medium,21,94,24.133333333333333,-0.04645368084311485,-0.45003431666569926
BH_s05_medium,21,95,24.166666666666668,1.103305697441101,0.11907986640043333
BH_s05_medium,21,96,24.2,2.1078343391418457,0.6776885941358347
BH_s05_medium,21,97,24.233333333333334,2.3266239166259766,1.1298032101732531
BH_s05_medium,21,98,24.266666666666666,1.8775635957717896,1.4024845960148347
BH_s05_medium,21,99,24.3,1.086972713470459,1.462493132272051
BH_s05_medium,21,100,24.333333333333332,0.3025462031364441,1.3210286687799488
BH_s05_medium,21,101,24.366666666666667,-0.22276437282562256,1.0258620610515328
BH_s05_medium,21,102,24.4,-0.4034620523452759,0.6439872224776142
BH_s05_medium,21,103,24.433333333333334,-0.4100835621356964,0.24073768978083274
BH_s05_medium,21,104,24.466666666666665,-0.23535118997097015,-0.13720024262649486
BH_s05_medium,21,105,24.5,-0.0491454117000103,-0.4685366735184965
BH_s05_medium,21,106,24.533333333333335,-0.0491454117000103,-0.751776619802441
BH_s05_medium,21,107,24.566666666666666,-0.19365325570106506,-0.9908198208155068
BH_s05_medium,21,108,24.6,-0.3847108781337738,-1.1795944366530708
BH_s05_medium,21,109,24.633333333333333,-0.6268453598022461,-1.2940867677983905
BH_s05_medium,21,110,24.666666666666668,-0.8227548003196716,-1.29639615765813
BH_s05_medium,21,111,24.7,-0.8463578224182129,-1.1496336164716376
BH_s05_medium,21,112,24.733333333333334,-0.36857810616493225,-0.837548785395573
BH_s05_medium,21,113,24.766666666666666,0.5319014191627502,-0.3803368974941683
BH_s05_medium,21,114,24.8,1.6111764907836914,0.16118971663840428
BH_s05_medium,21,115,24.833333333333332,2.129601001739502,0.6966843092382033
BH_s05_medium,21,116,24.866666666666667,1.8369134664535522,1.129685933593677
BH_s05_medium,21,117,24.9,1.1761425733566284,1.3848295105393709
BH_s05_medium,21,118,24.933333333333334,0.3886338174343109,1.4285533895927305
BH_s05_medium,21,119,24.966666666666665,-0.17857378721237183,1.2755256817244847
BH_s05_medium,21,120,25.0,-0.5327580571174622,0.9784798581086179
BH_s05_medium,21,121,25.033333333333335,-0.6309086084365845,0.6059317633072167
BH_s05_medium,21,122,25.066666666666666,-0.45617619156837463,0.2178770635840287
BH_s05_medium,21,123,25.1,-0.3700229525566101,-0.14944482996131647
BH_s05_medium,21,124,25.133333333333333,-0.31488287448883057,-0.4837368103105171
BH_s05_medium,21,125,25.166666666666668,-0.4320492744445801,-0.7839028156693788
BH_s05_medium,21,126,25.2,-0.6329429745674133,-1.0428671222215091
BH_s05_medium,21,127,25.233333333333334,-0.8938285708427429,-1.236078872967693
BH_s05_medium,21,128,25.266666666666666,-1.1334047317504883,-1.3223335454158114
BH_s05_medium,21,129,25.3,-1.28925359249115,-1.2570865813902061
BH_s05_medium,21,130,25.333333333333332,-1.2398808002471924,-1.0122820567884836
BH_s05_medium,21,131,25.366666666666667,-0.5850095152854919,-0.5935248073323245
BH_s05_medium,21,132,25.4,0.3864113688468933,-0.0464970403134333
BH_s05_medium,21,133,25.433333333333334,1.4842396974563599,0.5505265825591602
BH_s05_medium,21,134,25.466666666666665,1.8042629957199097,1.10469042977618
BH_s05_medium,21,135,25.5,1.4350605010986328,1.5295164588656984
BH_s05_medium,21,136,25.533333333333335,0.6499777436256409,1.7617263453089702
BH_s05_medium,21,137,25.566666666666666,-0.04757371172308922,1.7703913171726335
BH_s05_medium,21,138,25.6,-0.6603500247001648,1.5583942893563152
BH_s05_medium,21,139,25.633333333333333,-0.9295612573623657,1.1581842034547591
BH_s05_medium,21,140,25.666666666666668,-0.9427386522293091,0.624216797322584
BH_s05_medium,21,141,25.7,-0.7680062651634216,0.02394636455795411
BH_s05_medium,21,142,25.733333333333334,-0.5932738780975342,-0.5714203450496864
BH_s05_medium,21,143,25.766666666666666,-0.5806203484535217,-1.095469448369883
BH_s05_medium,21,144,25.8,-0.7402732968330383,-1.4934157383990585
BH_s05_medium,21,145,25.833333333333332,-0.9150056838989258,-1.7263596993819958
BH_s05_medium,21,146,25.866666666666667,-1.0897380113601685,-1.7728786476339218
BH_s05_medium,21,147,25.9,-1.2644704580307007,-1.6290049033013905
BH_s05_medium,21,148,25.933333333333334,-1.3778327703475952,-1.3083010786716118
BH_s05_medium,21,149,25.966666666666665,-1.2599445581436157,-0.8429381711752113
BH_s05_medium,21,150,26.0,-0.5072486400604248,-0.284460087093114
BH_s05_medium,21,151,26.033333333333335,0.5952380299568176,0.29887869616917667
BH_s05_medium,21,152,26.066666666666666,1.5747865438461304,0.8307525569064489
BH_s05_medium,21,153,26.1,1.850355625152588,1.2407862155491154
BH_s05_medium,21,154,26.133333333333333,1.4048359394073486,1.4794136711586834
BH_s05_medium,21,155,26.166666666666668,0.7032824754714966,1.527556250332881
BH_s05_medium,21,156,26.2,0.09070414304733276,1.3976786406616422
BH_s05_medium,21,157,26.233333333333334,-0.3939563035964966,1.126697936915147
BH_s05_medium,21,158,26.266666666666666,-0.5806203484535217,0.7635204958213645
BH_s05_medium,21,159,26.3,-0.5806203484535217,0.3554834780826085
BH_s05_medium,21,160,26.333333333333332,-0.45978227257728577,-0.060570675040001576
BH_s05_medium,21,161,26.366666666666667,-0.31488287448883057,-0.45849482338778486
BH_s05_medium,21,162,26.4,-0.31488287448883057,-0.8161498699338743
BH_s05_medium,21,163,26.433333333333334,-0.42844319343566895,-1.108272019146887
BH_s05_medium,21,164,26.466666666666665,-0.6917547583580017,-1.3038835355627725
BH_s05_medium,21,165,26.5,-0.8664871454238892,-1.369250917404163
BH_s05_medium,21,166,26.533333333333335,-1.0412194728851318,-1.2756941014286292
BH_s05_medium,21,167,26.566666666666666,-1.1273727416992188,-1.0108675127874929
BH_s05_medium,21,168,26.6,-1.0735408067703247,-0.5899914180397341
BH_s05_medium,21,169,26.633333333333333,-0.439913272857666,-0.06162944631321364
BH_s05_medium,21,170,26.666666666666668,0.6269062757492065,0.4963967647288016
BH_s05_medium,21,171,26.7,1.650579810142517,0.9917937468195175
BH_s05_medium,21,172,26.733333333333334,1.9818795919418335,1.3398226664475383
BH_s05_medium,21,173,26.766666666666666,1.5423918962478638,1.4855669649336185
BH_s05_medium,21,174,26.8,0.843462347984314,1.4180779846563436
BH_s05_medium,21,175,26.833333333333332,0.14040283858776093,1.1704176617171251
BH_s05_medium,21,176,26.866666666666667,-0.2952151596546173,0.8055806185252161
BH_s05_medium,21,177,26.9,-0.5716385245323181,0.3945189063592513
BH_s05_medium,21,178,26.933333333333334,-0.5806203484535217,-0.004605421666747542
BH_s05_medium,21,179,26.966666666666665,-0.4172957241535187,-0.3582199102076747
BH_s05_medium,21,180,27.0,-0.31488287448883057,-0.6569758132768344
BH_s05_medium,21,181,27.033333333333335,-0.31488287448883057,-0.9053478750472884
BH_s05_medium,21,182,27.066666666666666,-0.47092974185943604,-1.10720799123016
BH_s05_medium,21,183,27.1,-0.6456621289253235,-1.254305303573326
BH_s05_medium,21,184,27.133333333333333,-0.8203945159912109,-1.3225402368753498
BH_s05_medium,21,185,27.166666666666668,-0.9951269030570984,-1.2775351615321884
BH_s05_medium,21,186,27.2,-1.1120953559875488,-1.087900963994496
BH_s05_medium,21,187,27.233333333333334,-1.2006744146347046,-0.7419000415832375
BH_s05_medium,21,188,27.266666666666666,-1.0948501825332642,-0.2610106324092475
BH_s05_medium,21,189,27.3,-0.41676852107048035,0.29628468717173806
BH_s05_medium,21,190,27.333333333333332,0.6415930986404419,0.8440669129313217
BH_s05_medium,21,191,27.366666666666667,1.639237642288208,1.2898558343070097
BH_s05_medium,21,192,27.4,1.9449667930603027,1.559210380319298
BH_s05_medium,21,193,27.433333333333334,1.5593078136444092,1.6146999813169296
BH_s05_medium,21,194,27.466666666666665,0.8603782653808594,1.4632783633790494
BH_s05_medium,21,195,27.5,0.19737932085990906,1.1512362287711029
BH_s05_medium,21,196,27.533333333333335,-0.2047339826822281,0.7491735454437616
BH_s05_medium,21,197,27.566666666666666,-0.4920412003993988,0.3314019710953721
BH_s05_medium,21,198,27.6,-0.5519675016403198,-0.04378978911244557
BH_s05_medium,21,199,27.633333333333333,-0.3772351145744324,-0.3461169213096184
BH_s05_medium,21,200,27.666666666666668,-0.29108187556266785,-0.573489439799551
BH_s05_medium,21,201,27.7,-0.24767880141735077,-0.7413277807284793
BH_s05_medium,21,202,27.733333333333334,-0.4224112033843994,-0.8663808781528514
BH_s05_medium,21,203,27.766666666666666,-0.5971435904502869,-0.9525319681933184
BH_s05_medium,21,204,27.8,-0.7718759775161743,-0.9850437561818102
BH_s05_medium,21,205,27.833333333333332,-0.9466083645820618,-0.9358769383363138
BH_s05_medium,21,206,27.866666666666667,-1.1120953559875488,-0.7776641374278797
BH_s05_medium,21,207,27.9,-1.2006744146347046,-0.500112813763611
BH_s05_medium,21,208,27.933333333333334,-1.196280837059021,-0.12185188223702242
BH_s05_medium,21,209,27.966666666666665,-0.9270663857460022,0.30722075219604755
BH_s05_medium,21,210,28.0,-0.051895059645175934,0.7145344627807378
BH_s05_medium,21,211,28.033333333333335,0.9079201221466064,1.0221027475899143
BH_s05_medium,21,212,28.066666666666666,1.7065073251724243,1.167184805870909
BH_s05_medium,21,213,28.1,1.7301738262176514,1.1196601872424963
BH_s05_medium,21,214,28.133333333333333,1.1430315971374512,0.8900794467777577
BH_s05_medium,21,215,28.166666666666668,0.3681107759475708,0.5253359526231612
BH_s05_medium,21,216,28.2,-0.18126221001148224,0.09354864788689495
BH_s05_medium,21,217,28.233333333333334,-0.6343199610710144,-0.335892419988082
BH_s05_medium,21,218,28.266666666666666,-0.8264921307563782,-0.7092963995144979
BH_s05_medium,21,219,28.3,-0.7800703048706055,-0.9967413942754116
BH_s05_medium,21,220,28.333333333333332,-0.605337917804718,-1.1902085995932592
BH_s05_medium,21,221,28.366666666666667,-0.5191847085952759,-1.2952472903399674
BH_s05_medium,21,222,28.4,-0.5510509610176086,-1.3210047438526538
BH_s05_medium,21,223,28.433333333333334,-0.7257833480834961,-1.2724090156866168
BH_s05_medium,21,224,28.466666666666665,-0.9890949130058289,-1.1467899258338565
BH_s05_medium,21,225,28.5,-1.1638273000717163,-0.9358366742150187
BH_s05_medium,21,226,28.533333333333335,-1.338559627532959,-0.6322979163429211
BH_s05_medium,21,227,28.566666666666666,-1.5132920742034912,-0.23922915020105065
BH_s05_medium,21,228,28.6,-1.6435703039169312,0.22177595208687229
BH_s05_medium,21,229,28.633333333333333,-1.6015419960021973,0.7074326022764597
BH_s05_medium,21,230,28.666666666666668,-1.0912419557571411,1.157703377032812
BH_s05_medium,21,231,28.7,-0.09182441979646683,1.508903587070826
BH_s05_medium,21,232,28.733333333333334,1.0103986263275146,1.711038474556737
BH_s05_medium,21,233,28.766666666666666,1.577604055404663,1.7427356280027815
BH_s05_medium,21,234,28.8,1.3969030380249023,1.6176215856660447
BH_s05_medium,21,235,28.833333333333332,0.8153344988822937,1.3790805789662626
BH_s05_medium,21,236,28.866666666666667,0.23003089427947998,1.0844729131836472
BH_s05_medium,21,237,28.9,-0.20558711886405945,0.7842674778956582
BH_s05_medium,21,238,28.933333333333334,-0.5324310660362244,0.5048781286420897
BH_s05_medium,21,239,28.966666666666665,-0.6514305472373962,0.2435644605685441
BH_s05_medium,22,0,22.0,-0.4034620523452759,0.012571756038277445
BH_s05_medium,22,1,22.033333333333335,-0.4920412003993988,0.18425675837397698
BH_s05_medium,22,2,22.066666666666666,-0.6576604843139648,0.2845263214350486
BH_s05_medium,22,3,22.1,-0.8323928713798523,0.27223243553530724
BH_s05_medium,22,4,22.133333333333333,-1.095704436302185,0.15598397191691463
BH_s05_medium,22,5,22.166666666666668,-1.359015941619873,-0.008337137530259624
BH_s05_medium,22,6,22.2,-1.3778327703475952,-0.14056666941036874
BH_s05_medium,22,7,22.233333333333334,-1.029611587524414,-0.16955966254514956
BH_s05_medium,22,8,22.266666666666666,-0.028554538264870644,-0.062448043996666654
BH_s05_medium,22,9,22.3,1.1684776544570923,0.1619807364531274
BH_s05_medium,22,10,22.333333333333332,1.9262824058532715,0.4406780697613253
BH_s05_medium,22,11,22.366666666666667,1.8777616024017334,0.6908050261158533
BH_s05_medium,22,12,22.4,1.1927958726882935,0.8404962692341079
BH_s05_medium,22,13,22.433333333333334,0.4077131152153015,0.8529426042997963
BH_s05_medium,22,14,22.466666666666665,-0.3294406533241272,0.734799731785221
BH_s05_medium,22,15,22.5,-0.848784863948822,0.5274596709566537
BH_s05_medium,22,16,22.533333333333335,-1.0235161781311035,0.286731142590435
BH_s05_medium,22,17,22.566666666666666,-0.8536345362663269,0.06027795415612569
BH_s05_medium,22,18,22.6,-0.5423950552940369,-0.12809804298586214
BH_s05_medium,22,19,22.633333333333333,-0.3676626682281494,-0.2817617109833951
BH_s05_medium,22,20,22.666666666666668,-0.34825634956359863,-0.42172157892712187
BH_s05_medium,22,21,22.7,-0.43440958857536316,-0.5691174250936633
BH_s05_medium,22,22,22.733333333333334,-0.6091419458389282,-0.7281492894340514
BH_s05_medium,22,23,22.766666666666666,-0.7838743329048157,-0.8776008484648646
BH_s05_medium,22,24,22.8,-0.9586067199707031,-0.9745988223034435
BH_s05_medium,22,25,22.833333333333332,-1.0235161781311035,-0.9687379387977364
BH_s05_medium,22,26,22.866666666666667,-0.7710862755775452,-0.8214219027553892
BH_s05_medium,22,27,22.9,0.06559835374355316,-0.5239850103057877
BH_s05_medium,22,28,22.933333333333334,1.27475905418396,-0.10783143691433746
BH_s05_medium,22,29,22.966666666666665,2.099834680557251,0.35850104331037014
BH_s05_medium,22,30,23.0,2.2265701293945312,0.7859002272411055
BH_s05_medium,22,31,23.033333333333335,1.6071056127548218,1.0896560939536533
BH_s05_medium,22,32,23.066666666666666,0.8153344988822937,1.2136091205985577
BH_s05_medium,22,33,23.1,0.033924538642168045,1.144230769879336
BH_s05_medium,22,34,23.133333333333333,-0.4902726411819458,0.9098358058385267
BH_s05_medium,22,35,23.166666666666668,-0.6661840677261353,0.5666450592745651
BH_s05_medium,22,36,23.2,-0.5860617160797119,0.17866164438755047
BH_s05_medium,22,37,23.233333333333334,-0.32275018095970154,-0.20003136499878185
BH_s05_medium,22,38,23.266666666666666,-0.14801780879497528,-0.5343158744237883
BH_s05_medium,22,39,23.3,-0.13772456347942352,-0.8068205041093399
BH_s05_medium,22,40,23.333333333333332,-0.299737811088562,-1.0093110480825724
BH_s05_medium,22,41,23.366666666666667,-0.545478343963623,-1.1324324909015575
BH_s05_medium,22,42,23.4,-0.7377817630767822,-1.1600370584047346
BH_s05_medium,22,43,23.433333333333334,-0.9125141501426697,-1.0718962714750124
BH_s05_medium,22,44,23.466666666666665,-0.9597858190536499,-0.8539179645062608
BH_s05_medium,22,45,23.5,-0.5125609636306763,-0.5106827571405397
BH_s05_medium,22,46,23.533333333333335,0.45158329606056213,-0.07366641896675263
BH_s05_medium,22,47,23.566666666666666,1.6182574033737183,0.3997342676085178
BH_s05_medium,22,48,23.6,2.1307809352874756,0.8373997678593317
BH_s05_medium,22,49,23.633333333333333,1.921952247619629,1.1703992658632705
BH_s05_medium,22,50,23.666666666666668,1.2108262777328491,1.3506834433542703
BH_s05_medium,22,51,23.7,0.38391321897506714,1.361434841731394
BH_s05_medium,22,52,23.733333333333334,-0.18211424350738525,1.216585108217114
BH_s05_medium,22,53,23.766666666666666,-0.5339382290840149,0.9511566527650719
BH_s05_medium,22,54,23.8,-0.6297284364700317,0.6077321929255006
BH_s05_medium,22,55,23.833333333333332,-0.41795089840888977,0.2251730055271302
BH_s05_medium,22,56,23.866666666666667,-0.19168449938297272,-0.16616633762898136
BH_s05_medium,22,57,23.9,-0.0491454117000103,-0.5421267907957822
BH_s05_medium,22,58,23.933333333333334,-0.07891279458999634,-0.8784831918788836
BH_s05_medium,22,59,23.966666666666665,-0.28098663687705994,-1.1455007834040885
BH_s05_medium,22,60,24.0,-0.5169567465782166,-1.306810586567895
BH_s05_medium,22,61,24.033333333333335,-0.714178740978241,-1.3240923114237826
BH_s05_medium,22,62,24.066666666666666,-0.8664215207099915,-1.1679075197864428
BH_s05_medium,22,63,24.1,-0.7934446334838867,-0.8327450972019675
BH_s05_medium,22,64,24.133333333333333,-0.04645368084311485,-0.3499673301131926
BH_s05_medium,22,65,24.166666666666668,1.103305697441101,0.2098207457286682
BH_s05_medium,22,66,24.2,2.1078343391418457,0.7495501305777531
BH_s05_medium,22,67,24.233333333333334,2.3266239166259766,1.1705057250890638
BH_s05_medium,22,68,24.266666666666666,1.8775635957717896,1.3997497973767203
BH_s05_medium,22,69,24.3,1.086972713470459,1.4092920874024668
BH_s05_medium,22,70,24.333333333333332,0.3025462031364441,1.2201447195382282
BH_s05_medium,22,71,24.366666666666667,-0.22276437282562256,0.8909420693390745
BH_s05_medium,22,72,24.4,-0.4034620523452759,0.49632640569169084
BH_s05_medium,22,73,24.433333333333334,-0.4100835621356964,0.1033268379143331
BH_s05_medium,22,74,24.466666666666665,-0.23535118997097015,-0.24572696752973466
BH_s05_medium,22,75,24.5,-0.0491454117000103,-0.5378014260751837
BH_s05_medium,22,76,24.533333333333335,-0.0491454117000103,-0.7803345300906231
BH_s05_medium,22,77,24.566666666666666,-0.19365325570106506,-0.9837879362273058
BH_s05_medium,22,78,24.6,-0.3847108781337738,-1.1444150558513984
BH_s05_medium,22,79,24.633333333333333,-0.6268453598022461,-1.2362601360287775
BH_s05_medium,22,80,24.666666666666668,-0.8227548003196716,-1.21716255943505
BH_s05_medium,22,81,24.7,-0.8463578224182129,-1.0469503903148876
BH_s05_medium,22,82,24.733333333333334,-0.36857810616493225,-0.7101897510476468
BH_s05_medium,22,83,24.766666666666666,0.5319014191627502,-0.2331317192694415
BH_s05_medium,22,84,24.8,1.6111764907836914,0.31394739338632455
BH_s05_medium,22,85,24.833333333333332,2.129601001739502,0.832015013975589
BH_s05_medium,22,86,24.866666666666667,1.8369134664535522,1.2211706664166222
BH_s05_medium,22,87,24.9,1.1761425733566284,1.4102723642322288
BH_s05_medium,22,88,24.933333333333334,0.3886338174343109,1.376910656983497
BH_s05_medium,22,89,24.966666666666665,-0.17857378721237183,1.1505319736914603
BH_s05_medium,22,90,25.0,-0.5327580571174622,0.79790564383002
BH_s05_medium,22,91,25.033333333333335,-0.6309086084365845,0.39697147674733657
BH_s05_medium,22,92,25.066666666666666,-0.45617619156837463,0.010361417218067655
BH_s05_medium,22,93,25.1,-0.3700229525566101,-0.32969483534604227
BH_s05_medium,22,94,25.133333333333333,-0.31488287448883057,-0.6191821816972889
BH_s05_medium,22,95,25.166666666666668,-0.4320492744445801,-0.8658457431118128
BH_s05_medium,22,96,25.2,-0.6329429745674133,-1.0685535089811884
BH_s05_medium,22,97,25.233333333333334,-0.8938285708427429,-1.204328122416462
BH_s05_medium,22,98,25.266666666666666,-1.1334047317504883,-1.230620505577012
BH_s05_medium,22,99,25.3,-1.28925359249115,-1.1024031681309723
BH_s05_medium,22,100,25.333333333333332,-1.2398808002471924,-0.7959465990936966
BH_s05_medium,22,101,25.366666666666667,-0.5850095152854919,-0.32748624838298845
BH_s05_medium,22,102,25.4,0.3864113688468933,0.24271745893279328
BH_s05_medium,22,103,25.433333333333334,1.4842396974563599,0.8232964960648993
BH_s05_medium,22,104,25.466666666666665,1.8042629957199097,1.3157506469278675
BH_s05_medium,22,105,25.5,1.4350605010986328,1.6390592240442037
BH_s05_medium,22,106,25.533333333333335,0.6499777436256409,1.7462988092951515
BH_s05_medium,22,107,25.566666666666666,-0.04757371172308922,1.6299372253411801
BH_s05_medium,22,108,25.6,-0.6603500247001648,1.317087999605473
BH_s05_medium,22,109,25.633333333333333,-0.9295612573623657,0.8585548577909375
BH_s05_medium,22,110,25.666666666666668,-0.9427386522293091,0.3162741793562151
BH_s05_medium,22,111,25.7,-0.7680062651634216,-0.24704416590426917
BH_s05_medium,22,112,25.733333333333334,-0.5932738780975342,-0.7742707890840597
BH_s05_medium,22,113,25.766666666666666,-0.5806203484535217,-1.2165508889401158
BH_s05_medium,22,114,25.8,-0.7402732968330383,-1.5340052622745401
BH_s05_medium,22,115,25.833333333333332,-0.9150056838989258,-1.6962635226549925
BH_s05_medium,22,116,25.866666666666667,-1.0897380113601685,-1.683980660265932
BH_s05_medium,22,117,25.9,-1.2644704580307007,-1.4917526557628513
BH_s05_medium,22,118,25.933333333333334,-1.3778327703475952,-1.1323215760357621
BH_s05_medium,22,119,25.966666666666665,-1.2599445581436157,-0.6407503661218621
BH_s05_medium,22,120,26.0,-0.5072486400604248,-0.07527371892769713
BH_s05_medium,22,121,26.033333333333335,0.5952380299568176,0.48884891998252616
BH_s05_medium,22,122,26.066666666666666,1.5747865438461304,0.9731646641983835
BH_s05_medium,22,123,26.1,1.850355625152588,1.3135704671242368
BH_s05_medium,22,124,26.133333333333333,1.4048359394073486,1.4745875727619582
BH_s05_medium,22,125,26.166666666666668,0.7032824754714966,1.4544404774113562
BH_s05_medium,22,126,26.2,0.09070414304733276,1.2797990640183121
BH_s05_medium,22,127,26.233333333333334,-0.3939563035964966,0.9936513934158261
BH_s05_medium,22,128,26.266666666666666,-0.5806203484535217,0.6411348621341105
BH_s05_medium,22,129,26.3,-0.5806203484535217,0.2580091332010409
BH_s05_medium,22,130,26.333333333333332,-0.45978227257728577,-0.13343865906562086
BH_s05_medium,22,131,26.366666666666667,-0.31488287448883057,-0.5187719925224041
BH_s05_medium,22,132,26.4,-0.31488287448883057,-0.8801552713474471
BH_s05_medium,22,133,26.433333333333334,-0.42844319343566895,-1.1877801869713578
BH_s05_medium,22,134,26.466666666666665,-0.6917547583580017,-1.3994547274317188
BH_s05_medium,22,135,26.5,-0.8664871454238892,-1.4683323786732567
BH_s05_medium,22,136,26.533333333333335,-1.0412194728851318,-1.3562372780538174
BH_s05_medium,22,137,26.566666666666666,-1.1273727416992188,-1.049241254689503
BH_s05_medium,22,138,26.6,-1.0735408067703247,-0.5703222427583267
BH_s05_medium,22,139,26.633333333333333,-0.439913272857666,0.017094477519287516
BH_s05_medium,22,140,26.666666666666668,0.6269062757492065,0.6185112829472325
BH_s05_medium,22,141,26.7,1.650579810142517,1.129491739624481
BH_s05_medium,22,142,26.733333333333334,1.9818795919418335,1.462474921173889
BH_s05_medium,22,143,26.766666666666666,1.5423918962478638,1.5702176334492868
BH_s05_medium,22,144,26.8,0.843462347984314,1.4570258000236114
BH_s05_medium,22,145,26.833333333333332,0.14040283858776093,1.1730625375510177
BH_s05_medium,22,146,26.866666666666667,-0.2952151596546173,0.7940170932860372
BH_s05_medium,22,147,26.9,-0.5716385245323181,0.3947251568296494
BH_s05_medium,22,148,26.933333333333334,-0.5806203484535217,0.027476231962234712
BH_s05_medium,22,149,26.966666666666665,-0.4172957241535187,-0.2870102528099186
BH_s05_medium,22,150,27.0,-0.31488287448883057,-0.5539793557343862
BH_s05_medium,22,151,27.033333333333335,-0.31488287448883057,-0.7887926827333055
BH_s05_medium,22,152,27.066666666666666,-0.47092974185943604,-0.9990572604987817
BH_s05_medium,22,153,27.1,-0.6456621289253235,-1.1728298785794673
BH_s05_medium,22,154,27.133333333333333,-0.8203945159912109,-1.2774524697522245
BH_s05_medium,22,155,27.166666666666668,-0.9951269030570984,-1.2690680002472494
BH_s05_medium,22,156,27.2,-1.1120953559875488,-1.109541606430663
BH_s05_medium,22,157,27.233333333333334,-1.2006744146347046,-0.7852403515463844
BH_s05_medium,22,158,27.266666666666666,-1.0948501825332642,-0.32053336032361884
BH_s05_medium,22,159,27.3,-0.41676852107048035,0.22062467428316365
BH_s05_medium,22,160,27.333333333333332,0.6415930986404419,0.7477876009306665
BH_s05_medium,22,161,27.366666666666667,1.639237642288208,1.1682471540434463
BH_s05_medium,22,162,27.4,1.9449667930603027,1.4131219171596268
BH_s05_medium,22,163,27.433333333333334,1.5593078136444092,1.454910242688305
BH_s05_medium,22,164,27.466666666666665,0.8603782653808594,1.3109119099966573
BH_s05_medium,22,165,27.5,0.19737932085990906,1.033364086456754
BH_s05_medium,22,166,27.533333333333335,-0.2047339826822281,0.6907586378781775
BH_s05_medium,22,167,27.566666666666666,-0.4920412003993988,0.34627685416625936
BH_s05_medium,22,168,27.6,-0.5519675016403198,0.04038769196710274
BH_s05_medium,22,169,27.633333333333333,-0.3772351145744324,-0.21602742819790044
BH_s05_medium,22,170,27.666666666666668,-0.29108187556266785,-0.43566553725182766
BH_s05_medium,22,171,27.7,-0.24767880141735077,-0.639100057630119
BH_s05_medium,22,172,27.733333333333334,-0.4224112033843994,-0.8366677557484516
BH_s05_medium,22,173,27.766666666666666,-0.5971435904502869,-1.016194813677824
BH_s05_medium,22,174,27.8,-0.7718759775161743,-1.1423761988512826
BH_s05_medium,22,175,27.833333333333332,-0.9466083645820618,-1.1685510161422987
BH_s05_medium,22,176,27.866666666666667,-1.1120953559875488,-1.05589377505181
BH_s05_medium,22,177,27.9,-1.2006744146347046,-0.7916876237315501
BH_s05_medium,22,178,27.933333333333334,-1.196280837059021,-0.3992046663884484
BH_s05_medium,22,179,27.966666666666665,-0.9270663857460022,0.06439786942832969
BH_s05_medium,22,180,28.0,-0.051895059645175934,0.5212751752205802
BH_s05_medium,22,181,28.033333333333335,0.9079201221466064,0.8927773287443844
BH_s05_medium,22,182,28.066666666666666,1.7065073251724243,1.1197233515614946
BH_s05_medium,22,183,28.1,1.7301738262176514,1.1766450862538407
BH_s05_medium,22,184,28.133333333333333,1.1430315971374512,1.0752319000188246
BH_s05_medium,22,185,28.166666666666668,0.3681107759475708,0.8558589920650091
BH_s05_medium,22,186,28.2,-0.18126221001148224,0.5709919825685963
BH_s05_medium,22,187,28.233333333333334,-0.6343199610710144,0.26785585209183604
BH_s05_medium,22,188,28.266666666666666,-0.8264921307563782,-0.02234750879588555
BH_s05_medium,22,189,28.3,-0.7800703048706055,-0.2853154182260108
BH_s05_medium,22,190,28.333333333333332,-0.605337917804718,-0.5168153108727066
BH_s05_medium,22,191,28.366666666666667,-0.5191847085952759,-0.7137832370505339
BH_s05_medium,22,192,28.4,-0.5510509610176086,-0.8681423665474224
BH_s05_medium,22,193,28.433333333333334,-0.7257833480834961,-0.9650464834083302
BH_s05_medium,22,194,28.466666666666665,-0.9890949130058289,-0.985011656687627
BH_s05_medium,22,195,28.5,-1.1638273000717163,-0.9087484055948327
BH_s05_medium,22,196,28.533333333333335,-1.338559627532959,-0.7236231112320157
BH_s05_medium,22,197,28.566666666666666,-1.5132920742034912,-0.430612503511736
BH_s05_medium,22,198,28.6,-1.6435703039169312,-0.04995983222812854
BH_s05_medium,22,199,28.633333333333333,-1.6015419960021973,0.3769818040545372
BH_s05_medium,22,200,28.666666666666668,-1.0912419557571411,0.7920400018628111
BH_s05_medium,22,201,28.7,-0.09182441979646683,1.131127778331795
BH_s05_medium,22,202,28.733333333333334,1.0103986263275146,1.3391668182344034
BH_s05_medium,22,203,28.766666666666666,1.577604055404663,1.384139335840028
BH_s05_medium,22,204,28.8,1.3969030380249023,1.2654834613137755
BH_s05_medium,22,205,28.833333333333332,0.8153344988822937,1.0138812432000988
BH_s05_medium,22,206,28.866666666666667,0.23003089427947998,0.6818651884619099
BH_s05_medium,22,207,28.9,-0.20558711886405945,0.3277270182133544
BH_s05_medium,22,208,28.933333333333334,-0.5324310660362244,-0.0014232249184127463
BH_s05_medium,22,209,28.966666666666665,-0.6514305472373962,-0.28045351304583793
BH_s05_medium,22,210,29.0,-0.5652772784233093,-0.5067144178991081
BH_s05_medium,22,211,29.033333333333335,-0.39054492115974426,-0.691208301089379
BH_s05_medium,22,212,29.066666666666666,-0.31488287448883057,-0.845575916317135
BH_s05_medium,22,213,29.1,-0.4115273356437683,-0.9713394943613461
BH_s05_medium,22,214,29.133333333333333,-0.5862597227096558,-1.0559948555764782
BH_s05_medium,22,215,29.166666666666668,-0.7609921097755432,-1.0771228852003505
BH_s05_medium,22,216,29.2,-0.9357244968414307,-1.0125306061150265
BH_s05_medium,22,217,29.233333333333334,-1.110456943511963,-0.852188774984464
BH_s05_medium,22,218,29.266666666666666,-1.1966100931167603,-0.6067264774502584
BH_s05_medium,22,219,29.3,-1.2006744146347046,-0.308381169998009
BH_s05_medium,22,220,29.333333333333332,-1.2006744146347046,-0.003681483673413419
BH_s05_medium,22,221,29.366666666666667,-0.6259889006614685,0.259168889017672
BH_s05_medium,22,222,29.4,0.3997211754322052,0.44337830643714526
BH_s05_medium,22,223,29.433333333333334,1.4643094539642334,0.5327382730583096
BH_s05_medium,22,224,29.466666666666665,1.9695552587509155,0.5344063665147433
BH_s05_medium,22,225,29.5,1.6969960927963257,0.4749006550033587
BH_s05_medium,22,226,29.533333333333335,1.019112467765808,0.39044390592410744
BH_s05_medium,22,227,29.566666666666666,0.3201828598976135,0.31449429302413273
BH_s05_medium,22,228,29.6,-0.16965647041797638,0.26718217297476043
BH_s05_medium,22,229,29.633333333333333,-0.5498707890510559,0.2510885892510199
BH_s05_medium,22,230,29.666666666666668,-0.5806203484535217,0.2542115248236957
BH_s05_medium,22,231,29.7,-0.4390634596347809,0.2573357593810906
BH_s05_medium,22,232,29.733333333333334,-0.35291022062301636,0.2424741835381
BH_s05_medium,22,233,29.766666666666666,-0.22630372643470764,0.2001007009871164
BH_s05_medium,22,234,29.8,-0.3605828583240509,0.13316838084538637
BH_s05_medium,22,235,29.833333333333332,-0.5353152751922607,0.05612768806504412
BH_s05_medium,22,236,29.866666666666667,-0.7100476622581482,-0.011195923399296514
BH_s05_medium,22,237,29.9,-0.9232022166252136,-0.052471258605248774
BH_s05_medium,22,238,29.933333333333334,-1.0595123767852783,-0.0623148405068863
BH_s05_medium,22,239,29.966666666666665,-1.2006744146347046,-0.048551855164292584
BH_s05_medium,23,0,23.0,2.2265701293945312,-0.044256916023748046
BH_s05_medium,23,1,23.033333333333335,1.6071056127548218,0.43432800180162073
BH_s05_medium,23,2,23.066666666666666,0.8153344988822937,0.8166704741077833
BH_s05_medium,23,3,23.1,0.033924538642168045,1.0333206188610429
BH_s05_medium,23,4,23.133333333333333,-0.4902726411819458,1.0615707754009818
BH_s05_medium,23,5,23.166666666666668,-0.6661840677261353,0.9270353626081456
BH_s05_medium,23,6,23.2,-0.5860617160797119,0.6884084591275019
BH_s05_medium,23,7,23.233333333333334,-0.32275018095970154,0.4138463969446857
BH_s05_medium,23,8,23.266666666666666,-0.14801780879497528,0.1597800807978864
BH_s05_medium,23,9,23.3,-0.13772456347942352,-0.040475334031219716
BH_s05_medium,23,10,23.333333333333332,-0.299737811088562,-0.17643870981810855
BH_s05_medium,23,11,23.366666666666667,-0.545478343963623,-0.25180978261030607
BH_s05_medium,23,12,23.4,-0.7377817630767822,-0.27402685371862434
BH_s05_medium,23,13,23.433333333333334,-0.9125141501426697,-0.2482571490459973
BH_s05_medium,23,14,23.466666666666665,-0.9597858190536499,-0.1779982371178045
BH_s05_medium,23,15,23.5,-0.5125609636306763,-0.06978722061681038
BH_s05_medium,23,16,23.533333333333335,0.45158329606056213,0.06256469702077039
BH_s05_medium,23,17,23.566666666666666,1.6182574033737183,0.1977520191516473
BH_s05_medium,23,18,23.6,2.1307809352874756,0.3114802520769317
BH_s05_medium,23,19,23.633333333333333,1.921952247619629,0.3834754714337322
BH_s05_medium,23,20,23.666666666666668,1.2108262777328491,0.40321930473886713
BH_s05_medium,23,21,23.7,0.38391321897506714,0.37129288120455556
BH_s05_medium,23,22,23.733333333333334,-0.18211424350738525,0.29578502903338244
BH_s05_medium,23,23,23.766666666666666,-0.5339382290840149,0.1860775925554757
BH_s05_medium,23,24,23.8,-0.6297284364700317,0.04774706410267179
BH_s05_medium,23,25,23.833333333333332,-0.41795089840888977,-0.11825745796231879
BH_s05_medium,23,26,23.866666666666667,-0.19168449938297272,-0.3112078425591395
BH_s05_medium,23,27,23.9,-0.0491454117000103,-0.5229909637845868
BH_s05_medium,23,28,23.933333333333334,-0.07891279458999634,-0.7316911229285696
BH_s05_medium,23,29,23.966666666666665,-0.28098663687705994,-0.9006918863124108
BH_s05_medium,23,30,24.0,-0.5169567465782166,-0.9848381108555327
BH_s05_medium,23,31,24.033333333333335,-0.714178740978241,-0.9421949013627416
BH_s05_medium,23,32,24.066666666666666,-0.8664215207099915,-0.748684445056527
BH_s05_medium,23,33,24.1,-0.7934446334838867,-0.41170718724361727
BH_s05_medium,23,34,24.133333333333333,-0.04645368084311485,0.02329071120958091
BH_s05_medium,23,35,24.166666666666668,1.103305697441101,0.4789970029947508
BH_s05_medium,23,36,24.2,2.1078343391418457,0.8654576044893962
BH_s05_medium,23,37,24.233333333333334,2.3266239166259766,1.1057485622214291
BH_s05_medium,23,38,24.266666666666666,1.8775635957717896,1.1581957534019225
BH_s05_medium,23,39,24.3,1.086972713470459,1.0269193759739985
BH_s05_medium,23,40,24.333333333333332,0.3025462031364441,0.7575426194187537
BH_s05_medium,23,41,24.366666666666667,-0.22276437282562256,0.4205108004139021
BH_s05_medium,23,42,24.4,-0.4034620523452759,0.08825130364486297
BH_s05_medium,23,43,24.433333333333334,-0.4100835621356964,-0.1861320509717742
BH_s05_medium,23,44,24.466666666666665,-0.23535118997097015,-0.38151249216194905
BH_s05_medium,23,45,24.5,-0.0491454117000103,-0.5084115518292066
BH_s05_medium,23,46,24.533333333333335,-0.0491454117000103,-0.5960967927273136
BH_s05_medium,23,47,24.566666666666666,-0.19365325570106506,-0.6725899888187539
BH_s05_medium,23,48,24.6,-0.3847108781337738,-0.7463016628025149
BH_s05_medium,23,49,24.633333333333333,-0.6268453598022461,-0.7977064337195666
BH_s05_medium,23,50,24.666666666666668,-0.8227548003196716,-0.7853675150020998
BH_s05_medium,23,51,24.7,-0.8463578224182129,-0.664437072948954
BH_s05_medium,23,52,24.733333333333334,-0.36857810616493225,-0.41016143427872853
BH_s05_medium,23,53,24.766666666666666,0.5319014191627502,-0.03616649014447975
BH_s05_medium,23,54,24.8,1.6111764907836914,0.40129431293525747
BH_s05_medium,23,55,24.833333333333332,2.129601001739502,0.8163790406321132
BH_s05_medium,23,56,24.866666666666667,1.8369134664535522,1.1195008392142638
BH_s05_medium,23,57,24.9,1.1761425733566284,1.245682258655286
BH_s05_medium,23,58,24.933333333333334,0.3886338174343109,1.1743719147838831
BH_s05_medium,23,59,24.966666666666665,-0.17857378721237183,0.9334075813201843
BH_s05_medium,23,60,25.0,-0.5327580571174622,0.5858125818049863
BH_s05_medium,23,61,25.033333333333335,-0.6309086084365845,0.2049356986509963
BH_s05_medium,23,62,25.066666666666666,-0.45617619156837463,-0.15096618279370103
BH_s05_medium,23,63,25.1,-0.3700229525566101,-0.4530519889516962
BH_s05_medium,23,64,25.133333333333333,-0.31488287448883057,-0.6995902417907115
BH_s05_medium,23,65,25.166666666666668,-0.4320492744445801,-0.9003765751769298
BH_s05_medium,23,66,25.2,-0.6329429745674133,-1.057462085464545
BH_s05_medium,23,67,25.233333333333334,-0.8938285708427429,-1.152854560526958
BH_s05_medium,23,68,25.266666666666666,-1.1334047317504883,-1.1499967292544853
BH_s05_medium,23,69,25.3,-1.28925359249115,-1.0089095193462017
BH_s05_medium,23,70,25.333333333333332,-1.2398808002471924,-0.7079177760202077
BH_s05_medium,23,71,25.366666666666667,-0.5850095152854919,-0.26121156669412526
BH_s05_medium,23,72,25.4,0.3864113688468933,0.27680284721280113
BH_s05_medium,23,73,25.433333333333334,1.4842396974563599,0.8229270053897617
BH_s05_medium,23,74,25.466666666666665,1.8042629957199097,1.2869402620426618
BH_s05_medium,23,75,25.5,1.4350605010986328,1.5938831338682518
BH_s05_medium,23,76,25.533333333333335,0.6499777436256409,1.6989429906103644
BH_s05_medium,23,77,25.566666666666666,-0.04757371172308922,1.5923049346289952
BH_s05_medium,23,78,25.6,-0.6603500247001648,1.2955264823674124
BH_s05_medium,23,79,25.633333333333333,-0.9295612573623657,0.8528646745369902
BH_s05_medium,23,80,25.666666666666668,-0.9427386522293091,0.3211906170921832
BH_s05_medium,23,81,25.7,-0.7680062651634216,-0.23879971679037232
BH_s05_medium,23,82,25.733333333333334,-0.5932738780975342,-0.7688957985637568
BH_s05_medium,23,83,25.766666666666666,-0.5806203484535217,-1.217348189424304
BH_s05_medium,23,84,25.8,-0.7402732968330383,-1.5412684698884578
BH_s05_medium,23,85,25.833333333333332,-0.9150056838989258,-1.708303358614085
BH_s05_medium,23,86,25.866666666666667,-1.0897380113601685,-1.6983979685145754
BH_s05_medium,23,87,25.9,-1.2644704580307007,-1.5063617757643462
BH_s05_medium,23,88,25.933333333333334,-1.3778327703475952,-1.1454798644795108
BH_s05_medium,23,89,25.966666666666665,-1.2599445581436157,-0.6510820555099259
BH_s05_medium,23,90,26.0,-0.5072486400604248,-0.08115666764233466
BH_s05_medium,23,91,26.033333333333335,0.5952380299568176,0.4893353308485204
BH_s05_medium,23,92,26.066666666666666,1.5747865438461304,0.9814280743336298
BH_s05_medium,23,93,26.1,1.850355625152588,1.329237908597014
BH_s05_medium,23,94,26.133333333333333,1.4048359394073486,1.4947045080817511
BH_s05_medium,23,95,26.166666666666668,0.7032824754714966,1.4738358572621308
BH_s05_medium,23,96,26.2,0.09070414304733276,1.2926309646958916
BH_s05_medium,23,97,26.233333333333334,-0.3939563035964966,0.9955160420204181
BH_s05_medium,23,98,26.266666666666666,-0.5806203484535217,0.6308874416198917
BH_s05_medium,23,99,26.3,-0.5806203484535217,0.23861332839655397
BH_s05_medium,23,100,26.333333333333332,-0.45978227257728577,-0.1553619064056152
BH_s05_medium,23,101,26.366666666666667,-0.31488287448883057,-0.534593493129542
BH_s05_medium,23,102,26.4,-0.31488287448883057,-0.8814863535408001
BH_s05_medium,23,103,26.433333333333334,-0.42844319343566895,-1.1684499919339024
BH_s05_medium,23,104,26.466666666666665,-0.6917547583580017,-1.3566531243839814
BH_s05_medium,23,105,26.5,-0.8664871454238892,-1.4030100622445874
BH_s05_medium,23,106,26.533333333333335,-1.0412194728851318,-1.2731676697094858
BH_s05_medium,23,107,26.566666666666666,-1.1273727416992188,-0.9568871516675961
BH_s05_medium,23,108,26.6,-1.0735408067703247,-0.48022448808571305
BH_s05_medium,23,109,26.633333333333333,-0.439913272857666,0.09182568738189766
BH_s05_medium,23,110,26.666666666666668,0.6269062757492065,0.6657293838888485
BH_s05_medium,23,111,26.7,1.650579810142517,1.1411178283414876
BH_s05_medium,23,112,26.733333333333334,1.9818795919418335,1.4371748980897423
BH_s05_medium,23,113,26.766666666666666,1.5423918962478638,1.5145193911054373
BH_s05_medium,23,114,26.8,0.843462347984314,1.3842156668970698
BH_s05_medium,23,115,26.833333333333332,0.14040283858776093,1.1000581697728176
BH_s05_medium,23,116,26.866666666666667,-0.2952151596546173,0.7371531074302953
BH_s05_medium,23,117,26.9,-0.5716385245323181,0.36569032451181116
BH_s05_medium,23,118,26.933333333333334,-0.5806203484535217,0.03052303622872824
BH_s05_medium,23,119,26.966666666666665,-0.4172957241535187,-0.25586928229740513
BH_s05_medium,23,120,27.0,-0.31488287448883057,-0.5056469028839273
BH_s05_medium,23,121,27.033333333333335,-0.31488287448883057,-0.7381017545802102
BH_s05_medium,23,122,27.066666666666666,-0.47092974185943604,-0.9610818107524272
BH_s05_medium,23,123,27.1,-0.6456621289253235,-1.159622020214105
BH_s05_medium,23,124,27.133333333333333,-0.8203945159912109,-1.296075106703622
BH_s05_medium,23,125,27.166666666666668,-0.9951269030570984,-1.3211897906585743
BH_s05_medium,23,126,27.2,-1.1120953559875488,-1.192226157099856
BH_s05_medium,23,127,27.233333333333334,-1.2006744146347046,-0.8922154990704794
BH_s05_medium,23,128,27.266666666666666,-1.0948501825332642,-0.4433163242433886
BH_s05_medium,23,129,27.3,-0.41676852107048035,0.0919958560473829
BH_s05_medium,23,130,27.333333333333332,0.6415930986404419,0.6243187419846628
BH_s05_medium,23,131,27.366666666666667,1.639237642288208,1.0615632706391527
BH_s05_medium,23,132,27.4,1.9449667930603027,1.334680403843437
BH_s05_medium,23,133,27.433333333333334,1.5593078136444092,1.4145520139997545
BH_s05_medium,23,134,27.466666666666665,0.8603782653808594,1.3148329037057889
BH_s05_medium,23,135,27.5,0.19737932085990906,1.0821575301671986
BH_s05_medium,23,136,27.533333333333335,-0.2047339826822281,0.7785160455383671
BH_s05_medium,23,137,27.566666666666666,-0.4920412003993988,0.4614795634847979
BH_s05_medium,23,138,27.6,-0.5519675016403198,0.168462384608951
BH_s05_medium,23,139,27.633333333333333,-0.3772351145744324,-0.08959316981687909
BH_s05_medium,23,140,27.666666666666668,-0.29108187556266785,-0.3231326961284294
BH_s05_medium,23,141,27.7,-0.24767880141735077,-0.5501075319693655
BH_s05_medium,23,142,27.733333333333334,-0.4224112033843994,-0.7793004372336186
BH_s05_medium,23,143,27.766666666666666,-0.5971435904502869,-0.9980323122644443
BH_s05_medium,23,144,27.8,-0.7718759775161743,-1.1700707375830177
BH_s05_medium,23,145,27.833333333333332,-0.9466083645820618,-1.245539594941343
BH_s05_medium,23,146,27.866666666666667,-1.1120953559875488,-1.179075563375146
BH_s05_medium,23,147,27.9,-1.2006744146347046,-0.9485901031454308
BH_s05_medium,23,148,27.933333333333334,-1.196280837059021,-0.5671788552734903
BH_s05_medium,23,149,27.966666666666665,-0.9270663857460022,-0.08396021072893886
BH_s05_medium,23,150,28.0,-0.051895059645175934,0.4263898491332502
BH_s05_medium,23,151,28.033333333333335,0.9079201221466064,0.8820586657419346
BH_s05_medium,23,152,28.066666666666666,1.7065073251724243,1.2145106378773596
BH_s05_medium,23,153,28.1,1.7301738262176514,1.3840984663351417
BH_s05_medium,23,154,28.133333333333333,1.1430315971374512,1.3856508979298818
BH_s05_medium,23,155,28.166666666666668,0.3681107759475708,1.2426692355579734
BH_s05_medium,23,156,28.2,-0.18126221001148224,0.9936120904572827
BH_s05_medium,23,157,28.233333333333334,-0.6343199610710144,0.6770934028517362
BH_s05_medium,23,158,28.266666666666666,-0.8264921307563782,0.3226404076085128
BH_s05_medium,23,159,28.3,-0.7800703048706055,-0.04998975455962159
BH_s05_medium,23,160,28.333333333333332,-0.605337917804718,-0.4249878772128694
BH_s05_medium,23,161,28.366666666666667,-0.5191847085952759,-0.7833386538389365
BH_s05_medium,23,162,28.4,-0.5510509610176086,-1.098781118036763
BH_s05_medium,23,163,28.433333333333334,-0.7257833480834961,-1.3383990944009032
BH_s05_medium,23,164,28.466666666666665,-0.9890949130058289,-1.466979837853042
BH_s05_medium,23,165,28.5,-1.1638273000717163,-1.4535330341022303
BH_s05_medium,23,166,28.533333333333335,-1.338559627532959,-1.2787648448504183
BH_s05_medium,23,167,28.566666666666666,-1.5132920742034912,-0.942582173710568
BH_s05_medium,23,168,28.6,-1.6435703039169312,-0.470027601333241
BH_s05_medium,23,169,28.633333333333333,-1.6015419960021973,0.08698161142581552
BH_s05_medium,23,170,28.666666666666668,-1.0912419557571411,0.6547871558250843
BH_s05_medium,23,171,28.7,-0.09182441979646683,1.150757053821495
BH_s05_medium,23,172,28.733333333333334,1.0103986263275146,1.500960915384781
BH_s05_medium,23,173,28.766666666666666,1.577604055404663,1.6572692076171913
BH_s05_medium,23,174,28.8,1.3969030380249023,1.6082873203983108
BH_s05_medium,23,175,28.833333333333332,0.8153344988822937,1.3804559963593608
BH_s05_medium,23,176,28.866666666666667,0.23003089427947998,1.0283427568696757
BH_s05_medium,23,177,28.9,-0.20558711886405945,0.6167515207451381
BH_s05_medium,23,178,28.933333333333334,-0.5324310660362244,0.20129960122426177
BH_s05_medium,23,179,28.966666666666665,-0.6514305472373962,-0.18434880578911725
BH_s05_medium,23,180,29.0,-0.5652772784233093,-0.5294801464386623
BH_s05_medium,23,181,29.033333333333335,-0.39054492115974426,-0.8364481074712848
BH_s05_medium,23,182,29.066666666666666,-0.31488287448883057,-1.1061104168941343
BH_s05_medium,23,183,29.1,-0.4115273356437683,-1.3264814299894445
BH_s05_medium,23,184,29.133333333333333,-0.5862597227096558,-1.4699079794442247
BH_s05_medium,23,185,29.166666666666668,-0.7609921097755432,-1.4995942070342299
BH_s05_medium,23,186,29.2,-0.9357244968414307,-1.382720618218416
BH_s05_medium,23,187,29.233333333333334,-1.110456943511963,-1.1052819817914195
BH_s05_medium,23,188,29.266666666666666,-1.1966100931167603,-0.6828832165277324
BH_s05_medium,23,189,29.3,-1.2006744146347046,-0.16277856962789414
BH_s05_medium,23,190,29.333333333333332,-1.2006744146347046,0.38429101669324295
BH_s05_medium,23,191,29.366666666666667,-0.6259889006614685,0.8798653861433717
BH_s05_medium,23,192,29.4,0.3997211754322052,1.255753347055856
BH_s05_medium,23,193,29.433333333333334,1.4643094539642334,1.4685426367408254
BH_s05_medium,23,194,29.466666666666665,1.9695552587509155,1.5069045427084407
BH_s05_medium,23,195,29.5,1.6969960927963257,1.3905037922104646
BH_s05_medium,23,196,29.533333333333335,1.019112467765808,1.1611451681525198
BH_s05_medium,23,197,29.566666666666666,0.3201828598976135,0.8687095293913674
BH_s05_medium,23,198,29.6,-0.16965647041797638,0.5568176518435608
BH_s05_medium,23,199,29.633333333333333,-0.5498707890510559,0.2536009765688088
BH_s05_medium,23,200,29.666666666666668,-0.5806203484535217,-0.03002341092234028
BH_s05_medium,23,201,29.7,-0.4390634596347809,-0.29568910506351065
BH_s05_medium,23,202,29.733333333333334,-0.35291022062301636,-0.5487840827357723
BH_s05_medium,23,203,29.766666666666666,-0.22630372643470764,-0.7879263073440218
BH_s05_medium,23,204,29.8,-0.3605828583240509,-0.9962724566039735
BH_s05_medium,23,205,29.833333333333332,-0.5353152751922607,-1.1391265722903583
BH_s05_medium,23,206,29.866666666666667,-0.7100476622581482,-1.170903986905192
BH_s05_medium,23,207,29.9,-0.9232022166252136,-1.0508285606283196
BH_s05_medium,23,208,29.933333333333334,-1.0595123767852783,-0.7624061693685398
BH_s05_medium,23,209,29.966666666666665,-1.2006744146347046,-0.32875053329982645
BH_s05_medium,23,210,30.0,-1.1383856534957886,0.18401841943511413
BH_s05_medium,23,211,30.033333333333335,-0.6141862869262695,0.6790856580623221
BH_s05_medium,23,212,30.066666666666666,0.40063992142677307,1.0540680950286077
BH_s05_medium,23,213,30.1,1.4874542951583862,1.230140147424815
BH_s05_medium,23,214,30.133333333333333,1.9881752729415894,1.174408945722143
BH_s05_medium,23,215,30.166666666666668,1.7349578142166138,0.9074682206970497
BH_s05_medium,23,216,30.2,1.036028265953064,0.4938971852361539
BH_s05_medium,23,217,30.233333333333334,0.33709871768951416,0.020075397922222633
BH_s05_medium,23,218,30.266666666666666,-0.24977770447731018,-0.43158948774828493
BH_s05_medium,23,219,30.3,-0.5899314284324646,-0.8022453532932399
BH_s05_medium,23,220,30.333333333333332,-0.7508935332298279,-1.0639777393873147
BH_s05_medium,23,221,30.366666666666667,-0.5761611461639404,-1.2149864483977386
BH_s05_medium,23,222,30.4,-0.401428759098053,-1.2676374296136113
BH_s05_medium,23,223,30.433333333333334,-0.31488287448883057,-1.2363571713736818
BH_s05_medium,23,224,30.466666666666665,-0.31488287448883057,-1.1305251821716997
BH_s05_medium,23,225,30.5,-0.48679670691490173,-0.9535749478497939
BH_s05_medium,23,226,30.533333333333335,-0.7424378395080566,-0.7060300384898968
BH_s05_medium,23,227,30.566666666666666,-0.9248406291007996,-0.3894694480362536
BH_s05_medium,23,228,30.6,-1.099573016166687,-0.010453366554161589
BH_s05_medium,23,229,30.633333333333333,-1.2743054628372192,0.4150595227632337
BH_s05_medium,23,230,30.666666666666668,-1.28925359249115,0.8577350618452948
BH_s05_medium,23,231,30.7,-0.9057580232620239,1.2744383153146657
BH_s05_medium,23,232,30.733333333333334,-0.005343065597116947,1.614053703188111
BH_s05_medium,23,233,30.766666666666666,1.1316304206848145,1.8289494120936287
BH_s05_medium,23,234,30.8,1.84544038772583,1.8875446093663406
BH_s05_medium,23,235,30.833333333333332,1.7814452648162842,1.7820508799532693
BH_s05_medium,23,236,30.866666666666667,1.1734529733657837,1.5281309325446577
BH_s05_medium,23,237,30.9,0.4425937533378601,1.1577128753931254
BH_s05_medium,23,238,30.933333333333334,-0.15274061262607574,0.7093027257168453
BH_s05_medium,23,239,30.966666666666665,-0.5907845497131348,0.22073365053648114
BH_s05_medium,24,0,24.0,-0.5169567465782166,0.10442702070486214
BH_s05_medium,24,1,24.033333333333335,-0.714178740978241,0.45418024316450134
BH_s05_medium,24,2,24.066666666666666,-0.8664215207099915,0.8106339855533811
BH_s05_medium,24,3,24.1,-0.7934446334838867,1.1703349288544218
BH_s05_medium,24,4,24.133333333333333,-0.04645368084311485,1.5114557006319354
BH_s05_medium,24,5,24.166666666666668,1.103305697441101,1.795456227893706
BH_s05_medium,24,6,24.2,2.1078343391418457,1.9758747800501444
BH_s05_medium,24,7,24.233333333333334,2.3266239166259766,2.0117138497740035
BH_s05_medium,24,8,24.266666666666666,1.8775635957717896,1.8814319178704362
BH_s05_medium,24,9,24.3,1.086972713470459,1.5927008581566005
BH_s05_medium,24,10,24.333333333333332,0.3025462031364441,1.1836738638507762
BH_s05_medium,24,11,24.366666666666667,-0.22276437282562256,0.7140975439183767
BH_s05_medium,24,12,24.4,-0.4034620523452759,0.2487127412426313
BH_s05_medium,24,13,24.433333333333334,-0.4100835621356964,-0.1609615337201918
BH_s05_medium,24,14,24.466666666666665,-0.23535118997097015,-0.48924217101651035
BH_s05_medium,24,15,24.5,-0.0491454117000103,-0.738097913870827
BH_s05_medium,24,16,24.533333333333335,-0.0491454117000103,-0.9273798864128912
BH_s05_medium,24,17,24.566666666666666,-0.19365325570106506,-1.0777632976006768
BH_s05_medium,24,18,24.6,-0.3847108781337738,-1.1942961990733376
BH_s05_medium,24,19,24.633333333333333,-0.6268453598022461,-1.2586225438582694
BH_s05_medium,24,20,24.666666666666668,-0.8227548003196716,-1.2342080175414467
BH_s05_medium,24,21,24.7,-0.8463578224182129,-1.083087018315829
BH_s05_medium,24,22,24.733333333333334,-0.36857810616493225,-0.7874670216312191
BH_s05_medium,24,23,24.766666666666666,0.5319014191627502,-0.3668484417079357
BH_s05_medium,24,24,24.8,1.6111764907836914,0.11780808582379632
BH_s05_medium,24,25,24.833333333333332,2.129601001739502,0.5765454025962503
BH_s05_medium,24,26,24.866666666666667,1.8369134664535522,0.9158901964446486
BH_s05_medium,24,27,24.9,1.1761425733566284,1.067723008654505
BH_s05_medium,24,28,24.933333333333334,0.3886338174343109,1.0104208375006503
BH_s05_medium,24,29,24.966666666666665,-0.17857378721237183,0.7741157584016727
BH_s05_medium,24,30,25.0,-0.5327580571174622,0.4276522272411799
BH_s05_medium,24,31,25.033333333333335,-0.6309086084365845,0.052123479607007965
BH_s05_medium,24,32,25.066666666666666,-0.45617619156837463,-0.28752604064065557
BH_s05_medium,24,33,25.1,-0.3700229525566101,-0.5598166635254679
BH_s05_medium,24,34,25.133333333333333,-0.31488287448883057,-0.7657825023031987
BH_s05_medium,24,35,25.166666666666668,-0.4320492744445801,-0.9222280819822603
BH_s05_medium,24,36,25.2,-0.6329429745674133,-1.0393932687786314
BH_s05_medium,24,37,25.233333333333334,-0.8938285708427429,-1.1053513941948283
BH_s05_medium,24,38,25.266666666666666,-1.1334047317504883,-1.085389184216572
BH_s05_medium,24,39,25.3,-1.28925359249115,-0.9367807454827933
BH_s05_medium,24,40,25.333333333333332,-1.2398808002471924,-0.6317119008660785
BH_s05_medium,24,41,25.366666666666667,-0.5850095152854919,-0.1771670890630027
BH_s05_medium,24,42,25.4,0.3864113688468933,0.3778672277465224
BH_s05_medium,24,43,25.433333333333334,1.4842396974563599,0.9513183048325711
BH_s05_medium,24,44,25.466666666666665,1.8042629957199097,1.4487506298183745
BH_s05_medium,24,45,25.5,1.4350605010986328,1.7867717248119372
BH_s05_medium,24,46,25.533333333333335,0.6499777436256409,1.91071201681284
BH_s05_medium,24,47,25.566666666666666,-0.04757371172308922,1.8026066435390669
BH_s05_medium,24,48,25.6,-0.6603500247001648,1.4800865108843806
BH_s05_medium,24,49,25.633333333333333,-0.9295612573623657,0.9893280442761268
BH_s05_medium,24,50,25.666666666666668,-0.9427386522293091,0.39535452373921365
BH_s05_medium,24,51,25.7,-0.7680062651634216,-0.2281454786828778
BH_s05_medium,24,52,25.733333333333334,-0.5932738780975342,-0.8083221081438574
BH_s05_medium,24,53,25.766666666666666,-0.5806203484535217,-1.2812729871737012
BH_s05_medium,24,54,25.8,-0.7402732968330383,-1.5981777349700954
BH_s05_medium,24,55,25.833333333333332,-0.9150056838989258,-1.729095315971461
BH_s05_medium,24,56,25.866666666666667,-1.0897380113601685,-1.664559013067632
BH_s05_medium,24,57,25.9,-1.2644704580307007,-1.4156900461772426
BH_s05_medium,24,58,25.933333333333334,-1.3778327703475952,-1.0136923249323362
BH_s05_medium,24,59,25.966666666666665,-1.2599445581436157,-0.5086412069880442
BH_s05_medium,24,60,26.0,-0.5072486400604248,0.034211509742335416
BH_s05_medium,24,61,26.033333333333335,0.5952380299568176,0.5427819610519046
BH_s05_medium,24,62,26.066666666666666,1.5747865438461304,0.9510201661009355
BH_s05_medium,24,63,26.1,1.850355625152588,1.2126292154032439
BH_s05_medium,24,64,26.133333333333333,1.4048359394073486,1.3099622038966487
BH_s05_medium,24,65,26.166666666666668,0.7032824754714966,1.2540197732336609
BH_s05_medium,24,66,26.2,0.09070414304733276,1.0761622704912672
BH_s05_medium,24,67,26.233333333333334,-0.3939563035964966,0.8159314382526933
BH_s05_medium,24,68,26.266666666666666,-0.5806203484535217,0.5094263028823992
BH_s05_medium,24,69,26.3,-0.5806203484535217,0.18149954272177032
BH_s05_medium,24,70,26.333333333333332,-0.45978227257728577,-0.15501858668934354
BH_s05_medium,24,71,26.366666666666667,-0.31488287448883057,-0.49185883722073603
BH_s05_medium,24,72,26.4,-0.31488287448883057,-0.814062075231806
BH_s05_medium,24,73,26.433333333333334,-0.42844319343566895,-1.092847576656807
BH_s05_medium,24,74,26.466666666666665,-0.6917547583580017,-1.2870420899089985
BH_s05_medium,24,75,26.5,-0.8664871454238892,-1.3518707167352717
BH_s05_medium,24,76,26.533333333333335,-1.0412194728851318,-1.2519617836865171
BH_s05_medium,24,77,26.566666666666666,-1.1273727416992188,-0.9754172427327327
BH_s05_medium,24,78,26.6,-1.0735408067703247,-0.5444645410989499
BH_s05_medium,24,79,26.633333333333333,-0.439913272857666,-0.0173807647386904
BH_s05_medium,24,80,26.666666666666668,0.6269062757492065,0.521180422842939
BH_s05_medium,24,81,26.7,1.650579810142517,0.9797367664935263
BH_s05_medium,24,82,26.733333333333334,1.9818795919418335,1.2836136327164829
BH_s05_medium,24,83,26.766666666666666,1.5423918962478638,1.3946931011807986
BH_s05_medium,24,84,26.8,0.843462347984314,1.319696419993156
BH_s05_medium,24,85,26.833333333333332,0.14040283858776093,1.1032771272862465
BH_s05_medium,24,86,26.866666666666667,-0.2952151596546173,0.8087766291736047
BH_s05_medium,24,87,26.9,-0.5716385245323181,0.49510034148434734
BH_s05_medium,24,88,26.933333333333334,-0.5806203484535217,0.19934867302058953
BH_s05_medium,24,89,26.966666666666665,-0.4172957241535187,-0.06849398973383247
BH_s05_medium,24,90,27.0,-0.31488287448883057,-0.3181667721919432
BH_s05_medium,24,91,27.033333333333335,-0.31488287448883057,-0.5637494053261584
BH_s05_medium,24,92,27.066666666666666,-0.47092974185943604,-0.8078802997968527
BH_s05_medium,24,93,27.1,-0.6456621289253235,-1.0325072950598082
BH_s05_medium,24,94,27.133333333333333,-0.8203945159912109,-1.199559524311693
BH_s05_medium,24,95,27.166666666666668,-0.9951269030570984,-1.2609482950821138
BH_s05_medium,24,96,27.2,-1.1120953559875488,-1.174785474711668
BH_s05_medium,24,97,27.233333333333334,-1.2006744146347046,-0.9230117010217269
BH_s05_medium,24,98,27.266666666666666,-1.0948501825332642,-0.5240523196641338
BH_s05_medium,24,99,27.3,-0.41676852107048035,-0.034307252303766994
BH_s05_medium,24,100,27.333333333333332,0.6415930986404419,0.46412448636067194
BH_s05_medium,24,101,27.366666666666667,1.639237642288208,0.885991987274891
BH_s05_medium,24,102,27.4,1.9449667930603027,1.1667440025224154
BH_s05_medium,24,103,27.433333333333334,1.5593078136444092,1.277945757697897
BH_s05_medium,24,104,27.466666666666665,0.8603782653808594,1.229606348550052
BH_s05_medium,24,105,27.5,0.19737932085990906,1.0610588621457016
BH_s05_medium,24,106,27.533333333333335,-0.2047339826822281,0.8249228419281612
BH_s05_medium,24,107,27.566666666666666,-0.4920412003993988,0.5692169215985972
BH_s05_medium,24,108,27.6,-0.5519675016403198,0.3232632839411294
BH_s05_medium,24,109,27.633333333333333,-0.3772351145744324,0.09254866678648892
BH_s05_medium,24,110,27.666666666666668,-0.29108187556266785,-0.13544642243100163
BH_s05_medium,24,111,27.7,-0.24767880141735077,-0.37707783237319464
BH_s05_medium,24,112,27.733333333333334,-0.4224112033843994,-0.6363376204759997
BH_s05_medium,24,113,27.766666666666666,-0.5971435904502869,-0.8940290425639736
BH_s05_medium,24,114,27.8,-0.7718759775161743,-1.1077104265614248
BH_s05_medium,24,115,27.833333333333332,-0.9466083645820618,-1.2232847422670443
BH_s05_medium,24,116,27.866666666666667,-1.1120953559875488,-1.1938753300841969
BH_s05_medium,24,117,27.9,-1.2006744146347046,-0.9983621100867853
BH_s05_medium,24,118,27.933333333333334,-1.196280837059021,-0.6523592346912254
BH_s05_medium,24,119,27.966666666666665,-0.9270663857460022,-0.20761816892138293
BH_s05_medium,24,120,28.0,-0.051895059645175934,0.26008108802844715
BH_s05_medium,24,121,28.033333333333335,0.9079201221466064,0.6707329869939099
BH_s05_medium,24,122,28.066666666666666,1.7065073251724243,0.9611308375309396
BH_s05_medium,24,123,28.1,1.7301738262176514,1.099925279648137
BH_s05_medium,24,124,28.133333333333333,1.1430315971374512,1.0913568018088409
BH_s05_medium,24,125,28.166666666666668,0.3681107759475708,0.9666241150098571
BH_s05_medium,24,126,28.2,-0.18126221001148224,0.7672963747388639
BH_s05_medium,24,127,28.233333333333334,-0.6343199610710144,0.528798487401259
BH_s05_medium,24,128,28.266666666666666,-0.8264921307563782,0.27141749274484606
BH_s05_medium,24,129,28.3,-0.7800703048706055,0.001744490349505222
BH_s05_medium,24,130,28.333333333333332,-0.605337917804718,-0.2784151034913842
BH_s05_medium,24,131,28.366666666666667,-0.5191847085952759,-0.5619811265975155
BH_s05_medium,24,132,28.4,-0.5510509610176086,-0.8305085987662664
BH_s05_medium,24,133,28.433333333333334,-0.7257833480834961,-1.053708086715898
BH_s05_medium,24,134,28.466666666666665,-0.9890949130058289,-1.1937492723928902
BH_s05_medium,24,135,28.5,-1.1638273000717163,-1.2128515755656364
BH_s05_medium,24,136,28.533333333333335,-1.338559627532959,-1.0828389711653479
BH_s05_medium,24,137,28.566666666666666,-1.5132920742034912,-0.7951570418086689
BH_s05_medium,24,138,28.6,-1.6435703039169312,-0.3688606192323563
BH_s05_medium,24,139,28.633333333333333,-1.6015419960021973,0.14682870499684741
BH_s05_medium,24,140,28.666666666666668,-1.0912419557571411,0.6782780127789282
BH_s05_medium,24,141,28.7,-0.09182441979646683,1.1418045073321914
BH_s05_medium,24,142,28.733333333333334,1.0103986263275146,1.4630716608130272
BH_s05_medium,24,143,28.766666666666666,1.577604055404663,1.59525081126092
BH_s05_medium,24,144,28.8,1.3969030380249023,1.5299639122912587
BH_s05_medium,24,145,28.833333333333332,0.8153344988822937,1.2974059628022527
BH_s05_medium,24,146,28.866666666666667,0.23003089427947998,0.9550688381954014
BH_s05_medium,24,147,28.9,-0.20558711886405945,0.5683079713528992
BH_s05_medium,24,148,28.933333333333334,-0.5324310660362244,0.19010366857754957
BH_s05_medium,24,149,28.966666666666665,-0.6514305472373962,-0.15140769510654875
BH_s05_medium,24,150,29.0,-0.5652772784233093,-0.45284008470951637
BH_s05_medium,24,151,29.033333333333335,-0.39054492115974426,-0.7244572607399836
BH_s05_medium,24,152,29.066666666666666,-0.31488287448883057,-0.974483988825883
BH_s05_medium,24,153,29.1,-0.4115273356437683,-1.1964837141730282
BH_s05_medium,24,154,29.133333333333333,-0.5862597227096558,-1.3651635488384681
BH_s05_medium,24,155,29.166666666666668,-0.7609921097755432,-1.442029050120548
BH_s05_medium,24,156,29.2,-0.9357244968414307,-1.388733034779344
BH_s05_medium,24,157,29.233333333333334,-1.110456943511963,-1.183331159317942
BH_s05_medium,24,158,29.266666666666666,-1.1966100931167603,-0.8331788587471517
BH_s05_medium,24,159,29.3,-1.2006744146347046,-0.3788376266580322
BH_s05_medium,24,160,29.333333333333332,-1.2006744146347046,0.11340686583594327
BH_s05_medium,24,161,29.366666666666667,-0.6259889006614685,0.5681748903932695
BH_s05_medium,24,162,29.4,0.3997211754322052,0.920660740312592
BH_s05_medium,24,163,29.433333333333334,1.4643094539642334,1.1321909419044636
BH_s05_medium,24,164,29.466666666666665,1.9695552587509155,1.1968370430474322
BH_s05_medium,24,165,29.5,1.6969960927963257,1.1379323616192571
BH_s05_medium,24,166,29.533333333333335,1.019112467765808,0.9963130279009135
BH_s05_medium,24,167,29.566666666666666,0.3201828598976135,0.814441258213972
BH_s05_medium,24,168,29.6,-0.16965647041797638,0.6223890086789816
BH_s05_medium,24,169,29.633333333333333,-0.5498707890510559,0.4310372199255452
BH_s05_medium,24,170,29.666666666666668,-0.5806203484535217,0.23401857122330075
BH_s05_medium,24,171,29.7,-0.4390634596347809,0.016172971034822643
BH_s05_medium,24,172,29.733333333333334,-0.35291022062301636,-0.23459385142641237
BH_s05_medium,24,173,29.766666666666666,-0.22630372643470764,-0.5150579231270738
BH_s05_medium,24,174,29.8,-0.3605828583240509,-0.798208670571438
BH_s05_medium,24,175,29.833333333333332,-0.5353152751922607,-1.0333432987757505
BH_s05_medium,24,176,29.866666666666667,-0.7100476622581482,-1.1571160775875213
BH_s05_medium,24,177,29.9,-0.9232022166252136,-1.1134488044047945
BH_s05_medium,24,178,29.933333333333334,-1.0595123767852783,-0.8760238889062909
BH_s05_medium,24,179,29.966666666666665,-1.2006744146347046,-0.46474014035195194
BH_s05_medium,24,180,30.0,-1.1383856534957886,0.0518960168522066
BH_s05_medium,24,181,30.033333333333335,-0.6141862869262695,0.5718813592046135
BH_s05_medium,24,182,30.066666666666666,0.40063992142677307,0.9881163441721275
BH_s05_medium,24,183,30.1,1.4874542951583862,1.2194724637888883
BH_s05_medium,24,184,30.133333333333333,1.9881752729415894,1.2327431658730992
BH_s05_medium,24,185,30.166666666666668,1.7349578142166138,1.0478582447856946
BH_s05_medium,24,186,30.2,1.036028265953064,0.7256847051088882
BH_s05_medium,24,187,30.233333333333334,0.33709871768951416,0.3443989517057185
BH_s05_medium,24,188,30.266666666666666,-0.24977770447731018,-0.025770571170622057
BH_s05_medium,24,189,30.3,-0.5899314284324646,-0.33996183289320525
BH_s05_medium,24,190,30.333333333333332,-0.7508935332298279,-0.5829459820793761
BH_s05_medium,24,191,30.366666666666667,-0.5761611461639404,-0.7610081124484825
BH_s05_medium,24,192,30.4,-0.401428759098053,-0.8874684699688506
BH_s05_medium,24,193,30.433333333333334,-0.31488287448883057,-0.9696979159754741
BH_s05_medium,24,194,30.466666666666665,-0.31488287448883057,-1.0030461434296059
BH_s05_medium,24,195,30.5,-0.48679670691490173,-0.9724550982161762
BH_s05_medium,24,196,30.533333333333335,-0.7424378395080566,-0.8588464982521278
BH_s05_medium,24,197,30.566666666666666,-0.9248406291007996,-0.6468444813579156
BH_s05_medium,24,198,30.6,-1.099573016166687,-0.3325623587610754
BH_s05_medium,24,199,30.633333333333333,-1.2743054628372192,0.0686714168443371
BH_s05_medium,24,200,30.666666666666668,-1.28925359249115,0.516936892467033
BH_s05_medium,24,201,30.7,-0.9057580232620239,0.9492898069144284
BH_s05_medium,24,202,30.733333333333334,-0.005343065597116947,1.2913670675040265
BH_s05_medium,24,203,30.766666666666666,1.1316304206848145,1.4771881957631543
BH_s05_medium,24,204,30.8,1.84544038772583,1.4701412919090953
BH_s05_medium,24,205,30.833333333333332,1.7814452648162842,1.2761743970741228
BH_s05_medium,24,206,30.866666666666667,1.1734529733657837,0.9429878472678114
BH_s05_medium,24,207,30.9,0.4425937533378601,0.5447070819951575
BH_s05_medium,24,208,30.933333333333334,-0.15274061262607574,0.15717511221797653
BH_s05_medium,24,209,30.966666666666665,-0.5907845497131348,-0.1668657803137858
BH_s05_medium,24,210,31.0,-0.7577787041664124,-0.4121080908263371
BH_s05_medium,24,211,31.033333333333335,-0.7132588624954224,-0.5975962364743437
BH_s05_medium,24,212,31.066666666666666,-0.5385264754295349,-0.757796749597567
BH_s05_medium,24,213,31.1,-0.36379408836364746,-0.9176890691540115
BH_s05_medium,24,214,31.133333333333333,-0.3521249294281006,-1.074425567510703
BH_s05_medium,24,215,31.166666666666668,-0.4382781684398651,-1.1941498974553542
BH_s05_medium,24,216,31.2,-0.6454007029533386,-1.2247120285965332
BH_s05_medium,24,217,31.233333333333334,-0.8763220906257629,-1.1179277887460344
BH_s05_medium,24,218,31.266666666666666,-1.0510544776916504,-0.8520816949276256
BH_s05_medium,24,219,31.3,-1.2006744146347046,-0.44610243346911005
BH_s05_medium,24,220,31.333333333333332,-1.177988052368164,0.04037029909003809
BH_s05_medium,24,221,31.366666666666667,-0.8336342573165894,0.5218653175117242
BH_s05_medium,24,222,31.4,0.0756969079375267,0.9113466620620206
BH_s05_medium,24,223,31.433333333333334,1.2680062055587769,1.1442950154102864
BH_s05_medium,24,224,31.466666666666665,1.9881752729415894,1.194255001499463
BH_s05_medium,24,225,31.5,1.8573687076568604,1.0759590585704215
BH_s05_medium,24,226,31.533333333333335,1.1503082513809204,0.8364849544566294
BH_s05_medium,24,227,31.566666666666666,0.3652254641056061,0.5382869179063939
BH_s05_medium,24,228,31.6,-0.3247200548648834,0.24036846525183947
BH_s05_medium,24,229,31.633333333333333,-0.8480640649795532,-0.015789049647208047
BH_s05_medium,24,230,31.666666666666668,-1.0235161781311035,-0.21142251362920914
BH_s05_medium,24,231,31.7,-0.9389356970787048,-0.3468571868224515
BH_s05_medium,24,232,31.733333333333334,-0.7642033100128174,-0.432764969583049
BH_s05_medium,24,233,31.766666666666666,-0.5806203484535217,-0.4812461963861811
BH_s05_medium,24,234,31.8,-0.4920412003993988,-0.5000755651159515
BH_s05_medium,24,235,31.833333333333332,-0.6554970741271973,-0.49099851179527926
BH_s05_medium,24,236,31.866666666666667,-0.8302294611930847,-0.45155799703353744
BH_s05_medium,24,237,31.9,-1.0749866962432861,-0.37918377988259794
BH_s05_medium,24,238,31.933333333333334,-1.2682733535766602,-0.2754066009224537
BH_s05_medium,24,239,31.966666666666665,-1.4430058002471924,-0.14794144456994215
BH_s05_medium,25,0,25.0,-0.5327580571174622,0.02266197354976097
BH_s05_medium,25,1,25.033333333333335,-0.6309086084365845,0.3481105445208834
BH_s05_medium,25,2,25.066666666666666,-0.45617619156837463,0.5964376897623721
BH_s05_medium,25,3,25.1,-0.3700229525566101,0.7110218419969864
BH_s05_medium,25,4,25.133333333333333,-0.31488287448883057,0.6729720576886021
BH_s05_medium,25,5,25.166666666666668,-0.4320492744445801,0.5078400146738932
BH_s05_medium,25,6,25.2,-0.6329429745674133,0.2795119421376867
BH_s05_medium,25,7,25.233333333333334,-0.8938285708427429,0.0721465545955434
BH_s05_medium,25,8,25.266666666666666,-1.1334047317504883,-0.03502772884747476
BH_s05_medium,25,9,25.3,-1.28925359249115,0.0073611650286829425
BH_s05_medium,25,10,25.333333333333332,-1.2398808002471924,0.20223890700885278
BH_s05_medium,25,11,25.366666666666667,-0.5850095152854919,0.5039862682270732
BH_s05_medium,25,12,25.4,0.3864113688468933,0.8324785150147208
BH_s05_medium,25,13,25.433333333333334,1.4842396974563599,1.0987702219276865
BH_s05_medium,25,14,25.466666666666665,1.8042629957199097,1.2325554001734418
BH_s05_medium,25,15,25.5,1.4350605010986328,1.2005264290551851
BH_s05_medium,25,16,25.533333333333335,0.6499777436256409,1.009632395958001
BH_s05_medium,25,17,25.566666666666666,-0.04757371172308922,0.696709094697857
BH_s05_medium,25,18,25.6,-0.6603500247001648,0.31138439331413276
BH_s05_medium,25,19,25.633333333333333,-0.9295612573623657,-0.09955549782392499
BH_s05_medium,25,20,25.666666666666668,-0.9427386522293091,-0.5006675054509742
BH_s05_medium,25,21,25.7,-0.7680062651634216,-0.8679525501030778
BH_s05_medium,25,22,25.733333333333334,-0.5932738780975342,-1.1832523552537346
BH_s05_medium,25,23,25.766666666666666,-0.5806203484535217,-1.4275533900482709
BH_s05_medium,25,24,25.8,-0.7402732968330383,-1.5772927816457738
BH_s05_medium,25,25,25.833333333333332,-0.9150056838989258,-1.6057508617864316
BH_s05_medium,25,26,25.866666666666667,-1.0897380113601685,-1.4894117269126537
BH_s05_medium,25,27,25.9,-1.2644704580307007,-1.217465677944978
BH_s05_medium,25,28,25.933333333333334,-1.3778327703475952,-0.8015065063041528
BH_s05_medium,25,29,25.966666666666665,-1.2599445581436157,-0.28171326647657496
BH_s05_medium,25,30,26.0,-0.5072486400604248,0.27437663872102086
BH_s05_medium,25,31,26.033333333333335,0.5952380299568176,0.7828425992772885
BH_s05_medium,25,32,26.066666666666666,1.5747865438461304,1.1626382155532207
BH_s05_medium,25,33,26.1,1.850355625152588,1.3571628479592481
BH_s05_medium,25,34,26.133333333333333,1.4048359394073486,1.3496587328911682
BH_s05_medium,25,35,26.166666666666668,0.7032824754714966,1.165727723389574
BH_s05_medium,25,36,26.2,0.09070414304733276,0.8621529656125058
BH_s05_medium,25,37,26.233333333333334,-0.3939563035964966,0.507190959633843
BH_s05_medium,25,38,26.266666666666666,-0.5806203484535217,0.1599020522588725
BH_s05_medium,25,39,26.3,-0.5806203484535217,-0.14442268717911183
BH_s05_medium,25,40,26.333333333333332,-0.45978227257728577,-0.39749662369922245
BH_s05_medium,25,41,26.366666666666667,-0.31488287448883057,-0.608819705259948
BH_s05_medium,25,42,26.4,-0.31488287448883057,-0.7892086219034352
BH_s05_medium,25,43,26.433333333333334,-0.42844319343566895,-0.9361336276104536
BH_s05_medium,25,44,26.466666666666665,-0.6917547583580017,-1.0278245479680335
BH_s05_medium,25,45,26.5,-0.8664871454238892,-1.0280614882521537
BH_s05_medium,25,46,26.533333333333335,-1.0412194728851318,-0.8998102901164434
BH_s05_medium,25,47,26.566666666666666,-1.1273727416992188,-0.6233011582667584
BH_s05_medium,25,48,26.6,-1.0735408067703247,-0.21172903271152213
BH_s05_medium,25,49,26.633333333333333,-0.439913272857666,0.2827706201628601
BH_s05_medium,25,50,26.666666666666668,0.6269062757492065,0.7770804403202185
BH_s05_medium,25,51,26.7,1.650579810142517,1.1776533373908915
BH_s05_medium,25,52,26.733333333333334,1.9818795919418335,1.4070527527146848
BH_s05_medium,25,53,26.766666666666666,1.5423918962478638,1.4269874922674777
BH_s05_medium,25,54,26.8,0.843462347984314,1.2490121102210592
BH_s05_medium,25,55,26.833333333333332,0.14040283858776093,0.928445628036917
BH_s05_medium,25,56,26.866666666666667,-0.2952151596546173,0.5437794259700645
BH_s05_medium,25,57,26.9,-0.5716385245323181,0.16983175706705814
BH_s05_medium,25,58,26.933333333333334,-0.5806203484535217,-0.1447431563143076
BH_s05_medium,25,59,26.966666666666665,-0.4172957241535187,-0.3871611538881564
BH_s05_medium,25,60,27.0,-0.31488287448883057,-0.5746180895204058
BH_s05_medium,25,61,27.033333333333335,-0.31488287448883057,-0.7365522983600955
BH_s05_medium,25,62,27.066666666666666,-0.47092974185943604,-0.8934911177923455
BH_s05_medium,25,63,27.1,-0.6456621289253235,-1.0417381985158545
BH_s05_medium,25,64,27.133333333333333,-0.8203945159912109,-1.1499778994892111
BH_s05_medium,25,65,27.166666666666668,-0.9951269030570984,-1.1688333547449798
BH_s05_medium,25,66,27.2,-1.1120953559875488,-1.0499402764603263
BH_s05_medium,25,67,27.233333333333334,-1.2006744146347046,-0.7679483772276179
BH_s05_medium,25,68,27.266666666666666,-1.0948501825332642,-0.33725546912306903
BH_s05_medium,25,69,27.3,-0.41676852107048035,0.18384709443238514
BH_s05_medium,25,70,27.333333333333332,0.6415930986404419,0.7049357585532612
BH_s05_medium,25,71,27.366666666666667,1.639237642288208,1.1280953747190483
BH_s05_medium,25,72,27.4,1.9449667930603027,1.3762923206608506
BH_s05_medium,25,73,27.433333333333334,1.5593078136444092,1.4144476733122164
BH_s05_medium,25,74,27.466666666666665,0.8603782653808594,1.2562243675004834
BH_s05_medium,25,75,27.5,0.19737932085990906,0.955906524820086
BH_s05_medium,25,76,27.533333333333335,-0.2047339826822281,0.5892095213067258
BH_s05_medium,25,77,27.566666666666666,-0.4920412003993988,0.22934031333091717
BH_s05_medium,25,78,27.6,-0.5519675016403198,-0.07382153946796492
BH_s05_medium,25,79,27.633333333333333,-0.3772351145744324,-0.3041520464938911
BH_s05_medium,25,80,27.666666666666668,-0.29108187556266785,-0.47591179326045424
BH_s05_medium,25,81,27.7,-0.24767880141735077,-0.6187061772379678
BH_s05_medium,25,82,27.733333333333334,-0.4224112033843994,-0.757454869084037
BH_s05_medium,25,83,27.766666666666666,-0.5971435904502869,-0.8958482696978403
BH_s05_medium,25,84,27.8,-0.7718759775161743,-1.0102409830539694
BH_s05_medium,25,85,27.833333333333332,-0.9466083645820618,-1.0566301752083198
BH_s05_medium,25,86,27.866666666666667,-1.1120953559875488,-0.9879249192007274
BH_s05_medium,25,87,27.9,-1.2006744146347046,-0.7745419156390932
BH_s05_medium,25,88,27.933333333333334,-1.196280837059021,-0.42027376971673136
BH_s05_medium,25,89,27.966666666666665,-0.9270663857460022,0.032623932098937256
BH_s05_medium,25,90,28.0,-0.051895059645175934,0.5112409132472759
BH_s05_medium,25,91,28.033333333333335,0.9079201221466064,0.9303563824239082
BH_s05_medium,25,92,28.066666666666666,1.7065073251724243,1.2153172126392133
BH_s05_medium,25,93,28.1,1.7301738262176514,1.321752575819287
BH_s05_medium,25,94,28.133333333333333,1.1430315971374512,1.2453509337191642
BH_s05_medium,25,95,28.166666666666668,0.3681107759475708,1.018508214980434
BH_s05_medium,25,96,28.2,-0.18126221001148224,0.6958513106066256
BH_s05_medium,25,97,28.233333333333334,-0.6343199610710144,0.335127350054395
BH_s05_medium,25,98,28.266666666666666,-0.8264921307563782,-0.01854968201183759
BH_s05_medium,25,99,28.3,-0.7800703048706055,-0.33944143712295405
BH_s05_medium,25,100,28.333333333333332,-0.605337917804718,-0.6182458315549463
BH_s05_medium,25,101,28.366666666666667,-0.5191847085952759,-0.8532150704854325
BH_s05_medium,25,102,28.4,-0.5510509610176086,-1.0404105037595945
BH_s05_medium,25,103,28.433333333333334,-0.7257833480834961,-1.1670797990398054
BH_s05_medium,25,104,28.466666666666665,-0.9890949130058289,-1.2104384862110094
BH_s05_medium,25,105,28.5,-1.1638273000717163,-1.1425369033997117
BH_s05_medium,25,106,28.533333333333335,-1.338559627532959,-0.9402899726804647
BH_s05_medium,25,107,28.566666666666666,-1.5132920742034912,-0.5979480408322282
BH_s05_medium,25,108,28.6,-1.6435703039169312,-0.1375691653122927
BH_s05_medium,25,109,28.633333333333333,-1.6015419960021973,0.38751265371986565
BH_s05_medium,25,110,28.666666666666668,-1.0912419557571411,0.8996191453763134
BH_s05_medium,25,111,28.7,-0.09182441979646683,1.313649403948677
BH_s05_medium,25,112,28.733333333333334,1.0103986263275146,1.5589673738361949
BH_s05_medium,25,113,28.766666666666666,1.577604055404663,1.5985042305446227
BH_s05_medium,25,114,28.8,1.3969030380249023,1.4382698644002165
BH_s05_medium,25,115,28.833333333333332,0.8153344988822937,1.1240020573072638
BH_s05_medium,25,116,28.866666666666667,0.23003089427947998,0.7258374074374945
BH_s05_medium,25,117,28.9,-0.20558711886405945,0.3159621192617554
BH_s05_medium,25,118,28.933333333333334,-0.5324310660362244,-0.052591071587182854
BH_s05_medium,25,119,28.966666666666665,-0.6514305472373962,-0.357649160769134
BH_s05_medium,25,120,29.0,-0.5652772784233093,-0.6057780834343669
BH_s05_medium,25,121,29.033333333333335,-0.39054492115974426,-0.8182504465096523
BH_s05_medium,25,122,29.066666666666666,-0.31488287448883057,-1.0121647754125997
BH_s05_medium,25,123,29.1,-0.4115273356437683,-1.1854382970151993
BH_s05_medium,25,124,29.133333333333333,-0.5862597227096558,-1.3120576190369262
BH_s05_medium,25,125,29.166666666666668,-0.7609921097755432,-1.3493529845205423
BH_s05_medium,25,126,29.2,-0.9357244968414307,-1.254462686694071
BH_s05_medium,25,127,29.233333333333334,-1.110456943511963,-1.003776230487156
BH_s05_medium,25,128,29.266666666666666,-1.1966100931167603,-0.6076720939811797
BH_s05_medium,25,129,29.3,-1.2006744146347046,-0.11418175195363495
BH_s05_medium,25,130,29.333333333333332,-1.2006744146347046,0.4006216994151613
BH_s05_medium,25,131,29.366666666666667,-0.6259889006614685,0.8523620089513367
BH_s05_medium,25,132,29.4,0.3997211754322052,1.170986560658508
BH_s05_medium,25,133,29.433333333333334,1.4643094539642334,1.3181958345163411
BH_s05_medium,25,134,29.466666666666665,1.9695552587509155,1.2942969537123548
BH_s05_medium,25,135,29.5,1.6969960927963257,1.1333029926520244
BH_s05_medium,25,136,29.533333333333335,1.019112467765808,0.8886224987507525
BH_s05_medium,25,137,29.566666666666666,0.3201828598976135,0.6143868229703654
BH_s05_medium,25,138,29.6,-0.16965647041797638,0.3492987811461735
BH_s05_medium,25,139,29.633333333333333,-0.5498707890510559,0.10901315121998728
BH_s05_medium,25,140,29.666666666666668,-0.5806203484535217,-0.11119620611271529
BH_s05_medium,25,141,29.7,-0.4390634596347809,-0.3262164244121172
BH_s05_medium,25,142,29.733333333333334,-0.35291022062301636,-0.54775215687576
BH_s05_medium,25,143,29.766666666666666,-0.22630372643470764,-0.7721360266511824
BH_s05_medium,25,144,29.8,-0.3605828583240509,-0.973445487073294
BH_s05_medium,25,145,29.833333333333332,-0.5353152751922607,-1.1054574120536367
BH_s05_medium,25,146,29.866666666666667,-0.7100476622581482,-1.1136574211382362
BH_s05_medium,25,147,29.9,-0.9232022166252136,-0.9547936458364366
BH_s05_medium,25,148,29.933333333333334,-1.0595123767852783,-0.6177009140092322
BH_s05_medium,25,149,29.966666666666665,-1.2006744146347046,-0.13698191119531583
BH_s05_medium,25,150,30.0,-1.1383856534957886,0.40786146943421275
BH_s05_medium,25,151,30.033333333333335,-0.6141862869262695,0.9102658558945327
BH_s05_medium,25,152,30.066666666666666,0.40063992142677307,1.2662282890736931
BH_s05_medium,25,153,30.1,1.4874542951583862,1.4046603046298922
BH_s05_medium,25,154,30.133333333333333,1.9881752729415894,1.3070182237878234
BH_s05_medium,25,155,30.166666666666668,1.7349578142166138,1.009420311675683
BH_s05_medium,25,156,30.2,1.036028265953064,0.587407575487061
BH_s05_medium,25,157,30.233333333333334,0.33709871768951416,0.129953069896913
BH_s05_medium,25,158,30.266666666666666,-0.24977770447731018,-0.28699704815179294
BH_s05_medium,25,159,30.3,-0.5899314284324646,-0.6177496524366134
BH_s05_medium,25,160,30.333333333333332,-0.7508935332298279,-0.8498252281971753
BH_s05_medium,25,161,30.366666666666667,-0.5761611461639404,-0.9940446175064674
BH_s05_medium,25,162,30.4,-0.401428759098053,-1.068273606495707
BH_s05_medium,25,163,30.433333333333334,-0.31488287448883057,-1.0830759007643165
BH_s05_medium,25,164,30.466666666666665,-0.31488287448883057,-1.0353482096001096
BH_s05_medium,25,165,30.5,-0.48679670691490173,-0.9113844597690036
BH_s05_medium,25,166,30.533333333333335,-0.7424378395080566,-0.6962876277016956
BH_s05_medium,25,167,30.566666666666666,-0.9248406291007996,-0.3847459838181167
BH_s05_medium,25,168,30.6,-1.099573016166687,0.010522693576836181
BH_s05_medium,25,169,30.633333333333333,-1.2743054628372192,0.45447484149719314
BH_s05_medium,25,170,30.666666666666668,-1.28925359249115,0.8911562815581546
BH_s05_medium,25,171,30.7,-0.9057580232620239,1.2523644951055815
BH_s05_medium,25,172,30.733333333333334,-0.005343065597116947,1.4731460007705748
BH_s05_medium,25,173,30.766666666666666,1.1316304206848145,1.5102254590434117
BH_s05_medium,25,174,30.8,1.84544038772583,1.3565813885703222
BH_s05_medium,25,175,30.833333333333332,1.7814452648162842,1.0455112889259819
BH_s05_medium,25,176,30.866666666666667,1.1734529733657837,0.6414443452349039
BH_s05_medium,25,177,30.9,0.4425937533378601,0.22026623345531204
BH_s05_medium,25,178,30.933333333333334,-0.15274061262607574,-0.1539062570332539
BH_s05_medium,25,179,30.966666666666665,-0.5907845497131348,-0.4469186890554688
BH_s05_medium,25,180,31.0,-0.7577787041664124,-0.6603509346707699
BH_s05_medium,25,181,31.033333333333335,-0.7132588624954224,-0.8219445153933922
BH_s05_medium,25,182,31.066666666666666,-0.5385264754295349,-0.9645741041271022
BH_s05_medium,25,183,31.1,-0.36379408836364746,-1.1033711596669726
BH_s05_medium,25,184,31.133333333333333,-0.3521249294281006,-1.2218375172985838
BH_s05_medium,25,185,31.166666666666668,-0.4382781684398651,-1.2738319749409985
BH_s05_medium,25,186,31.2,-0.6454007029533386,-1.2011164078591525
BH_s05_medium,25,187,31.233333333333334,-0.8763220906257629,-0.959413830046403
BH_s05_medium,25,188,31.266666666666666,-1.0510544776916504,-0.542673258532179
BH_s05_medium,25,189,31.3,-1.2006744146347046,0.004355677176117862
BH_s05_medium,25,190,31.333333333333332,-1.177988052368164,0.5917754057413863
BH_s05_medium,25,191,31.366666666666667,-0.8336342573165894,1.1082882259885727
BH_s05_medium,25,192,31.4,0.0756969079375267,1.4543740689757607
BH_s05_medium,25,193,31.433333333333334,1.2680062055587769,1.5713725207877873
BH_s05_medium,25,194,31.466666666666665,1.9881752729415894,1.455680207910125
BH_s05_medium,25,195,31.5,1.8573687076568604,1.1546520716808286
BH_s05_medium,25,196,31.533333333333335,1.1503082513809204,0.7476521888960457
BH_s05_medium,25,197,31.566666666666666,0.3652254641056061,0.31998603287452215
BH_s05_medium,25,198,31.6,-0.3247200548648834,-0.061018417725517866
BH_s05_medium,25,199,31.633333333333333,-0.8480640649795532,-0.359988780435014
BH_s05_medium,25,200,31.666666666666668,-1.0235161781311035,-0.5739240297458624
BH_s05_medium,25,201,31.7,-0.9389356970787048,-0.7206924245973264
BH_s05_medium,25,202,31.733333333333334,-0.7642033100128174,-0.8215664138446067
BH_s05_medium,25,203,31.766666666666666,-0.5806203484535217,-0.8855389341737566
BH_s05_medium,25,204,31.8,-0.4920412003993988,-0.9019003564907578
BH_s05_medium,25,205,31.833333333333332,-0.6554970741271973,-0.8440167479587033
BH_s05_medium,25,206,31.866666666666667,-0.8302294611930847,-0.6828539790589625
BH_s05_medium,25,207,31.9,-1.0749866962432861,-0.40483648382439286
BH_s05_medium,25,208,31.933333333333334,-1.2682733535766602,-0.026352078183298867
BH_s05_medium,25,209,31.966666666666665,-1.4430058002471924,0.40216951725662586
BH_s05_medium,25,210,32.0,-1.2523386478424072,0.8058433742242342
BH_s05_medium,25,211,32.03333333333333,-0.395851731300354,1.1060684576817876
BH_s05_medium,25,212,32.06666666666667,0.6525425910949707,1.2446422690984473
BH_s05_medium,25,213,32.1,1.5345290899276733,1.2013206094429116
BH_s05_medium,25,214,32.13333333333333,1.6693943738937378,0.99729177542354
BH_s05_medium,25,215,32.166666666666664,1.1656513214111328,0.6831208222359778
BH_s05_medium,25,216,32.2,0.3781426250934601,0.3168392861669617
BH_s05_medium,25,217,32.233333333333334,-0.3207869529724121,-0.05737659009421922
BH_s05_medium,25,218,32.266666666666666,-0.8877976536750793,-0.4196869060278253
BH_s05_medium,25,219,32.3,-1.153009057044983,-0.7695854328677894
BH_s05_medium,25,220,32.333333333333336,-1.0736074447631836,-1.109312090426316
BH_s05_medium,25,221,32.36666666666667,-0.8628132343292236,-1.425778294704158
BH_s05_medium,25,222,32.4,-0.6355635523796082,-1.6811115662434073
BH_s05_medium,25,223,32.43333333333333,-0.4920412003993988,-1.8170450392000823
BH_s05_medium,25,224,32.46666666666667,-0.5806203484535217,-1.7721543169428862
BH_s05_medium,25,225,32.5,-0.695557713508606,-1.5056286709529403
BH_s05_medium,25,226,32.53333333333333,-0.8702901005744934,-1.0182277070712884
BH_s05_medium,25,227,32.56666666666667,-0.9564433097839355,-0.36159616547970624
BH_s05_medium,25,228,32.6,-1.0044357776641846,0.3686444327342944
BH_s05_medium,25,229,32.63333333333333,-0.49734804034233093,1.05442127048628
BH_s05_medium,25,230,32.666666666666664,0.40477100014686584,1.5843506038740687
BH_s05_medium,25,231,32.7,1.5157133340835571,1.8812833286842876
BH_s05_medium,25,232,32.733333333333334,2.076754331588745,1.920607793975319
BH_s05_medium,25,233,32.766666666666666,1.8787437677383423,1.7348723310350274
BH_s05_medium,25,234,32.8,1.172863483428955,1.4031904078071922
BH_s05_medium,25,235,32.833333333333336,0.4739339351654053,1.027252554167882
BH_s05_medium,25,236,32.86666666666667,-0.13674350082874298,0.7003012454169213
BH_s05_medium,25,237,32.9,-0.48928824067115784,0.4789641207719785
BH_s05_medium,25,238,32.93333333333333,-0.5806203484535217,0.36773552084917877
BH_s05_medium,25,239,32.96666666666667,-0.41106685996055603,0.32178638400424925
BH_s05_medium,26,0,26.0,-0.5072486400604248,-0.059179843846850766
BH_s05_medium,26,1,26.033333333333335,0.5952380299568176,0.7919521028320984
BH_s05_medium,26,2,26.066666666666666,1.5747865438461304,1.4825754598793042
BH_s05_medium,26,3,26.1,1.850355625152588,1.896063638524483
BH_s05_medium,26,4,26.133333333333333,1.4048359394073486,1.9878960946620463
BH_s05_medium,26,5,26.166666666666668,0.7032824754714966,1.7919063000772402
BH_s05_medium,26,6,26.2,0.09070414304733276,1.4010130794883497
BH_s05_medium,26,7,26.233333333333334,-0.3939563035964966,0.9311557543269335
BH_s05_medium,26,8,26.266666666666666,-0.5806203484535217,0.48281764252987003
BH_s05_medium,26,9,26.3,-0.5806203484535217,0.11394413490846038
BH_s05_medium,26,10,26.333333333333332,-0.45978227257728577,-0.16644558948509958
BH_s05_medium,26,11,26.366666666666667,-0.31488287448883057,-0.38315212230731294
BH_s05_medium,26,12,26.4,-0.31488287448883057,-0.5679832417354893
BH_s05_medium,26,13,26.433333333333334,-0.42844319343566895,-0.7360898140829751
BH_s05_medium,26,14,26.466666666666665,-0.6917547583580017,-0.875335911087164
BH_s05_medium,26,15,26.5,-0.8664871454238892,-0.9499652642528278
BH_s05_medium,26,16,26.533333333333335,-1.0412194728851318,-0.9151926457947991
BH_s05_medium,26,17,26.566666666666666,-1.1273727416992188,-0.7377402675118224
BH_s05_medium,26,18,26.6,-1.0735408067703247,-0.4153632867110034
BH_s05_medium,26,19,26.633333333333333,-0.439913272857666,0.012612558074307521
BH_s05_medium,26,20,26.666666666666668,0.6269062757492065,0.46929367089214274
BH_s05_medium,26,21,26.7,1.650579810142517,0.8590832159956724
BH_s05_medium,26,22,26.733333333333334,1.9818795919418335,1.095956416943561
BH_s05_medium,26,23,26.766666666666666,1.5423918962478638,1.1312195021531908
BH_s05_medium,26,24,26.8,0.843462347984314,0.969463107816875
BH_s05_medium,26,25,26.833333333333332,0.14040283858776093,0.6652215696049968
BH_s05_medium,26,26,26.866666666666667,-0.2952151596546173,0.3014053664891295
BH_s05_medium,26,27,26.9,-0.5716385245323181,-0.04095234839015696
BH_s05_medium,26,28,26.933333333333334,-0.5806203484535217,-0.3087890937278822
BH_s05_medium,26,29,26.966666666666665,-0.4172957241535187,-0.488972673919268
BH_s05_medium,26,30,27.0,-0.31488287448883057,-0.6030073797489404
BH_s05_medium,26,31,27.033333333333335,-0.31488287448883057,-0.6886749679414716
BH_s05_medium,26,32,27.066666666666666,-0.47092974185943604,-0.777396184174916
BH_s05_medium,26,33,27.1,-0.6456621289253235,-0.8766240954821906
BH_s05_medium,26,34,27.133333333333333,-0.8203945159912109,-0.9635964471617836
BH_s05_medium,26,35,27.166666666666668,-0.9951269030570984,-0.9923296018530258
BH_s05_medium,26,36,27.2,-1.1120953559875488,-0.9116244243388151
BH_s05_medium,26,37,27.233333333333334,-1.2006744146347046,-0.6881860789401484
BH_s05_medium,26,38,27.266666666666666,-1.0948501825332642,-0.32600765019036165
BH_s05_medium,26,39,27.3,-0.41676852107048035,0.1269336487077113
BH_s05_medium,26,40,27.333333333333332,0.6415930986404419,0.5892248081725869
BH_s05_medium,26,41,27.366666666666667,1.639237642288208,0.9707521253954422
BH_s05_medium,26,42,27.4,1.9449667930603027,1.2014285116851353
BH_s05_medium,26,43,27.433333333333334,1.5593078136444092,1.2517557948888633
BH_s05_medium,26,44,27.466666666666665,0.8603782653808594,1.137953520288845
BH_s05_medium,26,45,27.5,0.19737932085990906,0.9117862836925534
BH_s05_medium,26,46,27.533333333333335,-0.2047339826822281,0.6401471569651391
BH_s05_medium,26,47,27.566666666666666,-0.4920412003993988,0.3816892070694978
BH_s05_medium,26,48,27.6,-0.5519675016403198,0.1686541209601628
BH_s05_medium,26,49,27.633333333333333,-0.3772351145744324,0.0006188480143223462
BH_s05_medium,26,50,27.666666666666668,-0.29108187556266785,-0.1476552276525094
BH_s05_medium,26,51,27.7,-0.24767880141735077,-0.3079331430091577
BH_s05_medium,26,52,27.733333333333334,-0.4224112033843994,-0.49778353692438637
BH_s05_medium,26,53,27.766666666666666,-0.5971435904502869,-0.7064357102201797
BH_s05_medium,26,54,27.8,-0.7718759775161743,-0.8934972542373855
BH_s05_medium,26,55,27.833333333333332,-0.9466083645820618,-1.0014379818360954
BH_s05_medium,26,56,27.866666666666667,-1.1120953559875488,-0.976941955140347
BH_s05_medium,26,57,27.9,-1.2006744146347046,-0.7926486324565484
BH_s05_medium,26,58,27.933333333333334,-1.196280837059021,-0.4609977778997572
BH_s05_medium,26,59,27.966666666666665,-0.9270663857460022,-0.03510188869503956
BH_s05_medium,26,60,28.0,-0.051895059645175934,0.40395683452092507
BH_s05_medium,26,61,28.033333333333335,0.9079201221466064,0.7695210999046145
BH_s05_medium,26,62,28.066666666666666,1.7065073251724243,0.9940803730556145
BH_s05_medium,26,63,28.1,1.7301738262176514,1.0476671527000687
BH_s05_medium,26,64,28.133333333333333,1.1430315971374512,0.943072320293602
BH_s05_medium,26,65,28.166666666666668,0.3681107759475708,0.7259445324635412
BH_s05_medium,26,66,28.2,-0.18126221001148224,0.45435287864098334
BH_s05_medium,26,67,28.233333333333334,-0.6343199610710144,0.17717099864649324
BH_s05_medium,26,68,28.266666666666666,-0.8264921307563782,-0.07921207776625258
BH_s05_medium,26,69,28.3,-0.7800703048706055,-0.31109438878568896
BH_s05_medium,26,70,28.333333333333332,-0.605337917804718,-0.5269084765504808
BH_s05_medium,26,71,28.366666666666667,-0.5191847085952759,-0.733099274330948
BH_s05_medium,26,72,28.4,-0.5510509610176086,-0.9233738092995531
BH_s05_medium,26,73,28.433333333333334,-0.7257833480834961,-1.0748746921850925
BH_s05_medium,26,74,28.466666666666665,-0.9890949130058289,-1.1516902683980668
BH_s05_medium,26,75,28.5,-1.1638273000717163,-1.1142855151980544
BH_s05_medium,26,76,28.533333333333335,-1.338559627532959,-0.9324095553477534
BH_s05_medium,26,77,28.566666666666666,-1.5132920742034912,-0.598193531574874
BH_s05_medium,26,78,28.6,-1.6435703039169312,-0.1353890935219976
BH_s05_medium,26,79,28.633333333333333,-1.6015419960021973,0.3992764454314335
BH_s05_medium,26,80,28.666666666666668,-1.0912419557571411,0.9249740689995796
BH_s05_medium,26,81,28.7,-0.09182441979646683,1.3547238400515367
BH_s05_medium,26,82,28.733333333333334,1.0103986263275146,1.6171338825393056
BH_s05_medium,26,83,28.766666666666666,1.577604055404663,1.6745310885156997
BH_s05_medium,26,84,28.8,1.3969030380249023,1.5315884617793898
BH_s05_medium,26,85,28.833333333333332,0.8153344988822937,1.231927951932327
BH_s05_medium,26,86,28.866666666666667,0.23003089427947998,0.8433488282517398
BH_s05_medium,26,87,28.9,-0.20558711886405945,0.4358219197160957
BH_s05_medium,26,88,28.933333333333334,-0.5324310660362244,0.06025818980469034
BH_s05_medium,26,89,28.966666666666665,-0.6514305472373962,-0.26294230773174987
BH_s05_medium,26,90,29.0,-0.5652772784233093,-0.5408416445698496
BH_s05_medium,26,91,29.033333333333335,-0.39054492115974426,-0.7928110595246859
BH_s05_medium,26,92,29.066666666666666,-0.31488287448883057,-1.0312301280009315
BH_s05_medium,26,93,29.1,-0.4115273356437683,-1.2473394984651685
BH_s05_medium,26,94,29.133333333333333,-0.5862597227096558,-1.4084879322287063
BH_s05_medium,26,95,29.166666666666668,-0.7609921097755432,-1.467738145352292
BH_s05_medium,26,96,29.2,-0.9357244968414307,-1.381963893286109
BH_s05_medium,26,97,29.233333333333334,-1.110456943511963,-1.1314094407663053
BH_s05_medium,26,98,29.266666666666666,-1.1966100931167603,-0.7327459738616396
BH_s05_medium,26,99,29.3,-1.2006744146347046,-0.23975520936738584
BH_s05_medium,26,100,29.333333333333332,-1.2006744146347046,0.2692769093546489
BH_s05_medium,26,101,29.366666666666667,-0.6259889006614685,0.7127881061853981
BH_s05_medium,26,102,29.4,0.3997211754322052,1.0276914736276255
BH_s05_medium,26,103,29.433333333333334,1.4643094539642334,1.1839184875327398
BH_s05_medium,26,104,29.466666666666665,1.9695552587509155,1.1877677820721817
BH_s05_medium,26,105,29.5,1.6969960927963257,1.0744931519827496
BH_s05_medium,26,106,29.533333333333335,1.019112467765808,0.8933749897385997
BH_s05_medium,26,107,29.566666666666666,0.3201828598976135,0.690278933020125
BH_s05_medium,26,108,29.6,-0.16965647041797638,0.49400461281725155
BH_s05_medium,26,109,29.633333333333333,-0.5498707890510559,0.31149237829126125
BH_s05_medium,26,110,29.666666666666668,-0.5806203484535217,0.13234061939042574
BH_s05_medium,26,111,29.7,-0.4390634596347809,-0.06099462351791194
BH_s05_medium,26,112,29.733333333333334,-0.35291022062301636,-0.28119084917496634
BH_s05_medium,26,113,29.766666666666666,-0.22630372643470764,-0.5249341446069399
BH_s05_medium,26,114,29.8,-0.3605828583240509,-0.7658702441986174
BH_s05_medium,26,115,29.833333333333332,-0.5353152751922607,-0.9555759490429515
BH_s05_medium,26,116,29.866666666666667,-0.7100476622581482,-1.034828306950897
BH_s05_medium,26,117,29.9,-0.9232022166252136,-0.9533782131162917
BH_s05_medium,26,118,29.933333333333334,-1.0595123767852783,-0.6919000783529121
BH_s05_medium,26,119,29.966666666666665,-1.2006744146347046,-0.277126674826545
BH_s05_medium,26,120,30.0,-1.1383856534957886,0.21775711109281104
BH_s05_medium,26,121,30.033333333333335,-0.6141862869262695,0.6900716990878005
BH_s05_medium,26,122,30.066666666666666,0.40063992142677307,1.0367979591677814
BH_s05_medium,26,123,30.1,1.4874542951583862,1.1849374067752254
BH_s05_medium,26,124,30.133333333333333,1.9881752729415894,1.111695107853039
BH_s05_medium,26,125,30.166666666666668,1.7349578142166138,0.8476518131634093
BH_s05_medium,26,126,30.2,1.036028265953064,0.4628198140831922
BH_s05_medium,26,127,30.233333333333334,0.33709871768951416,0.04179128130613971
BH_s05_medium,26,128,30.266666666666666,-0.24977770447731018,-0.34204362734151134
BH_s05_medium,26,129,30.3,-0.5899314284324646,-0.6435891965016561
BH_s05_medium,26,130,30.333333333333332,-0.7508935332298279,-0.8493291245001214
BH_s05_medium,26,131,30.366666666666667,-0.5761611461639404,-0.9681316845672828
BH_s05_medium,26,132,30.4,-0.401428759098053,-1.0161540330728298
BH_s05_medium,26,133,30.433333333333334,-0.31488287448883057,-1.0039558142496507
BH_s05_medium,26,134,30.466666666666665,-0.31488287448883057,-0.9311709319315901
BH_s05_medium,26,135,30.5,-0.48679670691490173,-0.7891314969490194
BH_s05_medium,26,136,30.533333333333335,-0.7424378395080566,-0.5679039489873599
BH_s05_medium,26,137,30.566666666666666,-0.9248406291007996,-0.2637182047340849
BH_s05_medium,26,138,30.6,-1.099573016166687,0.11461943614673385
BH_s05_medium,26,139,30.633333333333333,-1.2743054628372192,0.5401124655046873
BH_s05_medium,26,140,30.666666666666668,-1.28925359249115,0.9645514716907163
BH_s05_medium,26,141,30.7,-0.9057580232620239,1.322283226685797
BH_s05_medium,26,142,30.733333333333334,-0.005343065597116947,1.5435495919695863
BH_s05_medium,26,143,30.766666666666666,1.1316304206848145,1.5750837006138159
BH_s05_medium,26,144,30.8,1.84544038772583,1.4002273543941364
BH_s05_medium,26,145,30.833333333333332,1.7814452648162842,1.0490685832193243
BH_s05_medium,26,146,30.866666666666667,1.1734529733657837,0.5927888587966438
BH_s05_medium,26,147,30.9,0.4425937533378601,0.12305591521187892
BH_s05_medium,26,148,30.933333333333334,-0.15274061262607574,-0.2767903327741457
BH_s05_medium,26,149,30.966666666666665,-0.5907845497131348,-0.5583110936492736
BH_s05_medium,26,150,31.0,-0.7577787041664124,-0.7211904159058888
BH_s05_medium,26,151,31.033333333333335,-0.7132588624954224,-0.806190575041129
BH_s05_medium,26,152,31.066666666666666,-0.5385264754295349,-0.8698863192060334
BH_s05_medium,26,153,31.1,-0.36379408836364746,-0.952482753522207
BH_s05_medium,26,154,31.133333333333333,-0.3521249294281006,-1.0541086199219496
BH_s05_medium,26,155,31.166666666666668,-0.4382781684398651,-1.1312851112908338
BH_s05_medium,26,156,31.2,-0.6454007029533386,-1.1154008264228958
BH_s05_medium,26,157,31.233333333333334,-0.8763220906257629,-0.9447671169454601
BH_s05_medium,26,158,31.266666666666666,-1.0510544776916504,-0.5965714064543901
BH_s05_medium,26,159,31.3,-1.2006744146347046,-0.10543868039548167
BH_s05_medium,26,160,31.333333333333332,-1.177988052368164,0.4400729920128844
BH_s05_medium,26,161,31.366666666666667,-0.8336342573165894,0.9232660519545325
BH_s05_medium,26,162,31.4,0.0756969079375267,1.2374066364582903
BH_s05_medium,26,163,31.433333333333334,1.2680062055587769,1.3202539823543906
BH_s05_medium,26,164,31.466666666666665,1.9881752729415894,1.1717450759952925
BH_s05_medium,26,165,31.5,1.8573687076568604,0.8497568004556864
BH_s05_medium,26,166,31.533333333333335,1.1503082513809204,0.4472300206547767
BH_s05_medium,26,167,31.566666666666666,0.3652254641056061,0.059932727356818295
BH_s05_medium,26,168,31.6,-0.3247200548648834,-0.24309039721395503
BH_s05_medium,26,169,31.633333333333333,-0.8480640649795532,-0.43577687835091533
BH_s05_medium,26,170,31.666666666666668,-1.0235161781311035,-0.5330209194961302
BH_s05_medium,26,171,31.7,-0.9389356970787048,-0.5729627916578964
BH_s05_medium,26,172,31.733333333333334,-0.7642033100128174,-0.5925086781905347
BH_s05_medium,26,173,31.766666666666666,-0.5806203484535217,-0.6071314973077964
BH_s05_medium,26,174,31.8,-0.4920412003993988,-0.603092971334978
BH_s05_medium,26,175,31.833333333333332,-0.6554970741271973,-0.5445285856890961
BH_s05_medium,26,176,31.866666666666667,-0.8302294611930847,-0.392270011056622
BH_s05_medium,26,177,31.9,-1.0749866962432861,-0.1269435858189088
BH_s05_medium,26,178,31.933333333333334,-1.2682733535766602,0.23355176946147968
BH_s05_medium,26,179,31.966666666666665,-1.4430058002471924,0.6309014930027379
BH_s05_medium,26,180,32.0,-1.2523386478424072,0.9807470107662802
BH_s05_medium,26,181,32.03333333333333,-0.395851731300354,1.2000408440156347
BH_s05_medium,26,182,32.06666666666667,0.6525425910949707,1.2365450166779448
BH_s05_medium,26,183,32.1,1.5345290899276733,1.0876947504682914
BH_s05_medium,26,184,32.13333333333333,1.6693943738937378,0.7998183686186516
BH_s05_medium,26,185,32.166666666666664,1.1656513214111328,0.4472218770063126
BH_s05_medium,26,186,32.2,0.3781426250934601,0.1005122479570043
BH_s05_medium,26,187,32.233333333333334,-0.3207869529724121,-0.20048191471379578
BH_s05_medium,26,188,32.266666666666666,-0.8877976536750793,-0.45563843934368947
BH_s05_medium,26,189,32.3,-1.153009057044983,-0.6910542985449852
BH_s05_medium,26,190,32.333333333333336,-1.0736074447631836,-0.9311214645688175
BH_s05_medium,26,191,32.36666666666667,-0.8628132343292236,-1.1719714012944338
BH_s05_medium,26,192,32.4,-0.6355635523796082,-1.3706574044018902
BH_s05_medium,26,193,32.43333333333333,-0.4920412003993988,-1.4559289193941993
BH_s05_medium,26,194,32.46666666666667,-0.5806203484535217,-1.3563100337284748
BH_s05_medium,26,195,32.5,-0.695557713508606,-1.0334431965055415
BH_s05_medium,26,196,32.53333333333333,-0.8702901005744934,-0.5058878122851755
BH_s05_medium,26,197,32.56666666666667,-0.9564433097839355,0.14757279194956194
BH_s05_medium,26,198,32.6,-1.0044357776641846,0.806752856774488
BH_s05_medium,26,199,32.63333333333333,-0.49734804034233093,1.3430870667557846
BH_s05_medium,26,200,32.666666666666664,0.40477100014686584,1.6542393706824379
BH_s05_medium,26,201,32.7,1.5157133340835571,1.6889391334721824
BH_s05_medium,26,202,32.733333333333334,2.076754331588745,1.4558510345568445
BH_s05_medium,26,203,32.766666666666666,1.8787437677383423,1.0161404754472803
BH_s05_medium,26,204,32.8,1.172863483428955,0.46360840780078333
BH_s05_medium,26,205,32.833333333333336,0.4739339351654053,-0.10111826828895751
BH_s05_medium,26,206,32.86666666666667,-0.13674350082874298,-0.5943420913607534
BH_s05_medium,26,207,32.9,-0.48928824067115784,-0.9636074790255577
BH_s05_medium,26,208,32.93333333333333,-0.5806203484535217,-1.1888307463891774
BH_s05_medium,26,209,32.96666666666667,-0.41106685996055603,-1.2721765512178145
BH_s05_medium,26,210,33.0,-0.14775530993938446,-1.2237966470761998
BH_s05_medium,26,211,33.03333333333333,-0.0491454117000103,-1.0522849330126671
BH_s05_medium,26,212,33.06666666666667,-0.1228419840335846,-0.7654340409413798
BH_s05_medium,26,213,33.1,-0.2802658677101135,-0.37997084953813465
BH_s05_medium,26,214,33.13333333333333,-0.4723067581653595,0.0677414068052892
BH_s05_medium,26,215,33.166666666666664,-0.7356182932853699,0.5195268013231346
BH_s05_medium,26,216,33.2,-0.7823649644851685,0.905667355418805
BH_s05_medium,26,217,33.233333333333334,-0.33435261249542236,1.163414405204561
BH_s05_medium,26,218,33.266666666666666,0.6305791139602661,1.2548481075901923
BH_s05_medium,26,219,33.3,1.6516965627670288,1.1760960145544144
BH_s05_medium,26,220,33.333333333333336,2.1310434341430664,0.9549470498832624
BH_s05_medium,26,221,33.36666666666667,1.9211647510528564,0.6394905312176262
BH_s05_medium,26,222,33.4,1.209513783454895,0.28342356610739006
BH_s05_medium,26,223,33.43333333333333,0.4714423716068268,-0.06643307063948042
BH_s05_medium,26,224,33.46666666666667,-0.1383163034915924,-0.376882095453637
BH_s05_medium,26,225,33.5,-0.4877810776233673,-0.6282393906502017
BH_s05_medium,26,226,33.53333333333333,-0.5408867597579956,-0.8083076302480565
BH_s05_medium,26,227,33.56666666666667,-0.36615437269210815,-0.9037249313725632
BH_s05_medium,26,228,33.6,-0.10284283757209778,-0.8944580243801208
BH_s05_medium,26,229,33.63333333333333,-0.0491454117000103,-0.7570898628421914
BH_s05_medium,26,230,33.666666666666664,-0.07917529344558716,-0.4779568313186327
BH_s05_medium,26,231,33.7,-0.2539076805114746,-0.0703531069381829
BH_s05_medium,26,232,33.733333333333334,-0.45381808280944824,0.41454125210612763
BH_s05_medium,26,233,33.766666666666666,-0.669199526309967,0.8916300905148562
BH_s05_medium,26,234,33.8,-0.628547191619873,1.2613382870319367
BH_s05_medium,26,235,33.833333333333336,-0.048223357647657394,1.436655757152983
BH_s05_medium,26,236,33.86666666666667,1.018071174621582,1.3671076655497758
BH_s05_medium,26,237,33.9,1.9517896175384521,1.0518381155275545
BH_s05_medium,26,238,33.93333333333333,2.2432901859283447,0.539307333578645
BH_s05_medium,26,239,33.96666666666667,1.8668099641799927,-0.08399556883899545
BH_s05_medium,27,0,27.0,-0.31488287448883057,0.028801787042147347
BH_s05_medium,27,1,27.033333333333335,-0.31488287448883057,0.24088526073087232
BH_s05_medium,27,2,27.066666666666666,-0.47092974185943604,0.378165693024802
BH_s05_medium,27,3,27.1,-0.6456621289253235,0.39764932456899466
BH_s05_medium,27,4,27.133333333333333,-0.8203945159912109,0.30797338712810346
BH_s05_medium,27,5,27.166666666666668,-0.9951269030570984,0.16844074106844226
BH_s05_medium,27,6,27.2,-1.1120953559875488,0.06637830102410903
BH_s05_medium,27,7,27.233333333333334,-1.2006744146347046,0.0814240756086036
BH_s05_medium,27,8,27.266666666666666,-1.0948501825332642,0.25138416095513605
BH_s05_medium,27,9,27.3,-0.41676852107048035,0.5540652213571222
BH_s05_medium,27,10,27.333333333333332,0.6415930986404419,0.9131627068557356
BH_s05_medium,27,11,27.366666666666667,1.639237642288208,1.225927177844637
BH_s05_medium,27,12,27.4,1.9449667930603027,1.4002261615657572
BH_s05_medium,27,13,27.433333333333334,1.5593078136444092,1.3849081979682907
BH_s05_medium,27,14,27.466666666666665,0.8603782653808594,1.1826389346318746
BH_s05_medium,27,15,27.5,0.19737932085990906,0.8433877497390021
BH_s05_medium,27,16,27.533333333333335,-0.2047339826822281,0.44322804900054746
BH_s05_medium,27,17,27.566666666666666,-0.4920412003993988,0.05664518289337677
BH_s05_medium,27,18,27.6,-0.5519675016403198,-0.2674947472209679
BH_s05_medium,27,19,27.633333333333333,-0.3772351145744324,-0.5172421970736888
BH_s05_medium,27,20,27.666666666666668,-0.29108187556266785,-0.7123623283252805
BH_s05_medium,27,21,27.7,-0.24767880141735077,-0.8859671002974254
BH_s05_medium,27,22,27.733333333333334,-0.4224112033843994,-1.0615835084124077
BH_s05_medium,27,23,27.766666666666666,-0.5971435904502869,-1.235762338198993
BH_s05_medium,27,24,27.8,-0.7718759775161743,-1.3738222327546812
BH_s05_medium,27,25,27.833333333333332,-0.9466083645820618,-1.4207917482238623
BH_s05_medium,27,26,27.866666666666667,-1.1120953559875488,-1.3231665352520983
BH_s05_medium,27,27,27.9,-1.2006744146347046,-1.0526082391437581
BH_s05_medium,27,28,27.933333333333334,-1.196280837059021,-0.6221747060035283
BH_s05_medium,27,29,27.966666666666665,-0.9270663857460022,-0.08882561011719049
BH_s05_medium,27,30,28.0,-0.051895059645175934,0.4589078193276042
BH_s05_medium,27,31,28.033333333333335,0.9079201221466064,0.9240479373578812
BH_s05_medium,27,32,28.066666666666666,1.7065073251724243,1.2275018507692912
BH_s05_medium,27,33,28.1,1.7301738262176514,1.3288601737401167
BH_s05_medium,27,34,28.133333333333333,1.1430315971374512,1.2344805246446477
BH_s05_medium,27,35,28.166666666666668,0.3681107759475708,0.9900591330678916
BH_s05_medium,27,36,28.2,-0.18126221001148224,0.6610876120581699
BH_s05_medium,27,37,28.233333333333334,-0.6343199610710144,0.3097357880089233
BH_s05_medium,27,38,28.266666666666666,-0.8264921307563782,-0.022064129942847503
BH_s05_medium,27,39,28.3,-0.7800703048706055,-0.3171367849957704
BH_s05_medium,27,40,28.333333333333332,-0.605337917804718,-0.5756466101744837
BH_s05_medium,27,41,28.366666666666667,-0.5191847085952759,-0.8017225635730652
BH_s05_medium,27,42,28.4,-0.5510509610176086,-0.9912865636165598
BH_s05_medium,27,43,28.433333333333334,-0.7257833480834961,-1.1259879706602987
BH_s05_medium,27,44,28.466666666666665,-0.9890949130058289,-1.175013469318316
BH_s05_medium,27,45,28.5,-1.1638273000717163,-1.10387412155879
BH_s05_medium,27,46,28.533333333333335,-1.338559627532959,-0.8873680716199768
BH_s05_medium,27,47,28.566666666666666,-1.5132920742034912,-0.5227400247935439
BH_s05_medium,27,48,28.6,-1.6435703039169312,-0.03858218513584217
BH_s05_medium,27,49,28.633333333333333,-1.6015419960021973,0.504511085414839
BH_s05_medium,27,50,28.666666666666668,-1.0912419557571411,1.0236847215248017
BH_s05_medium,27,51,28.7,-0.09182441979646683,1.4325934030341114
BH_s05_medium,27,52,28.733333333333334,1.0103986263275146,1.6635683248929767
BH_s05_medium,27,53,28.766666666666666,1.577604055404663,1.6853493805453852
BH_s05_medium,27,54,28.8,1.3969030380249023,1.5102615119800038
BH_s05_medium,27,55,28.833333333333332,0.8153344988822937,1.1886112130837094
BH_s05_medium,27,56,28.866666666666667,0.23003089427947998,0.7918191745201082
BH_s05_medium,27,57,28.9,-0.20558711886405945,0.38943021498035685
BH_s05_medium,27,58,28.933333333333334,-0.5324310660362244,0.02847939800866914
BH_s05_medium,27,59,28.966666666666665,-0.6514305472373962,-0.2761126187243736
BH_s05_medium,27,60,29.0,-0.5652772784233093,-0.536266065421148
BH_s05_medium,27,61,29.033333333333335,-0.39054492115974426,-0.7739666485599067
BH_s05_medium,27,62,29.066666666666666,-0.31488287448883057,-1.0016545194261544
BH_s05_medium,27,63,29.1,-0.4115273356437683,-1.2091608590752976
BH_s05_medium,27,64,29.133333333333333,-0.5862597227096558,-1.36273036667486
BH_s05_medium,27,65,29.166666666666668,-0.7609921097755432,-1.4159784813640004
BH_s05_medium,27,66,29.2,-0.9357244968414307,-1.3281150589891684
BH_s05_medium,27,67,29.233333333333334,-1.110456943511963,-1.082388349586096
BH_s05_medium,27,68,29.266666666666666,-1.1966100931167603,-0.6974741714594211
BH_s05_medium,27,69,29.3,-1.2006744146347046,-0.22686512428474587
BH_s05_medium,27,70,29.333333333333332,-1.2006744146347046,0.25404633496680457
BH_s05_medium,27,71,29.366666666666667,-0.6259889006614685,0.6684675719870151
BH_s05_medium,27,72,29.4,0.3997211754322052,0.9585532059024762
BH_s05_medium,27,73,29.433333333333334,1.4643094539642334,1.098372881204629
BH_s05_medium,27,74,29.466666666666665,1.9695552587509155,1.0959728148847823
BH_s05_medium,27,75,29.5,1.6969960927963257,0.985393675145203
BH_s05_medium,27,76,29.533333333333335,1.019112467765808,0.8123076636326378
BH_s05_medium,27,77,29.566666666666666,0.3201828598976135,0.6182967821559433
BH_s05_medium,27,78,29.6,-0.16965647041797638,0.4292490153269153
BH_s05_medium,27,79,29.633333333333333,-0.5498707890510559,0.25174959218020065
BH_s05_medium,27,80,29.666666666666668,-0.5806203484535217,0.07744001942429522
BH_s05_medium,27,81,29.7,-0.4390634596347809,-0.10789498213529808
BH_s05_medium,27,82,29.733333333333334,-0.35291022062301636,-0.31390289073154587
BH_s05_medium,27,83,29.766666666666666,-0.22630372643470764,-0.5362480736540587
BH_s05_medium,27,84,29.8,-0.3605828583240509,-0.7507423424079233
BH_s05_medium,27,85,29.833333333333332,-0.5353152751922607,-0.9141283017737922
BH_s05_medium,27,86,29.866666666666667,-0.7100476622581482,-0.9735745133269063
BH_s05_medium,27,87,29.9,-0.9232022166252136,-0.8838432851827195
BH_s05_medium,27,88,29.933333333333334,-1.0595123767852783,-0.6270741689602538
BH_s05_medium,27,89,29.966666666666665,-1.2006744146347046,-0.2272693486407896
BH_s05_medium,27,90,30.0,-1.1383856534957886,0.24810197704549802
BH_s05_medium,27,91,30.033333333333335,-0.6141862869262695,0.7025906037723391
BH_s05_medium,27,92,30.066666666666666,0.40063992142677307,1.0374935678939117
BH_s05_medium,27,93,30.1,1.4874542951583862,1.181086465384713
BH_s05_medium,27,94,30.133333333333333,1.9881752729415894,1.1093705662427227
BH_s05_medium,27,95,30.166666666666668,1.7349578142166138,0.8508551376428273
BH_s05_medium,27,96,30.2,1.036028265953064,0.4741581745734009
BH_s05_medium,27,97,30.233333333333334,0.33709871768951416,0.06376969695908594
BH_s05_medium,27,98,30.266666666666666,-0.24977770447731018,-0.3062579795719776
BH_s05_medium,27,99,30.3,-0.5899314284324646,-0.5906704414671611
BH_s05_medium,27,100,30.333333333333332,-0.7508935332298279,-0.7776091194127733
BH_s05_medium,27,101,30.366666666666667,-0.5761611461639404,-0.8800378974268912
BH_s05_medium,27,102,30.4,-0.401428759098053,-0.9199687629268227
BH_s05_medium,27,103,30.433333333333334,-0.31488287448883057,-0.913531240093768
BH_s05_medium,27,104,30.466666666666665,-0.31488287448883057,-0.8631054667325804
BH_s05_medium,27,105,30.5,-0.48679670691490173,-0.7583297032483236
BH_s05_medium,27,106,30.533333333333335,-0.7424378395080566,-0.5833820327603725
BH_s05_medium,27,107,30.566666666666666,-0.9248406291007996,-0.3263541644358633
BH_s05_medium,27,108,30.6,-1.099573016166687,0.011754059534782388
BH_s05_medium,27,109,30.633333333333333,-1.2743054628372192,0.40945635949613274
BH_s05_medium,27,110,30.666666666666668,-1.28925359249115,0.8211254454770808
BH_s05_medium,27,111,30.7,-0.9057580232620239,1.1813445693882336
BH_s05_medium,27,112,30.733333333333334,-0.005343065597116947,1.4193363842750577
BH_s05_medium,27,113,30.766666666666666,1.1316304206848145,1.4803760813497588
BH_s05_medium,27,114,30.8,1.84544038772583,1.3460379301185619
BH_s05_medium,27,115,30.833333333333332,1.7814452648162842,1.0437952818250213
BH_s05_medium,27,116,30.866666666666667,1.1734529733657837,0.6404327428749097
BH_s05_medium,27,117,30.9,0.4425937533378601,0.22062530993517127
BH_s05_medium,27,118,30.933333333333334,-0.15274061262607574,-0.14171239016238943
BH_s05_medium,27,119,30.966666666666665,-0.5907845497131348,-0.40809260989643165
BH_s05_medium,27,120,31.0,-0.7577787041664124,-0.5851606660624771
BH_s05_medium,27,121,31.033333333333335,-0.7132588624954224,-0.7139267601433159
BH_s05_medium,27,122,31.066666666666666,-0.5385264754295349,-0.8426848212611487
BH_s05_medium,27,123,31.1,-0.36379408836364746,-0.9963980832668827
BH_s05_medium,27,124,31.133333333333333,-0.3521249294281006,-1.1575201123293701
BH_s05_medium,27,125,31.166666666666668,-0.4382781684398651,-1.2678466321248687
BH_s05_medium,27,126,31.2,-0.6454007029533386,-1.2509814247590558
BH_s05_medium,27,127,31.233333333333334,-0.8763220906257629,-1.045845039582709
BH_s05_medium,27,128,31.266666666666666,-1.0510544776916504,-0.637674424605963
BH_s05_medium,27,129,31.3,-1.2006744146347046,-0.07407359167402176
BH_s05_medium,27,130,31.333333333333332,-1.177988052368164,0.541671355324821
BH_s05_medium,27,131,31.366666666666667,-0.8336342573165894,1.0795092479184147
BH_s05_medium,27,132,31.4,0.0756969079375267,1.4230591438016595
BH_s05_medium,27,133,31.433333333333334,1.2680062055587769,1.5051596214510816
BH_s05_medium,27,134,31.466666666666665,1.9881752729415894,1.325448382332749
BH_s05_medium,27,135,31.5,1.8573687076568604,0.9456063939423334
BH_s05_medium,27,136,31.533333333333335,1.1503082513809204,0.465985982365334
BH_s05_medium,27,137,31.566666666666666,0.3652254641056061,-0.007302570551993341
BH_s05_medium,27,138,31.6,-0.3247200548648834,-0.39324458132480444
BH_s05_medium,27,139,31.633333333333333,-0.8480640649795532,-0.6542101068130438
BH_s05_medium,27,140,31.666666666666668,-1.0235161781311035,-0.796154954663952
BH_s05_medium,27,141,31.7,-0.9389356970787048,-0.8524221151232472
BH_s05_medium,27,142,31.733333333333334,-0.7642033100128174,-0.8593993992470327
BH_s05_medium,27,143,31.766666666666666,-0.5806203484535217,-0.8351907371600371
BH_s05_medium,27,144,31.8,-0.4920412003993988,-0.7703276029144094
BH_s05_medium,27,145,31.833333333333332,-0.6554970741271973,-0.634005831916419
BH_s05_medium,27,146,31.866666666666667,-0.8302294611930847,-0.39308238748721047
BH_s05_medium,27,147,31.9,-1.0749866962432861,-0.03579642666741726
BH_s05_medium,27,148,31.933333333333334,-1.2682733535766602,0.41066622451633195
BH_s05_medium,27,149,31.966666666666665,-1.4430058002471924,0.8780858691076469
BH_s05_medium,27,150,32.0,-1.2523386478424072,1.2735074677719829
BH_s05_medium,27,151,32.03333333333333,-0.395851731300354,1.5084176970427254
BH_s05_medium,27,152,32.06666666666667,0.6525425910949707,1.529025634404088
BH_s05_medium,27,153,32.1,1.5345290899276733,1.3347422078374025
BH_s05_medium,27,154,32.13333333333333,1.6693943738937378,0.9766896638878867
BH_s05_medium,27,155,32.166666666666664,1.1656513214111328,0.5366544263123353
BH_s05_medium,27,156,32.2,0.3781426250934601,0.09562609786722044
BH_s05_medium,27,157,32.233333333333334,-0.3207869529724121,-0.2939110624796422
BH_s05_medium,27,158,32.266666666666666,-0.8877976536750793,-0.6191055666892393
BH_s05_medium,27,159,32.3,-1.153009057044983,-0.8964712599987871
BH_s05_medium,27,160,32.333333333333336,-1.0736074447631836,-1.146826799631208
BH_s05_medium,27,161,32.36666666666667,-0.8628132343292236,-1.369894403918223
BH_s05_medium,27,162,32.4,-0.6355635523796082,-1.5322414785619387
BH_s05_medium,27,163,32.43333333333333,-0.4920412003993988,-1.5747017437928594
BH_s05_medium,27,164,32.46666666666667,-0.5806203484535217,-1.436170391255733
BH_s05_medium,27,165,32.5,-0.695557713508606,-1.0834446554925403
BH_s05_medium,27,166,32.53333333333333,-0.8702901005744934,-0.5338991678511228
BH_s05_medium,27,167,32.56666666666667,-0.9564433097839355,0.13933362399489183
BH_s05_medium,27,168,32.6,-1.0044357776641846,0.82228314770254
BH_s05_medium,27,169,32.63333333333333,-0.49734804034233093,1.3893139104350705
BH_s05_medium,27,170,32.666666666666664,0.40477100014686584,1.735815786079209
BH_s05_medium,27,171,32.7,1.5157133340835571,1.8037792881957895
BH_s05_medium,27,172,32.733333333333334,2.076754331588745,1.593538410067818
BH_s05_medium,27,173,32.766666666666666,1.8787437677383423,1.1599488130308762
BH_s05_medium,27,174,32.8,1.172863483428955,0.5952106332837391
BH_s05_medium,27,175,32.833333333333336,0.4739339351654053,0.0036587783058317676
BH_s05_medium,27,176,32.86666666666667,-0.13674350082874298,-0.5235516451585277
BH_s05_medium,27,177,32.9,-0.48928824067115784,-0.9256053569672947
BH_s05_medium,27,178,32.93333333333333,-0.5806203484535217,-1.1761662093351222
BH_s05_medium,27,179,32.96666666666667,-0.41106685996055603,-1.275383738827386
BH_s05_medium,27,180,33.0,-0.14775530993938446,-1.2359001498456963
BH_s05_medium,27,181,33.03333333333333,-0.0491454117000103,-1.0711908525342637
BH_s05_medium,27,182,33.06666666666667,-0.1228419840335846,-0.792516343066176
BH_s05_medium,27,183,33.1,-0.2802658677101135,-0.41519881743018927
BH_s05_medium,27,184,33.13333333333333,-0.4723067581653595,0.031340791767020454
BH_s05_medium,27,185,33.166666666666664,-0.7356182932853699,0.4980979450429575
BH_s05_medium,27,186,33.2,-0.7823649644851685,0.9208556602653571
BH_s05_medium,27,187,33.233333333333334,-0.33435261249542236,1.2335191011848217
BH_s05_medium,27,188,33.266666666666666,0.6305791139602661,1.3845521672696088
BH_s05_medium,27,189,33.3,1.6516965627670288,1.3495966193109132
BH_s05_medium,27,190,33.333333333333336,2.1310434341430664,1.1361758959135375
BH_s05_medium,27,191,33.36666666666667,1.9211647510528564,0.7803668927686308
BH_s05_medium,27,192,33.4,1.209513783454895,0.33773770820896315
BH_s05_medium,27,193,33.43333333333333,0.4714423716068268,-0.12848749503979037
BH_s05_medium,27,194,33.46666666666667,-0.1383163034915924,-0.5590951309256632
BH_s05_medium,27,195,33.5,-0.4877810776233673,-0.9075795336941567
BH_s05_medium,27,196,33.53333333333333,-0.5408867597579956,-1.1436343996595904
BH_s05_medium,27,197,33.56666666666667,-0.36615437269210815,-1.2512289509432821
BH_s05_medium,27,198,33.6,-0.10284283757209778,-1.2243413317095795
BH_s05_medium,27,199,33.63333333333333,-0.0491454117000103,-1.065015813315489
BH_s05_medium,27,200,33.666666666666664,-0.07917529344558716,-0.7860735667954903
BH_s05_medium,27,201,33.7,-0.2539076805114746,-0.41624449545865005
BH_s05_medium,27,202,33.733333333333334,-0.45381808280944824,-0.0022973827605893907
BH_s05_medium,27,203,33.766666666666666,-0.669199526309967,0.3964029772787864
BH_s05_medium,27,204,33.8,-0.628547191619873,0.7207192144024768
BH_s05_medium,27,205,33.833333333333336,-0.048223357647657394,0.9268320051319631
BH_s05_medium,27,206,33.86666666666667,1.018071174621582,0.9970937446587109
BH_s05_medium,27,207,33.9,1.9517896175384521,0.9422552274739495
BH_s05_medium,27,208,33.93333333333333,2.2432901859283447,0.7943293061492277
BH_s05_medium,27,209,33.96666666666667,1.8668099641799927,0.5930533719344934
BH_s05_medium,27,210,34.0,1.1621097326278687,0.3715476732153573
BH_s05_medium,27,211,34.03333333333333,0.38037165999412537,0.14732771569807485
BH_s05_medium,27,212,34.06666666666667,-0.13956207036972046,-0.07721080442820207
BH_s05_medium,27,213,34.1,-0.48902684450149536,-0.30502719965218916
BH_s05_medium,27,214,34.13333333333333,-0.4920412003993988,-0.5305942725068294
BH_s05_medium,27,215,34.166666666666664,-0.32124191522598267,-0.7300981476994269
BH_s05_medium,27,216,34.2,-0.057930368930101395,-0.8624695241621139
BH_s05_medium,27,217,34.233333333333334,-0.0491454117000103,-0.8827323190216746
BH_s05_medium,27,218,34.266666666666666,-0.12408775836229324,-0.7623490575738578
BH_s05_medium,27,219,34.3,-0.2988201379776001,-0.5066762484619118
BH_s05_medium,27,220,34.333333333333336,-0.47355252504348755,-0.16016646226297554
BH_s05_medium,27,221,34.36666666666667,-0.648284912109375,0.20442398092454847
BH_s05_medium,27,222,34.4,-0.6273013949394226,0.5086400886768068
BH_s05_medium,27,223,34.43333333333333,-0.0008193369139917195,0.6929942315904781
BH_s05_medium,27,224,34.46666666666667,1.0218085050582886,0.7338700363691764
BH_s05_medium,27,225,34.5,1.954281210899353,0.6470821551916004
BH_s05_medium,27,226,34.53333333333333,2.198377847671509,0.4780022479701372
BH_s05_medium,27,227,34.56666666666667,1.6871600151062012,0.28292902945706616
BH_s05_medium,27,228,34.6,0.8996513485908508,0.10923248893189687
BH_s05_medium,27,229,34.63333333333333,0.1121426373720169,-0.018308280377135028
BH_s05_medium,27,230,34.666666666666664,-0.3637973964214325,-0.1006462058081575
BH_s05_medium,27,231,34.7,-0.6240256428718567,-0.15713914126732106
BH_s05_medium,27,232,34.733333333333334,-0.6282201409339905,-0.21153591441086636
BH_s05_medium,27,233,34.766666666666666,-0.41493433713912964,-0.27738768810095954
BH_s05_medium,27,234,34.8,-0.22630372643470764,-0.3494849384614966
BH_s05_medium,27,235,34.833333333333336,-0.22630372643470764,-0.40553031389457855
BH_s05_medium,27,236,34.86666666666667,-0.34615853428840637,-0.4171748706277087
BH_s05_medium,27,237,34.9,-0.5497406721115112,-0.3646677537259135
BH_s05_medium,27,238,34.93333333333333,-0.7842024564743042,-0.24777738393088897
BH_s05_medium,27,239,34.96666666666667,-1.0475140810012817,-0.08794550428578116
BH_s05_medium,28,0,28.0,-0.051895059645175934,-0.03331894399305588
BH_s05_medium,28,1,28.033333333333335,0.9079201221466064,0.47208809552541003
BH_s05_medium,28,2,28.066666666666666,1.7065073251724243,0.9160442980429011
BH_s05_medium,28,3,28.1,1.7301738262176514,1.251622242138832
BH_s05_medium,28,4,28.133333333333333,1.1430315971374512,1.4543263910132624
BH_s05_medium,28,5,28.166666666666668,0.3681107759475708,1.5234561899400356
BH_s05_medium,28,6,28.2,-0.18126221001148224,1.4750005711873464
BH_s05_medium,28,7,28.233333333333334,-0.6343199610710144,1.3304903100973304
BH_s05_medium,28,8,28.266666666666666,-0.8264921307563782,1.1084460601816728
BH_s05_medium,28,9,28.3,-0.7800703048706055,0.8226883175267347
BH_s05_medium,28,10,28.333333333333332,-0.605337917804718,0.48663135720050854
BH_s05_medium,28,11,28.366666666666667,-0.5191847085952759,0.11895525507876324
BH_s05_medium,28,12,28.4,-0.5510509610176086,-0.25346814488279296
BH_s05_medium,28,13,28.433333333333334,-0.7257833480834961,-0.5966134172670691
BH_s05_medium,28,14,28.466666666666665,-0.9890949130058289,-0.8733531464158325
BH_s05_medium,28,15,28.5,-1.1638273000717163,-1.0490140494967235
BH_s05_medium,28,16,28.533333333333335,-1.338559627532959,-1.0972988184513692
BH_s05_medium,28,17,28.566666666666666,-1.5132920742034912,-1.0058803519585033
BH_s05_medium,28,18,28.6,-1.6435703039169312,-0.7809356106436381
BH_s05_medium,28,19,28.633333333333333,-1.6015419960021973,-0.4493872838362463
BH_s05_medium,28,20,28.666666666666668,-1.0912419557571411,-0.057232430664264825
BH_s05_medium,28,21,28.7,-0.09182441979646683,0.3371148381089454
BH_s05_medium,28,22,28.733333333333334,1.0103986263275146,0.6737979281700256
BH_s05_medium,28,23,28.766666666666666,1.577604055404663,0.9041475650783111
BH_s05_medium,28,24,28.8,1.3969030380249023,1.0012180283538605
BH_s05_medium,28,25,28.833333333333332,0.8153344988822937,0.964598646906175
BH_s05_medium,28,26,28.866666666666667,0.23003089427947998,0.8172196077780848
BH_s05_medium,28,27,28.9,-0.20558711886405945,0.5948023813927584
BH_s05_medium,28,28,28.933333333333334,-0.5324310660362244,0.33241496554006345
BH_s05_medium,28,29,28.966666666666665,-0.6514305472373962,0.05453938963063764
BH_s05_medium,28,30,29.0,-0.5652772784233093,-0.22687873053280408
BH_s05_medium,28,31,29.033333333333335,-0.39054492115974426,-0.5064644969134202
BH_s05_medium,28,32,29.066666666666666,-0.31488287448883057,-0.7758037881942564
BH_s05_medium,28,33,29.1,-0.4115273356437683,-1.0160174432861444
BH_s05_medium,28,34,29.133333333333333,-0.5862597227096558,-1.1966546585460527
BH_s05_medium,28,35,29.166666666666668,-0.7609921097755432,-1.2817088510817047
BH_s05_medium,28,36,29.2,-0.9357244968414307,-1.2406235528142047
BH_s05_medium,28,37,29.233333333333334,-1.110456943511963,-1.0602495448491525
BH_s05_medium,28,38,29.266666666666666,-1.1966100931167603,-0.7529508793117392
BH_s05_medium,28,39,29.3,-1.2006744146347046,-0.3570709129497064
BH_s05_medium,28,40,29.333333333333332,-1.2006744146347046,0.07109769428952267
BH_s05_medium,28,41,29.366666666666667,-0.6259889006614685,0.4711504842253515
BH_s05_medium,28,42,29.4,0.3997211754322052,0.7931622568606793
BH_s05_medium,28,43,29.433333333333334,1.4643094539642334,1.0079092584051685
BH_s05_medium,28,44,29.466666666666665,1.9695552587509155,1.1097410082785866
BH_s05_medium,28,45,29.5,1.6969960927963257,1.1120228957510072
BH_s05_medium,28,46,29.533333333333335,1.019112467765808,1.0373805011943775
BH_s05_medium,28,47,29.566666666666666,0.3201828598976135,0.906742342812909
BH_s05_medium,28,48,29.6,-0.16965647041797638,0.7321970186742841
BH_s05_medium,28,49,29.633333333333333,-0.5498707890510559,0.5170450467692727
BH_s05_medium,28,50,29.666666666666668,-0.5806203484535217,0.26185863166464124
BH_s05_medium,28,51,29.7,-0.4390634596347809,-0.02801030884166344
BH_s05_medium,28,52,29.733333333333334,-0.35291022062301636,-0.3370362948838165
BH_s05_medium,28,53,29.766666666666666,-0.22630372643470764,-0.6371856751860822
BH_s05_medium,28,54,29.8,-0.3605828583240509,-0.8889760845064075
BH_s05_medium,28,55,29.833333333333332,-0.5353152751922607,-1.0468359734528199
BH_s05_medium,28,56,29.866666666666667,-0.7100476622581482,-1.0690811477612698
BH_s05_medium,28,57,29.9,-0.9232022166252136,-0.930838625599434
BH_s05_medium,28,58,29.933333333333334,-1.0595123767852783,-0.6360373380911698
BH_s05_medium,28,59,29.966666666666665,-1.2006744146347046,-0.22343638026785048
BH_s05_medium,28,60,30.0,-1.1383856534957886,0.23740924888866224
BH_s05_medium,28,61,30.033333333333335,-0.6141862869262695,0.6609607277644989
BH_s05_medium,28,62,30.066666666666666,0.40063992142677307,0.9672141796065133
BH_s05_medium,28,63,30.1,1.4874542951583862,1.1024572949574665
BH_s05_medium,28,64,30.133333333333333,1.9881752729415894,1.0519977700978793
BH_s05_medium,28,65,30.166666666666668,1.7349578142166138,0.8408606922165837
BH_s05_medium,28,66,30.2,1.036028265953064,0.5228659130381527
BH_s05_medium,28,67,30.233333333333334,0.33709871768951416,0.1625386131772097
BH_s05_medium,28,68,30.266666666666666,-0.24977770447731018,-0.18324954508187952
BH_s05_medium,28,69,30.3,-0.5899314284324646,-0.4773033838000507
BH_s05_medium,28,70,30.333333333333332,-0.7508935332298279,-0.7043626945584706
BH_s05_medium,28,71,30.366666666666667,-0.5761611461639404,-0.8646942519388255
BH_s05_medium,28,72,30.4,-0.401428759098053,-0.9637393187657232
BH_s05_medium,28,73,30.433333333333334,-0.31488287448883057,-1.0034779789867845
BH_s05_medium,28,74,30.466666666666665,-0.31488287448883057,-0.9790876571809781
BH_s05_medium,28,75,30.5,-0.48679670691490173,-0.8809751632946594
BH_s05_medium,28,76,30.533333333333335,-0.7424378395080566,-0.6996806366541719
BH_s05_medium,28,77,30.566666666666666,-0.9248406291007996,-0.43109425826113185
BH_s05_medium,28,78,30.6,-1.099573016166687,-0.0814224527026928
BH_s05_medium,28,79,30.633333333333333,-1.2743054628372192,0.32767935132543313
BH_s05_medium,28,80,30.666666666666668,-1.28925359249115,0.7553204156626464
BH_s05_medium,28,81,30.7,-0.9057580232620239,1.1427577230624115
BH_s05_medium,28,82,30.733333333333334,-0.005343065597116947,1.423069550923998
BH_s05_medium,28,83,30.766666666666666,1.1316304206848145,1.5382646562958933
BH_s05_medium,28,84,30.8,1.84544038772583,1.4580725007491704
BH_s05_medium,28,85,30.833333333333332,1.7814452648162842,1.1922511020348014
BH_s05_medium,28,86,30.866666666666667,1.1734529733657837,0.7903312706742612
BH_s05_medium,28,87,30.9,0.4425937533378601,0.3278621850568516
BH_s05_medium,28,88,30.933333333333334,-0.15274061262607574,-0.11637339698051308
BH_s05_medium,28,89,30.966666666666665,-0.5907845497131348,-0.4837977670176082
BH_s05_medium,28,90,31.0,-0.7577787041664124,-0.750612581600866
BH_s05_medium,28,91,31.033333333333335,-0.7132588624954224,-0.9270586525741749
BH_s05_medium,28,92,31.066666666666666,-0.5385264754295349,-1.041867286233397
BH_s05_medium,28,93,31.1,-0.36379408836364746,-1.1196882452273793
BH_s05_medium,28,94,31.133333333333333,-0.3521249294281006,-1.1627471368333837
BH_s05_medium,28,95,31.166666666666668,-0.4382781684398651,-1.145885083431174
BH_s05_medium,28,96,31.2,-0.6454007029533386,-1.0275869321147129
BH_s05_medium,28,97,31.233333333333334,-0.8763220906257629,-0.7722096375616819
BH_s05_medium,28,98,31.266666666666666,-1.0510544776916504,-0.3738826206175341
BH_s05_medium,28,99,31.3,-1.2006744146347046,0.1285494908121411
BH_s05_medium,28,100,31.333333333333332,-1.177988052368164,0.653685288673862
BH_s05_medium,28,101,31.366666666666667,-0.8336342573165894,1.0983688253263417
BH_s05_medium,28,102,31.4,0.0756969079375267,1.3695583953492745
BH_s05_medium,28,103,31.433333333333334,1.2680062055587769,1.4138019357503901
BH_s05_medium,28,104,31.466666666666665,1.9881752729415894,1.2325667967328067
BH_s05_medium,28,105,31.5,1.8573687076568604,0.8787286310199495
BH_s05_medium,28,106,31.533333333333335,1.1503082513809204,0.43706780754523655
BH_s05_medium,28,107,31.566666666666666,0.3652254641056061,-0.003078065319531191
BH_s05_medium,28,108,31.6,-0.3247200548648834,-0.37282264332679393
BH_s05_medium,28,109,31.633333333333333,-0.8480640649795532,-0.6378500775481202
BH_s05_medium,28,110,31.666666666666668,-1.0235161781311035,-0.7978212713630161
BH_s05_medium,28,111,31.7,-0.9389356970787048,-0.8732540059897461
BH_s05_medium,28,112,31.733333333333334,-0.7642033100128174,-0.8869738344767534
BH_s05_medium,28,113,31.766666666666666,-0.5806203484535217,-0.8488984267995375
BH_s05_medium,28,114,31.8,-0.4920412003993988,-0.7506601290436213
BH_s05_medium,28,115,31.833333333333332,-0.6554970741271973,-0.5719884570823092
BH_s05_medium,28,116,31.866666666666667,-0.8302294611930847,-0.29606044970844236
BH_s05_medium,28,117,31.9,-1.0749866962432861,0.07275560535690304
BH_s05_medium,28,118,31.933333333333334,-1.2682733535766602,0.49730136695351296
BH_s05_medium,28,119,31.966666666666665,-1.4430058002471924,0.909204548420425
BH_s05_medium,28,120,32.0,-1.2523386478424072,1.2252165710777425
BH_s05_medium,28,121,32.03333333333333,-0.395851731300354,1.3729703055259446
BH_s05_medium,28,122,32.06666666666667,0.6525425910949707,1.315925658123851
BH_s05_medium,28,123,32.1,1.5345290899276733,1.0667600177441003
BH_s05_medium,28,124,32.13333333333333,1.6693943738937378,0.6828159634140167
BH_s05_medium,28,125,32.166666666666664,1.1656513214111328,0.2448758312378122
BH_s05_medium,28,126,32.2,0.3781426250934601,-0.171707556641877
BH_s05_medium,28,127,32.233333333333334,-0.3207869529724121,-0.5205550826996923
BH_s05_medium,28,128,32.266666666666666,-0.8877976536750793,-0.7918778733194175
BH_s05_medium,28,129,32.3,-1.153009057044983,-1.0014501347530738
BH_s05_medium,28,130,32.333333333333336,-1.0736074447631836,-1.1678587821473891
BH_s05_medium,28,131,32.36666666666667,-0.8628132343292236,-1.2908325790022608
BH_s05_medium,28,132,32.4,-0.6355635523796082,-1.3421473192513247
BH_s05_medium,28,133,32.43333333333333,-0.4920412003993988,-1.2738699286590869
BH_s05_medium,28,134,32.46666666666667,-0.5806203484535217,-1.0406540655274865
BH_s05_medium,28,135,32.5,-0.695557713508606,-0.6264145270056263
BH_s05_medium,28,136,32.53333333333333,-0.8702901005744934,-0.06306846270248567
BH_s05_medium,28,137,32.56666666666667,-0.9564433097839355,0.5681635393527735
BH_s05_medium,28,138,32.6,-1.0044357776641846,1.1546905318594296
BH_s05_medium,28,139,32.63333333333333,-0.49734804034233093,1.5829495290294298
BH_s05_medium,28,140,32.666666666666664,0.40477100014686584,1.7696349936287135
BH_s05_medium,28,141,32.7,1.5157133340835571,1.682799548579789
BH_s05_medium,28,142,32.733333333333334,2.076754331588745,1.3469973925919319
BH_s05_medium,28,143,32.766666666666666,1.8787437677383423,0.8329299630464273
BH_s05_medium,28,144,32.8,1.172863483428955,0.23652097884528991
BH_s05_medium,28,145,32.833333333333336,0.4739339351654053,-0.3454372439383494
BH_s05_medium,28,146,32.86666666666667,-0.13674350082874298,-0.835487653396358
BH_s05_medium,28,147,32.9,-0.48928824067115784,-1.185807021853944
BH_s05_medium,28,148,32.93333333333333,-0.5806203484535217,-1.3770335013151709
BH_s05_medium,28,149,32.96666666666667,-0.41106685996055603,-1.408942669904547
BH_s05_medium,28,150,33.0,-0.14775530993938446,-1.2895462284063268
BH_s05_medium,28,151,33.03333333333333,-0.0491454117000103,-1.029219258387696
BH_s05_medium,28,152,33.06666666666667,-0.1228419840335846,-0.6430585831939464
BH_s05_medium,28,153,33.1,-0.2802658677101135,-0.1592797822914166
BH_s05_medium,28,154,33.13333333333333,-0.4723067581653595,0.37315285135669
BH_s05_medium,28,155,33.166666666666664,-0.7356182932853699,0.885008190764803
BH_s05_medium,28,156,33.2,-0.7823649644851685,1.2981421716395696
BH_s05_medium,28,157,33.233333333333334,-0.33435261249542236,1.5439916137944272
BH_s05_medium,28,158,33.266666666666666,0.6305791139602661,1.581446798051507
BH_s05_medium,28,159,33.3,1.6516965627670288,1.4067854177570915
BH_s05_medium,28,160,33.333333333333336,2.1310434341430664,1.052526978483878
BH_s05_medium,28,161,33.36666666666667,1.9211647510528564,0.5770559723058795
BH_s05_medium,28,162,33.4,1.209513783454895,0.04983764905914115
BH_s05_medium,28,163,33.43333333333333,0.4714423716068268,-0.4625973419588551
BH_s05_medium,28,164,33.46666666666667,-0.1383163034915924,-0.9061478825612357
BH_s05_medium,28,165,33.5,-0.4877810776233673,-1.242506437439563
BH_s05_medium,28,166,33.53333333333333,-0.5408867597579956,-1.4469676984221826
BH_s05_medium,28,167,33.56666666666667,-0.36615437269210815,-1.503509787163089
BH_s05_medium,28,168,33.6,-0.10284283757209778,-1.4017663907584104
BH_s05_medium,28,169,33.63333333333333,-0.0491454117000103,-1.1397988601626776
BH_s05_medium,28,170,33.666666666666664,-0.07917529344558716,-0.7324513755156088
BH_s05_medium,28,171,33.7,-0.2539076805114746,-0.22004662412518566
BH_s05_medium,28,172,33.733333333333334,-0.45381808280944824,0.3300214444726375
BH_s05_medium,28,173,33.766666666666666,-0.669199526309967,0.8334601066770657
BH_s05_medium,28,174,33.8,-0.628547191619873,1.208950374283331
BH_s05_medium,28,175,33.833333333333336,-0.048223357647657394,1.3996874268119914
BH_s05_medium,28,176,33.86666666666667,1.018071174621582,1.3875536642280488
BH_s05_medium,28,177,33.9,1.9517896175384521,1.19454952897003
BH_s05_medium,28,178,33.93333333333333,2.2432901859283447,0.8716518900920363
BH_s05_medium,28,179,33.96666666666667,1.8668099641799927,0.4802532913169503
BH_s05_medium,28,180,34.0,1.1621097326278687,0.07402384761617226
BH_s05_medium,28,181,34.03333333333333,0.38037165999412537,-0.31153331827749015
BH_s05_medium,28,182,34.06666666666667,-0.13956207036972046,-0.6582471220350155
BH_s05_medium,28,183,34.1,-0.48902684450149536,-0.9549967387986144
BH_s05_medium,28,184,34.13333333333333,-0.4920412003993988,-1.184675948316841
BH_s05_medium,28,185,34.166666666666664,-0.32124191522598267,-1.3168039160147742
BH_s05_medium,28,186,34.2,-0.057930368930101395,-1.3114621885542053
BH_s05_medium,28,187,34.233333333333334,-0.0491454117000103,-1.1344102391120352
BH_s05_medium,28,188,34.266666666666666,-0.12408775836229324,-0.7771301840546536
BH_s05_medium,28,189,34.3,-0.2988201379776001,-0.27197880580005845
BH_s05_medium,28,190,34.333333333333336,-0.47355252504348755,0.3064883228035359
BH_s05_medium,28,191,34.36666666666667,-0.648284912109375,0.8572254726291733
BH_s05_medium,28,192,34.4,-0.6273013949394226,1.2802684375663949
BH_s05_medium,28,193,34.43333333333333,-0.0008193369139917195,1.5049724872733137
BH_s05_medium,28,194,34.46666666666667,1.0218085050582886,1.5078323493467156
BH_s05_medium,28,195,34.5,1.954281210899353,1.3140201468879922
BH_s05_medium,28,196,34.53333333333333,2.198377847671509,0.9836211019262322
BH_s05_medium,28,197,34.56666666666667,1.6871600151062012,0.5891700322631248
BH_s05_medium,28,198,34.6,0.8996513485908508,0.19369232026067837
BH_s05_medium,28,199,34.63333333333333,0.1121426373720169,-0.1627487856857729
BH_s05_medium,28,200,34.666666666666664,-0.3637973964214325,-0.46434211284700844
BH_s05_medium,28,201,34.7,-0.6240256428718567,-0.7103008442535205
BH_s05_medium,28,202,34.733333333333334,-0.6282201409339905,-0.9007281664088503
BH_s05_medium,28,203,34.766666666666666,-0.41493433713912964,-1.0247839357629882
BH_s05_medium,28,204,34.8,-0.22630372643470764,-1.0573739649762357
BH_s05_medium,28,205,34.833333333333336,-0.22630372643470764,-0.9670180721867436
BH_s05_medium,28,206,34.86666666666667,-0.34615853428840637,-0.7322993108123094
BH_s05_medium,28,207,34.9,-0.5497406721115112,-0.3596282588972471
BH_s05_medium,28,208,34.93333333333333,-0.7842024564743042,0.10659604143183736
BH_s05_medium,28,209,34.96666666666667,-1.0475140810012817,0.5877756207053854
BH_s05_medium,28,210,35.0,-1.090523362159729,0.9892029868906689
BH_s05_medium,28,211,35.03333333333333,-0.5734694004058838,1.2263714694636398
BH_s05_medium,28,212,35.06666666666667,0.4222118556499481,1.2497482543229543
BH_s05_medium,28,213,35.1,1.5138769149780273,1.0586165437683046
BH_s05_medium,28,214,35.13333333333333,1.9881752729415894,0.6986596158881146
BH_s05_medium,28,215,35.166666666666664,1.6846685409545898,0.24439846375860508
BH_s05_medium,28,216,35.2,0.8971598148345947,-0.22595368244906688
BH_s05_medium,28,217,35.233333333333334,0.10965108126401901,-0.6523511524131324
BH_s05_medium,28,218,35.266666666666666,-0.49853479862213135,-1.0025404829910058
BH_s05_medium,28,219,35.3,-0.9344142079353333,-1.2669765149430972
BH_s05_medium,28,220,35.333333333333336,-0.9376243352890015,-1.4443851791681401
BH_s05_medium,28,221,35.36666666666667,-0.762891948223114,-1.527811349581531
BH_s05_medium,28,222,35.4,-0.5071195960044861,-1.4993969950640362
BH_s05_medium,28,223,35.43333333333333,-0.4134271442890167,-1.3364875661987223
BH_s05_medium,28,224,35.46666666666667,-0.4920412003993988,-1.0258265440716776
BH_s05_medium,28,225,35.5,-0.7281447649002075,-0.5788411186183992
BH_s05_medium,28,226,35.53333333333333,-0.9890303611755371,-0.040269060317202586
BH_s05_medium,28,227,35.56666666666667,-1.181005597114563,0.5150695269758531
BH_s05_medium,28,228,35.6,-1.3557380437850952,0.9975824032906186
BH_s05_medium,28,229,35.63333333333333,-1.0330196619033813,1.3255388075719683
BH_s05_medium,28,230,35.666666666666664,-0.12224584817886353,1.4475262309891759
BH_s05_medium,28,231,35.7,1.1331409215927124,1.3572763374005483
BH_s05_medium,28,232,35.733333333333334,1.9813590049743652,1.0957898937889916
BH_s05_medium,28,233,35.766666666666666,2.056623935699463,0.7398897706334289
BH_s05_medium,28,234,35.8,1.4261431694030762,0.381147111001962
BH_s05_medium,28,235,35.833333333333336,0.6777107119560242,0.1022261567935149
BH_s05_medium,28,236,35.86666666666667,0.03385891392827034,-0.04247870879399515
BH_s05_medium,28,237,35.9,-0.31560587882995605,-0.03756981865382639
BH_s05_medium,28,238,35.93333333333333,-0.4034620523452759,0.09260036639206706
BH_s05_medium,28,239,35.96666666666667,-0.27508366107940674,0.2921120010517915
BH_s05_medium,29,0,29.0,-0.5652772784233093,0.004623444109780391
BH_s05_medium,29,1,29.033333333333335,-0.39054492115974426,0.07000435759491679
BH_s05_medium,29,2,29.066666666666666,-0.31488287448883057,0.07446810729119255
BH_s05_medium,29,3,29.1,-0.4115273356437683,-0.015377478951732597
BH_s05_medium,29,4,29.133333333333333,-0.5862597227096558,-0.18834554619802688
BH_s05_medium,29,5,29.166666666666668,-0.7609921097755432,-0.39006856304570986
BH_s05_medium,29,6,29.2,-0.9357244968414307,-0.542486062892821
BH_s05_medium,29,7,29.233333333333334,-1.110456943511963,-0.5733647637392906
BH_s05_medium,29,8,29.266666666666666,-1.1966100931167603,-0.44382239082926084
BH_s05_medium,29,9,29.3,-1.2006744146347046,-0.16326894732665295
BH_s05_medium,29,10,29.333333333333332,-1.2006744146347046,0.21333616972381825
BH_s05_medium,29,11,29.366666666666667,-0.6259889006614685,0.6039112670717668
BH_s05_medium,29,12,29.4,0.3997211754322052,0.9254636791785776
BH_s05_medium,29,13,29.433333333333334,1.4643094539642334,1.118021259813664
BH_s05_medium,29,14,29.466666666666665,1.9695552587509155,1.158498696228405
BH_s05_medium,29,15,29.5,1.6969960927963257,1.0613164502624868
BH_s05_medium,29,16,29.533333333333335,1.019112467765808,0.867020113108938
BH_s05_medium,29,17,29.566666666666666,0.3201828598976135,0.6238964981090462
BH_s05_medium,29,18,29.6,-0.16965647041797638,0.3702705967795674
BH_s05_medium,29,19,29.633333333333333,-0.5498707890510559,0.1246902656010312
BH_s05_medium,29,20,29.666666666666668,-0.5806203484535217,-0.11321493326639082
BH_s05_medium,29,21,29.7,-0.4390634596347809,-0.35351924309644284
BH_s05_medium,29,22,29.733333333333334,-0.35291022062301636,-0.6031726251405695
BH_s05_medium,29,23,29.766666666666666,-0.22630372643470764,-0.8544720064274094
BH_s05_medium,29,24,29.8,-0.3605828583240509,-1.0792648426506253
BH_s05_medium,29,25,29.833333333333332,-0.5353152751922607,-1.2319724096849844
BH_s05_medium,29,26,29.866666666666667,-0.7100476622581482,-1.2617051464277804
BH_s05_medium,29,27,29.9,-0.9232022166252136,-1.1302083258974271
BH_s05_medium,29,28,29.933333333333334,-1.0595123767852783,-0.8295473440651883
BH_s05_medium,29,29,29.966666666666665,-1.2006744146347046,-0.3924514347939058
BH_s05_medium,29,30,30.0,-1.1383856534957886,0.11016697215406218
BH_s05_medium,29,31,30.033333333333335,-0.6141862869262695,0.5855541989913395
BH_s05_medium,29,32,30.066666666666666,0.40063992142677307,0.9443087792764446
BH_s05_medium,29,33,30.1,1.4874542951583862,1.1250545846460054
BH_s05_medium,29,34,30.133333333333333,1.9881752729415894,1.1093229948078798
BH_s05_medium,29,35,30.166666666666668,1.7349578142166138,0.9217329987649128
BH_s05_medium,29,36,30.2,1.036028265953064,0.6168376012364079
BH_s05_medium,29,37,30.233333333333334,0.33709871768951416,0.25922936205504393
BH_s05_medium,29,38,30.266666666666666,-0.24977770447731018,-0.09462568530901938
BH_s05_medium,29,39,30.3,-0.5899314284324646,-0.4063680716510705
BH_s05_medium,29,40,30.333333333333332,-0.7508935332298279,-0.6557581470786188
BH_s05_medium,29,41,30.366666666666667,-0.5761611461639404,-0.8337824295367271
BH_s05_medium,29,42,30.4,-0.401428759098053,-0.934524918979619
BH_s05_medium,29,43,30.433333333333334,-0.31488287448883057,-0.950878444125276
BH_s05_medium,29,44,30.466666666666665,-0.31488287448883057,-0.8759760078719586
BH_s05_medium,29,45,30.5,-0.48679670691490173,-0.708320502862149
BH_s05_medium,29,46,30.533333333333335,-0.7424378395080566,-0.456315740270808
BH_s05_medium,29,47,30.566666666666666,-0.9248406291007996,-0.13903307353242744
BH_s05_medium,29,48,30.6,-1.099573016166687,0.21610615342428502
BH_s05_medium,29,49,30.633333333333333,-1.2743054628372192,0.5756366257661023
BH_s05_medium,29,50,30.666666666666668,-1.28925359249115,0.9010870964255937
BH_s05_medium,29,51,30.7,-0.9057580232620239,1.1508672526905455
BH_s05_medium,29,52,30.733333333333334,-0.005343065597116947,1.2859151449777657
BH_s05_medium,29,53,30.766666666666666,1.1316304206848145,1.2794561284146215
BH_s05_medium,29,54,30.8,1.84544038772583,1.127337677160102
BH_s05_medium,29,55,30.833333333333332,1.7814452648162842,0.8533704363345285
BH_s05_medium,29,56,30.866666666666667,1.1734529733657837,0.5057703155450257
BH_s05_medium,29,57,30.9,0.4425937533378601,0.14468975170959275
BH_s05_medium,29,58,30.933333333333334,-0.15274061262607574,-0.17548470989985107
BH_s05_medium,29,59,30.966666666666665,-0.5907845497131348,-0.4226880758023349
BH_s05_medium,29,60,31.0,-0.7577787041664124,-0.5951390142576887
BH_s05_medium,29,61,31.033333333333335,-0.7132588624954224,-0.7158234437525602
BH_s05_medium,29,62,31.066666666666666,-0.5385264754295349,-0.8151452039713466
BH_s05_medium,29,63,31.1,-0.36379408836364746,-0.9100537619062725
BH_s05_medium,29,64,31.133333333333333,-0.3521249294281006,-0.9902599002851811
BH_s05_medium,29,65,31.166666666666668,-0.4382781684398651,-1.0187874505552819
BH_s05_medium,29,66,31.2,-0.6454007029533386,-0.9470225900186166
BH_s05_medium,29,67,31.233333333333334,-0.8763220906257629,-0.7377518966540733
BH_s05_medium,29,68,31.266666666666666,-1.0510544776916504,-0.38673613045271077
BH_s05_medium,29,69,31.3,-1.2006744146347046,0.06600382452510488
BH_s05_medium,29,70,31.333333333333332,-1.177988052368164,0.540996574223885
BH_s05_medium,29,71,31.366666666666667,-0.8336342573165894,0.9402904766306196
BH_s05_medium,29,72,31.4,0.0756969079375267,1.1771630528219619
BH_s05_medium,29,73,31.433333333333334,1.2680062055587769,1.2026804274186746
BH_s05_medium,29,74,31.466666666666665,1.9881752729415894,1.019285490061674
BH_s05_medium,29,75,31.5,1.8573687076568604,0.6777529399726759
BH_s05_medium,29,76,31.533333333333335,1.1503082513809204,0.2598006605858659
BH_s05_medium,29,77,31.566666666666666,0.3652254641056061,-0.14714751646815608
BH_s05_medium,29,78,31.6,-0.3247200548648834,-0.4743003184057716
BH_s05_medium,29,79,31.633333333333333,-0.8480640649795532,-0.6867177741432815
BH_s05_medium,29,80,31.666666666666668,-1.0235161781311035,-0.7848443224492863
BH_s05_medium,29,81,31.7,-0.9389356970787048,-0.7932795029627338
BH_s05_medium,29,82,31.733333333333334,-0.7642033100128174,-0.7427621324164506
BH_s05_medium,29,83,31.766666666666666,-0.5806203484535217,-0.653688818467667
BH_s05_medium,29,84,31.8,-0.4920412003993988,-0.528095355036018
BH_s05_medium,29,85,31.833333333333332,-0.6554970741271973,-0.3530026625309994
BH_s05_medium,29,86,31.866666666666667,-0.8302294611930847,-0.1133050641764705
BH_s05_medium,29,87,31.9,-1.0749866962432861,0.19170540064092903
BH_s05_medium,29,88,31.933333333333334,-1.2682733535766602,0.5363064601265461
BH_s05_medium,29,89,31.966666666666665,-1.4430058002471924,0.8677096198163965
BH_s05_medium,29,90,32.0,-1.2523386478424072,1.118772556999225
BH_s05_medium,29,91,32.03333333333333,-0.395851731300354,1.2297018791330387
BH_s05_medium,29,92,32.06666666666667,0.6525425910949707,1.1699115459495957
BH_s05_medium,29,93,32.1,1.5345290899276733,0.9504403729621094
BH_s05_medium,29,94,32.13333333333333,1.6693943738937378,0.6206908128285396
BH_s05_medium,29,95,32.166666666666664,1.1656513214111328,0.24985094292503923
BH_s05_medium,29,96,32.2,0.3781426250934601,-0.0992268766139229
BH_s05_medium,29,97,32.233333333333334,-0.3207869529724121,-0.3914781658151826
BH_s05_medium,29,98,32.266666666666666,-0.8877976536750793,-0.625713465947511
BH_s05_medium,29,99,32.3,-1.153009057044983,-0.8222243786740362
BH_s05_medium,29,100,32.333333333333336,-1.0736074447631836,-0.9990302931758668
BH_s05_medium,29,101,32.36666666666667,-0.8628132343292236,-1.150416711160276
BH_s05_medium,29,102,32.4,-0.6355635523796082,-1.239845415891914
BH_s05_medium,29,103,32.43333333333333,-0.4920412003993988,-1.2115356671058772
BH_s05_medium,29,104,32.46666666666667,-0.5806203484535217,-1.015927328959654
BH_s05_medium,29,105,32.5,-0.695557713508606,-0.6375890243523844
BH_s05_medium,29,106,32.53333333333333,-0.8702901005744934,-0.11235175581105392
BH_s05_medium,29,107,32.56666666666667,-0.9564433097839355,0.4751082940472994
BH_s05_medium,29,108,32.6,-1.0044357776641846,1.012829804402512
BH_s05_medium,29,109,32.63333333333333,-0.49734804034233093,1.393243235059212
BH_s05_medium,29,110,32.666666666666664,0.40477100014686584,1.5427438773553988
BH_s05_medium,29,111,32.7,1.5157133340835571,1.439479733535938
BH_s05_medium,29,112,32.733333333333334,2.076754331588745,1.115287036969259
BH_s05_medium,29,113,32.766666666666666,1.8787437677383423,0.6432643777544667
BH_s05_medium,29,114,32.8,1.172863483428955,0.11604484704546317
BH_s05_medium,29,115,32.833333333333336,0.4739339351654053,-0.3783151664034573
BH_s05_medium,29,116,32.86666666666667,-0.13674350082874298,-0.7752488724302102
BH_s05_medium,29,117,32.9,-0.48928824067115784,-1.0415044087895813
BH_s05_medium,29,118,32.93333333333333,-0.5806203484535217,-1.1706722605327857
BH_s05_medium,29,119,32.96666666666667,-0.41106685996055603,-1.17077148568859
BH_s05_medium,29,120,33.0,-0.14775530993938446,-1.0516798969196695
BH_s05_medium,29,121,33.03333333333333,-0.0491454117000103,-0.8197211514773007
BH_s05_medium,29,122,33.06666666666667,-0.1228419840335846,-0.48239439593177574
BH_s05_medium,29,123,33.1,-0.2802658677101135,-0.05992376079569816
BH_s05_medium,29,124,33.13333333333333,-0.4723067581653595,0.40473775815356194
BH_s05_medium,29,125,33.166666666666664,-0.7356182932853699,0.8459389074220743
BH_s05_medium,29,126,33.2,-0.7823649644851685,1.1881460048375756
BH_s05_medium,29,127,33.233333333333334,-0.33435261249542236,1.3666894128149507
BH_s05_medium,29,128,33.266666666666666,0.6305791139602661,1.3472169436274382
BH_s05_medium,29,129,33.3,1.6516965627670288,1.1354970425337592
BH_s05_medium,29,130,33.333333333333336,2.1310434341430664,0.7741803857192289
BH_s05_medium,29,131,33.36666666666667,1.9211647510528564,0.32896744236351483
BH_s05_medium,29,132,33.4,1.209513783454895,-0.1297258019915645
BH_s05_medium,29,133,33.43333333333333,0.4714423716068268,-0.5429124073407949
BH_s05_medium,29,134,33.46666666666667,-0.1383163034915924,-0.8720541525447971
BH_s05_medium,29,135,33.5,-0.4877810776233673,-1.099052670925858
BH_s05_medium,29,136,33.53333333333333,-0.5408867597579956,-1.218679649907152
BH_s05_medium,29,137,33.56666666666667,-0.36615437269210815,-1.2281371154611338
BH_s05_medium,29,138,33.6,-0.10284283757209778,-1.120482466833368
BH_s05_medium,29,139,33.63333333333333,-0.0491454117000103,-0.8872569898856821
BH_s05_medium,29,140,33.666666666666664,-0.07917529344558716,-0.530117566797895
BH_s05_medium,29,141,33.7,-0.2539076805114746,-0.07478554169103149
BH_s05_medium,29,142,33.733333333333334,-0.45381808280944824,0.42235131079179955
BH_s05_medium,29,143,33.766666666666666,-0.669199526309967,0.88161773405892
BH_s05_medium,29,144,33.8,-0.628547191619873,1.2201947120550174
BH_s05_medium,29,145,33.833333333333336,-0.048223357647657394,1.3764586404436479
BH_s05_medium,29,146,33.86666666666667,1.018071174621582,1.3279718442877129
BH_s05_medium,29,147,33.9,1.9517896175384521,1.0960367276919258
BH_s05_medium,29,148,33.93333333333333,2.2432901859283447,0.7357822655068512
BH_s05_medium,29,149,33.96666666666667,1.8668099641799927,0.31655621384275273
BH_s05_medium,29,150,34.0,1.1621097326278687,-0.09915618900380206
BH_s05_medium,29,151,34.03333333333333,0.38037165999412537,-0.4699436807359656
BH_s05_medium,29,152,34.06666666666667,-0.13956207036972046,-0.7775887507307144
BH_s05_medium,29,153,34.1,-0.48902684450149536,-1.0173740595508318
BH_s05_medium,29,154,34.13333333333333,-0.4920412003993988,-1.1827783075257463
BH_s05_medium,29,155,34.166666666666664,-0.32124191522598267,-1.2540718805640858
BH_s05_medium,29,156,34.2,-0.057930368930101395,-1.1987722123198903
BH_s05_medium,29,157,34.233333333333334,-0.0491454117000103,-0.9858295151674675
BH_s05_medium,29,158,34.266666666666666,-0.12408775836229324,-0.6075002686523657
BH_s05_medium,29,159,34.3,-0.2988201379776001,-0.09730827830720458
BH_s05_medium,29,160,34.333333333333336,-0.47355252504348755,0.46721716656153545
BH_s05_medium,29,161,34.36666666666667,-0.648284912109375,0.9814553811346384
BH_s05_medium,29,162,34.4,-0.6273013949394226,1.3442713850309858
BH_s05_medium,29,163,34.43333333333333,-0.0008193369139917195,1.4889300572170987
BH_s05_medium,29,164,34.46666666666667,1.0218085050582886,1.401554071372736
BH_s05_medium,29,165,34.5,1.954281210899353,1.1209163269586357
BH_s05_medium,29,166,34.53333333333333,2.198377847671509,0.7212623919606398
BH_s05_medium,29,167,34.56666666666667,1.6871600151062012,0.28599305191586594
BH_s05_medium,29,168,34.6,0.8996513485908508,-0.11720499958549571
BH_s05_medium,29,169,34.63333333333333,0.1121426373720169,-0.4506851869354581
BH_s05_medium,29,170,34.666666666666664,-0.3637973964214325,-0.7066623612646059
BH_s05_medium,29,171,34.7,-0.6240256428718567,-0.894794174142244
BH_s05_medium,29,172,34.733333333333334,-0.6282201409339905,-1.0243885657730425
BH_s05_medium,29,173,34.766666666666666,-0.41493433713912964,-1.089918684665007
BH_s05_medium,29,174,34.8,-0.22630372643470764,-1.0672867455480273
BH_s05_medium,29,175,34.833333333333336,-0.22630372643470764,-0.9237866930169889
BH_s05_medium,29,176,34.86666666666667,-0.34615853428840637,-0.6380224028911629
BH_s05_medium,29,177,34.9,-0.5497406721115112,-0.22032362916653828
BH_s05_medium,29,178,34.93333333333333,-0.7842024564743042,0.2772288465481251
BH_s05_medium,29,179,34.96666666666667,-1.0475140810012817,0.7679638946930147
BH_s05_medium,29,180,35.0,-1.090523362159729,1.1537206807475524
BH_s05_medium,29,181,35.03333333333333,-0.5734694004058838,1.3549275376992262
BH_s05_medium,29,182,35.06666666666667,0.4222118556499481,1.3354070844084052
BH_s05_medium,29,183,35.1,1.5138769149780273,1.1119022857756067
BH_s05_medium,29,184,35.13333333333333,1.9881752729415894,0.7447458869959052
BH_s05_medium,29,185,35.166666666666664,1.6846685409545898,0.31408168430797245
BH_s05_medium,29,186,35.2,0.8971598148345947,-0.10767015006409188
BH_s05_medium,29,187,35.233333333333334,0.10965108126401901,-0.4749394360870366
BH_s05_medium,29,188,35.266666666666666,-0.49853479862213135,-0.7720544654740835
BH_s05_medium,29,189,35.3,-0.9344142079353333,-1.0008913471174938
BH_s05_medium,29,190,35.333333333333336,-0.9376243352890015,-1.1617966299063058
BH_s05_medium,29,191,35.36666666666667,-0.762891948223114,-1.2396399457856513
BH_s05_medium,29,192,35.4,-0.5071195960044861,-1.2033267763658575
BH_s05_medium,29,193,35.43333333333333,-0.4134271442890167,-1.0194947793359272
BH_s05_medium,29,194,35.46666666666667,-0.4920412003993988,-0.6738409141067667
BH_s05_medium,29,195,35.5,-0.7281447649002075,-0.18953226654376046
BH_s05_medium,29,196,35.53333333333333,-0.9890303611755371,0.367214541033571
BH_s05_medium,29,197,35.56666666666667,-1.181005597114563,0.8989695347647998
BH_s05_medium,29,198,35.6,-1.3557380437850952,1.3028759647062504
BH_s05_medium,29,199,35.63333333333333,-1.0330196619033813,1.500410017632439
BH_s05_medium,29,200,35.666666666666664,-0.12224584817886353,1.4596481396673309
BH_s05_medium,29,201,35.7,1.1331409215927124,1.2020154141303008
BH_s05_medium,29,202,35.733333333333334,1.9813590049743652,0.7916822633534943
BH_s05_medium,29,203,35.766666666666666,2.056623935699463,0.31252105170406264
BH_s05_medium,29,204,35.8,1.4261431694030762,-0.1575218769312017
BH_s05_medium,29,205,35.833333333333336,0.6777107119560242,-0.5642401703610173
BH_s05_medium,29,206,35.86666666666667,0.03385891392827034,-0.881355564311907
BH_s05_medium,29,207,35.9,-0.31560587882995605,-1.102211796739732
BH_s05_medium,29,208,35.93333333333333,-0.4034620523452759,-1.2256110699712561
BH_s05_medium,29,209,35.96666666666667,-0.27508366107940674,-1.2444268197186972
BH_s05_medium,29,210,36.0,-0.0491454117000103,-1.1436845988576922
BH_s05_medium,29,211,36.03333333333333,-0.0491454117000103,-0.9095634026925016
BH_s05_medium,29,212,36.06666666666667,-0.0491454117000103,-0.544387234136722
BH_s05_medium,29,213,36.1,-0.16782008111476898,-0.07882700484746584
BH_s05_medium,29,214,36.13333333333333,-0.3702220320701599,0.4262953728632872
BH_s05_medium,29,215,36.166666666666664,-0.6058639883995056,0.8910770661298489
BH_s05_medium,29,216,36.2,-0.7577787041664124,1.2368932423811754
BH_s05_medium,29,217,36.233333333333334,-0.4990531802177429,1.4082835556447215
BH_s05_medium,29,218,36.266666666666666,0.2537739872932434,1.3879522858577977
BH_s05_medium,29,219,36.3,1.4613608121871948,1.1992463337465877
BH_s05_medium,29,220,36.333333333333336,2.3556058406829834,0.8953617495598941
BH_s05_medium,29,221,36.36666666666667,2.321115732192993,0.5397298700549326
BH_s05_medium,29,222,36.4,1.769706130027771,0.1856437816356174
BH_s05_medium,29,223,36.43333333333333,0.9846233129501343,-0.13642618808848078
BH_s05_medium,29,224,36.46666666666667,0.20636114478111267,-0.41875679459597587
BH_s05_medium,29,225,36.5,-0.13969331979751587,-0.6644573173823415
BH_s05_medium,29,226,36.53333333333333,-0.31488287448883057,-0.8706610782137472
BH_s05_medium,29,227,36.56666666666667,-0.23017120361328125,-1.0165329193578305
BH_s05_medium,29,228,36.6,-0.0554388165473938,-1.0634598130271595
BH_s05_medium,29,229,36.63333333333333,0.03071441501379013,-0.9686837105218249
BH_s05_medium,29,230,36.666666666666664,-0.03800015151500702,-0.7069016048154484
BH_s05_medium,29,231,36.7,-0.12415338307619095,-0.2900079658039148
BH_s05_medium,29,232,36.733333333333334,-0.2988857626914978,0.22481481246325644
BH_s05_medium,29,233,36.766666666666666,-0.47361814975738525,0.7436799943189012
BH_s05_medium,29,234,36.8,-0.669199526309967,1.1587311429222644
BH_s05_medium,29,235,36.833333333333336,-0.6924744248390198,1.3764816295494922
BH_s05_medium,29,236,36.86666666666667,-0.1519487053155899,1.3420082372771749
BH_s05_medium,29,237,36.9,0.9054964184761047,1.0521964805426036
BH_s05_medium,29,238,36.93333333333333,2.0125701427459717,0.5557556356387647
BH_s05_medium,29,239,36.96666666666667,2.4310710430145264,-0.05809713189128031
BH_s05_medium,30,0,30.0,-1.1383856534957886,-0.04056336625921327
BH_s05_medium,30,1,30.033333333333335,-0.6141862869262695,0.7562791833607969
BH_s05_medium,30,2,30.066666666666666,0.40063992142677307,1.4119390566269412
BH_s05_medium,30,3,30.1,1.4874542951583862,1.8210787889618394
BH_s05_medium,30,4,30.133333333333333,1.9881752729415894,1.9368859333911386
BH_s05_medium,30,5,30.166666666666668,1.7349578142166138,1.7787159434671986
BH_s05_medium,30,6,30.2,1.036028265953064,1.4193869184628232
BH_s05_medium,30,7,30.233333333333334,0.33709871768951416,0.9576566328130215
BH_s05_medium,30,8,30.266666666666666,-0.24977770447731018,0.4873518944481966
BH_s05_medium,30,9,30.3,-0.5899314284324646,0.07466876862077185
BH_s05_medium,30,10,30.333333333333332,-0.7508935332298279,-0.24990529492415473
BH_s05_medium,30,11,30.366666666666667,-0.5761611461639404,-0.485588441505572
BH_s05_medium,30,12,30.4,-0.401428759098053,-0.6471095015349324
BH_s05_medium,30,13,30.433333333333334,-0.31488287448883057,-0.7499751795299634
BH_s05_medium,30,14,30.466666666666665,-0.31488287448883057,-0.8010136519824828
BH_s05_medium,30,15,30.5,-0.48679670691490173,-0.7961259432713049
BH_s05_medium,30,16,30.533333333333335,-0.7424378395080566,-0.7236065449162862
BH_s05_medium,30,17,30.566666666666666,-0.9248406291007996,-0.5703175156329486
BH_s05_medium,30,18,30.6,-1.099573016166687,-0.32944481339913495
BH_s05_medium,30,19,30.633333333333333,-1.2743054628372192,-0.009313328734167702
BH_s05_medium,30,20,30.666666666666668,-1.28925359249115,0.35936778807641545
BH_s05_medium,30,21,30.7,-0.9057580232620239,0.7226959648665731
BH_s05_medium,30,22,30.733333333333334,-0.005343065597116947,1.0128399862305812
BH_s05_medium,30,23,30.766666666666666,1.1316304206848145,1.1663010610701903
BH_s05_medium,30,24,30.8,1.84544038772583,1.1446633884163826
BH_s05_medium,30,25,30.833333333333332,1.7814452648162842,0.9488575119925795
BH_s05_medium,30,26,30.866666666666667,1.1734529733657837,0.6203850826757358
BH_s05_medium,30,27,30.9,0.4425937533378601,0.22842042733618945
BH_s05_medium,30,28,30.933333333333334,-0.15274061262607574,-0.1528418556646328
BH_s05_medium,30,29,30.966666666666665,-0.5907845497131348,-0.4681570183101615
BH_s05_medium,30,30,31.0,-0.7577787041664124,-0.6964547967774471
BH_s05_medium,30,31,31.033333333333335,-0.7132588624954224,-0.8501667637353593
BH_s05_medium,30,32,31.066666666666666,-0.5385264754295349,-0.9591022271765002
BH_s05_medium,30,33,31.1,-0.36379408836364746,-1.0473223899732063
BH_s05_medium,30,34,31.133333333333333,-0.3521249294281006,-1.1148849760145405
BH_s05_medium,30,35,31.166666666666668,-0.4382781684398651,-1.133532272823784
BH_s05_medium,30,36,31.2,-0.6454007029533386,-1.058201211209961
BH_s05_medium,30,37,31.233333333333334,-0.8763220906257629,-0.848916040141791
BH_s05_medium,30,38,31.266666666666666,-1.0510544776916504,-0.49377258853169104
BH_s05_medium,30,39,31.3,-1.2006744146347046,-0.02350377959809875
BH_s05_medium,30,40,31.333333333333332,-1.177988052368164,0.4894173794791415
BH_s05_medium,30,41,31.366666666666667,-0.8336342573165894,0.9486035948978035
BH_s05_medium,30,42,31.4,0.0756969079375267,1.2622448763050511
BH_s05_medium,30,43,31.433333333333334,1.2680062055587769,1.3708402876276113
BH_s05_medium,30,44,31.466666666666665,1.9881752729415894,1.263810242589947
BH_s05_medium,30,45,31.5,1.8573687076568604,0.9799789728188995
BH_s05_medium,30,46,31.533333333333335,1.1503082513809204,0.5927491719616771
BH_s05_medium,30,47,31.566666666666666,0.3652254641056061,0.18569562700347633
BH_s05_medium,30,48,31.6,-0.3247200548648834,-0.17231262297153077
BH_s05_medium,30,49,31.633333333333333,-0.8480640649795532,-0.4431769842988196
BH_s05_medium,30,50,31.666666666666668,-1.0235161781311035,-0.6214708102163945
BH_s05_medium,30,51,31.7,-0.9389356970787048,-0.7231561987263984
BH_s05_medium,30,52,31.733333333333334,-0.7642033100128174,-0.7677643387649338
BH_s05_medium,30,53,31.766666666666666,-0.5806203484535217,-0.7630244876065799
BH_s05_medium,30,54,31.8,-0.4920412003993988,-0.6989716180954184
BH_s05_medium,30,55,31.833333333333332,-0.6554970741271973,-0.5538724670194408
BH_s05_medium,30,56,31.866666666666667,-0.8302294611930847,-0.30927984723510815
BH_s05_medium,30,57,31.9,-1.0749866962432861,0.032416371583579115
BH_s05_medium,30,58,31.933333333333334,-1.2682733535766602,0.43638920844316353
BH_s05_medium,30,59,31.966666666666665,-1.4430058002471924,0.8365580369567628
BH_s05_medium,30,60,32.0,-1.2523386478424072,1.1511931682223737
BH_s05_medium,30,61,32.03333333333333,-0.395851731300354,1.308015964516806
BH_s05_medium,30,62,32.06666666666667,0.6525425910949707,1.2690359437450394
BH_s05_medium,30,63,32.1,1.5345290899276733,1.0444513723655051
BH_s05_medium,30,64,32.13333333333333,1.6693943738937378,0.6887001516736818
BH_s05_medium,30,65,32.166666666666664,1.1656513214111328,0.27929781610532334
BH_s05_medium,30,66,32.2,0.3781426250934601,-0.11246003071141265
BH_s05_medium,30,67,32.233333333333334,-0.3207869529724121,-0.44516181109198644
BH_s05_medium,30,68,32.266666666666666,-0.8877976536750793,-0.713940188094523
BH_s05_medium,30,69,32.3,-1.153009057044983,-0.9375114683760369
BH_s05_medium,30,70,32.333333333333336,-1.0736074447631836,-1.1336531467069673
BH_s05_medium,30,71,32.36666666666667,-0.8628132343292236,-1.2972787659797018
BH_s05_medium,30,72,32.4,-0.6355635523796082,-1.3929657664070416
BH_s05_medium,30,73,32.43333333333333,-0.4920412003993988,-1.3657546101281244
BH_s05_medium,30,74,32.46666666666667,-0.5806203484535217,-1.1654821791304073
BH_s05_medium,30,75,32.5,-0.695557713508606,-0.773944882905329
BH_s05_medium,30,76,32.53333333333333,-0.8702901005744934,-0.22246423527645032
BH_s05_medium,30,77,32.56666666666667,-0.9564433097839355,0.40870134976144434
BH_s05_medium,30,78,32.6,-1.0044357776641846,1.0092442118519547
BH_s05_medium,30,79,32.63333333333333,-0.49734804034233093,1.4681024605535233
BH_s05_medium,30,80,32.666666666666664,0.40477100014686584,1.7021768141570512
BH_s05_medium,30,81,32.7,1.5157133340835571,1.675507680952429
BH_s05_medium,30,82,32.733333333333334,2.076754331588745,1.4045946115879624
BH_s05_medium,30,83,32.766666666666666,1.8787437677383423,0.9501973399869905
BH_s05_medium,30,84,32.8,1.172863483428955,0.3991808360979191
BH_s05_medium,30,85,32.833333333333336,0.4739339351654053,-0.15790355519508972
BH_s05_medium,30,86,32.86666666666667,-0.13674350082874298,-0.6464589838566556
BH_s05_medium,30,87,32.9,-0.48928824067115784,-1.0184777666837965
BH_s05_medium,30,88,32.93333333333333,-0.5806203484535217,-1.25183915859824
BH_s05_medium,30,89,32.96666666666667,-0.41106685996055603,-1.3412040378773433
BH_s05_medium,30,90,33.0,-0.14775530993938446,-1.2872449574618696
BH_s05_medium,30,91,33.03333333333333,-0.0491454117000103,-1.0913183592863394
BH_s05_medium,30,92,33.06666666666667,-0.1228419840335846,-0.7591957237311727
BH_s05_medium,30,93,33.1,-0.2802658677101135,-0.31151739809338674
BH_s05_medium,30,94,33.13333333333333,-0.4723067581653595,0.20670242388758836
BH_s05_medium,30,95,33.166666666666664,-0.7356182932853699,0.725897790253913
BH_s05_medium,30,96,33.2,-0.7823649644851685,1.1641692753648714
BH_s05_medium,30,97,33.233333333333334,-0.33435261249542236,1.4475528534206732
BH_s05_medium,30,98,33.266666666666666,0.6305791139602661,1.5296514598771767
BH_s05_medium,30,99,33.3,1.6516965627670288,1.4026446352156696
BH_s05_medium,30,100,33.333333333333336,2.1310434341430664,1.096281095293187
BH_s05_medium,30,101,33.36666666666667,1.9211647510528564,0.6668134260553961
BH_s05_medium,30,102,33.4,1.209513783454895,0.18108843420179194
BH_s05_medium,30,103,33.43333333333333,0.4714423716068268,-0.2984613149892783
BH_s05_medium,30,104,33.46666666666667,-0.1383163034915924,-0.7235588812457566
BH_s05_medium,30,105,33.5,-0.4877810776233673,-1.0625030328697052
BH_s05_medium,30,106,33.53333333333333,-0.5408867597579956,-1.2958271682585507
BH_s05_medium,30,107,33.56666666666667,-0.36615437269210815,-1.4086101909873916
BH_s05_medium,30,108,33.6,-0.10284283757209778,-1.3851793764750489
BH_s05_medium,30,109,33.63333333333333,-0.0491454117000103,-1.211362283845692
BH_s05_medium,30,110,33.666666666666664,-0.07917529344558716,-0.8848185210729823
BH_s05_medium,30,111,33.7,-0.2539076805114746,-0.4279613210020124
BH_s05_medium,30,112,33.733333333333334,-0.45381808280944824,0.10528864533750958
BH_s05_medium,30,113,33.766666666666666,-0.669199526309967,0.6354739899438763
BH_s05_medium,30,114,33.8,-0.628547191619873,1.0758574176045506
BH_s05_medium,30,115,33.833333333333336,-0.048223357647657394,1.3555615181082048
BH_s05_medium,30,116,33.86666666666667,1.018071174621582,1.4379278837224194
BH_s05_medium,30,117,33.9,1.9517896175384521,1.3271679863521666
BH_s05_medium,30,118,33.93333333333333,2.2432901859283447,1.0617079829479459
BH_s05_medium,30,119,33.96666666666667,1.8668099641799927,0.6980071228757491
BH_s05_medium,30,120,34.0,1.1621097326278687,0.29205564815106133
BH_s05_medium,30,121,34.03333333333333,0.38037165999412537,-0.1138330414611948
BH_s05_medium,30,122,34.06666666666667,-0.13956207036972046,-0.4939983321864515
BH_s05_medium,30,123,34.1,-0.48902684450149536,-0.8321927609416787
BH_s05_medium,30,124,34.13333333333333,-0.4920412003993988,-1.1094893293745487
BH_s05_medium,30,125,34.166666666666664,-0.32124191522598267,-1.2955906586945132
BH_s05_medium,30,126,34.2,-0.057930368930101395,-1.3502811620613264
BH_s05_medium,30,127,34.233333333333334,-0.0491454117000103,-1.2364427685458135
BH_s05_medium,30,128,34.266666666666666,-0.12408775836229324,-0.9394825345236153
BH_s05_medium,30,129,34.3,-0.2988201379776001,-0.48349781306394707
BH_s05_medium,30,130,34.333333333333336,-0.47355252504348755,0.0653362562600338
BH_s05_medium,30,131,34.36666666666667,-0.648284912109375,0.6121640559604203
BH_s05_medium,30,132,34.4,-0.6273013949394226,1.0591018291511118
BH_s05_medium,30,133,34.43333333333333,-0.0008193369139917195,1.3323906153595693
BH_s05_medium,30,134,34.46666666666667,1.0218085050582886,1.4003553570364877
BH_s05_medium,30,135,34.5,1.954281210899353,1.2764990919651733
BH_s05_medium,30,136,34.53333333333333,2.198377847671509,1.0083543015363843
BH_s05_medium,30,137,34.56666666666667,1.6871600151062012,0.6578262688009304
BH_s05_medium,30,138,34.6,0.8996513485908508,0.2813477985523869
BH_s05_medium,30,139,34.63333333333333,0.1121426373720169,-0.08262709308174479
BH_s05_medium,30,140,34.666666666666664,-0.3637973964214325,-0.41511635945713266
BH_s05_medium,30,141,34.7,-0.6240256428718567,-0.7084202360014139
BH_s05_medium,30,142,34.733333333333334,-0.6282201409339905,-0.9535286541108492
BH_s05_medium,30,143,34.766666666666666,-0.41493433713912964,-1.130120139633908
BH_s05_medium,30,144,34.8,-0.22630372643470764,-1.2051796247587343
BH_s05_medium,30,145,34.833333333333336,-0.22630372643470764,-1.1424759966639875
BH_s05_medium,30,146,34.86666666666667,-0.34615853428840637,-0.9195847855458404
BH_s05_medium,30,147,34.9,-0.5497406721115112,-0.5446253889763771
BH_s05_medium,30,148,34.93333333333333,-0.7842024564743042,-0.06408637792043909
BH_s05_medium,30,149,34.96666666666667,-1.0475140810012817,0.4433507317075522
BH_s05_medium,30,150,35.0,-1.090523362159729,0.8858205225668407
BH_s05_medium,30,151,35.03333333333333,-0.5734694004058838,1.1832646571130716
BH_s05_medium,30,152,35.06666666666667,0.4222118556499481,1.289234461502216
BH_s05_medium,30,153,35.1,1.5138769149780273,1.201660223011304
BH_s05_medium,30,154,35.13333333333333,1.9881752729415894,0.9586889772134025
BH_s05_medium,30,155,35.166666666666664,1.6846685409545898,0.6214009008154344
BH_s05_medium,30,156,35.2,0.8971598148345947,0.2510487400971366
BH_s05_medium,30,157,35.233333333333334,0.10965108126401901,-0.10871677495855854
BH_s05_medium,30,158,35.266666666666666,-0.49853479862213135,-0.43668386847338614
BH_s05_medium,30,159,35.3,-0.9344142079353333,-0.7251129293849191
BH_s05_medium,30,160,35.333333333333336,-0.9376243352890015,-0.9641406857150486
BH_s05_medium,30,161,35.36666666666667,-0.762891948223114,-1.1304577360123915
BH_s05_medium,30,162,35.4,-0.5071195960044861,-1.1878217629343857
BH_s05_medium,30,163,35.43333333333333,-0.4134271442890167,-1.0996255349929729
BH_s05_medium,30,164,35.46666666666667,-0.4920412003993988,-0.8474110956363252
BH_s05_medium,30,165,35.5,-0.7281447649002075,-0.4464268482978332
BH_s05_medium,30,166,35.53333333333333,-0.9890303611755371,0.049538316942195126
BH_s05_medium,30,167,35.56666666666667,-1.181005597114563,0.5573466622778217
BH_s05_medium,30,168,35.6,-1.3557380437850952,0.9850270966586331
BH_s05_medium,30,169,35.63333333333333,-1.0330196619033813,1.2562535203045762
BH_s05_medium,30,170,35.666666666666664,-0.12224584817886353,1.3302159076700673
BH_s05_medium,30,171,35.7,1.1331409215927124,1.210251973432674
BH_s05_medium,30,172,35.733333333333334,1.9813590049743652,0.938435585566948
BH_s05_medium,30,173,35.766666666666666,2.056623935699463,0.5784186808808006
BH_s05_medium,30,174,35.8,1.4261431694030762,0.19389424132528274
BH_s05_medium,30,175,35.833333333333336,0.6777107119560242,-0.16800255231148528
BH_s05_medium,30,176,35.86666666666667,0.03385891392827034,-0.4820998527800441
BH_s05_medium,30,177,35.9,-0.31560587882995605,-0.7391985226634206
BH_s05_medium,30,178,35.93333333333333,-0.4034620523452759,-0.9339298833416003
BH_s05_medium,30,179,35.96666666666667,-0.27508366107940674,-1.0542124474692751
BH_s05_medium,30,180,36.0,-0.0491454117000103,-1.078800742206174
BH_s05_medium,30,181,36.03333333333333,-0.0491454117000103,-0.9848680103629108
BH_s05_medium,30,182,36.06666666666667,-0.0491454117000103,-0.7617502716857708
BH_s05_medium,30,183,36.1,-0.16782008111476898,-0.4233036914606901
BH_s05_medium,30,184,36.13333333333333,-0.3702220320701599,-0.012056562262160219
BH_s05_medium,30,185,36.166666666666664,-0.6058639883995056,0.407541110062755
BH_s05_medium,30,186,36.2,-0.7577787041664124,0.7645977477593829
BH_s05_medium,30,187,36.233333333333334,-0.4990531802177429,1.0003443363600126
BH_s05_medium,30,188,36.266666666666666,0.2537739872932434,1.083162601258915
BH_s05_medium,30,189,36.3,1.4613608121871948,1.014896317087061
BH_s05_medium,30,190,36.333333333333336,2.3556058406829834,0.8263660707849699
BH_s05_medium,30,191,36.36666666666667,2.321115732192993,0.5639484698232892
BH_s05_medium,30,192,36.4,1.769706130027771,0.2727331843175594
BH_s05_medium,30,193,36.43333333333333,0.9846233129501343,-0.016466055322270266
BH_s05_medium,30,194,36.46666666666667,0.20636114478111267,-0.29037367063763553
BH_s05_medium,30,195,36.5,-0.13969331979751587,-0.5455882358935088
BH_s05_medium,30,196,36.53333333333333,-0.31488287448883057,-0.7749279858989411
BH_s05_medium,30,197,36.56666666666667,-0.23017120361328125,-0.956506036478552
BH_s05_medium,30,198,36.6,-0.0554388165473938,-1.05290178716078
BH_s05_medium,30,199,36.63333333333333,0.03071441501379013,-1.0222896594829556
BH_s05_medium,30,200,36.666666666666664,-0.03800015151500702,-0.8369518286219579
BH_s05_medium,30,201,36.7,-0.12415338307619095,-0.5004329589706871
BH_s05_medium,30,202,36.733333333333334,-0.2988857626914978,-0.0546967358825505
BH_s05_medium,30,203,36.766666666666666,-0.47361814975738525,0.42695734486018033
BH_s05_medium,30,204,36.8,-0.669199526309967,0.8588498854893362
BH_s05_medium,30,205,36.833333333333336,-0.6924744248390198,1.1662627655983993
BH_s05_medium,30,206,36.86666666666667,-0.1519487053155899,1.3046639943385252
BH_s05_medium,30,207,36.9,0.9054964184761047,1.268660211791627
BH_s05_medium,30,208,36.93333333333333,2.0125701427459717,1.088229593972075
BH_s05_medium,30,209,36.96666666666667,2.4310710430145264,0.8140024246397979
BH_s05_medium,30,210,37.0,2.094388723373413,0.49744442756982044
BH_s05_medium,30,211,37.03333333333333,1.3422846794128418,0.17425343830232912
BH_s05_medium,30,212,37.06666666666667,0.5547759532928467,-0.14156009313399354
BH_s05_medium,30,213,37.1,-0.006463097874075174,-0.4503995260579215
BH_s05_medium,30,214,37.13333333333333,-0.2697746455669403,-0.7515181474343349
BH_s05_medium,30,215,37.166666666666664,-0.31488287448883057,-1.0289686807664016
BH_s05_medium,30,216,37.2,-0.14906559884548187,-1.2475054203623397
BH_s05_medium,30,217,37.233333333333334,-0.0491454117000103,-1.3608407553444795
BH_s05_medium,30,218,37.266666666666666,-0.0491454117000103,-1.3281871704582868
BH_s05_medium,30,219,37.3,-0.08048669248819351,-1.1314159954600507
BH_s05_medium,30,220,37.333333333333336,-0.25521907210350037,-0.78565549745281
BH_s05_medium,30,221,37.36666666666667,-0.5185306072235107,-0.339511057495511
BH_s05_medium,30,222,37.4,-0.6932629942893982,0.1348754974056194
BH_s05_medium,30,223,37.43333333333333,-0.8463578224182129,0.5585128484539095
BH_s05_medium,30,224,37.46666666666667,-0.9157253503799438,0.8639089866121242
BH_s05_medium,30,225,37.5,-0.4966917932033539,1.0099361142966004
BH_s05_medium,30,226,37.53333333333333,0.49426889419555664,0.9893443627387154
BH_s05_medium,30,227,37.56666666666667,1.6935279369354248,0.8273103700049974
BH_s05_medium,30,228,37.6,2.342491865158081,0.5720950129783504
BH_s05_medium,30,229,37.63333333333333,2.144087553024292,0.2811856903868691
BH_s05_medium,30,230,37.666666666666664,1.5219990015029907,0.007400233904425676
BH_s05_medium,30,231,37.7,0.6505672335624695,-0.21113950894441255
BH_s05_medium,30,232,37.733333333333334,0.04002106934785843,-0.3552423895921239
BH_s05_medium,30,233,37.766666666666666,-0.30963948369026184,-0.4233987182614795
BH_s05_medium,30,234,37.8,-0.4034620523452759,-0.4267436203693856
BH_s05_medium,30,235,37.833333333333336,-0.3223564326763153,-0.3824056995389102
BH_s05_medium,30,236,37.86666666666667,-0.14762406051158905,-0.307342673947692
BH_s05_medium,30,237,37.9,-0.0491454117000103,-0.2142431913839269
BH_s05_medium,30,238,37.93333333333333,-0.21155239641666412,-0.11016939312402138
BH_s05_medium,30,239,37.96666666666667,-0.3862847685813904,0.0023151653474319522
BH_s05_medium,31,0,31.0,-0.7577787041664124,0.05525748174186241
BH_s05_medium,31,1,31.033333333333335,-0.7132588624954224,0.2063442423972833
BH_s05_medium,31,2,31.066666666666666,-0.5385264754295349,0.29642596238785446
BH_s05_medium,31,3,31.1,-0.36379408836364746,0.2926794718781745
BH_s05_medium,31,4,31.133333333333333,-0.3521249294281006,0.205800505555164
BH_s05_medium,31,5,31.166666666666668,-0.4382781684398651,0.088593693356878
BH_s05_medium,31,6,31.2,-0.6454007029533386,0.016283130381334276
BH_s05_medium,31,7,31.233333333333334,-0.8763220906257629,0.05618766056359918
BH_s05_medium,31,8,31.266666666666666,-1.0510544776916504,0.2385813078437457
BH_s05_medium,31,9,31.3,-1.2006744146347046,0.5401137986789812
BH_s05_medium,31,10,31.333333333333332,-1.177988052368164,0.8871827738198852
BH_s05_medium,31,11,31.366666666666667,-0.8336342573165894,1.1792574719290239
BH_s05_medium,31,12,31.4,0.0756969079375267,1.3231291326521808
BH_s05_medium,31,13,31.433333333333334,1.2680062055587769,1.263942484586255
BH_s05_medium,31,14,31.466666666666665,1.9881752729415894,1.0014440213411917
BH_s05_medium,31,15,31.5,1.8573687076568604,0.5872037118714832
BH_s05_medium,31,16,31.533333333333335,1.1503082513809204,0.1056041777137121
BH_s05_medium,31,17,31.566666666666666,0.3652254641056061,-0.3536904518209678
BH_s05_medium,31,18,31.6,-0.3247200548648834,-0.7216031884164413
BH_s05_medium,31,19,31.633333333333333,-0.8480640649795532,-0.9647144658852543
BH_s05_medium,31,20,31.666666666666668,-1.0235161781311035,-1.0852121621810953
BH_s05_medium,31,21,31.7,-0.9389356970787048,-1.1078703340556444
BH_s05_medium,31,22,31.733333333333334,-0.7642033100128174,-1.0613277558280534
BH_s05_medium,31,23,31.766666666666666,-0.5806203484535217,-0.9625552703788532
BH_s05_medium,31,24,31.8,-0.4920412003993988,-0.8110531541394506
BH_s05_medium,31,25,31.833333333333332,-0.6554970741271973,-0.5945780481566841
BH_s05_medium,31,26,31.866666666666667,-0.8302294611930847,-0.3032941586153974
BH_s05_medium,31,27,31.9,-1.0749866962432861,0.054381615707914145
BH_s05_medium,31,28,31.933333333333334,-1.2682733535766602,0.4422732532543002
BH_s05_medium,31,29,31.966666666666665,-1.4430058002471924,0.7991932284869199
BH_s05_medium,31,30,32.0,-1.2523386478424072,1.0545065761024195
BH_s05_medium,31,31,32.03333333333333,-0.395851731300354,1.1509942183292379
BH_s05_medium,31,32,32.06666666666667,0.6525425910949707,1.0657268675246812
BH_s05_medium,31,33,32.1,1.5345290899276733,0.8197555881919669
BH_s05_medium,31,34,32.13333333333333,1.6693943738937378,0.4714670316473049
BH_s05_medium,31,35,32.166666666666664,1.1656513214111328,0.09538345637809877
BH_s05_medium,31,36,32.2,0.3781426250934601,-0.24460023959862995
BH_s05_medium,31,37,32.233333333333334,-0.3207869529724121,-0.5151352108757997
BH_s05_medium,31,38,32.266666666666666,-0.8877976536750793,-0.7171258670638454
BH_s05_medium,31,39,32.3,-1.153009057044983,-0.8720246776555244
BH_s05_medium,31,40,32.333333333333336,-1.0736074447631836,-0.9985851888269844
BH_s05_medium,31,41,32.36666666666667,-0.8628132343292236,-1.0928626149892042
BH_s05_medium,31,42,32.4,-0.6355635523796082,-1.1222186970568127
BH_s05_medium,31,43,32.43333333333333,-0.4920412003993988,-1.0369260898110315
BH_s05_medium,31,44,32.46666666666667,-0.5806203484535217,-0.7946849428069311
BH_s05_medium,31,45,32.5,-0.695557713508606,-0.38713605557809483
BH_s05_medium,31,46,32.53333333333333,-0.8702901005744934,0.14441165420121363
BH_s05_medium,31,47,32.56666666666667,-0.9564433097839355,0.7126977024661342
BH_s05_medium,31,48,32.6,-1.0044357776641846,1.2072866584076043
BH_s05_medium,31,49,32.63333333333333,-0.49734804034233093,1.527101254895343
BH_s05_medium,31,50,32.666666666666664,0.40477100014686584,1.6096789437074808
BH_s05_medium,31,51,32.7,1.5157133340835571,1.4467010756377283
BH_s05_medium,31,52,32.733333333333334,2.076754331588745,1.082011397310381
BH_s05_medium,31,53,32.766666666666666,1.8787437677383423,0.5951781292219955
BH_s05_medium,31,54,32.8,1.172863483428955,0.07762252183068678
BH_s05_medium,31,55,32.833333333333336,0.4739339351654053,-0.39066336561972537
BH_s05_medium,31,56,32.86666666666667,-0.13674350082874298,-0.7567477654235155
BH_s05_medium,31,57,32.9,-0.48928824067115784,-0.9985620964604981
BH_s05_medium,31,58,32.93333333333333,-0.5806203484535217,-1.117298297963397
BH_s05_medium,31,59,32.96666666666667,-0.41106685996055603,-1.1234701076013474
BH_s05_medium,31,60,33.0,-0.14775530993938446,-1.024308381458889
BH_s05_medium,31,61,33.03333333333333,-0.0491454117000103,-0.819449102221608
BH_s05_medium,31,62,33.06666666666667,-0.1228419840335846,-0.5077604747333361
BH_s05_medium,31,63,33.1,-0.2802658677101135,-0.10183187735722515
BH_s05_medium,31,64,33.13333333333333,-0.4723067581653595,0.3590308516258026
BH_s05_medium,31,65,33.166666666666664,-0.7356182932853699,0.8072218619044822
BH_s05_medium,31,66,33.2,-0.7823649644851685,1.1606110823122542
BH_s05_medium,31,67,33.233333333333334,-0.33435261249542236,1.3466732307842273
BH_s05_medium,31,68,33.266666666666666,0.6305791139602661,1.3258453225782851
BH_s05_medium,31,69,33.3,1.6516965627670288,1.1033199207363658
BH_s05_medium,31,70,33.333333333333336,2.1310434341430664,0.7249347366154106
BH_s05_medium,31,71,33.36666666666667,1.9211647510528564,0.26075176640504527
BH_s05_medium,31,72,33.4,1.209513783454895,-0.21556566888600937
BH_s05_medium,31,73,33.43333333333333,0.4714423716068268,-0.6435030302284367
BH_s05_medium,31,74,33.46666666666667,-0.1383163034915924,-0.983623805344912
BH_s05_medium,31,75,33.5,-0.4877810776233673,-1.215952265260834
BH_s05_medium,31,76,33.53333333333333,-0.5408867597579956,-1.331770657437416
BH_s05_medium,31,77,33.56666666666667,-0.36615437269210815,-1.3242551200009374
BH_s05_medium,31,78,33.6,-0.10284283757209778,-1.1840744091334192
BH_s05_medium,31,79,33.63333333333333,-0.0491454117000103,-0.903881134415195
BH_s05_medium,31,80,33.666666666666664,-0.07917529344558716,-0.4905017216228664
BH_s05_medium,31,81,33.7,-0.2539076805114746,0.021929971666213265
BH_s05_medium,31,82,33.733333333333334,-0.45381808280944824,0.5671412863070262
BH_s05_medium,31,83,33.766666666666666,-0.669199526309967,1.056341591654491
BH_s05_medium,31,84,33.8,-0.628547191619873,1.4005594913816868
BH_s05_medium,31,85,33.833333333333336,-0.048223357647657394,1.5365766025664862
BH_s05_medium,31,86,33.86666666666667,1.018071174621582,1.4454718961153163
BH_s05_medium,31,87,33.9,1.9517896175384521,1.15649582584907
BH_s05_medium,31,88,33.93333333333333,2.2432901859283447,0.7353711979436826
BH_s05_medium,31,89,33.96666666666667,1.8668099641799927,0.26226412838213814
BH_s05_medium,31,90,34.0,1.1621097326278687,-0.19163467093129047
BH_s05_medium,31,91,34.03333333333333,0.38037165999412537,-0.5799171709674298
BH_s05_medium,31,92,34.06666666666667,-0.13956207036972046,-0.8836875395207879
BH_s05_medium,31,93,34.1,-0.48902684450149536,-1.1016481553710205
BH_s05_medium,31,94,34.13333333333333,-0.4920412003993988,-1.2339531176963912
BH_s05_medium,31,95,34.166666666666664,-0.32124191522598267,-1.269363771757922
BH_s05_medium,31,96,34.2,-0.057930368930101395,-1.1836217662963513
BH_s05_medium,31,97,34.233333333333334,-0.0491454117000103,-0.9511946236607588
BH_s05_medium,31,98,34.266666666666666,-0.12408775836229324,-0.5652542067449533
BH_s05_medium,31,99,34.3,-0.2988201379776001,-0.05544848454779423
BH_s05_medium,31,100,34.333333333333336,-0.47355252504348755,0.5073140113757838
BH_s05_medium,31,101,34.36666666666667,-0.648284912109375,1.0242457162990957
BH_s05_medium,31,102,34.4,-0.6273013949394226,1.396092751917172
BH_s05_medium,31,103,34.43333333333333,-0.0008193369139917195,1.5530572154786777
BH_s05_medium,31,104,34.46666666666667,1.0218085050582886,1.474830876313063
BH_s05_medium,31,105,34.5,1.954281210899353,1.1933825312157256
BH_s05_medium,31,106,34.53333333333333,2.198377847671509,0.7786109554767929
BH_s05_medium,31,107,34.56666666666667,1.6871600151062012,0.3136397268732116
BH_s05_medium,31,108,34.6,0.8996513485908508,-0.1299678816880274
BH_s05_medium,31,109,34.63333333333333,0.1121426373720169,-0.5076938873465662
BH_s05_medium,31,110,34.666666666666664,-0.3637973964214325,-0.8036693894360935
BH_s05_medium,31,111,34.7,-0.6240256428718567,-1.0200805696379467
BH_s05_medium,31,112,34.733333333333334,-0.6282201409339905,-1.1609740208326729
BH_s05_medium,31,113,34.766666666666666,-0.41493433713912964,-1.219006922784773
BH_s05_medium,31,114,34.8,-0.22630372643470764,-1.1722079509530512
BH_s05_medium,31,115,34.833333333333336,-0.22630372643470764,-0.9932703867693627
BH_s05_medium,31,116,34.86666666666667,-0.34615853428840637,-0.6677741196172048
BH_s05_medium,31,117,34.9,-0.5497406721115112,-0.21268235128171864
BH_s05_medium,31,118,34.93333333333333,-0.7842024564743042,0.3149102798375619
BH_s05_medium,31,119,34.96666666666667,-1.0475140810012817,0.8252466603407477
BH_s05_medium,31,120,35.0,-1.090523362159729,1.218693388491175
BH_s05_medium,31,121,35.03333333333333,-0.5734694004058838,1.4155174908004533
BH_s05_medium,31,122,35.06666666666667,0.4222118556499481,1.3807429489806522
BH_s05_medium,31,123,35.1,1.5138769149780273,1.1339059629587214
BH_s05_medium,31,124,35.13333333333333,1.9881752729415894,0.7396974930168144
BH_s05_medium,31,125,35.166666666666664,1.6846685409545898,0.2835964773768269
BH_s05_medium,31,126,35.2,0.8971598148345947,-0.15676437544522528
BH_s05_medium,31,127,35.233333333333334,0.10965108126401901,-0.531979053648898
BH_s05_medium,31,128,35.266666666666666,-0.49853479862213135,-0.8249003133916604
BH_s05_medium,31,129,35.3,-0.9344142079353333,-1.038701341929169
BH_s05_medium,31,130,35.333333333333336,-0.9376243352890015,-1.1775069818277166
BH_s05_medium,31,131,35.36666666666667,-0.762891948223114,-1.231449188613948
BH_s05_medium,31,132,35.4,-0.5071195960044861,-1.1745941925181902
BH_s05_medium,31,133,35.43333333333333,-0.4134271442890167,-0.9768147201856933
BH_s05_medium,31,134,35.46666666666667,-0.4920412003993988,-0.6237484413363513
BH_s05_medium,31,135,35.5,-0.7281447649002075,-0.13515053439121721
BH_s05_medium,31,136,35.53333333333333,-0.9890303611755371,0.4277844731340173
BH_s05_medium,31,137,35.56666666666667,-1.181005597114563,0.9712151740347847
BH_s05_medium,31,138,35.6,-1.3557380437850952,1.3917447682211441
BH_s05_medium,31,139,35.63333333333333,-1.0330196619033813,1.605680686227092
BH_s05_medium,31,140,35.666666666666664,-0.12224584817886353,1.573543327697842
BH_s05_medium,31,141,35.7,1.1331409215927124,1.3106037381469233
BH_s05_medium,31,142,35.733333333333334,1.9813590049743652,0.879601332947156
BH_s05_medium,31,143,35.766666666666666,2.056623935699463,0.36888301858792955
BH_s05_medium,31,144,35.8,1.4261431694030762,-0.13478249294563033
BH_s05_medium,31,145,35.833333333333336,0.6777107119560242,-0.5676202201063261
BH_s05_medium,31,146,35.86666666666667,0.03385891392827034,-0.8969817797061621
BH_s05_medium,31,147,35.9,-0.31560587882995605,-1.1154643386834455
BH_s05_medium,31,148,35.93333333333333,-0.4034620523452759,-1.2266203146949748
BH_s05_medium,31,149,35.96666666666667,-0.27508366107940674,-1.2311323668986418
BH_s05_medium,31,150,36.0,-0.0491454117000103,-1.121381232256011
BH_s05_medium,31,151,36.03333333333333,-0.0491454117000103,-0.8874958303814393
BH_s05_medium,31,152,36.06666666666667,-0.0491454117000103,-0.5313301975923582
BH_s05_medium,31,153,36.1,-0.16782008111476898,-0.07998991771583627
BH_s05_medium,31,154,36.13333333333333,-0.3702220320701599,0.40963891874233843
BH_s05_medium,31,155,36.166666666666664,-0.6058639883995056,0.8595190459910323
BH_s05_medium,31,156,36.2,-0.7577787041664124,1.1898900202633078
BH_s05_medium,31,157,36.233333333333334,-0.4990531802177429,1.3419012622569442
BH_s05_medium,31,158,36.266666666666666,0.2537739872932434,1.294457067439931
BH_s05_medium,31,159,36.3,1.4613608121871948,1.068836228616461
BH_s05_medium,31,160,36.333333333333336,2.3556058406829834,0.7196105504622334
BH_s05_medium,31,161,36.36666666666667,2.321115732192993,0.31572657252707886
BH_s05_medium,31,162,36.4,1.769706130027771,-0.08062468042507442
BH_s05_medium,31,163,36.43333333333333,0.9846233129501343,-0.4289679417692072
BH_s05_medium,31,164,36.46666666666667,0.20636114478111267,-0.7136603612738874
BH_s05_medium,31,165,36.5,-0.13969331979751587,-0.9349018169706909
BH_s05_medium,31,166,36.53333333333333,-0.31488287448883057,-1.0933624820571237
BH_s05_medium,31,167,36.56666666666667,-0.23017120361328125,-1.1775006969114494
BH_s05_medium,31,168,36.6,-0.0554388165473938,-1.1612069655766202
BH_s05_medium,31,169,36.63333333333333,0.03071441501379013,-1.0139806928271637
BH_s05_medium,31,170,36.666666666666664,-0.03800015151500702,-0.719213700237656
BH_s05_medium,31,171,36.7,-0.12415338307619095,-0.29153919500720576
BH_s05_medium,31,172,36.733333333333334,-0.2988857626914978,0.21608233118183917
BH_s05_medium,31,173,36.766666666666666,-0.47361814975738525,0.7205147891234985
BH_s05_medium,31,174,36.8,-0.669199526309967,1.129733282968931
BH_s05_medium,31,175,36.833333333333336,-0.6924744248390198,1.3690643630780512
BH_s05_medium,31,176,36.86666666666667,-0.1519487053155899,1.4022319348252221
BH_s05_medium,31,177,36.9,0.9054964184761047,1.2395156500728894
BH_s05_medium,31,178,36.93333333333333,2.0125701427459717,0.9305662881323528
BH_s05_medium,31,179,36.96666666666667,2.4310710430145264,0.5452483231572095
BH_s05_medium,31,180,37.0,2.094388723373413,0.15024062095104082
BH_s05_medium,31,181,37.03333333333333,1.3422846794128418,-0.2093379742403344
BH_s05_medium,31,182,37.06666666666667,0.5547759532928467,-0.5159880938266953
BH_s05_medium,31,183,37.1,-0.006463097874075174,-0.7718375866594792
BH_s05_medium,31,184,37.13333333333333,-0.2697746455669403,-0.9821102763335119
BH_s05_medium,31,185,37.166666666666664,-0.31488287448883057,-1.1399947973265552
BH_s05_medium,31,186,37.2,-0.14906559884548187,-1.2212828146583743
BH_s05_medium,31,187,37.233333333333334,-0.0491454117000103,-1.1913400378674295
BH_s05_medium,31,188,37.266666666666666,-0.0491454117000103,-1.0208577216240562
BH_s05_medium,31,189,37.3,-0.08048669248819351,-0.7030589713927818
BH_s05_medium,31,190,37.333333333333336,-0.25521907210350037,-0.2646275600586067
BH_s05_medium,31,191,37.36666666666667,-0.5185306072235107,0.23476505396271571
BH_s05_medium,31,192,37.4,-0.6932629942893982,0.7150351912601302
BH_s05_medium,31,193,37.43333333333333,-0.8463578224182129,1.0962402028900164
BH_s05_medium,31,194,37.46666666666667,-0.9157253503799438,1.319475603634183
BH_s05_medium,31,195,37.5,-0.4966917932033539,1.3602826127727357
BH_s05_medium,31,196,37.53333333333333,0.49426889419555664,1.2303914484105172
BH_s05_medium,31,197,37.56666666666667,1.6935279369354248,0.9689139413773857
BH_s05_medium,31,198,37.6,2.342491865158081,0.6280343311676277
BH_s05_medium,31,199,37.63333333333333,2.144087553024292,0.2593283459931035
BH_s05_medium,31,200,37.666666666666664,1.5219990015029907,-0.09483234597343727
BH_s05_medium,31,201,37.7,0.6505672335624695,-0.40347155923088707
BH_s05_medium,31,202,37.733333333333334,0.04002106934785843,-0.6444406948640958
BH_s05_medium,31,203,37.766666666666666,-0.30963948369026184,-0.8003846478324539
BH_s05_medium,31,204,37.8,-0.4034620523452759,-0.8565023776935422
BH_s05_medium,31,205,37.833333333333336,-0.3223564326763153,-0.8020654497712046
BH_s05_medium,31,206,37.86666666666667,-0.14762406051158905,-0.6357394600764971
BH_s05_medium,31,207,37.9,-0.0491454117000103,-0.37255864408051664
BH_s05_medium,31,208,37.93333333333333,-0.21155239641666412,-0.048532340760621386
BH_s05_medium,31,209,37.96666666666667,-0.3862847685813904,0.28138525931827063
BH_s05_medium,31,210,38.0,-0.6299931406974792,0.5539187151765061
BH_s05_medium,31,211,38.03333333333333,-0.8243287205696106,0.7142653580473297
BH_s05_medium,31,212,38.06666666666667,-0.999061107635498,0.7323556372601265
BH_s05_medium,31,213,38.1,-1.1120953559875488,0.6111137404084065
BH_s05_medium,31,214,38.13333333333333,-0.9342785477638245,0.38338371942038163
BH_s05_medium,31,215,38.166666666666664,-0.20780955255031586,0.09992597896522275
BH_s05_medium,31,216,38.2,0.951851487159729,-0.18588669968190544
BH_s05_medium,31,217,38.233333333333334,1.9670003652572632,-0.4312148880754487
BH_s05_medium,31,218,38.266666666666666,2.11576509475708,-0.6115003018862858
BH_s05_medium,31,219,38.3,1.5753037929534912,-0.7220931975861002
BH_s05_medium,31,220,38.333333333333336,0.7902210354804993,-0.7746399728303717
BH_s05_medium,31,221,38.36666666666667,0.0011406070552766323,-0.7897349386960054
BH_s05_medium,31,222,38.4,-0.48319172859191895,-0.7875867598555264
BH_s05_medium,31,223,38.43333333333333,-0.7066384553909302,-0.7788621707062007
BH_s05_medium,31,224,38.46666666666667,-0.6341865658760071,-0.758458025767306
BH_s05_medium,31,225,38.5,-0.45945414900779724,-0.7049991584090112
BH_s05_medium,31,226,38.53333333333333,-0.31488287448883057,-0.5875867375616478
BH_s05_medium,31,227,38.56666666666667,-0.34261807799339294,-0.3786649789955451
BH_s05_medium,31,228,38.6,-0.5173504948616028,-0.06870264010011677
BH_s05_medium,31,229,38.63333333333333,-0.7806620001792908,0.32362064953805575
BH_s05_medium,31,230,38.666666666666664,-1.0439735651016235,0.7512488103681736
BH_s05_medium,31,231,38.7,-1.2187060117721558,1.1499602018567487
BH_s05_medium,31,232,38.733333333333334,-1.3778327703475952,1.4563976747527592
BH_s05_medium,31,233,38.766666666666666,-1.3382939100265503,1.6249786961669916
BH_s05_medium,31,234,38.8,-0.6932564377784729,1.6375310228713371
BH_s05_medium,31,235,38.833333333333336,0.36346569657325745,1.5037610228492697
BH_s05_medium,31,236,38.86666666666667,1.5688868761062622,1.2537751618539108
BH_s05_medium,31,237,38.9,2.0732784271240234,0.925878163165165
BH_s05_medium,31,238,38.93333333333333,1.7182377576828003,0.5546840077706677
BH_s05_medium,31,239,38.96666666666667,0.9321049451828003,0.16487106903613208
BH_s05_medium,32,0,32.0,-1.2523386478424072,-0.10471434505421146
BH_s05_medium,32,1,32.03333333333333,-0.395851731300354,0.44399422306698283
BH_s05_medium,32,2,32.06666666666667,0.6525425910949707,0.8838508399428489
BH_s05_medium,32,3,32.1,1.5345290899276733,1.1380914939899938
BH_s05_medium,32,4,32.13333333333333,1.6693943738937378,1.1850083485792584
BH_s05_medium,32,5,32.166666666666664,1.1656513214111328,1.0553804389370187
BH_s05_medium,32,6,32.2,0.3781426250934601,0.8091114080219415
BH_s05_medium,32,7,32.233333333333334,-0.3207869529724121,0.5052688517996976
BH_s05_medium,32,8,32.266666666666666,-0.8877976536750793,0.1823136564976125
BH_s05_medium,32,9,32.3,-1.153009057044983,-0.1425904712228456
BH_s05_medium,32,10,32.333333333333336,-1.0736074447631836,-0.4587672501928667
BH_s05_medium,32,11,32.36666666666667,-0.8628132343292236,-0.7442140822466953
BH_s05_medium,32,12,32.4,-0.6355635523796082,-0.9574548588083313
BH_s05_medium,32,13,32.43333333333333,-0.4920412003993988,-1.0448782648018913
BH_s05_medium,32,14,32.46666666666667,-0.5806203484535217,-0.9606310803376923
BH_s05_medium,32,15,32.5,-0.695557713508606,-0.6895078019579292
BH_s05_medium,32,16,32.53333333333333,-0.8702901005744934,-0.2613110343525476
BH_s05_medium,32,17,32.56666666666667,-0.9564433097839355,0.25090744318663727
BH_s05_medium,32,18,32.6,-1.0044357776641846,0.7481694988084654
BH_s05_medium,32,19,32.63333333333333,-0.49734804034233093,1.1309129442769024
BH_s05_medium,32,20,32.666666666666664,0.40477100014686584,1.3232245909817566
BH_s05_medium,32,21,32.7,1.5157133340835571,1.2894621726758382
BH_s05_medium,32,22,32.733333333333334,2.076754331588745,1.0402308876891133
BH_s05_medium,32,23,32.766666666666666,1.8787437677383423,0.6273811756386283
BH_s05_medium,32,24,32.8,1.172863483428955,0.12968454256811887
BH_s05_medium,32,25,32.833333333333336,0.4739339351654053,-0.36707571517004206
BH_s05_medium,32,26,32.86666666666667,-0.13674350082874298,-0.7896532045576624
BH_s05_medium,32,27,32.9,-0.48928824067115784,-1.0900694281997876
BH_s05_medium,32,28,32.93333333333333,-0.5806203484535217,-1.2477797367419947
BH_s05_medium,32,29,32.96666666666667,-0.41106685996055603,-1.2624668693657584
BH_s05_medium,32,30,33.0,-0.14775530993938446,-1.1432395104588235
BH_s05_medium,32,31,33.03333333333333,-0.0491454117000103,-0.901578681059188
BH_s05_medium,32,32,33.06666666666667,-0.1228419840335846,-0.5526082692978748
BH_s05_medium,32,33,33.1,-0.2802658677101135,-0.12325682368927052
BH_s05_medium,32,34,33.13333333333333,-0.4723067581653595,0.33999465598852374
BH_s05_medium,32,35,33.166666666666664,-0.7356182932853699,0.772120600870945
BH_s05_medium,32,36,33.2,-0.7823649644851685,1.1021102328011343
BH_s05_medium,32,37,33.233333333333334,-0.33435261249542236,1.272190006581145
BH_s05_medium,32,38,33.266666666666666,0.6305791139602661,1.2547887628078862
BH_s05_medium,32,39,33.3,1.6516965627670288,1.0597557832427724
BH_s05_medium,32,40,33.333333333333336,2.1310434341430664,0.7295408219568664
BH_s05_medium,32,41,33.36666666666667,1.9211647510528564,0.32554132650879025
BH_s05_medium,32,42,33.4,1.209513783454895,-0.08834275545759052
BH_s05_medium,32,43,33.43333333333333,0.4714423716068268,-0.4592015349385374
BH_s05_medium,32,44,33.46666666666667,-0.1383163034915924,-0.7521504095933782
BH_s05_medium,32,45,33.5,-0.4877810776233673,-0.9501073939176476
BH_s05_medium,32,46,33.53333333333333,-0.5408867597579956,-1.0477896416528767
BH_s05_medium,32,47,33.56666666666667,-0.36615437269210815,-1.0434652575802335
BH_s05_medium,32,48,33.6,-0.10284283757209778,-0.9335943672623944
BH_s05_medium,32,49,33.63333333333333,-0.0491454117000103,-0.7146553691428777
BH_s05_medium,32,50,33.666666666666664,-0.07917529344558716,-0.39216352247997094
BH_s05_medium,32,51,33.7,-0.2539076805114746,0.008448118143765435
BH_s05_medium,32,52,33.733333333333334,-0.45381808280944824,0.43705351594097813
BH_s05_medium,32,53,33.766666666666666,-0.669199526309967,0.825656188384784
BH_s05_medium,32,54,33.8,-0.628547191619873,1.1055411394933092
BH_s05_medium,32,55,33.833333333333336,-0.048223357647657394,1.2272735391600968
BH_s05_medium,32,56,33.86666666666667,1.018071174621582,1.1747823433049018
BH_s05_medium,32,57,33.9,1.9517896175384521,0.968099862653191
BH_s05_medium,32,58,33.93333333333333,2.2432901859283447,0.6544106114189799
BH_s05_medium,32,59,33.96666666666667,1.8668099641799927,0.2914948313298855
BH_s05_medium,32,60,34.0,1.1621097326278687,-0.06990387596921817
BH_s05_medium,32,61,34.03333333333333,0.38037165999412537,-0.39797604448254925
BH_s05_medium,32,62,34.06666666666667,-0.13956207036972046,-0.6810346753743234
BH_s05_medium,32,63,34.1,-0.48902684450149536,-0.9175156217083703
BH_s05_medium,32,64,34.13333333333333,-0.4920412003993988,-1.1005475864469596
BH_s05_medium,32,65,34.166666666666664,-0.32124191522598267,-1.2068787199170792
BH_s05_medium,32,66,34.2,-0.057930368930101395,-1.1983238077538316
BH_s05_medium,32,67,34.233333333333334,-0.0491454117000103,-1.0371957496788842
BH_s05_medium,32,68,34.266666666666666,-0.12408775836229324,-0.7089865643892063
BH_s05_medium,32,69,34.3,-0.2988201379776001,-0.24039991106241043
BH_s05_medium,32,70,34.333333333333336,-0.47355252504348755,0.29807245830151424
BH_s05_medium,32,71,34.36666666666667,-0.648284912109375,0.808507209384313
BH_s05_medium,32,72,34.4,-0.6273013949394226,1.1943428093540844
BH_s05_medium,32,73,34.43333333333333,-0.0008193369139917195,1.388825560586707
BH_s05_medium,32,74,34.46666666666667,1.0218085050582886,1.3717281084853143
BH_s05_medium,32,75,34.5,1.954281210899353,1.1695129780714502
BH_s05_medium,32,76,34.53333333333333,2.198377847671509,0.8409571969079995
BH_s05_medium,32,77,34.56666666666667,1.6871600151062012,0.4550935684336588
BH_s05_medium,32,78,34.6,0.8996513485908508,0.07044415136353863
BH_s05_medium,32,79,34.63333333333333,0.1121426373720169,-0.2768207250253678
BH_s05_medium,32,80,34.666666666666664,-0.3637973964214325,-0.5726556149094189
BH_s05_medium,32,81,34.7,-0.6240256428718567,-0.8150502488316157
BH_s05_medium,32,82,34.733333333333334,-0.6282201409339905,-1.0000354504179354
BH_s05_medium,32,83,34.766666666666666,-0.41493433713912964,-1.111095943639885
BH_s05_medium,32,84,34.8,-0.22630372643470764,-1.1181771033221592
BH_s05_medium,32,85,34.833333333333336,-0.22630372643470764,-0.9884998108020766
BH_s05_medium,32,86,34.86666666666667,-0.34615853428840637,-0.7053353876022301
BH_s05_medium,32,87,34.9,-0.5497406721115112,-0.2857796194762526
BH_s05_medium,32,88,34.93333333333333,-0.7842024564743042,0.21236915109052842
BH_s05_medium,32,89,34.96666666666667,-1.0475140810012817,0.7001629113543143
BH_s05_medium,32,90,35.0,-1.090523362159729,1.0811528397253827
BH_s05_medium,32,91,35.03333333333333,-0.5734694004058838,1.279940049179192
BH_s05_medium,32,92,35.06666666666667,0.4222118556499481,1.2644229321722442
BH_s05_medium,32,93,35.1,1.5138769149780273,1.053349757901221
BH_s05_medium,32,94,35.13333333333333,1.9881752729415894,0.7064154977394235
BH_s05_medium,32,95,35.166666666666664,1.6846685409545898,0.300968819434031
BH_s05_medium,32,96,35.2,0.8971598148345947,-0.0946413976265735
BH_s05_medium,32,97,35.233333333333334,0.10965108126401901,-0.4391845288458102
BH_s05_medium,32,98,35.266666666666666,-0.49853479862213135,-0.7203968243480114
BH_s05_medium,32,99,35.3,-0.9344142079353333,-0.9413820728741454
BH_s05_medium,32,100,35.333333333333336,-0.9376243352890015,-1.1009586312957582
BH_s05_medium,32,101,35.36666666666667,-0.762891948223114,-1.1805832389622608
BH_s05_medium,32,102,35.4,-0.5071195960044861,-1.1459834798155875
BH_s05_medium,32,103,35.43333333333333,-0.4134271442890167,-0.9629038923576952
BH_s05_medium,32,104,35.46666666666667,-0.4920412003993988,-0.6189571715577113
BH_s05_medium,32,105,35.5,-0.7281447649002075,-0.14057226713697302
BH_s05_medium,32,106,35.53333333333333,-0.9890303611755371,0.403911747067292
BH_s05_medium,32,107,35.56666666666667,-1.181005597114563,0.9178645510007982
BH_s05_medium,32,108,35.6,-1.3557380437850952,1.3020605473118587
BH_s05_medium,32,109,35.63333333333333,-1.0330196619033813,1.482717659229507
BH_s05_medium,32,110,35.666666666666664,-0.12224584817886353,1.4318389979816164
BH_s05_medium,32,111,35.7,1.1331409215927124,1.1732106573754313
BH_s05_medium,32,112,35.733333333333334,1.9813590049743652,0.7722767485055146
BH_s05_medium,32,113,35.766666666666666,2.056623935699463,0.31363038768293505
BH_s05_medium,32,114,35.8,1.4261431694030762,-0.1250594808070496
BH_s05_medium,32,115,35.833333333333336,0.6777107119560242,-0.49216659512692745
BH_s05_medium,32,116,35.86666666666667,0.03385891392827034,-0.7673060847015462
BH_s05_medium,32,117,35.9,-0.31560587882995605,-0.952493767002542
BH_s05_medium,32,118,35.93333333333333,-0.4034620523452759,-1.0555928142384494
BH_s05_medium,32,119,35.96666666666667,-0.27508366107940674,-1.0756451400964864
BH_s05_medium,32,120,36.0,-0.0491454117000103,-0.9984427321153917
BH_s05_medium,32,121,36.03333333333333,-0.0491454117000103,-0.8051592395994006
BH_s05_medium,32,122,36.06666666666667,-0.0491454117000103,-0.48936983840723497
BH_s05_medium,32,123,36.1,-0.16782008111476898,-0.07270619581046392
BH_s05_medium,32,124,36.13333333333333,-0.3702220320701599,0.39006880814805905
BH_s05_medium,32,125,36.166666666666664,-0.6058639883995056,0.8204259224135205
BH_s05_medium,32,126,36.2,-0.7577787041664124,1.1368074146926586
BH_s05_medium,32,127,36.233333333333334,-0.4990531802177429,1.2785510158767772
BH_s05_medium,32,128,36.266666666666666,0.2537739872932434,1.223615834128034
BH_s05_medium,32,129,36.3,1.4613608121871948,0.9933938563543646
BH_s05_medium,32,130,36.333333333333336,2.3556058406829834,0.6429723726168909
BH_s05_medium,32,131,36.36666666666667,2.321115732192993,0.24094415584702228
BH_s05_medium,32,132,36.4,1.769706130027771,-0.15274574785726613
BH_s05_medium,32,133,36.43333333333333,0.9846233129501343,-0.5014569493055263
BH_s05_medium,32,134,36.46666666666667,0.20636114478111267,-0.7929657667688693
BH_s05_medium,32,135,36.5,-0.13969331979751587,-1.0276042404506338
BH_s05_medium,32,136,36.53333333333333,-0.31488287448883057,-1.2008601466023927
BH_s05_medium,32,137,36.56666666666667,-0.23017120361328125,-1.2911427616493913
BH_s05_medium,32,138,36.6,-0.0554388165473938,-1.260852946648529
BH_s05_medium,32,139,36.63333333333333,0.03071441501379013,-1.071850050118299
BH_s05_medium,32,140,36.666666666666664,-0.03800015151500702,-0.7085265359367798
BH_s05_medium,32,141,36.7,-0.12415338307619095,-0.19688610568112602
BH_s05_medium,32,142,36.733333333333334,-0.2988857626914978,0.39114393267513564
BH_s05_medium,32,143,36.766666666666666,-0.47361814975738525,0.952410113476336
BH_s05_medium,32,144,36.8,-0.669199526309967,1.3811977725985418
BH_s05_medium,32,145,36.833333333333336,-0.6924744248390198,1.6001586109662103
BH_s05_medium,32,146,36.86666666666667,-0.1519487053155899,1.5815390233698756
BH_s05_medium,32,147,36.9,0.9054964184761047,1.3515696724151893
BH_s05_medium,32,148,36.93333333333333,2.0125701427459717,0.9773396349434623
BH_s05_medium,32,149,36.96666666666667,2.4310710430145264,0.5415650485025816
BH_s05_medium,32,150,37.0,2.094388723373413,0.11507512048448254
BH_s05_medium,32,151,37.03333333333333,1.3422846794128418,-0.2620497937679704
BH_s05_medium,32,152,37.06666666666667,0.5547759532928467,-0.5830358094128535
BH_s05_medium,32,153,37.1,-0.006463097874075174,-0.8602840485256837
BH_s05_medium,32,154,37.13333333333333,-0.2697746455669403,-1.1026936844079738
BH_s05_medium,32,155,37.166666666666664,-0.31488287448883057,-1.297300624869168
BH_s05_medium,32,156,37.2,-0.14906559884548187,-1.4055685737294084
BH_s05_medium,32,157,37.233333333333334,-0.0491454117000103,-1.3766601658408677
BH_s05_medium,32,158,37.266666666666666,-0.0491454117000103,-1.1712402493909828
BH_s05_medium,32,159,37.3,-0.08048669248819351,-0.7843150496208374
BH_s05_medium,32,160,37.333333333333336,-0.25521907210350037,-0.25650967614502057
BH_s05_medium,32,161,37.36666666666667,-0.5185306072235107,0.3312808947423619
BH_s05_medium,32,162,37.4,-0.6932629942893982,0.8779095019426227
BH_s05_medium,32,163,37.43333333333333,-0.8463578224182129,1.2890215040752457
BH_s05_medium,32,164,37.46666666666667,-0.9157253503799438,1.5011161721915647
BH_s05_medium,32,165,37.5,-0.4966917932033539,1.4944499806251235
BH_s05_medium,32,166,37.53333333333333,0.49426889419555664,1.2918050797283667
BH_s05_medium,32,167,37.56666666666667,1.6935279369354248,0.9459254863963854
BH_s05_medium,32,168,37.6,2.342491865158081,0.5219970085095932
BH_s05_medium,32,169,37.63333333333333,2.144087553024292,0.08198289552641355
BH_s05_medium,32,170,37.666666666666664,1.5219990015029907,-0.32452685207480647
BH_s05_medium,32,171,37.7,0.6505672335624695,-0.6618194524444038
BH_s05_medium,32,172,37.733333333333334,0.04002106934785843,-0.9042130152253137
BH_s05_medium,32,173,37.766666666666666,-0.30963948369026184,-1.0311678353964937
BH_s05_medium,32,174,37.8,-0.4034620523452759,-1.0255600858133391
BH_s05_medium,32,175,37.833333333333336,-0.3223564326763153,-0.877338700750362
BH_s05_medium,32,176,37.86666666666667,-0.14762406051158905,-0.5917498140152035
BH_s05_medium,32,177,37.9,-0.0491454117000103,-0.19820756350730623
BH_s05_medium,32,178,37.93333333333333,-0.21155239641666412,0.24601386145303034
BH_s05_medium,32,179,37.96666666666667,-0.3862847685813904,0.6622532300464606
BH_s05_medium,32,180,38.0,-0.6299931406974792,0.9679567308652209
BH_s05_medium,32,181,38.03333333333333,-0.8243287205696106,1.1001189418395365
BH_s05_medium,32,182,38.06666666666667,-0.999061107635498,1.0350023658042973
BH_s05_medium,32,183,38.1,-1.1120953559875488,0.7949266800527546
BH_s05_medium,32,184,38.13333333333333,-0.9342785477638245,0.4392784238742945
BH_s05_medium,32,185,38.166666666666664,-0.20780955255031586,0.044646901641403815
BH_s05_medium,32,186,38.2,0.951851487159729,-0.3171048777318544
BH_s05_medium,32,187,38.233333333333334,1.9670003652572632,-0.5951172179165449
BH_s05_medium,32,188,38.266666666666666,2.11576509475708,-0.7665770427912068
BH_s05_medium,32,189,38.3,1.5753037929534912,-0.8351727211584131
BH_s05_medium,32,190,38.333333333333336,0.7902210354804993,-0.8237809201126561
BH_s05_medium,32,191,38.36666666666667,0.0011406070552766323,-0.7643468866544931
BH_s05_medium,32,192,38.4,-0.48319172859191895,-0.6872425861058231
BH_s05_medium,32,193,38.43333333333333,-0.7066384553909302,-0.611932865750844
BH_s05_medium,32,194,38.46666666666667,-0.6341865658760071,-0.5408970836474654
BH_s05_medium,32,195,38.5,-0.45945414900779724,-0.4589394993869039
BH_s05_medium,32,196,38.53333333333333,-0.31488287448883057,-0.3393752380348398
BH_s05_medium,32,197,38.56666666666667,-0.34261807799339294,-0.1564692557493049
BH_s05_medium,32,198,38.6,-0.5173504948616028,0.09968333633247761
BH_s05_medium,32,199,38.63333333333333,-0.7806620001792908,0.4121556385014795
BH_s05_medium,32,200,38.666666666666664,-1.0439735651016235,0.7361316110092281
BH_s05_medium,32,201,38.7,-1.2187060117721558,1.0097524840343637
BH_s05_medium,32,202,38.733333333333334,-1.3778327703475952,1.1724473983601786
BH_s05_medium,32,203,38.766666666666666,-1.3382939100265503,1.182608227153441
BH_s05_medium,32,204,38.8,-0.6932564377784729,1.0284853868544952
BH_s05_medium,32,205,38.833333333333336,0.36346569657325745,0.7306433681290024
BH_s05_medium,32,206,38.86666666666667,1.5688868761062622,0.3368650528928669
BH_s05_medium,32,207,38.9,2.0732784271240234,-0.08879977090300041
BH_s05_medium,32,208,38.93333333333333,1.7182377576828003,-0.4802635620415264
BH_s05_medium,32,209,38.96666666666667,0.9321049451828003,-0.7834623331488119
BH_s05_medium,32,210,39.0,0.23179946839809418,-0.9667257546214226
BH_s05_medium,32,211,39.03333333333333,-0.2961995601654053,-1.0244944250720962
BH_s05_medium,32,212,39.06666666666667,-0.5719666481018066,-0.9726349660129623
BH_s05_medium,32,213,39.1,-0.5806203484535217,-0.8365535961634275
BH_s05_medium,32,214,39.13333333333333,-0.3283884525299072,-0.6376713140375448
BH_s05_medium,32,215,39.166666666666664,-0.15365606546401978,-0.3859330931237767
BH_s05_medium,32,216,39.2,-0.0491454117000103,-0.08292198670349302
BH_s05_medium,32,217,39.233333333333334,-0.2055203914642334,0.26648154140212
BH_s05_medium,32,218,39.266666666666666,-0.38025277853012085,0.6417228367928152
BH_s05_medium,32,219,39.3,-0.6435643434524536,1.0020918345058467
BH_s05_medium,32,220,39.333333333333336,-0.8182967305183411,1.2936561646072797
BH_s05_medium,32,221,39.36666666666667,-0.9349370002746582,1.4642729198059843
BH_s05_medium,32,222,39.4,-0.9121838212013245,1.4795888024604174
BH_s05_medium,32,223,39.43333333333333,-0.31441912055015564,1.3334129895254512
BH_s05_medium,32,224,39.46666666666667,0.7494506239891052,1.0490553820581543
BH_s05_medium,32,225,39.5,1.9241889715194702,0.6720719342568787
BH_s05_medium,32,226,39.53333333333333,2.4310710430145264,0.25767796953369254
BH_s05_medium,32,227,39.56666666666667,2.0797665119171143,-0.14265502742515446
BH_s05_medium,32,228,39.6,1.2922577857971191,-0.4911236480832086
BH_s05_medium,32,229,39.63333333333333,0.5047491192817688,-0.7673871416991538
BH_s05_medium,32,230,39.666666666666664,-0.1216629296541214,-0.9662318209771477
BH_s05_medium,32,231,39.7,-0.34871572256088257,-1.091588657016352
BH_s05_medium,32,232,39.733333333333334,-0.4034620523452759,-1.150473457981778
BH_s05_medium,32,233,39.766666666666666,-0.1973227560520172,-1.1495553256736342
BH_s05_medium,32,234,39.8,-0.0491454117000103,-1.094795145405887
BH_s05_medium,32,235,39.833333333333336,-0.0491454117000103,-0.9926373896371815
BH_s05_medium,32,236,39.86666666666667,-0.07084860652685165,-0.8509260852063018
BH_s05_medium,32,237,39.9,-0.3341601490974426,-0.6786685234225004
BH_s05_medium,32,238,39.93333333333333,-0.5088925361633301,-0.4849117953919331
BH_s05_medium,32,239,39.96666666666667,-0.7722041010856628,-0.2778122664378361
BH_s05_medium,33,0,33.0,-0.14775530993938446,0.07481927366040657
BH_s05_medium,33,1,33.03333333333333,-0.0491454117000103,0.43666480571342314
BH_s05_medium,33,2,33.06666666666667,-0.1228419840335846,0.8049760253278199
BH_s05_medium,33,3,33.1,-0.2802658677101135,1.1760763818148472
BH_s05_medium,33,4,33.13333333333333,-0.4723067581653595,1.5240568178452603
BH_s05_medium,33,5,33.166666666666664,-0.7356182932853699,1.8046154307165028
BH_s05_medium,33,6,33.2,-0.7823649644851685,1.9678887860961582
BH_s05_medium,33,7,33.233333333333334,-0.33435261249542236,1.9745455361851727
BH_s05_medium,33,8,33.266666666666666,0.6305791139602661,1.8087726981591992
BH_s05_medium,33,9,33.3,1.6516965627670288,1.4836701148945577
BH_s05_medium,33,10,33.333333333333336,2.1310434341430664,1.0377939974943282
BH_s05_medium,33,11,33.36666666666667,1.9211647510528564,0.5249205319679221
BH_s05_medium,33,12,33.4,1.209513783454895,0.0014108986336176296
BH_s05_medium,33,13,33.43333333333333,0.4714423716068268,-0.4840787072260552
BH_s05_medium,33,14,33.46666666666667,-0.1383163034915924,-0.8954951331499875
BH_s05_medium,33,15,33.5,-0.4877810776233673,-1.2084866558220382
BH_s05_medium,33,16,33.53333333333333,-0.5408867597579956,-1.4056299207342762
BH_s05_medium,33,17,33.56666666666667,-0.36615437269210815,-1.4714250835988416
BH_s05_medium,33,18,33.6,-0.10284283757209778,-1.391389813362395
BH_s05_medium,33,19,33.63333333333333,-0.0491454117000103,-1.1578952651973176
BH_s05_medium,33,20,33.666666666666664,-0.07917529344558716,-0.7810502649229274
BH_s05_medium,33,21,33.7,-0.2539076805114746,-0.29850735814748663
BH_s05_medium,33,22,33.733333333333334,-0.45381808280944824,0.22318847352673113
BH_s05_medium,33,23,33.766666666666666,-0.669199526309967,0.6996471378169112
BH_s05_medium,33,24,33.8,-0.628547191619873,1.0492956997695166
BH_s05_medium,33,25,33.833333333333336,-0.048223357647657394,1.215346979840568
BH_s05_medium,33,26,33.86666666666667,1.018071174621582,1.1801728261989732
BH_s05_medium,33,27,33.9,1.9517896175384521,0.9669960772876982
BH_s05_medium,33,28,33.93333333333333,2.2432901859283447,0.6292191204239785
BH_s05_medium,33,29,33.96666666666667,1.8668099641799927,0.2322758906539121
BH_s05_medium,33,30,34.0,1.1621097326278687,-0.1648509423240838
BH_s05_medium,33,31,34.03333333333333,0.38037165999412537,-0.5217669107382212
BH_s05_medium,33,32,34.06666666666667,-0.13956207036972046,-0.8185805809804597
BH_s05_medium,33,33,34.1,-0.48902684450149536,-1.0481197640731126
BH_s05_medium,33,34,34.13333333333333,-0.4920412003993988,-1.203524814431042
BH_s05_medium,33,35,34.166666666666664,-0.32124191522598267,-1.2687271643392741
BH_s05_medium,33,36,34.2,-0.057930368930101395,-1.2180189016564582
BH_s05_medium,33,37,34.233333333333334,-0.0491454117000103,-1.0263032816788522
BH_s05_medium,33,38,34.266666666666666,-0.12408775836229324,-0.6857723355462455
BH_s05_medium,33,39,34.3,-0.2988201379776001,-0.22055153553230394
BH_s05_medium,33,40,34.333333333333336,-0.47355252504348755,0.3093302804785895
BH_s05_medium,33,41,34.36666666666667,-0.648284912109375,0.8187296811627501
BH_s05_medium,33,42,34.4,-0.6273013949394226,1.219588544548309
BH_s05_medium,33,43,34.43333333333333,-0.0008193369139917195,1.445407854029688
BH_s05_medium,33,44,34.46666666666667,1.0218085050582886,1.4682741093336729
BH_s05_medium,33,45,34.5,1.954281210899353,1.302667189910205
BH_s05_medium,33,46,34.53333333333333,2.198377847671509,0.9959233140912074
BH_s05_medium,33,47,34.56666666666667,1.6871600151062012,0.6102607723832395
BH_s05_medium,33,48,34.6,0.8996513485908508,0.20407431244290677
BH_s05_medium,33,49,34.63333333333333,0.1121426373720169,-0.18033138630749274
BH_s05_medium,33,50,34.666666666666664,-0.3637973964214325,-0.5190366247249899
BH_s05_medium,33,51,34.7,-0.6240256428718567,-0.8000003999186432
BH_s05_medium,33,52,34.733333333333334,-0.6282201409339905,-1.012435206844446
BH_s05_medium,33,53,34.766666666666666,-0.41493433713912964,-1.1381667455267617
BH_s05_medium,33,54,34.8,-0.22630372643470764,-1.1502960101376736
BH_s05_medium,33,55,34.833333333333336,-0.22630372643470764,-1.0213969859844505
BH_s05_medium,33,56,34.86666666666667,-0.34615853428840637,-0.7387579161009595
BH_s05_medium,33,57,34.9,-0.5497406721115112,-0.3197952873342644
BH_s05_medium,33,58,34.93333333333333,-0.7842024564743042,0.1808665494959416
BH_s05_medium,33,59,34.96666666666667,-1.0475140810012817,0.6784327879529892
BH_s05_medium,33,60,35.0,-1.090523362159729,1.0784090914732056
BH_s05_medium,33,61,35.03333333333333,-0.5734694004058838,1.3032315412439592
BH_s05_medium,33,62,35.06666666666667,0.4222118556499481,1.3147930482414807
BH_s05_medium,33,63,35.1,1.5138769149780273,1.1241185001061875
BH_s05_medium,33,64,35.13333333333333,1.9881752729415894,0.7843942172575984
BH_s05_medium,33,65,35.166666666666664,1.6846685409545898,0.3703108459227755
BH_s05_medium,33,66,35.2,0.8971598148345947,-0.0472332018364437
BH_s05_medium,33,67,35.233333333333334,0.10965108126401901,-0.4199109161631839
BH_s05_medium,33,68,35.266666666666666,-0.49853479862213135,-0.7266962320484646
BH_s05_medium,33,69,35.3,-0.9344142079353333,-0.9645390132177768
BH_s05_medium,33,70,35.333333333333336,-0.9376243352890015,-1.13232342799489
BH_s05_medium,33,71,35.36666666666667,-0.762891948223114,-1.2183526596986913
BH_s05_medium,33,72,35.4,-0.5071195960044861,-1.198443140762616
BH_s05_medium,33,73,35.43333333333333,-0.4134271442890167,-1.0453765754196702
BH_s05_medium,33,74,35.46666666666667,-0.4920412003993988,-0.7450357551365856
BH_s05_medium,33,75,35.5,-0.7281447649002075,-0.3117322591525114
BH_s05_medium,33,76,35.53333333333333,-0.9890303611755371,0.2047681513453991
BH_s05_medium,33,77,35.56666666666667,-1.181005597114563,0.7250622401066468
BH_s05_medium,33,78,35.6,-1.3557380437850952,1.1581062925155547
BH_s05_medium,33,79,35.63333333333333,-1.0330196619033813,1.4255111645832736
BH_s05_medium,33,80,35.666666666666664,-0.12224584817886353,1.4833884973773934
BH_s05_medium,33,81,35.7,1.1331409215927124,1.3335597996313313
BH_s05_medium,33,82,35.733333333333334,1.9813590049743652,1.0197538243742088
BH_s05_medium,33,83,35.766666666666666,2.056623935699463,0.6104135632814217
BH_s05_medium,33,84,35.8,1.4261431694030762,0.17566711966509782
BH_s05_medium,33,85,35.833333333333336,0.6777107119560242,-0.23142292229530584
BH_s05_medium,33,86,35.86666666666667,0.03385891392827034,-0.5819126358889126
BH_s05_medium,33,87,35.9,-0.31560587882995605,-0.8652042685140326
BH_s05_medium,33,88,35.93333333333333,-0.4034620523452759,-1.0757171246660309
BH_s05_medium,33,89,35.96666666666667,-0.27508366107940674,-1.2007352149876875
BH_s05_medium,33,90,36.0,-0.0491454117000103,-1.217116316062603
BH_s05_medium,33,91,36.03333333333333,-0.0491454117000103,-1.0994230725890815
BH_s05_medium,33,92,36.06666666666667,-0.0491454117000103,-0.8353373287004366
BH_s05_medium,33,93,36.1,-0.16782008111476898,-0.4399104438990803
BH_s05_medium,33,94,36.13333333333333,-0.3702220320701599,0.03911871571272125
BH_s05_medium,33,95,36.166666666666664,-0.6058639883995056,0.528190114441067
BH_s05_medium,33,96,36.2,-0.7577787041664124,0.9448508945401345
BH_s05_medium,33,97,36.233333333333334,-0.4990531802177429,1.218743743725915
BH_s05_medium,33,98,36.266666666666666,0.2537739872932434,1.3094313890758014
BH_s05_medium,33,99,36.3,1.4613608121871948,1.2151450431792459
BH_s05_medium,33,100,36.333333333333336,2.3556058406829834,0.9696360227329296
BH_s05_medium,33,101,36.36666666666667,2.321115732192993,0.6284914453372968
BH_s05_medium,33,102,36.4,1.769706130027771,0.2504391064292469
BH_s05_medium,33,103,36.43333333333333,0.9846233129501343,-0.11860066143974715
BH_s05_medium,33,104,36.46666666666667,0.20636114478111267,-0.4521796137192937
BH_s05_medium,33,105,36.5,-0.13969331979751587,-0.7387568323600887
BH_s05_medium,33,106,36.53333333333333,-0.31488287448883057,-0.9699480860688234
BH_s05_medium,33,107,36.56666666666667,-0.23017120361328125,-1.1295059942077772
BH_s05_medium,33,108,36.6,-0.0554388165473938,-1.1902028055883564
BH_s05_medium,33,109,36.63333333333333,0.03071441501379013,-1.1211913238678441
BH_s05_medium,33,110,36.666666666666664,-0.03800015151500702,-0.9027101811688254
BH_s05_medium,33,111,36.7,-0.12415338307619095,-0.5409741245900378
BH_s05_medium,33,112,36.733333333333334,-0.2988857626914978,-0.07559540750966076
BH_s05_medium,33,113,36.766666666666666,-0.47361814975738525,0.4248771586208701
BH_s05_medium,33,114,36.8,-0.669199526309967,0.8783024830993248
BH_s05_medium,33,115,36.833333333333336,-0.6924744248390198,1.209528852442513
BH_s05_medium,33,116,36.86666666666667,-0.1519487053155899,1.3689590711216604
BH_s05_medium,33,117,36.9,0.9054964184761047,1.3431143264632284
BH_s05_medium,33,118,36.93333333333333,2.0125701427459717,1.154097590793037
BH_s05_medium,33,119,36.96666666666667,2.4310710430145264,0.8485867978753818
BH_s05_medium,33,120,37.0,2.094388723373413,0.48080175799091107
BH_s05_medium,33,121,37.03333333333333,1.3422846794128418,0.09645538651969784
BH_s05_medium,33,122,37.06666666666667,0.5547759532928467,-0.27544694750331317
BH_s05_medium,33,123,37.1,-0.006463097874075174,-0.6198993458981134
BH_s05_medium,33,124,37.13333333333333,-0.2697746455669403,-0.9254597107874102
BH_s05_medium,33,125,37.166666666666664,-0.31488287448883057,-1.1736671146318285
BH_s05_medium,33,126,37.2,-0.14906559884548187,-1.3351543726605901
BH_s05_medium,33,127,37.233333333333334,-0.0491454117000103,-1.374839544915221
BH_s05_medium,33,128,37.266666666666666,-0.0491454117000103,-1.263846915522896
BH_s05_medium,33,129,37.3,-0.08048669248819351,-0.9929249717827752
BH_s05_medium,33,130,37.333333333333336,-0.25521907210350037,-0.5817373497318039
BH_s05_medium,33,131,37.36666666666667,-0.5185306072235107,-0.08008130539111469
BH_s05_medium,33,132,37.4,-0.6932629942893982,0.44008248666396144
BH_s05_medium,33,133,37.43333333333333,-0.8463578224182129,0.8997542277683961
BH_s05_medium,33,134,37.46666666666667,-0.9157253503799438,1.230544998137313
BH_s05_medium,33,135,37.5,-0.4966917932033539,1.3892662045029711
BH_s05_medium,33,136,37.53333333333333,0.49426889419555664,1.3651171450125548
BH_s05_medium,33,137,37.56666666666667,1.6935279369354248,1.1779985301709568
BH_s05_medium,33,138,37.6,2.342491865158081,0.869700668563906
BH_s05_medium,33,139,37.63333333333333,2.144087553024292,0.4919506762750901
BH_s05_medium,33,140,37.666666666666664,1.5219990015029907,0.09569071441986994
BH_s05_medium,33,141,37.7,0.6505672335624695,-0.27549370498361175
BH_s05_medium,33,142,37.733333333333334,0.04002106934785843,-0.5873411979252062
BH_s05_medium,33,143,37.766666666666666,-0.30963948369026184,-0.8139235673687896
BH_s05_medium,33,144,37.8,-0.4034620523452759,-0.9360953943759802
BH_s05_medium,33,145,37.833333333333336,-0.3223564326763153,-0.9413696720955652
BH_s05_medium,33,146,37.86666666666667,-0.14762406051158905,-0.8261990013679011
BH_s05_medium,33,147,37.9,-0.0491454117000103,-0.600163673525412
BH_s05_medium,33,148,37.93333333333333,-0.21155239641666412,-0.2898568489502315
BH_s05_medium,33,149,37.96666666666667,-0.3862847685813904,0.0607668355588391
BH_s05_medium,33,150,38.0,-0.6299931406974792,0.3961447665725691
BH_s05_medium,33,151,38.03333333333333,-0.8243287205696106,0.6607998273704543
BH_s05_medium,33,152,38.06666666666667,-0.999061107635498,0.8131036650486941
BH_s05_medium,33,153,38.1,-1.1120953559875488,0.8353418318147207
BH_s05_medium,33,154,38.13333333333333,-0.9342785477638245,0.7360575371512285
BH_s05_medium,33,155,38.166666666666664,-0.20780955255031586,0.5445429803299803
BH_s05_medium,33,156,38.2,0.951851487159729,0.3006109859046781
BH_s05_medium,33,157,38.233333333333334,1.9670003652572632,0.04384157934649789
BH_s05_medium,33,158,38.266666666666666,2.11576509475708,-0.19460282080706187
BH_s05_medium,33,159,38.3,1.5753037929534912,-0.3963159754557149
BH_s05_medium,33,160,38.333333333333336,0.7902210354804993,-0.5559851928436397
BH_s05_medium,33,161,38.36666666666667,0.0011406070552766323,-0.6779702228194044
BH_s05_medium,33,162,38.4,-0.48319172859191895,-0.7697723339418033
BH_s05_medium,33,163,38.43333333333333,-0.7066384553909302,-0.8340094678332651
BH_s05_medium,33,164,38.46666666666667,-0.6341865658760071,-0.8618616228672492
BH_s05_medium,33,165,38.5,-0.45945414900779724,-0.8315471195804331
BH_s05_medium,33,166,38.53333333333333,-0.31488287448883057,-0.7141588913875057
BH_s05_medium,33,167,38.56666666666667,-0.34261807799339294,-0.4861812194539923
BH_s05_medium,33,168,38.6,-0.5173504948616028,-0.14439470026113185
BH_s05_medium,33,169,38.63333333333333,-0.7806620001792908,0.28345001751496024
BH_s05_medium,33,170,38.666666666666664,-1.0439735651016235,0.7381949762154559
BH_s05_medium,33,171,38.7,-1.2187060117721558,1.1410799837849437
BH_s05_medium,33,172,38.733333333333334,-1.3778327703475952,1.41399166932332
BH_s05_medium,33,173,38.766666666666666,-1.3382939100265503,1.500468656665962
BH_s05_medium,33,174,38.8,-0.6932564377784729,1.380300822736385
BH_s05_medium,33,175,38.833333333333336,0.36346569657325745,1.0738549204785635
BH_s05_medium,33,176,38.86666666666667,1.5688868761062622,0.6355843099750078
BH_s05_medium,33,177,38.9,2.0732784271240234,0.13902337870825926
BH_s05_medium,33,178,38.93333333333333,1.7182377576828003,-0.3419023336823012
BH_s05_medium,33,179,38.96666666666667,0.9321049451828003,-0.7492030028802837
BH_s05_medium,33,180,39.0,0.23179946839809418,-1.0497798556605489
BH_s05_medium,33,181,39.03333333333333,-0.2961995601654053,-1.2348143913336593
BH_s05_medium,33,182,39.06666666666667,-0.5719666481018066,-1.3108710137130501
BH_s05_medium,33,183,39.1,-0.5806203484535217,-1.2872906715211605
BH_s05_medium,33,184,39.13333333333333,-0.3283884525299072,-1.1664844556912244
BH_s05_medium,33,185,39.166666666666664,-0.15365606546401978,-0.9427797576034673
BH_s05_medium,33,186,39.2,-0.0491454117000103,-0.6110234946497012
BH_s05_medium,33,187,39.233333333333334,-0.2055203914642334,-0.18046001829593483
BH_s05_medium,33,188,39.266666666666666,-0.38025277853012085,0.31418977883801635
BH_s05_medium,33,189,39.3,-0.6435643434524536,0.8117164188876558
BH_s05_medium,33,190,39.333333333333336,-0.8182967305183411,1.2356629598941913
BH_s05_medium,33,191,39.36666666666667,-0.9349370002746582,1.5137781905823444
BH_s05_medium,33,192,39.4,-0.9121838212013245,1.597893524280309
BH_s05_medium,33,193,39.43333333333333,-0.31441912055015564,1.476631542662113
BH_s05_medium,33,194,39.46666666666667,0.7494506239891052,1.1768205136812706
BH_s05_medium,33,195,39.5,1.9241889715194702,0.7541273892929451
BH_s05_medium,33,196,39.53333333333333,2.4310710430145264,0.27708661649714456
BH_s05_medium,33,197,39.56666666666667,2.0797665119171143,-0.18953727652480457
BH_s05_medium,33,198,39.6,1.2922577857971191,-0.5964226905792366
BH_s05_medium,33,199,39.63333333333333,0.5047491192817688,-0.9131787369569101
BH_s05_medium,33,200,39.666666666666664,-0.1216629296541214,-1.1242574154554403
BH_s05_medium,33,201,39.7,-0.34871572256088257,-1.2213006507614323
BH_s05_medium,33,202,39.733333333333334,-0.4034620523452759,-1.1971541643684378
BH_s05_medium,33,203,39.766666666666666,-0.1973227560520172,-1.0454337988327218
BH_s05_medium,33,204,39.8,-0.0491454117000103,-0.7663800804725547
BH_s05_medium,33,205,39.833333333333336,-0.0491454117000103,-0.3761688338295789
BH_s05_medium,33,206,39.86666666666667,-0.07084860652685165,0.08562581220941876
BH_s05_medium,33,207,39.9,-0.3341601490974426,0.5559646585333607
BH_s05_medium,33,208,39.93333333333333,-0.5088925361633301,0.9587321790871576
BH_s05_medium,33,209,39.96666666666667,-0.7722041010856628,1.2236915867664597
BH_s05_medium,33,210,40.0,-0.9349370002746582,1.3067072665253585
BH_s05_medium,33,211,40.03333333333333,-0.9157899022102356,1.2020764577413743
BH_s05_medium,33,212,40.06666666666667,-0.36772388219833374,0.9416325902711444
BH_s05_medium,33,213,40.1,0.6972615122795105,0.5817285981173792
BH_s05_medium,33,214,40.13333333333333,1.9110749959945679,0.1839566624987972
BH_s05_medium,33,215,40.166666666666664,2.5193898677825928,-0.20278985871271435
BH_s05_medium,33,216,40.2,2.173001766204834,-0.5521932665209549
BH_s05_medium,33,217,40.233333333333334,1.393031120300293,-0.8590076657663253
BH_s05_medium,33,218,40.266666666666666,0.5193691849708557,-1.127915149320972
BH_s05_medium,33,219,40.3,-0.10822299867868423,-1.358748102539084
BH_s05_medium,33,220,40.333333333333336,-0.46752163767814636,-1.5353529614067782
BH_s05_medium,33,221,40.36666666666667,-0.5806203484535217,-1.6235084996992712
BH_s05_medium,33,222,40.4,-0.34910616278648376,-1.5795454591488214
BH_s05_medium,33,223,40.43333333333333,-0.15726213157176971,-1.3671649406201982
BH_s05_medium,33,224,40.46666666666667,-0.07110890746116638,-0.9766693661880123
BH_s05_medium,33,225,40.5,-0.13772456347942352,-0.43900415648711466
BH_s05_medium,33,226,40.53333333333333,-0.3766466975212097,0.17262901010827075
BH_s05_medium,33,227,40.56666666666667,-0.5513790845870972,0.7569485283987771
BH_s05_medium,33,228,40.6,-0.8146906495094299,1.2109752594770449
BH_s05_medium,33,229,40.63333333333333,-0.9894230365753174,1.4591204870475198
BH_s05_medium,33,230,40.666666666666664,-1.0235161781311035,1.4743887030963503
BH_s05_medium,33,231,40.7,-0.7860344648361206,1.2844345258887824
BH_s05_medium,33,232,40.733333333333334,0.05694574490189552,0.9606703281934146
BH_s05_medium,33,233,40.766666666666666,1.3272807598114014,0.59483721282294
BH_s05_medium,33,234,40.8,2.2038235664367676,0.2725715475534318
BH_s05_medium,33,235,40.833333333333336,2.311279535293579,0.05393949734537083
BH_s05_medium,33,236,40.86666666666667,1.7120734453201294,-0.03446512255619886
BH_s05_medium,33,237,40.9,0.9269906282424927,0.00225314848532545
BH_s05_medium,33,238,40.93333333333333,0.11863401532173157,0.13426618513071545
BH_s05_medium,33,239,40.96666666666667,-0.31698399782180786,0.31574047297621216
BH_s05_medium,34,0,34.0,1.1621097326278687,0.05869531124892025
BH_s05_medium,34,1,34.03333333333333,0.38037165999412537,0.27786273611384127
BH_s05_medium,34,2,34.06666666666667,-0.13956207036972046,0.4142111853625106
BH_s05_medium,34,3,34.1,-0.48902684450149536,0.41736155873889713
BH_s05_medium,34,4,34.13333333333333,-0.4920412003993988,0.2898905828959522
BH_s05_medium,34,5,34.166666666666664,-0.32124191522598267,0.08958243602595614
BH_s05_medium,34,6,34.2,-0.057930368930101395,-0.08955823363740324
BH_s05_medium,34,7,34.233333333333334,-0.0491454117000103,-0.15155750364991874
BH_s05_medium,34,8,34.266666666666666,-0.12408775836229324,-0.03548743229599531
BH_s05_medium,34,9,34.3,-0.2988201379776001,0.259071471997615
BH_s05_medium,34,10,34.333333333333336,-0.47355252504348755,0.6685851800345755
BH_s05_medium,34,11,34.36666666666667,-0.648284912109375,1.085970856994025
BH_s05_medium,34,12,34.4,-0.6273013949394226,1.396512175669333
BH_s05_medium,34,13,34.43333333333333,-0.0008193369139917195,1.5146267405619893
BH_s05_medium,34,14,34.46666666666667,1.0218085050582886,1.4078685748122726
BH_s05_medium,34,15,34.5,1.954281210899353,1.10110318987179
BH_s05_medium,34,16,34.53333333333333,2.198377847671509,0.6617364335282409
BH_s05_medium,34,17,34.56666666666667,1.6871600151062012,0.17346226546679275
BH_s05_medium,34,18,34.6,0.8996513485908508,-0.29046720821469835
BH_s05_medium,34,19,34.63333333333333,0.1121426373720169,-0.6843108299859382
BH_s05_medium,34,20,34.666666666666664,-0.3637973964214325,-0.9921969957114267
BH_s05_medium,34,21,34.7,-0.6240256428718567,-1.2174225250274022
BH_s05_medium,34,22,34.733333333333334,-0.6282201409339905,-1.3655489227504547
BH_s05_medium,34,23,34.766666666666666,-0.41493433713912964,-1.4302784855797621
BH_s05_medium,34,24,34.8,-0.22630372643470764,-1.3897097467572879
BH_s05_medium,34,25,34.833333333333336,-0.22630372643470764,-1.215787016191265
BH_s05_medium,34,26,34.86666666666667,-0.34615853428840637,-0.8930308437114856
BH_s05_medium,34,27,34.9,-0.5497406721115112,-0.43726216501623794
BH_s05_medium,34,28,34.93333333333333,-0.7842024564743042,0.09591587491721976
BH_s05_medium,34,29,34.96666666666667,-1.0475140810012817,0.6188945909458545
BH_s05_medium,34,30,35.0,-1.090523362159729,1.0345590307143713
BH_s05_medium,34,31,35.03333333333333,-0.5734694004058838,1.2649688782260957
BH_s05_medium,34,32,35.06666666666667,0.4222118556499481,1.2747687586733514
BH_s05_medium,34,33,35.1,1.5138769149780273,1.0800083194420511
BH_s05_medium,34,34,35.13333333333333,1.9881752729415894,0.7390348921799641
BH_s05_medium,34,35,35.166666666666664,1.6846685409545898,0.32962984064250916
BH_s05_medium,34,36,35.2,0.8971598148345947,-0.07741552908983985
BH_s05_medium,34,37,35.233333333333334,0.10965108126401901,-0.4366081206424768
BH_s05_medium,34,38,35.266666666666666,-0.49853479862213135,-0.7305855418988703
BH_s05_medium,34,39,35.3,-0.9344142079353333,-0.9582547194135114
BH_s05_medium,34,40,35.333333333333336,-0.9376243352890015,-1.116823799491997
BH_s05_medium,34,41,35.36666666666667,-0.762891948223114,-1.1892009532762815
BH_s05_medium,34,42,35.4,-0.5071195960044861,-1.1443472483937847
BH_s05_medium,34,43,35.43333333333333,-0.4134271442890167,-0.9506349445082241
BH_s05_medium,34,44,35.46666666666667,-0.4920412003993988,-0.5957496180375741
BH_s05_medium,34,45,35.5,-0.7281447649002075,-0.10356533757138198
BH_s05_medium,34,46,35.53333333333333,-0.9890303611755371,0.46072621880436015
BH_s05_medium,34,47,35.56666666666667,-1.181005597114563,1.0013528478546314
BH_s05_medium,34,48,35.6,-1.3557380437850952,1.4158998513209342
BH_s05_medium,34,49,35.63333333333333,-1.0330196619033813,1.6240083195275625
BH_s05_medium,34,50,35.666666666666664,-0.12224584817886353,1.5903814267245704
BH_s05_medium,34,51,35.7,1.1331409215927124,1.3337479242374197
BH_s05_medium,34,52,35.733333333333334,1.9813590049743652,0.9184867179621371
BH_s05_medium,34,53,35.766666666666666,2.056623935699463,0.43217656231434604
BH_s05_medium,34,54,35.8,1.4261431694030762,-0.0417958566171885
BH_s05_medium,34,55,35.833333333333336,0.6777107119560242,-0.4454377472485914
BH_s05_medium,34,56,35.86666666666667,0.03385891392827034,-0.7535206747217311
BH_s05_medium,34,57,35.9,-0.31560587882995605,-0.9663536845107601
BH_s05_medium,34,58,35.93333333333333,-0.4034620523452759,-1.0937265193985728
BH_s05_medium,34,59,35.96666666666667,-0.27508366107940674,-1.1392051078283871
BH_s05_medium,34,60,36.0,-0.0491454117000103,-1.0930532923535667
BH_s05_medium,34,61,36.03333333333333,-0.0491454117000103,-0.9373268044986508
BH_s05_medium,34,62,36.06666666666667,-0.0491454117000103,-0.6602685520177312
BH_s05_medium,34,63,36.1,-0.16782008111476898,-0.27227531779911174
BH_s05_medium,34,64,36.13333333333333,-0.3702220320701599,0.18513632724165918
BH_s05_medium,34,65,36.166666666666664,-0.6058639883995056,0.6427525248568546
BH_s05_medium,34,66,36.2,-0.7577787041664124,1.0193970277805346
BH_s05_medium,34,67,36.233333333333334,-0.4990531802177429,1.2444969659545873
BH_s05_medium,34,68,36.266666666666666,0.2537739872932434,1.278828740322291
BH_s05_medium,34,69,36.3,1.4613608121871948,1.1252074598252892
BH_s05_medium,34,70,36.333333333333336,2.3556058406829834,0.8248725091631013
BH_s05_medium,34,71,36.36666666666667,2.321115732192993,0.4413050992166375
BH_s05_medium,34,72,36.4,1.769706130027771,0.03864987952524365
BH_s05_medium,34,73,36.43333333333333,0.9846233129501343,-0.3358042260225759
BH_s05_medium,34,74,36.46666666666667,0.20636114478111267,-0.6578488442552013
BH_s05_medium,34,75,36.5,-0.13969331979751587,-0.9198545720550062
BH_s05_medium,34,76,36.53333333333333,-0.31488287448883057,-1.1167401541661521
BH_s05_medium,34,77,36.56666666666667,-0.23017120361328125,-1.2334742985505054
BH_s05_medium,34,78,36.6,-0.0554388165473938,-1.2420384404077565
BH_s05_medium,34,79,36.63333333333333,0.03071441501379013,-1.1105487204697975
BH_s05_medium,34,80,36.666666666666664,-0.03800015151500702,-0.8207447197955781
BH_s05_medium,34,81,36.7,-0.12415338307619095,-0.3853015161618871
BH_s05_medium,34,82,36.733333333333334,-0.2988857626914978,0.14435480956178962
BH_s05_medium,34,83,36.766666666666666,-0.47361814975738525,0.68510279239955
BH_s05_medium,34,84,36.8,-0.669199526309967,1.1423561628101868
BH_s05_medium,34,85,36.833333333333336,-0.6924744248390198,1.4356595236820726
BH_s05_medium,34,86,36.86666666666667,-0.1519487053155899,1.52006284617817
BH_s05_medium,34,87,36.9,0.9054964184761047,1.396002816381804
BH_s05_medium,34,88,36.93333333333333,2.0125701427459717,1.1048209321243052
BH_s05_medium,34,89,36.96666666666667,2.4310710430145264,0.712110777233037
BH_s05_medium,34,90,37.0,2.094388723373413,0.2855534631712033
BH_s05_medium,34,91,37.03333333333333,1.3422846794128418,-0.12389469167451872
BH_s05_medium,34,92,37.06666666666667,0.5547759532928467,-0.4899589158421205
BH_s05_medium,34,93,37.1,-0.006463097874075174,-0.8056701303510305
BH_s05_medium,34,94,37.13333333333333,-0.2697746455669403,-1.0689968005570751
BH_s05_medium,34,95,37.166666666666664,-0.31488287448883057,-1.268447365308609
BH_s05_medium,34,96,37.2,-0.14906559884548187,-1.3770535439940654
BH_s05_medium,34,97,37.233333333333334,-0.0491454117000103,-1.3582708949254276
BH_s05_medium,34,98,37.266666666666666,-0.0491454117000103,-1.1812068978473445
BH_s05_medium,34,99,37.3,-0.08048669248819351,-0.8381831608259802
BH_s05_medium,34,100,37.333333333333336,-0.25521907210350037,-0.3566918068330904
BH_s05_medium,34,101,37.36666666666667,-0.5185306072235107,0.19986667663463709
BH_s05_medium,34,102,37.4,-0.6932629942893982,0.7439887128156663
BH_s05_medium,34,103,37.43333333333333,-0.8463578224182129,1.1849212076247546
BH_s05_medium,34,104,37.46666666666667,-0.9157253503799438,1.451352415853253
BH_s05_medium,34,105,37.5,-0.4966917932033539,1.5079948317138787
BH_s05_medium,34,106,37.53333333333333,0.49426889419555664,1.3609869224119386
BH_s05_medium,34,107,37.56666666666667,1.6935279369354248,1.0517123699406656
BH_s05_medium,34,108,37.6,2.342491865158081,0.6426258627573885
BH_s05_medium,34,109,37.63333333333333,2.144087553024292,0.20073014189496136
BH_s05_medium,34,110,37.666666666666664,1.5219990015029907,-0.21578189889611105
BH_s05_medium,34,111,37.7,0.6505672335624695,-0.5643160034914917
BH_s05_medium,34,112,37.733333333333334,0.04002106934785843,-0.8179345441198203
BH_s05_medium,34,113,37.766666666666666,-0.30963948369026184,-0.9613403313781775
BH_s05_medium,34,114,37.8,-0.4034620523452759,-0.9865618615566634
BH_s05_medium,34,115,37.833333333333336,-0.3223564326763153,-0.8914243547429266
BH_s05_medium,34,116,37.86666666666667,-0.14762406051158905,-0.6819825047166503
BH_s05_medium,34,117,37.9,-0.0491454117000103,-0.37763107956648123
BH_s05_medium,34,118,37.93333333333333,-0.21155239641666412,-0.01544068857607166
BH_s05_medium,34,119,37.96666666666667,-0.3862847685813904,0.35052085658179793
BH_s05_medium,34,120,38.0,-0.6299931406974792,0.6576526144137955
BH_s05_medium,34,121,38.03333333333333,-0.8243287205696106,0.8499692938163856
BH_s05_medium,34,122,38.06666666666667,-0.999061107635498,0.8941723349077338
BH_s05_medium,34,123,38.1,-1.1120953559875488,0.7891634864314381
BH_s05_medium,34,124,38.13333333333333,-0.9342785477638245,0.5648265901796171
BH_s05_medium,34,125,38.166666666666664,-0.20780955255031586,0.2714239228681883
BH_s05_medium,34,126,38.2,0.951851487159729,-0.03538831967199749
BH_s05_medium,34,127,38.233333333333334,1.9670003652572632,-0.308430635130748
BH_s05_medium,34,128,38.266666666666666,2.11576509475708,-0.5180557986673573
BH_s05_medium,34,129,38.3,1.5753037929534912,-0.6550839688023926
BH_s05_medium,34,130,38.333333333333336,0.7902210354804993,-0.7279875586498941
BH_s05_medium,34,131,38.36666666666667,0.0011406070552766323,-0.7555747279324719
BH_s05_medium,34,132,38.4,-0.48319172859191895,-0.757066971327599
BH_s05_medium,34,133,38.43333333333333,-0.7066384553909302,-0.7422278085997105
BH_s05_medium,34,134,38.46666666666667,-0.6341865658760071,-0.704885155693618
BH_s05_medium,34,135,38.5,-0.45945414900779724,-0.6230341001490003
BH_s05_medium,34,136,38.53333333333333,-0.31488287448883057,-0.4670129839669228
BH_s05_medium,34,137,38.56666666666667,-0.34261807799339294,-0.2140962452001221
BH_s05_medium,34,138,38.6,-0.5173504948616028,0.1356844154099396
BH_s05_medium,34,139,38.63333333333333,-0.7806620001792908,0.5496863033556796
BH_s05_medium,34,140,38.666666666666664,-1.0439735651016235,0.9647295557116022
BH_s05_medium,34,141,38.7,-1.2187060117721558,1.3021550747879698
BH_s05_medium,34,142,38.733333333333334,-1.3778327703475952,1.490318004369184
BH_s05_medium,34,143,38.766666666666666,-1.3382939100265503,1.485254523509651
BH_s05_medium,34,144,38.8,-0.6932564377784729,1.2822285826973476
BH_s05_medium,34,145,38.833333333333336,0.36346569657325745,0.9157067955976693
BH_s05_medium,34,146,38.86666666666667,1.5688868761062622,0.44906800344127135
BH_s05_medium,34,147,38.9,2.0732784271240234,-0.042343210399413585
BH_s05_medium,34,148,38.93333333333333,1.7182377576828003,-0.4894998217316327
BH_s05_medium,34,149,38.96666666666667,0.9321049451828003,-0.8436264622596436
BH_s05_medium,34,150,39.0,0.23179946839809418,-1.0818967137901723
BH_s05_medium,34,151,39.03333333333333,-0.2961995601654053,-1.2041188679402703
BH_s05_medium,34,152,39.06666666666667,-0.5719666481018066,-1.2226992478194771
BH_s05_medium,34,153,39.1,-0.5806203484535217,-1.1505868810199076
BH_s05_medium,34,154,39.13333333333333,-0.3283884525299072,-0.9930876770858851
BH_s05_medium,34,155,39.166666666666664,-0.15365606546401978,-0.7481497386472109
BH_s05_medium,34,156,39.2,-0.0491454117000103,-0.41555544875175804
BH_s05_medium,34,157,39.233333333333334,-0.2055203914642334,-0.010166048206104844
BH_s05_medium,34,158,39.266666666666666,-0.38025277853012085,0.4290286997525253
BH_s05_medium,34,159,39.3,-0.6435643434524536,0.840965147685976
BH_s05_medium,34,160,39.333333333333336,-0.8182967305183411,1.1564172803295287
BH_s05_medium,34,161,39.36666666666667,-0.9349370002746582,1.3178297904816918
BH_s05_medium,34,162,39.4,-0.9121838212013245,1.2964545307477937
BH_s05_medium,34,163,39.43333333333333,-0.31441912055015564,1.100076776913253
BH_s05_medium,34,164,39.46666666666667,0.7494506239891052,0.7690925372289166
BH_s05_medium,34,165,39.5,1.9241889715194702,0.3633440050364685
BH_s05_medium,34,166,39.53333333333333,2.4310710430145264,-0.054865086219897156
BH_s05_medium,34,167,39.56666666666667,2.0797665119171143,-0.4353411211764881
BH_s05_medium,34,168,39.6,1.2922577857971191,-0.7471994684243286
BH_s05_medium,34,169,39.63333333333333,0.5047491192817688,-0.9769314621523107
BH_s05_medium,34,170,39.666666666666664,-0.1216629296541214,-1.1198252724366358
BH_s05_medium,34,171,39.7,-0.34871572256088257,-1.1703799469898892
BH_s05_medium,34,172,39.733333333333334,-0.4034620523452759,-1.117580519276909
BH_s05_medium,34,173,39.766666666666666,-0.1973227560520172,-0.9481907104024938
BH_s05_medium,34,174,39.8,-0.0491454117000103,-0.6569608358311203
BH_s05_medium,34,175,39.833333333333336,-0.0491454117000103,-0.25881393963428284
BH_s05_medium,34,176,39.86666666666667,-0.07084860652685165,0.2036138952735592
BH_s05_medium,34,177,39.9,-0.3341601490974426,0.6625135530818277
BH_s05_medium,34,178,39.93333333333333,-0.5088925361633301,1.0391216026511907
BH_s05_medium,34,179,39.96666666666667,-0.7722041010856628,1.2657058729640938
BH_s05_medium,34,180,40.0,-0.9349370002746582,1.3065011465443648
BH_s05_medium,34,181,40.03333333333333,-0.9157899022102356,1.168114994245807
BH_s05_medium,34,182,40.06666666666667,-0.36772388219833374,0.8949487149464287
BH_s05_medium,34,183,40.1,0.6972615122795105,0.5522826753167415
BH_s05_medium,34,184,40.13333333333333,1.9110749959945679,0.20432299363516424
BH_s05_medium,34,185,40.166666666666664,2.5193898677825928,-0.10438183504790038
BH_s05_medium,34,186,40.2,2.173001766204834,-0.3574116941600671
BH_s05_medium,34,187,40.233333333333334,1.393031120300293,-0.562131691148279
BH_s05_medium,34,188,40.266666666666666,0.5193691849708557,-0.7352740458421407
BH_s05_medium,34,189,40.3,-0.10822299867868423,-0.8855678783828819
BH_s05_medium,34,190,40.333333333333336,-0.46752163767814636,-1.0016350703828962
BH_s05_medium,34,191,40.36666666666667,-0.5806203484535217,-1.0508720610448141
BH_s05_medium,34,192,40.4,-0.34910616278648376,-0.9902682606026398
BH_s05_medium,34,193,40.43333333333333,-0.15726213157176971,-0.7852681129686457
BH_s05_medium,34,194,40.46666666666667,-0.07110890746116638,-0.42966614310011814
BH_s05_medium,34,195,40.5,-0.13772456347942352,0.04151110705275743
BH_s05_medium,34,196,40.53333333333333,-0.3766466975212097,0.5529472694697348
BH_s05_medium,34,197,40.56666666666667,-0.5513790845870972,1.0059709316844863
BH_s05_medium,34,198,40.6,-0.8146906495094299,1.3062533852033487
BH_s05_medium,34,199,40.63333333333333,-0.9894230365753174,1.3914984201143683
BH_s05_medium,34,200,40.666666666666664,-1.0235161781311035,1.248611101211611
BH_s05_medium,34,201,40.7,-0.7860344648361206,0.9146686757099602
BH_s05_medium,34,202,40.733333333333334,0.05694574490189552,0.4621697082415635
BH_s05_medium,34,203,40.766666666666666,1.3272807598114014,-0.025114370418024314
BH_s05_medium,34,204,40.8,2.2038235664367676,-0.47536490999661174
BH_s05_medium,34,205,40.833333333333336,2.311279535293579,-0.8415989410185397
BH_s05_medium,34,206,40.86666666666667,1.7120734453201294,-1.1013087797648562
BH_s05_medium,34,207,40.9,0.9269906282424927,-1.2473528575286996
BH_s05_medium,34,208,40.93333333333333,0.11863401532173157,-1.277679525908072
BH_s05_medium,34,209,40.96666666666667,-0.31698399782180786,-1.1897734809999172
BH_s05_medium,34,210,41.0,-0.5806203484535217,-0.981738060608958
BH_s05_medium,34,211,41.03333333333333,-0.4412913918495178,-0.6583348216860201
BH_s05_medium,34,212,41.06666666666667,-0.18040578067302704,-0.23858271499880848
BH_s05_medium,34,213,41.1,-0.0491454117000103,0.23877899070701175
BH_s05_medium,34,214,41.13333333333333,-0.0491454117000103,0.7153831370180012
BH_s05_medium,34,215,41.166666666666664,-0.16906695067882538,1.121096912728268
BH_s05_medium,34,216,41.2,-0.42995256185531616,1.389188771970581
BH_s05_medium,34,217,41.233333333333334,-0.7685980200767517,1.4746572094225685
BH_s05_medium,34,218,41.266666666666666,-0.9517238140106201,1.3685977600423953
BH_s05_medium,34,219,41.3,-1.1180628538131714,1.1017605899947402
BH_s05_medium,34,220,41.333333333333336,-1.1050121784210205,0.7349143734272596
BH_s05_medium,34,221,41.36666666666667,-0.4864630699157715,0.3395832473926582
BH_s05_medium,34,222,41.4,0.5617365837097168,-0.023345462556872414
BH_s05_medium,34,223,41.43333333333333,1.6151775121688843,-0.3189646238412927
BH_s05_medium,34,224,41.46666666666667,2.070592164993286,-0.5417761958181342
BH_s05_medium,34,225,41.5,1.6596227884292603,-0.7061076058038008
BH_s05_medium,34,226,41.53333333333333,0.8031370639801025,-0.8282425443813717
BH_s05_medium,34,227,41.56666666666667,0.004614334087818861,-0.9092130908625827
BH_s05_medium,34,228,41.6,-0.621601939201355,-0.9274099068526866
BH_s05_medium,34,229,41.63333333333333,-0.9869325757026672,-0.8457917027974597
BH_s05_medium,34,230,41.666666666666664,-1.0235161781311035,-0.6312314469016685
BH_s05_medium,34,231,41.7,-0.8040659427642822,-0.2771959583511806
BH_s05_medium,34,232,41.733333333333334,-0.6061899065971375,0.1810636062803162
BH_s05_medium,34,233,41.766666666666666,-0.5806203484535217,0.6665886482264711
BH_s05_medium,34,234,41.8,-0.6387780904769897,1.0773718763320588
BH_s05_medium,34,235,41.833333333333336,-0.8692423105239868,1.3140740511002689
BH_s05_medium,34,236,41.86666666666667,-1.07682204246521,1.3090379897816933
BH_s05_medium,34,237,41.9,-1.2515543699264526,1.04671986701322
BH_s05_medium,34,238,41.93333333333333,-1.4262868165969849,0.5693730387651594
BH_s05_medium,34,239,41.96666666666667,-1.4203838109970093,-0.03257227997179804
BH_s05_medium,35,0,35.0,-1.090523362159729,-0.11891237434726301
BH_s05_medium,35,1,35.03333333333333,-0.5734694004058838,0.5315365366125409
BH_s05_medium,35,2,35.06666666666667,0.4222118556499481,1.068042637683807
BH_s05_medium,35,3,35.1,1.5138769149780273,1.4041085029652196
BH_s05_medium,35,4,35.13333333333333,1.9881752729415894,1.5055051690126673
BH_s05_medium,35,5,35.166666666666664,1.6846685409545898,1.3913478824061967
BH_s05_medium,35,6,35.2,0.8971598148345947,1.1165532873820374
BH_s05_medium,35,7,35.233333333333334,0.10965108126401901,0.7468944104664532
BH_s05_medium,35,8,35.266666666666666,-0.49853479862213135,0.34030785115699436
BH_s05_medium,35,9,35.3,-0.9344142079353333,-0.0582885706956489
BH_s05_medium,35,10,35.333333333333336,-0.9376243352890015,-0.41131941185093296
BH_s05_medium,35,11,35.36666666666667,-0.762891948223114,-0.6811710784453984
BH_s05_medium,35,12,35.4,-0.5071195960044861,-0.8293851165209127
BH_s05_medium,35,13,35.43333333333333,-0.4134271442890167,-0.824767759309017
BH_s05_medium,35,14,35.46666666666667,-0.4920412003993988,-0.6566473431975489
BH_s05_medium,35,15,35.5,-0.7281447649002075,-0.3461382199154103
BH_s05_medium,35,16,35.53333333333333,-0.9890303611755371,0.05143238001196365
BH_s05_medium,35,17,35.56666666666667,-1.181005597114563,0.4561175536155308
BH_s05_medium,35,18,35.6,-1.3557380437850952,0.782761341118349
BH_s05_medium,35,19,35.63333333333333,-1.0330196619033813,0.9636409659470329
BH_s05_medium,35,20,35.666666666666664,-0.12224584817886353,0.9664433103127973
BH_s05_medium,35,21,35.7,1.1331409215927124,0.8013324869462995
BH_s05_medium,35,22,35.733333333333334,1.9813590049743652,0.5144616840027142
BH_s05_medium,35,23,35.766666666666666,2.056623935699463,0.1702771514130155
BH_s05_medium,35,24,35.8,1.4261431694030762,-0.16999505403083784
BH_s05_medium,35,25,35.833333333333336,0.6777107119560242,-0.4643715101099235
BH_s05_medium,35,26,35.86666666666667,0.03385891392827034,-0.6944921018747966
BH_s05_medium,35,27,35.9,-0.31560587882995605,-0.8584090858507277
BH_s05_medium,35,28,35.93333333333333,-0.4034620523452759,-0.9574184733786958
BH_s05_medium,35,29,35.96666666666667,-0.27508366107940674,-0.9851112183398069
BH_s05_medium,35,30,36.0,-0.0491454117000103,-0.9253996977666475
BH_s05_medium,35,31,36.03333333333333,-0.0491454117000103,-0.7612622931653572
BH_s05_medium,35,32,36.06666666666667,-0.0491454117000103,-0.4895074015914095
BH_s05_medium,35,33,36.1,-0.16782008111476898,-0.13287664028551557
BH_s05_medium,35,34,36.13333333333333,-0.3702220320701599,0.258023697269139
BH_s05_medium,35,35,36.166666666666664,-0.6058639883995056,0.6152253304460445
BH_s05_medium,35,36,36.2,-0.7577787041664124,0.872477661967185
BH_s05_medium,35,37,36.233333333333334,-0.4990531802177429,0.9850969336451566
BH_s05_medium,35,38,36.266666666666666,0.2537739872932434,0.9426415863101429
BH_s05_medium,35,39,36.3,1.4613608121871948,0.7696693003795079
BH_s05_medium,35,40,36.333333333333336,2.3556058406829834,0.5146306279270635
BH_s05_medium,35,41,36.36666666666667,2.321115732192993,0.2315207520662345
BH_s05_medium,35,42,36.4,1.769706130027771,-0.03827701413978875
BH_s05_medium,35,43,36.43333333333333,0.9846233129501343,-0.27640483062871796
BH_s05_medium,35,44,36.46666666666667,0.20636114478111267,-0.48552493863210444
BH_s05_medium,35,45,36.5,-0.13969331979751587,-0.6757101252418526
BH_s05_medium,35,46,36.53333333333333,-0.31488287448883057,-0.8462867348839026
BH_s05_medium,35,47,36.56666666666667,-0.23017120361328125,-0.9735098650156133
BH_s05_medium,35,48,36.6,-0.0554388165473938,-1.0121886223632892
BH_s05_medium,35,49,36.63333333333333,0.03071441501379013,-0.9124802480842935
BH_s05_medium,35,50,36.666666666666664,-0.03800015151500702,-0.645006040609865
BH_s05_medium,35,51,36.7,-0.12415338307619095,-0.22228939593713382
BH_s05_medium,35,52,36.733333333333334,-0.2988857626914978,0.29483917837756696
BH_s05_medium,35,53,36.766666666666666,-0.47361814975738525,0.8106006289584766
BH_s05_medium,35,54,36.8,-0.669199526309967,1.2224960045349509
BH_s05_medium,35,55,36.833333333333336,-0.6924744248390198,1.4524862849897253
BH_s05_medium,35,56,36.86666666666667,-0.1519487053155899,1.4687863270229171
BH_s05_medium,35,57,36.9,0.9054964184761047,1.2908873326592027
BH_s05_medium,35,58,36.93333333333333,2.0125701427459717,0.9771825505012697
BH_s05_medium,35,59,36.96666666666667,2.4310710430145264,0.6007976086803679
BH_s05_medium,35,60,37.0,2.094388723373413,0.2234513191480932
BH_s05_medium,35,61,37.03333333333333,1.3422846794128418,-0.12195687839445485
BH_s05_medium,35,62,37.06666666666667,0.5547759532928467,-0.4326670527208712
BH_s05_medium,35,63,37.1,-0.006463097874075174,-0.721280109416076
BH_s05_medium,35,64,37.13333333333333,-0.2697746455669403,-0.9935844079345493
BH_s05_medium,35,65,37.166666666666664,-0.31488287448883057,-1.2319592890038666
BH_s05_medium,35,66,37.2,-0.14906559884548187,-1.3935698769509015
BH_s05_medium,35,67,37.233333333333334,-0.0491454117000103,-1.4240684713251939
BH_s05_medium,35,68,37.266666666666666,-0.0491454117000103,-1.2800679712573926
BH_s05_medium,35,69,37.3,-0.08048669248819351,-0.9503950855381954
BH_s05_medium,35,70,37.333333333333336,-0.25521907210350037,-0.4674101912072353
BH_s05_medium,35,71,37.36666666666667,-0.5185306072235107,0.09608792784109775
BH_s05_medium,35,72,37.4,-0.6932629942893982,0.6437278125521404
BH_s05_medium,35,73,37.43333333333333,-0.8463578224182129,1.0807038005363059
BH_s05_medium,35,74,37.46666666666667,-0.9157253503799438,1.3382888428974313
BH_s05_medium,35,75,37.5,-0.4966917932033539,1.3889263659438635
BH_s05_medium,35,76,37.53333333333333,0.49426889419555664,1.2474417503553044
BH_s05_medium,35,77,37.56666666666667,1.6935279369354248,0.9599906337182337
BH_s05_medium,35,78,37.6,2.342491865158081,0.5868269183392861
BH_s05_medium,35,79,37.63333333333333,2.144087553024292,0.18623118340612543
BH_s05_medium,35,80,37.666666666666664,1.5219990015029907,-0.19494267693589812
BH_s05_medium,35,81,37.7,0.6505672335624695,-0.5225517128922776
BH_s05_medium,35,82,37.733333333333334,0.04002106934785843,-0.7708499935685169
BH_s05_medium,35,83,37.766666666666666,-0.30963948369026184,-0.9174704267949992
BH_s05_medium,35,84,37.8,-0.4034620523452759,-0.9420851454975283
BH_s05_medium,35,85,37.833333333333336,-0.3223564326763153,-0.8305836010851209
BH_s05_medium,35,86,37.86666666666667,-0.14762406051158905,-0.5835446805194566
BH_s05_medium,35,87,37.9,-0.0491454117000103,-0.2251478351286032
BH_s05_medium,35,88,37.93333333333333,-0.21155239641666412,0.19277487123147652
BH_s05_medium,35,89,37.96666666666667,-0.3862847685813904,0.5961148727811645
BH_s05_medium,35,90,38.0,-0.6299931406974792,0.9044677653038317
BH_s05_medium,35,91,38.03333333333333,-0.8243287205696106,1.0535450029059306
BH_s05_medium,35,92,38.06666666666667,-0.999061107635498,1.0150161289359592
BH_s05_medium,35,93,38.1,-1.1120953559875488,0.8045705074513543
BH_s05_medium,35,94,38.13333333333333,-0.9342785477638245,0.4748899468421024
BH_s05_medium,35,95,38.166666666666664,-0.20780955255031586,0.09778516524437676
BH_s05_medium,35,96,38.2,0.951851487159729,-0.2564353231227829
BH_s05_medium,35,97,38.233333333333334,1.9670003652572632,-0.5352653759682102
BH_s05_medium,35,98,38.266666666666666,2.11576509475708,-0.712540130545344
BH_s05_medium,35,99,38.3,1.5753037929534912,-0.7892986940787622
BH_s05_medium,35,100,38.333333333333336,0.7902210354804993,-0.7885837308543697
BH_s05_medium,35,101,38.36666666666667,0.0011406070552766323,-0.7457519092100606
BH_s05_medium,35,102,38.4,-0.48319172859191895,-0.6957760116511309
BH_s05_medium,35,103,38.43333333333333,-0.7066384553909302,-0.6599057534809775
BH_s05_medium,35,104,38.46666666666667,-0.6341865658760071,-0.6356988891945315
BH_s05_medium,35,105,38.5,-0.45945414900779724,-0.595159310932104
BH_s05_medium,35,106,38.53333333333333,-0.31488287448883057,-0.4939103979981444
BH_s05_medium,35,107,38.56666666666667,-0.34261807799339294,-0.2900405411860282
BH_s05_medium,35,108,38.6,-0.5173504948616028,0.03381593609490801
BH_s05_medium,35,109,38.63333333333333,-0.7806620001792908,0.45472593726120514
BH_s05_medium,35,110,38.666666666666664,-1.0439735651016235,0.908406613034014
BH_s05_medium,35,111,38.7,-1.2187060117721558,1.305164991138697
BH_s05_medium,35,112,38.733333333333334,-1.3778327703475952,1.556650432993061
BH_s05_medium,35,113,38.766666666666666,-1.3382939100265503,1.6022068036417005
BH_s05_medium,35,114,38.8,-0.6932564377784729,1.425547346794904
BH_s05_medium,35,115,38.833333333333336,0.36346569657325745,1.0578999451866018
BH_s05_medium,35,116,38.86666666666667,1.5688868761062622,0.5679527474144304
BH_s05_medium,35,117,38.9,2.0732784271240234,0.0419221912393651
BH_s05_medium,35,118,38.93333333333333,1.7182377576828003,-0.43986129377914274
BH_s05_medium,35,119,38.96666666666667,0.9321049451828003,-0.8218964890998801
BH_s05_medium,35,120,39.0,0.23179946839809418,-1.0818005833163769
BH_s05_medium,35,121,39.03333333333333,-0.2961995601654053,-1.2259377374904101
BH_s05_medium,35,122,39.06666666666667,-0.5719666481018066,-1.2749905055041222
BH_s05_medium,35,123,39.1,-0.5806203484535217,-1.2460648507275913
BH_s05_medium,35,124,39.13333333333333,-0.3283884525299072,-1.140137977214406
BH_s05_medium,35,125,39.166666666666664,-0.15365606546401978,-0.9419904937275453
BH_s05_medium,35,126,39.2,-0.0491454117000103,-0.6336047461777473
BH_s05_medium,35,127,39.233333333333334,-0.2055203914642334,-0.21438816808634603
BH_s05_medium,35,128,39.266666666666666,-0.38025277853012085,0.28302853393541416
BH_s05_medium,35,129,39.3,-0.6435643434524536,0.7911365106384879
BH_s05_medium,35,130,39.333333333333336,-0.8182967305183411,1.2223878276848885
BH_s05_medium,35,131,39.36666666666667,-0.9349370002746582,1.4943612544127616
BH_s05_medium,35,132,39.4,-0.9121838212013245,1.5545524913612185
BH_s05_medium,35,133,39.43333333333333,-0.31441912055015564,1.3950735469411757
BH_s05_medium,35,134,39.46666666666667,0.7494506239891052,1.0525773347128837
BH_s05_medium,35,135,39.5,1.9241889715194702,0.5948596897511336
BH_s05_medium,35,136,39.53333333333333,2.4310710430145264,0.10012043600914393
BH_s05_medium,35,137,39.56666666666667,2.0797665119171143,-0.36326366468512195
BH_s05_medium,35,138,39.6,1.2922577857971191,-0.7494330373828961
BH_s05_medium,35,139,39.63333333333333,0.5047491192817688,-1.0366427624119436
BH_s05_medium,35,140,39.666666666666664,-0.1216629296541214,-1.2193225665656122
BH_s05_medium,35,141,39.7,-0.34871572256088257,-1.2965067809034094
BH_s05_medium,35,142,39.733333333333334,-0.4034620523452759,-1.263790650945805
BH_s05_medium,35,143,39.766666666666666,-0.1973227560520172,-1.1135293357036031
BH_s05_medium,35,144,39.8,-0.0491454117000103,-0.8431171943814355
BH_s05_medium,35,145,39.833333333333336,-0.0491454117000103,-0.46649935308843
BH_s05_medium,35,146,39.86666666666667,-0.07084860652685165,-0.021986123209886976
BH_s05_medium,35,147,39.9,-0.3341601490974426,0.42935184056427467
BH_s05_medium,35,148,39.93333333333333,-0.5088925361633301,0.8164943547754316
BH_s05_medium,35,149,39.96666666666667,-0.7722041010856628,1.078646111240153
BH_s05_medium,35,150,40.0,-0.9349370002746582,1.1839609647959244
BH_s05_medium,35,151,40.03333333333333,-0.9157899022102356,1.137683295602489
BH_s05_medium,35,152,40.06666666666667,-0.36772388219833374,0.9762874780053525
BH_s05_medium,35,153,40.1,0.6972615122795105,0.7513175947733391
BH_s05_medium,35,154,40.13333333333333,1.9110749959945679,0.5100993377216515
BH_s05_medium,35,155,40.166666666666664,2.5193898677825928,0.28046483855276033
BH_s05_medium,35,156,40.2,2.173001766204834,0.06508205145952504
BH_s05_medium,35,157,40.233333333333334,1.393031120300293,-0.15222379130468208
BH_s05_medium,35,158,40.266666666666666,0.5193691849708557,-0.39072591926799594
BH_s05_medium,35,159,40.3,-0.10822299867868423,-0.6546298437369851
BH_s05_medium,35,160,40.333333333333336,-0.46752163767814636,-0.920804627111295
BH_s05_medium,35,161,40.36666666666667,-0.5806203484535217,-1.1383344424438315
BH_s05_medium,35,162,40.4,-0.34910616278648376,-1.2409661506775913
BH_s05_medium,35,163,40.43333333333333,-0.15726213157176971,-1.1686738897900064
BH_s05_medium,35,164,40.46666666666667,-0.07110890746116638,-0.891549864454224
BH_s05_medium,35,165,40.5,-0.13772456347942352,-0.4278675952358334
BH_s05_medium,35,166,40.53333333333333,-0.3766466975212097,0.1516496940980648
BH_s05_medium,35,167,40.56666666666667,-0.5513790845870972,0.737706991161847
BH_s05_medium,35,168,40.6,-0.8146906495094299,1.2113715236954785
BH_s05_medium,35,169,40.63333333333333,-0.9894230365753174,1.4778606009598287
BH_s05_medium,35,170,40.666666666666664,-1.0235161781311035,1.4927254781466472
BH_s05_medium,35,171,40.7,-0.7860344648361206,1.2710458389403756
BH_s05_medium,35,172,40.733333333333334,0.05694574490189552,0.8767686084721809
BH_s05_medium,35,173,40.766666666666666,1.3272807598114014,0.39739714893619865
BH_s05_medium,35,174,40.8,2.2038235664367676,-0.08413645538708298
BH_s05_medium,35,175,40.833333333333336,2.311279535293579,-0.5081887624729099
BH_s05_medium,35,176,40.86666666666667,1.7120734453201294,-0.8426788424944182
BH_s05_medium,35,177,40.9,0.9269906282424927,-1.0764977484899774
BH_s05_medium,35,178,40.93333333333333,0.11863401532173157,-1.2090820791121286
BH_s05_medium,35,179,40.96666666666667,-0.31698399782180786,-1.24163703952303
BH_s05_medium,35,180,41.0,-0.5806203484535217,-1.1725510639784866
BH_s05_medium,35,181,41.03333333333333,-0.4412913918495178,-0.9976154305682632
BH_s05_medium,35,182,41.06666666666667,-0.18040578067302704,-0.7150437578610135
BH_s05_medium,35,183,41.1,-0.0491454117000103,-0.33424217634995046
BH_s05_medium,35,184,41.13333333333333,-0.0491454117000103,0.1152744298279266
BH_s05_medium,35,185,41.166666666666664,-0.16906695067882538,0.5805468851681406
BH_s05_medium,35,186,41.2,-0.42995256185531616,0.9921347789621501
BH_s05_medium,35,187,41.233333333333334,-0.7685980200767517,1.2812421628786834
BH_s05_medium,35,188,41.266666666666666,-0.9517238140106201,1.400407372466321
BH_s05_medium,35,189,41.3,-1.1180628538131714,1.3380919101028925
BH_s05_medium,35,190,41.333333333333336,-1.1050121784210205,1.120758938268086
BH_s05_medium,35,191,41.36666666666667,-0.4864630699157715,0.8023298739885697
BH_s05_medium,35,192,41.4,0.5617365837097168,0.4456276066209144
BH_s05_medium,35,193,41.43333333333333,1.6151775121688843,0.10282834858790657
BH_s05_medium,35,194,41.46666666666667,2.070592164993286,-0.19738941452028594
BH_s05_medium,35,195,41.5,1.6596227884292603,-0.45057007282704353
BH_s05_medium,35,196,41.53333333333333,0.8031370639801025,-0.6652605739537742
BH_s05_medium,35,197,41.56666666666667,0.004614334087818861,-0.8462192728356751
BH_s05_medium,35,198,41.6,-0.621601939201355,-0.9815097150426784
BH_s05_medium,35,199,41.63333333333333,-0.9869325757026672,-1.040960904218908
BH_s05_medium,35,200,41.666666666666664,-1.0235161781311035,-0.9872829203121838
BH_s05_medium,35,201,41.7,-0.8040659427642822,-0.7944456210761379
BH_s05_medium,35,202,41.733333333333334,-0.6061899065971375,-0.4645481180497394
BH_s05_medium,35,203,41.766666666666666,-0.5806203484535217,-0.035367413025934866
BH_s05_medium,35,204,41.8,-0.6387780904769897,0.4250438386332567
BH_s05_medium,35,205,41.833333333333336,-0.8692423105239868,0.8349705480042656
BH_s05_medium,35,206,41.86666666666667,-1.07682204246521,1.1207488831462373
BH_s05_medium,35,207,41.9,-1.2515543699264526,1.2357404556993725
BH_s05_medium,35,208,41.93333333333333,-1.4262868165969849,1.1701769956230539
BH_s05_medium,35,209,41.96666666666667,-1.4203838109970093,0.9492744078746994
BH_s05_medium,35,210,42.0,-0.8504822850227356,0.6215073974513348
BH_s05_medium,35,211,42.03333333333333,0.2390882670879364,0.24243319219417714
BH_s05_medium,35,212,42.06666666666667,1.512043833732605,-0.13938000860723923
BH_s05_medium,35,213,42.1,2.201658010482788,-0.4895556873291517
BH_s05_medium,35,214,42.13333333333333,1.9750590324401855,-0.7874406564714068
BH_s05_medium,35,215,42.166666666666664,1.2107584476470947,-1.0207971853927658
BH_s05_medium,35,216,42.2,0.4256756901741028,-1.1797500571131436
BH_s05_medium,35,217,42.233333333333334,-0.21758660674095154,-1.2533439993790192
BH_s05_medium,35,218,42.266666666666666,-0.6048151254653931,-1.23048282998155
BH_s05_medium,35,219,42.3,-0.6474307179450989,-1.1047211465154059
BH_s05_medium,35,220,42.333333333333336,-0.47269830107688904,-0.8799075287862107
BH_s05_medium,35,221,42.36666666666667,-0.20938676595687866,-0.5733018180436084
BH_s05_medium,35,222,42.4,-0.13772456347942352,-0.2152686635027865
BH_s05_medium,35,223,42.43333333333333,-0.14978967607021332,0.15341952921733532
BH_s05_medium,35,224,42.46666666666667,-0.4131012260913849,0.48670026533038785
BH_s05_medium,35,225,42.5,-0.6764127612113953,0.7416639730018343
BH_s05_medium,35,226,42.53333333333333,-0.8511451482772827,0.8888249083159112
BH_s05_medium,35,227,42.56666666666667,-1.025877594947815,0.9197396697391249
BH_s05_medium,35,228,42.6,-1.0235806703567505,0.8477954671934492
BH_s05_medium,35,229,42.63333333333333,-0.3273351490497589,0.7014296887818035
BH_s05_medium,35,230,42.666666666666664,0.7136523723602295,0.5131008998126542
BH_s05_medium,35,231,42.7,1.9441213607788086,0.30967972282164713
BH_s05_medium,35,232,42.733333333333334,2.332723617553711,0.109162674560537
BH_s05_medium,35,233,42.766666666666666,1.9361785650253296,-0.07530588652142786
BH_s05_medium,35,234,42.8,1.0869048833847046,-0.22826995672116673
BH_s05_medium,35,235,42.833333333333336,0.30182212591171265,-0.32842653984713027
BH_s05_medium,35,236,42.86666666666667,-0.2564670741558075,-0.35307093029216485
BH_s05_medium,35,237,42.9,-0.6473016738891602,-0.28902134432866394
BH_s05_medium,35,238,42.93333333333333,-0.6049441695213318,-0.14326526187793767
BH_s05_medium,35,239,42.96666666666667,-0.43021178245544434,0.05415138797753484
BH_s05_medium,36,0,36.0,-0.0491454117000103,0.08905567780512197
BH_s05_medium,36,1,36.03333333333333,-0.0491454117000103,0.3895806343212152
BH_s05_medium,36,2,36.06666666666667,-0.0491454117000103,0.6811406419660446
BH_s05_medium,36,3,36.1,-0.16782008111476898,0.954475247638811
BH_s05_medium,36,4,36.13333333333333,-0.3702220320701599,1.1945921765979126
BH_s05_medium,36,5,36.166666666666664,-0.6058639883995056,1.3822930406319103
BH_s05_medium,36,6,36.2,-0.7577787041664124,1.4976731297422294
BH_s05_medium,36,7,36.233333333333334,-0.4990531802177429,1.5244306436972321
BH_s05_medium,36,8,36.266666666666666,0.2537739872932434,1.454130071591203
BH_s05_medium,36,9,36.3,1.4613608121871948,1.289340803449852
BH_s05_medium,36,10,36.333333333333336,2.3556058406829834,1.0439766729637316
BH_s05_medium,36,11,36.36666666666667,2.321115732192993,0.739716432709865
BH_s05_medium,36,12,36.4,1.769706130027771,0.39980737718517984
BH_s05_medium,36,13,36.43333333333333,0.9846233129501343,0.04389537000712108
BH_s05_medium,36,14,36.46666666666667,0.20636114478111267,-0.31258304686886074
BH_s05_medium,36,15,36.5,-0.13969331979751587,-0.6537677237647177
BH_s05_medium,36,16,36.53333333333333,-0.31488287448883057,-0.9567368087275591
BH_s05_medium,36,17,36.56666666666667,-0.23017120361328125,-1.1882173673435679
BH_s05_medium,36,18,36.6,-0.0554388165473938,-1.3085275010808743
BH_s05_medium,36,19,36.63333333333333,0.03071441501379013,-1.28269889475696
BH_s05_medium,36,20,36.666666666666664,-0.03800015151500702,-1.0947920393362771
BH_s05_medium,36,21,36.7,-0.12415338307619095,-0.7592471518515979
BH_s05_medium,36,22,36.733333333333334,-0.2988857626914978,-0.3235960329176534
BH_s05_medium,36,23,36.766666666666666,-0.47361814975738525,0.1399373827518355
BH_s05_medium,36,24,36.8,-0.669199526309967,0.551682358024024
BH_s05_medium,36,25,36.833333333333336,-0.6924744248390198,0.8445941562438704
BH_s05_medium,36,26,36.86666666666667,-0.1519487053155899,0.9803107102424659
BH_s05_medium,36,27,36.9,0.9054964184761047,0.9560991636833593
BH_s05_medium,36,28,36.93333333333333,2.0125701427459717,0.8006498629402513
BH_s05_medium,36,29,36.96666666666667,2.4310710430145264,0.560400673942504
BH_s05_medium,36,30,37.0,2.094388723373413,0.28176656553662105
BH_s05_medium,36,31,37.03333333333333,1.3422846794128418,-0.0032392045762521353
BH_s05_medium,36,32,37.06666666666667,0.5547759532928467,-0.2815204842955213
BH_s05_medium,36,33,37.1,-0.006463097874075174,-0.5517318521870452
BH_s05_medium,36,34,37.13333333333333,-0.2697746455669403,-0.810182581344778
BH_s05_medium,36,35,37.166666666666664,-0.31488287448883057,-1.0386696739183086
BH_s05_medium,36,36,37.2,-0.14906559884548187,-1.2016038698537992
BH_s05_medium,36,37,37.233333333333334,-0.0491454117000103,-1.2543196978407265
BH_s05_medium,36,38,37.266666666666666,-0.0491454117000103,-1.158817395104199
BH_s05_medium,36,39,37.3,-0.08048669248819351,-0.9000708333007819
BH_s05_medium,36,40,37.333333333333336,-0.25521907210350037,-0.4963141061843527
BH_s05_medium,36,41,37.36666666666667,-0.5185306072235107,0.0006190406857863489
BH_s05_medium,36,42,37.4,-0.6932629942893982,0.5153620559143509
BH_s05_medium,36,43,37.43333333333333,-0.8463578224182129,0.9664947768768088
BH_s05_medium,36,44,37.46666666666667,-0.9157253503799438,1.2857206100216685
BH_s05_medium,36,45,37.5,-0.4966917932033539,1.4323707242131631
BH_s05_medium,36,46,37.53333333333333,0.49426889419555664,1.3989720284218097
BH_s05_medium,36,47,37.56666666666667,1.6935279369354248,1.2074074989084178
BH_s05_medium,36,48,37.6,2.342491865158081,0.8987538446264692
BH_s05_medium,36,49,37.63333333333333,2.144087553024292,0.5216348131760142
BH_s05_medium,36,50,37.666666666666664,1.5219990015029907,0.12330167233825336
BH_s05_medium,36,51,37.7,0.6505672335624695,-0.2546276680327569
BH_s05_medium,36,52,37.733333333333334,0.04002106934785843,-0.5764308436531946
BH_s05_medium,36,53,37.766666666666666,-0.30963948369026184,-0.810973689694192
BH_s05_medium,36,54,37.8,-0.4034620523452759,-0.9316229879752396
BH_s05_medium,36,55,37.833333333333336,-0.3223564326763153,-0.919215166134393
BH_s05_medium,36,56,37.86666666666667,-0.14762406051158905,-0.7681259617249007
BH_s05_medium,36,57,37.9,-0.0491454117000103,-0.49336288821092206
BH_s05_medium,36,58,37.93333333333333,-0.21155239641666412,-0.1348703580160277
BH_s05_medium,36,59,37.96666666666667,-0.3862847685813904,0.24505263550105447
BH_s05_medium,36,60,38.0,-0.6299931406974792,0.5733515000328545
BH_s05_medium,36,61,38.03333333333333,-0.8243287205696106,0.7847445087494042
BH_s05_medium,36,62,38.06666666666667,-0.999061107635498,0.8404033687426221
BH_s05_medium,36,63,38.1,-1.1120953559875488,0.7386026161090623
BH_s05_medium,36,64,38.13333333333333,-0.9342785477638245,0.5129898204016763
BH_s05_medium,36,65,38.166666666666664,-0.20780955255031586,0.22015568705590402
BH_s05_medium,36,66,38.2,0.951851487159729,-0.07786795079614095
BH_s05_medium,36,67,38.233333333333334,1.9670003652572632,-0.32998863498174547
BH_s05_medium,36,68,38.266666666666666,2.11576509475708,-0.5069570583846018
BH_s05_medium,36,69,38.3,1.5753037929534912,-0.6049335719305627
BH_s05_medium,36,70,38.333333333333336,0.7902210354804993,-0.6417184368987053
BH_s05_medium,36,71,38.36666666666667,0.0011406070552766323,-0.646937669029892
BH_s05_medium,36,72,38.4,-0.48319172859191895,-0.6487518330951181
BH_s05_medium,36,73,38.43333333333333,-0.7066384553909302,-0.660901380946003
BH_s05_medium,36,74,38.46666666666667,-0.6341865658760071,-0.674556278580133
BH_s05_medium,36,75,38.5,-0.45945414900779724,-0.6587156090258117
BH_s05_medium,36,76,38.53333333333333,-0.31488287448883057,-0.5704175472302135
BH_s05_medium,36,77,38.56666666666667,-0.34261807799339294,-0.37235318950017127
BH_s05_medium,36,78,38.6,-0.5173504948616028,-0.05195345326511426
BH_s05_medium,36,79,38.63333333333333,-0.7806620001792908,0.36578924577617805
BH_s05_medium,36,80,38.666666666666664,-1.0439735651016235,0.8182675889128632
BH_s05_medium,36,81,38.7,-1.2187060117721558,1.2196941123273353
BH_s05_medium,36,82,38.733333333333334,-1.3778327703475952,1.485033811037415
BH_s05_medium,36,83,38.766666666666666,-1.3382939100265503,1.5541279223830575
BH_s05_medium,36,84,38.8,-0.6932564377784729,1.4076983346358893
BH_s05_medium,36,85,38.833333333333336,0.36346569657325745,1.0711162613959138
BH_s05_medium,36,86,38.86666666666667,1.5688868761062622,0.6058382807315069
BH_s05_medium,36,87,38.9,2.0732784271240234,0.0916969994658452
BH_s05_medium,36,88,38.93333333333333,1.7182377576828003,-0.3939762985754821
BH_s05_medium,36,89,38.96666666666667,0.9321049451828003,-0.7934419745327989
BH_s05_medium,36,90,39.0,0.23179946839809418,-1.0767719725800378
BH_s05_medium,36,91,39.03333333333333,-0.2961995601654053,-1.2396846551851866
BH_s05_medium,36,92,39.06666666666667,-0.5719666481018066,-1.2930446278668937
BH_s05_medium,36,93,39.1,-0.5806203484535217,-1.2491202747145946
BH_s05_medium,36,94,39.13333333333333,-0.3283884525299072,-1.1115839895550945
BH_s05_medium,36,95,39.166666666666664,-0.15365606546401978,-0.8750717196194473
BH_s05_medium,36,96,39.2,-0.0491454117000103,-0.5351407224177349
BH_s05_medium,36,97,39.233333333333334,-0.2055203914642334,-0.10326547260178702
BH_s05_medium,36,98,39.266666666666666,-0.38025277853012085,0.3820927269682121
BH_s05_medium,36,99,39.3,-0.6435643434524536,0.8559033588819444
BH_s05_medium,36,100,39.333333333333336,-0.8182967305183411,1.240052604452332
BH_s05_medium,36,101,39.36666666666667,-0.9349370002746582,1.4646896294868352
BH_s05_medium,36,102,39.4,-0.9121838212013245,1.4886467585365233
BH_s05_medium,36,103,39.43333333333333,-0.31441912055015564,1.3109229961796218
BH_s05_medium,36,104,39.46666666666667,0.7494506239891052,0.9692564103623345
BH_s05_medium,36,105,39.5,1.9241889715194702,0.5271066616983613
BH_s05_medium,36,106,39.53333333333333,2.4310710430145264,0.05474848863711503
BH_s05_medium,36,107,39.56666666666667,2.0797665119171143,-0.388037167023426
BH_s05_medium,36,108,39.6,1.2922577857971191,-0.7615916884628837
BH_s05_medium,36,109,39.63333333333333,0.5047491192817688,-1.0460492120998721
BH_s05_medium,36,110,39.666666666666664,-0.1216629296541214,-1.2332897815032227
BH_s05_medium,36,111,39.7,-0.34871572256088257,-1.3167477873247968
BH_s05_medium,36,112,39.733333333333334,-0.4034620523452759,-1.2853591821531216
BH_s05_medium,36,113,39.766666666666666,-0.1973227560520172,-1.1256166947260113
BH_s05_medium,36,114,39.8,-0.0491454117000103,-0.8312886771139408
BH_s05_medium,36,115,39.833333333333336,-0.0491454117000103,-0.416035468279612
BH_s05_medium,36,116,39.86666666666667,-0.07084860652685165,0.07794001004046347
BH_s05_medium,36,117,39.9,-0.3341601490974426,0.5811735647039732
BH_s05_medium,36,118,39.93333333333333,-0.5088925361633301,1.0104780293009292
BH_s05_medium,36,119,39.96666666666667,-0.7722041010856628,1.2914050970693927
BH_s05_medium,36,120,40.0,-0.9349370002746582,1.380784954775588
BH_s05_medium,36,121,40.03333333333333,-0.9157899022102356,1.2791486540669685
BH_s05_medium,36,122,40.06666666666667,-0.36772388219833374,1.0275958907311606
BH_s05_medium,36,123,40.1,0.6972615122795105,0.6911082875079748
BH_s05_medium,36,124,40.13333333333333,1.9110749959945679,0.33568284187458175
BH_s05_medium,36,125,40.166666666666664,2.5193898677825928,0.008365642381770143
BH_s05_medium,36,126,40.2,2.173001766204834,-0.2723390570509743
BH_s05_medium,36,127,40.233333333333334,1.393031120300293,-0.5126010154910432
BH_s05_medium,36,128,40.266666666666666,0.5193691849708557,-0.728682858946798
BH_s05_medium,36,129,40.3,-0.10822299867868423,-0.9289351159548543
BH_s05_medium,36,130,40.333333333333336,-0.46752163767814636,-1.1006815022674483
BH_s05_medium,36,131,40.36666666666667,-0.5806203484535217,-1.2078114205433803
BH_s05_medium,36,132,40.4,-0.34910616278648376,-1.200420176005285
BH_s05_medium,36,133,40.43333333333333,-0.15726213157176971,-1.033362696261035
BH_s05_medium,36,134,40.46666666666667,-0.07110890746116638,-0.6875258186848914
BH_s05_medium,36,135,40.5,-0.13772456347942352,-0.18612015528058826
BH_s05_medium,36,136,40.53333333333333,-0.3766466975212097,0.4014291502655067
BH_s05_medium,36,137,40.56666666666667,-0.5513790845870972,0.9719264734091884
BH_s05_medium,36,138,40.6,-0.8146906495094299,1.4144278713728047
BH_s05_medium,36,139,40.63333333333333,-0.9894230365753174,1.6408662305852633
BH_s05_medium,36,140,40.666666666666664,-1.0235161781311035,1.610336374568992
BH_s05_medium,36,141,40.7,-0.7860344648361206,1.3385760020745514
BH_s05_medium,36,142,40.733333333333334,0.05694574490189552,0.8894908638283138
BH_s05_medium,36,143,40.766666666666666,1.3272807598114014,0.3525158253689487
BH_s05_medium,36,144,40.8,2.2038235664367676,-0.18410332162082957
BH_s05_medium,36,145,40.833333333333336,2.311279535293579,-0.65283857705762
BH_s05_medium,36,146,40.86666666666667,1.7120734453201294,-1.0136253851359787
BH_s05_medium,36,147,40.9,0.9269906282424927,-1.24977932006333
BH_s05_medium,36,148,40.93333333333333,0.11863401532173157,-1.358768587581265
BH_s05_medium,36,149,40.96666666666667,-0.31698399782180786,-1.3432317126134818
BH_s05_medium,36,150,41.0,-0.5806203484535217,-1.205795989640278
BH_s05_medium,36,151,41.03333333333333,-0.4412913918495178,-0.9492897289435385
BH_s05_medium,36,152,41.06666666666667,-0.18040578067302704,-0.5821048207455568
BH_s05_medium,36,153,41.1,-0.0491454117000103,-0.1264204479646236
BH_s05_medium,36,154,41.13333333333333,-0.0491454117000103,0.37511528655509885
BH_s05_medium,36,155,41.166666666666664,-0.16906695067882538,0.8593802913902617
BH_s05_medium,36,156,41.2,-0.42995256185531616,1.2525443362810518
BH_s05_medium,36,157,41.233333333333334,-0.7685980200767517,1.4880645466467162
BH_s05_medium,36,158,41.266666666666666,-0.9517238140106201,1.526239646122925
BH_s05_medium,36,159,41.3,-1.1180628538131714,1.3666756621045282
BH_s05_medium,36,160,41.333333333333336,-1.1050121784210205,1.0481322775837463
BH_s05_medium,36,161,41.36666666666667,-0.4864630699157715,0.6359545591324502
BH_s05_medium,36,162,41.4,0.5617365837097168,0.2020228650676069
BH_s05_medium,36,163,41.43333333333333,1.6151775121688843,-0.19532943948177883
BH_s05_medium,36,164,41.46666666666667,2.070592164993286,-0.5238079511115116
BH_s05_medium,36,165,41.5,1.6596227884292603,-0.7773367170089157
BH_s05_medium,36,166,41.53333333333333,0.8031370639801025,-0.9648383266541731
BH_s05_medium,36,167,41.56666666666667,0.004614334087818861,-1.0940397022381763
BH_s05_medium,36,168,41.6,-0.621601939201355,-1.1589687852979538
BH_s05_medium,36,169,41.63333333333333,-0.9869325757026672,-1.1377353886171382
BH_s05_medium,36,170,41.666666666666664,-1.0235161781311035,-1.0019512262475025
BH_s05_medium,36,171,41.7,-0.8040659427642822,-0.733473414381412
BH_s05_medium,36,172,41.733333333333334,-0.6061899065971375,-0.34074871734120654
BH_s05_medium,36,173,41.766666666666666,-0.5806203484535217,0.13300439745092488
BH_s05_medium,36,174,41.8,-0.6387780904769897,0.6144507431239561
BH_s05_medium,36,175,41.833333333333336,-0.8692423105239868,1.0170894289227619
BH_s05_medium,36,176,41.86666666666667,-1.07682204246521,1.2645614554508549
BH_s05_medium,36,177,41.9,-1.2515543699264526,1.3116051445750478
BH_s05_medium,36,178,41.93333333333333,-1.4262868165969849,1.155350640319104
BH_s05_medium,36,179,41.96666666666667,-1.4203838109970093,0.8337177990549721
BH_s05_medium,36,180,42.0,-0.8504822850227356,0.4120992357426304
BH_s05_medium,36,181,42.03333333333333,0.2390882670879364,-0.0365557828348087
BH_s05_medium,36,182,42.06666666666667,1.512043833732605,-0.4504648181723577
BH_s05_medium,36,183,42.1,2.201658010482788,-0.789474534535326
BH_s05_medium,36,184,42.13333333333333,1.9750590324401855,-1.0349361134099573
BH_s05_medium,36,185,42.166666666666664,1.2107584476470947,-1.1820603125543843
BH_s05_medium,36,186,42.2,0.4256756901741028,-1.230266435963518
BH_s05_medium,36,187,42.233333333333334,-0.21758660674095154,-1.1765321250383383
BH_s05_medium,36,188,42.266666666666666,-0.6048151254653931,-1.0147855838364213
BH_s05_medium,36,189,42.3,-0.6474307179450989,-0.7414178948385896
BH_s05_medium,36,190,42.333333333333336,-0.47269830107688904,-0.36372117413330823
BH_s05_medium,36,191,42.36666666666667,-0.20938676595687866,0.09333606811892366
BH_s05_medium,36,192,42.4,-0.13772456347942352,0.5850534472071901
BH_s05_medium,36,193,42.43333333333333,-0.14978967607021332,1.0505884519214572
BH_s05_medium,36,194,42.46666666666667,-0.4131012260913849,1.4224078216193863
BH_s05_medium,36,195,42.5,-0.6764127612113953,1.6408100454940726
BH_s05_medium,36,196,42.53333333333333,-0.8511451482772827,1.669802831612695
BH_s05_medium,36,197,42.56666666666667,-1.025877594947815,1.508074927610386
BH_s05_medium,36,198,42.6,-1.0235806703567505,1.1896218546811848
BH_s05_medium,36,199,42.63333333333333,-0.3273351490497589,0.7727786886239022
BH_s05_medium,36,200,42.666666666666664,0.7136523723602295,0.32179313948476906
BH_s05_medium,36,201,42.7,1.9441213607788086,-0.1111738915592063
BH_s05_medium,36,202,42.733333333333334,2.332723617553711,-0.4957419191243064
BH_s05_medium,36,203,42.766666666666666,1.9361785650253296,-0.8209211271000192
BH_s05_medium,36,204,42.8,1.0869048833847046,-1.083245818023629
BH_s05_medium,36,205,42.833333333333336,0.30182212591171265,-1.273101118679056
BH_s05_medium,36,206,42.86666666666667,-0.2564670741558075,-1.3676532720228443
BH_s05_medium,36,207,42.9,-0.6473016738891602,-1.3350335319610631
BH_s05_medium,36,208,42.93333333333333,-0.6049441695213318,-1.1483684616465382
BH_s05_medium,36,209,42.96666666666667,-0.43021178245544434,-0.803274858020226
BH_s05_medium,36,210,43.0,-0.16690021753311157,-0.3309147633085115
BH_s05_medium,36,211,43.03333333333333,-0.13772456347942352,0.1997756053154905
BH_s05_medium,36,212,43.06666666666667,-0.1922762244939804,0.6937693517646624
BH_s05_medium,36,213,43.1,-0.36700862646102905,1.0536278460179307
BH_s05_medium,36,214,43.13333333333333,-0.630320131778717,1.2074651411509396
BH_s05_medium,36,215,43.166666666666664,-0.8050525784492493,1.130417317317491
BH_s05_medium,36,216,43.2,-0.9797849655151367,0.8511574234074473
BH_s05_medium,36,217,43.233333333333334,-0.8076709508895874,0.4412225662647213
BH_s05_medium,36,218,43.266666666666666,-0.026323284953832626,-0.00841094139043535
BH_s05_medium,36,219,43.3,1.0996372699737549,-0.4146053234771433
BH_s05_medium,36,220,43.333333333333336,2.1287522315979004,-0.7233892422173401
BH_s05_medium,36,221,43.36666666666667,2.277055263519287,-0.9181993860588628
BH_s05_medium,36,222,43.4,1.7784265279769897,-1.0130714186132428
BH_s05_medium,36,223,43.43333333333333,0.9630513787269592,-1.034777234323153
BH_s05_medium,36,224,43.46666666666667,0.14027048647403717,-1.00254052088565
BH_s05_medium,36,225,43.5,-0.3609120845794678,-0.9151305805583312
BH_s05_medium,36,226,43.53333333333333,-0.5806203484535217,-0.7518545366508205
BH_s05_medium,36,227,43.56666666666667,-0.5442948937416077,-0.48738751836507266
BH_s05_medium,36,228,43.6,-0.2834092676639557,-0.11331254531046761
BH_s05_medium,36,229,43.63333333333333,-0.12441368401050568,0.34480808386600253
BH_s05_medium,36,230,43.666666666666664,-0.06003037467598915,0.8246482432073058
BH_s05_medium,36,231,43.7,-0.2347627580165863,1.2419495939163454
BH_s05_medium,36,232,43.733333333333334,-0.40949514508247375,1.5175772525781528
BH_s05_medium,36,233,43.766666666666666,-0.6728066802024841,1.6050963467258106
BH_s05_medium,36,234,43.8,-0.8475390672683716,1.506688735499158
BH_s05_medium,36,235,43.833333333333336,-1.0222715139389038,1.270194606373313
BH_s05_medium,36,236,43.86666666666667,-0.8536990284919739,0.9679118836268129
BH_s05_medium,36,237,43.9,-0.07962805777788162,0.6659630970320141
BH_s05_medium,36,238,43.93333333333333,1.1313055753707886,0.39843379173674764
BH_s05_medium,36,239,43.96666666666667,2.121540069580078,0.1591335394326636
BH_s05_medium,37,0,37.0,2.094388723373413,0.009244431006722332
BH_s05_medium,37,1,37.03333333333333,1.3422846794128418,0.36484177290483466
BH_s05_medium,37,2,37.06666666666667,0.5547759532928467,0.59700542972114
BH_s05_medium,37,3,37.1,-0.006463097874075174,0.6229401538405003
BH_s05_medium,37,4,37.13333333333333,-0.2697746455669403,0.4291691511174157
BH_s05_medium,37,5,37.166666666666664,-0.31488287448883057,0.07653219228289357
BH_s05_medium,37,6,37.2,-0.14906559884548187,-0.32006879926979687
BH_s05_medium,37,7,37.233333333333334,-0.0491454117000103,-0.6293905070821215
BH_s05_medium,37,8,37.266666666666666,-0.0491454117000103,-0.7453223921209874
BH_s05_medium,37,9,37.3,-0.08048669248819351,-0.618440284337825
BH_s05_medium,37,10,37.333333333333336,-0.25521907210350037,-0.2686371517798244
BH_s05_medium,37,11,37.36666666666667,-0.5185306072235107,0.22341592569960964
BH_s05_medium,37,12,37.4,-0.6932629942893982,0.7418243079805888
BH_s05_medium,37,13,37.43333333333333,-0.8463578224182129,1.1691567546190265
BH_s05_medium,37,14,37.46666666666667,-0.9157253503799438,1.4172328234190474
BH_s05_medium,37,15,37.5,-0.4966917932033539,1.4456414376600204
BH_s05_medium,37,16,37.53333333333333,0.49426889419555664,1.264021278114301
BH_s05_medium,37,17,37.56666666666667,1.6935279369354248,0.9205049838115564
BH_s05_medium,37,18,37.6,2.342491865158081,0.48292275117625416
BH_s05_medium,37,19,37.63333333333333,2.144087553024292,0.020232952054125213
BH_s05_medium,37,20,37.666666666666664,1.5219990015029907,-0.410282998041443
BH_s05_medium,37,21,37.7,0.6505672335624695,-0.7679270035589985
BH_s05_medium,37,22,37.733333333333334,0.04002106934785843,-1.0268245159565628
BH_s05_medium,37,23,37.766666666666666,-0.30963948369026184,-1.170924664836438
BH_s05_medium,37,24,37.8,-0.4034620523452759,-1.1897108092527455
BH_s05_medium,37,25,37.833333333333336,-0.3223564326763153,-1.0776311535636234
BH_s05_medium,37,26,37.86666666666667,-0.14762406051158905,-0.838289658135784
BH_s05_medium,37,27,37.9,-0.0491454117000103,-0.4916876345445541
BH_s05_medium,37,28,37.93333333333333,-0.21155239641666412,-0.0800404430654121
BH_s05_medium,37,29,37.96666666666667,-0.3862847685813904,0.33329188957297995
BH_s05_medium,37,30,38.0,-0.6299931406974792,0.6749581140429133
BH_s05_medium,37,31,38.03333333333333,-0.8243287205696106,0.8807883825379432
BH_s05_medium,37,32,38.06666666666667,-0.999061107635498,0.9152401873659799
BH_s05_medium,37,33,38.1,-1.1120953559875488,0.7818861352238404
BH_s05_medium,37,34,38.13333333333333,-0.9342785477638245,0.5205124962488934
BH_s05_medium,37,35,38.166666666666664,-0.20780955255031586,0.19336408168500957
BH_s05_medium,37,36,38.2,0.951851487159729,-0.1330478978939959
BH_s05_medium,37,37,38.233333333333334,1.9670003652572632,-0.40431209711019467
BH_s05_medium,37,38,38.266666666666666,2.11576509475708,-0.5887696971323193
BH_s05_medium,37,39,38.3,1.5753037929534912,-0.681143603381556
BH_s05_medium,37,40,38.333333333333336,0.7902210354804993,-0.6994032672670873
BH_s05_medium,37,41,38.36666666666667,0.0011406070552766323,-0.675822576638187
BH_s05_medium,37,42,38.4,-0.48319172859191895,-0.6438807668436857
BH_s05_medium,37,43,38.43333333333333,-0.7066384553909302,-0.6240153143616192
BH_s05_medium,37,44,38.46666666666667,-0.6341865658760071,-0.6129490866667289
BH_s05_medium,37,45,38.5,-0.45945414900779724,-0.5817549381509906
BH_s05_medium,37,46,38.53333333333333,-0.31488287448883057,-0.4855482188157061
BH_s05_medium,37,47,38.56666666666667,-0.34261807799339294,-0.283011457924858
BH_s05_medium,37,48,38.6,-0.5173504948616028,0.041246205182924975
BH_s05_medium,37,49,38.63333333333333,-0.7806620001792908,0.4614429105838648
BH_s05_medium,37,50,38.666666666666664,-1.0439735651016235,0.910853025732718
BH_s05_medium,37,51,38.7,-1.2187060117721558,1.2993048924741413
BH_s05_medium,37,52,38.733333333333334,-1.3778327703475952,1.5409203758858034
BH_s05_medium,37,53,38.766666666666666,-1.3382939100265503,1.5801002813809686
BH_s05_medium,37,54,38.8,-0.6932564377784729,1.406295784797908
BH_s05_medium,37,55,38.833333333333336,0.36346569657325745,1.0543903266878074
BH_s05_medium,37,56,38.86666666666667,1.5688868761062622,0.592324256789563
BH_s05_medium,37,57,38.9,2.0732784271240234,0.10052075244147246
BH_s05_medium,37,58,38.93333333333333,1.7182377576828003,-0.3500640693058999
BH_s05_medium,37,59,38.96666666666667,0.9321049451828003,-0.7138523833005936
BH_s05_medium,37,60,39.0,0.23179946839809418,-0.9754095629062709
BH_s05_medium,37,61,39.03333333333333,-0.2961995601654053,-1.1422642436507138
BH_s05_medium,37,62,39.06666666666667,-0.5719666481018066,-1.2295030758582148
BH_s05_medium,37,63,39.1,-0.5806203484535217,-1.2433633309160208
BH_s05_medium,37,64,39.13333333333333,-0.3283884525299072,-1.1723127531064044
BH_s05_medium,37,65,39.166666666666664,-0.15365606546401978,-0.9914628925335186
BH_s05_medium,37,66,39.2,-0.0491454117000103,-0.6795529680314085
BH_s05_medium,37,67,39.233333333333334,-0.2055203914642334,-0.24037457866136816
BH_s05_medium,37,68,39.266666666666666,-0.38025277853012085,0.2832438616673491
BH_s05_medium,37,69,39.3,-0.6435643434524536,0.8120171462998541
BH_s05_medium,37,70,39.333333333333336,-0.8182967305183411,1.249949870387075
BH_s05_medium,37,71,39.36666666666667,-0.9349370002746582,1.5128981507924226
BH_s05_medium,37,72,39.4,-0.9121838212013245,1.5537089069598389
BH_s05_medium,37,73,39.43333333333333,-0.31441912055015564,1.3740776509912482
BH_s05_medium,37,74,39.46666666666667,0.7494506239891052,1.0197280372779962
BH_s05_medium,37,75,39.5,1.9241889715194702,0.5625137407328531
BH_s05_medium,37,76,39.53333333333333,2.4310710430145264,0.07750876013989455
BH_s05_medium,37,77,39.56666666666667,2.0797665119171143,-0.3759770037489313
BH_s05_medium,37,78,39.6,1.2922577857971191,-0.7629054602995411
BH_s05_medium,37,79,39.63333333333333,0.5047491192817688,-1.068828011244812
BH_s05_medium,37,80,39.666666666666664,-0.1216629296541214,-1.287937910417477
BH_s05_medium,37,81,39.7,-0.34871572256088257,-1.410498395993305
BH_s05_medium,37,82,39.733333333333334,-0.4034620523452759,-1.4170935143282204
BH_s05_medium,37,83,39.766666666666666,-0.1973227560520172,-1.2834147045762272
BH_s05_medium,37,84,39.8,-0.0491454117000103,-0.9939590273135606
BH_s05_medium,37,85,39.833333333333336,-0.0491454117000103,-0.5583498261350145
BH_s05_medium,37,86,39.86666666666667,-0.07084860652685165,-0.021898406107197416
BH_s05_medium,37,87,39.9,-0.3341601490974426,0.5365601675602996
BH_s05_medium,37,88,39.93333333333333,-0.5088925361633301,1.0217390572120333
BH_s05_medium,37,89,39.96666666666667,-0.7722041010856628,1.3490477122066258
BH_s05_medium,37,90,40.0,-0.9349370002746582,1.470667313912143
BH_s05_medium,37,91,40.03333333333333,-0.9157899022102356,1.3885630834093585
BH_s05_medium,37,92,40.06666666666667,-0.36772388219833374,1.1489759062234304
BH_s05_medium,37,93,40.1,0.6972615122795105,0.8220404492454988
BH_s05_medium,37,94,40.13333333333333,1.9110749959945679,0.47586413215054624
BH_s05_medium,37,95,40.166666666666664,2.5193898677825928,0.155349668648222
BH_s05_medium,37,96,40.2,2.173001766204834,-0.12649675229005322
BH_s05_medium,37,97,40.233333333333334,1.393031120300293,-0.38216565805707703
BH_s05_medium,37,98,40.266666666666666,0.5193691849708557,-0.6318898829418127
BH_s05_medium,37,99,40.3,-0.10822299867868423,-0.8830450677491806
BH_s05_medium,37,100,40.333333333333336,-0.46752163767814636,-1.1161074537374482
BH_s05_medium,37,101,40.36666666666667,-0.5806203484535217,-1.2835316362548408
BH_s05_medium,37,102,40.4,-0.34910616278648376,-1.322593360752703
BH_s05_medium,37,103,40.43333333333333,-0.15726213157176971,-1.1780045041756741
BH_s05_medium,37,104,40.46666666666667,-0.07110890746116638,-0.8266929845014891
BH_s05_medium,37,105,40.5,-0.13772456347942352,-0.2956845092026914
BH_s05_medium,37,106,40.53333333333333,-0.3766466975212097,0.33526222730996397
BH_s05_medium,37,107,40.56666666666667,-0.5513790845870972,0.9500354120201495
BH_s05_medium,37,108,40.6,-0.8146906495094299,1.4270990394193268
BH_s05_medium,37,109,40.63333333333333,-0.9894230365753174,1.673546469795791
BH_s05_medium,37,110,40.666666666666664,-1.0235161781311035,1.6498246922130053
BH_s05_medium,37,111,40.7,-0.7860344648361206,1.3769439232325797
BH_s05_medium,37,112,40.733333333333334,0.05694574490189552,0.9245779639792001
BH_s05_medium,37,113,40.766666666666666,1.3272807598114014,0.38562729679076235
BH_s05_medium,37,114,40.8,2.2038235664367676,-0.15154764529793174
BH_s05_medium,37,115,40.833333333333336,2.311279535293579,-0.6218457370991738
BH_s05_medium,37,116,40.86666666666667,1.7120734453201294,-0.9882231947196587
BH_s05_medium,37,117,40.9,0.9269906282424927,-1.2356293426964622
BH_s05_medium,37,118,40.93333333333333,0.11863401532173157,-1.3607485905603676
BH_s05_medium,37,119,40.96666666666667,-0.31698399782180786,-1.3632831254520912
BH_s05_medium,37,120,41.0,-0.5806203484535217,-1.2418249367677037
BH_s05_medium,37,121,41.03333333333333,-0.4412913918495178,-0.9951107826265803
BH_s05_medium,37,122,41.06666666666667,-0.18040578067302704,-0.628209719715107
BH_s05_medium,37,123,41.1,-0.0491454117000103,-0.1617624377604302
BH_s05_medium,37,124,41.13333333333333,-0.0491454117000103,0.3599886894930403
BH_s05_medium,37,125,41.166666666666664,-0.16906695067882538,0.8683012121668215
BH_s05_medium,37,126,41.2,-0.42995256185531616,1.2806557379490235
BH_s05_medium,37,127,41.233333333333334,-0.7685980200767517,1.5221775587950508
BH_s05_medium,37,128,41.266666666666666,-0.9517238140106201,1.549635396999817
BH_s05_medium,37,129,41.3,-1.1180628538131714,1.3665766647282989
BH_s05_medium,37,130,41.333333333333336,-1.1050121784210205,1.0222336205389464
BH_s05_medium,37,131,41.36666666666667,-0.4864630699157715,0.5947507060819213
BH_s05_medium,37,132,41.4,0.5617365837097168,0.16556247538492716
BH_s05_medium,37,133,41.43333333333333,1.6151775121688843,-0.2052743538265956
BH_s05_medium,37,134,41.46666666666667,2.070592164993286,-0.49317187341637264
BH_s05_medium,37,135,41.5,1.6596227884292603,-0.7068503898828506
BH_s05_medium,37,136,41.53333333333333,0.8031370639801025,-0.8714653610000676
BH_s05_medium,37,137,41.56666666666667,0.004614334087818861,-1.005701113683962
BH_s05_medium,37,138,41.6,-0.621601939201355,-1.1046436976607348
BH_s05_medium,37,139,41.63333333333333,-0.9869325757026672,-1.1374146808885826
BH_s05_medium,37,140,41.666666666666664,-1.0235161781311035,-1.0608917674103395
BH_s05_medium,37,141,41.7,-0.8040659427642822,-0.8427401942149936
BH_s05_medium,37,142,41.733333333333334,-0.6061899065971375,-0.48281142072255945
BH_s05_medium,37,143,41.766666666666666,-0.5806203484535217,-0.022925598911316576
BH_s05_medium,37,144,41.8,-0.6387780904769897,0.45996780258061143
BH_s05_medium,37,145,41.833333333333336,-0.8692423105239868,0.8751468206611849
BH_s05_medium,37,146,41.86666666666667,-1.07682204246521,1.1453567845774255
BH_s05_medium,37,147,41.9,-1.2515543699264526,1.2287413497896067
BH_s05_medium,37,148,41.93333333333333,-1.4262868165969849,1.1272919614936199
BH_s05_medium,37,149,41.96666666666667,-1.4203838109970093,0.8800786945565789
BH_s05_medium,37,150,42.0,-0.8504822850227356,0.5457632353356686
BH_s05_medium,37,151,42.03333333333333,0.2390882670879364,0.18255082545647405
BH_s05_medium,37,152,42.06666666666667,1.512043833732605,-0.16620221368850946
BH_s05_medium,37,153,42.1,2.201658010482788,-0.47599177270568943
BH_s05_medium,37,154,42.13333333333333,1.9750590324401855,-0.735533632880285
BH_s05_medium,37,155,42.166666666666664,1.2107584476470947,-0.9366821810683468
BH_s05_medium,37,156,42.2,0.4256756901741028,-1.0661797490872698
BH_s05_medium,37,157,42.233333333333334,-0.21758660674095154,-1.10374758720476
BH_s05_medium,37,158,42.266666666666666,-0.6048151254653931,-1.0279139379309157
BH_s05_medium,37,159,42.3,-0.6474307179450989,-0.8271074514102316
BH_s05_medium,37,160,42.333333333333336,-0.47269830107688904,-0.510080647372451
BH_s05_medium,37,161,42.36666666666667,-0.20938676595687866,-0.10964943440149692
BH_s05_medium,37,162,42.4,-0.13772456347942352,0.32200365314392776
BH_s05_medium,37,163,42.43333333333333,-0.14978967607021332,0.7238366947158399
BH_s05_medium,37,164,42.46666666666667,-0.4131012260913849,1.0388919217622279
BH_s05_medium,37,165,42.5,-0.6764127612113953,1.2270672375373097
BH_s05_medium,37,166,42.53333333333333,-0.8511451482772827,1.2744244820731019
BH_s05_medium,37,167,42.56666666666667,-1.025877594947815,1.1950914447986656
BH_s05_medium,37,168,42.6,-1.0235806703567505,1.0237317030915527
BH_s05_medium,37,169,42.63333333333333,-0.3273351490497589,0.8006715407865884
BH_s05_medium,37,170,42.666666666666664,0.7136523723602295,0.5558184294094248
BH_s05_medium,37,171,42.7,1.9441213607788086,0.29909665928982054
BH_s05_medium,37,172,42.733333333333334,2.332723617553711,0.022849515486620207
BH_s05_medium,37,173,42.766666666666666,1.9361785650253296,-0.28407400873312005
BH_s05_medium,37,174,42.8,1.0869048833847046,-0.617530463842716
BH_s05_medium,37,175,42.833333333333336,0.30182212591171265,-0.9451523845999025
BH_s05_medium,37,176,42.86666666666667,-0.2564670741558075,-1.2075488250808801
BH_s05_medium,37,177,42.9,-0.6473016738891602,-1.3349338342230104
BH_s05_medium,37,178,42.93333333333333,-0.6049441695213318,-1.2726629249931076
BH_s05_medium,37,179,42.96666666666667,-0.43021178245544434,-1.0048167023997965
BH_s05_medium,37,180,43.0,-0.16690021753311157,-0.5662356376198769
BH_s05_medium,37,181,43.03333333333333,-0.13772456347942352,-0.03831219359130858
BH_s05_medium,37,182,43.06666666666667,-0.1922762244939804,0.4706981129038793
BH_s05_medium,37,183,43.1,-0.36700862646102905,0.8551245590805105
BH_s05_medium,37,184,43.13333333333333,-0.630320131778717,1.0415476987576764
BH_s05_medium,37,185,43.166666666666664,-0.8050525784492493,1.0085078929439713
BH_s05_medium,37,186,43.2,-0.9797849655151367,0.7897606495739727
BH_s05_medium,37,187,43.233333333333334,-0.8076709508895874,0.4606227787543758
BH_s05_medium,37,188,43.266666666666666,-0.026323284953832626,0.11244843590344561
BH_s05_medium,37,189,43.3,1.0996372699737549,-0.1762418866395123
BH_s05_medium,37,190,43.333333333333336,2.1287522315979004,-0.3624532570745478
BH_s05_medium,37,191,43.36666666666667,2.277055263519287,-0.44738849538558934
BH_s05_medium,37,192,43.4,1.7784265279769897,-0.4676129895476806
BH_s05_medium,37,193,43.43333333333333,0.9630513787269592,-0.47182436934525174
BH_s05_medium,37,194,43.46666666666667,0.14027048647403717,-0.49323816769515
BH_s05_medium,37,195,43.5,-0.3609120845794678,-0.530755124840026
BH_s05_medium,37,196,43.53333333333333,-0.5806203484535217,-0.548579499622961
BH_s05_medium,37,197,43.56666666666667,-0.5442948937416077,-0.49510341468656816
BH_s05_medium,37,198,43.6,-0.2834092676639557,-0.33203440000853995
BH_s05_medium,37,199,43.63333333333333,-0.12441368401050568,-0.059224219554217625
BH_s05_medium,37,200,43.666666666666664,-0.06003037467598915,0.2773251045587064
BH_s05_medium,37,201,43.7,-0.2347627580165863,0.5985075871682914
BH_s05_medium,37,202,43.733333333333334,-0.40949514508247375,0.8202841180526876
BH_s05_medium,37,203,43.766666666666666,-0.6728066802024841,0.8843063071987008
BH_s05_medium,37,204,43.8,-0.8475390672683716,0.7781496552898797
BH_s05_medium,37,205,43.833333333333336,-1.0222715139389038,0.537514126877043
BH_s05_medium,37,206,43.86666666666667,-0.8536990284919739,0.23020147314419517
BH_s05_medium,37,207,43.9,-0.07962805777788162,-0.07083634322244105
BH_s05_medium,37,208,43.93333333333333,1.1313055753707886,-0.3130033047694243
BH_s05_medium,37,209,43.96666666666667,2.121540069580078,-0.47675092142916686
BH_s05_medium,37,210,44.0,2.267287015914917,-0.5717590629676343
BH_s05_medium,37,211,44.03333333333333,1.6970595121383667,-0.6213540599754465
BH_s05_medium,37,212,44.06666666666667,0.9277769923210144,-0.643467342242071
BH_s05_medium,37,213,44.1,0.12204211950302124,-0.6361725978243068
BH_s05_medium,37,214,44.13333333333333,-0.334227979183197,-0.5744962921272289
BH_s05_medium,37,215,44.166666666666664,-0.5806203484535217,-0.4216817013612037
BH_s05_medium,37,216,44.2,-0.5199710726737976,-0.1513546262701824
BH_s05_medium,37,217,44.233333333333334,-0.2870153486728668,0.22979462724086386
BH_s05_medium,37,218,44.266666666666666,-0.13772456347942352,0.6714653885060954
BH_s05_medium,37,219,44.3,-0.13772456347942352,1.0889079665869859
BH_s05_medium,37,220,44.333333333333336,-0.2772493064403534,1.3887146153165606
BH_s05_medium,37,221,44.36666666666667,-0.5405608415603638,1.4993623745002504
BH_s05_medium,37,222,44.4,-0.8038724064826965,1.3937579423191446
BH_s05_medium,37,223,44.43333333333333,-1.0671839714050293,1.0963646973769334
BH_s05_medium,37,224,44.46666666666667,-1.1594326496124268,0.6740614509760746
BH_s05_medium,37,225,44.5,-0.7796732187271118,0.21507660976944806
BH_s05_medium,37,226,44.53333333333333,0.16919465363025665,-0.19655104366041473
BH_s05_medium,37,227,44.56666666666667,1.3061681985855103,-0.5026371178183396
BH_s05_medium,37,228,44.6,1.899596095085144,-0.6817209001204395
BH_s05_medium,37,229,44.63333333333333,1.6945680379867554,-0.7463858550384572
BH_s05_medium,37,230,44.666666666666664,0.9689521193504333,-0.730211839304243
BH_s05_medium,37,231,44.7,0.1438109427690506,-0.671595790710085
BH_s05_medium,37,232,44.733333333333334,-0.4689653813838959,-0.6011756471254275
BH_s05_medium,37,233,44.766666666666666,-0.9543455243110657,-0.5361422963206678
BH_s05_medium,37,234,44.8,-1.0065336227416992,-0.4812889431584106
BH_s05_medium,37,235,44.833333333333336,-0.831801176071167,-0.4342215010747315
BH_s05_medium,37,236,44.86666666666667,-0.5684896111488342,-0.39091112280182927
BH_s05_medium,37,237,44.9,-0.4920412003993988,-0.3485418495529358
BH_s05_medium,37,238,44.93333333333333,-0.4993200898170471,-0.3053244652508048
BH_s05_medium,37,239,44.96666666666667,-0.7626316547393799,-0.25934053887705316
BH_s05_medium,38,0,38.0,-0.6299931406974792,-0.03602897176667295
BH_s05_medium,38,1,38.03333333333333,-0.8243287205696106,0.42082407659957016
BH_s05_medium,38,2,38.06666666666667,-0.999061107635498,0.809841599238373
BH_s05_medium,38,3,38.1,-1.1120953559875488,1.0777358086362527
BH_s05_medium,38,4,38.13333333333333,-0.9342785477638245,1.1946980108871303
BH_s05_medium,38,5,38.166666666666664,-0.20780955255031586,1.159732440349661
BH_s05_medium,38,6,38.2,0.951851487159729,0.9987584721549517
BH_s05_medium,38,7,38.233333333333334,1.9670003652572632,0.7562083470538242
BH_s05_medium,38,8,38.266666666666666,2.11576509475708,0.48266482769450353
BH_s05_medium,38,9,38.3,1.5753037929534912,0.22175889492314876
BH_s05_medium,38,10,38.333333333333336,0.7902210354804993,-0.0001137729952035237
BH_s05_medium,38,11,38.36666666666667,0.0011406070552766323,-0.17789002161737666
BH_s05_medium,38,12,38.4,-0.48319172859191895,-0.32375430357493024
BH_s05_medium,38,13,38.43333333333333,-0.7066384553909302,-0.45568092106593083
BH_s05_medium,38,14,38.46666666666667,-0.6341865658760071,-0.5829227993395759
BH_s05_medium,38,15,38.5,-0.45945414900779724,-0.6950501628871473
BH_s05_medium,38,16,38.53333333333333,-0.31488287448883057,-0.7604541054851732
BH_s05_medium,38,17,38.56666666666667,-0.34261807799339294,-0.7364438325272538
BH_s05_medium,38,18,38.6,-0.5173504948616028,-0.5876845504100852
BH_s05_medium,38,19,38.63333333333333,-0.7806620001792908,-0.3053658818555207
BH_s05_medium,38,20,38.666666666666664,-1.0439735651016235,0.08150966485134073
BH_s05_medium,38,21,38.7,-1.2187060117721558,0.5083038720688491
BH_s05_medium,38,22,38.733333333333334,-1.3778327703475952,0.8902353803262351
BH_s05_medium,38,23,38.766666666666666,-1.3382939100265503,1.1456096976188745
BH_s05_medium,38,24,38.8,-0.6932564377784729,1.218683259430481
BH_s05_medium,38,25,38.833333333333336,0.36346569657325745,1.0946646243338025
BH_s05_medium,38,26,38.86666666666667,1.5688868761062622,0.802137814167716
BH_s05_medium,38,27,38.9,2.0732784271240234,0.40245158848775014
BH_s05_medium,38,28,38.93333333333333,1.7182377576828003,-0.029711120826108234
BH_s05_medium,38,29,38.96666666666667,0.9321049451828003,-0.4273252214053334
BH_s05_medium,38,30,39.0,0.23179946839809418,-0.7463420394546778
BH_s05_medium,38,31,39.03333333333333,-0.2961995601654053,-0.9705950365151146
BH_s05_medium,38,32,39.06666666666667,-0.5719666481018066,-1.1052788513798641
BH_s05_medium,38,33,39.1,-0.5806203484535217,-1.1624989701995263
BH_s05_medium,38,34,39.13333333333333,-0.3283884525299072,-1.1465546445785697
BH_s05_medium,38,35,39.166666666666664,-0.15365606546401978,-1.0474121669897714
BH_s05_medium,38,36,39.2,-0.0491454117000103,-0.8465128427226138
BH_s05_medium,38,37,39.233333333333334,-0.2055203914642334,-0.532073448158357
BH_s05_medium,38,38,39.266666666666666,-0.38025277853012085,-0.11559067377702115
BH_s05_medium,38,39,39.3,-0.6435643434524536,0.3596893805869798
BH_s05_medium,38,40,39.333333333333336,-0.8182967305183411,0.8235882514901154
BH_s05_medium,38,41,39.36666666666667,-0.9349370002746582,1.1959209424063442
BH_s05_medium,38,42,39.4,-0.9121838212013245,1.4089420045625427
BH_s05_medium,38,43,39.43333333333333,-0.31441912055015564,1.4265471695625638
BH_s05_medium,38,44,39.46666666666667,0.7494506239891052,1.2530883050523
BH_s05_medium,38,45,39.5,1.9241889715194702,0.9290951282521595
BH_s05_medium,38,46,39.53333333333333,2.4310710430145264,0.5164807827760273
BH_s05_medium,38,47,39.56666666666667,2.0797665119171143,0.07975937199003615
BH_s05_medium,38,48,39.6,1.2922577857971191,-0.32917389907476463
BH_s05_medium,38,49,39.63333333333333,0.5047491192817688,-0.6774266560222146
BH_s05_medium,38,50,39.666666666666664,-0.1216629296541214,-0.9479283554273816
BH_s05_medium,38,51,39.7,-0.34871572256088257,-1.1305172762332636
BH_s05_medium,38,52,39.733333333333334,-0.4034620523452759,-1.2134909051954985
BH_s05_medium,38,53,39.766666666666666,-0.1973227560520172,-1.1810177155454176
BH_s05_medium,38,54,39.8,-0.0491454117000103,-1.018389137784453
BH_s05_medium,38,55,39.833333333333336,-0.0491454117000103,-0.7228862331275341
BH_s05_medium,38,56,39.86666666666667,-0.07084860652685165,-0.31498790796695975
BH_s05_medium,38,57,39.9,-0.3341601490974426,0.15635673912901896
BH_s05_medium,38,58,39.93333333333333,-0.5088925361633301,0.6192262506401928
BH_s05_medium,38,59,39.96666666666667,-0.7722041010856628,0.995424483325556
BH_s05_medium,38,60,40.0,-0.9349370002746582,1.2226328295779711
BH_s05_medium,38,61,40.03333333333333,-0.9157899022102356,1.272460690604862
BH_s05_medium,38,62,40.06666666666667,-0.36772388219833374,1.156540675388696
BH_s05_medium,38,63,40.1,0.6972615122795105,0.9185190552677556
BH_s05_medium,38,64,40.13333333333333,1.9110749959945679,0.6158799928224151
BH_s05_medium,38,65,40.166666666666664,2.5193898677825928,0.29951514975864363
BH_s05_medium,38,66,40.2,2.173001766204834,-0.0004340028265354336
BH_s05_medium,38,67,40.233333333333334,1.393031120300293,-0.2769534608149318
BH_s05_medium,38,68,40.266666666666666,0.5193691849708557,-0.5367707110277918
BH_s05_medium,38,69,40.3,-0.10822299867868423,-0.7846021909468627
BH_s05_medium,38,70,40.333333333333336,-0.46752163767814636,-1.0090702010473036
BH_s05_medium,38,71,40.36666666666667,-0.5806203484535217,-1.177246221754928
BH_s05_medium,38,72,40.4,-0.34910616278648376,-1.2407768780123967
BH_s05_medium,38,73,40.43333333333333,-0.15726213157176971,-1.1518353014511915
BH_s05_medium,38,74,40.46666666666667,-0.07110890746116638,-0.8836367825906317
BH_s05_medium,38,75,40.5,-0.13772456347942352,-0.4481390469436773
BH_s05_medium,38,76,40.53333333333333,-0.3766466975212097,0.09701307708195729
BH_s05_medium,38,77,40.56666666666667,-0.5513790845870972,0.6574951158067541
BH_s05_medium,38,78,40.6,-0.8146906495094299,1.1259611267404586
BH_s05_medium,38,79,40.63333333333333,-0.9894230365753174,1.412205799901287
BH_s05_medium,38,80,40.666666666666664,-1.0235161781311035,1.4685484560175828
BH_s05_medium,38,81,40.7,-0.7860344648361206,1.3009170133183536
BH_s05_medium,38,82,40.733333333333334,0.05694574490189552,0.9617506369599963
BH_s05_medium,38,83,40.766666666666666,1.3272807598114014,0.528425021812063
BH_s05_medium,38,84,40.8,2.2038235664367676,0.07734885822224123
BH_s05_medium,38,85,40.833333333333336,2.311279535293579,-0.33488939912014315
BH_s05_medium,38,86,40.86666666666667,1.7120734453201294,-0.67725089375574
BH_s05_medium,38,87,40.9,0.9269906282424927,-0.9383247298472707
BH_s05_medium,38,88,40.93333333333333,0.11863401532173157,-1.1148351824957257
BH_s05_medium,38,89,40.96666666666667,-0.31698399782180786,-1.2011996284607451
BH_s05_medium,38,90,41.0,-0.5806203484535217,-1.1847467734824002
BH_s05_medium,38,91,41.03333333333333,-0.4412913918495178,-1.0484134121396829
BH_s05_medium,38,92,41.06666666666667,-0.18040578067302704,-0.7801935912413123
BH_s05_medium,38,93,41.1,-0.0491454117000103,-0.3860777596495916
BH_s05_medium,38,94,41.13333333333333,-0.0491454117000103,0.09927724730935454
BH_s05_medium,38,95,41.166666666666664,-0.16906695067882538,0.6106744875666494
BH_s05_medium,38,96,41.2,-0.42995256185531616,1.0632246668839247
BH_s05_medium,38,97,41.233333333333334,-0.7685980200767517,1.3741609355163216
BH_s05_medium,38,98,41.266666666666666,-0.9517238140106201,1.487619395916995
BH_s05_medium,38,99,41.3,-1.1180628538131714,1.3917412222811272
BH_s05_medium,38,100,41.333333333333336,-1.1050121784210205,1.120745107648014
BH_s05_medium,38,101,41.36666666666667,-0.4864630699157715,0.7414024980155253
BH_s05_medium,38,102,41.4,0.5617365837097168,0.3295797682332428
BH_s05_medium,38,103,41.43333333333333,1.6151775121688843,-0.05382002076958674
BH_s05_medium,38,104,41.46666666666667,2.070592164993286,-0.37784770873769813
BH_s05_medium,38,105,41.5,1.6596227884292603,-0.6414464206429622
BH_s05_medium,38,106,41.53333333333333,0.8031370639801025,-0.8592795937043192
BH_s05_medium,38,107,41.56666666666667,0.004614334087818861,-1.0412577934942873
BH_s05_medium,38,108,41.6,-0.621601939201355,-1.1767008134549608
BH_s05_medium,38,109,41.63333333333333,-0.9869325757026672,-1.2317563392982047
BH_s05_medium,38,110,41.666666666666664,-1.0235161781311035,-1.1619506253170353
BH_s05_medium,38,111,41.7,-0.8040659427642822,-0.9342046625407618
BH_s05_medium,38,112,41.733333333333334,-0.6061899065971375,-0.5481523791953459
BH_s05_medium,38,113,41.766666666666666,-0.5806203484535217,-0.04675804002192035
BH_s05_medium,38,114,41.8,-0.6387780904769897,0.4893758397471066
BH_s05_medium,38,115,41.833333333333336,-0.8692423105239868,0.9627076776970592
BH_s05_medium,38,116,41.86666666666667,-1.07682204246521,1.2865137946783824
BH_s05_medium,38,117,41.9,-1.2515543699264526,1.408709070255896
BH_s05_medium,38,118,41.93333333333333,-1.4262868165969849,1.3229961613853132
BH_s05_medium,38,119,41.96666666666667,-1.4203838109970093,1.0645002790655467
BH_s05_medium,38,120,42.0,-0.8504822850227356,0.6933694568719158
BH_s05_medium,38,121,42.03333333333333,0.2390882670879364,0.2740752368418709
BH_s05_medium,38,122,42.06666666666667,1.512043833732605,-0.14105794183623088
BH_s05_medium,38,123,42.1,2.201658010482788,-0.5184792132574195
BH_s05_medium,38,124,42.13333333333333,1.9750590324401855,-0.8398592964049695
BH_s05_medium,38,125,42.166666666666664,1.2107584476470947,-1.092737472684385
BH_s05_medium,38,126,42.2,0.4256756901741028,-1.261513067868979
BH_s05_medium,38,127,42.233333333333334,-0.21758660674095154,-1.3238599237698185
BH_s05_medium,38,128,42.266666666666666,-0.6048151254653931,-1.2549400604994019
BH_s05_medium,38,129,42.3,-0.6474307179450989,-1.0380958365405828
BH_s05_medium,38,130,42.333333333333336,-0.47269830107688904,-0.6770683265441279
BH_s05_medium,38,131,42.36666666666667,-0.20938676595687866,-0.20357148194506403
BH_s05_medium,38,132,42.4,-0.13772456347942352,0.3236301876575037
BH_s05_medium,38,133,42.43333333333333,-0.14978967607021332,0.8283763064989923
BH_s05_medium,38,134,42.46666666666667,-0.4131012260913849,1.2332566135046121
BH_s05_medium,38,135,42.5,-0.6764127612113953,1.478190259555816
BH_s05_medium,38,136,42.53333333333333,-0.8511451482772827,1.5355136750736218
BH_s05_medium,38,137,42.56666666666667,-1.025877594947815,1.4155230077486325
BH_s05_medium,38,138,42.6,-1.0235806703567505,1.1596503380157892
BH_s05_medium,38,139,42.63333333333333,-0.3273351490497589,0.8237285197033365
BH_s05_medium,38,140,42.666666666666664,0.7136523723602295,0.45833861221280137
BH_s05_medium,38,141,42.7,1.9441213607788086,0.09483404605502457
BH_s05_medium,38,142,42.733333333333334,2.332723617553711,-0.25669398648493624
BH_s05_medium,38,143,42.766666666666666,1.9361785650253296,-0.5969554473317169
BH_s05_medium,38,144,42.8,1.0869048833847046,-0.9206320321165158
BH_s05_medium,38,145,42.833333333333336,0.30182212591171265,-1.2029811306792466
BH_s05_medium,38,146,42.86666666666667,-0.2564670741558075,-1.3978240558781032
BH_s05_medium,38,147,42.9,-0.6473016738891602,-1.449032047850021
BH_s05_medium,38,148,42.93333333333333,-0.6049441695213318,-1.311294610538118
BH_s05_medium,38,149,42.96666666666667,-0.43021178245544434,-0.9718947562041853
BH_s05_medium,38,150,43.0,-0.16690021753311157,-0.4646575109470358
BH_s05_medium,38,151,43.03333333333333,-0.13772456347942352,0.1303515690551716
BH_s05_medium,38,152,43.06666666666667,-0.1922762244939804,0.7034480174248559
BH_s05_medium,38,153,43.1,-0.36700862646102905,1.144376700543311
BH_s05_medium,38,154,43.13333333333333,-0.630320131778717,1.373782477191068
BH_s05_medium,38,155,43.166666666666664,-0.8050525784492493,1.364835314813432
BH_s05_medium,38,156,43.2,-0.9797849655151367,1.1468554458054183
BH_s05_medium,38,157,43.233333333333334,-0.8076709508895874,0.7906773346033106
BH_s05_medium,38,158,43.266666666666666,-0.026323284953832626,0.3825896475585151
BH_s05_medium,38,159,43.3,1.0996372699737549,-0.002789380492474715
BH_s05_medium,38,160,43.333333333333336,2.1287522315979004,-0.32105737721984423
BH_s05_medium,38,161,43.36666666666667,2.277055263519287,-0.5622416603811164
BH_s05_medium,38,162,43.4,1.7784265279769897,-0.7403295778029934
BH_s05_medium,38,163,43.43333333333333,0.9630513787269592,-0.8734664537750778
BH_s05_medium,38,164,43.46666666666667,0.14027048647403717,-0.9645741635278624
BH_s05_medium,38,165,43.5,-0.3609120845794678,-0.9925627156066843
BH_s05_medium,38,166,43.53333333333333,-0.5806203484535217,-0.9194466191638319
BH_s05_medium,38,167,43.56666666666667,-0.5442948937416077,-0.7108072637364203
BH_s05_medium,38,168,43.6,-0.2834092676639557,-0.3601207943796113
BH_s05_medium,38,169,43.63333333333333,-0.12441368401050568,0.09529413834852159
BH_s05_medium,38,170,43.666666666666664,-0.06003037467598915,0.5760641747368688
BH_s05_medium,38,171,43.7,-0.2347627580165863,0.9818296679069972
BH_s05_medium,38,172,43.733333333333334,-0.40949514508247375,1.223651962580101
BH_s05_medium,38,173,43.766666666666666,-0.6728066802024841,1.2539006216824726
BH_s05_medium,38,174,43.8,-0.8475390672683716,1.0809473162261316
BH_s05_medium,38,175,43.833333333333336,-1.0222715139389038,0.7628870442118502
BH_s05_medium,38,176,43.86666666666667,-0.8536990284919739,0.38328549099882286
BH_s05_medium,38,177,43.9,-0.07962805777788162,0.0194968263587407
BH_s05_medium,38,178,43.93333333333333,1.1313055753707886,-0.2823299306409454
BH_s05_medium,38,179,43.96666666666667,2.121540069580078,-0.5145855224359954
BH_s05_medium,38,180,44.0,2.267287015914917,-0.6963161355863171
BH_s05_medium,38,181,44.03333333333333,1.6970595121383667,-0.8502885562436743
BH_s05_medium,38,182,44.06666666666667,0.9277769923210144,-0.9812764350803818
BH_s05_medium,38,183,44.1,0.12204211950302124,-1.0658229678633333
BH_s05_medium,38,184,44.13333333333333,-0.334227979183197,-1.0581721238655168
BH_s05_medium,38,185,44.166666666666664,-0.5806203484535217,-0.9102698988350885
BH_s05_medium,38,186,44.2,-0.5199710726737976,-0.5977203366163537
BH_s05_medium,38,187,44.233333333333334,-0.2870153486728668,-0.14027362461208565
BH_s05_medium,38,188,44.266666666666666,-0.13772456347942352,0.3935672251165202
BH_s05_medium,38,189,44.3,-0.13772456347942352,0.9020353727712067
BH_s05_medium,38,190,44.333333333333336,-0.2772493064403534,1.2803461102994442
BH_s05_medium,38,191,44.36666666666667,-0.5405608415603638,1.4531221174281808
BH_s05_medium,38,192,44.4,-0.8038724064826965,1.3961006228827735
BH_s05_medium,38,193,44.43333333333333,-1.0671839714050293,1.1397711103130435
BH_s05_medium,38,194,44.46666666666667,-1.1594326496124268,0.755111909984713
BH_s05_medium,38,195,44.5,-0.7796732187271118,0.32801468368086556
BH_s05_medium,38,196,44.53333333333333,0.16919465363025665,-0.06752432760370725
BH_s05_medium,38,197,44.56666666666667,1.3061681985855103,-0.38752277549611597
BH_s05_medium,38,198,44.6,1.899596095085144,-0.6211749669602531
BH_s05_medium,38,199,44.63333333333333,1.6945680379867554,-0.7792455902653785
BH_s05_medium,38,200,44.666666666666664,0.9689521193504333,-0.8749328482126669
BH_s05_medium,38,201,44.7,0.1438109427690506,-0.9079599192878189
BH_s05_medium,38,202,44.733333333333334,-0.4689653813838959,-0.8601367214651413
BH_s05_medium,38,203,44.766666666666666,-0.9543455243110657,-0.704294233471125
BH_s05_medium,38,204,44.8,-1.0065336227416992,-0.42225617805035603
BH_s05_medium,38,205,44.833333333333336,-0.831801176071167,-0.023527527405275316
BH_s05_medium,38,206,44.86666666666667,-0.5684896111488342,0.4444692506889911
BH_s05_medium,38,207,44.9,-0.4920412003993988,0.9009429453097464
BH_s05_medium,38,208,44.93333333333333,-0.4993200898170471,1.2514174538311065
BH_s05_medium,38,209,44.96666666666667,-0.7626316547393799,1.415992958587282
BH_s05_medium,38,210,45.0,-1.0259431600570679,1.354910914265807
BH_s05_medium,38,211,45.03333333333333,-1.200676679611206,1.080472990925187
BH_s05_medium,38,212,45.06666666666667,-1.463987112045288,0.6503318904267426
BH_s05_medium,38,213,45.1,-1.2103760242462158,0.14578844505428182
BH_s05_medium,38,214,45.13333333333333,-0.4398454427719116,-0.35458246327485393
BH_s05_medium,38,215,45.166666666666664,0.6801487803459167,-0.7944937424558551
BH_s05_medium,38,216,45.2,1.4967652559280396,-1.1460760357811082
BH_s05_medium,38,217,45.233333333333334,1.4712547063827515,-1.4031431820904354
BH_s05_medium,38,218,45.266666666666666,0.9045677185058594,-1.5673726277287472
BH_s05_medium,38,219,45.3,0.04788617417216301,-1.6351677033518908
BH_s05_medium,38,220,45.333333333333336,-0.5818705558776855,-1.5921540308286837
BH_s05_medium,38,221,45.36666666666667,-1.0635789632797241,-1.4188336683168987
BH_s05_medium,38,222,45.4,-1.2006744146347046,-1.1055294395313484
BH_s05_medium,38,223,45.43333333333333,-0.9931570291519165,-0.6692659505427356
BH_s05_medium,38,224,45.46666666666667,-0.7007354497909546,-0.16240880527345
BH_s05_medium,38,225,45.5,-0.5260030627250671,0.3344348941223585
BH_s05_medium,38,226,45.53333333333333,-0.5442325472831726,0.7346270154042811
BH_s05_medium,38,227,45.56666666666667,-0.7189649343490601,0.9736668736260652
BH_s05_medium,38,228,45.6,-0.8936973214149475,1.030763333711518
BH_s05_medium,38,229,45.63333333333333,-1.068429708480835,0.9342680953836444
BH_s05_medium,38,230,45.666666666666664,-1.2006744146347046,0.7487605585633781
BH_s05_medium,38,231,45.7,-0.9518484473228455,0.5496787777621391
BH_s05_medium,38,232,45.733333333333334,-0.12670394778251648,0.3966185281562467
BH_s05_medium,38,233,45.766666666666666,0.9593261480331421,0.31634835880236756
BH_s05_medium,38,234,45.8,1.7880055904388428,0.30124937260960155
BH_s05_medium,38,235,45.833333333333336,1.7503008842468262,0.3213162679402813
BH_s05_medium,38,236,45.86666666666667,1.1398816108703613,0.3420959516193422
BH_s05_medium,38,237,45.9,0.3547987937927246,0.3397893914487256
BH_s05_medium,38,238,45.93333333333333,-0.2955443859100342,0.3082739011165887
BH_s05_medium,38,239,45.96666666666667,-0.7105081081390381,0.25782178246903814
BH_s05_medium,39,0,39.0,0.23179946839809418,0.07080614570014725
BH_s05_medium,39,1,39.03333333333333,-0.2961995601654053,0.15852065818079944
BH_s05_medium,39,2,39.06666666666667,-0.5719666481018066,0.1994518370262166
BH_s05_medium,39,3,39.1,-0.5806203484535217,0.1722251994701355
BH_s05_medium,39,4,39.13333333333333,-0.3283884525299072,0.0955105749516179
BH_s05_medium,39,5,39.166666666666664,-0.15365606546401978,0.02423385479543295
BH_s05_medium,39,6,39.2,-0.0491454117000103,0.02745362534619879
BH_s05_medium,39,7,39.233333333333334,-0.2055203914642334,0.15694713404688593
BH_s05_medium,39,8,39.266666666666666,-0.38025277853012085,0.420691307052787
BH_s05_medium,39,9,39.3,-0.6435643434524536,0.7736718509290502
BH_s05_medium,39,10,39.333333333333336,-0.8182967305183411,1.1303716091368523
BH_s05_medium,39,11,39.36666666666667,-0.9349370002746582,1.3933313549906805
BH_s05_medium,39,12,39.4,-0.9121838212013245,1.4855618423976802
BH_s05_medium,39,13,39.43333333333333,-0.31441912055015564,1.3739871865171251
BH_s05_medium,39,14,39.46666666666667,0.7494506239891052,1.0760812077747575
BH_s05_medium,39,15,39.5,1.9241889715194702,0.6492868814245403
BH_s05_medium,39,16,39.53333333333333,2.4310710430145264,0.16911648278924724
BH_s05_medium,39,17,39.56666666666667,2.0797665119171143,-0.2947836122652523
BH_s05_medium,39,18,39.6,1.2922577857971191,-0.6953888198755579
BH_s05_medium,39,19,39.63333333333333,0.5047491192817688,-1.0122980408126074
BH_s05_medium,39,20,39.666666666666664,-0.1216629296541214,-1.2434965329724024
BH_s05_medium,39,21,39.7,-0.34871572256088257,-1.391008751138286
BH_s05_medium,39,22,39.733333333333334,-0.4034620523452759,-1.448880123679267
BH_s05_medium,39,23,39.766666666666666,-0.1973227560520172,-1.4001126275125757
BH_s05_medium,39,24,39.8,-0.0491454117000103,-1.2243532806504351
BH_s05_medium,39,25,39.833333333333336,-0.0491454117000103,-0.9127096053335528
BH_s05_medium,39,26,39.86666666666667,-0.07084860652685165,-0.48244807638693316
BH_s05_medium,39,27,39.9,-0.3341601490974426,0.016311781392064052
BH_s05_medium,39,28,39.93333333333333,-0.5088925361633301,0.5071757655863623
BH_s05_medium,39,29,39.96666666666667,-0.7722041010856628,0.9068187080048785
BH_s05_medium,39,30,40.0,-0.9349370002746582,1.1496374579268283
BH_s05_medium,39,31,40.03333333333333,-0.9157899022102356,1.2068276403089515
BH_s05_medium,39,32,40.06666666666667,-0.36772388219833374,1.0920134418484155
BH_s05_medium,39,33,40.1,0.6972615122795105,0.8522337110085669
BH_s05_medium,39,34,40.13333333333333,1.9110749959945679,0.5489142030666662
BH_s05_medium,39,35,40.166666666666664,2.5193898677825928,0.23669177528679072
BH_s05_medium,39,36,40.2,2.173001766204834,-0.05157858148120494
BH_s05_medium,39,37,40.233333333333334,1.393031120300293,-0.307967292134187
BH_s05_medium,39,38,40.266666666666666,0.5193691849708557,-0.5403623608542338
BH_s05_medium,39,39,40.3,-0.10822299867868423,-0.7561986986296826
BH_s05_medium,39,40,40.333333333333336,-0.46752163767814636,-0.9471871516029496
BH_s05_medium,39,41,40.36666666666667,-0.5806203484535217,-1.082646084690181
BH_s05_medium,39,42,40.4,-0.34910616278648376,-1.1152669533582205
BH_s05_medium,39,43,40.43333333333333,-0.15726213157176971,-0.9979796503007882
BH_s05_medium,39,44,40.46666666666667,-0.07110890746116638,-0.7060377765197348
BH_s05_medium,39,45,40.5,-0.13772456347942352,-0.2555868056566323
BH_s05_medium,39,46,40.53333333333333,-0.3766466975212097,0.29023424516629526
BH_s05_medium,39,47,40.56666666666667,-0.5513790845870972,0.8326399307121349
BH_s05_medium,39,48,40.6,-0.8146906495094299,1.2632954061344037
BH_s05_medium,39,49,40.63333333333333,-0.9894230365753174,1.4955247621249026
BH_s05_medium,39,50,40.666666666666664,-1.0235161781311035,1.4890364940348366
BH_s05_medium,39,51,40.7,-0.7860344648361206,1.2594491997577928
BH_s05_medium,39,52,40.733333333333334,0.05694574490189552,0.8694541206165416
BH_s05_medium,39,53,40.766666666666666,1.3272807598114014,0.4054159478854921
BH_s05_medium,39,54,40.8,2.2038235664367676,-0.05042608784191188
BH_s05_medium,39,55,40.833333333333336,2.311279535293579,-0.44041026415529205
BH_s05_medium,39,56,40.86666666666667,1.7120734453201294,-0.7379123795456929
BH_s05_medium,39,57,40.9,0.9269906282424927,-0.9408442837104136
BH_s05_medium,39,58,40.93333333333333,0.11863401532173157,-1.0582029406664148
BH_s05_medium,39,59,40.96666666666667,-0.31698399782180786,-1.0967229961305562
BH_s05_medium,39,60,41.0,-0.5806203484535217,-1.0531091069964746
BH_s05_medium,39,61,41.03333333333333,-0.4412913918495178,-0.914638403151802
BH_s05_medium,39,62,41.06666666666667,-0.18040578067302704,-0.6680341785224242
BH_s05_medium,39,63,41.1,-0.0491454117000103,-0.3133930519471875
BH_s05_medium,39,64,41.13333333333333,-0.0491454117000103,0.12306535915249206
BH_s05_medium,39,65,41.166666666666664,-0.16906695067882538,0.5847430511148344
BH_s05_medium,39,66,41.2,-0.42995256185531616,0.9936675209033233
BH_s05_medium,39,67,41.233333333333334,-0.7685980200767517,1.2714975673226296
BH_s05_medium,39,68,41.266666666666666,-0.9517238140106201,1.3643901505466265
BH_s05_medium,39,69,41.3,-1.1180628538131714,1.2605425307647824
BH_s05_medium,39,70,41.333333333333336,-1.1050121784210205,0.9926983608750537
BH_s05_medium,39,71,41.36666666666667,-0.4864630699157715,0.6250879883100365
BH_s05_medium,39,72,41.4,0.5617365837097168,0.23061681405032255
BH_s05_medium,39,73,41.43333333333333,1.6151775121688843,-0.13239677261085278
BH_s05_medium,39,74,41.46666666666667,2.070592164993286,-0.4345161912544617
BH_s05_medium,39,75,41.5,1.6596227884292603,-0.6748644816157822
BH_s05_medium,39,76,41.53333333333333,0.8031370639801025,-0.8673404391360052
BH_s05_medium,39,77,41.56666666666667,0.004614334087818861,-1.0210820450037983
BH_s05_medium,39,78,41.6,-0.621601939201355,-1.1256675819821786
BH_s05_medium,39,79,41.63333333333333,-0.9869325757026672,-1.149162955871186
BH_s05_medium,39,80,41.666666666666664,-1.0235161781311035,-1.0506910383373285
BH_s05_medium,39,81,41.7,-0.8040659427642822,-0.8019576710785182
BH_s05_medium,39,82,41.733333333333334,-0.6061899065971375,-0.4076576899593874
BH_s05_medium,39,83,41.766666666666666,-0.5806203484535217,0.08516307774544618
BH_s05_medium,39,84,41.8,-0.6387780904769897,0.5940428536311577
BH_s05_medium,39,85,41.833333333333336,-0.8692423105239868,1.0225248198271173
BH_s05_medium,39,86,41.86666666666667,-1.07682204246521,1.2879432483939464
BH_s05_medium,39,87,41.9,-1.2515543699264526,1.3448405089262498
BH_s05_medium,39,88,41.93333333333333,-1.4262868165969849,1.1955538681605813
BH_s05_medium,39,89,41.96666666666667,-1.4203838109970093,0.8850760448968076
BH_s05_medium,39,90,42.0,-0.8504822850227356,0.48335032380919135
BH_s05_medium,39,91,42.03333333333333,0.2390882670879364,0.06254409885637575
BH_s05_medium,39,92,42.06666666666667,1.512043833732605,-0.3218024790787014
BH_s05_medium,39,93,42.1,2.201658010482788,-0.639148540998289
BH_s05_medium,39,94,42.13333333333333,1.9750590324401855,-0.8803732953656528
BH_s05_medium,39,95,42.166666666666664,1.2107584476470947,-1.0461752667933086
BH_s05_medium,39,96,42.2,0.4256756901741028,-1.134444616765189
BH_s05_medium,39,97,42.233333333333334,-0.21758660674095154,-1.133401469128686
BH_s05_medium,39,98,42.266666666666666,-0.6048151254653931,-1.024232770930994
BH_s05_medium,39,99,42.3,-0.6474307179450989,-0.7921075858507347
BH_s05_medium,39,100,42.333333333333336,-0.47269830107688904,-0.43980464001954217
BH_s05_medium,39,101,42.36666666666667,-0.20938676595687866,0.0033413161678942666
BH_s05_medium,39,102,42.4,-0.13772456347942352,0.48171974720807903
BH_s05_medium,39,103,42.43333333333333,-0.14978967607021332,0.923159076568676
BH_s05_medium,39,104,42.46666666666667,-0.4131012260913849,1.2553408338798249
BH_s05_medium,39,105,42.5,-0.6764127612113953,1.4243938802066343
BH_s05_medium,39,106,42.53333333333333,-0.8511451482772827,1.409660675966756
BH_s05_medium,39,107,42.56666666666667,-1.025877594947815,1.2287345285573161
BH_s05_medium,39,108,42.6,-1.0235806703567505,0.9299430415322365
BH_s05_medium,39,109,42.63333333333333,-0.3273351490497589,0.57462237601439
BH_s05_medium,39,110,42.666666666666664,0.7136523723602295,0.21637879675747826
BH_s05_medium,39,111,42.7,1.9441213607788086,-0.11357688422321201
BH_s05_medium,39,112,42.733333333333334,2.332723617553711,-0.40846501256775036
BH_s05_medium,39,113,42.766666666666666,1.9361785650253296,-0.6748640134553577
BH_s05_medium,39,114,42.8,1.0869048833847046,-0.9148603484292646
BH_s05_medium,39,115,42.833333333333336,0.30182212591171265,-1.1115428351773442
BH_s05_medium,39,116,42.86666666666667,-0.2564670741558075,-1.2263745224699498
BH_s05_medium,39,117,42.9,-0.6473016738891602,-1.2109844574105382
BH_s05_medium,39,118,42.93333333333333,-0.6049441695213318,-1.0286987273631034
BH_s05_medium,39,119,42.96666666666667,-0.43021178245544434,-0.6762338929579087
BH_s05_medium,39,120,43.0,-0.16690021753311157,-0.19561532686813557
BH_s05_medium,39,121,43.03333333333333,-0.13772456347942352,0.32986772259662583
BH_s05_medium,39,122,43.06666666666667,-0.1922762244939804,0.7958490090850183
BH_s05_medium,39,123,43.1,-0.36700862646102905,1.1069009152385931
BH_s05_medium,39,124,43.13333333333333,-0.630320131778717,1.2052776881948348
BH_s05_medium,39,125,43.166666666666664,-0.8050525784492493,1.0871080207499157
BH_s05_medium,39,126,43.2,-0.9797849655151367,0.800141796771555
BH_s05_medium,39,127,43.233333333333334,-0.8076709508895874,0.42492086888151703
BH_s05_medium,39,128,43.266666666666666,-0.026323284953832626,0.047219310636153526
BH_s05_medium,39,129,43.3,1.0996372699737549,-0.26799338973965364
BH_s05_medium,39,130,43.333333333333336,2.1287522315979004,-0.49197758188671215
BH_s05_medium,39,131,43.36666666666667,2.277055263519287,-0.6320742076606007
BH_s05_medium,39,132,43.4,1.7784265279769897,-0.7169094531276772
BH_s05_medium,39,133,43.43333333333333,0.9630513787269592,-0.7737540735781222
BH_s05_medium,39,134,43.46666666666667,0.14027048647403717,-0.8085397878616275
BH_s05_medium,39,135,43.5,-0.3609120845794678,-0.7984690279084985
BH_s05_medium,39,136,43.53333333333333,-0.5806203484535217,-0.7017598363043527
BH_s05_medium,39,137,43.56666666666667,-0.5442948937416077,-0.48097587562849686
BH_s05_medium,39,138,43.6,-0.2834092676639557,-0.1292865315053122
BH_s05_medium,39,139,43.63333333333333,-0.12441368401050568,0.3135419758548632
BH_s05_medium,39,140,43.666666666666664,-0.06003037467598915,0.7648203450259881
BH_s05_medium,39,141,43.7,-0.2347627580165863,1.1227711493629537
BH_s05_medium,39,142,43.733333333333334,-0.40949514508247375,1.3010345639576095
BH_s05_medium,39,143,43.766666666666666,-0.6728066802024841,1.2588739623574532
BH_s05_medium,39,144,43.8,-0.8475390672683716,1.0144037746583567
BH_s05_medium,39,145,43.833333333333336,-1.0222715139389038,0.6359826383971561
BH_s05_medium,39,146,43.86666666666667,-0.8536990284919739,0.21578773709573051
BH_s05_medium,39,147,43.9,-0.07962805777788162,-0.16335612152526907
BH_s05_medium,39,148,43.93333333333333,1.1313055753707886,-0.4537085506575226
BH_s05_medium,39,149,43.96666666666667,2.121540069580078,-0.6500115936706545
BH_s05_medium,39,150,44.0,2.267287015914917,-0.7769702541248127
BH_s05_medium,39,151,44.03333333333333,1.6970595121383667,-0.864983344028016
BH_s05_medium,39,152,44.06666666666667,0.9277769923210144,-0.9267455249629695
BH_s05_medium,39,153,44.1,0.12204211950302124,-0.9456836593978616
BH_s05_medium,39,154,44.13333333333333,-0.334227979183197,-0.881563530638916
BH_s05_medium,39,155,44.166666666666664,-0.5806203484535217,-0.6912528234400291
BH_s05_medium,39,156,44.2,-0.5199710726737976,-0.355832979201582
BH_s05_medium,39,157,44.233333333333334,-0.2870153486728668,0.09855659695696499
BH_s05_medium,39,158,44.266666666666666,-0.13772456347942352,0.5975274915784192
BH_s05_medium,39,159,44.3,-0.13772456347942352,1.0370047572378294
BH_s05_medium,39,160,44.333333333333336,-0.2772493064403534,1.3166462625964064
BH_s05_medium,39,161,44.36666666666667,-0.5405608415603638,1.37342285486414
BH_s05_medium,39,162,44.4,-0.8038724064826965,1.2013616962493034
BH_s05_medium,39,163,44.43333333333333,-1.0671839714050293,0.8506557334113409
BH_s05_medium,39,164,44.46666666666667,-1.1594326496124268,0.40791063269620415
BH_s05_medium,39,165,44.5,-0.7796732187271118,-0.0339525013886796
BH_s05_medium,39,166,44.53333333333333,0.16919465363025665,-0.4042853092833361
BH_s05_medium,39,167,44.56666666666667,1.3061681985855103,-0.6710058831219171
BH_s05_medium,39,168,44.6,1.899596095085144,-0.8391140770745074
BH_s05_medium,39,169,44.63333333333333,1.6945680379867554,-0.9336933369778191
BH_s05_medium,39,170,44.666666666666664,0.9689521193504333,-0.9767392824233896
BH_s05_medium,39,171,44.7,0.1438109427690506,-0.9698112479745649
BH_s05_medium,39,172,44.733333333333334,-0.4689653813838959,-0.8910148855398927
BH_s05_medium,39,173,44.766666666666666,-0.9543455243110657,-0.7075601973923674
BH_s05_medium,39,174,44.8,-1.0065336227416992,-0.3980081718585784
BH_s05_medium,39,175,44.833333333333336,-0.831801176071167,0.026173031567114393
BH_s05_medium,39,176,44.86666666666667,-0.5684896111488342,0.510613101597634
BH_s05_medium,39,177,44.9,-0.4920412003993988,0.9661865881412272
BH_s05_medium,39,178,44.93333333333333,-0.4993200898170471,1.293872389885347
BH_s05_medium,39,179,44.96666666666667,-0.7626316547393799,1.416897237954078
BH_s05_medium,39,180,45.0,-1.0259431600570679,1.3068481809495351
BH_s05_medium,39,181,45.03333333333333,-1.200676679611206,0.9926288311711465
BH_s05_medium,39,182,45.06666666666667,-1.463987112045288,0.5485876211555228
BH_s05_medium,39,183,45.1,-1.2103760242462158,0.0674172145671866
BH_s05_medium,39,184,45.13333333333333,-0.4398454427719116,-0.36992978993234726
BH_s05_medium,39,185,45.166666666666664,0.6801487803459167,-0.7145201368476517
BH_s05_medium,39,186,45.2,1.4967652559280396,-0.9530332981547383
BH_s05_medium,39,187,45.233333333333334,1.4712547063827515,-1.0961758824978607
BH_s05_medium,39,188,45.266666666666666,0.9045677185058594,-1.1595992510884714
BH_s05_medium,39,189,45.3,0.04788617417216301,-1.1472436031867983
BH_s05_medium,39,190,45.333333333333336,-0.5818705558776855,-1.0454983998321012
BH_s05_medium,39,191,45.36666666666667,-1.0635789632797241,-0.8316545469766915
BH_s05_medium,39,192,45.4,-1.2006744146347046,-0.49312212412293
BH_s05_medium,39,193,45.43333333333333,-0.9931570291519165,-0.047569180140473906
BH_s05_medium,39,194,45.46666666666667,-0.7007354497909546,0.44811756219750287
BH_s05_medium,39,195,45.5,-0.5260030627250671,0.9076275570694087
BH_s05_medium,39,196,45.53333333333333,-0.5442325472831726,1.2411264979320467
BH_s05_medium,39,197,45.56666666666667,-0.7189649343490601,1.3853936710629164
BH_s05_medium,39,198,45.6,-0.8936973214149475,1.3243898670828569
BH_s05_medium,39,199,45.63333333333333,-1.068429708480835,1.0916350087432936
BH_s05_medium,39,200,45.666666666666664,-1.2006744146347046,0.7542016906378028
BH_s05_medium,39,201,45.7,-0.9518484473228455,0.3860564465311888
BH_s05_medium,39,202,45.733333333333334,-0.12670394778251648,0.04288064139457156
BH_s05_medium,39,203,45.766666666666666,0.9593261480331421,-0.250681509620257
BH_s05_medium,39,204,45.8,1.7880055904388428,-0.49689187805221635
BH_s05_medium,39,205,45.833333333333336,1.7503008842468262,-0.7078683194076618
BH_s05_medium,39,206,45.86666666666667,1.1398816108703613,-0.885635517301054
BH_s05_medium,39,207,45.9,0.3547987937927246,-1.010234596465401
BH_s05_medium,39,208,45.93333333333333,-0.2955443859100342,-1.042423723636716
BH_s05_medium,39,209,45.96666666666667,-0.7105081081390381,-0.9401897960367345
BH_s05_medium,39,210,46.0,-0.8463578224182129,-0.6816401006136523
BH_s05_medium,39,211,46.03333333333333,-0.7261738181114197,-0.2835780998587471
BH_s05_medium,39,212,46.06666666666667,-0.47866469621658325,0.19352256354302855
BH_s05_medium,39,213,46.1,-0.31488287448883057,0.6577340762336312
BH_s05_medium,39,214,46.13333333333333,-0.3234075605869293,1.0109912527836427
BH_s05_medium,39,215,46.166666666666664,-0.5042386651039124,1.1777036993657737
BH_s05_medium,39,216,46.2,-0.7614514827728271,1.1260115523147238
BH_s05_medium,39,217,46.233333333333334,-1.0235161781311035,0.8745912865816836
BH_s05_medium,39,218,46.266666666666666,-1.110916256904602,0.48357927862998334
BH_s05_medium,39,219,46.3,-0.6836194396018982,0.03381134632611944
BH_s05_medium,39,220,46.333333333333336,0.1804066300392151,-0.3975179190165856
BH_s05_medium,39,221,46.36666666666667,1.2288010120391846,-0.7557132843698016
BH_s05_medium,39,222,46.4,1.8778305053710938,-1.0153605392139782
BH_s05_medium,39,223,46.43333333333333,1.6604759693145752,-1.1738566738665295
BH_s05_medium,39,224,46.46666666666667,0.9881637692451477,-1.2368914693198318
BH_s05_medium,39,225,46.5,0.20065507292747498,-1.2048263999523798
BH_s05_medium,39,226,46.53333333333333,-0.3417026400566101,-1.0676240312976835
BH_s05_medium,39,227,46.56666666666667,-0.7117539048194885,-0.8109020347808489
BH_s05_medium,39,228,46.6,-0.7832170128822327,-0.4298608849500389
BH_s05_medium,39,229,46.63333333333333,-0.6084846258163452,0.05628929506495969
BH_s05_medium,39,230,46.666666666666664,-0.4337522089481354,0.5976236686620213
BH_s05_medium,39,231,46.7,-0.4034620523452759,1.1196123867748957
BH_s05_medium,39,232,46.733333333333334,-0.45689916610717773,1.5410388768251024
BH_s05_medium,39,233,46.766666666666666,-0.6316315531730652,1.7967205515834515
BH_s05_medium,39,234,46.8,-0.8063639402389526,1.8553564391090194
BH_s05_medium,39,235,46.833333333333336,-0.9810963273048401,1.7248719792065739
BH_s05_medium,39,236,46.86666666666667,-1.1120953559875488,1.4435041910591828
BH_s05_medium,39,237,46.9,-0.8582862019538879,1.0616574768589784
BH_s05_medium,39,238,46.93333333333333,-0.03189591318368912,0.6238524461943602
BH_s05_medium,39,239,46.96666666666667,1.0553799867630005,0.1596712157945673
BH_s05_medium,40,0,40.0,-0.9349370002746582,-0.11939269408818405
BH_s05_medium,40,1,40.03333333333333,-0.9157899022102356,0.3915359530864988
BH_s05_medium,40,2,40.06666666666667,-0.36772388219833374,0.8232596582448583
BH_s05_medium,40,3,40.1,0.6972615122795105,1.1092390463677353
BH_s05_medium,40,4,40.13333333333333,1.9110749959945679,1.2128890747492602
BH_s05_medium,40,5,40.166666666666664,2.5193898677825928,1.1303755362490768
BH_s05_medium,40,6,40.2,2.173001766204834,0.884534713148882
BH_s05_medium,40,7,40.233333333333334,1.393031120300293,0.5157889828191222
BH_s05_medium,40,8,40.266666666666666,0.5193691849708557,0.07561400757444
BH_s05_medium,40,9,40.3,-0.10822299867868423,-0.3764022658144162
BH_s05_medium,40,10,40.333333333333336,-0.46752163767814636,-0.7749190448984468
BH_s05_medium,40,11,40.36666666666667,-0.5806203484535217,-1.0545024469269217
BH_s05_medium,40,12,40.4,-0.34910616278648376,-1.1600843109081964
BH_s05_medium,40,13,40.43333333333333,-0.15726213157176971,-1.0602712138059305
BH_s05_medium,40,14,40.46666666666667,-0.07110890746116638,-0.7593236237637131
BH_s05_medium,40,15,40.5,-0.13772456347942352,-0.3028709419419451
BH_s05_medium,40,16,40.53333333333333,-0.3766466975212097,0.22697770823036528
BH_s05_medium,40,17,40.56666666666667,-0.5513790845870972,0.7283794421837142
BH_s05_medium,40,18,40.6,-0.8146906495094299,1.1042107404624555
BH_s05_medium,40,19,40.63333333333333,-0.9894230365753174,1.2860371505053096
BH_s05_medium,40,20,40.666666666666664,-1.0235161781311035,1.2497728620683048
BH_s05_medium,40,21,40.7,-0.7860344648361206,1.0184281257536738
BH_s05_medium,40,22,40.733333333333334,0.05694574490189552,0.6510231117350227
BH_s05_medium,40,23,40.766666666666666,1.3272807598114014,0.22146668251910684
BH_s05_medium,40,24,40.8,2.2038235664367676,-0.20348939448666453
BH_s05_medium,40,25,40.833333333333336,2.311279535293579,-0.5772679872805029
BH_s05_medium,40,26,40.86666666666667,1.7120734453201294,-0.873918994937641
BH_s05_medium,40,27,40.9,0.9269906282424927,-1.0804712207114304
BH_s05_medium,40,28,40.93333333333333,0.11863401532173157,-1.188489166362488
BH_s05_medium,40,29,40.96666666666667,-0.31698399782180786,-1.1897744550887464
BH_s05_medium,40,30,41.0,-0.5806203484535217,-1.077206680397931
BH_s05_medium,40,31,41.03333333333333,-0.4412913918495178,-0.8490884274253567
BH_s05_medium,40,32,41.06666666666667,-0.18040578067302704,-0.5149130101470777
BH_s05_medium,40,33,41.1,-0.0491454117000103,-0.10070583547088686
BH_s05_medium,40,34,41.13333333333333,-0.0491454117000103,0.34847147852095717
BH_s05_medium,40,35,41.166666666666664,-0.16906695067882538,0.7717511441015487
BH_s05_medium,40,36,41.2,-0.42995256185531616,1.1030826877110576
BH_s05_medium,40,37,41.233333333333334,-0.7685980200767517,1.2875171131318168
BH_s05_medium,40,38,41.266666666666666,-0.9517238140106201,1.2973570476765894
BH_s05_medium,40,39,41.3,-1.1180628538131714,1.1409562950850713
BH_s05_medium,40,40,41.333333333333336,-1.1050121784210205,0.8600066539553561
BH_s05_medium,40,41,41.36666666666667,-0.4864630699157715,0.5162247047241862
BH_s05_medium,40,42,41.4,0.5617365837097168,0.1721379664408155
BH_s05_medium,40,43,41.43333333333333,1.6151775121688843,-0.1273291160758225
BH_s05_medium,40,44,41.46666666666667,2.070592164993286,-0.3653114687089795
BH_s05_medium,40,45,41.5,1.6596227884292603,-0.5507052821925259
BH_s05_medium,40,46,41.53333333333333,0.8031370639801025,-0.7039295685639838
BH_s05_medium,40,47,41.56666666666667,0.004614334087818861,-0.8377697307999348
BH_s05_medium,40,48,41.6,-0.621601939201355,-0.9434186341865161
BH_s05_medium,40,49,41.63333333333333,-0.9869325757026672,-0.9895617453568873
BH_s05_medium,40,50,41.666666666666664,-1.0235161781311035,-0.9354387646843818
BH_s05_medium,40,51,41.7,-0.8040659427642822,-0.751461330892464
BH_s05_medium,40,52,41.733333333333334,-0.6061899065971375,-0.4374941670068722
BH_s05_medium,40,53,41.766666666666666,-0.5806203484535217,-0.03036016510466574
BH_s05_medium,40,54,41.8,-0.6387780904769897,0.40291087210196325
BH_s05_medium,40,55,41.833333333333336,-0.8692423105239868,0.7834249982587325
BH_s05_medium,40,56,41.86666666666667,-1.07682204246521,1.0429043300259107
BH_s05_medium,40,57,41.9,-1.2515543699264526,1.1415220046867882
BH_s05_medium,40,58,41.93333333333333,-1.4262868165969849,1.0749892769447222
BH_s05_medium,40,59,41.96666666666667,-1.4203838109970093,0.8697852103766336
BH_s05_medium,40,60,42.0,-0.8504822850227356,0.5701721762448072
BH_s05_medium,40,61,42.03333333333333,0.2390882670879364,0.22331401765720124
BH_s05_medium,40,62,42.06666666666667,1.512043833732605,-0.1313995970440194
BH_s05_medium,40,63,42.1,2.201658010482788,-0.465596210548022
BH_s05_medium,40,64,42.13333333333333,1.9750590324401855,-0.7586394742799598
BH_s05_medium,40,65,42.166666666666664,1.2107584476470947,-0.9917079911515148
BH_s05_medium,40,66,42.2,0.4256756901741028,-1.143422326653499
BH_s05_medium,40,67,42.233333333333334,-0.21758660674095154,-1.1897918072451141
BH_s05_medium,40,68,42.266666666666666,-0.6048151254653931,-1.1094708554440476
BH_s05_medium,40,69,42.3,-0.6474307179450989,-0.8928503402378064
BH_s05_medium,40,70,42.333333333333336,-0.47269830107688904,-0.5506253159859269
BH_s05_medium,40,71,42.36666666666667,-0.20938676595687866,-0.1170376417807364
BH_s05_medium,40,72,42.4,-0.13772456347942352,0.35370356849221224
BH_s05_medium,40,73,42.43333333333333,-0.14978967607021332,0.796118778839461
BH_s05_medium,40,74,42.46666666666667,-0.4131012260913849,1.1456369185488577
BH_s05_medium,40,75,42.5,-0.6764127612113953,1.3529705187123164
BH_s05_medium,40,76,42.53333333333333,-0.8511451482772827,1.3969699157566535
BH_s05_medium,40,77,42.56666666666667,-1.025877594947815,1.28998810651351
BH_s05_medium,40,78,42.6,-1.0235806703567505,1.0716779326513028
BH_s05_medium,40,79,42.63333333333333,-0.3273351490497589,0.7925467235714908
BH_s05_medium,40,80,42.666666666666664,0.7136523723602295,0.49416267437363887
BH_s05_medium,40,81,42.7,1.9441213607788086,0.19550520153222067
BH_s05_medium,40,82,42.733333333333334,2.332723617553711,-0.10719754947605742
BH_s05_medium,40,83,42.766666666666666,1.9361785650253296,-0.4263442953424495
BH_s05_medium,40,84,42.8,1.0869048833847046,-0.7618288907682371
BH_s05_medium,40,85,42.833333333333336,0.30182212591171265,-1.0848958175188979
BH_s05_medium,40,86,42.86666666666667,-0.2564670741558075,-1.336936385299375
BH_s05_medium,40,87,42.9,-0.6473016738891602,-1.4456301313396298
BH_s05_medium,40,88,42.93333333333333,-0.6049441695213318,-1.3520872888276205
BH_s05_medium,40,89,42.96666666666667,-0.43021178245544434,-1.0374793586304136
BH_s05_medium,40,90,43.0,-0.16690021753311157,-0.538377067139068
BH_s05_medium,40,91,43.03333333333333,-0.13772456347942352,0.055514492589507504
BH_s05_medium,40,92,43.06666666666667,-0.1922762244939804,0.6222302810786323
BH_s05_medium,40,93,43.1,-0.36700862646102905,1.0418487655317075
BH_s05_medium,40,94,43.13333333333333,-0.630320131778717,1.2325295425815441
BH_s05_medium,40,95,43.166666666666664,-0.8050525784492493,1.174248733264868
BH_s05_medium,40,96,43.2,-0.9797849655151367,0.9111949881847397
BH_s05_medium,40,97,43.233333333333334,-0.8076709508895874,0.5329079340971927
BH_s05_medium,40,98,43.266666666666666,-0.026323284953832626,0.14211792901065323
BH_s05_medium,40,99,43.3,1.0996372699737549,-0.1787068174639761
BH_s05_medium,40,100,43.333333333333336,2.1287522315979004,-0.39028886047891354
BH_s05_medium,40,101,43.36666666666667,2.277055263519287,-0.5010959734143322
BH_s05_medium,40,102,43.4,1.7784265279769897,-0.552318711506037
BH_s05_medium,40,103,43.43333333333333,0.9630513787269592,-0.5897762604744852
BH_s05_medium,40,104,43.46666666666667,0.14027048647403717,-0.6354586649848608
BH_s05_medium,40,105,43.5,-0.3609120845794678,-0.6725602767248404
BH_s05_medium,40,106,43.53333333333333,-0.5806203484535217,-0.652130055592101
BH_s05_medium,40,107,43.56666666666667,-0.5442948937416077,-0.5191499275354748
BH_s05_medium,40,108,43.6,-0.2834092676639557,-0.24586603729980666
BH_s05_medium,40,109,43.63333333333333,-0.12441368401050568,0.1442928716027785
BH_s05_medium,40,110,43.666666666666664,-0.06003037467598915,0.5751013308292858
BH_s05_medium,40,111,43.7,-0.2347627580165863,0.9407129078881366
BH_s05_medium,40,112,43.733333333333334,-0.40949514508247375,1.1440631341479228
BH_s05_medium,40,113,43.766666666666666,-0.6728066802024841,1.1335058171712693
BH_s05_medium,40,114,43.8,-0.8475390672683716,0.9217220992953356
BH_s05_medium,40,115,43.833333333333336,-1.0222715139389038,0.578946202113517
BH_s05_medium,40,116,43.86666666666667,-0.8536990284919739,0.2033391551110959
BH_s05_medium,40,117,43.9,-0.07962805777788162,-0.11869381306423052
BH_s05_medium,40,118,43.93333333333333,1.1313055753707886,-0.3440071235105094
BH_s05_medium,40,119,43.96666666666667,2.121540069580078,-0.4812184984558259
BH_s05_medium,40,120,44.0,2.267287015914917,-0.5736642599217814
BH_s05_medium,40,121,44.03333333333333,1.6970595121383667,-0.6674211039077657
BH_s05_medium,40,122,44.06666666666667,0.9277769923210144,-0.7807869611997458
BH_s05_medium,40,123,44.1,0.12204211950302124,-0.8891546972640414
BH_s05_medium,40,124,44.13333333333333,-0.334227979183197,-0.9319005248512876
BH_s05_medium,40,125,44.166666666666664,-0.5806203484535217,-0.8388534268159246
BH_s05_medium,40,126,44.2,-0.5199710726737976,-0.5657616065836484
BH_s05_medium,40,127,44.233333333333334,-0.2870153486728668,-0.12338406488893418
BH_s05_medium,40,128,44.266666666666666,-0.13772456347942352,0.41432432531927693
BH_s05_medium,40,129,44.3,-0.13772456347942352,0.9292178141111062
BH_s05_medium,40,130,44.333333333333336,-0.2772493064403534,1.2979992398832818
BH_s05_medium,40,131,44.36666666666667,-0.5405608415603638,1.4339430929749817
BH_s05_medium,40,132,44.4,-0.8038724064826965,1.3139113357651322
BH_s05_medium,40,133,44.43333333333333,-1.0671839714050293,0.9814705292003676
BH_s05_medium,40,134,44.46666666666667,-1.1594326496124268,0.5272607035992258
BH_s05_medium,40,135,44.5,-0.7796732187271118,0.055903335033910304
BH_s05_medium,40,136,44.53333333333333,0.16919465363025665,-0.34744552812056045
BH_s05_medium,40,137,44.56666666666667,1.3061681985855103,-0.6386382813186459
BH_s05_medium,40,138,44.6,1.899596095085144,-0.8168013314055512
BH_s05_medium,40,139,44.63333333333333,1.6945680379867554,-0.9080313795491991
BH_s05_medium,40,140,44.666666666666664,0.9689521193504333,-0.939987295279152
BH_s05_medium,40,141,44.7,0.1438109427690506,-0.9211289391741702
BH_s05_medium,40,142,44.733333333333334,-0.4689653813838959,-0.8349671214348415
BH_s05_medium,40,143,44.766666666666666,-0.9543455243110657,-0.6514051859409704
BH_s05_medium,40,144,44.8,-1.0065336227416992,-0.3491335711141327
BH_s05_medium,40,145,44.833333333333336,-0.831801176071167,0.06192590738667437
BH_s05_medium,40,146,44.86666666666667,-0.5684896111488342,0.5296268199374283
BH_s05_medium,40,147,44.9,-0.4920412003993988,0.9670217216935386
BH_s05_medium,40,148,44.93333333333333,-0.4993200898170471,1.2768815820979897
BH_s05_medium,40,149,44.96666666666667,-0.7626316547393799,1.3837696403838704
BH_s05_medium,40,150,45.0,-1.0259431600570679,1.2601118617840061
BH_s05_medium,40,151,45.03333333333333,-1.200676679611206,0.9349482668306194
BH_s05_medium,40,152,45.06666666666667,-1.463987112045288,0.4817668697766198
BH_s05_medium,40,153,45.1,-1.2103760242462158,-0.008566287214459409
BH_s05_medium,40,154,45.13333333333333,-0.4398454427719116,-0.45702111636201737
BH_s05_medium,40,155,45.166666666666664,0.6801487803459167,-0.8150271546875998
BH_s05_medium,40,156,45.2,1.4967652559280396,-1.0667412566773116
BH_s05_medium,40,157,45.233333333333334,1.4712547063827515,-1.2178808781082082
BH_s05_medium,40,158,45.266666666666666,0.9045677185058594,-1.279009886477099
BH_s05_medium,40,159,45.3,0.04788617417216301,-1.2518388001062972
BH_s05_medium,40,160,45.333333333333336,-0.5818705558776855,-1.12515123402913
BH_s05_medium,40,161,45.36666666666667,-1.0635789632797241,-0.8829465598962227
BH_s05_medium,40,162,45.4,-1.2006744146347046,-0.5217029238739317
BH_s05_medium,40,163,45.43333333333333,-0.9931570291519165,-0.06786361950880185
BH_s05_medium,40,164,45.46666666666667,-0.7007354497909546,0.41619589908613563
BH_s05_medium,40,165,45.5,-0.5260030627250671,0.8451893276308013
BH_s05_medium,40,166,45.53333333333333,-0.5442325472831726,1.1390914294266548
BH_s05_medium,40,167,45.56666666666667,-0.7189649343490601,1.252496923998869
BH_s05_medium,40,168,45.6,-0.8936973214149475,1.190215534789856
BH_s05_medium,40,169,45.63333333333333,-1.068429708480835,1.0016175563093397
BH_s05_medium,40,170,45.666666666666664,-1.2006744146347046,0.7566830368302818
BH_s05_medium,40,171,45.7,-0.9518484473228455,0.5153004048079519
BH_s05_medium,40,172,45.733333333333334,-0.12670394778251648,0.3046632435248351
BH_s05_medium,40,173,45.766666666666666,0.9593261480331421,0.11574982988000328
BH_s05_medium,40,174,45.8,1.7880055904388428,-0.07992781384346286
BH_s05_medium,40,175,45.833333333333336,1.7503008842468262,-0.30280385745858784
BH_s05_medium,40,176,45.86666666666667,1.1398816108703613,-0.5422440736718388
BH_s05_medium,40,177,45.9,0.3547987937927246,-0.751005064227388
BH_s05_medium,40,178,45.93333333333333,-0.2955443859100342,-0.8607684620917976
BH_s05_medium,40,179,45.96666666666667,-0.7105081081390381,-0.8114216030283594
BH_s05_medium,40,180,46.0,-0.8463578224182129,-0.5802681664675489
BH_s05_medium,40,181,46.03333333333333,-0.7261738181114197,-0.19776348683850062
BH_s05_medium,40,182,46.06666666666667,-0.47866469621658325,0.2572636403594022
BH_s05_medium,40,183,46.1,-0.31488287448883057,0.6807892222405938
BH_s05_medium,40,184,46.13333333333333,-0.3234075605869293,0.9752760888369466
BH_s05_medium,40,185,46.166666666666664,-0.5042386651039124,1.0772370348293117
BH_s05_medium,40,186,46.2,-0.7614514827728271,0.9714390703371907
BH_s05_medium,40,187,46.233333333333334,-1.0235161781311035,0.6890754539966211
BH_s05_medium,40,188,46.266666666666666,-1.110916256904602,0.2930876090226095
BH_s05_medium,40,189,46.3,-0.6836194396018982,-0.14275537639806496
BH_s05_medium,40,190,46.333333333333336,0.1804066300392151,-0.5535049061975221
BH_s05_medium,40,191,46.36666666666667,1.2288010120391846,-0.8951116834417107
BH_s05_medium,40,192,46.4,1.8778305053710938,-1.1456190608653076
BH_s05_medium,40,193,46.43333333333333,1.6604759693145752,-1.296811360080574
BH_s05_medium,40,194,46.46666666666667,0.9881637692451477,-1.3426708652901225
BH_s05_medium,40,195,46.5,0.20065507292747498,-1.2727737227623834
BH_s05_medium,40,196,46.53333333333333,-0.3417026400566101,-1.075195364263517
BH_s05_medium,40,197,46.56666666666667,-0.7117539048194885,-0.7473324695516455
BH_s05_medium,40,198,46.6,-0.7832170128822327,-0.30846320934997606
BH_s05_medium,40,199,46.63333333333333,-0.6084846258163452,0.19336857311327332
BH_s05_medium,40,200,46.666666666666664,-0.4337522089481354,0.6854788687857744
BH_s05_medium,40,201,46.7,-0.4034620523452759,1.0862594613005576
BH_s05_medium,40,202,46.733333333333334,-0.45689916610717773,1.327364132784608
BH_s05_medium,40,203,46.766666666666666,-0.6316315531730652,1.3735925547730132
BH_s05_medium,40,204,46.8,-0.8063639402389526,1.2323061631140553
BH_s05_medium,40,205,46.833333333333336,-0.9810963273048401,0.9486216056271032
BH_s05_medium,40,206,46.86666666666667,-1.1120953559875488,0.5885938735267193
BH_s05_medium,40,207,46.9,-0.8582862019538879,0.21747024008563276
BH_s05_medium,40,208,46.93333333333333,-0.03189591318368912,-0.11816961824313636
BH_s05_medium,40,209,46.96666666666667,1.0553799867630005,-0.3975779920141175
BH_s05_medium,40,210,47.0,1.7904971837997437,-0.6203488441928042
BH_s05_medium,40,211,47.03333333333333,1.8047847747802734,-0.7919084228177012
BH_s05_medium,40,212,47.06666666666667,1.2222318649291992,-0.9076570050479498
BH_s05_medium,40,213,47.1,0.4371490776538849,-0.9444165381690496
BH_s05_medium,40,214,47.13333333333333,-0.2107025682926178,-0.8651661687333955
BH_s05_medium,40,215,47.166666666666664,-0.6244205236434937,-0.6369422257801682
BH_s05_medium,40,216,47.2,-0.7577787041664124,-0.2542864280021246
BH_s05_medium,40,217,47.233333333333334,-0.6521512866020203,0.2439843042376131
BH_s05_medium,40,218,47.266666666666666,-0.4034620523452759,0.7751682646007675
BH_s05_medium,40,219,47.3,-0.31488287448883057,1.2328677002565733
BH_s05_medium,40,220,47.333333333333336,-0.3246533274650574,1.5195049310740383
BH_s05_medium,40,221,47.36666666666667,-0.5067301988601685,1.5773591792244253
BH_s05_medium,40,222,47.4,-0.7676158547401428,1.4056067340157166
BH_s05_medium,40,223,47.43333333333333,-1.0260088443756104,1.0577676030142107
BH_s05_medium,40,224,47.46666666666667,-1.2006744146347046,0.6219112137861578
BH_s05_medium,40,225,47.5,-1.2006744146347046,0.19172023484653153
BH_s05_medium,40,226,47.53333333333333,-0.6883400082588196,-0.16129780610944322
BH_s05_medium,40,227,47.56666666666667,0.26911595463752747,-0.40525099525473
BH_s05_medium,40,228,47.6,1.3988783359527588,-0.5493817783687933
BH_s05_medium,40,229,47.63333333333333,1.9761123657226562,-0.6300623137331246
BH_s05_medium,40,230,47.666666666666664,1.6773251295089722,-0.6885078228042487
BH_s05_medium,40,231,47.7,0.9928843975067139,-0.7509782443878447
BH_s05_medium,40,232,47.733333333333334,0.1361372023820877,-0.8196957528391616
BH_s05_medium,40,233,47.766666666666666,-0.426741361618042,-0.8765167174886831
BH_s05_medium,40,234,47.8,-0.7979727387428284,-0.8956559616940531
BH_s05_medium,40,235,47.833333333333336,-0.8463578224182129,-0.8582489279616786
BH_s05_medium,40,236,47.86666666666667,-0.6982439160346985,-0.7610032312351759
BH_s05_medium,40,237,47.9,-0.523511528968811,-0.6149388626089456
BH_s05_medium,40,238,47.93333333333333,-0.4920412003993988,-0.4371751549526134
BH_s05_medium,40,239,47.96666666666667,-0.5442981719970703,-0.24330006852806707
BH_s05_medium,41,0,41.0,-0.5806203484535217,0.10121106764484493
BH_s05_medium,41,1,41.03333333333333,-0.4412913918495178,0.39946591612482135
BH_s05_medium,41,2,41.06666666666667,-0.18040578067302704,0.7049270522015907
BH_s05_medium,41,3,41.1,-0.0491454117000103,1.0183639007566967
BH_s05_medium,41,4,41.13333333333333,-0.0491454117000103,1.3257269558252363
BH_s05_medium,41,5,41.166666666666664,-0.16906695067882538,1.5977328253974166
BH_s05_medium,41,6,41.2,-0.42995256185531616,1.7949267777825615
BH_s05_medium,41,7,41.233333333333334,-0.7685980200767517,1.877694926044625
BH_s05_medium,41,8,41.266666666666666,-0.9517238140106201,1.8186143606219654
BH_s05_medium,41,9,41.3,-1.1180628538131714,1.6126091020084217
BH_s05_medium,41,10,41.333333333333336,-1.1050121784210205,1.2806066867186439
BH_s05_medium,41,11,41.36666666666667,-0.4864630699157715,0.8647707280901109
BH_s05_medium,41,12,41.4,0.5617365837097168,0.41673012759280514
BH_s05_medium,41,13,41.43333333333333,1.6151775121688843,-0.016674346413015018
BH_s05_medium,41,14,41.46666666666667,2.070592164993286,-0.4040402397416709
BH_s05_medium,41,15,41.5,1.6596227884292603,-0.7316871991069019
BH_s05_medium,41,16,41.53333333333333,0.8031370639801025,-0.99704511922354
BH_s05_medium,41,17,41.56666666666667,0.004614334087818861,-1.1974412630084839
BH_s05_medium,41,18,41.6,-0.621601939201355,-1.3211118814525808
BH_s05_medium,41,19,41.63333333333333,-0.9869325757026672,-1.3460738904969662
BH_s05_medium,41,20,41.666666666666664,-1.0235161781311035,-1.2481765929605235
BH_s05_medium,41,21,41.7,-0.8040659427642822,-1.0147405930454716
BH_s05_medium,41,22,41.733333333333334,-0.6061899065971375,-0.6573233833981822
BH_s05_medium,41,23,41.766666666666666,-0.5806203484535217,-0.21727271133845422
BH_s05_medium,41,24,41.8,-0.6387780904769897,0.239507482566257
BH_s05_medium,41,25,41.833333333333336,-0.8692423105239868,0.6376333769004426
BH_s05_medium,41,26,41.86666666666667,-1.07682204246521,0.9116531004294562
BH_s05_medium,41,27,41.9,-1.2515543699264526,1.0222790430423911
BH_s05_medium,41,28,41.93333333333333,-1.4262868165969849,0.9638190007404694
BH_s05_medium,41,29,41.96666666666667,-1.4203838109970093,0.7613272543666196
BH_s05_medium,41,30,42.0,-0.8504822850227356,0.4598296750418149
BH_s05_medium,41,31,42.03333333333333,0.2390882670879364,0.1103492592256699
BH_s05_medium,41,32,42.06666666666667,1.512043833732605,-0.24194955096986936
BH_s05_medium,41,33,42.1,2.201658010482788,-0.5637129935854666
BH_s05_medium,41,34,42.13333333333333,1.9750590324401855,-0.8328624975624404
BH_s05_medium,41,35,42.166666666666664,1.2107584476470947,-1.0339453767507447
BH_s05_medium,41,36,42.2,0.4256756901741028,-1.1528631839833117
BH_s05_medium,41,37,42.233333333333334,-0.21758660674095154,-1.1740809118406854
BH_s05_medium,41,38,42.266666666666666,-0.6048151254653931,-1.0823331280516943
BH_s05_medium,41,39,42.3,-0.6474307179450989,-0.8687980927039618
BH_s05_medium,41,40,42.333333333333336,-0.47269830107688904,-0.5389442410069376
BH_s05_medium,41,41,42.36666666666667,-0.20938676595687866,-0.11790325071602953
BH_s05_medium,41,42,42.4,-0.13772456347942352,0.34935851850250943
BH_s05_medium,41,43,42.43333333333333,-0.14978967607021332,0.8034794552518412
BH_s05_medium,41,44,42.46666666666667,-0.4131012260913849,1.1809563948371953
BH_s05_medium,41,45,42.5,-0.6764127612113953,1.4274431057767267
BH_s05_medium,41,46,42.53333333333333,-0.8511451482772827,1.5105075047903642
BH_s05_medium,41,47,42.56666666666667,-1.025877594947815,1.4271011658052364
BH_s05_medium,41,48,42.6,-1.0235806703567505,1.202331716702874
BH_s05_medium,41,49,42.63333333333333,-0.3273351490497589,0.879643096944452
BH_s05_medium,41,50,42.666666666666664,0.7136523723602295,0.5064218510759897
BH_s05_medium,41,51,42.7,1.9441213607788086,0.12135772876254337
BH_s05_medium,41,52,42.733333333333334,2.332723617553711,-0.2507898673699089
BH_s05_medium,41,53,42.766666666666666,1.9361785650253296,-0.5950990098935791
BH_s05_medium,41,54,42.8,1.0869048833847046,-0.8963473892777492
BH_s05_medium,41,55,42.833333333333336,0.30182212591171265,-1.1297490335957912
BH_s05_medium,41,56,42.86666666666667,-0.2564670741558075,-1.2591959828120176
BH_s05_medium,41,57,42.9,-0.6473016738891602,-1.2456692724657967
BH_s05_medium,41,58,42.93333333333333,-0.6049441695213318,-1.063037016922128
BH_s05_medium,41,59,42.96666666666667,-0.43021178245544434,-0.7143807485807955
BH_s05_medium,41,60,43.0,-0.16690021753311157,-0.24124384002448435
BH_s05_medium,41,61,43.03333333333333,-0.13772456347942352,0.27938210486162657
BH_s05_medium,41,62,43.06666666666667,-0.1922762244939804,0.7511839956751079
BH_s05_medium,41,63,43.1,-0.36700862646102905,1.0834901159872314
BH_s05_medium,41,64,43.13333333333333,-0.630320131778717,1.2164868504728443
BH_s05_medium,41,65,43.166666666666664,-0.8050525784492493,1.1372072292580577
BH_s05_medium,41,66,43.2,-0.9797849655151367,0.8805054928490407
BH_s05_medium,41,67,43.233333333333334,-0.8076709508895874,0.5153105954634758
BH_s05_medium,41,68,43.266666666666666,-0.026323284953832626,0.12168314714873327
BH_s05_medium,41,69,43.3,1.0996372699737549,-0.23300800120315973
BH_s05_medium,41,70,43.333333333333336,2.1287522315979004,-0.5104930429394657
BH_s05_medium,41,71,43.36666666666667,2.277055263519287,-0.70506248556692
BH_s05_medium,41,72,43.4,1.7784265279769897,-0.8334186728686138
BH_s05_medium,41,73,43.43333333333333,0.9630513787269592,-0.9158276499551901
BH_s05_medium,41,74,43.46666666666667,0.14027048647403717,-0.9576823427899012
BH_s05_medium,41,75,43.5,-0.3609120845794678,-0.9409901500991051
BH_s05_medium,41,76,43.53333333333333,-0.5806203484535217,-0.8309140287727863
BH_s05_medium,41,77,43.56666666666667,-0.5442948937416077,-0.5952313406038481
BH_s05_medium,41,78,43.6,-0.2834092676639557,-0.22789011778269924
BH_s05_medium,41,79,43.63333333333333,-0.12441368401050568,0.23508695440556476
BH_s05_medium,41,80,43.666666666666664,-0.06003037467598915,0.7165734762093695
BH_s05_medium,41,81,43.7,-0.2347627580165863,1.1180318306290975
BH_s05_medium,41,82,43.733333333333334,-0.40949514508247375,1.3506651136191314
BH_s05_medium,41,83,43.766666666666666,-0.6728066802024841,1.3649612100782584
BH_s05_medium,41,84,43.8,-0.8475390672683716,1.1664277032648984
BH_s05_medium,41,85,43.833333333333336,-1.0222715139389038,0.8114715834711435
BH_s05_medium,41,86,43.86666666666667,-0.8536990284919739,0.3853341923257212
BH_s05_medium,41,87,43.9,-0.07962805777788162,-0.028688902258812488
BH_s05_medium,41,88,43.93333333333333,1.1313055753707886,-0.37524482159023037
BH_s05_medium,41,89,43.96666666666667,2.121540069580078,-0.636772882826109
BH_s05_medium,41,90,44.0,2.267287015914917,-0.8246599706901799
BH_s05_medium,41,91,44.03333333333333,1.6970595121383667,-0.9587598461673502
BH_s05_medium,41,92,44.06666666666667,0.9277769923210144,-1.0466068694319424
BH_s05_medium,41,93,44.1,0.12204211950302124,-1.0722281756357694
BH_s05_medium,41,94,44.13333333333333,-0.334227979183197,-0.9998388894377126
BH_s05_medium,41,95,44.166666666666664,-0.5806203484535217,-0.7915055043874788
BH_s05_medium,41,96,44.2,-0.5199710726737976,-0.4315477280446637
BH_s05_medium,41,97,44.233333333333334,-0.2870153486728668,0.053654684972630165
BH_s05_medium,41,98,44.266666666666666,-0.13772456347942352,0.5913375391821599
BH_s05_medium,41,99,44.3,-0.13772456347942352,1.07816874223371
BH_s05_medium,41,100,44.333333333333336,-0.2772493064403534,1.410835944904634
BH_s05_medium,41,101,44.36666666666667,-0.5405608415603638,1.5184587165435666
BH_s05_medium,41,102,44.4,-0.8038724064826965,1.3837391096708116
BH_s05_medium,41,103,44.43333333333333,-1.0671839714050293,1.045640018401481
BH_s05_medium,41,104,44.46666666666667,-1.1594326496124268,0.5839460275370738
BH_s05_medium,41,105,44.5,-0.7796732187271118,0.09244789768086198
BH_s05_medium,41,106,44.53333333333333,0.16919465363025665,-0.3488741871950583
BH_s05_medium,41,107,44.56666666666667,1.3061681985855103,-0.6924168816880121
BH_s05_medium,41,108,44.6,1.899596095085144,-0.9260140320767426
BH_s05_medium,41,109,44.63333333333333,1.6945680379867554,-1.061044536376135
BH_s05_medium,41,110,44.666666666666664,0.9689521193504333,-1.113159483809664
BH_s05_medium,41,111,44.7,0.1438109427690506,-1.0864124075448682
BH_s05_medium,41,112,44.733333333333334,-0.4689653813838959,-0.9688103087782098
BH_s05_medium,41,113,44.766666666666666,-0.9543455243110657,-0.7409354363062779
BH_s05_medium,41,114,44.8,-1.0065336227416992,-0.3931977641731656
BH_s05_medium,41,115,44.833333333333336,-0.831801176071167,0.05658768498607057
BH_s05_medium,41,116,44.86666666666667,-0.5684896111488342,0.5544321252345972
BH_s05_medium,41,117,44.9,-0.4920412003993988,1.0163037696259365
BH_s05_medium,41,118,44.93333333333333,-0.4993200898170471,1.3488386353251718
BH_s05_medium,41,119,44.96666666666667,-0.7626316547393799,1.4774562623726426
BH_s05_medium,41,120,45.0,-1.0259431600570679,1.3708202174298534
BH_s05_medium,41,121,45.03333333333333,-1.200676679611206,1.0514331460009712
BH_s05_medium,41,122,45.06666666666667,-1.463987112045288,0.5875694975560732
BH_s05_medium,41,123,45.1,-1.2103760242462158,0.06981964996704261
BH_s05_medium,41,124,45.13333333333333,-0.4398454427719116,-0.41726436413578055
BH_s05_medium,41,125,45.166666666666664,0.6801487803459167,-0.8160016039460607
BH_s05_medium,41,126,45.2,1.4967652559280396,-1.1015093394655044
BH_s05_medium,41,127,45.233333333333334,1.4712547063827515,-1.2734568932823405
BH_s05_medium,41,128,45.266666666666666,0.9045677185058594,-1.3404059375714157
BH_s05_medium,41,129,45.3,0.04788617417216301,-1.305586654851796
BH_s05_medium,41,130,45.333333333333336,-0.5818705558776855,-1.1614774770705159
BH_s05_medium,41,131,45.36666666666667,-1.0635789632797241,-0.8962389086918651
BH_s05_medium,41,132,45.4,-1.2006744146347046,-0.5091791193620337
BH_s05_medium,41,133,45.43333333333333,-0.9931570291519165,-0.027036398142335976
BH_s05_medium,41,134,45.46666666666667,-0.7007354497909546,0.48939186455707673
BH_s05_medium,41,135,45.5,-0.5260030627250671,0.955110776318009
BH_s05_medium,41,136,45.53333333333333,-0.5442325472831726,1.2850709913717424
BH_s05_medium,41,137,45.56666666666667,-0.7189649343490601,1.421892000972804
BH_s05_medium,41,138,45.6,-0.8936973214149475,1.3544095864604508
BH_s05_medium,41,139,45.63333333333333,-1.068429708480835,1.1188719999274097
BH_s05_medium,41,140,45.666666666666664,-1.2006744146347046,0.7825445275207552
BH_s05_medium,41,141,45.7,-0.9518484473228455,0.417316719061844
BH_s05_medium,41,142,45.733333333333334,-0.12670394778251648,0.07548595702365656
BH_s05_medium,41,143,45.766666666666666,0.9593261480331421,-0.2213156791447706
BH_s05_medium,41,144,45.8,1.7880055904388428,-0.4760615762918409
BH_s05_medium,41,145,45.833333333333336,1.7503008842468262,-0.6981076238523407
BH_s05_medium,41,146,45.86666666666667,1.1398816108703613,-0.8838045545653549
BH_s05_medium,41,147,45.9,0.3547987937927246,-1.007023719745493
BH_s05_medium,41,148,45.93333333333333,-0.2955443859100342,-1.0249503697777431
BH_s05_medium,41,149,45.96666666666667,-0.7105081081390381,-0.896532460306785
BH_s05_medium,41,150,46.0,-0.8463578224182129,-0.6050219606915628
BH_s05_medium,41,151,46.03333333333333,-0.7261738181114197,-0.174226815131592
BH_s05_medium,41,152,46.06666666666667,-0.47866469621658325,0.329409307971292
BH_s05_medium,41,153,46.1,-0.31488287448883057,0.8109456180996031
BH_s05_medium,41,154,46.13333333333333,-0.3234075605869293,1.1724277931871818
BH_s05_medium,41,155,46.166666666666664,-0.5042386651039124,1.3401843000371108
BH_s05_medium,41,156,46.2,-0.7614514827728271,1.2842521135864342
BH_s05_medium,41,157,46.233333333333334,-1.0235161781311035,1.0238951156873544
BH_s05_medium,41,158,46.266666666666666,-1.110916256904602,0.6184138100359009
BH_s05_medium,41,159,46.3,-0.6836194396018982,0.14737531067790421
BH_s05_medium,41,160,46.333333333333336,0.1804066300392151,-0.3123284416864162
BH_s05_medium,41,161,46.36666666666667,1.2288010120391846,-0.7043890432717942
BH_s05_medium,41,162,46.4,1.8778305053710938,-0.9998217543585599
BH_s05_medium,41,163,46.43333333333333,1.6604759693145752,-1.1912971943362478
BH_s05_medium,41,164,46.46666666666667,0.9881637692451477,-1.2799708508468228
BH_s05_medium,41,165,46.5,0.20065507292747498,-1.2634022572096564
BH_s05_medium,41,166,46.53333333333333,-0.3417026400566101,-1.1317546343299183
BH_s05_medium,41,167,46.56666666666667,-0.7117539048194885,-0.8743641457070985
BH_s05_medium,41,168,46.6,-0.7832170128822327,-0.493185744704956
BH_s05_medium,41,169,46.63333333333333,-0.6084846258163452,-0.015877410477336738
BH_s05_medium,41,170,46.666666666666664,-0.4337522089481354,0.49929051607529756
BH_s05_medium,41,171,46.7,-0.4034620523452759,0.9713357377460804
BH_s05_medium,41,172,46.733333333333334,-0.45689916610717773,1.315974909950172
BH_s05_medium,41,173,46.766666666666666,-0.6316315531730652,1.4695504243804411
BH_s05_medium,41,174,46.8,-0.8063639402389526,1.408027103781042
BH_s05_medium,41,175,46.833333333333336,-0.9810963273048401,1.1533978001715024
BH_s05_medium,41,176,46.86666666666667,-1.1120953559875488,0.7649460393851093
BH_s05_medium,41,177,46.9,-0.8582862019538879,0.3190666818470554
BH_s05_medium,41,178,46.93333333333333,-0.03189591318368912,-0.11391924433283807
BH_s05_medium,41,179,46.96666666666667,1.0553799867630005,-0.486531706158485
BH_s05_medium,41,180,47.0,1.7904971837997437,-0.7784403359402916
BH_s05_medium,41,181,47.03333333333333,1.8047847747802734,-0.9882957191011946
BH_s05_medium,41,182,47.06666666666667,1.2222318649291992,-1.1188226290466865
BH_s05_medium,41,183,47.1,0.4371490776538849,-1.1638440207611045
BH_s05_medium,41,184,47.13333333333333,-0.2107025682926178,-1.1047016027720888
BH_s05_medium,41,185,47.166666666666664,-0.6244205236434937,-0.9187341609575779
BH_s05_medium,41,186,47.2,-0.7577787041664124,-0.5961547436051174
BH_s05_medium,41,187,47.233333333333334,-0.6521512866020203,-0.1567750707909827
BH_s05_medium,41,188,47.266666666666666,-0.4034620523452759,0.3429241241774088
BH_s05_medium,41,189,47.3,-0.31488287448883057,0.8180173044221334
BH_s05_medium,41,190,47.333333333333336,-0.3246533274650574,1.1770917706332085
BH_s05_medium,41,191,47.36666666666667,-0.5067301988601685,1.349630326267125
BH_s05_medium,41,192,47.4,-0.7676158547401428,1.3078297846485967
BH_s05_medium,41,193,47.43333333333333,-1.0260088443756104,1.074213453837032
BH_s05_medium,41,194,47.46666666666667,-1.2006744146347046,0.7123545595624015
BH_s05_medium,41,195,47.5,-1.2006744146347046,0.30476501361724223
BH_s05_medium,41,196,47.53333333333333,-0.6883400082588196,-0.07328430129006269
BH_s05_medium,41,197,47.56666666666667,0.26911595463752747,-0.3739988985473319
BH_s05_medium,41,198,47.6,1.3988783359527588,-0.5838501937446832
BH_s05_medium,41,199,47.63333333333333,1.9761123657226562,-0.7152600468483901
BH_s05_medium,41,200,47.666666666666664,1.6773251295089722,-0.7886500967167194
BH_s05_medium,41,201,47.7,0.9928843975067139,-0.8146580529349173
BH_s05_medium,41,202,47.733333333333334,0.1361372023820877,-0.7851651129283235
BH_s05_medium,41,203,47.766666666666666,-0.426741361618042,-0.6768283673816372
BH_s05_medium,41,204,47.8,-0.7979727387428284,-0.4653185329512966
BH_s05_medium,41,205,47.833333333333336,-0.8463578224182129,-0.14399403782096143
BH_s05_medium,41,206,47.86666666666667,-0.6982439160346985,0.26174699594972284
BH_s05_medium,41,207,47.9,-0.523511528968811,0.6920809139612737
BH_s05_medium,41,208,47.93333333333333,-0.4920412003993988,1.0649050095858268
BH_s05_medium,41,209,47.96666666666667,-0.5442981719970703,1.2986206714806814
BH_s05_medium,41,210,48.0,-0.7190305590629578,1.3371161467642287
BH_s05_medium,41,211,48.03333333333333,-0.9823421239852905,1.1674749036723107
BH_s05_medium,41,212,48.06666666666667,-1.1570744514465332,0.8234930846114517
BH_s05_medium,41,213,48.1,-1.3318068981170654,0.37345357814603325
BH_s05_medium,41,214,48.13333333333333,-1.1688716411590576,-0.10300897543525384
BH_s05_medium,41,215,48.166666666666664,-0.4429910480976105,-0.5394007287307143
BH_s05_medium,41,216,48.2,0.6939824223518372,-0.8980106481660391
BH_s05_medium,41,217,48.233333333333334,1.6438281536102295,-1.1707424990224895
BH_s05_medium,41,218,48.266666666666666,1.7501696348190308,-1.3667063767168839
BH_s05_medium,41,219,48.3,1.1675511598587036,-1.4946871919405933
BH_s05_medium,41,220,48.333333333333336,0.3544706702232361,-1.5503546903715197
BH_s05_medium,41,221,48.36666666666667,-0.3188871145248413,-1.5146009586431923
BH_s05_medium,41,222,48.4,-0.8877976536750793,-1.3630567583975028
BH_s05_medium,41,223,48.43333333333333,-1.1120953559875488,-1.0813146700815843
BH_s05_medium,41,224,48.46666666666667,-1.0076481103897095,-0.6783928832306954
BH_s05_medium,41,225,48.5,-0.7443365454673767,-0.19245051924461334
BH_s05_medium,41,226,48.53333333333333,-0.5806203484535217,0.3138419098063772
BH_s05_medium,41,227,48.56666666666667,-0.5892106294631958,0.7669379384366187
BH_s05_medium,41,228,48.6,-0.7639430165290833,1.100441849386207
BH_s05_medium,41,229,48.63333333333333,-0.9386754035949707,1.2714974541485697
BH_s05_medium,41,230,48.666666666666664,-1.2019870281219482,1.270474053935842
BH_s05_medium,41,231,48.7,-1.376719355583191,1.1215264554042668
BH_s05_medium,41,232,48.733333333333334,-1.4664119482040405,0.8746702670403087
BH_s05_medium,41,233,48.766666666666666,-1.0414119958877563,0.5924526133624222
BH_s05_medium,41,234,48.8,-0.09949265420436859,0.3354310150758872
BH_s05_medium,41,235,48.833333333333336,1.0374808311462402,0.15021837134557164
BH_s05_medium,41,236,48.86666666666667,1.6959515810012817,0.06217897709193223
BH_s05_medium,41,237,48.9,1.5766173601150513,0.07307989962107658
BH_s05_medium,41,238,48.93333333333333,0.9090258479118347,0.16304010647490122
BH_s05_medium,41,239,48.96666666666667,0.1215171217918396,0.29591425139249533
BH_s05_medium,42,0,42.0,-0.8504822850227356,0.0027920323659346973
BH_s05_medium,42,1,42.03333333333333,0.2390882670879364,0.33282780992572303
BH_s05_medium,42,2,42.06666666666667,1.512043833732605,0.5694229294329723
BH_s05_medium,42,3,42.1,2.201658010482788,0.6479190707753364
BH_s05_medium,42,4,42.13333333333333,1.9750590324401855,0.5512201722542158
BH_s05_medium,42,5,42.166666666666664,1.2107584476470947,0.315446952419803
BH_s05_medium,42,6,42.2,0.4256756901741028,0.019297549007001175
BH_s05_medium,42,7,42.233333333333334,-0.21758660674095154,-0.2392575137141193
BH_s05_medium,42,8,42.266666666666666,-0.6048151254653931,-0.37171261588206916
BH_s05_medium,42,9,42.3,-0.6474307179450989,-0.3248682546639293
BH_s05_medium,42,10,42.333333333333336,-0.47269830107688904,-0.09598507485478458
BH_s05_medium,42,11,42.36666666666667,-0.20938676595687866,0.2674044713277423
BH_s05_medium,42,12,42.4,-0.13772456347942352,0.6819652208474593
BH_s05_medium,42,13,42.43333333333333,-0.14978967607021332,1.0515669623717205
BH_s05_medium,42,14,42.46666666666667,-0.4131012260913849,1.2922431145340514
BH_s05_medium,42,15,42.5,-0.6764127612113953,1.3533887690407045
BH_s05_medium,42,16,42.53333333333333,-0.8511451482772827,1.2296229111160137
BH_s05_medium,42,17,42.56666666666667,-1.025877594947815,0.9588681480415104
BH_s05_medium,42,18,42.6,-1.0235806703567505,0.6064547323939542
BH_s05_medium,42,19,42.63333333333333,-0.3273351490497589,0.2408331157632658
BH_s05_medium,42,20,42.666666666666664,0.7136523723602295,-0.08952202689231084
BH_s05_medium,42,21,42.7,1.9441213607788086,-0.36844185779965444
BH_s05_medium,42,22,42.733333333333334,2.332723617553711,-0.6084659570724393
BH_s05_medium,42,23,42.766666666666666,1.9361785650253296,-0.8332939744533683
BH_s05_medium,42,24,42.8,1.0869048833847046,-1.0550001624640837
BH_s05_medium,42,25,42.833333333333336,0.30182212591171265,-1.2575783276322752
BH_s05_medium,42,26,42.86666666666667,-0.2564670741558075,-1.3955342396755466
BH_s05_medium,42,27,42.9,-0.6473016738891602,-1.4091068417944626
BH_s05_medium,42,28,42.93333333333333,-0.6049441695213318,-1.2498259120851969
BH_s05_medium,42,29,42.96666666666667,-0.43021178245544434,-0.905419099234005
BH_s05_medium,42,30,43.0,-0.16690021753311157,-0.41362627734844853
BH_s05_medium,42,31,43.03333333333333,-0.13772456347942352,0.14113128492012456
BH_s05_medium,42,32,43.06666666666667,-0.1922762244939804,0.6484799740239012
BH_s05_medium,42,33,43.1,-0.36700862646102905,1.0042166048341472
BH_s05_medium,42,34,43.13333333333333,-0.630320131778717,1.1424179556909217
BH_s05_medium,42,35,43.166666666666664,-0.8050525784492493,1.054956244640587
BH_s05_medium,42,36,43.2,-0.9797849655151367,0.7908482455384015
BH_s05_medium,42,37,43.233333333333334,-0.8076709508895874,0.4363711397661708
BH_s05_medium,42,38,43.266666666666666,-0.026323284953832626,0.08436359037232015
BH_s05_medium,42,39,43.3,1.0996372699737549,-0.19537072742818035
BH_s05_medium,42,40,43.333333333333336,2.1287522315979004,-0.37395850552125076
BH_s05_medium,42,41,43.36666666666667,2.277055263519287,-0.4639789410906452
BH_s05_medium,42,42,43.4,1.7784265279769897,-0.5034185426476666
BH_s05_medium,42,43,43.43333333333333,0.9630513787269592,-0.5302095185948884
BH_s05_medium,42,44,43.46666666666667,0.14027048647403717,-0.5588303001014794
BH_s05_medium,42,45,43.5,-0.3609120845794678,-0.5702236492636362
BH_s05_medium,42,46,43.53333333333333,-0.5806203484535217,-0.520521720949513
BH_s05_medium,42,47,43.56666666666667,-0.5442948937416077,-0.3652027572672595
BH_s05_medium,42,48,43.6,-0.2834092676639557,-0.08754313504501053
BH_s05_medium,42,49,43.63333333333333,-0.12441368401050568,0.2827343161613917
BH_s05_medium,42,50,43.666666666666664,-0.06003037467598915,0.6710828230027979
BH_s05_medium,42,51,43.7,-0.2347627580165863,0.9812965943962454
BH_s05_medium,42,52,43.733333333333334,-0.40949514508247375,1.1306898708950415
BH_s05_medium,42,53,43.766666666666666,-0.6728066802024841,1.081413413362676
BH_s05_medium,42,54,43.8,-0.8475390672683716,0.8540117605670947
BH_s05_medium,42,55,43.833333333333336,-1.0222715139389038,0.5177058465573767
BH_s05_medium,42,56,43.86666666666667,-0.8536990284919739,0.16193136852714204
BH_s05_medium,42,57,43.9,-0.07962805777788162,-0.13841419659979717
BH_s05_medium,42,58,43.93333333333333,1.1313055753707886,-0.3485865203547523
BH_s05_medium,42,59,43.96666666666667,2.121540069580078,-0.47912431518188825
BH_s05_medium,42,60,44.0,2.267287015914917,-0.5692919992139647
BH_s05_medium,42,61,44.03333333333333,1.6970595121383667,-0.658182332955471
BH_s05_medium,42,62,44.06666666666667,0.9277769923210144,-0.7579497105964971
BH_s05_medium,42,63,44.1,0.12204211950302124,-0.8418707806930185
BH_s05_medium,42,64,44.13333333333333,-0.334227979183197,-0.8530446808958783
BH_s05_medium,42,65,44.166666666666664,-0.5806203484535217,-0.7305458451282448
BH_s05_medium,42,66,44.2,-0.5199710726737976,-0.4420514886255261
BH_s05_medium,42,67,44.233333333333334,-0.2870153486728668,-0.008225255228433814
BH_s05_medium,42,68,44.266666666666666,-0.13772456347942352,0.4936632790775777
BH_s05_medium,42,69,44.3,-0.13772456347942352,0.9507667635192271
BH_s05_medium,42,70,44.333333333333336,-0.2772493064403534,1.252098322486004
BH_s05_medium,42,71,44.36666666666667,-0.5405608415603638,1.325900527550536
BH_s05_medium,42,72,44.4,-0.8038724064826965,1.1615546447309557
BH_s05_medium,42,73,44.43333333333333,-1.0671839714050293,0.8088508820352832
BH_s05_medium,42,74,44.46666666666667,-1.1594326496124268,0.35708298098508134
BH_s05_medium,42,75,44.5,-0.7796732187271118,-0.09645281277095064
BH_s05_medium,42,76,44.53333333333333,0.16919465363025665,-0.47619640739836927
BH_s05_medium,42,77,44.56666666666667,1.3061681985855103,-0.7456264180827787
BH_s05_medium,42,78,44.6,1.899596095085144,-0.9066755622390175
BH_s05_medium,42,79,44.63333333333333,1.6945680379867554,-0.9832758170471841
BH_s05_medium,42,80,44.666666666666664,0.9689521193504333,-0.9982960528486347
BH_s05_medium,42,81,44.7,0.1438109427690506,-0.9560750747115905
BH_s05_medium,42,82,44.733333333333334,-0.4689653813838959,-0.8391565841473033
BH_s05_medium,42,83,44.766666666666666,-0.9543455243110657,-0.6202922569419933
BH_s05_medium,42,84,44.8,-1.0065336227416992,-0.2836460256422205
BH_s05_medium,42,85,44.833333333333336,-0.831801176071167,0.15503534709166542
BH_s05_medium,42,86,44.86666666666667,-0.5684896111488342,0.639621740164319
BH_s05_medium,42,87,44.9,-0.4920412003993988,1.08211990209743
BH_s05_medium,42,88,44.93333333333333,-0.4993200898170471,1.3868270639780815
BH_s05_medium,42,89,44.96666666666667,-0.7626316547393799,1.4810359076428004
BH_s05_medium,42,90,45.0,-1.0259431600570679,1.33974056632318
BH_s05_medium,42,91,45.03333333333333,-1.200676679611206,0.9939129930114058
BH_s05_medium,42,92,45.06666666666667,-1.463987112045288,0.5188496927280799
BH_s05_medium,42,93,45.1,-1.2103760242462158,0.007854266755313342
BH_s05_medium,42,94,45.13333333333333,-0.4398454427719116,-0.4569428566893117
BH_s05_medium,42,95,45.166666666666664,0.6801487803459167,-0.8241900871523657
BH_s05_medium,42,96,45.2,1.4967652559280396,-1.0768093657705065
BH_s05_medium,42,97,45.233333333333334,1.4712547063827515,-1.2211905003292818
BH_s05_medium,42,98,45.266666666666666,0.9045677185058594,-1.269765479731209
BH_s05_medium,42,99,45.3,0.04788617417216301,-1.226332922593825
BH_s05_medium,42,100,45.333333333333336,-0.5818705558776855,-1.0814964657848676
BH_s05_medium,42,101,45.36666666666667,-1.0635789632797241,-0.8208195903283322
BH_s05_medium,42,102,45.4,-1.2006744146347046,-0.4421793654492039
BH_s05_medium,42,103,45.43333333333333,-0.9931570291519165,0.026751860960647914
BH_s05_medium,42,104,45.46666666666667,-0.7007354497909546,0.5222444877883442
BH_s05_medium,42,105,45.5,-0.5260030627250671,0.9565566340114392
BH_s05_medium,42,106,45.53333333333333,-0.5442325472831726,1.2450032990981943
BH_s05_medium,42,107,45.56666666666667,-0.7189649343490601,1.3354102274327029
BH_s05_medium,42,108,45.6,-0.8936973214149475,1.2258527485200543
BH_s05_medium,42,109,45.63333333333333,-1.068429708480835,0.9627300365528983
BH_s05_medium,42,110,45.666666666666664,-1.2006744146347046,0.620523409080908
BH_s05_medium,42,111,45.7,-0.9518484473228455,0.2727508573804641
BH_s05_medium,42,112,45.733333333333334,-0.12670394778251648,-0.03259424852479092
BH_s05_medium,42,113,45.766666666666666,0.9593261480331421,-0.28224140887734434
BH_s05_medium,42,114,45.8,1.7880055904388428,-0.4883938415373925
BH_s05_medium,42,115,45.833333333333336,1.7503008842468262,-0.6672678369695341
BH_s05_medium,42,116,45.86666666666667,1.1398816108703613,-0.8177507763555224
BH_s05_medium,42,117,45.9,0.3547987937927246,-0.9122006357630639
BH_s05_medium,42,118,45.93333333333333,-0.2955443859100342,-0.9047288076159269
BH_s05_medium,42,119,45.96666666666667,-0.7105081081390381,-0.7531293743997053
BH_s05_medium,42,120,46.0,-0.8463578224182129,-0.4438528602121751
BH_s05_medium,42,121,46.03333333333333,-0.7261738181114197,-0.00793732198452526
BH_s05_medium,42,122,46.06666666666667,-0.47866469621658325,0.4801037376507501
BH_s05_medium,42,123,46.1,-0.31488287448883057,0.9208199561632312
BH_s05_medium,42,124,46.13333333333333,-0.3234075605869293,1.218521160881785
BH_s05_medium,42,125,46.166666666666664,-0.5042386651039124,1.3088820988052405
BH_s05_medium,42,126,46.2,-0.7614514827728271,1.1756438366361932
BH_s05_medium,42,127,46.233333333333334,-1.0235161781311035,0.851732264468331
BH_s05_medium,42,128,46.266666666666666,-1.110916256904602,0.4059138020042328
BH_s05_medium,42,129,46.3,-0.6836194396018982,-0.0792910895931692
BH_s05_medium,42,130,46.333333333333336,0.1804066300392151,-0.5302527974417293
BH_s05_medium,42,131,46.36666666666667,1.2288010120391846,-0.897526956012008
BH_s05_medium,42,132,46.4,1.8778305053710938,-1.1589996116939227
BH_s05_medium,42,133,46.43333333333333,1.6604759693145752,-1.3114022248064139
BH_s05_medium,42,134,46.46666666666667,0.9881637692451477,-1.3563369105125127
BH_s05_medium,42,135,46.5,0.20065507292747498,-1.289569091640647
BH_s05_medium,42,136,46.53333333333333,-0.3417026400566101,-1.0999726774516199
BH_s05_medium,42,137,46.56666666666667,-0.7117539048194885,-0.7788534763077432
BH_s05_medium,42,138,46.6,-0.7832170128822327,-0.334751007980889
BH_s05_medium,42,139,46.63333333333333,-0.6084846258163452,0.19438913018545084
BH_s05_medium,42,140,46.666666666666664,-0.4337522089481354,0.7393598601940854
BH_s05_medium,42,141,46.7,-0.4034620523452759,1.2116401529762235
BH_s05_medium,42,142,46.733333333333334,-0.45689916610717773,1.5261352200850768
BH_s05_medium,42,143,46.766666666666666,-0.6316315531730652,1.62617023197762
BH_s05_medium,42,144,46.8,-0.8063639402389526,1.500617471932215
BH_s05_medium,42,145,46.833333333333336,-0.9810963273048401,1.1860787997807494
BH_s05_medium,42,146,46.86666666666667,-1.1120953559875488,0.7532724956374979
BH_s05_medium,42,147,46.9,-0.8582862019538879,0.28342309478631333
BH_s05_medium,42,148,46.93333333333333,-0.03189591318368912,-0.15543775372473045
BH_s05_medium,42,149,46.96666666666667,1.0553799867630005,-0.5227604121877185
BH_s05_medium,42,150,47.0,1.7904971837997437,-0.8057109071921031
BH_s05_medium,42,151,47.03333333333333,1.8047847747802734,-1.007382146619975
BH_s05_medium,42,152,47.06666666666667,1.2222318649291992,-1.1302448301129897
BH_s05_medium,42,153,47.1,0.4371490776538849,-1.16397686877796
BH_s05_medium,42,154,47.13333333333333,-0.2107025682926178,-1.0847810943051723
BH_s05_medium,42,155,47.166666666666664,-0.6244205236434937,-0.8678030366141738
BH_s05_medium,42,156,47.2,-0.7577787041664124,-0.5072300476838061
BH_s05_medium,42,157,47.233333333333334,-0.6521512866020203,-0.03363030937132169
BH_s05_medium,42,158,47.266666666666666,-0.4034620523452759,0.48186515501534577
BH_s05_medium,42,159,47.3,-0.31488287448883057,0.9413055535507701
BH_s05_medium,42,160,47.333333333333336,-0.3246533274650574,1.2475796226696687
BH_s05_medium,42,161,47.36666666666667,-0.5067301988601685,1.3349132125584096
BH_s05_medium,42,162,47.4,-0.7676158547401428,1.1897355952089184
BH_s05_medium,42,163,47.43333333333333,-1.0260088443756104,0.8537802323685665
BH_s05_medium,42,164,47.46666666666667,-1.2006744146347046,0.40871146640215245
BH_s05_medium,42,165,47.5,-1.2006744146347046,-0.051230032286267754
BH_s05_medium,42,166,47.53333333333333,-0.6883400082588196,-0.44785073129403424
BH_s05_medium,42,167,47.56666666666667,0.26911595463752747,-0.7381874206858302
BH_s05_medium,42,168,47.6,1.3988783359527588,-0.9175947525878133
BH_s05_medium,42,169,47.63333333333333,1.9761123657226562,-1.006967703533725
BH_s05_medium,42,170,47.666666666666664,1.6773251295089722,-1.031485383500741
BH_s05_medium,42,171,47.7,0.9928843975067139,-1.0018729783503453
BH_s05_medium,42,172,47.733333333333334,0.1361372023820877,-0.9070769183113385
BH_s05_medium,42,173,47.766666666666666,-0.426741361618042,-0.721343286918833
BH_s05_medium,42,174,47.8,-0.7979727387428284,-0.42235401092895114
BH_s05_medium,42,175,47.833333333333336,-0.8463578224182129,-0.012192719791587765
BH_s05_medium,42,176,47.86666666666667,-0.6982439160346985,0.46921177618496535
BH_s05_medium,42,177,47.9,-0.523511528968811,0.9460998146235975
BH_s05_medium,42,178,47.93333333333333,-0.4920412003993988,1.3253539674801567
BH_s05_medium,42,179,47.96666666666667,-0.5442981719970703,1.5246461769466042
BH_s05_medium,42,180,48.0,-0.7190305590629578,1.4990931155041574
BH_s05_medium,42,181,48.03333333333333,-0.9823421239852905,1.2558455917707128
BH_s05_medium,42,182,48.06666666666667,-1.1570744514465332,0.8508733867446917
BH_s05_medium,42,183,48.1,-1.3318068981170654,0.3693022227498091
BH_s05_medium,42,184,48.13333333333333,-1.1688716411590576,-0.10267745370648197
BH_s05_medium,42,185,48.166666666666664,-0.4429910480976105,-0.5028175665600632
BH_s05_medium,42,186,48.2,0.6939824223518372,-0.8046337338727653
BH_s05_medium,42,187,48.233333333333334,1.6438281536102295,-1.0120977176614707
BH_s05_medium,42,188,48.266666666666666,1.7501696348190308,-1.1416910836888188
BH_s05_medium,42,189,48.3,1.1675511598587036,-1.2024879441164198
BH_s05_medium,42,190,48.333333333333336,0.3544706702232361,-1.1852588144605383
BH_s05_medium,42,191,48.36666666666667,-0.3188871145248413,-1.066137903454568
BH_s05_medium,42,192,48.4,-0.8877976536750793,-0.8222938149837891
BH_s05_medium,42,193,48.43333333333333,-1.1120953559875488,-0.45084768060682584
BH_s05_medium,42,194,48.46666666666667,-1.0076481103897095,0.018777577226341515
BH_s05_medium,42,195,48.5,-0.7443365454673767,0.525189028941318
BH_s05_medium,42,196,48.53333333333333,-0.5806203484535217,0.9882463551328933
BH_s05_medium,42,197,48.56666666666667,-0.5892106294631958,1.3300125707252572
BH_s05_medium,42,198,48.6,-0.7639430165290833,1.4954567827336969
BH_s05_medium,42,199,48.63333333333333,-0.9386754035949707,1.465464229585934
BH_s05_medium,42,200,48.666666666666664,-1.2019870281219482,1.2580857612956402
BH_s05_medium,42,201,48.7,-1.376719355583191,0.9186543421327441
BH_s05_medium,42,202,48.733333333333334,-1.4664119482040405,0.5035465507234586
BH_s05_medium,42,203,48.766666666666666,-1.0414119958877563,0.06448586934494888
BH_s05_medium,42,204,48.8,-0.09949265420436859,-0.36042012461277223
BH_s05_medium,42,205,48.833333333333336,1.0374808311462402,-0.7461612324118508
BH_s05_medium,42,206,48.86666666666667,1.6959515810012817,-1.0729798086014033
BH_s05_medium,42,207,48.9,1.5766173601150513,-1.3172337862442458
BH_s05_medium,42,208,48.93333333333333,0.9090258479118347,-1.4476841178423874
BH_s05_medium,42,209,48.96666666666667,0.1215171217918396,-1.4310004737979665
BH_s05_medium,42,210,49.0,-0.35756850242614746,-1.2451266697397332
BH_s05_medium,42,211,49.03333333333333,-0.732405960559845,-0.8943987816861823
BH_s05_medium,42,212,49.06666666666667,-0.696998119354248,-0.4185092747537994
BH_s05_medium,42,213,49.1,-0.46391114592552185,0.11033244499786123
BH_s05_medium,42,214,49.13333333333333,-0.2589541971683502,0.6023687226215841
BH_s05_medium,42,215,49.166666666666664,-0.22630372643470764,0.9724169296377703
BH_s05_medium,42,216,49.2,-0.2773805558681488,1.1617051116981374
BH_s05_medium,42,217,49.233333333333334,-0.5007638335227966,1.1526353042714923
BH_s05_medium,42,218,49.266666666666666,-0.7154244780540466,0.9722227133877551
BH_s05_medium,42,219,49.3,-0.8901568651199341,0.6830086635512967
BH_s05_medium,42,220,49.333333333333336,-0.9821430444717407,0.36325002623866315
BH_s05_medium,42,221,49.36666666666667,-0.6019899249076843,0.08179155112979668
BH_s05_medium,42,222,49.4,0.29508256912231445,-0.12326923833953879
BH_s05_medium,42,223,49.43333333333333,1.3955347537994385,-0.25264920582312356
BH_s05_medium,42,224,49.46666666666667,2.0198445320129395,-0.3365234299937623
BH_s05_medium,42,225,49.5,1.8118656873703003,-0.4120175215002028
BH_s05_medium,42,226,49.53333333333333,1.172271728515625,-0.4984827027155527
BH_s05_medium,42,227,49.56666666666667,0.38476303219795227,-0.5827289799264707
BH_s05_medium,42,228,49.6,-0.20362165570259094,-0.6214669342069021
BH_s05_medium,42,229,49.63333333333333,-0.6001601219177246,-0.5600480913170391
BH_s05_medium,42,230,49.666666666666664,-0.6520856618881226,-0.3593612823076755
BH_s05_medium,42,231,49.7,-0.4773532748222351,-0.019107591221958084
BH_s05_medium,42,232,49.733333333333334,-0.30262088775634766,0.41315913449615327
BH_s05_medium,42,233,49.766666666666666,-0.14756062626838684,0.851747850047551
BH_s05_medium,42,234,49.8,-0.23371386528015137,1.1970734413054553
BH_s05_medium,42,235,49.833333333333336,-0.4084462523460388,1.3640639930339593
BH_s05_medium,42,236,49.86666666666667,-0.6717578172683716,1.3045361505644446
BH_s05_medium,42,237,49.9,-0.846490204334259,1.0178704138739914
BH_s05_medium,42,238,49.93333333333333,-0.9349370002746582,0.5492709213940132
BH_s05_medium,42,239,49.96666666666667,-0.6833580136299133,-0.02146591934642583
BH_s05_medium,43,0,43.0,-0.16690021753311157,-0.05356008136010397
BH_s05_medium,43,1,43.03333333333333,-0.13772456347942352,0.9413216959431887
BH_s05_medium,43,2,43.06666666666667,-0.1922762244939804,1.7515209078044005
BH_s05_medium,43,3,43.1,-0.36700862646102905,2.237517020233732
BH_s05_medium,43,4,43.13333333333333,-0.630320131778717,2.337193235214896
BH_s05_medium,43,5,43.166666666666664,-0.8050525784492493,2.0788632538360203
BH_s05_medium,43,6,43.2,-0.9797849655151367,1.5683081189711996
BH_s05_medium,43,7,43.233333333333334,-0.8076709508895874,0.9537941007605778
BH_s05_medium,43,8,43.266666666666666,-0.026323284953832626,0.38108873281334305
BH_s05_medium,43,9,43.3,1.0996372699737549,-0.046696335802669006
BH_s05_medium,43,10,43.333333333333336,2.1287522315979004,-0.29224339485265577
BH_s05_medium,43,11,43.36666666666667,2.277055263519287,-0.38395433256949296
BH_s05_medium,43,12,43.4,1.7784265279769897,-0.3934946382466407
BH_s05_medium,43,13,43.43333333333333,0.9630513787269592,-0.39901716835293627
BH_s05_medium,43,14,43.46666666666667,0.14027048647403717,-0.4482429090075565
BH_s05_medium,43,15,43.5,-0.3609120845794678,-0.5369778629058314
BH_s05_medium,43,16,43.53333333333333,-0.5806203484535217,-0.6128585400844395
BH_s05_medium,43,17,43.56666666666667,-0.5442948937416077,-0.6031525204810436
BH_s05_medium,43,18,43.6,-0.2834092676639557,-0.4542478864158386
BH_s05_medium,43,19,43.63333333333333,-0.12441368401050568,-0.16442194270087165
BH_s05_medium,43,20,43.666666666666664,-0.06003037467598915,0.20609960826944496
BH_s05_medium,43,21,43.7,-0.2347627580165863,0.5536232234657422
BH_s05_medium,43,22,43.733333333333334,-0.40949514508247375,0.7703968629720436
BH_s05_medium,43,23,43.766666666666666,-0.6728066802024841,0.7873810457984047
BH_s05_medium,43,24,43.8,-0.8475390672683716,0.601446287255372
BH_s05_medium,43,25,43.833333333333336,-1.0222715139389038,0.27522967995980996
BH_s05_medium,43,26,43.86666666666667,-0.8536990284919739,-0.09008314479401892
BH_s05_medium,43,27,43.9,-0.07962805777788162,-0.3966915501713429
BH_s05_medium,43,28,43.93333333333333,1.1313055753707886,-0.5874247019557621
BH_s05_medium,43,29,43.96666666666667,2.121540069580078,-0.6613161654087654
BH_s05_medium,43,30,44.0,2.267287015914917,-0.6621768916132651
BH_s05_medium,43,31,44.03333333333333,1.6970595121383667,-0.6482420821206419
BH_s05_medium,43,32,44.06666666666667,0.9277769923210144,-0.6582743257014528
BH_s05_medium,43,33,44.1,0.12204211950302124,-0.6893105571101273
BH_s05_medium,43,34,44.13333333333333,-0.334227979183197,-0.6957695073675025
BH_s05_medium,43,35,44.166666666666664,-0.5806203484535217,-0.6108359026772165
BH_s05_medium,43,36,44.2,-0.5199710726737976,-0.38134141679055933
BH_s05_medium,43,37,44.233333333333334,-0.2870153486728668,-0.000587755644641739
BH_s05_medium,43,38,44.266666666666666,-0.13772456347942352,0.4768027467058914
BH_s05_medium,43,39,44.3,-0.13772456347942352,0.9465795284402158
BH_s05_medium,43,40,44.333333333333336,-0.2772493064403534,1.2891869952810102
BH_s05_medium,43,41,44.36666666666667,-0.5405608415603638,1.4120810475305294
BH_s05_medium,43,42,44.4,-0.8038724064826965,1.2824295451806886
BH_s05_medium,43,43,44.43333333333333,-1.0671839714050293,0.9375100427738878
BH_s05_medium,43,44,44.46666666666667,-1.1594326496124268,0.46948664068143797
BH_s05_medium,43,45,44.5,-0.7796732187271118,-0.008707157716782465
BH_s05_medium,43,46,44.53333333333333,0.16919465363025665,-0.40236730330588716
BH_s05_medium,43,47,44.56666666666667,1.3061681985855103,-0.663074309838642
BH_s05_medium,43,48,44.6,1.899596095085144,-0.7946911793636915
BH_s05_medium,43,49,44.63333333333333,1.6945680379867554,-0.8361344279718469
BH_s05_medium,43,50,44.666666666666664,0.9689521193504333,-0.83091437338877
BH_s05_medium,43,51,44.7,0.1438109427690506,-0.7995806903921614
BH_s05_medium,43,52,44.733333333333334,-0.4689653813838959,-0.7285238395681075
BH_s05_medium,43,53,44.766666666666666,-0.9543455243110657,-0.5796742920828656
BH_s05_medium,43,54,44.8,-1.0065336227416992,-0.31587956500143516
BH_s05_medium,43,55,44.833333333333336,-0.831801176071167,0.07013493212153062
BH_s05_medium,43,56,44.86666666666667,-0.5684896111488342,0.5372502375487292
BH_s05_medium,43,57,44.9,-0.4920412003993988,0.9980338880626354
BH_s05_medium,43,58,44.93333333333333,-0.4993200898170471,1.3428820072895855
BH_s05_medium,43,59,44.96666666666667,-0.7626316547393799,1.4774613671454107
BH_s05_medium,43,60,45.0,-1.0259431600570679,1.3574798786420341
BH_s05_medium,43,61,45.03333333333333,-1.200676679611206,1.0050098541076355
BH_s05_medium,43,62,45.06666666666667,-1.463987112045288,0.4991797992739036
BH_s05_medium,43,63,45.1,-1.2103760242462158,-0.053627355961865235
BH_s05_medium,43,64,45.13333333333333,-0.4398454427719116,-0.5556845084257492
BH_s05_medium,43,65,45.166666666666664,0.6801487803459167,-0.9440981817300648
BH_s05_medium,43,66,45.2,1.4967652559280396,-1.198090511780051
BH_s05_medium,43,67,45.233333333333334,1.4712547063827515,-1.3281644403217323
BH_s05_medium,43,68,45.266666666666666,0.9045677185058594,-1.355420284868221
BH_s05_medium,43,69,45.3,0.04788617417216301,-1.2921899654997282
BH_s05_medium,43,70,45.333333333333336,-0.5818705558776855,-1.1336744708864792
BH_s05_medium,43,71,45.36666666666667,-1.0635789632797241,-0.8650058089443854
BH_s05_medium,43,72,45.4,-1.2006744146347046,-0.48053669685313033
BH_s05_medium,43,73,45.43333333333333,-0.9931570291519165,-0.004898031911325755
BH_s05_medium,43,74,45.46666666666667,-0.7007354497909546,0.49785978802354663
BH_s05_medium,43,75,45.5,-0.5260030627250671,0.9361206835038037
BH_s05_medium,43,76,45.53333333333333,-0.5442325472831726,1.220721199053429
BH_s05_medium,43,77,45.56666666666667,-0.7189649343490601,1.298926504127976
BH_s05_medium,43,78,45.6,-0.8936973214149475,1.1753034876359871
BH_s05_medium,43,79,45.63333333333333,-1.068429708480835,0.9089247301835123
BH_s05_medium,43,80,45.666666666666664,-1.2006744146347046,0.5878758094872351
BH_s05_medium,43,81,45.7,-0.9518484473228455,0.2928971539181553
BH_s05_medium,43,82,45.733333333333334,-0.12670394778251648,0.06717069382132178
BH_s05_medium,43,83,45.766666666666666,0.9593261480331421,-0.09367901697016444
BH_s05_medium,43,84,45.8,1.7880055904388428,-0.22721773242648685
BH_s05_medium,43,85,45.833333333333336,1.7503008842468262,-0.37344897017666817
BH_s05_medium,43,86,45.86666666666667,1.1398816108703613,-0.5439804288884259
BH_s05_medium,43,87,45.9,0.3547987937927246,-0.7074327942629003
BH_s05_medium,43,88,45.93333333333333,-0.2955443859100342,-0.7987903606529936
BH_s05_medium,43,89,45.96666666666667,-0.7105081081390381,-0.7483070156017778
BH_s05_medium,43,90,46.0,-0.8463578224182129,-0.5165581917105753
BH_s05_medium,43,91,46.03333333333333,-0.7261738181114197,-0.11964194427843206
BH_s05_medium,43,92,46.06666666666667,-0.47866469621658325,0.3672598526753461
BH_s05_medium,43,93,46.1,-0.31488287448883057,0.8303887987690154
BH_s05_medium,43,94,46.13333333333333,-0.3234075605869293,1.1536601258028676
BH_s05_medium,43,95,46.166666666666664,-0.5042386651039124,1.2556343454643168
BH_s05_medium,43,96,46.2,-0.7614514827728271,1.1130301812055403
BH_s05_medium,43,97,46.233333333333334,-1.0235161781311035,0.7634013810538574
BH_s05_medium,43,98,46.266666666666666,-1.110916256904602,0.2882162074671871
BH_s05_medium,43,99,46.3,-0.6836194396018982,-0.21555161506585965
BH_s05_medium,43,100,46.333333333333336,0.1804066300392151,-0.6641480457894805
BH_s05_medium,43,101,46.36666666666667,1.2288010120391846,-1.0059108185499936
BH_s05_medium,43,102,46.4,1.8778305053710938,-1.2244370599354657
BH_s05_medium,43,103,46.43333333333333,1.6604759693145752,-1.3269120689495932
BH_s05_medium,43,104,46.46666666666667,0.9881637692451477,-1.3254562269173191
BH_s05_medium,43,105,46.5,0.20065507292747498,-1.2225943898563454
BH_s05_medium,43,106,46.53333333333333,-0.3417026400566101,-1.0089650993987471
BH_s05_medium,43,107,46.56666666666667,-0.7117539048194885,-0.6742339283574804
BH_s05_medium,43,108,46.6,-0.7832170128822327,-0.22501741820621146
BH_s05_medium,43,109,46.63333333333333,-0.6084846258163452,0.30039405676100117
BH_s05_medium,43,110,46.666666666666664,-0.4337522089481354,0.8299701477506416
BH_s05_medium,43,111,46.7,-0.4034620523452759,1.2723769098833633
BH_s05_medium,43,112,46.733333333333334,-0.45689916610717773,1.5434574754770947
BH_s05_medium,43,113,46.766666666666666,-0.6316315531730652,1.5937393266817215
BH_s05_medium,43,114,46.8,-0.8063639402389526,1.4248990159083346
BH_s05_medium,43,115,46.833333333333336,-0.9810963273048401,1.0878607682986985
BH_s05_medium,43,116,46.86666666666667,-1.1120953559875488,0.6632807478356121
BH_s05_medium,43,117,46.9,-0.8582862019538879,0.23287477080495117
BH_s05_medium,43,118,46.93333333333333,-0.03189591318368912,-0.14604571293403407
BH_s05_medium,43,119,46.96666666666667,1.0553799867630005,-0.4521165050565786
BH_s05_medium,43,120,47.0,1.7904971837997437,-0.6934367831841994
BH_s05_medium,43,121,47.03333333333333,1.8047847747802734,-0.8874751560109312
BH_s05_medium,43,122,47.06666666666667,1.2222318649291992,-1.038288177397719
BH_s05_medium,43,123,47.1,0.4371490776538849,-1.1234399721516535
BH_s05_medium,43,124,47.13333333333333,-0.2107025682926178,-1.0985340951931395
BH_s05_medium,43,125,47.166666666666664,-0.6244205236434937,-0.9187191236102745
BH_s05_medium,43,126,47.2,-0.7577787041664124,-0.5676687194214937
BH_s05_medium,43,127,47.233333333333334,-0.6521512866020203,-0.07958282783617684
BH_s05_medium,43,128,47.266666666666666,-0.4034620523452759,0.45844870737938764
BH_s05_medium,43,129,47.3,-0.31488287448883057,0.927919910920565
BH_s05_medium,43,130,47.333333333333336,-0.3246533274650574,1.2167957538090053
BH_s05_medium,43,131,47.36666666666667,-0.5067301988601685,1.2579362506264449
BH_s05_medium,43,132,47.4,-0.7676158547401428,1.0517889206840292
BH_s05_medium,43,133,47.43333333333333,-1.0260088443756104,0.664306319742527
BH_s05_medium,43,134,47.46666666666667,-1.2006744146347046,0.20176839833676896
BH_s05_medium,43,135,47.5,-1.2006744146347046,-0.22664839672590603
BH_s05_medium,43,136,47.53333333333333,-0.6883400082588196,-0.5437802562059852
BH_s05_medium,43,137,47.56666666666667,0.26911595463752747,-0.7239017634320652
BH_s05_medium,43,138,47.6,1.3988783359527588,-0.789938999850902
BH_s05_medium,43,139,47.63333333333333,1.9761123657226562,-0.7908397516436816
BH_s05_medium,43,140,47.666666666666664,1.6773251295089722,-0.7704942066682526
BH_s05_medium,43,141,47.7,0.9928843975067139,-0.7434586267038462
BH_s05_medium,43,142,47.733333333333334,0.1361372023820877,-0.6885621905699906
BH_s05_medium,43,143,47.766666666666666,-0.426741361618042,-0.5624047207506848
BH_s05_medium,43,144,47.8,-0.7979727387428284,-0.32599454787140303
BH_s05_medium,43,145,47.833333333333336,-0.8463578224182129,0.027833851516404436
BH_s05_medium,43,146,47.86666666666667,-0.6982439160346985,0.4595703436363437
BH_s05_medium,43,147,47.9,-0.523511528968811,0.888965403294559
BH_s05_medium,43,148,47.93333333333333,-0.4920412003993988,1.2199023378419889
BH_s05_medium,43,149,47.96666666666667,-0.5442981719970703,1.3731799710818
BH_s05_medium,43,150,48.0,-0.7190305590629578,1.3133332039938002
BH_s05_medium,43,151,48.03333333333333,-0.9823421239852905,1.0592105518819055
BH_s05_medium,43,152,48.06666666666667,-1.1570744514465332,0.6750608649142742
BH_s05_medium,43,153,48.1,-1.3318068981170654,0.2463879397651741
BH_s05_medium,43,154,48.13333333333333,-1.1688716411590576,-0.14957836222797152
BH_s05_medium,43,155,48.166666666666664,-0.4429910480976105,-0.46690732771002263
BH_s05_medium,43,156,48.2,0.6939824223518372,-0.6979978967352325
BH_s05_medium,43,157,48.233333333333334,1.6438281536102295,-0.8620753244072076
BH_s05_medium,43,158,48.266666666666666,1.7501696348190308,-0.9819415778705223
BH_s05_medium,43,159,48.3,1.1675511598587036,-1.0621508383094926
BH_s05_medium,43,160,48.333333333333336,0.3544706702232361,-1.0808644689186666
BH_s05_medium,43,161,48.36666666666667,-0.3188871145248413,-0.9999452612207343
BH_s05_medium,43,162,48.4,-0.8877976536750793,-0.787682267307312
BH_s05_medium,43,163,48.43333333333333,-1.1120953559875488,-0.4416285893704258
BH_s05_medium,43,164,48.46666666666667,-1.0076481103897095,0.0007396946680335084
BH_s05_medium,43,165,48.5,-0.7443365454673767,0.4691228244646149
BH_s05_medium,43,166,48.53333333333333,-0.5806203484535217,0.8816256570316313
BH_s05_medium,43,167,48.56666666666667,-0.5892106294631958,1.1698864288166329
BH_s05_medium,43,168,48.6,-0.7639430165290833,1.2972062832929672
BH_s05_medium,43,169,48.63333333333333,-0.9386754035949707,1.2633288944927454
BH_s05_medium,43,170,48.666666666666664,-1.2019870281219482,1.0961414674508347
BH_s05_medium,43,171,48.7,-1.376719355583191,0.83596755601041
BH_s05_medium,43,172,48.733333333333334,-1.4664119482040405,0.5201950939446682
BH_s05_medium,43,173,48.766666666666666,-1.0414119958877563,0.1746529963690919
BH_s05_medium,43,174,48.8,-0.09949265420436859,-0.1854299523194874
BH_s05_medium,43,175,48.833333333333336,1.0374808311462402,-0.5465580679129973
BH_s05_medium,43,176,48.86666666666667,1.6959515810012817,-0.8857866636690284
BH_s05_medium,43,177,48.9,1.5766173601150513,-1.1644012388308862
BH_s05_medium,43,178,48.93333333333333,0.9090258479118347,-1.3318254118664596
BH_s05_medium,43,179,48.96666666666667,0.1215171217918396,-1.3403764120718415
BH_s05_medium,43,180,49.0,-0.35756850242614746,-1.1656515401592795
BH_s05_medium,43,181,49.03333333333333,-0.732405960559845,-0.8231352910574515
BH_s05_medium,43,182,49.06666666666667,-0.696998119354248,-0.3716136399207026
BH_s05_medium,43,183,49.1,-0.46391114592552185,0.1006161357988682
BH_s05_medium,43,184,49.13333333333333,-0.2589541971683502,0.5018982774417923
BH_s05_medium,43,185,49.166666666666664,-0.22630372643470764,0.7644629321101288
BH_s05_medium,43,186,49.2,-0.2773805558681488,0.8619796662040444
BH_s05_medium,43,187,49.233333333333334,-0.5007638335227966,0.8123097451472072
BH_s05_medium,43,188,49.266666666666666,-0.7154244780540466,0.6666356827062461
BH_s05_medium,43,189,49.3,-0.8901568651199341,0.4899642915124236
BH_s05_medium,43,190,49.333333333333336,-0.9821430444717407,0.3388916057264337
BH_s05_medium,43,191,49.36666666666667,-0.6019899249076843,0.24268125348533887
BH_s05_medium,43,192,49.4,0.29508256912231445,0.1943765428301511
BH_s05_medium,43,193,49.43333333333333,1.3955347537994385,0.15711407110022318
BH_s05_medium,43,194,49.46666666666667,2.0198445320129395,0.08482791345428745
BH_s05_medium,43,195,49.5,1.8118656873703003,-0.051087529675612246
BH_s05_medium,43,196,49.53333333333333,1.172271728515625,-0.24193353223690084
BH_s05_medium,43,197,49.56666666666667,0.38476303219795227,-0.43930030291427846
BH_s05_medium,43,198,49.6,-0.20362165570259094,-0.5724352664361256
BH_s05_medium,43,199,49.63333333333333,-0.6001601219177246,-0.5780563363234877
BH_s05_medium,43,200,49.666666666666664,-0.6520856618881226,-0.42951729124171445
BH_s05_medium,43,201,49.7,-0.4773532748222351,-0.15228818540107533
BH_s05_medium,43,202,49.733333333333334,-0.30262088775634766,0.18190337042169424
BH_s05_medium,43,203,49.766666666666666,-0.14756062626838684,0.4805247912496089
BH_s05_medium,43,204,49.8,-0.23371386528015137,0.6637053292718849
BH_s05_medium,43,205,49.833333333333336,-0.4084462523460388,0.6904183467907785
BH_s05_medium,43,206,49.86666666666667,-0.6717578172683716,0.5676073258141968
BH_s05_medium,43,207,49.9,-0.846490204334259,0.34170840270374414
BH_s05_medium,43,208,49.93333333333333,-0.9349370002746582,0.07811643428447466
BH_s05_medium,43,209,49.96666666666667,-0.6833580136299133,-0.16335115369364603
BH_s05_medium,43,210,50.0,0.09228575229644775,-0.3480894605275936
BH_s05_medium,43,211,50.03333333333333,1.222113847732544,-0.4738876099937321
BH_s05_medium,43,212,50.06666666666667,2.040762424468994,-0.5626665011394313
BH_s05_medium,43,213,50.1,1.9284424781799316,-0.6405200212429557
BH_s05_medium,43,214,50.13333333333333,1.2752084732055664,-0.7159153388168485
BH_s05_medium,43,215,50.166666666666664,0.49012571573257446,-0.7677953336668347
BH_s05_medium,43,216,50.2,-0.0943225845694542,-0.7510089393651128
BH_s05_medium,43,217,50.233333333333334,-0.5323665142059326,-0.6176215082347634
BH_s05_medium,43,218,50.266666666666666,-0.6071732044219971,-0.34368673788038967
BH_s05_medium,43,219,50.3,-0.5210199952125549,0.05254315182787086
BH_s05_medium,43,220,50.333333333333336,-0.3462875783443451,0.5104893136962876
BH_s05_medium,43,221,50.36666666666667,-0.22630372643470764,0.944971411815833
BH_s05_medium,43,222,50.4,-0.27862632274627686,1.272527770894483
BH_s05_medium,43,223,50.43333333333333,-0.4533587098121643,1.4342721374112255
BH_s05_medium,43,224,50.46666666666667,-0.6755618453025818,1.40787652973777
BH_s05_medium,43,225,50.5,-0.8914026618003845,1.2080482760363918
BH_s05_medium,43,226,50.53333333333333,-1.066135048866272,0.8782847656156902
BH_s05_medium,43,227,50.56666666666667,-1.0719023942947388,0.47726756664575265
BH_s05_medium,43,228,50.6,-0.6575226783752441,0.06369486468578212
BH_s05_medium,43,229,50.63333333333333,0.2514804005622864,-0.31618158312477396
BH_s05_medium,43,230,50.666666666666664,1.3226234912872314,-0.6346981268836893
BH_s05_medium,43,231,50.7,1.8110169172286987,-0.8812896551764594
BH_s05_medium,43,232,50.733333333333334,1.5216052532196045,-1.0554004422081984
BH_s05_medium,43,233,50.766666666666666,0.7970383167266846,-1.158284889184612
BH_s05_medium,43,234,50.8,-0.030200673267245293,-1.1881197078821133
BH_s05_medium,43,235,50.833333333333336,-0.6221914291381836,-1.1404137702631334
BH_s05_medium,43,236,50.86666666666667,-0.9532966017723083,-1.0124374563168952
BH_s05_medium,43,237,50.9,-1.007582426071167,-0.8083304668163113
BH_s05_medium,43,238,50.93333333333333,-0.8328500986099243,-0.5418715087846798
BH_s05_medium,43,239,50.96666666666667,-0.6581177115440369,-0.23592756101955056
BH_s05_medium,44,0,44.0,2.267287015914917,0.047908649678502856
BH_s05_medium,44,1,44.03333333333333,1.6970595121383667,0.1735345458578794
BH_s05_medium,44,2,44.06666666666667,0.9277769923210144,0.28401578544042894
BH_s05_medium,44,3,44.1,0.12204211950302124,0.37778743732917425
BH_s05_medium,44,4,44.13333333333333,-0.334227979183197,0.47294821414570754
BH_s05_medium,44,5,44.166666666666664,-0.5806203484535217,0.6008578582169422
BH_s05_medium,44,6,44.2,-0.5199710726737976,0.7882155150061247
BH_s05_medium,44,7,44.233333333333334,-0.2870153486728668,1.0361059426028087
BH_s05_medium,44,8,44.266666666666666,-0.13772456347942352,1.307982725012643
BH_s05_medium,44,9,44.3,-0.13772456347942352,1.5350838861190284
BH_s05_medium,44,10,44.333333333333336,-0.2772493064403534,1.638556928214198
BH_s05_medium,44,11,44.36666666666667,-0.5405608415603638,1.5586226258149354
BH_s05_medium,44,12,44.4,-0.8038724064826965,1.278083633546149
BH_s05_medium,44,13,44.43333333333333,-1.0671839714050293,0.8306706489529172
BH_s05_medium,44,14,44.46666666666667,-1.1594326496124268,0.29126821046226825
BH_s05_medium,44,15,44.5,-0.7796732187271118,-0.2478104307298421
BH_s05_medium,44,16,44.53333333333333,0.16919465363025665,-0.7050150050027074
BH_s05_medium,44,17,44.56666666666667,1.3061681985855103,-1.031177350107782
BH_s05_medium,44,18,44.6,1.899596095085144,-1.216491729201215
BH_s05_medium,44,19,44.63333333333333,1.6945680379867554,-1.2813330330547907
BH_s05_medium,44,20,44.666666666666664,0.9689521193504333,-1.256816094028833
BH_s05_medium,44,21,44.7,0.1438109427690506,-1.1653996973091145
BH_s05_medium,44,22,44.733333333333334,-0.4689653813838959,-1.0107993191216285
BH_s05_medium,44,23,44.766666666666666,-0.9543455243110657,-0.7813396497399612
BH_s05_medium,44,24,44.8,-1.0065336227416992,-0.46466292786564345
BH_s05_medium,44,25,44.833333333333336,-0.831801176071167,-0.06657498542129146
BH_s05_medium,44,26,44.86666666666667,-0.5684896111488342,0.37564649641249576
BH_s05_medium,44,27,44.9,-0.4920412003993988,0.7934477444334909
BH_s05_medium,44,28,44.93333333333333,-0.4993200898170471,1.1028112003639725
BH_s05_medium,44,29,44.96666666666667,-0.7626316547393799,1.2304114610754044
BH_s05_medium,44,30,45.0,-1.0259431600570679,1.1395073537992289
BH_s05_medium,44,31,45.03333333333333,-1.200676679611206,0.8442628341798749
BH_s05_medium,44,32,45.06666666666667,-1.463987112045288,0.4058024412935672
BH_s05_medium,44,33,45.1,-1.2103760242462158,-0.08842032133596037
BH_s05_medium,44,34,45.13333333333333,-0.4398454427719116,-0.5522516647238201
BH_s05_medium,44,35,45.166666666666664,0.6801487803459167,-0.9229062559433617
BH_s05_medium,44,36,45.2,1.4967652559280396,-1.169447163168654
BH_s05_medium,44,37,45.233333333333334,1.4712547063827515,-1.2875610010006135
BH_s05_medium,44,38,45.266666666666666,0.9045677185058594,-1.2863880719415515
BH_s05_medium,44,39,45.3,0.04788617417216301,-1.1752821092788281
BH_s05_medium,44,40,45.333333333333336,-0.5818705558776855,-0.9573254361233153
BH_s05_medium,44,41,45.36666666666667,-1.0635789632797241,-0.6329363187305775
BH_s05_medium,44,42,45.4,-1.2006744146347046,-0.21190252197228612
BH_s05_medium,44,43,45.43333333333333,-0.9931570291519165,0.27295973429375786
BH_s05_medium,44,44,45.46666666666667,-0.7007354497909546,0.7602143801763175
BH_s05_medium,44,45,45.5,-0.5260030627250671,1.1692388390914166
BH_s05_medium,44,46,45.53333333333333,-0.5442325472831726,1.4230251000001892
BH_s05_medium,44,47,45.56666666666667,-0.7189649343490601,1.4741895582392233
BH_s05_medium,44,48,45.6,-0.8936973214149475,1.3218579556749401
BH_s05_medium,44,49,45.63333333333333,-1.068429708480835,1.011526383770477
BH_s05_medium,44,50,45.666666666666664,-1.2006744146347046,0.6177604261204452
BH_s05_medium,44,51,45.7,-0.9518484473228455,0.21735268874940172
BH_s05_medium,44,52,45.733333333333334,-0.12670394778251648,-0.13482533895847112
BH_s05_medium,44,53,45.766666666666666,0.9593261480331421,-0.41638204186583033
BH_s05_medium,44,54,45.8,1.7880055904388428,-0.630850550265564
BH_s05_medium,44,55,45.833333333333336,1.7503008842468262,-0.7895929897556819
BH_s05_medium,44,56,45.86666666666667,1.1398816108703613,-0.893273400568407
BH_s05_medium,44,57,45.9,0.3547987937927246,-0.9234234126534423
BH_s05_medium,44,58,45.93333333333333,-0.2955443859100342,-0.8486518748561461
BH_s05_medium,44,59,45.96666666666667,-0.7105081081390381,-0.6422142553034831
BH_s05_medium,44,60,46.0,-0.8463578224182129,-0.30203934822053086
BH_s05_medium,44,61,46.03333333333333,-0.7261738181114197,0.1367751161066639
BH_s05_medium,44,62,46.06666666666667,-0.47866469621658325,0.6034597600506325
BH_s05_medium,44,63,46.1,-0.31488287448883057,1.0073355635851329
BH_s05_medium,44,64,46.13333333333333,-0.3234075605869293,1.2621601254081583
BH_s05_medium,44,65,46.166666666666664,-0.5042386651039124,1.3102377031647279
BH_s05_medium,44,66,46.2,-0.7614514827728271,1.138184938367667
BH_s05_medium,44,67,46.233333333333334,-1.0235161781311035,0.7796019126807744
BH_s05_medium,44,68,46.266666666666666,-1.110916256904602,0.3041108310441481
BH_s05_medium,44,69,46.3,-0.6836194396018982,-0.20342151674531073
BH_s05_medium,44,70,46.333333333333336,0.1804066300392151,-0.6659424039787887
BH_s05_medium,44,71,46.36666666666667,1.2288010120391846,-1.030896074386231
BH_s05_medium,44,72,46.4,1.8778305053710938,-1.2747229321390117
BH_s05_medium,44,73,46.43333333333333,1.6604759693145752,-1.3952035643107492
BH_s05_medium,44,74,46.46666666666667,0.9881637692451477,-1.3976860824381663
BH_s05_medium,44,75,46.5,0.20065507292747498,-1.2839317102363168
BH_s05_medium,44,76,46.53333333333333,-0.3417026400566101,-1.0499684612792606
BH_s05_medium,44,77,46.56666666666667,-0.7117539048194885,-0.6938534414062221
BH_s05_medium,44,78,46.6,-0.7832170128822327,-0.22891601395753283
BH_s05_medium,44,79,46.63333333333333,-0.6084846258163452,0.30501093931500656
BH_s05_medium,44,80,46.666666666666664,-0.4337522089481354,0.8396852848332208
BH_s05_medium,44,81,46.7,-0.4034620523452759,1.2894835362312598
BH_s05_medium,44,82,46.733333333333334,-0.45689916610717773,1.572910289015606
BH_s05_medium,44,83,46.766666666666666,-0.6316315531730652,1.636727938853647
BH_s05_medium,44,84,46.8,-0.8063639402389526,1.4729813140228418
BH_s05_medium,44,85,46.833333333333336,-0.9810963273048401,1.12168744936442
BH_s05_medium,44,86,46.86666666666667,-1.1120953559875488,0.6577009284797711
BH_s05_medium,44,87,46.9,-0.8582862019538879,0.1668814151590317
BH_s05_medium,44,88,46.93333333333333,-0.03189591318368912,-0.27866858274162687
BH_s05_medium,44,89,46.96666666666667,1.0553799867630005,-0.6362641955772743
BH_s05_medium,44,90,47.0,1.7904971837997437,-0.8937507253938702
BH_s05_medium,44,91,47.03333333333333,1.8047847747802734,-1.0576362024599428
BH_s05_medium,44,92,47.06666666666667,1.2222318649291992,-1.1357198129412078
BH_s05_medium,44,93,47.1,0.4371490776538849,-1.123932458968602
BH_s05_medium,44,94,47.13333333333333,-0.2107025682926178,-1.0047828355144028
BH_s05_medium,44,95,47.166666666666664,-0.6244205236434937,-0.7589052781953731
BH_s05_medium,44,96,47.2,-0.7577787041664124,-0.38425674287728245
BH_s05_medium,44,97,47.233333333333334,-0.6521512866020203,0.08719692347958102
BH_s05_medium,44,98,47.266666666666666,-0.4034620523452759,0.5853803888729696
BH_s05_medium,44,99,47.3,-0.31488287448883057,1.0153609891014606
BH_s05_medium,44,100,47.333333333333336,-0.3246533274650574,1.2843421304468379
BH_s05_medium,44,101,47.36666666666667,-0.5067301988601685,1.331750642655049
BH_s05_medium,44,102,47.4,-0.7676158547401428,1.1499133580793348
BH_s05_medium,44,103,47.43333333333333,-1.0260088443756104,0.7867066650432645
BH_s05_medium,44,104,47.46666666666667,-1.2006744146347046,0.3290889902137814
BH_s05_medium,44,105,47.5,-1.2006744146347046,-0.12583500782787685
BH_s05_medium,44,106,47.53333333333333,-0.6883400082588196,-0.500828290554584
BH_s05_medium,44,107,47.56666666666667,0.26911595463752747,-0.75808284173075
BH_s05_medium,44,108,47.6,1.3988783359527588,-0.9012066939562419
BH_s05_medium,44,109,47.63333333333333,1.9761123657226562,-0.9600621351387456
BH_s05_medium,44,110,47.666666666666664,1.6773251295089722,-0.9666668795935486
BH_s05_medium,44,111,47.7,0.9928843975067139,-0.9343031871489869
BH_s05_medium,44,112,47.733333333333334,0.1361372023820877,-0.8497141382061885
BH_s05_medium,44,113,47.766666666666666,-0.426741361618042,-0.6816475565368587
BH_s05_medium,44,114,47.8,-0.7979727387428284,-0.4016650734096023
BH_s05_medium,44,115,47.833333333333336,-0.8463578224182129,-0.007617918322000115
BH_s05_medium,44,116,47.86666666666667,-0.6982439160346985,0.4617115482512152
BH_s05_medium,44,117,47.9,-0.523511528968811,0.9290610912678499
BH_s05_medium,44,118,47.93333333333333,-0.4920412003993988,1.2987238534451682
BH_s05_medium,44,119,47.96666666666667,-0.5442981719970703,1.4864783650199802
BH_s05_medium,44,120,48.0,-0.7190305590629578,1.447489897181894
BH_s05_medium,44,121,48.03333333333333,-0.9823421239852905,1.1912468830166933
BH_s05_medium,44,122,48.06666666666667,-1.1570744514465332,0.7777487748017478
BH_s05_medium,44,123,48.1,-1.3318068981170654,0.2964867778626996
BH_s05_medium,44,124,48.13333333333333,-1.1688716411590576,-0.16334214301228073
BH_s05_medium,44,125,48.166666666666664,-0.4429910480976105,-0.5392778496786358
BH_s05_medium,44,126,48.2,0.6939824223518372,-0.8080190297769333
BH_s05_medium,44,127,48.233333333333334,1.6438281536102295,-0.9796123105421599
BH_s05_medium,44,128,48.266666666666666,1.7501696348190308,-1.0781099301245836
BH_s05_medium,44,129,48.3,1.1675511598587036,-1.1198582284138245
BH_s05_medium,44,130,48.333333333333336,0.3544706702232361,-1.1008032576949665
BH_s05_medium,44,131,48.36666666666667,-0.3188871145248413,-0.998638117635366
BH_s05_medium,44,132,48.4,-0.8877976536750793,-0.787678987980708
BH_s05_medium,44,133,48.43333333333333,-1.1120953559875488,-0.4582156961678591
BH_s05_medium,44,134,48.46666666666667,-1.0076481103897095,-0.03058519543290629
BH_s05_medium,44,135,48.5,-0.7443365454673767,0.44269540637161997
BH_s05_medium,44,136,48.53333333333333,-0.5806203484535217,0.8877926485002421
BH_s05_medium,44,137,48.56666666666667,-0.5892106294631958,1.2289805716154063
BH_s05_medium,44,138,48.6,-0.7639430165290833,1.4090150591467971
BH_s05_medium,44,139,48.63333333333333,-0.9386754035949707,1.4030041262236104
BH_s05_medium,44,140,48.666666666666664,-1.2019870281219482,1.2214379582330679
BH_s05_medium,44,141,48.7,-1.376719355583191,0.9025622761921558
BH_s05_medium,44,142,48.733333333333334,-1.4664119482040405,0.49828053058458704
BH_s05_medium,44,143,48.766666666666666,-1.0414119958877563,0.059840884741383944
BH_s05_medium,44,144,48.8,-0.09949265420436859,-0.3709843547381845
BH_s05_medium,44,145,48.833333333333336,1.0374808311462402,-0.7625936783360269
BH_s05_medium,44,146,48.86666666666667,1.6959515810012817,-1.0879236416280806
BH_s05_medium,44,147,48.9,1.5766173601150513,-1.3178137372966867
BH_s05_medium,44,148,48.93333333333333,0.9090258479118347,-1.4193101627575948
BH_s05_medium,44,149,48.96666666666667,0.1215171217918396,-1.3621092438465259
BH_s05_medium,44,150,49.0,-0.35756850242614746,-1.1314865124525013
BH_s05_medium,44,151,49.03333333333333,-0.732405960559845,-0.7416202448784063
BH_s05_medium,44,152,49.06666666666667,-0.696998119354248,-0.24171478949155242
BH_s05_medium,44,153,49.1,-0.46391114592552185,0.2900890489564566
BH_s05_medium,44,154,49.13333333333333,-0.2589541971683502,0.7643545687318553
BH_s05_medium,44,155,49.166666666666664,-0.22630372643470764,1.1033467646484552
BH_s05_medium,44,156,49.2,-0.2773805558681488,1.2609120678633416
BH_s05_medium,44,157,49.233333333333334,-0.5007638335227966,1.2323929261722468
BH_s05_medium,44,158,49.266666666666666,-0.7154244780540466,1.0518908026017968
BH_s05_medium,44,159,49.3,-0.8901568651199341,0.7785279020952661
BH_s05_medium,44,160,49.333333333333336,-0.9821430444717407,0.47626434945861007
BH_s05_medium,44,161,49.36666666666667,-0.6019899249076843,0.19375198768963586
BH_s05_medium,44,162,49.4,0.29508256912231445,-0.048166226388821974
BH_s05_medium,44,163,49.43333333333333,1.3955347537994385,-0.2555033475249403
BH_s05_medium,44,164,49.46666666666667,2.0198445320129395,-0.4467976726552657
BH_s05_medium,44,165,49.5,1.8118656873703003,-0.6325038347578747
BH_s05_medium,44,166,49.53333333333333,1.172271728515625,-0.7990234099871945
BH_s05_medium,44,167,49.56666666666667,0.38476303219795227,-0.9064690278452474
BH_s05_medium,44,168,49.6,-0.20362165570259094,-0.9024268206163797
BH_s05_medium,44,169,49.63333333333333,-0.6001601219177246,-0.746017470523567
BH_s05_medium,44,170,49.666666666666664,-0.6520856618881226,-0.4316362253730522
BH_s05_medium,44,171,49.7,-0.4773532748222351,-0.001405602333712981
BH_s05_medium,44,172,49.733333333333334,-0.30262088775634766,0.4606549854588412
BH_s05_medium,44,173,49.766666666666666,-0.14756062626838684,0.8521998681608985
BH_s05_medium,44,174,49.8,-0.23371386528015137,1.0847868723307035
BH_s05_medium,44,175,49.833333333333336,-0.4084462523460388,1.1112955207448645
BH_s05_medium,44,176,49.86666666666667,-0.6717578172683716,0.9379611863090381
BH_s05_medium,44,177,49.9,-0.846490204334259,0.6177711623159781
BH_s05_medium,44,178,49.93333333333333,-0.9349370002746582,0.22901835387524902
BH_s05_medium,44,179,49.96666666666667,-0.6833580136299133,-0.15227774341622305
BH_s05_medium,44,180,50.0,0.09228575229644775,-0.47518611706067126
BH_s05_medium,44,181,50.03333333333333,1.222113847732544,-0.7228591719846414
BH_s05_medium,44,182,50.06666666666667,2.040762424468994,-0.9047630189221603
BH_s05_medium,44,183,50.1,1.9284424781799316,-1.0370952932875532
BH_s05_medium,44,184,50.13333333333333,1.2752084732055664,-1.1222101593569807
BH_s05_medium,44,185,50.166666666666664,0.49012571573257446,-1.1384729949280674
BH_s05_medium,44,186,50.2,-0.0943225845694542,-1.046547017986678
BH_s05_medium,44,187,50.233333333333334,-0.5323665142059326,-0.8095659106383069
BH_s05_medium,44,188,50.266666666666666,-0.6071732044219971,-0.41742280223435796
BH_s05_medium,44,189,50.3,-0.5210199952125549,0.09705567982590299
BH_s05_medium,44,190,50.333333333333336,-0.3462875783443451,0.6587739051000321
BH_s05_medium,44,191,50.36666666666667,-0.22630372643470764,1.1687092035557076
BH_s05_medium,44,192,50.4,-0.27862632274627686,1.532309894151902
BH_s05_medium,44,193,50.43333333333333,-0.4533587098121643,1.6860316321235134
BH_s05_medium,44,194,50.46666666666667,-0.6755618453025818,1.6122933216470239
BH_s05_medium,44,195,50.5,-0.8914026618003845,1.3392151263842955
BH_s05_medium,44,196,50.53333333333333,-1.066135048866272,0.9273922684621568
BH_s05_medium,44,197,50.56666666666667,-1.0719023942947388,0.44993835336234383
BH_s05_medium,44,198,50.6,-0.6575226783752441,-0.026316693791080956
BH_s05_medium,44,199,50.63333333333333,0.2514804005622864,-0.4519135517726699
BH_s05_medium,44,200,50.666666666666664,1.3226234912872314,-0.7957081460024761
BH_s05_medium,44,201,50.7,1.8110169172286987,-1.0382509047090083
BH_s05_medium,44,202,50.733333333333334,1.5216052532196045,-1.1635993125095203
BH_s05_medium,44,203,50.766666666666666,0.7970383167266846,-1.1558599930088613
BH_s05_medium,44,204,50.8,-0.030200673267245293,-1.0037732268897557
BH_s05_medium,44,205,50.833333333333336,-0.6221914291381836,-0.7117045519011511
BH_s05_medium,44,206,50.86666666666667,-0.9532966017723083,-0.31081427021530544
BH_s05_medium,44,207,50.9,-1.007582426071167,0.13752526140827148
BH_s05_medium,44,208,50.93333333333333,-0.8328500986099243,0.5513525566264826
BH_s05_medium,44,209,50.96666666666667,-0.6581177115440369,0.8497774927965257
BH_s05_medium,44,210,51.0,-0.5806203484535217,0.9785858022803429
BH_s05_medium,44,211,51.03333333333333,-0.5868503451347351,0.9280698332860626
BH_s05_medium,44,212,51.06666666666667,-0.8501619100570679,0.7340389273747958
BH_s05_medium,44,213,51.1,-1.0262724161148071,0.46082712887535254
BH_s05_medium,44,214,51.13333333333333,-1.288205862045288,0.1741249726194898
BH_s05_medium,44,215,51.166666666666664,-1.4629381895065308,-0.0834113358668581
BH_s05_medium,44,216,51.2,-1.212473750114441,-0.3026147189558384
BH_s05_medium,44,217,51.233333333333334,-0.36483636498451233,-0.5005839003596386
BH_s05_medium,44,218,51.266666666666666,0.672806441783905,-0.7009097084473046
BH_s05_medium,44,219,51.3,1.4925696849822998,-0.9121222443758865
BH_s05_medium,44,220,51.333333333333336,1.4879070520401,-1.1149020518912387
BH_s05_medium,44,221,51.36666666666667,0.9087633490562439,-1.2637105748102166
BH_s05_medium,44,222,51.4,0.2098337709903717,-1.3020420553524543
BH_s05_medium,44,223,51.43333333333333,-0.4233977794647217,-1.185014182086343
BH_s05_medium,44,224,51.46666666666667,-0.8843228816986084,-0.9001456723349232
BH_s05_medium,44,225,51.5,-0.9349370002746582,-0.47771741533619827
BH_s05_medium,44,226,51.53333333333333,-0.72951740026474,0.014056038452418955
BH_s05_medium,44,227,51.56666666666667,-0.4686317443847656,0.48777041779163527
BH_s05_medium,44,228,51.6,-0.2613145112991333,0.8621998229463921
BH_s05_medium,44,229,51.63333333333333,-0.13772456347942352,1.084319906907142
BH_s05_medium,44,230,51.666666666666664,-0.0491454117000103,1.1404067230310089
BH_s05_medium,44,231,51.7,-0.1840151697397232,1.0540526088969366
BH_s05_medium,44,232,51.733333333333334,-0.40261220932006836,0.8740230807026371
BH_s05_medium,44,233,51.766666666666666,-0.6220591068267822,0.6577086551807174
BH_s05_medium,44,234,51.8,-0.6797530651092529,0.4560724476418049
BH_s05_medium,44,235,51.833333333333336,-0.13194845616817474,0.30399914258874794
BH_s05_medium,44,236,51.86666666666667,0.8644536137580872,0.21701909932205019
BH_s05_medium,44,237,51.9,1.8176428079605103,0.19297440558448306
BH_s05_medium,44,238,51.93333333333333,2.047445297241211,0.2162793235105656
BH_s05_medium,44,239,51.96666666666667,1.7303674221038818,0.26294503775599365
BH_s05_medium,45,0,45.0,-1.0259431600570679,0.03502442046904257
BH_s05_medium,45,1,45.03333333333333,-1.200676679611206,0.22435673082128943
BH_s05_medium,45,2,45.06666666666667,-1.463987112045288,0.352494772977737
BH_s05_medium,45,3,45.1,-1.2103760242462158,0.3761059839251128
BH_s05_medium,45,4,45.13333333333333,-0.4398454427719116,0.2799532740163934
BH_s05_medium,45,5,45.166666666666664,0.6801487803459167,0.08137581733559664
BH_s05_medium,45,6,45.2,1.4967652559280396,-0.17419001421335484
BH_s05_medium,45,7,45.233333333333334,1.4712547063827515,-0.4248083903644116
BH_s05_medium,45,8,45.266666666666666,0.9045677185058594,-0.6068494170563299
BH_s05_medium,45,9,45.3,0.04788617417216301,-0.6691008947962749
BH_s05_medium,45,10,45.333333333333336,-0.5818705558776855,-0.5837454910863002
BH_s05_medium,45,11,45.36666666666667,-1.0635789632797241,-0.3533248440110051
BH_s05_medium,45,12,45.4,-1.2006744146347046,-0.013240287653419704
BH_s05_medium,45,13,45.43333333333333,-0.9931570291519165,0.37174361229444675
BH_s05_medium,45,14,45.46666666666667,-0.7007354497909546,0.7196491803318029
BH_s05_medium,45,15,45.5,-0.5260030627250671,0.9524231054580232
BH_s05_medium,45,16,45.53333333333333,-0.5442325472831726,1.0199790206205268
BH_s05_medium,45,17,45.56666666666667,-0.7189649343490601,0.9164528453166164
BH_s05_medium,45,18,45.6,-0.8936973214149475,0.6805574946255871
BH_s05_medium,45,19,45.63333333333333,-1.068429708480835,0.37955225011288396
BH_s05_medium,45,20,45.666666666666664,-1.2006744146347046,0.08366585315615294
BH_s05_medium,45,21,45.7,-0.9518484473228455,-0.15828617291731026
BH_s05_medium,45,22,45.733333333333334,-0.12670394778251648,-0.3319167062459477
BH_s05_medium,45,23,45.766666666666666,0.9593261480331421,-0.4536317888015195
BH_s05_medium,45,24,45.8,1.7880055904388428,-0.5525838967583784
BH_s05_medium,45,25,45.833333333333336,1.7503008842468262,-0.6473395522252182
BH_s05_medium,45,26,45.86666666666667,1.1398816108703613,-0.7292727839686265
BH_s05_medium,45,27,45.9,0.3547987937927246,-0.7617173566462375
BH_s05_medium,45,28,45.93333333333333,-0.2955443859100342,-0.6960189868037948
BH_s05_medium,45,29,45.96666666666667,-0.7105081081390381,-0.4970678318065384
BH_s05_medium,45,30,46.0,-0.8463578224182129,-0.16622710031026516
BH_s05_medium,45,31,46.03333333333333,-0.7261738181114197,0.2493745844001651
BH_s05_medium,45,32,46.06666666666667,-0.47866469621658325,0.6662527633812959
BH_s05_medium,45,33,46.1,-0.31488287448883057,0.9894163649409046
BH_s05_medium,45,34,46.13333333333333,-0.3234075605869293,1.1423463768725348
BH_s05_medium,45,35,46.166666666666664,-0.5042386651039124,1.089780332867483
BH_s05_medium,45,36,46.2,-0.7614514827728271,0.845225965772035
BH_s05_medium,45,37,46.233333333333334,-1.0235161781311035,0.4624627146456763
BH_s05_medium,45,38,46.266666666666666,-1.110916256904602,0.016357115608164156
BH_s05_medium,45,39,46.3,-0.6836194396018982,-0.41893958937674297
BH_s05_medium,45,40,46.333333333333336,0.1804066300392151,-0.7869159264929454
BH_s05_medium,45,41,46.36666666666667,1.2288010120391846,-1.0560226496047678
BH_s05_medium,45,42,46.4,1.8778305053710938,-1.2164059753899314
BH_s05_medium,45,43,46.43333333333333,1.6604759693145752,-1.2692022067127753
BH_s05_medium,45,44,46.46666666666667,0.9881637692451477,-1.2150586819838527
BH_s05_medium,45,45,46.5,0.20065507292747498,-1.0490184887316987
BH_s05_medium,45,46,46.53333333333333,-0.3417026400566101,-0.7651197149419068
BH_s05_medium,45,47,46.56666666666667,-0.7117539048194885,-0.3682987212025109
BH_s05_medium,45,48,46.6,-0.7832170128822327,0.11311954368191163
BH_s05_medium,45,49,46.63333333333333,-0.6084846258163452,0.6220838478955139
BH_s05_medium,45,50,46.666666666666664,-0.4337522089481354,1.0797975266603963
BH_s05_medium,45,51,46.7,-0.4034620523452759,1.4046978713544571
BH_s05_medium,45,52,46.733333333333334,-0.45689916610717773,1.5368167979063252
BH_s05_medium,45,53,46.766666666666666,-0.6316315531730652,1.4573051691484422
BH_s05_medium,45,54,46.8,-0.8063639402389526,1.1944309901097767
BH_s05_medium,45,55,46.833333333333336,-0.9810963273048401,0.8131478838767034
BH_s05_medium,45,56,46.86666666666667,-1.1120953559875488,0.3924263455018785
BH_s05_medium,45,57,46.9,-0.8582862019538879,-0.00023634383966732262
BH_s05_medium,45,58,46.93333333333333,-0.03189591318368912,-0.3266219829899406
BH_s05_medium,45,59,46.96666666666667,1.0553799867630005,-0.5809106178093402
BH_s05_medium,45,60,47.0,1.7904971837997437,-0.7777671979861458
BH_s05_medium,45,61,47.03333333333333,1.8047847747802734,-0.9319091083620973
BH_s05_medium,45,62,47.06666666666667,1.2222318649291992,-1.03965104786179
BH_s05_medium,45,63,47.1,0.4371490776538849,-1.07225269180426
BH_s05_medium,45,64,47.13333333333333,-0.2107025682926178,-0.9856607976869757
BH_s05_medium,45,65,47.166666666666664,-0.6244205236434937,-0.7435069244149436
BH_s05_medium,45,66,47.2,-0.7577787041664124,-0.34325318633320173
BH_s05_medium,45,67,47.233333333333334,-0.6521512866020203,0.16751436002247144
BH_s05_medium,45,68,47.266666666666666,-0.4034620523452759,0.694532470690633
BH_s05_medium,45,69,47.3,-0.31488287448883057,1.1214463019393612
BH_s05_medium,45,70,47.333333333333336,-0.3246533274650574,1.346595106863835
BH_s05_medium,45,71,47.36666666666667,-0.5067301988601685,1.3167029847912042
BH_s05_medium,45,72,47.4,-0.7676158547401428,1.0437204795287898
BH_s05_medium,45,73,47.43333333333333,-1.0260088443756104,0.5988487484340727
BH_s05_medium,45,74,47.46666666666667,-1.2006744146347046,0.08722086935301335
BH_s05_medium,45,75,47.5,-1.2006744146347046,-0.38623070456286734
BH_s05_medium,45,76,47.53333333333333,-0.6883400082588196,-0.7468472125203093
BH_s05_medium,45,77,47.56666666666667,0.26911595463752747,-0.9658185701282165
BH_s05_medium,45,78,47.6,1.3988783359527588,-1.0567085711034219
BH_s05_medium,45,79,47.63333333333333,1.9761123657226562,-1.056036939406678
BH_s05_medium,45,80,47.666666666666664,1.6773251295089722,-0.9978991437807263
BH_s05_medium,45,81,47.7,0.9928843975067139,-0.8950016049150832
BH_s05_medium,45,82,47.733333333333334,0.1361372023820877,-0.7346287976097595
BH_s05_medium,45,83,47.766666666666666,-0.426741361618042,-0.4906165219811349
BH_s05_medium,45,84,47.8,-0.7979727387428284,-0.14541934463750789
BH_s05_medium,45,85,47.833333333333336,-0.8463578224182129,0.2881816595544004
BH_s05_medium,45,86,47.86666666666667,-0.6982439160346985,0.7571067686693078
BH_s05_medium,45,87,47.9,-0.523511528968811,1.176669119552364
BH_s05_medium,45,88,47.93333333333333,-0.4920412003993988,1.4557036756551378
BH_s05_medium,45,89,47.96666666666667,-0.5442981719970703,1.52743804457826
BH_s05_medium,45,90,48.0,-0.7190305590629578,1.3729085885855024
BH_s05_medium,45,91,48.03333333333333,-0.9823421239852905,1.027508208878265
BH_s05_medium,45,92,48.06666666666667,-1.1570744514465332,0.5684895529291408
BH_s05_medium,45,93,48.1,-1.3318068981170654,0.0887450493399675
BH_s05_medium,45,94,48.13333333333333,-1.1688716411590576,-0.3327142711957008
BH_s05_medium,45,95,48.166666666666664,-0.4429910480976105,-0.6519970359127664
BH_s05_medium,45,96,48.2,0.6939824223518372,-0.8649475594783994
BH_s05_medium,45,97,48.233333333333334,1.6438281536102295,-0.9940042244116237
BH_s05_medium,45,98,48.266666666666666,1.7501696348190308,-1.064859398770354
BH_s05_medium,45,99,48.3,1.1675511598587036,-1.0856951854690957
BH_s05_medium,45,100,48.333333333333336,0.3544706702232361,-1.0399353858785527
BH_s05_medium,45,101,48.36666666666667,-0.3188871145248413,-0.8959547442225131
BH_s05_medium,45,102,48.4,-0.8877976536750793,-0.628365664285684
BH_s05_medium,45,103,48.43333333333333,-1.1120953559875488,-0.23973616495635883
BH_s05_medium,45,104,48.46666666666667,-1.0076481103897095,0.2284885136475578
BH_s05_medium,45,105,48.5,-0.7443365454673767,0.7017910392102101
BH_s05_medium,45,106,48.53333333333333,-0.5806203484535217,1.0930811946130583
BH_s05_medium,45,107,48.56666666666667,-0.5892106294631958,1.3291459482614318
BH_s05_medium,45,108,48.6,-0.7639430165290833,1.3720107022056238
BH_s05_medium,45,109,48.63333333333333,-0.9386754035949707,1.2269937105251032
BH_s05_medium,45,110,48.666666666666664,-1.2019870281219482,0.9355250105246131
BH_s05_medium,45,111,48.7,-1.376719355583191,0.557324003728345
BH_s05_medium,45,112,48.733333333333334,-1.4664119482040405,0.15030228950724553
BH_s05_medium,45,113,48.766666666666666,-1.0414119958877563,-0.2434858198305555
BH_s05_medium,45,114,48.8,-0.09949265420436859,-0.6008689074031718
BH_s05_medium,45,115,48.833333333333336,1.0374808311462402,-0.9098790900932117
BH_s05_medium,45,116,48.86666666666667,1.6959515810012817,-1.156897516626079
BH_s05_medium,45,117,48.9,1.5766173601150513,-1.3168620917872154
BH_s05_medium,45,118,48.93333333333333,0.9090258479118347,-1.353430836721215
BH_s05_medium,45,119,48.96666666666667,0.1215171217918396,-1.2309990741010164
BH_s05_medium,45,120,49.0,-0.35756850242614746,-0.9339922782586603
BH_s05_medium,45,121,49.03333333333333,-0.732405960559845,-0.4841287271926818
BH_s05_medium,45,122,49.06666666666667,-0.696998119354248,0.05398235878889143
BH_s05_medium,45,123,49.1,-0.46391114592552185,0.5839334337638391
BH_s05_medium,45,124,49.13333333333333,-0.2589541971683502,1.0027162838117185
BH_s05_medium,45,125,49.166666666666664,-0.22630372643470764,1.230825358575834
BH_s05_medium,45,126,49.2,-0.2773805558681488,1.2359088710912327
BH_s05_medium,45,127,49.233333333333334,-0.5007638335227966,1.0413743537566469
BH_s05_medium,45,128,49.266666666666666,-0.7154244780540466,0.7172079743252877
BH_s05_medium,45,129,49.3,-0.8901568651199341,0.3564131580981195
BH_s05_medium,45,130,49.333333333333336,-0.9821430444717407,0.04479251179984704
BH_s05_medium,45,131,49.36666666666667,-0.6019899249076843,-0.16592894673371025
BH_s05_medium,45,132,49.4,0.29508256912231445,-0.2715609086076074
BH_s05_medium,45,133,49.43333333333333,1.3955347537994385,-0.3092262042265804
BH_s05_medium,45,134,49.46666666666667,2.0198445320129395,-0.33328250373962015
BH_s05_medium,45,135,49.5,1.8118656873703003,-0.38393085318086756
BH_s05_medium,45,136,49.53333333333333,1.172271728515625,-0.46346396532104084
BH_s05_medium,45,137,49.56666666666667,0.38476303219795227,-0.5322194055817091
BH_s05_medium,45,138,49.6,-0.20362165570259094,-0.5268722302363391
BH_s05_medium,45,139,49.63333333333333,-0.6001601219177246,-0.3928323840256003
BH_s05_medium,45,140,49.666666666666664,-0.6520856618881226,-0.11588876612872995
BH_s05_medium,45,141,49.7,-0.4773532748222351,0.2617875186736609
BH_s05_medium,45,142,49.733333333333334,-0.30262088775634766,0.6499541869072045
BH_s05_medium,45,143,49.766666666666666,-0.14756062626838684,0.9408693722828206
BH_s05_medium,45,144,49.8,-0.23371386528015137,1.04895265567382
BH_s05_medium,45,145,49.833333333333336,-0.4084462523460388,0.9416215313819606
BH_s05_medium,45,146,49.86666666666667,-0.6717578172683716,0.6486087016755746
BH_s05_medium,45,147,49.9,-0.846490204334259,0.24780315659866464
BH_s05_medium,45,148,49.93333333333333,-0.9349370002746582,-0.16492928378484356
BH_s05_medium,45,149,49.96666666666667,-0.6833580136299133,-0.509369191069447
BH_s05_medium,45,150,50.0,0.09228575229644775,-0.7449523877261107
BH_s05_medium,45,151,50.03333333333333,1.222113847732544,-0.876163282965991
BH_s05_medium,45,152,50.06666666666667,2.040762424468994,-0.9378887269924089
BH_s05_medium,45,153,50.1,1.9284424781799316,-0.9679595288302274
BH_s05_medium,45,154,50.13333333333333,1.2752084732055664,-0.9803993748050384
BH_s05_medium,45,155,50.166666666666664,0.49012571573257446,-0.953262732469499
BH_s05_medium,45,156,50.2,-0.0943225845694542,-0.83815573244001
BH_s05_medium,45,157,50.233333333333334,-0.5323665142059326,-0.5876507889428675
BH_s05_medium,45,158,50.266666666666666,-0.6071732044219971,-0.1872402513877625
BH_s05_medium,45,159,50.3,-0.5210199952125549,0.3247096608646396
BH_s05_medium,45,160,50.333333333333336,-0.3462875783443451,0.8601935424149605
BH_s05_medium,45,161,50.36666666666667,-0.22630372643470764,1.3077919780051273
BH_s05_medium,45,162,50.4,-0.27862632274627686,1.5700704102838368
BH_s05_medium,45,163,50.43333333333333,-0.4533587098121643,1.5951776564047333
BH_s05_medium,45,164,50.46666666666667,-0.6755618453025818,1.3899727951711813
BH_s05_medium,45,165,50.5,-0.8914026618003845,1.0117300919348502
BH_s05_medium,45,166,50.53333333333333,-1.066135048866272,0.5443597217374153
BH_s05_medium,45,167,50.56666666666667,-1.0719023942947388,0.07005990271365682
BH_s05_medium,45,168,50.6,-0.6575226783752441,-0.35224300589183505
BH_s05_medium,45,169,50.63333333333333,0.2514804005622864,-0.6941743948297677
BH_s05_medium,45,170,50.666666666666664,1.3226234912872314,-0.9501817469696768
BH_s05_medium,45,171,50.7,1.8110169172286987,-1.1209503779856997
BH_s05_medium,45,172,50.733333333333334,1.5216052532196045,-1.1981331395848318
BH_s05_medium,45,173,50.766666666666666,0.7970383167266846,-1.1597439508854914
BH_s05_medium,45,174,50.8,-0.030200673267245293,-0.9799674763957412
BH_s05_medium,45,175,50.833333333333336,-0.6221914291381836,-0.6492875676307704
BH_s05_medium,45,176,50.86666666666667,-0.9532966017723083,-0.19445181982552145
BH_s05_medium,45,177,50.9,-1.007582426071167,0.31389033151024515
BH_s05_medium,45,178,50.93333333333333,-0.8328500986099243,0.7735418851582433
BH_s05_medium,45,179,50.96666666666667,-0.6581177115440369,1.081284523418882
BH_s05_medium,45,180,51.0,-0.5806203484535217,1.169410985658543
BH_s05_medium,45,181,51.03333333333333,-0.5868503451347351,1.0312390166483374
BH_s05_medium,45,182,51.06666666666667,-0.8501619100570679,0.723073623216625
BH_s05_medium,45,183,51.1,-1.0262724161148071,0.34129978577926356
BH_s05_medium,45,184,51.13333333333333,-1.288205862045288,-0.015022437825205572
BH_s05_medium,45,185,51.166666666666664,-1.4629381895065308,-0.2793633196129282
BH_s05_medium,45,186,51.2,-1.212473750114441,-0.43593554148171776
BH_s05_medium,45,187,51.233333333333334,-0.36483636498451233,-0.5145499941750536
BH_s05_medium,45,188,51.266666666666666,0.672806441783905,-0.5662623728108107
BH_s05_medium,45,189,51.3,1.4925696849822998,-0.6318807270993868
BH_s05_medium,45,190,51.333333333333336,1.4879070520401,-0.7176483200670685
BH_s05_medium,45,191,51.36666666666667,0.9087633490562439,-0.7887057243991987
BH_s05_medium,45,192,51.4,0.2098337709903717,-0.7832009693066749
BH_s05_medium,45,193,51.43333333333333,-0.4233977794647217,-0.6411929308550488
BH_s05_medium,45,194,51.46666666666667,-0.8843228816986084,-0.33603433998778715
BH_s05_medium,45,195,51.5,-0.9349370002746582,0.10569187395015328
BH_s05_medium,45,196,51.53333333333333,-0.72951740026474,0.6053514007674238
BH_s05_medium,45,197,51.56666666666667,-0.4686317443847656,1.0552428966632972
BH_s05_medium,45,198,51.6,-0.2613145112991333,1.3539750059614157
BH_s05_medium,45,199,51.63333333333333,-0.13772456347942352,1.4391410936790388
BH_s05_medium,45,200,51.666666666666664,-0.0491454117000103,1.3043438775134983
BH_s05_medium,45,201,51.7,-0.1840151697397232,0.9954120680475034
BH_s05_medium,45,202,51.733333333333334,-0.40261220932006836,0.5893874973710522
BH_s05_medium,45,203,51.766666666666666,-0.6220591068267822,0.16610914774671243
BH_s05_medium,45,204,51.8,-0.6797530651092529,-0.21585238875861149
BH_s05_medium,45,205,51.833333333333336,-0.13194845616817474,-0.5300165586100456
BH_s05_medium,45,206,51.86666666666667,0.8644536137580872,-0.7770795615734828
BH_s05_medium,45,207,51.9,1.8176428079605103,-0.9687763870846006
BH_s05_medium,45,208,51.93333333333333,2.047445297241211,-1.1095361316460868
BH_s05_medium,45,209,51.96666666666667,1.7303674221038818,-1.1852744318717394
BH_s05_medium,45,210,52.0,1.093133807182312,-1.1649444278610412
BH_s05_medium,45,211,52.03333333333333,0.4162355661392212,-1.0145754001478438
BH_s05_medium,45,212,52.06666666666667,-0.08835620433092117,-0.7179132106241034
BH_s05_medium,45,213,52.1,-0.31488287448883057,-0.29422617059843953
BH_s05_medium,45,214,52.13333333333333,-0.30012935400009155,0.19624183063977396
BH_s05_medium,45,215,52.166666666666664,-0.1253969520330429,0.6640416315553863
BH_s05_medium,45,216,52.2,-0.0491454117000103,1.0160477913452886
BH_s05_medium,45,217,52.233333333333334,-0.0491454117000103,1.1840699837047974
BH_s05_medium,45,218,52.266666666666666,-0.14277440309524536,1.1443996809879813
BH_s05_medium,45,219,52.3,-0.40608593821525574,0.9208405388528336
BH_s05_medium,45,220,52.333333333333336,-0.6693974733352661,0.5717397222360638
BH_s05_medium,45,221,52.36666666666667,-0.9304810762405396,0.1685057036670192
BH_s05_medium,45,222,52.4,-0.9349370002746582,-0.22435862254919092
BH_s05_medium,45,223,52.43333333333333,-0.43178126215934753,-0.5602512996009569
BH_s05_medium,45,224,52.46666666666667,0.5138742923736572,-0.8108276192935221
BH_s05_medium,45,225,52.5,1.5742002725601196,-0.9595053496712302
BH_s05_medium,45,226,52.53333333333333,1.885238528251648,-0.9941842993393137
BH_s05_medium,45,227,52.56666666666667,1.50705087184906,-0.9042088592052803
BH_s05_medium,45,228,52.6,0.7555350661277771,-0.6836265952504694
BH_s05_medium,45,229,52.63333333333333,0.015760693699121475,-0.33913760609870436
BH_s05_medium,45,230,52.666666666666664,-0.5970156192779541,0.10187702606731311
BH_s05_medium,45,231,52.7,-0.8463578224182129,0.5885648324171784
BH_s05_medium,45,232,52.733333333333334,-0.7866918444633484,1.0521088464938866
BH_s05_medium,45,233,52.766666666666666,-0.5547193884849548,1.4187295225706749
BH_s05_medium,45,234,52.8,-0.3486478924751282,1.6260158444328248
BH_s05_medium,45,235,52.833333333333336,-0.31488287448883057,1.636901622725041
BH_s05_medium,45,236,52.86666666666667,-0.3648451864719391,1.446469432792494
BH_s05_medium,45,237,52.9,-0.5871139764785767,1.0799091322392387
BH_s05_medium,45,238,52.93333333333333,-0.8028891086578369,0.5841195390909845
BH_s05_medium,45,239,52.96666666666667,-0.9776214957237244,0.018049573583599918
BH_s05_medium,46,0,46.0,-0.8463578224182129,-0.10062609542238933
BH_s05_medium,46,1,46.03333333333333,-0.7261738181114197,0.7797659817560917
BH_s05_medium,46,2,46.06666666666667,-0.47866469621658325,1.5245037990902348
BH_s05_medium,46,3,46.1,-0.31488287448883057,2.0243554687816734
BH_s05_medium,46,4,46.13333333333333,-0.3234075605869293,2.2172146312196888
BH_s05_medium,46,5,46.166666666666664,-0.5042386651039124,2.0992303321591406
BH_s05_medium,46,6,46.2,-0.7614514827728271,1.7216380812168177
BH_s05_medium,46,7,46.233333333333334,-1.0235161781311035,1.1744876820945533
BH_s05_medium,46,8,46.266666666666666,-1.110916256904602,0.5630281497884245
BH_s05_medium,46,9,46.3,-0.6836194396018982,-0.016062460343889598
BH_s05_medium,46,10,46.333333333333336,0.1804066300392151,-0.4927260246096864
BH_s05_medium,46,11,46.36666666666667,1.2288010120391846,-0.8322002552077523
BH_s05_medium,46,12,46.4,1.8778305053710938,-1.0326351039994839
BH_s05_medium,46,13,46.43333333333333,1.6604759693145752,-1.1127616389292387
BH_s05_medium,46,14,46.46666666666667,0.9881637692451477,-1.0948667931982845
BH_s05_medium,46,15,46.5,0.20065507292747498,-0.991106463078176
BH_s05_medium,46,16,46.53333333333333,-0.3417026400566101,-0.799850804719407
BH_s05_medium,46,17,46.56666666666667,-0.7117539048194885,-0.5138503261928165
BH_s05_medium,46,18,46.6,-0.7832170128822327,-0.1361040725986928
BH_s05_medium,46,19,46.63333333333333,-0.6084846258163452,0.30498140808334806
BH_s05_medium,46,20,46.666666666666664,-0.4337522089481354,0.7502055352292017
BH_s05_medium,46,21,46.7,-0.4034620523452759,1.119113204426277
BH_s05_medium,46,22,46.733333333333334,-0.45689916610717773,1.332374942816919
BH_s05_medium,46,23,46.766666666666666,-0.6316315531730652,1.3381561798962394
BH_s05_medium,46,24,46.8,-0.8063639402389526,1.1311198916414145
BH_s05_medium,46,25,46.833333333333336,-0.9810963273048401,0.7556037019373802
BH_s05_medium,46,26,46.86666666666667,-1.1120953559875488,0.29134105209400607
BH_s05_medium,46,27,46.9,-0.8582862019538879,-0.1724079316778955
BH_s05_medium,46,28,46.93333333333333,-0.03189591318368912,-0.563706735808195
BH_s05_medium,46,29,46.96666666666667,1.0553799867630005,-0.8451041713018173
BH_s05_medium,46,30,47.0,1.7904971837997437,-1.0149701397429107
BH_s05_medium,46,31,47.03333333333333,1.8047847747802734,-1.0938901426383274
BH_s05_medium,46,32,47.06666666666667,1.2222318649291992,-1.103528131412548
BH_s05_medium,46,33,47.1,0.4371490776538849,-1.0488360595455088
BH_s05_medium,46,34,47.13333333333333,-0.2107025682926178,-0.9133073492855359
BH_s05_medium,46,35,47.166666666666664,-0.6244205236434937,-0.6708857770610851
BH_s05_medium,46,36,47.2,-0.7577787041664124,-0.3092277343287185
BH_s05_medium,46,37,47.233333333333334,-0.6521512866020203,0.1480114162957011
BH_s05_medium,46,38,47.266666666666666,-0.4034620523452759,0.6330285141500549
BH_s05_medium,46,39,47.3,-0.31488287448883057,1.0468043438806438
BH_s05_medium,46,40,47.333333333333336,-0.3246533274650574,1.2896137020811118
BH_s05_medium,46,41,47.36666666666667,-0.5067301988601685,1.2965067547018654
BH_s05_medium,46,42,47.4,-0.7676158547401428,1.0623186930370625
BH_s05_medium,46,43,47.43333333333333,-1.0260088443756104,0.6452868948953572
BH_s05_medium,46,44,47.46666666666667,-1.2006744146347046,0.14774890801797513
BH_s05_medium,46,45,47.5,-1.2006744146347046,-0.3180740959421014
BH_s05_medium,46,46,47.53333333333333,-0.6883400082588196,-0.6657662999714807
BH_s05_medium,46,47,47.56666666666667,0.26911595463752747,-0.8583565677293199
BH_s05_medium,46,48,47.6,1.3988783359527588,-0.9110709583581847
BH_s05_medium,46,49,47.63333333333333,1.9761123657226562,-0.8728407745830027
BH_s05_medium,46,50,47.666666666666664,1.6773251295089722,-0.7958326128102651
BH_s05_medium,46,51,47.7,0.9928843975067139,-0.7078603048042084
BH_s05_medium,46,52,47.733333333333334,0.1361372023820877,-0.6005149162510862
BH_s05_medium,46,53,47.766666666666666,-0.426741361618042,-0.4379402420932241
BH_s05_medium,46,54,47.8,-0.7979727387428284,-0.18174626108209885
BH_s05_medium,46,55,47.833333333333336,-0.8463578224182129,0.1798408141245343
BH_s05_medium,46,56,47.86666666666667,-0.6982439160346985,0.6131200058113405
BH_s05_medium,46,57,47.9,-0.523511528968811,1.0406868844000399
BH_s05_medium,46,58,47.93333333333333,-0.4920412003993988,1.3641959067284182
BH_s05_medium,46,59,47.96666666666667,-0.5442981719970703,1.4983578910867343
BH_s05_medium,46,60,48.0,-0.7190305590629578,1.4018050501481012
BH_s05_medium,46,61,48.03333333333333,-0.9823421239852905,1.09238840154323
BH_s05_medium,46,62,48.06666666666667,-1.1570744514465332,0.6409581886953739
BH_s05_medium,46,63,48.1,-1.3318068981170654,0.14613741061775706
BH_s05_medium,46,64,48.13333333333333,-1.1688716411590576,-0.2997909076664882
BH_s05_medium,46,65,48.166666666666664,-0.4429910480976105,-0.6398229356465293
BH_s05_medium,46,66,48.2,0.6939824223518372,-0.8636626823010995
BH_s05_medium,46,67,48.233333333333334,1.6438281536102295,-0.9970284020006128
BH_s05_medium,46,68,48.266666666666666,1.7501696348190308,-1.0752720302087448
BH_s05_medium,46,69,48.3,1.1675511598587036,-1.1159640874018646
BH_s05_medium,46,70,48.333333333333336,0.3544706702232361,-1.1052911330915143
BH_s05_medium,46,71,48.36666666666667,-0.3188871145248413,-1.0052914340720187
BH_s05_medium,46,72,48.4,-0.8877976536750793,-0.7775040498696585
BH_s05_medium,46,73,48.43333333333333,-1.1120953559875488,-0.41004792255434563
BH_s05_medium,46,74,48.46666666666667,-1.0076481103897095,0.06587120851948425
BH_s05_medium,46,75,48.5,-0.7443365454673767,0.5780642261953883
BH_s05_medium,46,76,48.53333333333333,-0.5806203484535217,1.0330722187235262
BH_s05_medium,46,77,48.56666666666667,-0.5892106294631958,1.3447911845429927
BH_s05_medium,46,78,48.6,-0.7639430165290833,1.4601389152641682
BH_s05_medium,46,79,48.63333333333333,-0.9386754035949707,1.3719954306618167
BH_s05_medium,46,80,48.666666666666664,-1.2019870281219482,1.115568604833812
BH_s05_medium,46,81,48.7,-1.376719355583191,0.7512535033116317
BH_s05_medium,46,82,48.733333333333334,-1.4664119482040405,0.3421064803712583
BH_s05_medium,46,83,48.766666666666666,-1.0414119958877563,-0.06442222102302826
BH_s05_medium,46,84,48.8,-0.09949265420436859,-0.4432189401645491
BH_s05_medium,46,85,48.833333333333336,1.0374808311462402,-0.7849056902115246
BH_s05_medium,46,86,48.86666666666667,1.6959515810012817,-1.0806970437542638
BH_s05_medium,46,87,48.9,1.5766173601150513,-1.3081023958388471
BH_s05_medium,46,88,48.93333333333333,0.9090258479118347,-1.4269322446883639
BH_s05_medium,46,89,48.96666666666667,0.1215171217918396,-1.390157220078741
BH_s05_medium,46,90,49.0,-0.35756850242614746,-1.1662044370773466
BH_s05_medium,46,91,49.03333333333333,-0.732405960559845,-0.7621495520280834
BH_s05_medium,46,92,49.06666666666667,-0.696998119354248,-0.23496422888816937
BH_s05_medium,46,93,49.1,-0.46391114592552185,0.31742862500604224
BH_s05_medium,46,94,49.13333333333333,-0.2589541971683502,0.7836431128576263
BH_s05_medium,46,95,49.166666666666664,-0.22630372643470764,1.073810917457646
BH_s05_medium,46,96,49.2,-0.2773805558681488,1.1476498025348594
BH_s05_medium,46,97,49.233333333333334,-0.5007638335227966,1.0248393890620653
BH_s05_medium,46,98,49.266666666666666,-0.7154244780540466,0.7747502815487245
BH_s05_medium,46,99,49.3,-0.8901568651199341,0.4902267428153946
BH_s05_medium,46,100,49.333333333333336,-0.9821430444717407,0.25458114048976915
BH_s05_medium,46,101,49.36666666666667,-0.6019899249076843,0.1127890566214715
BH_s05_medium,46,102,49.4,0.29508256912231445,0.057868702744375874
BH_s05_medium,46,103,49.43333333333333,1.3955347537994385,0.039429153996730804
BH_s05_medium,46,104,49.46666666666667,2.0198445320129395,-0.007684016249617235
BH_s05_medium,46,105,49.5,1.8118656873703003,-0.12686911011003182
BH_s05_medium,46,106,49.53333333333333,1.172271728515625,-0.31290795593751275
BH_s05_medium,46,107,49.56666666666667,0.38476303219795227,-0.5088418358488047
BH_s05_medium,46,108,49.6,-0.20362165570259094,-0.6291630948294016
BH_s05_medium,46,109,49.63333333333333,-0.6001601219177246,-0.5988917007120684
BH_s05_medium,46,110,49.666666666666664,-0.6520856618881226,-0.390742618855154
BH_s05_medium,46,111,49.7,-0.4773532748222351,-0.04332270194216543
BH_s05_medium,46,112,49.733333333333334,-0.30262088775634766,0.3488983409075881
BH_s05_medium,46,113,49.766666666666666,-0.14756062626838684,0.67055547006856
BH_s05_medium,46,114,49.8,-0.23371386528015137,0.8295521576538197
BH_s05_medium,46,115,49.833333333333336,-0.4084462523460388,0.7900135663792185
BH_s05_medium,46,116,49.86666666666667,-0.6717578172683716,0.5805069235826731
BH_s05_medium,46,117,49.9,-0.846490204334259,0.2766525172358642
BH_s05_medium,46,118,49.93333333333333,-0.9349370002746582,-0.03250814594684946
BH_s05_medium,46,119,49.96666666666667,-0.6833580136299133,-0.2799426375830591
BH_s05_medium,46,120,50.0,0.09228575229644775,-0.4433025524503891
BH_s05_medium,46,121,50.03333333333333,1.222113847732544,-0.545426247675277
BH_s05_medium,46,122,50.06666666666667,2.040762424468994,-0.6327697575602055
BH_s05_medium,46,123,50.1,1.9284424781799316,-0.742131463652043
BH_s05_medium,46,124,50.13333333333333,1.2752084732055664,-0.8722909638937468
BH_s05_medium,46,125,50.166666666666664,0.49012571573257446,-0.9757026128123235
BH_s05_medium,46,126,50.2,-0.0943225845694542,-0.9759091259282816
BH_s05_medium,46,127,50.233333333333334,-0.5323665142059326,-0.8035418671128779
BH_s05_medium,46,128,50.266666666666666,-0.6071732044219971,-0.43416970815542344
BH_s05_medium,46,129,50.3,-0.5210199952125549,0.09048461014715904
BH_s05_medium,46,130,50.333333333333336,-0.3462875783443451,0.6691854159095114
BH_s05_medium,46,131,50.36666666666667,-0.22630372643470764,1.1737420444510709
BH_s05_medium,46,132,50.4,-0.27862632274627686,1.4927737874446765
BH_s05_medium,46,133,50.43333333333333,-0.4533587098121643,1.5670583585441125
BH_s05_medium,46,134,50.46666666666667,-0.6755618453025818,1.4028478124032662
BH_s05_medium,46,135,50.5,-0.8914026618003845,1.0610310738045756
BH_s05_medium,46,136,50.53333333333333,-1.066135048866272,0.6295394009117182
BH_s05_medium,46,137,50.56666666666667,-1.0719023942947388,0.1913428521292487
BH_s05_medium,46,138,50.6,-0.6575226783752441,-0.1990994421214934
BH_s05_medium,46,139,50.63333333333333,0.2514804005622864,-0.5222493846789236
BH_s05_medium,46,140,50.666666666666664,1.3226234912872314,-0.7820959713716984
BH_s05_medium,46,141,50.7,1.8110169172286987,-0.9847634820276051
BH_s05_medium,46,142,50.733333333333334,1.5216052532196045,-1.1197760187833614
BH_s05_medium,46,143,50.766666666666666,0.7970383167266846,-1.1552880104514256
BH_s05_medium,46,144,50.8,-0.030200673267245293,-1.0512789842378119
BH_s05_medium,46,145,50.833333333333336,-0.6221914291381836,-0.784961472393924
BH_s05_medium,46,146,50.86666666666667,-0.9532966017723083,-0.37527915441207466
BH_s05_medium,46,147,50.9,-1.007582426071167,0.10794783913663569
BH_s05_medium,46,148,50.93333333333333,-0.8328500986099243,0.558651748887352
BH_s05_medium,46,149,50.96666666666667,-0.6581177115440369,0.8697328008156732
BH_s05_medium,46,150,51.0,-0.5806203484535217,0.9736496333153839
BH_s05_medium,46,151,51.03333333333333,-0.5868503451347351,0.8684899951671954
BH_s05_medium,46,152,51.06666666666667,-0.8501619100570679,0.6164606063498255
BH_s05_medium,46,153,51.1,-1.0262724161148071,0.3155734702770576
BH_s05_medium,46,154,51.13333333333333,-1.288205862045288,0.05794063423390091
BH_s05_medium,46,155,51.166666666666664,-1.4629381895065308,-0.1062212149669048
BH_s05_medium,46,156,51.2,-1.212473750114441,-0.18302480170816707
BH_s05_medium,46,157,51.233333333333334,-0.36483636498451233,-0.22229603663024164
BH_s05_medium,46,158,51.266666666666666,0.672806441783905,-0.2851012408448571
BH_s05_medium,46,159,51.3,1.4925696849822998,-0.4074740595002583
BH_s05_medium,46,160,51.333333333333336,1.4879070520401,-0.5772893994105959
BH_s05_medium,46,161,51.36666666666667,0.9087633490562439,-0.7346974881621137
BH_s05_medium,46,162,51.4,0.2098337709903717,-0.7961298191422677
BH_s05_medium,46,163,51.43333333333333,-0.4233977794647217,-0.6917527029524998
BH_s05_medium,46,164,51.46666666666667,-0.8843228816986084,-0.40013139101542783
BH_s05_medium,46,165,51.5,-0.9349370002746582,0.03561583254681606
BH_s05_medium,46,166,51.53333333333333,-0.72951740026474,0.5184024808475303
BH_s05_medium,46,167,51.56666666666667,-0.4686317443847656,0.9308427818981732
BH_s05_medium,46,168,51.6,-0.2613145112991333,1.1772222227780453
BH_s05_medium,46,169,51.63333333333333,-0.13772456347942352,1.2150950062971417
BH_s05_medium,46,170,51.666666666666664,-0.0491454117000103,1.063985587425246
BH_s05_medium,46,171,51.7,-0.1840151697397232,0.7901339318400842
BH_s05_medium,46,172,51.733333333333334,-0.40261220932006836,0.4760364075299746
BH_s05_medium,46,173,51.766666666666666,-0.6220591068267822,0.18839629492308596
BH_s05_medium,46,174,51.8,-0.6797530651092529,-0.04248643584203317
BH_s05_medium,46,175,51.833333333333336,-0.13194845616817474,-0.22437300044442746
BH_s05_medium,46,176,51.86666666666667,0.8644536137580872,-0.38678434172551707
BH_s05_medium,46,177,51.9,1.8176428079605103,-0.5556264859561805
BH_s05_medium,46,178,51.93333333333333,2.047445297241211,-0.7314069933967704
BH_s05_medium,46,179,51.96666666666667,1.7303674221038818,-0.881741584484045
BH_s05_medium,46,180,52.0,1.093133807182312,-0.9520123405198084
BH_s05_medium,46,181,52.03333333333333,0.4162355661392212,-0.8896491701262395
BH_s05_medium,46,182,52.06666666666667,-0.08835620433092117,-0.6713370411838081
BH_s05_medium,46,183,52.1,-0.31488287448883057,-0.32066774468097664
BH_s05_medium,46,184,52.13333333333333,-0.30012935400009155,0.09295088965741828
BH_s05_medium,46,185,52.166666666666664,-0.1253969520330429,0.4753100199603174
BH_s05_medium,46,186,52.2,-0.0491454117000103,0.7396163249986544
BH_s05_medium,46,187,52.233333333333334,-0.0491454117000103,0.8352593615615531
BH_s05_medium,46,188,52.266666666666666,-0.14277440309524536,0.7606730241736173
BH_s05_medium,46,189,52.3,-0.40608593821525574,0.5562375172186872
BH_s05_medium,46,190,52.333333333333336,-0.6693974733352661,0.28265507315318716
BH_s05_medium,46,191,52.36666666666667,-0.9304810762405396,-0.0036860604972083575
BH_s05_medium,46,192,52.4,-0.9349370002746582,-0.2666756609900493
BH_s05_medium,46,193,52.43333333333333,-0.43178126215934753,-0.4916865125555746
BH_s05_medium,46,194,52.46666666666667,0.5138742923736572,-0.6744140357552657
BH_s05_medium,46,195,52.5,1.5742002725601196,-0.8062108176140179
BH_s05_medium,46,196,52.53333333333333,1.885238528251648,-0.8656392893607342
BH_s05_medium,46,197,52.56666666666667,1.50705087184906,-0.8217933430860378
BH_s05_medium,46,198,52.6,0.7555350661277771,-0.6485761029198926
BH_s05_medium,46,199,52.63333333333333,0.015760693699121475,-0.34316095601198743
BH_s05_medium,46,200,52.666666666666664,-0.5970156192779541,0.06132327184992899
BH_s05_medium,46,201,52.7,-0.8463578224182129,0.4970100790092709
BH_s05_medium,46,202,52.733333333333334,-0.7866918444633484,0.8777999591052261
BH_s05_medium,46,203,52.766666666666666,-0.5547193884849548,1.1248820753998536
BH_s05_medium,46,204,52.8,-0.3486478924751282,1.1909129570783705
BH_s05_medium,46,205,52.833333333333336,-0.31488287448883057,1.0733428044737503
BH_s05_medium,46,206,52.86666666666667,-0.3648451864719391,0.8120816252387271
BH_s05_medium,46,207,52.9,-0.5871139764785767,0.47307358778471814
BH_s05_medium,46,208,52.93333333333333,-0.8028891086578369,0.1248853086856607
BH_s05_medium,46,209,52.96666666666667,-0.9776214957237244,-0.18200543713260414
BH_s05_medium,46,210,53.0,-1.0718367099761963,-0.4250123369680927
BH_s05_medium,46,211,53.03333333333333,-0.6571945548057556,-0.6053308786953231
BH_s05_medium,46,212,53.06666666666667,0.19870172441005707,-0.7337429893240366
BH_s05_medium,46,213,53.1,1.35586678981781,-0.8149297066142785
BH_s05_medium,46,214,53.13333333333333,1.9301509857177734,-0.8388502334543555
BH_s05_medium,46,215,53.166666666666664,1.7266300916671753,-0.7833799865139957
BH_s05_medium,46,216,53.2,1.0881507396697998,-0.6263740769346167
BH_s05_medium,46,217,53.233333333333334,0.3006419837474823,-0.3608098794926742
BH_s05_medium,46,218,53.266666666666666,-0.28885725140571594,-0.00566742491930697
BH_s05_medium,46,219,53.3,-0.7762039303779602,0.3926533402680935
BH_s05_medium,46,220,53.333333333333336,-0.8303585052490234,0.769799849642696
BH_s05_medium,46,221,53.36666666666667,-0.6420527696609497,1.060923855692797
BH_s05_medium,46,222,53.4,-0.3923145830631256,1.2195823095792546
BH_s05_medium,46,223,53.43333333333333,-0.22630372643470764,1.2303551386326017
BH_s05_medium,46,224,53.46666666666667,-0.23259933292865753,1.1098381365179693
BH_s05_medium,46,225,53.5,-0.4073317348957062,0.8957914718873373
BH_s05_medium,46,226,53.53333333333333,-0.5820640921592712,0.6297899099103594
BH_s05_medium,46,227,53.56666666666667,-0.8443934917449951,0.3419027639773487
BH_s05_medium,46,228,53.6,-0.9349370002746582,0.044771952626044775
BH_s05_medium,46,229,53.63333333333333,-0.7694467306137085,-0.26092143132587353
BH_s05_medium,46,230,53.666666666666664,-0.08218523859977722,-0.5744516857960196
BH_s05_medium,46,231,53.7,1.0382683277130127,-0.884641315878201
BH_s05_medium,46,232,53.733333333333334,1.9357279539108276,-1.1663976559855065
BH_s05_medium,46,233,53.766666666666666,2.0037128925323486,-1.384445047409153
BH_s05_medium,46,234,53.8,1.4399757385253906,-1.501750452644036
BH_s05_medium,46,235,53.833333333333336,0.5842775106430054,-1.489599109173198
BH_s05_medium,46,236,53.86666666666667,-0.06927800923585892,-1.336121755453541
BH_s05_medium,46,237,53.9,-0.5934751629829407,-1.0505120852381213
BH_s05_medium,46,238,53.93333333333333,-0.7577787041664124,-0.6618977790423655
BH_s05_medium,46,239,53.96666666666667,-0.6107136607170105,-0.21414590853866228
BH_s05_medium,47,0,47.0,1.7904971837997437,0.05616988261524359
BH_s05_medium,47,1,47.03333333333333,1.8047847747802734,0.15959373348255382
BH_s05_medium,47,2,47.06666666666667,1.2222318649291992,0.25033126808109946
BH_s05_medium,47,3,47.1,0.4371490776538849,0.3288867577672928
BH_s05_medium,47,4,47.13333333333333,-0.2107025682926178,0.4134738293793852
BH_s05_medium,47,5,47.166666666666664,-0.6244205236434937,0.5329956388621099
BH_s05_medium,47,6,47.2,-0.7577787041664124,0.709595678042313
BH_s05_medium,47,7,47.233333333333334,-0.6521512866020203,0.939557153360849
BH_s05_medium,47,8,47.266666666666666,-0.4034620523452759,1.1836805670101977
BH_s05_medium,47,9,47.3,-0.31488287448883057,1.3742041052485807
BH_s05_medium,47,10,47.333333333333336,-0.3246533274650574,1.4369103591283912
BH_s05_medium,47,11,47.36666666666667,-0.5067301988601685,1.3192057828130248
BH_s05_medium,47,12,47.4,-0.7676158547401428,1.0120790198352232
BH_s05_medium,47,13,47.43333333333333,-1.0260088443756104,0.5566826486895304
BH_s05_medium,47,14,47.46666666666667,-1.2006744146347046,0.03285293459042265
BH_s05_medium,47,15,47.5,-1.2006744146347046,-0.46579062785929226
BH_s05_medium,47,16,47.53333333333333,-0.6883400082588196,-0.8603417807727578
BH_s05_medium,47,17,47.56666666666667,0.26911595463752747,-1.1077368777770318
BH_s05_medium,47,18,47.6,1.3988783359527588,-1.2068573358623857
BH_s05_medium,47,19,47.63333333333333,1.9761123657226562,-1.1884234985544215
BH_s05_medium,47,20,47.666666666666664,1.6773251295089722,-1.094496700656411
BH_s05_medium,47,21,47.7,0.9928843975067139,-0.9575323365405712
BH_s05_medium,47,22,47.733333333333334,0.1361372023820877,-0.7881836887080893
BH_s05_medium,47,23,47.766666666666666,-0.426741361618042,-0.57655988855359
BH_s05_medium,47,24,47.8,-0.7979727387428284,-0.3058282433462378
BH_s05_medium,47,25,47.833333333333336,-0.8463578224182129,0.028382958621662593
BH_s05_medium,47,26,47.86666666666667,-0.6982439160346985,0.4026657834744706
BH_s05_medium,47,27,47.9,-0.523511528968811,0.7632912120719493
BH_s05_medium,47,28,47.93333333333333,-0.4920412003993988,1.0389566231721736
BH_s05_medium,47,29,47.96666666666667,-0.5442981719970703,1.1638541158900002
BH_s05_medium,47,30,48.0,-0.7190305590629578,1.101599945799879
BH_s05_medium,47,31,48.03333333333333,-0.9823421239852905,0.8602183358988249
BH_s05_medium,47,32,48.06666666666667,-1.1570744514465332,0.49152335279423665
BH_s05_medium,47,33,48.1,-1.3318068981170654,0.07424970606018633
BH_s05_medium,47,34,48.13333333333333,-1.1688716411590576,-0.312522749038617
BH_s05_medium,47,35,48.166666666666664,-0.4429910480976105,-0.6142405865752693
BH_s05_medium,47,36,48.2,0.6939824223518372,-0.8131214194794477
BH_s05_medium,47,37,48.233333333333334,1.6438281536102295,-0.9228738015041097
BH_s05_medium,47,38,48.266666666666666,1.7501696348190308,-0.969820196914873
BH_s05_medium,47,39,48.3,1.1675511598587036,-0.9711573461653559
BH_s05_medium,47,40,48.333333333333336,0.3544706702232361,-0.922013021379218
BH_s05_medium,47,41,48.36666666666667,-0.3188871145248413,-0.7978499393626911
BH_s05_medium,47,42,48.4,-0.8877976536750793,-0.5705495357666502
BH_s05_medium,47,43,48.43333333333333,-1.1120953559875488,-0.22958521730975182
BH_s05_medium,47,44,48.46666666666667,-1.0076481103897095,0.20247140045133954
BH_s05_medium,47,45,48.5,-0.7443365454673767,0.6678236272822743
BH_s05_medium,47,46,48.53333333333333,-0.5806203484535217,1.0861280628996997
BH_s05_medium,47,47,48.56666666666667,-0.5892106294631958,1.3769797108540536
BH_s05_medium,47,48,48.6,-0.7639430165290833,1.483414555544545
BH_s05_medium,47,49,48.63333333333333,-0.9386754035949707,1.3876480356841505
BH_s05_medium,47,50,48.666666666666664,-1.2019870281219482,1.113677632287653
BH_s05_medium,47,51,48.7,-1.376719355583191,0.7166702687047976
BH_s05_medium,47,52,48.733333333333334,-1.4664119482040405,0.26416450388498247
BH_s05_medium,47,53,48.766666666666666,-1.0414119958877563,-0.18292340448830807
BH_s05_medium,47,54,48.8,-0.09949265420436859,-0.5819261593756551
BH_s05_medium,47,55,48.833333333333336,1.0374808311462402,-0.9089438554476795
BH_s05_medium,47,56,48.86666666666667,1.6959515810012817,-1.150239727780878
BH_s05_medium,47,57,48.9,1.5766173601150513,-1.2912605736764546
BH_s05_medium,47,58,48.93333333333333,0.9090258479118347,-1.3111949785509711
BH_s05_medium,47,59,48.96666666666667,0.1215171217918396,-1.1877521740783723
BH_s05_medium,47,60,49.0,-0.35756850242614746,-0.9106795774328996
BH_s05_medium,47,61,49.03333333333333,-0.732405960559845,-0.4968801621798965
BH_s05_medium,47,62,49.06666666666667,-0.696998119354248,0.0018531147421981648
BH_s05_medium,47,63,49.1,-0.46391114592552185,0.5044369421632471
BH_s05_medium,47,64,49.13333333333333,-0.2589541971683502,0.919013364342164
BH_s05_medium,47,65,49.166666666666664,-0.22630372643470764,1.1679185122468843
BH_s05_medium,47,66,49.2,-0.2773805558681488,1.2100861000567569
BH_s05_medium,47,67,49.233333333333334,-0.5007638335227966,1.0530785346921376
BH_s05_medium,47,68,49.266666666666666,-0.7154244780540466,0.7505154816916324
BH_s05_medium,47,69,49.3,-0.8901568651199341,0.38520438591417633
BH_s05_medium,47,70,49.333333333333336,-0.9821430444717407,0.0427547395422566
BH_s05_medium,47,71,49.36666666666667,-0.6019899249076843,-0.21567061216980282
BH_s05_medium,47,72,49.4,0.29508256912231445,-0.37079466831476093
BH_s05_medium,47,73,49.43333333333333,1.3955347537994385,-0.444669193293085
BH_s05_medium,47,74,49.46666666666667,2.0198445320129395,-0.48172009750116285
BH_s05_medium,47,75,49.5,1.8118656873703003,-0.5202221143451554
BH_s05_medium,47,76,49.53333333333333,1.172271728515625,-0.5683146471022894
BH_s05_medium,47,77,49.56666666666667,0.38476303219795227,-0.59688171833524
BH_s05_medium,47,78,49.6,-0.20362165570259094,-0.553314644939966
BH_s05_medium,47,79,49.63333333333333,-0.6001601219177246,-0.38987776423607745
BH_s05_medium,47,80,49.666666666666664,-0.6520856618881226,-0.09339509742809703
BH_s05_medium,47,81,49.7,-0.4773532748222351,0.2980501055014053
BH_s05_medium,47,82,49.733333333333334,-0.30262088775634766,0.7005443024194961
BH_s05_medium,47,83,49.766666666666666,-0.14756062626838684,1.0111582740602802
BH_s05_medium,47,84,49.8,-0.23371386528015137,1.1447245117929556
BH_s05_medium,47,85,49.833333333333336,-0.4084462523460388,1.0640323389713282
BH_s05_medium,47,86,49.86666666666667,-0.6717578172683716,0.7908954018063239
BH_s05_medium,47,87,49.9,-0.846490204334259,0.39507053201838427
BH_s05_medium,47,88,49.93333333333333,-0.9349370002746582,-0.0329477254377905
BH_s05_medium,47,89,49.96666666666667,-0.6833580136299133,-0.41367601957274724
BH_s05_medium,47,90,50.0,0.09228575229644775,-0.7021830318523529
BH_s05_medium,47,91,50.03333333333333,1.222113847732544,-0.8942856349728285
BH_s05_medium,47,92,50.06666666666667,2.040762424468994,-1.0137737426102484
BH_s05_medium,47,93,50.1,1.9284424781799316,-1.0875995487377983
BH_s05_medium,47,94,50.13333333333333,1.2752084732055664,-1.1218654318344894
BH_s05_medium,47,95,50.166666666666664,0.49012571573257446,-1.0915146378514733
BH_s05_medium,47,96,50.2,-0.0943225845694542,-0.9501346746208128
BH_s05_medium,47,97,50.233333333333334,-0.5323665142059326,-0.6561692686268473
BH_s05_medium,47,98,50.266666666666666,-0.6071732044219971,-0.2030048429098873
BH_s05_medium,47,99,50.3,-0.5210199952125549,0.3626406934604228
BH_s05_medium,47,100,50.333333333333336,-0.3462875783443451,0.9448269541516738
BH_s05_medium,47,101,50.36666666666667,-0.22630372643470764,1.4251143451969461
BH_s05_medium,47,102,50.4,-0.27862632274627686,1.7005901137564052
BH_s05_medium,47,103,50.43333333333333,-0.4533587098121643,1.7164257908717395
BH_s05_medium,47,104,50.46666666666667,-0.6755618453025818,1.480056562574184
BH_s05_medium,47,105,50.5,-0.8914026618003845,1.0534591581948918
BH_s05_medium,47,106,50.53333333333333,-1.066135048866272,0.5288514719206682
BH_s05_medium,47,107,50.56666666666667,-1.0719023942947388,-0.0014300888521762986
BH_s05_medium,47,108,50.6,-0.6575226783752441,-0.4688765357022702
BH_s05_medium,47,109,50.63333333333333,0.2514804005622864,-0.8380281830434382
BH_s05_medium,47,110,50.666666666666664,1.3226234912872314,-1.0996347699568303
BH_s05_medium,47,111,50.7,1.8110169172286987,-1.2540574901273662
BH_s05_medium,47,112,50.733333333333334,1.5216052532196045,-1.2955628789928433
BH_s05_medium,47,113,50.766666666666666,0.7970383167266846,-1.2072297034214932
BH_s05_medium,47,114,50.8,-0.030200673267245293,-0.9703422981656287
BH_s05_medium,47,115,50.833333333333336,-0.6221914291381836,-0.5840108878221065
BH_s05_medium,47,116,50.86666666666667,-0.9532966017723083,-0.08415564718488204
BH_s05_medium,47,117,50.9,-1.007582426071167,0.45055856445833725
BH_s05_medium,47,118,50.93333333333333,-0.8328500986099243,0.9131927966863839
BH_s05_medium,47,119,50.96666666666667,-0.6581177115440369,1.2007280654398271
BH_s05_medium,47,120,51.0,-0.5806203484535217,1.2509036695784956
BH_s05_medium,47,121,51.03333333333333,-0.5868503451347351,1.0662529172435917
BH_s05_medium,47,122,51.06666666666667,-0.8501619100570679,0.7131526769667753
BH_s05_medium,47,123,51.1,-1.0262724161148071,0.2956480833782519
BH_s05_medium,47,124,51.13333333333333,-1.288205862045288,-0.08415235553476542
BH_s05_medium,47,125,51.166666666666664,-1.4629381895065308,-0.3613360121555012
BH_s05_medium,47,126,51.2,-1.212473750114441,-0.5242436075353942
BH_s05_medium,47,127,51.233333333333334,-0.36483636498451233,-0.6060545095377057
BH_s05_medium,47,128,51.266666666666666,0.672806441783905,-0.6577750273202293
BH_s05_medium,47,129,51.3,1.4925696849822998,-0.7161976443923823
BH_s05_medium,47,130,51.333333333333336,1.4879070520401,-0.7816247535254608
BH_s05_medium,47,131,51.36666666666667,0.9087633490562439,-0.8151192077946626
BH_s05_medium,47,132,51.4,0.2098337709903717,-0.7563326321828165
BH_s05_medium,47,133,51.43333333333333,-0.4233977794647217,-0.5541150829734139
BH_s05_medium,47,134,51.46666666666667,-0.8843228816986084,-0.19648276592785938
BH_s05_medium,47,135,51.5,-0.9349370002746582,0.27375373387611285
BH_s05_medium,47,136,51.53333333333333,-0.72951740026474,0.7659198176768939
BH_s05_medium,47,137,51.56666666666667,-0.4686317443847656,1.1694899640559056
BH_s05_medium,47,138,51.6,-0.2613145112991333,1.391615226157469
BH_s05_medium,47,139,51.63333333333333,-0.13772456347942352,1.3878174611522731
BH_s05_medium,47,140,51.666666666666664,-0.0491454117000103,1.1732927392622932
BH_s05_medium,47,141,51.7,-0.1840151697397232,0.8117803855821707
BH_s05_medium,47,142,51.733333333333334,-0.40261220932006836,0.38864170665575354
BH_s05_medium,47,143,51.766666666666666,-0.6220591068267822,-0.019420524207847123
BH_s05_medium,47,144,51.8,-0.6797530651092529,-0.36548360383136036
BH_s05_medium,47,145,51.833333333333336,-0.13194845616817474,-0.6369614946128743
BH_s05_medium,47,146,51.86666666666667,0.8644536137580872,-0.8440652969878142
BH_s05_medium,47,147,51.9,1.8176428079605103,-0.9996947855584863
BH_s05_medium,47,148,51.93333333333333,2.047445297241211,-1.1015019242817914
BH_s05_medium,47,149,51.96666666666667,1.7303674221038818,-1.1252439284294344
BH_s05_medium,47,150,52.0,1.093133807182312,-1.0330822704665887
BH_s05_medium,47,151,52.03333333333333,0.4162355661392212,-0.793623010657962
BH_s05_medium,47,152,52.06666666666667,-0.08835620433092117,-0.404955728765112
BH_s05_medium,47,153,52.1,-0.31488287448883057,0.09040360467891177
BH_s05_medium,47,154,52.13333333333333,-0.30012935400009155,0.6077593205195883
BH_s05_medium,47,155,52.166666666666664,-0.1253969520330429,1.0417779202436517
BH_s05_medium,47,156,52.2,-0.0491454117000103,1.2995297393394478
BH_s05_medium,47,157,52.233333333333334,-0.0491454117000103,1.330495372558304
BH_s05_medium,47,158,52.266666666666666,-0.14277440309524536,1.1403384112976722
BH_s05_medium,47,159,52.3,-0.40608593821525574,0.7835041143000501
BH_s05_medium,47,160,52.333333333333336,-0.6693974733352661,0.33989053437341205
BH_s05_medium,47,161,52.36666666666667,-0.9304810762405396,-0.11238646833090996
BH_s05_medium,47,162,52.4,-0.9349370002746582,-0.515962486923584
BH_s05_medium,47,163,52.43333333333333,-0.43178126215934753,-0.8385912859657829
BH_s05_medium,47,164,52.46666666666667,0.5138742923736572,-1.064859080377213
BH_s05_medium,47,165,52.5,1.5742002725601196,-1.1833240640317126
BH_s05_medium,47,166,52.53333333333333,1.885238528251648,-1.1781180036577288
BH_s05_medium,47,167,52.56666666666667,1.50705087184906,-1.0304893008730578
BH_s05_medium,47,168,52.6,0.7555350661277771,-0.730211265503274
BH_s05_medium,47,169,52.63333333333333,0.015760693699121475,-0.29133091156938234
BH_s05_medium,47,170,52.666666666666664,-0.5970156192779541,0.23665318790723336
BH_s05_medium,47,171,52.7,-0.8463578224182129,0.7702875693358352
BH_s05_medium,47,172,52.733333333333334,-0.7866918444633484,1.2089973130446279
BH_s05_medium,47,173,52.766666666666666,-0.5547193884849548,1.4625461370062622
BH_s05_medium,47,174,52.8,-0.3486478924751282,1.4789192792141157
BH_s05_medium,47,175,52.833333333333336,-0.31488287448883057,1.261314232998954
BH_s05_medium,47,176,52.86666666666667,-0.3648451864719391,0.8667820667936691
BH_s05_medium,47,177,52.9,-0.5871139764785767,0.3864588092188462
BH_s05_medium,47,178,52.93333333333333,-0.8028891086578369,-0.08476719924407186
BH_s05_medium,47,179,52.96666666666667,-0.9776214957237244,-0.47665543612682226
BH_s05_medium,47,180,53.0,-1.0718367099761963,-0.7586984369034675
BH_s05_medium,47,181,53.03333333333333,-0.6571945548057556,-0.9369416310314771
BH_s05_medium,47,182,53.06666666666667,0.19870172441005707,-1.036289071342447
BH_s05_medium,47,183,53.1,1.35586678981781,-1.078500859371785
BH_s05_medium,47,184,53.13333333333333,1.9301509857177734,-1.0669956558629243
BH_s05_medium,47,185,53.166666666666664,1.7266300916671753,-0.9851392636967246
BH_s05_medium,47,186,53.2,1.0881507396697998,-0.8076917051038212
BH_s05_medium,47,187,53.233333333333334,0.3006419837474823,-0.519117545202047
BH_s05_medium,47,188,53.266666666666666,-0.28885725140571594,-0.13006228657097904
BH_s05_medium,47,189,53.3,-0.7762039303779602,0.31558058558873237
BH_s05_medium,47,190,53.333333333333336,-0.8303585052490234,0.7471055014158251
BH_s05_medium,47,191,53.36666666666667,-0.6420527696609497,1.0858338247507628
BH_s05_medium,47,192,53.4,-0.3923145830631256,1.2695685960134653
BH_s05_medium,47,193,53.43333333333333,-0.22630372643470764,1.2724593007830263
BH_s05_medium,47,194,53.46666666666667,-0.23259933292865753,1.111327725462714
BH_s05_medium,47,195,53.5,-0.4073317348957062,0.8355048422444967
BH_s05_medium,47,196,53.53333333333333,-0.5820640921592712,0.5054011115622123
BH_s05_medium,47,197,53.56666666666667,-0.8443934917449951,0.17074343187989066
BH_s05_medium,47,198,53.6,-0.9349370002746582,-0.14095649288183923
BH_s05_medium,47,199,53.63333333333333,-0.7694467306137085,-0.42136317494915015
BH_s05_medium,47,200,53.666666666666664,-0.08218523859977722,-0.6678441834763258
BH_s05_medium,47,201,53.7,1.0382683277130127,-0.8690291222064579
BH_s05_medium,47,202,53.733333333333334,1.9357279539108276,-0.9979126073650996
BH_s05_medium,47,203,53.766666666666666,2.0037128925323486,-1.0160837455138152
BH_s05_medium,47,204,53.8,1.4399757385253906,-0.8876747890796114
BH_s05_medium,47,205,53.833333333333336,0.5842775106430054,-0.5978445763689388
BH_s05_medium,47,206,53.86666666666667,-0.06927800923585892,-0.16820295282199502
BH_s05_medium,47,207,53.9,-0.5934751629829407,0.33843955459754854
BH_s05_medium,47,208,53.93333333333333,-0.7577787041664124,0.828364184907765
BH_s05_medium,47,209,53.96666666666667,-0.6107136607170105,1.2005927369911038
BH_s05_medium,47,210,54.0,-0.3799213469028473,1.3756468800851853
BH_s05_medium,47,211,54.03333333333333,-0.22630372643470764,1.3180558308714452
BH_s05_medium,47,212,54.06666666666667,-0.22630372643470764,1.0440132376081201
BH_s05_medium,47,213,54.1,-0.36366504430770874,0.6123862541289191
BH_s05_medium,47,214,54.13333333333333,-0.6269766092300415,0.10421067360315728
BH_s05_medium,47,215,54.166666666666664,-0.8456392884254456,-0.40027057545440614
BH_s05_medium,47,216,54.2,-1.0650205612182617,-0.8384326694034855
BH_s05_medium,47,217,54.233333333333334,-0.9453592896461487,-1.1714574981723989
BH_s05_medium,47,218,54.266666666666666,-0.30877864360809326,-1.3808475506617548
BH_s05_medium,47,219,54.3,0.6876890659332275,-1.4603216781251491
BH_s05_medium,47,220,54.333333333333336,1.6406813859939575,-1.4090699734713255
BH_s05_medium,47,221,54.36666666666667,1.8702213764190674,-1.23027446675539
BH_s05_medium,47,222,54.4,1.348905086517334,-0.9351987545033058
BH_s05_medium,47,223,54.43333333333333,0.6254526376724243,-0.5496903625058647
BH_s05_medium,47,224,54.46666666666667,-0.13753320276737213,-0.1180900233269666
BH_s05_medium,47,225,54.5,-0.7971207499504089,0.29977633096871015
BH_s05_medium,47,226,54.53333333333333,-1.0235161781311035,0.639751657728085
BH_s05_medium,47,227,54.56666666666667,-0.9938778281211853,0.849750671862811
BH_s05_medium,47,228,54.6,-0.745385468006134,0.9053037967028045
BH_s05_medium,47,229,54.63333333333333,-0.5706530809402466,0.817458131786028
BH_s05_medium,47,230,54.666666666666664,-0.4920412003993988,0.6288110407447206
BH_s05_medium,47,231,54.7,-0.5908512473106384,0.39863962972997236
BH_s05_medium,47,232,54.733333333333334,-0.8490473628044128,0.18362058172660778
BH_s05_medium,47,233,54.766666666666666,-1.1123589277267456,0.02278050035495975
BH_s05_medium,47,234,54.8,-1.2870912551879883,-0.0678325307912043
BH_s05_medium,47,235,54.833333333333336,-1.2052627801895142,-0.09112056256843931
BH_s05_medium,47,236,54.86666666666667,-0.5271121263504028,-0.06031996164076919
BH_s05_medium,47,237,54.9,0.5934070944786072,0.008742545197823732
BH_s05_medium,47,238,54.93333333333333,1.574528455734253,0.10170906689985709
BH_s05_medium,47,239,54.96666666666667,1.7367297410964966,0.2064573438533976
BH_s05_medium,48,0,48.0,-0.7190305590629578,-0.04210325017204181
BH_s05_medium,48,1,48.03333333333333,-0.9823421239852905,0.10356839535120085
BH_s05_medium,48,2,48.06666666666667,-1.1570744514465332,0.22533517248640744
BH_s05_medium,48,3,48.1,-1.3318068981170654,0.305021881939509
BH_s05_medium,48,4,48.13333333333333,-1.1688716411590576,0.33567213188483475
BH_s05_medium,48,5,48.166666666666664,-0.4429910480976105,0.3188852590916831
BH_s05_medium,48,6,48.2,0.6939824223518372,0.2590810478096352
BH_s05_medium,48,7,48.233333333333334,1.6438281536102295,0.16088251888718533
BH_s05_medium,48,8,48.266666666666666,1.7501696348190308,0.032576920414110394
BH_s05_medium,48,9,48.3,1.1675511598587036,-0.10765468249923285
BH_s05_medium,48,10,48.333333333333336,0.3544706702232361,-0.22930518130055283
BH_s05_medium,48,11,48.36666666666667,-0.3188871145248413,-0.29534597036217813
BH_s05_medium,48,12,48.4,-0.8877976536750793,-0.27488758426460835
BH_s05_medium,48,13,48.43333333333333,-1.1120953559875488,-0.1563574425172034
BH_s05_medium,48,14,48.46666666666667,-1.0076481103897095,0.04556671235048444
BH_s05_medium,48,15,48.5,-0.7443365454673767,0.2924994614360774
BH_s05_medium,48,16,48.53333333333333,-0.5806203484535217,0.5329967303098642
BH_s05_medium,48,17,48.56666666666667,-0.5892106294631958,0.7167050956213448
BH_s05_medium,48,18,48.6,-0.7639430165290833,0.8067307906731533
BH_s05_medium,48,19,48.63333333333333,-0.9386754035949707,0.7865048662259093
BH_s05_medium,48,20,48.666666666666664,-1.2019870281219482,0.6600043213234148
BH_s05_medium,48,21,48.7,-1.376719355583191,0.4465785575221336
BH_s05_medium,48,22,48.733333333333334,-1.4664119482040405,0.17310197523554377
BH_s05_medium,48,23,48.766666666666666,-1.0414119958877563,-0.13324054204433347
BH_s05_medium,48,24,48.8,-0.09949265420436859,-0.4484734726642534
BH_s05_medium,48,25,48.833333333333336,1.0374808311462402,-0.7502362539121672
BH_s05_medium,48,26,48.86666666666667,1.6959515810012817,-1.0126939860723352
BH_s05_medium,48,27,48.9,1.5766173601150513,-1.2023948483718634
BH_s05_medium,48,28,48.93333333333333,0.9090258479118347,-1.2800931670618871
BH_s05_medium,48,29,48.96666666666667,0.1215171217918396,-1.2108928734985964
BH_s05_medium,48,30,49.0,-0.35756850242614746,-0.9799886941073772
BH_s05_medium,48,31,49.03333333333333,-0.732405960559845,-0.6066261203865444
BH_s05_medium,48,32,49.06666666666667,-0.696998119354248,-0.14780179625377415
BH_s05_medium,48,33,49.1,-0.46391114592552185,0.3128011978022234
BH_s05_medium,48,34,49.13333333333333,-0.2589541971683502,0.6876278036790251
BH_s05_medium,48,35,49.166666666666664,-0.22630372643470764,0.9106636923598934
BH_s05_medium,48,36,49.2,-0.2773805558681488,0.9556183198655432
BH_s05_medium,48,37,49.233333333333334,-0.5007638335227966,0.8410801938887087
BH_s05_medium,48,38,49.266666666666666,-0.7154244780540466,0.6222487075081056
BH_s05_medium,48,39,49.3,-0.8901568651199341,0.3727922172768669
BH_s05_medium,48,40,49.333333333333336,-0.9821430444717407,0.16199253263945718
BH_s05_medium,48,41,49.36666666666667,-0.6019899249076843,0.03324744734395117
BH_s05_medium,48,42,49.4,0.29508256912231445,-0.008826991165421447
BH_s05_medium,48,43,49.43333333333333,1.3955347537994385,0.003521480604090366
BH_s05_medium,48,44,49.46666666666667,2.0198445320129395,0.018787043918778893
BH_s05_medium,48,45,49.5,1.8118656873703003,-0.007250922062038428
BH_s05_medium,48,46,49.53333333333333,1.172271728515625,-0.08829674947839448
BH_s05_medium,48,47,49.56666666666667,0.38476303219795227,-0.19929871862595727
BH_s05_medium,48,48,49.6,-0.20362165570259094,-0.28756966531186795
BH_s05_medium,48,49,49.63333333333333,-0.6001601219177246,-0.2979668072581728
BH_s05_medium,48,50,49.666666666666664,-0.6520856618881226,-0.2003235808614931
BH_s05_medium,48,51,49.7,-0.4773532748222351,-0.006406571095019915
BH_s05_medium,48,52,49.733333333333334,-0.30262088775634766,0.23178230931737573
BH_s05_medium,48,53,49.766666666666666,-0.14756062626838684,0.44190910605593237
BH_s05_medium,48,54,49.8,-0.23371386528015137,0.5597514839863083
BH_s05_medium,48,55,49.833333333333336,-0.4084462523460388,0.5525066371741958
BH_s05_medium,48,56,49.86666666666667,-0.6717578172683716,0.427398449303332
BH_s05_medium,48,57,49.9,-0.846490204334259,0.22406729896442173
BH_s05_medium,48,58,49.93333333333333,-0.9349370002746582,-0.004441896170677897
BH_s05_medium,48,59,49.96666666666667,-0.6833580136299133,-0.21382300822819678
BH_s05_medium,48,60,50.0,0.09228575229644775,-0.38434816267298616
BH_s05_medium,48,61,50.03333333333333,1.222113847732544,-0.5231096012984066
BH_s05_medium,48,62,50.06666666666667,2.040762424468994,-0.6513175990142589
BH_s05_medium,48,63,50.1,1.9284424781799316,-0.7828121911712843
BH_s05_medium,48,64,50.13333333333333,1.2752084732055664,-0.9052665079982387
BH_s05_medium,48,65,50.166666666666664,0.49012571573257446,-0.9753439682852446
BH_s05_medium,48,66,50.2,-0.0943225845694542,-0.9325277705217487
BH_s05_medium,48,67,50.233333333333334,-0.5323665142059326,-0.7266709061444718
BH_s05_medium,48,68,50.266666666666666,-0.6071732044219971,-0.346592874123592
BH_s05_medium,48,69,50.3,-0.5210199952125549,0.1645494725757844
BH_s05_medium,48,70,50.333333333333336,-0.3462875783443451,0.7156142189444618
BH_s05_medium,48,71,50.36666666666667,-0.22630372643470764,1.1937369238801847
BH_s05_medium,48,72,50.4,-0.27862632274627686,1.4991675987606363
BH_s05_medium,48,73,50.43333333333333,-0.4533587098121643,1.573998554412954
BH_s05_medium,48,74,50.46666666666667,-0.6755618453025818,1.414697799313923
BH_s05_medium,48,75,50.5,-0.8914026618003845,1.0666044968935324
BH_s05_medium,48,76,50.53333333333333,-1.066135048866272,0.6050474701323582
BH_s05_medium,48,77,50.56666666666667,-1.0719023942947388,0.11119672677396072
BH_s05_medium,48,78,50.6,-0.6575226783752441,-0.34831647703050506
BH_s05_medium,48,79,50.63333333333333,0.2514804005622864,-0.7310493699343273
BH_s05_medium,48,80,50.666666666666664,1.3226234912872314,-1.0157952948164128
BH_s05_medium,48,81,50.7,1.8110169172286987,-1.191243314299408
BH_s05_medium,48,82,50.733333333333334,1.5216052532196045,-1.2446244801552548
BH_s05_medium,48,83,50.766666666666666,0.7970383167266846,-1.158629433379785
BH_s05_medium,48,84,50.8,-0.030200673267245293,-0.9200982928365445
BH_s05_medium,48,85,50.833333333333336,-0.6221914291381836,-0.5367077251698675
BH_s05_medium,48,86,50.86666666666667,-0.9532966017723083,-0.051851090453609555
BH_s05_medium,48,87,50.9,-1.007582426071167,0.4532465810930279
BH_s05_medium,48,88,50.93333333333333,-0.8328500986099243,0.8759202782253869
BH_s05_medium,48,89,50.96666666666667,-0.6581177115440369,1.1231894427953948
BH_s05_medium,48,90,51.0,-0.5806203484535217,1.1448045859681237
BH_s05_medium,48,91,51.03333333333333,-0.5868503451347351,0.9524994444668315
BH_s05_medium,48,92,51.06666666666667,-0.8501619100570679,0.6155757192902227
BH_s05_medium,48,93,51.1,-1.0262724161148071,0.23413452137115973
BH_s05_medium,48,94,51.13333333333333,-1.288205862045288,-0.09839528020519041
BH_s05_medium,48,95,51.166666666666664,-1.4629381895065308,-0.32716010860292594
BH_s05_medium,48,96,51.2,-1.212473750114441,-0.44895217400300785
BH_s05_medium,48,97,51.233333333333334,-0.36483636498451233,-0.5020869020329791
BH_s05_medium,48,98,51.266666666666666,0.672806441783905,-0.5392637038475949
BH_s05_medium,48,99,51.3,1.4925696849822998,-0.5967548431675144
BH_s05_medium,48,100,51.333333333333336,1.4879070520401,-0.673889018671105
BH_s05_medium,48,101,51.36666666666667,0.9087633490562439,-0.7314897797990726
BH_s05_medium,48,102,51.4,0.2098337709903717,-0.7096186921491902
BH_s05_medium,48,103,51.43333333333333,-0.4233977794647217,-0.5568544491201045
BH_s05_medium,48,104,51.46666666666667,-0.8843228816986084,-0.25828780356812964
BH_s05_medium,48,105,51.5,-0.9349370002746582,0.15045357724392844
BH_s05_medium,48,106,51.53333333333333,-0.72951740026474,0.5901316390950707
BH_s05_medium,48,107,51.56666666666667,-0.4686317443847656,0.9634821772182146
BH_s05_medium,48,108,51.6,-0.2613145112991333,1.1883355469395962
BH_s05_medium,48,109,51.63333333333333,-0.13772456347942352,1.223771633434692
BH_s05_medium,48,110,51.666666666666664,-0.0491454117000103,1.0791159622709001
BH_s05_medium,48,111,51.7,-0.1840151697397232,0.8041803777560868
BH_s05_medium,48,112,51.733333333333334,-0.40261220932006836,0.46684664336451226
BH_s05_medium,48,113,51.766666666666666,-0.6220591068267822,0.12822464439449188
BH_s05_medium,48,114,51.8,-0.6797530651092529,-0.17444173163966345
BH_s05_medium,48,115,51.833333333333336,-0.13194845616817474,-0.43098007813722705
BH_s05_medium,48,116,51.86666666666667,0.8644536137580872,-0.6479944749130173
BH_s05_medium,48,117,51.9,1.8176428079605103,-0.8315493440721264
BH_s05_medium,48,118,51.93333333333333,2.047445297241211,-0.9721864173514028
BH_s05_medium,48,119,51.96666666666667,1.7303674221038818,-1.040243553324687
BH_s05_medium,48,120,52.0,1.093133807182312,-0.9945817847633298
BH_s05_medium,48,121,52.03333333333333,0.4162355661392212,-0.8017051771245505
BH_s05_medium,48,122,52.06666666666667,-0.08835620433092117,-0.457357374865186
BH_s05_medium,48,123,52.1,-0.31488287448883057,-0.0005759550756778626
BH_s05_medium,48,124,52.13333333333333,-0.30012935400009155,0.4881325182386996
BH_s05_medium,48,125,52.166666666666664,-0.1253969520330429,0.9066706909695814
BH_s05_medium,48,126,52.2,-0.0491454117000103,1.162486613193039
BH_s05_medium,48,127,52.233333333333334,-0.0491454117000103,1.2017692662065476
BH_s05_medium,48,128,52.266666666666666,-0.14277440309524536,1.024213842519504
BH_s05_medium,48,129,52.3,-0.40608593821525574,0.6780276629252254
BH_s05_medium,48,130,52.333333333333336,-0.6693974733352661,0.23925899974709303
BH_s05_medium,48,131,52.36666666666667,-0.9304810762405396,-0.2137267157838402
BH_s05_medium,48,132,52.4,-0.9349370002746582,-0.619039060664465
BH_s05_medium,48,133,52.43333333333333,-0.43178126215934753,-0.9369004605856075
BH_s05_medium,48,134,52.46666666666667,0.5138742923736572,-1.1437043450078779
BH_s05_medium,48,135,52.5,1.5742002725601196,-1.222079539342717
BH_s05_medium,48,136,52.53333333333333,1.885238528251648,-1.1552519707479083
BH_s05_medium,48,137,52.56666666666667,1.50705087184906,-0.9302261123703806
BH_s05_medium,48,138,52.6,0.7555350661277771,-0.5488993393673806
BH_s05_medium,48,139,52.63333333333333,0.015760693699121475,-0.041291008240667997
BH_s05_medium,48,140,52.666666666666664,-0.5970156192779541,0.5275771548691476
BH_s05_medium,48,141,52.7,-0.8463578224182129,1.0639591060682734
BH_s05_medium,48,142,52.733333333333334,-0.7866918444633484,1.46557848663666
BH_s05_medium,48,143,52.766666666666666,-0.5547193884849548,1.6494426546832517
BH_s05_medium,48,144,52.8,-0.3486478924751282,1.576930170136436
BH_s05_medium,48,145,52.833333333333336,-0.31488287448883057,1.266259102737283
BH_s05_medium,48,146,52.86666666666667,-0.3648451864719391,0.7868981180720703
BH_s05_medium,48,147,52.9,-0.5871139764785767,0.23747229422667096
BH_s05_medium,48,148,52.93333333333333,-0.8028891086578369,-0.284323651908858
BH_s05_medium,48,149,52.96666666666667,-0.9776214957237244,-0.707867289993405
BH_s05_medium,48,150,53.0,-1.0718367099761963,-1.002086646723173
BH_s05_medium,48,151,53.03333333333333,-0.6571945548057556,-1.1711200799837165
BH_s05_medium,48,152,53.06666666666667,0.19870172441005707,-1.2375425952331447
BH_s05_medium,48,153,53.1,1.35586678981781,-1.2225479281573681
BH_s05_medium,48,154,53.13333333333333,1.9301509857177734,-1.1327936246201207
BH_s05_medium,48,155,53.166666666666664,1.7266300916671753,-0.9595094723110043
BH_s05_medium,48,156,53.2,1.0881507396697998,-0.6891563187467812
BH_s05_medium,48,157,53.233333333333334,0.3006419837474823,-0.31958352755889374
BH_s05_medium,48,158,53.266666666666666,-0.28885725140571594,0.12638600967577096
BH_s05_medium,48,159,53.3,-0.7762039303779602,0.5966639991659738
BH_s05_medium,48,160,53.333333333333336,-0.8303585052490234,1.0180241185881198
BH_s05_medium,48,161,53.36666666666667,-0.6420527696609497,1.314879255842702
BH_s05_medium,48,162,53.4,-0.3923145830631256,1.4320669156408818
BH_s05_medium,48,163,53.43333333333333,-0.22630372643470764,1.3523654924790354
BH_s05_medium,48,164,53.46666666666667,-0.23259933292865753,1.1008787437532925
BH_s05_medium,48,165,53.5,-0.4073317348957062,0.7339636673174866
BH_s05_medium,48,166,53.53333333333333,-0.5820640921592712,0.3178755139336124
BH_s05_medium,48,167,53.56666666666667,-0.8443934917449951,-0.09240764493948476
BH_s05_medium,48,168,53.6,-0.9349370002746582,-0.46407892821437097
BH_s05_medium,48,169,53.63333333333333,-0.7694467306137085,-0.7831281789443876
BH_s05_medium,48,170,53.666666666666664,-0.08218523859977722,-1.041217103962465
BH_s05_medium,48,171,53.7,1.0382683277130127,-1.222448464149688
BH_s05_medium,48,172,53.733333333333334,1.9357279539108276,-1.2980907013533811
BH_s05_medium,48,173,53.766666666666666,2.0037128925323486,-1.2320527740956464
BH_s05_medium,48,174,53.8,1.4399757385253906,-0.9953669769396384
BH_s05_medium,48,175,53.833333333333336,0.5842775106430054,-0.5846412731925208
BH_s05_medium,48,176,53.86666666666667,-0.06927800923585892,-0.03679090479745762
BH_s05_medium,48,177,53.9,-0.5934751629829407,0.5681073122174417
BH_s05_medium,48,178,53.93333333333333,-0.7577787041664124,1.1205259253582815
BH_s05_medium,48,179,53.96666666666667,-0.6107136607170105,1.5093894224862368
BH_s05_medium,48,180,54.0,-0.3799213469028473,1.65412156643187
BH_s05_medium,48,181,54.03333333333333,-0.22630372643470764,1.5276630926034536
BH_s05_medium,48,182,54.06666666666667,-0.22630372643470764,1.1615711768728745
BH_s05_medium,48,183,54.1,-0.36366504430770874,0.6328178486935621
BH_s05_medium,48,184,54.13333333333333,-0.6269766092300415,0.03928948608358436
BH_s05_medium,48,185,54.166666666666664,-0.8456392884254456,-0.5256612434056864
BH_s05_medium,48,186,54.2,-1.0650205612182617,-0.9905318311234591
BH_s05_medium,48,187,54.233333333333334,-0.9453592896461487,-1.310808649858353
BH_s05_medium,48,188,54.266666666666666,-0.30877864360809326,-1.4643032383202255
BH_s05_medium,48,189,54.3,0.6876890659332275,-1.4432898524230482
BH_s05_medium,48,190,54.333333333333336,1.6406813859939575,-1.2498223128314274
BH_s05_medium,48,191,54.36666666666667,1.8702213764190674,-0.8970497672087042
BH_s05_medium,48,192,54.4,1.348905086517334,-0.41507557342926105
BH_s05_medium,48,193,54.43333333333333,0.6254526376724243,0.14328838444661623
BH_s05_medium,48,194,54.46666666666667,-0.13753320276737213,0.7025418262131811
BH_s05_medium,48,195,54.5,-0.7971207499504089,1.1740795099569363
BH_s05_medium,48,196,54.53333333333333,-1.0235161781311035,1.4747322744917348
BH_s05_medium,48,197,54.56666666666667,-0.9938778281211853,1.5487626882054428
BH_s05_medium,48,198,54.6,-0.745385468006134,1.3849039167736488
BH_s05_medium,48,199,54.63333333333333,-0.5706530809402466,1.0207338925971943
BH_s05_medium,48,200,54.666666666666664,-0.4920412003993988,0.5312121592457484
BH_s05_medium,48,201,54.7,-0.5908512473106384,0.005186882108348752
BH_s05_medium,48,202,54.733333333333334,-0.8490473628044128,-0.480046759503564
BH_s05_medium,48,203,54.766666666666666,-1.1123589277267456,-0.8748920759367983
BH_s05_medium,48,204,54.8,-1.2870912551879883,-1.1587376803438414
BH_s05_medium,48,205,54.833333333333336,-1.2052627801895142,-1.3293361952027019
BH_s05_medium,48,206,54.86666666666667,-0.5271121263504028,-1.388880438330263
BH_s05_medium,48,207,54.9,0.5934070944786072,-1.3354589021248298
BH_s05_medium,48,208,54.93333333333333,1.574528455734253,-1.1638481069440794
BH_s05_medium,48,209,54.96666666666667,1.7367297410964966,-0.873640028742598
BH_s05_medium,48,210,55.0,1.2578343152999878,-0.4790844733650032
BH_s05_medium,48,211,55.03333333333333,0.4894694685935974,-0.014699762583948906
BH_s05_medium,48,212,55.06666666666667,-0.16159449517726898,0.4670595692877225
BH_s05_medium,48,213,55.1,-0.6857916712760925,0.9059316505092779
BH_s05_medium,48,214,55.13333333333333,-0.8463578224182129,1.2476550328521627
BH_s05_medium,48,215,55.166666666666664,-0.6980470418930054,1.4555723885139726
BH_s05_medium,48,216,55.2,-0.3774297833442688,1.515777514631979
BH_s05_medium,48,217,55.233333333333334,-0.17142395675182343,1.435049260447392
BH_s05_medium,48,218,55.266666666666666,-0.13772456347942352,1.2338313861416856
BH_s05_medium,48,219,55.3,-0.27633166313171387,0.9380101391882217
BH_s05_medium,48,220,55.333333333333336,-0.4510640501976013,0.5731637428716022
BH_s05_medium,48,221,55.36666666666667,-0.6257964372634888,0.1635847922098546
BH_s05_medium,48,222,55.4,-0.7577787041664124,-0.263890753626744
BH_s05_medium,48,223,55.43333333333333,-0.4596477150917053,-0.6739597431727904
BH_s05_medium,48,224,55.46666666666667,0.30472174286842346,-1.019734372779485
BH_s05_medium,48,225,55.5,1.4923760890960693,-1.2469872201365786
BH_s05_medium,48,226,55.53333333333333,2.1983799934387207,-1.306675321419724
BH_s05_medium,48,227,55.56666666666667,2.104092597961426,-1.1719831911041243
BH_s05_medium,48,228,55.6,1.5210802555084229,-0.853214074074656
BH_s05_medium,48,229,55.63333333333333,0.7335715889930725,-0.40341085717468167
BH_s05_medium,48,230,55.666666666666664,0.08132746070623398,0.09038709921308981
BH_s05_medium,48,231,55.7,-0.3357996940612793,0.5300263339788325
BH_s05_medium,48,232,55.733333333333334,-0.38497117161750793,0.8355046814914191
BH_s05_medium,48,233,55.766666666666666,-0.21023878455162048,0.9681692598362477
BH_s05_medium,48,234,55.8,-0.0491454117000103,0.9377107995881733
BH_s05_medium,48,235,55.833333333333336,0.03943374752998352,0.7907210552591949
BH_s05_medium,48,236,55.86666666666667,-0.0491454117000103,0.5872831711134333
BH_s05_medium,48,237,55.9,-0.1440858095884323,0.3767937516613115
BH_s05_medium,48,238,55.93333333333333,-0.4073973596096039,0.18282952123743193
BH_s05_medium,48,239,55.96666666666667,-0.582129716873169,0.0015268407513937274
BH_s05_medium,49,0,49.0,-0.35756850242614746,0.06707898404725766
BH_s05_medium,49,1,49.03333333333333,-0.732405960559845,0.6765212704734916
BH_s05_medium,49,2,49.06666666666667,-0.696998119354248,1.2062979168368437
BH_s05_medium,49,3,49.1,-0.46391114592552185,1.5911920421019916
BH_s05_medium,49,4,49.13333333333333,-0.2589541971683502,1.785476085212476
BH_s05_medium,49,5,49.166666666666664,-0.22630372643470764,1.774524464758937
BH_s05_medium,49,6,49.2,-0.2773805558681488,1.5818982089365952
BH_s05_medium,49,7,49.233333333333334,-0.5007638335227966,1.2667615506465189
BH_s05_medium,49,8,49.266666666666666,-0.7154244780540466,0.910363185724082
BH_s05_medium,49,9,49.3,-0.8901568651199341,0.5946616337972217
BH_s05_medium,49,10,49.333333333333336,-0.9821430444717407,0.3786256963689605
BH_s05_medium,49,11,49.36666666666667,-0.6019899249076843,0.2792020880089398
BH_s05_medium,49,12,49.4,0.29508256912231445,0.26503159623350936
BH_s05_medium,49,13,49.43333333333333,1.3955347537994385,0.2687682114697819
BH_s05_medium,49,14,49.46666666666667,2.0198445320129395,0.2163546408367607
BH_s05_medium,49,15,49.5,1.8118656873703003,0.06226792765910671
BH_s05_medium,49,16,49.53333333333333,1.172271728515625,-0.18553970508425413
BH_s05_medium,49,17,49.56666666666667,0.38476303219795227,-0.46423380673242876
BH_s05_medium,49,18,49.6,-0.20362165570259094,-0.6804303505462601
BH_s05_medium,49,19,49.63333333333333,-0.6001601219177246,-0.7499811182743409
BH_s05_medium,49,20,49.666666666666664,-0.6520856618881226,-0.6360233909152488
BH_s05_medium,49,21,49.7,-0.4773532748222351,-0.36868132854886393
BH_s05_medium,49,22,49.733333333333334,-0.30262088775634766,-0.036705553171540464
BH_s05_medium,49,23,49.766666666666666,-0.14756062626838684,0.24673911387099728
BH_s05_medium,49,24,49.8,-0.23371386528015137,0.3889452281263764
BH_s05_medium,49,25,49.833333333333336,-0.4084462523460388,0.3522614679800061
BH_s05_medium,49,26,49.86666666666667,-0.6717578172683716,0.16380513275175126
BH_s05_medium,49,27,49.9,-0.846490204334259,-0.10141302194268892
BH_s05_medium,49,28,49.93333333333333,-0.9349370002746582,-0.35465088113069776
BH_s05_medium,49,29,49.96666666666667,-0.6833580136299133,-0.5299283616143239
BH_s05_medium,49,30,50.0,0.09228575229644775,-0.6077840038692035
BH_s05_medium,49,31,50.03333333333333,1.222113847732544,-0.6165584920474959
BH_s05_medium,49,32,50.06666666666667,2.040762424468994,-0.6109591087218936
BH_s05_medium,49,33,50.1,1.9284424781799316,-0.6379371724293817
BH_s05_medium,49,34,50.13333333333333,1.2752084732055664,-0.7065384480066127
BH_s05_medium,49,35,50.166666666666664,0.49012571573257446,-0.7773597764062442
BH_s05_medium,49,36,50.2,-0.0943225845694542,-0.7779311596208325
BH_s05_medium,49,37,50.233333333333334,-0.5323665142059326,-0.6374975247219044
BH_s05_medium,49,38,50.266666666666666,-0.6071732044219971,-0.3249413056308046
BH_s05_medium,49,39,50.3,-0.5210199952125549,0.1286143630481514
BH_s05_medium,49,40,50.333333333333336,-0.3462875783443451,0.6344675279633492
BH_s05_medium,49,41,50.36666666666667,-0.22630372643470764,1.077180978530045
BH_s05_medium,49,42,50.4,-0.27862632274627686,1.3568795341158155
BH_s05_medium,49,43,50.43333333333333,-0.4533587098121643,1.4226884655918437
BH_s05_medium,49,44,50.46666666666667,-0.6755618453025818,1.2836292622990866
BH_s05_medium,49,45,50.5,-0.8914026618003845,0.9959616289764689
BH_s05_medium,49,46,50.53333333333333,-1.066135048866272,0.6358770969439518
BH_s05_medium,49,47,50.56666666666667,-1.0719023942947388,0.2705778873099035
BH_s05_medium,49,48,50.6,-0.6575226783752441,-0.060274027217302385
BH_s05_medium,49,49,50.63333333333333,0.2514804005622864,-0.34614346091519305
BH_s05_medium,49,50,50.666666666666664,1.3226234912872314,-0.591684522853693
BH_s05_medium,49,51,50.7,1.8110169172286987,-0.7961498055399677
BH_s05_medium,49,52,50.733333333333334,1.5216052532196045,-0.9384387525665303
BH_s05_medium,49,53,50.766666666666666,0.7970383167266846,-0.9774736484822397
BH_s05_medium,49,54,50.8,-0.030200673267245293,-0.8696469133934501
BH_s05_medium,49,55,50.833333333333336,-0.6221914291381836,-0.5957439447444548
BH_s05_medium,49,56,50.86666666666667,-0.9532966017723083,-0.18374496405449434
BH_s05_medium,49,57,50.9,-1.007582426071167,0.28597251330677126
BH_s05_medium,49,58,50.93333333333333,-0.8328500986099243,0.6998091242786302
BH_s05_medium,49,59,50.96666666666667,-0.6581177115440369,0.9496778601659922
BH_s05_medium,49,60,51.0,-0.5806203484535217,0.9747893792618726
BH_s05_medium,49,61,51.03333333333333,-0.5868503451347351,0.7859861536409161
BH_s05_medium,49,62,51.06666666666667,-0.8501619100570679,0.4600505596312058
BH_s05_medium,49,63,51.1,-1.0262724161148071,0.10641255618917153
BH_s05_medium,49,64,51.13333333333333,-1.288205862045288,-0.17807338363274572
BH_s05_medium,49,65,51.166666666666664,-1.4629381895065308,-0.34551631603715294
BH_s05_medium,49,66,51.2,-1.212473750114441,-0.40876628333648457
BH_s05_medium,49,67,51.233333333333334,-0.36483636498451233,-0.42480000175101357
BH_s05_medium,49,68,51.266666666666666,0.672806441783905,-0.45897966010333585
BH_s05_medium,49,69,51.3,1.4925696849822998,-0.5475996807355671
BH_s05_medium,49,70,51.333333333333336,1.4879070520401,-0.6759890074301365
BH_s05_medium,49,71,51.36666666666667,0.9087633490562439,-0.7818761495662049
BH_s05_medium,49,72,51.4,0.2098337709903717,-0.7825320840901848
BH_s05_medium,49,73,51.43333333333333,-0.4233977794647217,-0.613980743587595
BH_s05_medium,49,74,51.46666666666667,-0.8843228816986084,-0.26520630783115035
BH_s05_medium,49,75,51.5,-0.9349370002746582,0.20826466123721304
BH_s05_medium,49,76,51.53333333333333,-0.72951740026474,0.6989827046832374
BH_s05_medium,49,77,51.56666666666667,-0.4686317443847656,1.0855427636169395
BH_s05_medium,49,78,51.6,-0.2613145112991333,1.2771902346399497
BH_s05_medium,49,79,51.63333333333333,-0.13772456347942352,1.244562604156478
BH_s05_medium,49,80,51.666666666666664,-0.0491454117000103,1.0238459978944388
BH_s05_medium,49,81,51.7,-0.1840151697397232,0.6952280439905194
BH_s05_medium,49,82,51.733333333333334,-0.40261220932006836,0.34744917026372035
BH_s05_medium,49,83,51.766666666666666,-0.6220591068267822,0.04457175716443622
BH_s05_medium,49,84,51.8,-0.6797530651092529,-0.19138786086268342
BH_s05_medium,49,85,51.833333333333336,-0.13194845616817474,-0.3761299496122302
BH_s05_medium,49,86,51.86666666666667,0.8644536137580872,-0.5412433479709539
BH_s05_medium,49,87,51.9,1.8176428079605103,-0.7068146262115562
BH_s05_medium,49,88,51.93333333333333,2.047445297241211,-0.8622941198466046
BH_s05_medium,49,89,51.96666666666667,1.7303674221038818,-0.9649901249242345
BH_s05_medium,49,90,52.0,1.093133807182312,-0.9570930180781879
BH_s05_medium,49,91,52.03333333333333,0.4162355661392212,-0.7936920862406532
BH_s05_medium,49,92,52.06666666666667,-0.08835620433092117,-0.4694274979170111
BH_s05_medium,49,93,52.1,-0.31488287448883057,-0.03138500991879294
BH_s05_medium,49,94,52.13333333333333,-0.30012935400009155,0.4295344461445163
BH_s05_medium,49,95,52.166666666666664,-0.1253969520330429,0.8074108955566572
BH_s05_medium,49,96,52.2,-0.0491454117000103,1.018116834235037
BH_s05_medium,49,97,52.233333333333334,-0.0491454117000103,1.0267895122232293
BH_s05_medium,49,98,52.266666666666666,-0.14277440309524536,0.853772670560882
BH_s05_medium,49,99,52.3,-0.40608593821525574,0.5584731669636827
BH_s05_medium,49,100,52.333333333333336,-0.6693974733352661,0.2111597014901056
BH_s05_medium,49,101,52.36666666666667,-0.9304810762405396,-0.1326632426946747
BH_s05_medium,49,102,52.4,-0.9349370002746582,-0.4434861942909829
BH_s05_medium,49,103,52.43333333333333,-0.43178126215934753,-0.7113197848895149
BH_s05_medium,49,104,52.46666666666667,0.5138742923736572,-0.9281390969080223
BH_s05_medium,49,105,52.5,1.5742002725601196,-1.071739547354846
BH_s05_medium,49,106,52.53333333333333,1.885238528251648,-1.1020202467124438
BH_s05_medium,49,107,52.56666666666667,1.50705087184906,-0.9735462462824287
BH_s05_medium,49,108,52.6,0.7555350661277771,-0.6595629902419203
BH_s05_medium,49,109,52.63333333333333,0.015760693699121475,-0.17602565663025385
BH_s05_medium,49,110,52.666666666666664,-0.5970156192779541,0.40760707380071864
BH_s05_medium,49,111,52.7,-0.8463578224182129,0.9792449482825121
BH_s05_medium,49,112,52.733333333333334,-0.7866918444633484,1.4149203735670528
BH_s05_medium,49,113,52.766666666666666,-0.5547193884849548,1.6176467632424691
BH_s05_medium,49,114,52.8,-0.3486478924751282,1.5485259164325726
BH_s05_medium,49,115,52.833333333333336,-0.31488287448883057,1.2375120736898202
BH_s05_medium,49,116,52.86666666666667,-0.3648451864719391,0.7697782948629313
BH_s05_medium,49,117,52.9,-0.5871139764785767,0.2537000549112001
BH_s05_medium,49,118,52.93333333333333,-0.8028891086578369,-0.21603720660645578
BH_s05_medium,49,119,52.96666666666667,-0.9776214957237244,-0.5849281263187606
BH_s05_medium,49,120,53.0,-1.0718367099761963,-0.8443985362667731
BH_s05_medium,49,121,53.03333333333333,-0.6571945548057556,-1.0162833318570108
BH_s05_medium,49,122,53.06666666666667,0.19870172441005707,-1.1258626087068464
BH_s05_medium,49,123,53.1,1.35586678981781,-1.1786250306311636
BH_s05_medium,49,124,53.13333333333333,1.9301509857177734,-1.1530177082597666
BH_s05_medium,49,125,53.166666666666664,1.7266300916671753,-1.0124122562163158
BH_s05_medium,49,126,53.2,1.0881507396697998,-0.7295134795450696
BH_s05_medium,49,127,53.233333333333334,0.3006419837474823,-0.31038527664854915
BH_s05_medium,49,128,53.266666666666666,-0.28885725140571594,0.19422661495575344
BH_s05_medium,49,129,53.3,-0.7762039303779602,0.696554017446145
BH_s05_medium,49,130,53.333333333333336,-0.8303585052490234,1.096348615714029
BH_s05_medium,49,131,53.36666666666667,-0.6420527696609497,1.3128959324892657
BH_s05_medium,49,132,53.4,-0.3923145830631256,1.3115989006000766
BH_s05_medium,49,133,53.43333333333333,-0.22630372643470764,1.1140365270556458
BH_s05_medium,49,134,53.46666666666667,-0.23259933292865753,0.7870741945242679
BH_s05_medium,49,135,53.5,-0.4073317348957062,0.4155607402743845
BH_s05_medium,49,136,53.53333333333333,-0.5820640921592712,0.07060893826927536
BH_s05_medium,49,137,53.56666666666667,-0.8443934917449951,-0.21225684046702703
BH_s05_medium,49,138,53.6,-0.9349370002746582,-0.4354038970242916
BH_s05_medium,49,139,53.63333333333333,-0.7694467306137085,-0.6220018926052746
BH_s05_medium,49,140,53.666666666666664,-0.08218523859977722,-0.7900431260103914
BH_s05_medium,49,141,53.7,1.0382683277130127,-0.9323574030509765
BH_s05_medium,49,142,53.733333333333334,1.9357279539108276,-1.0128939077609793
BH_s05_medium,49,143,53.766666666666666,2.0037128925323486,-0.9803573406570784
BH_s05_medium,49,144,53.8,1.4399757385253906,-0.7927397699297865
BH_s05_medium,49,145,53.833333333333336,0.5842775106430054,-0.44228733180382285
BH_s05_medium,49,146,53.86666666666667,-0.06927800923585892,0.03018980649723804
BH_s05_medium,49,147,53.9,-0.5934751629829407,0.5393264279050625
BH_s05_medium,49,148,53.93333333333333,-0.7577787041664124,0.9778554819697618
BH_s05_medium,49,149,53.96666666666667,-0.6107136607170105,1.2497059713123955
BH_s05_medium,49,150,54.0,-0.3799213469028473,1.2997756467674815
BH_s05_medium,49,151,54.03333333333333,-0.22630372643470764,1.1277819622843552
BH_s05_medium,49,152,54.06666666666667,-0.22630372643470764,0.7817800646271513
BH_s05_medium,49,153,54.1,-0.36366504430770874,0.3368195878148178
BH_s05_medium,49,154,54.13333333333333,-0.6269766092300415,-0.13020762905185632
BH_s05_medium,49,155,54.166666666666664,-0.8456392884254456,-0.5588225141088807
BH_s05_medium,49,156,54.2,-1.0650205612182617,-0.9103917917622248
BH_s05_medium,49,157,54.233333333333334,-0.9453592896461487,-1.1616806381613336
BH_s05_medium,49,158,54.266666666666666,-0.30877864360809326,-1.2935164389865659
BH_s05_medium,49,159,54.3,0.6876890659332275,-1.2836974044525196
BH_s05_medium,49,160,54.333333333333336,1.6406813859939575,-1.1101984494683947
BH_s05_medium,49,161,54.36666666666667,1.8702213764190674,-0.7643377230226394
BH_s05_medium,49,162,54.4,1.348905086517334,-0.26733257961506596
BH_s05_medium,49,163,54.43333333333333,0.6254526376724243,0.3195368415168472
BH_s05_medium,49,164,54.46666666666667,-0.13753320276737213,0.8994704191316976
BH_s05_medium,49,165,54.5,-0.7971207499504089,1.3614457676252136
BH_s05_medium,49,166,54.53333333333333,-1.0235161781311035,1.6116482323546075
BH_s05_medium,49,167,54.56666666666667,-0.9938778281211853,1.6024113946287073
BH_s05_medium,49,168,54.6,-0.745385468006134,1.3465907003453301
BH_s05_medium,49,169,54.63333333333333,-0.5706530809402466,0.911483743278323
BH_s05_medium,49,170,54.666666666666664,-0.4920412003993988,0.3947699680718226
BH_s05_medium,49,171,54.7,-0.5908512473106384,-0.10767387516930277
BH_s05_medium,49,172,54.733333333333334,-0.8490473628044128,-0.5285900626816756
BH_s05_medium,49,173,54.766666666666666,-1.1123589277267456,-0.8398534382881799
BH_s05_medium,49,174,54.8,-1.2870912551879883,-1.044203085630093
BH_s05_medium,49,175,54.833333333333336,-1.2052627801895142,-1.1553598709677393
BH_s05_medium,49,176,54.86666666666667,-0.5271121263504028,-1.1789703230876278
BH_s05_medium,49,177,54.9,0.5934070944786072,-1.1051607870185223
BH_s05_medium,49,178,54.93333333333333,1.574528455734253,-0.9161372026548543
BH_s05_medium,49,179,54.96666666666667,1.7367297410964966,-0.6037962732015508
BH_s05_medium,49,180,55.0,1.2578343152999878,-0.18730375609751984
BH_s05_medium,49,181,55.03333333333333,0.4894694685935974,0.27956265036609945
BH_s05_medium,49,182,55.06666666666667,-0.16159449517726898,0.7173398799640035
BH_s05_medium,49,183,55.1,-0.6857916712760925,1.0443147738222873
BH_s05_medium,49,184,55.13333333333333,-0.8463578224182129,1.2040947252118057
BH_s05_medium,49,185,55.166666666666664,-0.6980470418930054,1.1836417520824705
BH_s05_medium,49,186,55.2,-0.3774297833442688,1.0135221978737479
BH_s05_medium,49,187,55.233333333333334,-0.17142395675182343,0.7517571429045317
BH_s05_medium,49,188,55.266666666666666,-0.13772456347942352,0.45978630802558473
BH_s05_medium,49,189,55.3,-0.27633166313171387,0.18118339377373394
BH_s05_medium,49,190,55.333333333333336,-0.4510640501976013,-0.0685037626627839
BH_s05_medium,49,191,55.36666666666667,-0.6257964372634888,-0.2975462522557396
BH_s05_medium,49,192,55.4,-0.7577787041664124,-0.5222896567911216
BH_s05_medium,49,193,55.43333333333333,-0.4596477150917053,-0.7477656054532842
BH_s05_medium,49,194,55.46666666666667,0.30472174286842346,-0.9546955180259695
BH_s05_medium,49,195,55.5,1.4923760890960693,-1.100412788140854
BH_s05_medium,49,196,55.53333333333333,2.1983799934387207,-1.1344089129844848
BH_s05_medium,49,197,55.56666666666667,2.104092597961426,-1.021808119938988
BH_s05_medium,49,198,55.6,1.5210802555084229,-0.7640504691166488
BH_s05_medium,49,199,55.63333333333333,0.7335715889930725,-0.40637771692631325
BH_s05_medium,49,200,55.666666666666664,0.08132746070623398,-0.026047016915459263
BH_s05_medium,49,201,55.7,-0.3357996940612793,0.296169276131095
BH_s05_medium,49,202,55.733333333333334,-0.38497117161750793,0.5082402907883452
BH_s05_medium,49,203,55.766666666666666,-0.21023878455162048,0.6055310404913502
BH_s05_medium,49,204,55.8,-0.0491454117000103,0.6253134931596198
BH_s05_medium,49,205,55.833333333333336,0.03943374752998352,0.6202078432099246
BH_s05_medium,49,206,55.86666666666667,-0.0491454117000103,0.6252677353732246
BH_s05_medium,49,207,55.9,-0.1440858095884323,0.6368194479518537
BH_s05_medium,49,208,55.93333333333333,-0.4073973596096039,0.614710986321064
BH_s05_medium,49,209,55.96666666666667,-0.582129716873169,0.5069861018097958
BH_s05_medium,49,210,56.0,-0.5815368890762329,0.28392299083073586
BH_s05_medium,49,211,56.03333333333333,-0.06251531839370728,-0.03641775415756483
BH_s05_medium,49,212,56.06666666666667,0.9791940450668335,-0.38401263519883083
BH_s05_medium,49,213,56.1,2.035782814025879,-0.6566684986103638
BH_s05_medium,49,214,56.13333333333333,2.342491865158081,-0.7568689276034672
BH_s05_medium,49,215,56.166666666666664,1.9517807960510254,-0.6319152512686519
BH_s05_medium,49,216,56.2,1.1797442436218262,-0.3003820962697647
BH_s05_medium,49,217,56.233333333333334,0.46534255146980286,0.14848917576977744
BH_s05_medium,49,218,56.266666666666666,-0.09707663208246231,0.5844315200313756
BH_s05_medium,49,219,56.3,-0.29213300347328186,0.882966135832268
BH_s05_medium,49,220,56.333333333333336,-0.2514795660972595,0.9689817935019015
BH_s05_medium,49,221,56.36666666666667,-0.07674716413021088,0.838492416686572
BH_s05_medium,49,222,56.4,-0.0491454117000103,0.5515142424533264
BH_s05_medium,49,223,56.43333333333333,-0.01669180765748024,0.20262512551225198
BH_s05_medium,49,224,56.46666666666667,-0.0491454117000103,-0.1163316051385327
BH_s05_medium,49,225,56.5,-0.2775774300098419,-0.3461582769080373
BH_s05_medium,49,226,56.53333333333333,-0.45230981707572937,-0.4720196340164859
BH_s05_medium,49,227,56.56666666666667,-0.6270422339439392,-0.5146261089335724
BH_s05_medium,49,228,56.6,-0.4486325979232788,-0.5084541413294121
BH_s05_medium,49,229,56.63333333333333,0.2888537049293518,-0.4800100971422354
BH_s05_medium,49,230,56.666666666666664,1.425827145576477,-0.4364921251531084
BH_s05_medium,49,231,56.7,2.238769769668579,-0.3680347266069838
BH_s05_medium,49,232,56.733333333333334,2.273907423019409,-0.26044773598566967
BH_s05_medium,49,233,56.766666666666666,1.6835517883300781,-0.11143534429835118
BH_s05_medium,49,234,56.8,0.896043062210083,0.05843675235240049
BH_s05_medium,49,235,56.833333333333336,0.13554878532886505,0.20703262660978305
BH_s05_medium,49,236,56.86666666666667,-0.18690156936645508,0.2854920155637027
BH_s05_medium,49,237,56.9,-0.3812994658946991,0.26047438146416624
BH_s05_medium,49,238,56.93333333333333,-0.20656707882881165,0.1324461481420258
BH_s05_medium,49,239,56.96666666666667,-0.0491454117000103,-0.060314705890198085
BH_s05_medium,50,0,50.0,0.09228575229644775,0.04458874914210568
BH_s05_medium,50,1,50.03333333333333,1.222113847732544,0.44016256107878143
BH_s05_medium,50,2,50.06666666666667,2.040762424468994,0.7190131761495496
BH_s05_medium,50,3,50.1,1.9284424781799316,0.8075421812280209
BH_s05_medium,50,4,50.13333333333333,1.2752084732055664,0.7048955134136776
BH_s05_medium,50,5,50.166666666666664,0.49012571573257446,0.48516852372356023
BH_s05_medium,50,6,50.2,-0.0943225845694542,0.26971581352594787
BH_s05_medium,50,7,50.233333333333334,-0.5323665142059326,0.17897829316662822
BH_s05_medium,50,8,50.266666666666666,-0.6071732044219971,0.28301673143406947
BH_s05_medium,50,9,50.3,-0.5210199952125549,0.5716865446796061
BH_s05_medium,50,10,50.333333333333336,-0.3462875783443451,0.957491003949696
BH_s05_medium,50,11,50.36666666666667,-0.22630372643470764,1.3097318420510211
BH_s05_medium,50,12,50.4,-0.27862632274627686,1.5042986306913584
BH_s05_medium,50,13,50.43333333333333,-0.4533587098121643,1.4671642289938618
BH_s05_medium,50,14,50.46666666666667,-0.6755618453025818,1.1949469235223826
BH_s05_medium,50,15,50.5,-0.8914026618003845,0.7479047340410064
BH_s05_medium,50,16,50.53333333333333,-1.066135048866272,0.22195604983786132
BH_s05_medium,50,17,50.56666666666667,-1.0719023942947388,-0.2869357556733324
BH_s05_medium,50,18,50.6,-0.6575226783752441,-0.7113657909983333
BH_s05_medium,50,19,50.63333333333333,0.2514804005622864,-1.0237317427842383
BH_s05_medium,50,20,50.666666666666664,1.3226234912872314,-1.2282126730079306
BH_s05_medium,50,21,50.7,1.8110169172286987,-1.340390534799937
BH_s05_medium,50,22,50.733333333333334,1.5216052532196045,-1.3666058762281392
BH_s05_medium,50,23,50.766666666666666,0.7970383167266846,-1.2945934740385638
BH_s05_medium,50,24,50.8,-0.030200673267245293,-1.1009535991395036
BH_s05_medium,50,25,50.833333333333336,-0.6221914291381836,-0.7721085603248147
BH_s05_medium,50,26,50.86666666666667,-0.9532966017723083,-0.3275025591026399
BH_s05_medium,50,27,50.9,-1.007582426071167,0.16900063720518005
BH_s05_medium,50,28,50.93333333333333,-0.8328500986099243,0.6190791178335369
BH_s05_medium,50,29,50.96666666666667,-0.6581177115440369,0.9203123278607379
BH_s05_medium,50,30,51.0,-0.5806203484535217,1.0042429092165779
BH_s05_medium,50,31,51.03333333333333,-0.5868503451347351,0.8637201408783313
BH_s05_medium,50,32,51.06666666666667,-0.8501619100570679,0.5557636145334625
BH_s05_medium,50,33,51.1,-1.0262724161148071,0.17831802954393036
BH_s05_medium,50,34,51.13333333333333,-1.288205862045288,-0.1680999629757464
BH_s05_medium,50,35,51.166666666666664,-1.4629381895065308,-0.4162302112770588
BH_s05_medium,50,36,51.2,-1.212473750114441,-0.5501305860987654
BH_s05_medium,50,37,51.233333333333334,-0.36483636498451233,-0.5993707659358909
BH_s05_medium,50,38,51.266666666666666,0.672806441783905,-0.614080946747533
BH_s05_medium,50,39,51.3,1.4925696849822998,-0.6334289799286761
BH_s05_medium,50,40,51.333333333333336,1.4879070520401,-0.6621408221214965
BH_s05_medium,50,41,51.36666666666667,0.9087633490562439,-0.6656590520334501
BH_s05_medium,50,42,51.4,0.2098337709903717,-0.5863386724822581
BH_s05_medium,50,43,51.43333333333333,-0.4233977794647217,-0.3738451385850369
BH_s05_medium,50,44,51.46666666666667,-0.8843228816986084,-0.016181048179061103
BH_s05_medium,50,45,51.5,-0.9349370002746582,0.4434880022249288
BH_s05_medium,50,46,51.53333333333333,-0.72951740026474,0.9136168623061848
BH_s05_medium,50,47,51.56666666666667,-0.4686317443847656,1.2835051330144098
BH_s05_medium,50,48,51.6,-0.2613145112991333,1.4625404837532325
BH_s05_medium,50,49,51.63333333333333,-0.13772456347942352,1.4117955818355739
BH_s05_medium,50,50,51.666666666666664,-0.0491454117000103,1.1547483548912003
BH_s05_medium,50,51,51.7,-0.1840151697397232,0.7643566890190003
BH_s05_medium,50,52,51.733333333333334,-0.40261220932006836,0.33376850176911865
BH_s05_medium,50,53,51.766666666666666,-0.6220591068267822,-0.056308699276112754
BH_s05_medium,50,54,51.8,-0.6797530651092529,-0.3604301348249626
BH_s05_medium,50,55,51.833333333333336,-0.13194845616817474,-0.5733539570280851
BH_s05_medium,50,56,51.86666666666667,0.8644536137580872,-0.7171706202484295
BH_s05_medium,50,57,51.9,1.8176428079605103,-0.8184005528658205
BH_s05_medium,50,58,51.93333333333333,2.047445297241211,-0.886787452306535
BH_s05_medium,50,59,51.96666666666667,1.7303674221038818,-0.9060769491353095
BH_s05_medium,50,60,52.0,1.093133807182312,-0.8410062844261145
BH_s05_medium,50,61,52.03333333333333,0.4162355661392212,-0.6572177462206491
BH_s05_medium,50,62,52.06666666666667,-0.08835620433092117,-0.3452066218474369
BH_s05_medium,50,63,52.1,-0.31488287448883057,0.06289908787194542
BH_s05_medium,50,64,52.13333333333333,-0.30012935400009155,0.49332616665154
BH_s05_medium,50,65,52.166666666666664,-0.1253969520330429,0.8503587413288318
BH_s05_medium,50,66,52.2,-0.0491454117000103,1.0484762932455383
BH_s05_medium,50,67,52.233333333333334,-0.0491454117000103,1.042202929491295
BH_s05_medium,50,68,52.266666666666666,-0.14277440309524536,0.8398431201530175
BH_s05_medium,50,69,52.3,-0.40608593821525574,0.4956997916937051
BH_s05_medium,50,70,52.333333333333336,-0.6693974733352661,0.08619427387901286
BH_s05_medium,50,71,52.36666666666667,-0.9304810762405396,-0.31735529246322397
BH_s05_medium,50,72,52.4,-0.9349370002746582,-0.6664275846211694
BH_s05_medium,50,73,52.43333333333333,-0.43178126215934753,-0.9371260051927252
BH_s05_medium,50,74,52.46666666666667,0.5138742923736572,-1.1190359632379363
BH_s05_medium,50,75,52.5,1.5742002725601196,-1.2006242680110415
BH_s05_medium,50,76,52.53333333333333,1.885238528251648,-1.1612525713805462
BH_s05_medium,50,77,52.56666666666667,1.50705087184906,-0.9753404014147383
BH_s05_medium,50,78,52.6,0.7555350661277771,-0.6276744359908503
BH_s05_medium,50,79,52.63333333333333,0.015760693699121475,-0.1327067830406456
BH_s05_medium,50,80,52.666666666666664,-0.5970156192779541,0.4528863333971711
BH_s05_medium,50,81,52.7,-0.8463578224182129,1.033524553365028
BH_s05_medium,50,82,52.733333333333334,-0.7866918444633484,1.4959340748016496
BH_s05_medium,50,83,52.766666666666666,-0.5547193884849548,1.7414176975029765
BH_s05_medium,50,84,52.8,-0.3486478924751282,1.7166976642290654
BH_s05_medium,50,85,52.833333333333336,-0.31488287448883057,1.4308603487302098
BH_s05_medium,50,86,52.86666666666667,-0.3648451864719391,0.9514131806060111
BH_s05_medium,50,87,52.9,-0.5871139764785767,0.38103237158095377
BH_s05_medium,50,88,52.93333333333333,-0.8028891086578369,-0.17539976176121222
BH_s05_medium,50,89,52.96666666666667,-0.9776214957237244,-0.6400554891577486
BH_s05_medium,50,90,53.0,-1.0718367099761963,-0.9765987212705394
BH_s05_medium,50,91,53.03333333333333,-0.6571945548057556,-1.1858775697743364
BH_s05_medium,50,92,53.06666666666667,0.19870172441005707,-1.287633214506862
BH_s05_medium,50,93,53.1,1.35586678981781,-1.2989656948518347
BH_s05_medium,50,94,53.13333333333333,1.9301509857177734,-1.2207546748639493
BH_s05_medium,50,95,53.166666666666664,1.7266300916671753,-1.0384017111912862
BH_s05_medium,50,96,53.2,1.0881507396697998,-0.7357637673251475
BH_s05_medium,50,97,53.233333333333334,0.3006419837474823,-0.31466498974741525
BH_s05_medium,50,98,53.266666666666666,-0.28885725140571594,0.19019402028852778
BH_s05_medium,50,99,53.3,-0.7762039303779602,0.7091713034408197
BH_s05_medium,50,100,53.333333333333336,-0.8303585052490234,1.1513953057720911
BH_s05_medium,50,101,53.36666666666667,-0.6420527696609497,1.4303825516199822
BH_s05_medium,50,102,53.4,-0.3923145830631256,1.4918611042837573
BH_s05_medium,50,103,53.43333333333333,-0.22630372643470764,1.3320030270717982
BH_s05_medium,50,104,53.46666666666667,-0.23259933292865753,0.997536242486832
BH_s05_medium,50,105,53.5,-0.4073317348957062,0.5670868680990813
BH_s05_medium,50,106,53.53333333333333,-0.5820640921592712,0.12227092166635971
BH_s05_medium,50,107,53.56666666666667,-0.8443934917449951,-0.27773787517017384
BH_s05_medium,50,108,53.6,-0.9349370002746582,-0.6067239569352275
BH_s05_medium,50,109,53.63333333333333,-0.7694467306137085,-0.8640178219179413
BH_s05_medium,50,110,53.666666666666664,-0.08218523859977722,-1.0558648448528918
BH_s05_medium,50,111,53.7,1.0382683277130127,-1.1775032426274488
BH_s05_medium,50,112,53.733333333333334,1.9357279539108276,-1.2057798497967607
BH_s05_medium,50,113,53.766666666666666,2.0037128925323486,-1.1057042531014207
BH_s05_medium,50,114,53.8,1.4399757385253906,-0.8481268749453621
BH_s05_medium,50,115,53.833333333333336,0.5842775106430054,-0.43122854182736187
BH_s05_medium,50,116,53.86666666666667,-0.06927800923585892,0.10395975205960997
BH_s05_medium,50,117,53.9,-0.5934751629829407,0.6728194190841907
BH_s05_medium,50,118,53.93333333333333,-0.7577787041664124,1.1647231370889444
BH_s05_medium,50,119,53.96666666666667,-0.6107136607170105,1.4742869354283434
BH_s05_medium,50,120,54.0,-0.3799213469028473,1.5341835269455675
BH_s05_medium,50,121,54.03333333333333,-0.22630372643470764,1.3355060088438748
BH_s05_medium,50,122,54.06666666666667,-0.22630372643470764,0.9274908391094261
BH_s05_medium,50,123,54.1,-0.36366504430770874,0.3982192859335158
BH_s05_medium,50,124,54.13333333333333,-0.6269766092300415,-0.15410629728565778
BH_s05_medium,50,125,54.166666666666664,-0.8456392884254456,-0.6470490103579907
BH_s05_medium,50,126,54.2,-1.0650205612182617,-1.0278312067139987
BH_s05_medium,50,127,54.233333333333334,-0.9453592896461487,-1.272741033133234
BH_s05_medium,50,128,54.266666666666666,-0.30877864360809326,-1.376337473070689
BH_s05_medium,50,129,54.3,0.6876890659332275,-1.3386848369236775
BH_s05_medium,50,130,54.333333333333336,1.6406813859939575,-1.158513576194645
BH_s05_medium,50,131,54.36666666666667,1.8702213764190674,-0.8361948398686426
BH_s05_medium,50,132,54.4,1.348905086517334,-0.38474892724464393
BH_s05_medium,50,133,54.43333333333333,0.6254526376724243,0.1577559959644385
BH_s05_medium,50,134,54.46666666666667,-0.13753320276737213,0.7229055781240954
BH_s05_medium,50,135,54.5,-0.7971207499504089,1.2197479875879302
BH_s05_medium,50,136,54.53333333333333,-1.0235161781311035,1.5555372293780219
BH_s05_medium,50,137,54.56666666666667,-0.9938778281211853,1.6624519280530679
BH_s05_medium,50,138,54.6,-0.745385468006134,1.5195142839380884
BH_s05_medium,50,139,54.63333333333333,-0.5706530809402466,1.1599957048041516
BH_s05_medium,50,140,54.666666666666664,-0.4920412003993988,0.6603396707382561
BH_s05_medium,50,141,54.7,-0.5908512473106384,0.11488773006931197
BH_s05_medium,50,142,54.733333333333334,-0.8490473628044128,-0.392333563415078
BH_s05_medium,50,143,54.766666666666666,-1.1123589277267456,-0.8063019222306586
BH_s05_medium,50,144,54.8,-1.2870912551879883,-1.1037404479754185
BH_s05_medium,50,145,54.833333333333336,-1.2052627801895142,-1.2824884816732949
BH_s05_medium,50,146,54.86666666666667,-0.5271121263504028,-1.346233068421926
BH_s05_medium,50,147,54.9,0.5934070944786072,-1.2939877574639185
BH_s05_medium,50,148,54.93333333333333,1.574528455734253,-1.1195353020806038
BH_s05_medium,50,149,54.96666666666667,1.7367297410964966,-0.8200440872601688
BH_s05_medium,50,150,55.0,1.2578343152999878,-0.40844156636846135
BH_s05_medium,50,151,55.03333333333333,0.4894694685935974,0.07767254731314473
BH_s05_medium,50,152,55.06666666666667,-0.16159449517726898,0.5765271198285566
BH_s05_medium,50,153,55.1,-0.6857916712760925,1.0138028346308323
BH_s05_medium,50,154,55.13333333333333,-0.8463578224182129,1.3213171568102045
BH_s05_medium,50,155,55.166666666666664,-0.6980470418930054,1.4549122736373132
BH_s05_medium,50,156,55.2,-0.3774297833442688,1.4043897545684534
BH_s05_medium,50,157,55.233333333333334,-0.17142395675182343,1.1923899600039145
BH_s05_medium,50,158,55.266666666666666,-0.13772456347942352,0.8637662397938639
BH_s05_medium,50,159,55.3,-0.27633166313171387,0.47043835882518026
BH_s05_medium,50,160,55.333333333333336,-0.4510640501976013,0.05801366351323882
BH_s05_medium,50,161,55.36666666666667,-0.6257964372634888,-0.3407544082369483
BH_s05_medium,50,162,55.4,-0.7577787041664124,-0.7039886844425803
BH_s05_medium,50,163,55.43333333333333,-0.4596477150917053,-1.0128446089673437
BH_s05_medium,50,164,55.46666666666667,0.30472174286842346,-1.2437818547390842
BH_s05_medium,50,165,55.5,1.4923760890960693,-1.3669847476438828
BH_s05_medium,50,166,55.53333333333333,2.1983799934387207,-1.3531850894112294
BH_s05_medium,50,167,55.56666666666667,2.104092597961426,-1.1861685816244147
BH_s05_medium,50,168,55.6,1.5210802555084229,-0.8751314656062332
BH_s05_medium,50,169,55.63333333333333,0.7335715889930725,-0.4603867437833909
BH_s05_medium,50,170,55.666666666666664,0.08132746070623398,-0.007510168523411782
BH_s05_medium,50,171,55.7,-0.3357996940612793,0.41028760972961026
BH_s05_medium,50,172,55.733333333333334,-0.38497117161750793,0.7348490764986689
BH_s05_medium,50,173,55.766666666666666,-0.21023878455162048,0.9397291328136798
BH_s05_medium,50,174,55.8,-0.0491454117000103,1.03204694163881
BH_s05_medium,50,175,55.833333333333336,0.03943374752998352,1.03872186388503
BH_s05_medium,50,176,55.86666666666667,-0.0491454117000103,0.9852335465426575
BH_s05_medium,50,177,55.9,-0.1440858095884323,0.879452162193645
BH_s05_medium,50,178,55.93333333333333,-0.4073973596096039,0.7099539707961064
BH_s05_medium,50,179,55.96666666666667,-0.582129716873169,0.4596340386822721
BH_s05_medium,50,180,56.0,-0.5815368890762329,0.12652151599419237
BH_s05_medium,50,181,56.03333333333333,-0.06251531839370728,-0.2602244821571365
BH_s05_medium,50,182,56.06666666666667,0.9791940450668335,-0.6380505408123809
BH_s05_medium,50,183,56.1,2.035782814025879,-0.9245849653819891
BH_s05_medium,50,184,56.13333333333333,2.342491865158081,-1.043018973731992
BH_s05_medium,50,185,56.166666666666664,1.9517807960510254,-0.950628565734409
BH_s05_medium,50,186,56.2,1.1797442436218262,-0.6589256214210987
BH_s05_medium,50,187,56.233333333333334,0.46534255146980286,-0.2355864136210797
BH_s05_medium,50,188,56.266666666666666,-0.09707663208246231,0.2142791660782842
BH_s05_medium,50,189,56.3,-0.29213300347328186,0.5806795554243115
BH_s05_medium,50,190,56.333333333333336,-0.2514795660972595,0.78244728954087
BH_s05_medium,50,191,56.36666666666667,-0.07674716413021088,0.7894816666679179
BH_s05_medium,50,192,56.4,-0.0491454117000103,0.6262249760763338
BH_s05_medium,50,193,56.43333333333333,-0.01669180765748024,0.3567487241893843
BH_s05_medium,50,194,56.46666666666667,-0.0491454117000103,0.05852826307495286
BH_s05_medium,50,195,56.5,-0.2775774300098419,-0.20429286041808833
BH_s05_medium,50,196,56.53333333333333,-0.45230981707572937,-0.3976412004796671
BH_s05_medium,50,197,56.56666666666667,-0.6270422339439392,-0.5186807724421005
BH_s05_medium,50,198,56.6,-0.4486325979232788,-0.5837811591567462
BH_s05_medium,50,199,56.63333333333333,0.2888537049293518,-0.6115586044146312
BH_s05_medium,50,200,56.666666666666664,1.425827145576477,-0.6094518929676425
BH_s05_medium,50,201,56.7,2.238769769668579,-0.5687958479632966
BH_s05_medium,50,202,56.733333333333334,2.273907423019409,-0.46968937863771865
BH_s05_medium,50,203,56.766666666666666,1.6835517883300781,-0.2935772690859718
BH_s05_medium,50,204,56.8,0.896043062210083,-0.03807407641460082
BH_s05_medium,50,205,56.833333333333336,0.13554878532886505,0.27321505175051375
BH_s05_medium,50,206,56.86666666666667,-0.18690156936645508,0.5915425948661505
BH_s05_medium,50,207,56.9,-0.3812994658946991,0.855503353152492
BH_s05_medium,50,208,56.93333333333333,-0.20656707882881165,1.0103792202728301
BH_s05_medium,50,209,56.96666666666667,-0.0491454117000103,1.025935573615843
BH_s05_medium,50,210,57.0,-0.0491454117000103,0.9049227477650775
BH_s05_medium,50,211,57.03333333333333,-0.0491454117000103,0.6789172744889511
BH_s05_medium,50,212,57.06666666666667,-0.1577904373407364,0.3939587155241067
BH_s05_medium,50,213,57.1,-0.4110690653324127,0.09325046313899615
BH_s05_medium,50,214,57.13333333333333,-0.6743806004524231,-0.19426888950701657
BH_s05_medium,50,215,57.166666666666664,-0.752268373966217,-0.4541260754143731
BH_s05_medium,50,216,57.2,-0.3135659694671631,-0.6772669262325676
BH_s05_medium,50,217,57.233333333333334,0.5583285093307495,-0.8497424265627751
BH_s05_medium,50,218,57.266666666666666,1.6112455129623413,-0.9492005068773024
BH_s05_medium,50,219,57.3,2.069805860519409,-0.9511486531545046
BH_s05_medium,50,220,57.333333333333336,1.7411867380142212,-0.8415202465431845
BH_s05_medium,50,221,57.36666666666667,0.9842273592948914,-0.6281818499068155
BH_s05_medium,50,222,57.4,0.19914458692073822,-0.3446579395346177
BH_s05_medium,50,223,57.43333333333333,-0.26492610573768616,-0.0435268169782346
BH_s05_medium,50,224,57.46666666666667,-0.5615421533584595,0.2180171265637032
BH_s05_medium,50,225,57.5,-0.5806203484535217,0.3945719107339834
BH_s05_medium,50,226,57.53333333333333,-0.4273920953273773,0.4647035882405898
BH_s05_medium,50,227,57.56666666666667,-0.25265970826148987,0.43493382649325574
BH_s05_medium,50,228,57.6,-0.22630372643470764,0.3349493203411681
BH_s05_medium,50,229,57.63333333333333,-0.37225422263145447,0.20642426189638693
BH_s05_medium,50,230,57.666666666666664,-0.6355657577514648,0.08952264304822623
BH_s05_medium,50,231,57.7,-0.8102981448173523,0.011508145272954632
BH_s05_medium,50,232,57.733333333333334,-1.0235161781311035,-0.01887301241371839
BH_s05_medium,50,233,57.766666666666666,-0.9281809329986572,-0.00972947366957657
BH_s05_medium,50,234,57.8,-0.3091701865196228,0.021226060535636464
BH_s05_medium,50,235,57.833333333333336,0.6934607625007629,0.05549404882166782
BH_s05_medium,50,236,57.86666666666667,1.706838846206665,0.08028203554065072
BH_s05_medium,50,237,57.9,1.9502112865447998,0.0908653277718529
BH_s05_medium,50,238,57.93333333333333,1.4917066097259521,0.08940524080456652
BH_s05_medium,50,239,57.96666666666667,0.6710858941078186,0.08216627092428476
