recording_id,measurement_id,sample_index,time_seconds,gt_signal,predicted_signal
203,0,0,0.0,-0.9062189036277769,0.08921563456850218
203,0,1,0.03333333333333333,-1.0006807774349176,-0.21922962240585467
203,0,2,0.06666666666666667,-1.0951426512420583,-0.44491268055937633
203,0,3,0.1,-1.1420907681641703,-0.5234301147274414
203,0,4,0.13333333333333333,-1.1437876880529212,-0.4245394532726153
203,0,5,0.16666666666666666,-1.1019303307970625,-0.15908952325875858
203,0,6,0.2,-0.6890131578676449,0.22430747267533582
203,0,7,0.23333333333333334,0.23807074135333522,0.6519442053225581
203,0,8,0.26666666666666666,1.324665110116912,1.043472372732219
203,0,9,0.3,2.1041169790165517,1.3309940477188764
203,0,10,0.3333333333333333,2.277202807669157,1.4733364248108098
203,0,11,0.36666666666666664,2.105813898905302,1.4616046880048623
203,0,12,0.4,1.7341884432688268,1.315390670849306
203,0,13,0.43333333333333335,1.3088271911552352,1.0723713864329563
203,0,14,0.4666666666666667,0.9309796959266718,0.7757148916523211
203,0,15,0.5,0.6787042724656855,0.463378629727655
203,0,16,0.5333333333333333,0.5757577992147899,0.16171566624418252
203,0,17,0.5666666666666667,0.5288096822926779,-0.11619888251648965
203,0,18,0.6,0.4343478084855374,-0.36856492801237756
203,0,19,0.6333333333333333,0.25560558020376195,-0.6007096295505081
203,0,20,0.6666666666666666,0.019168075704452076,-0.8200168564997061
203,0,21,0.7,-0.20539098957360125,-1.0307326990492198
203,0,22,0.7333333333333333,-0.48877661099502373,-1.2294594933476
203,0,23,0.7666666666666667,-0.6901444377934788,-1.4024613394064667
203,0,24,0.8,-0.8790681854077605,-1.5260037308210481
203,0,25,0.8333333333333334,-1.0346191752099383,-1.5704557632375324
203,0,26,0.8666666666666667,-1.0962739311678924,-1.5077440707899854
203,0,27,0.9,-1.1437876880529212,-1.3203413924704959
203,0,28,0.9333333333333333,-1.2229772828613028,-1.0089312585495986
203,0,29,0.9666666666666667,-1.238815201822979,-0.5958130604176984
203,0,30,1.0,-1.099667770945394,-0.1222930029036102
203,0,31,1.0333333333333334,-0.44635361377624816,0.35948951862045747
203,0,32,1.0666666666666667,0.539556841588102,0.7975056636730699
203,0,33,1.1,1.5678902941712278,1.1496864570477947
203,0,34,1.1333333333333333,2.076966260796536,1.3897881559658485
203,0,35,1.1666666666666667,2.0792288206482037,1.5085470045532454
203,0,36,1.2,1.8156405979288766,1.511279561691056
203,0,37,1.2333333333333334,1.4106423844802969,1.4138128931105804
203,0,38,1.2666666666666666,1.0327948892517336,1.238193020484856
203,0,39,1.3,0.7533687475707305,1.0088132405030616
203,0,40,1.3333333333333333,0.6368469152098273,0.7491883605020381
203,0,41,1.3666666666666667,0.6617350735781754,0.4795359704354809
203,0,42,1.4,0.637978195135661,0.2152639615340821
203,0,43,1.4333333333333333,0.5203250828489226,-0.03362549017226954
203,0,44,1.4666666666666666,0.30877573671796027,-0.26223942173122133
203,0,45,1.5,0.04745007385030156,-0.46967499263775525
203,0,46,1.5333333333333334,-0.1889874306490076,-0.6572646070443744
203,0,47,1.5666666666666667,-0.42542493514831814,-0.8264577656244333
203,0,48,1.6,-0.6143486827625998,-0.9765975499376097
203,0,49,1.6333333333333333,-0.7834750316747859,-1.102879519608628
203,0,50,1.6666666666666667,-0.9254506623669556,-1.194969514054292
203,0,51,1.7,-1.0012464173978346,-1.2369573468675203
203,0,52,1.7333333333333334,-1.0487601742828634,-1.2092906478537948
203,0,53,1.7666666666666666,-1.0962739311678924,-1.0929408966660403
203,0,54,1.8,-1.1607568869404317,-0.8753266830403128
203,0,55,1.8333333333333333,-1.1109805702037339,-0.5566246122537452
203,0,56,1.8666666666666667,-0.6369742812792765,-0.1543959975657283
203,0,57,1.9,0.21205130305915124,0.29553792377522103
203,0,58,1.9333333333333333,1.2217186368660158,0.7430778731718216
203,0,59,1.9666666666666666,1.7969744791526154,1.1322487419668887
203,0,60,2.0,1.8224282774838798,1.4121228247158786
203,0,61,2.033333333333333,1.4994478586582656,1.5474985069382903
203,0,62,2.066666666666667,1.0395825688067388,1.5265257924020952
203,0,63,2.1,0.6142213166931466,1.3631237386511477
203,0,64,2.1333333333333333,0.3540269337513216,1.0932055005954338
203,0,65,2.1666666666666665,0.2816250184979446,0.7654228641020292
203,0,66,2.2,0.3291387753829734,0.4290666609187326
203,0,67,2.2333333333333334,0.31952289601338374,0.12291823025770619
203,0,68,2.2666666666666666,0.2160107827995701,-0.13158990236779142
203,0,69,2.3,-0.011942122255984516,-0.3313781179828389
203,0,70,2.3333333333333335,-0.2172694287948571,-0.4876225231382767
203,0,71,2.3666666666666667,-0.45314129333125075,-0.6187532773620237
203,0,72,2.4,-0.6822254783126405,-0.7428026237596078
203,0,73,2.433333333333333,-0.8711492259269221,-0.8706493389406085
203,0,74,2.466666666666667,-1.0069028170270047,-1.0011678272766231
203,0,75,2.5,-1.1013646908341457,-1.1191272015237332
203,0,76,2.533333333333333,-1.1437876880529212,-1.1966097195797614
203,0,77,2.566666666666667,-1.19130144493795,-1.19840696883139
203,0,78,2.6,-1.1946952847154526,-1.091077802600774
203,0,79,2.6333333333333333,-1.2359870020083932,-0.8540844085520422
203,0,80,2.6666666666666665,-0.985408498436162,-0.49001317529509814
203,0,81,2.7,-0.22405710834986645,-0.030095468602491682
203,0,82,2.7333333333333334,0.8167204234174334,0.46813356049061317
203,0,83,2.7666666666666666,1.7573796817484235,0.9318014464459635
203,0,84,2.8,2.0871477801290412,1.2895552859310897
203,0,85,2.8333333333333335,1.9463034293627053,1.488938501520883
203,0,86,2.8666666666666667,1.5226390971378636,1.5087299034650148
203,0,87,2.9,1.0961465650984377,1.362592255696413
203,0,88,2.933333333333333,0.6707853129848456,1.0931962718391544
203,0,89,2.966666666666667,0.3851371317117555,0.7590324447559859
203,0,90,3.0,0.3291387753829734,0.4186250385066894
203,0,91,3.033333333333333,0.3726930525275828,0.11740115518478862
203,0,92,3.066666666666667,0.33366389508630984,-0.11950503581602633
203,0,93,3.1,0.1967790240603934,-0.2881129897878562
203,0,94,3.1333333333333333,0.0021988768169415762,-0.40159103189696826
203,0,95,3.1666666666666665,-0.2698739453461406,-0.4833762344021564
203,0,96,3.2,-0.553259566767563,-0.5591742967646777
203,0,97,3.2333333333333334,-0.7489709939368487,-0.6491345354934416
203,0,98,3.2666666666666666,-0.9378947415511304,-0.7611920662894379
203,0,99,3.3,-1.0402755748391088,-0.8866874561785186
203,0,100,3.3333333333333335,-1.1347374486462498,-0.9997255446454546
203,0,101,3.3666666666666667,-1.1816855655683618,-1.061549543685504
203,0,102,3.4,-1.19130144493795,-1.0299643571504098
203,0,103,3.433333333333333,-1.2280680425275554,-0.8720381253137054
203,0,104,3.466666666666667,-1.118899529684573,-0.5767928416908249
203,0,105,3.5,-0.6567716799813754,-0.1637790637101775
203,0,106,3.533333333333333,0.28728141812711605,0.3163013606002038
203,0,107,3.566666666666667,1.421389543775723,0.7907292669815563
203,0,108,3.6,2.1142984983490596,1.181809360880966
203,0,109,3.6333333333333333,2.2438300498570527,1.4265282948425275
203,0,110,3.6666666666666665,1.9559193087322921,1.4922925750731786
203,0,111,3.7,1.5458303356174585,1.3836205164554398
203,0,112,3.7333333333333334,1.1210347234667832,1.1379697517103613
203,0,113,3.7666666666666666,0.7584595072369852,0.8127309633640194
203,0,114,3.8,0.5531322006981099,0.4683110673528323
203,0,115,3.8333333333333335,0.47168004603806,0.1529810639111411
203,0,116,3.8666666666666667,0.47168004603806,-0.10640206951243888
203,0,117,3.9,0.3664710129354957,-0.3063409839305298
203,0,118,3.933333333333333,0.17754726532121404,-0.4621041240990762
203,0,119,3.966666666666667,-0.05889023917809649,-0.5986598515750764
203,0,120,4.0,-0.3224784618974241,-0.7396630438271462
203,0,121,4.033333333333333,-0.6058640833188466,-0.8970995461441121
203,0,122,4.066666666666666,-0.8157165095610569,-1.064152873361928
203,0,123,4.1,-0.9791864588440709,-1.2134458034409958
203,0,124,4.133333333333334,-1.1211620895362406,-1.3017473943322384
203,0,125,4.166666666666667,-1.1681102064583524,-1.2807539996526367
203,0,126,4.2,-1.2150583233804644,-1.1119592643625356
203,0,127,4.233333333333333,-1.238815201822979,-0.7818832900937408
203,0,128,4.266666666666667,-1.238815201822979,-0.3124638703504664
203,0,129,4.3,-0.9859741383990734,0.23830822665181184
203,0,130,4.333333333333333,-0.2636519057540481,0.7874551810495365
203,0,131,4.366666666666666,0.817851703343278,1.2471233145858998
203,0,132,4.4,1.7545514819338446,1.5471042618857203
203,0,133,4.433333333333334,2.0871477801290412,1.6519285947759608
203,0,134,4.466666666666667,1.9344249901414454,1.5670418265541992
203,0,135,4.5,1.566193374282469,1.332985239574704
203,0,136,4.533333333333333,1.1119844840601105,1.0106913609158705
203,0,137,4.566666666666666,0.7341369888315471,0.6635083216131348
203,0,138,4.6,0.45471084715054816,0.341827947850241
203,0,139,4.633333333333334,0.37665253226800227,0.0743224391730751
203,0,140,4.666666666666667,0.37665253226800227,-0.133285426192447
203,0,141,4.7,0.31386649638421493,-0.2936006467354836
203,0,142,4.733333333333333,0.18999134450539085,-0.4297060589978367
203,0,143,4.766666666666667,-0.031739520958078075,-0.5663132041729048
203,0,144,4.8,-0.2817523845673965,-0.7214233124272816
203,0,145,4.833333333333333,-0.5176242491037901,-0.899594466588362
203,0,146,4.866666666666666,-0.7534961136401838,-1.087912000546091
203,0,147,4.9,-0.965611099734063,-1.2558656192887767
203,0,148,4.933333333333334,-1.1075867304262326,-1.3600823456974203
203,0,149,4.966666666666667,-1.1545348473483446,-1.3539639311111398
203,0,150,5.0,-1.19130144493795,-1.2007650382012567
203,0,151,5.033333333333333,-1.2009173243075397,-0.8869175747383465
203,0,152,5.066666666666666,-1.238815201822979,-0.43121207271667045
203,0,153,5.1,-1.1098492902778976,0.11426990115200741
203,0,154,5.133333333333334,-0.5419467675092133,0.6733147884384365
203,0,155,5.166666666666667,0.41737860959803935,1.1629279065094267
203,0,156,5.2,1.4287428632936505,1.5133142404413489
203,0,157,5.233333333333333,1.950828549066043,1.683611677281531
203,0,158,5.266666666666667,1.9276373105864402,1.6686017104159208
203,0,159,5.3,1.5441334157287052,1.495478872975006
203,0,160,5.333333333333333,1.1142470439117889,1.2130009946014997
203,0,161,5.366666666666666,0.6934109115015316,0.8770932416995068
203,0,162,5.4,0.4173786095980286,0.537303429400147
203,0,163,5.433333333333334,0.3291387753829734,0.22751637959859
203,0,164,5.466666666666667,0.33140133523464094,-0.037570316643784574
203,0,165,5.5,0.3291387753829734,-0.26059886207430516
203,0,166,5.533333333333333,0.23184870176124817,-0.4558328344241405
203,0,167,5.566666666666666,-0.0040231627751454715,-0.641390133469323
203,0,168,5.6,-0.19351255035234402,-0.8311717471492296
203,0,169,5.633333333333334,-0.47689817177376653,-1.0280562607602506
203,0,170,5.666666666666667,-0.7127700363101602,-1.2197650419019217
203,0,171,5.7,-0.9028250638502756,-1.378570994819374
203,0,172,5.733333333333333,-1.0442350545795285,-1.465563017534441
203,0,173,5.766666666666667,-1.0962739311678924,-1.439399659661101
203,0,174,5.8,-1.1437876880529212,-1.268322878487914
203,0,175,5.833333333333333,-1.1437876880529212,-0.9425871547173374
203,0,176,5.866666666666666,-1.19130144493795,-0.4829589909220427
203,0,177,5.9,-1.1064554505003963,0.0588957378022995
203,0,178,5.933333333333334,-0.6132174028367566,0.6096331325395961
203,0,179,5.966666666666667,0.26691837946211644,1.0906683400441468
203,0,180,6.0,1.2590508744185536,1.4365081468253085
203,0,181,6.033333333333333,1.8676794745172478,1.6090525274028893
203,0,182,6.066666666666666,1.857497955184736,1.6037579258133106
203,0,183,6.1,1.5034073383986897,1.446603410004492
203,0,184,6.133333333333334,0.9920688119217126,1.183628082031559
203,0,185,6.166666666666667,0.5576573204014476,0.8667452305284117
203,0,186,6.2,0.3019880571629577,0.540346603634275
203,0,187,6.233333333333333,0.2816250184979446,0.23260043920937534
203,0,188,6.266666666666667,0.36533973300966194,-0.04657976774713864
203,0,189,6.3,0.37665253226800227,-0.3012714984291382
203,0,190,6.333333333333333,-0.16183671242899325,-0.5411597992726064
203,0,191,6.366666666666666,-0.5345934479913019,-0.7720825075030855
203,0,192,6.4,-0.7365269147526746,-0.9885511911118816
203,0,193,6.433333333333334,-0.8445641476698234,-1.1705983757395602
203,0,194,6.466666666666667,-0.9390260214769641,-1.2861294459155763
203,0,195,6.5,-1.0012464173978346,-1.2985497867758582
203,0,196,6.533333333333333,-1.032922255321188,-1.1779843111150285
203,0,197,6.566666666666666,-1.0487601742828634,-0.9130335052380594
203,0,198,6.6,-0.8010098705252072,-0.5190894419883599
203,0,199,6.633333333333334,-0.14373623361563684,-0.039546869262911885
203,0,200,6.666666666666667,0.7952261048266054,0.4617049662481502
203,0,201,6.7,1.6238886505000205,0.9147849002088946
203,0,202,6.733333333333333,1.925374750734778,1.2603834672900698
203,0,203,6.766666666666667,1.7387135629721664,1.4624031187414546
203,0,204,6.8,1.2862015926385586,1.5127394558263145
203,0,205,6.833333333333333,0.8138922236028544,1.4279108619493703
203,0,206,6.866666666666666,0.441135488040543,1.2402090301050268
203,0,207,6.9,0.3036849770517083,0.98719581329869
203,0,208,6.933333333333334,0.3291387753829734,0.7027648600812738
203,0,209,6.966666666666667,0.4009750506734336,0.4114771171619606
203,0,210,7.0,0.3528956538254879,0.12647615696935924
203,0,211,7.033333333333333,0.18772878465372062,-0.14947249848952973
203,0,212,7.066666666666666,-0.026083121328909255,-0.4204354619427206
203,0,213,7.1,-0.2596924260136354,-0.6919152590713737
203,0,214,7.133333333333334,-0.4740699719591821,-0.964599831503284
203,0,215,7.166666666666667,-0.6629937195734638,-1.2288176050940336
203,0,216,7.2,-0.7840406716377034,-1.4616493114553801
203,0,217,7.233333333333333,-0.8785025454448443,-1.6284830633979435
203,0,218,7.266666666666667,-0.9254506623669563,-1.6898333955790878
203,0,219,7.3,-0.9537326605128058,-1.612490489665498
203,0,220,7.333333333333333,-0.8519174671877401,-1.3819726744594603
203,0,221,7.366666666666666,-0.33831638085908733,-1.0117434809921142
203,0,222,7.4,0.5157999631456037,-0.54477966353018
203,0,223,7.433333333333334,1.505669898250368,-0.04554812130222594
203,0,224,7.466666666666667,2.0237961042823396,0.41535953597807707
203,0,225,7.5,1.9938171862477367,0.778284093681078
203,0,226,7.533333333333333,1.681018286754631,1.0071928073358358
203,0,227,7.566666666666666,1.2562226746039558,1.0943449411332964
203,0,228,7.6,0.8450024215632883,1.0567775676750564
203,0,229,7.633333333333334,0.5751921592518736,0.9273763968238858
203,0,230,7.666666666666667,0.4241662891530311,0.7445127506413681
203,0,231,7.7,0.4241662891530311,0.543672431589892
203,0,232,7.733333333333333,0.4128534898946908,0.3528335537895404
203,0,233,7.766666666666667,0.30764445679212654,0.1914728367028972
203,0,234,7.8,0.10853918984533828,0.07177466904808484
203,0,235,7.833333333333333,-0.12733267469105536,0.0002701643255673056
203,0,236,7.866666666666666,-0.363204539227449,-0.0213214441475078
203,0,237,7.9,-0.5905918043200867,0.0037227741569736215
203,0,238,7.933333333333334,-0.7715965924535294,0.06659070822983637
203,0,239,7.966666666666667,-0.8660584662606702,0.15310824044408516
203,1,0,1.0,-1.099667770945394,0.14578095535214383
203,1,1,1.0333333333333334,-0.44635361377624816,0.15203606612608656
203,1,2,1.0666666666666667,0.539556841588102,0.18565859661609274
203,1,3,1.1,1.5678902941712278,0.26649749466203254
203,1,4,1.1333333333333333,2.076966260796536,0.3979613402373526
203,1,5,1.1666666666666667,2.0792288206482037,0.5651691618777269
203,1,6,1.2,1.8156405979288766,0.7382810193446439
203,1,7,1.2333333333333334,1.4106423844802969,0.8797324562590434
203,1,8,1.2666666666666666,1.0327948892517336,0.9535318592085118
203,1,9,1.3,0.7533687475707305,0.9345972548030042
203,1,10,1.3333333333333333,0.6368469152098273,0.8156560726063572
203,1,11,1.3666666666666667,0.6617350735781754,0.609309163842129
203,1,12,1.4,0.637978195135661,0.34430242735453503
203,1,13,1.4333333333333333,0.5203250828489226,0.05721464715804086
203,1,14,1.4666666666666666,0.30877573671796027,-0.217563154622024
203,1,15,1.5,0.04745007385030156,-0.4561931806270648
203,1,16,1.5333333333333334,-0.1889874306490076,-0.6494943891529373
203,1,17,1.5666666666666667,-0.42542493514831814,-0.8017520556602358
203,1,18,1.6,-0.6143486827625998,-0.9249573437934389
203,1,19,1.6333333333333333,-0.7834750316747859,-1.0305915341579484
203,1,20,1.6666666666666667,-0.9254506623669556,-1.1217626269166387
203,1,21,1.7,-1.0012464173978346,-1.1884315071369225
203,1,22,1.7333333333333334,-1.0487601742828634,-1.2076804644355028
203,1,23,1.7666666666666666,-1.0962739311678924,-1.1495245853630558
203,1,24,1.8,-1.1607568869404317,-0.9868836971291228
203,1,25,1.8333333333333333,-1.1109805702037339,-0.706619432684167
203,1,26,1.8666666666666667,-0.6369742812792765,-0.31774983576117927
203,1,27,1.9,0.21205130305915124,0.1463321728626487
203,1,28,1.9333333333333333,1.2217186368660158,0.6326671795344025
203,1,29,1.9666666666666666,1.7969744791526154,1.0790817155646601
203,1,30,2.0,1.8224282774838798,1.4269307281594585
203,1,31,2.033333333333333,1.4994478586582656,1.6327481750285426
203,1,32,2.066666666666667,1.0395825688067388,1.676138602805453
203,1,33,2.1,0.6142213166931466,1.5625248931390576
203,1,34,2.1333333333333333,0.3540269337513216,1.3205261984090846
203,1,35,2.1666666666666665,0.2816250184979446,0.9947195506939728
203,1,36,2.2,0.3291387753829734,0.6354659194155127
203,1,37,2.2333333333333334,0.31952289601338374,0.2882344191451746
203,1,38,2.2666666666666666,0.2160107827995701,-0.01489128304390178
203,1,39,2.3,-0.011942122255984516,-0.25944703326279434
203,1,40,2.3333333333333335,-0.2172694287948571,-0.4479067283625968
203,1,41,2.3666666666666667,-0.45314129333125075,-0.5949101452442609
203,1,42,2.4,-0.6822254783126405,-0.7200410933357062
203,1,43,2.433333333333333,-0.8711492259269221,-0.8399723318045851
203,1,44,2.466666666666667,-1.0069028170270047,-0.9616851102803153
203,1,45,2.5,-1.1013646908341457,-1.078251324019218
203,1,46,2.533333333333333,-1.1437876880529212,-1.1683265796921076
203,1,47,2.566666666666667,-1.19130144493795,-1.1999731195323688
203,1,48,2.6,-1.1946952847154526,-1.1386151236677275
203,1,49,2.6333333333333333,-1.2359870020083932,-0.9577741684733428
203,1,50,2.6666666666666665,-0.985408498436162,-0.6499408691667236
203,1,51,2.7,-0.22405710834986645,-0.23406898812841892
203,1,52,2.7333333333333334,0.8167204234174334,0.24359547851155047
203,1,53,2.7666666666666666,1.7573796817484235,0.7168879786162322
203,1,54,2.8,2.0871477801290412,1.1139150223596814
203,1,55,2.8333333333333335,1.9463034293627053,1.3739894000559383
203,1,56,2.8666666666666667,1.5226390971378636,1.46217647081661
203,1,57,2.9,1.0961465650984377,1.377094959946484
203,1,58,2.933333333333333,0.6707853129848456,1.1497288487722548
203,1,59,2.966666666666667,0.3851371317117555,0.8338147715763109
203,1,60,3.0,0.3291387753829734,0.49103428748018185
203,1,61,3.033333333333333,0.3726930525275828,0.175685546625362
203,1,62,3.066666666666667,0.33366389508630984,-0.07686654996801341
203,1,63,3.1,0.1967790240603934,-0.2553781374827644
203,1,64,3.1333333333333333,0.0021988768169415762,-0.3710711165748282
203,1,65,3.1666666666666665,-0.2698739453461406,-0.4504161694228095
203,1,66,3.2,-0.553259566767563,-0.5246971262929876
203,1,67,3.2333333333333334,-0.7489709939368487,-0.6190450203363291
203,1,68,3.2666666666666666,-0.9378947415511304,-0.7434513941051053
203,1,69,3.3,-1.0402755748391088,-0.8878070942891539
203,1,70,3.3333333333333335,-1.1347374486462498,-1.0223433435740732
203,1,71,3.3666666666666667,-1.1816855655683618,-1.103814022779909
203,1,72,3.4,-1.19130144493795,-1.0863491161695518
203,1,73,3.433333333333333,-1.2280680425275554,-0.9346468347952241
203,1,74,3.466666666666667,-1.118899529684573,-0.6364800136551287
203,1,75,3.5,-0.6567716799813754,-0.21111525369387316
203,1,76,3.533333333333333,0.28728141812711605,0.2897960854171103
203,1,77,3.566666666666667,1.421389543775723,0.7909341968555139
203,1,78,3.6,2.1142984983490596,1.2104326183703973
203,1,79,3.6333333333333333,2.2438300498570527,1.480488071233226
203,1,80,3.6666666666666665,1.9559193087322921,1.5645615258028645
203,1,81,3.7,1.5458303356174585,1.4652443413016498
203,1,82,3.7333333333333334,1.1210347234667832,1.2204846549704202
203,1,83,3.7666666666666666,0.7584595072369852,0.890235758255186
203,1,84,3.8,0.5531322006981099,0.5385929369491018
203,1,85,3.8333333333333335,0.47168004603806,0.2172420180640139
203,1,86,3.8666666666666667,0.47168004603806,-0.04522977472193613
203,1,87,3.9,0.3664710129354957,-0.24603409469102655
203,1,88,3.933333333333333,0.17754726532121404,-0.40328725584346103
203,1,89,3.966666666666667,-0.05889023917809649,-0.5457369043059048
203,1,90,4.0,-0.3224784618974241,-0.7001682985847771
203,1,91,4.033333333333333,-0.6058640833188466,-0.879715183909933
203,1,92,4.066666666666666,-0.8157165095610569,-1.0761091865200263
203,1,93,4.1,-0.9791864588440709,-1.2582082861895676
203,1,94,4.133333333333334,-1.1211620895362406,-1.377766010322383
203,1,95,4.166666666666667,-1.1681102064583524,-1.381631460915029
203,1,96,4.2,-1.2150583233804644,-1.2278148340238673
203,1,97,4.233333333333333,-1.238815201822979,-0.901261109217385
203,1,98,4.266666666666667,-1.238815201822979,-0.4241612441271781
203,1,99,4.3,-0.9859741383990734,0.1437655304052268
203,1,100,4.333333333333333,-0.2636519057540481,0.7167242785053966
203,1,101,4.366666666666666,0.817851703343278,1.203387504865542
203,1,102,4.4,1.7545514819338446,1.5299232461319971
203,1,103,4.433333333333334,2.0871477801290412,1.6575993090794627
203,1,104,4.466666666666667,1.9344249901414454,1.5894090574096706
203,1,105,4.5,1.566193374282469,1.3646100229508107
203,1,106,4.533333333333333,1.1119844840601105,1.0441909213221132
203,1,107,4.566666666666666,0.7341369888315471,0.6927473264577204
203,1,108,4.6,0.45471084715054816,0.36262865993741134
203,1,109,4.633333333333334,0.37665253226800227,0.0845519531909478
203,1,110,4.666666666666667,0.37665253226800227,-0.134092021001548
203,1,111,4.7,0.31386649638421493,-0.30470482051871367
203,1,112,4.733333333333333,0.18999134450539085,-0.4493610522144488
203,1,113,4.766666666666667,-0.031739520958078075,-0.5915493191877121
203,1,114,4.8,-0.2817523845673965,-0.7475163874245905
203,1,115,4.833333333333333,-0.5176242491037901,-0.9194768507945628
203,1,116,4.866666666666666,-0.7534961136401838,-1.0919274287751455
203,1,117,4.9,-0.965611099734063,-1.2323806212161281
203,1,118,4.933333333333334,-1.1075867304262326,-1.2974211520530394
203,1,119,4.966666666666667,-1.1545348473483446,-1.2437630851610655
203,1,120,5.0,-1.19130144493795,-1.042116775211438
203,1,121,5.033333333333333,-1.2009173243075397,-0.6898957266002422
203,1,122,5.066666666666666,-1.238815201822979,-0.21807679594267376
203,1,123,5.1,-1.1098492902778976,0.3113848371608355
203,1,124,5.133333333333334,-0.5419467675092133,0.818230694692364
203,1,125,5.166666666666667,0.41737860959803935,1.2234073084312092
203,1,126,5.2,1.4287428632936505,1.46898279725537
203,1,127,5.233333333333333,1.950828549066043,1.5315334498533584
203,1,128,5.266666666666667,1.9276373105864402,1.4248487472681552
203,1,129,5.3,1.5441334157287052,1.1921106384665447
203,1,130,5.333333333333333,1.1142470439117889,0.8911641135531121
203,1,131,5.366666666666666,0.6934109115015316,0.5781269252793759
203,1,132,5.4,0.4173786095980286,0.29436874513997097
203,1,133,5.433333333333334,0.3291387753829734,0.06004979654457346
203,1,134,5.466666666666667,0.33140133523464094,-0.1253369571305433
203,1,135,5.5,0.3291387753829734,-0.2772393073666074
203,1,136,5.533333333333333,0.23184870176124817,-0.4177372482265576
203,1,137,5.566666666666666,-0.0040231627751454715,-0.5668512300278158
203,1,138,5.6,-0.19351255035234402,-0.7349642581131078
203,1,139,5.633333333333334,-0.47689817177376653,-0.9174592371789172
203,1,140,5.666666666666667,-0.7127700363101602,-1.0926775369552175
203,1,141,5.7,-0.9028250638502756,-1.2243139666765437
203,1,142,5.733333333333333,-1.0442350545795285,-1.2688386500769304
203,1,143,5.766666666666667,-1.0962739311678924,-1.1872243276737626
203,1,144,5.8,-1.1437876880529212,-0.9583966489261931
203,1,145,5.833333333333333,-1.1437876880529212,-0.5901734750319042
203,1,146,5.866666666666666,-1.19130144493795,-0.12305666929343756
203,1,147,5.9,-1.1064554505003963,0.37601684183523887
203,1,148,5.933333333333334,-0.6132174028367566,0.829111325498119
203,1,149,5.966666666666667,0.26691837946211644,1.1670834656463485
203,1,150,6.0,1.2590508744185536,1.3468355759302455
203,1,151,6.033333333333333,1.8676794745172478,1.3600940479314707
203,1,152,6.066666666666666,1.857497955184736,1.2313307289268192
203,1,153,6.1,1.5034073383986897,1.0066556933567148
203,1,154,6.133333333333334,0.9920688119217126,0.738336481799532
203,1,155,6.166666666666667,0.5576573204014476,0.4702990518822695
203,1,156,6.2,0.3019880571629577,0.22881183351336024
203,1,157,6.233333333333333,0.2816250184979446,0.02025361196188626
203,1,158,6.266666666666667,0.36533973300966194,-0.16464468112533415
203,1,159,6.3,0.37665253226800227,-0.34243544101502404
203,1,160,6.333333333333333,-0.16183671242899325,-0.527314269236219
203,1,161,6.366666666666666,-0.5345934479913019,-0.7226897775771931
203,1,162,6.4,-0.7365269147526746,-0.9158919530371342
203,1,163,6.433333333333334,-0.8445641476698234,-1.0775004115406186
203,1,164,6.466666666666667,-0.9390260214769641,-1.1662762373848132
203,1,165,6.5,-1.0012464173978346,-1.1396465626056025
203,1,166,6.533333333333333,-1.032922255321188,-0.9678562872313129
203,1,167,6.566666666666666,-1.0487601742828634,-0.6477173804135201
203,1,168,6.6,-0.8010098705252072,-0.21049634820973145
203,1,169,6.633333333333334,-0.14373623361563684,0.2806434732923345
203,1,170,6.666666666666667,0.7952261048266054,0.7445714921256438
203,1,171,6.7,1.6238886505000205,1.1034614665764753
203,1,172,6.733333333333333,1.925374750734778,1.3036800816822778
203,1,173,6.766666666666667,1.7387135629721664,1.3284243947448584
203,1,174,6.8,1.2862015926385586,1.1980728076179639
203,1,175,6.833333333333333,0.8138922236028544,0.9595676560541692
203,1,176,6.866666666666666,0.441135488040543,0.6699593532172362
203,1,177,6.9,0.3036849770517083,0.3802591512251534
203,1,178,6.933333333333334,0.3291387753829734,0.12430913681583745
203,1,179,6.966666666666667,0.4009750506734336,-0.08533319631673161
203,1,180,7.0,0.3528956538254879,-0.25508617888416196
203,1,181,7.033333333333333,0.18772878465372062,-0.4036433938350241
203,1,182,7.066666666666666,-0.026083121328909255,-0.5530322556024896
203,1,183,7.1,-0.2596924260136354,-0.7191862091797219
203,1,184,7.133333333333334,-0.4740699719591821,-0.9037274275888468
203,1,185,7.166666666666667,-0.6629937195734638,-1.0889367525297777
203,1,186,7.2,-0.7840406716377034,-1.2379494565287976
203,1,187,7.233333333333333,-0.8785025454448443,-1.3015196927510277
203,1,188,7.266666666666667,-0.9254506623669563,-1.2310162004122394
203,1,189,7.3,-0.9537326605128058,-0.9949509765746415
203,1,190,7.333333333333333,-0.8519174671877401,-0.5940897372524147
203,1,191,7.366666666666666,-0.33831638085908733,-0.06908428180642572
203,1,192,7.4,0.5157999631456037,0.50426923301117
203,1,193,7.433333333333334,1.505669898250368,1.0327324895050487
203,1,194,7.466666666666667,2.0237961042823396,1.4305887236385637
203,1,195,7.5,1.9938171862477367,1.6421722525101008
203,1,196,7.533333333333333,1.681018286754631,1.6537623973667823
203,1,197,7.566666666666666,1.2562226746039558,1.4919083297424898
203,1,198,7.6,0.8450024215632883,1.210602849680351
203,1,199,7.633333333333334,0.5751921592518736,0.8730586021864234
203,1,200,7.666666666666667,0.4241662891530311,0.5345650055653914
203,1,201,7.7,0.4241662891530311,0.2312627870504913
203,1,202,7.733333333333333,0.4128534898946908,-0.023344358485000025
203,1,203,7.766666666666667,0.30764445679212654,-0.23519221919379524
203,1,204,7.8,0.10853918984533828,-0.4223538184996246
203,1,205,7.833333333333333,-0.12733267469105536,-0.6062280738214647
203,1,206,7.866666666666666,-0.363204539227449,-0.8029695039535922
203,1,207,7.9,-0.5905918043200867,-1.0162281788184193
203,1,208,7.933333333333334,-0.7715965924535294,-1.2323400606502448
203,1,209,7.966666666666667,-0.8660584662606702,-1.4194999898213647
203,1,210,8.0,-0.9537326605128058,-1.5323329230987508
203,1,211,8.033333333333333,-0.9599547001048941,-1.5222290322153966
203,1,212,8.066666666666666,-1.0012464173978346,-1.3518921072052348
203,1,213,8.1,-0.8332513484114749,-1.0102552693714044
203,1,214,8.133333333333333,-0.24781398679236197,-0.5222696263820684
203,1,215,8.166666666666666,0.7052893507228051,0.05150072078591815
203,1,216,8.2,1.6832808466062905,0.6273219150279693
203,1,217,8.233333333333333,2.1850034937136833,1.119570986674018
203,1,218,8.266666666666667,2.175387614344096,1.4631682640241344
203,1,219,8.3,1.892001992922674,1.628519625428174
203,1,220,8.333333333333334,1.5599713346903887,1.624014780338697
203,1,221,8.366666666666667,1.1821238394618254,1.4868683586895532
203,1,222,8.4,0.8517901011182909,1.2673606405139857
203,1,223,8.433333333333334,0.6153525966189803,1.0129138676326346
203,1,224,8.466666666666667,0.5667075598081177,0.7571953610430663
203,1,225,8.5,0.5191938029230888,0.5165363419385656
203,1,226,8.533333333333333,0.38117765197133735,0.2927640844525806
203,1,227,8.566666666666666,0.1475683472866112,0.07952282278828647
203,1,228,8.6,-0.09169735702728372,-0.13099066511701699
203,1,229,8.633333333333333,-0.324175381786168,-0.3428449921212868
203,1,230,8.666666666666666,-0.5645723660259048,-0.5534543625038141
203,1,231,8.7,-0.7534961136401811,-0.7528532436041014
203,1,232,8.733333333333333,-0.8949061043694393,-0.9248801117371741
203,1,233,8.766666666666667,-0.9537326605128058,-1.0499985106049117
203,1,234,8.8,-1.0012464173978346,-1.1093530905065456
203,1,235,8.833333333333334,-1.0487601742828634,-1.0893171615821566
203,1,236,8.866666666666667,-1.088354971687056,-0.9854306236849336
203,1,237,8.9,-0.8926435445177717,-0.8045399957598887
203,1,238,8.933333333333334,-0.3134282224907337,-0.5643661765004181
203,1,239,8.966666666666667,0.6034741573977177,-0.2906609215447985
203,2,0,2.0,1.8224282774838798,-0.015386995111213806
203,2,1,2.033333333333333,1.4994478586582656,-0.2896433393683963
203,2,2,2.066666666666667,1.0395825688067388,-0.5308661221756091
203,2,3,2.1,0.6142213166931466,-0.7119645261417787
203,2,4,2.1333333333333333,0.3540269337513216,-0.8190598912725696
203,2,5,2.1666666666666665,0.2816250184979446,-0.852460259778017
203,2,6,2.2,0.3291387753829734,-0.8234642743186869
203,2,7,2.2333333333333334,0.31952289601338374,-0.7496887390609757
203,2,8,2.2666666666666666,0.2160107827995701,-0.6513263959141464
203,2,9,2.3,-0.011942122255984516,-0.5487273780653836
203,2,10,2.3333333333333335,-0.2172694287948571,-0.4603888577351494
203,2,11,2.3666666666666667,-0.45314129333125075,-0.40051184738971973
203,2,12,2.4,-0.6822254783126405,-0.3761566500372757
203,2,13,2.433333333333333,-0.8711492259269221,-0.38486008011679285
203,2,14,2.466666666666667,-1.0069028170270047,-0.41378055539202285
203,2,15,2.5,-1.1013646908341457,-0.4410522719383869
203,2,16,2.533333333333333,-1.1437876880529212,-0.4394382647515539
203,2,17,2.566666666666667,-1.19130144493795,-0.3818933837686007
203,2,18,2.6,-1.1946952847154526,-0.24832845722635088
203,2,19,2.6333333333333333,-1.2359870020083932,-0.03240162870309566
203,2,20,2.6666666666666665,-0.985408498436162,0.2535341290318843
203,2,21,2.7,-0.22405710834986645,0.5775312631716945
203,2,22,2.7333333333333334,0.8167204234174334,0.8926944640747623
203,2,23,2.7666666666666666,1.7573796817484235,1.1470697213553016
203,2,24,2.8,2.0871477801290412,1.296241076365961
203,2,25,2.8333333333333335,1.9463034293627053,1.3146939094703949
203,2,26,2.8666666666666667,1.5226390971378636,1.2022979685100872
203,2,27,2.9,1.0961465650984377,0.9839094030694536
203,2,28,2.933333333333333,0.6707853129848456,0.7022302243149475
203,2,29,2.966666666666667,0.3851371317117555,0.4061575396083338
203,2,30,3.0,0.3291387753829734,0.13838100383093868
203,2,31,3.033333333333333,0.3726930525275828,-0.07386924122431454
203,2,32,3.066666666666667,0.33366389508630984,-0.22255547630254044
203,2,33,3.1,0.1967790240603934,-0.3169671016172438
203,2,34,3.1333333333333333,0.0021988768169415762,-0.3779586303805767
203,2,35,3.1666666666666665,-0.2698739453461406,-0.4306199207690747
203,2,36,3.2,-0.553259566767563,-0.4972552042705607
203,2,37,3.2333333333333334,-0.7489709939368487,-0.5916485154520635
203,2,38,3.2666666666666666,-0.9378947415511304,-0.7149681778944393
203,2,39,3.3,-1.0402755748391088,-0.8536572256051855
203,2,40,3.3333333333333335,-1.1347374486462498,-0.9800552354156573
203,2,41,3.3666666666666667,-1.1816855655683618,-1.0565771954898504
203,2,42,3.4,-1.19130144493795,-1.043532633780161
203,2,43,3.433333333333333,-1.2280680425275554,-0.9094651552758538
203,2,44,3.466666666666667,-1.118899529684573,-0.6418313958816827
203,2,45,3.5,-0.6567716799813754,-0.25505577468232543
203,2,46,3.533333333333333,0.28728141812711605,0.20729759245078638
203,2,47,3.566666666666667,1.421389543775723,0.6785612402907982
203,2,48,3.6,2.1142984983490596,1.0829975423197415
203,2,49,3.6333333333333333,2.2438300498570527,1.354312104029109
203,2,50,3.6666666666666665,1.9559193087322921,1.4526657008070945
203,2,51,3.7,1.5458303356174585,1.374189031454428
203,2,52,3.7333333333333334,1.1210347234667832,1.1498560408017446
203,2,53,3.7666666666666666,0.7584595072369852,0.8346597736654795
203,2,54,3.8,0.5531322006981099,0.4912221874036491
203,2,55,3.8333333333333335,0.47168004603806,0.1732710503250272
203,2,56,3.8666666666666667,0.47168004603806,-0.08619081285176887
203,2,57,3.9,0.3664710129354957,-0.27926481113143503
203,2,58,3.933333333333333,0.17754726532121404,-0.419978734426413
203,2,59,3.966666666666667,-0.05889023917809649,-0.5354988540083151
203,2,60,4.0,-0.3224784618974241,-0.6544845435919163
203,2,61,4.033333333333333,-0.6058640833188466,-0.7954222524893747
203,2,62,4.066666666666666,-0.8157165095610569,-0.9577894859875966
203,2,63,4.1,-0.9791864588440709,-1.1185923392692838
203,2,64,4.133333333333334,-1.1211620895362406,-1.2357521360365489
203,2,65,4.166666666666667,-1.1681102064583524,-1.2582188825724614
203,2,66,4.2,-1.2150583233804644,-1.1409655128595229
203,2,67,4.233333333333333,-1.238815201822979,-0.8612159288950215
203,2,68,4.266666666666667,-1.238815201822979,-0.430750308620667
203,2,69,4.3,-0.9859741383990734,0.10089530209699851
203,2,70,4.333333333333333,-0.2636519057540481,0.6551071273080382
203,2,71,4.366666666666666,0.817851703343278,1.1430694243042083
203,2,72,4.4,1.7545514819338446,1.4885359879152886
203,2,73,4.433333333333334,2.0871477801290412,1.6463159164096506
203,2,74,4.466666666666667,1.9344249901414454,1.6106234421329058
203,2,75,4.5,1.566193374282469,1.41197649004597
203,2,76,4.533333333333333,1.1119844840601105,1.1051637055049244
203,2,77,4.566666666666666,0.7341369888315471,0.7529335917827439
203,2,78,4.6,0.45471084715054816,0.4105725898822918
203,2,79,4.633333333333334,0.37665253226800227,0.11538663464936263
203,2,80,4.666666666666667,0.37665253226800227,-0.11731977974184468
203,2,81,4.7,0.31386649638421493,-0.2924914916442276
203,2,82,4.733333333333333,0.18999134450539085,-0.4295805229866399
203,2,83,4.766666666666667,-0.031739520958078075,-0.5545228759194694
203,2,84,4.8,-0.2817523845673965,-0.6907517154971098
203,2,85,4.833333333333333,-0.5176242491037901,-0.8505199940568333
203,2,86,4.866666666666666,-0.7534961136401838,-1.0282461875666655
203,2,87,4.9,-0.965611099734063,-1.1980083832694315
203,2,88,4.933333333333334,-1.1075867304262326,-1.3169944651591599
203,2,89,4.966666666666667,-1.1545348473483446,-1.335360915417245
203,2,90,5.0,-1.19130144493795,-1.2107948537209043
203,2,91,5.033333333333333,-1.2009173243075397,-0.9238713280247826
203,2,92,5.066666666666666,-1.238815201822979,-0.48904462293119333
203,2,93,5.1,-1.1098492902778976,0.043378874944292156
203,2,94,5.133333333333334,-0.5419467675092133,0.5963797256015984
203,2,95,5.166666666666667,0.41737860959803935,1.084469443729196
203,2,96,5.2,1.4287428632936505,1.4349757706870085
203,2,97,5.233333333333333,1.950828549066043,1.60483064148477
203,2,98,5.266666666666667,1.9276373105864402,1.587688911174152
203,2,99,5.3,1.5441334157287052,1.4105445983026579
203,2,100,5.333333333333333,1.1142470439117889,1.122592219529058
203,2,101,5.366666666666666,0.6934109115015316,0.7808082539248855
203,2,102,5.4,0.4173786095980286,0.43669582300318605
203,2,103,5.433333333333334,0.3291387753829734,0.12725521595748218
203,2,104,5.466666666666667,0.33140133523464094,-0.12878000144393018
203,2,105,5.5,0.3291387753829734,-0.33008229276309964
203,2,106,5.533333333333333,0.23184870176124817,-0.48858177728267027
203,2,107,5.566666666666666,-0.0040231627751454715,-0.6232445244432372
203,2,108,5.6,-0.19351255035234402,-0.7526792970784915
203,2,109,5.633333333333334,-0.47689817177376653,-0.8875604276170292
203,2,110,5.666666666666667,-0.7127700363101602,-1.0244472462991252
203,2,111,5.7,-0.9028250638502756,-1.1430872905757368
203,2,112,5.733333333333333,-1.0442350545795285,-1.2089900736616477
203,2,113,5.766666666666667,-1.0962739311678924,-1.181759038874003
203,2,114,5.8,-1.1437876880529212,-1.0276877160659112
203,2,115,5.833333333333333,-1.1437876880529212,-0.7331055777715495
203,2,116,5.866666666666666,-1.19130144493795,-0.31378712926605073
203,2,117,5.9,-1.1064554505003963,0.18367179465636932
203,2,118,5.933333333333334,-0.6132174028367566,0.6900241528358851
203,2,119,5.966666666666667,0.26691837946211644,1.1290350854732498
203,2,120,6.0,1.2590508744185536,1.4356529092149284
203,2,121,6.033333333333333,1.8676794745172478,1.5707915096960956
203,2,122,6.066666666666666,1.857497955184736,1.5283550816341167
203,2,123,6.1,1.5034073383986897,1.3330854697361414
203,2,124,6.133333333333334,0.9920688119217126,1.0307440117419435
203,2,125,6.166666666666667,0.5576573204014476,0.6742526410991837
203,2,126,6.2,0.3019880571629577,0.31033674678965933
203,2,127,6.233333333333333,0.2816250184979446,-0.029364599115330892
203,2,128,6.266666666666667,0.36533973300966194,-0.33067803227718734
203,2,129,6.3,0.37665253226800227,-0.5930822547451765
203,2,130,6.333333333333333,-0.16183671242899325,-0.8218396392427738
203,2,131,6.366666666666666,-0.5345934479913019,-1.019116599489775
203,2,132,6.4,-0.7365269147526746,-1.1771709331667122
203,2,133,6.433333333333334,-0.8445641476698234,-1.2760159575091248
203,2,134,6.466666666666667,-0.9390260214769641,-1.2867803784179852
203,2,135,6.5,-1.0012464173978346,-1.1804342077803294
203,2,136,6.533333333333333,-1.032922255321188,-0.9397931268060143
203,2,137,6.566666666666666,-1.0487601742828634,-0.570929201442282
203,2,138,6.6,-0.8010098705252072,-0.10902453446614625
203,2,139,6.633333333333334,-0.14373623361563684,0.3852270349274121
203,2,140,6.666666666666667,0.7952261048266054,0.8388305155499224
203,2,141,6.7,1.6238886505000205,1.184971019447132
203,2,142,6.733333333333333,1.925374750734778,1.3798183683000138
203,2,143,6.766666666666667,1.7387135629721664,1.4114600171251468
203,2,144,6.8,1.2862015926385586,1.2984902146879378
203,2,145,6.833333333333333,0.8138922236028544,1.0801933163765631
203,2,146,6.866666666666666,0.441135488040543,0.8029700897763946
203,2,147,6.9,0.3036849770517083,0.5079435301135756
203,2,148,6.933333333333334,0.3291387753829734,0.22312244874093842
203,2,149,6.966666666666667,0.4009750506734336,-0.03880293190618864
203,2,150,7.0,0.3528956538254879,-0.27791094940273414
203,2,151,7.033333333333333,0.18772878465372062,-0.5015547721535305
203,2,152,7.066666666666666,-0.026083121328909255,-0.7176623506637193
203,2,153,7.1,-0.2596924260136354,-0.9281733122282887
203,2,154,7.133333333333334,-0.4740699719591821,-1.1238855150561349
203,2,155,7.166666666666667,-0.6629937195734638,-1.2821885149100352
203,2,156,7.2,-0.7840406716377034,-1.3691416690866443
203,2,157,7.233333333333333,-0.8785025454448443,-1.3466209678142989
203,2,158,7.266666666666667,-0.9254506623669563,-1.1836701395991545
203,2,159,7.3,-0.9537326605128058,-0.8691916216242708
203,2,160,7.333333333333333,-0.8519174671877401,-0.42158400771275284
203,2,161,7.366666666666666,-0.33831638085908733,0.10914558372901231
203,2,162,7.4,0.5157999631456037,0.6493012940726591
203,2,163,7.433333333333334,1.505669898250368,1.1181975513213165
203,2,164,7.466666666666667,2.0237961042823396,1.4482684069615483
203,2,165,7.5,1.9938171862477367,1.6012949364884457
203,2,166,7.533333333333333,1.681018286754631,1.5752359925995791
203,2,167,7.566666666666666,1.2562226746039558,1.4002420087360308
203,2,168,7.6,0.8450024215632883,1.126372867985071
203,2,169,7.633333333333334,0.5751921592518736,0.8078885287221186
203,2,170,7.666666666666667,0.4241662891530311,0.4893219688135707
203,2,171,7.7,0.4241662891530311,0.1971213596470019
203,2,172,7.733333333333333,0.4128534898946908,-0.06176759983789665
203,2,173,7.766666666666667,0.30764445679212654,-0.29532149828786575
203,2,174,7.8,0.10853918984533828,-0.518178666197188
203,2,175,7.833333333333333,-0.12733267469105536,-0.7423290921127912
203,2,176,7.866666666666666,-0.363204539227449,-0.9690261289542849
203,2,177,7.9,-0.5905918043200867,-1.1837104202134265
203,2,178,7.933333333333334,-0.7715965924535294,-1.3554058882399946
203,2,179,7.966666666666667,-0.8660584662606702,-1.4415900115398899
203,2,180,8.0,-0.9537326605128058,-1.3985006667928244
203,2,181,8.033333333333333,-0.9599547001048941,-1.1950720860664918
203,2,182,8.066666666666666,-1.0012464173978346,-0.8266398645713962
203,2,183,8.1,-0.8332513484114749,-0.3233055284502408
203,2,184,8.133333333333333,-0.24781398679236197,0.2514409031717686
203,2,185,8.166666666666666,0.7052893507228051,0.8130644229229593
203,2,186,8.2,1.6832808466062905,1.2758474490505696
203,2,187,8.233333333333333,2.1850034937136833,1.5734552740514323
203,2,188,8.266666666666667,2.175387614344096,1.673479434126992
203,2,189,8.3,1.892001992922674,1.5820287741415286
203,2,190,8.333333333333334,1.5599713346903887,1.3379666698025814
203,2,191,8.366666666666667,1.1821238394618254,0.9994987458510602
203,2,192,8.4,0.8517901011182909,0.6278527043574913
203,2,193,8.433333333333334,0.6153525966189803,0.2730922989337777
203,2,194,8.466666666666667,0.5667075598081177,-0.03443781512067685
203,2,195,8.5,0.5191938029230888,-0.2859923096296889
203,2,196,8.533333333333333,0.38117765197133735,-0.49070482973048324
203,2,197,8.566666666666666,0.1475683472866112,-0.6683727584303852
203,2,198,8.6,-0.09169735702728372,-0.8407750667992767
203,2,199,8.633333333333333,-0.324175381786168,-1.0230429183012122
203,2,200,8.666666666666666,-0.5645723660259048,-1.216380407719397
203,2,201,8.7,-0.7534961136401811,-1.403623373698972
203,2,202,8.733333333333333,-0.8949061043694393,-1.5493334222326018
203,2,203,8.766666666666667,-0.9537326605128058,-1.6057473516116516
203,2,204,8.8,-1.0012464173978346,-1.52454244163293
203,2,205,8.833333333333334,-1.0487601742828634,-1.2722240670418568
203,2,206,8.866666666666667,-1.088354971687056,-0.8447577815423097
203,2,207,8.9,-0.8926435445177717,-0.2759577244107085
203,2,208,8.933333333333334,-0.3134282224907337,0.3648689556292084
203,2,209,8.966666666666667,0.6034741573977177,0.9870035465778815
203,2,210,9.0,1.5203765372862177,1.5001152586542819
203,2,211,9.033333333333333,2.007392545357742,1.8362518049419017
203,2,212,9.066666666666666,2.05094682250235,1.9647306394654391
203,2,213,9.1,1.8377005564826396,1.8958968218621473
203,2,214,9.133333333333333,1.5192452573603517,1.673825021410891
203,2,215,9.166666666666666,1.188911519016828,1.3614172379119724
203,2,216,9.2,0.8450024215632774,1.0231222652244107
203,2,217,9.233333333333333,0.5949895579539672,0.7103922047766704
203,2,218,9.266666666666667,0.4863866850739043,0.45329282273924015
203,2,219,9.3,0.43943856815178967,0.2591960846554305
203,2,220,9.333333333333334,0.2657870995362719,0.11718261746342273
203,2,221,9.366666666666667,0.0768633519219848,0.005511219010222671
203,2,222,9.4,-0.14260495368980847,-0.10043068747332584
203,2,223,9.433333333333334,-0.39601165707663627,-0.2213757431620426
203,2,224,9.466666666666667,-0.6324491615759413,-0.36929889722408593
203,2,225,9.5,-0.7925252710814594,-0.5444554665727805
203,2,226,9.533333333333333,-0.9345009017736264,-0.7342667385055747
203,2,227,9.566666666666666,-1.02896277558077,-0.9143092355387104
203,2,228,9.6,-1.0759108925028793,-1.0520353151254422
203,2,229,9.633333333333333,-1.0962739311678924,-1.113632038927681
203,2,230,9.666666666666666,-1.1437876880529212,-1.0733048753580194
203,2,231,9.7,-1.169241486384189,-0.9227484377858136
203,2,232,9.733333333333333,-1.2161896033062982,-0.6775380480650102
203,2,233,9.766666666666667,-1.2863289587080078,-0.3773709623238747
203,2,234,9.8,-1.1200308096104068,-0.07873157520864867
203,2,235,9.833333333333334,-0.5306339682508595,0.15882786489259182
203,2,236,9.866666666666667,0.3879653315263453,0.28900566418619944
203,2,237,9.9,1.3133523108585958,0.2924666757386286
203,2,238,9.933333333333334,1.797540119115533,0.1832510980345941
203,2,239,9.966666666666667,1.8761640739609984,0.005399955135023896
203,3,0,3.0,0.3291387753829734,-0.14715113751575687
203,3,1,3.033333333333333,0.3726930525275828,-0.44281290866316714
203,3,2,3.066666666666667,0.33366389508630984,-0.6861046792934237
203,3,3,3.1,0.1967790240603934,-0.8428037671617058
203,3,4,3.1333333333333333,0.0021988768169415762,-0.9014216831201677
203,3,5,3.1666666666666665,-0.2698739453461406,-0.8760837210187754
203,3,6,3.2,-0.553259566767563,-0.801161206514249
203,3,7,3.2333333333333334,-0.7489709939368487,-0.7193292257772202
203,3,8,3.2666666666666666,-0.9378947415511304,-0.6668294823010043
203,3,9,3.3,-1.0402755748391088,-0.6604172427475475
203,3,10,3.3333333333333335,-1.1347374486462498,-0.6902275221334799
203,3,11,3.3666666666666667,-1.1816855655683618,-0.7213536083776272
203,3,12,3.4,-1.19130144493795,-0.7042284117467602
203,3,13,3.433333333333333,-1.2280680425275554,-0.5910210854515073
203,3,14,3.466666666666667,-1.118899529684573,-0.3533781385346613
203,3,15,3.5,-0.6567716799813754,0.0038846314813770332
203,3,16,3.533333333333333,0.28728141812711605,0.4381428543802758
203,3,17,3.566666666666667,1.421389543775723,0.8763759060726173
203,3,18,3.6,2.1142984983490596,1.233831896650742
203,3,19,3.6333333333333333,2.2438300498570527,1.4385887888834004
203,3,20,3.6666666666666665,1.9559193087322921,1.4533304154521014
203,3,21,3.7,1.5458303356174585,1.2858266490316574
203,3,22,3.7333333333333334,1.1210347234667832,0.984042177154809
203,3,23,3.7666666666666666,0.7584595072369852,0.6184007588717442
203,3,24,3.8,0.5531322006981099,0.2590328836688254
203,3,25,3.8333333333333335,0.47168004603806,-0.043025937825260624
203,3,26,3.8666666666666667,0.47168004603806,-0.26516525104288485
203,3,27,3.9,0.3664710129354957,-0.41255314944606136
203,3,28,3.933333333333333,0.17754726532121404,-0.5102298633628325
203,3,29,3.966666666666667,-0.05889023917809649,-0.5914582970506407
203,3,30,4.0,-0.3224784618974241,-0.6853436710470152
203,3,31,4.033333333333333,-0.6058640833188466,-0.8061280998497902
203,3,32,4.066666666666666,-0.8157165095610569,-0.9463956648964891
203,3,33,4.1,-0.9791864588440709,-1.0761882703452992
203,3,34,4.133333333333334,-1.1211620895362406,-1.149041509538398
203,3,35,4.166666666666667,-1.1681102064583524,-1.1142910145317828
203,3,36,4.2,-1.2150583233804644,-0.9331363110594645
203,3,37,4.233333333333333,-1.238815201822979,-0.5941894442286277
203,3,38,4.266666666666667,-1.238815201822979,-0.12317042560461591
203,3,39,4.3,-0.9859741383990734,0.41782325095665973
203,3,40,4.333333333333333,-0.2636519057540481,0.9428804023461227
203,3,41,4.366666666666666,0.817851703343278,1.3635376552542056
203,3,42,4.4,1.7545514819338446,1.6117606234578454
203,3,43,4.433333333333334,2.0871477801290412,1.656709650270639
203,3,44,4.466666666666667,1.9344249901414454,1.5100444220660543
203,3,45,4.5,1.566193374282469,1.219087053279004
203,3,46,4.533333333333333,1.1119844840601105,0.8511475369983738
203,3,47,4.566666666666666,0.7341369888315471,0.474564875151369
203,3,48,4.6,0.45471084715054816,0.1423101289436424
203,3,49,4.633333333333334,0.37665253226800227,-0.11762587437890959
203,3,50,4.666666666666667,0.37665253226800227,-0.30372311362305227
203,3,51,4.7,0.31386649638421493,-0.43558927124146496
203,3,52,4.733333333333333,0.18999134450539085,-0.5442766485368042
203,3,53,4.766666666666667,-0.031739520958078075,-0.6608015333270834
203,3,54,4.8,-0.2817523845673965,-0.8051564608156033
203,3,55,4.833333333333333,-0.5176242491037901,-0.9779912435006891
203,3,56,4.866666666666666,-0.7534961136401838,-1.157065053011525
203,3,57,4.9,-0.965611099734063,-1.3000737392440003
203,3,58,4.933333333333334,-1.1075867304262326,-1.3541599954848076
203,3,59,4.966666666666667,-1.1545348473483446,-1.2705034219114564
203,3,60,5.0,-1.19130144493795,-1.020459283761186
203,3,61,5.033333333333333,-1.2009173243075397,-0.6084753846047162
203,3,62,5.066666666666666,-1.238815201822979,-0.0771071008693059
203,3,63,5.1,-1.1098492902778976,0.4987842060384274
203,3,64,5.133333333333334,-0.5419467675092133,1.0282951796651278
203,3,65,5.166666666666667,0.41737860959803935,1.4269069521852982
203,3,66,5.2,1.4287428632936505,1.6377336500906317
203,3,67,5.233333333333333,1.950828549066043,1.644217994926276
203,3,68,5.266666666666667,1.9276373105864402,1.4705290593814044
203,3,69,5.3,1.5441334157287052,1.1708833534953411
203,3,70,5.333333333333333,1.1142470439117889,0.8124540988070609
203,3,71,5.366666666666666,0.6934109115015316,0.4576463661898238
203,3,72,5.4,0.4173786095980286,0.15074046835596627
203,3,73,5.433333333333334,0.3291387753829734,-0.08826309071625814
203,3,74,5.466666666666667,0.33140133523464094,-0.2625419284029344
203,3,75,5.5,0.3291387753829734,-0.39209540671380505
203,3,76,5.533333333333333,0.23184870176124817,-0.5046551160223691
203,3,77,5.566666666666666,-0.0040231627751454715,-0.6259199341576134
203,3,78,5.6,-0.19351255035234402,-0.7707133502181366
203,3,79,5.633333333333334,-0.47689817177376653,-0.9365700190531774
203,3,80,5.666666666666667,-0.7127700363101602,-1.1013219322174823
203,3,81,5.7,-0.9028250638502756,-1.2259968041081737
203,3,82,5.733333333333333,-1.0442350545795285,-1.2633850890582206
203,3,83,5.766666666666667,-1.0962739311678924,-1.171046340539354
203,3,84,5.8,-1.1437876880529212,-0.9257474529619066
203,3,85,5.833333333333333,-1.1437876880529212,-0.5349521640183882
203,3,86,5.866666666666666,-1.19130144493795,-0.04077960135577547
203,3,87,5.9,-1.1064554505003963,0.48638387483856704
203,3,88,5.933333333333334,-0.6132174028367566,0.9637785811463772
203,3,89,5.966666666666667,0.26691837946211644,1.3169012806244793
203,3,90,6.0,1.2590508744185536,1.4979464743085058
203,3,91,6.033333333333333,1.8676794745172478,1.4959141802516347
203,3,92,6.066666666666666,1.857497955184736,1.3356502184902497
203,3,93,6.1,1.5034073383986897,1.0672282169607148
203,3,94,6.133333333333334,0.9920688119217126,0.7499533034842978
203,3,95,6.166666666666667,0.5576573204014476,0.43621461103108
203,3,96,6.2,0.3019880571629577,0.1597194378113077
203,3,97,6.233333333333333,0.2816250184979446,-0.06917437022416992
203,3,98,6.266666666666667,0.36533973300966194,-0.2605978470507261
203,3,99,6.3,0.37665253226800227,-0.43636137788070634
203,3,100,6.333333333333333,-0.16183671242899325,-0.618027379310783
203,3,101,6.366666666666666,-0.5345934479913019,-0.8152262621189592
203,3,102,6.4,-0.7365269147526746,-1.017562128201577
203,3,103,6.433333333333334,-0.8445641476698234,-1.192855437710284
203,3,104,6.466666666666667,-0.9390260214769641,-1.2931477655399037
203,3,105,6.5,-1.0012464173978346,-1.267860790616544
203,3,106,6.533333333333333,-1.032922255321188,-1.0810616710497833
203,3,107,6.566666666666666,-1.0487601742828634,-0.7276017743161737
203,3,108,6.6,-0.8010098705252072,-0.24196865945669432
203,3,109,6.633333333333334,-0.14373623361563684,0.3048731078947152
203,3,110,6.666666666666667,0.7952261048266054,0.8213427479074528
203,3,111,6.7,1.6238886505000205,1.2192805301612828
203,3,112,6.733333333333333,1.925374750734778,1.437681686398816
203,3,113,6.766666666666667,1.7387135629721664,1.4573749081785434
203,3,114,6.8,1.2862015926385586,1.3019155673335576
203,3,115,6.833333333333333,0.8138922236028544,1.0258318598090153
203,3,116,6.866666666666666,0.441135488040543,0.6958220717374808
203,3,117,6.9,0.3036849770517083,0.37196179270230695
203,3,118,6.933333333333334,0.3291387753829734,0.09453636669334774
203,3,119,6.966666666666667,0.4009750506734336,-0.12098666685995292
203,3,120,7.0,0.3528956538254879,-0.2814454433604554
203,3,121,7.033333333333333,0.18772878465372062,-0.40839065821358617
203,3,122,7.066666666666666,-0.026083121328909255,-0.5281279589018202
203,3,123,7.1,-0.2596924260136354,-0.6615473722839874
203,3,124,7.133333333333334,-0.4740699719591821,-0.8154849347290613
203,3,125,7.166666666666667,-0.6629937195734638,-0.977370617943407
203,3,126,7.2,-0.7840406716377034,-1.1149670947788763
203,3,127,7.233333333333333,-0.8785025454448443,-1.182487502746807
203,3,128,7.266666666666667,-0.9254506623669563,-1.1328792076900291
203,3,129,7.3,-0.9537326605128058,-0.9337386155521119
203,3,130,7.333333333333333,-0.8519174671877401,-0.582016657230422
203,3,131,7.366666666666666,-0.33831638085908733,-0.11171267623609711
203,3,132,7.4,0.5157999631456037,0.4097821069529011
203,3,133,7.433333333333334,1.505669898250368,0.897072942712207
203,3,134,7.466666666666667,2.0237961042823396,1.2691957359533328
203,3,135,7.5,1.9938171862477367,1.4710170866088188
203,3,136,7.533333333333333,1.681018286754631,1.4859383020043047
203,3,137,7.566666666666666,1.2562226746039558,1.336067304375783
203,3,138,7.6,0.8450024215632883,1.071137918891587
203,3,139,7.633333333333334,0.5751921592518736,0.7513784990346727
203,3,140,7.666666666666667,0.4241662891530311,0.4306713611805222
203,3,141,7.7,0.4241662891530311,0.14491670001223905
203,3,142,7.733333333333333,0.4128534898946908,-0.09219549943005023
203,3,143,7.766666666666667,0.30764445679212654,-0.2864476174626276
203,3,144,7.8,0.10853918984533828,-0.45552090950234425
203,3,145,7.833333333333333,-0.12733267469105536,-0.6192782803613782
203,3,146,7.866666666666666,-0.363204539227449,-0.7903786105500673
203,3,147,7.9,-0.5905918043200867,-0.9672140967470841
203,3,148,7.933333333333334,-0.7715965924535294,-1.130738054453881
203,3,149,7.966666666666667,-0.8660584662606702,-1.2463207343830844
203,3,150,8.0,-0.9537326605128058,-1.2710521847902172
203,3,151,8.033333333333333,-0.9599547001048941,-1.1657040440451871
203,3,152,8.066666666666666,-1.0012464173978346,-0.9088924179821395
203,3,153,8.1,-0.8332513484114749,-0.5091786830148126
203,3,154,8.133333333333333,-0.24781398679236197,-0.009882720836116063
203,3,155,8.166666666666666,0.7052893507228051,0.5171006386193979
203,3,156,8.2,1.6832808466062905,0.9878440814652929
203,3,157,8.233333333333333,2.1850034937136833,1.3279450310272425
203,3,158,8.266666666666667,2.175387614344096,1.4915737525938129
203,3,159,8.3,1.892001992922674,1.4715380274040897
203,3,160,8.333333333333334,1.5599713346903887,1.2973201772977436
203,3,161,8.366666666666667,1.1821238394618254,1.0225362269295948
203,3,162,8.4,0.8517901011182909,0.7071451826766493
203,3,163,8.433333333333334,0.6153525966189803,0.40112793343148495
203,3,164,8.466666666666667,0.5667075598081177,0.1345710995124788
203,3,165,8.5,0.5191938029230888,-0.08434762614362494
203,3,166,8.533333333333333,0.38117765197133735,-0.26491850785343385
203,3,167,8.566666666666666,0.1475683472866112,-0.42583260787516836
203,3,168,8.6,-0.09169735702728372,-0.5862084723706884
203,3,169,8.633333333333333,-0.324175381786168,-0.7576318632529764
203,3,170,8.666666666666666,-0.5645723660259048,-0.9384669548444861
203,3,171,8.7,-0.7534961136401811,-1.111401163466386
203,3,172,8.733333333333333,-0.8949061043694393,-1.2450062028056719
203,3,173,8.766666666666667,-0.9537326605128058,-1.2996699898438053
203,3,174,8.8,-1.0012464173978346,-1.237346827511384
203,3,175,8.833333333333334,-1.0487601742828634,-1.0333001138255187
203,3,176,8.866666666666667,-1.088354971687056,-0.6867696340967581
203,3,177,8.9,-0.8926435445177717,-0.22678771164261996
203,3,178,8.933333333333334,-0.3134282224907337,0.29014353478316485
203,3,179,8.966666666666667,0.6034741573977177,0.7914021504885164
203,3,180,9.0,1.5203765372862177,1.2056254093617746
203,3,181,9.033333333333333,2.007392545357742,1.4801132994707038
203,3,182,9.066666666666666,2.05094682250235,1.592223795751971
203,3,183,9.1,1.8377005564826396,1.55133365427279
203,3,184,9.133333333333333,1.5192452573603517,1.391540825264456
203,3,185,9.166666666666666,1.188911519016828,1.1584839298853231
203,3,186,9.2,0.8450024215632774,0.8954073360441945
203,3,187,9.233333333333333,0.5949895579539672,0.6331890791908645
203,3,188,9.266666666666667,0.4863866850739043,0.3866740308075582
203,3,189,9.3,0.43943856815178967,0.15679082006669506
203,3,190,9.333333333333334,0.2657870995362719,-0.06387870722370143
203,3,191,9.366666666666667,0.0768633519219848,-0.2847304603917683
203,3,192,9.4,-0.14260495368980847,-0.5118831801627314
203,3,193,9.433333333333334,-0.39601165707663627,-0.7448967852025975
203,3,194,9.466666666666667,-0.6324491615759413,-0.9755568018680966
203,3,195,9.5,-0.7925252710814594,-1.188456689968928
203,3,196,9.533333333333333,-0.9345009017736264,-1.3630025813697408
203,3,197,9.566666666666666,-1.02896277558077,-1.476510537685668
203,3,198,9.6,-1.0759108925028793,-1.5081393302804278
203,3,199,9.633333333333333,-1.0962739311678924,-1.443271910459302
203,3,200,9.666666666666666,-1.1437876880529212,-1.2775489017154353
203,3,201,9.7,-1.169241486384189,-1.0193382292122717
203,3,202,9.733333333333333,-1.2161896033062982,-0.6894252062572215
203,3,203,9.766666666666667,-1.2863289587080078,-0.31743667302316736
203,3,204,9.8,-1.1200308096104068,0.06414222561709158
203,3,205,9.833333333333334,-0.5306339682508595,0.4262363316891545
203,3,206,9.866666666666667,0.3879653315263453,0.7472780979709419
203,3,207,9.9,1.3133523108585958,1.0137513859827252
203,3,208,9.933333333333334,1.797540119115533,1.2178533870535642
203,3,209,9.966666666666667,1.8761640739609984,1.3544551417893167
203,3,210,10.0,1.6934623659387997,1.4193482225186378
203,3,211,10.033333333333333,1.4100767445173854,1.4094304033078542
203,3,212,10.066666666666666,1.0599456074717466,1.3242379528196289
203,3,213,10.1,0.7482779879044826,1.1677074789346156
203,3,214,10.133333333333333,0.5305066021814265,0.9492555598045354
203,3,215,10.166666666666666,0.4241662891530311,0.6838194742087891
203,3,216,10.2,0.3596833333804904,0.3909560059982373
203,3,217,10.233333333333333,0.24881790064876003,0.09324162721424674
203,3,218,10.266666666666667,0.05989415303447295,-0.18588015443684514
203,3,219,10.3,-0.1765433514648322,-0.42475339069901386
203,3,220,10.333333333333334,-0.41298085596414813,-0.6064927510640835
203,3,221,10.366666666666667,-0.6019046035784243,-0.7217951707401383
203,3,222,10.4,-0.7908283511927114,-0.7707511998868045
203,3,223,10.433333333333334,-0.9192286227748678,-0.7627632634312248
203,3,224,10.466666666666667,-1.0136904965820115,-0.7140685494341763
203,3,225,10.5,-1.0606386135041206,-0.6431851138185252
203,3,226,10.533333333333333,-1.1437876880529212,-0.5655572778162818
203,3,227,10.566666666666666,-1.19130144493795,-0.48924743120548964
203,3,228,10.6,-1.2489967211554882,-0.41332185215938216
203,3,229,10.633333333333333,-1.2959448380775975,-0.32970411945972805
203,3,230,10.666666666666666,-1.3904067118847356,-0.22807616604661635
203,3,231,10.7,-1.4373548288068503,-0.10222719389806169
203,3,232,10.733333333333333,-1.523897743133152,0.044543739056436306
203,3,233,10.766666666666667,-1.5567048609823366,0.1973281393059111
203,3,234,10.8,-1.2456028813779922,0.3320986028878371
203,3,235,10.833333333333334,-0.5114022095116909,0.42230896162865234
203,3,236,10.866666666666667,0.43321652855969045,0.447375636199212
203,3,237,10.9,1.2098401976447661,0.3999084751244574
203,3,238,10.933333333333334,1.469468940623666,0.28899517287408444
203,3,239,10.966666666666667,1.3625629876323457,0.13842150431774936
203,4,0,4.0,-0.3224784618974241,0.03333337173499844
203,4,1,4.033333333333333,-0.6058640833188466,-0.33181070316143035
203,4,2,4.066666666666666,-0.8157165095610569,-0.6470768953889927
203,4,3,4.1,-0.9791864588440709,-0.867119171070112
203,4,4,4.133333333333334,-1.1211620895362406,-0.955450056660877
203,4,5,4.166666666666667,-1.1681102064583524,-0.8900875896117036
203,4,6,4.2,-1.2150583233804644,-0.6688904322270623
203,4,7,4.233333333333333,-1.238815201822979,-0.31331874268652826
203,4,8,4.266666666666667,-1.238815201822979,0.1313119081985387
203,4,9,4.3,-0.9859741383990734,0.601070775827939
203,4,10,4.333333333333333,-0.2636519057540481,1.0244284904043972
203,4,11,4.366666666666666,0.817851703343278,1.3367086568772422
203,4,12,4.4,1.7545514819338446,1.493776046594234
203,4,13,4.433333333333334,2.0871477801290412,1.4807048586421785
203,4,14,4.466666666666667,1.9344249901414454,1.312941729468434
203,4,15,4.5,1.566193374282469,1.0300788982950368
203,4,16,4.533333333333333,1.1119844840601105,0.6845532331667294
203,4,17,4.566666666666666,0.7341369888315471,0.3287496959736209
203,4,18,4.6,0.45471084715054816,0.003991780027377431
203,4,19,4.633333333333334,0.37665253226800227,-0.26609177932185246
203,4,20,4.666666666666667,0.37665253226800227,-0.4769065595472899
203,4,21,4.7,0.31386649638421493,-0.6395370724598793
203,4,22,4.733333333333333,0.18999134450539085,-0.7742404108296611
203,4,23,4.766666666666667,-0.031739520958078075,-0.9025810571040155
203,4,24,4.8,-0.2817523845673965,-1.039771157802184
203,4,25,4.833333333333333,-0.5176242491037901,-1.1884970057334372
203,4,26,4.866666666666666,-0.7534961136401838,-1.335418603730351
203,4,27,4.9,-0.965611099734063,-1.4514289194532293
203,4,28,4.933333333333334,-1.1075867304262326,-1.4963294911183138
203,4,29,4.966666666666667,-1.1545348473483446,-1.42775821353308
203,4,30,5.0,-1.19130144493795,-1.2130838189162587
203,4,31,5.033333333333333,-1.2009173243075397,-0.8416535283700278
203,4,32,5.066666666666666,-1.238815201822979,-0.33363228172399756
203,4,33,5.1,-1.1098492902778976,0.2584692173905144
203,4,34,5.133333333333334,-0.5419467675092133,0.8578735418294436
203,4,35,5.166666666666667,0.41737860959803935,1.3801118617046604
203,4,36,5.2,1.4287428632936505,1.7530169992590827
203,4,37,5.233333333333333,1.950828549066043,1.9331686340770164
203,4,38,5.266666666666667,1.9276373105864402,1.913603665950883
203,4,39,5.3,1.5441334157287052,1.7214369581596984
203,4,40,5.333333333333333,1.1142470439117889,1.4073949540337005
203,4,41,5.366666666666666,0.6934109115015316,1.0312299107402674
203,4,42,5.4,0.4173786095980286,0.6475710522565562
203,4,43,5.433333333333334,0.3291387753829734,0.29590745313188105
203,4,44,5.466666666666667,0.33140133523464094,-0.00362895062797791
203,4,45,5.5,0.3291387753829734,-0.24912976029660866
203,4,46,5.533333333333333,0.23184870176124817,-0.4520791666488268
203,4,47,5.566666666666666,-0.0040231627751454715,-0.6306307266788782
203,4,48,5.6,-0.19351255035234402,-0.8023628713588604
203,4,49,5.633333333333334,-0.47689817177376653,-0.9774646604856604
203,4,50,5.666666666666667,-0.7127700363101602,-1.1532790743323693
203,4,51,5.7,-0.9028250638502756,-1.3114316737336609
203,4,52,5.733333333333333,-1.0442350545795285,-1.4189816880193369
203,4,53,5.766666666666667,-1.0962739311678924,-1.434650246236312
203,4,54,5.8,-1.1437876880529212,-1.3199036895145733
203,4,55,5.833333333333333,-1.1437876880529212,-1.0526377596884529
203,4,56,5.866666666666666,-1.19130144493795,-0.6391652853417215
203,4,57,5.9,-1.1064554505003963,-0.11942268899409857
203,4,58,5.933333333333334,-0.6132174028367566,0.43817067041171054
203,4,59,5.966666666666667,0.26691837946211644,0.9518840487466649
203,4,60,6.0,1.2590508744185536,1.3468476614274114
203,4,61,6.033333333333333,1.8676794745172478,1.572785947028115
203,4,62,6.066666666666666,1.857497955184736,1.613600915779496
203,4,63,6.1,1.5034073383986897,1.4870186984934408
203,4,64,6.133333333333334,0.9920688119217126,1.2357745550998132
203,4,65,6.166666666666667,0.5576573204014476,0.9137370264950591
203,4,66,6.2,0.3019880571629577,0.5713345175388163
203,4,67,6.233333333333333,0.2816250184979446,0.2445249096699795
203,4,68,6.266666666666667,0.36533973300966194,-0.04982963296424268
203,4,69,6.3,0.37665253226800227,-0.31156550557043194
203,4,70,6.333333333333333,-0.16183671242899325,-0.5495018930262775
203,4,71,6.366666666666666,-0.5345934479913019,-0.7715812931675543
203,4,72,6.4,-0.7365269147526746,-0.9761976972548774
203,4,73,6.433333333333334,-0.8445641476698234,-1.1473276189647228
203,4,74,6.466666666666667,-0.9390260214769641,-1.2551164997247202
203,4,75,6.5,-1.0012464173978346,-1.2624597004733138
203,4,76,6.533333333333333,-1.032922255321188,-1.1366503849903156
203,4,77,6.566666666666666,-1.0487601742828634,-0.8632577411634919
203,4,78,6.6,-0.8010098705252072,-0.45752934401020545
203,4,79,6.633333333333334,-0.14373623361563684,0.03197533231435035
203,4,80,6.666666666666667,0.7952261048266054,0.5309731036031626
203,4,81,6.7,1.6238886505000205,0.9573727519480649
203,4,82,6.733333333333333,1.925374750734778,1.2434328142349802
203,4,83,6.766666666666667,1.7387135629721664,1.353474711837696
203,4,84,6.8,1.2862015926385586,1.290623099397075
203,4,85,6.833333333333333,0.8138922236028544,1.0912085321953315
203,4,86,6.866666666666666,0.441135488040543,0.8103326672158253
203,4,87,6.9,0.3036849770517083,0.5046701996405771
203,4,88,6.933333333333334,0.3291387753829734,0.2183766524427097
203,4,89,6.966666666666667,0.4009750506734336,-0.02434616616027178
203,4,90,7.0,0.3528956538254879,-0.21952579564430394
203,4,91,7.033333333333333,0.18772878465372062,-0.3783006465318388
203,4,92,7.066666666666666,-0.026083121328909255,-0.5188894581411002
203,4,93,7.1,-0.2596924260136354,-0.6578578069128467
203,4,94,7.133333333333334,-0.4740699719591821,-0.8025213195316223
203,4,95,7.166666666666667,-0.6629937195734638,-0.9460359512994331
203,4,96,7.2,-0.7840406716377034,-1.0663282320888858
203,4,97,7.233333333333333,-0.8785025454448443,-1.1295066683061932
203,4,98,7.266666666666667,-0.9254506623669563,-1.097733469746411
203,4,99,7.3,-0.9537326605128058,-0.9404790836938575
203,4,100,7.333333333333333,-0.8519174671877401,-0.6466095100985862
203,4,101,7.366666666666666,-0.33831638085908733,-0.23342273858216314
203,4,102,7.4,0.5157999631456037,0.2514956827256527
203,4,103,7.433333333333334,1.505669898250368,0.7379638636818421
203,4,104,7.466666666666667,2.0237961042823396,1.1491526748056586
203,4,105,7.5,1.9938171862477367,1.4208121022004345
203,4,106,7.533333333333333,1.681018286754631,1.5171785480184021
203,4,107,7.566666666666666,1.2562226746039558,1.4381829239507429
203,4,108,7.6,0.8450024215632883,1.2159999268215695
203,4,109,7.633333333333334,0.5751921592518736,0.9029755370691679
203,4,110,7.666666666666667,0.4241662891530311,0.555777229889086
203,4,111,7.7,0.4241662891530311,0.22119404727189054
203,4,112,7.733333333333333,0.4128534898946908,-0.0725556312955516
203,4,113,7.766666666666667,0.30764445679212654,-0.3176469619665536
203,4,114,7.8,0.10853918984533828,-0.5223385512822105
203,4,115,7.833333333333333,-0.12733267469105536,-0.7025305652827858
203,4,116,7.866666666666666,-0.363204539227449,-0.8717883332914678
203,4,117,7.9,-0.5905918043200867,-1.0326010876724347
203,4,118,7.933333333333334,-0.7715965924535294,-1.1714581498331924
203,4,119,7.966666666666667,-0.8660584662606702,-1.2595529675457076
203,4,120,8.0,-0.9537326605128058,-1.2594698439144714
203,4,121,8.033333333333333,-0.9599547001048941,-1.136517107207231
203,4,122,8.066666666666666,-1.0012464173978346,-0.8719243901159983
203,4,123,8.1,-0.8332513484114749,-0.47392701667177867
203,4,124,8.133333333333333,-0.24781398679236197,0.0178055870244514
203,4,125,8.166666666666666,0.7052893507228051,0.537522373288542
203,4,126,8.2,1.6832808466062905,1.0078390363766865
203,4,127,8.233333333333333,2.1850034937136833,1.3585865618671786
203,4,128,8.266666666666667,2.175387614344096,1.5436687273582148
203,4,129,8.3,1.892001992922674,1.5505680951679952
203,4,130,8.333333333333334,1.5599713346903887,1.399965768920081
203,4,131,8.366666666666667,1.1821238394618254,1.1364478894076444
203,4,132,8.4,0.8517901011182909,0.8142477896834696
203,4,133,8.433333333333334,0.6153525966189803,0.48315302100465407
203,4,134,8.466666666666667,0.5667075598081177,0.17862923837063738
203,4,135,8.5,0.5191938029230888,-0.08215056857426262
203,4,136,8.533333333333333,0.38117765197133735,-0.2988949830416105
203,4,137,8.566666666666666,0.1475683472866112,-0.4831410090752315
203,4,138,8.6,-0.09169735702728372,-0.6514259743877971
203,4,139,8.633333333333333,-0.324175381786168,-0.8181096945723039
203,4,140,8.666666666666666,-0.5645723660259048,-0.9889138657098175
203,4,141,8.7,-0.7534961136401811,-1.1562742378753423
203,4,142,8.733333333333333,-0.8949061043694393,-1.2978423085231896
203,4,143,8.766666666666667,-0.9537326605128058,-1.379367678749851
203,4,144,8.8,-1.0012464173978346,-1.3622967832267612
203,4,145,8.833333333333334,-1.0487601742828634,-1.2148942027296565
203,4,146,8.866666666666667,-1.088354971687056,-0.9240693923199319
203,4,147,8.9,-0.8926435445177717,-0.5039465916017065
203,4,148,8.933333333333334,-0.3134282224907337,0.0027304961590984703
203,4,149,8.966666666666667,0.6034741573977177,0.532172590231444
203,4,150,9.0,1.5203765372862177,1.01409310963236
203,4,151,9.033333333333333,2.007392545357742,1.3880631973101103
203,4,152,9.066666666666666,2.05094682250235,1.6161297459473536
203,4,153,9.1,1.8377005564826396,1.688204215410993
203,4,154,9.133333333333333,1.5192452573603517,1.6196297221953482
203,4,155,9.166666666666666,1.188911519016828,1.4429243117629222
203,4,156,9.2,0.8450024215632774,1.1972435795401764
203,4,157,9.233333333333333,0.5949895579539672,0.9190950516682475
203,4,158,9.266666666666667,0.4863866850739043,0.6364188268410088
203,4,159,9.3,0.43943856815178967,0.36639463517207543
203,4,160,9.333333333333334,0.2657870995362719,0.11624343525746932
203,4,161,9.366666666666667,0.0768633519219848,-0.11412062502392757
203,4,162,9.4,-0.14260495368980847,-0.328816236344342
203,4,163,9.433333333333334,-0.39601165707663627,-0.5330680372499572
203,4,164,9.466666666666667,-0.6324491615759413,-0.7309807886246045
203,4,165,9.5,-0.7925252710814594,-0.923797459246442
203,4,166,9.533333333333333,-0.9345009017736264,-1.1083156887759116
203,4,167,9.566666666666666,-1.02896277558077,-1.2755239767969109
203,4,168,9.6,-1.0759108925028793,-1.4100843637157994
203,4,169,9.633333333333333,-1.0962739311678924,-1.4915370789005136
203,4,170,9.666666666666666,-1.1437876880529212,-1.497708100462274
203,4,171,9.7,-1.169241486384189,-1.4098984766691438
203,4,172,9.733333333333333,-1.2161896033062982,-1.2184913892049727
203,4,173,9.766666666666667,-1.2863289587080078,-0.9271742819672002
203,4,174,9.8,-1.1200308096104068,-0.5543245323005342
203,4,175,9.833333333333334,-0.5306339682508595,-0.13101483130842367
203,4,176,9.866666666666667,0.3879653315263453,0.30389490977334643
203,4,177,9.9,1.3133523108585958,0.7103219015307694
203,4,178,9.933333333333334,1.797540119115533,1.0535223223754027
203,4,179,9.966666666666667,1.8761640739609984,1.3090258742547471
203,4,180,10.0,1.6934623659387997,1.4647913413362206
203,4,181,10.033333333333333,1.4100767445173854,1.52035253445839
203,4,182,10.066666666666666,1.0599456074717466,1.4838552660629158
203,4,183,10.1,0.7482779879044826,1.3685691694272182
203,4,184,10.133333333333333,0.5305066021814265,1.1902250947518527
203,4,185,10.166666666666666,0.4241662891530311,0.9656611187630122
203,4,186,10.2,0.3596833333804904,0.712389356017775
203,4,187,10.233333333333333,0.24881790064876003,0.4482896412914173
203,4,188,10.266666666666667,0.05989415303447295,0.190816906672264
203,4,189,10.3,-0.1765433514648322,-0.044394610643225335
203,4,190,10.333333333333334,-0.41298085596414813,-0.24521039685757098
203,4,191,10.366666666666667,-0.6019046035784243,-0.4044294827725094
203,4,192,10.4,-0.7908283511927114,-0.5204693415159921
203,4,193,10.433333333333334,-0.9192286227748678,-0.5970011609160218
203,4,194,10.466666666666667,-1.0136904965820115,-0.641530814735573
203,4,195,10.5,-1.0606386135041206,-0.6632191712312634
203,4,196,10.533333333333333,-1.1437876880529212,-0.6704538016235135
203,4,197,10.566666666666666,-1.19130144493795,-0.6687585598077064
203,4,198,10.6,-1.2489967211554882,-0.6595447158317733
203,4,199,10.633333333333333,-1.2959448380775975,-0.6400287137165291
203,4,200,10.666666666666666,-1.3904067118847356,-0.6044170408665257
203,4,201,10.7,-1.4373548288068503,-0.5461591024704903
203,4,202,10.733333333333333,-1.523897743133152,-0.46070556170201316
203,4,203,10.766666666666667,-1.5567048609823366,-0.3479396331077381
203,4,204,10.8,-1.2456028813779922,-0.21344644392810222
203,4,205,10.833333333333334,-0.5114022095116909,-0.06809091442083864
203,4,206,10.866666666666667,0.43321652855969045,0.07408967961785376
203,4,207,10.9,1.2098401976447661,0.1990580543138654
203,4,208,10.933333333333334,1.469468940623666,0.2959360166324091
203,4,209,10.966666666666667,1.3625629876323457,0.35906166243570786
203,4,210,11.0,1.0791773662109312,0.3883801912026389
203,4,211,11.033333333333333,0.7482779879044719,0.3883439532403149
203,4,212,11.066666666666666,0.4196411694496961,0.36601998645917133
203,4,213,11.1,0.23241434172416237,0.3291874717471973
203,4,214,11.133333333333333,0.13908374784285799,0.2849101654606545
203,4,215,11.166666666666666,0.13908374784285799,0.2386913892228267
203,4,216,11.2,0.09156999095782913,0.19412871571354043
203,4,217,11.233333333333333,-0.0028918828493144093,0.15296514614780504
203,4,218,11.266666666666667,-0.1912499905006765,0.11544703478804139
203,4,219,11.3,-0.4276874949999924,0.08090107012155204
203,4,220,11.333333333333334,-0.6641249994992976,0.04843512327758489
203,4,221,11.366666666666667,-0.8530487471135846,0.017631516745639862
203,4,222,11.4,-0.994458737842832,-0.01095591838086404
203,4,223,11.433333333333334,-1.0923144514274714,-0.03569671271725689
203,4,224,11.466666666666667,-1.1437876880529212,-0.054267283171991705
203,4,225,11.5,-1.19130144493795,-0.06445030628270232
203,4,226,11.533333333333333,-1.238815201822979,-0.0651132535917922
203,4,227,11.566666666666666,-1.2801069191159193,-0.05702334583851886
203,4,228,11.6,-1.327055036038034,-0.043145979561435864
203,4,229,11.633333333333333,-1.3740031529601433,-0.028193439818068933
203,4,230,11.666666666666666,-1.4288702293630944,-0.01743356369387834
203,4,231,11.7,-1.515413143689396,-0.015055729431698296
203,4,232,11.733333333333333,-1.523897743133152,-0.022620132905987255
203,4,233,11.766666666666667,-1.1918670849008697,-0.0382108677078547
203,4,234,11.8,-0.39035525744744043,-0.056793548712188585
203,4,235,11.833333333333334,0.5542634806239409,-0.07184324863548909
203,4,236,11.866666666666667,1.2703636736768913,-0.0776631555121671
203,4,237,11.9,1.469468940623666,-0.07142103457708161
203,4,238,11.933333333333334,1.3043020714518934,-0.054121132726409324
203,4,239,11.966666666666667,0.9858467723296215,-0.03025701170826532
203,5,0,5.0,-1.19130144493795,0.19566776126368915
203,5,1,5.033333333333333,-1.2009173243075397,0.33858581182706726
203,5,2,5.066666666666666,-1.238815201822979,0.5027626304796856
203,5,3,5.1,-1.1098492902778976,0.6987855190257426
203,5,4,5.133333333333334,-0.5419467675092133,0.9158155514704595
203,5,5,5.166666666666667,0.41737860959803935,1.1229431574254136
203,5,6,5.2,1.4287428632936505,1.2788160662266315
203,5,7,5.233333333333333,1.950828549066043,1.3450829362110492
203,5,8,5.266666666666667,1.9276373105864402,1.2983824340003307
203,5,9,5.3,1.5441334157287052,1.137081014635236
203,5,10,5.333333333333333,1.1142470439117889,0.8811744247242786
203,5,11,5.366666666666666,0.6934109115015316,0.565973881367708
203,5,12,5.4,0.4173786095980286,0.23205828136285991
203,5,13,5.433333333333334,0.3291387753829734,-0.08506898287416481
203,5,14,5.466666666666667,0.33140133523464094,-0.3624864203401865
203,5,15,5.5,0.3291387753829734,-0.5927094308255202
203,5,16,5.533333333333333,0.23184870176124817,-0.7817689216422501
203,5,17,5.566666666666666,-0.0040231627751454715,-0.9437358404241272
203,5,18,5.6,-0.19351255035234402,-1.093509936307272
203,5,19,5.633333333333334,-0.47689817177376653,-1.2396856783563106
203,5,20,5.666666666666667,-0.7127700363101602,-1.3790730636106312
203,5,21,5.7,-0.9028250638502756,-1.4941960965526007
203,5,22,5.733333333333333,-1.0442350545795285,-1.554782726666016
203,5,23,5.766666666666667,-1.0962739311678924,-1.5236757167951784
203,5,24,5.8,-1.1437876880529212,-1.3665659450585084
203,5,25,5.833333333333333,-1.1437876880529212,-1.0636075430897585
203,5,26,5.866666666666666,-1.19130144493795,-0.6197229412116663
203,5,27,5.9,-1.1064554505003963,-0.06978504448408554
203,5,28,5.933333333333334,-0.6132174028367566,0.5244608717463765
203,5,29,5.966666666666667,0.26691837946211644,1.0862669333453108
203,5,30,6.0,1.2590508744185536,1.5411556575023022
203,5,31,6.033333333333333,1.8676794745172478,1.833612220093242
203,5,32,6.066666666666666,1.857497955184736,1.9379244319891191
203,5,33,6.1,1.5034073383986897,1.8607648342276069
203,5,34,6.133333333333334,0.9920688119217126,1.635932062207646
203,5,35,6.166666666666667,0.5576573204014476,1.313607701361783
203,5,36,6.2,0.3019880571629577,0.9475348230142514
203,5,37,6.233333333333333,0.2816250184979446,0.5836425807817117
203,5,38,6.266666666666667,0.36533973300966194,0.25283636203383325
203,5,39,6.3,0.37665253226800227,-0.03082033669328524
203,5,40,6.333333333333333,-0.16183671242899325,-0.26703292992035643
203,5,41,6.366666666666666,-0.5345934479913019,-0.4631338784054025
203,5,42,6.4,-0.7365269147526746,-0.6271826684663275
203,5,43,6.433333333333334,-0.8445641476698234,-0.7623821947010376
203,5,44,6.466666666666667,-0.9390260214769641,-0.8642735304217718
203,5,45,6.5,-1.0012464173978346,-0.9214323670619609
203,5,46,6.533333333333333,-1.032922255321188,-0.9195762677262106
203,5,47,6.566666666666666,-1.0487601742828634,-0.8479782885496736
203,5,48,6.6,-0.8010098705252072,-0.7059882510658273
203,5,49,6.633333333333334,-0.14373623361563684,-0.5069585753862248
203,5,50,6.666666666666667,0.7952261048266054,-0.27755036147200274
203,5,51,6.7,1.6238886505000205,-0.05211367569611058
203,5,52,6.733333333333333,1.925374750734778,0.13611453204626411
203,5,53,6.766666666666667,1.7387135629721664,0.2637886452026605
203,5,54,6.8,1.2862015926385586,0.3228669421714381
203,5,55,6.833333333333333,0.8138922236028544,0.3207096535395112
203,5,56,6.866666666666666,0.441135488040543,0.27527025323826565
203,5,57,6.9,0.3036849770517083,0.20778258778005018
203,5,58,6.933333333333334,0.3291387753829734,0.13590454042087655
203,5,59,6.966666666666667,0.4009750506734336,0.06949258085466833
203,5,60,7.0,0.3528956538254879,0.009806958619409495
203,5,61,7.033333333333333,0.18772878465372062,-0.04829809532743982
203,5,62,7.066666666666666,-0.026083121328909255,-0.11233433857790662
203,5,63,7.1,-0.2596924260136354,-0.18752943068564057
203,5,64,7.133333333333334,-0.4740699719591821,-0.27261144314343727
203,5,65,7.166666666666667,-0.6629937195734638,-0.3569931322093727
203,5,66,7.2,-0.7840406716377034,-0.4204555984835659
203,5,67,7.233333333333333,-0.8785025454448443,-0.43627518584995834
203,5,68,7.266666666666667,-0.9254506623669563,-0.37785483648536106
203,5,69,7.3,-0.9537326605128058,-0.22761173508131058
203,5,70,7.333333333333333,-0.8519174671877401,0.014284815974624446
203,5,71,7.366666666666666,-0.33831638085908733,0.324444369405689
203,5,72,7.4,0.5157999631456037,0.6570963444281838
203,5,73,7.433333333333334,1.505669898250368,0.9527634403878995
203,5,74,7.466666666666667,2.0237961042823396,1.1532708982975668
203,5,75,7.5,1.9938171862477367,1.2183517679979998
203,5,76,7.533333333333333,1.681018286754631,1.1374752156200738
203,5,77,7.566666666666666,1.2562226746039558,0.9318372681118209
203,5,78,7.6,0.8450024215632883,0.6455829625404821
203,5,79,7.633333333333334,0.5751921592518736,0.3301604877544855
203,5,80,7.666666666666667,0.4241662891530311,0.02856746995621399
203,5,81,7.7,0.4241662891530311,-0.2344485666650437
203,5,82,7.733333333333333,0.4128534898946908,-0.4539338055035934
203,5,83,7.766666666666667,0.30764445679212654,-0.6396712437481973
203,5,84,7.8,0.10853918984533828,-0.8078018890328786
203,5,85,7.833333333333333,-0.12733267469105536,-0.9719892040084664
203,5,86,7.866666666666666,-0.363204539227449,-1.1360833855021237
203,5,87,7.9,-0.5905918043200867,-1.2896047723325375
203,5,88,7.933333333333334,-0.7715965924535294,-1.4070286805064232
203,5,89,7.966666666666667,-0.8660584662606702,-1.4515199825094867
203,5,90,8.0,-0.9537326605128058,-1.3830914536882128
203,5,91,8.033333333333333,-0.9599547001048941,-1.1700654891251245
203,5,92,8.066666666666666,-1.0012464173978346,-0.8013748792208918
203,5,93,8.1,-0.8332513484114749,-0.2959620924578146
203,5,94,8.133333333333333,-0.24781398679236197,0.29491664752302493
203,5,95,8.166666666666666,0.7052893507228051,0.8950739399457859
203,5,96,8.2,1.6832808466062905,1.4192812302894824
203,5,97,8.233333333333333,2.1850034937136833,1.7927891209819116
203,5,98,8.266666666666667,2.175387614344096,1.9683035750409308
203,5,99,8.3,1.892001992922674,1.9354338905793873
203,5,100,8.333333333333334,1.5599713346903887,1.7202169204481867
203,5,101,8.366666666666667,1.1821238394618254,1.3754445099445156
203,5,102,8.4,0.8517901011182909,0.965353388030386
203,5,103,8.433333333333334,0.6153525966189803,0.5497212127075459
203,5,104,8.466666666666667,0.5667075598081177,0.17193417935596286
203,5,105,8.5,0.5191938029230888,-0.14642396546903247
203,5,106,8.533333333333333,0.38117765197133735,-0.4044027238164436
203,5,107,8.566666666666666,0.1475683472866112,-0.6157044328901187
203,5,108,8.6,-0.09169735702728372,-0.8002488789625692
203,5,109,8.633333333333333,-0.324175381786168,-0.9753774933960809
203,5,110,8.666666666666666,-0.5645723660259048,-1.1483831669463167
203,5,111,8.7,-0.7534961136401811,-1.3117851771672537
203,5,112,8.733333333333333,-0.8949061043694393,-1.4425353680917754
203,5,113,8.766666666666667,-0.9537326605128058,-1.5058567368627849
203,5,114,8.8,-1.0012464173978346,-1.4634868154163279
203,5,115,8.833333333333334,-1.0487601742828634,-1.284878066450794
203,5,116,8.866666666666667,-1.088354971687056,-0.9587145577673313
203,5,117,8.9,-0.8926435445177717,-0.5011847252773816
203,5,118,8.933333333333334,-0.3134282224907337,0.04264062446259523
203,5,119,8.966666666666667,0.6034741573977177,0.6061985154709192
203,5,120,9.0,1.5203765372862177,1.1158554176613817
203,5,121,9.033333333333333,2.007392545357742,1.507489079485441
203,5,122,9.066666666666666,2.05094682250235,1.739858203360399
203,5,123,9.1,1.8377005564826396,1.8011227895085797
203,5,124,9.133333333333333,1.5192452573603517,1.7073762050832686
203,5,125,9.166666666666666,1.188911519016828,1.4945521043967744
203,5,126,9.2,0.8450024215632774,1.2070605633246554
203,5,127,9.233333333333333,0.5949895579539672,0.8871115106134143
203,5,128,9.266666666666667,0.4863866850739043,0.5675380787740177
203,5,129,9.3,0.43943856815178967,0.26895434871512663
203,5,130,9.333333333333334,0.2657870995362719,0.0004865283594756506
203,5,131,9.366666666666667,0.0768633519219848,-0.23741868968554836
203,5,132,9.4,-0.14260495368980847,-0.4495718325753234
203,5,133,9.433333333333334,-0.39601165707663627,-0.6429473223534362
203,5,134,9.466666666666667,-0.6324491615759413,-0.8242061378170021
203,5,135,9.5,-0.7925252710814594,-0.9976534695056215
203,5,136,9.533333333333333,-0.9345009017736264,-1.1633561822829233
203,5,137,9.566666666666666,-1.02896277558077,-1.3154196834202196
203,5,138,9.6,-1.0759108925028793,-1.4408830079103203
203,5,139,9.633333333333333,-1.0962739311678924,-1.5200386189222241
203,5,140,9.666666666666666,-1.1437876880529212,-1.52893859576435
203,5,141,9.7,-1.169241486384189,-1.4442780186795172
203,5,142,9.733333333333333,-1.2161896033062982,-1.249878430936546
203,5,143,9.766666666666667,-1.2863289587080078,-0.9430535861614341
203,5,144,9.8,-1.1200308096104068,-0.5387167009767669
203,5,145,9.833333333333334,-0.5306339682508595,-0.06946757427605602
203,5,146,9.866666666666667,0.3879653315263453,0.4189476172657566
203,5,147,9.9,1.3133523108585958,0.8758531408907908
203,5,148,9.933333333333334,1.797540119115533,1.2552320252883322
203,5,149,9.966666666666667,1.8761640739609984,1.5238812493107892
203,5,150,10.0,1.6934623659387997,1.6659718183497623
203,5,151,10.033333333333333,1.4100767445173854,1.6832436848666263
203,5,152,10.066666666666666,1.0599456074717466,1.5915172863190843
203,5,153,10.1,0.7482779879044826,1.4151810831374858
203,5,154,10.133333333333333,0.5305066021814265,1.1815517633095012
203,5,155,10.166666666666666,0.4241662891530311,0.9165245823352559
203,5,156,10.2,0.3596833333804904,0.6420461897906509
203,5,157,10.233333333333333,0.24881790064876003,0.37517658654227487
203,5,158,10.266666666666667,0.05989415303447295,0.12820587890048712
203,5,159,10.3,-0.1765433514648322,-0.09068734859495922
203,5,160,10.333333333333334,-0.41298085596414813,-0.2766720206524561
203,5,161,10.366666666666667,-0.6019046035784243,-0.42769209394469154
203,5,162,10.4,-0.7908283511927114,-0.544121956644838
203,5,163,10.433333333333334,-0.9192286227748678,-0.6284419379328787
203,5,164,10.466666666666667,-1.0136904965820115,-0.6846775880776257
203,5,165,10.5,-1.0606386135041206,-0.7175305709931193
203,5,166,10.533333333333333,-1.1437876880529212,-0.7314176784635036
203,5,167,10.566666666666666,-1.19130144493795,-0.7297729747671088
203,5,168,10.6,-1.2489967211554882,-0.7148109125296465
203,5,169,10.633333333333333,-1.2959448380775975,-0.6876535484454962
203,5,170,10.666666666666666,-1.3904067118847356,-0.6485486180009857
203,5,171,10.7,-1.4373548288068503,-0.5969584585711922
203,5,172,10.733333333333333,-1.523897743133152,-0.5315327844595457
203,5,173,10.766666666666667,-1.5567048609823366,-0.4502243325875233
203,5,174,10.8,-1.2456028813779922,-0.3508804409161715
203,5,175,10.833333333333334,-0.5114022095116909,-0.2324495313233692
203,5,176,10.866666666666667,0.43321652855969045,-0.09653416422994607
203,5,177,10.9,1.2098401976447661,0.051381141321184945
203,5,178,10.933333333333334,1.469468940623666,0.20181748721854526
203,5,179,10.966666666666667,1.3625629876323457,0.3427163096791714
203,5,180,11.0,1.0791773662109312,0.462009727144593
203,5,181,11.033333333333333,0.7482779879044719,0.5503105291760096
203,5,182,11.066666666666666,0.4196411694496961,0.6026339010883848
203,5,183,11.1,0.23241434172416237,0.6186280500500371
203,5,184,11.133333333333333,0.13908374784285799,0.6015874063663884
203,5,185,11.166666666666666,0.13908374784285799,0.5570118143077424
203,5,186,11.2,0.09156999095782913,0.4913644517538084
203,5,187,11.233333333333333,-0.0028918828493144093,0.41122125882478705
203,5,188,11.266666666666667,-0.1912499905006765,0.32264668018994064
203,5,189,11.3,-0.4276874949999924,0.23061430925199114
203,5,190,11.333333333333334,-0.6641249994992976,0.13855359480850835
203,5,191,11.366666666666667,-0.8530487471135846,0.04831301307441497
203,5,192,11.4,-0.994458737842832,-0.03927838587595557
203,5,193,11.433333333333334,-1.0923144514274714,-0.12338506601030276
203,5,194,11.466666666666667,-1.1437876880529212,-0.20206882854949584
203,5,195,11.5,-1.19130144493795,-0.27158526512491216
203,5,196,11.533333333333333,-1.238815201822979,-0.3264125656793506
203,5,197,11.566666666666666,-1.2801069191159193,-0.36012864014877
203,5,198,11.6,-1.327055036038034,-0.3670172565037198
203,5,199,11.633333333333333,-1.3740031529601433,-0.3440428232868393
203,5,200,11.666666666666666,-1.4288702293630944,-0.29260417157381624
203,5,201,11.7,-1.515413143689396,-0.21937862258943336
203,5,202,11.733333333333333,-1.523897743133152,-0.13572405330484788
203,5,203,11.766666666666667,-1.1918670849008697,-0.05553681866487005
203,5,204,11.8,-0.39035525744744043,0.007954725710981422
203,5,205,11.833333333333334,0.5542634806239409,0.04549931475119265
203,5,206,11.866666666666667,1.2703636736768913,0.05413992146256628
203,5,207,11.9,1.469468940623666,0.03776458751388399
203,5,208,11.933333333333334,1.3043020714518934,0.005776165312471616
203,5,209,11.966666666666667,0.9858467723296215,-0.029574089205235653
203,5,210,12.0,0.6685227531331672,-0.05630468743399899
203,5,211,12.033333333333333,0.40493453041385175,-0.06543767302579108
203,5,212,12.066666666666666,0.21601078279956468,-0.05280311165402258
203,5,213,12.1,0.18659750472788683,-0.019656200094707914
203,5,214,12.133333333333333,0.18659750472788683,0.027992226843858464
203,5,215,12.166666666666666,0.15548730676745026,0.08124027083956852
203,5,216,12.2,0.013511676075283259,0.13089685917080562
203,5,217,12.233333333333333,-0.1884217906860948,0.16998846974236156
203,5,218,12.266666666666667,-0.42429365522248036,0.1952547038223627
203,5,219,12.3,-0.631317881650113,0.20710682323814475
203,5,220,12.333333333333334,-0.8202416292643893,0.20826744891237803
203,5,221,12.366666666666667,-0.9616516199936475,0.20190793078283498
203,5,222,12.4,-1.0759108925028793,0.1901418873800156
203,5,223,12.433333333333334,-1.122859009424994,0.1733355709898866
203,5,224,12.466666666666667,-1.1437876880529212,0.15023436462790848
203,5,225,12.5,-1.19130144493795,0.11866041167221243
203,5,226,12.533333333333333,-1.238815201822979,0.07655097781008878
203,5,227,12.566666666666666,-1.2863289587080078,0.023145235533617168
203,5,228,12.6,-1.357599594035551,-0.03999346957084427
203,5,229,12.633333333333333,-1.4045477109576658,-0.10854245151046027
203,5,230,12.666666666666666,-1.499009584764804,-0.17586164949929614
203,5,231,12.7,-1.4797778260256191,-0.23426111187694118
203,5,232,12.733333333333333,-1.0883549716870506,-0.27668629252481386
203,5,233,12.766666666666667,-0.26930830538318995,-0.2982336746729644
203,5,234,12.8,0.7703379464582492,-0.2970010144190489
203,5,235,12.833333333333334,1.4536310216619825,-0.2740783703621829
203,5,236,12.866666666666667,1.6402922094246022,-0.23283490036580126
203,5,237,12.9,1.4796504599561753,-0.17787206477281206
203,5,238,12.933333333333334,1.2251124766435137,-0.11402716915725773
203,5,239,12.966666666666667,0.9417268552220993,-0.04574713374912809
203,6,0,6.0,1.2590508744185536,-0.039535348769512875
203,6,1,6.033333333333333,1.8676794745172478,-0.05900805568269243
203,6,2,6.066666666666666,1.857497955184736,-0.06823127406132866
203,6,3,6.1,1.5034073383986897,-0.0636015792206591
203,6,4,6.133333333333334,0.9920688119217126,-0.04953963770245942
203,6,5,6.166666666666667,0.5576573204014476,-0.03734755857067783
203,6,6,6.2,0.3019880571629577,-0.04041853538626256
203,6,7,6.233333333333333,0.2816250184979446,-0.06831069365377235
203,6,8,6.266666666666667,0.36533973300966194,-0.12257760734132096
203,6,9,6.3,0.37665253226800227,-0.1958481328269832
203,6,10,6.333333333333333,-0.16183671242899325,-0.2737689200492669
203,6,11,6.366666666666666,-0.5345934479913019,-0.33841513070846674
203,6,12,6.4,-0.7365269147526746,-0.3721078330050514
203,6,13,6.433333333333334,-0.8445641476698234,-0.36128236344799075
203,6,14,6.466666666666667,-0.9390260214769641,-0.3000769776407438
203,6,15,6.5,-1.0012464173978346,-0.19286883367377175
203,6,16,6.533333333333333,-1.032922255321188,-0.05478241857740961
203,6,17,6.566666666666666,-1.0487601742828634,0.09055351560830083
203,6,18,6.6,-0.8010098705252072,0.21607366949482265
203,6,19,6.633333333333334,-0.14373623361563684,0.2981909519223681
203,6,20,6.666666666666667,0.7952261048266054,0.32343094851802034
203,6,21,6.7,1.6238886505000205,0.2922481181942568
203,6,22,6.733333333333333,1.925374750734778,0.21840035424493923
203,6,23,6.766666666666667,1.7387135629721664,0.1240906456807779
203,6,24,6.8,1.2862015926385586,0.03285087820565323
203,6,25,6.833333333333333,0.8138922236028544,-0.037094209698809374
203,6,26,6.866666666666666,0.441135488040543,-0.07684286535367742
203,6,27,6.9,0.3036849770517083,-0.08746873951340738
203,6,28,6.933333333333334,0.3291387753829734,-0.07787911073704282
203,6,29,6.966666666666667,0.4009750506734336,-0.061147301285433685
203,6,30,7.0,0.3528956538254879,-0.05058101533920621
203,6,31,7.033333333333333,0.18772878465372062,-0.056335678792719224
203,6,32,7.066666666666666,-0.026083121328909255,-0.08288492709673367
203,6,33,7.1,-0.2596924260136354,-0.1274294232923953
203,6,34,7.133333333333334,-0.4740699719591821,-0.17942873556791505
203,6,35,7.166666666666667,-0.6629937195734638,-0.22165882010892424
203,6,36,7.2,-0.7840406716377034,-0.2332125344252214
203,6,37,7.233333333333333,-0.8785025454448443,-0.1944910692833547
203,6,38,7.266666666666667,-0.9254506623669563,-0.09348589845847277
203,6,39,7.3,-0.9537326605128058,0.06829038716592838
203,6,40,7.333333333333333,-0.8519174671877401,0.27255674574255523
203,6,41,7.366666666666666,-0.33831638085908733,0.48581520537218953
203,6,42,7.4,0.5157999631456037,0.6663647321805561
203,6,43,7.433333333333334,1.505669898250368,0.7752313070590062
203,6,44,7.466666666666667,2.0237961042823396,0.787494787930569
203,6,45,7.5,1.9938171862477367,0.6997863999192344
203,6,46,7.533333333333333,1.681018286754631,0.5308664505463738
203,6,47,7.566666666666666,1.2562226746039558,0.31489390652913574
203,6,48,7.6,0.8450024215632883,0.0901359738187156
203,6,49,7.633333333333334,0.5751921592518736,-0.11227694265144386
203,6,50,7.666666666666667,0.4241662891530311,-0.2754573829738931
203,6,51,7.7,0.4241662891530311,-0.3979611914314229
203,6,52,7.733333333333333,0.4128534898946908,-0.4899645194900336
203,6,53,7.766666666666667,0.30764445679212654,-0.5668383668719444
203,6,54,7.8,0.10853918984533828,-0.6424444646243047
203,6,55,7.833333333333333,-0.12733267469105536,-0.7236140352629313
203,6,56,7.866666666666666,-0.363204539227449,-0.8066997294165167
203,6,57,7.9,-0.5905918043200867,-0.8768354110814716
203,6,58,7.933333333333334,-0.7715965924535294,-0.9101821047347909
203,6,59,7.966666666666667,-0.8660584662606702,-0.8789213205423275
203,6,60,8.0,-0.9537326605128058,-0.7582247464646276
203,6,61,8.033333333333333,-0.9599547001048941,-0.533991295976937
203,6,62,8.066666666666666,-1.0012464173978346,-0.20979513311991788
203,6,63,8.1,-0.8332513484114749,0.18891642679297466
203,6,64,8.133333333333333,-0.24781398679236197,0.6155971214521627
203,6,65,8.166666666666666,0.7052893507228051,1.009831094070626
203,6,66,8.2,1.6832808466062905,1.3103077220104644
203,6,67,8.233333333333333,2.1850034937136833,1.4700907077181857
203,6,68,8.266666666666667,2.175387614344096,1.468988457144211
203,6,69,8.3,1.892001992922674,1.3182778538007363
203,6,70,8.333333333333334,1.5599713346903887,1.0558260168655353
203,6,71,8.366666666666667,1.1821238394618254,0.7335562869505059
203,6,72,8.4,0.8517901011182909,0.402293617844054
203,6,73,8.433333333333334,0.6153525966189803,0.09964886836778084
203,6,74,8.466666666666667,0.5667075598081177,-0.15556677099618854
203,6,75,8.5,0.5191938029230888,-0.3622401707571513
203,6,76,8.533333333333333,0.38117765197133735,-0.5314425176136992
203,6,77,8.566666666666666,0.1475683472866112,-0.6794079226083002
203,6,78,8.6,-0.09169735702728372,-0.8210449502690613
203,6,79,8.633333333333333,-0.324175381786168,-0.9647797248272192
203,6,80,8.666666666666666,-0.5645723660259048,-1.1089099332648802
203,6,81,8.7,-0.7534961136401811,-1.2397274689828435
203,6,82,8.733333333333333,-0.8949061043694393,-1.331970061371433
203,6,83,8.766666666666667,-0.9537326605128058,-1.3522648157320851
203,6,84,8.8,-1.0012464173978346,-1.2658620728533518
203,6,85,8.833333333333334,-1.0487601742828634,-1.046064408659085
203,6,86,8.866666666666667,-1.088354971687056,-0.6845065362667845
203,6,87,8.9,-0.8926435445177717,-0.19920650271496873
203,6,88,8.933333333333334,-0.3134282224907337,0.3632230016309627
203,6,89,8.966666666666667,0.6034741573977177,0.9336879530136788
203,6,90,9.0,1.5203765372862177,1.4345687332607568
203,6,91,9.033333333333333,2.007392545357742,1.7976328380671296
203,6,92,9.066666666666666,2.05094682250235,1.9800529802516185
203,6,93,9.1,1.8377005564826396,1.9731677753152628
203,6,94,9.133333333333333,1.5192452573603517,1.8013859284075848
203,6,95,9.166666666666666,1.188911519016828,1.5123063644526358
203,6,96,9.2,0.8450024215632774,1.162040192266889
203,6,97,9.233333333333333,0.5949895579539672,0.8008511194218962
203,6,98,9.266666666666667,0.4863866850739043,0.46337000758164915
203,6,99,9.3,0.43943856815178967,0.16533862289780776
203,6,100,9.333333333333334,0.2657870995362719,-0.09382083835845548
203,6,101,9.366666666666667,0.0768633519219848,-0.3250598555069468
203,6,102,9.4,-0.14260495368980847,-0.5430092645043255
203,6,103,9.433333333333334,-0.39601165707663627,-0.7603090770726206
203,6,104,9.466666666666667,-0.6324491615759413,-0.983736820161827
203,6,105,9.5,-0.7925252710814594,-1.2121149875709272
203,6,106,9.533333333333333,-0.9345009017736264,-1.4354988002998796
203,6,107,9.566666666666666,-1.02896277558077,-1.6352699213019286
203,6,108,9.6,-1.0759108925028793,-1.785438322820091
203,6,109,9.633333333333333,-1.0962739311678924,-1.8558872865866585
203,6,110,9.666666666666666,-1.1437876880529212,-1.817833869971815
203,6,111,9.7,-1.169241486384189,-1.6507499364288614
203,6,112,9.733333333333333,-1.2161896033062982,-1.3491046561549993
203,6,113,9.766666666666667,-1.2863289587080078,-0.9268851408127919
203,6,114,9.8,-1.1200308096104068,-0.4180568336513787
203,6,115,9.833333333333334,-0.5306339682508595,0.12792444509634326
203,6,116,9.866666666666667,0.3879653315263453,0.6548762430260492
203,6,117,9.9,1.3133523108585958,1.1107114035995822
203,6,118,9.933333333333334,1.797540119115533,1.45726294645482
203,6,119,9.966666666666667,1.8761640739609984,1.6762181645474288
203,6,120,10.0,1.6934623659387997,1.7694221975730213
203,6,121,10.033333333333333,1.4100767445173854,1.753793899580506
203,6,122,10.066666666666666,1.0599456074717466,1.6532607693420214
203,6,123,10.1,0.7482779879044826,1.4911703378610384
203,6,124,10.133333333333333,0.5305066021814265,1.2858049855411742
203,6,125,10.166666666666666,0.4241662891530311,1.0496961310544042
203,6,126,10.2,0.3596833333804904,0.7917170328423211
203,6,127,10.233333333333333,0.24881790064876003,0.5201100730287569
203,6,128,10.266666666666667,0.05989415303447295,0.2447371376240259
203,6,129,10.3,-0.1765433514648322,-0.022372231598418092
203,6,130,10.333333333333334,-0.41298085596414813,-0.26813835244840606
203,6,131,10.366666666666667,-0.6019046035784243,-0.4804839634113808
203,6,132,10.4,-0.7908283511927114,-0.6503908264589943
203,6,133,10.433333333333334,-0.9192286227748678,-0.773234567537953
203,6,134,10.466666666666667,-1.0136904965820115,-0.8490523131233977
203,6,135,10.5,-1.0606386135041206,-0.8817814878906742
203,6,136,10.533333333333333,-1.1437876880529212,-0.877795876782912
203,6,137,10.566666666666666,-1.19130144493795,-0.8442026399864665
203,6,138,10.6,-1.2489967211554882,-0.7873518239333763
203,6,139,10.633333333333333,-1.2959448380775975,-0.7119002237058889
203,6,140,10.666666666666666,-1.3904067118847356,-0.6206157808728417
203,6,141,10.7,-1.4373548288068503,-0.5149183112987298
203,6,142,10.733333333333333,-1.523897743133152,-0.39594611336148805
203,6,143,10.766666666666667,-1.5567048609823366,-0.2657908471876751
203,6,144,10.8,-1.2456028813779922,-0.12851321036798885
203,6,145,10.833333333333334,-0.5114022095116909,0.00939021468057483
203,6,146,10.866666666666667,0.43321652855969045,0.1392937849173037
203,6,147,10.9,1.2098401976447661,0.2515768902257267
203,6,148,10.933333333333334,1.469468940623666,0.3373869748548672
203,6,149,10.966666666666667,1.3625629876323457,0.3905623086122011
203,6,150,11.0,1.0791773662109312,0.4090880578190886
203,6,151,11.033333333333333,0.7482779879044719,0.3955765867032687
203,6,152,11.066666666666666,0.4196411694496961,0.35665888712991933
203,6,153,11.1,0.23241434172416237,0.30156142825714516
203,6,154,11.133333333333333,0.13908374784285799,0.24027641976678368
203,6,155,11.166666666666666,0.13908374784285799,0.18172154031160218
203,6,156,11.2,0.09156999095782913,0.13228412731366782
203,6,157,11.233333333333333,-0.0028918828493144093,0.095046447285894
203,6,158,11.266666666666667,-0.1912499905006765,0.06971900139596647
203,6,159,11.3,-0.4276874949999924,0.05312124031246525
203,6,160,11.333333333333334,-0.6641249994992976,0.04012707778979683
203,6,161,11.366666666666667,-0.8530487471135846,0.025081596002599436
203,6,162,11.4,-0.994458737842832,0.0035239076681102474
203,6,163,11.433333333333334,-1.0923144514274714,-0.02624038180233914
203,6,164,11.466666666666667,-1.1437876880529212,-0.062288513104126156
203,6,165,11.5,-1.19130144493795,-0.09933512561052585
203,6,166,11.533333333333333,-1.238815201822979,-0.13006333189743075
203,6,167,11.566666666666666,-1.2801069191159193,-0.14711071274121296
203,6,168,11.6,-1.327055036038034,-0.1451226695228981
203,6,169,11.633333333333333,-1.3740031529601433,-0.12233525511575684
203,6,170,11.666666666666666,-1.4288702293630944,-0.08129915361744235
203,6,171,11.7,-1.515413143689396,-0.02853032065408266
203,6,172,11.733333333333333,-1.523897743133152,0.026931419836676077
203,6,173,11.766666666666667,-1.1918670849008697,0.07579629357808183
203,6,174,11.8,-0.39035525744744043,0.11102569001563584
203,6,175,11.833333333333334,0.5542634806239409,0.12973883952534734
203,6,176,11.866666666666667,1.2703636736768913,0.13380878204064747
203,6,177,11.9,1.469468940623666,0.1288448594050859
203,6,178,11.933333333333334,1.3043020714518934,0.12183754318958369
203,6,179,11.966666666666667,0.9858467723296215,0.1183220480903973
203,6,180,12.0,0.6685227531331672,0.1202484683780334
203,6,181,12.033333333333333,0.40493453041385175,0.12546793212594062
203,6,182,12.066666666666666,0.21601078279956468,0.12885831776278608
203,6,183,12.1,0.18659750472788683,0.12433065704275012
203,6,184,12.133333333333333,0.18659750472788683,0.1068755788752314
203,6,185,12.166666666666666,0.15548730676745026,0.07413758102166132
203,6,186,12.2,0.013511676075283259,0.027223642114249366
203,6,187,12.233333333333333,-0.1884217906860948,-0.029454207758863947
203,6,188,12.266666666666667,-0.42429365522248036,-0.08933228909064624
203,6,189,12.3,-0.631317881650113,-0.1455947652524135
203,6,190,12.333333333333334,-0.8202416292643893,-0.1932759938795665
203,6,191,12.366666666666667,-0.9616516199936475,-0.23083978045338738
203,6,192,12.4,-1.0759108925028793,-0.260561439761772
203,6,193,12.433333333333334,-1.122859009424994,-0.28740624375463175
203,6,194,12.466666666666667,-1.1437876880529212,-0.3166945683153069
203,6,195,12.5,-1.19130144493795,-0.35134322600743323
203,6,196,12.533333333333333,-1.238815201822979,-0.38960991781622634
203,6,197,12.566666666666666,-1.2863289587080078,-0.42412258888387133
203,6,198,12.6,-1.357599594035551,-0.4426986593561889
203,6,199,12.633333333333333,-1.4045477109576658,-0.430997503205313
203,6,200,12.666666666666666,-1.499009584764804,-0.37640460170067763
203,6,201,12.7,-1.4797778260256191,-0.2720244825693921
203,6,202,12.733333333333333,-1.0883549716870506,-0.11957494142430751
203,6,203,12.766666666666667,-0.26930830538318995,0.06967251666241542
203,6,204,12.8,0.7703379464582492,0.27617944625060603
203,6,205,12.833333333333334,1.4536310216619825,0.47536951778670716
203,6,206,12.866666666666667,1.6402922094246022,0.6421210793712411
203,6,207,12.9,1.4796504599561753,0.7555471613218816
203,6,208,12.933333333333334,1.2251124766435137,0.8028824664507096
203,6,209,12.966666666666667,0.9417268552220993,0.7814714105515596
203,6,210,13.0,0.6583412338006688,0.6985278270816936
203,6,211,13.033333333333333,0.3913591713038466,0.5690639459066729
203,6,212,13.066666666666666,0.26578709953626645,0.4126889598270939
203,6,213,13.1,0.2341112616129157,0.24991458346795323
203,6,214,13.133333333333333,0.1718908656920425,0.09849646335007733
203,6,215,13.166666666666666,0.02991523499987553,-0.02960201686814643
203,6,216,13.2,-0.17314951168733628,-0.12988421714924317
203,6,217,13.233333333333333,-0.4225967353337324,-0.20503855169792828
203,6,218,13.266666666666667,-0.6935382775709862,-0.2627479459980122
203,6,219,13.3,-0.8824620251852625,-0.3123350216462164
203,6,220,13.333333333333334,-1.0713857727995495,-0.36124872730264473
203,6,221,13.366666666666667,-1.2020486042333736,-0.4122929693238523
203,6,222,13.4,-1.296510478040517,-0.46228415722790495
203,6,223,13.433333333333334,-1.3434585949626263,-0.5025181764658164
203,6,224,13.466666666666667,-1.390406711884741,-0.5209745693165798
203,6,225,13.5,-1.4373548288068503,-0.5056866649985475
203,6,226,13.533333333333333,-1.4843029457289596,-0.44834292305079854
203,6,227,13.566666666666666,-1.5312510626510742,-0.3471097694342742
203,6,228,13.6,-1.6189252569032098,-0.20792023709525997
203,6,229,13.633333333333333,-1.672661053380327,-0.043925370332342374
203,6,230,13.666666666666666,-1.7026399714149298,0.12672195060315602
203,6,231,13.7,-1.3881441520330573,0.2841913028941916
203,6,232,13.733333333333333,-0.5713600455809181,0.41059730584986603
203,6,233,13.766666666666667,0.416247329672211,0.49305435274455883
203,6,234,13.8,1.197961758423498,0.5254606532368901
203,6,235,13.833333333333334,1.371613227039021,0.5086521763628363
203,6,236,13.866666666666667,1.225112476643519,0.44901811312952417
203,6,237,13.9,0.9434237751108419,0.35614967625079086
203,6,238,13.933333333333334,0.705854990685703,0.2404604154059622
203,6,239,13.966666666666667,0.42303500922719195,0.11173388680735029
203,7,0,7.0,0.3528956538254879,0.05087504103422639
203,7,1,7.033333333333333,0.18772878465372062,-0.08385743300301478
203,7,2,7.066666666666666,-0.026083121328909255,-0.2021887066812228
203,7,3,7.1,-0.2596924260136354,-0.2920187656034203
203,7,4,7.133333333333334,-0.4740699719591821,-0.3475174475511732
203,7,5,7.166666666666667,-0.6629937195734638,-0.3685676879532977
203,7,6,7.2,-0.7840406716377034,-0.35758629937560166
203,7,7,7.233333333333333,-0.8785025454448443,-0.31602345612547433
203,7,8,7.266666666666667,-0.9254506623669563,-0.24321645249402438
203,7,9,7.3,-0.9537326605128058,-0.13867425516992726
203,7,10,7.333333333333333,-0.8519174671877401,-0.006468483546400112
203,7,11,7.366666666666666,-0.33831638085908733,0.14115198589122363
203,7,12,7.4,0.5157999631456037,0.2834995258639131
203,7,13,7.433333333333334,1.505669898250368,0.3954035496343603
203,7,14,7.466666666666667,2.0237961042823396,0.4542341028325566
203,7,15,7.5,1.9938171862477367,0.4472622964195483
203,7,16,7.533333333333333,1.681018286754631,0.376057365979117
203,7,17,7.566666666666666,1.2562226746039558,0.25573939129631884
203,7,18,7.6,0.8450024215632883,0.10950626894689025
203,7,19,7.633333333333334,0.5751921592518736,-0.038860830753161435
203,7,20,7.666666666666667,0.4241662891530311,-0.1714314456811762
203,7,21,7.7,0.4241662891530311,-0.2796259900675095
203,7,22,7.733333333333333,0.4128534898946908,-0.364460612610005
203,7,23,7.766666666666667,0.30764445679212654,-0.434246593781553
203,7,24,7.8,0.10853918984533828,-0.5007207516104025
203,7,25,7.833333333333333,-0.12733267469105536,-0.5744217768700507
203,7,26,7.866666666666666,-0.363204539227449,-0.6600121704834415
203,7,27,7.9,-0.5905918043200867,-0.7523218235407326
203,7,28,7.933333333333334,-0.7715965924535294,-0.8340751107529002
203,7,29,7.966666666666667,-0.8660584662606702,-0.8764559179898141
203,7,30,8.0,-0.9537326605128058,-0.843612455933827
203,7,31,8.033333333333333,-0.9599547001048941,-0.701459875232352
203,7,32,8.066666666666666,-1.0012464173978346,-0.4295200551057841
203,7,33,8.1,-0.8332513484114749,-0.032516397508320534
203,7,34,8.133333333333333,-0.24781398679236197,0.4529522145904961
203,7,35,8.166666666666666,0.7052893507228051,0.960869685110872
203,7,36,8.2,1.6832808466062905,1.4087592464804315
203,7,37,8.233333333333333,2.1850034937136833,1.7182086831469168
203,7,38,8.266666666666667,2.175387614344096,1.8362266834193794
203,7,39,8.3,1.892001992922674,1.7494918551607366
203,7,40,8.333333333333334,1.5599713346903887,1.4860236178291226
203,7,41,8.366666666666667,1.1821238394618254,1.103962952253391
203,7,42,8.4,0.8517901011182909,0.6725488644823991
203,7,43,8.433333333333334,0.6153525966189803,0.25312886191869105
203,7,44,8.466666666666667,0.5667075598081177,-0.11329234873859192
203,7,45,8.5,0.5191938029230888,-0.4094723319025113
203,7,46,8.533333333333333,0.38117765197133735,-0.6378681646944522
203,7,47,8.566666666666666,0.1475683472866112,-0.8128020146418841
203,7,48,8.6,-0.09169735702728372,-0.9523401954039246
203,7,49,8.633333333333333,-0.324175381786168,-1.071798462389581
203,7,50,8.666666666666666,-0.5645723660259048,-1.1793233560707288
203,7,51,8.7,-0.7534961136401811,-1.2733268095077872
203,7,52,8.733333333333333,-0.8949061043694393,-1.341621292709918
203,7,53,8.766666666666667,-0.9537326605128058,-1.362494728500001
203,7,54,8.8,-1.0012464173978346,-1.308193614407457
203,7,55,8.833333333333334,-1.0487601742828634,-1.151110927366998
203,7,56,8.866666666666667,-1.088354971687056,-0.872295594444163
203,7,57,8.9,-0.8926435445177717,-0.47059532115308855
203,7,58,8.933333333333334,-0.3134282224907337,0.030741841678572003
203,7,59,8.966666666666667,0.6034741573977177,0.5835101626279289
203,7,60,9.0,1.5203765372862177,1.1217790146357944
203,7,61,9.033333333333333,2.007392545357742,1.575528489578609
203,7,62,9.066666666666666,2.05094682250235,1.8864480721667174
203,7,63,9.1,1.8377005564826396,2.0206485492022397
203,7,64,9.133333333333333,1.5192452573603517,1.9744299055167422
203,7,65,9.166666666666666,1.188911519016828,1.7720146264198193
203,7,66,9.2,0.8450024215632774,1.4567833198351523
203,7,67,9.233333333333333,0.5949895579539672,1.0792393807573832
203,7,68,9.266666666666667,0.4863866850739043,0.6854423786690265
203,7,69,9.3,0.43943856815178967,0.3089577658316559
203,7,70,9.333333333333334,0.2657870995362719,-0.032225987184328224
203,7,71,9.366666666666667,0.0768633519219848,-0.33414637692810384
203,7,72,9.4,-0.14260495368980847,-0.6022757252623313
203,7,73,9.433333333333334,-0.39601165707663627,-0.8458996328043167
203,7,74,9.466666666666667,-0.6324491615759413,-1.0731097424038516
203,7,75,9.5,-0.7925252710814594,-1.2872366998227582
203,7,76,9.533333333333333,-0.9345009017736264,-1.4847576656131631
203,7,77,9.566666666666666,-1.02896277558077,-1.6544473186109778
203,7,78,9.6,-1.0759108925028793,-1.7778772631211501
203,7,79,9.633333333333333,-1.0962739311678924,-1.831688434889926
203,7,80,9.666666666666666,-1.1437876880529212,-1.791785727967598
203,7,81,9.7,-1.169241486384189,-1.6389075696658713
203,7,82,9.733333333333333,-1.2161896033062982,-1.3643938210217588
203,7,83,9.766666666666667,-1.2863289587080078,-0.9746539401944184
203,7,84,9.8,-1.1200308096104068,-0.4929132733700768
203,7,85,9.833333333333334,-0.5306339682508595,0.042635378218495584
203,7,86,9.866666666666667,0.3879653315263453,0.5841826351441856
203,7,87,9.9,1.3133523108585958,1.081979008539329
203,7,88,9.933333333333334,1.797540119115533,1.4923850604092963
203,7,89,9.966666666666667,1.8761640739609984,1.7842740134468411
203,7,90,10.0,1.6934623659387997,1.9424624652034375
203,7,91,10.033333333333333,1.4100767445173854,1.967824654677566
203,7,92,10.066666666666666,1.0599456074717466,1.874515434978191
203,7,93,10.1,0.7482779879044826,1.6852866645062847
203,7,94,10.133333333333333,0.5305066021814265,1.4263124058777206
203,7,95,10.166666666666666,0.4241662891530311,1.1229711781785805
203,7,96,10.2,0.3596833333804904,0.7974655356332165
203,7,97,10.233333333333333,0.24881790064876003,0.4682827865019951
203,7,98,10.266666666666667,0.05989415303447295,0.15079823680310261
203,7,99,10.3,-0.1765433514648322,-0.1419024285442996
203,7,100,10.333333333333334,-0.41298085596414813,-0.39864000049339493
203,7,101,10.366666666666667,-0.6019046035784243,-0.6103904731688325
203,7,102,10.4,-0.7908283511927114,-0.7709962941320796
203,7,103,10.433333333333334,-0.9192286227748678,-0.8779619568463211
203,7,104,10.466666666666667,-1.0136904965820115,-0.9328723032384749
203,7,105,10.5,-1.0606386135041206,-0.9411111624536277
203,7,106,10.533333333333333,-1.1437876880529212,-0.9109151513623626
203,7,107,10.566666666666666,-1.19130144493795,-0.8520677426250806
203,7,108,10.6,-1.2489967211554882,-0.7744976044234559
203,7,109,10.633333333333333,-1.2959448380775975,-0.6868959007674961
203,7,110,10.666666666666666,-1.3904067118847356,-0.5954837205072108
203,7,111,10.7,-1.4373548288068503,-0.5032063046884595
203,7,112,10.733333333333333,-1.523897743133152,-0.4097036386223306
203,7,113,10.766666666666667,-1.5567048609823366,-0.3122617680334204
203,7,114,10.8,-1.2456028813779922,-0.20759407853428807
203,7,115,10.833333333333334,-0.5114022095116909,-0.09393881053794843
203,7,116,10.866666666666667,0.43321652855969045,0.02719823101672645
203,7,117,10.9,1.2098401976447661,0.15024221988540493
203,7,118,10.933333333333334,1.469468940623666,0.266015889574145
203,7,119,10.966666666666667,1.3625629876323457,0.36343569675005993
203,7,120,11.0,1.0791773662109312,0.4320183450522683
203,7,121,11.033333333333333,0.7482779879044719,0.4645122165030378
203,7,122,11.066666666666666,0.4196411694496961,0.45891796878946856
203,7,123,11.1,0.23241434172416237,0.4193333902073812
203,7,124,11.133333333333333,0.13908374784285799,0.3553785901740861
203,7,125,11.166666666666666,0.13908374784285799,0.28031542624253025
203,7,126,11.2,0.09156999095782913,0.20826979122506722
203,7,127,11.233333333333333,-0.0028918828493144093,0.15115405658777273
203,7,128,11.266666666666667,-0.1912499905006765,0.11597040259924662
203,7,129,11.3,-0.4276874949999924,0.10317535120522638
203,7,130,11.333333333333334,-0.6641249994992976,0.10666582665291148
203,7,131,11.366666666666667,-0.8530487471135846,0.11557965403165493
203,7,132,11.4,-0.994458737842832,0.11749153672285029
203,7,133,11.433333333333334,-1.0923144514274714,0.10204490312772065
203,7,134,11.466666666666667,-1.1437876880529212,0.06392677917315522
203,7,135,11.5,-1.19130144493795,0.004411002810367989
203,7,136,11.533333333333333,-1.238815201822979,-0.06875665967441609
203,7,137,11.566666666666666,-1.2801069191159193,-0.142950835889765
203,7,138,11.6,-1.327055036038034,-0.2034511441449043
203,7,139,11.633333333333333,-1.3740031529601433,-0.23702203367842095
203,7,140,11.666666666666666,-1.4288702293630944,-0.23552084149562566
203,7,141,11.7,-1.515413143689396,-0.19844561860562246
203,7,142,11.733333333333333,-1.523897743133152,-0.13347363597742412
203,7,143,11.766666666666667,-1.1918670849008697,-0.054642137373019484
203,7,144,11.8,-0.39035525744744043,0.02138046331424252
203,7,145,11.833333333333334,0.5542634806239409,0.07978879745381137
203,7,146,11.866666666666667,1.2703636736768913,0.11143314616969555
203,7,147,11.9,1.469468940623666,0.11468618728750957
203,7,148,11.933333333333334,1.3043020714518934,0.09492758764451281
203,7,149,11.966666666666667,0.9858467723296215,0.06211422170226359
203,7,150,12.0,0.6685227531331672,0.027522747588643426
203,7,151,12.033333333333333,0.40493453041385175,0.000778278647566944
203,7,152,12.066666666666666,0.21601078279956468,-0.012203752251934711
203,7,153,12.1,0.18659750472788683,-0.01022900711871379
203,7,154,12.133333333333333,0.18659750472788683,0.003222014449058934
203,7,155,12.166666666666666,0.15548730676745026,0.02112165955380228
203,7,156,12.2,0.013511676075283259,0.03492638347939969
203,7,157,12.233333333333333,-0.1884217906860948,0.03700009143423015
203,7,158,12.266666666666667,-0.42429365522248036,0.02272265162210299
203,7,159,12.3,-0.631317881650113,-0.008353586615414958
203,7,160,12.333333333333334,-0.8202416292643893,-0.05261801475683878
203,7,161,12.366666666666667,-0.9616516199936475,-0.10365327121580431
203,7,162,12.4,-1.0759108925028793,-0.15408975024508703
203,7,163,12.433333333333334,-1.122859009424994,-0.19738492031200597
203,7,164,12.466666666666667,-1.1437876880529212,-0.22902419328574672
203,7,165,12.5,-1.19130144493795,-0.24693533916026256
203,7,166,12.533333333333333,-1.238815201822979,-0.251129260473573
203,7,167,12.566666666666666,-1.2863289587080078,-0.24278257872839998
203,7,168,12.6,-1.357599594035551,-0.22320752758595488
203,7,169,12.633333333333333,-1.4045477109576658,-0.19319274355262003
203,7,170,12.666666666666666,-1.499009584764804,-0.15290399858992473
203,7,171,12.7,-1.4797778260256191,-0.10216843388644474
203,7,172,12.733333333333333,-1.0883549716870506,-0.040848618576989786
203,7,173,12.766666666666667,-0.26930830538318995,0.030846658469257295
203,7,174,12.8,0.7703379464582492,0.11206149996246172
203,7,175,12.833333333333334,1.4536310216619825,0.20088262151591993
203,7,176,12.866666666666667,1.6402922094246022,0.2938333977592026
203,7,177,12.9,1.4796504599561753,0.3854297730416505
203,7,178,12.933333333333334,1.2251124766435137,0.4679697867410394
203,7,179,12.966666666666667,0.9417268552220993,0.5317883399033552
203,7,180,13.0,0.6583412338006688,0.5663744333404729
203,7,181,13.033333333333333,0.3913591713038466,0.5625904889846169
203,7,182,13.066666666666666,0.26578709953626645,0.5155106470973656
203,7,183,13.1,0.2341112616129157,0.4266640050880163
203,7,184,13.133333333333333,0.1718908656920425,0.3044406343138225
203,7,185,13.166666666666666,0.02991523499987553,0.16222979946833713
203,7,186,13.2,-0.17314951168733628,0.01505134314701264
203,7,187,13.233333333333333,-0.4225967353337324,-0.12384237537835517
203,7,188,13.266666666666667,-0.6935382775709862,-0.2451919178021099
203,7,189,13.3,-0.8824620251852625,-0.3444197618452319
203,7,190,13.333333333333334,-1.0713857727995495,-0.4210952547630977
203,7,191,13.366666666666667,-1.2020486042333736,-0.47772326249359626
203,7,192,13.4,-1.296510478040517,-0.5182927986808734
203,7,193,13.433333333333334,-1.3434585949626263,-0.5468063618908138
203,7,194,13.466666666666667,-1.390406711884741,-0.5659026021263085
203,7,195,13.5,-1.4373548288068503,-0.5757143871749367
203,7,196,13.533333333333333,-1.4843029457289596,-0.5731876646215395
203,7,197,13.566666666666666,-1.5312510626510742,-0.5521410242453468
203,7,198,13.6,-1.6189252569032098,-0.5042991489400195
203,7,199,13.633333333333333,-1.672661053380327,-0.42133141550064135
203,7,200,13.666666666666666,-1.7026399714149298,-0.2975928281743335
203,7,201,13.7,-1.3881441520330573,-0.13293295980044226
203,7,202,13.733333333333333,-0.5713600455809181,0.06523853282560034
203,7,203,13.766666666666667,0.416247329672211,0.28140093157269075
203,7,204,13.8,1.197961758423498,0.49338881650513605
203,7,205,13.833333333333334,1.371613227039021,0.6758866406924824
203,7,206,13.866666666666667,1.225112476643519,0.805323973660948
203,7,207,13.9,0.9434237751108419,0.8649531578236067
203,7,208,13.933333333333334,0.705854990685703,0.8486103513950165
203,7,209,13.966666666666667,0.42303500922719195,0.7619264804931127
203,7,210,14.0,0.18659750472788683,0.6205896008697317
203,7,211,14.033333333333333,0.09213563092074331,0.4463359210122833
203,7,212,14.066666666666666,0.044056234072800265,0.26214606315684835
203,7,213,14.1,-0.0017606029234806463,0.08817658985918132
203,7,214,14.133333333333333,-0.04870871984558992,-0.0607707500823717
203,7,215,14.166666666666666,-0.23536990760820947,-0.17630850359437628
203,7,216,14.2,-0.4684135723300133,-0.2564832240689758
203,7,217,14.233333333333333,-0.6607311597217909,-0.3050504787095461
203,7,218,14.266666666666667,-0.849654907336078,-0.33004168493909053
203,7,219,14.3,-1.0385786549503542,-0.3416176912755281
203,7,220,14.333333333333334,-1.1381312884237524,-0.3494536992101408
203,7,221,14.366666666666667,-1.2325931622308905,-0.36014489750068557
203,7,222,14.4,-1.2795412791530052,-0.37513146962458566
203,7,223,14.433333333333334,-1.2863289587080078,-0.3896542359048458
203,7,224,14.466666666666667,-1.3338427155930366,-0.3934050947909936
203,7,225,14.5,-1.3813564724780656,-0.37335018243639545
203,7,226,14.533333333333333,-1.4288702293630944,-0.31833787338405106
203,7,227,14.566666666666666,-1.5142818637635624,-0.224076714215685
203,7,228,14.6,-1.561229980685677,-0.0966104942552442
203,7,229,14.633333333333333,-1.6189252569032098,0.04727363638398506
203,7,230,14.666666666666666,-1.2953791981146672,0.18337577206191377
203,7,231,14.7,-0.5379872877688032,0.28664572165685814
203,7,232,14.733333333333333,0.3947530110813749,0.3392498481691479
203,7,233,14.766666666666667,1.0243102898079803,0.33723657074006086
203,7,234,14.8,1.0011190513283692,0.2923601480010089
203,7,235,14.833333333333334,0.6707853129848456,0.2272383253244667
203,7,236,14.866666666666667,0.34045157464130027,0.16585242223048288
203,7,237,14.9,0.07460079207031728,0.1242534848871159
203,7,238,14.933333333333334,-0.08264711762061362,0.10556745657135183
203,7,239,14.966666666666667,-0.14599879346731517,0.1005242708247175
203,8,0,8.0,-0.9537326605128058,0.05874351659128988
203,8,1,8.033333333333333,-0.9599547001048941,0.21129689211320354
203,8,2,8.066666666666666,-1.0012464173978346,0.3477222597265945
203,8,3,8.1,-0.8332513484114749,0.4545001618977294
203,8,4,8.133333333333333,-0.24781398679236197,0.5203002668771722
203,8,5,8.166666666666666,0.7052893507228051,0.5374252877944726
203,8,6,8.2,1.6832808466062905,0.5032739298799094
203,8,7,8.233333333333333,2.1850034937136833,0.4213467663338713
203,8,8,8.266666666666667,2.175387614344096,0.301185542282818
203,8,9,8.3,1.892001992922674,0.15687543026072448
203,8,10,8.333333333333334,1.5599713346903887,0.0043678447701461075
203,8,11,8.366666666666667,1.1821238394618254,-0.1415433436697141
203,8,12,8.4,0.8517901011182909,-0.26967183854534077
203,8,13,8.433333333333334,0.6153525966189803,-0.3737538980237296
203,8,14,8.466666666666667,0.5667075598081177,-0.4525558729611673
203,8,15,8.5,0.5191938029230888,-0.5090239571326598
203,8,16,8.533333333333333,0.38117765197133735,-0.5487684780881265
203,8,17,8.566666666666666,0.1475683472866112,-0.5780929758389761
203,8,18,8.6,-0.09169735702728372,-0.6017738804453937
203,8,19,8.633333333333333,-0.324175381786168,-0.6208897471403186
203,8,20,8.666666666666666,-0.5645723660259048,-0.6311227040091807
203,8,21,8.7,-0.7534961136401811,-0.6220881600730398
203,8,22,8.733333333333333,-0.8949061043694393,-0.5783222122894546
203,8,23,8.766666666666667,-0.9537326605128058,-0.4823833083286205
203,8,24,8.8,-1.0012464173978346,-0.3199627173495993
203,8,25,8.833333333333334,-1.0487601742828634,-0.08601270164333555
203,8,26,8.866666666666667,-1.088354971687056,0.20999349032156137
203,8,27,8.9,-0.8926435445177717,0.5419554859486063
203,8,28,8.933333333333334,-0.3134282224907337,0.8699482320873018
203,8,29,8.966666666666667,0.6034741573977177,1.1481407915969586
203,8,30,9.0,1.5203765372862177,1.335904630145209
203,8,31,9.033333333333333,2.007392545357742,1.4084073282005223
203,8,32,9.066666666666666,2.05094682250235,1.3626019577755466
203,8,33,9.1,1.8377005564826396,1.2161290073323252
203,8,34,9.133333333333333,1.5192452573603517,0.9998012048802232
203,8,35,9.166666666666666,1.188911519016828,0.7472661450181958
203,8,36,9.2,0.8450024215632774,0.4863600732186061
203,8,37,9.233333333333333,0.5949895579539672,0.2351559464248469
203,8,38,9.266666666666667,0.4863866850739043,0.002770421634509357
203,8,39,9.3,0.43943856815178967,-0.2073627736515389
203,8,40,9.333333333333334,0.2657870995362719,-0.3943822969035193
203,8,41,9.366666666666667,0.0768633519219848,-0.5584629788392493
203,8,42,9.4,-0.14260495368980847,-0.7008009672999451
203,8,43,9.433333333333334,-0.39601165707663627,-0.8241665363397971
203,8,44,9.466666666666667,-0.6324491615759413,-0.9329475756346098
203,8,45,9.5,-0.7925252710814594,-1.0320362784607087
203,8,46,9.533333333333333,-0.9345009017736264,-1.1245306658226313
203,8,47,9.566666666666666,-1.02896277558077,-1.208841604050568
203,8,48,9.6,-1.0759108925028793,-1.2762870525542473
203,8,49,9.633333333333333,-1.0962739311678924,-1.3104087100811295
203,8,50,9.666666666666666,-1.1437876880529212,-1.2889093527323612
203,8,51,9.7,-1.169241486384189,-1.1883350883610935
203,8,52,9.733333333333333,-1.2161896033062982,-0.9906485514333963
203,8,53,9.766666666666667,-1.2863289587080078,-0.6899971016903345
203,8,54,9.8,-1.1200308096104068,-0.2975977885103644
203,8,55,9.833333333333334,-0.5306339682508595,0.1570898759287541
203,8,56,9.866666666666667,0.3879653315263453,0.6298502630404091
203,8,57,9.9,1.3133523108585958,1.069463284322925
203,8,58,9.933333333333334,1.797540119115533,1.4278808889695016
203,8,59,9.966666666666667,1.8761640739609984,1.6699270809112972
203,8,60,10.0,1.6934623659387997,1.7794740161258078
203,8,61,10.033333333333333,1.4100767445173854,1.7602102136718212
203,8,62,10.066666666666666,1.0599456074717466,1.6313180854740896
203,8,63,10.1,0.7482779879044826,1.4203483794976608
203,8,64,10.133333333333333,0.5305066021814265,1.1561668674895944
203,8,65,10.166666666666666,0.4241662891530311,0.8640944528131833
203,8,66,10.2,0.3596833333804904,0.5639896532421086
203,8,67,10.233333333333333,0.24881790064876003,0.27071956524334717
203,8,68,10.266666666666667,0.05989415303447295,-0.004295734576951902
203,8,69,10.3,-0.1765433514648322,-0.2518096899300677
203,8,70,10.333333333333334,-0.41298085596414813,-0.46450355169586643
203,8,71,10.366666666666667,-0.6019046035784243,-0.6376833605658937
203,8,72,10.4,-0.7908283511927114,-0.7701708661308132
203,8,73,10.433333333333334,-0.9192286227748678,-0.8644732801124346
203,8,74,10.466666666666667,-1.0136904965820115,-0.9257151039741474
203,8,75,10.5,-1.0606386135041206,-0.9595351939145963
203,8,76,10.533333333333333,-1.1437876880529212,-0.9697856322528764
203,8,77,10.566666666666666,-1.19130144493795,-0.9570406757669574
203,8,78,10.6,-1.2489967211554882,-0.9185307037684137
203,8,79,10.633333333333333,-1.2959448380775975,-0.8494727925775449
203,8,80,10.666666666666666,-1.3904067118847356,-0.7452753756551675
203,8,81,10.7,-1.4373548288068503,-0.6038821628190895
203,8,82,10.733333333333333,-1.523897743133152,-0.4275550612132588
203,8,83,10.766666666666667,-1.5567048609823366,-0.2236302489456056
203,8,84,10.8,-1.2456028813779922,-0.004129466818245938
203,8,85,10.833333333333334,-0.5114022095116909,0.21558637133950023
203,8,86,10.866666666666667,0.43321652855969045,0.4187871609590371
203,8,87,10.9,1.2098401976447661,0.5896250054725398
203,8,88,10.933333333333334,1.469468940623666,0.7153536604896127
203,8,89,10.966666666666667,1.3625629876323457,0.7881627594570567
203,8,90,11.0,1.0791773662109312,0.8061888212099919
203,8,91,11.033333333333333,0.7482779879044719,0.7733582206019763
203,8,92,11.066666666666666,0.4196411694496961,0.6981099066006512
203,8,93,11.1,0.23241434172416237,0.5914906570083668
203,8,94,11.133333333333333,0.13908374784285799,0.4652845255585816
203,8,95,11.166666666666666,0.13908374784285799,0.33064582318891067
203,8,96,11.2,0.09156999095782913,0.19730217469623018
203,8,97,11.233333333333333,-0.0028918828493144093,0.07307520072993012
203,8,98,11.266666666666667,-0.1912499905006765,-0.03655010341911901
203,8,99,11.3,-0.4276874949999924,-0.12883402082607487
203,8,100,11.333333333333334,-0.6641249994992976,-0.2039176994542799
203,8,101,11.366666666666667,-0.8530487471135846,-0.264372600007965
203,8,102,11.4,-0.994458737842832,-0.3140932188365839
203,8,103,11.433333333333334,-1.0923144514274714,-0.3568068254927398
203,8,104,11.466666666666667,-1.1437876880529212,-0.39465586642699135
203,8,105,11.5,-1.19130144493795,-0.427254031165445
203,8,106,11.533333333333333,-1.238815201822979,-0.45141882068514594
203,8,107,11.566666666666666,-1.2801069191159193,-0.46161737475669856
203,8,108,11.6,-1.327055036038034,-0.45110995102320306
203,8,109,11.633333333333333,-1.3740031529601433,-0.41369568725399986
203,8,110,11.666666666666666,-1.4288702293630944,-0.34573353387216815
203,8,111,11.7,-1.515413143689396,-0.24785255742713247
203,8,112,11.733333333333333,-1.523897743133152,-0.12570086547203616
203,8,113,11.766666666666667,-1.1918670849008697,0.010676316643508325
203,8,114,11.8,-0.39035525744744043,0.14874566113227863
203,8,115,11.833333333333334,0.5542634806239409,0.27607894797118343
203,8,116,11.866666666666667,1.2703636736768913,0.38274114576036994
203,8,117,11.9,1.469468940623666,0.46266730666462996
203,8,118,11.933333333333334,1.3043020714518934,0.5136621807389959
203,8,119,11.966666666666667,0.9858467723296215,0.5362987424297546
203,8,120,12.0,0.6685227531331672,0.5325225957420638
203,8,121,12.033333333333333,0.40493453041385175,0.5047587817475258
203,8,122,12.066666666666666,0.21601078279956468,0.4557005704732859
203,8,123,12.1,0.18659750472788683,0.3883819963443405
203,8,124,12.133333333333333,0.18659750472788683,0.3061613877754922
203,8,125,12.166666666666666,0.15548730676745026,0.2126025221953426
203,8,126,12.2,0.013511676075283259,0.11140730464387785
203,8,127,12.233333333333333,-0.1884217906860948,0.006423606035249449
203,8,128,12.266666666666667,-0.42429365522248036,-0.098459470828169
203,8,129,12.3,-0.631317881650113,-0.19970877019111663
203,8,130,12.333333333333334,-0.8202416292643893,-0.294704507827433
203,8,131,12.366666666666667,-0.9616516199936475,-0.3820482783408625
203,8,132,12.4,-1.0759108925028793,-0.46130011353073724
203,8,133,12.433333333333334,-1.122859009424994,-0.5321682919524674
203,8,134,12.466666666666667,-1.1437876880529212,-0.5934701379201741
203,8,135,12.5,-1.19130144493795,-0.6422368169686372
203,8,136,12.533333333333333,-1.238815201822979,-0.6731842030730948
203,8,137,12.566666666666666,-1.2863289587080078,-0.6786849556234384
203,8,138,12.6,-1.357599594035551,-0.6494937372017435
203,8,139,12.633333333333333,-1.4045477109576658,-0.5765056498432078
203,8,140,12.666666666666666,-1.499009584764804,-0.4534786269585984
203,8,141,12.7,-1.4797778260256191,-0.2800821752461643
203,8,142,12.733333333333333,-1.0883549716870506,-0.06422060169378795
203,8,143,12.766666666666667,-0.26930830538318995,0.17741848397928112
203,8,144,12.8,0.7703379464582492,0.42116434612679393
203,8,145,12.833333333333334,1.4536310216619825,0.6403248302428776
203,8,146,12.866666666666667,1.6402922094246022,0.8103670608419026
203,8,147,12.9,1.4796504599561753,0.9138599987649655
203,8,148,12.933333333333334,1.2251124766435137,0.9436544142272988
203,8,149,12.966666666666667,0.9417268552220993,0.9033467043631873
203,8,150,13.0,0.6583412338006688,0.8051541767608184
203,8,151,13.033333333333333,0.3913591713038466,0.6662664619347646
203,8,152,13.066666666666666,0.26578709953626645,0.5049727670390295
203,8,153,13.1,0.2341112616129157,0.33752373245607853
203,8,154,13.133333333333333,0.1718908656920425,0.17618772449861225
203,8,155,13.166666666666666,0.02991523499987553,0.02853378037215407
203,8,156,13.2,-0.17314951168733628,-0.10230496904428187
203,8,157,13.233333333333333,-0.4225967353337324,-0.21672296178900582
203,8,158,13.266666666666667,-0.6935382775709862,-0.31735685667966457
203,8,159,13.3,-0.8824620251852625,-0.40758575362544397
203,8,160,13.333333333333334,-1.0713857727995495,-0.4899528590391181
203,8,161,13.366666666666667,-1.2020486042333736,-0.5647259526123227
203,8,162,13.4,-1.296510478040517,-0.6289402176951937
203,8,163,13.433333333333334,-1.3434585949626263,-0.676314465447573
203,8,164,13.466666666666667,-1.390406711884741,-0.6982844054605181
203,8,165,13.5,-1.4373548288068503,-0.6860191900172778
203,8,166,13.533333333333333,-1.4843029457289596,-0.632829849396492
203,8,167,13.566666666666666,-1.5312510626510742,-0.5362061611233652
203,8,168,13.6,-1.6189252569032098,-0.39899890013757816
203,8,169,13.633333333333333,-1.672661053380327,-0.22962365156014536
203,8,170,13.666666666666666,-1.7026399714149298,-0.04125399297201386
203,8,171,13.7,-1.3881441520330573,0.14998078886610802
203,8,172,13.733333333333333,-0.5713600455809181,0.32749244819236045
203,8,173,13.766666666666667,0.416247329672211,0.4767950761857707
203,8,174,13.8,1.197961758423498,0.5874535366146661
203,8,175,13.833333333333334,1.371613227039021,0.6540144295649434
203,8,176,13.866666666666667,1.225112476643519,0.6759284843724428
203,8,177,13.9,0.9434237751108419,0.6567759462362129
203,8,178,13.933333333333334,0.705854990685703,0.6031534439638558
203,8,179,13.966666666666667,0.42303500922719195,0.5234670082834708
203,8,180,14.0,0.18659750472788683,0.42676407619653206
203,8,181,14.033333333333333,0.09213563092074331,0.32166812607437084
203,8,182,14.066666666666666,0.044056234072800265,0.21545061896801554
203,8,183,14.1,-0.0017606029234806463,0.11333907573507478
203,8,184,14.133333333333333,-0.04870871984558992,0.01828082613241328
203,8,185,14.166666666666666,-0.23536990760820947,-0.06867321425023985
203,8,186,14.2,-0.4684135723300133,-0.147527686020448
203,8,187,14.233333333333333,-0.6607311597217909,-0.2184880667883264
203,8,188,14.266666666666667,-0.849654907336078,-0.2814596774465826
203,8,189,14.3,-1.0385786549503542,-0.33596371263550157
203,8,190,14.333333333333334,-1.1381312884237524,-0.38127698237149305
203,8,191,14.366666666666667,-1.2325931622308905,-0.4164778910245031
203,8,192,14.4,-1.2795412791530052,-0.44012492052794516
203,8,193,14.433333333333334,-1.2863289587080078,-0.4496457005422747
203,8,194,14.466666666666667,-1.3338427155930366,-0.44106086087741475
203,8,195,14.5,-1.3813564724780656,-0.4097825810470233
203,8,196,14.533333333333333,-1.4288702293630944,-0.3525530186689616
203,8,197,14.566666666666666,-1.5142818637635624,-0.26970946916022015
203,8,198,14.6,-1.561229980685677,-0.16664738756164393
203,8,199,14.633333333333333,-1.6189252569032098,-0.0537031328813128
203,8,200,14.666666666666666,-1.2953791981146672,0.055646622175588335
203,8,201,14.7,-0.5379872877688032,0.1477816205592463
203,8,202,14.733333333333333,0.3947530110813749,0.21233222930170276
203,8,203,14.766666666666667,1.0243102898079803,0.24494189741992783
203,8,204,14.8,1.0011190513283692,0.24820652070838706
203,8,205,14.833333333333334,0.6707853129848456,0.23014517168436308
203,8,206,14.866666666666667,0.34045157464130027,0.20096571454483594
203,8,207,14.9,0.07460079207031728,0.16987431942551287
203,8,208,14.933333333333334,-0.08264711762061362,0.14320272378223756
203,8,209,14.966666666666667,-0.14599879346731517,0.12401063613154728
203,8,210,15.0,-0.11545423546979816,0.11274386697703102
203,8,211,15.033333333333333,-0.05097127969725745,0.10841980819023019
203,8,212,15.066666666666666,-0.12789831465396956,0.10970714814839189
203,8,213,15.1,-0.298721583454911,0.1153296692133048
203,8,214,15.133333333333333,-0.4876453310691873,0.12369405250230982
203,8,215,15.166666666666666,-0.7320017950493449,0.13222267514976616
203,8,216,15.2,-0.9333696218477926,0.13710947048740943
203,8,217,15.233333333333333,-1.0278314956549361,0.1339452127444159
203,8,218,15.266666666666667,-1.1222933694620743,0.11905766897106129
203,8,219,15.3,-1.169241486384189,0.09093305614268157
203,8,220,15.333333333333334,-1.19130144493795,0.05106219517557945
203,8,221,15.366666666666667,-1.19130144493795,0.003864603704620122
203,8,222,15.4,-1.238815201822979,-0.0442983997134633
203,8,223,15.433333333333334,-1.238815201822979,-0.08670784049609326
203,8,224,15.466666666666667,-1.3089545572246883,-0.11794404995931497
203,8,225,15.5,-1.3338427155930366,-0.13508855024943547
203,8,226,15.533333333333333,-1.1528379274595912,-0.13818470861271193
203,8,227,15.566666666666666,-0.5487344470641997,-0.129979837754128
203,8,228,15.6,0.2748373389429474,-0.11514463313644588
203,8,229,15.633333333333333,0.9982908515138145,-0.09917220677258202
203,8,230,15.666666666666666,1.2126683974593424,-0.08709667081995365
203,8,231,15.7,1.0333605292146557,-0.08217524272439186
203,8,232,15.733333333333333,0.7318744289798795,-0.08480991151252391
203,8,233,15.766666666666667,0.4190755294867819,-0.09215608579054452
203,8,234,15.8,0.15265910695286314,-0.09886180867512578
203,8,235,15.833333333333334,-0.00345752281222859,-0.09895058933819119
203,8,236,15.866666666666667,-0.00345752281222859,-0.08810641396924498
203,8,237,15.9,-0.00345752281222859,-0.06524737901218776
203,8,238,15.933333333333334,-0.00345752281222859,-0.03276285974308864
203,8,239,15.966666666666667,-0.031739520958078075,0.004365492346264294
203,9,0,9.0,1.5203765372862177,0.25892515109891856
203,9,1,9.033333333333333,2.007392545357742,0.23443494815347812
203,9,2,9.066666666666666,2.05094682250235,0.2152651200811825
203,9,3,9.1,1.8377005564826396,0.20770175640670135
203,9,4,9.133333333333333,1.5192452573603517,0.211178053325869
203,9,5,9.166666666666666,1.188911519016828,0.2182740397669475
203,9,6,9.2,0.8450024215632774,0.21730719658384048
203,9,7,9.233333333333333,0.5949895579539672,0.19625652852447464
203,9,8,9.266666666666667,0.4863866850739043,0.14635790127915185
203,9,9,9.3,0.43943856815178967,0.06418680561592452
203,9,10,9.333333333333334,0.2657870995362719,-0.04819073882159355
203,9,11,9.366666666666667,0.0768633519219848,-0.18470019386188052
203,9,12,9.4,-0.14260495368980847,-0.33754952280729056
203,9,13,9.433333333333334,-0.39601165707663627,-0.4993098490709474
203,9,14,9.466666666666667,-0.6324491615759413,-0.6639445667697783
203,9,15,9.5,-0.7925252710814594,-0.8263795495281597
203,9,16,9.533333333333333,-0.9345009017736264,-0.9807498433288622
203,9,17,9.566666666666666,-1.02896277558077,-1.1180528445120677
203,9,18,9.6,-1.0759108925028793,-1.2244294509470115
203,9,19,9.633333333333333,-1.0962739311678924,-1.2812896528858868
203,9,20,9.666666666666666,-1.1437876880529212,-1.2678079814170204
203,9,21,9.7,-1.169241486384189,-1.1653423675145205
203,9,22,9.733333333333333,-1.2161896033062982,-0.9626233511720989
203,9,23,9.766666666666667,-1.2863289587080078,-0.6603083785020388
203,9,24,9.8,-1.1200308096104068,-0.27362208955442713
203,9,25,9.833333333333334,-0.5306339682508595,0.1678540038433965
203,9,26,9.866666666666667,0.3879653315263453,0.6236722683887749
203,9,27,9.9,1.3133523108585958,1.0488821799136199
203,9,28,9.933333333333334,1.797540119115533,1.4017662559518291
203,9,29,9.966666666666667,1.8761640739609984,1.6507924579473279
203,9,30,10.0,1.6934623659387997,1.778965869978059
203,9,31,10.033333333333333,1.4100767445173854,1.7848013533256033
203,9,32,10.066666666666666,1.0599456074717466,1.680229492068612
203,9,33,10.1,0.7482779879044826,1.4864980606101337
203,9,34,10.133333333333333,0.5305066021814265,1.229411382740244
203,9,35,10.166666666666666,0.4241662891530311,0.9350985465467138
203,9,36,10.2,0.3596833333804904,0.6270559595646501
203,9,37,10.233333333333333,0.24881790064876003,0.32463744304205405
203,9,38,10.266666666666667,0.05989415303447295,0.04266446014129047
203,9,39,10.3,-0.1765433514648322,-0.20836764662558627
203,9,40,10.333333333333334,-0.41298085596414813,-0.4218519496864059
203,9,41,10.366666666666667,-0.6019046035784243,-0.5945268667794923
203,9,42,10.4,-0.7908283511927114,-0.7258921095560077
203,9,43,10.433333333333334,-0.9192286227748678,-0.8176660662211679
203,9,44,10.466666666666667,-1.0136904965820115,-0.8732880580875663
203,9,45,10.5,-1.0606386135041206,-0.8973436626928578
203,9,46,10.533333333333333,-1.1437876880529212,-0.8947700391526416
203,9,47,10.566666666666666,-1.19130144493795,-0.8698551342785761
203,9,48,10.6,-1.2489967211554882,-0.8253133590029781
203,9,49,10.633333333333333,-1.2959448380775975,-0.7618850709798192
203,9,50,10.666666666666666,-1.3904067118847356,-0.6787887277541251
203,9,51,10.7,-1.4373548288068503,-0.5749887531671625
203,9,52,10.733333333333333,-1.523897743133152,-0.45082471397029833
203,9,53,10.766666666666667,-1.5567048609823366,-0.3093208381547785
203,9,54,10.8,-1.2456028813779922,-0.15660482060934763
203,9,55,10.833333333333334,-0.5114022095116909,-0.001245664542597981
203,9,56,10.866666666666667,0.43321652855969045,0.14722367471267
203,9,57,10.9,1.2098401976447661,0.28000823986402446
203,9,58,10.933333333333334,1.469468940623666,0.39034104460894453
203,9,59,10.966666666666667,1.3625629876323457,0.4739932894162312
203,9,60,11.0,1.0791773662109312,0.5290773575058642
203,9,61,11.033333333333333,0.7482779879044719,0.5554967052495237
203,9,62,11.066666666666666,0.4196411694496961,0.5543404378175665
203,9,63,11.1,0.23241434172416237,0.527372601582886
203,9,64,11.133333333333333,0.13908374784285799,0.4767794232101073
203,9,65,11.166666666666666,0.13908374784285799,0.40535808688155167
203,9,66,11.2,0.09156999095782913,0.3171245409427638
203,9,67,11.233333333333333,-0.0028918828493144093,0.21794054541501454
203,9,68,11.266666666666667,-0.1912499905006765,0.11550019862701978
203,9,69,11.3,-0.4276874949999924,0.018233450097707576
203,9,70,11.333333333333334,-0.6641249994992976,-0.06659874760434031
203,9,71,11.366666666666667,-0.8530487471135846,-0.13472258552237343
203,9,72,11.4,-0.994458737842832,-0.18570838457517438
203,9,73,11.433333333333334,-1.0923144514274714,-0.2224902619282062
203,9,74,11.466666666666667,-1.1437876880529212,-0.24971638105383787
203,9,75,11.5,-1.19130144493795,-0.27151503807224964
203,9,76,11.533333333333333,-1.238815201822979,-0.2895025148184603
203,9,77,11.566666666666666,-1.2801069191159193,-0.3018072716999
203,9,78,11.6,-1.327055036038034,-0.30350124250317345
203,9,79,11.633333333333333,-1.3740031529601433,-0.2882820370980187
203,9,80,11.666666666666666,-1.4288702293630944,-0.25078765525574087
203,9,81,11.7,-1.515413143689396,-0.1887202335715088
203,9,82,11.733333333333333,-1.523897743133152,-0.10406579717824095
203,9,83,11.766666666666667,-1.1918670849008697,-0.003059855834017643
203,9,84,11.8,-0.39035525744744043,0.10498892804282867
203,9,85,11.833333333333334,0.5542634806239409,0.20953580986127618
203,9,86,11.866666666666667,1.2703636736768913,0.30068268902626827
203,9,87,11.9,1.469468940623666,0.370608700620937
203,9,88,11.933333333333334,1.3043020714518934,0.414326918948737
203,9,89,11.966666666666667,0.9858467723296215,0.4298247521237906
203,9,90,12.0,0.6685227531331672,0.41779510789190355
203,9,91,12.033333333333333,0.40493453041385175,0.38114603999468305
203,9,92,12.066666666666666,0.21601078279956468,0.3243584384877871
203,9,93,12.1,0.18659750472788683,0.2526989927038572
203,9,94,12.133333333333333,0.18659750472788683,0.1713784862775362
203,9,95,12.166666666666666,0.15548730676745026,0.08487711988059131
203,9,96,12.2,0.013511676075283259,-0.003324234564391406
203,9,97,12.233333333333333,-0.1884217906860948,-0.09054535801409902
203,9,98,12.266666666666667,-0.42429365522248036,-0.17446648687561814
203,9,99,12.3,-0.631317881650113,-0.2528046475458359
203,9,100,12.333333333333334,-0.8202416292643893,-0.32328814035359266
203,9,101,12.366666666666667,-0.9616516199936475,-0.3838343610583151
203,9,102,12.4,-1.0759108925028793,-0.4327305544328433
203,9,103,12.433333333333334,-1.122859009424994,-0.468693852420491
203,9,104,12.466666666666667,-1.1437876880529212,-0.49080468531953414
203,9,105,12.5,-1.19130144493795,-0.4983399644064442
203,9,106,12.533333333333333,-1.238815201822979,-0.49047854379091527
203,9,107,12.566666666666666,-1.2863289587080078,-0.4658891328170396
203,9,108,12.6,-1.357599594035551,-0.42242582826595804
203,9,109,12.633333333333333,-1.4045477109576658,-0.3573113360136791
203,9,110,12.666666666666666,-1.499009584764804,-0.2680326474818897
203,9,111,12.7,-1.4797778260256191,-0.15377008349549065
203,9,112,12.733333333333333,-1.0883549716870506,-0.016805854438698455
203,9,113,12.766666666666667,-0.26930830538318995,0.13667765419192898
203,9,114,12.8,0.7703379464582492,0.29665254039372485
203,9,115,12.833333333333334,1.4536310216619825,0.4500812651793529
203,9,116,12.866666666666667,1.6402922094246022,0.582479121164077
203,9,117,12.9,1.4796504599561753,0.6801617629489398
203,9,118,12.933333333333334,1.2251124766435137,0.7328070910844773
203,9,119,12.966666666666667,0.9417268552220993,0.7355809382261554
203,9,120,13.0,0.6583412338006688,0.690082234712832
203,9,121,13.033333333333333,0.3913591713038466,0.6037786957034187
203,9,122,13.066666666666666,0.26578709953626645,0.4881662841343924
203,9,123,13.1,0.2341112616129157,0.35628080746689866
203,9,124,13.133333333333333,0.1718908656920425,0.22025079998758412
203,9,125,13.166666666666666,0.02991523499987553,0.0894258683069228
203,9,126,13.2,-0.17314951168733628,-0.030571418947029146
203,9,127,13.233333333333333,-0.4225967353337324,-0.13771730267079463
203,9,128,13.266666666666667,-0.6935382775709862,-0.23248298023101763
203,9,129,13.3,-0.8824620251852625,-0.31615521385528095
203,9,130,13.333333333333334,-1.0713857727995495,-0.3892140312592842
203,9,131,13.366666666666667,-1.2020486042333736,-0.4503627741210732
203,9,132,13.4,-1.296510478040517,-0.4964484696364035
203,9,133,13.433333333333334,-1.3434585949626263,-0.5231297017048179
203,9,134,13.466666666666667,-1.390406711884741,-0.5260109871706716
203,9,135,13.5,-1.4373548288068503,-0.5019461797349443
203,9,136,13.533333333333333,-1.4843029457289596,-0.45015207918779626
203,9,137,13.566666666666666,-1.5312510626510742,-0.3728068335219072
203,9,138,13.6,-1.6189252569032098,-0.2750433376356432
203,9,139,13.633333333333333,-1.672661053380327,-0.1644280352196855
203,9,140,13.666666666666666,-1.7026399714149298,-0.04995842525940583
203,9,141,13.7,-1.3881441520330573,0.05938220436585414
203,9,142,13.733333333333333,-0.5713600455809181,0.15617296060837668
203,9,143,13.766666666666667,0.416247329672211,0.2356198338589592
203,9,144,13.8,1.197961758423498,0.29573802003599486
203,9,145,13.833333333333334,1.371613227039021,0.3367085887723699
203,9,146,13.866666666666667,1.225112476643519,0.3598142816788484
203,9,147,13.9,0.9434237751108419,0.36644405735620134
203,9,148,13.933333333333334,0.705854990685703,0.35751273666561706
203,9,149,13.966666666666667,0.42303500922719195,0.33340056018565495
203,9,150,14.0,0.18659750472788683,0.2943183509396375
203,9,151,14.033333333333333,0.09213563092074331,0.2409213368443618
203,9,152,14.066666666666666,0.044056234072800265,0.17500316007052977
203,9,153,14.1,-0.0017606029234806463,0.10008393208485467
203,9,154,14.133333333333333,-0.04870871984558992,0.02161548418112356
203,9,155,14.166666666666666,-0.23536990760820947,-0.05348651800966208
203,9,156,14.2,-0.4684135723300133,-0.11806333682956811
203,9,157,14.233333333333333,-0.6607311597217909,-0.1663964533621199
203,9,158,14.266666666666667,-0.849654907336078,-0.1957426436571905
203,9,159,14.3,-1.0385786549503542,-0.20706636012549065
203,9,160,14.333333333333334,-1.1381312884237524,-0.2046159535873454
203,9,161,14.366666666666667,-1.2325931622308905,-0.19442137205529308
203,9,162,14.4,-1.2795412791530052,-0.18212909276483327
203,9,163,14.433333333333334,-1.2863289587080078,-0.17086750701024137
203,9,164,14.466666666666667,-1.3338427155930366,-0.16004089825597143
203,9,165,14.5,-1.3813564724780656,-0.1457586716086504
203,9,166,14.533333333333333,-1.4288702293630944,-0.12286682248831511
203,9,167,14.566666666666666,-1.5142818637635624,-0.08771903115329788
203,9,168,14.6,-1.561229980685677,-0.0404702368936604
203,9,169,14.633333333333333,-1.6189252569032098,0.014083061625132093
203,9,170,14.666666666666666,-1.2953791981146672,0.06747102022938618
203,9,171,14.7,-0.5379872877688032,0.11001893545471116
203,9,172,14.733333333333333,0.3947530110813749,0.13403037600618084
203,9,173,14.766666666666667,1.0243102898079803,0.13656646924689766
203,9,174,14.8,1.0011190513283692,0.12057544031342
203,9,175,14.833333333333334,0.6707853129848456,0.09366796008289749
203,9,176,14.866666666666667,0.34045157464130027,0.0651002755304716
203,9,177,14.9,0.07460079207031728,0.042498506873659504
203,9,178,14.933333333333334,-0.08264711762061362,0.029682836180934983
203,9,179,14.966666666666667,-0.14599879346731517,0.026135887416733332
203,9,180,15.0,-0.11545423546979816,0.028031371785943917
203,9,181,15.033333333333333,-0.05097127969725745,0.030307963695808626
203,9,182,15.066666666666666,-0.12789831465396956,0.028858226082985248
203,9,183,15.1,-0.298721583454911,0.021834321681449522
203,9,184,15.133333333333333,-0.4876453310691873,0.009623066152455177
203,9,185,15.166666666666666,-0.7320017950493449,-0.00615508917094835
203,9,186,15.2,-0.9333696218477926,-0.023789639927438124
203,9,187,15.233333333333333,-1.0278314956549361,-0.04204353160448153
203,9,188,15.266666666666667,-1.1222933694620743,-0.059981415976451
203,9,189,15.3,-1.169241486384189,-0.07645398930924718
203,9,190,15.333333333333334,-1.19130144493795,-0.08974932336743321
203,9,191,15.366666666666667,-1.19130144493795,-0.09766005597579855
203,9,192,15.4,-1.238815201822979,-0.09787383670388466
203,9,193,15.433333333333334,-1.238815201822979,-0.08844371041061498
203,9,194,15.466666666666667,-1.3089545572246883,-0.0682054293171804
203,9,195,15.5,-1.3338427155930366,-0.03716826771992272
203,9,196,15.533333333333333,-1.1528379274595912,0.0031061864078620327
203,9,197,15.566666666666666,-0.5487344470641997,0.049264877432933445
203,9,198,15.6,0.2748373389429474,0.09629138040330242
203,9,199,15.633333333333333,0.9982908515138145,0.13817233795700093
203,9,200,15.666666666666666,1.2126683974593424,0.1690555366421964
203,9,201,15.7,1.0333605292146557,0.18458988639233473
203,9,202,15.733333333333333,0.7318744289798795,0.18298054509724324
203,9,203,15.766666666666667,0.4190755294867819,0.16532804588609587
203,9,204,15.8,0.15265910695286314,0.1350619910500935
203,9,205,15.833333333333334,-0.00345752281222859,0.09667602624496269
203,9,206,15.866666666666667,-0.00345752281222859,0.054343185842786246
203,9,207,15.9,-0.00345752281222859,0.011023349894606963
203,9,208,15.933333333333334,-0.00345752281222859,-0.031712382676871244
203,9,209,15.966666666666667,-0.031739520958078075,-0.07327946167957541
203,9,210,16.0,-0.22066326857236515,-0.11325540476615117
203,9,211,16.033333333333335,-0.4095870161866414,-0.15033147541020878
203,9,212,16.066666666666666,-0.5985107638009285,-0.18158880862926943
203,9,213,16.1,-0.7399207545301759,-0.2027490296341977
203,9,214,16.133333333333333,-0.8700179460010911,-0.20944920983596624
203,9,215,16.166666666666668,-1.0012464173978346,-0.19884817251998263
203,9,216,16.2,-1.0487601742828634,-0.17071181855106457
203,9,217,16.233333333333334,-1.0962739311678924,-0.12752225918208834
203,9,218,16.266666666666666,-1.0962739311678924,-0.07369746920134003
203,9,219,16.3,-1.0962739311678924,-0.014409744511312245
203,9,220,16.333333333333332,-1.1437876880529212,0.045389001407692385
203,9,221,16.366666666666667,-1.1364343685349991,0.10133110573713357
203,9,222,16.4,-0.8587051467427589,0.14940626428088338
203,9,223,16.433333333333334,-0.14373623361563684,0.18555339290686945
203,9,224,16.466666666666665,0.6594725137264971,0.20559870466175464
203,9,225,16.5,1.2471724351972857,0.20585765937429404
203,9,226,16.533333333333335,1.3699163071502733,0.18429754216037006
203,9,227,16.566666666666666,1.1725079600922304,0.14175165242311158
203,9,228,16.6,0.9366360955558447,0.08251827746503838
203,9,229,16.633333333333333,0.6560786739490012,0.013898587396450189
203,9,230,16.666666666666668,0.4196411694496961,-0.05525161488323054
203,9,231,16.7,0.2799280986091912,-0.11638803326375866
203,9,232,16.733333333333334,0.18659750472788683,-0.16284621323271906
203,9,233,16.766666666666666,0.18659750472788683,-0.19064843007182625
203,9,234,16.8,0.18659750472788683,-0.19853936516025303
203,9,235,16.833333333333332,0.09213563092074331,-0.1875495744416148
203,9,236,16.866666666666667,-0.049839999771423685,-0.16036091514881215
203,9,237,16.9,-0.28514622434490583,-0.12059794274539153
203,9,238,16.933333333333334,-0.4740699719591821,-0.07215761541238085
203,9,239,16.966666666666665,-0.6629937195734692,-0.018779153398281682
203,10,0,10.0,1.6934623659387997,0.07796427965456568
203,10,1,10.033333333333333,1.4100767445173854,0.17528989252664914
203,10,2,10.066666666666666,1.0599456074717466,0.28478661972493186
203,10,3,10.1,0.7482779879044826,0.41437039143935056
203,10,4,10.133333333333333,0.5305066021814265,0.5629205800357577
203,10,5,10.166666666666666,0.4241662891530311,0.7191377644930025
203,10,6,10.2,0.3596833333804904,0.8632382965475373
203,10,7,10.233333333333333,0.24881790064876003,0.9711572934846007
203,10,8,10.266666666666667,0.05989415303447295,1.0203885134039918
203,10,9,10.3,-0.1765433514648322,0.9960317913609483
203,10,10,10.333333333333334,-0.41298085596414813,0.8951915259547052
203,10,11,10.366666666666667,-0.6019046035784243,0.7280401145488052
203,10,12,10.4,-0.7908283511927114,0.5149216381696367
203,10,13,10.433333333333334,-0.9192286227748678,0.28046882712969384
203,10,14,10.466666666666667,-1.0136904965820115,0.047049865742400575
203,10,15,10.5,-1.0606386135041206,-0.16989049220739505
203,10,16,10.533333333333333,-1.1437876880529212,-0.3631257024594651
203,10,17,10.566666666666666,-1.19130144493795,-0.5317438016554832
203,10,18,10.6,-1.2489967211554882,-0.6773777502432607
203,10,19,10.633333333333333,-1.2959448380775975,-0.8002704236065266
203,10,20,10.666666666666666,-1.3904067118847356,-0.8966080744179348
203,10,21,10.7,-1.4373548288068503,-0.9579498488707525
203,10,22,10.733333333333333,-1.523897743133152,-0.9728971669597476
203,10,23,10.766666666666667,-1.5567048609823366,-0.9305068181145503
203,10,24,10.8,-1.2456028813779922,-0.8244210824417266
203,10,25,10.833333333333334,-0.5114022095116909,-0.6563874223126182
203,10,26,10.866666666666667,0.43321652855969045,-0.43790102056700364
203,10,27,10.9,1.2098401976447661,-0.1891905217952322
203,10,28,10.933333333333334,1.469468940623666,0.06438899066848229
203,10,29,10.966666666666667,1.3625629876323457,0.29754233383058254
203,10,30,11.0,1.0791773662109312,0.4901156527970014
203,10,31,11.033333333333333,0.7482779879044719,0.6304064203019424
203,10,32,11.066666666666666,0.4196411694496961,0.7158326460094806
203,10,33,11.1,0.23241434172416237,0.751185815349059
203,10,34,11.133333333333333,0.13908374784285799,0.7454759299084841
203,10,35,11.166666666666666,0.13908374784285799,0.7086002382168267
203,10,36,11.2,0.09156999095782913,0.6488001155683724
203,10,37,11.233333333333333,-0.0028918828493144093,0.5713612996741623
203,10,38,11.266666666666667,-0.1912499905006765,0.4785440975704758
203,10,39,11.3,-0.4276874949999924,0.3704878011096014
203,10,40,11.333333333333334,-0.6641249994992976,0.24679311821935423
203,10,41,11.366666666666667,-0.8530487471135846,0.10838960517070165
203,10,42,11.4,-0.994458737842832,-0.04095897064515963
203,10,43,11.433333333333334,-1.0923144514274714,-0.19420051933621363
203,10,44,11.466666666666667,-1.1437876880529212,-0.34181685508510146
203,10,45,11.5,-1.19130144493795,-0.4734879921840542
203,10,46,11.533333333333333,-1.238815201822979,-0.5798109867066022
203,10,47,11.566666666666666,-1.2801069191159193,-0.6534359620807012
203,10,48,11.6,-1.327055036038034,-0.6894896474956277
203,10,49,11.633333333333333,-1.3740031529601433,-0.6856200667849044
203,10,50,11.666666666666666,-1.4288702293630944,-0.6420700206175839
203,10,51,11.7,-1.515413143689396,-0.5618702490732322
203,10,52,11.733333333333333,-1.523897743133152,-0.4508281229717535
203,10,53,11.766666666666667,-1.1918670849008697,-0.3168973661181647
203,10,54,11.8,-0.39035525744744043,-0.16891159404859915
203,10,55,11.833333333333334,0.5542634806239409,-0.015164699041661197
203,10,56,11.866666666666667,1.2703636736768913,0.13752734415621717
203,10,57,11.9,1.469468940623666,0.28385887312187436
203,10,58,11.933333333333334,1.3043020714518934,0.4191297270457508
203,10,59,11.966666666666667,0.9858467723296215,0.5378846744889825
203,10,60,12.0,0.6685227531331672,0.6330250032091954
203,10,61,12.033333333333333,0.40493453041385175,0.6962041706815089
203,10,62,12.066666666666666,0.21601078279956468,0.7194924178439747
203,10,63,12.1,0.18659750472788683,0.6974918860073795
203,10,64,12.133333333333333,0.18659750472788683,0.6290133186083253
203,10,65,12.166666666666666,0.15548730676745026,0.5178741439009547
203,10,66,12.2,0.013511676075283259,0.3727748360185115
203,10,67,12.233333333333333,-0.1884217906860948,0.20632553532794748
203,10,68,12.266666666666667,-0.42429365522248036,0.03325115845177573
203,10,69,12.3,-0.631317881650113,-0.1320680968322579
203,10,70,12.333333333333334,-0.8202416292643893,-0.27814437440527306
203,10,71,12.366666666666667,-0.9616516199936475,-0.3981506542892994
203,10,72,12.4,-1.0759108925028793,-0.490291922646803
203,10,73,12.433333333333334,-1.122859009424994,-0.5567934780808017
203,10,74,12.466666666666667,-1.1437876880529212,-0.602068621659865
203,10,75,12.5,-1.19130144493795,-0.6306881930873754
203,10,76,12.533333333333333,-1.238815201822979,-0.6453907663819854
203,10,77,12.566666666666666,-1.2863289587080078,-0.6452318868791499
203,10,78,12.6,-1.357599594035551,-0.6244620741372396
203,10,79,12.633333333333333,-1.4045477109576658,-0.5731293708088401
203,10,80,12.666666666666666,-1.499009584764804,-0.47993704729686576
203,10,81,12.7,-1.4797778260256191,-0.3367807928796878
203,10,82,12.733333333333333,-1.0883549716870506,-0.1433997743957268
203,10,83,12.766666666666667,-0.26930830538318995,0.08971322102454507
203,10,84,12.8,0.7703379464582492,0.34142519907643
203,10,85,12.833333333333334,1.4536310216619825,0.5833188013065367
203,10,86,12.866666666666667,1.6402922094246022,0.7854532491326205
203,10,87,12.9,1.4796504599561753,0.9228605349137436
203,10,88,12.933333333333334,1.2251124766435137,0.9806956186781557
203,10,89,12.966666666666667,0.9417268552220993,0.9563946639328422
203,10,90,13.0,0.6583412338006688,0.8585192951791167
203,10,91,13.033333333333333,0.3913591713038466,0.7033298494341736
203,10,92,13.066666666666666,0.26578709953626645,0.5106624420499131
203,10,93,13.1,0.2341112616129157,0.30035350793409116
203,10,94,13.133333333333333,0.1718908656920425,0.08976220104464817
203,10,95,13.166666666666666,0.02991523499987553,-0.10758126278223167
203,10,96,13.2,-0.17314951168733628,-0.282314285555277
203,10,97,13.233333333333333,-0.4225967353337324,-0.42875101928868276
203,10,98,13.266666666666667,-0.6935382775709862,-0.5440055390493973
203,10,99,13.3,-0.8824620251852625,-0.6272948979994308
203,10,100,13.333333333333334,-1.0713857727995495,-0.6796498566853403
203,10,101,13.366666666666667,-1.2020486042333736,-0.7037519023479863
203,10,102,13.4,-1.296510478040517,-0.7034043114133066
203,10,103,13.433333333333334,-1.3434585949626263,-0.6823742065104919
203,10,104,13.466666666666667,-1.390406711884741,-0.6428508084040051
203,10,105,13.5,-1.4373548288068503,-0.5842269107501387
203,10,106,13.533333333333333,-1.4843029457289596,-0.5030119205864761
203,10,107,13.566666666666666,-1.5312510626510742,-0.39429890765401115
203,10,108,13.6,-1.6189252569032098,-0.2544776248732222
203,10,109,13.633333333333333,-1.672661053380327,-0.08421537085675948
203,10,110,13.666666666666666,-1.7026399714149298,0.10949550437176353
203,10,111,13.7,-1.3881441520330573,0.31311139464165705
203,10,112,13.733333333333333,-0.5713600455809181,0.508342752826559
203,10,113,13.766666666666667,0.416247329672211,0.6754784719323288
203,10,114,13.8,1.197961758423498,0.7972478882215241
203,10,115,13.833333333333334,1.371613227039021,0.86214941147907
203,10,116,13.866666666666667,1.225112476643519,0.866415236867151
203,10,117,13.9,0.9434237751108419,0.814173791619405
203,10,118,13.933333333333334,0.705854990685703,0.7157893427149845
203,10,119,13.966666666666667,0.42303500922719195,0.5848606466817856
203,10,120,14.0,0.18659750472788683,0.43490296704798237
203,10,121,14.033333333333333,0.09213563092074331,0.27692872986517375
203,10,122,14.066666666666666,0.044056234072800265,0.11869650479565294
203,10,123,14.1,-0.0017606029234806463,-0.03442457935449996
203,10,124,14.133333333333333,-0.04870871984558992,-0.17775863740900782
203,10,125,14.166666666666666,-0.23536990760820947,-0.3059429168158069
203,10,126,14.2,-0.4684135723300133,-0.4128702897025006
203,10,127,14.233333333333333,-0.6607311597217909,-0.493221376539155
203,10,128,14.266666666666667,-0.849654907336078,-0.544770868210827
203,10,129,14.3,-1.0385786549503542,-0.5700131244171152
203,10,130,14.333333333333334,-1.1381312884237524,-0.575981749705315
203,10,131,14.366666666666667,-1.2325931622308905,-0.5720007549683253
203,10,132,14.4,-1.2795412791530052,-0.5658847066203402
203,10,133,14.433333333333334,-1.2863289587080078,-0.5598222976083739
203,10,134,14.466666666666667,-1.3338427155930366,-0.5478085815794796
203,10,135,14.5,-1.3813564724780656,-0.5163204173229953
203,10,136,14.533333333333333,-1.4288702293630944,-0.448567996190175
203,10,137,14.566666666666666,-1.5142818637635624,-0.33097518374197293
203,10,138,14.6,-1.561229980685677,-0.1596320135851362
203,10,139,14.633333333333333,-1.6189252569032098,0.05549650583351887
203,10,140,14.666666666666666,-1.2953791981146672,0.29019878983701347
203,10,141,14.7,-0.5379872877688032,0.510245772914734
203,10,142,14.733333333333333,0.3947530110813749,0.6799192215612483
203,10,143,14.766666666666667,1.0243102898079803,0.7726451613551567
203,10,144,14.8,1.0011190513283692,0.7792937501817516
203,10,145,14.833333333333334,0.6707853129848456,0.7098048554823543
203,10,146,14.866666666666667,0.34045157464130027,0.5875520520149234
203,10,147,14.9,0.07460079207031728,0.4400677121141153
203,10,148,14.933333333333334,-0.08264711762061362,0.2908124941441009
203,10,149,14.966666666666667,-0.14599879346731517,0.15484211077293666
203,10,150,15.0,-0.11545423546979816,0.03868006301692481
203,10,151,15.033333333333333,-0.05097127969725745,-0.05709905535850253
203,10,152,15.066666666666666,-0.12789831465396956,-0.13461259391069527
203,10,153,15.1,-0.298721583454911,-0.19625195669004278
203,10,154,15.133333333333333,-0.4876453310691873,-0.24362626572832358
203,10,155,15.166666666666666,-0.7320017950493449,-0.2775247559233846
203,10,156,15.2,-0.9333696218477926,-0.29820106888764175
203,10,157,15.233333333333333,-1.0278314956549361,-0.3055236694152486
203,10,158,15.266666666666667,-1.1222933694620743,-0.29907823629160074
203,10,159,15.3,-1.169241486384189,-0.27853808468643765
203,10,160,15.333333333333334,-1.19130144493795,-0.24425523604152546
203,10,161,15.366666666666667,-1.19130144493795,-0.19762030530049735
203,10,162,15.4,-1.238815201822979,-0.14087567910371032
203,10,163,15.433333333333334,-1.238815201822979,-0.0765371534395346
203,10,164,15.466666666666667,-1.3089545572246883,-0.006886931607255277
203,10,165,15.5,-1.3338427155930366,0.06602730217416056
203,10,166,15.533333333333333,-1.1528379274595912,0.13974521248833585
203,10,167,15.566666666666666,-0.5487344470641997,0.21037093948206886
203,10,168,15.6,0.2748373389429474,0.27179089373638415
203,10,169,15.633333333333333,0.9982908515138145,0.31581566120109567
203,10,170,15.666666666666666,1.2126683974593424,0.3336192700417639
203,10,171,15.7,1.0333605292146557,0.3182628417725084
203,10,172,15.733333333333333,0.7318744289798795,0.26747735789022425
203,10,173,15.766666666666667,0.4190755294867819,0.18553881732857647
203,10,174,15.8,0.15265910695286314,0.08321674669068126
203,10,175,15.833333333333334,-0.00345752281222859,-0.02456230271406743
203,10,176,15.866666666666667,-0.00345752281222859,-0.12275015029205519
203,10,177,15.9,-0.00345752281222859,-0.20056094348344794
203,10,178,15.933333333333334,-0.00345752281222859,-0.2546411319630653
203,10,179,15.966666666666667,-0.031739520958078075,-0.28978199127190263
203,10,180,16.0,-0.22066326857236515,-0.3166456812065716
203,10,181,16.033333333333335,-0.4095870161866414,-0.3471103732305991
203,10,182,16.066666666666666,-0.5985107638009285,-0.38908101845013937
203,10,183,16.1,-0.7399207545301759,-0.442942709834929
203,10,184,16.133333333333333,-0.8700179460010911,-0.5007511607710248
203,10,185,16.166666666666668,-1.0012464173978346,-0.5478208468981792
203,10,186,16.2,-1.0487601742828634,-0.5657899325397105
203,10,187,16.233333333333334,-1.0962739311678924,-0.5364046336314358
203,10,188,16.266666666666666,-1.0962739311678924,-0.44549403079523076
203,10,189,16.3,-1.0962739311678924,-0.28660843047514106
203,10,190,16.333333333333332,-1.1437876880529212,-0.06365182385477774
203,10,191,16.366666666666667,-1.1364343685349991,0.20818780321318633
203,10,192,16.4,-0.8587051467427589,0.5036438100990409
203,10,193,16.433333333333334,-0.14373623361563684,0.7907412451957307
203,10,194,16.466666666666665,0.6594725137264971,1.0359629416679064
203,10,195,16.5,1.2471724351972857,1.2102889698096733
203,10,196,16.533333333333335,1.3699163071502733,1.29453356352328
203,10,197,16.566666666666666,1.1725079600922304,1.2823392058150476
203,10,198,16.6,0.9366360955558447,1.1801142265162559
203,10,199,16.633333333333333,0.6560786739490012,1.0043932713373758
203,10,200,16.666666666666668,0.4196411694496961,0.7776927299455287
203,10,201,16.7,0.2799280986091912,0.523945946639928
203,10,202,16.733333333333334,0.18659750472788683,0.26442897647147345
203,10,203,16.766666666666666,0.18659750472788683,0.014846262326931876
203,10,204,16.8,0.18659750472788683,-0.21607977374819012
203,10,205,16.833333333333332,0.09213563092074331,-0.42651138739722316
203,10,206,16.866666666666667,-0.049839999771423685,-0.6201314372609076
203,10,207,16.9,-0.28514622434490583,-0.8038149282609649
203,10,208,16.933333333333334,-0.4740699719591821,-0.9845476647764853
203,10,209,16.966666666666665,-0.6629937195734692,-1.165765731776459
203,10,210,17.0,-0.8044037103027166,-1.3435057711640308
203,10,211,17.033333333333335,-0.9022594238873615,-1.503243405399918
203,10,212,17.066666666666666,-0.9967212976944996,-1.6188146278082929
203,10,213,17.1,-1.0436694146166088,-1.6549007996288294
203,10,214,17.133333333333333,-1.0487601742828634,-1.5738509619339853
203,10,215,17.166666666666668,-1.0962739311678924,-1.346173822582571
203,10,216,17.2,-1.1370000084979186,-0.9622773626000669
203,10,217,17.233333333333334,-1.015953056433679,-0.44157962626908825
203,10,218,17.266666666666666,-0.48651405114338053,0.16522376517517692
203,10,219,17.3,0.3478048941592764,0.7832924606925532
203,10,220,17.333333333333332,1.1594982409451609,1.3291668067683138
203,10,221,17.366666666666667,1.4977509387695156,1.7300031903124373
203,10,222,17.4,1.4796504599561753,1.9401208996542176
203,10,223,17.433333333333334,1.216627877199747,1.9494692593143232
203,10,224,17.466666666666665,0.8744156996349661,1.7818094223526326
203,10,225,17.5,0.637978195135661,1.4842945203508238
203,10,226,17.533333333333335,0.44905444752138474,1.113018931095602
203,10,227,17.566666666666666,0.37665253226800227,0.7197924960520936
203,10,228,17.6,0.37665253226800227,0.34377927948003517
203,10,229,17.633333333333333,0.34327977445589813,0.008983560671144513
203,10,230,17.666666666666668,0.2160107827995755,-0.2736072562462386
203,10,231,17.7,0.027087035185277615,-0.5014234450789171
203,10,232,17.733333333333334,-0.11432295554396979,-0.6754041140646514
203,10,233,17.766666666666666,-0.35076046004327494,-0.7963255236640979
203,10,234,17.8,-0.5396842076575512,-0.8632292856058796
203,10,235,17.833333333333332,-0.7461427941222589,-0.8740687178454724
203,10,236,17.866666666666667,-0.8406046679294078,-0.8278697922997811
203,10,237,17.9,-0.8875527848515171,-0.7271752443254369
203,10,238,17.933333333333334,-0.9345009017736264,-0.5796316788003322
203,10,239,17.966666666666665,-0.9814490186957356,-0.3981257463149919
203,11,0,11.0,1.0791773662109312,-0.00811294821951167
203,11,1,11.033333333333333,0.7482779879044719,0.0042089306341968925
203,11,2,11.066666666666666,0.4196411694496961,0.04943040160085074
203,11,3,11.1,0.23241434172416237,0.14949468901599802
203,11,4,11.133333333333333,0.13908374784285799,0.30815184010604596
203,11,5,11.166666666666666,0.13908374784285799,0.5092481276808392
203,11,6,11.2,0.09156999095782913,0.7210552862549621
203,11,7,11.233333333333333,-0.0028918828493144093,0.9049140349515078
203,11,8,11.266666666666667,-0.1912499905006765,1.0253458377789715
203,11,9,11.3,-0.4276874949999924,1.0587324065288217
203,11,10,11.333333333333334,-0.6641249994992976,0.9983477279446081
203,11,11,11.366666666666667,-0.8530487471135846,0.854690127621622
203,11,12,11.4,-0.994458737842832,0.6514461667455469
203,11,13,11.433333333333334,-1.0923144514274714,0.4186523341168931
203,11,14,11.466666666666667,-1.1437876880529212,0.18532173110448036
203,11,15,11.5,-1.19130144493795,-0.026295670501967083
203,11,16,11.533333333333333,-1.238815201822979,-0.20351085228939178
203,11,17,11.566666666666666,-1.2801069191159193,-0.3429005674864647
203,11,18,11.6,-1.327055036038034,-0.4476990760414095
203,11,19,11.633333333333333,-1.3740031529601433,-0.5241404348208425
203,11,20,11.666666666666666,-1.4288702293630944,-0.5780445802563844
203,11,21,11.7,-1.515413143689396,-0.6125709071665711
203,11,22,11.733333333333333,-1.523897743133152,-0.6274596158406202
203,11,23,11.766666666666667,-1.1918670849008697,-0.6195567148922093
203,11,24,11.8,-0.39035525744744043,-0.5841915197877487
203,11,25,11.833333333333334,0.5542634806239409,-0.516971174026478
203,11,26,11.866666666666667,1.2703636736768913,-0.41561083968858753
203,11,27,11.9,1.469468940623666,-0.28150272127756704
203,11,28,11.933333333333334,1.3043020714518934,-0.12082451207893569
203,11,29,11.966666666666667,0.9858467723296215,0.055045318771596546
203,11,30,12.0,0.6685227531331672,0.2301965795273949
203,11,31,12.033333333333333,0.40493453041385175,0.38625413315353974
203,11,32,12.066666666666666,0.21601078279956468,0.5056118416409195
203,11,33,12.1,0.18659750472788683,0.5749402035499255
203,11,34,12.133333333333333,0.18659750472788683,0.5878088344670795
203,11,35,12.166666666666666,0.15548730676745026,0.5455962533026865
203,11,36,12.2,0.013511676075283259,0.4565924135897588
203,11,37,12.233333333333333,-0.1884217906860948,0.33380961682757193
203,11,38,12.266666666666667,-0.42429365522248036,0.19215203134999076
203,11,39,12.3,-0.631317881650113,0.04549384267232469
203,11,40,12.333333333333334,-0.8202416292643893,-0.09578249914294976
203,11,41,12.366666666666667,-0.9616516199936475,-0.2262225210095367
203,11,42,12.4,-1.0759108925028793,-0.3453257164156015
203,11,43,12.433333333333334,-1.122859009424994,-0.4561049834005251
203,11,44,12.466666666666667,-1.1437876880529212,-0.562450524683831
203,11,45,12.5,-1.19130144493795,-0.665833346139313
203,11,46,12.533333333333333,-1.238815201822979,-0.7621054911796983
203,11,47,12.566666666666666,-1.2863289587080078,-0.8393986515263092
203,11,48,12.6,-1.357599594035551,-0.8782855598128636
203,11,49,12.633333333333333,-1.4045477109576658,-0.8550553704780175
203,11,50,12.666666666666666,-1.499009584764804,-0.7479433338503855
203,11,51,12.7,-1.4797778260256191,-0.5448224991157525
203,11,52,12.733333333333333,-1.0883549716870506,-0.24986393912922614
203,11,53,12.766666666666667,-0.26930830538318995,0.11350427704877111
203,11,54,12.8,0.7703379464582492,0.5051184196310835
203,11,55,12.833333333333334,1.4536310216619825,0.8759682189027835
203,11,56,12.866666666666667,1.6402922094246022,1.1790820621146894
203,11,57,12.9,1.4796504599561753,1.3796797571649733
203,11,58,12.933333333333334,1.2251124766435137,1.4613140825898099
203,11,59,12.966666666666667,0.9417268552220993,1.4266029651522227
203,11,60,13.0,0.6583412338006688,1.2933439242864104
203,11,61,13.033333333333333,0.3913591713038466,1.0881986258033587
203,11,62,13.066666666666666,0.26578709953626645,0.840234203010066
203,11,63,13.1,0.2341112616129157,0.5758517815872529
203,11,64,13.133333333333333,0.1718908656920425,0.3157461285475787
203,11,65,13.166666666666666,0.02991523499987553,0.07381662938988082
203,11,66,13.2,-0.17314951168733628,-0.1425513916431965
203,11,67,13.233333333333333,-0.4225967353337324,-0.3315586364606964
203,11,68,13.266666666666667,-0.6935382775709862,-0.49588428200241846
203,11,69,13.3,-0.8824620251852625,-0.6414253666076056
203,11,70,13.333333333333334,-1.0713857727995495,-0.7755987268655978
203,11,71,13.366666666666667,-1.2020486042333736,-0.9049664320645636
203,11,72,13.4,-1.296510478040517,-1.0323561150172929
203,11,73,13.433333333333334,-1.3434585949626263,-1.1541634462634247
203,11,74,13.466666666666667,-1.390406711884741,-1.2588175641216701
203,11,75,13.5,-1.4373548288068503,-1.3272935544041622
203,11,76,13.533333333333333,-1.4843029457289596,-1.336077215831862
203,11,77,13.566666666666666,-1.5312510626510742,-1.2622788351337766
203,11,78,13.6,-1.6189252569032098,-1.0898703299789978
203,11,79,13.633333333333333,-1.672661053380327,-0.8154733377146145
203,11,80,13.666666666666666,-1.7026399714149298,-0.4519420197641019
203,11,81,13.7,-1.3881441520330573,-0.028350116637791606
203,11,82,13.733333333333333,-0.5713600455809181,0.4140605361955788
203,11,83,13.766666666666667,0.416247329672211,0.8291425680025263
203,11,84,13.8,1.197961758423498,1.1743731617310547
203,11,85,13.833333333333334,1.371613227039021,1.4182858635996647
203,11,86,13.866666666666667,1.225112476643519,1.5449535286505334
203,11,87,13.9,0.9434237751108419,1.5547883482805944
203,11,88,13.933333333333334,0.705854990685703,1.462062620661231
203,11,89,13.966666666666667,0.42303500922719195,1.2902819337171691
203,11,90,14.0,0.18659750472788683,1.066740963134248
203,11,91,14.033333333333333,0.09213563092074331,0.8174929294762588
203,11,92,14.066666666666666,0.044056234072800265,0.5637761040893133
203,11,93,14.1,-0.0017606029234806463,0.32052656819446096
203,11,94,14.133333333333333,-0.04870871984558992,0.09686458656307008
203,11,95,14.166666666666666,-0.23536990760820947,-0.10229778934267374
203,11,96,14.2,-0.4684135723300133,-0.2746783489447828
203,11,97,14.233333333333333,-0.6607311597217909,-0.4199121683682615
203,11,98,14.266666666666667,-0.849654907336078,-0.539781141511463
203,11,99,14.3,-1.0385786549503542,-0.6387129455720058
203,11,100,14.333333333333334,-1.1381312884237524,-0.7235742368094386
203,11,101,14.366666666666667,-1.2325931622308905,-0.8020352163058191
203,11,102,14.4,-1.2795412791530052,-0.8794624182959897
203,11,103,14.433333333333334,-1.2863289587080078,-0.9551946395697233
203,11,104,14.466666666666667,-1.3338427155930366,-1.0198006808833457
203,11,105,14.5,-1.3813564724780656,-1.0549533701716023
203,11,106,14.533333333333333,-1.4288702293630944,-1.0366698649513668
203,11,107,14.566666666666666,-1.5142818637635624,-0.9414143736558752
203,11,108,14.6,-1.561229980685677,-0.7536156186436246
203,11,109,14.633333333333333,-1.6189252569032098,-0.472663491662876
203,11,110,14.666666666666666,-1.2953791981146672,-0.11729365827178967
203,11,111,14.7,-0.5379872877688032,0.27459628971077515
203,11,112,14.733333333333333,0.3947530110813749,0.6519556279262735
203,11,113,14.766666666666667,1.0243102898079803,0.9617891832500334
203,11,114,14.8,1.0011190513283692,1.1621900250546107
203,11,115,14.833333333333334,0.6707853129848456,1.232346744157438
203,11,116,14.866666666666667,0.34045157464130027,1.1760589954464422
203,11,117,14.9,0.07460079207031728,1.0182970432894514
203,11,118,14.933333333333334,-0.08264711762061362,0.7968285744232887
203,11,119,14.966666666666667,-0.14599879346731517,0.5520914757009884
203,11,120,15.0,-0.11545423546979816,0.3184146141892997
203,11,121,15.033333333333333,-0.05097127969725745,0.11865923222308748
203,11,122,15.066666666666666,-0.12789831465396956,-0.0371716166093176
203,11,123,15.1,-0.298721583454911,-0.15017615183859462
203,11,124,15.133333333333333,-0.4876453310691873,-0.22915522773978184
203,11,125,15.166666666666666,-0.7320017950493449,-0.2869497392439548
203,11,126,15.2,-0.9333696218477926,-0.33721195405929943
203,11,127,15.233333333333333,-1.0278314956549361,-0.3916089519982015
203,11,128,15.266666666666667,-1.1222933694620743,-0.4572069960780689
203,11,129,15.3,-1.169241486384189,-0.5341011645254629
203,11,130,15.333333333333334,-1.19130144493795,-0.6139390826141311
203,11,131,15.366666666666667,-1.19130144493795,-0.6802397053021789
203,11,132,15.4,-1.238815201822979,-0.7109885504744209
203,11,133,15.433333333333334,-1.238815201822979,-0.6832889979448027
203,11,134,15.466666666666667,-1.3089545572246883,-0.5793288666316551
203,11,135,15.5,-1.3338427155930366,-0.39245716960726124
203,11,136,15.533333333333333,-1.1528379274595912,-0.13163766862573972
203,11,137,15.566666666666666,-0.5487344470641997,0.17758038906125298
203,11,138,15.6,0.2748373389429474,0.49665781755077226
203,11,139,15.633333333333333,0.9982908515138145,0.7817179825264141
203,11,140,15.666666666666666,1.2126683974593424,0.9930312127212904
203,11,141,15.7,1.0333605292146557,1.1033577962553571
203,11,142,15.733333333333333,0.7318744289798795,1.102911053346036
203,11,143,15.766666666666667,0.4190755294867819,1.0000835058517894
203,11,144,15.8,0.15265910695286314,0.8181153458340245
203,11,145,15.833333333333334,-0.00345752281222859,0.5886281790882135
203,11,146,15.866666666666667,-0.00345752281222859,0.34371819392769065
203,11,147,15.9,-0.00345752281222859,0.10879918661676828
203,11,148,15.933333333333334,-0.00345752281222859,-0.10183485602885861
203,11,149,15.966666666666667,-0.031739520958078075,-0.285683925793861
203,11,150,16.0,-0.22066326857236515,-0.449171025457076
203,11,151,16.033333333333335,-0.4095870161866414,-0.6025172064008611
203,11,152,16.066666666666666,-0.5985107638009285,-0.7541226232765973
203,11,153,16.1,-0.7399207545301759,-0.9059985427355616
203,11,154,16.133333333333333,-0.8700179460010911,-1.0511474608913933
203,11,155,16.166666666666668,-1.0012464173978346,-1.1731895559210765
203,11,156,16.2,-1.0487601742828634,-1.2482845293124196
203,11,157,16.233333333333334,-1.0962739311678924,-1.249303632955876
203,11,158,16.266666666666666,-1.0962739311678924,-1.1519113327090853
203,11,159,16.3,-1.0962739311678924,-0.9416067351293841
203,11,160,16.333333333333332,-1.1437876880529212,-0.6200369742452149
203,11,161,16.366666666666667,-1.1364343685349991,-0.2084384043243362
203,11,162,16.4,-0.8587051467427589,0.25363658517432425
203,11,163,16.433333333333334,-0.14373623361563684,0.7147775015926833
203,11,164,16.466666666666665,0.6594725137264971,1.121737976874281
203,11,165,16.5,1.2471724351972857,1.4298701148103012
203,11,166,16.533333333333335,1.3699163071502733,1.6108757789526928
203,11,167,16.566666666666666,1.1725079600922304,1.656096097776279
203,11,168,16.6,0.9366360955558447,1.5751943145975802
203,11,169,16.633333333333333,0.6560786739490012,1.3914085062620922
203,11,170,16.666666666666668,0.4196411694496961,1.135242468096633
203,11,171,16.7,0.2799280986091912,0.838385852340897
203,11,172,16.733333333333334,0.18659750472788683,0.5289679073366178
203,11,173,16.766666666666666,0.18659750472788683,0.22846213528680223
203,11,174,16.8,0.18659750472788683,-0.049872895928913835
203,11,175,16.833333333333332,0.09213563092074331,-0.3011654484011924
203,11,176,16.866666666666667,-0.049839999771423685,-0.5277227903502097
203,11,177,16.9,-0.28514622434490583,-0.7363756631552901
203,11,178,16.933333333333334,-0.4740699719591821,-0.9344699425041741
203,11,179,16.966666666666665,-0.6629937195734692,-1.125048683275348
203,11,180,17.0,-0.8044037103027166,-1.3023596601014034
203,11,181,17.033333333333335,-0.9022594238873615,-1.4492378433165964
203,11,182,17.066666666666666,-0.9967212976944996,-1.537831340270214
203,11,183,17.1,-1.0436694146166088,-1.534454867087939
203,11,184,17.133333333333333,-1.0487601742828634,-1.40816505579954
203,11,185,17.166666666666668,-1.0962739311678924,-1.1412181888251869
203,11,186,17.2,-1.1370000084979186,-0.7383350814702861
203,11,187,17.233333333333334,-1.015953056433679,-0.2312254648528003
203,11,188,17.266666666666666,-0.48651405114338053,0.32433736197498
203,11,189,17.3,0.3478048941592764,0.8591497946111016
203,11,190,17.333333333333332,1.1594982409451609,1.3058242590302422
203,11,191,17.366666666666667,1.4977509387695156,1.6134308116913958
203,11,192,17.4,1.4796504599561753,1.756950086111742
203,11,193,17.433333333333334,1.216627877199747,1.73941729809101
203,11,194,17.466666666666665,0.8744156996349661,1.5871727545406986
203,11,195,17.5,0.637978195135661,1.340505601516985
203,11,196,17.533333333333335,0.44905444752138474,1.0429944799636677
203,11,197,17.566666666666666,0.37665253226800227,0.7326731608046915
203,11,198,17.6,0.37665253226800227,0.4368078738250526
203,11,199,17.633333333333333,0.34327977445589813,0.1704166741095203
203,11,200,17.666666666666668,0.2160107827995755,-0.062414944073187456
203,11,201,17.7,0.027087035185277615,-0.2656843797395711
203,11,202,17.733333333333334,-0.11432295554396979,-0.448150374319776
203,11,203,17.766666666666666,-0.35076046004327494,-0.6201155717830348
203,11,204,17.8,-0.5396842076575512,-0.7903692555845906
203,11,205,17.833333333333332,-0.7461427941222589,-0.9631252780412308
203,11,206,17.866666666666667,-0.8406046679294078,-1.1350513891445666
203,11,207,17.9,-0.8875527848515171,-1.293084153108867
203,11,208,17.933333333333334,-0.9345009017736264,-1.4142509954076703
203,11,209,17.966666666666665,-0.9814490186957356,-1.468680949097886
203,11,210,18.0,-1.0283971356178558,-1.4261172133044095
203,11,211,18.033333333333335,-0.9955900177686604,-1.264786083395991
203,11,212,18.066666666666666,-0.5600472463225697,-0.9800429908125362
203,11,213,18.1,0.2001728638378704,-0.5895368096635588
203,11,214,18.133333333333333,0.9536052944433836,-0.13227908709874145
203,11,215,18.166666666666668,1.3280589498944186,0.33889280765637686
203,11,216,18.2,1.2794139130835507,0.7691211557324955
203,11,217,18.233333333333334,1.0197851701046505,1.1133423434715612
203,11,218,18.266666666666666,0.7363995486832038,1.3441271934213366
203,11,219,18.3,0.4530139272617894,1.453654655927695
203,11,220,18.333333333333332,0.26013069990709764,1.450494936423251
203,11,221,18.366666666666667,0.18659750472788683,1.353640184952593
203,11,222,18.4,0.18659750472788683,1.1864932716316798
203,11,223,18.433333333333334,0.21431386291081675,0.9725423587177148
203,11,224,18.466666666666665,0.11985198910367861,0.7330321202979985
203,11,225,18.5,-0.022123641588488382,0.48599971511719137
203,11,226,18.533333333333335,-0.22971350797902446,0.2459841924779914
203,11,227,18.566666666666666,-0.4186372555933223,0.024084562169772696
203,11,228,18.6,-0.6075610032075985,-0.1717707331088147
203,11,229,18.633333333333333,-0.7325674350122537,-0.3364733241370276
203,11,230,18.666666666666668,-0.8745430657044208,-0.4673725655492271
203,11,231,18.7,-0.9214911826265408,-0.5638574337300475
203,11,232,18.733333333333334,-0.9537326605128058,-0.6267987578117076
203,11,233,18.766666666666666,-1.0012464173978346,-0.6578740533005337
203,11,234,18.8,-1.0487601742828634,-0.6589923586797686
203,11,235,18.833333333333332,-1.035750455135767,-0.6321082226418749
203,11,236,18.866666666666667,-0.7964847508218641,-0.5795232181374751
203,11,237,18.9,-0.19351255035234402,-0.504457515574208
203,11,238,18.933333333333334,0.562182440104761,-0.4114812122821355
203,11,239,18.966666666666665,1.1216003634297218,-0.3064728110405667
203,12,0,12.0,0.6685227531331672,0.04502288328074722
203,12,1,12.033333333333333,0.40493453041385175,0.14703363715364223
203,12,2,12.066666666666666,0.21601078279956468,0.231088936756762
203,12,3,12.1,0.18659750472788683,0.28296501699420673
203,12,4,12.133333333333333,0.18659750472788683,0.29212233437334983
203,12,5,12.166666666666666,0.15548730676745026,0.2530700726141454
203,12,6,12.2,0.013511676075283259,0.16637097687438593
203,12,7,12.233333333333333,-0.1884217906860948,0.03931883145286702
203,12,8,12.266666666666667,-0.42429365522248036,-0.11417553921918887
203,12,9,12.3,-0.631317881650113,-0.27523514325292964
203,12,10,12.333333333333334,-0.8202416292643893,-0.42340671160630217
203,12,11,12.366666666666667,-0.9616516199936475,-0.5410044310352756
203,12,12,12.4,-1.0759108925028793,-0.6169575053546731
203,12,13,12.433333333333334,-1.122859009424994,-0.6487593274404455
203,12,14,12.466666666666667,-1.1437876880529212,-0.6418227884944574
203,12,15,12.5,-1.19130144493795,-0.6065014608919683
203,12,16,12.533333333333333,-1.238815201822979,-0.5537975615158393
203,12,17,12.566666666666666,-1.2863289587080078,-0.49118292366428745
203,12,18,12.6,-1.357599594035551,-0.41997409555139137
203,12,19,12.633333333333333,-1.4045477109576658,-0.335240667022715
203,12,20,12.666666666666666,-1.499009584764804,-0.22833215366714713
203,12,21,12.7,-1.4797778260256191,-0.09113004134381686
203,12,22,12.733333333333333,-1.0883549716870506,0.0794954305338394
203,12,23,12.766666666666667,-0.26930830538318995,0.27854332788310643
203,12,24,12.8,0.7703379464582492,0.4919986788183335
203,12,25,12.833333333333334,1.4536310216619825,0.6984489286491542
203,12,26,12.866666666666667,1.6402922094246022,0.8729372924230447
203,12,27,12.9,1.4796504599561753,0.9922512133892489
203,12,28,12.933333333333334,1.2251124766435137,1.040156778810026
203,12,29,12.966666666666667,0.9417268552220993,1.0108766148688988
203,12,30,13.0,0.6583412338006688,0.9098357562812992
203,12,31,13.033333333333333,0.3913591713038466,0.7518111319842035
203,12,32,13.066666666666666,0.26578709953626645,0.5573389919383688
203,12,33,13.1,0.2341112616129157,0.3484377632880895
203,12,34,13.133333333333333,0.1718908656920425,0.1446269972820825
203,12,35,13.166666666666666,0.02991523499987553,-0.039967535145080016
203,12,36,13.2,-0.17314951168733628,-0.19790145087556735
203,12,37,13.233333333333333,-0.4225967353337324,-0.32798838647027245
203,12,38,13.266666666666667,-0.6935382775709862,-0.43359030870706544
203,12,39,13.3,-0.8824620251852625,-0.5203647802825826
203,12,40,13.333333333333334,-1.0713857727995495,-0.5941017458907161
203,12,41,13.366666666666667,-1.2020486042333736,-0.6589773847217005
203,12,42,13.4,-1.296510478040517,-0.7163694254532479
203,12,43,13.433333333333334,-1.3434585949626263,-0.7643212374762507
203,12,44,13.466666666666667,-1.390406711884741,-0.7976762962690174
203,12,45,13.5,-1.4373548288068503,-0.8087917187253776
203,12,46,13.533333333333333,-1.4843029457289596,-0.7886458558105038
203,12,47,13.566666666666666,-1.5312510626510742,-0.7282101353721667
203,12,48,13.6,-1.6189252569032098,-0.62013820266412
203,12,49,13.633333333333333,-1.672661053380327,-0.4608129923498227
203,12,50,13.666666666666666,-1.7026399714149298,-0.25242253021364935
203,12,51,13.7,-1.3881441520330573,-0.004403512922012847
203,12,52,13.733333333333333,-0.5713600455809181,0.26631302660793105
203,12,53,13.766666666666667,0.416247329672211,0.5364819091634819
203,12,54,13.8,1.197961758423498,0.7791410295984662
203,12,55,13.833333333333334,1.371613227039021,0.9675124011773936
203,12,56,13.866666666666667,1.225112476643519,1.0798888132009934
203,12,57,13.9,0.9434237751108419,1.1045584609989492
203,12,58,13.933333333333334,0.705854990685703,1.0429680380405637
203,12,59,13.966666666666667,0.42303500922719195,0.9093572251715488
203,12,60,14.0,0.18659750472788683,0.7266284663416027
203,12,61,14.033333333333333,0.09213563092074331,0.520130718081739
203,12,62,14.066666666666666,0.044056234072800265,0.3118690249588427
203,12,63,14.1,-0.0017606029234806463,0.1171105871184768
203,12,64,14.133333333333333,-0.04870871984558992,-0.056000519259929306
203,12,65,14.166666666666666,-0.23536990760820947,-0.20459638815488715
203,12,66,14.2,-0.4684135723300133,-0.3285413858045971
203,12,67,14.233333333333333,-0.6607311597217909,-0.42860669919045247
203,12,68,14.266666666666667,-0.849654907336078,-0.5059800880217927
203,12,69,14.3,-1.0385786549503542,-0.5627968878879046
203,12,70,14.333333333333334,-1.1381312884237524,-0.6028154906112492
203,12,71,14.366666666666667,-1.2325931622308905,-0.6312670131439937
203,12,72,14.4,-1.2795412791530052,-0.6532409730459117
203,12,73,14.433333333333334,-1.2863289587080078,-0.6708162606376477
203,12,74,14.466666666666667,-1.3338427155930366,-0.6802721671173823
203,12,75,14.5,-1.3813564724780656,-0.6712106259887185
203,12,76,14.533333333333333,-1.4288702293630944,-0.6286669852703118
203,12,77,14.566666666666666,-1.5142818637635624,-0.537822434707847
203,12,78,14.6,-1.561229980685677,-0.3897318117080658
203,12,79,14.633333333333333,-1.6189252569032098,-0.18607739479983904
203,12,80,14.666666666666666,-1.2953791981146672,0.05866898253741035
203,12,81,14.7,-0.5379872877688032,0.3186272512285551
203,12,82,14.733333333333333,0.3947530110813749,0.5616483327796775
203,12,83,14.766666666666667,1.0243102898079803,0.7570401371610437
203,12,84,14.8,1.0011190513283692,0.8828497746629094
203,12,85,14.833333333333334,0.6707853129848456,0.9294842999424261
203,12,86,14.866666666666667,0.34045157464130027,0.899018853822366
203,12,87,14.9,0.07460079207031728,0.8022187686071072
203,12,88,14.933333333333334,-0.08264711762061362,0.6554113943452614
203,12,89,14.966666666666667,-0.14599879346731517,0.4778583481206798
203,12,90,15.0,-0.11545423546979816,0.2893583249878192
203,12,91,15.033333333333333,-0.05097127969725745,0.10787429672187976
203,12,92,15.066666666666666,-0.12789831465396956,-0.052604175743804216
203,12,93,15.1,-0.298721583454911,-0.18352096732177825
203,12,94,15.133333333333333,-0.4876453310691873,-0.28223601566280937
203,12,95,15.166666666666666,-0.7320017950493449,-0.3514970938057063
203,12,96,15.2,-0.9333696218477926,-0.3979893660151554
203,12,97,15.233333333333333,-1.0278314956549361,-0.4301635046990342
203,12,98,15.266666666666667,-1.1222933694620743,-0.45578865351100295
203,12,99,15.3,-1.169241486384189,-0.4798118539084885
203,12,100,15.333333333333334,-1.19130144493795,-0.5029186883570017
203,12,101,15.366666666666667,-1.19130144493795,-0.5209160883002038
203,12,102,15.4,-1.238815201822979,-0.5249908029024167
203,12,103,15.433333333333334,-1.238815201822979,-0.5029786444739329
203,12,104,15.466666666666667,-1.3089545572246883,-0.4417837566148245
203,12,105,15.5,-1.3338427155930366,-0.3308739556897466
203,12,106,15.533333333333333,-1.1528379274595912,-0.166340866834102
203,12,107,15.566666666666666,-0.5487344470641997,0.045523543414095834
203,12,108,15.6,0.2748373389429474,0.28653813157413466
203,12,109,15.633333333333333,0.9982908515138145,0.5280222167988952
203,12,110,15.666666666666666,1.2126683974593424,0.7355601327937856
203,12,111,15.7,1.0333605292146557,0.8763265708254308
203,12,112,15.733333333333333,0.7318744289798795,0.9272929211980117
203,12,113,15.766666666666667,0.4190755294867819,0.8819157676270484
203,12,114,15.8,0.15265910695286314,0.7525179554002287
203,12,115,15.833333333333334,-0.00345752281222859,0.5666385339366647
203,12,116,15.866666666666667,-0.00345752281222859,0.35843326839650075
203,12,117,15.9,-0.00345752281222859,0.15868242456613305
203,12,118,15.933333333333334,-0.00345752281222859,-0.012871059612757117
203,12,119,15.966666666666667,-0.031739520958078075,-0.1507231023497338
203,12,120,16.0,-0.22066326857236515,-0.2620474325636436
203,12,121,16.033333333333335,-0.4095870161866414,-0.3614992424560601
203,12,122,16.066666666666666,-0.5985107638009285,-0.4644224797618664
203,12,123,16.1,-0.7399207545301759,-0.5806735719083209
203,12,124,16.133333333333333,-0.8700179460010911,-0.7106701149919646
203,12,125,16.166666666666668,-1.0012464173978346,-0.8443006192476877
203,12,126,16.2,-1.0487601742828634,-0.9625006772008695
203,12,127,16.233333333333334,-1.0962739311678924,-1.0408650027316577
203,12,128,16.266666666666666,-1.0962739311678924,-1.0545623775584172
203,12,129,16.3,-1.0962739311678924,-0.9837439966019985
203,12,130,16.333333333333332,-1.1437876880529212,-0.8184156866315747
203,12,131,16.366666666666667,-1.1364343685349991,-0.5616544679700916
203,12,132,16.4,-0.8587051467427589,-0.23037571550363697
203,12,133,16.433333333333334,-0.14373623361563684,0.1465597050103472
203,12,134,16.466666666666665,0.6594725137264971,0.5325471317456594
203,12,135,16.5,1.2471724351972857,0.8888989452022259
203,12,136,16.533333333333335,1.3699163071502733,1.1807150588726227
203,12,137,16.566666666666666,1.1725079600922304,1.3816661130572623
203,12,138,16.6,0.9366360955558447,1.4768406896992852
203,12,139,16.633333333333333,0.6560786739490012,1.4634714603795
203,12,140,16.666666666666668,0.4196411694496961,1.3498503467651224
203,12,141,16.7,0.2799280986091912,1.152930215474788
203,12,142,16.733333333333334,0.18659750472788683,0.8950834288944016
203,12,143,16.766666666666666,0.18659750472788683,0.600468560831711
203,12,144,16.8,0.18659750472788683,0.29156498248871265
203,12,145,16.833333333333332,0.09213563092074331,-0.013490091373409396
203,12,146,16.866666666666667,-0.049839999771423685,-0.3022635719368745
203,12,147,16.9,-0.28514622434490583,-0.5678505089920816
203,12,148,16.933333333333334,-0.4740699719591821,-0.8071812753747448
203,12,149,16.966666666666665,-0.6629937195734692,-1.0181418974607799
203,12,150,17.0,-0.8044037103027166,-1.1962405629303439
203,12,151,17.033333333333335,-0.9022594238873615,-1.3318901692828622
203,12,152,17.066666666666666,-0.9967212976944996,-1.409441655492892
203,12,153,17.1,-1.0436694146166088,-1.4088381309604643
203,12,154,17.133333333333333,-1.0487601742828634,-1.3101518410240072
203,12,155,17.166666666666668,-1.0962739311678924,-1.1002570752036862
203,12,156,17.2,-1.1370000084979186,-0.7797013195306143
203,12,157,17.233333333333334,-1.015953056433679,-0.3671760171948591
203,12,158,17.266666666666666,-0.48651405114338053,0.10052878719843461
203,12,159,17.3,0.3478048941592764,0.5736619193164595
203,12,160,17.333333333333332,1.1594982409451609,0.9984116738058314
203,12,161,17.366666666666667,1.4977509387695156,1.3269682680834731
203,12,162,17.4,1.4796504599561753,1.5260936096676236
203,12,163,17.433333333333334,1.216627877199747,1.5823119419602447
203,12,164,17.466666666666665,0.8744156996349661,1.5027776052451316
203,12,165,17.5,0.637978195135661,1.3118654663654343
203,12,166,17.533333333333335,0.44905444752138474,1.0445730271708369
203,12,167,17.566666666666666,0.37665253226800227,0.7385980953402915
203,12,168,17.6,0.37665253226800227,0.42711607718399464
203,12,169,17.633333333333333,0.34327977445589813,0.1338093501903952
203,12,170,17.666666666666668,0.2160107827995755,-0.12914141167101495
203,12,171,17.7,0.027087035185277615,-0.3601914235081264
203,12,172,17.733333333333334,-0.11432295554396979,-0.565256702945753
203,12,173,17.766666666666666,-0.35076046004327494,-0.7530427740660395
203,12,174,17.8,-0.5396842076575512,-0.929885399205473
203,12,175,17.833333333333332,-0.7461427941222589,-1.0952222876740216
203,12,176,17.866666666666667,-0.8406046679294078,-1.238760852604311
203,12,177,17.9,-0.8875527848515171,-1.340260901233613
203,12,178,17.933333333333334,-0.9345009017736264,-1.372604241509179
203,12,179,17.966666666666665,-0.9814490186957356,-1.3082114446102129
203,12,180,18.0,-1.0283971356178558,-1.1277406219620585
203,12,181,18.033333333333335,-0.9955900177686604,-0.8286807776711161
203,12,182,18.066666666666666,-0.5600472463225697,-0.43063993963871255
203,12,183,18.1,0.2001728638378704,0.025345504629402996
203,12,184,18.133333333333333,0.9536052944433836,0.4840885280522159
203,12,185,18.166666666666668,1.3280589498944186,0.8881183416714795
203,12,186,18.2,1.2794139130835507,1.1903425962502776
203,12,187,18.233333333333334,1.0197851701046505,1.3634542322271364
203,12,188,18.266666666666666,0.7363995486832038,1.4033414411740386
203,12,189,18.3,0.4530139272617894,1.3260736392722847
203,12,190,18.333333333333332,0.26013069990709764,1.1603944958106298
203,12,191,18.366666666666667,0.18659750472788683,0.9389736788138086
203,12,192,18.4,0.18659750472788683,0.6913860697345992
203,12,193,18.433333333333334,0.21431386291081675,0.4403273114953124
203,12,194,18.466666666666665,0.11985198910367861,0.2008935990487495
203,12,195,18.5,-0.022123641588488382,-0.018270787283778345
203,12,196,18.533333333333335,-0.22971350797902446,-0.21317893991258888
203,12,197,18.566666666666666,-0.4186372555933223,-0.3827344679772028
203,12,198,18.6,-0.6075610032075985,-0.5271798907114165
203,12,199,18.633333333333333,-0.7325674350122537,-0.6467320197171653
203,12,200,18.666666666666668,-0.8745430657044208,-0.7403711548648859
203,12,201,18.7,-0.9214911826265408,-0.8048856636701557
203,12,202,18.733333333333334,-0.9537326605128058,-0.8344593819797436
203,12,203,18.766666666666666,-1.0012464173978346,-0.8212092801151517
203,12,204,18.8,-1.0487601742828634,-0.7570038026975795
203,12,205,18.833333333333332,-1.035750455135767,-0.6365029534354416
203,12,206,18.866666666666667,-0.7964847508218641,-0.46070842699437387
203,12,207,18.9,-0.19351255035234402,-0.23970337672297418
203,12,208,18.933333333333334,0.562182440104761,0.006887197249913464
203,12,209,18.966666666666665,1.1216003634297218,0.25256435103086206
203,12,210,19.0,1.2217186368660125,0.46931155172281797
203,12,211,19.033333333333335,1.060511247434666,0.633921566899615
203,12,212,19.066666666666666,0.7296118691282228,0.7330468087083248
203,12,213,19.1,0.446226247706776,0.7651876388706768
203,12,214,19.133333333333333,0.22619230213207395,0.7390629285192643
203,12,215,19.166666666666668,0.13908374784285799,0.6692831385713324
203,12,216,19.2,0.18659750472788683,0.5712924619343659
203,12,217,19.233333333333334,0.2341112616129157,0.4575323105403267
203,12,218,19.266666666666666,0.1809411050987126,0.33569130998182806
203,12,219,19.3,0.03896547440654563,0.20871746214167688
203,12,220,19.333333333333332,-0.10753527598895642,0.0758914285040345
203,12,221,19.366666666666667,-0.2964590236032327,-0.06543767265257511
203,12,222,19.4,-0.48198893144002386,-0.21750339623076487
203,12,223,19.433333333333334,-0.6239645621321909,-0.37920325655900794
203,12,224,19.466666666666665,-0.718426435939329,-0.5430423552786026
203,12,225,19.5,-0.7653745528614383,-0.6929200849864042
203,12,226,19.533333333333335,-0.8111913898577192,-0.8040830845858762
203,12,227,19.566666666666666,-0.858705146742748,-0.8464209626934178
203,12,228,19.6,-0.858705146742748,-0.7914739969998746
203,12,229,19.633333333333333,-0.8592707867056676,-0.6220198237914286
203,12,230,19.666666666666668,-0.5781477251358883,-0.3413501733306244
203,12,231,19.7,0.07969155173659352,0.02158670322362075
203,12,232,19.733333333333334,0.8336896223049507,0.4142130978097608
203,12,233,19.766666666666666,1.3631286275952599,0.7701186476362921
203,12,234,19.8,1.4219551837386373,1.0241156957159654
203,12,235,19.833333333333332,1.1962648385347392,1.1277328151847528
203,12,236,19.866666666666667,0.9603929739983538,1.0600642735651957
203,12,237,19.9,0.7194303497957135,0.8309748846470231
203,12,238,19.933333333333334,0.48299284529640846,0.47709214232630864
203,12,239,19.966666666666665,0.3828745718600853,0.053595038998872954
203,13,0,13.0,0.6583412338006688,-0.07704990199591978
203,13,1,13.033333333333333,0.3913591713038466,-0.049349991797963094
203,13,2,13.066666666666666,0.26578709953626645,-0.027861637451725048
203,13,3,13.1,0.2341112616129157,-0.017158843385774943
203,13,4,13.133333333333333,0.1718908656920425,-0.017237190024804998
203,13,5,13.166666666666666,0.02991523499987553,-0.023656048681831607
203,13,6,13.2,-0.17314951168733628,-0.029337744134166795
203,13,7,13.233333333333333,-0.4225967353337324,-0.026902185257666467
203,13,8,13.266666666666667,-0.6935382775709862,-0.010397631804441154
203,13,9,13.3,-0.8824620251852625,0.02395956083976638
203,13,10,13.333333333333334,-1.0713857727995495,0.07762085448129509
203,13,11,13.366666666666667,-1.2020486042333736,0.14942839777703726
203,13,12,13.4,-1.296510478040517,0.23493340026167928
203,13,13,13.433333333333334,-1.3434585949626263,0.3256680366356201
203,13,14,13.466666666666667,-1.390406711884741,0.40910974259612554
203,13,15,13.5,-1.4373548288068503,0.47005006047257936
203,13,16,13.533333333333333,-1.4843029457289596,0.49367294183867944
203,13,17,13.566666666666666,-1.5312510626510742,0.46979361820305043
203,13,18,13.6,-1.6189252569032098,0.3966858850639618
203,13,19,13.633333333333333,-1.672661053380327,0.2826539363549223
203,13,20,13.666666666666666,-1.7026399714149298,0.1445054858470522
203,13,21,13.7,-1.3881441520330573,0.0035589728523679853
203,13,22,13.733333333333333,-0.5713600455809181,-0.11931653075169617
203,13,23,13.766666666666667,0.416247329672211,-0.2081200744027854
203,13,24,13.8,1.197961758423498,-0.25460258451157314
203,13,25,13.833333333333334,1.371613227039021,-0.2592284115012117
203,13,26,13.866666666666667,1.225112476643519,-0.2302506328763439
203,13,27,13.9,0.9434237751108419,-0.18122242819785486
203,13,28,13.933333333333334,0.705854990685703,-0.1275482459502435
203,13,29,13.966666666666667,0.42303500922719195,-0.08290509849793096
203,13,30,14.0,0.18659750472788683,-0.056398649091262985
203,13,31,14.033333333333333,0.09213563092074331,-0.051085040871980666
203,13,32,14.066666666666666,0.044056234072800265,-0.06404976242811862
203,13,33,14.1,-0.0017606029234806463,-0.08782460439147755
203,13,34,14.133333333333333,-0.04870871984558992,-0.11272425569779908
203,13,35,14.166666666666666,-0.23536990760820947,-0.1296222389443877
203,13,36,14.2,-0.4684135723300133,-0.13261984831758172
203,13,37,14.233333333333333,-0.6607311597217909,-0.12098664558282028
203,13,38,14.266666666666667,-0.849654907336078,-0.09977226544868137
203,13,39,14.3,-1.0385786549503542,-0.07873505161772885
203,13,40,14.333333333333334,-1.1381312884237524,-0.06970509101531717
203,13,41,14.366666666666667,-1.2325931622308905,-0.08296411722760022
203,13,42,14.4,-1.2795412791530052,-0.1234819543953927
203,13,43,14.433333333333334,-1.2863289587080078,-0.187983176588888
203,13,44,14.466666666666667,-1.3338427155930366,-0.26388183352756267
203,13,45,14.5,-1.3813564724780656,-0.33085629358574614
203,13,46,14.533333333333333,-1.4288702293630944,-0.3650860064615154
203,13,47,14.566666666666666,-1.5142818637635624,-0.3452907163673459
203,13,48,14.6,-1.561229980685677,-0.2591255215822896
203,13,49,14.633333333333333,-1.6189252569032098,-0.108227761087174
203,13,50,14.666666666666666,-1.2953791981146672,0.08979506372136474
203,13,51,14.7,-0.5379872877688032,0.3038030611243984
203,13,52,14.733333333333333,0.3947530110813749,0.4963667009967308
203,13,53,14.766666666666667,1.0243102898079803,0.6342116248473485
203,13,54,14.8,1.0011190513283692,0.6979229647047219
203,13,55,14.833333333333334,0.6707853129848456,0.686522384528505
203,13,56,14.866666666666667,0.34045157464130027,0.6151895496191021
203,13,57,14.9,0.07460079207031728,0.508001352645445
203,13,58,14.933333333333334,-0.08264711762061362,0.3893565722974766
203,13,59,14.966666666666667,-0.14599879346731517,0.27738300600970633
203,13,60,15.0,-0.11545423546979816,0.18108873217693958
203,13,61,15.033333333333333,-0.05097127969725745,0.10116290182654589
203,13,62,15.066666666666666,-0.12789831465396956,0.03285667314028402
203,13,63,15.1,-0.298721583454911,-0.031025374106069908
203,13,64,15.133333333333333,-0.4876453310691873,-0.09818817647202834
203,13,65,15.166666666666666,-0.7320017950493449,-0.17592240093086556
203,13,66,15.2,-0.9333696218477926,-0.27045491687891204
203,13,67,15.233333333333333,-1.0278314956549361,-0.38582021517724285
203,13,68,15.266666666666667,-1.1222933694620743,-0.5219137646367865
203,13,69,15.3,-1.169241486384189,-0.6720035038148385
203,13,70,15.333333333333334,-1.19130144493795,-0.8205924891122094
203,13,71,15.366666666666667,-1.19130144493795,-0.9429379049111803
203,13,72,15.4,-1.238815201822979,-1.0075116707641267
203,13,73,15.433333333333334,-1.238815201822979,-0.9820093626577848
203,13,74,15.466666666666667,-1.3089545572246883,-0.8421929003975397
203,13,75,15.5,-1.3338427155930366,-0.5813318503554517
203,13,76,15.533333333333333,-1.1528379274595912,-0.21695163470156054
203,13,77,15.566666666666666,-0.5487344470641997,0.20842097665302642
203,13,78,15.6,0.2748373389429474,0.634406383256012
203,13,79,15.633333333333333,0.9982908515138145,0.9967484883746361
203,13,80,15.666666666666666,1.2126683974593424,1.243553118319973
203,13,81,15.7,1.0333605292146557,1.347666842755272
203,13,82,15.733333333333333,0.7318744289798795,1.3109764191995075
203,13,83,15.766666666666667,0.4190755294867819,1.1601432739204502
203,13,84,15.8,0.15265910695286314,0.9363311523109569
203,13,85,15.833333333333334,-0.00345752281222859,0.6829266257917072
203,13,86,15.866666666666667,-0.00345752281222859,0.4352140884945294
203,13,87,15.9,-0.00345752281222859,0.2146577885645885
203,13,88,15.933333333333334,-0.00345752281222859,0.028357961913285108
203,13,89,15.966666666666667,-0.031739520958078075,-0.12763356913819754
203,13,90,16.0,-0.22066326857236515,-0.2633015733362789
203,13,91,16.033333333333335,-0.4095870161866414,-0.389832652339982
203,13,92,16.066666666666666,-0.5985107638009285,-0.5158917183558264
203,13,93,16.1,-0.7399207545301759,-0.645122369736313
203,13,94,16.133333333333333,-0.8700179460010911,-0.7747562716092925
203,13,95,16.166666666666668,-1.0012464173978346,-0.8953483773938414
203,13,96,16.2,-1.0487601742828634,-0.9917125366121332
203,13,97,16.233333333333334,-1.0962739311678924,-1.04506508879919
203,13,98,16.266666666666666,-1.0962739311678924,-1.0362865842736682
203,13,99,16.3,-1.0962739311678924,-0.9500214989313708
203,13,100,16.333333333333332,-1.1437876880529212,-0.7789922183952487
203,13,101,16.366666666666667,-1.1364343685349991,-0.5275135981467052
203,13,102,16.4,-0.8587051467427589,-0.21300453406414968
203,13,103,16.433333333333334,-0.14373623361563684,0.1354119748065351
203,13,104,16.466666666666665,0.6594725137264971,0.48129207508799676
203,13,105,16.5,1.2471724351972857,0.7873039514812007
203,13,106,16.533333333333335,1.3699163071502733,1.0220708810179726
203,13,107,16.566666666666666,1.1725079600922304,1.1655751360219213
203,13,108,16.6,0.9366360955558447,1.2116191483544145
203,13,109,16.633333333333333,0.6560786739490012,1.1668123174508056
203,13,110,16.666666666666668,0.4196411694496961,1.0468880285346123
203,13,111,16.7,0.2799280986091912,0.8720211209421073
203,13,112,16.733333333333334,0.18659750472788683,0.6626394195093324
203,13,113,16.766666666666666,0.18659750472788683,0.43644344724303535
203,13,114,16.8,0.18659750472788683,0.2067086953141972
203,13,115,16.833333333333332,0.09213563092074331,-0.018308329683359416
203,13,116,16.866666666666667,-0.049839999771423685,-0.23501155042906982
203,13,117,16.9,-0.28514622434490583,-0.44316446802956017
203,13,118,16.933333333333334,-0.4740699719591821,-0.6435974405665944
203,13,119,16.966666666666665,-0.6629937195734692,-0.8350814447307361
203,13,120,17.0,-0.8044037103027166,-1.0110131487393175
203,13,121,17.033333333333335,-0.9022594238873615,-1.1570549523698288
203,13,122,17.066666666666666,-0.9967212976944996,-1.2510310137736598
203,13,123,17.1,-1.0436694146166088,-1.2659930031758089
203,13,124,17.133333333333333,-1.0487601742828634,-1.1764508449773106
203,13,125,17.166666666666668,-1.0962739311678924,-0.9665572252575843
203,13,126,17.2,-1.1370000084979186,-0.6379379399727081
203,13,127,17.233333333333334,-1.015953056433679,-0.21429697984869997
203,13,128,17.266666666666666,-0.48651405114338053,0.2596714653935838
203,13,129,17.3,0.3478048941592764,0.7258086345100759
203,13,130,17.333333333333332,1.1594982409451609,1.1245519476202146
203,13,131,17.366666666666667,1.4977509387695156,1.407623693019125
203,13,132,17.4,1.4796504599561753,1.547384478891408
203,13,133,17.433333333333334,1.216627877199747,1.5404589424630166
203,13,134,17.466666666666665,0.8744156996349661,1.4053318652202729
203,13,135,17.5,0.637978195135661,1.1754040476881855
203,13,136,17.533333333333335,0.44905444752138474,0.8900229831757607
203,13,137,17.566666666666666,0.37665253226800227,0.5860580957678813
203,13,138,17.6,0.37665253226800227,0.2918248222358675
203,13,139,17.633333333333333,0.34327977445589813,0.024102323773808
203,13,140,17.666666666666668,0.2160107827995755,-0.21185699526077423
203,13,141,17.7,0.027087035185277615,-0.41991817001705506
203,13,142,17.733333333333334,-0.11432295554396979,-0.6090661232847527
203,13,143,17.766666666666666,-0.35076046004327494,-0.7886758573105683
203,13,144,17.8,-0.5396842076575512,-0.9638649687220513
203,13,145,17.833333333333332,-0.7461427941222589,-1.1317085540210043
203,13,146,17.866666666666667,-0.8406046679294078,-1.279110851390698
203,13,147,17.9,-0.8875527848515171,-1.383159217373653
203,13,148,17.933333333333334,-0.9345009017736264,-1.4146528257914823
203,13,149,17.966666666666665,-0.9814490186957356,-1.3448758950044963
203,13,150,18.0,-1.0283971356178558,-1.154473048783587
203,13,151,18.033333333333335,-0.9955900177686604,-0.8419090396090402
203,13,152,18.066666666666666,-0.5600472463225697,-0.42826073446104707
203,13,153,18.1,0.2001728638378704,0.0441613102995555
203,13,154,18.133333333333333,0.9536052944433836,0.5195667321992644
203,13,155,18.166666666666668,1.3280589498944186,0.9404608038259191
203,13,156,18.2,1.2794139130835507,1.259711285923459
203,13,157,18.233333333333334,1.0197851701046505,1.449333951073694
203,13,158,18.266666666666666,0.7363995486832038,1.5037420541081532
203,13,159,18.3,0.4530139272617894,1.437162402661131
203,13,160,18.333333333333332,0.26013069990709764,1.2768585428668897
203,13,161,18.366666666666667,0.18659750472788683,1.0549289557446557
203,13,162,18.4,0.18659750472788683,0.801314753631043
203,13,163,18.433333333333334,0.21431386291081675,0.5395305809240455
203,13,164,18.466666666666665,0.11985198910367861,0.2852414721728861
203,13,165,18.5,-0.022123641588488382,0.04690823654728365
203,13,166,18.533333333333335,-0.22971350797902446,-0.1723691564084989
203,13,167,18.566666666666666,-0.4186372555933223,-0.3723961516618858
203,13,168,18.6,-0.6075610032075985,-0.5532767172133858
203,13,169,18.633333333333333,-0.7325674350122537,-0.7131407194470053
203,13,170,18.666666666666668,-0.8745430657044208,-0.8466450280364681
203,13,171,18.7,-0.9214911826265408,-0.944567106358242
203,13,172,18.733333333333334,-0.9537326605128058,-0.9946885897097805
203,13,173,18.766666666666666,-1.0012464173978346,-0.9840228244637849
203,13,174,18.8,-1.0487601742828634,-0.9021983135459694
203,13,175,18.833333333333332,-1.035750455135767,-0.745412038529795
203,13,176,18.866666666666667,-0.7964847508218641,-0.5198955885482631
203,13,177,18.9,-0.19351255035234402,-0.24357781542200288
203,13,178,18.933333333333334,0.562182440104761,0.055127196265969194
203,13,179,18.966666666666665,1.1216003634297218,0.34165457064295646
203,13,180,19.0,1.2217186368660125,0.5818316009559539
203,13,181,19.033333333333335,1.060511247434666,0.7487641549910923
203,13,182,19.066666666666666,0.7296118691282228,0.8279740887273885
203,13,183,19.1,0.446226247706776,0.8193181635441813
203,13,184,19.133333333333333,0.22619230213207395,0.7354105606797099
203,13,185,19.166666666666668,0.13908374784285799,0.5974383151748754
203,13,186,19.2,0.18659750472788683,0.4298770599051673
203,13,187,19.233333333333334,0.2341112616129157,0.2555710459986017
203,13,188,19.266666666666666,0.1809411050987126,0.09213673738595492
203,13,189,19.3,0.03896547440654563,-0.04999365869612495
203,13,190,19.333333333333332,-0.10753527598895642,-0.16802874956657288
203,13,191,19.366666666666667,-0.2964590236032327,-0.2659598278567228
203,13,192,19.4,-0.48198893144002386,-0.3523135938517564
203,13,193,19.433333333333334,-0.6239645621321909,-0.43641155693136857
203,13,194,19.466666666666665,-0.718426435939329,-0.5235969659791477
203,13,195,19.5,-0.7653745528614383,-0.6107124256097395
203,13,196,19.533333333333335,-0.8111913898577192,-0.6835912530295197
203,13,197,19.566666666666666,-0.858705146742748,-0.7181567837205198
203,13,198,19.6,-0.858705146742748,-0.6858523525428665
203,13,199,19.633333333333333,-0.8592707867056676,-0.5626496811512705
203,13,200,19.666666666666668,-0.5781477251358883,-0.3391936186805046
203,13,201,19.7,0.07969155173659352,-0.028462574328565384
203,13,202,19.733333333333334,0.8336896223049507,0.33261040271529124
203,13,203,19.766666666666666,1.3631286275952599,0.6894602802444171
203,13,204,19.8,1.4219551837386373,0.9831260046655353
203,13,205,19.833333333333332,1.1962648385347392,1.1661823493404198
203,13,206,19.866666666666667,0.9603929739983538,1.2152695020419146
203,13,207,19.9,0.7194303497957135,1.1351686767348133
203,13,208,19.933333333333334,0.48299284529640846,0.9534213749748283
203,13,209,19.966666666666665,0.3828745718600853,0.7089525792050183
203,13,210,20.0,0.3291387753829734,0.44017653709295956
203,13,211,20.033333333333335,0.3364920949008956,0.17700357277357986
203,13,212,20.066666666666666,0.2895439779787863,-0.06177933145535074
203,13,213,20.1,0.1475683472866085,-0.267113437426443
203,13,214,20.133333333333333,-0.03287080088391724,-0.43678206456085855
203,13,215,20.166666666666668,-0.2217945484981935,-0.5729622191616132
203,13,216,20.2,-0.4107182961124698,-0.6807157617287973
203,13,217,20.233333333333334,-0.5628754461371568,-0.7668111646821322
203,13,218,20.266666666666666,-0.657337319944295,-0.8381397843351981
203,13,219,20.3,-0.7517991937514331,-0.8995521573585258
203,13,220,20.333333333333332,-0.7987473106735424,-0.9515376658855002
203,13,221,20.366666666666667,-0.8111913898577192,-0.9885153698582858
203,13,222,20.4,-0.8111913898577192,-0.9985503604578705
203,13,223,20.433333333333334,-0.858705146742748,-0.9650404672091948
203,13,224,20.466666666666665,-0.793090911044379,-0.8703873059725504
203,13,225,20.5,-0.3326599812298915,-0.7010454761126206
203,13,226,20.533333333333335,0.42416628915306354,-0.4528212279764004
203,13,227,20.566666666666666,1.290726712341899,-0.13496742810386272
203,13,228,20.6,1.7511576421563324,0.22840901329571
203,13,229,20.633333333333333,1.8196000776692995,0.6006986584118019
203,13,230,20.666666666666668,1.6957249257904619,0.9390253105857104
203,13,231,20.7,1.4592874212911568,1.203113625970375
203,13,232,20.733333333333334,1.242081675531031,1.36419916708448
203,13,233,20.766666666666666,0.9586960541096166,1.4109634265684416
203,13,234,20.8,0.7771256260132409,1.3504650913204759
203,13,235,20.833333333333332,0.7092488304632043,1.2039197585404469
203,13,236,20.866666666666667,0.6832293921690223,0.9990073564779858
203,13,237,20.9,0.5887675183618842,0.7615243917837473
203,13,238,20.933333333333334,0.4219037293013528,0.5093597042828464
203,13,239,20.966666666666665,0.20865746328164253,0.2509503954170986
203,14,0,14.0,0.18659750472788683,0.06892286555350816
203,14,1,14.033333333333333,0.09213563092074331,0.22312730645796439
203,14,2,14.066666666666666,0.044056234072800265,0.36071459394233285
203,14,3,14.1,-0.0017606029234806463,0.46857044178476537
203,14,4,14.133333333333333,-0.04870871984558992,0.5366336437829278
203,14,5,14.166666666666666,-0.23536990760820947,0.5593731641358991
203,14,6,14.2,-0.4684135723300133,0.5365528380360775
203,14,7,14.233333333333333,-0.6607311597217909,0.4729338898325897
203,14,8,14.266666666666667,-0.849654907336078,0.3768800032334333
203,14,9,14.3,-1.0385786549503542,0.25821904371911336
203,14,10,14.333333333333334,-1.1381312884237524,0.12605338149929932
203,14,11,14.366666666666667,-1.2325931622308905,-0.012731286236156504
203,14,12,14.4,-1.2795412791530052,-0.15383081628851994
203,14,13,14.433333333333334,-1.2863289587080078,-0.2948128243770318
203,14,14,14.466666666666667,-1.3338427155930366,-0.43372331654767343
203,14,15,14.5,-1.3813564724780656,-0.5674980937679033
203,14,16,14.533333333333333,-1.4288702293630944,-0.690576000600759
203,14,17,14.566666666666666,-1.5142818637635624,-0.7939462842105427
203,14,18,14.6,-1.561229980685677,-0.8647681138658756
203,14,19,14.633333333333333,-1.6189252569032098,-0.8868121167449744
203,14,20,14.666666666666666,-1.2953791981146672,-0.8421979476635119
203,14,21,14.7,-0.5379872877688032,-0.7147962480369361
203,14,22,14.733333333333333,0.3947530110813749,-0.4950308830305182
203,14,23,14.766666666666667,1.0243102898079803,-0.1852054305054394
203,14,24,14.8,1.0011190513283692,0.19578704235300837
203,14,25,14.833333333333334,0.6707853129848456,0.6101769695768372
203,14,26,14.866666666666667,0.34045157464130027,1.004275584376467
203,14,27,14.9,0.07460079207031728,1.3185341708571943
203,14,28,14.933333333333334,-0.08264711762061362,1.5025511961270293
203,14,29,14.966666666666667,-0.14599879346731517,1.5290952316480724
203,14,30,15.0,-0.11545423546979816,1.401218933985932
203,14,31,15.033333333333333,-0.05097127969725745,1.1498946770263823
203,14,32,15.066666666666666,-0.12789831465396956,0.8237279623138671
203,14,33,15.1,-0.298721583454911,0.47509209078613684
203,14,34,15.133333333333333,-0.4876453310691873,0.147521639152747
203,14,35,15.166666666666666,-0.7320017950493449,-0.13218115738995026
203,14,36,15.2,-0.9333696218477926,-0.3558458531293511
203,14,37,15.233333333333333,-1.0278314956549361,-0.5305969309117752
203,14,38,15.266666666666667,-1.1222933694620743,-0.6723484469827111
203,14,39,15.3,-1.169241486384189,-0.7985059584623568
203,14,40,15.333333333333334,-1.19130144493795,-0.9216975879665423
203,14,41,15.366666666666667,-1.19130144493795,-1.0454772996306496
203,14,42,15.4,-1.238815201822979,-1.1622861291935627
203,14,43,15.433333333333334,-1.238815201822979,-1.253727528727327
203,14,44,15.466666666666667,-1.3089545572246883,-1.2932633142312877
203,14,45,15.5,-1.3338427155930366,-1.2513972079907474
203,14,46,15.533333333333333,-1.1528379274595912,-1.1029698677339168
203,14,47,15.566666666666666,-0.5487344470641997,-0.8353425446913766
203,14,48,15.6,0.2748373389429474,-0.4553371110409396
203,14,49,15.633333333333333,0.9982908515138145,0.007605082314849266
203,14,50,15.666666666666666,1.2126683974593424,0.5039833118391437
203,14,51,15.7,1.0333605292146557,0.9727346842369556
203,14,52,15.733333333333333,0.7318744289798795,1.353592843217476
203,14,53,15.766666666666667,0.4190755294867819,1.5996201368639411
203,14,54,15.8,0.15265910695286314,1.686264506344593
203,14,55,15.833333333333334,-0.00345752281222859,1.6147440882871797
203,14,56,15.866666666666667,-0.00345752281222859,1.4095095545451768
203,14,57,15.9,-0.00345752281222859,1.1111083145878549
203,14,58,15.933333333333334,-0.00345752281222859,0.7665505466051604
203,14,59,15.966666666666667,-0.031739520958078075,0.41946766825902065
203,14,60,16.0,-0.22066326857236515,0.10225852239777965
203,14,61,16.033333333333335,-0.4095870161866414,-0.16810413636791083
203,14,62,16.066666666666666,-0.5985107638009285,-0.3899911330178612
203,14,63,16.1,-0.7399207545301759,-0.5732928365049782
203,14,64,16.133333333333333,-0.8700179460010911,-0.7331347686165448
203,14,65,16.166666666666668,-1.0012464173978346,-0.8827118825946086
203,14,66,16.2,-1.0487601742828634,-1.0268566100957883
203,14,67,16.233333333333334,-1.0962739311678924,-1.1578597171222456
203,14,68,16.266666666666666,-1.0962739311678924,-1.2548182628761395
203,14,69,16.3,-1.0962739311678924,-1.2872400149230958
203,14,70,16.333333333333332,-1.1437876880529212,-1.222676380465361
203,14,71,16.366666666666667,-1.1364343685349991,-1.0369042743945442
203,14,72,16.4,-0.8587051467427589,-0.7239782340376695
203,14,73,16.433333333333334,-0.14373623361563684,-0.3028087794477212
203,14,74,16.466666666666665,0.6594725137264971,0.18268572480480477
203,14,75,16.5,1.2471724351972857,0.67097843764376
203,14,76,16.533333333333335,1.3699163071502733,1.096119137318199
203,14,77,16.566666666666666,1.1725079600922304,1.4024905681022228
203,14,78,16.6,0.9366360955558447,1.5563584298810755
203,14,79,16.633333333333333,0.6560786739490012,1.5509340798172018
203,14,80,16.666666666666668,0.4196411694496961,1.4043343482832826
203,14,81,16.7,0.2799280986091912,1.1522341367775828
203,14,82,16.733333333333334,0.18659750472788683,0.8381140152183642
203,14,83,16.766666666666666,0.18659750472788683,0.5038566460947453
203,14,84,16.8,0.18659750472788683,0.18264631745296847
203,14,85,16.833333333333332,0.09213563092074331,-0.10486369490976258
203,14,86,16.866666666666667,-0.049839999771423685,-0.3510452831678994
203,14,87,16.9,-0.28514622434490583,-0.5589784567277388
203,14,88,16.933333333333334,-0.4740699719591821,-0.7381147979059757
203,14,89,16.966666666666665,-0.6629937195734692,-0.8987906853293061
203,14,90,17.0,-0.8044037103027166,-1.046547317067543
203,14,91,17.033333333333335,-0.9022594238873615,-1.1774231452158728
203,14,92,17.066666666666666,-0.9967212976944996,-1.275618749669627
203,14,93,17.1,-1.0436694146166088,-1.314877128312236
203,14,94,17.133333333333333,-1.0487601742828634,-1.2642424459913086
203,14,95,17.166666666666668,-1.0962739311678924,-1.097464828372056
203,14,96,17.2,-1.1370000084979186,-0.8035720402608503
203,14,97,17.233333333333334,-1.015953056433679,-0.39490374204852297
203,14,98,17.266666666666666,-0.48651405114338053,0.09091079849263999
203,14,99,17.3,0.3478048941592764,0.5966186969647919
203,14,100,17.333333333333332,1.1594982409451609,1.0571979601817714
203,14,101,17.366666666666667,1.4977509387695156,1.414003579688793
203,14,102,17.4,1.4796504599561753,1.6268288984760493
203,14,103,17.433333333333334,1.216627877199747,1.6806930775117013
203,14,104,17.466666666666665,0.8744156996349661,1.586033518044536
203,14,105,17.5,0.637978195135661,1.3729948918199968
203,14,106,17.533333333333335,0.44905444752138474,1.0822317875421272
203,14,107,17.566666666666666,0.37665253226800227,0.7553283550277872
203,14,108,17.6,0.37665253226800227,0.42725298871103695
203,14,109,17.633333333333333,0.34327977445589813,0.1219299221092115
203,14,110,17.666666666666668,0.2160107827995755,-0.14905336520244378
203,14,111,17.7,0.027087035185277615,-0.38512467473605755
203,14,112,17.733333333333334,-0.11432295554396979,-0.5934957858694148
203,14,113,17.766666666666666,-0.35076046004327494,-0.7846987068967937
203,14,114,17.8,-0.5396842076575512,-0.9674854061964141
203,14,115,17.833333333333332,-0.7461427941222589,-1.1437544860632525
203,14,116,17.866666666666667,-0.8406046679294078,-1.3044810210681088
203,14,117,17.9,-0.8875527848515171,-1.428061969931342
203,14,118,17.933333333333334,-0.9345009017736264,-1.4826399792481955
203,14,119,17.966666666666665,-0.9814490186957356,-1.4332122935107274
203,14,120,18.0,-1.0283971356178558,-1.2524925055904028
203,14,121,18.033333333333335,-0.9955900177686604,-0.9323595068920525
203,14,122,18.066666666666666,-0.5600472463225697,-0.4915374313911431
203,14,123,18.1,0.2001728638378704,0.02414169080776187
203,14,124,18.133333333333333,0.9536052944433836,0.5498999355479064
203,14,125,18.166666666666668,1.3280589498944186,1.0162885881854267
203,14,126,18.2,1.2794139130835507,1.3649111184216578
203,14,127,18.233333333333334,1.0197851701046505,1.5605387266985622
203,14,128,18.266666666666666,0.7363995486832038,1.5961961855751468
203,14,129,18.3,0.4530139272617894,1.4905501013443603
203,14,130,18.333333333333332,0.26013069990709764,1.2795380884825265
203,14,131,18.366666666666667,0.18659750472788683,1.005653515883214
203,14,132,18.4,0.18659750472788683,0.7082695335677738
203,14,133,18.433333333333334,0.21431386291081675,0.4171985861634916
203,14,134,18.466666666666665,0.11985198910367861,0.15010198374692132
203,14,135,18.5,-0.022123641588488382,-0.08683498971325064
203,14,136,18.533333333333335,-0.22971350797902446,-0.2959862216278013
203,14,137,18.566666666666666,-0.4186372555933223,-0.4840881435844367
203,14,138,18.6,-0.6075610032075985,-0.6576078271248569
203,14,139,18.633333333333333,-0.7325674350122537,-0.8184868005051958
203,14,140,18.666666666666668,-0.8745430657044208,-0.9610659556326655
203,14,141,18.7,-0.9214911826265408,-1.070977226270876
203,14,142,18.733333333333334,-0.9537326605128058,-1.126660878529535
203,14,143,18.766666666666666,-1.0012464173978346,-1.103756998844104
203,14,144,18.8,-1.0487601742828634,-0.9818500297651652
203,14,145,18.833333333333332,-1.035750455135767,-0.752102579284041
203,14,146,18.866666666666667,-0.7964847508218641,-0.42355865523703246
203,14,147,18.9,-0.19351255035234402,-0.025691979586993343
203,14,148,18.933333333333334,0.562182440104761,0.3945688838584405
203,14,149,18.966666666666665,1.1216003634297218,0.781437455053308
203,14,150,19.0,1.2217186368660125,1.082328097648288
203,14,151,19.033333333333335,1.060511247434666,1.259594555493396
203,14,152,19.066666666666666,0.7296118691282228,1.2982135547955784
203,14,153,19.1,0.446226247706776,1.2072599749241617
203,14,154,19.133333333333333,0.22619230213207395,1.0152573616830065
203,14,155,19.166666666666668,0.13908374784285799,0.7614018370174257
203,14,156,19.2,0.18659750472788683,0.48557279862905867
203,14,157,19.233333333333334,0.2341112616129157,0.2198641635716782
203,14,158,19.266666666666666,0.1809411050987126,-0.016571922002947465
203,14,159,19.3,0.03896547440654563,-0.2187702367053203
203,14,160,19.333333333333332,-0.10753527598895642,-0.39367390916526995
203,14,161,19.366666666666667,-0.2964590236032327,-0.5552585198898128
203,14,162,19.4,-0.48198893144002386,-0.7181312926571715
203,14,163,19.433333333333334,-0.6239645621321909,-0.8907455812487242
203,14,164,19.466666666666665,-0.718426435939329,-1.0695925161644246
203,14,165,19.5,-0.7653745528614383,-1.2359711360570962
203,14,166,19.533333333333335,-0.8111913898577192,-1.3568634938573465
203,14,167,19.566666666666666,-0.858705146742748,-1.3908059066816203
203,14,168,19.6,-0.858705146742748,-1.2983674642052616
203,14,169,19.633333333333333,-0.8592707867056676,-1.0550548169501317
203,14,170,19.666666666666668,-0.5781477251358883,-0.6627340115731211
203,14,171,19.7,0.07969155173659352,-0.15505524172244436
203,14,172,19.733333333333334,0.8336896223049507,0.4062693259879597
203,14,173,19.766666666666666,1.3631286275952599,0.9442387171537563
203,14,174,19.8,1.4219551837386373,1.384427043781046
203,14,175,19.833333333333332,1.1962648385347392,1.6717602007932586
203,14,176,19.866666666666667,0.9603929739983538,1.7808987003638703
203,14,177,19.9,0.7194303497957135,1.7179204454156274
203,14,178,19.933333333333334,0.48299284529640846,1.5141937035850277
203,14,179,19.966666666666665,0.3828745718600853,1.2155142972076074
203,14,180,20.0,0.3291387753829734,0.8703238853568247
203,14,181,20.033333333333335,0.3364920949008956,0.520230029607435
203,14,182,20.066666666666666,0.2895439779787863,0.19460256827664194
203,14,183,20.1,0.1475683472866085,-0.09059025283992816
203,14,184,20.133333333333333,-0.03287080088391724,-0.33072717533896706
203,14,185,20.166666666666668,-0.2217945484981935,-0.5287557323836224
203,14,186,20.2,-0.4107182961124698,-0.6910187922228779
203,14,187,20.233333333333334,-0.5628754461371568,-0.823571513956016
203,14,188,20.266666666666666,-0.657337319944295,-0.9295048160357066
203,14,189,20.3,-0.7517991937514331,-1.0075640948864635
203,14,190,20.333333333333332,-0.7987473106735424,-1.0521683904554382
203,14,191,20.366666666666667,-0.8111913898577192,-1.054719748915933
203,14,192,20.4,-0.8111913898577192,-1.0058550031199176
203,14,193,20.433333333333334,-0.858705146742748,-0.8981499449749211
203,14,194,20.466666666666665,-0.793090911044379,-0.7287934739875026
203,14,195,20.5,-0.3326599812298915,-0.5017499337347937
203,14,196,20.533333333333335,0.42416628915306354,-0.22884472852261148
203,14,197,20.566666666666666,1.290726712341899,0.07070842920111031
203,14,198,20.6,1.7511576421563324,0.37238251848855847
203,14,199,20.633333333333333,1.8196000776692995,0.6495162171477286
203,14,200,20.666666666666668,1.6957249257904619,0.8768182046534194
203,14,201,20.7,1.4592874212911568,1.0335079845501547
203,14,202,20.733333333333334,1.242081675531031,1.1057304113446587
203,14,203,20.766666666666666,0.9586960541096166,1.0881660494663776
203,14,204,20.8,0.7771256260132409,0.984794997743271
203,14,205,20.833333333333332,0.7092488304632043,0.8085945965116401
203,14,206,20.866666666666667,0.6832293921690223,0.5798194232589804
203,14,207,20.9,0.5887675183618842,0.3227843093168957
203,14,208,20.933333333333334,0.4219037293013528,0.06179615273044675
203,14,209,20.966666666666665,0.20865746328164253,-0.18249456598600752
203,14,210,21.0,-0.00345752281222859,-0.3951121626386165
203,14,211,21.033333333333335,-0.19238127042650485,-0.5666991083613009
203,14,212,21.066666666666666,-0.3586794195241167,-0.6919606331056961
203,14,213,21.1,-0.5006550502162836,-0.7678130450429698
203,14,214,21.133333333333333,-0.5951169240234218,-0.7922871061366218
203,14,215,21.166666666666668,-0.68957879783056,-0.7645656623391538
203,14,216,21.2,-0.7365269147526801,-0.6858665300065774
203,14,217,21.233333333333334,-0.7834750316747893,-0.5605569961099744
203,14,218,21.266666666666666,-0.8304231485968986,-0.396953847813465
203,14,219,21.3,-0.9062189036277769,-0.20749231439909008
203,14,220,21.333333333333332,-0.8881184248144367,-0.008112201682469844
203,14,221,21.366666666666667,-0.5634410861000441,0.1831512740390753
203,14,222,21.4,0.13229606828786622,0.348188204159766
203,14,223,21.433333333333334,0.9994221314396212,0.471125474045288
203,14,224,21.466666666666665,1.6278481302404144,0.5406109827631
203,14,225,21.5,1.8495789957038968,0.5517170009730374
203,14,226,21.533333333333335,1.7251382038621506,0.5069432847154439
203,14,227,21.566666666666666,1.5362144562478743,0.415799869710605
203,14,228,21.6,1.299776951748569,0.29286804775036424
203,14,229,21.633333333333333,1.050329728102146,0.15486258396859232
203,14,230,21.666666666666668,0.7918322650490852,0.017644118065868863
203,14,231,21.7,0.6973703912419471,-0.10588208418091208
203,14,232,21.733333333333334,0.6504222743198378,-0.20650088329872318
203,14,233,21.766666666666666,0.54521324121726,-0.2782477980625193
203,14,234,21.8,0.35628949360298373,-0.3175247357271978
203,14,235,21.833333333333332,0.11985198910367861,-0.32257339278152536
203,14,236,21.866666666666667,-0.06907175851059766,-0.2936582005910702
203,14,237,21.9,-0.2579955061248955,-0.23370059962578216
203,14,238,21.933333333333334,-0.4469192537391718,-0.1487741414453147
203,14,239,21.966666666666665,-0.6284896818355259,-0.04795450826655408
203,15,0,15.0,-0.11545423546979816,-0.045422126904224064
203,15,1,15.033333333333333,-0.05097127969725745,0.003895264065284361
203,15,2,15.066666666666666,-0.12789831465396956,0.03748188824265623
203,15,3,15.1,-0.298721583454911,0.04482607188310939
203,15,4,15.133333333333333,-0.4876453310691873,0.02199189906168542
203,15,5,15.166666666666666,-0.7320017950493449,-0.028536895013033352
203,15,6,15.2,-0.9333696218477926,-0.1001246800576121
203,15,7,15.233333333333333,-1.0278314956549361,-0.18507253786879066
203,15,8,15.266666666666667,-1.1222933694620743,-0.27727820684618343
203,15,9,15.3,-1.169241486384189,-0.37367801937426226
203,15,10,15.333333333333334,-1.19130144493795,-0.47399113939288984
203,15,11,15.366666666666667,-1.19130144493795,-0.5786080765518882
203,15,12,15.4,-1.238815201822979,-0.6851060643410124
203,15,13,15.433333333333334,-1.238815201822979,-0.7846172522954077
203,15,14,15.466666666666667,-1.3089545572246883,-0.8597001020929534
203,15,15,15.5,-1.3338427155930366,-0.8852612388442462
203,15,16,15.533333333333333,-1.1528379274595912,-0.8333594236384777
203,15,17,15.566666666666666,-0.5487344470641997,-0.6813412098202769
203,15,18,15.6,0.2748373389429474,-0.4210350760558418
203,15,19,15.633333333333333,0.9982908515138145,-0.06559239221462948
203,15,20,15.666666666666666,1.2126683974593424,0.34915754937167637
203,15,21,15.7,1.0333605292146557,0.7702484815635452
203,15,22,15.733333333333333,0.7318744289798795,1.1388906092735198
203,15,23,15.766666666666667,0.4190755294867819,1.4040484421785295
203,15,24,15.8,0.15265910695286314,1.533627957363291
203,15,25,15.833333333333334,-0.00345752281222859,1.5196388582848566
203,15,26,15.866666666666667,-0.00345752281222859,1.376614538594931
203,15,27,15.9,-0.00345752281222859,1.1352588320668355
203,15,28,15.933333333333334,-0.00345752281222859,0.8339985423283656
203,15,29,15.966666666666667,-0.031739520958078075,0.5105405263586973
203,15,30,16.0,-0.22066326857236515,0.19502737180672738
203,15,31,16.033333333333335,-0.4095870161866414,-0.09396636260046681
203,15,32,16.066666666666666,-0.5985107638009285,-0.34999108399126727
203,15,33,16.1,-0.7399207545301759,-0.5760545346779032
203,15,34,16.133333333333333,-0.8700179460010911,-0.7796607927663293
203,15,35,16.166666666666668,-1.0012464173978346,-0.9669418244034721
203,15,36,16.2,-1.0487601742828634,-1.1374435758991366
203,15,37,16.233333333333334,-1.0962739311678924,-1.2810165950536514
203,15,38,16.266666666666666,-1.0962739311678924,-1.3778480874011745
203,15,39,16.3,-1.0962739311678924,-1.4019627779454005
203,15,40,16.333333333333332,-1.1437876880529212,-1.327607479420791
203,15,41,16.366666666666667,-1.1364343685349991,-1.13706111683541
203,15,42,16.4,-0.8587051467427589,-0.8278413248513725
203,15,43,16.433333333333334,-0.14373623361563684,-0.4171482364304378
203,15,44,16.466666666666665,0.6594725137264971,0.0581933966421341
203,15,45,16.5,1.2471724351972857,0.546920049182433
203,15,46,16.533333333333335,1.3699163071502733,0.9926179614518021
203,15,47,16.566666666666666,1.1725079600922304,1.3445937138811423
203,15,48,16.6,0.9366360955558447,1.5672231997500052
203,15,49,16.633333333333333,0.6560786739490012,1.645286534101294
203,15,50,16.666666666666668,0.4196411694496961,1.5843142329811435
203,15,51,16.7,0.2799280986091912,1.4066052216614666
203,15,52,16.733333333333334,0.18659750472788683,1.1446015946999055
203,15,53,16.766666666666666,0.18659750472788683,0.8335635254657382
203,15,54,16.8,0.18659750472788683,0.5051974264083955
203,15,55,16.833333333333332,0.09213563092074331,0.18332929645405943
203,15,56,16.866666666666667,-0.049839999771423685,-0.11788505644069913
203,15,57,16.9,-0.28514622434490583,-0.39322028054625097
203,15,58,16.933333333333334,-0.4740699719591821,-0.6434975243744707
203,15,59,16.966666666666665,-0.6629937195734692,-0.8712707344480962
203,15,60,17.0,-0.8044037103027166,-1.0761156005486356
203,15,61,17.033333333333335,-0.9022594238873615,-1.2507608561299328
203,15,62,17.066666666666666,-0.9967212976944996,-1.3792739792795885
203,15,63,17.1,-1.0436694146166088,-1.4382433724293082
203,15,64,17.133333333333333,-1.0487601742828634,-1.4013638233729175
203,15,65,17.166666666666668,-1.0962739311678924,-1.246899443227402
203,15,66,17.2,-1.1370000084979186,-0.9662470289426598
203,15,67,17.233333333333334,-1.015953056433679,-0.5707924484607639
203,15,68,17.266666666666666,-0.48651405114338053,-0.09415180480658816
203,15,69,17.3,0.3478048941592764,0.4118183529870698
203,15,70,17.333333333333332,1.1594982409451609,0.8864778782480159
203,15,71,17.366666666666667,1.4977509387695156,1.2724472856898894
203,15,72,17.4,1.4796504599561753,1.526701531557187
203,15,73,17.433333333333334,1.216627877199747,1.6278606060331442
203,15,74,17.466666666666665,0.8744156996349661,1.5781556678419024
203,15,75,17.5,0.637978195135661,1.4001238111297607
203,15,76,17.533333333333335,0.44905444752138474,1.1295609218562037
203,15,77,17.566666666666666,0.37665253226800227,0.8070637955990974
203,15,78,17.6,0.37665253226800227,0.47030897668811633
203,15,79,17.633333333333333,0.34327977445589813,0.14843920281815837
203,15,80,17.666666666666668,0.2160107827995755,-0.14085553278229815
203,15,81,17.7,0.027087035185277615,-0.391527867952665
203,15,82,17.733333333333334,-0.11432295554396979,-0.6069444170296309
203,15,83,17.766666666666666,-0.35076046004327494,-0.7957679867328186
203,15,84,17.8,-0.5396842076575512,-0.9666790869251072
203,15,85,17.833333333333332,-0.7461427941222589,-1.1229427408862287
203,15,86,17.866666666666667,-0.8406046679294078,-1.2581469107524372
203,15,87,17.9,-0.8875527848515171,-1.3545726677477892
203,15,88,17.933333333333334,-0.9345009017736264,-1.3853439962997056
203,15,89,17.966666666666665,-0.9814490186957356,-1.3206624629224382
203,15,90,18.0,-1.0283971356178558,-1.1371461427804472
203,15,91,18.033333333333335,-0.9955900177686604,-0.827787185953314
203,15,92,18.066666666666666,-0.5600472463225697,-0.40892818871139636
203,15,93,18.1,0.2001728638378704,0.0790088516484164
203,15,94,18.133333333333333,0.9536052944433836,0.5781102632109
203,15,95,18.166666666666668,1.3280589498944186,1.0250256287273423
203,15,96,18.2,1.2794139130835507,1.3646073794412372
203,15,97,18.233333333333334,1.0197851701046505,1.5609192686458415
203,15,98,18.266666666666666,0.7363995486832038,1.6026915944972646
203,15,99,18.3,0.4530139272617894,1.5024432050552454
203,15,100,18.333333333333332,0.26013069990709764,1.2905043115570234
203,15,101,18.366666666666667,0.18659750472788683,1.006394302082133
203,15,102,18.4,0.18659750472788683,0.6901940326477828
203,15,103,18.433333333333334,0.21431386291081675,0.3758615160658669
203,15,104,18.466666666666665,0.11985198910367861,0.08733056985833741
203,15,105,18.5,-0.022123641588488382,-0.1626974356991738
203,15,106,18.533333333333335,-0.22971350797902446,-0.37175804113200056
203,15,107,18.566666666666666,-0.4186372555933223,-0.5449531680540757
203,15,108,18.6,-0.6075610032075985,-0.6911440032597123
203,15,109,18.633333333333333,-0.7325674350122537,-0.818609315596086
203,15,110,18.666666666666668,-0.8745430657044208,-0.9308569109258407
203,15,111,18.7,-0.9214911826265408,-1.0234253235005226
203,15,112,18.733333333333334,-0.9537326605128058,-1.082678021996314
203,15,113,18.766666666666666,-1.0012464173978346,-1.0875180745095665
203,15,114,18.8,-1.0487601742828634,-1.0143870734249294
203,15,115,18.833333333333332,-1.035750455135767,-0.8448523802507107
203,15,116,18.866666666666667,-0.7964847508218641,-0.5738407724063791
203,15,117,18.9,-0.19351255035234402,-0.21572428708041008
203,15,118,18.933333333333334,0.562182440104761,0.1944280296555973
203,15,119,18.966666666666665,1.1216003634297218,0.6058253683173974
203,15,120,19.0,1.2217186368660125,0.9623718162947856
203,15,121,19.033333333333335,1.060511247434666,1.2155420787740476
203,15,122,19.066666666666666,0.7296118691282228,1.3355424657014512
203,15,123,19.1,0.446226247706776,1.3170820030238126
203,15,124,19.133333333333333,0.22619230213207395,1.178174339258781
203,15,125,19.166666666666668,0.13908374784285799,0.9529915746274997
203,15,126,19.2,0.18659750472788683,0.6816347221383019
203,15,127,19.233333333333334,0.2341112616129157,0.4002015697741339
203,15,128,19.266666666666666,0.1809411050987126,0.1338181669303408
203,15,129,19.3,0.03896547440654563,-0.10610694965549121
203,15,130,19.333333333333332,-0.10753527598895642,-0.32056520377614645
203,15,131,19.366666666666667,-0.2964590236032327,-0.5186207117000706
203,15,132,19.4,-0.48198893144002386,-0.7113640829983564
203,15,133,19.433333333333334,-0.6239645621321909,-0.9053864038391899
203,15,134,19.466666666666665,-0.718426435939329,-1.0970800024964116
203,15,135,19.5,-0.7653745528614383,-1.26926131448633
203,15,136,19.533333333333335,-0.8111913898577192,-1.3916070463352455
203,15,137,19.566666666666666,-0.858705146742748,-1.4258199153909248
203,15,138,19.6,-0.858705146742748,-1.3351461416264385
203,15,139,19.633333333333333,-0.8592707867056676,-1.0961724032145836
203,15,140,19.666666666666668,-0.5781477251358883,-0.7094033012122223
203,15,141,19.7,0.07969155173659352,-0.20471390580859292
203,15,142,19.733333333333334,0.8336896223049507,0.3611029654129435
203,15,143,19.766666666666666,1.3631286275952599,0.9148688271300307
203,15,144,19.8,1.4219551837386373,1.3826296126929392
203,15,145,19.833333333333332,1.1962648385347392,1.7053801739623764
203,15,146,19.866666666666667,0.9603929739983538,1.850342076630607
203,15,147,19.9,0.7194303497957135,1.8152138290399198
203,15,148,19.933333333333334,0.48299284529640846,1.6250122545549055
203,15,149,19.966666666666665,0.3828745718600853,1.3230961607731917
203,15,150,20.0,0.3291387753829734,0.9595198280066616
203,15,151,20.033333333333335,0.3364920949008956,0.58030200154657
203,15,152,20.066666666666666,0.2895439779787863,0.2201617343821102
203,15,153,20.1,0.1475683472866085,-0.10043338808391011
203,15,154,20.133333333333333,-0.03287080088391724,-0.37440070725100183
203,15,155,20.166666666666668,-0.2217945484981935,-0.6045116284666858
203,15,156,20.2,-0.4107182961124698,-0.7985060287525658
203,15,157,20.233333333333334,-0.5628754461371568,-0.9640531350396977
203,15,158,20.266666666666666,-0.657337319944295,-1.1045690705683036
203,15,159,20.3,-0.7517991937514331,-1.2166908733696031
203,15,160,20.333333333333332,-0.7987473106735424,-1.289938887545452
203,15,161,20.366666666666667,-0.8111913898577192,-1.308712939673438
203,15,162,20.4,-0.8111913898577192,-1.25625878978846
203,15,163,20.433333333333334,-0.858705146742748,-1.1197286167642355
203,15,164,20.466666666666665,-0.793090911044379,-0.8950992993495644
203,15,165,20.5,-0.3326599812298915,-0.5905931045510479
203,15,166,20.533333333333335,0.42416628915306354,-0.22744826229001341
203,15,167,20.566666666666666,1.290726712341899,0.16248037953911104
203,15,168,20.6,1.7511576421563324,0.5418218926737393
203,15,169,20.633333333333333,1.8196000776692995,0.8740961144705598
203,15,170,20.666666666666668,1.6957249257904619,1.1296323568402065
203,15,171,20.7,1.4592874212911568,1.2895112087471012
203,15,172,20.733333333333334,1.242081675531031,1.3468846568132542
203,15,173,20.766666666666666,0.9586960541096166,1.3059406661964301
203,15,174,20.8,0.7771256260132409,1.1793266928618429
203,15,175,20.833333333333332,0.7092488304632043,0.984957936403037
203,15,176,20.866666666666667,0.6832293921690223,0.7429634257902985
203,15,177,20.9,0.5887675183618842,0.4732468147261672
203,15,178,20.933333333333334,0.4219037293013528,0.19388024231305195
203,15,179,20.966666666666665,0.20865746328164253,-0.07967013317997271
203,15,180,21.0,-0.00345752281222859,-0.33465978207331365
203,15,181,21.033333333333335,-0.19238127042650485,-0.560728241109043
203,15,182,21.066666666666666,-0.3586794195241167,-0.7492109623695239
203,15,183,21.1,-0.5006550502162836,-0.8922002621905403
203,15,184,21.133333333333333,-0.5951169240234218,-0.9816935568802014
203,15,185,21.166666666666668,-0.68957879783056,-1.0094069257949956
203,15,186,21.2,-0.7365269147526801,-0.967766411365243
203,15,187,21.233333333333334,-0.7834750316747893,-0.8521962830121792
203,15,188,21.266666666666666,-0.8304231485968986,-0.6642547156683406
203,15,189,21.3,-0.9062189036277769,-0.4145817656000079
203,15,190,21.333333333333332,-0.8881184248144367,-0.12426750635461462
203,15,191,21.366666666666667,-0.5634410861000441,0.1765154119414767
203,15,192,21.4,0.13229606828786622,0.4528326985438075
203,15,193,21.433333333333334,0.9994221314396212,0.6712982985731636
203,15,194,21.466666666666665,1.6278481302404144,0.8066047056960494
203,15,195,21.5,1.8495789957038968,0.8464083009703539
203,15,196,21.533333333333335,1.7251382038621506,0.7932769903738913
203,15,197,21.566666666666666,1.5362144562478743,0.663286769961338
203,15,198,21.6,1.299776951748569,0.48169438007562915
203,15,199,21.633333333333333,1.050329728102146,0.27688204534557215
203,15,200,21.666666666666668,0.7918322650490852,0.07438232185310574
203,15,201,21.7,0.6973703912419471,-0.10721866892632942
203,15,202,21.733333333333334,0.6504222743198378,-0.25757524458444153
203,15,203,21.766666666666666,0.54521324121726,-0.3733491055140037
203,15,204,21.8,0.35628949360298373,-0.4555379583796859
203,15,205,21.833333333333332,0.11985198910367861,-0.5066513569207426
203,15,206,21.866666666666667,-0.06907175851059766,-0.5287204323612927
203,15,207,21.9,-0.2579955061248955,-0.5225525577644117
203,15,208,21.933333333333334,-0.4469192537391718,-0.48805641722306486
203,15,209,21.966666666666665,-0.6284896818355259,-0.42513975452109054
203,15,210,22.0,-0.722951555642664,-0.33471034238221814
203,15,211,22.033333333333335,-0.8111913898577192,-0.21947727530376201
203,15,212,22.066666666666666,-0.858705146742748,-0.08435270107391174
203,15,213,22.1,-0.9062189036277769,0.06360569820239076
203,15,214,22.133333333333333,-0.9537326605128058,0.2155287599127419
203,15,215,22.166666666666668,-1.0012464173978346,0.3611140206571268
203,15,216,22.2,-0.9944587378428212,0.4891206439410032
203,15,217,22.233333333333334,-0.6991946772001388,0.5882995905882827
203,15,218,22.266666666666666,-0.03060824103224971,0.6488744850182975
203,15,219,22.3,0.8178517033432455,0.6642645464368835
203,15,220,22.333333333333332,1.4253490235161546,0.6325083883872317
203,15,221,22.366666666666667,1.611444571315833,0.5568957595799113
203,15,222,22.4,1.3269276699685795,0.44554152378916134
203,15,223,22.433333333333334,1.0435420485471651,0.30995095911402154
203,15,224,22.466666666666665,0.7601564271257182,0.16294702128790003
203,15,225,22.5,0.5225876427005848,0.016572602813610893
203,15,226,22.533333333333335,0.3789150921196698,-0.1193691696062938
203,15,227,22.566666666666666,0.3291387753829734,-0.23775382969606335
203,15,228,22.6,0.2816250184979446,-0.3337270703332694
203,15,229,22.633333333333333,0.14700270732368892,-0.40405516696992416
203,15,230,22.666666666666668,0.005592716594441515,-0.4468110188393752
203,15,231,22.7,-0.18333103101983475,-0.46158713289043574
203,15,232,22.733333333333334,-0.4197685355191615,-0.4500085946142372
203,15,233,22.766666666666666,-0.5674005658404919,-0.4161013472402113
203,15,234,22.8,-0.7093761965326589,-0.36612258820491816
203,15,235,22.833333333333332,-0.803838070339797,-0.3076749181952846
203,15,236,22.866666666666667,-0.858705146742748,-0.24817757577053767
203,15,237,22.9,-0.9062189036277769,-0.19305602007409045
203,15,238,22.933333333333334,-0.9446824211061357,-0.14430680507119362
203,15,239,22.966666666666665,-0.991630538028245,-0.10019977321967402
203,16,0,16.0,-0.22066326857236515,-0.08460381904243132
203,16,1,16.033333333333335,-0.4095870161866414,-0.3363149696557368
203,16,2,16.066666666666666,-0.5985107638009285,-0.561639409502098
203,16,3,16.1,-0.7399207545301759,-0.7419633243599416
203,16,4,16.133333333333333,-0.8700179460010911,-0.8670188622957783
203,16,5,16.166666666666668,-1.0012464173978346,-0.9350392678565552
203,16,6,16.2,-1.0487601742828634,-0.9494624109123438
203,16,7,16.233333333333334,-1.0962739311678924,-0.9141815519368933
203,16,8,16.266666666666666,-1.0962739311678924,-0.8301518931643158
203,16,9,16.3,-1.0962739311678924,-0.6952134898049263
203,16,10,16.333333333333332,-1.1437876880529212,-0.5071905982174585
203,16,11,16.366666666666667,-1.1364343685349991,-0.26868933006007395
203,16,12,16.4,-0.8587051467427589,0.008745694149399658
203,16,13,16.433333333333334,-0.14373623361563684,0.3031915783300039
203,16,14,16.466666666666665,0.6594725137264971,0.5846584497745796
203,16,15,16.5,1.2471724351972857,0.8207405616557176
203,16,16,16.533333333333335,1.3699163071502733,0.9838338671481203
203,16,17,16.566666666666666,1.1725079600922304,1.0574383632468292
203,16,18,16.6,0.9366360955558447,1.0393710613370206
203,16,19,16.633333333333333,0.6560786739490012,0.9409356408895717
203,16,20,16.666666666666668,0.4196411694496961,0.7826899158652099
203,16,21,16.7,0.2799280986091912,0.5886064739998711
203,16,22,16.733333333333334,0.18659750472788683,0.38059433360337136
203,16,23,16.766666666666666,0.18659750472788683,0.17472955283303762
203,16,24,16.8,0.18659750472788683,-0.0203233070187526
203,16,25,16.833333333333332,0.09213563092074331,-0.20289690107397776
203,16,26,16.866666666666667,-0.049839999771423685,-0.3764295971115701
203,16,27,16.9,-0.28514622434490583,-0.5466693259223763
203,16,28,16.933333333333334,-0.4740699719591821,-0.7185088123225636
203,16,29,16.966666666666665,-0.6629937195734692,-0.892872059560926
203,16,30,17.0,-0.8044037103027166,-1.0639289554166478
203,16,31,17.033333333333335,-0.9022594238873615,-1.2170194266377587
203,16,32,17.066666666666666,-0.9967212976944996,-1.328097390664709
203,16,33,17.1,-1.0436694146166088,-1.3657990526919024
203,16,34,17.133333333333333,-1.0487601742828634,-1.296886223302895
203,16,35,17.166666666666668,-1.0962739311678924,-1.094772103314617
203,16,36,17.2,-1.1370000084979186,-0.7494326810834285
203,16,37,17.233333333333334,-1.015953056433679,-0.2757134285748034
203,16,38,17.266666666666666,-0.48651405114338053,0.2835068877034681
203,16,39,17.3,0.3478048941592764,0.861926475120877
203,16,40,17.333333333333332,1.1594982409451609,1.3823201445334172
203,16,41,17.366666666666667,1.4977509387695156,1.7738221042537106
203,16,42,17.4,1.4796504599561753,1.9884764976943805
203,16,43,17.433333333333334,1.216627877199747,2.011378364940767
203,16,44,17.466666666666665,0.8744156996349661,1.8611953857202501
203,16,45,17.5,0.637978195135661,1.581615767074572
203,16,46,17.533333333333335,0.44905444752138474,1.2273965878117616
203,16,47,17.566666666666666,0.37665253226800227,0.8500123524732076
203,16,48,17.6,0.37665253226800227,0.48719323597449143
203,16,49,17.633333333333333,0.34327977445589813,0.15852132733474014
203,16,50,17.666666666666668,0.2160107827995755,-0.13318110707838218
203,16,51,17.7,0.027087035185277615,-0.3965812110342178
203,16,52,17.733333333333334,-0.11432295554396979,-0.644937738048791
203,16,53,17.766666666666666,-0.35076046004327494,-0.8893290240669753
203,16,54,17.8,-0.5396842076575512,-1.1331595776907368
203,16,55,17.833333333333332,-0.7461427941222589,-1.3687177087891131
203,16,56,17.866666666666667,-0.8406046679294078,-1.5763562080189635
203,16,57,17.9,-0.8875527848515171,-1.726694338718752
203,16,58,17.933333333333334,-0.9345009017736264,-1.785887410058217
203,16,59,17.966666666666665,-0.9814490186957356,-1.7233136707841832
203,16,60,18.0,-1.0283971356178558,-1.5201068898028656
203,16,61,18.033333333333335,-0.9955900177686604,-1.1763531688554927
203,16,62,18.066666666666666,-0.5600472463225697,-0.7148921526101166
203,16,63,18.1,0.2001728638378704,-0.18030660519605024
203,16,64,18.133333333333333,0.9536052944433836,0.36742377994525166
203,16,65,18.166666666666668,1.3280589498944186,0.8637932760737165
203,16,66,18.2,1.2794139130835507,1.2526251411748397
203,16,67,18.233333333333334,1.0197851701046505,1.497170892765616
203,16,68,18.266666666666666,0.7363995486832038,1.5860111664274346
203,16,69,18.3,0.4530139272617894,1.532192384592212
203,16,70,18.333333333333332,0.26013069990709764,1.3666572889352848
203,16,71,18.366666666666667,0.18659750472788683,1.1289213280798929
203,16,72,18.4,0.18659750472788683,0.8581184875451514
203,16,73,18.433333333333334,0.21431386291081675,0.5864326340001291
203,16,74,18.466666666666665,0.11985198910367861,0.3355913834088783
203,16,75,18.5,-0.022123641588488382,0.11617667508602383
203,16,76,18.533333333333335,-0.22971350797902446,-0.07085525800297758
203,16,77,18.566666666666666,-0.4186372555933223,-0.23108382183793902
203,16,78,18.6,-0.6075610032075985,-0.3726104363181706
203,16,79,18.633333333333333,-0.7325674350122537,-0.5018213759161864
203,16,80,18.666666666666668,-0.8745430657044208,-0.6196800097060003
203,16,81,18.7,-0.9214911826265408,-0.7193663455167405
203,16,82,18.733333333333334,-0.9537326605128058,-0.7861026331573103
203,16,83,18.766666666666666,-1.0012464173978346,-0.7997670606437104
203,16,84,18.8,-1.0487601742828634,-0.740244934993998
203,16,85,18.833333333333332,-1.035750455135767,-0.594508784223485
203,16,86,18.866666666666667,-0.7964847508218641,-0.36348453868685643
203,16,87,18.9,-0.19351255035234402,-0.06626167514434211
203,16,88,18.933333333333334,0.562182440104761,0.26048403224975125
203,16,89,18.966666666666665,1.1216003634297218,0.5686813475106521
203,16,90,19.0,1.2217186368660125,0.8094610939041565
203,16,91,19.033333333333335,1.060511247434666,0.9450432865463236
203,16,92,19.066666666666666,0.7296118691282228,0.9579627827749821
203,16,93,19.1,0.446226247706776,0.8544242076884044
203,16,94,19.133333333333333,0.22619230213207395,0.6607246148115715
203,16,95,19.166666666666668,0.13908374784285799,0.4143526323511033
203,16,96,19.2,0.18659750472788683,0.15334592854902196
203,16,97,19.233333333333334,0.2341112616129157,-0.09229579903632
203,16,98,19.266666666666666,0.1809411050987126,-0.30499558313834163
203,16,99,19.3,0.03896547440654563,-0.4798202394373636
203,16,100,19.333333333333332,-0.10753527598895642,-0.621841523620767
203,16,101,19.366666666666667,-0.2964590236032327,-0.7420223083202685
203,16,102,19.4,-0.48198893144002386,-0.8524752261880071
203,16,103,19.433333333333334,-0.6239645621321909,-0.9615070247383074
203,16,104,19.466666666666665,-0.718426435939329,-1.0689628247965608
203,16,105,19.5,-0.7653745528614383,-1.1628641684786105
203,16,106,19.533333333333335,-0.8111913898577192,-1.2187162413616943
203,16,107,19.566666666666666,-0.858705146742748,-1.202747854727057
203,16,108,19.6,-0.858705146742748,-1.079526158512001
203,16,109,19.633333333333333,-0.8592707867056676,-0.8228781425781602
203,16,110,19.666666666666668,-0.5781477251358883,-0.4272796652710064
203,16,111,19.7,0.07969155173659352,0.08430384617827655
203,16,112,19.733333333333334,0.8336896223049507,0.6598576874099149
203,16,113,19.766666666666666,1.3631286275952599,1.226656310458759
203,16,114,19.8,1.4219551837386373,1.7067315131997292
203,16,115,19.833333333333332,1.1962648385347392,2.034696728599492
203,16,116,19.866666666666667,0.9603929739983538,2.172139535964288
203,16,117,19.9,0.7194303497957135,2.1141868407236992
203,16,118,19.933333333333334,0.48299284529640846,1.8869094965310047
203,16,119,19.966666666666665,0.3828745718600853,1.5374534272552731
203,16,120,20.0,0.3291387753829734,1.1207829099818658
203,16,121,20.033333333333335,0.3364920949008956,0.6872651639668746
203,16,122,20.066666666666666,0.2895439779787863,0.2742854974235466
203,16,123,20.1,0.1475683472866085,-0.09678947177605272
203,16,124,20.133333333333333,-0.03287080088391724,-0.4189482313003983
203,16,125,20.166666666666668,-0.2217945484981935,-0.6950408971754622
203,16,126,20.2,-0.4107182961124698,-0.9324207548158363
203,16,127,20.233333333333334,-0.5628754461371568,-1.1381029933923223
203,16,128,20.266666666666666,-0.657337319944295,-1.3152209840135187
203,16,129,20.3,-0.7517991937514331,-1.4611437523404085
203,16,130,20.333333333333332,-0.7987473106735424,-1.567317440080898
203,16,131,20.366666666666667,-0.8111913898577192,-1.6206769008787492
203,16,132,20.4,-0.8111913898577192,-1.6063145148865374
203,16,133,20.433333333333334,-0.858705146742748,-1.510927463360856
203,16,134,20.466666666666665,-0.793090911044379,-1.3263927964071665
203,16,135,20.5,-0.3326599812298915,-1.0527748895501445
203,16,136,20.533333333333335,0.42416628915306354,-0.700218978398502
203,16,137,20.566666666666666,1.290726712341899,-0.28934664610891603
203,16,138,20.6,1.7511576421563324,0.15016295975713076
203,16,139,20.633333333333333,1.8196000776692995,0.5829056470883971
203,16,140,20.666666666666668,1.6957249257904619,0.9725514049840709
203,16,141,20.7,1.4592874212911568,1.287065029252918
203,16,142,20.733333333333334,1.242081675531031,1.5030656722605347
203,16,143,20.766666666666666,0.9586960541096166,1.6083215230557542
203,16,144,20.8,0.7771256260132409,1.6020474390423367
203,16,145,20.833333333333332,0.7092488304632043,1.4934047515280382
203,16,146,20.866666666666667,0.6832293921690223,1.2990419601726118
203,16,147,20.9,0.5887675183618842,1.0404854044655476
203,16,148,20.933333333333334,0.4219037293013528,0.7417773203131406
203,16,149,20.966666666666665,0.20865746328164253,0.4273182230174881
203,16,150,21.0,-0.00345752281222859,0.11974138113266841
203,16,151,21.033333333333335,-0.19238127042650485,-0.1621107245232974
203,16,152,21.066666666666666,-0.3586794195241167,-0.40465894826461163
203,16,153,21.1,-0.5006550502162836,-0.599968945625823
203,16,154,21.133333333333333,-0.5951169240234218,-0.7448982114524364
203,16,155,21.166666666666668,-0.68957879783056,-0.8393956546235213
203,16,156,21.2,-0.7365269147526801,-0.8845881338040219
203,16,157,21.233333333333334,-0.7834750316747893,-0.8812847574995527
203,16,158,21.266666666666666,-0.8304231485968986,-0.8294453228751302
203,16,159,21.3,-0.9062189036277769,-0.7289487187232799
203,16,160,21.333333333333332,-0.8881184248144367,-0.5815724681165
203,16,161,21.366666666666667,-0.5634410861000441,-0.39353638261430307
203,16,162,21.4,0.13229606828786622,-0.1775078533606186
203,16,163,21.433333333333334,0.9994221314396212,0.04707647224845272
203,16,164,21.466666666666665,1.6278481302404144,0.2559987255142741
203,16,165,21.5,1.8495789957038968,0.4243107727456033
203,16,166,21.533333333333335,1.7251382038621506,0.5313677649128753
203,16,167,21.566666666666666,1.5362144562478743,0.5653161495259074
203,16,168,21.6,1.299776951748569,0.5256319468557681
203,16,169,21.633333333333333,1.050329728102146,0.4229522190435113
203,16,170,21.666666666666668,0.7918322650490852,0.27635924076021484
203,16,171,21.7,0.6973703912419471,0.10908103099939637
203,16,172,21.733333333333334,0.6504222743198378,-0.05605836832660559
203,16,173,21.766666666666666,0.54521324121726,-0.2002636949181492
203,16,174,21.8,0.35628949360298373,-0.31083703232875626
203,16,175,21.833333333333332,0.11985198910367861,-0.38166661540050495
203,16,176,21.866666666666667,-0.06907175851059766,-0.4124997535827807
203,16,177,21.9,-0.2579955061248955,-0.40747035374969737
203,16,178,21.933333333333334,-0.4469192537391718,-0.37327598914109705
203,16,179,21.966666666666665,-0.6284896818355259,-0.31728052459573775
203,16,180,22.0,-0.722951555642664,-0.24577251952793183
203,16,181,22.033333333333335,-0.8111913898577192,-0.16268738455897658
203,16,182,22.066666666666666,-0.858705146742748,-0.06921442872383253
203,16,183,22.1,-0.9062189036277769,0.035378253685854844
203,16,184,22.133333333333333,-0.9537326605128058,0.15179067122077694
203,16,185,22.166666666666668,-1.0012464173978346,0.27826515620402636
203,16,186,22.2,-0.9944587378428212,0.40870162799321136
203,16,187,22.233333333333334,-0.6991946772001388,0.5322012121426651
203,16,188,22.266666666666666,-0.03060824103224971,0.6343225179922766
203,16,189,22.3,0.8178517033432455,0.6996620686183629
203,16,190,22.333333333333332,1.4253490235161546,0.7150225693604741
203,16,191,22.366666666666667,1.611444571315833,0.6723965916351924
203,16,192,22.4,1.3269276699685795,0.5710800967563715
203,16,193,22.433333333333334,1.0435420485471651,0.41836553855496766
203,16,194,22.466666666666665,0.7601564271257182,0.22850019165035063
203,16,195,22.5,0.5225876427005848,0.020047117647077048
203,16,196,22.533333333333335,0.3789150921196698,-0.18760699025951016
203,16,197,22.566666666666666,0.3291387753829734,-0.377497435685978
203,16,198,22.6,0.2816250184979446,-0.5371945218671419
203,16,199,22.633333333333333,0.14700270732368892,-0.659491653555417
203,16,200,22.666666666666668,0.005592716594441515,-0.741942494547303
203,16,201,22.7,-0.18333103101983475,-0.7857920382230609
203,16,202,22.733333333333334,-0.4197685355191615,-0.7947656437668809
203,16,203,22.766666666666666,-0.5674005658404919,-0.7738930415083303
203,16,204,22.8,-0.7093761965326589,-0.7282969585854115
203,16,205,22.833333333333332,-0.803838070339797,-0.6618836866946664
203,16,206,22.866666666666667,-0.858705146742748,-0.5761582357538371
203,16,207,22.9,-0.9062189036277769,-0.4696935671179645
203,16,208,22.933333333333334,-0.9446824211061357,-0.3388044871767582
203,16,209,22.966666666666665,-0.991630538028245,-0.1796074881611787
203,16,210,23.0,-1.0385786549503542,0.008980029466837257
203,16,211,23.033333333333335,-0.8909466246290022,0.222314853263898
203,16,212,23.066666666666666,-0.3315287013040739,0.44837391231273005
203,16,213,23.1,0.4122878499317739,0.6682325342064623
203,16,214,23.133333333333333,1.0622081673234032,0.8588048398907954
203,16,215,23.166666666666668,1.3139179508214938,0.9972134944509963
203,16,216,23.2,1.2115371175335032,1.065678001469992
203,16,217,23.233333333333334,0.941726855222094,1.0556188639947186
203,16,218,23.266666666666666,0.6583412338006795,0.9697404698396588
203,16,219,23.3,0.37495561237923275,0.8213836528932262
203,16,220,23.333333333333332,0.17075958576620334,0.6314247126579171
203,16,221,23.366666666666667,0.09156999095782913,0.4238397943969146
203,16,222,23.4,0.09156999095782913,0.2212170286295454
203,16,223,23.433333333333334,0.0615910729232209,0.041159370660430745
203,16,224,23.466666666666665,-0.03287080088391724,-0.10588988920046719
203,16,225,23.5,-0.2036940696848533,-0.21719409455838473
203,16,226,23.533333333333335,-0.42089981544497906,-0.29671659351569113
203,16,227,23.566666666666666,-0.6290553217984347,-0.3529100392386694
203,16,228,23.6,-0.7908283511927114,-0.39589024117380417
203,16,229,23.633333333333333,-0.9118753032569511,-0.4346277050454236
203,16,230,23.666666666666668,-1.0012464173978346,-0.47460088228112457
203,16,231,23.7,-1.0487601742828634,-0.5162161785362818
203,16,232,23.733333333333334,-1.0736483326512172,-0.5543867133584103
203,16,233,23.766666666666666,-1.0962739311678924,-0.5796664757091197
203,16,234,23.8,-1.1437876880529212,-0.5809317749162155
203,16,235,23.833333333333332,-1.1205964495733263,-0.5489274692226467
203,16,236,23.866666666666667,-0.8179790694126894,-0.47947285925535715
203,16,237,23.9,-0.1595741525772987,-0.37514760379480255
203,16,238,23.933333333333334,0.6436345947648352,-0.24495083426801037
203,16,239,23.966666666666665,1.152144921427217,-0.10237220539760186
203,17,0,17.0,-0.8044037103027166,0.05157111382484888
203,17,1,17.033333333333335,-0.9022594238873615,-0.23417479254740092
203,17,2,17.066666666666666,-0.9967212976944996,-0.4697379347861744
203,17,3,17.1,-1.0436694146166088,-0.6149108151593208
203,17,4,17.133333333333333,-1.0487601742828634,-0.6462960070765009
203,17,5,17.166666666666668,-1.0962739311678924,-0.561192205798346
203,17,6,17.2,-1.1370000084979186,-0.37668238596151027
203,17,7,17.233333333333334,-1.015953056433679,-0.12482656078890289
203,17,8,17.266666666666666,-0.48651405114338053,0.1541874651482569
203,17,9,17.3,0.3478048941592764,0.41930402210297607
203,17,10,17.333333333333332,1.1594982409451609,0.6351670877254123
203,17,11,17.366666666666667,1.4977509387695156,0.7772329353793149
203,17,12,17.4,1.4796504599561753,0.8347626635228289
203,17,13,17.433333333333334,1.216627877199747,0.811110124933851
203,17,14,17.466666666666665,0.8744156996349661,0.7210788201031734
203,17,15,17.5,0.637978195135661,0.5858625644718191
203,17,16,17.533333333333335,0.44905444752138474,0.426984847239144
203,17,17,17.566666666666666,0.37665253226800227,0.26114804955238335
203,17,18,17.6,0.37665253226800227,0.09754303077515489
203,17,19,17.633333333333333,0.34327977445589813,-0.06195232000066605
203,17,20,17.666666666666668,0.2160107827995755,-0.22053596225366723
203,17,21,17.7,0.027087035185277615,-0.38360288700305867
203,17,22,17.733333333333334,-0.11432295554396979,-0.5560768639723161
203,17,23,17.766666666666666,-0.35076046004327494,-0.7399556309976362
203,17,24,17.8,-0.5396842076575512,-0.9318437496974077
203,17,25,17.833333333333332,-0.7461427941222589,-1.1206605372594436
203,17,26,17.866666666666667,-0.8406046679294078,-1.2862782443328407
203,17,27,17.9,-0.8875527848515171,-1.4001717530213897
203,17,28,17.933333333333334,-0.9345009017736264,-1.4290043112758002
203,17,29,17.966666666666665,-0.9814490186957356,-1.3413584829251568
203,17,30,18.0,-1.0283971356178558,-1.1166633745963408
203,17,31,18.033333333333335,-0.9955900177686604,-0.7540608905149723
203,17,32,18.066666666666666,-0.5600472463225697,-0.27803578377957694
203,17,33,18.1,0.2001728638378704,0.26215598886075264
203,17,34,18.133333333333333,0.9536052944433836,0.8004887649531242
203,17,35,18.166666666666668,1.3280589498944186,1.2679867671998597
203,17,36,18.2,1.2794139130835507,1.6080352369074444
203,17,37,18.233333333333334,1.0197851701046505,1.7879678324741513
203,17,38,18.266666666666666,0.7363995486832038,1.8034360984023616
203,17,39,18.3,0.4530139272617894,1.675149636602024
203,17,40,18.333333333333332,0.26013069990709764,1.4401715250212002
203,17,41,18.366666666666667,0.18659750472788683,1.1412044597096964
203,17,42,18.4,0.18659750472788683,0.8171698371994502
203,17,43,18.433333333333334,0.21431386291081675,0.4971868526029272
203,17,44,18.466666666666665,0.11985198910367861,0.1984300685533291
203,17,45,18.5,-0.022123641588488382,-0.07287505706611723
203,17,46,18.533333333333335,-0.22971350797902446,-0.3184100794514933
203,17,47,18.566666666666666,-0.4186372555933223,-0.5436090157714529
203,17,48,18.6,-0.6075610032075985,-0.7532073507934774
203,17,49,18.633333333333333,-0.7325674350122537,-0.9472932097944423
203,17,50,18.666666666666668,-0.8745430657044208,-1.1185876893414994
203,17,51,18.7,-0.9214911826265408,-1.2515627740944837
203,17,52,18.733333333333334,-0.9537326605128058,-1.3238701968559443
203,17,53,18.766666666666666,-1.0012464173978346,-1.3103145579022504
203,17,54,18.8,-1.0487601742828634,-1.1891225316584706
203,17,55,18.833333333333332,-1.035750455135767,-0.9494618606290702
203,17,56,18.866666666666667,-0.7964847508218641,-0.5982341145925106
203,17,57,18.9,-0.19351255035234402,-0.16364031632507747
203,17,58,18.933333333333334,0.562182440104761,0.30655867209123877
203,17,59,18.966666666666665,1.1216003634297218,0.752646049710078
203,17,60,19.0,1.2217186368660125,1.1148068347001265
203,17,61,19.033333333333335,1.060511247434666,1.3458570023597394
203,17,62,19.066666666666666,0.7296118691282228,1.4210288287187187
203,17,63,19.1,0.446226247706776,1.3420380036752573
203,17,64,19.133333333333333,0.22619230213207395,1.1346308732868813
203,17,65,19.166666666666668,0.13908374784285799,0.8408170486618851
203,17,66,19.2,0.18659750472788683,0.5082842584250739
203,17,67,19.233333333333334,0.2341112616129157,0.17988642609731595
203,17,68,19.266666666666666,0.1809411050987126,-0.11425395944864195
203,17,69,19.3,0.03896547440654563,-0.3603967457116402
203,17,70,19.333333333333332,-0.10753527598895642,-0.5601680772208824
203,17,71,19.366666666666667,-0.2964590236032327,-0.7255756707999412
203,17,72,19.4,-0.48198893144002386,-0.8715067958083379
203,17,73,19.433333333333334,-0.6239645621321909,-1.0076103607722884
203,17,74,19.466666666666665,-0.718426435939329,-1.1317091403271198
203,17,75,19.5,-0.7653745528614383,-1.226782333475108
203,17,76,19.533333333333335,-0.8111913898577192,-1.2629074813448375
203,17,77,19.566666666666666,-0.858705146742748,-1.2043765286366568
203,17,78,19.6,-0.858705146742748,-1.020699249053784
203,17,79,19.633333333333333,-0.8592707867056676,-0.698672467432927
203,17,80,19.666666666666668,-0.5781477251358883,-0.2516249405484269
203,17,81,19.7,0.07969155173659352,0.2779557672829872
203,17,82,19.733333333333334,0.8336896223049507,0.8244952683751559
203,17,83,19.766666666666666,1.3631286275952599,1.3131065188690958
203,17,84,19.8,1.4219551837386373,1.676786010915543
203,17,85,19.833333333333332,1.1962648385347392,1.871201562645364
203,17,86,19.866666666666667,0.9603929739983538,1.8825281595886085
203,17,87,19.9,0.7194303497957135,1.7268076657722629
203,17,88,19.933333333333334,0.48299284529640846,1.442220532175793
203,17,89,19.966666666666665,0.3828745718600853,1.0775498639136791
203,17,90,20.0,0.3291387753829734,0.6807263909303436
203,17,91,20.033333333333335,0.3364920949008956,0.2905413871228546
203,17,92,20.066666666666666,0.2895439779787863,-0.06723814939190242
203,17,93,20.1,0.1475683472866085,-0.3799252743756466
203,17,94,20.133333333333333,-0.03287080088391724,-0.6455301446911846
203,17,95,20.166666666666668,-0.2217945484981935,-0.8691670273319987
203,17,96,20.2,-0.4107182961124698,-1.0589391427515642
203,17,97,20.233333333333334,-0.5628754461371568,-1.2216818763633213
203,17,98,20.266666666666666,-0.657337319944295,-1.3591187654385661
203,17,99,20.3,-0.7517991937514331,-1.4653177020170243
203,17,100,20.333333333333332,-0.7987473106735424,-1.5263562972127154
203,17,101,20.366666666666667,-0.8111913898577192,-1.522683382706287
203,17,102,20.4,-0.8111913898577192,-1.433925552854102
203,17,103,20.433333333333334,-0.858705146742748,-1.2450536867234596
203,17,104,20.466666666666665,-0.793090911044379,-0.9521986430684148
203,17,105,20.5,-0.3326599812298915,-0.566330430796663
203,17,106,20.533333333333335,0.42416628915306354,-0.11362459185993747
203,17,107,20.566666666666666,1.290726712341899,0.36764510495835506
203,17,108,20.6,1.7511576421563324,0.8328677644731446
203,17,109,20.633333333333333,1.8196000776692995,1.2380589221640206
203,17,110,20.666666666666668,1.6957249257904619,1.5464272894839395
203,17,111,20.7,1.4592874212911568,1.7332349993736291
203,17,112,20.733333333333334,1.242081675531031,1.7882121539902278
203,17,113,20.766666666666666,0.9586960541096166,1.7154448847045707
203,17,114,20.8,0.7771256260132409,1.5312131511096378
203,17,115,20.833333333333332,0.7092488304632043,1.260548774722702
203,17,116,20.866666666666667,0.6832293921690223,0.9332739145782352
203,17,117,20.9,0.5887675183618842,0.5801002196543786
203,17,118,20.933333333333334,0.4219037293013528,0.22918237061634525
203,17,119,20.966666666666665,0.20865746328164253,-0.09662355839675707
203,17,120,21.0,-0.00345752281222859,-0.3816285690536292
203,17,121,21.033333333333335,-0.19238127042650485,-0.6180754096425733
203,17,122,21.066666666666666,-0.3586794195241167,-0.8054348002755526
203,17,123,21.1,-0.5006550502162836,-0.9480427894586865
203,17,124,21.133333333333333,-0.5951169240234218,-1.0515438311353384
203,17,125,21.166666666666668,-0.68957879783056,-1.1192667958683984
203,17,126,21.2,-0.7365269147526801,-1.1497903143187584
203,17,127,21.233333333333334,-0.7834750316747893,-1.1365564853147783
203,17,128,21.266666666666666,-0.8304231485968986,-1.0697534887883027
203,17,129,21.3,-0.9062189036277769,-0.9400155234680493
203,17,130,21.333333333333332,-0.8881184248144367,-0.74292655249509
203,17,131,21.366666666666667,-0.5634410861000441,-0.48299514395513565
203,17,132,21.4,0.13229606828786622,-0.17579635536991625
203,17,133,21.433333333333334,0.9994221314396212,0.15260121350209507
203,17,134,21.466666666666665,1.6278481302404144,0.4690662298412278
203,17,135,21.5,1.8495789957038968,0.739025349498951
203,17,136,21.533333333333335,1.7251382038621506,0.9329832397600785
203,17,137,21.566666666666666,1.5362144562478743,1.0323408552243574
203,17,138,21.6,1.299776951748569,1.0329761379771643
203,17,139,21.633333333333333,1.050329728102146,0.9455639709315209
203,17,140,21.666666666666668,0.7918322650490852,0.7925215807620911
203,17,141,21.7,0.6973703912419471,0.6024782335903546
203,17,142,21.733333333333334,0.6504222743198378,0.4038957268543554
203,17,143,21.766666666666666,0.54521324121726,0.21961266927241893
203,17,144,21.8,0.35628949360298373,0.06359578470478303
203,17,145,21.833333333333332,0.11985198910367861,-0.059668914546444005
203,17,146,21.866666666666667,-0.06907175851059766,-0.1535341778955101
203,17,147,21.9,-0.2579955061248955,-0.22621187043782798
203,17,148,21.933333333333334,-0.4469192537391718,-0.2874871944325581
203,17,149,21.966666666666665,-0.6284896818355259,-0.3459141769617138
203,17,150,22.0,-0.722951555642664,-0.40684090766839454
203,17,151,22.033333333333335,-0.8111913898577192,-0.4712232027317361
203,17,152,22.066666666666666,-0.858705146742748,-0.5350425070110018
203,17,153,22.1,-0.9062189036277769,-0.589299634005672
203,17,154,22.133333333333333,-0.9537326605128058,-0.6208571543416845
203,17,155,22.166666666666668,-1.0012464173978346,-0.61451056673921
203,17,156,22.2,-0.9944587378428212,-0.5563565834781864
203,17,157,22.233333333333334,-0.6991946772001388,-0.43794548243956616
203,17,158,22.266666666666666,-0.03060824103224971,-0.26017788324824576
203,17,159,22.3,0.8178517033432455,-0.03566820262270919
203,17,160,22.333333333333332,1.4253490235161546,0.2115376536760722
203,17,161,22.366666666666667,1.611444571315833,0.4494385308025045
203,17,162,22.4,1.3269276699685795,0.6444020873126176
203,17,163,22.433333333333334,1.0435420485471651,0.7688570880446861
203,17,164,22.466666666666665,0.7601564271257182,0.8079041749662108
203,17,165,22.5,0.5225876427005848,0.7624494366594605
203,17,166,22.533333333333335,0.3789150921196698,0.6478809604079623
203,17,167,22.566666666666666,0.3291387753829734,0.48907806216510447
203,17,168,22.6,0.2816250184979446,0.313534068698089
203,17,169,22.633333333333333,0.14700270732368892,0.14457663870939585
203,17,170,22.666666666666668,0.005592716594441515,-0.003508621621607749
203,17,171,22.7,-0.18333103101983475,-0.12721836388065827
203,17,172,22.733333333333334,-0.4197685355191615,-0.23220823654744333
203,17,173,22.766666666666666,-0.5674005658404919,-0.3291215194981313
203,17,174,22.8,-0.7093761965326589,-0.42830604702600955
203,17,175,22.833333333333332,-0.803838070339797,-0.5349324271977993
203,17,176,22.866666666666667,-0.858705146742748,-0.6456988229558477
203,17,177,22.9,-0.9062189036277769,-0.7478293205999508
203,17,178,22.933333333333334,-0.9446824211061357,-0.8206227526517911
203,17,179,22.966666666666665,-0.991630538028245,-0.8393628329694665
203,17,180,23.0,-1.0385786549503542,-0.7809121428199531
203,17,181,23.033333333333335,-0.8909466246290022,-0.6299057021055544
203,17,182,23.066666666666666,-0.3315287013040739,-0.3842639491526787
203,17,183,23.1,0.4122878499317739,-0.0587146055483896
203,17,184,23.133333333333333,1.0622081673234032,0.31488712163512556
203,17,185,23.166666666666668,1.3139179508214938,0.6912903033905414
203,17,186,23.2,1.2115371175335032,1.0196598772076977
203,17,187,23.233333333333334,0.941726855222094,1.2541015174739782
203,17,188,23.266666666666666,0.6583412338006795,1.3639842053148001
203,17,189,23.3,0.37495561237923275,1.3405988571686278
203,17,190,23.333333333333332,0.17075958576620334,1.1979003093868839
203,17,191,23.366666666666667,0.09156999095782913,0.967340671589562
203,17,192,23.4,0.09156999095782913,0.6888287734427165
203,17,193,23.433333333333334,0.0615910729232209,0.40083652206465725
203,17,194,23.466666666666665,-0.03287080088391724,0.13243945738973928
203,17,195,23.5,-0.2036940696848533,-0.1009927595811197
203,17,196,23.533333333333335,-0.42089981544497906,-0.2980473569924867
203,17,197,23.566666666666666,-0.6290553217984347,-0.4681277971128229
203,17,198,23.6,-0.7908283511927114,-0.6261829891897283
203,17,199,23.633333333333333,-0.9118753032569511,-0.7866397375550362
203,17,200,23.666666666666668,-1.0012464173978346,-0.9576094957782821
203,17,201,23.7,-1.0487601742828634,-1.1362254676236287
203,17,202,23.733333333333334,-1.0736483326512172,-1.3060234540122304
203,17,203,23.766666666666666,-1.0962739311678924,-1.437413947953785
203,17,204,23.8,-1.1437876880529212,-1.4921116269503354
203,17,205,23.833333333333332,-1.1205964495733263,-1.4316285135490532
203,17,206,23.866666666666667,-0.8179790694126894,-1.2285926788846715
203,17,207,23.9,-0.1595741525772987,-0.8780309392587238
203,17,208,23.933333333333334,0.6436345947648352,-0.4045768452407337
203,17,209,23.966666666666665,1.152144921427217,0.13811385160785455
203,17,210,24.0,1.2115371175335032,0.6771161568308894
203,17,211,24.033333333333335,0.9824529325521094,1.136925251022171
203,17,212,24.066666666666666,0.699067311130695,1.4576508207110674
203,17,213,24.1,0.4156816897092806,1.6083764641047136
203,17,214,24.133333333333333,0.19791030398621368,1.5914867137369346
203,17,215,24.166666666666668,0.044056234072800265,1.4375925305797048
203,17,216,24.2,0.044056234072800265,1.1940601648394047
203,17,217,24.233333333333334,0.044056234072800265,0.9117168470381555
203,17,218,24.266666666666666,-0.00345752281222859,0.6338160943246384
203,17,219,24.3,-0.1290295945798141,0.3895656168467775
203,17,220,24.333333333333332,-0.33265998122993473,0.19255378091904451
203,17,221,24.366666666666667,-0.5543908466933956,0.042975718697347315
203,17,222,24.4,-0.7433145943076718,-0.06806409048442025
203,17,223,24.433333333333334,-0.8847245850369408,-0.15374790761237822
203,17,224,24.466666666666665,-1.0136904965820115,-0.22721221772209463
203,17,225,24.5,-1.1081523703891496,-0.2981016521144335
203,17,226,24.533333333333335,-1.155100487311259,-0.37024175315721125
203,17,227,24.566666666666666,-1.19130144493795,-0.4407572597388246
203,17,228,24.6,-1.238815201822979,-0.5009962030185842
203,17,229,24.633333333333333,-1.2863289587080078,-0.539305751158221
203,17,230,24.666666666666668,-1.3338427155930366,-0.545044115435768
203,17,231,24.7,-1.2048768040479336,-0.5126154878558442
203,17,232,24.733333333333334,-0.6528122002409276,-0.4442003306223661
203,17,233,24.766666666666666,0.11023610973409972,-0.35022900546274477
203,17,234,24.8,0.8314270624532724,-0.2473023582293545
203,17,235,24.833333333333332,1.0356230890663125,-0.15402123409143922
203,17,236,24.866666666666667,0.829164502601594,-0.08587768899292146
203,17,237,24.9,0.4513170073730415,-0.050778688881236204
203,17,238,24.933333333333334,0.12550838873285283,-0.046728083046921276
203,17,239,24.966666666666665,-0.10640399606311725,-0.06258525333516768
203,18,0,18.0,-1.0283971356178558,0.1038842780345923
203,18,1,18.033333333333335,-0.9955900177686604,0.4083167101007128
203,18,2,18.066666666666666,-0.5600472463225697,0.6793881657232821
203,18,3,18.1,0.2001728638378704,0.8892882549209333
203,18,4,18.133333333333333,0.9536052944433836,1.0179784838216177
203,18,5,18.166666666666668,1.3280589498944186,1.0560534354399347
203,18,6,18.2,1.2794139130835507,1.0057285236804419
203,18,7,18.233333333333334,1.0197851701046505,0.8796853377522831
203,18,8,18.266666666666666,0.7363995486832038,0.6982364415713929
203,18,9,18.3,0.4530139272617894,0.48563190501022996
203,18,10,18.333333333333332,0.26013069990709764,0.266242105737655
203,18,11,18.366666666666667,0.18659750472788683,0.06106813360608223
203,18,12,18.4,0.18659750472788683,-0.11513942740076434
203,18,13,18.433333333333334,0.21431386291081675,-0.25584664866093815
203,18,14,18.466666666666665,0.11985198910367861,-0.3633756147846055
203,18,15,18.5,-0.022123641588488382,-0.44782767242444343
203,18,16,18.533333333333335,-0.22971350797902446,-0.5241784840307231
203,18,17,18.566666666666666,-0.4186372555933223,-0.6078712404044528
203,18,18,18.6,-0.6075610032075985,-0.7096516136347649
203,18,19,18.633333333333333,-0.7325674350122537,-0.8306756846188701
203,18,20,18.666666666666668,-0.8745430657044208,-0.9590559807928667
203,18,21,18.7,-0.9214911826265408,-1.0690345867862894
203,18,22,18.733333333333334,-0.9537326605128058,-1.1238289140442475
203,18,23,18.766666666666666,-1.0012464173978346,-1.0826296074250648
203,18,24,18.8,-1.0487601742828634,-0.9110990262062114
203,18,25,18.833333333333332,-1.035750455135767,-0.5932931224474007
203,18,26,18.866666666666667,-0.7964847508218641,-0.1417002742602506
203,18,27,18.9,-0.19351255035234402,0.398514619346818
203,18,28,18.933333333333334,0.562182440104761,0.9543628095236673
203,18,29,18.966666666666665,1.1216003634297218,1.4396459652482763
203,18,30,19.0,1.2217186368660125,1.7757273325383327
203,18,31,19.033333333333335,1.060511247434666,1.91156888936623
203,18,32,19.066666666666666,0.7296118691282228,1.8361563214169243
203,18,33,19.1,0.446226247706776,1.5792783674809496
203,18,34,19.133333333333333,0.22619230213207395,1.2005987358963943
203,18,35,19.166666666666668,0.13908374784285799,0.770988476678757
203,18,36,19.2,0.18659750472788683,0.35303192026892405
203,18,37,19.233333333333334,0.2341112616129157,-0.01241332852347719
203,18,38,19.266666666666666,0.1809411050987126,-0.3102647455750495
203,18,39,19.3,0.03896547440654563,-0.5470271873850362
203,18,40,19.333333333333332,-0.10753527598895642,-0.7420270364292056
203,18,41,19.366666666666667,-0.2964590236032327,-0.9177124335258731
203,18,42,19.4,-0.48198893144002386,-1.0912614174063908
203,18,43,19.433333333333334,-0.6239645621321909,-1.268363710277605
203,18,44,19.466666666666665,-0.718426435939329,-1.4395514317783975
203,18,45,19.5,-0.7653745528614383,-1.5796130866238816
203,18,46,19.533333333333335,-0.8111913898577192,-1.650733105409078
203,18,47,19.566666666666666,-0.858705146742748,-1.6097046589216553
203,18,48,19.6,-0.858705146742748,-1.4187671698262927
203,18,49,19.633333333333333,-0.8592707867056676,-1.0582882152616566
203,18,50,19.666666666666668,-0.5781477251358883,-0.5379575381050667
203,18,51,19.7,0.07969155173659352,0.09779807460212858
203,18,52,19.733333333333334,0.8336896223049507,0.7738320604306286
203,18,53,19.766666666666666,1.3631286275952599,1.3984372359051493
203,18,54,19.8,1.4219551837386373,1.883882122775848
203,18,55,19.833333333333332,1.1962648385347392,2.1664636671915516
203,18,56,19.866666666666667,0.9603929739983538,2.2197293603880053
203,18,57,19.9,0.7194303497957135,2.0575822842520024
203,18,58,19.933333333333334,0.48299284529640846,1.7273555815870771
203,18,59,19.966666666666665,0.3828745718600853,1.2956722611386582
203,18,60,20.0,0.3291387753829734,0.8316891592273081
203,18,61,20.033333333333335,0.3364920949008956,0.39260469632021355
203,18,62,20.066666666666666,0.2895439779787863,0.014893873495778438
203,18,63,20.1,0.1475683472866085,-0.2876133149948528
203,18,64,20.133333333333333,-0.03287080088391724,-0.5198785069075589
203,18,65,20.166666666666668,-0.2217945484981935,-0.6983874904945717
203,18,66,20.2,-0.4107182961124698,-0.8430391555362117
203,18,67,20.233333333333334,-0.5628754461371568,-0.9702213935786237
203,18,68,20.266666666666666,-0.657337319944295,-1.088300572245463
203,18,69,20.3,-0.7517991937514331,-1.1959602670752327
203,18,70,20.333333333333332,-0.7987473106735424,-1.2831535462469936
203,18,71,20.366666666666667,-0.8111913898577192,-1.3339528504103444
203,18,72,20.4,-0.8111913898577192,-1.3303504746339134
203,18,73,20.433333333333334,-0.858705146742748,-1.2561344623448856
203,18,74,20.466666666666665,-0.793090911044379,-1.1002896094383898
203,18,75,20.5,-0.3326599812298915,-0.8597181742122807
203,18,76,20.533333333333335,0.42416628915306354,-0.5412034052723129
203,18,77,20.566666666666666,1.290726712341899,-0.16238738386909876
203,18,78,20.6,1.7511576421563324,0.24873493575209277
203,18,79,20.633333333333333,1.8196000776692995,0.6563423037012658
203,18,80,20.666666666666668,1.6957249257904619,1.0214326151741857
203,18,81,20.7,1.4592874212911568,1.3078870085864247
203,18,82,20.733333333333334,1.242081675531031,1.4885015820227365
203,18,83,20.766666666666666,0.9586960541096166,1.5493392001390245
203,18,84,20.8,0.7771256260132409,1.491319122196933
203,18,85,20.833333333333332,0.7092488304632043,1.3288921823058342
203,18,86,20.866666666666667,0.6832293921690223,1.0864080547452193
203,18,87,20.9,0.5887675183618842,0.7931894818952502
203,18,88,20.933333333333334,0.4219037293013528,0.47844496629866895
203,18,89,20.966666666666665,0.20865746328164253,0.16706723940843551
203,18,90,21.0,-0.00345752281222859,-0.12287445359852428
203,18,91,21.033333333333335,-0.19238127042650485,-0.38056047813862237
203,18,92,21.066666666666666,-0.3586794195241167,-0.6009492073693335
203,18,93,21.1,-0.5006550502162836,-0.782108311349007
203,18,94,21.133333333333333,-0.5951169240234218,-0.9223084976080357
203,18,95,21.166666666666668,-0.68957879783056,-1.017825145314307
203,18,96,21.2,-0.7365269147526801,-1.0621734400322023
203,18,97,21.233333333333334,-0.7834750316747893,-1.0471109456257734
203,18,98,21.266666666666666,-0.8304231485968986,-0.9652235566629087
203,18,99,21.3,-0.9062189036277769,-0.8133838702451016
203,18,100,21.333333333333332,-0.8881184248144367,-0.595998780511285
203,18,101,21.366666666666667,-0.5634410861000441,-0.32690493628987366
203,18,102,21.4,0.13229606828786622,-0.029094835957695093
203,18,103,21.433333333333334,0.9994221314396212,0.2679366982793319
203,18,104,21.466666666666665,1.6278481302404144,0.5327534163040873
203,18,105,21.5,1.8495789957038968,0.7374467025869978
203,18,106,21.533333333333335,1.7251382038621506,0.8627687196953681
203,18,107,21.566666666666666,1.5362144562478743,0.9016528545488088
203,18,108,21.6,1.299776951748569,0.860025424168241
203,18,109,21.633333333333333,1.050329728102146,0.7544802281948181
203,18,110,21.666666666666668,0.7918322650490852,0.6075453239473954
203,18,111,21.7,0.6973703912419471,0.4421974189060986
203,18,112,21.733333333333334,0.6504222743198378,0.27731977403317737
203,18,113,21.766666666666666,0.54521324121726,0.1251537416821697
203,18,114,21.8,0.35628949360298373,-0.008998400099545435
203,18,115,21.833333333333332,0.11985198910367861,-0.12523453285991998
203,18,116,21.866666666666667,-0.06907175851059766,-0.22654605515991838
203,18,117,21.9,-0.2579955061248955,-0.31632630177719306
203,18,118,21.933333333333334,-0.4469192537391718,-0.3966176459858358
203,18,119,21.966666666666665,-0.6284896818355259,-0.4673344147430837
203,18,120,22.0,-0.722951555642664,-0.5262385218171276
203,18,121,22.033333333333335,-0.8111913898577192,-0.5692681163156705
203,18,122,22.066666666666666,-0.858705146742748,-0.5909918728971991
203,18,123,22.1,-0.9062189036277769,-0.5852323890637624
203,18,124,22.133333333333333,-0.9537326605128058,-0.5460022839152852
203,18,125,22.166666666666668,-1.0012464173978346,-0.4688338066758235
203,18,126,22.2,-0.9944587378428212,-0.3524511660591704
203,18,127,22.233333333333334,-0.6991946772001388,-0.2004954218666083
203,18,128,22.266666666666666,-0.03060824103224971,-0.022689046293963157
203,18,129,22.3,0.8178517033432455,0.16531785340409585
203,18,130,22.333333333333332,1.4253490235161546,0.3439042705290049
203,18,131,22.366666666666667,1.611444571315833,0.4930772803445311
203,18,132,22.4,1.3269276699685795,0.5967979736537937
203,18,133,22.433333333333334,1.0435420485471651,0.6465883582900266
203,18,134,22.466666666666665,0.7601564271257182,0.6429936752173072
203,18,135,22.5,0.5225876427005848,0.5942662472522204
203,18,136,22.533333333333335,0.3789150921196698,0.5129489921244653
203,18,137,22.566666666666666,0.3291387753829734,0.411946502783708
203,18,138,22.6,0.2816250184979446,0.3015199047319503
203,18,139,22.633333333333333,0.14700270732368892,0.18787275952205004
203,18,140,22.666666666666668,0.005592716594441515,0.07334713665133868
203,18,141,22.7,-0.18333103101983475,-0.042141182723867784
203,18,142,22.733333333333334,-0.4197685355191615,-0.1590636763901162
203,18,143,22.766666666666666,-0.5674005658404919,-0.2763630479532291
203,18,144,22.8,-0.7093761965326589,-0.39023291358075923
203,18,145,22.833333333333332,-0.803838070339797,-0.49385490668586585
203,18,146,22.866666666666667,-0.858705146742748,-0.5780420419509905
203,18,147,22.9,-0.9062189036277769,-0.6325327638023337
203,18,148,22.933333333333334,-0.9446824211061357,-0.6476254574326773
203,18,149,22.966666666666665,-0.991630538028245,-0.6159118771222845
203,18,150,23.0,-1.0385786549503542,-0.5339578870349158
203,18,151,23.033333333333335,-0.8909466246290022,-0.4037312789302133
203,18,152,23.066666666666666,-0.3315287013040739,-0.23337764024400154
203,18,153,23.1,0.4122878499317739,-0.03687344098292031
203,18,154,23.133333333333333,1.0622081673234032,0.16764212020635733
203,18,155,23.166666666666668,1.3139179508214938,0.3606132846448423
203,18,156,23.2,1.2115371175335032,0.5243089693565121
203,18,157,23.233333333333334,0.941726855222094,0.6457774246497793
203,18,158,23.266666666666666,0.6583412338006795,0.7186808808439427
203,18,159,23.3,0.37495561237923275,0.7434433750342767
203,18,160,23.333333333333332,0.17075958576620334,0.725764888997927
203,18,161,23.366666666666667,0.09156999095782913,0.6741595026584724
203,18,162,23.4,0.09156999095782913,0.5973861789171342
203,18,163,23.433333333333334,0.0615910729232209,0.5024709688682277
203,18,164,23.466666666666665,-0.03287080088391724,0.39369202920055085
203,18,165,23.5,-0.2036940696848533,0.27259844715115894
203,18,166,23.533333333333335,-0.42089981544497906,0.13892420055829982
203,18,167,23.566666666666666,-0.6290553217984347,-0.007936240825108146
203,18,168,23.6,-0.7908283511927114,-0.16741175826362936
203,18,169,23.633333333333333,-0.9118753032569511,-0.33666904469996495
203,18,170,23.666666666666668,-1.0012464173978346,-0.510055085040204
203,18,171,23.7,-1.0487601742828634,-0.6788576374553472
203,18,172,23.733333333333334,-1.0736483326512172,-0.8312827487016206
203,18,173,23.766666666666666,-1.0962739311678924,-0.9528825035309892
203,18,174,23.8,-1.1437876880529212,-1.0278392415264426
203,18,175,23.833333333333332,-1.1205964495733263,-1.0413695822280258
203,18,176,23.866666666666667,-0.8179790694126894,-0.9830773067043469
203,18,177,23.9,-0.1595741525772987,-0.8504490659180012
203,18,178,23.933333333333334,0.6436345947648352,-0.6511375921188289
203,18,179,23.966666666666665,1.152144921427217,-0.40274125035546926
203,18,180,24.0,1.2115371175335032,-0.12970300431322995
203,18,181,24.033333333333335,0.9824529325521094,0.14178596997040693
203,18,182,24.066666666666666,0.699067311130695,0.38911061103724565
203,18,183,24.1,0.4156816897092806,0.5968729281581153
203,18,184,24.133333333333333,0.19791030398621368,0.7575962001081805
203,18,185,24.166666666666668,0.044056234072800265,0.8696137478721431
203,18,186,24.2,0.044056234072800265,0.9337948913513002
203,18,187,24.233333333333334,0.044056234072800265,0.9512581425980774
203,18,188,24.266666666666666,-0.00345752281222859,0.9231072058395853
203,18,189,24.3,-0.1290295945798141,0.8515649253796743
203,18,190,24.333333333333332,-0.33265998122993473,0.7410942354335774
203,18,191,24.366666666666667,-0.5543908466933956,0.5985416007036612
203,18,192,24.4,-0.7433145943076718,0.4324310800724175
203,18,193,24.433333333333334,-0.8847245850369408,0.25223037709235024
203,18,194,24.466666666666665,-1.0136904965820115,0.06810615372158409
203,18,195,24.5,-1.1081523703891496,-0.10905425527035253
203,18,196,24.533333333333335,-1.155100487311259,-0.26791907910732027
203,18,197,24.566666666666666,-1.19130144493795,-0.3976686673336431
203,18,198,24.6,-1.238815201822979,-0.489598276984035
203,18,199,24.633333333333333,-1.2863289587080078,-0.5389257277722269
203,18,200,24.666666666666668,-1.3338427155930366,-0.5461401858899761
203,18,201,24.7,-1.2048768040479336,-0.5173106060663724
203,18,202,24.733333333333334,-0.6528122002409276,-0.463134772929051
203,18,203,24.766666666666666,0.11023610973409972,-0.396937170856623
203,18,204,24.8,0.8314270624532724,-0.33209384302163325
203,18,205,24.833333333333332,1.0356230890663125,-0.2794257080672842
203,18,206,24.866666666666667,0.829164502601594,-0.24503735688807576
203,18,207,24.9,0.4513170073730415,-0.22900442084854003
203,18,208,24.933333333333334,0.12550838873285283,-0.22526089773243593
203,18,209,24.966666666666665,-0.10640399606311725,-0.222877247926093
203,18,210,25.0,-0.2410263072373729,-0.2085788194934072
203,18,211,25.033333333333335,-0.23819810742278577,-0.17002338881000212
203,18,212,25.066666666666666,-0.14599879346731517,-0.09921209181952721
203,18,213,25.1,-0.19520947024109198,0.004662280052618328
203,18,214,25.133333333333333,-0.3383163808591089,0.13373465749105878
203,18,215,25.166666666666668,-0.5272401284733852,0.2721452057044004
203,18,216,25.2,-0.7161638760876615,0.39925861284833103
203,18,217,25.233333333333334,-0.9050876237019377,0.49487688671721797
203,18,218,25.266666666666666,-1.0464976144312068,0.5447573048427943
203,18,219,25.3,-1.1420907681641732,0.5442965350019713
203,18,220,25.333333333333332,-1.19130144493795,0.4990363553109828
203,18,221,25.366666666666667,-1.2359870020083918,0.4220783062191219
203,18,222,25.4,-1.19130144493795,0.32961484688893744
203,18,223,25.433333333333334,-1.19130144493795,0.2362326287019707
203,18,224,25.466666666666665,-1.238815201822979,0.15147756102086152
203,18,225,25.5,-1.0640324532816274,0.07855154764808468
203,18,226,25.533333333333335,-0.5181898890666611,0.015184745883309087
203,18,227,25.566666666666666,0.27936245864630943,-0.04397638614381178
203,18,228,25.6,0.953605294443362,-0.10446361758709519
203,18,229,25.633333333333333,1.089358885543435,-0.16951323137033003
203,18,230,25.666666666666668,0.8755469795608161,-0.23865309856263253
203,18,231,25.7,0.5056184438130621,-0.3075356606174941
203,18,232,25.733333333333334,0.1662344660628683,-0.36880075045800953
203,18,233,25.766666666666666,-0.04135540032766776,-0.41357422636235386
203,18,234,25.8,-0.14599879346731517,-0.43328278423427097
203,18,235,25.833333333333332,-0.10923219587770436,-0.42156082058766914
203,18,236,25.866666666666667,-0.014770322070566222,-0.375945009286715
203,18,237,25.9,-0.039092840476000236,-0.29890649767836164
203,18,238,25.933333333333334,-0.13355471428313836,-0.19780580222043534
203,18,239,25.966666666666665,-0.3575481395982883,-0.08371627203098152
203,19,0,19.0,1.2217186368660125,-0.04464605436477019
203,19,1,19.033333333333335,1.060511247434666,0.1237795877341112
203,19,2,19.066666666666666,0.7296118691282228,0.26386370196169506
203,19,3,19.1,0.446226247706776,0.35421361862966694
203,19,4,19.133333333333333,0.22619230213207395,0.38490543214899087
203,19,5,19.166666666666668,0.13908374784285799,0.35866319087208454
203,19,6,19.2,0.18659750472788683,0.288272579802281
203,19,7,19.233333333333334,0.2341112616129157,0.19150862204455107
203,19,8,19.266666666666666,0.1809411050987126,0.08563773088345032
203,19,9,19.3,0.03896547440654563,-0.01662437642688946
203,19,10,19.333333333333332,-0.10753527598895642,-0.10866279690871439
203,19,11,19.366666666666667,-0.2964590236032327,-0.18903887510901057
203,19,12,19.4,-0.48198893144002386,-0.2589386008732604
203,19,13,19.433333333333334,-0.6239645621321909,-0.31919713562640767
203,19,14,19.466666666666665,-0.718426435939329,-0.36797856734858975
203,19,15,19.5,-0.7653745528614383,-0.39981821809991996
203,19,16,19.533333333333335,-0.8111913898577192,-0.40633661112778263
203,19,17,19.566666666666666,-0.858705146742748,-0.3785093254932823
203,19,18,19.6,-0.858705146742748,-0.3098862293099114
203,19,19,19.633333333333333,-0.8592707867056676,-0.19972625344971753
203,19,20,19.666666666666668,-0.5781477251358883,-0.05487494901772156
203,19,21,19.7,0.07969155173659352,0.11045081460356744
203,19,22,19.733333333333334,0.8336896223049507,0.2770418475165119
203,19,23,19.766666666666666,1.3631286275952599,0.42453020209721687
203,19,24,19.8,1.4219551837386373,0.5355560491073719
203,19,25,19.833333333333332,1.1962648385347392,0.5990795228343325
203,19,26,19.866666666666667,0.9603929739983538,0.6118396493449585
203,19,27,19.9,0.7194303497957135,0.5775924370725699
203,19,28,19.933333333333334,0.48299284529640846,0.5047676700502899
203,19,29,19.966666666666665,0.3828745718600853,0.40382837693428886
203,19,30,20.0,0.3291387753829734,0.28533940766172744
203,19,31,20.033333333333335,0.3364920949008956,0.15897869251115784
203,19,32,20.066666666666666,0.2895439779787863,0.03317530533352258
203,19,33,20.1,0.1475683472866085,-0.0850491939844831
203,19,34,20.133333333333333,-0.03287080088391724,-0.19027205560922242
203,19,35,20.166666666666668,-0.2217945484981935,-0.2788754198620888
203,19,36,20.2,-0.4107182961124698,-0.3491173017299169
203,19,37,20.233333333333334,-0.5628754461371568,-0.40095976235062736
203,19,38,20.266666666666666,-0.657337319944295,-0.4356819755991278
203,19,39,20.3,-0.7517991937514331,-0.4553744290484249
203,19,40,20.333333333333332,-0.7987473106735424,-0.4623434318035585
203,19,41,20.366666666666667,-0.8111913898577192,-0.4584045696851325
203,19,42,20.4,-0.8111913898577192,-0.44414323193928673
203,19,43,20.433333333333334,-0.858705146742748,-0.41835376945239205
203,19,44,20.466666666666665,-0.793090911044379,-0.37788020893702445
203,19,45,20.5,-0.3326599812298915,-0.3180026327791722
203,19,46,20.533333333333335,0.42416628915306354,-0.23343619988928865
203,19,47,20.566666666666666,1.290726712341899,-0.11993673959003137
203,19,48,20.6,1.7511576421563324,0.02362156638582103
203,19,49,20.633333333333333,1.8196000776692995,0.1930760959474774
203,19,50,20.666666666666668,1.6957249257904619,0.377408356653323
203,19,51,20.7,1.4592874212911568,0.5586416919319206
203,19,52,20.733333333333334,1.242081675531031,0.7138521604595536
203,19,53,20.766666666666666,0.9586960541096166,0.8192775911151783
203,19,54,20.8,0.7771256260132409,0.8555919823074143
203,19,55,20.833333333333332,0.7092488304632043,0.8126981841878002
203,19,56,20.866666666666667,0.6832293921690223,0.6923246616443658
203,19,57,20.9,0.5887675183618842,0.5074228892042957
203,19,58,20.933333333333334,0.4219037293013528,0.27859974082943406
203,19,59,20.966666666666665,0.20865746328164253,0.028996261733697817
203,19,60,21.0,-0.00345752281222859,-0.22043762037068113
203,19,61,21.033333333333335,-0.19238127042650485,-0.4536429297197344
203,19,62,21.066666666666666,-0.3586794195241167,-0.6594994084356757
203,19,63,21.1,-0.5006550502162836,-0.8297856028783405
203,19,64,21.133333333333333,-0.5951169240234218,-0.9564560205173294
203,19,65,21.166666666666668,-0.68957879783056,-1.0298229870305797
203,19,66,21.2,-0.7365269147526801,-1.038736085764399
203,19,67,21.233333333333334,-0.7834750316747893,-0.972922952247589
203,19,68,21.266666666666666,-0.8304231485968986,-0.8266860185460791
203,19,69,21.3,-0.9062189036277769,-0.6025430013999205
203,19,70,21.333333333333332,-0.8881184248144367,-0.31338934205669566
203,19,71,21.366666666666667,-0.5634410861000441,0.017712656150103357
203,19,72,21.4,0.13229606828786622,0.3602089377107667
203,19,73,21.433333333333334,0.9994221314396212,0.6805163928104754
203,19,74,21.466666666666665,1.6278481302404144,0.9471305673796137
203,19,75,21.5,1.8495789957038968,1.1352040901364346
203,19,76,21.533333333333335,1.7251382038621506,1.2297586189558731
203,19,77,21.566666666666666,1.5362144562478743,1.2271243221794348
203,19,78,21.6,1.299776951748569,1.1345169717426393
203,19,79,21.633333333333333,1.050329728102146,0.9679451987055903
203,19,80,21.666666666666668,0.7918322650490852,0.7489779892068772
203,19,81,21.7,0.6973703912419471,0.5011058569615346
203,19,82,21.733333333333334,0.6504222743198378,0.24635004300696522
203,19,83,21.766666666666666,0.54521324121726,0.002619022897294961
203,19,84,21.8,0.35628949360298373,-0.21774342855596926
203,19,85,21.833333333333332,0.11985198910367861,-0.4079410093137844
203,19,86,21.866666666666667,-0.06907175851059766,-0.5654182351226801
203,19,87,21.9,-0.2579955061248955,-0.6899213377502417
203,19,88,21.933333333333334,-0.4469192537391718,-0.7817212061580796
203,19,89,21.966666666666665,-0.6284896818355259,-0.8405488915100762
203,19,90,22.0,-0.722951555642664,-0.8653630804875749
203,19,91,22.033333333333335,-0.8111913898577192,-0.8547173338042621
203,19,92,22.066666666666666,-0.858705146742748,-0.8073913954136474
203,19,93,22.1,-0.9062189036277769,-0.7230404108820754
203,19,94,22.133333333333333,-0.9537326605128058,-0.6027526350201963
203,19,95,22.166666666666668,-1.0012464173978346,-0.4495133896006805
203,19,96,22.2,-0.9944587378428212,-0.26862008066583304
203,19,97,22.233333333333334,-0.6991946772001388,-0.06805067156714001
203,19,98,22.266666666666666,-0.03060824103224971,0.14133164570285084
203,19,99,22.3,0.8178517033432455,0.34597050913080607
203,19,100,22.333333333333332,1.4253490235161546,0.5304591703469104
203,19,101,22.366666666666667,1.611444571315833,0.6791800569479183
203,19,102,22.4,1.3269276699685795,0.7786450030853901
203,19,103,22.433333333333334,1.0435420485471651,0.8200593390141276
203,19,104,22.466666666666665,0.7601564271257182,0.8012592133219326
203,19,105,22.5,0.5225876427005848,0.7271824970010452
203,19,106,22.533333333333335,0.3789150921196698,0.6086049674263299
203,19,107,22.566666666666666,0.3291387753829734,0.459606927128065
203,19,108,22.6,0.2816250184979446,0.29463611618980656
203,19,109,22.633333333333333,0.14700270732368892,0.12601980908378319
203,19,110,22.666666666666668,0.005592716594441515,-0.03748478118107519
203,19,111,22.7,-0.18333103101983475,-0.1908729660929686
203,19,112,22.733333333333334,-0.4197685355191615,-0.33193096388799165
203,19,113,22.766666666666666,-0.5674005658404919,-0.459542521546992
203,19,114,22.8,-0.7093761965326589,-0.5718617264066205
203,19,115,22.833333333333332,-0.803838070339797,-0.6649663973376571
203,19,116,22.866666666666667,-0.858705146742748,-0.7324244673545154
203,19,117,22.9,-0.9062189036277769,-0.7658944624656208
203,19,118,22.933333333333334,-0.9446824211061357,-0.756562418741336
203,19,119,22.966666666666665,-0.991630538028245,-0.6970080554189011
203,19,120,23.0,-1.0385786549503542,-0.5830618122219293
203,19,121,23.033333333333335,-0.8909466246290022,-0.41535344628050674
203,19,122,23.066666666666666,-0.3315287013040739,-0.20044036318558872
203,19,123,23.1,0.4122878499317739,0.04859251085297869
203,19,124,23.133333333333333,1.0622081673234032,0.31240511210473043
203,19,125,23.166666666666668,1.3139179508214938,0.5670326636479105
203,19,126,23.2,1.2115371175335032,0.787065160731236
203,19,127,23.233333333333334,0.941726855222094,0.9498765962953658
203,19,128,23.266666666666666,0.6583412338006795,1.0397071071746762
203,19,129,23.3,0.37495561237923275,1.0502520033837104
203,19,130,23.333333333333332,0.17075958576620334,0.9850376291601614
203,19,131,23.366666666666667,0.09156999095782913,0.8557793663775879
203,19,132,23.4,0.09156999095782913,0.6794931128628814
203,19,133,23.433333333333334,0.0615910729232209,0.4752086340346436
203,19,134,23.466666666666665,-0.03287080088391724,0.26090240623158845
203,19,135,23.5,-0.2036940696848533,0.05102164976034594
203,19,136,23.533333333333335,-0.42089981544497906,-0.14512063755754015
203,19,137,23.566666666666666,-0.6290553217984347,-0.32384645061059225
203,19,138,23.6,-0.7908283511927114,-0.4864133647205137
203,19,139,23.633333333333333,-0.9118753032569511,-0.6371472200996527
203,19,140,23.666666666666668,-1.0012464173978346,-0.7805025404835326
203,19,141,23.7,-1.0487601742828634,-0.9173887429239056
203,19,142,23.733333333333334,-1.0736483326512172,-1.041657332751718
203,19,143,23.766666666666666,-1.0962739311678924,-1.138176335613219
203,19,144,23.8,-1.1437876880529212,-1.1839242161903065
203,19,145,23.833333333333332,-1.1205964495733263,-1.152768886837359
203,19,146,23.866666666666667,-0.8179790694126894,-1.0231948421852537
203,19,147,23.9,-0.1595741525772987,-0.7867390613679727
203,19,148,23.933333333333334,0.6436345947648352,-0.4540319359956288
203,19,149,23.966666666666665,1.152144921427217,-0.05575376758764575
203,19,150,24.0,1.2115371175335032,0.3624143927975403
203,19,151,24.033333333333335,0.9824529325521094,0.7494503043228699
203,19,152,24.066666666666666,0.699067311130695,1.0601160371223113
203,19,153,24.1,0.4156816897092806,1.2639735614348877
203,19,154,24.133333333333333,0.19791030398621368,1.3497290372200001
203,19,155,24.166666666666668,0.044056234072800265,1.3242310999623883
203,19,156,24.2,0.044056234072800265,1.2073248759835151
203,19,157,24.233333333333334,0.044056234072800265,1.0248916614504286
203,19,158,24.266666666666666,-0.00345752281222859,0.8024707804542097
203,19,159,24.3,-0.1290295945798141,0.5611135168118655
203,19,160,24.333333333333332,-0.33265998122993473,0.31604207406626517
203,19,161,24.366666666666667,-0.5543908466933956,0.07764064793358759
203,19,162,24.4,-0.7433145943076718,-0.14642743942374528
203,19,163,24.433333333333334,-0.8847245850369408,-0.34931639849212354
203,19,164,24.466666666666665,-1.0136904965820115,-0.5241370810888206
203,19,165,24.5,-1.1081523703891496,-0.6641910635012871
203,19,166,24.533333333333335,-1.155100487311259,-0.763794552207434
203,19,167,24.566666666666666,-1.19130144493795,-0.819088388970462
203,19,168,24.6,-1.238815201822979,-0.8285216355703827
203,19,169,24.633333333333333,-1.2863289587080078,-0.7930456039998197
203,19,170,24.666666666666668,-1.3338427155930366,-0.7161716986142914
203,19,171,24.7,-1.2048768040479336,-0.6039534386373085
203,19,172,24.733333333333334,-0.6528122002409276,-0.4648238588224722
203,19,173,24.766666666666666,0.11023610973409972,-0.30915563128825424
203,19,174,24.8,0.8314270624532724,-0.14844452875470404
203,19,175,24.833333333333332,1.0356230890663125,0.005858512800966244
203,19,176,24.866666666666667,0.829164502601594,0.14367398642352172
203,19,177,24.9,0.4513170073730415,0.257459393330334
203,19,178,24.933333333333334,0.12550838873285283,0.34288789542188297
203,19,179,24.966666666666665,-0.10640399606311725,0.3988635377010556
203,19,180,25.0,-0.2410263072373729,0.42695235545424015
203,19,181,25.033333333333335,-0.23819810742278577,0.430525224399888
203,19,182,25.066666666666666,-0.14599879346731517,0.41395101993884403
203,19,183,25.1,-0.19520947024109198,0.38203012018551846
203,19,184,25.133333333333333,-0.3383163808591089,0.3396251377408838
203,19,185,25.166666666666668,-0.5272401284733852,0.2913211663273701
203,19,186,25.2,-0.7161638760876615,0.2410292938991731
203,19,187,25.233333333333334,-0.9050876237019377,0.19159390870806944
203,19,188,25.266666666666666,-1.0464976144312068,0.1445163052369103
203,19,189,25.3,-1.1420907681641732,0.09990708543987052
203,19,190,25.333333333333332,-1.19130144493795,0.05678626836433088
203,19,191,25.366666666666667,-1.2359870020083918,0.013747298079360568
203,19,192,25.4,-1.19130144493795,-0.030248348220635983
203,19,193,25.433333333333334,-1.19130144493795,-0.07531284667799919
203,19,194,25.466666666666665,-1.238815201822979,-0.12049385163155678
203,19,195,25.5,-1.0640324532816274,-0.1639442831789149
203,19,196,25.533333333333335,-0.5181898890666611,-0.20317011198812523
203,19,197,25.566666666666666,0.27936245864630943,-0.2352146479465374
203,19,198,25.6,0.953605294443362,-0.2568094797731724
203,19,199,25.633333333333333,1.089358885543435,-0.2646727021858345
203,19,200,25.666666666666668,0.8755469795608161,-0.25616113918565947
203,19,201,25.7,0.5056184438130621,-0.2302666372269374
203,19,202,25.733333333333334,0.1662344660628683,-0.18855012484982916
203,19,203,25.766666666666666,-0.04135540032766776,-0.1354011707333918
203,19,204,25.8,-0.14599879346731517,-0.0772799765912449
203,19,205,25.833333333333332,-0.10923219587770436,-0.021173532595793222
203,19,206,25.866666666666667,-0.014770322070566222,0.027042588166451498
203,19,207,25.9,-0.039092840476000236,0.0636688711246457
203,19,208,25.933333333333334,-0.13355471428313836,0.08750544092171136
203,19,209,25.966666666666665,-0.3575481395982883,0.09968643818561465
203,19,210,26.0,-0.5464718872125646,0.10319982660956488
203,19,211,26.033333333333335,-0.7353956348268409,0.10204622305428723
203,19,212,26.066666666666666,-0.8768056255560882,0.10008372303411991
203,19,213,26.1,-0.9859741383990815,0.09987413105370743
203,19,214,26.133333333333333,-1.0804360122062195,0.10194819089066777
203,19,215,26.166666666666668,-1.0962739311678924,0.10478519739428126
203,19,216,26.2,-1.1437876880529212,0.10556127469297015
203,19,217,26.233333333333334,-1.1437876880529212,0.10144873329606044
203,19,218,26.266666666666666,-1.1143744099812325,0.09101319455879825
203,19,219,26.3,-0.7806468318601913,0.0751122393934363
203,19,220,26.333333333333332,-0.062284078955605886,0.05675431859185705
203,19,221,26.366666666666667,0.8161547834544868,0.03980442716961262
203,19,222,26.4,1.360866067743614,0.027130787961196487
203,19,223,26.433333333333334,1.3687850272244342,0.019177596978090225
203,19,224,26.466666666666665,1.080308646136765,0.013626689753229962
203,19,225,26.5,0.7499749077932414,0.006214495712501994
203,19,226,26.533333333333335,0.44452932781802806,-0.007571550964678477
203,19,227,26.566666666666666,0.23297998168707654,-0.030423575246194736
203,19,228,26.6,0.09156999095782913,-0.061595554073116614
203,19,229,26.633333333333333,0.09156999095782913,-0.09659228940615994
203,19,230,26.666666666666668,0.13908374784285799,-0.1284438457109196
203,19,231,26.7,0.1170237892890915,-0.1500369656607723
203,19,232,26.733333333333334,-0.024951841403075492,-0.1565099753592798
203,19,233,26.766666666666666,-0.20878482935109713,-0.14679103968813556
203,19,234,26.8,-0.42429365522249657,-0.12381865940288227
203,19,235,26.833333333333332,-0.6132174028367728,-0.09347978179466994
203,19,236,26.866666666666667,-0.7546273935660203,-0.06260266293933933
203,19,237,26.9,-0.8773712655190078,-0.03657651255207182
203,19,238,26.933333333333334,-0.9243193824411279,-0.017447639985105293
203,19,239,26.966666666666665,-0.9712674993632372,-0.003393797307174975
203,20,0,20.0,0.3291387753829734,0.00998286935201517
203,20,1,20.033333333333335,0.3364920949008956,-0.09684575383601494
203,20,2,20.066666666666666,0.2895439779787863,-0.19140936288834437
203,20,3,20.1,0.1475683472866085,-0.2640221262850857
203,20,4,20.133333333333333,-0.03287080088391724,-0.3114933592779647
203,20,5,20.166666666666668,-0.2217945484981935,-0.3377087127988655
203,20,6,20.2,-0.4107182961124698,-0.3516814856146442
203,20,7,20.233333333333334,-0.5628754461371568,-0.36395000617918033
203,20,8,20.266666666666666,-0.657337319944295,-0.3828714843967371
203,20,9,20.3,-0.7517991937514331,-0.4121601739098685
203,20,10,20.333333333333332,-0.7987473106735424,-0.45023780999907675
203,20,11,20.366666666666667,-0.8111913898577192,-0.4911045334813438
203,20,12,20.4,-0.8111913898577192,-0.52593471031617
203,20,13,20.433333333333334,-0.858705146742748,-0.5446132029304869
203,20,14,20.466666666666665,-0.793090911044379,-0.5368563240385785
203,20,15,20.5,-0.3326599812298915,-0.49315388144465516
203,20,16,20.533333333333335,0.42416628915306354,-0.40615880328201
203,20,17,20.566666666666666,1.290726712341899,-0.272946919440276
203,20,18,20.6,1.7511576421563324,-0.0977411488572316
203,20,19,20.633333333333333,1.8196000776692995,0.10616790363240823
203,20,20,20.666666666666668,1.6957249257904619,0.3167684579451454
203,20,21,20.7,1.4592874212911568,0.5066907847643285
203,20,22,20.733333333333334,1.242081675531031,0.649009798355356
203,20,23,20.766666666666666,0.9586960541096166,0.7237006906527856
203,20,24,20.8,0.7771256260132409,0.7225491356115213
203,20,25,20.833333333333332,0.7092488304632043,0.6508540457382814
203,20,26,20.866666666666667,0.6832293921690223,0.5254522417608831
203,20,27,20.9,0.5887675183618842,0.3699105057241415
203,20,28,20.933333333333334,0.4219037293013528,0.20863913453992503
203,20,29,20.966666666666665,0.20865746328164253,0.06186834753791859
203,20,30,21.0,-0.00345752281222859,-0.05712880218104882
203,20,31,21.033333333333335,-0.19238127042650485,-0.14221789558770195
203,20,32,21.066666666666666,-0.3586794195241167,-0.19269825386320388
203,20,33,21.1,-0.5006550502162836,-0.2110136007236891
203,20,34,21.133333333333333,-0.5951169240234218,-0.20105326136681848
203,20,35,21.166666666666668,-0.68957879783056,-0.16755207817093368
203,20,36,21.2,-0.7365269147526801,-0.11631564472148614
203,20,37,21.233333333333334,-0.7834750316747893,-0.05451424484940321
203,20,38,21.266666666666666,-0.8304231485968986,0.009668637391541189
203,20,39,21.3,-0.9062189036277769,0.06824462601224753
203,20,40,21.333333333333332,-0.8881184248144367,0.11504254733968851
203,20,41,21.366666666666667,-0.5634410861000441,0.1469186896438805
203,20,42,21.4,0.13229606828786622,0.16387670058310094
203,20,43,21.433333333333334,0.9994221314396212,0.16796451909368496
203,20,44,21.466666666666665,1.6278481302404144,0.16143596879264047
203,20,45,21.5,1.8495789957038968,0.14509443325044546
203,20,46,21.533333333333335,1.7251382038621506,0.11775942731706687
203,20,47,21.566666666666666,1.5362144562478743,0.07723181752975453
203,20,48,21.6,1.299776951748569,0.02217532276396377
203,20,49,21.633333333333333,1.050329728102146,-0.04623795771277099
203,20,50,21.666666666666668,0.7918322650490852,-0.1237300354235881
203,20,51,21.7,0.6973703912419471,-0.20341740080940465
203,20,52,21.733333333333334,0.6504222743198378,-0.2769985555161795
203,20,53,21.766666666666666,0.54521324121726,-0.3361661159561107
203,20,54,21.8,0.35628949360298373,-0.3739116319749072
203,20,55,21.833333333333332,0.11985198910367861,-0.3855613699638508
203,20,56,21.866666666666667,-0.06907175851059766,-0.3695146187543402
203,20,57,21.9,-0.2579955061248955,-0.32768630875012456
203,20,58,21.933333333333334,-0.4469192537391718,-0.2655613258991201
203,20,59,21.966666666666665,-0.6284896818355259,-0.19159334563583275
203,20,60,22.0,-0.722951555642664,-0.11561920799892055
203,20,61,22.033333333333335,-0.8111913898577192,-0.04636355666757683
203,20,62,22.066666666666666,-0.858705146742748,0.011076218017700467
203,20,63,22.1,-0.9062189036277769,0.05650831297540503
203,20,64,22.133333333333333,-0.9537326605128058,0.09408999432224434
203,20,65,22.166666666666668,-1.0012464173978346,0.13032075651480127
203,20,66,22.2,-0.9944587378428212,0.1713978012603029
203,20,67,22.233333333333334,-0.6991946772001388,0.22071837782649698
203,20,68,22.266666666666666,-0.03060824103224971,0.277237972785854
203,20,69,22.3,0.8178517033432455,0.33520915965252795
203,20,70,22.333333333333332,1.4253490235161546,0.38539447043564795
203,20,71,22.366666666666667,1.611444571315833,0.41740018050638783
203,20,72,22.4,1.3269276699685795,0.42253494848724554
203,20,73,22.433333333333334,1.0435420485471651,0.3963873449056827
203,20,74,22.466666666666665,0.7601564271257182,0.34010675425211184
203,20,75,22.5,0.5225876427005848,0.2597153120954393
203,20,76,22.533333333333335,0.3789150921196698,0.1638725328997124
203,20,77,22.566666666666666,0.3291387753829734,0.06138943273136513
203,20,78,22.6,0.2816250184979446,-0.04042775927296415
203,20,79,22.633333333333333,0.14700270732368892,-0.1363715259074851
203,20,80,22.666666666666668,0.005592716594441515,-0.22322112925664767
203,20,81,22.7,-0.18333103101983475,-0.2993597878628598
203,20,82,22.733333333333334,-0.4197685355191615,-0.3643276796772434
203,20,83,22.766666666666666,-0.5674005658404919,-0.41827624741190395
203,20,84,22.8,-0.7093761965326589,-0.46124606253780354
203,20,85,22.833333333333332,-0.803838070339797,-0.4923473859116784
203,20,86,22.866666666666667,-0.858705146742748,-0.5091239315005771
203,20,87,22.9,-0.9062189036277769,-0.507426936509926
203,20,88,22.933333333333334,-0.9446824211061357,-0.4819459988595561
203,20,89,22.966666666666665,-0.991630538028245,-0.4273102115256292
203,20,90,23.0,-1.0385786549503542,-0.33956047330466876
203,20,91,23.033333333333335,-0.8909466246290022,-0.21772914149337483
203,20,92,23.066666666666666,-0.3315287013040739,-0.06514957981686399
203,20,93,23.1,0.4122878499317739,0.1099384505248534
203,20,94,23.133333333333333,1.0622081673234032,0.2947948852081702
203,20,95,23.166666666666668,1.3139179508214938,0.47364856683851947
203,20,96,23.2,1.2115371175335032,0.6300054914996321
203,20,97,23.233333333333334,0.941726855222094,0.7492995780500736
203,20,98,23.266666666666666,0.6583412338006795,0.8211823233834356
203,20,99,23.3,0.37495561237923275,0.840808819090415
203,20,100,23.333333333333332,0.17075958576620334,0.8088848939773784
203,20,101,23.366666666666667,0.09156999095782913,0.7307155412449573
203,20,102,23.4,0.09156999095782913,0.6147222970151047
203,20,103,23.433333333333334,0.0615910729232209,0.4708527138629457
203,20,104,23.466666666666665,-0.03287080088391724,0.30913942659888555
203,20,105,23.5,-0.2036940696848533,0.13852616474633583
203,20,106,23.533333333333335,-0.42089981544497906,-0.033971171184919303
203,20,107,23.566666666666666,-0.6290553217984347,-0.20370928719088607
203,20,108,23.6,-0.7908283511927114,-0.368420289677391
203,20,109,23.633333333333333,-0.9118753032569511,-0.5276556934547656
203,20,110,23.666666666666668,-1.0012464173978346,-0.6814319947376595
203,20,111,23.7,-1.0487601742828634,-0.8279804809502381
203,20,112,23.733333333333334,-1.0736483326512172,-0.9610891844811981
203,20,113,23.766666666666666,-1.0962739311678924,-1.0682023696367162
203,20,114,23.8,-1.1437876880529212,-1.1306649242036324
203,20,115,23.833333333333332,-1.1205964495733263,-1.1269496443185123
203,20,116,23.866666666666667,-0.8179790694126894,-1.038480188890907
203,20,117,23.9,-0.1595741525772987,-0.8563153922625337
203,20,118,23.933333333333334,0.6436345947648352,-0.5862014919223071
203,20,119,23.966666666666665,1.152144921427217,-0.24981802856901936
203,20,120,24.0,1.2115371175335032,0.11856956068437602
203,20,121,24.033333333333335,0.9824529325521094,0.47903245420037294
203,20,122,24.066666666666666,0.699067311130695,0.7941006388932558
203,20,123,24.1,0.4156816897092806,1.0353898602730787
203,20,124,24.133333333333333,0.19791030398621368,1.1868824976690207
203,20,125,24.166666666666668,0.044056234072800265,1.2446204343150002
203,20,126,24.2,0.044056234072800265,1.214129102180299
203,20,127,24.233333333333334,0.044056234072800265,1.1074203783788723
203,20,128,24.266666666666666,-0.00345752281222859,0.9406229417428209
203,20,129,24.3,-0.1290295945798141,0.7321651012379692
203,20,130,24.333333333333332,-0.33265998122993473,0.5010709658578858
203,20,131,24.366666666666667,-0.5543908466933956,0.2652696820247293
203,20,132,24.4,-0.7433145943076718,0.040219195454897175
203,20,133,24.433333333333334,-0.8847245850369408,-0.1618205587376468
203,20,134,24.466666666666665,-1.0136904965820115,-0.3318893502094171
203,20,135,24.5,-1.1081523703891496,-0.4641748248169446
203,20,136,24.533333333333335,-1.155100487311259,-0.5559444628596035
203,20,137,24.566666666666666,-1.19130144493795,-0.6075944655384414
203,20,138,24.6,-1.238815201822979,-0.6225872655262535
203,20,139,24.633333333333333,-1.2863289587080078,-0.6069865718962667
203,20,140,24.666666666666668,-1.3338427155930366,-0.5684423198280849
203,20,141,24.7,-1.2048768040479336,-0.5147524904088591
203,20,142,24.733333333333334,-0.6528122002409276,-0.45239821673995206
203,20,143,24.766666666666666,0.11023610973409972,-0.3855555507297324
203,20,144,24.8,0.8314270624532724,-0.3159458628252901
203,20,145,24.833333333333332,1.0356230890663125,-0.24355624309660306
203,20,146,24.866666666666667,0.829164502601594,-0.16790136070822603
203,20,147,24.9,0.4513170073730415,-0.08929324425911299
203,20,148,24.933333333333334,0.12550838873285283,-0.009632437025700234
203,20,149,24.966666666666665,-0.10640399606311725,0.067539956245235
203,20,150,25.0,-0.2410263072373729,0.1377145602082655
203,20,151,25.033333333333335,-0.23819810742278577,0.19653562001731
203,20,152,25.066666666666666,-0.14599879346731517,0.24091434666867592
203,20,153,25.1,-0.19520947024109198,0.2696890903547685
203,20,154,25.133333333333333,-0.3383163808591089,0.2836366679807398
203,20,155,25.166666666666668,-0.5272401284733852,0.2849601466179784
203,20,156,25.2,-0.7161638760876615,0.27656509107556476
203,20,157,25.233333333333334,-0.9050876237019377,0.26141289245579846
203,20,158,25.266666666666666,-1.0464976144312068,0.2420719064858129
203,20,159,25.3,-1.1420907681641732,0.2204408440958199
203,20,160,25.333333333333332,-1.19130144493795,0.1976049232121332
203,20,161,25.366666666666667,-1.2359870020083918,0.1738310724377224
203,20,162,25.4,-1.19130144493795,0.1487043616889965
203,20,163,25.433333333333334,-1.19130144493795,0.12136704112067516
203,20,164,25.466666666666665,-1.238815201822979,0.09080803482449717
203,20,165,25.5,-1.0640324532816274,0.05618391471438175
203,20,166,25.533333333333335,-0.5181898890666611,0.017194526229883867
203,20,167,25.566666666666666,0.27936245864630943,-0.025494932853705528
203,20,168,25.6,0.953605294443362,-0.06992230944705288
203,20,169,25.633333333333333,1.089358885543435,-0.11283575056075691
203,20,170,25.666666666666668,0.8755469795608161,-0.1502399770070185
203,20,171,25.7,0.5056184438130621,-0.17843157051485575
203,20,172,25.733333333333334,0.1662344660628683,-0.19513034476067798
203,20,173,25.766666666666666,-0.04135540032766776,-0.20013148954590898
203,20,174,25.8,-0.14599879346731517,-0.19508074387991645
203,20,175,25.833333333333332,-0.10923219587770436,-0.18246994796058832
203,20,176,25.866666666666667,-0.014770322070566222,-0.16447135006552555
203,20,177,25.9,-0.039092840476000236,-0.14232539054598314
203,20,178,25.933333333333334,-0.13355471428313836,-0.11651330816322003
203,20,179,25.966666666666665,-0.3575481395982883,-0.08736783727376167
203,20,180,26.0,-0.5464718872125646,-0.05562269159377138
203,20,181,26.033333333333335,-0.7353956348268409,-0.02261720052555555
203,20,182,26.066666666666666,-0.8768056255560882,0.009859723304087013
203,20,183,26.1,-0.9859741383990815,0.03994142223715445
203,20,184,26.133333333333333,-1.0804360122062195,0.06608605718200988
203,20,185,26.166666666666668,-1.0962739311678924,0.08734979111162729
203,20,186,26.2,-1.1437876880529212,0.10341778390731962
203,20,187,26.233333333333334,-1.1437876880529212,0.11438620093446926
203,20,188,26.266666666666666,-1.1143744099812325,0.12044518480833025
203,20,189,26.3,-0.7806468318601913,0.12166120647397789
203,20,190,26.333333333333332,-0.062284078955605886,0.11791883271895819
203,20,191,26.366666666666667,0.8161547834544868,0.10895928734778276
203,20,192,26.4,1.360866067743614,0.09450617453554057
203,20,193,26.433333333333334,1.3687850272244342,0.07451219232724293
203,20,194,26.466666666666665,1.080308646136765,0.04943288815057081
203,20,195,26.5,0.7499749077932414,0.020353338944458316
203,20,196,26.533333333333335,0.44452932781802806,-0.011055903964340953
203,20,197,26.566666666666666,0.23297998168707654,-0.04265172273985275
203,20,198,26.6,0.09156999095782913,-0.07202257506788554
203,20,199,26.633333333333333,0.09156999095782913,-0.09691914191802227
203,20,200,26.666666666666668,0.13908374784285799,-0.11587651600525621
203,20,201,26.7,0.1170237892890915,-0.12873959797647647
203,20,202,26.733333333333334,-0.024951841403075492,-0.13676907175998493
203,20,203,26.766666666666666,-0.20878482935109713,-0.1421791115764562
203,20,204,26.8,-0.42429365522249657,-0.1471836614756212
203,20,205,26.833333333333332,-0.6132174028367728,-0.1528264918379232
203,20,206,26.866666666666667,-0.7546273935660203,-0.15800027309649478
203,20,207,26.9,-0.8773712655190078,-0.15906317943748313
203,20,208,26.933333333333334,-0.9243193824411279,-0.15031396675932085
203,20,209,26.966666666666665,-0.9712674993632372,-0.12534697452233182
203,20,210,27.0,-1.0012464173978346,-0.0790533645396272
203,20,211,27.033333333333335,-1.0012464173978346,-0.009793511019701447
203,20,212,27.066666666666666,-0.9062189036277877,0.07892464401922479
203,20,213,27.1,-0.4039306165574348,0.1779716098286584
203,20,214,27.133333333333333,0.4286914088563878,0.273829263272814
203,20,215,27.166666666666668,1.330887149708995,0.3515176021564479
203,20,216,27.2,1.7545514819338393,0.3984885506517509
203,20,217,27.233333333333334,1.6680085676075211,0.40818009390356014
203,20,218,27.266666666666666,1.3846229461861068,0.38184168532474677
203,20,219,27.3,1.0537235678796635,0.3278278520581535
203,20,220,27.333333333333332,0.7816507457165868,0.2586234284413682
203,20,221,27.366666666666667,0.54521324121726,0.18681357882840793
203,20,222,27.4,0.41398476982052185,0.12151194231184681
203,20,223,27.433333333333334,0.37665253226800227,0.06639571121355506
203,20,224,27.466666666666665,0.37665253226800227,0.01977688380125569
203,20,225,27.5,0.31216957649545074,-0.0235904025001689
203,20,226,27.533333333333335,0.1232458288811745,-0.06975047492308066
203,20,227,27.566666666666666,-0.06567791873310178,-0.12276677869868549
203,20,228,27.6,-0.3021154232324069,-0.18272589572682038
203,20,229,27.633333333333333,-0.4910391708467048,-0.24507459398638654
203,20,230,27.666666666666668,-0.6743065188318068,-0.30154711415312696
203,20,231,27.7,-0.7687683926389449,-0.3425215041387035
203,20,232,27.733333333333334,-0.8632302664460831,-0.3600904497346384
203,20,233,27.766666666666666,-0.9062189036277769,-0.35073691557851416
203,20,234,27.8,-0.9096127434052836,-0.31656860740274934
203,20,235,27.833333333333332,-0.9537326605128058,-0.26457720390269335
203,20,236,27.866666666666667,-0.9016937839244419,-0.20413436876559476
203,20,237,27.9,-0.5125334894375625,-0.14366340650199788
203,20,238,27.933333333333334,0.24655534079714653,-0.08786453038149458
203,20,239,27.966666666666665,1.2364252759018783,-0.03677436999062635
203,21,0,21.0,-0.00345752281222859,-0.09621065146158092
203,21,1,21.033333333333335,-0.19238127042650485,-0.4159715764252948
203,21,2,21.066666666666666,-0.3586794195241167,-0.6836680321721578
203,21,3,21.1,-0.5006550502162836,-0.8599482349690153
203,21,4,21.133333333333333,-0.5951169240234218,-0.9240803057713136
203,21,5,21.166666666666668,-0.68957879783056,-0.8769342664253034
203,21,6,21.2,-0.7365269147526801,-0.7378667553182763
203,21,7,21.233333333333334,-0.7834750316747893,-0.537035335292153
203,21,8,21.266666666666666,-0.8304231485968986,-0.30629702361306366
203,21,9,21.3,-0.9062189036277769,-0.0719078756395797
203,21,10,21.333333333333332,-0.8881184248144367,0.14892239731546406
203,21,11,21.366666666666667,-0.5634410861000441,0.34733088024504605
203,21,12,21.4,0.13229606828786622,0.5193042878244459
203,21,13,21.433333333333334,0.9994221314396212,0.6615709450568004
203,21,14,21.466666666666665,1.6278481302404144,0.7688426469386955
203,21,15,21.5,1.8495789957038968,0.8334308057515876
203,21,16,21.533333333333335,1.7251382038621506,0.8471724702540367
203,21,17,21.566666666666666,1.5362144562478743,0.8046752767246691
203,21,18,21.6,1.299776951748569,0.7063470720533033
203,21,19,21.633333333333333,1.050329728102146,0.5598248318167068
203,21,20,21.666666666666668,0.7918322650490852,0.37926799711521164
203,21,21,21.7,0.6973703912419471,0.1829360434699805
203,21,22,21.733333333333334,0.6504222743198378,-0.01005886027008056
203,21,23,21.766666666666666,0.54521324121726,-0.18292592032621743
203,21,24,21.8,0.35628949360298373,-0.3235835527338676
203,21,25,21.833333333333332,0.11985198910367861,-0.42584084080902856
203,21,26,21.866666666666667,-0.06907175851059766,-0.4893231919020866
203,21,27,21.9,-0.2579955061248955,-0.5183917077379908
203,21,28,21.933333333333334,-0.4469192537391718,-0.52042178883684
203,21,29,21.966666666666665,-0.6284896818355259,-0.5038118571444041
203,21,30,22.0,-0.722951555642664,-0.47608933841384843
203,21,31,22.033333333333335,-0.8111913898577192,-0.44244252825957975
203,21,32,22.066666666666666,-0.858705146742748,-0.40489312499459534
203,21,33,22.1,-0.9062189036277769,-0.3622056409000332
203,21,34,22.133333333333333,-0.9537326605128058,-0.3105702378864874
203,21,35,22.166666666666668,-1.0012464173978346,-0.24503894366115508
203,21,36,22.2,-0.9944587378428212,-0.16155123626631143
203,21,37,22.233333333333334,-0.6991946772001388,-0.059131596847576795
203,21,38,22.266666666666666,-0.03060824103224971,0.058419981145382244
203,21,39,22.3,0.8178517033432455,0.1820693504398677
203,21,40,22.333333333333332,1.4253490235161546,0.2987288374075192
203,21,41,22.366666666666667,1.611444571315833,0.39391757506278635
203,21,42,22.4,1.3269276699685795,0.4551781449609403
203,21,43,22.433333333333334,1.0435420485471651,0.4751887740366823
203,21,44,22.466666666666665,0.7601564271257182,0.45354256086827915
203,21,45,22.5,0.5225876427005848,0.39659437766035033
203,21,46,22.533333333333335,0.3789150921196698,0.3154613614166515
203,21,47,22.566666666666666,0.3291387753829734,0.22288585612113626
203,21,48,22.6,0.2816250184979446,0.12995771888205893
203,21,49,22.633333333333333,0.14700270732368892,0.043625261968150274
203,21,50,22.666666666666668,0.005592716594441515,-0.034371290666048965
203,21,51,22.7,-0.18333103101983475,-0.10689663219756732
203,21,52,22.733333333333334,-0.4197685355191615,-0.17929844021563426
203,21,53,22.766666666666666,-0.5674005658404919,-0.25632653950902545
203,21,54,22.8,-0.7093761965326589,-0.33902727144986605
203,21,55,22.833333333333332,-0.803838070339797,-0.4226963395206505
203,21,56,22.866666666666667,-0.858705146742748,-0.496728700599427
203,21,57,22.9,-0.9062189036277769,-0.5466016121741724
203,21,58,22.933333333333334,-0.9446824211061357,-0.5574653722776729
203,21,59,22.966666666666665,-0.991630538028245,-0.5181692588146305
203,21,60,23.0,-1.0385786549503542,-0.42432567289707357
203,21,61,23.033333333333335,-0.8909466246290022,-0.279482354881099
203,21,62,23.066666666666666,-0.3315287013040739,-0.09447859107845928
203,21,63,23.1,0.4122878499317739,0.11420364453685955
203,21,64,23.133333333333333,1.0622081673234032,0.3264129555199088
203,21,65,23.166666666666668,1.3139179508214938,0.5205322049390475
203,21,66,23.2,1.2115371175335032,0.6761264736847781
203,21,67,23.233333333333334,0.941726855222094,0.7770162486672543
203,21,68,23.266666666666666,0.6583412338006795,0.8141929107237885
203,21,69,23.3,0.37495561237923275,0.787584428765791
203,21,70,23.333333333333332,0.17075958576620334,0.7058272783450237
203,21,71,23.366666666666667,0.09156999095782913,0.5838909995291226
203,21,72,23.4,0.09156999095782913,0.4392732160779037
203,21,73,23.433333333333334,0.0615910729232209,0.28802269626760374
203,21,74,23.466666666666665,-0.03287080088391724,0.14175648493469137
203,21,75,23.5,-0.2036940696848533,0.0063170449808654236
203,21,76,23.533333333333335,-0.42089981544497906,-0.11786087763037213
203,21,77,23.566666666666666,-0.6290553217984347,-0.2340666853101074
203,21,78,23.6,-0.7908283511927114,-0.34698218008093273
203,21,79,23.633333333333333,-0.9118753032569511,-0.4603338096816234
203,21,80,23.666666666666668,-1.0012464173978346,-0.5748478851889108
203,21,81,23.7,-1.0487601742828634,-0.6865937018448633
203,21,82,23.733333333333334,-1.0736483326512172,-0.7859275585556671
203,21,83,23.766666666666666,-1.0962739311678924,-0.8575894141044957
203,21,84,23.8,-1.1437876880529212,-0.8826532350829042
203,21,85,23.833333333333332,-1.1205964495733263,-0.8426403860604283
203,21,86,23.866666666666667,-0.8179790694126894,-0.7251520922563357
203,21,87,23.9,-0.1595741525772987,-0.5293379471622637
203,21,88,23.933333333333334,0.6436345947648352,-0.269041837068323
203,21,89,23.966666666666665,1.152144921427217,0.028033201617560566
203,21,90,24.0,1.2115371175335032,0.32539661278564475
203,21,91,24.033333333333335,0.9824529325521094,0.5856879334534243
203,21,92,24.066666666666666,0.699067311130695,0.7789512073289488
203,21,93,24.1,0.4156816897092806,0.8886453619368266
203,21,94,24.133333333333333,0.19791030398621368,0.9136161985110414
203,21,95,24.166666666666668,0.044056234072800265,0.8657486853775879
203,21,96,24.2,0.044056234072800265,0.7645715517815495
203,21,97,24.233333333333334,0.044056234072800265,0.6310059551024061
203,21,98,24.266666666666666,-0.00345752281222859,0.4823588461304319
203,21,99,24.3,-0.1290295945798141,0.32982588130835905
203,21,100,24.333333333333332,-0.33265998122993473,0.17871658300514787
203,21,101,24.366666666666667,-0.5543908466933956,0.03070276363156712
203,21,102,24.4,-0.7433145943076718,-0.11317104817300831
203,21,103,24.433333333333334,-0.8847245850369408,-0.2500390169949944
203,21,104,24.466666666666665,-1.0136904965820115,-0.3742143512686478
203,21,105,24.5,-1.1081523703891496,-0.4778100305618758
203,21,106,24.533333333333335,-1.155100487311259,-0.5524792895281757
203,21,107,24.566666666666666,-1.19130144493795,-0.5914326326438627
203,21,108,24.6,-1.238815201822979,-0.5909887527734707
203,21,109,24.633333333333333,-1.2863289587080078,-0.5513219557244754
203,21,110,24.666666666666668,-1.3338427155930366,-0.47649445326698237
203,21,111,24.7,-1.2048768040479336,-0.37402753751579115
203,21,112,24.733333333333334,-0.6528122002409276,-0.2541146371230499
203,21,113,24.766666666666666,0.11023610973409972,-0.12840791997812182
203,21,114,24.8,0.8314270624532724,-0.008400529783545748
203,21,115,24.833333333333332,1.0356230890663125,0.09631040851752302
203,21,116,24.866666666666667,0.829164502601594,0.17941071887374904
203,21,117,24.9,0.4513170073730415,0.23846776184146337
203,21,118,24.933333333333334,0.12550838873285283,0.2745504001895088
203,21,119,24.966666666666665,-0.10640399606311725,0.29103969668158725
203,21,120,25.0,-0.2410263072373729,0.2921084776072982
203,21,121,25.033333333333335,-0.23819810742278577,0.2814539696323574
203,21,122,25.066666666666666,-0.14599879346731517,0.26169977664646327
203,21,123,25.1,-0.19520947024109198,0.23450118632241757
203,21,124,25.133333333333333,-0.3383163808591089,0.20100184037044735
203,21,125,25.166666666666668,-0.5272401284733852,0.1622259796129725
203,21,126,25.2,-0.7161638760876615,0.11932192381514373
203,21,127,25.233333333333334,-0.9050876237019377,0.07385110261624733
203,21,128,25.266666666666666,-1.0464976144312068,0.02816916431817483
203,21,129,25.3,-1.1420907681641732,-0.014366612342023142
203,21,130,25.333333333333332,-1.19130144493795,-0.04968380614873514
203,21,131,25.366666666666667,-1.2359870020083918,-0.0738522737362076
203,21,132,25.4,-1.19130144493795,-0.0842558363340396
203,21,133,25.433333333333334,-1.19130144493795,-0.08061655546322533
203,21,134,25.466666666666665,-1.238815201822979,-0.06544592939932767
203,21,135,25.5,-1.0640324532816274,-0.04370288889272528
203,21,136,25.533333333333335,-0.5181898890666611,-0.021686722334947277
203,21,137,25.566666666666666,0.27936245864630943,-0.005440138253055179
203,21,138,25.6,0.953605294443362,0.0008543889239397042
203,21,139,25.633333333333333,1.089358885543435,-0.004055107795936241
203,21,140,25.666666666666668,0.8755469795608161,-0.018318739533528257
203,21,141,25.7,0.5056184438130621,-0.037729281129969774
203,21,142,25.733333333333334,0.1662344660628683,-0.05704396547433251
203,21,143,25.766666666666666,-0.04135540032766776,-0.07139256217655852
203,21,144,25.8,-0.14599879346731517,-0.07741211701168055
203,21,145,25.833333333333332,-0.10923219587770436,-0.07398865648390635
203,21,146,25.866666666666667,-0.014770322070566222,-0.06260072936320862
203,21,147,25.9,-0.039092840476000236,-0.04717135297758189
203,21,148,25.933333333333334,-0.13355471428313836,-0.033194582651742084
203,21,149,25.966666666666665,-0.3575481395982883,-0.026061247799304466
203,21,150,26.0,-0.5464718872125646,-0.02905760345143669
203,21,151,26.033333333333335,-0.7353956348268409,-0.04193135940577998
203,21,152,26.066666666666666,-0.8768056255560882,-0.06072356342182914
203,21,153,26.1,-0.9859741383990815,-0.07893701138940801
203,21,154,26.133333333333333,-1.0804360122062195,-0.08952803009983427
203,21,155,26.166666666666668,-1.0962739311678924,-0.08694676581581
203,21,156,26.2,-1.1437876880529212,-0.06855779405419221
203,21,157,26.233333333333334,-1.1437876880529212,-0.035115401613979906
203,21,158,26.266666666666666,-1.1143744099812325,0.009651088057206126
203,21,159,26.3,-0.7806468318601913,0.06000862022987454
203,21,160,26.333333333333332,-0.062284078955605886,0.1093228288185456
203,21,161,26.366666666666667,0.8161547834544868,0.15100097234535165
203,21,162,26.4,1.360866067743614,0.17926123323444876
203,21,163,26.433333333333334,1.3687850272244342,0.1898759737816964
203,21,164,26.466666666666665,1.080308646136765,0.18092922330063066
203,21,165,26.5,0.7499749077932414,0.15342969512593543
203,21,166,26.533333333333335,0.44452932781802806,0.11154140856993326
203,21,167,26.566666666666666,0.23297998168707654,0.06217345874574449
203,21,168,26.6,0.09156999095782913,0.01366563235996946
203,21,169,26.633333333333333,0.09156999095782913,-0.026433748823410163
203,21,170,26.666666666666668,0.13908374784285799,-0.05389111563184503
203,21,171,26.7,0.1170237892890915,-0.06951782284083308
203,21,172,26.733333333333334,-0.024951841403075492,-0.07913934394463566
203,21,173,26.766666666666666,-0.20878482935109713,-0.09151890205775282
203,21,174,26.8,-0.42429365522249657,-0.11480496573369389
203,21,175,26.833333333333332,-0.6132174028367728,-0.15271367557333276
203,21,176,26.866666666666667,-0.7546273935660203,-0.2018334590081228
203,21,177,26.9,-0.8773712655190078,-0.2511098559937358
203,21,178,26.933333333333334,-0.9243193824411279,-0.2838825439067136
203,21,179,26.966666666666665,-0.9712674993632372,-0.28207536392875443
203,21,180,27.0,-1.0012464173978346,-0.23153005373552843
203,21,181,27.033333333333335,-1.0012464173978346,-0.12712150215066467
203,21,182,27.066666666666666,-0.9062189036277877,0.023797288286171284
203,21,183,27.1,-0.4039306165574348,0.2009069619829829
203,21,184,27.133333333333333,0.4286914088563878,0.3741890690943319
203,21,185,27.166666666666668,1.330887149708995,0.5107787832202718
203,21,186,27.2,1.7545514819338393,0.5838275148738565
203,21,187,27.233333333333334,1.6680085676075211,0.5804454982355564
203,21,188,27.266666666666666,1.3846229461861068,0.505356743987046
203,21,189,27.3,1.0537235678796635,0.37834108089082685
203,21,190,27.333333333333332,0.7816507457165868,0.2266478800222013
203,21,191,27.366666666666667,0.54521324121726,0.07609479543847342
203,21,192,27.4,0.41398476982052185,-0.055439233928924185
203,21,193,27.433333333333334,0.37665253226800227,-0.1603679019527937
203,21,194,27.466666666666665,0.37665253226800227,-0.24000151904455133
203,21,195,27.5,0.31216957649545074,-0.3010746786182486
203,21,196,27.533333333333335,0.1232458288811745,-0.35197334183656975
203,21,197,27.566666666666666,-0.06567791873310178,-0.3997693388761821
203,21,198,27.6,-0.3021154232324069,-0.44837412319164555
203,21,199,27.633333333333333,-0.4910391708467048,-0.49760977418289776
203,21,200,27.666666666666668,-0.6743065188318068,-0.5428933315261032
203,21,201,27.7,-0.7687683926389449,-0.5754607191343742
203,21,202,27.733333333333334,-0.8632302664460831,-0.5833662080646893
203,21,203,27.766666666666666,-0.9062189036277769,-0.5535505649440583
203,21,204,27.8,-0.9096127434052836,-0.47492667644785136
203,21,205,27.833333333333332,-0.9537326605128058,-0.34191176599434164
203,21,206,27.866666666666667,-0.9016937839244419,-0.1574748933920493
203,21,207,27.9,-0.5125334894375625,0.06529722074640025
203,21,208,27.933333333333334,0.24655534079714653,0.30389390772014074
203,21,209,27.966666666666665,1.2364252759018783,0.5296681412702668
203,21,210,28.0,1.8495789957038968,0.7134178152222247
203,21,211,28.033333333333335,1.8976583925518453,0.8321052211566579
203,21,212,28.066666666666666,1.6629178079412665,0.8746961963720477
203,21,213,28.1,1.3795321865198522,0.8448830527881627
203,21,214,28.133333333333333,1.0961465650984377,0.7593692082180132
203,21,215,28.166666666666668,0.8574465007474651,0.6421597273704378
203,21,216,28.2,0.6651289133556714,0.5170603046557711
203,21,217,28.233333333333334,0.5706670395485332,0.40129210654626907
203,21,218,28.266666666666666,0.5667075598081177,0.3023007356172958
203,21,219,28.3,0.5242845625893435,0.21812853889741204
203,21,220,28.333333333333332,0.3879653315263291,0.14024596464277594
203,21,221,28.366666666666667,0.15152782702702397,0.05725956418023816
203,21,222,28.4,-0.04418360014225487,-0.04153855776656268
203,21,223,28.433333333333334,-0.2738334250865574,-0.16303731136168734
203,21,224,28.466666666666665,-0.46275717270083366,-0.3076098400505702
203,21,225,28.5,-0.6041671634301027,-0.46711969236105094
203,21,226,28.533333333333335,-0.7546273935660203,-0.6241955716916958
203,21,227,28.566666666666666,-0.8015755104881295,-0.7535011369285358
203,21,228,28.6,-0.8111913898577192,-0.8256266660579888
203,21,229,28.633333333333333,-0.858705146742748,-0.8136306424026357
203,21,230,28.666666666666668,-0.9062189036277769,-0.7011629301693338
203,21,231,28.7,-0.7161638760876615,-0.4900312180319035
203,21,232,28.733333333333334,-0.10301015628564297,-0.2046151299476866
203,21,233,28.766666666666666,0.8037107042704073,0.10916635664026698
203,21,234,28.8,1.6120102112787742,0.39155942801432786
203,21,235,28.833333333333332,1.963838268213134,0.5825817849090721
203,21,236,28.866666666666667,1.8314785168905567,0.6381890232036218
203,21,237,28.9,1.5627995345049541,0.543856766607912
203,21,238,28.933333333333334,1.2794139130835398,0.32066843560135644
203,21,239,28.966666666666665,0.9960282916621254,0.021328680959598886
203,22,0,22.0,-0.722951555642664,-0.02632555336517094
203,22,1,22.033333333333335,-0.8111913898577192,-0.3613244545259131
203,22,2,22.066666666666666,-0.858705146742748,-0.6532124119890368
203,22,3,22.1,-0.9062189036277769,-0.8639450116401433
203,22,4,22.133333333333333,-0.9537326605128058,-0.9636518817193864
203,22,5,22.166666666666668,-1.0012464173978346,-0.9351181349336362
203,22,6,22.2,-0.9944587378428212,-0.7773016984397213
203,22,7,22.233333333333334,-0.6991946772001388,-0.5068869307622337
203,22,8,22.266666666666666,-0.03060824103224971,-0.1569380137886032
203,22,9,22.3,0.8178517033432455,0.22782945361660517
203,22,10,22.333333333333332,1.4253490235161546,0.5984422345037711
203,22,11,22.366666666666667,1.611444571315833,0.9098665548112215
203,22,12,22.4,1.3269276699685795,1.1279563867606985
203,22,13,22.433333333333334,1.0435420485471651,1.2337708566876502
203,22,14,22.466666666666665,0.7601564271257182,1.2248034090904918
203,22,15,22.5,0.5225876427005848,1.1133877183717136
203,22,16,22.533333333333335,0.3789150921196698,0.9229051532214686
203,22,17,22.566666666666666,0.3291387753829734,0.6825606226648245
203,22,18,22.6,0.2816250184979446,0.4216393958754704
203,22,19,22.633333333333333,0.14700270732368892,0.16436190701141606
203,22,20,22.666666666666668,0.005592716594441515,-0.07345735476666938
203,22,21,22.7,-0.18333103101983475,-0.28511136686143707
203,22,22,22.733333333333334,-0.4197685355191615,-0.47112871764123543
203,22,23,22.766666666666666,-0.5674005658404919,-0.6357731397866441
203,22,24,22.8,-0.7093761965326589,-0.7831566676092392
203,22,25,22.833333333333332,-0.803838070339797,-0.9139897772083025
203,22,26,22.866666666666667,-0.858705146742748,-1.0236080063969113
203,22,27,22.9,-0.9062189036277769,-1.1015751732891133
203,22,28,22.933333333333334,-0.9446824211061357,-1.1329261227355192
203,22,29,22.966666666666665,-0.991630538028245,-1.100952593125658
203,22,30,23.0,-1.0385786549503542,-0.99125253542738
203,22,31,23.033333333333335,-0.8909466246290022,-0.7964148016543194
203,22,32,23.066666666666666,-0.3315287013040739,-0.5202287684002652
203,22,33,23.1,0.4122878499317739,-0.1800312173385661
203,22,34,23.133333333333333,1.0622081673234032,0.1939428599045718
203,22,35,23.166666666666668,1.3139179508214938,0.5625799698635231
203,22,36,23.2,1.2115371175335032,0.8846436478738683
203,22,37,23.233333333333334,0.941726855222094,1.1246639550293225
203,22,38,23.266666666666666,0.6583412338006795,1.2597831536827917
203,22,39,23.3,0.37495561237923275,1.2835820494836017
203,22,40,23.333333333333332,0.17075958576620334,1.2059412024529477
203,22,41,23.366666666666667,0.09156999095782913,1.04927175797338
203,22,42,23.4,0.09156999095782913,0.8423658081280596
203,22,43,23.433333333333334,0.0615910729232209,0.613586382505438
203,22,44,23.466666666666665,-0.03287080088391724,0.38522156916328154
203,22,45,23.5,-0.2036940696848533,0.1703939671267011
203,22,46,23.533333333333335,-0.42089981544497906,-0.027067136067003665
203,22,47,23.566666666666666,-0.6290553217984347,-0.21038049729275035
203,22,48,23.6,-0.7908283511927114,-0.3862517320728552
203,22,49,23.633333333333333,-0.9118753032569511,-0.560986699303741
203,22,50,23.666666666666668,-1.0012464173978346,-0.7369741862442469
203,22,51,23.7,-1.0487601742828634,-0.9099905080079614
203,22,52,23.733333333333334,-1.0736483326512172,-1.067732104151574
203,22,53,23.766666666666666,-1.0962739311678924,-1.1900873810576407
203,22,54,23.8,-1.1437876880529212,-1.251699900346143
203,22,55,23.833333333333332,-1.1205964495733263,-1.2270552568875823
203,22,56,23.866666666666667,-0.8179790694126894,-1.097495344089268
203,22,57,23.9,-0.1595741525772987,-0.8584149385775959
203,22,58,23.933333333333334,0.6436345947648352,-0.5240050848766363
203,22,59,23.966666666666665,1.152144921427217,-0.12711861379999068
203,22,60,24.0,1.2115371175335032,0.2865079513721553
203,22,61,24.033333333333335,0.9824529325521094,0.6681086060321384
203,22,62,24.066666666666666,0.699067311130695,0.9764924073746911
203,22,63,24.1,0.4156816897092806,1.1857895154130003
203,22,64,24.133333333333333,0.19791030398621368,1.2880769447448635
203,22,65,24.166666666666668,0.044056234072800265,1.2908387114658344
203,22,66,24.2,0.044056234072800265,1.2111633429573598
203,22,67,24.233333333333334,0.044056234072800265,1.0693842611969557
203,22,68,24.266666666666666,-0.00345752281222859,0.8843141459457272
203,22,69,24.3,-0.1290295945798141,0.6709477169565039
203,22,70,24.333333333333332,-0.33265998122993473,0.4403670989501247
203,22,71,24.366666666666667,-0.5543908466933956,0.20100714787999646
203,22,72,24.4,-0.7433145943076718,-0.03958814717043664
203,22,73,24.433333333333334,-0.8847245850369408,-0.2731493973238664
203,22,74,24.466666666666665,-1.0136904965820115,-0.4896256393162166
203,22,75,24.5,-1.1081523703891496,-0.6769765685868055
203,22,76,24.533333333333335,-1.155100487311259,-0.8219589736086832
203,22,77,24.566666666666666,-1.19130144493795,-0.9118291396242245
203,22,78,24.6,-1.238815201822979,-0.9366048337360448
203,22,79,24.633333333333333,-1.2863289587080078,-0.8913588371943556
203,22,80,24.666666666666668,-1.3338427155930366,-0.7780469818645803
203,22,81,24.7,-1.2048768040479336,-0.6064623487612558
203,22,82,24.733333333333334,-0.6528122002409276,-0.39393179267152634
203,22,83,24.766666666666666,0.11023610973409972,-0.16347555789353108
203,22,84,24.8,0.8314270624532724,0.059501996562173885
203,22,85,24.833333333333332,1.0356230890663125,0.2514194810276441
203,22,86,24.866666666666667,0.829164502601594,0.39462271312364555
203,22,87,24.9,0.4513170073730415,0.48023378097424113
203,22,88,24.933333333333334,0.12550838873285283,0.5088532850062752
203,22,89,24.966666666666665,-0.10640399606311725,0.48891953214749007
203,22,90,25.0,-0.2410263072373729,0.43343064625959876
203,22,91,25.033333333333335,-0.23819810742278577,0.35631122313632757
203,22,92,25.066666666666666,-0.14599879346731517,0.2695844013946476
203,22,93,25.1,-0.19520947024109198,0.1819057069774924
203,22,94,25.133333333333333,-0.3383163808591089,0.09838939273553046
203,22,95,25.166666666666668,-0.5272401284733852,0.02131453578551365
203,22,96,25.2,-0.7161638760876615,-0.04871816918032854
203,22,97,25.233333333333334,-0.9050876237019377,-0.1115014309743104
203,22,98,25.266666666666666,-1.0464976144312068,-0.16610085627140653
203,22,99,25.3,-1.1420907681641732,-0.21019644491315076
203,22,100,25.333333333333332,-1.19130144493795,-0.24010296897616
203,22,101,25.366666666666667,-1.2359870020083918,-0.25152423005474783
203,22,102,25.4,-1.19130144493795,-0.24090508010186443
203,22,103,25.433333333333334,-1.19130144493795,-0.20703196611337932
203,22,104,25.466666666666665,-1.238815201822979,-0.1523355310635228
203,22,105,25.5,-1.0640324532816274,-0.08329688150780264
203,22,106,25.533333333333335,-0.5181898890666611,-0.009569989133263462
203,22,107,25.566666666666666,0.27936245864630943,0.05810288227577193
203,22,108,25.6,0.953605294443362,0.11054739700582307
203,22,109,25.633333333333333,1.089358885543435,0.1423789338735544
203,22,110,25.666666666666668,0.8755469795608161,0.1528695104099755
203,22,111,25.7,0.5056184438130621,0.14518639293133048
203,22,112,25.733333333333334,0.1662344660628683,0.12464776984902516
203,22,113,25.766666666666666,-0.04135540032766776,0.09706383321667421
203,22,114,25.8,-0.14599879346731517,0.06773903505386697
203,22,115,25.833333333333332,-0.10923219587770436,0.04092729089211206
203,22,116,25.866666666666667,-0.014770322070566222,0.01928101625737676
203,22,117,25.9,-0.039092840476000236,0.003225287014954936
203,22,118,25.933333333333334,-0.13355471428313836,-0.009239735519303113
203,22,119,25.966666666666665,-0.3575481395982883,-0.021697953647886292
203,22,120,26.0,-0.5464718872125646,-0.037443724200676515
203,22,121,26.033333333333335,-0.7353956348268409,-0.05737056052597226
203,22,122,26.066666666666666,-0.8768056255560882,-0.07868154317797804
203,22,123,26.1,-0.9859741383990815,-0.09509157366476548
203,22,124,26.133333333333333,-1.0804360122062195,-0.09846993955926679
203,22,125,26.166666666666668,-1.0962739311678924,-0.08130202073708984
203,22,126,26.2,-1.1437876880529212,-0.03921321047883864
203,22,127,26.233333333333334,-1.1437876880529212,0.027098910107025923
203,22,128,26.266666666666666,-1.1143744099812325,0.11108809208678415
203,22,129,26.3,-0.7806468318601913,0.20111173576381827
203,22,130,26.333333333333332,-0.062284078955605886,0.28264615853651276
203,22,131,26.366666666666667,0.8161547834544868,0.34139412669293984
203,22,132,26.4,1.360866067743614,0.3664229209423604
203,22,133,26.433333333333334,1.3687850272244342,0.3524936923946077
203,22,134,26.466666666666665,1.080308646136765,0.30102639979465967
203,22,135,26.5,0.7499749077932414,0.21955608002456609
203,22,136,26.533333333333335,0.44452932781802806,0.11991618863306401
203,22,137,26.566666666666666,0.23297998168707654,0.015599656200021126
203,22,138,26.6,0.09156999095782913,-0.08122016882220891
203,22,139,26.633333333333333,0.09156999095782913,-0.16253479281319952
203,22,140,26.666666666666668,0.13908374784285799,-0.2266651984270691
203,22,141,26.7,0.1170237892890915,-0.2791117271675796
203,22,142,26.733333333333334,-0.024951841403075492,-0.33150812449903605
203,22,143,26.766666666666666,-0.20878482935109713,-0.398385241849851
203,22,144,26.8,-0.42429365522249657,-0.4919942882327199
203,22,145,26.833333333333332,-0.6132174028367728,-0.6161988433128991
203,22,146,26.866666666666667,-0.7546273935660203,-0.7612115549786892
203,22,147,26.9,-0.8773712655190078,-0.9013232398014417
203,22,148,26.933333333333334,-0.9243193824411279,-0.9973912293442074
203,22,149,26.966666666666665,-0.9712674993632372,-1.004672520228951
203,22,150,27.0,-1.0012464173978346,-0.8848535637222626
203,22,151,27.033333333333335,-1.0012464173978346,-0.6193049288416722
203,22,152,27.066666666666666,-0.9062189036277877,-0.2193208468635186
203,22,153,27.1,-0.4039306165574348,0.2709081576469533
203,22,154,27.133333333333333,0.4286914088563878,0.781124205110881
203,22,155,27.166666666666668,1.330887149708995,1.2307911836752936
203,22,156,27.2,1.7545514819338393,1.549094077231868
203,22,157,27.233333333333334,1.6680085676075211,1.692275820859491
203,22,158,27.266666666666666,1.3846229461861068,1.6526325498692622
203,22,159,27.3,1.0537235678796635,1.456969139572662
203,22,160,27.333333333333332,0.7816507457165868,1.1560269571890864
203,22,161,27.366666666666667,0.54521324121726,0.8090572681641653
203,22,162,27.4,0.41398476982052185,0.4687443211268971
203,22,163,27.433333333333334,0.37665253226800227,0.17085458716136562
203,22,164,27.466666666666665,0.37665253226800227,-0.0693250635447079
203,22,165,27.5,0.31216957649545074,-0.2543822580335692
203,22,166,27.533333333333335,0.1232458288811745,-0.39848105017038665
203,22,167,27.566666666666666,-0.06567791873310178,-0.5202221819176631
203,22,168,27.6,-0.3021154232324069,-0.636579975720973
203,22,169,27.633333333333333,-0.4910391708467048,-0.7585402237770981
203,22,170,27.666666666666668,-0.6743065188318068,-0.8883254465843172
203,22,171,27.7,-0.7687683926389449,-1.0180430754259064
203,22,172,27.733333333333334,-0.8632302664460831,-1.1298664025246719
203,22,173,27.766666666666666,-0.9062189036277769,-1.1980865116828323
203,22,174,27.8,-0.9096127434052836,-1.193324728678361
203,22,175,27.833333333333332,-0.9537326605128058,-1.088858711091247
203,22,176,27.866666666666667,-0.9016937839244419,-0.8684143721017837
203,22,177,27.9,-0.5125334894375625,-0.5337930272270697
203,22,178,27.933333333333334,0.24655534079714653,-0.10963361527780692
203,22,179,27.966666666666665,1.2364252759018783,0.3574699065208373
203,22,180,28.0,1.8495789957038968,0.8066287074443843
203,22,181,28.033333333333335,1.8976583925518453,1.1755138753012657
203,22,182,28.066666666666666,1.6629178079412665,1.4144798203392215
203,22,183,28.1,1.3795321865198522,1.4973690564758442
203,22,184,28.133333333333333,1.0961465650984377,1.4258260160634864
203,22,185,28.166666666666668,0.8574465007474651,1.2264250140413895
203,22,186,28.2,0.6651289133556714,0.9421197627004707
203,22,187,28.233333333333334,0.5706670395485332,0.6209163145692314
203,22,188,28.266666666666666,0.5667075598081177,0.3051502371947384
203,22,189,28.3,0.5242845625893435,0.024114201076331006
203,22,190,28.333333333333332,0.3879653315263291,-0.20879416774416937
203,22,191,28.366666666666667,0.15152782702702397,-0.39481441278197915
203,22,192,28.4,-0.04418360014225487,-0.5456286754431757
203,22,193,28.433333333333334,-0.2738334250865574,-0.6774597031965369
203,22,194,28.466666666666665,-0.46275717270083366,-0.8045720416354718
203,22,195,28.5,-0.6041671634301027,-0.933294747902088
203,22,196,28.533333333333335,-0.7546273935660203,-1.0578181479014805
203,22,197,28.566666666666666,-0.8015755104881295,-1.15906036292838
203,22,198,28.6,-0.8111913898577192,-1.20755841241259
203,22,199,28.633333333333333,-0.858705146742748,-1.170443182607621
203,22,200,28.666666666666668,-0.9062189036277769,-1.021209375506911
203,22,201,28.7,-0.7161638760876615,-0.7496317879596588
203,22,202,28.733333333333334,-0.10301015628564297,-0.368474049849762
203,22,203,28.766666666666666,0.8037107042704073,0.08576330673600678
203,22,204,28.8,1.6120102112787742,0.5588354803353173
203,22,205,28.833333333333332,1.963838268213134,0.9898516290695356
203,22,206,28.866666666666667,1.8314785168905567,1.324150685254361
203,22,207,28.9,1.5627995345049541,1.5242164977119053
203,22,208,28.933333333333334,1.2794139130835398,1.5757499117684581
203,22,209,28.966666666666665,0.9960282916621254,1.4877272386776677
203,22,210,29.0,0.743187228238228,1.2871990284124508
203,22,211,29.033333333333335,0.6317561555435672,1.011024014129472
203,22,212,29.066666666666666,0.5848080386214579,0.6972301668198702
203,22,213,29.1,0.5378599216993486,0.3782396188460375
203,22,214,29.133333333333333,0.415116049746361,0.07713564110999512
203,22,215,29.166666666666668,0.19847594394915485,-0.19297850663217025
203,22,216,29.2,-0.010245202367241973,-0.427255850528154
203,22,217,29.233333333333334,-0.22575402823861979,-0.6260834291650023
203,22,218,29.266666666666666,-0.43560645448082336,-0.7918251817878592
203,22,219,29.3,-0.5990764037638373,-0.9261235998783688
203,22,220,29.333333333333332,-0.6935382775709862,-1.0281297203051727
203,22,221,29.366666666666667,-0.7880001513781243,-1.0936780730290743
203,22,222,29.4,-0.8111913898577192,-1.115320891211494
203,22,223,29.433333333333334,-0.858705146742748,-1.0832809657483102
203,22,224,29.466666666666665,-0.8813307452594341,-0.9875648974605642
203,22,225,29.5,-0.9537326605128058,-0.8213414975467564
203,22,226,29.533333333333335,-0.9797520988069878,-0.585070939135289
203,22,227,29.566666666666666,-0.617176882577199,-0.29007133777014554
203,22,228,29.6,0.13229606828790944,0.04020907448960656
203,22,229,29.633333333333333,1.0774804463222103,0.3724947859001059
203,22,230,29.666666666666668,1.6697054874962907,0.669509830218328
203,22,231,29.7,1.7172192443813197,0.8977854133175507
203,22,232,29.733333333333334,1.462681261068642,1.0350644656571049
203,22,233,29.766666666666666,1.114247043911767,1.0749624908486615
203,22,234,29.8,0.7839133055682435,1.0273287151269528
203,22,235,29.833333333333332,0.5339004419589332,0.9140600922179595
203,22,236,29.866666666666667,0.4241662891530311,0.7616308532942254
203,22,237,29.9,0.43943856815179505,0.5928487454724048
203,22,238,29.933333333333334,0.5191938029230888,0.42085189980112575
203,22,239,29.966666666666665,0.45753904696513525,0.24777720923259608
203,23,0,23.0,-1.0385786549503542,0.10042937524905432
203,23,1,23.033333333333335,-0.8909466246290022,-0.1038910866002033
203,23,2,23.066666666666666,-0.3315287013040739,-0.23478267276292478
203,23,3,23.1,0.4122878499317739,-0.2374585955077995
203,23,4,23.133333333333333,1.0622081673234032,-0.09082763145882311
203,23,5,23.166666666666668,1.3139179508214938,0.187783381212418
203,23,6,23.2,1.2115371175335032,0.5486248091032311
203,23,7,23.233333333333334,0.941726855222094,0.923720771263641
203,23,8,23.266666666666666,0.6583412338006795,1.2443934846034272
203,23,9,23.3,0.37495561237923275,1.4568832012600592
203,23,10,23.333333333333332,0.17075958576620334,1.5321162268421584
203,23,11,23.366666666666667,0.09156999095782913,1.4679499446641158
203,23,12,23.4,0.09156999095782913,1.2846869962086676
203,23,13,23.433333333333334,0.0615910729232209,1.0164437905297208
203,23,14,23.466666666666665,-0.03287080088391724,0.7015325377511843
203,23,15,23.5,-0.2036940696848533,0.3743984211659942
203,23,16,23.533333333333335,-0.42089981544497906,0.06037691479209649
203,23,17,23.566666666666666,-0.6290553217984347,-0.2265622653187907
203,23,18,23.6,-0.7908283511927114,-0.48333740076041576
203,23,19,23.633333333333333,-0.9118753032569511,-0.7148439351529936
203,23,20,23.666666666666668,-1.0012464173978346,-0.929119212974568
203,23,21,23.7,-1.0487601742828634,-1.1315488672184488
203,23,22,23.733333333333334,-1.0736483326512172,-1.3195643862423048
203,23,23,23.766666666666666,-1.0962739311678924,-1.4795264338217393
203,23,24,23.8,-1.1437876880529212,-1.587252322180441
203,23,25,23.833333333333332,-1.1205964495733263,-1.6127909278079433
203,23,26,23.866666666666667,-0.8179790694126894,-1.5286761543178047
203,23,27,23.9,-0.1595741525772987,-1.3194203909952305
203,23,28,23.933333333333334,0.6436345947648352,-0.9890667237746883
203,23,29,23.966666666666665,1.152144921427217,-0.5638160539727346
203,23,30,24.0,1.2115371175335032,-0.08828490875969378
203,23,31,24.033333333333335,0.9824529325521094,0.3836925345569013
203,23,32,24.066666666666666,0.699067311130695,0.8006521078587222
203,23,33,24.1,0.4156816897092806,1.123585198249788
203,23,34,24.133333333333333,0.19791030398621368,1.3315982025892081
203,23,35,24.166666666666668,0.044056234072800265,1.4222363066865273
203,23,36,24.2,0.044056234072800265,1.4074760435187228
203,23,37,24.233333333333334,0.044056234072800265,1.3075603598811687
203,23,38,24.266666666666666,-0.00345752281222859,1.1450683475248702
203,23,39,24.3,-0.1290295945798141,0.9408955849955736
203,23,40,24.333333333333332,-0.33265998122993473,0.712542279024706
203,23,41,24.366666666666667,-0.5543908466933956,0.47404587973284873
203,23,42,24.4,-0.7433145943076718,0.236616963669448
203,23,43,24.433333333333334,-0.8847245850369408,0.0093600755367851
203,23,44,24.466666666666665,-1.0136904965820115,-0.2001189710117074
203,23,45,24.5,-1.1081523703891496,-0.38519746749921596
203,23,46,24.533333333333335,-1.155100487311259,-0.5398177785318925
203,23,47,24.566666666666666,-1.19130144493795,-0.6583212494821505
203,23,48,24.6,-1.238815201822979,-0.7357575290016861
203,23,49,24.633333333333333,-1.2863289587080078,-0.7687402201153322
203,23,50,24.666666666666668,-1.3338427155930366,-0.7565812591551729
203,23,51,24.7,-1.2048768040479336,-0.7021759307801915
203,23,52,24.733333333333334,-0.6528122002409276,-0.6121565367708343
203,23,53,24.766666666666666,0.11023610973409972,-0.4961244371688917
203,23,54,24.8,0.8314270624532724,-0.3651201646593524
203,23,55,24.833333333333332,1.0356230890663125,-0.22978868369123964
203,23,56,24.866666666666667,0.829164502601594,-0.09885115557317901
203,23,57,24.9,0.4513170073730415,0.021624758962605614
203,23,58,24.933333333333334,0.12550838873285283,0.12805783034415066
203,23,59,24.966666666666665,-0.10640399606311725,0.21859836067833066
203,23,60,25.0,-0.2410263072373729,0.2922488675393254
203,23,61,25.033333333333335,-0.23819810742278577,0.3482121926207426
203,23,62,25.066666666666666,-0.14599879346731517,0.38558733669089046
203,23,63,25.1,-0.19520947024109198,0.40333911714180765
203,23,64,25.133333333333333,-0.3383163808591089,0.4004146194536472
203,23,65,25.166666666666668,-0.5272401284733852,0.37597801403531844
203,23,66,25.2,-0.7161638760876615,0.3298747078300744
203,23,67,25.233333333333334,-0.9050876237019377,0.2634033163017047
203,23,68,25.266666666666666,-1.0464976144312068,0.180198818341614
203,23,69,25.3,-1.1420907681641732,0.08677019215200842
203,23,70,25.333333333333332,-1.19130144493795,-0.007736951268711533
203,23,71,25.366666666666667,-1.2359870020083918,-0.09270518455467663
203,23,72,25.4,-1.19130144493795,-0.15795358637379187
203,23,73,25.433333333333334,-1.19130144493795,-0.19594314963316878
203,23,74,25.466666666666665,-1.238815201822979,-0.20369620156242324
203,23,75,25.5,-1.0640324532816274,-0.1838166446084025
203,23,76,25.533333333333335,-0.5181898890666611,-0.14409791859829835
203,23,77,25.566666666666666,0.27936245864630943,-0.09557985666877743
203,23,78,25.6,0.953605294443362,-0.049563530435630734
203,23,79,25.633333333333333,1.089358885543435,-0.014650878100338336
203,23,80,25.666666666666668,0.8755469795608161,0.0050677528806450925
203,23,81,25.7,0.5056184438130621,0.010105286844868147
203,23,82,25.733333333333334,0.1662344660628683,0.004252051543883626
203,23,83,25.766666666666666,-0.04135540032766776,-0.007272922843098017
203,23,84,25.8,-0.14599879346731517,-0.019397226471814615
203,23,85,25.833333333333332,-0.10923219587770436,-0.028233190468293833
203,23,86,25.866666666666667,-0.014770322070566222,-0.03174207361961027
203,23,87,25.9,-0.039092840476000236,-0.03016710883975239
203,23,88,25.933333333333334,-0.13355471428313836,-0.026005768183836098
203,23,89,25.966666666666665,-0.3575481395982883,-0.023156021501274184
203,23,90,26.0,-0.5464718872125646,-0.025330408479551543
203,23,91,26.033333333333335,-0.7353956348268409,-0.0343848681905015
203,23,92,26.066666666666666,-0.8768056255560882,-0.049252241557102075
203,23,93,26.1,-0.9859741383990815,-0.06579581862207765
203,23,94,26.133333333333333,-1.0804360122062195,-0.07751679192891547
203,23,95,26.166666666666668,-1.0962739311678924,-0.07688836625760698
203,23,96,26.2,-1.1437876880529212,-0.057121561602646365
203,23,97,26.233333333333334,-1.1437876880529212,-0.014152723955118858
203,23,98,26.266666666666666,-1.1143744099812325,0.051565802474045415
203,23,99,26.3,-0.7806468318601913,0.13408255507076383
203,23,100,26.333333333333332,-0.062284078955605886,0.2222887670898528
203,23,101,26.366666666666667,0.8161547834544868,0.3017277813007948
203,23,102,26.4,1.360866067743614,0.35753344335432163
203,23,103,26.433333333333334,1.3687850272244342,0.3777549203004694
203,23,104,26.466666666666665,1.080308646136765,0.3561520266601658
203,23,105,26.5,0.7499749077932414,0.2936913502098955
203,23,106,26.533333333333335,0.44452932781802806,0.19838863654886363
203,23,107,26.566666666666666,0.23297998168707654,0.08359761289144715
203,23,108,26.6,0.09156999095782913,-0.03485988815130808
203,23,109,26.633333333333333,0.09156999095782913,-0.14217594654378035
203,23,110,26.666666666666668,0.13908374784285799,-0.22798684457783425
203,23,111,26.7,0.1170237892890915,-0.2889613506775851
203,23,112,26.733333333333334,-0.024951841403075492,-0.3297072789557214
203,23,113,26.766666666666666,-0.20878482935109713,-0.36139259675802293
203,23,114,26.8,-0.42429365522249657,-0.39808759300829033
203,23,115,26.833333333333332,-0.6132174028367728,-0.4515761231302009
203,23,116,26.866666666666667,-0.7546273935660203,-0.5259388540174976
203,23,117,26.9,-0.8773712655190078,-0.6134707943063328
203,23,118,26.933333333333334,-0.9243193824411279,-0.693436259019339
203,23,119,26.966666666666665,-0.9712674993632372,-0.7347188134184476
203,23,120,27.0,-1.0012464173978346,-0.7025494764177644
203,23,121,27.033333333333335,-1.0012464173978346,-0.568281226373323
203,23,122,27.066666666666666,-0.9062189036277877,-0.31988806542736514
203,23,123,27.1,-0.4039306165574348,0.030063483320448284
203,23,124,27.133333333333333,0.4286914088563878,0.44227897530239085
203,23,125,27.166666666666668,1.330887149708995,0.8565117552452958
203,23,126,27.2,1.7545514819338393,1.2048203176385015
203,23,127,27.233333333333334,1.6680085676075211,1.4288107178566072
203,23,128,27.266666666666666,1.3846229461861068,1.495067132668981
203,23,129,27.3,1.0537235678796635,1.4030477210843442
203,23,130,27.333333333333332,0.7816507457165868,1.1826985308399787
203,23,131,27.366666666666667,0.54521324121726,0.883302666405787
203,23,132,27.4,0.41398476982052185,0.5583145580306816
203,23,133,27.433333333333334,0.37665253226800227,0.25176168741014554
203,23,134,27.466666666666665,0.37665253226800227,-0.009819933602485037
203,23,135,27.5,0.31216957649545074,-0.21880563015339272
203,23,136,27.533333333333335,0.1232458288811745,-0.38266229228531184
203,23,137,27.566666666666666,-0.06567791873310178,-0.5174577944756092
203,23,138,27.6,-0.3021154232324069,-0.6409795453076343
203,23,139,27.633333333333333,-0.4910391708467048,-0.766818671742153
203,23,140,27.666666666666668,-0.6743065188318068,-0.9001023794375237
203,23,141,27.7,-0.7687683926389449,-1.0352711360204279
203,23,142,27.733333333333334,-0.8632302664460831,-1.156134146191974
203,23,143,27.766666666666666,-0.9062189036277769,-1.2382472774690063
203,23,144,27.8,-0.9096127434052836,-1.2534039841102937
203,23,145,27.833333333333332,-0.9537326605128058,-1.1757244941491254
203,23,146,27.866666666666667,-0.9016937839244419,-0.9884700903058623
203,23,147,27.9,-0.5125334894375625,-0.6902283498175423
203,23,148,27.933333333333334,0.24655534079714653,-0.2986615911418357
203,23,149,27.966666666666665,1.2364252759018783,0.14986857249536562
203,23,150,28.0,1.8495789957038968,0.6054389583169364
203,23,151,28.033333333333335,1.8976583925518453,1.013522213891976
203,23,152,28.066666666666666,1.6629178079412665,1.3254734781894568
203,23,153,28.1,1.3795321865198522,1.5077577428639428
203,23,154,28.133333333333333,1.0961465650984377,1.5476470561103108
203,23,155,28.166666666666668,0.8574465007474651,1.4542035789024241
203,23,156,28.2,0.6651289133556714,1.2545035230949109
203,23,157,28.233333333333334,0.5706670395485332,0.9861696669428272
203,23,158,28.266666666666666,0.5667075598081177,0.6883026068395967
203,23,159,28.3,0.5242845625893435,0.39335451955028994
203,23,160,28.333333333333332,0.3879653315263291,0.12200179236539618
203,23,161,28.366666666666667,0.15152782702702397,-0.11808690110267982
203,23,162,28.4,-0.04418360014225487,-0.32993443446858095
203,23,163,28.433333333333334,-0.2738334250865574,-0.5225689481513536
203,23,164,28.466666666666665,-0.46275717270083366,-0.7053754044793871
203,23,165,28.5,-0.6041671634301027,-0.8827435541306273
203,23,166,28.533333333333335,-0.7546273935660203,-1.0500665862841556
203,23,167,28.566666666666666,-0.8015755104881295,-1.191999239266398
203,23,168,28.6,-0.8111913898577192,-1.2837107327128856
203,23,169,28.633333333333333,-0.858705146742748,-1.2954958027854735
203,23,170,28.666666666666668,-0.9062189036277769,-1.200374140087362
203,23,171,28.7,-0.7161638760876615,-0.9831728579081861
203,23,172,28.733333333333334,-0.10301015628564297,-0.6484035123870568
203,23,173,28.766666666666666,0.8037107042704073,-0.22387148132217832
203,23,174,28.8,1.6120102112787742,0.24200392841529358
203,23,175,28.833333333333332,1.963838268213134,0.6890897093698792
203,23,176,28.866666666666667,1.8314785168905567,1.0583621767712
203,23,177,28.9,1.5627995345049541,1.3048539442014442
203,23,178,28.933333333333334,1.2794139130835398,1.4067486749586153
203,23,179,28.966666666666665,0.9960282916621254,1.3679551575111522
203,23,180,29.0,0.743187228238228,1.2138531262925292
203,23,181,29.033333333333335,0.6317561555435672,0.9822757988279149
203,23,182,29.066666666666666,0.5848080386214579,0.7131314177159084
203,23,183,29.1,0.5378599216993486,0.43991943645536674
203,23,184,29.133333333333333,0.415116049746361,0.18502574253542253
203,23,185,29.166666666666668,0.19847594394915485,-0.04104285706778538
203,23,186,29.2,-0.010245202367241973,-0.23752250898906552
203,23,187,29.233333333333334,-0.22575402823861979,-0.40973872124062033
203,23,188,29.266666666666666,-0.43560645448082336,-0.5650221825414147
203,23,189,29.3,-0.5990764037638373,-0.7088669302172089
203,23,190,29.333333333333332,-0.6935382775709862,-0.8418505395056826
203,23,191,29.366666666666667,-0.7880001513781243,-0.9577981709126834
203,23,192,29.4,-0.8111913898577192,-1.0435052311629571
203,23,193,29.433333333333334,-0.858705146742748,-1.0801604734554309
203,23,194,29.466666666666665,-0.8813307452594341,-1.0465607884864194
203,23,195,29.5,-0.9537326605128058,-0.9240505129705187
203,23,196,29.533333333333335,-0.9797520988069878,-0.7025927163911038
203,23,197,29.566666666666666,-0.617176882577199,-0.38655536218989606
203,23,198,29.6,0.13229606828790944,0.0018868931196739012
203,23,199,29.633333333333333,1.0774804463222103,0.42368315653976407
203,23,200,29.666666666666668,1.6697054874962907,0.828816451397436
203,23,201,29.7,1.7172192443813197,1.1659733234123986
203,23,202,29.733333333333334,1.462681261068642,1.3932581937989548
203,23,203,29.766666666666666,1.114247043911767,1.4867471804050336
203,23,204,29.8,0.7839133055682435,1.4443760013375737
203,23,205,29.833333333333332,0.5339004419589332,1.2842727605952888
203,23,206,29.866666666666667,0.4241662891530311,1.0385303396150327
203,23,207,29.9,0.43943856815179505,0.7447192382408204
203,23,208,29.933333333333334,0.5191938029230888,0.4376635664759558
203,23,209,29.966666666666665,0.45753904696513525,0.14339356829511818
203,23,210,30.0,0.3019880571629631,-0.12370739760982602
203,23,211,30.033333333333335,0.10005459040156885,-0.36041176217279824
203,23,212,30.066666666666666,-0.07585943806561105,-0.5713809022400974
203,23,213,30.1,-0.2647831856798873,-0.7641802447655623
203,23,214,30.133333333333333,-0.44239413403582595,-0.9438722066200667
203,23,215,30.166666666666668,-0.5368560078429749,-1.1085111609285356
203,23,216,30.2,-0.631317881650113,-1.2467274709607503
203,23,217,30.233333333333334,-0.6686501192026326,-1.338298929720489
203,23,218,30.266666666666666,-0.6686501192026326,-1.3581041941036203
203,23,219,30.3,-0.7161638760876615,-1.283009127850022
203,23,220,30.333333333333332,-0.7636776329726903,-1.1001133791518427
203,23,221,30.366666666666667,-0.7563243134547681,-0.8138105725047985
203,23,222,30.4,-0.4378690143325017,-0.4488864989018008
203,23,223,30.433333333333334,0.24881790064882484,-0.047841036762208654
203,23,224,30.466666666666665,1.2296375963468866,0.3373467959261406
203,23,225,30.5,1.8648512747026609,0.6566177076797153
203,23,226,30.533333333333335,1.9830700269523134,0.8727820268966741
203,23,227,30.566666666666666,1.7426730427125603,0.9686697975471098
203,23,228,30.6,1.4083798246286103,0.9486991908726392
203,23,229,30.633333333333333,1.0780460862850867,0.8351418090849912
203,23,230,30.666666666666668,0.799751224529927,0.6609862823624152
203,23,231,30.7,0.6142213166931466,0.4619701694860301
203,23,232,30.733333333333334,0.6142213166931466,0.270014062633001
203,23,233,30.766666666666666,0.6142213166931466,0.10928010472345305
203,23,234,30.8,0.5191938029230888,-0.005098013935594024
203,23,235,30.833333333333332,0.3308356952717322,-0.06642229963120001
203,23,236,30.866666666666667,0.09496383073531421,-0.07505347119507931
203,23,237,30.9,-0.09509119680479042,-0.03706503293225346
203,23,238,30.933333333333334,-0.28401494441906666,0.03679576192079967
203,23,239,30.966666666666665,-0.47293869203334293,0.13208364802343625
203,24,0,24.0,1.2115371175335032,0.038438951773508076
203,24,1,24.033333333333335,0.9824529325521094,0.04015645935317111
203,24,2,24.066666666666666,0.699067311130695,0.07335608915516047
203,24,3,24.1,0.4156816897092806,0.15964786770350967
203,24,4,24.133333333333333,0.19791030398621368,0.3038035615106737
203,24,5,24.166666666666668,0.044056234072800265,0.49261180625969464
203,24,6,24.2,0.044056234072800265,0.6990515376819746
203,24,7,24.233333333333334,0.044056234072800265,0.8896435938263798
203,24,8,24.266666666666666,-0.00345752281222859,1.0324152619430285
203,24,9,24.3,-0.1290295945798141,1.103510394731206
203,24,10,24.333333333333332,-0.33265998122993473,1.0912168004777483
203,24,11,24.366666666666667,-0.5543908466933956,0.9969171863843143
203,24,12,24.4,-0.7433145943076718,0.8332906069128911
203,24,13,24.433333333333334,-0.8847245850369408,0.620693395349033
203,24,14,24.466666666666665,-1.0136904965820115,0.38276262606130246
203,24,15,24.5,-1.1081523703891496,0.1421127225242422
203,24,16,24.533333333333335,-1.155100487311259,-0.08315838006017048
203,24,17,24.566666666666666,-1.19130144493795,-0.28155252246030726
203,24,18,24.6,-1.238815201822979,-0.44845592600348977
203,24,19,24.633333333333333,-1.2863289587080078,-0.5846294702735543
203,24,20,24.666666666666668,-1.3338427155930366,-0.6934273810907302
203,24,21,24.7,-1.2048768040479336,-0.7776909631695994
203,24,22,24.733333333333334,-0.6528122002409276,-0.8373663419734634
203,24,23,24.766666666666666,0.11023610973409972,-0.8686178986939599
203,24,24,24.8,0.8314270624532724,-0.8646670219621727
203,24,25,24.833333333333332,1.0356230890663125,-0.8180232507058816
203,24,26,24.866666666666667,0.829164502601594,-0.723404968124685
203,24,27,24.9,0.4513170073730415,-0.5805107213212755
203,24,28,24.933333333333334,0.12550838873285283,-0.39585992689927446
203,24,29,24.966666666666665,-0.10640399606311725,-0.18315794295261945
203,24,30,25.0,-0.2410263072373729,0.03798987338147148
203,24,31,25.033333333333335,-0.23819810742278577,0.24482375155855268
203,24,32,25.066666666666666,-0.14599879346731517,0.41517001192277536
203,24,33,25.1,-0.19520947024109198,0.5314643168991046
203,24,34,25.133333333333333,-0.3383163808591089,0.5841160101646199
203,24,35,25.166666666666668,-0.5272401284733852,0.5732924423901454
203,24,36,25.2,-0.7161638760876615,0.5086330942397268
203,24,37,25.233333333333334,-0.9050876237019377,0.40702838083325416
203,24,38,25.266666666666666,-1.0464976144312068,0.2890879761349192
203,24,39,25.3,-1.1420907681641732,0.17513672754991244
203,24,40,25.333333333333332,-1.19130144493795,0.08154238517501927
203,24,41,25.366666666666667,-1.2359870020083918,0.01802398702872105
203,24,42,25.4,-1.19130144493795,-0.013586661041631766
203,24,43,25.433333333333334,-1.19130144493795,-0.01887035614539742
203,24,44,25.466666666666665,-1.238815201822979,-0.00867885491914261
203,24,45,25.5,-1.0640324532816274,0.004228865250448361
203,24,46,25.533333333333335,-0.5181898890666611,0.008928697436056704
203,24,47,25.566666666666666,0.27936245864630943,-0.0006137565925972551
203,24,48,25.6,0.953605294443362,-0.02412451881254958
203,24,49,25.633333333333333,1.089358885543435,-0.055700714266174074
203,24,50,25.666666666666668,0.8755469795608161,-0.08632232376418585
203,24,51,25.7,0.5056184438130621,-0.10724084836544753
203,24,52,25.733333333333334,0.1662344660628683,-0.11295081231104162
203,24,53,25.766666666666666,-0.04135540032766776,-0.10266814840114923
203,24,54,25.8,-0.14599879346731517,-0.07996558599529166
203,24,55,25.833333333333332,-0.10923219587770436,-0.05106824713582164
203,24,56,25.866666666666667,-0.014770322070566222,-0.022823967606055012
203,24,57,25.9,-0.039092840476000236,-0.0012515216374487377
203,24,58,25.933333333333334,-0.13355471428313836,0.009077907365850544
203,24,59,25.966666666666665,-0.3575481395982883,0.005248456077086919
203,24,60,26.0,-0.5464718872125646,-0.013587434535711814
203,24,61,26.033333333333335,-0.7353956348268409,-0.04537482054888737
203,24,62,26.066666666666666,-0.8768056255560882,-0.08436295865121028
203,24,63,26.1,-0.9859741383990815,-0.12117134840838865
203,24,64,26.133333333333333,-1.0804360122062195,-0.14421266326809618
203,24,65,26.166666666666668,-1.0962739311678924,-0.14229498775527802
203,24,66,26.2,-1.1437876880529212,-0.10770890874593407
203,24,67,26.233333333333334,-1.1437876880529212,-0.03889750412740428
203,24,68,26.266666666666666,-1.1143744099812325,0.058140353959050164
203,24,69,26.3,-0.7806468318601913,0.1702693167322951
203,24,70,26.333333333333332,-0.062284078955605886,0.2795266031795759
203,24,71,26.366666666666667,0.8161547834544868,0.36685039794868707
203,24,72,26.4,1.360866067743614,0.41633513892141644
203,24,73,26.433333333333334,1.3687850272244342,0.4189089075456715
203,24,74,26.466666666666665,1.080308646136765,0.37439184034548983
203,24,75,26.5,0.7499749077932414,0.29130229779522604
203,24,76,26.533333333333335,0.44452932781802806,0.1844675276439489
203,24,77,26.566666666666666,0.23297998168707654,0.07117198549107431
203,24,78,26.6,0.09156999095782913,-0.03306227394355122
203,24,79,26.633333333333333,0.09156999095782913,-0.11799727063011362
203,24,80,26.666666666666668,0.13908374784285799,-0.18075025929815636
203,24,81,26.7,0.1170237892890915,-0.22607165553836017
203,24,82,26.733333333333334,-0.024951841403075492,-0.26483686692789227
203,24,83,26.766666666666666,-0.20878482935109713,-0.3110078072681634
203,24,84,26.8,-0.42429365522249657,-0.3775035335256052
203,24,85,26.833333333333332,-0.6132174028367728,-0.47158340363486495
203,24,86,26.866666666666667,-0.7546273935660203,-0.5905495941817389
203,24,87,26.9,-0.8773712655190078,-0.7188943743227635
203,24,88,26.933333333333334,-0.9243193824411279,-0.8283111156343245
203,24,89,26.966666666666665,-0.9712674993632372,-0.8817759212605307
203,24,90,27.0,-1.0012464173978346,-0.8418500272273399
203,24,91,27.033333333333335,-1.0012464173978346,-0.68172026485937
203,24,92,27.066666666666666,-0.9062189036277877,-0.3959357962955938
203,24,93,27.1,-0.4039306165574348,-0.006975527951532851
203,24,94,27.133333333333333,0.4286914088563878,0.4357152138135449
203,24,95,27.166666666666668,1.330887149708995,0.8653595958268507
203,24,96,27.2,1.7545514819338393,1.2138498437985166
203,24,97,27.233333333333334,1.6680085676075211,1.4289042340567124
203,24,98,27.266666666666666,1.3846229461861068,1.4865118819715424
203,24,99,27.3,1.0537235678796635,1.3946315002954877
203,24,100,27.333333333333332,0.7816507457165868,1.1875021927358433
203,24,101,27.366666666666667,0.54521324121726,0.913354381658952
203,24,102,27.4,0.41398476982052185,0.6203422200602456
203,24,103,27.433333333333334,0.37665253226800227,0.3454178864907209
203,24,104,27.466666666666665,0.37665253226800227,0.10887653546024151
203,24,105,27.5,0.31216957649545074,-0.08535025833215847
203,24,106,27.533333333333335,0.1232458288811745,-0.24550787727473844
203,24,107,27.566666666666666,-0.06567791873310178,-0.38632335752791336
203,24,108,27.6,-0.3021154232324069,-0.5234816044544054
203,24,109,27.633333333333333,-0.4910391708467048,-0.6689064409839257
203,24,110,27.666666666666668,-0.6743065188318068,-0.826940821046961
203,24,111,27.7,-0.7687683926389449,-0.991604075261394
203,24,112,27.733333333333334,-0.8632302664460831,-1.1454601300478409
203,24,113,27.766666666666666,-0.9062189036277769,-1.2609002514293848
203,24,114,27.8,-0.9096127434052836,-1.3045227554229413
203,24,115,27.833333333333332,-0.9537326605128058,-1.2445776615550348
203,24,116,27.866666666666667,-0.9016937839244419,-1.0602174495289858
203,24,117,27.9,-0.5125334894375625,-0.7500155562684819
203,24,118,27.933333333333334,0.24655534079714653,-0.3365944286850583
203,24,119,27.966666666666665,1.2364252759018783,0.1350521937830038
203,24,120,28.0,1.8495789957038968,0.6057940282895697
203,24,121,28.033333333333335,1.8976583925518453,1.0148574320517327
203,24,122,28.066666666666666,1.6629178079412665,1.312676180697613
203,24,123,28.1,1.3795321865198522,1.4702620067393941
203,24,124,28.133333333333333,1.0961465650984377,1.4828377684146539
203,24,125,28.166666666666668,0.8574465007474651,1.3675793697371115
203,24,126,28.2,0.6651289133556714,1.156914549645443
203,24,127,28.233333333333334,0.5706670395485332,0.8896429378733561
203,24,128,28.266666666666666,0.5667075598081177,0.6022983667233122
203,24,129,28.3,0.5242845625893435,0.32274889576339266
203,24,130,28.333333333333332,0.3879653315263291,0.0671421221507121
203,24,131,28.366666666666667,0.15152782702702397,-0.15974390546920403
203,24,132,28.4,-0.04418360014225487,-0.3615402563936627
203,24,133,28.433333333333334,-0.2738334250865574,-0.5459191604683656
203,24,134,28.466666666666665,-0.46275717270083366,-0.7199409315048568
203,24,135,28.5,-0.6041671634301027,-0.8859274210856315
203,24,136,28.533333333333335,-0.7546273935660203,-1.0384431958692633
203,24,137,28.566666666666666,-0.8015755104881295,-1.1629515863902822
203,24,138,28.6,-0.8111913898577192,-1.2368076887884158
203,24,139,28.633333333333333,-0.858705146742748,-1.233145750251872
203,24,140,28.666666666666668,-0.9062189036277769,-1.1276110447884404
203,24,141,28.7,-0.7161638760876615,-0.9067060578637061
203,24,142,28.733333333333334,-0.10301015628564297,-0.5751975057058316
203,24,143,28.766666666666666,0.8037107042704073,-0.15955436338097143
203,24,144,28.8,1.6120102112787742,0.294565428645259
203,24,145,28.833333333333332,1.963838268213134,0.730634180010148
203,24,146,28.866666666666667,1.8314785168905567,1.0930700616979294
203,24,147,28.9,1.5627995345049541,1.338965069718953
203,24,148,28.933333333333334,1.2794139130835398,1.446250944336549
203,24,149,28.966666666666665,0.9960282916621254,1.4161967673200584
203,24,150,29.0,0.743187228238228,1.2701394175067156
203,24,151,29.033333333333335,0.6317561555435672,1.0421229602215498
203,24,152,29.066666666666666,0.5848080386214579,0.7700089653224428
203,24,153,29.1,0.5378599216993486,0.4875524630402877
203,24,154,29.133333333333333,0.415116049746361,0.2192050967378214
203,24,155,29.166666666666668,0.19847594394915485,-0.021669086462933772
203,24,156,29.2,-0.010245202367241973,-0.2315547382151096
203,24,157,29.233333333333334,-0.22575402823861979,-0.4136016238416831
203,24,158,29.266666666666666,-0.43560645448082336,-0.5736964194417261
203,24,159,29.3,-0.5990764037638373,-0.7167441364456073
203,24,160,29.333333333333332,-0.6935382775709862,-0.8438029288101687
203,24,161,29.366666666666667,-0.7880001513781243,-0.9504579365079593
203,24,162,29.4,-0.8111913898577192,-1.0266189867324957
203,24,163,29.433333333333334,-0.858705146742748,-1.0578077243782982
203,24,164,29.466666666666665,-0.8813307452594341,-1.027920803792551
203,24,165,29.5,-0.9537326605128058,-0.9232530298315597
203,24,166,29.533333333333335,-0.9797520988069878,-0.7371346332958231
203,24,167,29.566666666666666,-0.617176882577199,-0.4740017620285706
203,24,168,29.6,0.13229606828790944,-0.15141470923301542
203,24,169,29.633333333333333,1.0774804463222103,0.2011024346903221
203,24,170,29.666666666666668,1.6697054874962907,0.5464367144331018
203,24,171,29.7,1.7172192443813197,0.8463336628910821
203,24,172,29.733333333333334,1.462681261068642,1.0681936282302802
203,24,173,29.766666666666666,1.114247043911767,1.1905530351988793
203,24,174,29.8,0.7839133055682435,1.2060344166701809
203,24,175,29.833333333333332,0.5339004419589332,1.1212637592413344
203,24,176,29.866666666666667,0.4241662891530311,0.9541052558337239
203,24,177,29.9,0.43943856815179505,0.7292447596959533
203,24,178,29.933333333333334,0.5191938029230888,0.47338700424289615
203,24,179,29.966666666666665,0.45753904696513525,0.21108131918069467
203,24,180,30.0,0.3019880571629631,-0.03832766242166159
203,24,181,30.033333333333335,0.10005459040156885,-0.2625099128023156
203,24,182,30.066666666666666,-0.07585943806561105,-0.4566239255503915
203,24,183,30.1,-0.2647831856798873,-0.6222401683332606
203,24,184,30.133333333333333,-0.44239413403582595,-0.7646016417433913
203,24,185,30.166666666666668,-0.5368560078429749,-0.888529262351454
203,24,186,30.2,-0.631317881650113,-0.993890330744308
203,24,187,30.233333333333334,-0.6686501192026326,-1.072114043531138
203,24,188,30.266666666666666,-0.6686501192026326,-1.1054358043868449
203,24,189,30.3,-0.7161638760876615,-1.0700470360893604
203,24,190,30.333333333333332,-0.7636776329726903,-0.9430391751726087
203,24,191,30.366666666666667,-0.7563243134547681,-0.7113461309127445
203,24,192,30.4,-0.4378690143325017,-0.37955804763537354
203,24,193,30.433333333333334,0.24881790064882484,0.026644172939505967
203,24,194,30.466666666666665,1.2296375963468866,0.46325064727102866
203,24,195,30.5,1.8648512747026609,0.8763485271346778
203,24,196,30.533333333333335,1.9830700269523134,1.2135530978726157
203,24,197,30.566666666666666,1.7426730427125603,1.4348596926352768
203,24,198,30.6,1.4083798246286103,1.5199260801551706
203,24,199,30.633333333333333,1.0780460862850867,1.4702706246446553
203,24,200,30.666666666666668,0.799751224529927,1.3063942093801337
203,24,201,30.7,0.6142213166931466,1.0611266503521064
203,24,202,30.733333333333334,0.6142213166931466,0.7714351389213944
203,24,203,30.766666666666666,0.6142213166931466,0.47107447293512134
203,24,204,30.8,0.5191938029230888,0.18563535999603722
203,24,205,30.833333333333332,0.3308356952717322,-0.06961410429465284
203,24,206,30.866666666666667,0.09496383073531421,-0.28947274558018204
203,24,207,30.9,-0.09509119680479042,-0.4767905805076844
203,24,208,30.933333333333334,-0.28401494441906666,-0.6393454310816661
203,24,209,30.966666666666665,-0.47293869203334293,-0.786136634147145
203,24,210,31.0,-0.614348682762612,-0.9234995445531453
203,24,211,31.033333333333335,-0.6686501192026326,-1.0515219514077483
203,24,212,31.066666666666666,-0.7161638760876615,-1.1615523059299298
203,24,213,31.1,-0.7636776329726903,-1.235852066610465
203,24,214,31.133333333333333,-0.7636776329726903,-1.2502861916680443
203,24,215,31.166666666666668,-0.8111913898577192,-1.1801704102317079
203,24,216,31.2,-0.858705146742748,-1.0081507496339803
203,24,217,31.233333333333334,-0.7382238346414279,-0.7318268922058909
203,24,218,31.266666666666666,-0.11432295554390498,-0.3683883809058453
203,24,219,31.3,0.8059732641220639,0.04581904217179113
203,24,220,31.333333333333332,1.6821495666804784,0.46124256089858096
203,24,221,31.366666666666667,2.020402264504833,0.8250547975870153
203,24,222,31.4,1.9174557912539443,1.0920928014854614
203,24,223,31.433333333333334,1.6442516891650067,1.2336091772790598
203,24,224,31.466666666666665,1.3133523108585634,1.2417266697319864
203,24,225,31.5,0.9824529325521202,1.1290790538421218
203,24,226,31.533333333333335,0.6990673111307059,0.9243557635787263
203,24,227,31.566666666666666,0.5797172789552033,0.6651952377595585
203,24,228,31.6,0.5191938029230888,0.39026388564371745
203,24,229,31.633333333333333,0.5191938029230888,0.1324003016040468
203,24,230,31.666666666666668,0.3913591713038466,-0.08569874848446661
203,24,231,31.7,0.1696283058403642,-0.252610997737594
203,24,232,31.733333333333334,-0.06680919865894094,-0.36654919938893926
203,24,233,31.766666666666666,-0.2868431442336538,-0.43214397574530256
203,24,234,31.8,-0.49217045077252236,-0.45700250159438766
203,24,235,31.833333333333332,-0.6810941983868202,-0.4490133429785378
203,24,236,31.866666666666667,-0.793090911044379,-0.41478417093751296
203,24,237,31.9,-0.8875527848515171,-0.35915122791773274
203,24,238,31.933333333333334,-0.9345009017736264,-0.28552490097935296
203,24,239,31.966666666666665,-0.9537326605128058,-0.1967743505766665
203,25,0,25.0,-0.2410263072373729,-0.019276564848598705
203,25,1,25.033333333333335,-0.23819810742278577,0.11746029434966643
203,25,2,25.066666666666666,-0.14599879346731517,0.2601123706350151
203,25,3,25.1,-0.19520947024109198,0.40988667152448216
203,25,4,25.133333333333333,-0.3383163808591089,0.5614581905268691
203,25,5,25.166666666666668,-0.5272401284733852,0.7030195185549756
203,25,6,25.2,-0.7161638760876615,0.8186258875345803
203,25,7,25.233333333333334,-0.9050876237019377,0.8920236302661186
203,25,8,25.266666666666666,-1.0464976144312068,0.9109124162201443
203,25,9,25.3,-1.1420907681641732,0.8705389410862076
203,25,10,25.333333333333332,-1.19130144493795,0.7755351521374954
203,25,11,25.366666666666667,-1.2359870020083918,0.6391869039383761
203,25,12,25.4,-1.19130144493795,0.48004907305467387
203,25,13,25.433333333333334,-1.19130144493795,0.3168879036571128
203,25,14,25.466666666666665,-1.238815201822979,0.16385202013853783
203,25,15,25.5,-1.0640324532816274,0.02783614089309435
203,25,16,25.533333333333335,-0.5181898890666611,-0.09106574653300858
203,25,17,25.566666666666666,0.27936245864630943,-0.19660697992390624
203,25,18,25.6,0.953605294443362,-0.29249886702453043
203,25,19,25.633333333333333,1.089358885543435,-0.3792982189211676
203,25,20,25.666666666666668,0.8755469795608161,-0.45325844059369863
203,25,21,25.7,0.5056184438130621,-0.5074468671526586
203,25,22,25.733333333333334,0.1662344660628683,-0.534543318746408
203,25,23,25.766666666666666,-0.04135540032766776,-0.5301295106736916
203,25,24,25.8,-0.14599879346731517,-0.4951313789142769
203,25,25,25.833333333333332,-0.10923219587770436,-0.43643534437534837
203,25,26,25.866666666666667,-0.014770322070566222,-0.3654267275609955
203,25,27,25.9,-0.039092840476000236,-0.294948709865543
203,25,28,25.933333333333334,-0.13355471428313836,-0.23565351161682008
203,25,29,25.966666666666665,-0.3575481395982883,-0.19288395757538854
203,25,30,26.0,-0.5464718872125646,-0.16512366935208295
203,25,31,26.033333333333335,-0.7353956348268409,-0.14459775177527465
203,25,32,26.066666666666666,-0.8768056255560882,-0.11983145108875375
203,25,33,26.1,-0.9859741383990815,-0.07928129007283982
203,25,34,26.133333333333333,-1.0804360122062195,-0.014912670834945374
203,25,35,26.166666666666668,-1.0962739311678924,0.07523123596769331
203,25,36,26.2,-1.1437876880529212,0.1860670576166225
203,25,37,26.233333333333334,-1.1437876880529212,0.3062995552496486
203,25,38,26.266666666666666,-1.1143744099812325,0.42080477600406235
203,25,39,26.3,-0.7806468318601913,0.51393752137806
203,25,40,26.333333333333332,-0.062284078955605886,0.5728465253927124
203,25,41,26.366666666666667,0.8161547834544868,0.5898722854563772
203,25,42,26.4,1.360866067743614,0.5634587801594414
203,25,43,26.433333333333334,1.3687850272244342,0.49757779468887026
203,25,44,26.466666666666665,1.080308646136765,0.40016818184251546
203,25,45,26.5,0.7499749077932414,0.2812940831776781
203,25,46,26.533333333333335,0.44452932781802806,0.15154836151851608
203,25,47,26.566666666666666,0.23297998168707654,0.0208248181991778
203,25,48,26.6,0.09156999095782913,-0.10276105052278162
203,25,49,26.633333333333333,0.09156999095782913,-0.21404041745501143
203,25,50,26.666666666666668,0.13908374784285799,-0.3119196825743972
203,25,51,26.7,0.1170237892890915,-0.3998585553066229
203,25,52,26.733333333333334,-0.024951841403075492,-0.4848920682898763
203,25,53,26.766666666666666,-0.20878482935109713,-0.5747651011807705
203,25,54,26.8,-0.42429365522249657,-0.6736387559270425
203,25,55,26.833333333333332,-0.6132174028367728,-0.777748527843131
203,25,56,26.866666666666667,-0.7546273935660203,-0.8727929394409647
203,25,57,26.9,-0.8773712655190078,-0.9344950482513792
203,25,58,26.933333333333334,-0.9243193824411279,-0.9328410238186953
203,25,59,26.966666666666665,-0.9712674993632372,-0.8393471988905173
203,25,60,27.0,-1.0012464173978346,-0.6357303922640993
203,25,61,27.033333333333335,-1.0012464173978346,-0.32172082926759726
203,25,62,27.066666666666666,-0.9062189036277877,0.0804405722164742
203,25,63,27.1,-0.4039306165574348,0.5268603323535523
203,25,64,27.133333333333333,0.4286914088563878,0.9590387406921037
203,25,65,27.166666666666668,1.330887149708995,1.3159344435533307
203,25,66,27.2,1.7545514819338393,1.5476747924788243
203,25,67,27.233333333333334,1.6680085676075211,1.6265390525559158
203,25,68,27.266666666666666,1.3846229461861068,1.551918848464578
203,25,69,27.3,1.0537235678796635,1.3482692541765957
203,25,70,27.333333333333332,0.7816507457165868,1.0572356936358585
203,25,71,27.366666666666667,0.54521324121726,0.7266159181516353
203,25,72,27.4,0.41398476982052185,0.39946466148740983
203,25,73,27.433333333333334,0.37665253226800227,0.10624718855092667
203,25,74,27.466666666666665,0.37665253226800227,-0.13844157687820471
203,25,75,27.5,0.31216957649545074,-0.33475094372576475
203,25,76,27.533333333333335,0.1232458288811745,-0.49337179084522403
203,25,77,27.566666666666666,-0.06567791873310178,-0.6299417820261045
203,25,78,27.6,-0.3021154232324069,-0.7594319306442061
203,25,79,27.633333333333333,-0.4910391708467048,-0.8913667049616302
203,25,80,27.666666666666668,-0.6743065188318068,-1.0264042173237846
203,25,81,27.7,-0.7687683926389449,-1.1547347637818688
203,25,82,27.733333333333334,-0.8632302664460831,-1.2567547706409958
203,25,83,27.766666666666666,-0.9062189036277769,-1.3062998974743716
203,25,84,27.8,-0.9096127434052836,-1.276236867699292
203,25,85,27.833333333333332,-0.9537326605128058,-1.1454964137704668
203,25,86,27.866666666666667,-0.9016937839244419,-0.905919416621169
203,25,87,27.9,-0.5125334894375625,-0.5668683301442469
203,25,88,27.933333333333334,0.24655534079714653,-0.15577150989085783
203,25,89,27.966666666666665,1.2364252759018783,0.2860275056002649
203,25,90,28.0,1.8495789957038968,0.7108401745442061
203,25,91,28.033333333333335,1.8976583925518453,1.0730987263467917
203,25,92,28.066666666666666,1.6629178079412665,1.3365421377134885
203,25,93,28.1,1.3795321865198522,1.4790880356812388
203,25,94,28.133333333333333,1.0961465650984377,1.4950951346130295
203,25,95,28.166666666666668,0.8574465007474651,1.3949403266321716
203,25,96,28.2,0.6651289133556714,1.201993343827253
203,25,97,28.233333333333334,0.5706670395485332,0.9474478593694808
203,25,98,28.266666666666666,0.5667075598081177,0.6640332908977359
203,25,99,28.3,0.5242845625893435,0.3800683649181006
203,25,100,28.333333333333332,0.3879653315263291,0.11528787628672361
203,25,101,28.366666666666667,0.15152782702702397,-0.12067932177496474
203,25,102,28.4,-0.04418360014225487,-0.327155830750372
203,25,103,28.433333333333334,-0.2738334250865574,-0.5092915462801179
203,25,104,28.466666666666665,-0.46275717270083366,-0.6739809541543892
203,25,105,28.5,-0.6041671634301027,-0.8257758752338232
203,25,106,28.533333333333335,-0.7546273935660203,-0.9635715806071824
203,25,107,28.566666666666666,-0.8015755104881295,-1.078719702348982
203,25,108,28.6,-0.8111913898577192,-1.1551510337804527
203,25,109,28.633333333333333,-0.858705146742748,-1.1719021781074104
203,25,110,28.666666666666668,-0.9062189036277769,-1.107955249935398
203,25,111,28.7,-0.7161638760876615,-0.948527755725452
203,25,112,28.733333333333334,-0.10301015628564297,-0.6911546638198737
203,25,113,28.766666666666666,0.8037107042704073,-0.34957030176364
203,25,114,28.8,1.6120102112787742,0.04614697728695281
203,25,115,28.833333333333332,1.963838268213134,0.4536339450010318
203,25,116,28.866666666666667,1.8314785168905567,0.8257095940021181
203,25,117,28.9,1.5627995345049541,1.1193560352468968
203,25,118,28.933333333333334,1.2794139130835398,1.3037313825854837
203,25,119,28.966666666666665,0.9960282916621254,1.3650332978225197
203,25,120,29.0,0.743187228238228,1.3072264775935163
203,25,121,29.033333333333335,0.6317561555435672,1.1490600747180726
203,25,122,29.066666666666666,0.5848080386214579,0.9187064064444379
203,25,123,29.1,0.5378599216993486,0.6476059916235168
203,25,124,29.133333333333333,0.415116049746361,0.36490967129093244
203,25,125,29.166666666666668,0.19847594394915485,0.09347389370480318
203,25,126,29.2,-0.010245202367241973,-0.15214096084978238
203,25,127,29.233333333333334,-0.22575402823861979,-0.36565655809617253
203,25,128,29.266666666666666,-0.43560645448082336,-0.5473407076476922
203,25,129,29.3,-0.5990764037638373,-0.7010486340695212
203,25,130,29.333333333333332,-0.6935382775709862,-0.8306954062547907
203,25,131,29.366666666666667,-0.7880001513781243,-0.9369208633805876
203,25,132,29.4,-0.8111913898577192,-1.014745758743739
203,25,133,29.433333333333334,-0.858705146742748,-1.05298273208525
203,25,134,29.466666666666665,-0.8813307452594341,-1.035979169611551
203,25,135,29.5,-0.9537326605128058,-0.9477317068824053
203,25,136,29.533333333333335,-0.9797520988069878,-0.7775163572221792
203,25,137,29.566666666666666,-0.617176882577199,-0.525356923913731
203,25,138,29.6,0.13229606828790944,-0.20541186566396158
203,25,139,29.633333333333333,1.0774804463222103,0.15414759054410798
203,25,140,29.666666666666668,1.6697054874962907,0.5151217391213246
203,25,141,29.7,1.7172192443813197,0.8361760153815645
203,25,142,29.733333333333334,1.462681261068642,1.0806468876805497
203,25,143,29.766666666666666,1.114247043911767,1.223027174342636
203,25,144,29.8,0.7839133055682435,1.252623651127568
203,25,145,29.833333333333332,0.5339004419589332,1.1740006362722002
203,25,146,29.866666666666667,0.4241662891530311,1.0046657441409985
203,25,147,29.9,0.43943856815179505,0.7708581054877655
203,25,148,29.933333333333334,0.5191938029230888,0.5024177501732144
203,25,149,29.966666666666665,0.45753904696513525,0.22769345286719817
203,25,150,30.0,0.3019880571629631,-0.030646424200683822
203,25,151,30.033333333333335,0.10005459040156885,-0.25821861570452814
203,25,152,30.066666666666666,-0.07585943806561105,-0.449562832733536
203,25,153,30.1,-0.2647831856798873,-0.6067796744852298
203,25,154,30.133333333333333,-0.44239413403582595,-0.7364599158113703
203,25,155,30.166666666666668,-0.5368560078429749,-0.8454932181398219
203,25,156,30.2,-0.631317881650113,-0.9366415189801606
203,25,157,30.233333333333334,-0.6686501192026326,-1.005067623603796
203,25,158,30.266666666666666,-0.6686501192026326,-1.0371762052534497
203,25,159,30.3,-0.7161638760876615,-1.0128041187668124
203,25,160,30.333333333333332,-0.7636776329726903,-0.9108041230997351
203,25,161,30.366666666666667,-0.7563243134547681,-0.7167131588275115
203,25,162,30.4,-0.4378690143325017,-0.4300874235227298
203,25,163,30.433333333333334,0.24881790064882484,-0.06879335852017282
203,25,164,30.466666666666665,1.2296375963468866,0.3316600776898054
203,25,165,30.5,1.8648512747026609,0.7240053222865527
203,25,166,30.533333333333335,1.9830700269523134,1.058696027265337
203,25,167,30.566666666666666,1.7426730427125603,1.294105436137484
203,25,168,30.6,1.4083798246286103,1.4044887144456044
203,25,169,30.633333333333333,1.0780460862850867,1.3837280546289936
203,25,170,30.666666666666668,0.799751224529927,1.244369445692429
203,25,171,30.7,0.6142213166931466,1.0129021037679111
203,25,172,30.733333333333334,0.6142213166931466,0.7231517948439631
203,25,173,30.766666666666666,0.6142213166931466,0.40974925826570546
203,25,174,30.8,0.5191938029230888,0.10296885230535661
203,25,175,30.833333333333332,0.3308356952717322,-0.17462391829314988
203,25,176,30.866666666666667,0.09496383073531421,-0.4097799016814805
203,25,177,30.9,-0.09509119680479042,-0.5985929809081573
203,25,178,30.933333333333334,-0.28401494441906666,-0.7450422302831596
203,25,179,30.966666666666665,-0.47293869203334293,-0.8581041261566266
203,25,180,31.0,-0.614348682762612,-0.9476238845367112
203,25,181,31.033333333333335,-0.6686501192026326,-1.0195683900527452
203,25,182,31.066666666666666,-0.7161638760876615,-1.0719058294139276
203,25,183,31.1,-0.7636776329726903,-1.0927163022351625
203,25,184,31.133333333333333,-0.7636776329726903,-1.0618081616136397
203,25,185,31.166666666666668,-0.8111913898577192,-0.9560888568138051
203,25,186,31.2,-0.858705146742748,-0.7575637007777323
203,25,187,31.233333333333334,-0.7382238346414279,-0.46163998492290037
203,25,188,31.266666666666666,-0.11432295554390498,-0.08290399601280025
203,25,189,31.3,0.8059732641220639,0.3440172462968425
203,25,190,31.333333333333332,1.6821495666804784,0.7695127086815098
203,25,191,31.366666666666667,2.020402264504833,1.1389406683718701
203,25,192,31.4,1.9174557912539443,1.4045000667164782
203,25,193,31.433333333333334,1.6442516891650067,1.5352432779363674
203,25,194,31.466666666666665,1.3133523108585634,1.5223833580580592
203,25,195,31.5,0.9824529325521202,1.378992061437173
203,25,196,31.533333333333335,0.6990673111307059,1.134996624474212
203,25,197,31.566666666666666,0.5797172789552033,0.8294489738055971
203,25,198,31.6,0.5191938029230888,0.5022733311866194
203,25,199,31.633333333333333,0.5191938029230888,0.18733497052414155
203,25,200,31.666666666666668,0.3913591713038466,-0.09197934942517004
203,25,201,31.7,0.1696283058403642,-0.3242647264755953
203,25,202,31.733333333333334,-0.06680919865894094,-0.5090497428051752
203,25,203,31.766666666666666,-0.2868431442336538,-0.6539968619371269
203,25,204,31.8,-0.49217045077252236,-0.7711103129802658
203,25,205,31.833333333333332,-0.6810941983868202,-0.8724988110193634
203,25,206,31.866666666666667,-0.793090911044379,-0.9662181864032662
203,25,207,31.9,-0.8875527848515171,-1.0528875921173793
203,25,208,31.933333333333334,-0.9345009017736264,-1.1239127639425852
203,25,209,31.966666666666665,-0.9537326605128058,-1.162056662924322
203,25,210,32.0,-1.0012464173978346,-1.144679325907915
203,25,211,32.03333333333333,-1.0487601742828634,-1.0493098495796334
203,25,212,32.06666666666667,-1.1222933694620743,-0.8604897915025888
203,25,213,32.1,-1.0453663345053676,-0.576196252581369
203,25,214,32.13333333333333,-0.5170586091408327,-0.21183734568270207
203,25,215,32.166666666666664,0.4309539687080661,0.19986581887472105
203,25,216,32.2,1.469468940623666,0.6136983005869854
203,25,217,32.233333333333334,2.014180224912739,0.9804863277720878
203,25,218,32.266666666666666,2.041896583095669,1.2569583357711644
203,25,219,32.3,1.8309128769276264,1.4140607759622317
203,25,220,32.333333333333336,1.500013498621183,1.441607516649728
203,25,221,32.36666666666667,1.1956991985718413,1.3485575267547567
203,25,222,32.4,0.885728498893293,1.15947830299483
203,25,223,32.43333333333333,0.6696540330590064,0.908465565774879
203,25,224,32.46666666666667,0.5667075598081177,0.6319911476218244
203,25,225,32.5,0.5480414410318579,0.3621541325951411
203,25,226,32.53333333333333,0.43547908841135796,0.12177627640952804
203,25,227,32.56666666666667,0.22902050194665027,-0.07759820081810524
203,25,228,32.6,-0.03739592058725229,-0.2346613813715966
203,25,229,32.63333333333333,-0.29023698401114967,-0.3550989857791386
203,25,230,32.666666666666664,-0.5102709295858842,-0.4474459145494864
203,25,231,32.7,-0.6991946772001604,-0.5192638184968156
203,25,232,32.733333333333334,-0.8734117857785924,-0.5745224256536441
203,25,233,32.766666666666666,-1.0153874164707593,-0.612657134369707
203,25,234,32.8,-1.0962739311678924,-0.6293776893627122
203,25,235,32.833333333333336,-1.1437876880529212,-0.61889990383239
203,25,236,32.86666666666667,-1.19130144493795,-0.5768667469282583
203,25,237,32.9,-1.238815201822979,-0.5029437040666678
203,25,238,32.93333333333333,-1.2976417579663455,-0.40210505160622684
203,25,239,32.96666666666667,-1.3813564724780656,-0.28411144367529695
203,26,0,26.0,-0.5464718872125646,0.08254080847609396
203,26,1,26.033333333333335,-0.7353956348268409,-0.09633149365045214
203,26,2,26.066666666666666,-0.8768056255560882,-0.24194164118070619
203,26,3,26.1,-0.9859741383990815,-0.32757132457010274
203,26,4,26.133333333333333,-1.0804360122062195,-0.34029826681899183
203,26,5,26.166666666666668,-1.0962739311678924,-0.28338782093441717
203,26,6,26.2,-1.1437876880529212,-0.174358094890598
203,26,7,26.233333333333334,-1.1437876880529212,-0.03980585121017156
203,26,8,26.266666666666666,-1.1143744099812325,0.09115987617911779
203,26,9,26.3,-0.7806468318601913,0.19321649064979457
203,26,10,26.333333333333332,-0.062284078955605886,0.24952949780337283
203,26,11,26.366666666666667,0.8161547834544868,0.2539470898083318
203,26,12,26.4,1.360866067743614,0.21048379683550594
203,26,13,26.433333333333334,1.3687850272244342,0.13068734575298444
203,26,14,26.466666666666665,1.080308646136765,0.030014726327917494
203,26,15,26.5,0.7499749077932414,-0.07560626428216788
203,26,16,26.533333333333335,0.44452932781802806,-0.1722722302112719
203,26,17,26.566666666666666,0.23297998168707654,-0.24952483973653006
203,26,18,26.6,0.09156999095782913,-0.3010569573491289
203,26,19,26.633333333333333,0.09156999095782913,-0.32517847670421135
203,26,20,26.666666666666668,0.13908374784285799,-0.3252236709741803
203,26,21,26.7,0.1170237892890915,-0.3096039334892801
203,26,22,26.733333333333334,-0.024951841403075492,-0.290883654948192
203,26,23,26.766666666666666,-0.20878482935109713,-0.2833598907715132
203,26,24,26.8,-0.42429365522249657,-0.2991917749139538
203,26,25,26.833333333333332,-0.6132174028367728,-0.3438418821430197
203,26,26,26.866666666666667,-0.7546273935660203,-0.4121016731680528
203,26,27,26.9,-0.8773712655190078,-0.48618274352769036
203,26,28,26.933333333333334,-0.9243193824411279,-0.5372168453767079
203,26,29,26.966666666666665,-0.9712674993632372,-0.5308145901368251
203,26,30,27.0,-1.0012464173978346,-0.43604534812506895
203,26,31,27.033333333333335,-1.0012464173978346,-0.2357438308297475
203,26,32,27.066666666666666,-0.9062189036277877,0.06496487866766246
203,26,33,27.1,-0.4039306165574348,0.4351627308089849
203,26,34,27.133333333333333,0.4286914088563878,0.8219017568641219
203,26,35,27.166666666666668,1.330887149708995,1.1613072590194309
203,26,36,27.2,1.7545514819338393,1.394280217692868
203,26,37,27.233333333333334,1.6680085676075211,1.4818728057130088
203,26,38,27.266666666666666,1.3846229461861068,1.415082240213841
203,26,39,27.3,1.0537235678796635,1.2156554557983479
203,26,40,27.333333333333332,0.7816507457165868,0.9278442607161453
203,26,41,27.366666666666667,0.54521324121726,0.604414986291625
203,26,42,27.4,0.41398476982052185,0.2920853756107333
203,26,43,27.433333333333334,0.37665253226800227,0.021182094343013307
203,26,44,27.466666666666665,0.37665253226800227,-0.19798997830387768
203,26,45,27.5,0.31216957649545074,-0.3723943502504277
203,26,46,27.533333333333335,0.1232458288811745,-0.5193577736138439
203,26,47,27.566666666666666,-0.06567791873310178,-0.6582838156158141
203,26,48,27.6,-0.3021154232324069,-0.803257750399303
203,26,49,27.633333333333333,-0.4910391708467048,-0.9579357003054229
203,26,50,27.666666666666668,-0.6743065188318068,-1.1133791645567943
203,26,51,27.7,-0.7687683926389449,-1.2489867537057457
203,26,52,27.733333333333334,-0.8632302664460831,-1.3362428902025743
203,26,53,27.766666666666666,-0.9062189036277769,-1.3446168513692498
203,26,54,27.8,-0.9096127434052836,-1.2486244088631304
203,26,55,27.833333333333332,-0.9537326605128058,-1.034783611353199
203,26,56,27.866666666666667,-0.9016937839244419,-0.7069772907264035
203,26,57,27.9,-0.5125334894375625,-0.2887010582478213
203,26,58,27.933333333333334,0.24655534079714653,0.17895465039627081
203,26,59,27.966666666666665,1.2364252759018783,0.6437380236773063
203,26,60,28.0,1.8495789957038968,1.0517459090252956
203,26,61,28.033333333333335,1.8976583925518453,1.3574725566405352
203,26,62,28.066666666666666,1.6629178079412665,1.531688652813845
203,26,63,28.1,1.3795321865198522,1.5653165703436764
203,26,64,28.133333333333333,1.0961465650984377,1.4688686909789819
203,26,65,28.166666666666668,0.8574465007474651,1.2682391102687354
203,26,66,28.2,0.6651289133556714,0.9982437672269782
203,26,67,28.233333333333334,0.5706670395485332,0.695435969628628
203,26,68,28.266666666666666,0.5667075598081177,0.39167626310277676
203,26,69,28.3,0.5242845625893435,0.10968503326731785
203,26,70,28.333333333333332,0.3879653315263291,-0.1387427039521744
203,26,71,28.366666666666667,0.15152782702702397,-0.35188687736184493
203,26,72,28.4,-0.04418360014225487,-0.5352423690872266
203,26,73,28.433333333333334,-0.2738334250865574,-0.6975417718455413
203,26,74,28.466666666666665,-0.46275717270083366,-0.8464649874867386
203,26,75,28.5,-0.6041671634301027,-0.9846783888759689
203,26,76,28.533333333333335,-0.7546273935660203,-1.1068693403880387
203,26,77,28.566666666666666,-0.8015755104881295,-1.1985818631465062
203,26,78,28.6,-0.8111913898577192,-1.2376533668801373
203,26,79,28.633333333333333,-0.858705146742748,-1.1986680277628414
203,26,80,28.666666666666668,-0.9062189036277769,-1.0599897667117968
203,26,81,28.7,-0.7161638760876615,-0.8117494024824436
203,26,82,28.733333333333334,-0.10301015628564297,-0.46214589052814564
203,26,83,28.766666666666666,0.8037107042704073,-0.03945306375827732
203,26,84,28.8,1.6120102112787742,0.41143710465537353
203,26,85,28.833333333333332,1.963838268213134,0.8371286464848557
203,26,86,28.866666666666667,1.8314785168905567,1.186270687987135
203,26,87,28.9,1.5627995345049541,1.4197068263168744
203,26,88,28.933333333333334,1.2794139130835398,1.517480378552196
203,26,89,28.966666666666665,0.9960282916621254,1.4808854230763333
203,26,90,29.0,0.743187228238228,1.3294379751386498
203,26,91,29.033333333333335,0.6317561555435672,1.0942908119024497
203,26,92,29.066666666666666,0.5848080386214579,0.8104274954877123
203,26,93,29.1,0.5378599216993486,0.5098134865848163
203,26,94,29.133333333333333,0.415116049746361,0.21688510639499134
203,26,95,29.166666666666668,0.19847594394915485,-0.053226908730277904
203,26,96,29.2,-0.010245202367241973,-0.29411610839339947
203,26,97,29.233333333333334,-0.22575402823861979,-0.5058804603459199
203,26,98,29.266666666666666,-0.43560645448082336,-0.6919467091656604
203,26,99,29.3,-0.5990764037638373,-0.8555298709140909
203,26,100,29.333333333333332,-0.6935382775709862,-0.9964047148580625
203,26,101,29.366666666666667,-0.7880001513781243,-1.1087696000328047
203,26,102,29.4,-0.8111913898577192,-1.1808576812966827
203,26,103,29.433333333333334,-0.858705146742748,-1.196618904738719
203,26,104,29.466666666666665,-0.8813307452594341,-1.1393701396684826
203,26,105,29.5,-0.9537326605128058,-0.996788624138371
203,26,106,29.533333333333335,-0.9797520988069878,-0.7660441809854053
203,26,107,29.566666666666666,-0.617176882577199,-0.4574482827893175
203,26,108,29.6,0.13229606828790944,-0.09507123314156873
203,26,109,29.633333333333333,1.0774804463222103,0.28637467895022634
203,26,110,29.666666666666668,1.6697054874962907,0.6476340237731815
203,26,111,29.7,1.7172192443813197,0.9520424103020971
203,26,112,29.733333333333334,1.462681261068642,1.1715758523689863
203,26,113,29.766666666666666,1.114247043911767,1.2904172647579824
203,26,114,29.8,0.7839133055682435,1.3056722134997023
203,26,115,29.833333333333332,0.5339004419589332,1.2257217565959369
203,26,116,29.866666666666667,0.4241662891530311,1.0671314380126453
203,26,117,29.9,0.43943856815179505,0.8510443343755736
203,26,118,29.933333333333334,0.5191938029230888,0.5997380164480859
203,26,119,29.966666666666665,0.45753904696513525,0.3337217416076488
203,26,120,30.0,0.3019880571629631,0.06955719282777972
203,26,121,30.033333333333335,0.10005459040156885,-0.18140837036557342
203,26,122,30.066666666666666,-0.07585943806561105,-0.41309471202193465
203,26,123,30.1,-0.2647831856798873,-0.6232997841398155
203,26,124,30.133333333333333,-0.44239413403582595,-0.8110651443899569
203,26,125,30.166666666666668,-0.5368560078429749,-0.9735005125275477
203,26,126,30.2,-0.631317881650113,-1.1030440660760583
203,26,127,30.233333333333334,-0.6686501192026326,-1.1861694806188678
203,26,128,30.266666666666666,-0.6686501192026326,-1.2044121863063368
203,26,129,30.3,-0.7161638760876615,-1.1381400281582457
203,26,130,30.333333333333332,-0.7636776329726903,-0.9726282220144562
203,26,131,30.366666666666667,-0.7563243134547681,-0.7048807494111861
203,26,132,30.4,-0.4378690143325017,-0.34875537078941254
203,26,133,30.433333333333334,0.24881790064882484,0.06399950784068517
203,26,134,30.466666666666665,1.2296375963468866,0.4878862207964709
203,26,135,30.5,1.8648512747026609,0.8720985604976814
203,26,136,30.533333333333335,1.9830700269523134,1.170734916095028
203,26,137,30.566666666666666,1.7426730427125603,1.351689538951165
203,26,138,30.6,1.4083798246286103,1.401831720926514
203,26,139,30.633333333333333,1.0780460862850867,1.3275174700164212
203,26,140,30.666666666666668,0.799751224529927,1.1509050765532816
203,26,141,30.7,0.6142213166931466,0.9035787049209175
203,26,142,30.733333333333334,0.6142213166931466,0.6194656345093564
203,26,143,30.766666666666666,0.6142213166931466,0.3288319401769887
203,26,144,30.8,0.5191938029230888,0.05436727628461188
203,26,145,30.833333333333332,0.3308356952717322,-0.1904616884633848
203,26,146,30.866666666666667,0.09496383073531421,-0.4010584918307977
203,26,147,30.9,-0.09509119680479042,-0.5797498235629286
203,26,148,30.933333333333334,-0.28401494441906666,-0.7327270478449446
203,26,149,30.966666666666665,-0.47293869203334293,-0.866431609641035
203,26,150,31.0,-0.614348682762612,-0.9839790484260494
203,26,151,31.033333333333335,-0.6686501192026326,-1.0822825365924817
203,26,152,31.066666666666666,-0.7161638760876615,-1.150636957808312
203,26,153,31.1,-0.7636776329726903,-1.1715016964495286
203,26,154,31.133333333333333,-0.7636776329726903,-1.1238796984385164
203,26,155,31.166666666666668,-0.8111913898577192,-0.9889620562136711
203,26,156,31.2,-0.858705146742748,-0.7567622530659606
203,26,157,31.233333333333334,-0.7382238346414279,-0.43174344814994825
203,26,158,31.266666666666666,-0.11432295554390498,-0.03539829034598807
203,26,159,31.3,0.8059732641220639,0.39545769155897376
203,26,160,31.333333333333332,1.6821495666804784,0.8145044071663751
203,26,161,31.366666666666667,2.020402264504833,1.174284272993392
203,26,162,31.4,1.9174557912539443,1.434823870942072
203,26,163,31.433333333333334,1.6442516891650067,1.5703566368726947
203,26,164,31.466666666666665,1.3133523108585634,1.5728118029608908
203,26,165,31.5,0.9824529325521202,1.4517527029448445
203,26,166,31.533333333333335,0.6990673111307059,1.2312320141494866
203,26,167,31.566666666666666,0.5797172789552033,0.944475682691366
203,26,168,31.6,0.5191938029230888,0.6275114575696786
203,26,169,31.633333333333333,0.5191938029230888,0.3129382542833609
203,26,170,31.666666666666668,0.3913591713038466,0.025007012088388805
203,26,171,31.7,0.1696283058403642,-0.2230705157136371
203,26,172,31.733333333333334,-0.06680919865894094,-0.4292055608567683
203,26,173,31.766666666666666,-0.2868431442336538,-0.6001305472568468
203,26,174,31.8,-0.49217045077252236,-0.7473523195757372
203,26,175,31.833333333333332,-0.6810941983868202,-0.8822119841208556
203,26,176,31.866666666666667,-0.793090911044379,-1.011007747477268
203,26,177,31.9,-0.8875527848515171,-1.1312273576581036
203,26,178,31.933333333333334,-0.9345009017736264,-1.229974826731882
203,26,179,31.966666666666665,-0.9537326605128058,-1.2854517672642092
203,26,180,32.0,-1.0012464173978346,-1.2716914346696446
203,26,181,32.03333333333333,-1.0487601742828634,-1.1657245089878807
203,26,182,32.06666666666667,-1.1222933694620743,-0.9553200222794345
203,26,183,32.1,-1.0453663345053676,-0.6448943098970142
203,26,184,32.13333333333333,-0.5170586091408327,-0.2574947629084198
203,26,185,32.166666666666664,0.4309539687080661,0.1680783949201031
203,26,186,32.2,1.469468940623666,0.5843497088033762
203,26,187,32.233333333333334,2.014180224912739,0.9443915348653197
203,26,188,32.266666666666666,2.041896583095669,1.21053601473897
203,26,189,32.3,1.8309128769276264,1.3603067848943087
203,26,190,32.333333333333336,1.500013498621183,1.3884597631248605
203,26,191,32.36666666666667,1.1956991985718413,1.3053801986308193
203,26,192,32.4,0.885728498893293,1.1330419612422842
203,26,193,32.43333333333333,0.6696540330590064,0.8999836950518291
203,26,194,32.46666666666667,0.5667075598081177,0.6363867649429471
203,26,195,32.5,0.5480414410318579,0.3698270743531964
203,26,196,32.53333333333333,0.43547908841135796,0.12202566344677447
203,26,197,32.56666666666667,0.22902050194665027,-0.09310974304714008
203,26,198,32.6,-0.03739592058725229,-0.269927260030011
203,26,199,32.63333333333333,-0.29023698401114967,-0.4099325418760747
203,26,200,32.666666666666664,-0.5102709295858842,-0.5194101047252867
203,26,201,32.7,-0.6991946772001604,-0.6062679905124851
203,26,202,32.733333333333334,-0.8734117857785924,-0.6767278416286532
203,26,203,32.766666666666666,-1.0153874164707593,-0.7325439244195328
203,26,204,32.8,-1.0962739311678924,-0.7694849261155351
203,26,205,32.833333333333336,-1.1437876880529212,-0.7777229770924224
203,26,206,32.86666666666667,-1.19130144493795,-0.744394412814511
203,26,207,32.9,-1.238815201822979,-0.6579348934898454
203,26,208,32.93333333333333,-1.2976417579663455,-0.5130489464475964
203,26,209,32.96666666666667,-1.3813564724780656,-0.3147057689681337
203,26,210,33.0,-1.1777260858279233,-0.07963904228082365
203,26,211,33.03333333333333,-0.4203341754820595,0.16555009450277322
203,26,212,33.06666666666667,0.6753104326881589,0.3896096817572176
203,26,213,33.1,1.6629178079413205,0.5639395079503122
203,26,214,33.13333333333333,1.9921202663589834,0.6697390653572213
203,26,215,33.166666666666664,1.8750327940351592,0.7024689314928078
203,26,216,33.2,1.544133415728716,0.67191170863541
203,26,217,33.233333333333334,1.2070119978301466,0.5978647302492416
203,26,218,33.266666666666666,0.8823346591157971,0.5033934199273884
203,26,219,33.3,0.6040397973606373,0.40843976602319876
203,26,220,33.333333333333336,0.46715492633472494,0.32583141898305573
203,26,221,33.36666666666667,0.4241662891530311,0.26018918655097784
203,26,222,33.4,0.3732586924904956,0.20906529473503738
203,26,223,33.43333333333333,0.27314041905418324,0.16527336560078143
203,26,224,33.46666666666667,0.03274343481446264,0.11958299430931421
203,26,225,33.5,-0.3411445806736744,0.06330706234242788
203,26,226,33.53333333333333,-0.5758851652842533,-0.0095188361706207
203,26,227,33.56666666666667,-0.8123226697835584,-0.10062934237109782
203,26,228,33.6,-0.9537326605128058,-0.20688108800041016
203,26,229,33.63333333333333,-1.0957082912049727,-0.32052882280625783
203,26,230,33.666666666666664,-1.1437876880529212,-0.43038501561860054
203,26,231,33.7,-1.189604525049202,-0.5237023426814773
203,26,232,33.733333333333334,-1.19130144493795,-0.588459356066094
203,26,233,33.766666666666666,-1.19130144493795,-0.615592988386141
203,26,234,33.8,-1.238815201822979,-0.6006833874581037
203,26,235,33.833333333333336,-1.3298832358526211,-0.5446611712739831
203,26,236,33.86666666666667,-1.2048768040479552,-0.4532832305377072
203,26,237,33.9,-0.5719256855438377,-0.3354841364360682
203,26,238,33.93333333333333,0.40945965011726243,-0.20122481612359017
203,26,239,33.96666666666667,1.4134705842949191,-0.05985809953227937
203,27,0,27.0,-1.0012464173978346,0.10046904521452377
203,27,1,27.033333333333335,-1.0012464173978346,0.4005718335824897
203,27,2,27.066666666666666,-0.9062189036277877,0.6758269833190659
203,27,3,27.1,-0.4039306165574348,0.9030307978030118
203,27,4,27.133333333333333,0.4286914088563878,1.0610729833412302
203,27,5,27.166666666666668,1.330887149708995,1.134228121493583
203,27,6,27.2,1.7545514819338393,1.1157468324993856
203,27,7,27.233333333333334,1.6680085676075211,1.0101434024704463
203,27,8,27.266666666666666,1.3846229461861068,0.8331296917910446
203,27,9,27.3,1.0537235678796635,0.6090703268978075
203,27,10,27.333333333333332,0.7816507457165868,0.3666048442740968
203,27,11,27.366666666666667,0.54521324121726,0.13350317506547985
203,27,12,27.4,0.41398476982052185,-0.0680900722341967
203,27,13,27.433333333333334,0.37665253226800227,-0.2250686080515159
203,27,14,27.466666666666665,0.37665253226800227,-0.33488144027584565
203,27,15,27.5,0.31216957649545074,-0.40502082293547054
203,27,16,27.533333333333335,0.1232458288811745,-0.4506506602894558
203,27,17,27.566666666666666,-0.06567791873310178,-0.4907363340953236
203,27,18,27.6,-0.3021154232324069,-0.543205942213243
203,27,19,27.633333333333333,-0.4910391708467048,-0.6198964752101979
203,27,20,27.666666666666668,-0.6743065188318068,-0.7222890841705507
203,27,21,27.7,-0.7687683926389449,-0.8391440556298103
203,27,22,27.733333333333334,-0.8632302664460831,-0.9469421056989153
203,27,23,27.766666666666666,-0.9062189036277769,-1.0135297053069716
203,27,24,27.8,-0.9096127434052836,-1.0046584616652716
203,27,25,27.833333333333332,-0.9537326605128058,-0.8923198926225832
203,27,26,27.866666666666667,-0.9016937839244419,-0.6630669765267735
203,27,27,27.9,-0.5125334894375625,-0.32409796120036594
203,27,28,27.933333333333334,0.24655534079714653,0.09497819023540316
203,27,29,27.966666666666665,1.2364252759018783,0.5458279800425022
203,27,30,28.0,1.8495789957038968,0.9700248032955142
203,27,31,28.033333333333335,1.8976583925518453,1.310491281128667
203,27,32,28.066666666666666,1.6629178079412665,1.52276579977085
203,27,33,28.1,1.3795321865198522,1.5832844331070153
203,27,34,28.133333333333333,1.0961465650984377,1.4928707844062836
203,27,35,28.166666666666668,0.8574465007474651,1.2749532038166203
203,27,36,28.2,0.6651289133556714,0.9692312588059072
203,27,37,28.233333333333334,0.5706670395485332,0.6224589603464238
203,27,38,28.266666666666666,0.5667075598081177,0.27863647332191016
203,27,39,28.3,0.5242845625893435,-0.02904806247462148
203,27,40,28.333333333333332,0.3879653315263291,-0.2828356193478462
203,27,41,28.366666666666667,0.15152782702702397,-0.4809125122594942
203,27,42,28.4,-0.04418360014225487,-0.6341406057166675
203,27,43,28.433333333333334,-0.2738334250865574,-0.7600221143777052
203,27,44,28.466666666666665,-0.46275717270083366,-0.8753488715902482
203,27,45,28.5,-0.6041671634301027,-0.9892352698127208
203,27,46,28.533333333333335,-0.7546273935660203,-1.0983101679434484
203,27,47,28.566666666666666,-0.8015755104881295,-1.1855425922514016
203,27,48,28.6,-0.8111913898577192,-1.2233605120336524
203,27,49,28.633333333333333,-0.858705146742748,-1.180606429310205
203,27,50,28.666666666666668,-0.9062189036277769,-1.031792220399684
203,27,51,28.7,-0.7161638760876615,-0.766258334996234
203,27,52,28.733333333333334,-0.10301015628564297,-0.39445101003626104
203,27,53,28.766666666666666,0.8037107042704073,0.05096294213835306
203,27,54,28.8,1.6120102112787742,0.5198953772604177
203,27,55,28.833333333333332,1.963838268213134,0.9543703453633722
203,27,56,28.866666666666667,1.8314785168905567,1.3001422239641298
203,27,57,28.9,1.5627995345049541,1.5172610809984026
203,27,58,28.933333333333334,1.2794139130835398,1.5869953679345103
203,27,59,28.966666666666665,0.9960282916621254,1.5136979643877266
203,27,60,29.0,0.743187228238228,1.3215361947391355
203,27,61,29.033333333333335,0.6317561555435672,1.0473181419798159
203,27,62,29.066666666666666,0.5848080386214579,0.7317092664314905
203,27,63,29.1,0.5378599216993486,0.4113639970231669
203,27,64,29.133333333333333,0.415116049746361,0.11364098444396814
203,27,65,29.166666666666668,0.19847594394915485,-0.14569806744065625
203,27,66,29.2,-0.010245202367241973,-0.3622481234455699
203,27,67,29.233333333333334,-0.22575402823861979,-0.5408308590671078
203,27,68,29.266666666666666,-0.43560645448082336,-0.6919787960562543
203,27,69,29.3,-0.5990764037638373,-0.8274449046440386
203,27,70,29.333333333333332,-0.6935382775709862,-0.9553531457833362
203,27,71,29.366666666666667,-0.7880001513781243,-1.0759522599352562
203,27,72,29.4,-0.8111913898577192,-1.1791193142858956
203,27,73,29.433333333333334,-0.858705146742748,-1.2446370377870215
203,27,74,29.466666666666665,-0.8813307452594341,-1.2457975400291936
203,27,75,29.5,-0.9537326605128058,-1.1560484268463318
203,27,76,29.533333333333335,-0.9797520988069878,-0.957321581363239
203,27,77,29.566666666666666,-0.617176882577199,-0.6477185616215814
203,27,78,29.6,0.13229606828790944,-0.24587665927870847
203,27,79,29.633333333333333,1.0774804463222103,0.20989574884567366
203,27,80,29.666666666666668,1.6697054874962907,0.6678093293174345
203,27,81,29.7,1.7172192443813197,1.0723414122915103
203,27,82,29.733333333333334,1.462681261068642,1.3748606110483035
203,27,83,29.766666666666666,1.114247043911767,1.542529697054923
203,27,84,29.8,0.7839133055682435,1.563546771363116
203,27,85,29.833333333333332,0.5339004419589332,1.4477612123672288
203,27,86,29.866666666666667,0.4241662891530311,1.2228321500454007
203,27,87,29.9,0.43943856815179505,0.9271609546539398
203,27,88,29.933333333333334,0.5191938029230888,0.6015534831720427
203,27,89,29.966666666666665,0.45753904696513525,0.2816746521194924
203,27,90,30.0,0.3019880571629631,-0.0071975840081344965
203,27,91,30.033333333333335,0.10005459040156885,-0.25245195201225684
203,27,92,30.066666666666666,-0.07585943806561105,-0.4534834215039653
203,27,93,30.1,-0.2647831856798873,-0.6185375306886245
203,27,94,30.133333333333333,-0.44239413403582595,-0.759752853675067
203,27,95,30.166666666666668,-0.5368560078429749,-0.8873395332282887
203,27,96,30.2,-0.631317881650113,-1.0041423446031084
203,27,97,30.233333333333334,-0.6686501192026326,-1.102083170793885
203,27,98,30.266666666666666,-0.6686501192026326,-1.1619035238879836
203,27,99,30.3,-0.7161638760876615,-1.157004136309958
203,27,100,30.333333333333332,-0.7636776329726903,-1.0609836452681762
203,27,101,30.366666666666667,-0.7563243134547681,-0.8570294338364071
203,27,102,30.4,-0.4378690143325017,-0.5461925546487291
203,27,103,30.433333333333334,0.24881790064882484,-0.15143948967068235
203,27,104,30.466666666666665,1.2296375963468866,0.2844577492714131
203,27,105,30.5,1.8648512747026609,0.7070001006955664
203,27,106,30.533333333333335,1.9830700269523134,1.0615934156786033
203,27,107,30.566666666666666,1.7426730427125603,1.3050910499556259
203,27,108,30.6,1.4083798246286103,1.4139460426265014
203,27,109,30.633333333333333,1.0780460862850867,1.3870824368265746
203,27,110,30.666666666666668,0.799751224529927,1.2432510196216746
203,27,111,30.7,0.6142213166931466,1.0141860290739275
203,27,112,30.733333333333334,0.6142213166931466,0.7360660735330297
203,27,113,30.766666666666666,0.6142213166931466,0.44201064637214305
203,27,114,30.8,0.5191938029230888,0.15736668484124852
203,27,115,30.833333333333332,0.3308356952717322,-0.10193319261925188
203,27,116,30.866666666666667,0.09496383073531421,-0.32870869263179026
203,27,117,30.9,-0.09509119680479042,-0.5226274603478324
203,27,118,30.933333333333334,-0.28401494441906666,-0.6878200752407386
203,27,119,30.966666666666665,-0.47293869203334293,-0.8302696374361264
203,27,120,31.0,-0.614348682762612,-0.9549212264711141
203,27,121,31.033333333333335,-0.6686501192026326,-1.062574736953569
203,27,122,31.066666666666666,-0.7161638760876615,-1.1471181339278036
203,27,123,31.1,-0.7636776329726903,-1.1941850577557975
203,27,124,31.133333333333333,-0.7636776329726903,-1.1824428285429307
203,27,125,31.166666666666668,-0.8111913898577192,-1.0881438985653056
203,27,126,31.2,-0.858705146742748,-0.8923667584361086
203,27,127,31.233333333333334,-0.7382238346414279,-0.5890379291138049
203,27,128,31.266666666666666,-0.11432295554390498,-0.19102495890506005
203,27,129,31.3,0.8059732641220639,0.26822992417722297
203,27,130,31.333333333333332,1.6821495666804784,0.7388210799809319
203,27,131,31.366666666666667,2.020402264504833,1.163568161507393
203,27,132,31.4,1.9174557912539443,1.4896984587922475
203,27,133,31.433333333333334,1.6442516891650067,1.6795134970591048
203,27,134,31.466666666666665,1.3133523108585634,1.7170937372500668
203,27,135,31.5,0.9824529325521202,1.6096505292932737
203,27,136,31.533333333333335,0.6990673111307059,1.3838042581374683
203,27,137,31.566666666666666,0.5797172789552033,1.0782916080763434
203,27,138,31.6,0.5191938029230888,0.7351944930442358
203,27,139,31.633333333333333,0.5191938029230888,0.3918255925627762
203,27,140,31.666666666666668,0.3913591713038466,0.07503070901955217
203,27,141,31.7,0.1696283058403642,-0.20113879900634066
203,27,142,31.733333333333334,-0.06680919865894094,-0.4345274604364621
203,27,143,31.766666666666666,-0.2868431442336538,-0.6317097333062953
203,27,144,31.8,-0.49217045077252236,-0.8036361473484802
203,27,145,31.833333333333332,-0.6810941983868202,-0.960882608243817
203,27,146,31.866666666666667,-0.793090911044379,-1.1091061491546554
203,27,147,31.9,-0.8875527848515171,-1.2454154566322457
203,27,148,31.933333333333334,-0.9345009017736264,-1.3566075571437972
203,27,149,31.966666666666665,-0.9537326605128058,-1.420230094393748
203,27,150,32.0,-1.0012464173978346,-1.408909135960807
203,27,151,32.03333333333333,-1.0487601742828634,-1.2974088104954484
203,27,152,32.06666666666667,-1.1222933694620743,-1.0708118011482164
203,27,153,32.1,-1.0453663345053676,-0.7314688670148648
203,27,154,32.13333333333333,-0.5170586091408327,-0.3023377959619553
203,27,155,32.166666666666664,0.4309539687080661,0.17483222250995853
203,27,156,32.2,1.469468940623666,0.6464819511478864
203,27,157,32.233333333333334,2.014180224912739,1.0576757833254409
203,27,158,32.266666666666666,2.041896583095669,1.3630281666665596
203,27,159,32.3,1.8309128769276264,1.5349868102146194
203,27,160,32.333333333333336,1.500013498621183,1.567374671947088
203,27,161,32.36666666666667,1.1956991985718413,1.4737855801680284
203,27,162,32.4,0.885728498893293,1.281985594818621
203,27,163,32.43333333333333,0.6696540330590064,1.0263888771508662
203,27,164,32.46666666666667,0.5667075598081177,0.7407910525292907
203,27,165,32.5,0.5480414410318579,0.4529829196283101
203,27,166,32.53333333333333,0.43547908841135796,0.18195864078434335
203,27,167,32.56666666666667,0.22902050194665027,-0.06241756522049414
203,27,168,32.6,-0.03739592058725229,-0.2779232361782641
203,27,169,32.63333333333333,-0.29023698401114967,-0.4674206153760263
203,27,170,32.666666666666664,-0.5102709295858842,-0.6358483955286398
203,27,171,32.7,-0.6991946772001604,-0.7871685853982133
203,27,172,32.733333333333334,-0.8734117857785924,-0.9215525688090175
203,27,173,32.766666666666666,-1.0153874164707593,-1.033181620690761
203,27,174,32.8,-1.0962739311678924,-1.1092953069594698
203,27,175,32.833333333333336,-1.1437876880529212,-1.1312700786427212
203,27,176,32.86666666666667,-1.19130144493795,-1.0782514007159874
203,27,177,32.9,-1.238815201822979,-0.9331088347147363
203,27,178,32.93333333333333,-1.2976417579663455,-0.6894206372829033
203,27,179,32.96666666666667,-1.3813564724780656,-0.3572512541162047
203,27,180,33.0,-1.1777260858279233,0.03478324839640338
203,27,181,33.03333333333333,-0.4203341754820595,0.4427812486643763
203,27,182,33.06666666666667,0.6753104326881589,0.8158255397164828
203,27,183,33.1,1.6629178079413205,1.1069080160029643
203,27,184,33.13333333333333,1.9921202663589834,1.2831410453579577
203,27,185,33.166666666666664,1.8750327940351592,1.3321921479346275
203,27,186,33.2,1.544133415728716,1.2632233982214722
203,27,187,33.233333333333334,1.2070119978301466,1.1024334602311268
203,27,188,33.266666666666666,0.8823346591157971,0.8849485978074284
203,27,189,33.3,0.6040397973606373,0.6457721485052369
203,27,190,33.333333333333336,0.46715492633472494,0.4124964937267137
203,27,191,33.36666666666667,0.4241662891530311,0.20152458180549435
203,27,192,33.4,0.3732586924904956,0.018030686644362227
203,27,193,33.43333333333333,0.27314041905418324,-0.14143509252726266
203,27,194,33.46666666666667,0.03274343481446264,-0.28530481819241293
203,27,195,33.5,-0.3411445806736744,-0.4235639290491244
203,27,196,33.53333333333333,-0.5758851652842533,-0.5649764346267329
203,27,197,33.56666666666667,-0.8123226697835584,-0.7147594149502616
203,27,198,33.6,-0.9537326605128058,-0.8724401130895643
203,27,199,33.63333333333333,-1.0957082912049727,-1.0300535603635863
203,27,200,33.666666666666664,-1.1437876880529212,-1.171347832559325
203,27,201,33.7,-1.189604525049202,-1.272871848226674
203,27,202,33.733333333333334,-1.19130144493795,-1.3075207278427268
203,27,203,33.766666666666666,-1.19130144493795,-1.2503816854346315
203,27,204,33.8,-1.238815201822979,-1.0858058951345957
203,27,205,33.833333333333336,-1.3298832358526211,-0.8137913277887425
203,27,206,33.86666666666667,-1.2048768040479552,-0.45335922251887295
203,27,207,33.9,-0.5719256855438377,-0.04111812441823465
203,27,208,33.93333333333333,0.40945965011726243,0.37525903983106274
203,27,209,33.96666666666667,1.4134705842949191,0.7470230343371261
203,27,210,34.0,1.7952775592638655,1.0348174085994322
203,27,211,34.03333333333333,1.6414234893504414,1.2163487719148969
203,27,212,34.06666666666667,1.2635759941218454,1.288891362132176
203,27,213,34.1,0.8382147420082641,1.2661896772858439
203,27,214,34.13333333333333,0.4513170073730415,1.1715577678924773
203,27,215,34.166666666666664,0.20582926346706623,1.030247134934871
203,27,216,34.2,0.18659750472788683,0.8637198962645277
203,27,217,34.233333333333334,0.2708778592025265,0.686994372444398
203,27,218,34.266666666666666,0.2816250184979446,0.5088466843512437
203,27,219,34.3,0.11532686940034356,0.33382795936812976
203,27,220,34.333333333333336,-0.07359687821395432,0.16479749147941664
203,27,221,34.36666666666667,-0.29702466356614143,0.004883395908403235
203,27,222,34.4,-0.5464718872125646,-0.14169660450227944
203,27,223,34.43333333333333,-0.7829093917118913,-0.26990321309190873
203,27,224,34.46666666666667,-0.971833139326146,-0.37470874181057906
203,27,225,34.5,-1.0810016521691392,-0.4518937334021032
203,27,226,34.53333333333333,-1.1754635259762665,-0.49854654053894804
203,27,227,34.56666666666667,-1.2224116428983867,-0.513412663110503
203,27,228,34.6,-1.238815201822979,-0.4973409663479881
203,27,229,34.63333333333333,-1.238815201822979,-0.4538349948475501
203,27,230,34.666666666666664,-1.2863289587080078,-0.3893697772295656
203,27,231,34.7,-1.3338427155930366,-0.3129892196421528
203,27,232,34.733333333333334,-1.2207147230096387,-0.23493903867573088
203,27,233,34.766666666666666,-0.5340278080283122,-0.1646049161670329
203,27,234,34.8,0.5667075598080313,-0.10850814398939697
203,27,235,34.833333333333336,1.6878059663096525,-0.06922890182712245
203,27,236,34.86666666666667,2.2342141704874843,-0.04573165463306192
203,27,237,34.9,2.105813898905312,-0.034846099890254355
203,27,238,34.93333333333333,1.7500263622304826,-0.0330243086888328
203,27,239,34.96666666666667,1.34785634859655,-0.03739428637637738
203,28,0,28.0,1.8495789957038968,0.10223875746307202
203,28,1,28.033333333333335,1.8976583925518453,0.17373163939941297
203,28,2,28.066666666666666,1.6629178079412665,0.22134581834621037
203,28,3,28.1,1.3795321865198522,0.22969088589721626
203,28,4,28.133333333333333,1.0961465650984377,0.19275904831963037
203,28,5,28.166666666666668,0.8574465007474651,0.11485330585451478
203,28,6,28.2,0.6651289133556714,0.008467411227252152
203,28,7,28.233333333333334,0.5706670395485332,-0.10985148401452155
203,28,8,28.266666666666666,0.5667075598081177,-0.2241461225418957
203,28,9,28.3,0.5242845625893435,-0.3228388787051018
203,28,10,28.333333333333332,0.3879653315263291,-0.4008414571631831
203,28,11,28.366666666666667,0.15152782702702397,-0.45975134511238164
203,28,12,28.4,-0.04418360014225487,-0.5063261146079754
203,28,13,28.433333333333334,-0.2738334250865574,-0.5496463751314272
203,28,14,28.466666666666665,-0.46275717270083366,-0.5974987141095105
203,28,15,28.5,-0.6041671634301027,-0.6526723590642192
203,28,16,28.533333333333335,-0.7546273935660203,-0.7100910223085837
203,28,17,28.566666666666666,-0.8015755104881295,-0.7558083358872311
203,28,18,28.6,-0.8111913898577192,-0.7686512406848921
203,28,19,28.633333333333333,-0.858705146742748,-0.724632578137585
203,28,20,28.666666666666668,-0.9062189036277769,-0.6033261872081019
203,28,21,28.7,-0.7161638760876615,-0.3945705121066151
203,28,22,28.733333333333334,-0.10301015628564297,-0.10351151410814569
203,28,23,28.766666666666666,0.8037107042704073,0.24773371452191167
203,28,24,28.8,1.6120102112787742,0.6226504480190531
203,28,25,28.833333333333332,1.963838268213134,0.9767148714653617
203,28,26,28.866666666666667,1.8314785168905567,1.2658791981088378
203,28,27,28.9,1.5627995345049541,1.4547764473700364
203,28,28,28.933333333333334,1.2794139130835398,1.5226162173205766
203,28,29,28.966666666666665,0.9960282916621254,1.4657194751978906
203,28,30,29.0,0.743187228238228,1.2966314967456596
203,28,31,29.033333333333335,0.6317561555435672,1.0404681230104544
203,28,32,29.066666666666666,0.5848080386214579,0.7295545190365282
203,28,33,29.1,0.5378599216993486,0.39754447146148025
203,28,34,29.133333333333333,0.415116049746361,0.07412421007994077
203,28,35,29.166666666666668,0.19847594394915485,-0.21883259200115046
203,28,36,29.2,-0.010245202367241973,-0.46912692562093933
203,28,37,29.233333333333334,-0.22575402823861979,-0.6739396761936275
203,28,38,29.266666666666666,-0.43560645448082336,-0.8375402636555856
203,28,39,29.3,-0.5990764037638373,-0.9674787826782668
203,28,40,29.333333333333332,-0.6935382775709862,-1.0700624615284975
203,28,41,29.366666666666667,-0.7880001513781243,-1.1462107016598548
203,28,42,29.4,-0.8111913898577192,-1.1889357303910213
203,28,43,29.433333333333334,-0.858705146742748,-1.1835203748961094
203,28,44,29.466666666666665,-0.8813307452594341,-1.1108453413801689
203,28,45,29.5,-0.9537326605128058,-0.9533611074521722
203,28,46,29.533333333333335,-0.9797520988069878,-0.7021852820260781
203,28,47,29.566666666666666,-0.617176882577199,-0.36309032464007884
203,28,48,29.6,0.13229606828790944,0.040880954485329975
203,28,49,29.633333333333333,1.0774804463222103,0.4714451589858766
203,28,50,29.666666666666668,1.6697054874962907,0.8812543076102702
203,28,51,29.7,1.7172192443813197,1.2222806927095817
203,28,52,29.733333333333334,1.462681261068642,1.4542294706509875
203,28,53,29.766666666666666,1.114247043911767,1.5513152504103713
203,28,54,29.8,0.7839133055682435,1.506255327075109
203,28,55,29.833333333333332,0.5339004419589332,1.330806486146255
203,28,56,29.866666666666667,0.4241662891530311,1.0528303720337089
203,28,57,29.9,0.43943856815179505,0.7106088913135797
203,28,58,29.933333333333334,0.5191938029230888,0.3456841727733172
203,28,59,29.966666666666665,0.45753904696513525,-0.004301659944084884
203,28,60,30.0,0.3019880571629631,-0.31144010766219077
203,28,61,30.033333333333335,0.10005459040156885,-0.5610276925953586
203,28,62,30.066666666666666,-0.07585943806561105,-0.7519504207726471
203,28,63,30.1,-0.2647831856798873,-0.8937676674564312
203,28,64,30.133333333333333,-0.44239413403582595,-1.0011047166848335
203,28,65,30.166666666666668,-0.5368560078429749,-1.0867801948416607
203,28,66,30.2,-0.631317881650113,-1.1555292048842387
203,28,67,30.233333333333334,-0.6686501192026326,-1.2002053414602711
203,28,68,30.266666666666666,-0.6686501192026326,-1.2019849118475532
203,28,69,30.3,-0.7161638760876615,-1.1351777848568687
203,28,70,30.333333333333332,-0.7636776329726903,-0.9757522132719882
203,28,71,30.366666666666667,-0.7563243134547681,-0.7110901382083453
203,28,72,30.4,-0.4378690143325017,-0.34757196565322773
203,28,73,30.433333333333334,0.24881790064882484,0.08697091414397017
203,28,74,30.466666666666665,1.2296375963468866,0.5470442885490057
203,28,75,30.5,1.8648512747026609,0.978297571050183
203,28,76,30.533333333333335,1.9830700269523134,1.3284953332297005
203,28,77,30.566666666666666,1.7426730427125603,1.557462454864129
203,28,78,30.6,1.4083798246286103,1.6436503799937976
203,28,79,30.633333333333333,1.0780460862850867,1.5862696127581457
203,28,80,30.666666666666668,0.799751224529927,1.4030521964080416
203,28,81,30.7,0.6142213166931466,1.1246715663994913
203,28,82,30.733333333333334,0.6142213166931466,0.7877018200406807
203,28,83,30.766666666666666,0.6142213166931466,0.4281757937373921
203,28,84,30.8,0.5191938029230888,0.07697556410832541
203,28,85,30.833333333333332,0.3308356952717322,-0.2428158274670833
203,28,86,30.866666666666667,0.09496383073531421,-0.5169978196497031
203,28,87,30.9,-0.09509119680479042,-0.740070248584184
203,28,88,30.933333333333334,-0.28401494441906666,-0.913801632486549
203,28,89,30.966666666666665,-0.47293869203334293,-1.044482124872484
203,28,90,31.0,-0.614348682762612,-1.1390835933425905
203,28,91,31.033333333333335,-0.6686501192026326,-1.2010785943836138
203,28,92,31.066666666666666,-0.7161638760876615,-1.227137984230941
203,28,93,31.1,-0.7636776329726903,-1.2060490078388542
203,28,94,31.133333333333333,-0.7636776329726903,-1.1207892426990065
203,28,95,31.166666666666668,-0.8111913898577192,-0.9537477599674341
203,28,96,31.2,-0.858705146742748,-0.6938598344897582
203,28,97,31.233333333333334,-0.7382238346414279,-0.3434480096093335
203,28,98,31.266666666666666,-0.11432295554390498,0.07765975881316178
203,28,99,31.3,0.8059732641220639,0.532491474481766
203,28,100,31.333333333333332,1.6821495666804784,0.9721630729478445
203,28,101,31.366666666666667,2.020402264504833,1.3447708114295165
203,28,102,31.4,1.9174557912539443,1.605483590266538
203,28,103,31.433333333333334,1.6442516891650067,1.7250231881622657
203,28,104,31.466666666666665,1.3133523108585634,1.6944318567892163
203,28,105,31.5,0.9824529325521202,1.525334863960754
203,28,106,31.533333333333335,0.6990673111307059,1.2461580835364041
203,28,107,31.566666666666666,0.5797172789552033,0.8955895666401995
203,28,108,31.6,0.5191938029230888,0.5149126064388725
203,28,109,31.633333333333333,0.5191938029230888,0.14082377370799862
203,28,110,31.666666666666668,0.3913591713038466,-0.19987870771987076
203,28,111,31.7,0.1696283058403642,-0.4928123060946483
203,28,112,31.733333333333334,-0.06680919865894094,-0.7354914160018435
203,28,113,31.766666666666666,-0.2868431442336538,-0.9341839721158361
203,28,114,31.8,-0.49217045077252236,-1.0989660790063378
203,28,115,31.833333333333332,-0.6810941983868202,-1.2380438121284871
203,28,116,31.866666666666667,-0.793090911044379,-1.352640723373686
203,28,117,31.9,-0.8875527848515171,-1.4339425377736787
203,28,118,31.933333333333334,-0.9345009017736264,-1.4634945874407197
203,28,119,31.966666666666665,-0.9537326605128058,-1.4176451406272426
203,28,120,32.0,-1.0012464173978346,-1.275093115502869
203,28,121,32.03333333333333,-1.0487601742828634,-1.0251262423031495
203,28,122,32.06666666666667,-1.1222933694620743,-0.6736361550848361
203,28,123,32.1,-1.0453663345053676,-0.24471935683273224
203,28,124,32.13333333333333,-0.5170586091408327,0.22272654457838023
203,28,125,32.166666666666664,0.4309539687080661,0.6822186612771578
203,28,126,32.2,1.469468940623666,1.08830350270011
203,28,127,32.233333333333334,2.014180224912739,1.4039897819100435
203,28,128,32.266666666666666,2.041896583095669,1.6052952092777633
203,28,129,32.3,1.8309128769276264,1.6825156761661995
203,28,130,32.333333333333336,1.500013498621183,1.6388774277186677
203,28,131,32.36666666666667,1.1956991985718413,1.4877435692066463
203,28,132,32.4,0.885728498893293,1.2495209250704902
203,28,133,32.43333333333333,0.6696540330590064,0.9489209962576807
203,28,134,32.46666666666667,0.5667075598081177,0.6125448098851394
203,28,135,32.5,0.5480414410318579,0.26645394640202
203,28,136,32.53333333333333,0.43547908841135796,-0.06627530383217686
203,28,137,32.56666666666667,0.22902050194665027,-0.367550332914414
203,28,138,32.6,-0.03739592058725229,-0.6253197160319636
203,28,139,32.63333333333333,-0.29023698401114967,-0.8335042480782691
203,28,140,32.666666666666664,-0.5102709295858842,-0.9908966522916844
203,28,141,32.7,-0.6991946772001604,-1.0992628269915412
203,28,142,32.733333333333334,-0.8734117857785924,-1.1609580454403898
203,28,143,32.766666666666666,-1.0153874164707593,-1.1765440069316229
203,28,144,32.8,-1.0962739311678924,-1.1431629094909759
203,28,145,32.833333333333336,-1.1437876880529212,-1.054517270883138
203,28,146,32.86666666666667,-1.19130144493795,-0.9029541428068177
203,28,147,32.9,-1.238815201822979,-0.6834137288000415
203,28,148,32.93333333333333,-1.2976417579663455,-0.39815574481882526
203,28,149,32.96666666666667,-1.3813564724780656,-0.060558469897744945
203,28,150,33.0,-1.1777260858279233,0.30377300809766844
203,28,151,33.03333333333333,-0.4203341754820595,0.6596115377464217
203,28,152,33.06666666666667,0.6753104326881589,0.9680607824606647
203,28,153,33.1,1.6629178079413205,1.19419033979568
203,28,154,33.13333333333333,1.9921202663589834,1.3141469914684947
203,28,155,33.166666666666664,1.8750327940351592,1.319758670255287
203,28,156,33.2,1.544133415728716,1.2193628855514338
203,28,157,33.233333333333334,1.2070119978301466,1.0347105053603716
203,28,158,33.266666666666666,0.8823346591157971,0.7951023222443836
203,28,159,33.3,0.6040397973606373,0.5307744220387149
203,28,160,33.333333333333336,0.46715492633472494,0.26746440982363046
203,28,161,33.36666666666667,0.4241662891530311,0.02324677973710277
203,28,162,33.4,0.3732586924904956,-0.19231077523472195
203,28,163,33.43333333333333,0.27314041905418324,-0.37730448154326307
203,28,164,33.46666666666667,0.03274343481446264,-0.5356809808977109
203,28,165,33.5,-0.3411445806736744,-0.6748270841639884
203,28,166,33.53333333333333,-0.5758851652842533,-0.8025953318967105
203,28,167,33.56666666666667,-0.8123226697835584,-0.9238512094158838
203,28,168,33.6,-0.9537326605128058,-1.0371332116193173
203,28,169,33.63333333333333,-1.0957082912049727,-1.132528065804277
203,28,170,33.666666666666664,-1.1437876880529212,-1.1918768309912937
203,28,171,33.7,-1.189604525049202,-1.1918625617449055
203,28,172,33.733333333333334,-1.19130144493795,-1.1096216103691083
203,28,173,33.766666666666666,-1.19130144493795,-0.9296092486922363
203,28,174,33.8,-1.238815201822979,-0.6498523634684787
203,28,175,33.833333333333336,-1.3298832358526211,-0.2856093529750558
203,28,176,33.86666666666667,-1.2048768040479552,0.13106551013216713
203,28,177,33.9,-0.5719256855438377,0.5561991886432615
203,28,178,33.93333333333333,0.40945965011726243,0.9419915429860647
203,28,179,33.96666666666667,1.4134705842949191,1.2457516541021105
203,28,180,34.0,1.7952775592638655,1.4372594647109604
203,28,181,34.03333333333333,1.6414234893504414,1.5029398077721774
203,28,182,34.06666666666667,1.2635759941218454,1.4463040751415157
203,28,183,34.1,0.8382147420082641,1.285126943239546
203,28,184,34.13333333333333,0.4513170073730415,1.046593952666965
203,28,185,34.166666666666664,0.20582926346706623,0.7619094351800261
203,28,186,34.2,0.18659750472788683,0.46151860666947464
203,28,187,34.233333333333334,0.2708778592025265,0.17152834541192957
203,28,188,34.266666666666666,0.2816250184979446,-0.08850361462988372
203,28,189,34.3,0.11532686940034356,-0.3064656839139357
203,28,190,34.333333333333336,-0.07359687821395432,-0.47747810199620444
203,28,191,34.36666666666667,-0.29702466356614143,-0.6028408941655661
203,28,192,34.4,-0.5464718872125646,-0.6883798152588589
203,28,193,34.43333333333333,-0.7829093917118913,-0.7423227514451782
203,28,194,34.46666666666667,-0.971833139326146,-0.77278774728579
203,28,195,34.5,-1.0810016521691392,-0.7851225046374948
203,28,196,34.53333333333333,-1.1754635259762665,-0.779707679004422
203,28,197,34.56666666666667,-1.2224116428983867,-0.7511385505795043
203,28,198,34.6,-1.238815201822979,-0.6895799296872412
203,28,199,34.63333333333333,-1.238815201822979,-0.5843946829795463
203,28,200,34.666666666666664,-1.2863289587080078,-0.429098436740223
203,28,201,34.7,-1.3338427155930366,-0.22592692656925492
203,28,202,34.733333333333334,-1.2207147230096387,0.011687494136317717
203,28,203,34.766666666666666,-0.5340278080283122,0.2598077740330692
203,28,204,34.8,0.5667075598080313,0.48805545889900337
203,28,205,34.833333333333336,1.6878059663096525,0.6662132373936382
203,28,206,34.86666666666667,2.2342141704874843,0.7714906430094342
203,28,207,34.9,2.105813898905312,0.79406429354828
203,28,208,34.93333333333333,1.7500263622304826,0.7389797871424969
203,28,209,34.96666666666667,1.34785634859655,0.6238470790386289
203,28,210,35.0,0.9468176148883486,0.4733853835571421
203,28,211,35.03333333333333,0.662866353503993,0.3129738089381175
203,28,212,35.06666666666667,0.5191938029230888,0.1633941267671148
203,28,213,35.1,0.5191938029230888,0.0380182559444956
203,28,214,35.13333333333333,0.5191938029230888,-0.05760399696449635
203,28,215,35.166666666666664,0.42982268878220536,-0.1246749480349809
203,28,216,35.2,0.22053590250288893,-0.1695330079785071
203,28,217,35.233333333333334,-0.0430523202164049,-0.20190809323902703
203,28,218,35.266666666666666,-0.298721583454911,-0.233000043585506
203,28,219,35.3,-0.5634410861000873,-0.2732162666457304
203,28,220,35.333333333333336,-0.7523648337143419,-0.3296255893702825
203,28,221,35.36666666666667,-0.9412885813286398,-0.40352518733061055
203,28,222,35.4,-1.065729373170386,-0.48873483666179585
203,28,223,35.43333333333333,-1.1126774900924845,-0.5712411921160511
203,28,224,35.46666666666667,-1.1437876880529212,-0.6306424302009174
203,28,225,35.5,-1.19130144493795,-0.6435564798002609
203,28,226,35.53333333333333,-1.2060080839737943,-0.5887738098961114
203,28,227,35.56666666666667,-1.2863289587080078,-0.45338522396425734
203,28,228,35.6,-1.1845137653829583,-0.23843208455116174
203,28,229,35.63333333333333,-0.5730569654696013,0.03788550230127255
203,28,230,35.666666666666664,0.5033558839612974,0.3413078312739777
203,28,231,35.7,1.6714024073850386,0.6277301800956523
203,28,232,35.733333333333334,2.252314649300825,0.853418233607646
203,28,233,35.766666666666666,2.1974475728978735,0.9860740814656579
203,28,234,35.8,1.8088529183738598,1.0125662994840658
203,28,235,35.833333333333336,1.4213895437756636,0.9400872736555737
203,28,236,35.86666666666667,1.014694410438396,0.7904190631388833
203,28,237,35.9,0.6922796315756816,0.5902835418201045
203,28,238,35.93333333333333,0.5112748434422579,0.3624975084993462
203,28,239,35.96666666666667,0.47168004603806,0.1219667573691032
203,29,0,29.0,0.743187228238228,-0.1263485948534638
203,29,1,29.033333333333335,0.6317561555435672,-0.2646822367844845
203,29,2,29.066666666666666,0.5848080386214579,-0.3790665991022816
203,29,3,29.1,0.5378599216993486,-0.4529411130965079
203,29,4,29.133333333333333,0.415116049746361,-0.4801797085530159
203,29,5,29.166666666666668,0.19847594394915485,-0.466355987815221
203,29,6,29.2,-0.010245202367241973,-0.42636052281491477
203,29,7,29.233333333333334,-0.22575402823861979,-0.37952606762937574
203,29,8,29.266666666666666,-0.43560645448082336,-0.3441060190722671
203,29,9,29.3,-0.5990764037638373,-0.3326172069137499
203,29,10,29.333333333333332,-0.6935382775709862,-0.34878922367666376
203,29,11,29.366666666666667,-0.7880001513781243,-0.38626514797401323
203,29,12,29.4,-0.8111913898577192,-0.4290646710093986
203,29,13,29.433333333333334,-0.858705146742748,-0.45395053354628484
203,29,14,29.466666666666665,-0.8813307452594341,-0.434824497028604
203,29,15,29.5,-0.9537326605128058,-0.34886990421787256
203,29,16,29.533333333333335,-0.9797520988069878,-0.18340750562632457
203,29,17,29.566666666666666,-0.617176882577199,0.05827968470723403
203,29,18,29.6,0.13229606828790944,0.3541364048999225
203,29,19,29.633333333333333,1.0774804463222103,0.6651232865736378
203,29,20,29.666666666666668,1.6697054874962907,0.9421480695986341
203,29,21,29.7,1.7172192443813197,1.1370770435604494
203,29,22,29.733333333333334,1.462681261068642,1.2149698460376022
203,29,23,29.766666666666666,1.114247043911767,1.1635415377653706
203,29,24,29.8,0.7839133055682435,0.9962200895750856
203,29,25,29.833333333333332,0.5339004419589332,0.7473542927683461
203,29,26,29.866666666666667,0.4241662891530311,0.46142008129444384
203,29,27,29.9,0.43943856815179505,0.18055690461084323
203,29,28,29.933333333333334,0.5191938029230888,-0.06510349601926288
203,29,29,29.966666666666665,0.45753904696513525,-0.26178153398817683
203,29,30,30.0,0.3019880571629631,-0.41109553683209327
203,29,31,30.033333333333335,0.10005459040156885,-0.5255521976853587
203,29,32,30.066666666666666,-0.07585943806561105,-0.6224360730148072
203,29,33,30.1,-0.2647831856798873,-0.7174574214844015
203,29,34,30.133333333333333,-0.44239413403582595,-0.8191156628919641
203,29,35,30.166666666666668,-0.5368560078429749,-0.9247049972987048
203,29,36,30.2,-0.631317881650113,-1.0189064781739663
203,29,37,30.233333333333334,-0.6686501192026326,-1.075706369112698
203,29,38,30.266666666666666,-0.6686501192026326,-1.0638121033514054
203,29,39,30.3,-0.7161638760876615,-0.9548282294048058
203,29,40,30.333333333333332,-0.7636776329726903,-0.7324249361513394
203,29,41,30.366666666666667,-0.7563243134547681,-0.3999583240572806
203,29,42,30.4,-0.4378690143325017,0.01609528110540566
203,29,43,30.433333333333334,0.24881790064882484,0.4686596657699918
203,29,44,30.466666666666665,1.2296375963468866,0.8985362790498261
203,29,45,30.5,1.8648512747026609,1.2467552828394113
203,29,46,30.533333333333335,1.9830700269523134,1.4671849738542326
203,29,47,30.566666666666666,1.7426730427125603,1.535644837465352
203,29,48,30.6,1.4083798246286103,1.4532003218397656
203,29,49,30.633333333333333,1.0780460862850867,1.2434144324814105
203,29,50,30.666666666666668,0.799751224529927,0.9450125996812581
203,29,51,30.7,0.6142213166931466,0.6023588324347422
203,29,52,30.733333333333334,0.6142213166931466,0.2563903840414411
203,29,53,30.766666666666666,0.6142213166931466,-0.061864119173508356
203,29,54,30.8,0.5191938029230888,-0.3342332583099761
203,29,55,30.833333333333332,0.3308356952717322,-0.5550669313552824
203,29,56,30.866666666666667,0.09496383073531421,-0.7285057119664523
203,29,57,30.9,-0.09509119680479042,-0.8643197902807153
203,29,58,30.933333333333334,-0.28401494441906666,-0.9731208977225213
203,29,59,30.966666666666665,-0.47293869203334293,-1.0616728134039795
203,29,60,31.0,-0.614348682762612,-1.129153488866477
203,29,61,31.033333333333335,-0.6686501192026326,-1.1653958955313157
203,29,62,31.066666666666666,-0.7161638760876615,-1.1520448725265262
203,29,63,31.1,-0.7636776329726903,-1.0669607498172253
203,29,64,31.133333333333333,-0.7636776329726903,-0.8911149835394098
203,29,65,31.166666666666668,-0.8111913898577192,-0.6161229036789828
203,29,66,31.2,-0.858705146742748,-0.2500210940168421
203,29,67,31.233333333333334,-0.7382238346414279,0.1807651553312746
203,29,68,31.266666666666666,-0.11432295554390498,0.6341706158425533
203,29,69,31.3,0.8059732641220639,1.0593619971438986
203,29,70,31.333333333333332,1.6821495666804784,1.4059031515754001
203,29,71,31.366666666666667,2.020402264504833,1.6328975120126008
203,29,72,31.4,1.9174557912539443,1.716136243930838
203,29,73,31.433333333333334,1.6442516891650067,1.6519773227025436
203,29,74,31.466666666666665,1.3133523108585634,1.4572841053978156
203,29,75,31.5,0.9824529325521202,1.1653771230060126
203,29,76,31.533333333333335,0.6990673111307059,0.81880699754554
203,29,77,31.566666666666666,0.5797172789552033,0.4606151340253411
203,29,78,31.6,0.5191938029230888,0.12620355124470686
203,29,79,31.633333333333333,0.5191938029230888,-0.1622575176626303
203,29,80,31.666666666666668,0.3913591713038466,-0.39776355007572695
203,29,81,31.7,0.1696283058403642,-0.5867029261375526
203,29,82,31.733333333333334,-0.06680919865894094,-0.7442271022277561
203,29,83,31.766666666666666,-0.2868431442336538,-0.8880527813313598
203,29,84,31.8,-0.49217045077252236,-1.0319766496694807
203,29,85,31.833333333333332,-0.6810941983868202,-1.1802683563049279
203,29,86,31.866666666666667,-0.793090911044379,-1.3241313335222236
203,29,87,31.9,-0.8875527848515171,-1.4413758792485054
203,29,88,31.933333333333334,-0.9345009017736264,-1.4999974779193295
203,29,89,31.966666666666665,-0.9537326605128058,-1.4654354773921485
203,29,90,32.0,-1.0012464173978346,-1.3101102969492622
203,29,91,32.03333333333333,-1.0487601742828634,-1.0227756884149588
203,29,92,32.06666666666667,-1.1222933694620743,-0.6147552047433377
203,29,93,32.1,-1.0453663345053676,-0.12070460879970983
203,29,94,32.13333333333333,-0.5170586091408327,0.40679899133276437
203,29,95,32.166666666666664,0.4309539687080661,0.9074240211895528
203,29,96,32.2,1.469468940623666,1.3249543495745781
203,29,97,32.233333333333334,2.014180224912739,1.6174214646502116
203,29,98,32.266666666666666,2.041896583095669,1.7630650705714748
203,29,99,32.3,1.8309128769276264,1.7613512232407806
203,29,100,32.333333333333336,1.500013498621183,1.6297068206605794
203,29,101,32.36666666666667,1.1956991985718413,1.3975193587407961
203,29,102,32.4,0.885728498893293,1.0993045950038451
203,29,103,32.43333333333333,0.6696540330590064,0.7686951798503496
203,29,104,32.46666666666667,0.5667075598081177,0.4341545456881895
203,29,105,32.5,0.5480414410318579,0.1165699784473439
203,29,106,32.53333333333333,0.43547908841135796,-0.1714660446182539
203,29,107,32.56666666666667,0.22902050194665027,-0.4249297842999962
203,29,108,32.6,-0.03739592058725229,-0.6444844812208003
203,29,109,32.63333333333333,-0.29023698401114967,-0.8338174166352642
203,29,110,32.666666666666664,-0.5102709295858842,-0.9966243617145739
203,29,111,32.7,-0.6991946772001604,-1.133682599627909
203,29,112,32.733333333333334,-0.8734117857785924,-1.240476323885191
203,29,113,32.766666666666666,-1.0153874164707593,-1.3059585146598218
203,29,114,32.8,-1.0962739311678924,-1.3131911769501485
203,29,115,32.833333333333336,-1.1437876880529212,-1.2424802196583828
203,29,116,32.86666666666667,-1.19130144493795,-1.0769515989708118
203,29,117,32.9,-1.238815201822979,-0.8094226446033297
203,29,118,32.93333333333333,-1.2976417579663455,-0.44838197393455986
203,29,119,32.96666666666667,-1.3813564724780656,-0.020559575544699213
203,29,120,33.0,-1.1777260858279233,0.4316101334368356
203,29,121,33.03333333333333,-0.4203341754820595,0.857488115900255
203,29,122,33.06666666666667,0.6753104326881589,1.2084534248748071
203,29,123,33.1,1.6629178079413205,1.4474899355392983
203,29,124,33.13333333333333,1.9921202663589834,1.5553443725868792
203,29,125,33.166666666666664,1.8750327940351592,1.5320753481112608
203,29,126,33.2,1.544133415728716,1.3943882602055653
203,29,127,33.233333333333334,1.2070119978301466,1.170175870523917
203,29,128,33.266666666666666,0.8823346591157971,0.8920793707039602
203,29,129,33.3,0.6040397973606373,0.5916934610791689
203,29,130,33.333333333333336,0.46715492633472494,0.2954262592048318
203,29,131,33.36666666666667,0.4241662891530311,0.02227971748196271
203,29,132,33.4,0.3732586924904956,-0.21677255789250022
203,29,133,33.43333333333333,0.27314041905418324,-0.4183814058716208
203,29,134,33.46666666666667,0.03274343481446264,-0.5858328575934931
203,29,135,33.5,-0.3411445806736744,-0.7275120664233489
203,29,136,33.53333333333333,-0.5758851652842533,-0.8544617007965948
203,29,137,33.56666666666667,-0.8123226697835584,-0.9766937716138349
203,29,138,33.6,-0.9537326605128058,-1.09853712459118
203,29,139,33.63333333333333,-1.0957082912049727,-1.2142229769439037
203,29,140,33.666666666666664,-1.1437876880529212,-1.3055585479240015
203,29,141,33.7,-1.189604525049202,-1.3434327560515997
203,29,142,33.733333333333334,-1.19130144493795,-1.2938792403829293
203,29,143,33.766666666666666,-1.19130144493795,-1.1278039303916736
203,29,144,33.8,-1.238815201822979,-0.8318477910314775
203,29,145,33.833333333333336,-1.3298832358526211,-0.4167657487798107
203,29,146,33.86666666666667,-1.2048768040479552,0.08025012921480427
203,29,147,33.9,-0.5719256855438377,0.6011208580760817
203,29,148,33.93333333333333,0.40945965011726243,1.078991248570206
203,29,149,33.96666666666667,1.4134705842949191,1.452911155262089
203,29,150,34.0,1.7952775592638655,1.6804907350594545
203,29,151,34.03333333333333,1.6414234893504414,1.7451482638107145
203,29,152,34.06666666666667,1.2635759941218454,1.6565383691415205
203,29,153,34.1,0.8382147420082641,1.4448559888098274
203,29,154,34.13333333333333,0.4513170073730415,1.1514945054173957
203,29,155,34.166666666666664,0.20582926346706623,0.8192849616777529
203,29,156,34.2,0.18659750472788683,0.484917129274847
203,29,157,34.233333333333334,0.2708778592025265,0.17471350223594853
203,29,158,34.266666666666666,0.2816250184979446,-0.09642646984944282
203,29,159,34.3,0.11532686940034356,-0.3238536832287985
203,29,160,34.333333333333336,-0.07359687821395432,-0.5107904604135644
203,29,161,34.36666666666667,-0.29702466356614143,-0.6654241063903854
203,29,162,34.4,-0.5464718872125646,-0.7977512909626241
203,29,163,34.43333333333333,-0.7829093917118913,-0.9162366977849183
203,29,164,34.46666666666667,-0.971833139326146,-1.0244243696132804
203,29,165,34.5,-1.0810016521691392,-1.1180151666924918
203,29,166,34.53333333333333,-1.1754635259762665,-1.1834077587416505
203,29,167,34.56666666666667,-1.2224116428983867,-1.1988724397160369
203,29,168,34.6,-1.238815201822979,-1.1390423456856984
203,29,169,34.63333333333333,-1.238815201822979,-0.9823009996713568
203,29,170,34.666666666666664,-1.2863289587080078,-0.7192941910622511
203,29,171,34.7,-1.3338427155930366,-0.3597596520958832
203,29,172,34.733333333333334,-1.2207147230096387,0.065246769056468
203,29,173,34.766666666666666,-0.5340278080283122,0.5074081546569286
203,29,174,34.8,0.5667075598080313,0.9107989280714031
203,29,175,34.833333333333336,1.6878059663096525,1.224148868360864
203,29,176,34.86666666666667,2.2342141704874843,1.4117625008408767
203,29,177,34.9,2.105813898905312,1.4598410389469387
203,29,178,34.93333333333333,1.7500263622304826,1.3768616800151603
203,29,179,34.96666666666667,1.34785634859655,1.188804417969673
203,29,180,35.0,0.9468176148883486,0.9314521797041705
203,29,181,35.03333333333333,0.662866353503993,0.6423443959243437
203,29,182,35.06666666666667,0.5191938029230888,0.35436993957109836
203,29,183,35.1,0.5191938029230888,0.09190792074306324
203,29,184,35.13333333333333,0.5191938029230888,-0.13060264651896053
203,29,185,35.166666666666664,0.42982268878220536,-0.30839930204641963
203,29,186,35.2,0.22053590250288893,-0.44523595269028005
203,29,187,35.233333333333334,-0.0430523202164049,-0.5516811182266766
203,29,188,35.266666666666666,-0.298721583454911,-0.6426141700379985
203,29,189,35.3,-0.5634410861000873,-0.7334786824577785
203,29,190,35.333333333333336,-0.7523648337143419,-0.8354170464191963
203,29,191,35.36666666666667,-0.9412885813286398,-0.9502708164490389
203,29,192,35.4,-1.065729373170386,-1.066957323825136
203,29,193,35.43333333333333,-1.1126774900924845,-1.1607639647919623
203,29,194,35.46666666666667,-1.1437876880529212,-1.1966885170775365
203,29,195,35.5,-1.19130144493795,-1.1370501680097331
203,29,196,35.53333333333333,-1.2060080839737943,-0.9522283684344791
203,29,197,35.56666666666667,-1.2863289587080078,-0.6318426871288598
203,29,198,35.6,-1.1845137653829583,-0.19259305297862403
203,29,199,35.63333333333333,-0.5730569654696013,0.3207890417454485
203,29,200,35.666666666666664,0.5033558839612974,0.8430252310731366
203,29,201,35.7,1.6714024073850386,1.3025708576590398
203,29,202,35.733333333333334,2.252314649300825,1.6381061631380491
203,29,203,35.766666666666666,2.1974475728978735,1.8117028185031607
203,29,204,35.8,1.8088529183738598,1.814871702904612
203,29,205,35.833333333333336,1.4213895437756636,1.6667141813402007
203,29,206,35.86666666666667,1.014694410438396,1.4058435702871317
203,29,207,35.9,0.6922796315756816,1.0790959665203357
203,29,208,35.93333333333333,0.5112748434422579,0.7304612896283095
203,29,209,35.96666666666667,0.47168004603806,0.3930667552244936
203,29,210,36.0,0.4648923664830466,0.08556302214564779
203,29,211,36.03333333333333,0.36420845308383626,-0.18734396974419476
203,29,212,36.06666666666667,0.12211454895533533,-0.43142918127779917
203,29,213,36.1,-0.11884807524734806,-0.6578808495328532
203,29,214,36.13333333333333,-0.45823205299749864,-0.877569932553734
203,29,215,36.166666666666664,-0.8705835859640269,-1.0953390641037795
203,29,216,36.2,-1.1030616107228841,-1.305248480239858
203,29,217,36.233333333333334,-1.291985358337182,-1.4882098913244124
203,29,218,36.266666666666666,-1.4311327892147727,-1.6135543386700812
203,29,219,36.3,-1.4763839862481232,-1.6453377508348166
203,29,220,36.333333333333336,-1.4763839862481232,-1.5525690511569252
203,29,221,36.36666666666667,-1.476949626211032,-1.3206642801575326
203,29,222,36.4,-1.523897743133152,-0.96020204435955
203,29,223,36.43333333333333,-1.3830533923667918,-0.5092284571595806
203,29,224,36.46666666666667,-0.5849354046909665,-0.02719905466577965
203,29,225,36.5,0.5921613581394233,0.4182885294171095
203,29,226,36.53333333333333,1.7771770804506442,0.7677274624649488
203,29,227,36.56666666666667,2.2687182082253954,0.9832992645687588
203,29,228,36.6,2.0973292994615287,1.0555566154472793
203,29,229,36.63333333333333,1.7228756440105155,1.0019147587460604
203,29,230,36.666666666666664,1.254525754715197,0.8586158384894204
203,29,231,36.7,0.8246393828982373,0.6696196660846603
203,29,232,36.733333333333334,0.48864924492558265,0.47615362633917874
203,29,233,36.766666666666666,0.3828745718600853,0.30961436688914534
203,29,234,36.8,0.41737860959803935,0.18876042695998885
203,29,235,36.833333333333336,0.4241662891530311,0.12048999363391394
203,29,236,36.86666666666667,0.3449766943446353,0.10259444579987516
203,29,237,36.9,0.10853918984535178,0.1268504477256718
203,29,238,36.93333333333333,-0.11884807524730485,0.18141788457249078
203,29,239,36.96666666666667,-0.40223369666875164,0.2523521565567037
203,30,0,30.0,0.3019880571629631,-0.03401562763241816
203,30,1,30.033333333333335,0.10005459040156885,-0.3101657592588529
203,30,2,30.066666666666666,-0.07585943806561105,-0.5532451172769957
203,30,3,30.1,-0.2647831856798873,-0.7357247871347592
203,30,4,30.133333333333333,-0.44239413403582595,-0.8373851971413223
203,30,5,30.166666666666668,-0.5368560078429749,-0.8476172768449498
203,30,6,30.2,-0.631317881650113,-0.7659681446632078
203,30,7,30.233333333333334,-0.6686501192026326,-0.6011995927391147
203,30,8,30.266666666666666,-0.6686501192026326,-0.36951479493141287
203,30,9,30.3,-0.7161638760876615,-0.09248810941522127
203,30,10,30.333333333333332,-0.7636776329726903,0.20500157895782603
203,30,11,30.366666666666667,-0.7563243134547681,0.4967239475573493
203,30,12,30.4,-0.4378690143325017,0.7569690935317441
203,30,13,30.433333333333334,0.24881790064882484,0.9624534494832365
203,30,14,30.466666666666665,1.2296375963468866,1.0943663137235689
203,30,15,30.5,1.8648512747026609,1.1405128252560375
203,30,16,30.533333333333335,1.9830700269523134,1.097225030659925
203,30,17,30.566666666666666,1.7426730427125603,0.9704223277743834
203,30,18,30.6,1.4083798246286103,0.7751087901021183
203,30,19,30.633333333333333,1.0780460862850867,0.5328912590045807
203,30,20,30.666666666666668,0.799751224529927,0.26780696717342606
203,30,21,30.7,0.6142213166931466,0.0015894071114883526
203,30,22,30.733333333333334,0.6142213166931466,-0.24999199336686828
203,30,23,30.766666666666666,0.6142213166931466,-0.4783836105879505
203,30,24,30.8,0.5191938029230888,-0.6808746229546295
203,30,25,30.833333333333332,0.3308356952717322,-0.8575494406553484
203,30,26,30.866666666666667,0.09496383073531421,-1.0079627842811805
203,30,27,30.9,-0.09509119680479042,-1.1286741574034287
203,30,28,30.933333333333334,-0.28401494441906666,-1.212232080503092
203,30,29,30.966666666666665,-0.47293869203334293,-1.247691063971395
203,30,30,31.0,-0.614348682762612,-1.2224243406396902
203,30,31,31.033333333333335,-0.6686501192026326,-1.1248478222322846
203,30,32,31.066666666666666,-0.7161638760876615,-0.9475941351299956
203,30,33,31.1,-0.7636776329726903,-0.6905859810184966
203,30,34,31.133333333333333,-0.7636776329726903,-0.36334681157225335
203,30,35,31.166666666666668,-0.8111913898577192,0.014163024633625877
203,30,36,31.2,-0.858705146742748,0.4127504103755973
203,30,37,31.233333333333334,-0.7382238346414279,0.7973493056393484
203,30,38,31.266666666666666,-0.11432295554390498,1.1319759245715786
203,30,39,31.3,0.8059732641220639,1.385178726091923
203,30,40,31.333333333333332,1.6821495666804784,1.5347836553925227
203,30,41,31.366666666666667,2.020402264504833,1.5710004156653716
203,30,42,31.4,1.9174557912539443,1.4973585377988787
203,30,43,31.433333333333334,1.6442516891650067,1.329373096851395
203,30,44,31.466666666666665,1.3133523108585634,1.091253585842167
203,30,45,31.5,0.9824529325521202,0.8112910395910768
203,30,46,31.533333333333335,0.6990673111307059,0.5167597861419875
203,30,47,31.566666666666666,0.5797172789552033,0.2293316598490562
203,30,48,31.6,0.5191938029230888,-0.03790322620268239
203,30,49,31.633333333333333,0.5191938029230888,-0.2809644788098675
203,30,50,31.666666666666668,0.3913591713038466,-0.5029424726184852
203,30,51,31.7,0.1696283058403642,-0.710106646195956
203,30,52,31.733333333333334,-0.06680919865894094,-0.9073551723669879
203,30,53,31.766666666666666,-0.2868431442336538,-1.0942739958351833
203,30,54,31.8,-0.49217045077252236,-1.2628654728559001
203,30,55,31.833333333333332,-0.6810941983868202,-1.3975604027382322
203,30,56,31.866666666666667,-0.793090911044379,-1.4775222099979333
203,30,57,31.9,-0.8875527848515171,-1.4807349047353116
203,30,58,31.933333333333334,-0.9345009017736264,-1.3890771965094726
203,30,59,31.966666666666665,-0.9537326605128058,-1.193331783067542
203,30,60,32.0,-1.0012464173978346,-0.8968078913209881
203,30,61,32.03333333333333,-1.0487601742828634,-0.5164403065067279
203,30,62,32.06666666666667,-1.1222933694620743,-0.08111842405825274
203,30,63,32.1,-1.0453663345053676,0.3720682366966419
203,30,64,32.13333333333333,-0.5170586091408327,0.8026894298761059
203,30,65,32.166666666666664,0.4309539687080661,1.1721165573706012
203,30,66,32.2,1.469468940623666,1.4482714836862993
203,30,67,32.233333333333334,2.014180224912739,1.6094083594330577
203,30,68,32.266666666666666,2.041896583095669,1.6465267562311512
203,30,69,32.3,1.8309128769276264,1.5641448570093346
203,30,70,32.333333333333336,1.500013498621183,1.3791890254731074
203,30,71,32.36666666666667,1.1956991985718413,1.117912375937351
203,30,72,32.4,0.885728498893293,0.8112214439040359
203,30,73,32.43333333333333,0.6696540330590064,0.48936683644112244
203,30,74,32.46666666666667,0.5667075598081177,0.17728578009454213
203,30,75,32.5,0.5480414410318579,-0.10823866908505886
203,30,76,32.53333333333333,0.43547908841135796,-0.35901137432374686
203,30,77,32.56666666666667,0.22902050194665027,-0.5736584799891513
203,30,78,32.6,-0.03739592058725229,-0.754541903102138
203,30,79,32.63333333333333,-0.29023698401114967,-0.9044717549293756
203,30,80,32.666666666666664,-0.5102709295858842,-1.0240630575576022
203,30,81,32.7,-0.6991946772001604,-1.1101322703200207
203,30,82,32.733333333333334,-0.8734117857785924,-1.155260002122935
203,30,83,32.766666666666666,-1.0153874164707593,-1.1486068651396086
203,30,84,32.8,-1.0962739311678924,-1.0780769385515412
203,30,85,32.833333333333336,-1.1437876880529212,-0.9337472364995747
203,30,86,32.86666666666667,-1.19130144493795,-0.7120282565041705
203,30,87,32.9,-1.238815201822979,-0.4194643694849033
203,30,88,32.93333333333333,-1.2976417579663455,-0.07476578976349416
203,30,89,32.96666666666667,-1.3813564724780656,0.29208521400914766
203,30,90,33.0,-1.1777260858279233,0.6439288385812829
203,30,91,33.03333333333333,-0.4203341754820595,0.9428622740283898
203,30,92,33.06666666666667,0.6753104326881589,1.1573077412431747
203,30,93,33.1,1.6629178079413205,1.2678228611237046
203,30,94,33.13333333333333,1.9921202663589834,1.2702601813822099
203,30,95,33.166666666666664,1.8750327940351592,1.1756658970715756
203,30,96,33.2,1.544133415728716,1.0070066812507794
203,30,97,33.233333333333334,1.2070119978301466,0.7934817360573642
203,30,98,33.266666666666666,0.8823346591157971,0.5638771235337309
203,30,99,33.3,0.6040397973606373,0.34080689970615774
203,30,100,33.333333333333336,0.46715492633472494,0.13739224899621064
203,30,101,33.36666666666667,0.4241662891530311,-0.0430012688872363
203,30,102,33.4,0.3732586924904956,-0.20450474658395723
203,30,103,33.43333333333333,0.27314041905418324,-0.355265587564104
203,30,104,33.46666666666667,0.03274343481446264,-0.5040230687466021
203,30,105,33.5,-0.3411445806736744,-0.6573888617329868
203,30,106,33.53333333333333,-0.5758851652842533,-0.8177721257759947
203,30,107,33.56666666666667,-0.8123226697835584,-0.9816171267206141
203,30,108,33.6,-0.9537326605128058,-1.1379646437074613
203,30,109,33.63333333333333,-1.0957082912049727,-1.267942148908881
203,30,110,33.666666666666664,-1.1437876880529212,-1.3460963989142654
203,30,111,33.7,-1.189604525049202,-1.3442355912922892
203,30,112,33.733333333333334,-1.19130144493795,-1.2376621203428444
203,30,113,33.766666666666666,-1.19130144493795,-1.0125819742392663
203,30,114,33.8,-1.238815201822979,-0.6725114516991988
203,30,115,33.833333333333336,-1.3298832358526211,-0.24122456106131146
203,30,116,33.86666666666667,-1.2048768040479552,0.2394263208278034
203,30,117,33.9,-0.5719256855438377,0.7167164616405307
203,30,118,33.93333333333333,0.40945965011726243,1.137147109487104
203,30,119,33.96666666666667,1.4134705842949191,1.456270067003186
203,30,120,34.0,1.7952775592638655,1.6457108249613326
203,30,121,34.03333333333333,1.6414234893504414,1.696281880398309
203,30,122,34.06666666666667,1.2635759941218454,1.617147906291469
203,30,123,34.1,0.8382147420082641,1.4317036822624347
203,30,124,34.13333333333333,0.4513170073730415,1.171478593384256
203,30,125,34.166666666666664,0.20582926346706623,0.8697493611205851
203,30,126,34.2,0.18659750472788683,0.5563119805410759
203,30,127,34.233333333333334,0.2708778592025265,0.2542102521840223
203,30,128,34.266666666666666,0.2816250184979446,-0.021479062391046945
203,30,129,34.3,0.11532686940034356,-0.26320479909981426
203,30,130,34.333333333333336,-0.07359687821395432,-0.4694630358645012
203,30,131,34.36666666666667,-0.29702466356614143,-0.6428646261481465
203,30,132,34.4,-0.5464718872125646,-0.788125296713297
203,30,133,34.43333333333333,-0.7829093917118913,-0.9100728104319908
203,30,134,34.46666666666667,-0.971833139326146,-1.0115625270027009
203,30,135,34.5,-1.0810016521691392,-1.091316771862495
203,30,136,34.53333333333333,-1.1754635259762665,-1.142191158622149
203,30,137,34.56666666666667,-1.2224116428983867,-1.1508210255545233
203,30,138,34.6,-1.238815201822979,-1.0995603113348067
203,30,139,34.63333333333333,-1.238815201822979,-0.9710087349006575
203,30,140,34.666666666666664,-1.2863289587080078,-0.7544236540908794
203,30,141,34.7,-1.3338427155930366,-0.4522253186934225
203,30,142,34.733333333333334,-1.2207147230096387,-0.08409277334669124
203,30,143,34.766666666666666,-0.5340278080283122,0.3135717210147999
203,30,144,34.8,0.5667075598080313,0.6935403293677604
203,30,145,34.833333333333336,1.6878059663096525,1.0076781044192775
203,30,146,34.86666666666667,2.2342141704874843,1.2178832020544568
203,30,147,34.9,2.105813898905312,1.3045476653089219
203,30,148,34.93333333333333,1.7500263622304826,1.2699097918599564
203,30,149,34.96666666666667,1.34785634859655,1.1354833867878893
203,30,150,35.0,0.9468176148883486,0.9347462886275937
203,30,151,35.03333333333333,0.662866353503993,0.7037507388326993
203,30,152,35.06666666666667,0.5191938029230888,0.4727795955653696
203,30,153,35.1,0.5191938029230888,0.2614033300907461
203,30,154,35.13333333333333,0.5191938029230888,0.07760264636950064
203,30,155,35.166666666666664,0.42982268878220536,-0.08006149509909469
203,30,156,35.2,0.22053590250288893,-0.21903236621547392
203,30,157,35.233333333333334,-0.0430523202164049,-0.34955775905867154
203,30,158,35.266666666666666,-0.298721583454911,-0.48213109180653635
203,30,159,35.3,-0.5634410861000873,-0.6251123617844384
203,30,160,35.333333333333336,-0.7523648337143419,-0.7819700773419951
203,30,161,35.36666666666667,-0.9412885813286398,-0.9481777115918574
203,30,162,35.4,-1.065729373170386,-1.1085902856369991
203,30,163,35.43333333333333,-1.1126774900924845,-1.2367136254574955
203,30,164,35.46666666666667,-1.1437876880529212,-1.297346665055201
203,30,165,35.5,-1.19130144493795,-1.2533850243474847
203,30,166,35.53333333333333,-1.2060080839737943,-1.076116569594454
203,30,167,35.56666666666667,-1.2863289587080078,-0.7564684944278294
203,30,168,35.6,-1.1845137653829583,-0.31317661817527803
203,30,169,35.63333333333333,-0.5730569654696013,0.20612964491260002
203,30,170,35.666666666666664,0.5033558839612974,0.7327994360127892
203,30,171,35.7,1.6714024073850386,1.1923062504659863
203,30,172,35.733333333333334,2.252314649300825,1.521686689177382
203,30,173,35.766666666666666,2.1974475728978735,1.6832609779314331
203,30,174,35.8,1.8088529183738598,1.670619699732993
203,30,175,35.833333333333336,1.4213895437756636,1.5062223400698558
203,30,176,35.86666666666667,1.014694410438396,1.2325671640195774
203,30,177,35.9,0.6922796315756816,0.9002395999922777
203,30,178,35.93333333333333,0.5112748434422579,0.5564691726601615
203,30,179,35.96666666666667,0.47168004603806,0.23702786194116585
203,30,180,36.0,0.4648923664830466,-0.03744715774399606
203,30,181,36.03333333333333,0.36420845308383626,-0.2613021683219297
203,30,182,36.06666666666667,0.12211454895533533,-0.4411666147191925
203,30,183,36.1,-0.11884807524734806,-0.5917531518465745
203,30,184,36.13333333333333,-0.45823205299749864,-0.7306961283177476
203,30,185,36.166666666666664,-0.8705835859640269,-0.8727158832001669
203,30,186,36.2,-1.1030616107228841,-1.0236589251352588
203,30,187,36.233333333333334,-1.291985358337182,-1.1756383656320868
203,30,188,36.266666666666666,-1.4311327892147727,-1.3051281629328522
203,30,189,36.3,-1.4763839862481232,-1.3757870683655158
203,30,190,36.333333333333336,-1.4763839862481232,-1.3466175505144378
203,30,191,36.36666666666667,-1.476949626211032,-1.1841073349072742
203,30,192,36.4,-1.523897743133152,-0.8750243555173615
203,30,193,36.43333333333333,-1.3830533923667918,-0.43537700836676024
203,30,194,36.46666666666667,-0.5849354046909665,0.08853001019798502
203,30,195,36.5,0.5921613581394233,0.6285444090790916
203,30,196,36.53333333333333,1.7771770804506442,1.110336990736854
203,30,197,36.56666666666667,2.2687182082253954,1.470933860064968
203,30,198,36.6,2.0973292994615287,1.672351386206161
203,30,199,36.63333333333333,1.7228756440105155,1.7075521062613321
203,30,200,36.666666666666664,1.254525754715197,1.597871122734853
203,30,201,36.7,0.8246393828982373,1.3837914973418306
203,30,202,36.733333333333334,0.48864924492558265,1.1126984559183999
203,30,203,36.766666666666666,0.3828745718600853,0.8275528846607496
203,30,204,36.8,0.41737860959803935,0.5593378114940054
203,30,205,36.833333333333336,0.4241662891530311,0.3242884386437355
203,30,206,36.86666666666667,0.3449766943446353,0.12517196865229774
203,30,207,36.9,0.10853918984535178,-0.04509686114425851
203,30,208,36.93333333333333,-0.11884807524730485,-0.19920691447101163
203,30,209,36.96666666666667,-0.40223369666875164,-0.35157206487262294
203,30,210,37.0,-0.6482870805376141,-0.5150055322310867
203,30,211,37.03333333333333,-0.8847245850369408,-0.69767935903465
203,30,212,37.06666666666667,-1.0736483326511954,-0.9002231068965795
203,30,213,37.1,-1.1794230057166928,-1.113320645676446
203,30,214,37.13333333333333,-1.238815201822979,-1.3166642500300416
203,30,215,37.166666666666664,-1.238815201822979,-1.4802953069378098
203,30,216,37.2,-1.2863289587080078,-1.569022026664326
203,30,217,37.233333333333334,-1.172069686198749,-1.549770821495926
203,30,218,37.266666666666666,-0.6912757177193295,-1.400591196899274
203,30,219,37.3,0.3359264549380516,-1.118906866401805
203,30,220,37.333333333333336,1.4694689406235797,-0.7260139076747091
203,30,221,37.36666666666667,2.11656105820073,-0.26547853003068833
203,30,222,37.4,2.121086177904043,0.204856309270426
203,30,223,37.43333333333333,1.7471981624159387,0.6250535046816418
203,30,224,37.46666666666667,1.274888793380194,0.9456524402609737
203,30,225,37.5,0.8314270624532291,1.1368955429801708
203,30,226,37.53333333333333,0.5293753222555981,1.192477168480257
203,30,227,37.56666666666667,0.39644993097009046,1.1276906176832173
203,30,228,37.6,0.4241662891530311,0.9732317070502888
203,30,229,37.63333333333333,0.47168004603806,0.7666803885066029
203,30,230,37.666666666666664,0.3721274125646456,0.5441080322788303
203,30,231,37.7,0.15774986661912857,0.3340590986960426
203,30,232,37.733333333333334,-0.07812199791728937,0.15508940622866385
203,30,233,37.766666666666666,-0.36150761933867137,0.016580884721998663
203,30,234,37.8,-0.6211363623176037,-0.07856835010313015
203,30,235,37.833333333333336,-0.8100601099319016,-0.13109924136680637
203,30,236,37.86666666666667,-0.9288445021444521,-0.14360726584687433
203,30,237,37.9,-1.023306375951601,-0.12013175242437571
203,30,238,37.93333333333333,-1.0702544928737212,-0.06665850600239606
203,30,239,37.96666666666667,-1.0962739311678924,0.008319068763806269
203,31,0,31.0,-0.614348682762612,0.01362882903965169
203,31,1,31.033333333333335,-0.6686501192026326,-0.17264516588180917
203,31,2,31.066666666666666,-0.7161638760876615,-0.3117158791110715
203,31,3,31.1,-0.7636776329726903,-0.36618595306883145
203,31,4,31.133333333333333,-0.7636776329726903,-0.3141744029377096
203,31,5,31.166666666666668,-0.8111913898577192,-0.15307078972085192
203,31,6,31.2,-0.858705146742748,0.10063481945808868
203,31,7,31.233333333333334,-0.7382238346414279,0.4149849435207128
203,31,8,31.266666666666666,-0.11432295554390498,0.7484569009290264
203,31,9,31.3,0.8059732641220639,1.0567827757056425
203,31,10,31.333333333333332,1.6821495666804784,1.299484346525387
203,31,11,31.366666666666667,2.020402264504833,1.4452638330421748
203,31,12,31.4,1.9174557912539443,1.4758213402430251
203,31,13,31.433333333333334,1.6442516891650067,1.3878950209545333
203,31,14,31.466666666666665,1.3133523108585634,1.1932371370483708
203,31,15,31.5,0.9824529325521202,0.9162217484899041
203,31,16,31.533333333333335,0.6990673111307059,0.5891964086203861
203,31,17,31.566666666666666,0.5797172789552033,0.24641766138941076
203,31,18,31.6,0.5191938029230888,-0.08197288159366495
203,31,19,31.633333333333333,0.5191938029230888,-0.3743662649827053
203,31,20,31.666666666666668,0.3913591713038466,-0.619483846724165
203,31,21,31.7,0.1696283058403642,-0.8155082798945563
203,31,22,31.733333333333334,-0.06680919865894094,-0.9673928051828141
203,31,23,31.766666666666666,-0.2868431442336538,-1.0835057995898272
203,31,24,31.8,-0.49217045077252236,-1.1723805365406106
203,31,25,31.833333333333332,-0.6810941983868202,-1.2397765436585098
203,31,26,31.866666666666667,-0.793090911044379,-1.2861199749555825
203,31,27,31.9,-0.8875527848515171,-1.3047739470750288
203,31,28,31.933333333333334,-0.9345009017736264,-1.2820873807331046
203,31,29,31.966666666666665,-0.9537326605128058,-1.2000805722106345
203,31,30,32.0,-1.0012464173978346,-1.0416454080638686
203,31,31,32.03333333333333,-1.0487601742828634,-0.7969120260220066
203,31,32,32.06666666666667,-1.1222933694620743,-0.4687875454230588
203,31,33,32.1,-1.0453663345053676,-0.07577635254424776
203,31,34,32.13333333333333,-0.5170586091408327,0.3491236932871634
203,31,35,32.166666666666664,0.4309539687080661,0.7634883609547595
203,31,36,32.2,1.469468940623666,1.1231712318288942
203,31,37,32.233333333333334,2.014180224912739,1.3904306546348904
203,31,38,32.266666666666666,2.041896583095669,1.5403397239857608
203,31,39,32.3,1.8309128769276264,1.5641308611654914
203,31,40,32.333333333333336,1.500013498621183,1.469100531147586
203,31,41,32.36666666666667,1.1956991985718413,1.2755442898390386
203,31,42,32.4,0.885728498893293,1.011775967971646
203,31,43,32.43333333333333,0.6696540330590064,0.7085288493799762
203,31,44,32.46666666666667,0.5667075598081177,0.39394997684725036
203,31,45,32.5,0.5480414410318579,0.09010528454038877
203,31,46,32.53333333333333,0.43547908841135796,-0.18848352875473579
203,31,47,32.56666666666667,0.22902050194665027,-0.43426385515153654
203,31,48,32.6,-0.03739592058725229,-0.6446073688233844
203,31,49,32.63333333333333,-0.29023698401114967,-0.8192055345666427
203,31,50,32.666666666666664,-0.5102709295858842,-0.9577110594435574
203,31,51,32.7,-0.6991946772001604,-1.0580543721674207
203,31,52,32.733333333333334,-0.8734117857785924,-1.1155393718496214
203,31,53,32.766666666666666,-1.0153874164707593,-1.1227411516719852
203,31,54,32.8,-1.0962739311678924,-1.070359773087251
203,31,55,32.833333333333336,-1.1437876880529212,-0.9492799456673925
203,31,56,32.86666666666667,-1.19130144493795,-0.75387684803578
203,31,57,32.9,-1.238815201822979,-0.4860145416300292
203,31,58,32.93333333333333,-1.2976417579663455,-0.15844036615759916
203,31,59,32.96666666666667,-1.3813564724780656,0.20406973233099351
203,31,60,33.0,-1.1777260858279233,0.5669719619907193
203,31,61,33.03333333333333,-0.4203341754820595,0.8915185174807801
203,31,62,33.06666666666667,0.6753104326881589,1.1420670866108182
203,31,63,33.1,1.6629178079413205,1.292840216759725
203,31,64,33.13333333333333,1.9921202663589834,1.3322913476693135
203,31,65,33.166666666666664,1.8750327940351592,1.2642986158854161
203,31,66,33.2,1.544133415728716,1.1062885907215267
203,31,67,33.233333333333334,1.2070119978301466,0.8849597866397257
203,31,68,33.266666666666666,0.8823346591157971,0.6306868933921799
203,31,69,33.3,0.6040397973606373,0.3718872216550117
203,31,70,33.333333333333336,0.46715492633472494,0.13050707962994562
203,31,71,33.36666666666667,0.4241662891530311,-0.08062580208966764
203,31,72,33.4,0.3732586924904956,-0.2583778754687696
203,31,73,33.43333333333333,0.27314041905418324,-0.4080506454033443
203,31,74,33.46666666666667,0.03274343481446264,-0.5407114020072628
203,31,75,33.5,-0.3411445806736744,-0.6694841224167948
203,31,76,33.53333333333333,-0.5758851652842533,-0.8050751761220203
203,31,77,33.56666666666667,-0.8123226697835584,-0.9509995657540233
203,31,78,33.6,-0.9537326605128058,-1.0995477656223522
203,31,79,33.63333333333333,-1.0957082912049727,-1.2300917979879402
203,31,80,33.666666666666664,-1.1437876880529212,-1.3112876273683716
203,31,81,33.7,-1.189604525049202,-1.3077352134293767
203,31,82,33.733333333333334,-1.19130144493795,-1.1898864852694822
203,31,83,33.766666666666666,-1.19130144493795,-0.9442819016565318
203,31,84,33.8,-1.238815201822979,-0.5805112183762543
203,31,85,33.833333333333336,-1.3298832358526211,-0.13211069701495237
203,31,86,33.86666666666667,-1.2048768040479552,0.34928487979793854
203,31,87,33.9,-0.5719256855438377,0.8047334565439556
203,31,88,33.93333333333333,0.40945965011726243,1.1801956121037636
203,31,89,33.96666666666667,1.4134705842949191,1.436489583240065
203,31,90,34.0,1.7952775592638655,1.5547262590359094
203,31,91,34.03333333333333,1.6414234893504414,1.5368347981823525
203,31,92,34.06666666666667,1.2635759941218454,1.402046182635243
203,31,93,34.1,0.8382147420082641,1.1807708184699577
203,31,94,34.13333333333333,0.4513170073730415,0.907543044590579
203,31,95,34.166666666666664,0.20582926346706623,0.6146462156474308
203,31,96,34.2,0.18659750472788683,0.3276105258163751
203,31,97,34.233333333333334,0.2708778592025265,0.06313386458131139
203,31,98,34.266666666666666,0.2816250184979446,-0.17067096059535575
203,31,99,34.3,0.11532686940034356,-0.37230665766235477
203,31,100,34.333333333333336,-0.07359687821395432,-0.5440838290019736
203,31,101,34.36666666666667,-0.29702466356614143,-0.6893524815114221
203,31,102,34.4,-0.5464718872125646,-0.8103628724174321
203,31,103,34.43333333333333,-0.7829093917118913,-0.9068927382343345
203,31,104,34.46666666666667,-0.971833139326146,-0.9754104472751862
203,31,105,34.5,-1.0810016521691392,-1.0086310337917312
203,31,106,34.53333333333333,-1.1754635259762665,-0.9958749342391932
203,31,107,34.56666666666667,-1.2224116428983867,-0.9249760577810774
203,31,108,34.6,-1.238815201822979,-0.7860097161019618
203,31,109,34.63333333333333,-1.238815201822979,-0.576065485609881
203,31,110,34.666666666666664,-1.2863289587080078,-0.30337762478235186
203,31,111,34.7,-1.3338427155930366,0.011058477888622747
203,31,112,34.733333333333334,-1.2207147230096387,0.3355104301841795
203,31,113,34.766666666666666,-0.5340278080283122,0.6329817782379088
203,31,114,34.8,0.5667075598080313,0.8686679625581202
203,31,115,34.833333333333336,1.6878059663096525,1.01721057332163
203,31,116,34.86666666666667,2.2342141704874843,1.0676482243656202
203,31,117,34.9,2.105813898905312,1.0247480207706512
203,31,118,34.93333333333333,1.7500263622304826,0.9065626807148547
203,31,119,34.96666666666667,1.34785634859655,0.7391955633489834
203,31,120,35.0,0.9468176148883486,0.5504995604446535
203,31,121,35.03333333333333,0.662866353503993,0.36453365224157924
203,31,122,35.06666666666667,0.5191938029230888,0.1980380667563624
203,31,123,35.1,0.5191938029230888,0.05925782766178778
203,31,124,35.13333333333333,0.5191938029230888,-0.051413955135040545
203,31,125,35.166666666666664,0.42982268878220536,-0.1398901121199537
203,31,126,35.2,0.22053590250288893,-0.21663771749235858
203,31,127,35.233333333333334,-0.0430523202164049,-0.29483717330724124
203,31,128,35.266666666666666,-0.298721583454911,-0.3880645199383029
203,31,129,35.3,-0.5634410861000873,-0.5070496107973352
203,31,130,35.333333333333336,-0.7523648337143419,-0.6555579923937086
203,31,131,35.36666666666667,-0.9412885813286398,-0.8262499556885617
203,31,132,35.4,-1.065729373170386,-0.9980592515362835
203,31,133,35.43333333333333,-1.1126774900924845,-1.1368361534195404
203,31,134,35.46666666666667,-1.1437876880529212,-1.2004736843628265
203,31,135,35.5,-1.19130144493795,-1.1484311418504707
203,31,136,35.53333333333333,-1.2060080839737943,-0.9537731164168558
203,31,137,35.56666666666667,-1.2863289587080078,-0.6142339131985817
203,31,138,35.6,-1.1845137653829583,-0.15821303528728783
203,31,139,35.63333333333333,-0.5730569654696013,0.3573960202186389
203,31,140,35.666666666666664,0.5033558839612974,0.8580738157751896
203,31,141,35.7,1.6714024073850386,1.2685479107370905
203,31,142,35.733333333333334,2.252314649300825,1.5304907285901304
203,31,143,35.766666666666666,2.1974475728978735,1.6153734376809687
203,31,144,35.8,1.8088529183738598,1.528685796597431
203,31,145,35.833333333333336,1.4213895437756636,1.3049214208199713
203,31,146,35.86666666666667,1.014694410438396,0.9957063321436621
203,31,147,35.9,0.6922796315756816,0.6552826682547891
203,31,148,35.93333333333333,0.5112748434422579,0.32786837554746695
203,31,149,35.96666666666667,0.47168004603806,0.040169851677338046
203,31,150,36.0,0.4648923664830466,-0.19994219939610514
203,31,151,36.03333333333333,0.36420845308383626,-0.3996931509832311
203,31,152,36.06666666666667,0.12211454895533533,-0.5746974169694966
203,31,153,36.1,-0.11884807524734806,-0.7412972206158474
203,31,154,36.13333333333333,-0.45823205299749864,-0.9094198464619238
203,31,155,36.166666666666664,-0.8705835859640269,-1.0770497716425398
203,31,156,36.2,-1.1030616107228841,-1.227437891869198
203,31,157,36.233333333333334,-1.291985358337182,-1.3302639432382708
203,31,158,36.266666666666666,-1.4311327892147727,-1.3475622431705097
203,31,159,36.3,-1.4763839862481232,-1.243974459168764
203,31,160,36.333333333333336,-1.4763839862481232,-0.9990121513250464
203,31,161,36.36666666666667,-1.476949626211032,-0.6173676076974377
203,31,162,36.4,-1.523897743133152,-0.13300410406681862
203,31,163,36.43333333333333,-1.3830533923667918,0.3954799246847278
203,31,164,36.46666666666667,-0.5849354046909665,0.8972778721489858
203,31,165,36.5,0.5921613581394233,1.3054595849248714
203,31,166,36.53333333333333,1.7771770804506442,1.5714590092680145
203,31,167,36.56666666666667,2.2687182082253954,1.673824286145143
203,31,168,36.6,2.0973292994615287,1.6194799938607614
203,31,169,36.63333333333333,1.7228756440105155,1.4382386641371503
203,31,170,36.666666666666664,1.254525754715197,1.17301379592949
203,31,171,36.7,0.8246393828982373,0.8689150546245618
203,31,172,36.733333333333334,0.48864924492558265,0.5642425058451639
203,31,173,36.766666666666666,0.3828745718600853,0.28534666312243107
203,31,174,36.8,0.41737860959803935,0.04563946053457966
203,31,175,36.833333333333336,0.4241662891530311,-0.15245654255210073
203,31,176,36.86666666666667,0.3449766943446353,-0.3143977372104599
203,31,177,36.9,0.10853918984535178,-0.4505793240733401
203,31,178,36.93333333333333,-0.11884807524730485,-0.5739143850655026
203,31,179,36.96666666666667,-0.40223369666875164,-0.6974796804801874
203,31,180,37.0,-0.6482870805376141,-0.8316589564098463
203,31,181,37.03333333333333,-0.8847245850369408,-0.9807089110354796
203,31,182,37.06666666666667,-1.0736483326511954,-1.1393806053944233
203,31,183,37.1,-1.1794230057166928,-1.29078875891891
203,31,184,37.13333333333333,-1.238815201822979,-1.406876997571614
203,31,185,37.166666666666664,-1.238815201822979,-1.4524599585421625
203,31,186,37.2,-1.2863289587080078,-1.3929170954979762
203,31,187,37.233333333333334,-1.172069686198749,-1.204225333674131
203,31,188,37.266666666666666,-0.6912757177193295,-0.8825131174211976
203,31,189,37.3,0.3359264549380516,-0.4494884731138721
203,31,190,37.333333333333336,1.4694689406235797,0.049235845517689614
203,31,191,37.36666666666667,2.11656105820073,0.5533616950271554
203,31,192,37.4,2.121086177904043,1.00159399885659
203,31,193,37.43333333333333,1.7471981624159387,1.3446870556196044
203,31,194,37.46666666666667,1.274888793380194,1.5537821050842786
203,31,195,37.5,0.8314270624532291,1.6226783215131038
203,31,196,37.53333333333333,0.5293753222555981,1.564840579720882
203,31,197,37.56666666666667,0.39644993097009046,1.4070040499500849
203,31,198,37.6,0.4241662891530311,1.1815614821881812
203,31,199,37.63333333333333,0.47168004603806,0.9197165451709237
203,31,200,37.666666666666664,0.3721274125646456,0.6467636316662513
203,31,201,37.7,0.15774986661912857,0.38001586428306094
203,31,202,37.733333333333334,-0.07812199791728937,0.12910053973759136
203,31,203,37.766666666666666,-0.36150761933867137,-0.10217065073323266
203,31,204,37.8,-0.6211363623176037,-0.31324811519504653
203,31,205,37.833333333333336,-0.8100601099319016,-0.5042888735519803
203,31,206,37.86666666666667,-0.9288445021444521,-0.6739784471553573
203,31,207,37.9,-1.023306375951601,-0.8179088519725686
203,31,208,37.93333333333333,-1.0702544928737212,-0.9276930678987415
203,31,209,37.96666666666667,-1.0962739311678924,-0.9911820574736921
203,31,210,38.0,-1.0080340969528263,-0.9943077885524076
203,31,211,38.03333333333333,-0.5577846864709562,-0.9248085422996081
203,31,212,38.06666666666667,0.32235109582798166,-0.7772455444937583
203,31,213,38.1,1.371047587076199,-0.5577205788105859
203,31,214,38.13333333333333,2.046421702799004,-0.28620531687071366
203,31,215,38.166666666666664,2.0520781024281782,0.005193902668058081
203,31,216,38.2,1.7172192443812548,0.2783598637223969
203,31,217,38.233333333333334,1.244909875345618,0.4981094337566188
203,31,218,38.266666666666666,0.8359521821565857,0.6408038275745418
203,31,219,38.3,0.48864924492558265,0.6993034666044862
203,31,220,38.333333333333336,0.37665253226800227,0.6826004732734131
203,31,221,38.36666666666667,0.3907935313409378,0.6108213583455903
203,31,222,38.4,0.4241662891530311,0.507921936776604
203,31,223,38.43333333333333,0.35063309397380954,0.39481201676824873
203,31,224,38.46666666666667,0.10175151029036,0.2850406653627644
203,31,225,38.5,-0.13412035424605795,0.18391293637325212
203,31,226,38.53333333333333,-0.41750597566750475,0.09051369545085776
203,31,227,38.56666666666667,-0.6426306809084399,0.0012208969329148799
203,31,228,38.6,-0.8315544285227378,-0.08678779614897711
203,31,229,38.63333333333333,-0.9633485398824062,-0.1731317820998273
203,31,230,38.666666666666664,-1.0578104136895337,-0.2535683820553945
203,31,231,38.7,-1.0962739311678924,-0.32115715430537584
203,31,232,38.733333333333334,-1.0170843363595397,-0.36860312002528256
203,31,233,38.766666666666666,-0.45992897288624657,-0.3906620393200165
203,31,234,38.8,0.5191938029232833,-0.38563736760115325
203,31,235,38.833333333333336,1.7319258834171423,-0.35556194918318806
203,31,236,38.86666666666667,1.9332937102156063,-0.3052274296764145
203,31,237,38.9,1.681583926717483,-0.24060534309400824
203,31,238,38.93333333333333,1.2567883145668752,-0.16735170138251027
203,31,239,38.96666666666667,0.7884384252715569,-0.08998496520661182
203,32,0,32.0,-1.0012464173978346,0.02816066670644843
203,32,1,32.03333333333333,-1.0487601742828634,-0.2697972457992957
203,32,2,32.06666666666667,-1.1222933694620743,-0.4987077246619265
203,32,3,32.1,-1.0453663345053676,-0.6037662699003752
203,32,4,32.13333333333333,-0.5170586091408327,-0.5558147015704091
203,32,5,32.166666666666664,0.4309539687080661,-0.3570581413744281
203,32,6,32.2,1.469468940623666,-0.03952057205847975
203,32,7,32.233333333333334,2.014180224912739,0.3430814318417591
203,32,8,32.266666666666666,2.041896583095669,0.7275765030698317
203,32,9,32.3,1.8309128769276264,1.054413198560007
203,32,10,32.333333333333336,1.500013498621183,1.2784324955100972
203,32,11,32.36666666666667,1.1956991985718413,1.375157416063979
203,32,12,32.4,0.885728498893293,1.3419098404156387
203,32,13,32.43333333333333,0.6696540330590064,1.1945088932502343
203,32,14,32.46666666666667,0.5667075598081177,0.9611914650464856
203,32,15,32.5,0.5480414410318579,0.675597270264227
203,32,16,32.53333333333333,0.43547908841135796,0.37035144572670503
203,32,17,32.56666666666667,0.22902050194665027,0.0722624870330454
203,32,18,32.6,-0.03739592058725229,-0.20033714908369163
203,32,19,32.63333333333333,-0.29023698401114967,-0.43802823178888767
203,32,20,32.666666666666664,-0.5102709295858842,-0.6388741263497894
203,32,21,32.7,-0.6991946772001604,-0.805782207180482
203,32,22,32.733333333333334,-0.8734117857785924,-0.9433784898314814
203,32,23,32.766666666666666,-1.0153874164707593,-1.0549743905004227
203,32,24,32.8,-1.0962739311678924,-1.1400146815831156
203,32,25,32.833333333333336,-1.1437876880529212,-1.192352631532447
203,32,26,32.86666666666667,-1.19130144493795,-1.1998502835082843
203,32,27,32.9,-1.238815201822979,-1.145931724224044
203,32,28,32.93333333333333,-1.2976417579663455,-1.0135103684410438
203,32,29,32.96666666666667,-1.3813564724780656,-0.7909798951297409
203,32,30,33.0,-1.1777260858279233,-0.47884857737901737
203,32,31,33.03333333333333,-0.4203341754820595,-0.09467349355461836
203,32,32,33.06666666666667,0.6753104326881589,0.3261348554934315
203,32,33,33.1,1.6629178079413205,0.7349853836838915
203,32,34,33.13333333333333,1.9921202663589834,1.0796037230832194
203,32,35,33.166666666666664,1.8750327940351592,1.3156910878648842
203,32,36,33.2,1.544133415728716,1.4170609792048692
203,32,37,33.233333333333334,1.2070119978301466,1.3810006324939295
203,32,38,33.266666666666666,0.8823346591157971,1.227303740656517
203,32,39,33.3,0.6040397973606373,0.9916269495905982
203,32,40,33.333333333333336,0.46715492633472494,0.7156173364394279
203,32,41,33.36666666666667,0.4241662891530311,0.4370163256836688
203,32,42,33.4,0.3732586924904956,0.18249640194619435
203,32,43,33.43333333333333,0.27314041905418324,-0.03534589711799526
203,32,44,33.46666666666667,0.03274343481446264,-0.21699390340254246
203,32,45,33.5,-0.3411445806736744,-0.372269105096867
203,32,46,33.53333333333333,-0.5758851652842533,-0.5153442425576137
203,32,47,33.56666666666667,-0.8123226697835584,-0.6596102652094065
203,32,48,33.6,-0.9537326605128058,-0.8129742326828465
203,32,49,33.63333333333333,-1.0957082912049727,-0.973965752715309
203,32,50,33.666666666666664,-1.1437876880529212,-1.1292642909659094
203,32,51,33.7,-1.189604525049202,-1.253605200293057
203,32,52,33.733333333333334,-1.19130144493795,-1.3130210641550921
203,32,53,33.766666666666666,-1.19130144493795,-1.2717999356628682
203,32,54,33.8,-1.238815201822979,-1.1023868004297848
203,32,55,33.833333333333336,-1.3298832358526211,-0.7958690616553729
203,32,56,33.86666666666667,-1.2048768040479552,-0.3693238827388548
203,32,57,33.9,-0.5719256855438377,0.1335608377823135
203,32,58,33.93333333333333,0.40945965011726243,0.6499197898766552
203,32,59,33.96666666666667,1.4134705842949191,1.1112519354590396
203,32,60,34.0,1.7952775592638655,1.4586437172172575
203,32,61,34.03333333333333,1.6414234893504414,1.654753093739838
203,32,62,34.06666666666667,1.2635759941218454,1.689252555962239
203,32,63,34.1,0.8382147420082641,1.5771013411964743
203,32,64,34.13333333333333,0.4513170073730415,1.3513632520855918
203,32,65,34.166666666666664,0.20582926346706623,1.053517229331112
203,32,66,34.2,0.18659750472788683,0.7241948093468166
203,32,67,34.233333333333334,0.2708778592025265,0.3963983697053367
203,32,68,34.266666666666666,0.2816250184979446,0.09207253330575943
203,32,69,34.3,0.11532686940034356,-0.1781379677563915
203,32,70,34.333333333333336,-0.07359687821395432,-0.4127657136728094
203,32,71,34.36666666666667,-0.29702466356614143,-0.6160682978430246
203,32,72,34.4,-0.5464718872125646,-0.7941521673440701
203,32,73,34.43333333333333,-0.7829093917118913,-0.9513021317142203
203,32,74,34.46666666666667,-0.971833139326146,-1.0869334133412494
203,32,75,34.5,-1.0810016521691392,-1.19359228525011
203,32,76,34.53333333333333,-1.1754635259762665,-1.2566115440610124
203,32,77,34.56666666666667,-1.2224116428983867,-1.256053304459634
203,32,78,34.6,-1.238815201822979,-1.1711557363957543
203,32,79,34.63333333333333,-1.238815201822979,-0.9867016243137292
203,32,80,34.666666666666664,-1.2863289587080078,-0.6998323490924933
203,32,81,34.7,-1.3338427155930366,-0.32515591810943806
203,32,82,34.733333333333334,-1.2207147230096387,0.10408656204669961
203,32,83,34.766666666666666,-0.5340278080283122,0.5401286617345962
203,32,84,34.8,0.5667075598080313,0.9295549246304441
203,32,85,34.833333333333336,1.6878059663096525,1.224513602538621
203,32,86,34.86666666666667,2.2342141704874843,1.3928268068060945
203,32,87,34.9,2.105813898905312,1.4239233501906687
203,32,88,34.93333333333333,1.7500263622304826,1.3290680793277607
203,32,89,34.96666666666667,1.34785634859655,1.1363647445825118
203,32,90,35.0,0.9468176148883486,0.8826143534048024
203,32,91,35.03333333333333,0.662866353503993,0.6047702518753585
203,32,92,35.06666666666667,0.5191938029230888,0.3333269832136774
203,32,93,35.1,0.5191938029230888,0.0888271843159356
203,32,94,35.13333333333333,0.5191938029230888,-0.11865771292077339
203,32,95,35.166666666666664,0.42982268878220536,-0.2881125461142041
203,32,96,35.2,0.22053590250288893,-0.42538484315841657
203,32,97,35.233333333333334,-0.0430523202164049,-0.5408246598057571
203,32,98,35.266666666666666,-0.298721583454911,-0.6466478771592241
203,32,99,35.3,-0.5634410861000873,-0.7536317169577371
203,32,100,35.333333333333336,-0.7523648337143419,-0.867189505367958
203,32,101,35.36666666666667,-0.9412885813286398,-0.9836250428077692
203,32,102,35.4,-1.065729373170386,-1.0878522833876454
203,32,103,35.43333333333333,-1.1126774900924845,-1.153890427028565
203,32,104,35.46666666666667,-1.1437876880529212,-1.1490215052869663
203,32,105,35.5,-1.19130144493795,-1.0416079592374026
203,32,106,35.53333333333333,-1.2060080839737943,-0.8112624052565928
203,32,107,35.56666666666667,-1.2863289587080078,-0.4585782774540306
203,32,108,35.6,-1.1845137653829583,-0.010640215487947352
203,32,109,35.63333333333333,-0.5730569654696013,0.48082904307189284
203,32,110,35.666666666666664,0.5033558839612974,0.9491923889644306
203,32,111,35.7,1.6714024073850386,1.3277655332591451
203,32,112,35.733333333333334,2.252314649300825,1.5651002951302435
203,32,113,35.766666666666666,2.1974475728978735,1.6359502298103306
203,32,114,35.8,1.8088529183738598,1.5449140160141073
203,32,115,35.833333333333336,1.4213895437756636,1.3223048949788037
203,32,116,35.86666666666667,1.014694410438396,1.0141454428743857
203,32,117,35.9,0.6922796315756816,0.6696962279772304
203,32,118,35.93333333333333,0.5112748434422579,0.33028576759896566
203,32,119,35.96666666666667,0.47168004603806,0.02230572808134336
203,32,120,36.0,0.4648923664830466,-0.2445672973818171
203,32,121,36.03333333333333,0.36420845308383626,-0.47454962411266993
203,32,122,36.06666666666667,0.12211454895533533,-0.6797570869711566
203,32,123,36.1,-0.11884807524734806,-0.8726345324975261
203,32,124,36.13333333333333,-0.45823205299749864,-1.0584942888261022
203,32,125,36.166666666666664,-0.8705835859640269,-1.2299584543006563
203,32,126,36.2,-1.1030616107228841,-1.3650132204490684
203,32,127,36.233333333333334,-1.291985358337182,-1.4299284979105293
203,32,128,36.266666666666666,-1.4311327892147727,-1.3873095792471049
203,32,129,36.3,-1.4763839862481232,-1.2078878058431806
203,32,130,36.333333333333336,-1.4763839862481232,-0.8826866959099539
203,32,131,36.36666666666667,-1.476949626211032,-0.4310701302276996
203,32,132,36.4,-1.523897743133152,0.09905466649823869
203,32,133,36.43333333333333,-1.3830533923667918,0.6399232346351921
203,32,134,36.46666666666667,-0.5849354046909665,1.1189942225575547
203,32,135,36.5,0.5921613581394233,1.4753700523931688
203,32,136,36.53333333333333,1.7771770804506442,1.672283079437706
203,32,137,36.56666666666667,2.2687182082253954,1.7022603666682967
203,32,138,36.6,2.0973292994615287,1.5844071038835603
203,32,139,36.63333333333333,1.7228756440105155,1.355805581020037
203,32,140,36.666666666666664,1.254525754715197,1.060460439184878
203,32,141,36.7,0.8246393828982373,0.7392646667260908
203,32,142,36.733333333333334,0.48864924492558265,0.4233773892113179
203,32,143,36.766666666666666,0.3828745718600853,0.1318095227931051
203,32,144,36.8,0.41737860959803935,-0.1274375546603165
203,32,145,36.833333333333336,0.4241662891530311,-0.3542144378494648
203,32,146,36.86666666666667,0.3449766943446353,-0.5527145529016861
203,32,147,36.9,0.10853918984535178,-0.7286978085690997
203,32,148,36.93333333333333,-0.11884807524730485,-0.8875592446337499
203,32,149,36.96666666666667,-0.40223369666875164,-1.0326340421471099
203,32,150,37.0,-0.6482870805376141,-1.1631530576973315
203,32,151,37.03333333333333,-0.8847245850369408,-1.2719660749125632
203,32,152,37.06666666666667,-1.0736483326511954,-1.3440465007107387
203,32,153,37.1,-1.1794230057166928,-1.357256419974517
203,32,154,37.13333333333333,-1.238815201822979,-1.286442125205279
203,32,155,37.166666666666664,-1.238815201822979,-1.1106600547646224
203,32,156,37.2,-1.2863289587080078,-0.8216826288771162
203,32,157,37.233333333333334,-1.172069686198749,-0.4307099625241268
203,32,158,37.266666666666666,-0.6912757177193295,0.029784843379925992
203,32,159,37.3,0.3359264549380516,0.5105170896530075
203,32,160,37.333333333333336,1.4694689406235797,0.9548957192655487
203,32,161,37.36666666666667,2.11656105820073,1.3103017014008522
203,32,162,37.4,2.121086177904043,1.5378475202764916
203,32,163,37.43333333333333,1.7471981624159387,1.6185988754181773
203,32,164,37.46666666666667,1.274888793380194,1.5554836573564106
203,32,165,37.5,0.8314270624532291,1.3709088702457282
203,32,166,37.53333333333333,0.5293753222555981,1.1006974524343245
203,32,167,37.56666666666667,0.39644993097009046,0.7856992178307028
203,32,168,37.6,0.4241662891530311,0.4632707967605468
203,32,169,37.63333333333333,0.47168004603806,0.16098258666711057
203,32,170,37.666666666666664,0.3721274125646456,-0.10608626682845489
203,32,171,37.7,0.15774986661912857,-0.3345075988985355
203,32,172,37.733333333333334,-0.07812199791728937,-0.5290136606237948
203,32,173,37.766666666666666,-0.36150761933867137,-0.6974788011739806
203,32,174,37.8,-0.6211363623176037,-0.8454914144492286
203,32,175,37.833333333333336,-0.8100601099319016,-0.9716581722756888
203,32,176,37.86666666666667,-0.9288445021444521,-1.0648620209065833
203,32,177,37.9,-1.023306375951601,-1.1046490415361283
203,32,178,37.93333333333333,-1.0702544928737212,-1.0654805242236085
203,32,179,37.96666666666667,-1.0962739311678924,-0.9245910967962992
203,32,180,38.0,-1.0080340969528263,-0.6717435714820825
203,32,181,38.03333333333333,-0.5577846864709562,-0.317718061207051
203,32,182,38.06666666666667,0.32235109582798166,0.10225763955678285
203,32,183,38.1,1.371047587076199,0.5327213559524859
203,32,184,38.13333333333333,2.046421702799004,0.9093582530780935
203,32,185,38.166666666666664,2.0520781024281782,1.1740214534200992
203,32,186,38.2,1.7172192443812548,1.2886565310057487
203,32,187,38.233333333333334,1.244909875345618,1.2439827533923218
203,32,188,38.266666666666666,0.8359521821565857,1.0603581029180045
203,32,189,38.3,0.48864924492558265,0.7805926891285955
203,32,190,38.333333333333336,0.37665253226800227,0.4572172615266385
203,32,191,38.36666666666667,0.3907935313409378,0.13862509166671705
203,32,192,38.4,0.4241662891530311,-0.14146738334797934
203,32,193,38.43333333333333,0.35063309397380954,-0.36846652738100955
203,32,194,38.46666666666667,0.10175151029036,-0.5448885548307237
203,32,195,38.5,-0.13412035424605795,-0.6836168052869106
203,32,196,38.53333333333333,-0.41750597566750475,-0.7992222553814525
203,32,197,38.56666666666667,-0.6426306809084399,-0.9000740978080728
203,32,198,38.6,-0.8315544285227378,-0.9831842177837896
203,32,199,38.63333333333333,-0.9633485398824062,-1.0329087883785375
203,32,200,38.666666666666664,-1.0578104136895337,-1.0240871553298547
203,32,201,38.7,-1.0962739311678924,-0.9294608241438181
203,32,202,38.733333333333334,-1.0170843363595397,-0.7298568594340767
203,32,203,38.766666666666666,-0.45992897288624657,-0.42408949834039344
203,32,204,38.8,0.5191938029232833,-0.034785177485167774
203,32,205,38.833333333333336,1.7319258834171423,0.39280126685277744
203,32,206,38.86666666666667,1.9332937102156063,0.7994116041341979
203,32,207,38.9,1.681583926717483,1.1253598396359477
203,32,208,38.93333333333333,1.2567883145668752,1.32469744696641
203,32,209,38.96666666666667,0.7884384252715569,1.3754537104564415
203,32,210,39.0,0.41737860959803935,1.2829073443923373
203,32,211,39.03333333333333,0.2816250184979446,1.0753464753160893
203,32,212,39.06666666666667,0.2838875783496229,0.7943734565722991
203,32,213,39.1,0.37665253226800227,0.4834594597234039
203,32,214,39.13333333333333,0.3268762155312951,0.1785222712199888
203,32,215,39.166666666666664,0.13738682795413165,-0.09699697201895412
203,32,216,39.2,-0.0984850365822863,-0.33201984339585144
203,32,217,39.233333333333334,-0.3818706580037331,-0.523921813417816
203,32,218,39.266666666666666,-0.6188738024659254,-0.673108686164527
203,32,219,39.3,-0.8077975500802232,-0.7784596475855706
203,32,220,39.333333333333336,-0.9039563437761202,-0.8353307528096152
203,32,221,39.36666666666667,-0.9984182175832476,-0.8367005820813533
203,32,222,39.4,-1.0928800913903964,-0.7768823200107415
203,32,223,39.43333333333333,-0.9656110997340845,-0.6562602505563997
203,32,224,39.46666666666667,-0.5057458098825275,-0.4849520532070689
203,32,225,39.5,0.3732586924905928,-0.28346349758683853
203,32,226,39.53333333333333,1.2760200733060114,-0.07943489990963624
203,32,227,39.56666666666667,1.7833991200426191,0.09879762465187883
203,32,228,39.6,1.7274007637137856,0.2295444043467055
203,32,229,39.63333333333333,1.3636942675581902,0.30308815636182207
203,32,230,39.666666666666664,0.8913848985224455,0.32286762549524933
203,32,231,39.7,0.45810468692807643,0.3023178237414637
203,32,232,39.733333333333334,0.20469798354122706,0.2592294592902565
203,32,233,39.766666666666666,0.22449538224333682,0.21036866056263373
203,32,234,39.8,0.31895725605046416,0.16821530470872187
203,32,235,39.833333333333336,0.3291387753829734,0.14001945967301696
203,32,236,39.86666666666667,0.2092231032445837,0.128285475269608
203,32,237,39.9,0.02029935563028584,0.13167324029944855
203,32,238,39.93333333333333,-0.2161381488690409,0.14582341299148366
203,32,239,39.96666666666667,-0.4525756533683244,0.16419733739278602
203,33,0,33.0,-1.1777260858279233,0.1566155521259236
203,33,1,33.03333333333333,-0.4203341754820595,0.14542845571530275
203,33,2,33.06666666666667,0.6753104326881589,0.19404581170476318
203,33,3,33.1,1.6629178079413205,0.34251581573796713
203,33,4,33.13333333333333,1.9921202663589834,0.5948809307618993
203,33,5,33.166666666666664,1.8750327940351592,0.9172782727614048
203,33,6,33.2,1.544133415728716,1.248376099591936
203,33,7,33.233333333333334,1.2070119978301466,1.5175639297928978
203,33,8,33.266666666666666,0.8823346591157971,1.664459613334112
203,33,9,33.3,0.6040397973606373,1.6540520540300991
203,33,10,33.333333333333336,0.46715492633472494,1.483820468892513
203,33,11,33.36666666666667,0.4241662891530311,1.1816741450504127
203,33,12,33.4,0.3732586924904956,0.796110317601127
203,33,13,33.43333333333333,0.27314041905418324,0.382058337569821
203,33,14,33.46666666666667,0.03274343481446264,-0.013086183273795508
203,33,15,33.5,-0.3411445806736744,-0.3591525642856866
203,33,16,33.53333333333333,-0.5758851652842533,-0.6463170773683534
203,33,17,33.56666666666667,-0.8123226697835584,-0.8816602254958382
203,33,18,33.6,-0.9537326605128058,-1.0810029671747334
203,33,19,33.63333333333333,-1.0957082912049727,-1.2588351365003423
203,33,20,33.666666666666664,-1.1437876880529212,-1.4193070397143435
203,33,21,33.7,-1.189604525049202,-1.5508863488186537
203,33,22,33.733333333333334,-1.19130144493795,-1.6265599000209454
203,33,23,33.766666666666666,-1.19130144493795,-1.6102335706233273
203,33,24,33.8,-1.238815201822979,-1.4681615247178972
203,33,25,33.833333333333336,-1.3298832358526211,-1.1821979049230238
203,33,26,33.86666666666667,-1.2048768040479552,-0.7602522224522981
203,33,27,33.9,-0.5719256855438377,-0.23961339481891653
203,33,28,33.93333333333333,0.40945965011726243,0.3187966145295347
203,33,29,33.96666666666667,1.4134705842949191,0.8436364314804753
203,33,30,34.0,1.7952775592638655,1.2692460090950246
203,33,31,34.03333333333333,1.6414234893504414,1.5491930476780107
203,33,32,34.06666666666667,1.2635759941218454,1.6635007535034991
203,33,33,34.1,0.8382147420082641,1.618691871951383
203,33,34,34.13333333333333,0.4513170073730415,1.4421776665091457
203,33,35,34.166666666666664,0.20582926346706623,1.1736688205448398
203,33,36,34.2,0.18659750472788683,0.8562665424837086
203,33,37,34.233333333333334,0.2708778592025265,0.529134231835032
203,33,38,34.266666666666666,0.2816250184979446,0.22266909863258155
203,33,39,34.3,0.11532686940034356,-0.04372442147733064
203,33,40,34.333333333333336,-0.07359687821395432,-0.2616446317701315
203,33,41,34.36666666666667,-0.29702466356614143,-0.43206359431647995
203,33,42,34.4,-0.5464718872125646,-0.562645793806772
203,33,43,34.43333333333333,-0.7829093917118913,-0.6644750481093156
203,33,44,34.46666666666667,-0.971833139326146,-0.7484752858106365
203,33,45,34.5,-1.0810016521691392,-0.8218064512495924
203,33,46,34.53333333333333,-1.1754635259762665,-0.8847793226667644
203,33,47,34.56666666666667,-1.2224116428983867,-0.9291286224204931
203,33,48,34.6,-1.238815201822979,-0.9385088576005856
203,33,49,34.63333333333333,-1.238815201822979,-0.8917559384439608
203,33,50,34.666666666666664,-1.2863289587080078,-0.7688158413937506
203,33,51,34.7,-1.3338427155930366,-0.5582673331774716
203,33,52,34.733333333333334,-1.2207147230096387,-0.2642765416387753
203,33,53,34.766666666666666,-0.5340278080283122,0.08975735509570465
203,33,54,34.8,0.5667075598080313,0.4630579888318114
203,33,55,34.833333333333336,1.6878059663096525,0.8052179138179546
203,33,56,34.86666666666667,2.2342141704874843,1.0677687139508043
203,33,57,34.9,2.105813898905312,1.2157399513630376
203,33,58,34.93333333333333,1.7500263622304826,1.2353635624759485
203,33,59,34.96666666666667,1.34785634859655,1.1357076540713313
203,33,60,35.0,0.9468176148883486,0.944353021514855
203,33,61,35.03333333333333,0.662866353503993,0.699146817661796
203,33,62,35.06666666666667,0.5191938029230888,0.4388496824478828
203,33,63,35.1,0.5191938029230888,0.19518063217576515
203,33,64,35.13333333333333,0.5191938029230888,-0.012165830229633714
203,33,65,35.166666666666664,0.42982268878220536,-0.17704380130081598
203,33,66,35.2,0.22053590250288893,-0.30532923656647015
203,33,67,35.233333333333334,-0.0430523202164049,-0.41121795295177316
203,33,68,35.266666666666666,-0.298721583454911,-0.5122549745521205
203,33,69,35.3,-0.5634410861000873,-0.6238433652720718
203,33,70,35.333333333333336,-0.7523648337143419,-0.7539254387733144
203,33,71,35.36666666666667,-0.9412885813286398,-0.8987047890005787
203,33,72,35.4,-1.065729373170386,-1.0405529026196203
203,33,73,35.43333333333333,-1.1126774900924845,-1.149254137355181
203,33,74,35.46666666666667,-1.1437876880529212,-1.1871932161216139
203,33,75,35.5,-1.19130144493795,-1.1180570679276403
203,33,76,35.53333333333333,-1.2060080839737943,-0.917403766105779
203,33,77,35.56666666666667,-1.2863289587080078,-0.5823434238102598
203,33,78,35.6,-1.1845137653829583,-0.1370331245944436
203,33,79,35.63333333333333,-0.5730569654696013,0.3686297718816971
203,33,80,35.666666666666664,0.5033558839612974,0.8676504408368657
203,33,81,35.7,1.6714024073850386,1.2898593519285757
203,33,82,35.733333333333334,2.252314649300825,1.5771886567260636
203,33,83,35.766666666666666,2.1974475728978735,1.6959476506295748
203,33,84,35.8,1.8088529183738598,1.642800759154212
203,33,85,35.833333333333336,1.4213895437756636,1.4430841838199937
203,33,86,35.86666666666667,1.014694410438396,1.1421830692528327
203,33,87,35.9,0.6922796315756816,0.7925946778082111
203,33,88,35.93333333333333,0.5112748434422579,0.4406585242935319
203,33,89,35.96666666666667,0.47168004603806,0.11696591151505588
203,33,90,36.0,0.4648923664830466,-0.16714164328429698
203,33,91,36.03333333333333,0.36420845308383626,-0.41687290277328787
203,33,92,36.06666666666667,0.12211454895533533,-0.6467563921971999
203,33,93,36.1,-0.11884807524734806,-0.8713769541724841
203,33,94,36.13333333333333,-0.45823205299749864,-1.096612017813793
203,33,95,36.166666666666664,-0.8705835859640269,-1.3135197503714704
203,33,96,36.2,-1.1030616107228841,-1.4965265388031619
203,33,97,36.233333333333334,-1.291985358337182,-1.6069325122070757
203,33,98,36.266666666666666,-1.4311327892147727,-1.6017712377950295
203,33,99,36.3,-1.4763839862481232,-1.446467131302012
203,33,100,36.333333333333336,-1.4763839862481232,-1.1278084032871978
203,33,101,36.36666666666667,-1.476949626211032,-0.6626431722888593
203,33,102,36.4,-1.523897743133152,-0.09850572640965169
203,33,103,36.43333333333333,-1.3830533923667918,0.4948714990888004
203,33,104,36.46666666666667,-0.5849354046909665,1.0406077466284813
203,33,105,36.5,0.5921613581394233,1.471230096188615
203,33,106,36.53333333333333,1.7771770804506442,1.7416389184204935
203,33,107,36.56666666666667,2.2687182082253954,1.8353607629811315
203,33,108,36.6,2.0973292994615287,1.763586658941505
203,33,109,36.63333333333333,1.7228756440105155,1.558601012485305
203,33,110,36.666666666666664,1.254525754715197,1.2642230873068987
203,33,111,36.7,0.8246393828982373,0.9259172422915771
203,33,112,36.733333333333334,0.48864924492558265,0.5826903467951972
203,33,113,36.766666666666666,0.3828745718600853,0.26206925938717474
203,33,114,36.8,0.41737860959803935,-0.021477020237894107
203,33,115,36.833333333333336,0.4241662891530311,-0.26512950308193406
203,33,116,36.86666666666667,0.3449766943446353,-0.4743250902513393
203,33,117,36.9,0.10853918984535178,-0.6585266985697142
203,33,118,36.93333333333333,-0.11884807524730485,-0.827086691264331
203,33,119,36.96666666666667,-0.40223369666875164,-0.9857084684580609
203,33,120,37.0,-0.6482870805376141,-1.1336570306687532
203,33,121,37.03333333333333,-0.8847245850369408,-1.2618831723174522
203,33,122,37.06666666666667,-1.0736483326511954,-1.3526210053383954
203,33,123,37.1,-1.1794230057166928,-1.3813293486724787
203,33,124,37.13333333333333,-1.238815201822979,-1.3215639847967913
203,33,125,37.166666666666664,-1.238815201822979,-1.1524041869016648
203,33,126,37.2,-1.2863289587080078,-0.8667373942773642
203,33,127,37.233333333333334,-1.172069686198749,-0.4776041768044243
203,33,128,37.266666666666666,-0.6912757177193295,-0.019645322757032874
203,33,129,37.3,0.3359264549380516,0.45586346464712546
203,33,130,37.333333333333336,1.4694689406235797,0.8911643055002723
203,33,131,37.36666666666667,2.11656105820073,1.2339502390570882
203,33,132,37.4,2.121086177904043,1.4475317269329835
203,33,133,37.43333333333333,1.7471981624159387,1.516926334860556
203,33,134,37.46666666666667,1.274888793380194,1.4498668864176485
203,33,135,37.5,0.8314270624532291,1.2728363272591732
203,33,136,37.53333333333333,0.5293753222555981,1.0233552991414558
203,33,137,37.56666666666667,0.39644993097009046,0.7407100675515624
203,33,138,37.6,0.4241662891530311,0.457720016435137
203,33,139,37.63333333333333,0.47168004603806,0.19564954864192646
203,33,140,37.666666666666664,0.3721274125646456,-0.036947578798905756
203,33,141,37.7,0.15774986661912857,-0.24200445593508166
203,33,142,37.733333333333334,-0.07812199791728937,-0.42753321437600006
203,33,143,37.766666666666666,-0.36150761933867137,-0.6022681960794571
203,33,144,37.8,-0.6211363623176037,-0.7704760079992969
203,33,145,37.833333333333336,-0.8100601099319016,-0.9279772224565208
203,33,146,37.86666666666667,-0.9288445021444521,-1.060359528357008
203,33,147,37.9,-1.023306375951601,-1.1441360342057774
203,33,148,37.93333333333333,-1.0702544928737212,-1.151092890640989
203,33,149,37.96666666666667,-1.0962739311678924,-1.0553688699220254
203,33,150,38.0,-1.0080340969528263,-0.8420247556149333
203,33,151,38.03333333333333,-0.5577846864709562,-0.5149331094081269
203,33,152,38.06666666666667,0.32235109582798166,-0.10105404126802113
203,33,153,38.1,1.371047587076199,0.3514246942388089
203,33,154,38.13333333333333,2.046421702799004,0.7815273990811553
203,33,155,38.166666666666664,2.0520781024281782,1.1283468435846526
203,33,156,38.2,1.7172192443812548,1.3445230893593643
203,33,157,38.233333333333334,1.244909875345618,1.4063786120467174
203,33,158,38.266666666666666,0.8359521821565857,1.3178142444951229
203,33,159,38.3,0.48864924492558265,1.1069893229618288
203,33,160,38.333333333333336,0.37665253226800227,0.8170321951410847
203,33,161,38.36666666666667,0.3907935313409378,0.49386378376025786
203,33,162,38.4,0.4241662891530311,0.17503935181835284
203,33,163,38.43333333333333,0.35063309397380954,-0.11702256506620315
203,33,164,38.46666666666667,0.10175151029036,-0.37579301992325126
203,33,165,38.5,-0.13412035424605795,-0.6059056031738537
203,33,166,38.53333333333333,-0.41750597566750475,-0.8151917271833844
203,33,167,38.56666666666667,-0.6426306809084399,-1.0064365943202156
203,33,168,38.6,-0.8315544285227378,-1.1715225613043159
203,33,169,38.63333333333333,-0.9633485398824062,-1.2897840490550938
203,33,170,38.666666666666664,-1.0578104136895337,-1.3314057855124006
203,33,171,38.7,-1.0962739311678924,-1.2654665387898265
203,33,172,38.733333333333334,-1.0170843363595397,-1.0706914777813519
203,33,173,38.766666666666666,-0.45992897288624657,-0.7455951343923105
203,33,174,38.8,0.5191938029232833,-0.31422706139640094
203,33,175,38.833333333333336,1.7319258834171423,0.17521818637708314
203,33,176,38.86666666666667,1.9332937102156063,0.6591850751729693
203,33,177,38.9,1.681583926717483,1.0724261157260504
203,33,178,38.93333333333333,1.2567883145668752,1.3623185892508094
203,33,179,38.96666666666667,0.7884384252715569,1.499473697970654
203,33,180,39.0,0.41737860959803935,1.4816833787343606
203,33,181,39.03333333333333,0.2816250184979446,1.3306699514858298
203,33,182,39.06666666666667,0.2838875783496229,1.0836315254906446
203,33,183,39.1,0.37665253226800227,0.7829803872415741
203,33,184,39.13333333333333,0.3268762155312951,0.4673481203662808
203,33,185,39.166666666666664,0.13738682795413165,0.16564165335237982
203,33,186,39.2,-0.0984850365822863,-0.10526086972325158
203,33,187,39.233333333333334,-0.3818706580037331,-0.33943793998595895
203,33,188,39.266666666666666,-0.6188738024659254,-0.5383879324022981
203,33,189,39.3,-0.8077975500802232,-0.7063100245712413
203,33,190,39.333333333333336,-0.9039563437761202,-0.8455026530783947
203,33,191,39.36666666666667,-0.9984182175832476,-0.9530093893321301
203,33,192,39.4,-1.0928800913903964,-1.0194247608520925
203,33,193,39.43333333333333,-0.9656110997340845,-1.0303960868065145
203,33,194,39.46666666666667,-0.5057458098825275,-0.9706893274055642
203,33,195,39.5,0.3732586924905928,-0.8298373751365827
203,33,196,39.53333333333333,1.2760200733060114,-0.6076597685893963
203,33,197,39.56666666666667,1.7833991200426191,-0.31769177900627266
203,33,198,39.6,1.7274007637137856,0.012974467823636428
203,33,199,39.63333333333333,1.3636942675581902,0.34780885448057575
203,33,200,39.666666666666664,0.8913848985224455,0.6478754830152588
203,33,201,39.7,0.45810468692807643,0.8796284427490628
203,33,202,39.733333333333334,0.20469798354122706,1.0210705932455946
203,33,203,39.766666666666666,0.22449538224333682,1.0646279356568746
203,33,204,39.8,0.31895725605046416,1.016478962939622
203,33,205,39.833333333333336,0.3291387753829734,0.8932316913647178
203,33,206,39.86666666666667,0.2092231032445837,0.7171892171770199
203,33,207,39.9,0.02029935563028584,0.5113694341644451
203,33,208,39.93333333333333,-0.2161381488690409,0.29543624063949925
203,33,209,39.96666666666667,-0.4525756533683244,0.08350396667025294
203,33,210,40.0,-0.6414994009826223,-0.11591318688524467
203,33,211,40.03333333333333,-0.7829093917118913,-0.2983338644641407
203,33,212,40.06666666666667,-0.8915122645919326,-0.46104379396466577
203,33,213,40.1,-0.9384603815140526,-0.6010079852194722
203,33,214,40.13333333333333,-0.890380984666115,-0.7135813029015999
203,33,215,40.166666666666664,-0.4983924903646053,-0.7923203408588814
203,33,216,40.2,0.27144349916552174,-0.8298836919614844
203,33,217,40.233333333333334,1.1691141203146966,-0.8197064623052694
203,33,218,40.266666666666666,1.7002500454938185,-0.757897934017874
203,33,219,40.3,1.7155223244925284,-0.6447911622899991
203,33,220,40.333333333333336,1.3755727067794474,-0.4858265718891384
203,33,221,40.36666666666667,0.9032633377437028,-0.2917658997302703
203,33,222,40.4,0.5056184438131053,-0.07834452535866832
203,33,223,40.43333333333333,0.27596861886877033,0.13469863104904328
203,33,224,40.46666666666667,0.26013069990710846,0.32552872093588703
203,33,225,40.5,0.3545925737142358,0.4732744689868567
203,33,226,40.53333333333333,0.37665253226800227,0.5618193930108841
203,33,227,40.56666666666667,0.280493738572127,0.5832242375593654
203,33,228,40.6,0.044056234072800265,0.5395532228122645
203,33,229,40.63333333333333,-0.16805875202110326,0.44240082331930497
203,33,230,40.666666666666664,-0.4039306165574564,0.31028708944607264
203,33,231,40.7,-0.5956825639863413,0.1648425682909877
203,33,232,40.733333333333334,-0.7376581946785191,0.0269746946310469
203,33,233,40.766666666666666,-0.8111913898577192,-0.0860440768783206
203,33,234,40.8,-0.8790681854077665,-0.1621885833548537
203,33,235,40.833333333333336,-0.8666241062236006,-0.19517138235958945
203,33,236,40.86666666666667,-0.5057458098825275,-0.18427203128580122
203,33,237,40.9,0.23071742183550625,-0.13389244984560036
203,33,238,40.93333333333333,1.1572356810934394,-0.05292441804382606
203,33,239,40.96666666666667,1.777177080450536,0.04621462752163669
203,34,0,34.0,1.7952775592638655,0.06286059603802245
203,34,1,34.03333333333333,1.6414234893504414,0.11191319049642609
203,34,2,34.06666666666667,1.2635759941218454,0.1725725036253125
203,34,3,34.1,0.8382147420082641,0.2534529645263432
203,34,4,34.13333333333333,0.4513170073730415,0.3548047654919497
203,34,5,34.166666666666664,0.20582926346706623,0.4673835643039546
203,34,6,34.2,0.18659750472788683,0.5737767050945506
203,34,7,34.233333333333334,0.2708778592025265,0.6519984064630425
203,34,8,34.266666666666666,0.2816250184979446,0.680794092629311
203,34,9,34.3,0.11532686940034356,0.6454958704620009
203,34,10,34.333333333333336,-0.07359687821395432,0.5424926236540506
203,34,11,34.36666666666667,-0.29702466356614143,0.3803042396187831
203,34,12,34.4,-0.5464718872125646,0.1765432382306262
203,34,13,34.43333333333333,-0.7829093917118913,-0.04787616816596751
203,34,14,34.46666666666667,-0.971833139326146,-0.27434615528314465
203,34,15,34.5,-1.0810016521691392,-0.4891302681712165
203,34,16,34.53333333333333,-1.1754635259762665,-0.6819202321160246
203,34,17,34.56666666666667,-1.2224116428983867,-0.8418153102690034
203,34,18,34.6,-1.238815201822979,-0.9535144228613347
203,34,19,34.63333333333333,-1.238815201822979,-0.9964101009889925
203,34,20,34.666666666666664,-1.2863289587080078,-0.9480345032239291
203,34,21,34.7,-1.3338427155930366,-0.7914026885270691
203,34,22,34.733333333333334,-1.2207147230096387,-0.52384906687435
203,34,23,34.766666666666666,-0.5340278080283122,-0.1637283415358318
203,34,24,34.8,0.5667075598080313,0.24849029515653326
203,34,25,34.833333333333336,1.6878059663096525,0.6564076601733884
203,34,26,34.86666666666667,2.2342141704874843,0.9998953461289821
203,34,27,34.9,2.105813898905312,1.2294018514114862
203,34,28,34.93333333333333,1.7500263622304826,1.3174812761017018
203,34,29,34.96666666666667,1.34785634859655,1.2637616116709998
203,34,30,35.0,0.9468176148883486,1.0921703418605817
203,34,31,35.03333333333333,0.662866353503993,0.8421034168743029
203,34,32,35.06666666666667,0.5191938029230888,0.5571043661090697
203,34,33,35.1,0.5191938029230888,0.2748539652866852
203,34,34,35.13333333333333,0.5191938029230888,0.02097840191239519
203,34,35,35.166666666666664,0.42982268878220536,-0.1927755365562819
203,34,36,35.2,0.22053590250288893,-0.3670216447014248
203,34,37,35.233333333333334,-0.0430523202164049,-0.5113941347002801
203,34,38,35.266666666666666,-0.298721583454911,-0.640368540034674
203,34,39,35.3,-0.5634410861000873,-0.7684848270581462
203,34,40,35.333333333333336,-0.7523648337143419,-0.9050952799148887
203,34,41,35.36666666666667,-0.9412885813286398,-1.0492912706239106
203,34,42,35.4,-1.065729373170386,-1.186357721900512
203,34,43,35.43333333333333,-1.1126774900924845,-1.2874508151489956
203,34,44,35.46666666666667,-1.1437876880529212,-1.3138293103824692
203,34,45,35.5,-1.19130144493795,-1.2258121475936552
203,34,46,35.53333333333333,-1.2060080839737943,-0.9949236755824218
203,34,47,35.56666666666667,-1.2863289587080078,-0.6159348481363693
203,34,48,35.6,-1.1845137653829583,-0.11449269650042875
203,34,49,35.63333333333333,-0.5730569654696013,0.45335611676086157
203,34,50,35.666666666666664,0.5033558839612974,1.0109248685310153
203,34,51,35.7,1.6714024073850386,1.4776246493872398
203,34,52,35.733333333333334,2.252314649300825,1.7875236407695048
203,34,53,35.766666666666666,2.1974475728978735,1.9038002474347526
203,34,54,35.8,1.8088529183738598,1.824915070220166
203,34,55,35.833333333333336,1.4213895437756636,1.581462428631993
203,34,56,35.86666666666667,1.014694410438396,1.2255816297295195
203,34,57,35.9,0.6922796315756816,0.8166541473803159
203,34,58,35.93333333333333,0.5112748434422579,0.4075383744846622
203,34,59,35.96666666666667,0.47168004603806,0.034825899017928284
203,34,60,36.0,0.4648923664830466,-0.28507807140242275
203,34,61,36.03333333333333,0.36420845308383626,-0.5540640397018044
203,34,62,36.06666666666667,0.12211454895533533,-0.7859197016836786
203,34,63,36.1,-0.11884807524734806,-0.9973668474614826
203,34,64,36.13333333333333,-0.45823205299749864,-1.1986955576066247
203,34,65,36.166666666666664,-0.8705835859640269,-1.3862152142380824
203,34,66,36.2,-1.1030616107228841,-1.5387032031547407
203,34,67,36.233333333333334,-1.291985358337182,-1.61966507875543
203,34,68,36.266666666666666,-1.4311327892147727,-1.5861170897798396
203,34,69,36.3,-1.4763839862481232,-1.402440403538441
203,34,70,36.333333333333336,-1.4763839862481232,-1.0551379002152435
203,34,71,36.36666666666667,-1.476949626211032,-0.5627899479149902
203,34,72,36.4,-1.523897743133152,0.023357733979563967
203,34,73,36.43333333333333,-1.3830533923667918,0.629201456745989
203,34,74,36.46666666666667,-0.5849354046909665,1.174734768064258
203,34,75,36.5,0.5921613581394233,1.5921326250904375
203,34,76,36.53333333333333,1.7771770804506442,1.8390926931633136
203,34,77,36.56666666666667,2.2687182082253954,1.9040900436128387
203,34,78,36.6,2.0973292994615287,1.8035096661217065
203,34,79,36.63333333333333,1.7228756440105155,1.573222022208996
203,34,80,36.666666666666664,1.254525754715197,1.2581928702944993
203,34,81,36.7,0.8246393828982373,0.9031706459127746
203,34,82,36.733333333333334,0.48864924492558265,0.5460497685221565
203,34,83,36.766666666666666,0.3828745718600853,0.21414820412037333
203,34,84,36.8,0.41737860959803935,-0.07700644894332495
203,34,85,36.833333333333336,0.4241662891530311,-0.32290451653204294
203,34,86,36.86666666666667,0.3449766943446353,-0.5278489627145161
203,34,87,36.9,0.10853918984535178,-0.7018680714223472
203,34,88,36.93333333333333,-0.11884807524730485,-0.8571590834323131
203,34,89,36.96666666666667,-0.40223369666875164,-1.0042755130428633
203,34,90,37.0,-0.6482870805376141,-1.1482093085178766
203,34,91,37.03333333333333,-0.8847245850369408,-1.284821861041651
203,34,92,37.06666666666667,-1.0736483326511954,-1.3986925401170096
203,34,93,37.1,-1.1794230057166928,-1.4638584691094305
203,34,94,37.13333333333333,-1.238815201822979,-1.4485425689019016
203,34,95,37.166666666666664,-1.238815201822979,-1.3236579704521088
203,34,96,37.2,-1.2863289587080078,-1.0730381636843942
203,34,97,37.233333333333334,-1.172069686198749,-0.7018674544369918
203,34,98,37.266666666666666,-0.6912757177193295,-0.23966437590969678
203,34,99,37.3,0.3359264549380516,0.26400958300271077
203,34,100,37.333333333333336,1.4694689406235797,0.7497608372801023
203,34,101,37.36666666666667,2.11656105820073,1.160705435772666
203,34,102,37.4,2.121086177904043,1.4530869748513906
203,34,103,37.43333333333333,1.7471981624159387,1.6028929851763456
203,34,104,37.46666666666667,1.274888793380194,1.6078347536165534
203,34,105,37.5,0.8314270624532291,1.4850876549483694
203,34,106,37.53333333333333,0.5293753222555981,1.2657035306721587
203,34,107,37.56666666666667,0.39644993097009046,0.9869841072646234
203,34,108,37.6,0.4241662891530311,0.6845475221527607
203,34,109,37.63333333333333,0.47168004603806,0.38600037715142327
203,34,110,37.666666666666664,0.3721274125646456,0.10768470515488801
203,34,111,37.7,0.15774986661912857,-0.14493783876359345
203,34,112,37.733333333333334,-0.07812199791728937,-0.37369772116022704
203,34,113,37.766666666666666,-0.36150761933867137,-0.5822126533940063
203,34,114,37.8,-0.6211363623176037,-0.770297886714408
203,34,115,37.833333333333336,-0.8100601099319016,-0.9301487818691005
203,34,116,37.86666666666667,-0.9288445021444521,-1.0455879476395793
203,34,117,37.9,-1.023306375951601,-1.0947491056239111
203,34,118,37.93333333333333,-1.0702544928737212,-1.055627217544938
203,34,119,37.96666666666667,-1.0962739311678924,-0.9131734039648792
203,34,120,38.0,-1.0080340969528263,-0.6661271294492617
203,34,121,38.03333333333333,-0.5577846864709562,-0.33151924016114287
203,34,122,38.06666666666667,0.32235109582798166,0.05511413006515842
203,34,123,38.1,1.371047587076199,0.44482006658066237
203,34,124,38.13333333333333,2.046421702799004,0.7847732995935767
203,34,125,38.166666666666664,2.0520781024281782,1.029608198135989
203,34,126,38.2,1.7172192443812548,1.1511369669745704
203,34,127,38.233333333333334,1.244909875345618,1.1435734689188275
203,34,128,38.266666666666666,0.8359521821565857,1.0227890508238213
203,34,129,38.3,0.48864924492558265,0.8200086444664575
203,34,130,38.333333333333336,0.37665253226800227,0.5721670685242012
203,34,131,38.36666666666667,0.3907935313409378,0.3121318000371336
203,34,132,38.4,0.4241662891530311,0.061721066470810174
203,34,133,38.43333333333333,0.35063309397380954,-0.17076214197588607
203,34,134,38.46666666666667,0.10175151029036,-0.3882538486043405
203,34,135,38.5,-0.13412035424605795,-0.5990220389453942
203,34,136,38.53333333333333,-0.41750597566750475,-0.8091558695391354
203,34,137,38.56666666666667,-0.6426306809084399,-1.0157796779058943
203,34,138,38.6,-0.8315544285227378,-1.2030119872004352
203,34,139,38.63333333333333,-0.9633485398824062,-1.3420654318797902
203,34,140,38.666666666666664,-1.0578104136895337,-1.3961343912726583
203,34,141,38.7,-1.0962739311678924,-1.3296362279097647
203,34,142,38.733333333333334,-1.0170843363595397,-1.11985413974786
203,34,143,38.766666666666666,-0.45992897288624657,-0.7675533997479485
203,34,144,38.8,0.5191938029232833,-0.3025313054087851
203,34,145,38.833333333333336,1.7319258834171423,0.21895502006262796
203,34,146,38.86666666666667,1.9332937102156063,0.72527605864838
203,34,147,38.9,1.681583926717483,1.1460423669983248
203,34,148,38.93333333333333,1.2567883145668752,1.4287109222532444
203,34,149,38.96666666666667,0.7884384252715569,1.5494394898070694
203,34,150,39.0,0.41737860959803935,1.514930521032734
203,34,151,39.03333333333333,0.2816250184979446,1.3557535686651851
203,34,152,39.06666666666667,0.2838875783496229,1.1146472561305876
203,34,153,39.1,0.37665253226800227,0.8344401251556632
203,34,154,39.13333333333333,0.3268762155312951,0.5493766353931958
203,34,155,39.166666666666664,0.13738682795413165,0.28152511289781573
203,34,156,39.2,-0.0984850365822863,0.04170087335680554
203,34,157,39.233333333333334,-0.3818706580037331,-0.16705187564942417
203,34,158,39.266666666666666,-0.6188738024659254,-0.3455038304170634
203,34,159,39.3,-0.8077975500802232,-0.49516127930977877
203,34,160,39.333333333333336,-0.9039563437761202,-0.6165228293890277
203,34,161,39.36666666666667,-0.9984182175832476,-0.7085178094976909
203,34,162,39.4,-1.0928800913903964,-0.7687383976450687
203,34,163,39.43333333333333,-0.9656110997340845,-0.7940708541067666
203,34,164,39.46666666666667,-0.5057458098825275,-0.7813899381301095
203,34,165,39.5,0.3732586924905928,-0.7281603899295072
203,34,166,39.53333333333333,1.2760200733060114,-0.6331055948845995
203,34,167,39.56666666666667,1.7833991200426191,-0.4972809316557608
203,34,168,39.6,1.7274007637137856,-0.32565660562504806
203,34,169,39.63333333333333,1.3636942675581902,-0.12871199655049434
203,34,170,39.666666666666664,0.8913848985224455,0.07702460748626769
203,34,171,39.7,0.45810468692807643,0.2704229666489582
203,34,172,39.733333333333334,0.20469798354122706,0.4291238936541404
203,34,173,39.766666666666666,0.22449538224333682,0.5338611869725718
203,34,174,39.8,0.31895725605046416,0.5726763012338006
203,34,175,39.833333333333336,0.3291387753829734,0.5441335692752763
203,34,176,39.86666666666667,0.2092231032445837,0.4584521104793916
203,34,177,39.9,0.02029935563028584,0.33564258324722696
203,34,178,39.93333333333333,-0.2161381488690409,0.20089840030593312
203,34,179,39.96666666666667,-0.4525756533683244,0.07876896995979818
203,34,180,40.0,-0.6414994009826223,-0.012049103418793925
203,34,181,40.03333333333333,-0.7829093917118913,-0.062039021183051636
203,34,182,40.06666666666667,-0.8915122645919326,-0.07184060812870618
203,34,183,40.1,-0.9384603815140526,-0.051010342420212317
203,34,184,40.13333333333333,-0.890380984666115,-0.01501627672813411
203,34,185,40.166666666666664,-0.4983924903646053,0.018877731505337152
203,34,186,40.2,0.27144349916552174,0.03596143650309805
203,34,187,40.233333333333334,1.1691141203146966,0.02769768792677733
203,34,188,40.266666666666666,1.7002500454938185,-0.006158763424357645
203,34,189,40.3,1.7155223244925284,-0.057427452922741595
203,34,190,40.333333333333336,1.3755727067794474,-0.11160396351519575
203,34,191,40.36666666666667,0.9032633377437028,-0.15203999898951667
203,34,192,40.4,0.5056184438131053,-0.16531408673990444
203,34,193,40.43333333333333,0.27596861886877033,-0.14621098600986085
203,34,194,40.46666666666667,0.26013069990710846,-0.10054659851435462
203,34,195,40.5,0.3545925737142358,-0.044541244766802296
203,34,196,40.53333333333333,0.37665253226800227,-0.00044354618076039836
203,34,197,40.56666666666667,0.280493738572127,0.010572328368568746
203,34,198,40.6,0.044056234072800265,-0.02400721123539082
203,34,199,40.63333333333333,-0.16805875202110326,-0.10266519598014319
203,34,200,40.666666666666664,-0.4039306165574564,-0.20870992667063132
203,34,201,40.7,-0.5956825639863413,-0.3138967262308097
203,34,202,40.733333333333334,-0.7376581946785191,-0.38580146265819865
203,34,203,40.766666666666666,-0.8111913898577192,-0.3968124568595319
203,34,204,40.8,-0.8790681854077665,-0.3321856874633039
203,34,205,40.833333333333336,-0.8666241062236006,-0.19489336939548133
203,34,206,40.86666666666667,-0.5057458098825275,-0.005839191270211085
203,34,207,40.9,0.23071742183550625,0.20079948710270415
203,34,208,40.93333333333333,1.1572356810934394,0.38604349147426553
203,34,209,40.96666666666667,1.777177080450536,0.5161641528892708
203,34,210,41.0,1.8801235537014032,0.5713643174751308
203,34,211,41.03333333333333,1.6578270482750335,0.5503266753317191
203,34,212,41.06666666666667,1.3110897510068744,0.4691486381052818
203,34,213,41.1,0.7584595072370027,0.355109095608143
203,34,214,41.13333333333333,0.5044871638872446,0.23750730056485653
203,34,215,41.166666666666664,0.4383072882259667,0.13876544219353426
203,34,216,41.2,0.47168004603806,0.06872419088724992
203,34,217,41.233333333333334,0.44566060774386723,0.0237516573796833
203,34,218,41.266666666666666,0.29180653783047544,-0.009517310219602153
203,34,219,41.3,0.032177794851543054,-0.04758963581469939
203,34,220,41.333333333333336,-0.17993719124236046,-0.10322701464954208
203,34,221,41.36666666666667,-0.4525756533683244,-0.18048689236127896
203,34,222,41.4,-0.631317881650113,-0.2727470834700636
203,34,223,41.43333333333333,-0.7732935123422908,-0.36369963682103573
203,34,224,41.46666666666667,-0.8677553861494182,-0.43095674060612466
203,34,225,41.5,-0.9147035030715382,-0.4518203566542935
203,34,226,41.53333333333333,-0.9378947415511438,-0.41025535267656155
203,34,227,41.56666666666667,-0.6646906394622063,-0.30328826785783336
203,34,228,41.6,0.057631593182891856,-0.14453432316267043
203,34,229,41.63333333333333,0.9553022143320667,0.03710568951080575
203,34,230,41.666666666666664,1.6821495666804784,0.20414930559394928
203,34,231,41.7,1.8920019929226604,0.32118182948148793
203,34,232,41.733333333333334,1.740976122823834,0.3661219185594417
203,34,233,41.766666666666666,1.453631021661961,0.3378663692110564
203,34,234,41.8,1.1232972833184804,0.25678297935726613
203,34,235,41.833333333333336,0.7957917447895007,0.15709784470875598
203,34,236,41.86666666666667,0.5169312430714105,0.07389582696063719
203,34,237,41.9,0.4224693692642832,0.030100811331658636
203,34,238,41.93333333333333,0.37665253226800227,0.02871224075365439
203,34,239,41.96666666666667,0.32800749545715585,0.053090972568077446
203,35,0,35.0,0.9468176148883486,-0.13951119923262054
203,35,1,35.03333333333333,0.662866353503993,-0.2929226526144395
203,35,2,35.06666666666667,0.5191938029230888,-0.42754438032619746
203,35,3,35.1,0.5191938029230888,-0.5289961799087913
203,35,4,35.13333333333333,0.5191938029230888,-0.5892259304062825
203,35,5,35.166666666666664,0.42982268878220536,-0.6091514576702861
203,35,6,35.2,0.22053590250288893,-0.5994461100664751
203,35,7,35.233333333333334,-0.0430523202164049,-0.5786965369160993
203,35,8,35.266666666666666,-0.298721583454911,-0.5689447387013321
203,35,9,35.3,-0.5634410861000873,-0.5894201510066911
203,35,10,35.333333333333336,-0.7523648337143419,-0.6498703351153756
203,35,11,35.36666666666667,-0.9412885813286398,-0.745217520541529
203,35,12,35.4,-1.065729373170386,-0.8532562633535573
203,35,13,35.43333333333333,-1.1126774900924845,-0.9367165486510003
203,35,14,35.46666666666667,-1.1437876880529212,-0.9501982476238975
203,35,15,35.5,-1.19130144493795,-0.8512373331681704
203,35,16,35.53333333333333,-1.2060080839737943,-0.6132568498256016
203,35,17,35.56666666666667,-1.2863289587080078,-0.23678978906040699
203,35,18,35.6,-1.1845137653829583,0.24517214618529332
203,35,19,35.63333333333333,-0.5730569654696013,0.770702205417876
203,35,20,35.666666666666664,0.5033558839612974,1.2613934171481656
203,35,21,35.7,1.6714024073850386,1.6403950464264225
203,35,22,35.733333333333334,2.252314649300825,1.8505183580264053
203,35,23,35.766666666666666,2.1974475728978735,1.8668838168791915
203,35,24,35.8,1.8088529183738598,1.700601737802176
203,35,25,35.833333333333336,1.4213895437756636,1.3929947022852587
203,35,26,35.86666666666667,1.014694410438396,1.0026655208799942
203,35,27,35.9,0.6922796315756816,0.5896158931151931
203,35,28,35.93333333333333,0.5112748434422579,0.20125905481144907
203,35,29,35.96666666666667,0.47168004603806,-0.13581831198402974
203,35,30,36.0,0.4648923664830466,-0.4168663588901619
203,35,31,36.03333333333333,0.36420845308383626,-0.6537354351232829
203,35,32,36.06666666666667,0.12211454895533533,-0.8657373633708848
203,35,33,36.1,-0.11884807524734806,-1.069278781395344
203,35,34,36.13333333333333,-0.45823205299749864,-1.2688324583631672
203,35,35,36.166666666666664,-0.8705835859640269,-1.4515303525653522
203,35,36,36.2,-1.1030616107228841,-1.5871317331194554
203,35,37,36.233333333333334,-1.291985358337182,-1.6341344511121918
203,35,38,36.266666666666666,-1.4311327892147727,-1.5512353612201246
203,35,39,36.3,-1.4763839862481232,-1.3113967236534159
203,35,40,36.333333333333336,-1.4763839862481232,-0.9141001480036678
203,35,41,36.36666666666667,-1.476949626211032,-0.3910449166882248
203,35,42,36.4,-1.523897743133152,0.19768958601532538
203,35,43,36.43333333333333,-1.3830533923667918,0.7764864133844162
203,35,44,36.46666666666667,-0.5849354046909665,1.2717006536407633
203,35,45,36.5,0.5921613581394233,1.6276020510600726
203,35,46,36.53333333333333,1.7771770804506442,1.815769741937732
203,35,47,36.56666666666667,2.2687182082253954,1.8362029004078304
203,35,48,36.6,2.0973292994615287,1.711575718012973
203,35,49,36.63333333333333,1.7228756440105155,1.4778998772864278
203,35,50,36.666666666666664,1.254525754715197,1.175049720190331
203,35,51,36.7,0.8246393828982373,0.8395396194504832
203,35,52,36.733333333333334,0.48864924492558265,0.5004023448680568
203,35,53,36.766666666666666,0.3828745718600853,0.1778175625646558
203,35,54,36.8,0.41737860959803935,-0.11632514385162723
203,35,55,36.833333333333336,0.4241662891530311,-0.3767635285486133
203,35,56,36.86666666666667,0.3449766943446353,-0.602887563646399
203,35,57,36.9,0.10853918984535178,-0.7970008912435632
203,35,58,36.93333333333333,-0.11884807524730485,-0.962815721543018
203,35,59,36.96666666666667,-0.40223369666875164,-1.1037184424567703
203,35,60,37.0,-0.6482870805376141,-1.220447826916184
203,35,61,37.03333333333333,-0.8847245850369408,-1.3085273010814926
203,35,62,37.06666666666667,-1.0736483326511954,-1.356646752714771
203,35,63,37.1,-1.1794230057166928,-1.3474437445168437
203,35,64,37.13333333333333,-1.238815201822979,-1.2613617490433742
203,35,65,37.166666666666664,-1.238815201822979,-1.0828989061955516
203,35,66,37.2,-1.2863289587080078,-0.8073716711824096
203,35,67,37.233333333333334,-1.172069686198749,-0.44576011382758834
203,35,68,37.266666666666666,-0.6912757177193295,-0.025530782570557804
203,35,69,37.3,0.3359264549380516,0.4132563087342977
203,35,70,37.333333333333336,1.4694689406235797,0.82520143633852
203,35,71,37.36666666666667,2.11656105820073,1.1675809144762113
203,35,72,37.4,2.121086177904043,1.4070069126273128
203,35,73,37.43333333333333,1.7471981624159387,1.5238796033099946
203,35,74,37.46666666666667,1.274888793380194,1.514502571038627
203,35,75,37.5,0.8314270624532291,1.390776051344878
203,35,76,37.53333333333333,0.5293753222555981,1.177325359225616
203,35,77,37.56666666666667,0.39644993097009046,0.9062656565227812
203,35,78,37.6,0.4241662891530311,0.6106041258518947
203,35,79,37.63333333333333,0.47168004603806,0.31796964513119824
203,35,80,37.666666666666664,0.3721274125646456,0.04636486032214209
203,35,81,37.7,0.15774986661912857,-0.19698709171945267
203,35,82,37.733333333333334,-0.07812199791728937,-0.4135205428352554
203,35,83,37.766666666666666,-0.36150761933867137,-0.6086641758510336
203,35,84,37.8,-0.6211363623176037,-0.7861175347121739
203,35,85,37.833333333333336,-0.8100601099319016,-0.9428968832380117
203,35,86,37.86666666666667,-0.9288445021444521,-1.0667940042821245
203,35,87,37.9,-1.023306375951601,-1.137252510942462
203,35,88,37.93333333333333,-1.0702544928737212,-1.1297764167273072
203,35,89,37.96666666666667,-1.0962739311678924,-1.0230581548970936
203,35,90,38.0,-1.0080340969528263,-0.8071822898775883
203,35,91,38.03333333333333,-0.5577846864709562,-0.490538384981735
203,35,92,38.06666666666667,0.32235109582798166,-0.10272152979895467
203,35,93,38.1,1.371047587076199,0.3085610940859576
203,35,94,38.13333333333333,2.046421702799004,0.6864839205758192
203,35,95,38.166666666666664,2.0520781024281782,0.9775602540750649
203,35,96,38.2,1.7172192443812548,1.1438127642956906
203,35,97,38.233333333333334,1.244909875345618,1.1709750635219396
203,35,98,38.266666666666666,0.8359521821565857,1.0702559966509901
203,35,99,38.3,0.48864924492558265,0.8732399908464968
203,35,100,38.333333333333336,0.37665253226800227,0.6217999010324315
203,35,101,38.36666666666667,0.3907935313409378,0.3565145339885444
203,35,102,38.4,0.4241662891530311,0.10729071007072265
203,35,103,38.43333333333333,0.35063309397380954,-0.11123407798652903
203,35,104,38.46666666666667,0.10175151029036,-0.2987769550293422
203,35,105,38.5,-0.13412035424605795,-0.4640625649317515
203,35,106,38.53333333333333,-0.41750597566750475,-0.617286962661449
203,35,107,38.56666666666667,-0.6426306809084399,-0.7628872290368692
203,35,108,38.6,-0.8315544285227378,-0.8946144928796291
203,35,109,38.63333333333333,-0.9633485398824062,-0.9942127827644603
203,35,110,38.666666666666664,-1.0578104136895337,-1.0344313135439775
203,35,111,38.7,-1.0962739311678924,-0.98626615487053
203,35,112,38.733333333333334,-1.0170843363595397,-0.8289321161380395
203,35,113,38.766666666666666,-0.45992897288624657,-0.5596300375061914
203,35,114,38.8,0.5191938029232833,-0.19955260382141207
203,35,115,38.833333333333336,1.7319258834171423,0.2067294529850038
203,35,116,38.86666666666667,1.9332937102156063,0.5993662781135132
203,35,117,38.9,1.681583926717483,0.917010763361503
203,35,118,38.93333333333333,1.2567883145668752,1.1121413813586283
203,35,119,38.96666666666667,0.7884384252715569,1.1628207170753315
203,35,120,39.0,0.41737860959803935,1.0768190507189086
203,35,121,39.03333333333333,0.2816250184979446,0.8868495338161413
203,35,122,39.06666666666667,0.2838875783496229,0.6391575267570216
203,35,123,39.1,0.37665253226800227,0.3801046292145726
203,35,124,39.13333333333333,0.3268762155312951,0.14546358561224934
203,35,125,39.166666666666664,0.13738682795413165,-0.044721468152465096
203,35,126,39.2,-0.0984850365822863,-0.18540468538991908
203,35,127,39.233333333333334,-0.3818706580037331,-0.2817372984885072
203,35,128,39.266666666666666,-0.6188738024659254,-0.34295560856160895
203,35,129,39.3,-0.8077975500802232,-0.3774081531529895
203,35,130,39.333333333333336,-0.9039563437761202,-0.39000697599165035
203,35,131,39.36666666666667,-0.9984182175832476,-0.3821579394190784
203,35,132,39.4,-1.0928800913903964,-0.35350178368336477
203,35,133,39.43333333333333,-0.9656110997340845,-0.3044712910462091
203,35,134,39.46666666666667,-0.5057458098825275,-0.23849188827879775
203,35,135,39.5,0.3732586924905928,-0.1628090696781878
203,35,136,39.53333333333333,1.2760200733060114,-0.0875778643940848
203,35,137,39.56666666666667,1.7833991200426191,-0.023649613134704945
203,35,138,39.6,1.7274007637137856,0.020023571527996192
203,35,139,39.63333333333333,1.3636942675581902,0.038416696964082536
203,35,140,39.666666666666664,0.8913848985224455,0.03126879280844167
203,35,141,39.7,0.45810468692807643,0.0026076346712606393
203,35,142,39.733333333333334,0.20469798354122706,-0.04067298167009846
203,35,143,39.766666666666666,0.22449538224333682,-0.0904969225792348
203,35,144,39.8,0.31895725605046416,-0.13882901759649585
203,35,145,39.833333333333336,0.3291387753829734,-0.1780798437531457
203,35,146,39.86666666666667,0.2092231032445837,-0.2009746572015509
203,35,147,39.9,0.02029935563028584,-0.20059383206361162
203,35,148,39.93333333333333,-0.2161381488690409,-0.17112289833650665
203,35,149,39.96666666666667,-0.4525756533683244,-0.10927588879285463
203,35,150,40.0,-0.6414994009826223,-0.01583475680142978
203,35,151,40.03333333333333,-0.7829093917118913,0.10338785702621182
203,35,152,40.06666666666667,-0.8915122645919326,0.2375728070749874
203,35,153,40.1,-0.9384603815140526,0.3719394762451002
203,35,154,40.13333333333333,-0.890380984666115,0.4896648731309243
203,35,155,40.166666666666664,-0.4983924903646053,0.574439547296089
203,35,156,40.2,0.27144349916552174,0.6132456782429332
203,35,157,40.233333333333334,1.1691141203146966,0.598780552344528
203,35,158,40.266666666666666,1.7002500454938185,0.5309655754659821
203,35,159,40.3,1.7155223244925284,0.4171478165512692
203,35,160,40.333333333333336,1.3755727067794474,0.27082616390369363
203,35,161,40.36666666666667,0.9032633377437028,0.10900840748145738
203,35,162,40.4,0.5056184438131053,-0.051357408540089376
203,35,163,40.43333333333333,0.27596861886877033,-0.19707541354948452
203,35,164,40.46666666666667,0.26013069990710846,-0.3214613640623319
203,35,165,40.5,0.3545925737142358,-0.4251550730233195
203,35,166,40.53333333333333,0.37665253226800227,-0.5144356970230779
203,35,167,40.56666666666667,0.280493738572127,-0.5972913583328219
203,35,168,40.6,0.044056234072800265,-0.6783684700757137
203,35,169,40.63333333333333,-0.16805875202110326,-0.7545098400822109
203,35,170,40.666666666666664,-0.4039306165574564,-0.8126177570574212
203,35,171,40.7,-0.5956825639863413,-0.8310564894756378
203,35,172,40.733333333333334,-0.7376581946785191,-0.7848529205053539
203,35,173,40.766666666666666,-0.8111913898577192,-0.6536278668333915
203,35,174,40.8,-0.8790681854077665,-0.42984005653050983
203,35,175,40.833333333333336,-0.8666241062236006,-0.12440132445283095
203,35,176,40.86666666666667,-0.5057458098825275,0.2324638927556035
203,35,177,40.9,0.23071742183550625,0.595682443569719
203,35,178,40.93333333333333,1.1572356810934394,0.9142105425800955
203,35,179,40.96666666666667,1.777177080450536,1.142176210353147
203,35,180,41.0,1.8801235537014032,1.2492031186468269
203,35,181,41.03333333333333,1.6578270482750335,1.226800886935382
203,35,182,41.06666666666667,1.3110897510068744,1.0889594339931041
203,35,183,41.1,0.7584595072370027,0.8670653311977895
203,35,184,41.13333333333333,0.5044871638872446,0.6010237608874218
203,35,185,41.166666666666664,0.4383072882259667,0.3293668138684304
203,35,186,41.2,0.47168004603806,0.08099304848624685
203,35,187,41.233333333333334,0.44566060774386723,-0.12962037017987404
203,35,188,41.266666666666666,0.29180653783047544,-0.30290115296169823
203,35,189,41.3,0.032177794851543054,-0.450587343630182
203,35,190,41.333333333333336,-0.17993719124236046,-0.589273830227214
203,35,191,41.36666666666667,-0.4525756533683244,-0.7328812612488862
203,35,192,41.4,-0.631317881650113,-0.8857882373125536
203,35,193,41.43333333333333,-0.7732935123422908,-1.0381369449910116
203,35,194,41.46666666666667,-0.8677553861494182,-1.164730734614481
203,35,195,41.5,-0.9147035030715382,-1.2286406824922949
203,35,196,41.53333333333333,-0.9378947415511438,-1.1896628551523125
203,35,197,41.56666666666667,-0.6646906394622063,-1.016192180684147
203,35,198,41.6,0.057631593182891856,-0.6974189462071381
203,35,199,41.63333333333333,0.9553022143320667,-0.2517013393344032
203,35,200,41.666666666666664,1.6821495666804784,0.27272191036404975
203,35,201,41.7,1.8920019929226604,0.8062438754499305
203,35,202,41.733333333333334,1.740976122823834,1.2734551496368787
203,35,203,41.766666666666666,1.453631021661961,1.6105486393802475
203,35,204,41.8,1.1232972833184804,1.7789007617266444
203,35,205,41.833333333333336,0.7957917447895007,1.771082545672463
203,35,206,41.86666666666667,0.5169312430714105,1.6084557695072599
203,35,207,41.9,0.4224693692642832,1.3321857392950813
203,35,208,41.93333333333333,0.37665253226800227,0.9911513627320743
203,35,209,41.96666666666667,0.32800749545715585,0.6305021063162298
203,35,210,42.0,0.13908374784285799,0.2836508079371296
203,35,211,42.03333333333333,-0.09735375665646875,-0.03109894182617423
203,35,212,42.06666666666667,-0.380173738114942,-0.3096009520933062
203,35,213,42.1,-0.6160456026513599,-0.557822448438302
203,35,214,42.13333333333333,-0.8066662701544057,-0.786162828696572
203,35,215,42.166666666666664,-0.9509044606982187,-1.0034304844844744
203,35,216,42.2,-1.0453663345053676,-1.2116009313842089
203,35,217,42.233333333333334,-1.092314451427466,-1.4023566028766314
203,35,218,42.266666666666666,-1.0962739311678924,-1.5562398714137342
203,35,219,42.3,-1.1437876880529212,-1.6450198901789708
203,35,220,42.333333333333336,-1.19130144493795,-1.6374950275433644
203,35,221,42.36666666666667,-1.0674262930591125,-1.5081703706322602
203,35,222,42.4,-0.4853827712174225,-1.2469972384171735
203,35,223,42.43333333333333,0.3981468508588384,-0.867061280322459
203,35,224,42.46666666666667,1.263575994121932,-0.4066299259920944
203,35,225,42.5,1.6900685261612876,0.07664191399046567
203,35,226,42.53333333333333,1.6685742075704515,0.5183121271195513
203,35,227,42.56666666666667,1.4508028218473739,0.8623777342187889
203,35,228,42.6,1.1674172004259917,1.073921599316958
203,35,229,42.63333333333333,0.884031579004545,1.145273988152577
203,35,230,42.666666666666664,0.5893331583248146,1.0944212176191346
203,35,231,42.7,0.38853097148925947,0.9571752383674595
203,35,232,42.733333333333334,0.3291387753829734,0.7764819167213581
203,35,233,42.766666666666666,0.24712098076001207,0.5925083487275148
203,35,234,42.8,0.11872070917783945,0.4358908019713081
203,35,235,42.833333333333336,-0.07020303843645843,0.32475088960370574
203,35,236,42.86666666666667,-0.29193390389989765,0.26483004805010063
203,35,237,42.9,-0.5753195253213444,0.25156086889050777
203,35,238,42.93333333333333,-0.7795155519343522,0.27287972478899386
203,35,239,42.96666666666667,-0.96843929954865,0.3120112641556226
203,36,0,36.0,0.4648923664830466,-0.1805692814877471
203,36,1,36.03333333333333,0.36420845308383626,-0.4406508708027688
203,36,2,36.06666666666667,0.12211454895533533,-0.689712803340825
203,36,3,36.1,-0.11884807524734806,-0.9228992810237368
203,36,4,36.13333333333333,-0.45823205299749864,-1.1366758379022992
203,36,5,36.166666666666664,-0.8705835859640269,-1.3267668174910872
203,36,6,36.2,-1.1030616107228841,-1.4839675645601986
203,36,7,36.233333333333334,-1.291985358337182,-1.5900827931553827
203,36,8,36.266666666666666,-1.4311327892147727,-1.6173260321266467
203,36,9,36.3,-1.4763839862481232,-1.5334733369055569
203,36,10,36.333333333333336,-1.4763839862481232,-1.312222284161639
203,36,11,36.36666666666667,-1.476949626211032,-0.9451948870044095
203,36,12,36.4,-1.523897743133152,-0.45061376129396824
203,36,13,36.43333333333333,-1.3830533923667918,0.12543398562846195
203,36,14,36.46666666666667,-0.5849354046909665,0.7164550834995358
203,36,15,36.5,0.5921613581394233,1.2495672417474173
203,36,16,36.53333333333333,1.7771770804506442,1.6612848125410276
203,36,17,36.56666666666667,2.2687182082253954,1.9098518517139835
203,36,18,36.6,2.0973292994615287,1.9808917328208955
203,36,19,36.63333333333333,1.7228756440105155,1.8860700224926568
203,36,20,36.666666666666664,1.254525754715197,1.6565993839652893
203,36,21,36.7,0.8246393828982373,1.3342482555338389
203,36,22,36.733333333333334,0.48864924492558265,0.9623644110291903
203,36,23,36.766666666666666,0.3828745718600853,0.5787220470502166
203,36,24,36.8,0.41737860959803935,0.2111255101656704
203,36,25,36.833333333333336,0.4241662891530311,-0.12409143984635806
203,36,26,36.86666666666667,0.3449766943446353,-0.4211082203070987
203,36,27,36.9,0.10853918984535178,-0.681911740708559
203,36,28,36.93333333333333,-0.11884807524730485,-0.9125407199615206
203,36,29,36.96666666666667,-0.40223369666875164,-1.1188391402521376
203,36,30,37.0,-0.6482870805376141,-1.3022273375142153
203,36,31,37.03333333333333,-0.8847245850369408,-1.4562207993843024
203,36,32,37.06666666666667,-1.0736483326511954,-1.5648303279513396
203,36,33,37.1,-1.1794230057166928,-1.6040779883898169
203,36,34,37.13333333333333,-1.238815201822979,-1.54721952873534
203,36,35,37.166666666666664,-1.238815201822979,-1.372929073924165
203,36,36,37.2,-1.2863289587080078,-1.074176587697372
203,36,37,37.233333333333334,-1.172069686198749,-0.6645492036006665
203,36,38,37.266666666666666,-0.6912757177193295,-0.17906135874531276
203,36,39,37.3,0.3359264549380516,0.33152410650800074
203,36,40,37.333333333333336,1.4694689406235797,0.8108560601677864
203,36,41,37.36666666666667,2.11656105820073,1.2077749607707968
203,36,42,37.4,2.121086177904043,1.4845450276998766
203,36,43,37.43333333333333,1.7471981624159387,1.621370412649476
203,36,44,37.46666666666667,1.274888793380194,1.617408848298245
203,36,45,37.5,0.8314270624532291,1.4888447642558804
203,36,46,37.53333333333333,0.5293753222555981,1.2644891006466243
203,36,47,37.56666666666667,0.39644993097009046,0.9795023697855137
203,36,48,37.6,0.4241662891530311,0.6684167895365956
203,36,49,37.63333333333333,0.47168004603806,0.35914142525127407
203,36,50,37.666666666666664,0.3721274125646456,0.06948052494067677
203,36,51,37.7,0.15774986661912857,-0.19305224950027888
203,36,52,37.733333333333334,-0.07812199791728937,-0.42829563204861026
203,36,53,37.766666666666666,-0.36150761933867137,-0.6384470233208092
203,36,54,37.8,-0.6211363623176037,-0.8227175373733671
203,36,55,37.833333333333336,-0.8100601099319016,-0.9734907421914634
203,36,56,37.86666666666667,-0.9288445021444521,-1.075398321814319
203,36,57,37.9,-1.023306375951601,-1.107838693125813
203,36,58,37.93333333333333,-1.0702544928737212,-1.0504221394105542
203,36,59,37.96666666666667,-1.0962739311678924,-0.8899283403858769
203,36,60,38.0,-1.0080340969528263,-0.6268256098036609
203,36,61,38.03333333333333,-0.5577846864709562,-0.2792912085348802
203,36,62,38.06666666666667,0.32235109582798166,0.11694165513492094
203,36,63,38.1,1.371047587076199,0.51352984849172
203,36,64,38.13333333333333,2.046421702799004,0.8582964041334155
203,36,65,38.166666666666664,2.0520781024281782,1.105542663384319
203,36,66,38.2,1.7172192443812548,1.2252022014143555
203,36,67,38.233333333333334,1.244909875345618,1.2085336703499983
203,36,68,38.266666666666666,0.8359521821565857,1.068854298061093
203,36,69,38.3,0.48864924492558265,0.8370257033019758
203,36,70,38.333333333333336,0.37665253226800227,0.552947343525966
203,36,71,38.36666666666667,0.3907935313409378,0.25560475365665
203,36,72,38.4,0.4241662891530311,-0.02537270436557823
203,36,73,38.43333333333333,0.35063309397380954,-0.2743215575053174
203,36,74,38.46666666666667,0.10175151029036,-0.4893761591200404
203,36,75,38.5,-0.13412035424605795,-0.6781047184240745
203,36,76,38.53333333333333,-0.41750597566750475,-0.8506454432027122
203,36,77,38.56666666666667,-0.6426306809084399,-1.0125111794845532
203,36,78,38.6,-0.8315544285227378,-1.1591211648038127
203,36,79,38.63333333333333,-0.9633485398824062,-1.2736512282174242
203,36,80,38.666666666666664,-1.0578104136895337,-1.3291238466834598
203,36,81,38.7,-1.0962739311678924,-1.2947216887284976
203,36,82,38.733333333333334,-1.0170843363595397,-1.1450820599731912
203,36,83,38.766666666666666,-0.45992897288624657,-0.8701120210180951
203,36,84,38.8,0.5191938029232833,-0.48215412839670646
203,36,85,38.833333333333336,1.7319258834171423,-0.017601761280524347
203,36,86,38.86666666666667,1.9332937102156063,0.46846812663787607
203,36,87,38.9,1.681583926717483,0.9136432304825293
203,36,88,38.93333333333333,1.2567883145668752,1.2619880194055064
203,36,89,38.96666666666667,0.7884384252715569,1.4756911704748976
203,36,90,39.0,0.41737860959803935,1.5410577399172718
203,36,91,39.03333333333333,0.2816250184979446,1.4678825841856544
203,36,92,39.06666666666667,0.2838875783496229,1.283633969734858
203,36,93,39.1,0.37665253226800227,1.0251802752268475
203,36,94,39.13333333333333,0.3268762155312951,0.730783897294161
203,36,95,39.166666666666664,0.13738682795413165,0.43416101605198054
203,36,96,39.2,-0.0984850365822863,0.16121835004021073
203,36,97,39.233333333333334,-0.3818706580037331,-0.07084926915886726
203,36,98,39.266666666666666,-0.6188738024659254,-0.25285096163869014
203,36,99,39.3,-0.8077975500802232,-0.38205592297706775
203,36,100,39.333333333333336,-0.9039563437761202,-0.46042657754779226
203,36,101,39.36666666666667,-0.9984182175832476,-0.493057999782101
203,36,102,39.4,-1.0928800913903964,-0.48708961805037004
203,36,103,39.43333333333333,-0.9656110997340845,-0.45114524637083775
203,36,104,39.46666666666667,-0.5057458098825275,-0.3950720406783035
203,36,105,39.5,0.3732586924905928,-0.32953254739323884
203,36,106,39.53333333333333,1.2760200733060114,-0.26505143084095434
203,36,107,39.56666666666667,1.7833991200426191,-0.21051773687387276
203,36,108,39.6,1.7274007637137856,-0.1717141365875574
203,36,109,39.63333333333333,1.3636942675581902,-0.15068045295315166
203,36,110,39.666666666666664,0.8913848985224455,-0.1462951302762138
203,36,111,39.7,0.45810468692807643,-0.15567969897185172
203,36,112,39.733333333333334,0.20469798354122706,-0.1754980042683338
203,36,113,39.766666666666666,0.22449538224333682,-0.20237806229751212
203,36,114,39.8,0.31895725605046416,-0.23246918890020676
203,36,115,39.833333333333336,0.3291387753829734,-0.26083881048848917
203,36,116,39.86666666666667,0.2092231032445837,-0.281399776580452
203,36,117,39.9,0.02029935563028584,-0.2875589494028155
203,36,118,39.93333333333333,-0.2161381488690409,-0.2733183459998791
203,36,119,39.96666666666667,-0.4525756533683244,-0.2343428999111594
203,36,120,40.0,-0.6414994009826223,-0.16855195218826075
203,36,121,40.03333333333333,-0.7829093917118913,-0.07614156905172745
203,36,122,40.06666666666667,-0.8915122645919326,0.040555841634983866
203,36,123,40.1,-0.9384603815140526,0.17683976955704114
203,36,124,40.13333333333333,-0.890380984666115,0.3249993128172353
203,36,125,40.166666666666664,-0.4983924903646053,0.4738026338428742
203,36,126,40.2,0.27144349916552174,0.6087463233972988
203,36,127,40.233333333333334,1.1691141203146966,0.7134343517883976
203,36,128,40.266666666666666,1.7002500454938185,0.7721685486631331
203,36,129,40.3,1.7155223244925284,0.773381538260758
203,36,130,40.333333333333336,1.3755727067794474,0.7128726835623124
203,36,131,40.36666666666667,0.9032633377437028,0.5954421090788106
203,36,132,40.4,0.5056184438131053,0.4339463655796825
203,36,133,40.43333333333333,0.27596861886877033,0.2458421267316124
203,36,134,40.46666666666667,0.26013069990710846,0.04838181608958777
203,36,135,40.5,0.3545925737142358,-0.1457399799886711
203,36,136,40.53333333333333,0.37665253226800227,-0.33059627396189056
203,36,137,40.56666666666667,0.280493738572127,-0.5061630564693443
203,36,138,40.6,0.044056234072800265,-0.6745660641066379
203,36,139,40.63333333333333,-0.16805875202110326,-0.8347571358262713
203,36,140,40.666666666666664,-0.4039306165574564,-0.9777263811421799
203,36,141,40.7,-0.5956825639863413,-1.084440386350598
203,36,142,40.733333333333334,-0.7376581946785191,-1.1279227620714294
203,36,143,40.766666666666666,-0.8111913898577192,-1.0794916442004288
203,36,144,40.8,-0.8790681854077665,-0.9176240521418909
203,36,145,40.833333333333336,-0.8666241062236006,-0.636774979184167
203,36,146,40.86666666666667,-0.5057458098825275,-0.25316901813571646
203,36,147,40.9,0.23071742183550625,0.194748418972221
203,36,148,40.93333333333333,1.1572356810934394,0.6519974141545994
203,36,149,40.96666666666667,1.777177080450536,1.0577005535067419
203,36,150,41.0,1.8801235537014032,1.3576916301247761
203,36,151,41.03333333333333,1.6578270482750335,1.5153962567964152
203,36,152,41.06666666666667,1.3110897510068744,1.5180661909789943
203,36,153,41.1,0.7584595072370027,1.3771589548095806
203,36,154,41.13333333333333,0.5044871638872446,1.1233889817603113
203,36,155,41.166666666666664,0.4383072882259667,0.7982429196644587
203,36,156,41.2,0.47168004603806,0.44439291492453514
203,36,157,41.233333333333334,0.44566060774386723,0.09743485835759551
203,36,158,41.266666666666666,0.29180653783047544,-0.21919969506990283
203,36,159,41.3,0.032177794851543054,-0.4952908526802692
203,36,160,41.333333333333336,-0.17993719124236046,-0.7310903342758517
203,36,161,41.36666666666667,-0.4525756533683244,-0.9319399991530887
203,36,162,41.4,-0.631317881650113,-1.1018548509732768
203,36,163,41.43333333333333,-0.7732935123422908,-1.2378632875384028
203,36,164,41.46666666666667,-0.8677553861494182,-1.3269338050059585
203,36,165,41.5,-0.9147035030715382,-1.346943777744657
203,36,166,41.53333333333333,-0.9378947415511438,-1.2721053082028022
203,36,167,41.56666666666667,-0.6646906394622063,-1.0817359011857264
203,36,168,41.6,0.057631593182891856,-0.7697756545849436
203,36,169,41.63333333333333,0.9553022143320667,-0.3516602159514688
203,36,170,41.666666666666664,1.6821495666804784,0.1344120360692614
203,36,171,41.7,1.8920019929226604,0.6329935299221294
203,36,172,41.733333333333334,1.740976122823834,1.0822686009913076
203,36,173,41.766666666666666,1.453631021661961,1.426833615585208
203,36,174,41.8,1.1232972833184804,1.6284871196037813
203,36,175,41.833333333333336,0.7957917447895007,1.6722757105531496
203,36,176,41.86666666666667,0.5169312430714105,1.5669081830218814
203,36,177,41.9,0.4224693692642832,1.3403356485748896
203,36,178,41.93333333333333,0.37665253226800227,1.032230037292955
203,36,179,41.96666666666667,0.32800749545715585,0.6853201441238778
203,36,180,42.0,0.13908374784285799,0.33739107750952035
203,36,181,42.03333333333333,-0.09735375665646875,0.015437138840539589
203,36,182,42.06666666666667,-0.380173738114942,-0.2669854934342063
203,36,183,42.1,-0.6160456026513599,-0.5088281349294631
203,36,184,42.13333333333333,-0.8066662701544057,-0.7175393810131176
203,36,185,42.166666666666664,-0.9509044606982187,-0.9032149951247206
203,36,186,42.2,-1.0453663345053676,-1.0724522910201277
203,36,187,42.233333333333334,-1.092314451427466,-1.2234250410740253
203,36,188,42.266666666666666,-1.0962739311678924,-1.3435171803243644
203,36,189,42.3,-1.1437876880529212,-1.410465332160515
203,36,190,42.333333333333336,-1.19130144493795,-1.3972349367193475
203,36,191,42.36666666666667,-1.0674262930591125,-1.2798432257534296
203,36,192,42.4,-0.4853827712174225,-1.0462529312132078
203,36,193,42.43333333333333,0.3981468508588384,-0.7035865821049954
203,36,194,42.46666666666667,1.263575994121932,-0.2807300876174387
203,36,195,42.5,1.6900685261612876,0.1754623232803118
203,36,196,42.53333333333333,1.6685742075704515,0.6097088453442054
203,36,197,42.56666666666667,1.4508028218473739,0.9704951466053635
203,36,198,42.6,1.1674172004259917,1.220834701750179
203,36,199,42.63333333333333,0.884031579004545,1.3443129885200589
203,36,200,42.666666666666664,0.5893331583248146,1.3451932354242315
203,36,201,42.7,0.38853097148925947,1.2436357434640375
203,36,202,42.733333333333334,0.3291387753829734,1.0685457692422027
203,36,203,42.766666666666666,0.24712098076001207,0.8506575141237923
203,36,204,42.8,0.11872070917783945,0.6173967045874021
203,36,205,42.833333333333336,-0.07020303843645843,0.38987418141942626
203,36,206,42.86666666666667,-0.29193390389989765,0.1818642826970805
203,36,207,42.9,-0.5753195253213444,0.0005148592606464466
203,36,208,42.93333333333333,-0.7795155519343522,-0.15174103780706427
203,36,209,42.96666666666667,-0.96843929954865,-0.2749182759478283
203,36,210,43.0,-1.1098492902779191,-0.3696914672343671
203,36,211,43.03333333333333,-1.19130144493795,-0.43654772552725046
203,36,212,43.06666666666667,-1.2682284798946675,-0.4758303794444224
203,36,213,43.1,-1.3151765968167877,-0.48825721587717297
203,36,214,43.13333333333333,-1.409638470623915,-0.4754494701476705
203,36,215,43.166666666666664,-1.456586587546035,-0.4402044054521216
203,36,216,43.2,-1.5985622182381913,-0.3864912165010431
203,36,217,43.233333333333334,-1.7196091703024416,-0.3193004771794734
203,36,218,43.266666666666666,-1.8089802844433251,-0.24447505028934358
203,36,219,43.3,-1.5612299806856933,-0.16853440904379863
203,36,220,43.333333333333336,-0.7274766753459451,-0.09836768293001424
203,36,221,43.36666666666667,0.31160393653269325,-0.040602422707985246
203,36,222,43.4,1.1131157639859497,-0.0005299968915931314
203,36,223,43.43333333333333,1.303736431488974,0.0192670123566614
203,36,224,43.46666666666667,1.116509603763467,0.02007801716788396
203,36,225,43.5,0.8331239823420202,0.00734614933421024
203,36,226,43.53333333333333,0.5022246040355446,-0.010348860798230029
203,36,227,43.56666666666667,0.23976766124208992,-0.023459624917566178
203,36,228,43.6,0.023693195407781725,-0.024084733490058234
203,36,229,43.63333333333333,-0.00345752281222859,-0.008080134444373131
203,36,230,43.666666666666664,-0.00345752281222859,0.024046957115087027
203,36,231,43.7,-0.022123641588499186,0.0676029039813758
203,36,232,43.733333333333334,-0.18219975109399558,0.1150918580880546
203,36,233,43.766666666666666,-0.3886583375587249,0.15788899684590757
203,36,234,43.8,-0.6550747600926491,0.18785754669406912
203,36,235,43.833333333333336,-0.8915122645919326,0.1988528130923631
203,36,236,43.86666666666667,-1.0804360122062304,0.1879598636413997
203,36,237,43.9,-1.2065737239367031,0.15612218011463588
203,36,238,43.93333333333333,-1.3010355977438521,0.10793874835205405
203,36,239,43.96666666666667,-1.347983714665972,0.05072830577821323
203,37,0,37.0,-0.6482870805376141,-0.0742273223378056
203,37,1,37.03333333333333,-0.8847245850369408,-0.48243685754026594
203,37,2,37.06666666666667,-1.0736483326511954,-0.8519909926011722
203,37,3,37.1,-1.1794230057166928,-1.1494418659096728
203,37,4,37.13333333333333,-1.238815201822979,-1.3483159517090653
203,37,5,37.166666666666664,-1.238815201822979,-1.4320242541442598
203,37,6,37.2,-1.2863289587080078,-1.3950329067189413
203,37,7,37.233333333333334,-1.172069686198749,-1.2423701218965546
203,37,8,37.266666666666666,-0.6912757177193295,-0.988195612101524
203,37,9,37.3,0.3359264549380516,-0.654103565934445
203,37,10,37.333333333333336,1.4694689406235797,-0.26751010252148844
203,37,11,37.36666666666667,2.11656105820073,0.1398846946016369
203,37,12,37.4,2.121086177904043,0.5338717938838861
203,37,13,37.43333333333333,1.7471981624159387,0.8801611552221437
203,37,14,37.46666666666667,1.274888793380194,1.1476792087229581
203,37,15,37.5,0.8314270624532291,1.3124508563131363
203,37,16,37.53333333333333,0.5293753222555981,1.3611796188123437
203,37,17,37.56666666666667,0.39644993097009046,1.293361177672678
203,37,18,37.6,0.4241662891530311,1.121084154803924
203,37,19,37.63333333333333,0.47168004603806,0.8663846075979468
203,37,20,37.666666666666664,0.3721274125646456,0.5567722723465075
203,37,21,37.7,0.15774986661912857,0.22019047769109368
203,37,22,37.733333333333334,-0.07812199791728937,-0.11894770884782947
203,37,23,37.766666666666666,-0.36150761933867137,-0.4412500240258238
203,37,24,37.8,-0.6211363623176037,-0.7309821461900967
203,37,25,37.833333333333336,-0.8100601099319016,-0.9728054100836566
203,37,26,37.86666666666667,-0.9288445021444521,-1.1485514103548538
203,37,27,37.9,-1.023306375951601,-1.2361812646625137
203,37,28,37.93333333333333,-1.0702544928737212,-1.212416319209839
203,37,29,37.96666666666667,-1.0962739311678924,-1.0591969723587473
203,37,30,38.0,-1.0080340969528263,-0.7724923894699138
203,37,31,38.03333333333333,-0.5577846864709562,-0.3704196140098497
203,37,32,38.06666666666667,0.32235109582798166,0.10324126232200524
203,37,33,38.1,1.371047587076199,0.5832625615785542
203,37,34,38.13333333333333,2.046421702799004,0.9953059501833672
203,37,35,38.166666666666664,2.0520781024281782,1.2733207450400903
203,37,36,38.2,1.7172192443812548,1.3764806046761446
203,37,37,38.233333333333334,1.244909875345618,1.2996019937343677
203,37,38,38.266666666666666,0.8359521821565857,1.0727413273736888
203,37,39,38.3,0.48864924492558265,0.7497437226578488
203,37,40,38.333333333333336,0.37665253226800227,0.39055944332943116
203,37,41,38.36666666666667,0.3907935313409378,0.04481715434607462
203,37,42,38.4,0.4241662891530311,-0.25763104970039424
203,37,43,38.43333333333333,0.35063309397380954,-0.5076744915453132
203,37,44,38.46666666666667,0.10175151029036,-0.7112958290131232
203,37,45,38.5,-0.13412035424605795,-0.8806197642661924
203,37,46,38.53333333333333,-0.41750597566750475,-1.02484305774049
203,37,47,38.56666666666667,-0.6426306809084399,-1.1434043899217083
203,37,48,38.6,-0.8315544285227378,-1.2229385617923811
203,37,49,38.63333333333333,-0.9633485398824062,-1.2388939376928363
203,37,50,38.666666666666664,-1.0578104136895337,-1.161918452233255
203,37,51,38.7,-1.0962739311678924,-0.967972671470701
203,37,52,38.733333333333334,-1.0170843363595397,-0.6496616399231874
203,37,53,38.766666666666666,-0.45992897288624657,-0.22505935348276182
203,37,54,38.8,0.5191938029232833,0.25987461592884703
203,37,55,38.833333333333336,1.7319258834171423,0.7377449990618744
203,37,56,38.86666666666667,1.9332937102156063,1.1345203929086378
203,37,57,38.9,1.681583926717483,1.3886646207910351
203,37,58,38.93333333333333,1.2567883145668752,1.4680910544249182
203,37,59,38.96666666666667,0.7884384252715569,1.3783859851701432
203,37,60,39.0,0.41737860959803935,1.1587171188429741
203,37,61,39.03333333333333,0.2816250184979446,0.8669391965605407
203,37,62,39.06666666666667,0.2838875783496229,0.5603617720040729
203,37,63,39.1,0.37665253226800227,0.28037932466705845
203,37,64,39.13333333333333,0.3268762155312951,0.046319307380274184
203,37,65,39.166666666666664,0.13738682795413165,-0.1412356775836211
203,37,66,39.2,-0.0984850365822863,-0.29136590170662435
203,37,67,39.233333333333334,-0.3818706580037331,-0.413016375599009
203,37,68,39.266666666666666,-0.6188738024659254,-0.5084642891812676
203,37,69,39.3,-0.8077975500802232,-0.571837615049775
203,37,70,39.333333333333336,-0.9039563437761202,-0.5923925739390749
203,37,71,39.36666666666667,-0.9984182175832476,-0.5606725497807972
203,37,72,39.4,-1.0928800913903964,-0.47468548967749846
203,37,73,39.43333333333333,-0.9656110997340845,-0.34339047581041715
203,37,74,39.46666666666667,-0.5057458098825275,-0.18621098573963543
203,37,75,39.5,0.3732586924905928,-0.028966712160436565
203,37,76,39.53333333333333,1.2760200733060114,0.10243198755768915
203,37,77,39.56666666666667,1.7833991200426191,0.18871214991673102
203,37,78,39.6,1.7274007637137856,0.22219343811944847
203,37,79,39.63333333333333,1.3636942675581902,0.2080271474660768
203,37,80,39.666666666666664,0.8913848985224455,0.16114462549456743
203,37,81,39.7,0.45810468692807643,0.10021803881699093
203,37,82,39.733333333333334,0.20469798354122706,0.04122510288677705
203,37,83,39.766666666666666,0.22449538224333682,-0.006866185498285352
203,37,84,39.8,0.31895725605046416,-0.04316110037686297
203,37,85,39.833333333333336,0.3291387753829734,-0.07310233787091652
203,37,86,39.86666666666667,0.2092231032445837,-0.10512091656929802
203,37,87,39.9,0.02029935563028584,-0.14680771468116904
203,37,88,39.93333333333333,-0.2161381488690409,-0.2014718897400023
203,37,89,39.96666666666667,-0.4525756533683244,-0.26575723621538067
203,37,90,40.0,-0.6414994009826223,-0.32888244016286733
203,37,91,40.03333333333333,-0.7829093917118913,-0.37395674325435313
203,37,92,40.06666666666667,-0.8915122645919326,-0.3815266428092459
203,37,93,40.1,-0.9384603815140526,-0.3348740814064442
203,37,94,40.13333333333333,-0.890380984666115,-0.22573058420399003
203,37,95,40.166666666666664,-0.4983924903646053,-0.05854049250797131
203,37,96,40.2,0.27144349916552174,0.14834675305013176
203,37,97,40.233333333333334,1.1691141203146966,0.3652999773221096
203,37,98,40.266666666666666,1.7002500454938185,0.5574822797707519
203,37,99,40.3,1.7155223244925284,0.6929049945321109
203,37,100,40.333333333333336,1.3755727067794474,0.7501340426866829
203,37,101,40.36666666666667,0.9032633377437028,0.723217294170143
203,37,102,40.4,0.5056184438131053,0.6222844076728942
203,37,103,40.43333333333333,0.27596861886877033,0.4697239041939366
203,37,104,40.46666666666667,0.26013069990710846,0.29323471561934283
203,37,105,40.5,0.3545925737142358,0.11803200046020802
203,37,106,40.53333333333333,0.37665253226800227,-0.039182830538588995
203,37,107,40.56666666666667,0.280493738572127,-0.17251931239604598
203,37,108,40.6,0.044056234072800265,-0.2850504828223766
203,37,109,40.63333333333333,-0.16805875202110326,-0.3840832160983724
203,37,110,40.666666666666664,-0.4039306165574564,-0.4757240827023136
203,37,111,40.7,-0.5956825639863413,-0.5608094509855779
203,37,112,40.733333333333334,-0.7376581946785191,-0.6333889894157342
203,37,113,40.766666666666666,-0.8111913898577192,-0.6818234248816156
203,37,114,40.8,-0.8790681854077665,-0.6917110156732128
203,37,115,40.833333333333336,-0.8666241062236006,-0.6496001566591169
203,37,116,40.86666666666667,-0.5057458098825275,-0.5466871468296358
203,37,117,40.9,0.23071742183550625,-0.38192140682414294
203,37,118,40.93333333333333,1.1572356810934394,-0.16383247322179514
203,37,119,40.96666666666667,1.777177080450536,0.08963505785205034
203,37,120,41.0,1.8801235537014032,0.3534811836516868
203,37,121,41.03333333333333,1.6578270482750335,0.5995614924920053
203,37,122,41.06666666666667,1.3110897510068744,0.8008026774667436
203,37,123,41.1,0.7584595072370027,0.9346084503939323
203,37,124,41.13333333333333,0.5044871638872446,0.9851701052175924
203,37,125,41.166666666666664,0.4383072882259667,0.9450937210164235
203,37,126,41.2,0.47168004603806,0.8166197575233353
203,37,127,41.233333333333334,0.44566060774386723,0.6120145828054916
203,37,128,41.266666666666666,0.29180653783047544,0.35225254668052586
203,37,129,41.3,0.032177794851543054,0.06352392708151738
203,37,130,41.333333333333336,-0.17993719124236046,-0.22764037788038724
203,37,131,41.36666666666667,-0.4525756533683244,-0.4987235562706826
203,37,132,41.4,-0.631317881650113,-0.7331801624507893
203,37,133,41.43333333333333,-0.7732935123422908,-0.9193456773626514
203,37,134,41.46666666666667,-0.8677553861494182,-1.047352286319551
203,37,135,41.5,-0.9147035030715382,-1.106221746581775
203,37,136,41.53333333333333,-0.9378947415511438,-1.0831685448484725
203,37,137,41.56666666666667,-0.6646906394622063,-0.966079597631033
203,37,138,41.6,0.057631593182891856,-0.7487912372826157
203,37,139,41.63333333333333,0.9553022143320667,-0.43740113342464143
203,37,140,41.666666666666664,1.6821495666804784,-0.05476167759023761
203,37,141,41.7,1.8920019929226604,0.35962684501817666
203,37,142,41.733333333333334,1.740976122823834,0.7554231553148446
203,37,143,41.766666666666666,1.453631021661961,1.0816104494649186
203,37,144,41.8,1.1232972833184804,1.2977909121564228
203,37,145,41.833333333333336,0.7957917447895007,1.3828224857975608
203,37,146,41.86666666666667,0.5169312430714105,1.3379525340467464
203,37,147,41.9,0.4224693692642832,1.1836970416551986
203,37,148,41.93333333333333,0.37665253226800227,0.9521147585769766
203,37,149,41.96666666666667,0.32800749545715585,0.6776338355703417
203,37,150,42.0,0.13908374784285799,0.3894839194372734
203,37,151,42.03333333333333,-0.09735375665646875,0.10750708813098567
203,37,152,42.06666666666667,-0.380173738114942,-0.15839645594802385
203,37,153,42.1,-0.6160456026513599,-0.4060374640082179
203,37,154,42.13333333333333,-0.8066662701544057,-0.6372096686927822
203,37,155,42.166666666666664,-0.9509044606982187,-0.8536035391358106
203,37,156,42.2,-1.0453663345053676,-1.053100847422031
203,37,157,42.233333333333334,-1.092314451427466,-1.2269905572981934
203,37,158,42.266666666666666,-1.0962739311678924,-1.3588090836439566
203,37,159,42.3,-1.1437876880529212,-1.425633144474788
203,37,160,42.333333333333336,-1.19130144493795,-1.4022768476911365
203,37,161,42.36666666666667,-1.0674262930591125,-1.2679710725936644
203,37,162,42.4,-0.4853827712174225,-1.014048047855476
203,37,163,42.43333333333333,0.3981468508588384,-0.6502727942290292
203,37,164,42.46666666666667,1.263575994121932,-0.2072045318910958
203,37,165,42.5,1.6900685261612876,0.2671451503462372
203,37,166,42.53333333333333,1.6685742075704515,0.7160759407371268
203,37,167,42.56666666666667,1.4508028218473739,1.0859502275444404
203,37,168,42.6,1.1674172004259917,1.3373383480752286
203,37,169,42.63333333333333,0.884031579004545,1.4521599758318429
203,37,170,42.666666666666664,0.5893331583248146,1.434797543632025
203,37,171,42.7,0.38853097148925947,1.3073414508237697
203,37,172,42.733333333333334,0.3291387753829734,1.1013598570088445
203,37,173,42.766666666666666,0.24712098076001207,0.8496219367001264
203,37,174,42.8,0.11872070917783945,0.5803967696025454
203,37,175,42.833333333333336,-0.07020303843645843,0.3151568902429347
203,37,176,42.86666666666667,-0.29193390389989765,0.06900968397092119
203,37,177,42.9,-0.5753195253213444,-0.1475384418842361
203,37,178,42.93333333333333,-0.7795155519343522,-0.32687706045242415
203,37,179,42.96666666666667,-0.96843929954865,-0.46352155109487475
203,37,180,43.0,-1.1098492902779191,-0.5544155739183407
203,37,181,43.03333333333333,-1.19130144493795,-0.5998157073366118
203,37,182,43.06666666666667,-1.2682284798946675,-0.603977910115496
203,37,183,43.1,-1.3151765968167877,-0.5749430387613746
203,37,184,43.13333333333333,-1.409638470623915,-0.5230846156063471
203,37,185,43.166666666666664,-1.456586587546035,-0.4586575938214871
203,37,186,43.2,-1.5985622182381913,-0.3891905405724248
203,37,187,43.233333333333334,-1.7196091703024416,-0.31784021281709296
203,37,188,43.266666666666666,-1.8089802844433251,-0.24352924675496382
203,37,189,43.3,-1.5612299806856933,-0.1629367424491302
203,37,190,43.333333333333336,-0.7274766753459451,-0.07356980711414775
203,37,191,43.36666666666667,0.31160393653269325,0.023393373079033546
203,37,192,43.4,1.1131157639859497,0.12175624194571137
203,37,193,43.43333333333333,1.303736431488974,0.21106662250375818
203,37,194,43.46666666666667,1.116509603763467,0.2791371285120258
203,37,195,43.5,0.8331239823420202,0.3152959759562394
203,37,196,43.53333333333333,0.5022246040355446,0.3133194481626482
203,37,197,43.56666666666667,0.23976766124208992,0.2732928620643929
203,37,198,43.6,0.023693195407781725,0.20187573214528204
203,37,199,43.63333333333333,-0.00345752281222859,0.11081531285140715
203,37,200,43.666666666666664,-0.00345752281222859,0.014230357630707803
203,37,201,43.7,-0.022123641588499186,-0.0743181612361246
203,37,202,43.733333333333334,-0.18219975109399558,-0.14409570305075825
203,37,203,43.766666666666666,-0.3886583375587249,-0.18842799830580606
203,37,204,43.8,-0.6550747600926491,-0.20490708759274512
203,37,205,43.833333333333336,-0.8915122645919326,-0.19477642949366003
203,37,206,43.86666666666667,-1.0804360122062304,-0.16183743890247532
203,37,207,43.9,-1.2065737239367031,-0.11127904958620383
203,37,208,43.93333333333333,-1.3010355977438521,-0.048761311391594064
203,37,209,43.96666666666667,-1.347983714665972,0.020092947742184473
203,37,210,44.0,-1.3813564724780656,0.08984636937813305
203,37,211,44.03333333333333,-1.3813564724780656,0.15520797825728222
203,37,212,44.06666666666667,-1.4288702293630944,0.21098127717594867
203,37,213,44.1,-1.4407486685843516,0.2521187358586206
203,37,214,44.13333333333333,-1.5352105423915006,0.2739502818875796
203,37,215,44.166666666666664,-1.582158659313599,0.2725533923109366
203,37,216,44.2,-1.5985622182381913,0.2451083273095707
203,37,217,44.233333333333334,-1.209401923751204,0.19018871801454226
203,37,218,44.266666666666666,-0.33152870130411716,0.10830122599846924
203,37,219,44.3,0.6345843553582083,0.003043239174061706
203,37,220,44.333333333333336,1.1923053587943238,-0.11737710863879385
203,37,221,44.36666666666667,1.1221660033926197,-0.23928214256445787
203,37,222,44.4,0.8246393828982373,-0.34449431067221153
203,37,223,44.43333333333333,0.49430564455475684,-0.4136098768233608
203,37,224,44.46666666666667,0.1696283058403642,-0.4308749103774093
203,37,225,44.5,-0.013639042144759467,-0.3890079480854729
203,37,226,44.53333333333333,-0.0984850365822863,-0.29215711902167296
203,37,227,44.56666666666667,-0.09452555684186004,-0.15580912423407028
203,37,228,44.6,-0.05097127969725745,-0.0035126947419769827
203,37,229,44.63333333333333,-0.10414143621146052,0.1386637596404709
203,37,230,44.666666666666664,-0.2930651838257584,0.24830037314706332
203,37,231,44.7,-0.5295026883250419,0.3116328139191569
203,37,232,44.733333333333334,-0.7659401928243686,0.3260585666373373
203,37,233,44.766666666666666,-0.9548639404386665,0.2995969370958506
203,37,234,44.8,-1.0962739311678924,0.2475975211906447
203,37,235,44.833333333333336,-1.2382495618600702,0.18773080409386686
203,37,236,44.86666666666667,-1.2863289587080078,0.13479847668291486
203,37,237,44.9,-1.3338427155930366,0.09691695007022347
203,37,238,44.93333333333333,-1.3813564724780656,0.07406868868563157
203,37,239,44.96666666666667,-1.4260420295485072,0.05921761636019729
203,38,0,38.0,-1.0080340969528263,0.11434188091094867
203,38,1,38.03333333333333,-0.5577846864709562,0.49448403973816835
203,38,2,38.06666666666667,0.32235109582798166,0.8210789348696416
203,38,3,38.1,1.371047587076199,1.0529428194564074
203,38,4,38.13333333333333,2.046421702799004,1.1663975166793517
203,38,5,38.166666666666664,2.0520781024281782,1.1586739375672113
203,38,6,38.2,1.7172192443812548,1.0458006881198314
203,38,7,38.233333333333334,1.244909875345618,0.8562017721984964
203,38,8,38.266666666666666,0.8359521821565857,0.6225913736281935
203,38,9,38.3,0.48864924492558265,0.3747310746078653
203,38,10,38.333333333333336,0.37665253226800227,0.13464146688863265
203,38,11,38.36666666666667,0.3907935313409378,-0.0853658414662923
203,38,12,38.4,0.4241662891530311,-0.2823159916583116
203,38,13,38.43333333333333,0.35063309397380954,-0.460496866861818
203,38,14,38.46666666666667,0.10175151029036,-0.6279926588614169
203,38,15,38.5,-0.13412035424605795,-0.7920138379736199
203,38,16,38.53333333333333,-0.41750597566750475,-0.9537318779175407
203,38,17,38.56666666666667,-0.6426306809084399,-1.1040142492642824
203,38,18,38.6,-0.8315544285227378,-1.2216438986285243
203,38,19,38.63333333333333,-0.9633485398824062,-1.2752379393686202
203,38,20,38.666666666666664,-1.0578104136895337,-1.2293469369768657
203,38,21,38.7,-1.0962739311678924,-1.0541456078349676
203,38,22,38.733333333333334,-1.0170843363595397,-0.736785352192127
203,38,23,38.766666666666666,-0.45992897288624657,-0.29119949291455804
203,38,24,38.8,0.5191938029232833,0.2375076856283897
203,38,25,38.833333333333336,1.7319258834171423,0.7773831345626213
203,38,26,38.86666666666667,1.9332937102156063,1.243727989733987
203,38,27,38.9,1.681583926717483,1.560244076594612
203,38,28,38.93333333333333,1.2567883145668752,1.6803712680432714
203,38,29,38.96666666666667,0.7884384252715569,1.600255163205759
203,38,30,39.0,0.41737860959803935,1.3574705819624338
203,38,31,39.03333333333333,0.2816250184979446,1.0158921429132877
203,38,32,39.06666666666667,0.2838875783496229,0.6437659406047014
203,38,33,39.1,0.37665253226800227,0.2948347369707859
203,38,34,39.13333333333333,0.3268762155312951,-0.00068046497214871
203,38,35,39.166666666666664,0.13738682795413165,-0.23446246306397106
203,38,36,39.2,-0.0984850365822863,-0.4117621480014153
203,38,37,39.233333333333334,-0.3818706580037331,-0.5417670467025838
203,38,38,39.266666666666666,-0.6188738024659254,-0.6307846060038598
203,38,39,39.3,-0.8077975500802232,-0.6798329675075102
203,38,40,39.333333333333336,-0.9039563437761202,-0.6861202929453041
203,38,41,39.36666666666667,-0.9984182175832476,-0.6467208884917492
203,38,42,39.4,-1.0928800913903964,-0.5624119677712941
203,38,43,39.43333333333333,-0.9656110997340845,-0.4400440523680228
203,38,44,39.46666666666667,-0.5057458098825275,-0.29274990948319246
203,38,45,39.5,0.3732586924905928,-0.13816925893744736
203,38,46,39.53333333333333,1.2760200733060114,0.004704426991053834
203,38,47,39.56666666666667,1.7833991200426191,0.11920017304565654
203,38,48,39.6,1.7274007637137856,0.1940211670823048
203,38,49,39.63333333333333,1.3636942675581902,0.2246428813325025
203,38,50,39.666666666666664,0.8913848985224455,0.21286253713671238
203,38,51,39.7,0.45810468692807643,0.16520556546284096
203,38,52,39.733333333333334,0.20469798354122706,0.09112700585212279
203,38,53,39.766666666666666,0.22449538224333682,0.0015899644091242364
203,38,54,39.8,0.31895725605046416,-0.09187610166263287
203,38,55,39.833333333333336,0.3291387753829734,-0.17785891298974058
203,38,56,39.86666666666667,0.2092231032445837,-0.24579237014789745
203,38,57,39.9,0.02029935563028584,-0.28689661550436873
203,38,58,39.93333333333333,-0.2161381488690409,-0.2952302376924776
203,38,59,39.96666666666667,-0.4525756533683244,-0.26847719922752517
203,38,60,40.0,-0.6414994009826223,-0.20799247553539704
203,38,61,40.03333333333333,-0.7829093917118913,-0.11800720909155385
203,38,62,40.06666666666667,-0.8915122645919326,-0.004629059172860594
203,38,63,40.1,-0.9384603815140526,0.12451067236961268
203,38,64,40.13333333333333,-0.890380984666115,0.25989396958551353
203,38,65,40.166666666666664,-0.4983924903646053,0.3898273527873409
203,38,66,40.2,0.27144349916552174,0.5009775907419841
203,38,67,40.233333333333334,1.1691141203146966,0.5798766362994436
203,38,68,40.266666666666666,1.7002500454938185,0.6151016573531977
203,38,69,40.3,1.7155223244925284,0.5996299122190359
203,38,70,40.333333333333336,1.3755727067794474,0.532709019565412
203,38,71,40.36666666666667,0.9032633377437028,0.4205541415885146
203,38,72,40.4,0.5056184438131053,0.27543401072778234
203,38,73,40.43333333333333,0.27596861886877033,0.11319799797281699
203,38,74,40.46666666666667,0.26013069990710846,-0.05014173859726022
203,38,75,40.5,0.3545925737142358,-0.20172080668812337
203,38,76,40.53333333333333,0.37665253226800227,-0.33386276150485006
203,38,77,40.56666666666667,0.280493738572127,-0.4440754053107364
203,38,78,40.6,0.044056234072800265,-0.5330708215221924
203,38,79,40.63333333333333,-0.16805875202110326,-0.6017676018896965
203,38,80,40.666666666666664,-0.4039306165574564,-0.6486938427833567
203,38,81,40.7,-0.5956825639863413,-0.6689910378339223
203,38,82,40.733333333333334,-0.7376581946785191,-0.6554213702297197
203,38,83,40.766666666666666,-0.8111913898577192,-0.6008578937494594
203,38,84,40.8,-0.8790681854077665,-0.5011704791899786
203,38,85,40.833333333333336,-0.8666241062236006,-0.35739361056802293
203,38,86,40.86666666666667,-0.5057458098825275,-0.1764910240809749
203,38,87,40.9,0.23071742183550625,0.029323051228749744
203,38,88,40.93333333333333,1.1572356810934394,0.24419683069439
203,38,89,40.96666666666667,1.777177080450536,0.45051070934086945
203,38,90,41.0,1.8801235537014032,0.6305832321315775
203,38,91,41.03333333333333,1.6578270482750335,0.7681456415618365
203,38,92,41.06666666666667,1.3110897510068744,0.8496558530115126
203,38,93,41.1,0.7584595072370027,0.8655237204197612
203,38,94,41.13333333333333,0.5044871638872446,0.8113268745313135
203,38,95,41.166666666666664,0.4383072882259667,0.688979085785669
203,38,96,41.2,0.47168004603806,0.5074876551614275
203,38,97,41.233333333333334,0.44566060774386723,0.2826773651086324
203,38,98,41.266666666666666,0.29180653783047544,0.03539985276623626
203,38,99,41.3,0.032177794851543054,-0.21165688721149026
203,38,100,41.333333333333336,-0.17993719124236046,-0.4376597580274221
203,38,101,41.36666666666667,-0.4525756533683244,-0.6264561553559291
203,38,102,41.4,-0.631317881650113,-0.7674190409052797
203,38,103,41.43333333333333,-0.7732935123422908,-0.8541390658090023
203,38,104,41.46666666666667,-0.8677553861494182,-0.8819746062859576
203,38,105,41.5,-0.9147035030715382,-0.8461774164788428
203,38,106,41.53333333333333,-0.9378947415511438,-0.7420581210332334
203,38,107,41.56666666666667,-0.6646906394622063,-0.5676218955482377
203,38,108,41.6,0.057631593182891856,-0.3278156333355127
203,38,109,41.63333333333333,0.9553022143320667,-0.038439398934524596
203,38,110,41.666666666666664,1.6821495666804784,0.27266271878688947
203,38,111,41.7,1.8920019929226604,0.568817285817472
203,38,112,41.733333333333334,1.740976122823834,0.8119642254345785
203,38,113,41.766666666666666,1.453631021661961,0.9719438435579788
203,38,114,41.8,1.1232972833184804,1.0339195902391798
203,38,115,41.833333333333336,0.7957917447895007,1.0007966674654958
203,38,116,41.86666666666667,0.5169312430714105,0.8899177227070525
203,38,117,41.9,0.4224693692642832,0.7260004240716939
203,38,118,41.93333333333333,0.37665253226800227,0.5335378543417806
203,38,119,41.96666666666667,0.32800749545715585,0.3313929477222123
203,38,120,42.0,0.13908374784285799,0.13076881362573345
203,38,121,42.03333333333333,-0.09735375665646875,-0.06388544654937998
203,38,122,42.06666666666667,-0.380173738114942,-0.25238798338134905
203,38,123,42.1,-0.6160456026513599,-0.43612534972580197
203,38,124,42.13333333333333,-0.8066662701544057,-0.6159106569812084
203,38,125,42.166666666666664,-0.9509044606982187,-0.79045124072039
203,38,126,42.2,-1.0453663345053676,-0.9550823285049334
203,38,127,42.233333333333334,-1.092314451427466,-1.1005020973913286
203,38,128,42.266666666666666,-1.0962739311678924,-1.2117037111253635
203,38,129,42.3,-1.1437876880529212,-1.2679168859676566
203,38,130,42.333333333333336,-1.19130144493795,-1.24474756512572
203,38,131,42.36666666666667,-1.0674262930591125,-1.119303188601496
203,38,132,42.4,-0.4853827712174225,-0.8777601869158781
203,38,133,42.43333333333333,0.3981468508588384,-0.523203997292249
203,38,134,42.46666666666667,1.263575994121932,-0.0806075107483407
203,38,135,42.5,1.6900685261612876,0.40381677732632126
203,38,136,42.53333333333333,1.6685742075704515,0.8698830904081343
203,38,137,42.56666666666667,1.4508028218473739,1.2558166332961094
203,38,138,42.6,1.1674172004259917,1.5121105425191337
203,38,139,42.63333333333333,0.884031579004545,1.6123731898093276
203,38,140,42.666666666666664,0.5893331583248146,1.5576374138942668
203,38,141,42.7,0.38853097148925947,1.3730862281999245
203,38,142,42.733333333333334,0.3291387753829734,1.0991231603195326
203,38,143,42.766666666666666,0.24712098076001207,0.7805695855350369
203,38,144,42.8,0.11872070917783945,0.4575459708848548
203,38,145,42.833333333333336,-0.07020303843645843,0.15997949714304557
203,38,146,42.86666666666667,-0.29193390389989765,-0.09402944917329512
203,38,147,42.9,-0.5753195253213444,-0.2968651609099564
203,38,148,42.93333333333333,-0.7795155519343522,-0.4483868590614612
203,38,149,42.96666666666667,-0.96843929954865,-0.5525224800475518
203,38,150,43.0,-1.1098492902779191,-0.6144998580584382
203,38,151,43.03333333333333,-1.19130144493795,-0.6393455109174765
203,38,152,43.06666666666667,-1.2682284798946675,-0.6317088625320106
203,38,153,43.1,-1.3151765968167877,-0.5965216321885515
203,38,154,43.13333333333333,-1.409638470623915,-0.5397152976582035
203,38,155,43.166666666666664,-1.456586587546035,-0.4682987930601462
203,38,156,43.2,-1.5985622182381913,-0.38951355173258334
203,38,157,43.233333333333334,-1.7196091703024416,-0.3093959879761568
203,38,158,43.266666666666666,-1.8089802844433251,-0.23159563775639905
203,38,159,43.3,-1.5612299806856933,-0.15728515124617945
203,38,160,43.333333333333336,-0.7274766753459451,-0.08632181619873615
203,38,161,43.36666666666667,0.31160393653269325,-0.018988229630100398
203,38,162,43.4,1.1131157639859497,0.04271959709166374
203,38,163,43.43333333333333,1.303736431488974,0.09499795943540168
203,38,164,43.46666666666667,1.116509603763467,0.13337461563284359
203,38,165,43.5,0.8331239823420202,0.1544782046102757
203,38,166,43.53333333333333,0.5022246040355446,0.15761483040644345
203,38,167,43.56666666666667,0.23976766124208992,0.14550235082503407
203,38,168,43.6,0.023693195407781725,0.12387171708904529
203,38,169,43.63333333333333,-0.00345752281222859,0.10006594079715238
203,38,170,43.666666666666664,-0.00345752281222859,0.08114400781941034
203,38,171,43.7,-0.022123641588499186,0.07215230104106177
203,38,172,43.733333333333334,-0.18219975109399558,0.07506909217257271
203,38,173,43.766666666666666,-0.3886583375587249,0.088589959940642
203,38,174,43.8,-0.6550747600926491,0.10862118108059007
203,38,175,43.833333333333336,-0.8915122645919326,0.129227238170072
203,38,176,43.86666666666667,-1.0804360122062304,0.14383430269329833
203,38,177,43.9,-1.2065737239367031,0.1465610840593713
203,38,178,43.93333333333333,-1.3010355977438521,0.13350140582036527
203,38,179,43.96666666666667,-1.347983714665972,0.1036934986837222
203,38,180,44.0,-1.3813564724780656,0.05950504366096856
203,38,181,44.03333333333333,-1.3813564724780656,0.006240569595183598
203,38,182,44.06666666666667,-1.4288702293630944,-0.049072460993137994
203,38,183,44.1,-1.4407486685843516,-0.0994533200869313
203,38,184,44.13333333333333,-1.5352105423915006,-0.13963379845580653
203,38,185,44.166666666666664,-1.582158659313599,-0.16690946947965976
203,38,186,44.2,-1.5985622182381913,-0.18097350856916938
203,38,187,44.233333333333334,-1.209401923751204,-0.18310819537596723
203,38,188,44.266666666666666,-0.33152870130411716,-0.17522527093688586
203,38,189,44.3,0.6345843553582083,-0.15899904246091204
203,38,190,44.333333333333336,1.1923053587943238,-0.13512248858210102
203,38,191,44.36666666666667,1.1221660033926197,-0.10278068905886084
203,38,192,44.4,0.8246393828982373,-0.05969004934527776
203,38,193,44.43333333333333,0.49430564455475684,-0.0030454150964226334
203,38,194,44.46666666666667,0.1696283058403642,0.06877899819131415
203,38,195,44.5,-0.013639042144759467,0.15442751651649747
203,38,196,44.53333333333333,-0.0984850365822863,0.24833379610046202
203,38,197,44.56666666666667,-0.09452555684186004,0.3405318493685237
203,38,198,44.6,-0.05097127969725745,0.4178578874296225
203,38,199,44.63333333333333,-0.10414143621146052,0.4665837928748724
203,38,200,44.666666666666664,-0.2930651838257584,0.4758162842390235
203,38,201,44.7,-0.5295026883250419,0.44042619402928246
203,38,202,44.733333333333334,-0.7659401928243686,0.3623958523100609
203,38,203,44.766666666666666,-0.9548639404386665,0.2501219974360662
203,38,204,44.8,-1.0962739311678924,0.11594074846437898
203,38,205,44.833333333333336,-1.2382495618600702,-0.027242240127034304
203,38,206,44.86666666666667,-1.2863289587080078,-0.16895735707260448
203,38,207,44.9,-1.3338427155930366,-0.30269287237400916
203,38,208,44.93333333333333,-1.3813564724780656,-0.425526836737505
203,38,209,44.96666666666667,-1.4260420295485072,-0.5362830032793903
203,38,210,45.0,-1.4729901464706274,-0.6330664734786203
203,38,211,45.03333333333333,-1.5199382633927259,-0.7110973617205508
203,38,212,45.06666666666667,-1.6144001371998746,-0.7616412918234041
203,38,213,45.1,-1.7088620110070236,-0.7725803313351012
203,38,214,45.13333333333333,-1.5408669420206746,-0.7307559861162222
203,38,215,45.166666666666664,-0.7783842720084915,-0.6256954917816248
203,38,216,45.2,0.2544743002780639,-0.4538182430158408
203,38,217,45.233333333333334,1.2205873569401733,-0.22186418980021758
203,38,218,45.266666666666666,1.5565774949128928,0.05174209883057421
203,38,219,45.3,1.391410625741131,0.33845131349490654
203,38,220,45.333333333333336,1.030532329400058,0.6040855447930628
203,38,221,45.36666666666667,0.7380964685719409,0.8153012212430829
203,38,222,45.4,0.45471084715055893,0.9463170580113077
203,38,223,45.43333333333333,0.20809182331872295,0.9840115454505223
203,38,224,45.46666666666667,0.10288279021615596,0.929943270145369
203,38,225,45.5,0.09156999095782913,0.7988001025812148
203,38,226,45.53333333333333,0.09156999095782913,0.6139154697652042
203,38,227,45.56666666666667,0.009552196334867789,0.4013862877755078
203,38,228,45.6,-0.16636183213233371,0.1846533420664882
203,38,229,45.63333333333333,-0.43617209444377536,-0.018936291295287896
203,38,230,45.666666666666664,-0.6720439589801285,-0.19891477076268244
203,38,231,45.7,-0.9079158235165464,-0.35013803238583807
203,38,232,45.733333333333334,-1.0804360122062089,-0.4699472593221894
203,38,233,45.766666666666666,-1.2224116428983867,-0.555468726665373
203,38,234,45.8,-1.3168735167055357,-0.6023774496468473
203,38,235,45.833333333333336,-1.363821633627634,-0.6057525532775344
203,38,236,45.86666666666667,-1.3813564724780656,-0.5625090181987926
203,38,237,45.9,-1.4577178674718743,-0.47402849243419237
203,38,238,45.93333333333333,-1.5046659843939727,-0.3476342492174987
203,38,239,45.96666666666667,-1.5991278582011217,-0.19628030191103976
203,39,0,39.0,0.41737860959803935,0.016375894240934837
203,39,1,39.03333333333333,0.2816250184979446,0.08458006385803611
203,39,2,39.06666666666667,0.2838875783496229,0.14778723065112542
203,39,3,39.1,0.37665253226800227,0.20074528980974987
203,39,4,39.13333333333333,0.3268762155312951,0.23770738567723218
203,39,5,39.166666666666664,0.13738682795413165,0.25335674572404193
203,39,6,39.2,-0.0984850365822863,0.24450818796522816
203,39,7,39.233333333333334,-0.3818706580037331,0.21178262801981892
203,39,8,39.266666666666666,-0.6188738024659254,0.16030437861517646
203,39,9,39.3,-0.8077975500802232,0.09892148106058045
203,39,10,39.333333333333336,-0.9039563437761202,0.03813037975246917
203,39,11,39.36666666666667,-0.9984182175832476,-0.01263656664853241
203,39,12,39.4,-1.0928800913903964,-0.047616997572922995
203,39,13,39.43333333333333,-0.9656110997340845,-0.06651634602486714
203,39,14,39.46666666666667,-0.5057458098825275,-0.07477210120443893
203,39,15,39.5,0.3732586924905928,-0.08181550497904833
203,39,16,39.53333333333333,1.2760200733060114,-0.09765141864010127
203,39,17,39.56666666666667,1.7833991200426191,-0.1289442084505553
203,39,18,39.6,1.7274007637137856,-0.17612168515079285
203,39,19,39.63333333333333,1.3636942675581902,-0.23263180866464653
203,39,20,39.666666666666664,0.8913848985224455,-0.28662637346678665
203,39,21,39.7,0.45810468692807643,-0.32439260982458995
203,39,22,39.733333333333334,0.20469798354122706,-0.33422959378541994
203,39,23,39.766666666666666,0.22449538224333682,-0.30947892685372685
203,39,24,39.8,0.31895725605046416,-0.25002280644846986
203,39,25,39.833333333333336,0.3291387753829734,-0.1622357377647799
203,39,26,39.86666666666667,0.2092231032445837,-0.057663523476256646
203,39,27,39.9,0.02029935563028584,0.049287594057813626
203,39,28,39.93333333333333,-0.2161381488690409,0.14431796582236212
203,39,29,39.96666666666667,-0.4525756533683244,0.21633323043308478
203,39,30,40.0,-0.6414994009826223,0.2599278808743992
203,39,31,40.03333333333333,-0.7829093917118913,0.2764573581837518
203,39,32,40.06666666666667,-0.8915122645919326,0.27319326017237733
203,39,33,40.1,-0.9384603815140526,0.2606845858827404
203,39,34,40.13333333333333,-0.890380984666115,0.24917788227532844
203,39,35,40.166666666666664,-0.4983924903646053,0.24533655899063075
203,39,36,40.2,0.27144349916552174,0.25028376306799766
203,39,37,40.233333333333334,1.1691141203146966,0.25943096786550096
203,39,38,40.266666666666666,1.7002500454938185,0.26402590057348224
203,39,39,40.3,1.7155223244925284,0.2539430045260427
203,39,40,40.333333333333336,1.3755727067794474,0.2209105925992804
203,39,41,40.36666666666667,0.9032633377437028,0.1611897850578748
203,39,42,40.4,0.5056184438131053,0.07681790804058015
203,39,43,40.43333333333333,0.27596861886877033,-0.025009577068948526
203,39,44,40.46666666666667,0.26013069990710846,-0.13410688192204862
203,39,45,40.5,0.3545925737142358,-0.24003662737966897
203,39,46,40.53333333333333,0.37665253226800227,-0.33422494360369187
203,39,47,40.56666666666667,0.280493738572127,-0.4106565919885162
203,39,48,40.6,0.044056234072800265,-0.4651905854768524
203,39,49,40.63333333333333,-0.16805875202110326,-0.4942890912430234
203,39,50,40.666666666666664,-0.4039306165574564,-0.4941636413740535
203,39,51,40.7,-0.5956825639863413,-0.4610104170156533
203,39,52,40.733333333333334,-0.7376581946785191,-0.39238319165299285
203,39,53,40.766666666666666,-0.8111913898577192,-0.2890721074388091
203,39,54,40.8,-0.8790681854077665,-0.1564173034086911
203,39,55,40.833333333333336,-0.8666241062236006,-0.004207089480285036
203,39,56,40.86666666666667,-0.5057458098825275,0.15479270426319233
203,39,57,40.9,0.23071742183550625,0.30682611051707737
203,39,58,40.93333333333333,1.1572356810934394,0.4387925323942481
203,39,59,40.96666666666667,1.777177080450536,0.5393092060506083
203,39,60,41.0,1.8801235537014032,0.5995375037485712
203,39,61,41.03333333333333,1.6578270482750335,0.6141361626905152
203,39,62,41.06666666666667,1.3110897510068744,0.5821449366103741
203,39,63,41.1,0.7584595072370027,0.5072035805038333
203,39,64,41.13333333333333,0.5044871638872446,0.39682705143973623
203,39,65,41.166666666666664,0.4383072882259667,0.26101410706305306
203,39,66,41.2,0.47168004603806,0.1106185521416359
203,39,67,41.233333333333334,0.44566060774386723,-0.04423286388353858
203,39,68,41.266666666666666,0.29180653783047544,-0.19546234796604267
203,39,69,41.3,0.032177794851543054,-0.33784149206040465
203,39,70,41.333333333333336,-0.17993719124236046,-0.4689710996152009
203,39,71,41.36666666666667,-0.4525756533683244,-0.5881754064505647
203,39,72,41.4,-0.631317881650113,-0.6942364402853731
203,39,73,41.43333333333333,-0.7732935123422908,-0.7824165547234924
203,39,74,41.46666666666667,-0.8677553861494182,-0.8419731306884978
203,39,75,41.5,-0.9147035030715382,-0.855735830798396
203,39,76,41.53333333333333,-0.9378947415511438,-0.8028001416323527
203,39,77,41.56666666666667,-0.6646906394622063,-0.6642596337177947
203,39,78,41.6,0.057631593182891856,-0.4307013589771566
203,39,79,41.63333333333333,0.9553022143320667,-0.10918855890777981
203,39,80,41.666666666666664,1.6821495666804784,0.27307458389829303
203,39,81,41.7,1.8920019929226604,0.6707183878901147
203,39,82,41.733333333333334,1.740976122823834,1.0284052182385066
203,39,83,41.766666666666666,1.453631021661961,1.293411291637887
203,39,84,41.8,1.1232972833184804,1.4286987401671414
203,39,85,41.833333333333336,0.7957917447895007,1.4218670435992729
203,39,86,41.86666666666667,0.5169312430714105,1.286574453609965
203,39,87,41.9,0.4224693692642832,1.0560456475280573
203,39,88,41.93333333333333,0.37665253226800227,0.7718928977546025
203,39,89,41.96666666666667,0.32800749545715585,0.47322240074028393
203,39,90,42.0,0.13908374784285799,0.18954849497825263
203,39,91,42.03333333333333,-0.09735375665646875,-0.06185476575579148
203,39,92,42.06666666666667,-0.380173738114942,-0.27541062224972834
203,39,93,42.1,-0.6160456026513599,-0.45500674494280996
203,39,94,42.13333333333333,-0.8066662701544057,-0.6109120513972472
203,39,95,42.166666666666664,-0.9509044606982187,-0.7560330965393937
203,39,96,42.2,-1.0453663345053676,-0.9016361363226195
203,39,97,42.233333333333334,-1.092314451427466,-1.0530078727347927
203,39,98,42.266666666666666,-1.0962739311678924,-1.2058407236333442
203,39,99,42.3,-1.1437876880529212,-1.3442745394498794
203,39,100,42.333333333333336,-1.19130144493795,-1.4415140818048555
203,39,101,42.36666666666667,-1.0674262930591125,-1.4636952660037712
203,39,102,42.4,-0.4853827712174225,-1.377066478969015
203,39,103,42.43333333333333,0.3981468508588384,-1.15749301284884
203,39,104,42.46666666666667,1.263575994121932,-0.7999954165117866
203,39,105,42.5,1.6900685261612876,-0.3251652766657026
203,39,106,42.53333333333333,1.6685742075704515,0.22045081528441424
203,39,107,42.56666666666667,1.4508028218473739,0.7713520320751729
203,39,108,42.6,1.1674172004259917,1.2563291232112213
203,39,109,42.63333333333333,0.884031579004545,1.614252052091397
203,39,110,42.666666666666664,0.5893331583248146,1.8072501571881716
203,39,111,42.7,0.38853097148925947,1.8269776726957254
203,39,112,42.733333333333334,0.3291387753829734,1.692737237580518
203,39,113,42.766666666666666,0.24712098076001207,1.4434612325366003
203,39,114,42.8,0.11872070917783945,1.126939925958142
203,39,115,42.833333333333336,-0.07020303843645843,0.7894223023026562
203,39,116,42.86666666666667,-0.29193390389989765,0.4678552691510314
203,39,117,42.9,-0.5753195253213444,0.18591801523889204
203,39,118,42.93333333333333,-0.7795155519343522,-0.046256343429670804
203,39,119,42.96666666666667,-0.96843929954865,-0.22973703980410362
203,39,120,43.0,-1.1098492902779191,-0.37317008463927576
203,39,121,43.03333333333333,-1.19130144493795,-0.48895838737166586
203,39,122,43.06666666666667,-1.2682284798946675,-0.5899055213999009
203,39,123,43.1,-1.3151765968167877,-0.686544448645438
203,39,124,43.13333333333333,-1.409638470623915,-0.7850299448202194
203,39,125,43.166666666666664,-1.456586587546035,-0.88541089215351
203,39,126,43.2,-1.5985622182381913,-0.980393101613835
203,39,127,43.233333333333334,-1.7196091703024416,-1.0551590805741138
203,39,128,43.266666666666666,-1.8089802844433251,-1.0890538896603452
203,39,129,43.3,-1.5612299806856933,-1.0595967727038647
203,39,130,43.333333333333336,-0.7274766753459451,-0.948321462006909
203,39,131,43.36666666666667,0.31160393653269325,-0.7469729620503248
203,39,132,43.4,1.1131157639859497,-0.4622015792585722
203,39,133,43.43333333333333,1.303736431488974,-0.11712205123034863
203,39,134,43.46666666666667,1.116509603763467,0.2512418685044536
203,39,135,43.5,0.8331239823420202,0.5985260937813434
203,39,136,43.53333333333333,0.5022246040355446,0.8821326940139406
203,39,137,43.56666666666667,0.23976766124208992,1.070309736158761
203,39,138,43.6,0.023693195407781725,1.1484468926045177
203,39,139,43.63333333333333,-0.00345752281222859,1.1207089857354031
203,39,140,43.666666666666664,-0.00345752281222859,1.0067782306328719
203,39,141,43.7,-0.022123641588499186,0.8351909181473495
203,39,142,43.733333333333334,-0.18219975109399558,0.6357830243932237
203,39,143,43.766666666666666,-0.3886583375587249,0.43366530491324184
203,39,144,43.8,-0.6550747600926491,0.24604871642710385
203,39,145,43.833333333333336,-0.8915122645919326,0.08187757339157141
203,39,146,43.86666666666667,-1.0804360122062304,-0.056641806788478695
203,39,147,43.9,-1.2065737239367031,-0.17171545255264423
203,39,148,43.93333333333333,-1.3010355977438521,-0.26766263603202173
203,39,149,43.96666666666667,-1.347983714665972,-0.3490643771119423
203,39,150,44.0,-1.3813564724780656,-0.4194905221407661
203,39,151,44.03333333333333,-1.3813564724780656,-0.48076683427699035
203,39,152,44.06666666666667,-1.4288702293630944,-0.5326353680471284
203,39,153,44.1,-1.4407486685843516,-0.5726771088336269
203,39,154,44.13333333333333,-1.5352105423915006,-0.5965230986789646
203,39,155,44.166666666666664,-1.582158659313599,-0.5984962071191663
203,39,156,44.2,-1.5985622182381913,-0.5727375647005944
203,39,157,44.233333333333334,-1.209401923751204,-0.5146511532404203
203,39,158,44.266666666666666,-0.33152870130411716,-0.4223248300275045
203,39,159,44.3,0.6345843553582083,-0.2975687523738319
203,39,160,44.333333333333336,1.1923053587943238,-0.14634832319003224
203,39,161,44.36666666666667,1.1221660033926197,0.02145125158667943
203,39,162,44.4,0.8246393828982373,0.19291489193568254
203,39,163,44.43333333333333,0.49430564455475684,0.35358670646577445
203,39,164,44.46666666666667,0.1696283058403642,0.4894058485500941
203,39,165,44.5,-0.013639042144759467,0.5887810312308676
203,39,166,44.53333333333333,-0.0984850365822863,0.644355857483576
203,39,167,44.56666666666667,-0.09452555684186004,0.6540005682998654
203,39,168,44.6,-0.05097127969725745,0.6207338696486362
203,39,169,44.63333333333333,-0.10414143621146052,0.5515781889160593
203,39,170,44.666666666666664,-0.2930651838257584,0.45567331785492626
203,39,171,44.7,-0.5295026883250419,0.34222314045340346
203,39,172,44.733333333333334,-0.7659401928243686,0.2189256619166687
203,39,173,44.766666666666666,-0.9548639404386665,0.09131606198199087
203,39,174,44.8,-1.0962739311678924,-0.03701413496713051
203,39,175,44.833333333333336,-1.2382495618600702,-0.1637159708183191
203,39,176,44.86666666666667,-1.2863289587080078,-0.2868700671230575
203,39,177,44.9,-1.3338427155930366,-0.4041933171631657
203,39,178,44.93333333333333,-1.3813564724780656,-0.5122516877722396
203,39,179,44.96666666666667,-1.4260420295485072,-0.6057121590676156
203,39,180,45.0,-1.4729901464706274,-0.676841707972788
203,39,181,45.03333333333333,-1.5199382633927259,-0.7156525587120693
203,39,182,45.06666666666667,-1.6144001371998746,-0.7111323990804438
203,39,183,45.1,-1.7088620110070236,-0.6536823988009483
203,39,184,45.13333333333333,-1.5408669420206746,-0.5382365680306059
203,39,185,45.166666666666664,-0.7783842720084915,-0.3669799895564806
203,39,186,45.2,0.2544743002780639,-0.15055188638195685
203,39,187,45.233333333333334,1.2205873569401733,0.09286746304001829
203,39,188,45.266666666666666,1.5565774949128928,0.34040419309065933
203,39,189,45.3,1.391410625741131,0.5683977763371102
203,39,190,45.333333333333336,1.030532329400058,0.7561874171079186
203,39,191,45.36666666666667,0.7380964685719409,0.8887953901932009
203,39,192,45.4,0.45471084715055893,0.9580932194354916
203,39,193,45.43333333333333,0.20809182331872295,0.9626089423520533
203,39,194,45.46666666666667,0.10288279021615596,0.906417606328505
203,39,195,45.5,0.09156999095782913,0.7976023185534875
203,39,196,45.53333333333333,0.09156999095782913,0.6467292083845051
203,39,197,45.56666666666667,0.009552196334867789,0.465627170627183
203,39,198,45.6,-0.16636183213233371,0.26648568065595213
203,39,199,45.63333333333333,-0.43617209444377536,0.061051374360816965
203,39,200,45.666666666666664,-0.6720439589801285,-0.14029899360755282
203,39,201,45.7,-0.9079158235165464,-0.3295900151602465
203,39,202,45.733333333333334,-1.0804360122062089,-0.5020367650821649
203,39,203,45.766666666666666,-1.2224116428983867,-0.6561018993137736
203,39,204,45.8,-1.3168735167055357,-0.7925242900554966
203,39,205,45.833333333333336,-1.363821633627634,-0.9123965538114351
203,39,206,45.86666666666667,-1.3813564724780656,-1.0147036601267048
203,39,207,45.9,-1.4577178674718743,-1.094005364453509
203,39,208,45.93333333333333,-1.5046659843939727,-1.1391442106673453
203,39,209,45.96666666666667,-1.5991278582011217,-1.1338224721362358
203,39,210,46.0,-1.693589732008249,-1.0594823462655423
203,39,211,46.03333333333333,-1.788051605815398,-0.9002456997782137
203,39,212,46.06666666666667,-1.7569414078549397,-0.6489215747995444
203,39,213,46.1,-1.199786044381733,-0.3124072758137657
203,39,214,46.13333333333333,-0.08490967747221632,0.08556171348419463
203,39,215,46.166666666666664,1.1668515604632126,0.5059575286646393
203,39,216,46.2,1.8733358741464112,0.9006164536015036
203,39,217,46.233333333333334,1.8982240325147433,1.221647584155006
203,39,218,46.266666666666666,1.6165353309821093,1.4315192986656682
203,39,219,46.3,1.2862015926385424,1.5109041459790669
203,39,220,46.333333333333336,0.9773621728858332,1.4619625305638173
203,39,221,46.36666666666667,0.6939765514644511,1.30615242173126
203,39,222,46.4,0.4784677255930518,1.07744944050433
203,39,223,46.43333333333333,0.35685513356591414,0.8133388350816223
203,39,224,46.46666666666667,0.3291387753829734,0.5464675884367409
203,39,225,46.5,0.26295889972167397,0.29923873442609267
203,39,226,46.53333333333333,0.13229606828786622,0.08223761798051966
203,39,227,46.56666666666667,-0.056062039363522886,-0.10399064373685049
203,39,228,46.6,-0.3394476607849697,-0.26501595696398217
203,39,229,46.63333333333333,-0.6228332822063517,-0.407828598765318
203,39,230,46.666666666666664,-0.8587051467427697,-0.5367144300527998
203,39,231,46.7,-1.0640324532816166,-0.650800691508261
203,39,232,46.733333333333334,-1.2060080839737943,-0.7438461365790625
203,39,233,46.766666666666666,-1.2863289587080078,-0.8061411327975865
203,39,234,46.8,-1.3338427155930366,-0.827724824186429
203,39,235,46.833333333333336,-1.346852434740133,-0.8017557991279646
203,39,236,46.86666666666667,-1.3938005516622531,-0.7269308782515067
203,39,237,46.9,-1.4407486685843516,-0.6082905453526419
203,39,238,46.93333333333333,-1.5352105423915006,-0.4563958350858332
203,39,239,46.96666666666667,-1.6296724161986278,-0.28545929054545655
203,40,0,40.0,-0.6414994009826223,0.02998286297465222
203,40,1,40.03333333333333,-0.7829093917118913,-0.06678085633688689
203,40,2,40.06666666666667,-0.8915122645919326,-0.1444163134429397
203,40,3,40.1,-0.9384603815140526,-0.18894890838348735
203,40,4,40.13333333333333,-0.890380984666115,-0.19628511357016143
203,40,5,40.166666666666664,-0.4983924903646053,-0.17301166861574802
203,40,6,40.2,0.27144349916552174,-0.1335500092293376
203,40,7,40.233333333333334,1.1691141203146966,-0.09503943739674918
203,40,8,40.266666666666666,1.7002500454938185,-0.0720369314967664
203,40,9,40.3,1.7155223244925284,-0.07270719542366016
203,40,10,40.333333333333336,1.3755727067794474,-0.09736252044813618
203,40,11,40.36666666666667,0.9032633377437028,-0.1394235043740502
203,40,12,40.4,0.5056184438131053,-0.1882430987856144
203,40,13,40.43333333333333,0.27596861886877033,-0.23278076520052687
203,40,14,40.46666666666667,0.26013069990710846,-0.26487021139985706
203,40,15,40.5,0.3545925737142358,-0.2809730603891082
203,40,16,40.53333333333333,0.37665253226800227,-0.28193021592239115
203,40,17,40.56666666666667,0.280493738572127,-0.2710549496372498
203,40,18,40.6,0.044056234072800265,-0.25156190439721693
203,40,19,40.63333333333333,-0.16805875202110326,-0.2245090763356391
203,40,20,40.666666666666664,-0.4039306165574564,-0.18809402163957611
203,40,21,40.7,-0.5956825639863413,-0.1385262698886303
203,40,22,40.733333333333334,-0.7376581946785191,-0.07209679524651928
203,40,23,40.766666666666666,-0.8111913898577192,0.01237194404977525
203,40,24,40.8,-0.8790681854077665,0.11169875329871103
203,40,25,40.833333333333336,-0.8666241062236006,0.2179417364446308
203,40,26,40.86666666666667,-0.5057458098825275,0.3196371988739602
203,40,27,40.9,0.23071742183550625,0.4042231298353124
203,40,28,40.93333333333333,1.1572356810934394,0.46079233049567775
203,40,29,40.96666666666667,1.777177080450536,0.48234708831578815
203,40,30,41.0,1.8801235537014032,0.4670732460091568
203,40,31,41.03333333333333,1.6578270482750335,0.41848786133376104
203,40,32,41.06666666666667,1.3110897510068744,0.3444499265520396
203,40,33,41.1,0.7584595072370027,0.2551887360800888
203,40,34,41.13333333333333,0.5044871638872446,0.16088159320154966
203,40,35,41.166666666666664,0.4383072882259667,0.06958647146244976
203,40,36,41.2,0.47168004603806,-0.0138300301523319
203,40,37,41.233333333333334,0.44566060774386723,-0.08758957722801315
203,40,38,41.266666666666666,0.29180653783047544,-0.15197596569699395
203,40,39,41.3,0.032177794851543054,-0.20790009016814978
203,40,40,41.333333333333336,-0.17993719124236046,-0.25563406333697236
203,40,41,41.36666666666667,-0.4525756533683244,-0.29413338324929583
203,40,42,41.4,-0.631317881650113,-0.32103913052489225
203,40,43,41.43333333333333,-0.7732935123422908,-0.3331535769164839
203,40,44,41.46666666666667,-0.8677553861494182,-0.3270913378192399
203,40,45,41.5,-0.9147035030715382,-0.2999352182856497
203,40,46,41.53333333333333,-0.9378947415511438,-0.24992797983646067
203,40,47,41.56666666666667,-0.6646906394622063,-0.17728292255386904
203,40,48,41.6,0.057631593182891856,-0.08500623286896436
203,40,49,41.63333333333333,0.9553022143320667,0.020603685027019886
203,40,50,41.666666666666664,1.6821495666804784,0.13014578474442662
203,40,51,41.7,1.8920019929226604,0.2322076909784422
203,40,52,41.733333333333334,1.740976122823834,0.3153256298284925
203,40,53,41.766666666666666,1.453631021661961,0.3704218827015556
203,40,54,41.8,1.1232972833184804,0.3929373147824872
203,40,55,41.833333333333336,0.7957917447895007,0.3837955702046787
203,40,56,41.86666666666667,0.5169312430714105,0.34877254308279115
203,40,57,41.9,0.4224693692642832,0.29650601270858823
203,40,58,41.93333333333333,0.37665253226800227,0.23585330409881106
203,40,59,41.96666666666667,0.32800749545715585,0.17347838909916738
203,40,60,42.0,0.13908374784285799,0.11244693518000198
203,40,61,42.03333333333333,-0.09735375665646875,0.05218142386536011
203,40,62,42.06666666666667,-0.380173738114942,-0.010505400775029957
203,40,63,42.1,-0.6160456026513599,-0.07995891810682688
203,40,64,42.13333333333333,-0.8066662701544057,-0.16030067646521923
203,40,65,42.166666666666664,-0.9509044606982187,-0.25420619202775685
203,40,66,42.2,-1.0453663345053676,-0.36175625115485444
203,40,67,42.233333333333334,-1.092314451427466,-0.4793508073013597
203,40,68,42.266666666666666,-1.0962739311678924,-0.5988318209926211
203,40,69,42.3,-1.1437876880529212,-0.7071274658223947
203,40,70,42.333333333333336,-1.19130144493795,-0.7868590831685578
203,40,71,42.36666666666667,-1.0674262930591125,-0.8183415432085974
203,40,72,42.4,-0.4853827712174225,-0.7831382726520821
203,40,73,42.43333333333333,0.3981468508588384,-0.668733821925255
203,40,74,42.46666666666667,1.263575994121932,-0.4731221963497006
203,40,75,42.5,1.6900685261612876,-0.20766858573906666
203,40,76,42.53333333333333,1.6685742075704515,0.1030988842254046
203,40,77,42.56666666666667,1.4508028218473739,0.4251340883220665
203,40,78,42.6,1.1674172004259917,0.7210905107908837
203,40,79,42.63333333333333,0.884031579004545,0.9573168244084593
203,40,80,42.666666666666664,0.5893331583248146,1.1096380683036298
203,40,81,42.7,0.38853097148925947,1.1665541430197681
203,40,82,42.733333333333334,0.3291387753829734,1.1295996676273843
203,40,83,42.766666666666666,0.24712098076001207,1.011504621568181
203,40,84,42.8,0.11872070917783945,0.8330038055897455
203,40,85,42.833333333333336,-0.07020303843645843,0.6189329888104799
203,40,86,42.86666666666667,-0.29193390389989765,0.3941111829656153
203,40,87,42.9,-0.5753195253213444,0.1795687928651118
203,40,88,42.93333333333333,-0.7795155519343522,-0.010219707471793064
203,40,89,42.96666666666667,-0.96843929954865,-0.1685381817137269
203,40,90,43.0,-1.1098492902779191,-0.2959014910577549
203,40,91,43.03333333333333,-1.19130144493795,-0.398127197326864
203,40,92,43.06666666666667,-1.2682284798946675,-0.48364733003631905
203,40,93,43.1,-1.3151765968167877,-0.5607228233609476
203,40,94,43.13333333333333,-1.409638470623915,-0.635028772466562
203,40,95,43.166666666666664,-1.456586587546035,-0.7078761106143807
203,40,96,43.2,-1.5985622182381913,-0.7752728603656526
203,40,97,43.233333333333334,-1.7196091703024416,-0.828036607571752
203,40,98,43.266666666666666,-1.8089802844433251,-0.8531015981617585
203,40,99,43.3,-1.5612299806856933,-0.8359673154551883
203,40,100,43.333333333333336,-0.7274766753459451,-0.7639475962748811
203,40,101,43.36666666666667,0.31160393653269325,-0.6295851536152461
203,40,102,43.4,1.1131157639859497,-0.4334178789092249
203,40,103,43.43333333333333,1.303736431488974,-0.18534779002260787
203,40,104,43.46666666666667,1.116509603763467,0.09580276645359051
203,40,105,43.5,0.8331239823420202,0.38451712842464025
203,40,106,43.53333333333333,0.5022246040355446,0.6521796901244561
203,40,107,43.56666666666667,0.23976766124208992,0.8713427328477484
203,40,108,43.6,0.023693195407781725,1.0198039667861354
203,40,109,43.63333333333333,-0.00345752281222859,1.0837349548827175
203,40,110,43.666666666666664,-0.00345752281222859,1.059470511754238
203,40,111,43.7,-0.022123641588499186,0.9538640339516361
203,40,112,43.733333333333334,-0.18219975109399558,0.7831167799721649
203,40,113,43.766666666666666,-0.3886583375587249,0.5700251013123134
203,40,114,43.8,-0.6550747600926491,0.3399791809053982
203,40,115,43.833333333333336,-0.8915122645919326,0.11655927842215281
203,40,116,43.86666666666667,-1.0804360122062304,-0.08219688484385249
203,40,117,43.9,-1.2065737239367031,-0.24596601364290818
203,40,118,43.93333333333333,-1.3010355977438521,-0.3723471235896603
203,40,119,43.96666666666667,-1.347983714665972,-0.4652664789603944
203,40,120,44.0,-1.3813564724780656,-0.5321757148530739
203,40,121,44.03333333333333,-1.3813564724780656,-0.580867144224097
203,40,122,44.06666666666667,-1.4288702293630944,-0.6167399869580052
203,40,123,44.1,-1.4407486685843516,-0.6411254702765825
203,40,124,44.13333333333333,-1.5352105423915006,-0.6508876364898363
203,40,125,44.166666666666664,-1.582158659313599,-0.6391944653345653
203,40,126,44.2,-1.5985622182381913,-0.5972540647997411
203,40,127,44.233333333333334,-1.209401923751204,-0.5167984277071612
203,40,128,44.266666666666666,-0.33152870130411716,-0.3929741355156196
203,40,129,44.3,0.6345843553582083,-0.22705149448378828
203,40,130,44.333333333333336,1.1923053587943238,-0.02814281371111647
203,40,131,44.36666666666667,1.1221660033926197,0.18685140326093289
203,40,132,44.4,0.8246393828982373,0.39544114513681705
203,40,133,44.43333333333333,0.49430564455475684,0.5735751192860706
203,40,134,44.46666666666667,0.1696283058403642,0.7004832399972758
203,40,135,44.5,-0.013639042144759467,0.7629181116587886
203,40,136,44.53333333333333,-0.0984850365822863,0.7575097426398223
203,40,137,44.56666666666667,-0.09452555684186004,0.6906351231906034
203,40,138,44.6,-0.05097127969725745,0.5761691040650334
203,40,139,44.63333333333333,-0.10414143621146052,0.4321276648853729
203,40,140,44.666666666666664,-0.2930651838257584,0.2771798848460383
203,40,141,44.7,-0.5295026883250419,0.12763327056554882
203,40,142,44.733333333333334,-0.7659401928243686,-0.004741702106279168
203,40,143,44.766666666666666,-0.9548639404386665,-0.11379322158043263
203,40,144,44.8,-1.0962739311678924,-0.1988916533322868
203,40,145,44.833333333333336,-1.2382495618600702,-0.2637886903795833
203,40,146,44.86666666666667,-1.2863289587080078,-0.3147383342692838
203,40,147,44.9,-1.3338427155930366,-0.35829101436148325
203,40,148,44.93333333333333,-1.3813564724780656,-0.3992149237507903
203,40,149,44.96666666666667,-1.4260420295485072,-0.43896016618269645
203,40,150,45.0,-1.4729901464706274,-0.47495768472666794
203,40,151,45.03333333333333,-1.5199382633927259,-0.5008893243602098
203,40,152,45.06666666666667,-1.6144001371998746,-0.5079189400753802
203,40,153,45.1,-1.7088620110070236,-0.486708815451585
203,40,154,45.13333333333333,-1.5408669420206746,-0.42984003237593343
203,40,155,45.166666666666664,-0.7783842720084915,-0.3340716619188082
203,40,156,45.2,0.2544743002780639,-0.2018212409179526
203,40,157,45.233333333333334,1.2205873569401733,-0.04142043109268011
203,40,158,45.266666666666666,1.5565774949128928,0.13391968996373352
203,40,159,45.3,1.391410625741131,0.30809123192120935
203,40,160,45.333333333333336,1.030532329400058,0.46444995644578163
203,40,161,45.36666666666667,0.7380964685719409,0.588019367800552
203,40,162,45.4,0.45471084715055893,0.6672414636107863
203,40,163,45.43333333333333,0.20809182331872295,0.6952361310801907
203,40,164,45.46666666666667,0.10288279021615596,0.6706337880496832
203,40,165,45.5,0.09156999095782913,0.5979303747133988
203,40,166,45.53333333333333,0.09156999095782913,0.48709724912545377
203,40,167,45.56666666666667,0.009552196334867789,0.3521468417338429
203,40,168,45.6,-0.16636183213233371,0.2086739930457676
203,40,169,45.63333333333333,-0.43617209444377536,0.0708631695887529
203,40,170,45.666666666666664,-0.6720439589801285,-0.0512403108886802
203,40,171,45.7,-0.9079158235165464,-0.15338184186626733
203,40,172,45.733333333333334,-1.0804360122062089,-0.23712844436659805
203,40,173,45.766666666666666,-1.2224116428983867,-0.3082270777400181
203,40,174,45.8,-1.3168735167055357,-0.37379455456955973
203,40,175,45.833333333333336,-1.363821633627634,-0.43919869401103034
203,40,176,45.86666666666667,-1.3813564724780656,-0.505489812313657
203,40,177,45.9,-1.4577178674718743,-0.5680237429090781
203,40,178,45.93333333333333,-1.5046659843939727,-0.6166612467406254
203,40,179,45.96666666666667,-1.5991278582011217,-0.6376053312608182
203,40,180,46.0,-1.693589732008249,-0.6165236180025673
203,40,181,46.03333333333333,-1.788051605815398,-0.5422965566077507
203,40,182,46.06666666666667,-1.7569414078549397,-0.4106545333352979
203,40,183,46.1,-1.199786044381733,-0.22688656043963945
203,40,184,46.13333333333333,-0.08490967747221632,-0.006632473788789792
203,40,185,46.166666666666664,1.1668515604632126,0.22601978081939503
203,40,186,46.2,1.8733358741464112,0.44300083718083977
203,40,187,46.233333333333334,1.8982240325147433,0.6180567073483805
203,40,188,46.266666666666666,1.6165353309821093,0.7320733024565712
203,40,189,46.3,1.2862015926385424,0.7763396489287849
203,40,190,46.333333333333336,0.9773621728858332,0.7529825208583834
203,40,191,46.36666666666667,0.6939765514644511,0.6728337472747494
203,40,192,46.4,0.4784677255930518,0.5517955192232143
203,40,193,46.43333333333333,0.35685513356591414,0.4070762488922375
203,40,194,46.46666666666667,0.3291387753829734,0.25441159479355546
203,40,195,46.5,0.26295889972167397,0.10669102135733272
203,40,196,46.53333333333333,0.13229606828786622,-0.026376808612368265
203,40,197,46.56666666666667,-0.056062039363522886,-0.13829385069188127
203,40,198,46.6,-0.3394476607849697,-0.22594111581676474
203,40,199,46.63333333333333,-0.6228332822063517,-0.28975869914045177
203,40,200,46.666666666666664,-0.8587051467427697,-0.33349491066830694
203,40,201,46.7,-1.0640324532816166,-0.36320061707136925
203,40,202,46.733333333333334,-1.2060080839737943,-0.3855416856262473
203,40,203,46.766666666666666,-1.2863289587080078,-0.40583830509994817
203,40,204,46.8,-1.3338427155930366,-0.4262981111836592
203,40,205,46.833333333333336,-1.346852434740133,-0.4448436220630598
203,40,206,46.86666666666667,-1.3938005516622531,-0.45492441156169244
203,40,207,46.9,-1.4407486685843516,-0.44661794169455427
203,40,208,46.93333333333333,-1.5352105423915006,-0.40900251109625946
203,40,209,46.96666666666667,-1.6296724161986278,-0.3333608780411593
203,40,210,47.0,-1.7512850082257871,-0.2164574267085665
203,40,211,47.03333333333333,-1.4944844650613769,-0.06298567905026792
203,40,212,47.06666666666667,-0.5419467675092511,0.11368310571787896
203,40,213,47.1,0.7720348663470726,0.29303713642199775
203,40,214,47.13333333333333,1.8416600362230227,0.45125903127382405
203,40,215,47.166666666666664,2.079794460611119,0.5665822463797278
203,40,216,47.2,1.863154354813859,0.6246423370255733
203,40,217,47.233333333333334,1.444580782255334,0.6219849603181894
203,40,218,47.266666666666666,1.0667332870267383,0.5663495633646115
203,40,219,47.3,0.7414903083494369,0.47359393649650855
203,40,220,47.333333333333336,0.46262980663138986,0.3626539916054683
203,40,221,47.36666666666667,0.37665253226800227,0.25068503329890623
203,40,222,47.4,0.37665253226800227,0.14992310544076823
203,40,223,47.43333333333333,0.37665253226800227,0.06659857870168939
203,40,224,47.46666666666667,0.2770998987945879,0.0014550019613867849
203,40,225,47.5,0.08817615118033324,-0.0487834923864279
203,40,226,47.53333333333333,-0.14939263324483265,-0.08959793924999497
203,40,227,47.56666666666667,-0.3852644977812506,-0.12693306431915577
203,40,228,47.6,-0.6686501192026326,-0.16570923621630854
203,40,229,47.63333333333333,-0.8575738668169305,-0.20862678597130133
203,40,230,47.666666666666664,-1.0001151374719954,-0.2553424769789197
203,40,231,47.7,-1.0945770112791444,-0.30221294345438887
203,40,232,47.733333333333334,-1.1437876880529212,-0.3428192536353714
203,40,233,47.766666666666666,-1.188473245123363,-0.3693369649311774
203,40,234,47.8,-1.19130144493795,-0.37452612702460164
203,40,235,47.833333333333336,-1.19130144493795,-0.35378722078682956
203,40,236,47.86666666666667,-1.2342900821196439,-0.30654544716645593
203,40,237,47.9,-1.2812381990417638,-0.23642094951437412
203,40,238,47.93333333333333,-1.1607568869404439,-0.15023721092414966
203,40,239,47.96666666666667,-0.44578797381328944,-0.0565283081405805
203,41,0,41.0,1.8801235537014032,-0.05703942197302388
203,41,1,41.03333333333333,1.6578270482750335,-0.19286942733940765
203,41,2,41.06666666666667,1.3110897510068744,-0.31333720227838324
203,41,3,41.1,0.7584595072370027,-0.4056355888989602
203,41,4,41.13333333333333,0.5044871638872446,-0.4629464798189807
203,41,5,41.166666666666664,0.4383072882259667,-0.4859768898447738
203,41,6,41.2,0.47168004603806,-0.48234136859577653
203,41,7,41.233333333333334,0.44566060774386723,-0.46404190507618037
203,41,8,41.266666666666666,0.29180653783047544,-0.4440354692352659
203,41,9,41.3,0.032177794851543054,-0.4329509624883096
203,41,10,41.333333333333336,-0.17993719124236046,-0.43667573961810074
203,41,11,41.36666666666667,-0.4525756533683244,-0.4550908447840297
203,41,12,41.4,-0.631317881650113,-0.48192190227409515
203,41,13,41.43333333333333,-0.7732935123422908,-0.5055463574443395
203,41,14,41.46666666666667,-0.8677553861494182,-0.5106028101495836
203,41,15,41.5,-0.9147035030715382,-0.4803177919321956
203,41,16,41.53333333333333,-0.9378947415511438,-0.39951866573533007
203,41,17,41.56666666666667,-0.6646906394622063,-0.2582411849277218
203,41,18,41.6,0.057631593182891856,-0.055573937990319185
203,41,19,41.63333333333333,0.9553022143320667,0.19714980388419687
203,41,20,41.666666666666664,1.6821495666804784,0.4752961933082485
203,41,21,41.7,1.8920019929226604,0.7435700283789956
203,41,22,41.733333333333334,1.740976122823834,0.9629302404625265
203,41,23,41.766666666666666,1.453631021661961,1.1002979811097529
203,41,24,41.8,1.1232972833184804,1.1373864360532886
203,41,25,41.833333333333336,0.7957917447895007,1.0747130928959379
203,41,26,41.86666666666667,0.5169312430714105,0.9293904252910878
203,41,27,41.9,0.4224693692642832,0.7285222296085926
203,41,28,41.93333333333333,0.37665253226800227,0.5014431119090754
203,41,29,41.96666666666667,0.32800749545715585,0.2734226329896215
203,41,30,42.0,0.13908374784285799,0.06197907773112112
203,41,31,42.03333333333333,-0.09735375665646875,-0.12429606419706293
203,41,32,42.06666666666667,-0.380173738114942,-0.2849868038738608
203,41,33,42.1,-0.6160456026513599,-0.4257364665877872
203,41,34,42.13333333333333,-0.8066662701544057,-0.5552693720269818
203,41,35,42.166666666666664,-0.9509044606982187,-0.6820227552265515
203,41,36,42.2,-1.0453663345053676,-0.8107794563102244
203,41,37,42.233333333333334,-1.092314451427466,-0.939667022150726
203,41,38,42.266666666666666,-1.0962739311678924,-1.0580370121565685
203,41,39,42.3,-1.1437876880529212,-1.1459951876026988
203,41,40,42.333333333333336,-1.19130144493795,-1.1764761771747512
203,41,41,42.36666666666667,-1.0674262930591125,-1.1204124632322476
203,41,42,42.4,-0.4853827712174225,-0.9545848085882501
203,41,43,42.43333333333333,0.3981468508588384,-0.6704139316314007
203,41,44,42.46666666666667,1.263575994121932,-0.28084038001571554
203,41,45,42.5,1.6900685261612876,0.1777752812448825
203,41,46,42.53333333333333,1.6685742075704515,0.6506417266106294
203,41,47,42.56666666666667,1.4508028218473739,1.0758374768357504
203,41,48,42.6,1.1674172004259917,1.3984466666044535
203,41,49,42.63333333333333,0.884031579004545,1.582580095061008
203,41,50,42.666666666666664,0.5893331583248146,1.617433259058931
203,41,51,42.7,0.38853097148925947,1.5162758025346812
203,41,52,42.733333333333334,0.3291387753829734,1.3098930724453586
203,41,53,42.766666666666666,0.24712098076001207,1.0374382982301276
203,41,54,42.8,0.11872070917783945,0.7376673684987822
203,41,55,42.833333333333336,-0.07020303843645843,0.44255338408257866
203,41,56,42.86666666666667,-0.29193390389989765,0.1740053893060987
203,41,57,42.9,-0.5753195253213444,-0.05664641230599145
203,41,58,42.93333333333333,-0.7795155519343522,-0.24732542953974906
203,41,59,42.96666666666667,-0.96843929954865,-0.4030192080025417
203,41,60,43.0,-1.1098492902779191,-0.5333526169670487
203,41,61,43.03333333333333,-1.19130144493795,-0.6501122591809569
203,41,62,43.06666666666667,-1.2682284798946675,-0.7646521788435917
203,41,63,43.1,-1.3151765968167877,-0.8850890479112468
203,41,64,43.13333333333333,-1.409638470623915,-1.0133692787583457
203,41,65,43.166666666666664,-1.456586587546035,-1.1426669066569195
203,41,66,43.2,-1.5985622182381913,-1.2560422166449807
203,41,67,43.233333333333334,-1.7196091703024416,-1.3275173246464322
203,41,68,43.266666666666666,-1.8089802844433251,-1.3263643995852614
203,41,69,43.3,-1.5612299806856933,-1.2243718182443393
203,41,70,43.333333333333336,-0.7274766753459451,-1.0044719543759342
203,41,71,43.36666666666667,0.31160393653269325,-0.6681036121864737
203,41,72,43.4,1.1131157639859497,-0.23866852553835396
203,41,73,43.43333333333333,1.303736431488974,0.24054068824712743
203,41,74,43.46666666666667,1.116509603763467,0.7138909181977076
203,41,75,43.5,0.8331239823420202,1.1245681946240453
203,41,76,43.53333333333333,0.5022246040355446,1.4261387103046452
203,41,77,43.56666666666667,0.23976766124208992,1.591125626570047
203,41,78,43.6,0.023693195407781725,1.6144121910348765
203,41,79,43.63333333333333,-0.00345752281222859,1.5111854889095626
203,41,80,43.666666666666664,-0.00345752281222859,1.3108098792795235
203,41,81,43.7,-0.022123641588499186,1.0489247374959803
203,41,82,43.733333333333334,-0.18219975109399558,0.7600780022612533
203,41,83,43.766666666666666,-0.3886583375587249,0.47252264480711725
203,41,84,43.8,-0.6550747600926491,0.20578891542728567
203,41,85,43.833333333333336,-0.8915122645919326,-0.029279896571109895
203,41,86,43.86666666666667,-1.0804360122062304,-0.22888754191082422
203,41,87,43.9,-1.2065737239367031,-0.3940239150382549
203,41,88,43.93333333333333,-1.3010355977438521,-0.5283608962475707
203,41,89,43.96666666666667,-1.347983714665972,-0.6366495274633174
203,41,90,44.0,-1.3813564724780656,-0.7234829393585578
203,41,91,44.03333333333333,-1.3813564724780656,-0.792078450542958
203,41,92,44.06666666666667,-1.4288702293630944,-0.8429558072173806
203,41,93,44.1,-1.4407486685843516,-0.8728270678709384
203,41,94,44.13333333333333,-1.5352105423915006,-0.8743099485133516
203,41,95,44.166666666666664,-1.582158659313599,-0.8370338645208957
203,41,96,44.2,-1.5985622182381913,-0.7503122792371971
203,41,97,44.233333333333334,-1.209401923751204,-0.6069376090612159
203,41,98,44.266666666666666,-0.33152870130411716,-0.40705504953568683
203,41,99,44.3,0.6345843553582083,-0.1607646456885541
203,41,100,44.333333333333336,1.1923053587943238,0.111711646735192
203,41,101,44.36666666666667,1.1221660033926197,0.3827579631351189
203,41,102,44.4,0.8246393828982373,0.6224383191674249
203,41,103,44.43333333333333,0.49430564455475684,0.8044789729965179
203,41,104,44.46666666666667,0.1696283058403642,0.9113662495971191
203,41,105,44.5,-0.013639042144759467,0.9370951612944473
203,41,106,44.53333333333333,-0.0984850365822863,0.8869813861246899
203,41,107,44.56666666666667,-0.09452555684186004,0.7749950246074707
203,41,108,44.6,-0.05097127969725745,0.6198351823939849
203,41,109,44.63333333333333,-0.10414143621146052,0.4411014639205896
203,41,110,44.666666666666664,-0.2930651838257584,0.25642874226223616
203,41,111,44.7,-0.5295026883250419,0.07977916192148088
203,41,112,44.733333333333334,-0.7659401928243686,-0.07932089335189214
203,41,113,44.766666666666666,-0.9548639404386665,-0.2159187909948616
203,41,114,44.8,-1.0962739311678924,-0.32941844308473867
203,41,115,44.833333333333336,-1.2382495618600702,-0.42307978843932414
203,41,116,44.86666666666667,-1.2863289587080078,-0.5030177299041076
203,41,117,44.9,-1.3338427155930366,-0.576375843265382
203,41,118,44.93333333333333,-1.3813564724780656,-0.6486276062546313
203,41,119,44.96666666666667,-1.4260420295485072,-0.7204857466166265
203,41,120,45.0,-1.4729901464706274,-0.7853858866943975
203,41,121,45.03333333333333,-1.5199382633927259,-0.8287411872584358
203,41,122,45.06666666666667,-1.6144001371998746,-0.8299584617827941
203,41,123,45.1,-1.7088620110070236,-0.7673785073663217
203,41,124,45.13333333333333,-1.5408669420206746,-0.6250130381849852
203,41,125,45.166666666666664,-0.7783842720084915,-0.3989326727734132
203,41,126,45.2,0.2544743002780639,-0.10107515067057928
203,41,127,45.233333333333334,1.2205873569401733,0.24097003730467828
203,41,128,45.266666666666666,1.5565774949128928,0.5884125617996236
203,41,129,45.3,1.391410625741131,0.8988303699731542
203,41,130,45.333333333333336,1.030532329400058,1.1346872761530418
203,41,131,45.36666666666667,0.7380964685719409,1.2703585562674093
203,41,132,45.4,0.45471084715055893,1.2959354107218284
203,41,133,45.43333333333333,0.20809182331872295,1.217303450279562
203,41,134,45.46666666666667,0.10288279021615596,1.0530839518244746
203,41,135,45.5,0.09156999095782913,0.8296966186799216
203,41,136,45.53333333333333,0.09156999095782913,0.5760044336202808
203,41,137,45.56666666666667,0.009552196334867789,0.3187506110172795
203,41,138,45.6,-0.16636183213233371,0.07942658411570461
203,41,139,45.63333333333333,-0.43617209444377536,-0.12738482122820521
203,41,140,45.666666666666664,-0.6720439589801285,-0.29450048360633935
203,41,141,45.7,-0.9079158235165464,-0.4218242678202578
203,41,142,45.733333333333334,-1.0804360122062089,-0.5154369526664482
203,41,143,45.766666666666666,-1.2224116428983867,-0.5860769121947385
203,41,144,45.8,-1.3168735167055357,-0.6468718948134319
203,41,145,45.833333333333336,-1.363821633627634,-0.7102666955488813
203,41,146,45.86666666666667,-1.3813564724780656,-0.7844036663090649
203,41,147,45.9,-1.4577178674718743,-0.8696225865852685
203,41,148,45.93333333333333,-1.5046659843939727,-0.9560635776490675
203,41,149,45.96666666666667,-1.5991278582011217,-1.0234421663666482
203,41,150,46.0,-1.693589732008249,-1.0438151254411172
203,41,151,46.03333333333333,-1.788051605815398,-0.9874953038306161
203,41,152,46.06666666666667,-1.7569414078549397,-0.8312530546496069
203,41,153,46.1,-1.199786044381733,-0.5668079229486158
203,41,154,46.13333333333333,-0.08490967747221632,-0.20683603387838462
203,41,155,46.166666666666664,1.1668515604632126,0.21409928712720128
203,41,156,46.2,1.8733358741464112,0.6448629043681862
203,41,157,46.233333333333334,1.8982240325147433,1.028257769664494
203,41,158,46.266666666666666,1.6165353309821093,1.313616658291284
203,41,159,46.3,1.2862015926385424,1.4675360341598225
203,41,160,46.333333333333336,0.9773621728858332,1.4796977027485718
203,41,161,46.36666666666667,0.6939765514644511,1.362662669908187
203,41,162,46.4,0.4784677255930518,1.146464016347042
203,41,163,46.43333333333333,0.35685513356591414,0.8701602143320546
203,41,164,46.46666666666667,0.3291387753829734,0.5730096892772637
203,41,165,46.5,0.26295889972167397,0.2875560254835096
203,41,166,46.53333333333333,0.13229606828786622,0.03587284383032895
203,41,167,46.56666666666667,-0.056062039363522886,-0.1710299232192964
203,41,168,46.6,-0.3394476607849697,-0.3315927787553786
203,41,169,46.63333333333333,-0.6228332822063517,-0.4511860527556427
203,41,170,46.666666666666664,-0.8587051467427697,-0.5396766362395002
203,41,171,46.7,-1.0640324532816166,-0.6093829459901013
203,41,172,46.733333333333334,-1.2060080839737943,-0.6730662443255006
203,41,173,46.766666666666666,-1.2863289587080078,-0.7414171285190783
203,41,174,46.8,-1.3338427155930366,-0.8199104581191281
203,41,175,46.833333333333336,-1.346852434740133,-0.9056052812649632
203,41,176,46.86666666666667,-1.3938005516622531,-0.9850084963199837
203,41,177,46.9,-1.4407486685843516,-1.034279782097707
203,41,178,46.93333333333333,-1.5352105423915006,-1.0227457192446572
203,41,179,46.96666666666667,-1.6296724161986278,-0.9198470233809037
203,41,180,47.0,-1.7512850082257871,-0.7043736524299412
203,41,181,47.03333333333333,-1.4944844650613769,-0.37355447265768893
203,41,182,47.06666666666667,-0.5419467675092511,0.05114986888962089
203,41,183,47.1,0.7720348663470726,0.5242949108521725
203,41,184,47.13333333333333,1.8416600362230227,0.98379184449928
203,41,185,47.166666666666664,2.079794460611119,1.3639269125403668
203,41,186,47.2,1.863154354813859,1.6103953390867802
203,41,187,47.233333333333334,1.444580782255334,1.692697620790787
203,41,188,47.266666666666666,1.0667332870267383,1.6100849460367395
203,41,189,47.3,0.7414903083494369,1.3894975668194307
203,41,190,47.333333333333336,0.46262980663138986,1.0766401735107956
203,41,191,47.36666666666667,0.37665253226800227,0.7234732732489502
203,41,192,47.4,0.37665253226800227,0.3762236247390082
203,41,193,47.43333333333333,0.37665253226800227,0.0672676013471394
203,41,194,47.46666666666667,0.2770998987945879,-0.18769696395356072
203,41,195,47.5,0.08817615118033324,-0.38786845708612266
203,41,196,47.53333333333333,-0.14939263324483265,-0.5428808448183422
203,41,197,47.56666666666667,-0.3852644977812506,-0.6676998108934279
203,41,198,47.6,-0.6686501192026326,-0.7781686433240472
203,41,199,47.63333333333333,-0.8575738668169305,-0.8875681912447131
203,41,200,47.666666666666664,-1.0001151374719954,-1.0040030719338502
203,41,201,47.7,-1.0945770112791444,-1.1283473557405546
203,41,202,47.733333333333334,-1.1437876880529212,-1.2527069350094655
203,41,203,47.766666666666666,-1.188473245123363,-1.3597385767413075
203,41,204,47.8,-1.19130144493795,-1.423529322012213
203,41,205,47.833333333333336,-1.19130144493795,-1.4128151186406608
203,41,206,47.86666666666667,-1.2342900821196439,-1.296899962170463
203,41,207,47.9,-1.2812381990417638,-1.0537413372929199
203,41,208,47.93333333333333,-1.1607568869404439,-0.6785419414653183
203,41,209,47.96666666666667,-0.44578797381328944,-0.19025073074417365
203,41,210,48.0,0.7092488304633772,0.36686101530255844
203,41,211,48.03333333333333,1.7760458005246753,0.9284760592820617
203,41,212,48.06666666666667,2.213851131822466,1.4222075025910772
203,41,213,48.1,2.0650878215752964,1.7835167954752678
203,41,214,48.13333333333333,1.6572614083121031,1.9707996421867153
203,41,215,48.166666666666664,1.2703636736768373,1.9746204715787883
203,41,216,48.2,0.8178517033432887,1.818035004613226
203,41,217,48.233333333333334,0.5882018783989538,1.5481706947286829
203,41,218,48.266666666666666,0.5667075598081177,1.2222329682679056
203,41,219,48.3,0.6142213166931466,0.8927499733788784
203,41,220,48.333333333333336,0.5791516389922837,0.5966517302885106
203,41,221,48.36666666666667,0.40267197056219506,0.3508668944792217
203,41,222,48.4,0.1322960682878446,0.15436899830428474
203,41,223,48.43333333333333,-0.1510895531336022,-0.005588031015307967
203,41,224,48.46666666666667,-0.4016680567057997,-0.14597497626626896
203,41,225,48.5,-0.6381055612051264,-0.2815833112283271
203,41,226,48.53333333333333,-0.8270293088193811,-0.42102378853587674
203,41,227,48.56666666666667,-0.9373291015882135,-0.5653992669002827
203,41,228,48.6,-1.0317909753953625,-0.7091044550777369
203,41,229,48.63333333333333,-1.078739092317461,-0.841826134856238
203,41,230,48.666666666666664,-1.0962739311678924,-0.9509372361744204
203,41,231,48.7,-1.1251215692766723,-1.0238786062771286
203,41,232,48.733333333333334,-1.1720696861987707,-1.0504589737768537
203,41,233,48.766666666666666,-1.238815201822979,-1.0249912520881705
203,41,234,48.8,-0.8587051467427913,-0.9478333454258747
203,41,235,48.833333333333336,0.07799463184784558,-0.8256370189447132
203,41,236,48.86666666666667,1.2850703127128544,-0.6698483959300794
203,41,237,48.9,2.166903014900324,-0.49373891436877015
203,41,238,48.93333333333333,2.3473421630708606,-0.3091165607042543
203,41,239,48.96666666666667,2.1323989771623486,-0.12437487476408657
203,42,0,42.0,0.13908374784285799,-0.1505726540554568
203,42,1,42.03333333333333,-0.09735375665646875,-0.447657007175081
203,42,2,42.06666666666667,-0.380173738114942,-0.7123118601214462
203,42,3,42.1,-0.6160456026513599,-0.921728867332393
203,42,4,42.13333333333333,-0.8066662701544057,-1.0664903608005687
203,42,5,42.166666666666664,-0.9509044606982187,-1.1527489632035284
203,42,6,42.2,-1.0453663345053676,-1.1991179298032029
203,42,7,42.233333333333334,-1.092314451427466,-1.2289954844404085
203,42,8,42.266666666666666,-1.0962739311678924,-1.2609122869050002
203,42,9,42.3,-1.1437876880529212,-1.3002069602675723
203,42,10,42.333333333333336,-1.19130144493795,-1.3349281210286672
203,42,11,42.36666666666667,-1.0674262930591125,-1.337587276005564
203,42,12,42.4,-0.4853827712174225,-1.2726232574582592
203,42,13,42.43333333333333,0.3981468508588384,-1.1076215960157003
203,42,14,42.46666666666667,1.263575994121932,-0.8249493493755468
203,42,15,42.5,1.6900685261612876,-0.430027889898345
203,42,16,42.53333333333333,1.6685742075704515,0.04670116404931105
203,42,17,42.56666666666667,1.4508028218473739,0.5550409177460356
203,42,18,42.6,1.1674172004259917,1.0358749334266244
203,42,19,42.63333333333333,0.884031579004545,1.4339161234410838
203,42,20,42.666666666666664,0.5893331583248146,1.708292259653699
203,42,21,42.7,0.38853097148925947,1.8382159337205817
203,42,22,42.733333333333334,0.3291387753829734,1.8233212968927106
203,42,23,42.766666666666666,0.24712098076001207,1.680167920394879
203,42,24,42.8,0.11872070917783945,1.4369245628114848
203,42,25,42.833333333333336,-0.07020303843645843,1.1277390543705306
203,42,26,42.86666666666667,-0.29193390389989765,0.7876474868648595
203,42,27,42.9,-0.5753195253213444,0.44840191482645564
203,42,28,42.93333333333333,-0.7795155519343522,0.13529296747531988
203,42,29,42.96666666666667,-0.96843929954865,-0.1350516578817272
203,42,30,43.0,-1.1098492902779191,-0.35580192346658013
203,42,31,43.03333333333333,-1.19130144493795,-0.5297087923241388
203,42,32,43.06666666666667,-1.2682284798946675,-0.6671771327817758
203,42,33,43.1,-1.3151765968167877,-0.7825245437165812
203,42,34,43.13333333333333,-1.409638470623915,-0.8889317192180078
203,42,35,43.166666666666664,-1.456586587546035,-0.9932600963939282
203,42,36,43.2,-1.5985622182381913,-1.092262756575198
203,42,37,43.233333333333334,-1.7196091703024416,-1.1715493900162905
203,42,38,43.266666666666666,-1.8089802844433251,-1.2079977433462037
203,42,39,43.3,-1.5612299806856933,-1.175325556986239
203,42,40,43.333333333333336,-0.7274766753459451,-1.051546315302762
203,42,41,43.36666666666667,0.31160393653269325,-0.8263345062144585
203,42,42,43.4,1.1131157639859497,-0.5061629764571761
203,42,43,43.43333333333333,1.303736431488974,-0.11554899758919977
203,42,44,43.46666666666667,1.116509603763467,0.30621784154758613
203,42,45,43.5,0.8331239823420202,0.7121670742257783
203,42,46,43.53333333333333,0.5022246040355446,1.0566576772484078
203,42,47,43.56666666666667,0.23976766124208992,1.3037828288818105
203,42,48,43.6,0.023693195407781725,1.4329012043297358
203,42,49,43.63333333333333,-0.00345752281222859,1.4401358845002301
203,42,50,43.666666666666664,-0.00345752281222859,1.3362094207526
203,42,51,43.7,-0.022123641588499186,1.1421301786608313
203,42,52,43.733333333333334,-0.18219975109399558,0.8844419506440152
203,42,53,43.766666666666666,-0.3886583375587249,0.5911715328679455
203,42,54,43.8,-0.6550747600926491,0.28882192495990217
203,42,55,43.833333333333336,-0.8915122645919326,0.0002417392972236341
203,42,56,43.86666666666667,-1.0804360122062304,-0.25687017494906467
203,42,57,43.9,-1.2065737239367031,-0.47090376559270025
203,42,58,43.93333333333333,-1.3010355977438521,-0.636679165165774
203,42,59,43.96666666666667,-1.347983714665972,-0.7550771708750759
203,42,60,44.0,-1.3813564724780656,-0.8317841997226891
203,42,61,44.03333333333333,-1.3813564724780656,-0.8750880295790824
203,42,62,44.06666666666667,-1.4288702293630944,-0.8930261466020408
203,42,63,44.1,-1.4407486685843516,-0.8905567677429995
203,42,64,44.13333333333333,-1.5352105423915006,-0.8675307378039671
203,42,65,44.166666666666664,-1.582158659313599,-0.8181474964674523
203,42,66,44.2,-1.5985622182381913,-0.7323817715811727
203,42,67,44.233333333333334,-1.209401923751204,-0.5994419512670102
203,42,68,44.266666666666666,-0.33152870130411716,-0.4125919800378149
203,42,69,44.3,0.6345843553582083,-0.1738952319395213
203,42,70,44.333333333333336,1.1923053587943238,0.10294679828885661
203,42,71,44.36666666666667,1.1221660033926197,0.39313237573008974
203,42,72,44.4,0.8246393828982373,0.6650097911971209
203,42,73,44.43333333333333,0.49430564455475684,0.8868921730888691
203,42,74,44.46666666666667,0.1696283058403642,1.034147636860523
203,42,75,44.5,-0.013639042144759467,1.0941139157068254
203,42,76,44.53333333333333,-0.0984850365822863,1.0673766239821463
203,42,77,44.56666666666667,-0.09452555684186004,0.965520099727061
203,42,78,44.6,-0.05097127969725745,0.8067657661204998
203,42,79,44.63333333333333,-0.10414143621146052,0.6113886076520837
203,42,80,44.666666666666664,-0.2930651838257584,0.3983526619947093
203,42,81,44.7,-0.5295026883250419,0.1836443685917597
203,42,82,44.733333333333334,-0.7659401928243686,-0.02009868262006117
203,42,83,44.766666666666666,-0.9548639404386665,-0.20345652567749647
203,42,84,44.8,-1.0962739311678924,-0.3602012509492434
203,42,85,44.833333333333336,-1.2382495618600702,-0.48748787305778196
203,42,86,44.86666666666667,-1.2863289587080078,-0.5859367592476937
203,42,87,44.9,-1.3338427155930366,-0.6591345212591714
203,42,88,44.93333333333333,-1.3813564724780656,-0.7122587127478586
203,42,89,44.96666666666667,-1.4260420295485072,-0.7499194809316279
203,42,90,45.0,-1.4729901464706274,-0.7737301278710027
203,42,91,45.03333333333333,-1.5199382633927259,-0.7804343475775135
203,42,92,45.06666666666667,-1.6144001371998746,-0.7614976596944026
203,42,93,45.1,-1.7088620110070236,-0.704751700732342
203,42,94,45.13333333333333,-1.5408669420206746,-0.5979636455366132
203,42,95,45.166666666666664,-0.7783842720084915,-0.43340550503599096
203,42,96,45.2,0.2544743002780639,-0.21200598647950922
203,42,97,45.233333333333334,1.2205873569401733,0.05433731778804998
203,42,98,45.266666666666666,1.5565774949128928,0.34322768600499914
203,42,99,45.3,1.391410625741131,0.6251235803001904
203,42,100,45.333333333333336,1.030532329400058,0.8687380926669226
203,42,101,45.36666666666667,0.7380964685719409,1.046969934151961
203,42,102,45.4,0.45471084715055893,1.1417338623690485
203,42,103,45.43333333333333,0.20809182331872295,1.1465170366654978
203,42,104,45.46666666666667,0.10288279021615596,1.0663070248360522
203,42,105,45.5,0.09156999095782913,0.9153490661843912
203,42,106,45.53333333333333,0.09156999095782913,0.7136783161788735
203,42,107,45.56666666666667,0.009552196334867789,0.483446480697758
203,42,108,45.6,-0.16636183213233371,0.24580165454917466
203,42,109,45.63333333333333,-0.43617209444377536,0.018638108003573444
203,42,110,45.666666666666664,-0.6720439589801285,-0.18488167759545035
203,42,111,45.7,-0.9079158235165464,-0.3572748773618106
203,42,112,45.733333333333334,-1.0804360122062089,-0.4971949942842519
203,42,113,45.766666666666666,-1.2224116428983867,-0.6091101140582801
203,42,114,45.8,-1.3168735167055357,-0.7017843510807498
203,42,115,45.833333333333336,-1.363821633627634,-0.7853723053238393
203,42,116,45.86666666666667,-1.3813564724780656,-0.8674701398658947
203,42,117,45.9,-1.4577178674718743,-0.9490466511817087
203,42,118,45.93333333333333,-1.5046659843939727,-1.0215179182881717
203,42,119,45.96666666666667,-1.5991278582011217,-1.0662098310151442
203,42,120,46.0,-1.693589732008249,-1.0570554249291306
203,42,121,46.03333333333333,-1.788051605815398,-0.9666067715201899
203,42,122,46.06666666666667,-1.7569414078549397,-0.7743841087414628
203,42,123,46.1,-1.199786044381733,-0.47543772033842413
203,42,124,46.13333333333333,-0.08490967747221632,-0.08620143147638416
203,42,125,46.166666666666664,1.1668515604632126,0.3550514589970098
203,42,126,46.2,1.8733358741464112,0.7942571365869103
203,42,127,46.233333333333334,1.8982240325147433,1.1728517702764525
203,42,128,46.266666666666666,1.6165353309821093,1.4409415487107198
203,42,129,46.3,1.2862015926385424,1.5681625125917984
203,42,130,46.333333333333336,0.9773621728858332,1.5489302408913714
203,42,131,46.36666666666667,0.6939765514644511,1.4009351576656977
203,42,132,46.4,0.4784677255930518,1.1581605433549929
203,42,133,46.43333333333333,0.35685513356591414,0.8613311955412333
203,42,134,46.46666666666667,0.3291387753829734,0.5489533633208897
203,42,135,46.5,0.26295889972167397,0.2512245041987636
203,42,136,46.53333333333333,0.13229606828786622,-0.012300629070443249
203,42,137,46.56666666666667,-0.056062039363522886,-0.23181603286038535
203,42,138,46.6,-0.3394476607849697,-0.4047059165629666
203,42,139,46.63333333333333,-0.6228332822063517,-0.5331139085635335
203,42,140,46.666666666666664,-0.8587051467427697,-0.62273427317358
203,42,141,46.7,-1.0640324532816166,-0.6827321466630547
203,42,142,46.733333333333334,-1.2060080839737943,-0.7257014943015606
203,42,143,46.766666666666666,-1.2863289587080078,-0.7662879253924687
203,42,144,46.8,-1.3338427155930366,-0.8177031856964011
203,42,145,46.833333333333336,-1.346852434740133,-0.8865422172504958
203,42,146,46.86666666666667,-1.3938005516622531,-0.9675276319332452
203,42,147,46.9,-1.4407486685843516,-1.0405160498799033
203,42,148,46.93333333333333,-1.5352105423915006,-1.0719388973534447
203,42,149,46.96666666666667,-1.6296724161986278,-1.0217354014396294
203,42,150,47.0,-1.7512850082257871,-0.8549768433964289
203,42,151,47.03333333333333,-1.4944844650613769,-0.555237013089962
203,42,152,47.06666666666667,-0.5419467675092511,-0.1351197157283329
203,42,153,47.1,0.7720348663470726,0.36074918696324265
203,42,154,47.13333333333333,1.8416600362230227,0.8629024684370675
203,42,155,47.166666666666664,2.079794460611119,1.2932487362805518
203,42,156,47.2,1.863154354813859,1.58519878027409
203,42,157,47.233333333333334,1.444580782255334,1.7005542437921741
203,42,158,47.266666666666666,1.0667332870267383,1.6373105752595154
203,42,159,47.3,0.7414903083494369,1.4263330941432137
203,42,160,47.333333333333336,0.46262980663138986,1.1191880416445443
203,42,161,47.36666666666667,0.37665253226800227,0.7723895888640608
203,42,162,47.4,0.37665253226800227,0.4338475274162874
203,42,163,47.43333333333333,0.37665253226800227,0.13537464575902258
203,42,164,47.46666666666667,0.2770998987945879,-0.10817561811677089
203,42,165,47.5,0.08817615118033324,-0.29538244604671937
203,42,166,47.53333333333333,-0.14939263324483265,-0.4335109786365943
203,42,167,47.56666666666667,-0.3852644977812506,-0.5347834719065284
203,42,168,47.6,-0.6686501192026326,-0.6141250382670971
203,42,169,47.63333333333333,-0.8575738668169305,-0.6874416495497392
203,42,170,47.666666666666664,-1.0001151374719954,-0.7692284012999906
203,42,171,47.7,-1.0945770112791444,-0.8689886597596205
203,42,172,47.733333333333334,-1.1437876880529212,-0.9869356726581298
203,42,173,47.766666666666666,-1.188473245123363,-1.1103252672950459
203,42,174,47.8,-1.19130144493795,-1.212242918441879
203,42,175,47.833333333333336,-1.19130144493795,-1.2544525117454484
203,42,176,47.86666666666667,-1.2342900821196439,-1.1949117701667549
203,42,177,47.9,-1.2812381990417638,-0.9990368308823031
203,42,178,47.93333333333333,-1.1607568869404439,-0.6522005555684909
203,42,179,47.96666666666667,-0.44578797381328944,-0.16967521187785875
203,42,180,48.0,0.7092488304633772,0.4001462904287951
203,42,181,48.03333333333333,1.7760458005246753,0.9820679787442338
203,42,182,48.06666666666667,2.213851131822466,1.4895490646730847
203,42,183,48.1,2.0650878215752964,1.8451387270714064
203,42,184,48.13333333333333,1.6572614083121031,1.99930382422618
203,42,185,48.166666666666664,1.2703636736768373,1.941337077834741
203,42,186,48.2,0.8178517033432887,1.6990619125361335
203,42,187,48.233333333333334,0.5882018783989538,1.3282677946207975
203,42,188,48.266666666666666,0.5667075598081177,0.8962141834973533
203,42,189,48.3,0.6142213166931466,0.46498762733536114
203,42,190,48.333333333333336,0.5791516389922837,0.07972380928608593
203,42,191,48.36666666666667,0.40267197056219506,-0.23588385293405248
203,42,192,48.4,0.1322960682878446,-0.4776182477556023
203,42,193,48.43333333333333,-0.1510895531336022,-0.6552386008094212
203,42,194,48.46666666666667,-0.4016680567057997,-0.7862781848565102
203,42,195,48.5,-0.6381055612051264,-0.8906041357625469
203,42,196,48.53333333333333,-0.8270293088193811,-0.9860267696823752
203,42,197,48.56666666666667,-0.9373291015882135,-1.0847465606173248
203,42,198,48.6,-1.0317909753953625,-1.190442767847432
203,42,199,48.63333333333333,-1.078739092317461,-1.296131633016986
203,42,200,48.666666666666664,-1.0962739311678924,-1.383339332940087
203,42,201,48.7,-1.1251215692766723,-1.4234327053352975
203,42,202,48.733333333333334,-1.1720696861987707,-1.3819159134615784
203,42,203,48.766666666666666,-1.238815201822979,-1.225933079120531
203,42,204,48.8,-0.8587051467427913,-0.9340949698438048
203,42,205,48.833333333333336,0.07799463184784558,-0.5063608958064713
203,42,206,48.86666666666667,1.2850703127128544,0.029356227013096932
203,42,207,48.9,2.166903014900324,0.6171920597460856
203,42,208,48.93333333333333,2.3473421630708606,1.1817247419513603
203,42,209,48.96666666666667,2.1323989771623486,1.6436385845634824
203,42,210,49.0,1.7307946034913249,1.9383183118480347
203,42,211,49.03333333333333,1.3523814682998203,2.0313122346570007
203,42,212,49.06666666666667,1.0214820899934094,1.9255749577883532
203,42,213,49.1,0.7822163856794955,1.6584423538953423
203,42,214,49.13333333333333,0.7092488304632043,1.2898512769812234
203,42,215,49.166666666666664,0.7092488304632043,0.886063291652301
203,42,216,49.2,0.6413720349131569,0.504206033814903
203,42,217,49.233333333333334,0.5073153637018533,0.18196025370931937
203,42,218,49.266666666666666,0.22392974228040644,-0.06580648382373934
203,42,219,49.3,-0.059455879141040384,-0.2442803050612666
203,42,220,49.333333333333336,-0.34284150056242235,-0.3720772521986336
203,42,221,49.36666666666667,-0.6086922831334377,-0.4731790123770618
203,42,222,49.4,-0.8451297876327645,-0.5693129863845682
203,42,223,49.43333333333333,-0.9865397783619902,-0.6739525430606624
203,42,224,49.46666666666667,-1.112111850129576,-0.7885668041755468
203,42,225,49.5,-1.1590599670516744,-0.9014796277774482
203,42,226,49.53333333333333,-1.19130144493795,-0.9895946766338676
203,42,227,49.56666666666667,-1.238815201822979,-1.0230624557469459
203,42,228,49.6,-1.2863289587080078,-0.9725075142377259
203,42,229,49.63333333333333,-1.173766606087497,-0.8177144962742925
203,42,230,49.666666666666664,-0.48425149129154016,-0.5558939462457604
203,42,231,49.7,0.637978195135661,-0.20710397288622404
203,42,232,49.733333333333334,1.8088529183739461,0.18552203386253838
203,42,233,49.766666666666666,2.3937246400300505,0.561995767049555
203,42,234,49.8,2.3891995203267156,0.8573493903011368
203,42,235,49.833333333333336,2.096198019535668,1.0162724213400314
203,42,236,49.86666666666667,1.7658642811921876,1.006495313376065
203,42,237,49.9,1.3965013854073531,0.8271644160898503
203,42,238,49.93333333333333,1.0656020071009424,0.5099305763030698
203,42,239,49.96666666666667,0.8444367816003687,0.11264458508274772
203,43,0,43.0,-1.1098492902779191,-0.1378588769399272
203,43,1,43.03333333333333,-1.19130144493795,-0.2521848238578866
203,43,2,43.06666666666667,-1.2682284798946675,-0.3718241035061696
203,43,3,43.1,-1.3151765968167877,-0.5034006323462774
203,43,4,43.13333333333333,-1.409638470623915,-0.6499314915423541
203,43,5,43.166666666666664,-1.456586587546035,-0.8086756445127297
203,43,6,43.2,-1.5985622182381913,-0.9689596501998453
203,43,7,43.233333333333334,-1.7196091703024416,-1.1110844957090549
203,43,8,43.266666666666666,-1.8089802844433251,-1.207680884136654
203,43,9,43.3,-1.5612299806856933,-1.228259229493442
203,43,10,43.333333333333336,-0.7274766753459451,-1.1464107497098253
203,43,11,43.36666666666667,0.31160393653269325,-0.9478251007728276
203,43,12,43.4,1.1131157639859497,-0.6366555324654026
203,43,13,43.43333333333333,1.303736431488974,-0.2379712241802241
203,43,14,43.46666666666667,1.116509603763467,0.2050136016830694
203,43,15,43.5,0.8331239823420202,0.6387076732036713
203,43,16,43.53333333333333,0.5022246040355446,1.0099455154817232
203,43,17,43.56666666666667,0.23976766124208992,1.2766691899804967
203,43,18,43.6,0.023693195407781725,1.4153346334867953
203,43,19,43.63333333333333,-0.00345752281222859,1.423185679524484
203,43,20,43.666666666666664,-0.00345752281222859,1.3155691491146209
203,43,21,43.7,-0.022123641588499186,1.1200927530406186
203,43,22,43.733333333333334,-0.18219975109399558,0.8698360823584703
203,43,23,43.766666666666666,-0.3886583375587249,0.5972750935782118
203,43,24,43.8,-0.6550747600926491,0.3297872870787748
203,43,25,43.833333333333336,-0.8915122645919326,0.08698044901762764
203,43,26,43.86666666666667,-1.0804360122062304,-0.1202690257909544
203,43,27,43.9,-1.2065737239367031,-0.28934284814188094
203,43,28,43.93333333333333,-1.3010355977438521,-0.4243146153272607
203,43,29,43.96666666666667,-1.347983714665972,-0.5336061595385044
203,43,30,44.0,-1.3813564724780656,-0.6270854711625994
203,43,31,44.03333333333333,-1.3813564724780656,-0.712833854642213
203,43,32,44.06666666666667,-1.4288702293630944,-0.794030028407283
203,43,33,44.1,-1.4407486685843516,-0.8666753185927946
203,43,34,44.13333333333333,-1.5352105423915006,-0.9189762839781722
203,43,35,44.166666666666664,-1.582158659313599,-0.9330011354415391
203,43,36,44.2,-1.5985622182381913,-0.8887280495530655
203,43,37,44.233333333333334,-1.209401923751204,-0.7698518290079766
203,43,38,44.266666666666666,-0.33152870130411716,-0.5699000358938923
203,43,39,44.3,0.6345843553582083,-0.2967081165059662
203,43,40,44.333333333333336,1.1923053587943238,0.026520691760247267
203,43,41,44.36666666666667,1.1221660033926197,0.3643739441219921
203,43,42,44.4,0.8246393828982373,0.675934502950688
203,43,43,44.43333333333333,0.49430564455475684,0.9231082296259575
203,43,44,44.46666666666667,0.1696283058403642,1.0782308364144744
203,43,45,44.5,-0.013639042144759467,1.128965967680968
203,43,46,44.53333333333333,-0.0984850365822863,1.0793345181632685
203,43,47,44.56666666666667,-0.09452555684186004,0.9468986996710169
203,43,48,44.6,-0.05097127969725745,0.7574025281698984
203,43,49,44.63333333333333,-0.10414143621146052,0.5388374622259329
203,43,50,44.666666666666664,-0.2930651838257584,0.3165309815699415
203,43,51,44.7,-0.5295026883250419,0.10994391913108903
203,43,52,44.733333333333334,-0.7659401928243686,-0.06885832871532048
203,43,53,44.766666666666666,-0.9548639404386665,-0.2154063023918555
203,43,54,44.8,-1.0962739311678924,-0.3320527845990401
203,43,55,44.833333333333336,-1.2382495618600702,-0.42640042619595503
203,43,56,44.86666666666667,-1.2863289587080078,-0.5089075134953915
203,43,57,44.9,-1.3338427155930366,-0.5896862785932387
203,43,58,44.93333333333333,-1.3813564724780656,-0.6748789893643267
203,43,59,44.96666666666667,-1.4260420295485072,-0.7634506176066319
203,43,60,45.0,-1.4729901464706274,-0.845444898975511
203,43,61,45.03333333333333,-1.5199382633927259,-0.9026123343502027
203,43,62,45.06666666666667,-1.6144001371998746,-0.9118358790725861
203,43,63,45.1,-1.7088620110070236,-0.8509185677001389
203,43,64,45.13333333333333,-1.5408669420206746,-0.7052588709042631
203,43,65,45.166666666666664,-0.7783842720084915,-0.47334896622872047
203,43,66,45.2,0.2544743002780639,-0.16934105900093654
203,43,67,45.233333333333334,1.2205873569401733,0.17813998423134086
203,43,68,45.266666666666666,1.5565774949128928,0.5307184421659049
203,43,69,45.3,1.391410625741131,0.8473639795752314
203,43,70,45.333333333333336,1.030532329400058,1.0920048611032467
203,43,71,45.36666666666667,0.7380964685719409,1.239689623763569
203,43,72,45.4,0.45471084715055893,1.279960402044411
203,43,73,45.43333333333333,0.20809182331872295,1.2170870158809612
203,43,74,45.46666666666667,0.10288279021615596,1.0676377764982505
203,43,75,45.5,0.09156999095782913,0.8563349315449906
203,43,76,45.53333333333333,0.09156999095782913,0.6112769949237465
203,43,77,45.56666666666667,0.009552196334867789,0.3594581052975203
203,43,78,45.6,-0.16636183213233371,0.1231832861570381
203,43,79,45.63333333333333,-0.43617209444377536,-0.08234098623834982
203,43,80,45.666666666666664,-0.6720439589801285,-0.25013884823701016
203,43,81,45.7,-0.9079158235165464,-0.3812925611036887
203,43,82,45.733333333333334,-1.0804360122062089,-0.48351435683677685
203,43,83,45.766666666666666,-1.2224116428983867,-0.5686257459257822
203,43,84,45.8,-1.3168735167055357,-0.6492458424248008
203,43,85,45.833333333333336,-1.363821633627634,-0.7351270701002195
203,43,86,45.86666666666667,-1.3813564724780656,-0.8296963187919932
203,43,87,45.9,-1.4577178674718743,-0.9274762466802511
203,43,88,45.93333333333333,-1.5046659843939727,-1.013151033185102
203,43,89,45.96666666666667,-1.5991278582011217,-1.062998254329253
203,43,90,46.0,-1.693589732008249,-1.0490901071419565
203,43,91,46.03333333333333,-1.788051605815398,-0.9459717878677784
203,43,92,46.06666666666667,-1.7569414078549397,-0.7385425349122238
203,43,93,46.1,-1.199786044381733,-0.4289642602826081
203,43,94,46.13333333333333,-0.08490967747221632,-0.04010676972230603
203,43,95,46.166666666666664,1.1668515604632126,0.3862866377351752
203,43,96,46.2,1.8733358741464112,0.7968841559901796
203,43,97,46.233333333333334,1.8982240325147433,1.1377207497016448
203,43,98,46.266666666666666,1.6165353309821093,1.3656715275735742
203,43,99,46.3,1.2862015926385424,1.4570959191174637
203,43,100,46.333333333333336,0.9773621728858332,1.4113641924990366
203,43,101,46.36666666666667,0.6939765514644511,1.2487530237642512
203,43,102,46.4,0.4784677255930518,1.003916855447519
203,43,103,46.43333333333333,0.35685513356591414,0.7172200069243063
203,43,104,46.46666666666667,0.3291387753829734,0.42640266167428176
203,43,105,46.5,0.26295889972167397,0.16048791718332864
203,43,106,46.53333333333333,0.13229606828786622,-0.06314530523997079
203,43,107,46.56666666666667,-0.056062039363522886,-0.23865698501099053
203,43,108,46.6,-0.3394476607849697,-0.3695601155252889
203,43,109,46.63333333333333,-0.6228332822063517,-0.46569344301032295
203,43,110,46.666666666666664,-0.8587051467427697,-0.5402741693392655
203,43,111,46.7,-1.0640324532816166,-0.6073048952681322
203,43,112,46.733333333333334,-1.2060080839737943,-0.6790594045086642
203,43,113,46.766666666666666,-1.2863289587080078,-0.7632550704775019
203,43,114,46.8,-1.3338427155930366,-0.8599244150809641
203,43,115,46.833333333333336,-1.346852434740133,-0.9586973233066844
203,43,116,46.86666666666667,-1.3938005516622531,-1.037795467595048
203,43,117,46.9,-1.4407486685843516,-1.0661470329565241
203,43,118,46.93333333333333,-1.5352105423915006,-1.0094234974787708
203,43,119,46.96666666666667,-1.6296724161986278,-0.8394923003081995
203,43,120,47.0,-1.7512850082257871,-0.5451166725054627
203,43,121,47.03333333333333,-1.4944844650613769,-0.14039081264257502
203,43,122,47.06666666666667,-0.5419467675092511,0.33283430794759145
203,43,123,47.1,0.7720348663470726,0.810811833324695
203,43,124,47.13333333333333,1.8416600362230227,1.2213608181321933
203,43,125,47.166666666666664,2.079794460611119,1.5011492694140116
203,43,126,47.2,1.863154354813859,1.6113375634980578
203,43,127,47.233333333333334,1.444580782255334,1.5465067718030565
203,43,128,47.266666666666666,1.0667332870267383,1.3340541453008117
203,43,129,47.3,0.7414903083494369,1.0245755137300505
203,43,130,47.333333333333336,0.46262980663138986,0.6769433306908491
203,43,131,47.36666666666667,0.37665253226800227,0.34343314803822106
203,43,132,47.4,0.37665253226800227,0.05957856576217149
203,43,133,47.43333333333333,0.37665253226800227,-0.15906333361420588
203,43,134,47.46666666666667,0.2770998987945879,-0.3140595300645511
203,43,135,47.5,0.08817615118033324,-0.41801669415740456
203,43,136,47.53333333333333,-0.14939263324483265,-0.4883450413455407
203,43,137,47.56666666666667,-0.3852644977812506,-0.5427551004786612
203,43,138,47.6,-0.6686501192026326,-0.5967648879614297
203,43,139,47.63333333333333,-0.8575738668169305,-0.6623417289905624
203,43,140,47.666666666666664,-1.0001151374719954,-0.7465331032057667
203,43,141,47.7,-1.0945770112791444,-0.8494417734457647
203,43,142,47.733333333333334,-1.1437876880529212,-0.9617718842715131
203,43,143,47.766666666666666,-1.188473245123363,-1.063050936700143
203,43,144,47.8,-1.19130144493795,-1.1221645904003221
203,43,145,47.833333333333336,-1.19130144493795,-1.1016546782590837
203,43,146,47.86666666666667,-1.2342900821196439,-0.966169196867569
203,43,147,47.9,-1.2812381990417638,-0.6937775866721405
203,43,148,47.93333333333333,-1.1607568869404439,-0.28714497940052713
203,43,149,47.96666666666667,-0.44578797381328944,0.21953661541867614
203,43,150,48.0,0.7092488304633772,0.7617547816777673
203,43,151,48.03333333333333,1.7760458005246753,1.255887945776985
203,43,152,48.06666666666667,2.213851131822466,1.6186759229730667
203,43,153,48.1,2.0650878215752964,1.7893894605371574
203,43,154,48.13333333333333,1.6572614083121031,1.7469899218010843
203,43,155,48.166666666666664,1.2703636736768373,1.5155321651869427
203,43,156,48.2,0.8178517033432887,1.155310434733636
203,43,157,48.233333333333334,0.5882018783989538,0.7431517924212292
203,43,158,48.266666666666666,0.5667075598081177,0.34999479476856804
203,43,159,48.3,0.6142213166931466,0.02447399136424538
203,43,160,48.333333333333336,0.5791516389922837,-0.21298916031894935
203,43,161,48.36666666666667,0.40267197056219506,-0.3667280501567587
203,43,162,48.4,0.1322960682878446,-0.45733355863483865
203,43,163,48.43333333333333,-0.1510895531336022,-0.5124637768286098
203,43,164,48.46666666666667,-0.4016680567057997,-0.5595041732370859
203,43,165,48.5,-0.6381055612051264,-0.6205880065882424
203,43,166,48.53333333333333,-0.8270293088193811,-0.7093150195268563
203,43,167,48.56666666666667,-0.9373291015882135,-0.8283551102119769
203,43,168,48.6,-1.0317909753953625,-0.9676146648603419
203,43,169,48.63333333333333,-1.078739092317461,-1.103437752682796
203,43,170,48.666666666666664,-1.0962739311678924,-1.2000380436756475
203,43,171,48.7,-1.1251215692766723,-1.214512808036326
203,43,172,48.733333333333334,-1.1720696861987707,-1.1060199915305355
203,43,173,48.766666666666666,-1.238815201822979,-0.8480368435939923
203,43,174,48.8,-0.8587051467427913,-0.4405916295800617
203,43,175,48.833333333333336,0.07799463184784558,0.08207692442614842
203,43,176,48.86666666666667,1.2850703127128544,0.6527914671187507
203,43,177,48.9,2.166903014900324,1.1835440534871724
203,43,178,48.93333333333333,2.3473421630708606,1.586118536584091
203,43,179,48.96666666666667,2.1323989771623486,1.7949412595526282
203,43,180,49.0,1.7307946034913249,1.784340602040296
203,43,181,49.03333333333333,1.3523814682998203,1.5740766648356588
203,43,182,49.06666666666667,1.0214820899934094,1.2212768627117587
203,43,183,49.1,0.7822163856794955,0.802112408074348
203,43,184,49.13333333333333,0.7092488304632043,0.39043184966721184
203,43,185,49.166666666666664,0.7092488304632043,0.04098884288609747
203,43,186,49.2,0.6413720349131569,-0.2184627552775164
203,43,187,49.233333333333334,0.5073153637018533,-0.3864451025543524
203,43,188,49.266666666666666,0.22392974228040644,-0.48137066637947906
203,43,189,49.3,-0.059455879141040384,-0.5328639145559765
203,43,190,49.333333333333336,-0.34284150056242235,-0.5732074931662671
203,43,191,49.36666666666667,-0.6086922831334377,-0.630079769510795
203,43,192,49.4,-0.8451297876327645,-0.7209157656787291
203,43,193,49.43333333333333,-0.9865397783619902,-0.8489698094686878
203,43,194,49.46666666666667,-1.112111850129576,-1.0012927204238906
203,43,195,49.5,-1.1590599670516744,-1.14913059973747
203,43,196,49.53333333333333,-1.19130144493795,-1.251449161780716
203,43,197,49.56666666666667,-1.238815201822979,-1.2621092956617945
203,43,198,49.6,-1.2863289587080078,-1.1404444524390602
203,43,199,49.63333333333333,-1.173766606087497,-0.8635408411849279
203,43,200,49.666666666666664,-0.48425149129154016,-0.43683488317385344
203,43,201,49.7,0.637978195135661,0.10116443833505454
203,43,202,49.733333333333334,1.8088529183739461,0.6831407668212452
203,43,203,49.766666666666666,2.3937246400300505,1.226310611417706
203,43,204,49.8,2.3891995203267156,1.6511245244875226
203,43,205,49.833333333333336,2.096198019535668,1.8992736993521777
203,43,206,49.86666666666667,1.7658642811921876,1.9455432722898547
203,43,207,49.9,1.3965013854073531,1.8007122829032758
203,43,208,49.93333333333333,1.0656020071009424,1.5056711152979319
203,43,209,49.96666666666667,0.8444367816003687,1.1192905602636425
203,43,210,50.0,0.7567625873482331,0.7039569822108354
203,43,211,50.03333333333333,0.7092488304632043,0.31274247161868546
203,43,212,50.06666666666667,0.6029085174347981,-0.019057785027815598
203,43,213,50.1,0.4088940101542348,-0.27710197815389576
203,43,214,50.13333333333333,0.12550838873285283,-0.4664963113913641
203,43,215,50.166666666666664,-0.157877232688594,-0.6069593679375992
203,43,216,50.2,-0.3937490972249471,-0.725998143951163
203,43,217,50.233333333333334,-0.626792761946778,-0.8511331533080948
203,43,218,50.266666666666666,-0.8134539497093976,-1.0020952552085036
203,43,219,50.3,-0.9079158235165249,-1.1841046026627278
203,43,220,50.333333333333336,-1.0012464173978346,-1.3836290848368706
203,43,221,50.36666666666667,-1.0487601742828634,-1.568085588429199
203,43,222,50.4,-1.0487601742828634,-1.690518243310728
203,43,223,50.43333333333333,-1.1432220480900124,-1.6993051388207738
203,43,224,50.46666666666667,-1.003508977249513,-1.5515389530535293
203,43,225,50.5,-0.30381234312113325,-1.2271501870059565
203,43,226,50.53333333333333,0.7296118691283525,-0.7395951638987537
203,43,227,50.56666666666667,1.8212969975580258,-0.13876662121151687
203,43,228,50.6,2.3145350452216977,0.49662283598705614
203,43,229,50.63333333333333,2.285121767150009,1.0764082507005979
203,43,230,50.666666666666664,2.005695625468989,1.520970358619608
203,43,231,50.7,1.6798870068287568,1.7803082722668835
203,43,232,50.733333333333334,1.3020395116002474,1.8439627714937237
203,43,233,50.766666666666666,0.9717057732566806,1.739411528502
203,43,234,50.8,0.7703379464582167,1.520494741810641
203,43,235,50.833333333333336,0.6617350735781754,1.2501419167786532
203,43,236,50.86666666666667,0.6221402761739775,0.9827667109457473
203,43,237,50.9,0.48864924492558265,0.7511740670249079
203,43,238,50.93333333333333,0.26126197983292604,0.5610863984420771
203,43,239,50.96666666666667,-0.022123641588520794,0.39425121308456407
203,44,0,44.0,-1.3813564724780656,-0.053483220590715634
203,44,1,44.03333333333333,-1.3813564724780656,-0.4358521540427854
203,44,2,44.06666666666667,-1.4288702293630944,-0.7553309553673307
203,44,3,44.1,-1.4407486685843516,-0.9607753159546147
203,44,4,44.13333333333333,-1.5352105423915006,-1.0190004885086354
203,44,5,44.166666666666664,-1.582158659313599,-0.9203275156294468
203,44,6,44.2,-1.5985622182381913,-0.679802181652482
203,44,7,44.233333333333334,-1.209401923751204,-0.33382012125146965
203,44,8,44.266666666666666,-0.33152870130411716,0.06717759124705328
203,44,9,44.3,0.6345843553582083,0.4685002953710854
203,44,10,44.333333333333336,1.1923053587943238,0.8211785898364812
203,44,11,44.36666666666667,1.1221660033926197,1.0895283596678935
203,44,12,44.4,0.8246393828982373,1.2546743167234964
203,44,13,44.43333333333333,0.49430564455475684,1.3139338144840036
203,44,14,44.46666666666667,0.1696283058403642,1.277135791616216
203,44,15,44.5,-0.013639042144759467,1.161505155683224
203,44,16,44.53333333333333,-0.0984850365822863,0.9867838878204906
203,44,17,44.56666666666667,-0.09452555684186004,0.7718032600719349
203,44,18,44.6,-0.05097127969725745,0.5328870394855377
203,44,19,44.63333333333333,-0.10414143621146052,0.2836731890831748
203,44,20,44.666666666666664,-0.2930651838257584,0.03558066960414193
203,44,21,44.7,-0.5295026883250419,-0.20173798634455212
203,44,22,44.733333333333334,-0.7659401928243686,-0.42024391848445014
203,44,23,44.766666666666666,-0.9548639404386665,-0.6136128189606671
203,44,24,44.8,-1.0962739311678924,-0.7774266394615387
203,44,25,44.833333333333336,-1.2382495618600702,-0.9092866963127024
203,44,26,44.86666666666667,-1.2863289587080078,-1.0086429313990544
203,44,27,44.9,-1.3338427155930366,-1.0761462337512335
203,44,28,44.93333333333333,-1.3813564724780656,-1.1125066784707862
203,44,29,44.96666666666667,-1.4260420295485072,-1.1171310975187487
203,44,30,45.0,-1.4729901464706274,-1.0870663064548256
203,44,31,45.03333333333333,-1.5199382633927259,-1.0168393370631417
203,44,32,45.06666666666667,-1.6144001371998746,-0.8995830157641532
203,44,33,45.1,-1.7088620110070236,-0.72940691544006
203,44,34,45.13333333333333,-1.5408669420206746,-0.5044640441703951
203,44,35,45.166666666666664,-0.7783842720084915,-0.22976717940976674
203,44,36,45.2,0.2544743002780639,0.08128776372814814
203,44,37,45.233333333333334,1.2205873569401733,0.40742069509994505
203,44,38,45.266666666666666,1.5565774949128928,0.7220556923918567
203,44,39,45.3,1.391410625741131,0.9973362619319993
203,44,40,45.333333333333336,1.030532329400058,1.2084547671049868
203,44,41,45.36666666666667,0.7380964685719409,1.3372393162180614
203,44,42,45.4,0.45471084715055893,1.3744281153902498
203,44,43,45.43333333333333,0.20809182331872295,1.320519203482482
203,44,44,45.46666666666667,0.10288279021615596,1.1851964340396048
203,44,45,45.5,0.09156999095782913,0.9853782703115501
203,44,46,45.53333333333333,0.09156999095782913,0.7422328758324291
203,44,47,45.56666666666667,0.009552196334867789,0.4778421875428593
203,44,48,45.6,-0.16636183213233371,0.21224426208413882
203,44,49,45.63333333333333,-0.43617209444377536,-0.038657763571154566
203,44,50,45.666666666666664,-0.6720439589801285,-0.2641665314737547
203,44,51,45.7,-0.9079158235165464,-0.45895120112829557
203,44,52,45.733333333333334,-1.0804360122062089,-0.6225112844305832
203,44,53,45.766666666666666,-1.2224116428983867,-0.7580985103802875
203,44,54,45.8,-1.3168735167055357,-0.8711176075677797
203,44,55,45.833333333333336,-1.363821633627634,-0.9669593151235641
203,44,56,45.86666666666667,-1.3813564724780656,-1.048346660245206
203,44,57,45.9,-1.4577178674718743,-1.112644991098587
203,44,58,45.93333333333333,-1.5046659843939727,-1.1500485700250882
203,44,59,45.96666666666667,-1.5991278582011217,-1.1437345541360167
203,44,60,46.0,-1.693589732008249,-1.0726963852779707
203,44,61,46.03333333333333,-1.788051605815398,-0.9171763257119222
203,44,62,46.06666666666667,-1.7569414078549397,-0.6656970758731687
203,44,63,46.1,-1.199786044381733,-0.32177000377483767
203,44,64,46.13333333333333,-0.08490967747221632,0.09225831901235704
203,44,65,46.166666666666664,1.1668515604632126,0.536333468464481
203,44,66,46.2,1.8733358741464112,0.9591702735506021
203,44,67,46.233333333333334,1.8982240325147433,1.3083733507180109
203,44,68,46.266666666666666,1.6165353309821093,1.5412533107627586
203,44,69,46.3,1.2862015926385424,1.6333076020255013
203,44,70,46.333333333333336,0.9773621728858332,1.582170011500066
203,44,71,46.36666666666667,0.6939765514644511,1.406261881109678
203,44,72,46.4,0.4784677255930518,1.1389780859426486
203,44,73,46.43333333333333,0.35685513356591414,0.8204552721559948
203,44,74,46.46666666666667,0.3291387753829734,0.48938686821089344
203,44,75,46.5,0.26295889972167397,0.17694652001614838
203,44,76,46.53333333333333,0.13229606828786622,-0.09610064322135688
203,44,77,46.56666666666667,-0.056062039363522886,-0.3192463833423073
203,44,78,46.6,-0.3394476607849697,-0.490236086320172
203,44,79,46.63333333333333,-0.6228332822063517,-0.612749868880385
203,44,80,46.666666666666664,-0.8587051467427697,-0.6947651903470056
203,44,81,46.7,-1.0640324532816166,-0.747599529016072
203,44,82,46.733333333333334,-1.2060080839737943,-0.7848349253105723
203,44,83,46.766666666666666,-1.2863289587080078,-0.8201717035527294
203,44,84,46.8,-1.3338427155930366,-0.8638293814143261
203,44,85,46.833333333333336,-1.346852434740133,-0.9181184446408663
203,44,86,46.86666666666667,-1.3938005516622531,-0.9737477045728546
203,44,87,46.9,-1.4407486685843516,-1.0088288608309877
203,44,88,46.93333333333333,-1.5352105423915006,-0.9921029041123461
203,44,89,46.96666666666667,-1.6296724161986278,-0.890674913295483
203,44,90,47.0,-1.7512850082257871,-0.6808168312986375
203,44,91,47.03333333333333,-1.4944844650613769,-0.3586709091018509
203,44,92,47.06666666666667,-0.5419467675092511,0.053280552146302146
203,44,93,47.1,0.7720348663470726,0.5073482869469569
203,44,94,47.13333333333333,1.8416600362230227,0.9400349360625359
203,44,95,47.166666666666664,2.079794460611119,1.2870410908360879
203,44,96,47.2,1.863154354813859,1.4990089502123347
203,44,97,47.233333333333334,1.444580782255334,1.5528798363112286
203,44,98,47.266666666666666,1.0667332870267383,1.4554125571560639
203,44,99,47.3,0.7414903083494369,1.2383364514055277
203,44,100,47.333333333333336,0.46262980663138986,0.9476456371077832
203,44,101,47.36666666666667,0.37665253226800227,0.6313113408684023
203,44,102,47.4,0.37665253226800227,0.32942209055093885
203,44,103,47.43333333333333,0.37665253226800227,0.06891325269856723
203,44,104,47.46666666666667,0.2770998987945879,-0.1372279339809838
203,44,105,47.5,0.08817615118033324,-0.2879660062502307
203,44,106,47.53333333333333,-0.14939263324483265,-0.3913710888279738
203,44,107,47.56666666666667,-0.3852644977812506,-0.4620197350585633
203,44,108,47.6,-0.6686501192026326,-0.5185460536510967
203,44,109,47.63333333333333,-0.8575738668169305,-0.580555860751885
203,44,110,47.666666666666664,-1.0001151374719954,-0.6643701231308666
203,44,111,47.7,-1.0945770112791444,-0.7779478730935648
203,44,112,47.733333333333334,-1.1437876880529212,-0.9162269218782949
203,44,113,47.766666666666666,-1.188473245123363,-1.0586166421653622
203,44,114,47.8,-1.19130144493795,-1.1702872113394922
203,44,115,47.833333333333336,-1.19130144493795,-1.2081461059660132
203,44,116,47.86666666666667,-1.2342900821196439,-1.131067848718071
203,44,117,47.9,-1.2812381990417638,-0.9123498276723746
203,44,118,47.93333333333333,-1.1607568869404439,-0.5509731301975488
203,44,119,47.96666666666667,-0.44578797381328944,-0.07757611449549323
203,44,120,48.0,0.7092488304633772,0.448265428773676
203,44,121,48.03333333333333,1.7760458005246753,0.9501639525188644
203,44,122,48.06666666666667,2.213851131822466,1.3530538531048153
203,44,123,48.1,2.0650878215752964,1.601062353072318
203,44,124,48.13333333333333,1.6572614083121031,1.6693070342660905
203,44,125,48.166666666666664,1.2703636736768373,1.566671557921791
203,44,126,48.2,0.8178517033432887,1.3298049826737948
203,44,127,48.233333333333334,0.5882018783989538,1.0111231490630743
203,44,128,48.266666666666666,0.5667075598081177,0.6650746001277448
203,44,129,48.3,0.6142213166931466,0.3368592962504668
203,44,130,48.333333333333336,0.5791516389922837,0.05611598256396504
203,44,131,48.36666666666667,0.40267197056219506,-0.16422420997972859
203,44,132,48.4,0.1322960682878446,-0.32547303516672854
203,44,133,48.43333333333333,-0.1510895531336022,-0.4391706595998538
203,44,134,48.46666666666667,-0.4016680567057997,-0.5229172677664858
203,44,135,48.5,-0.6381055612051264,-0.5963973156466693
203,44,136,48.53333333333333,-0.8270293088193811,-0.6773407978335122
203,44,137,48.56666666666667,-0.9373291015882135,-0.7772368560365233
203,44,138,48.6,-1.0317909753953625,-0.8971471750305346
203,44,139,48.63333333333333,-1.078739092317461,-1.024639775502355
203,44,140,48.666666666666664,-1.0962739311678924,-1.13331016615786
203,44,141,48.7,-1.1251215692766723,-1.1862350918043854
203,44,142,48.733333333333334,-1.1720696861987707,-1.143828316213778
203,44,143,48.766666666666666,-1.238815201822979,-0.9750189776533984
203,44,144,48.8,-0.8587051467427913,-0.6689036338084964
203,44,145,48.833333333333336,0.07799463184784558,-0.24283476990931008
203,44,146,48.86666666666667,1.2850703127128544,0.2568339729465523
203,44,147,48.9,2.166903014900324,0.7628889757525924
203,44,148,48.93333333333333,2.3473421630708606,1.2022141237178543
203,44,149,48.96666666666667,2.1323989771623486,1.512667109426942
203,44,150,49.0,1.7307946034913249,1.65665534886511
203,44,151,49.03333333333333,1.3523814682998203,1.6277932580417431
203,44,152,49.06666666666667,1.0214820899934094,1.4492265182567592
203,44,153,49.1,0.7822163856794955,1.1646908553500723
203,44,154,49.13333333333333,0.7092488304632043,0.8258015472094844
203,44,155,49.166666666666664,0.7092488304632043,0.48007329013127187
203,44,156,49.2,0.6413720349131569,0.16290772766094247
203,44,157,49.233333333333334,0.5073153637018533,-0.10559647151759574
203,44,158,49.266666666666666,0.22392974228040644,-0.3199676183759261
203,44,159,49.3,-0.059455879141040384,-0.48637725727242176
203,44,160,49.333333333333336,-0.34284150056242235,-0.6185582900678609
203,44,161,49.36666666666667,-0.6086922831334377,-0.7331926036817091
203,44,162,49.4,-0.8451297876327645,-0.8449947634794752
203,44,163,49.43333333333333,-0.9865397783619902,-0.9618203156883374
203,44,164,49.46666666666667,-1.112111850129576,-1.0805090835245685
203,44,165,49.5,-1.1590599670516744,-1.184632819559581
203,44,166,49.53333333333333,-1.19130144493795,-1.2455578682198107
203,44,167,49.56666666666667,-1.238815201822979,-1.2278631734207086
203,44,168,49.6,-1.2863289587080078,-1.0989265969177495
203,44,169,49.63333333333333,-1.173766606087497,-0.8405493559173529
203,44,170,49.666666666666664,-0.48425149129154016,-0.45864512691621107
203,44,171,49.7,0.637978195135661,0.013231668231370603
203,44,172,49.733333333333334,1.8088529183739461,0.5186276620308398
203,44,173,49.766666666666666,2.3937246400300505,0.9899598461651129
203,44,174,49.8,2.3891995203267156,1.3633855431493784
203,44,175,49.833333333333336,2.096198019535668,1.592092816397383
203,44,176,49.86666666666667,1.7658642811921876,1.654606840898131
203,44,177,49.9,1.3965013854073531,1.5568194852331798
203,44,178,49.93333333333333,1.0656020071009424,1.3281350671267569
203,44,179,49.96666666666667,0.8444367816003687,1.0132088099271621
203,44,180,50.0,0.7567625873482331,0.6615079890501617
203,44,181,50.03333333333333,0.7092488304632043,0.3172569620431139
203,44,182,50.06666666666667,0.6029085174347981,0.012018974616937197
203,44,183,50.1,0.4088940101542348,-0.23876188737386084
203,44,184,50.13333333333333,0.12550838873285283,-0.43518035806764765
203,44,185,50.166666666666664,-0.157877232688594,-0.5891646435338237
203,44,186,50.2,-0.3937490972249471,-0.7188952643008181
203,44,187,50.233333333333334,-0.626792761946778,-0.8424081691256482
203,44,188,50.266666666666666,-0.8134539497093976,-0.9711748598268122
203,44,189,50.3,-0.9079158235165249,-1.1045450409953261
203,44,190,50.333333333333336,-1.0012464173978346,-1.2264325306275414
203,44,191,50.36666666666667,-1.0487601742828634,-1.3059598626193536
203,44,192,50.4,-1.0487601742828634,-1.3032912736269606
203,44,193,50.43333333333333,-1.1432220480900124,-1.1804044025019829
203,44,194,50.46666666666667,-1.003508977249513,-0.9144460987942097
203,44,195,50.5,-0.30381234312113325,-0.5093711759680706
203,44,196,50.53333333333333,0.7296118691283525,-0.00089324814575339
203,44,197,50.56666666666667,1.8212969975580258,0.5484511032670932
203,44,198,50.6,2.3145350452216977,1.0632547025381878
203,44,199,50.63333333333333,2.285121767150009,1.4733654626793926
203,44,200,50.666666666666664,2.005695625468989,1.729906582414361
203,44,201,50.7,1.6798870068287568,1.814265860819836
203,44,202,50.733333333333334,1.3020395116002474,1.7381115002789451
203,44,203,50.766666666666666,0.9717057732566806,1.5357416606854548
203,44,204,50.8,0.7703379464582167,1.2523910315236004
203,44,205,50.833333333333336,0.6617350735781754,0.9326999806970032
203,44,206,50.86666666666667,0.6221402761739775,0.612390402941767
203,44,207,50.9,0.48864924492558265,0.31423268970566426
203,44,208,50.93333333333333,0.26126197983292604,0.04776826534558288
203,44,209,50.96666666666667,-0.022123641588520794,-0.18846421042772965
203,44,210,51.0,-0.3055092630099028,-0.40332560047075044
203,44,211,51.03333333333333,-0.5888948844313496,-0.6087573882873197
203,44,212,51.06666666666667,-0.7885657913410655,-0.8151270829054631
203,44,213,51.1,-0.9418542212915485,-1.026677213272882
203,44,214,51.13333333333333,-1.0363160950986974,-1.2377943317612623
203,44,215,51.166666666666664,-1.083264212020796,-1.4311101588450266
203,44,216,51.2,-1.0962739311678924,-1.5785217571605052
203,44,217,51.233333333333334,-1.1437876880529212,-1.6458517177693355
203,44,218,51.266666666666666,-1.1584943270887655,-1.6009555435241656
203,44,219,51.3,-0.8077975500801801,-1.423710321976979
203,44,220,51.333333333333336,0.02821831511105196,-1.1149348835523962
203,44,221,51.36666666666667,1.0989747649130357,-0.7007234623277829
203,44,222,51.4,1.9072742719214781,-0.2296299920973731
203,44,223,51.43333333333333,2.0871477801290412,0.2373260435218889
203,44,224,51.46666666666667,1.8269533971872,0.6406971731989481
203,44,225,51.5,1.4491059019586043,0.9357054261002311
203,44,226,51.53333333333333,1.0429764085842455,1.1001785914322348
203,44,227,51.56666666666667,0.6934109115014991,1.135666311491442
203,44,228,51.6,0.49204308470307856,1.062736692928972
203,44,229,51.63333333333333,0.45075136741013266,0.9130971132846127
203,44,230,51.666666666666664,0.47168004603806,0.721460421898179
203,44,231,51.7,0.42077244937553526,0.5192855441009306
203,44,232,51.733333333333334,0.23184870176123737,0.3312802527892765
203,44,233,51.766666666666666,-0.004588802738089362,0.1744417029958691
203,44,234,51.8,-0.2647831856798873,0.058765943718792506
203,44,235,51.833333333333336,-0.5249775686217285,-0.011397167492123285
203,44,236,51.86666666666667,-0.7139013162359832,-0.03617409063283708
203,44,237,51.9,-0.8807651052965145,-0.019590411521659985
203,44,238,51.93333333333333,-0.9537326605128058,0.030531023451241507
203,44,239,51.96666666666667,-0.974661339140733,0.10274952548702981
203,45,0,45.0,-1.4729901464706274,0.004003366044931626
203,45,1,45.03333333333333,-1.5199382633927259,-0.2505797932529594
203,45,2,45.06666666666667,-1.6144001371998746,-0.42811171324458536
203,45,3,45.1,-1.7088620110070236,-0.47197120567037465
203,45,4,45.13333333333333,-1.5408669420206746,-0.3583318822481278
203,45,5,45.166666666666664,-0.7783842720084915,-0.10069924734743112
203,45,6,45.2,0.2544743002780639,0.25579558183362616
203,45,7,45.233333333333334,1.2205873569401733,0.6476609784783907
203,45,8,45.266666666666666,1.5565774949128928,1.0091621842045806
203,45,9,45.3,1.391410625741131,1.286601986178831
203,45,10,45.333333333333336,1.030532329400058,1.447395073082637
203,45,11,45.36666666666667,0.7380964685719409,1.4825320818703231
203,45,12,45.4,0.45471084715055893,1.4030860787111405
203,45,13,45.43333333333333,0.20809182331872295,1.2329868883945472
203,45,14,45.46666666666667,0.10288279021615596,1.0009516293903897
203,45,15,45.5,0.09156999095782913,0.7340782881066789
203,45,16,45.53333333333333,0.09156999095782913,0.45440963583973343
203,45,17,45.56666666666667,0.009552196334867789,0.178345042287155
203,45,18,45.6,-0.16636183213233371,-0.08225082253945264
203,45,19,45.63333333333333,-0.43617209444377536,-0.31865527705610963
203,45,20,45.666666666666664,-0.6720439589801285,-0.5245612592985874
203,45,21,45.7,-0.9079158235165464,-0.6962394942140581
203,45,22,45.733333333333334,-1.0804360122062089,-0.8332648895185119
203,45,23,45.766666666666666,-1.2224116428983867,-0.9391632668048125
203,45,24,45.8,-1.3168735167055357,-1.0211722799509297
203,45,25,45.833333333333336,-1.363821633627634,-1.0884444899441765
203,45,26,45.86666666666667,-1.3813564724780656,-1.1485883217880035
203,45,27,45.9,-1.4577178674718743,-1.203336503802604
203,45,28,45.93333333333333,-1.5046659843939727,-1.2449844051132481
203,45,29,45.96666666666667,-1.5991278582011217,-1.255515177194902
203,45,30,46.0,-1.693589732008249,-1.20967632694239
203,45,31,46.03333333333333,-1.788051605815398,-1.0818599965693583
203,45,32,46.06666666666667,-1.7569414078549397,-0.8550074035851032
203,45,33,46.1,-1.199786044381733,-0.5285651474905655
203,45,34,46.13333333333333,-0.08490967747221632,-0.12237101173453899
203,45,35,46.166666666666664,1.1668515604632126,0.32541047525221317
203,45,36,46.2,1.8733358741464112,0.7658669725321331
203,45,37,46.233333333333334,1.8982240325147433,1.1498174687702944
203,45,38,46.266666666666666,1.6165353309821093,1.4377042299349838
203,45,39,46.3,1.2862015926385424,1.6060436478224411
203,45,40,46.333333333333336,0.9773621728858332,1.649194510915422
203,45,41,46.36666666666667,0.6939765514644511,1.5769888361155004
203,45,42,46.4,0.4784677255930518,1.4099807946584795
203,45,43,46.43333333333333,0.35685513356591414,1.1742846698270117
203,45,44,46.46666666666667,0.3291387753829734,0.8972910057684204
203,45,45,46.5,0.26295889972167397,0.6046068788507416
203,45,46,46.53333333333333,0.13229606828786622,0.3179848181881995
203,45,47,46.56666666666667,-0.056062039363522886,0.053886226616791696
203,45,48,46.6,-0.3394476607849697,-0.1775256127599806
203,45,49,46.63333333333333,-0.6228332822063517,-0.3729051844216259
203,45,50,46.666666666666664,-0.8587051467427697,-0.5354585518046961
203,45,51,46.7,-1.0640324532816166,-0.6735335005061936
203,45,52,46.733333333333334,-1.2060080839737943,-0.7979126750159942
203,45,53,46.766666666666666,-1.2863289587080078,-0.9180499157333945
203,45,54,46.8,-1.3338427155930366,-1.0379272711051293
203,45,55,46.833333333333336,-1.346852434740133,-1.152580088686744
203,45,56,46.86666666666667,-1.3938005516622531,-1.2465149243759437
203,45,57,46.9,-1.4407486685843516,-1.2950605261636863
203,45,58,46.93333333333333,-1.5352105423915006,-1.2690478230651239
203,45,59,46.96666666666667,-1.6296724161986278,-1.1422045658381625
203,45,60,47.0,-1.7512850082257871,-0.8995719127084504
203,45,61,47.03333333333333,-1.4944844650613769,-0.5445482489140553
203,45,62,47.06666666666667,-0.5419467675092511,-0.10220167303832016
203,45,63,47.1,0.7720348663470726,0.38268754779086084
203,45,64,47.13333333333333,1.8416600362230227,0.8529841922213325
203,45,65,47.166666666666664,2.079794460611119,1.2504102000791724
203,45,66,47.2,1.863154354813859,1.5276346311243019
203,45,67,47.233333333333334,1.444580782255334,1.6577494045643997
203,45,68,47.266666666666666,1.0667332870267383,1.6384341622429537
203,45,69,47.3,0.7414903083494369,1.4899198790040622
203,45,70,47.333333333333336,0.46262980663138986,1.247921349348823
203,45,71,47.36666666666667,0.37665253226800227,0.9541691588006137
203,45,72,47.4,0.37665253226800227,0.6474853942686347
203,45,73,47.43333333333333,0.37665253226800227,0.3575840069682715
203,45,74,47.46666666666667,0.2770998987945879,0.10242906762641545
203,45,75,47.5,0.08817615118033324,-0.1113242558451165
203,45,76,47.53333333333333,-0.14939263324483265,-0.28604725631252087
203,45,77,47.56666666666667,-0.3852644977812506,-0.43028219591095196
203,45,78,47.6,-0.6686501192026326,-0.5560221918019947
203,45,79,47.63333333333333,-0.8575738668169305,-0.6761262721851045
203,45,80,47.666666666666664,-1.0001151374719954,-0.8014792228217142
203,45,81,47.7,-1.0945770112791444,-0.9376758176649906
203,45,82,47.733333333333334,-1.1437876880529212,-1.0816435887078482
203,45,83,47.766666666666666,-1.188473245123363,-1.219293570805235
203,45,84,47.8,-1.19130144493795,-1.3255408602092575
203,45,85,47.833333333333336,-1.19130144493795,-1.3676715252032035
203,45,86,47.86666666666667,-1.2342900821196439,-1.3121225454958296
203,45,87,47.9,-1.2812381990417638,-1.1335549528589663
203,45,88,47.93333333333333,-1.1607568869404439,-0.8240038174379586
203,45,89,47.96666666666667,-0.44578797381328944,-0.399226375184916
203,45,90,48.0,0.7092488304633772,0.10046522174005038
203,45,91,48.03333333333333,1.7760458005246753,0.6161761768786181
203,45,92,48.06666666666667,2.213851131822466,1.0820264318052852
203,45,93,48.1,2.0650878215752964,1.4390183369540537
203,45,94,48.13333333333333,1.6572614083121031,1.6471678544047903
203,45,95,48.166666666666664,1.2703636736768373,1.6926626750483604
203,45,96,48.2,0.8178517033432887,1.5883467210363253
203,45,97,48.233333333333334,0.5882018783989538,1.3678220487699977
203,45,98,48.266666666666666,0.5667075598081177,1.0754912984908125
203,45,99,48.3,0.6142213166931466,0.7559663136749886
203,45,100,48.333333333333336,0.5791516389922837,0.4458055749442389
203,45,101,48.36666666666667,0.40267197056219506,0.1690329077970374
203,45,102,48.4,0.1322960682878446,-0.06367045408770593
203,45,103,48.43333333333333,-0.1510895531336022,-0.2531486792227663
203,45,104,48.46666666666667,-0.4016680567057997,-0.40851994870077535
203,45,105,48.5,-0.6381055612051264,-0.543309362973687
203,45,106,48.53333333333333,-0.8270293088193811,-0.6713470682984941
203,45,107,48.56666666666667,-0.9373291015882135,-0.8026043538707509
203,45,108,48.6,-1.0317909753953625,-0.9392585193244369
203,45,109,48.63333333333333,-1.078739092317461,-1.0726626318244383
203,45,110,48.666666666666664,-1.0962739311678924,-1.1823228906959664
203,45,111,48.7,-1.1251215692766723,-1.2381137351314284
203,45,112,48.733333333333334,-1.1720696861987707,-1.2064489640660239
203,45,113,48.766666666666666,-1.238815201822979,-1.059787100679616
203,45,114,48.8,-0.8587051467427913,-0.7870202755217794
203,45,115,48.833333333333336,0.07799463184784558,-0.40102964377629996
203,45,116,48.86666666666667,1.2850703127128544,0.059992132566928515
203,45,117,48.9,2.166903014900324,0.5387569147472905
203,45,118,48.93333333333333,2.3473421630708606,0.9709213189520005
203,45,119,48.96666666666667,2.1323989771623486,1.2990452254566442
203,45,120,49.0,1.7307946034913249,1.4843915472715665
203,45,121,49.03333333333333,1.3523814682998203,1.5137074111643285
203,45,122,49.06666666666667,1.0214820899934094,1.3996346971912808
203,45,123,49.1,0.7822163856794955,1.1750748103134345
203,45,124,49.13333333333333,0.7092488304632043,0.88364448900311
203,45,125,49.166666666666664,0.7092488304632043,0.5693992900991879
203,45,126,49.2,0.6413720349131569,0.26856875826596655
203,45,127,49.233333333333334,0.5073153637018533,0.004708667817070775
203,45,128,49.266666666666666,0.22392974228040644,-0.2125879495904244
203,45,129,49.3,-0.059455879141040384,-0.38603672197486266
203,45,130,49.333333333333336,-0.34284150056242235,-0.5269528522345086
203,45,131,49.36666666666667,-0.6086922831334377,-0.6503484636987227
203,45,132,49.4,-0.8451297876327645,-0.7695989000221254
203,45,133,49.43333333333333,-0.9865397783619902,-0.8914252851530016
203,45,134,49.46666666666667,-1.112111850129576,-1.0120485734849094
203,45,135,49.5,-1.1590599670516744,-1.1155364947879922
203,45,136,49.53333333333333,-1.19130144493795,-1.1753790498011663
203,45,137,49.56666666666667,-1.238815201822979,-1.1598704121757717
203,45,138,49.6,-1.2863289587080078,-1.0407784286519468
203,45,139,49.63333333333333,-1.173766606087497,-0.8032691872571527
203,45,140,49.666666666666664,-0.48425149129154016,-0.45380421884881345
203,45,141,49.7,0.637978195135661,-0.022747825862492615
203,45,142,49.733333333333334,1.8088529183739461,0.4398471451285591
203,45,143,49.766666666666666,2.3937246400300505,0.8742270634240109
203,45,144,49.8,2.3891995203267156,1.2235847474166033
203,45,145,49.833333333333336,2.096198019535668,1.4455894725431109
203,45,146,49.86666666666667,1.7658642811921876,1.5198623876091744
203,45,147,49.9,1.3965013854073531,1.450049105316258
203,45,148,49.93333333333333,1.0656020071009424,1.2606262783135591
203,45,149,49.96666666666667,0.8444367816003687,0.9897142309444116
203,45,150,50.0,0.7567625873482331,0.6799606315672004
203,45,151,50.03333333333333,0.7092488304632043,0.36981795222015024
203,45,152,50.06666666666667,0.6029085174347981,0.08712655719932921
203,45,153,50.1,0.4088940101542348,-0.15394456624516226
203,45,154,50.13333333333333,0.12550838873285283,-0.35248365657151454
203,45,155,50.166666666666664,-0.157877232688594,-0.5175446121582136
203,45,156,50.2,-0.3937490972249471,-0.6629384566370509
203,45,157,50.233333333333334,-0.626792761946778,-0.8011739217689825
203,45,158,50.266666666666666,-0.8134539497093976,-0.937647187368355
203,45,159,50.3,-0.9079158235165249,-1.06629534985865
203,45,160,50.333333333333336,-1.0012464173978346,-1.168066928313924
203,45,161,50.36666666666667,-1.0487601742828634,-1.213395670352851
203,45,162,50.4,-1.0487601742828634,-1.1690678943237542
203,45,163,50.43333333333333,-1.1432220480900124,-1.008447314315503
203,45,164,50.46666666666667,-1.003508977249513,-0.7223649166330931
203,45,165,50.5,-0.30381234312113325,-0.32682898678813865
203,45,166,50.53333333333333,0.7296118691283525,0.13609913438441149
203,45,167,50.56666666666667,1.8212969975580258,0.6057911018826722
203,45,168,50.6,2.3145350452216977,1.0168865074416267
203,45,169,50.63333333333333,2.285121767150009,1.314644696502562
203,45,170,50.666666666666664,2.005695625468989,1.4666925158889323
203,45,171,50.7,1.6798870068287568,1.467920624611254
203,45,172,50.733333333333334,1.3020395116002474,1.3379153015685235
203,45,173,50.766666666666666,0.9717057732566806,1.1127136121953445
203,45,174,50.8,0.7703379464582167,0.8341973000025982
203,45,175,50.833333333333336,0.6617350735781754,0.5405873932430829
203,45,176,50.86666666666667,0.6221402761739775,0.26028553755153977
203,45,177,50.9,0.48864924492558265,0.00954630499931939
203,45,178,50.93333333333333,0.26126197983292604,-0.20685690013425978
203,45,179,50.96666666666667,-0.022123641588520794,-0.393186758120745
203,45,180,51.0,-0.3055092630099028,-0.5592998126101161
203,45,181,51.03333333333333,-0.5888948844313496,-0.7164410193890323
203,45,182,51.06666666666667,-0.7885657913410655,-0.8724726526300789
203,45,183,51.1,-0.9418542212915485,-1.0271984176380475
203,45,184,51.13333333333333,-1.0363160950986974,-1.1690041447166437
203,45,185,51.166666666666664,-1.083264212020796,-1.2743091880812858
203,45,186,51.2,-1.0962739311678924,-1.3110150292402987
203,45,187,51.233333333333334,-1.1437876880529212,-1.246111790502036
203,45,188,51.266666666666666,-1.1584943270887655,-1.0560258605089137
203,45,189,51.3,-0.8077975500801801,-0.736700336694202
203,45,190,51.333333333333336,0.02821831511105196,-0.3095973979066179
203,45,191,51.36666666666667,1.0989747649130357,0.17938743407563018
203,45,192,51.4,1.9072742719214781,0.6686016173198004
203,45,193,51.43333333333333,2.0871477801290412,1.0943284685788022
203,45,194,51.46666666666667,1.8269533971872,1.4048670592971824
203,45,195,51.5,1.4491059019586043,1.5704087712039996
203,45,196,51.53333333333333,1.0429764085842455,1.5862283209811072
203,45,197,51.56666666666667,0.6934109115014991,1.4695194786154475
203,45,198,51.6,0.49204308470307856,1.2521706983949163
203,45,199,51.63333333333333,0.45075136741013266,0.9723200436806501
203,45,200,51.666666666666664,0.47168004603806,0.666912492098048
203,45,201,51.7,0.42077244937553526,0.366370320291432
203,45,202,51.733333333333334,0.23184870176123737,0.09154360248488029
203,45,203,51.766666666666666,-0.004588802738089362,-0.14734266695009648
203,45,204,51.8,-0.2647831856798873,-0.35002702907526195
203,45,205,51.833333333333336,-0.5249775686217285,-0.523951386332457
203,45,206,51.86666666666667,-0.7139013162359832,-0.6804979820967862
203,45,207,51.9,-0.8807651052965145,-0.8300660047644979
203,45,208,51.93333333333333,-0.9537326605128058,-0.9767843343237551
203,45,209,51.96666666666667,-0.974661339140733,-1.1141600155774103
203,45,210,52.0,-1.0012464173978346,-1.2232717824721149
203,45,211,52.03333333333333,-1.0487601742828634,-1.2749675103229963
203,45,212,52.06666666666667,-0.9910648980653254,-1.236686482324875
203,45,213,52.1,-0.5193211689924678,-1.0829122766678136
203,45,214,52.13333333333333,0.35628949360294054,-0.8062661140566736
203,45,215,52.166666666666664,1.3897137058524047,-0.42492779972052996
203,45,216,52.2,1.978544907249,0.017475559580321307
203,45,217,52.233333333333334,2.0068269053948278,0.4607133430291657
203,45,218,52.266666666666666,1.6911998060871052,0.8427674969921599
203,45,219,52.3,1.3133523108585958,1.1150426615337359
203,45,220,52.333333333333336,0.9355048156300001,1.2526010755636456
203,45,221,52.36666666666667,0.6334530754323043,1.256682406514118
203,45,222,52.4,0.45810468692805484,1.1499772594832474
203,45,223,52.43333333333333,0.47168004603806,0.9674698111632865
203,45,224,52.46666666666667,0.4241662891530311,0.7464562678019102
203,45,225,52.5,0.305381896940459,0.5186767487784177
203,45,226,52.53333333333333,0.06894439244113225,0.30601083035182863
203,45,227,52.56666666666667,-0.17824027135356932,0.11970681971713065
203,45,228,52.6,-0.46162589277501614,-0.03778052764743099
203,45,229,52.63333333333333,-0.6878818779418336,-0.1695420808618487
203,45,230,52.666666666666664,-0.8768056255560882,-0.28065438828106065
203,45,231,52.7,-1.009731016841596,-0.3751315127543862
203,45,232,52.733333333333334,-1.0566791337636945,-0.4539032021747069
203,45,233,52.766666666666666,-1.0962739311678924,-0.5141164339340344
203,45,234,52.8,-1.1030616107229056,-0.5499166569084603
203,45,235,52.833333333333336,-1.19130144493795,-0.5545848065692531
203,45,236,52.86666666666667,-1.0736483326511954,-0.5233988284910773
203,45,237,52.9,-0.5702287656549494,-0.45617260665280773
203,45,238,52.93333333333333,0.38344021182299404,-0.3584686138099695
203,45,239,52.96666666666667,1.4536310216620474,-0.2410046079946687
203,46,0,46.0,-1.693589732008249,0.029195776739409776
203,46,1,46.03333333333333,-1.788051605815398,-0.4157705327539256
203,46,2,46.06666666666667,-1.7569414078549397,-0.7551193365824885
203,46,3,46.1,-1.199786044381733,-0.9079381874683032
203,46,4,46.13333333333333,-0.08490967747221632,-0.836557978634832
203,46,5,46.166666666666664,1.1668515604632126,-0.5544969436128059
203,46,6,46.2,1.8733358741464112,-0.12108705264341078
203,46,7,46.233333333333334,1.8982240325147433,0.37505169774776853
203,46,8,46.266666666666666,1.6165353309821093,0.8383238970454219
203,46,9,46.3,1.2862015926385424,1.1879620912342617
203,46,10,46.333333333333336,0.9773621728858332,1.3738850891531476
203,46,11,46.36666666666667,0.6939765514644511,1.3833644522754802
203,46,12,46.4,0.4784677255930518,1.2381499883754878
203,46,13,46.43333333333333,0.35685513356591414,0.9842775178720232
203,46,14,46.46666666666667,0.3291387753829734,0.678203892044501
203,46,15,46.5,0.26295889972167397,0.37310813048205516
203,46,16,46.53333333333333,0.13229606828786622,0.10848062569881621
203,46,17,46.56666666666667,-0.056062039363522886,-0.09521328603457611
203,46,18,46.6,-0.3394476607849697,-0.2366201222115287
203,46,19,46.63333333333333,-0.6228332822063517,-0.3295217480135526
203,46,20,46.666666666666664,-0.8587051467427697,-0.39666533498354256
203,46,21,46.7,-1.0640324532816166,-0.4631915143942939
203,46,22,46.733333333333334,-1.2060080839737943,-0.5508438465743227
203,46,23,46.766666666666666,-1.2863289587080078,-0.6734380309598644
203,46,24,46.8,-1.3338427155930366,-0.8336464660669105
203,46,25,46.833333333333336,-1.346852434740133,-1.0211213508586272
203,46,26,46.86666666666667,-1.3938005516622531,-1.2122079826269323
203,46,27,46.9,-1.4407486685843516,-1.3717413647012866
203,46,28,46.93333333333333,-1.5352105423915006,-1.457445145055647
203,46,29,46.96666666666667,-1.6296724161986278,-1.427180944722944
203,46,30,47.0,-1.7512850082257871,-1.248654835880607
203,46,31,47.03333333333333,-1.4944844650613769,-0.9099985592173805
203,46,32,47.06666666666667,-0.5419467675092511,-0.42815590120220337
203,46,33,47.1,0.7720348663470726,0.1487462598856779
203,46,34,47.13333333333333,1.8416600362230227,0.7478144836106786
203,46,35,47.166666666666664,2.079794460611119,1.2862888830900923
203,46,36,47.2,1.863154354813859,1.690657439534862
203,46,37,47.233333333333334,1.444580782255334,1.9133964596802968
203,46,38,47.266666666666666,1.0667332870267383,1.9418243347209043
203,46,39,47.3,0.7414903083494369,1.7970234415116975
203,46,40,47.333333333333336,0.46262980663138986,1.5244460524395431
203,46,41,47.36666666666667,0.37665253226800227,1.180188848689702
203,46,42,47.4,0.37665253226800227,0.8174581522649811
203,46,43,47.43333333333333,0.37665253226800227,0.4767335036708845
203,46,44,47.46666666666667,0.2770998987945879,0.18128849917503037
203,46,45,47.5,0.08817615118033324,-0.06222801210773184
203,46,46,47.53333333333333,-0.14939263324483265,-0.2598812952574453
203,46,47,47.56666666666667,-0.3852644977812506,-0.4253573829669011
203,46,48,47.6,-0.6686501192026326,-0.5752051249229856
203,46,49,47.63333333333333,-0.8575738668169305,-0.7249029926191697
203,46,50,47.666666666666664,-1.0001151374719954,-0.885535121593061
203,46,51,47.7,-1.0945770112791444,-1.0606999296988677
203,46,52,47.733333333333334,-1.1437876880529212,-1.2435709155624437
203,46,53,47.766666666666666,-1.188473245123363,-1.4146956346325568
203,46,54,47.8,-1.19130144493795,-1.5418869165781177
203,46,55,47.833333333333336,-1.19130144493795,-1.5838592220924554
203,46,56,47.86666666666667,-1.2342900821196439,-1.498577494413451
203,46,57,47.9,-1.2812381990417638,-1.2555394122561874
203,46,58,47.93333333333333,-1.1607568869404439,-0.8489002773497156
203,46,59,47.96666666666667,-0.44578797381328944,-0.3064826383043674
203,46,60,48.0,0.7092488304633772,0.31037618426020414
203,46,61,48.03333333333333,1.7760458005246753,0.918263053621731
203,46,62,48.06666666666667,2.213851131822466,1.4312487639591238
203,46,63,48.1,2.0650878215752964,1.7813810659680271
203,46,64,48.13333333333333,1.6572614083121031,1.9331337320369912
203,46,65,48.166666666666664,1.2703636736768373,1.8881132321857634
203,46,66,48.2,0.8178517033432887,1.679969739139532
203,46,67,48.233333333333334,0.5882018783989538,1.3622828479686535
203,46,68,48.266666666666666,0.5667075598081177,0.9938704231866703
203,46,69,48.3,0.6142213166931466,0.6260151451531852
203,46,70,48.333333333333336,0.5791516389922837,0.2944974468690893
203,46,71,48.36666666666667,0.40267197056219506,0.01708264049674405
203,46,72,48.4,0.1322960682878446,-0.20459651602149856
203,46,73,48.43333333333333,-0.1510895531336022,-0.38055522578106443
203,46,74,48.46666666666667,-0.4016680567057997,-0.5270626647006158
203,46,75,48.5,-0.6381055612051264,-0.6614464830312217
203,46,76,48.53333333333333,-0.8270293088193811,-0.7975435083843757
203,46,77,48.56666666666667,-0.9373291015882135,-0.9418442099087616
203,46,78,48.6,-1.0317909753953625,-1.0904167275440928
203,46,79,48.63333333333333,-1.078739092317461,-1.2271705866639053
203,46,80,48.666666666666664,-1.0962739311678924,-1.3245981448532322
203,46,81,48.7,-1.1251215692766723,-1.3481333373959417
203,46,82,48.733333333333334,-1.1720696861987707,-1.2642658351237182
203,46,83,48.766666666666666,-1.238815201822979,-1.050902311975643
203,46,84,48.8,-0.8587051467427913,-0.7069798511822128
203,46,85,48.833333333333336,0.07799463184784558,-0.2577516569326723
203,46,86,48.86666666666667,1.2850703127128544,0.24700984496937284
203,46,87,48.9,2.166903014900324,0.7422948284906082
203,46,88,48.93333333333333,2.3473421630708606,1.1619337904088642
203,46,89,48.96666666666667,2.1323989771623486,1.452854279691856
203,46,90,49.0,1.7307946034913249,1.5853809980748377
203,46,91,49.03333333333333,1.3523814682998203,1.5573674761135
203,46,92,49.06666666666667,1.0214820899934094,1.3918093123197672
203,46,93,49.1,0.7822163856794955,1.129135138587161
203,46,94,49.13333333333333,0.7092488304632043,0.8167067994594049
203,46,95,49.166666666666664,0.7092488304632043,0.4985947192613868
203,46,96,49.2,0.6413720349131569,0.2079973619797618
203,46,97,49.233333333333334,0.5073153637018533,-0.036661505316124186
203,46,98,49.266666666666666,0.22392974228040644,-0.23203360024802314
203,46,99,49.3,-0.059455879141040384,-0.38718891717763443
203,46,100,49.333333333333336,-0.34284150056242235,-0.5188014385596939
203,46,101,49.36666666666667,-0.6086922831334377,-0.6450173391268054
203,46,102,49.4,-0.8451297876327645,-0.7789888608703386
203,46,103,49.43333333333333,-0.9865397783619902,-0.9232803848132194
203,46,104,49.46666666666667,-1.112111850129576,-1.0664817970531097
203,46,105,49.5,-1.1590599670516744,-1.1832504870572491
203,46,106,49.53333333333333,-1.19130144493795,-1.2385224146909055
203,46,107,49.56666666666667,-1.238815201822979,-1.1956986034131418
203,46,108,49.6,-1.2863289587080078,-1.0273150265345024
203,46,109,49.63333333333333,-1.173766606087497,-0.7253978639516849
203,46,110,49.666666666666664,-0.48425149129154016,-0.30801648880319427
203,46,111,49.7,0.637978195135661,0.18078586795033733
203,46,112,49.733333333333334,1.8088529183739461,0.678346473738884
203,46,113,49.766666666666666,2.3937246400300505,1.1160739242316284
203,46,114,49.8,2.3891995203267156,1.4337898729658252
203,46,115,49.833333333333336,2.096198019535668,1.5918118309492983
203,46,116,49.86666666666667,1.7658642811921876,1.5779854952405075
203,46,117,49.9,1.3965013854073531,1.408491216434302
203,46,118,49.93333333333333,1.0656020071009424,1.122629900954336
203,46,119,49.96666666666667,0.8444367816003687,0.7729769911068066
203,46,120,50.0,0.7567625873482331,0.4134099955529403
203,46,121,50.03333333333333,0.7092488304632043,0.08808182568184869
203,46,122,50.06666666666667,0.6029085174347981,-0.17604519375450006
203,46,123,50.1,0.4088940101542348,-0.37174714334328274
203,46,124,50.13333333333333,0.12550838873285283,-0.5092528902929181
203,46,125,50.166666666666664,-0.157877232688594,-0.61024851244049
203,46,126,50.2,-0.3937490972249471,-0.6997071986833552
203,46,127,50.233333333333334,-0.626792761946778,-0.7971926667303273
203,46,128,50.266666666666666,-0.8134539497093976,-0.9094484088368268
203,46,129,50.3,-0.9079158235165249,-1.0261750187157348
203,46,130,50.333333333333336,-1.0012464173978346,-1.1205567378989219
203,46,131,50.36666666666667,-1.0487601742828634,-1.155125218355701
203,46,132,50.4,-1.0487601742828634,-1.0920394584466255
203,46,133,50.43333333333333,-1.1432220480900124,-0.9052658189632704
203,46,134,50.46666666666667,-1.003508977249513,-0.5910769303782984
203,46,135,50.5,-0.30381234312113325,-0.17326264257898485
203,46,136,50.53333333333333,0.7296118691283525,0.29927221780693725
203,46,137,50.56666666666667,1.8212969975580258,0.7623661786960425
203,46,138,50.6,2.3145350452216977,1.1509009472228278
203,46,139,50.63333333333333,2.285121767150009,1.4129384339458904
203,46,140,50.666666666666664,2.005695625468989,1.5197475693095819
203,46,141,50.7,1.6798870068287568,1.4697159813822065
203,46,142,50.733333333333334,1.3020395116002474,1.285954052396856
203,46,143,50.766666666666666,0.9717057732566806,1.0087840089642923
203,46,144,50.8,0.7703379464582167,0.6854078488811651
203,46,145,50.833333333333336,0.6617350735781754,0.35957955603143205
203,46,146,50.86666666666667,0.6221402761739775,0.0637642458588488
203,46,147,50.9,0.48864924492558265,-0.18478472178671224
203,46,148,50.93333333333333,0.26126197983292604,-0.3838772398429575
203,46,149,50.96666666666667,-0.022123641588520794,-0.5429518280557614
203,46,150,51.0,-0.3055092630099028,-0.6774709201711969
203,46,151,51.03333333333333,-0.5888948844313496,-0.8022659445415957
203,46,152,51.06666666666667,-0.7885657913410655,-0.9250373708490061
203,46,153,51.1,-0.9418542212915485,-1.041466594765114
203,46,154,51.13333333333333,-1.0363160950986974,-1.1335555543575009
203,46,155,51.166666666666664,-1.083264212020796,-1.1724248972134892
203,46,156,51.2,-1.0962739311678924,-1.1256323401821964
203,46,157,51.233333333333334,-1.1437876880529212,-0.967446871652995
203,46,158,51.266666666666666,-1.1584943270887655,-0.6891037129952132
203,46,159,51.3,-0.8077975500801801,-0.30552742023741697
203,46,160,51.333333333333336,0.02821831511105196,0.14423474414513512
203,46,161,51.36666666666667,1.0989747649130357,0.6036033374492334
203,46,162,51.4,1.9072742719214781,1.0102217973056107
203,46,163,51.43333333333333,2.0871477801290412,1.3092474600430832
203,46,164,51.46666666666667,1.8269533971872,1.4645099000307067
203,46,165,51.5,1.4491059019586043,1.4649528550931015
203,46,166,51.53333333333333,1.0429764085842455,1.3250530554538476
203,46,167,51.56666666666667,0.6934109115014991,1.079336444317026
203,46,168,51.6,0.49204308470307856,0.772762920751564
203,46,169,51.63333333333333,0.45075136741013266,0.4499540758704377
203,46,170,51.666666666666664,0.47168004603806,0.14629641523505593
203,46,171,51.7,0.42077244937553526,-0.11707368029808365
203,46,172,51.733333333333334,0.23184870176123737,-0.3339089077708695
203,46,173,51.766666666666666,-0.004588802738089362,-0.5098598414541322
203,46,174,51.8,-0.2647831856798873,-0.6571299532862942
203,46,175,51.833333333333336,-0.5249775686217285,-0.7880875383311577
203,46,176,51.86666666666667,-0.7139013162359832,-0.9091153839467134
203,46,177,51.9,-0.8807651052965145,-1.016043177997349
203,46,178,51.93333333333333,-0.9537326605128058,-1.0925285796297362
203,46,179,51.96666666666667,-0.974661339140733,-1.1124305501666067
203,46,180,52.0,-1.0012464173978346,-1.0463363821727099
203,46,181,52.03333333333333,-1.0487601742828634,-0.8710730770798851
203,46,182,52.06666666666667,-0.9910648980653254,-0.5796681080172991
203,46,183,52.1,-0.5193211689924678,-0.18840101810264703
203,46,184,52.13333333333333,0.35628949360294054,0.26212873187817587
203,46,185,52.166666666666664,1.3897137058524047,0.713284150584954
203,46,186,52.2,1.978544907249,1.1006643906084308
203,46,187,52.233333333333334,2.0068269053948278,1.3686506251465709
203,46,188,52.266666666666666,1.6911998060871052,1.4827724323434057
203,46,189,52.3,1.3133523108585958,1.4364020366091685
203,46,190,52.333333333333336,0.9355048156300001,1.2502491680069
203,46,191,52.36666666666667,0.6334530754323043,0.9653151643208222
203,46,192,52.4,0.45810468692805484,0.6317170030072311
203,46,193,52.43333333333333,0.47168004603806,0.2967190066569649
203,46,194,52.46666666666667,0.4241662891530311,-0.004761893591559086
203,46,195,52.5,0.305381896940459,-0.25500270768328726
203,46,196,52.53333333333333,0.06894439244113225,-0.45324608912275355
203,46,197,52.56666666666667,-0.17824027135356932,-0.6114804621349528
203,46,198,52.6,-0.46162589277501614,-0.7479095974291473
203,46,199,52.63333333333333,-0.6878818779418336,-0.8796815022880337
203,46,200,52.666666666666664,-0.8768056255560882,-1.0161835228624432
203,46,201,52.7,-1.009731016841596,-1.154076826381558
203,46,202,52.733333333333334,-1.0566791337636945,-1.2752186793176086
203,46,203,52.766666666666666,-1.0962739311678924,-1.3485125148671975
203,46,204,52.8,-1.1030616107229056,-1.3362302476962733
203,46,205,52.833333333333336,-1.19130144493795,-1.2041896183993341
203,46,206,52.86666666666667,-1.0736483326511954,-0.9334974388737168
203,46,207,52.9,-0.5702287656549494,-0.5302283795396329
203,46,208,52.93333333333333,0.38344021182299404,-0.029323915813478364
203,46,209,52.96666666666667,1.4536310216620474,0.5095146618908337
203,46,210,53.0,1.9989079459139751,1.0135188625130507
203,46,211,53.03333333333333,2.031149423800251,1.4129783713318989
203,46,212,53.06666666666667,1.7477638023788042,1.657000175188139
203,46,213,53.1,1.4626812610686744,1.724216366510581
203,46,214,53.13333333333333,1.1323475227251074,1.625570499991157
203,46,215,53.166666666666664,0.8025794243444708,1.398984662330858
203,46,216,53.2,0.5667075598081177,1.0981449645571746
203,46,217,53.233333333333334,0.5191938029230888,0.7790607757995326
203,46,218,53.266666666666666,0.4728113259638992,0.4881386499904176
203,46,219,53.3,0.3783494521567502,0.25444100183873836
203,46,220,53.333333333333336,0.14360886754617144,0.08712010696379684
203,46,221,53.36666666666667,-0.0928286369531121,-0.022525203239205514
203,46,222,53.4,-0.3733860585599718,-0.09577934484473982
203,46,223,53.43333333333333,-0.609257923096325,-0.15954506878520788
203,46,224,53.46666666666667,-0.8021411504510491,-0.2388903196594298
203,46,225,53.5,-0.948641900846562,-0.35006396525038563
203,46,226,53.53333333333333,-1.0431037746536893,-0.495041200437847
203,46,227,53.56666666666667,-1.0900518915758093,-0.6589614449688813
203,46,228,53.6,-1.1370000084979295,-0.8118636792212641
203,46,229,53.63333333333333,-1.183948125420028,-0.9154334301285277
203,46,230,53.666666666666664,-1.230896242342148,-0.9339361847295644
203,46,231,53.7,-1.1997860443817114,-0.8466296838953674
203,46,232,53.733333333333334,-0.7320017950493234,-0.657588286320742
203,46,233,53.766666666666666,0.18546622480215572,-0.39883977265874015
203,46,234,53.8,1.2624447141960062,-0.1244100873676476
203,46,235,53.833333333333336,1.8908707129968643,0.10398911937122225
203,46,236,53.86666666666667,1.9921202663589834,0.23539449643212443
203,46,237,53.9,1.7783083603763536,0.24578026283183366
203,46,238,53.93333333333333,1.506801178176164,0.14613372802839739
203,46,239,53.96666666666667,1.1759017998697532,-0.020577414021190524
203,47,0,47.0,-1.7512850082257871,0.09653121913030026
203,47,1,47.03333333333333,-1.4944844650613769,-0.11863683810870429
203,47,2,47.06666666666667,-0.5419467675092511,-0.25030491077100486
203,47,3,47.1,0.7720348663470726,-0.23770105389941673
203,47,4,47.13333333333333,1.8416600362230227,-0.06087854671156841
203,47,5,47.166666666666664,2.079794460611119,0.2541113011116805
203,47,6,47.2,1.863154354813859,0.6437071164309438
203,47,7,47.233333333333334,1.444580782255334,1.0258472230773592
203,47,8,47.266666666666666,1.0667332870267383,1.3229632825227393
203,47,9,47.3,0.7414903083494369,1.4815828078143112
203,47,10,47.333333333333336,0.46262980663138986,1.482873410867442
203,47,11,47.36666666666667,0.37665253226800227,1.3419911036732755
203,47,12,47.4,0.37665253226800227,1.098137356709503
203,47,13,47.43333333333333,0.37665253226800227,0.800105120628739
203,47,14,47.46666666666667,0.2770998987945879,0.49266497693402994
203,47,15,47.5,0.08817615118033324,0.2075671019573651
203,47,16,47.53333333333333,-0.14939263324483265,-0.03969329177456566
203,47,17,47.56666666666667,-0.3852644977812506,-0.24845890872237147
203,47,18,47.6,-0.6686501192026326,-0.42887552120659195
203,47,19,47.63333333333333,-0.8575738668169305,-0.5969098803204685
203,47,20,47.666666666666664,-1.0001151374719954,-0.7691716526893299
203,47,21,47.7,-1.0945770112791444,-0.9576583432297873
203,47,22,47.733333333333334,-1.1437876880529212,-1.1646643480611112
203,47,23,47.766666666666666,-1.188473245123363,-1.3787486134988292
203,47,24,47.8,-1.19130144493795,-1.57322774509816
203,47,25,47.833333333333336,-1.19130144493795,-1.7086083702334622
203,47,26,47.86666666666667,-1.2342900821196439,-1.7395062374960049
203,47,27,47.9,-1.2812381990417638,-1.6252602802540594
203,47,28,47.93333333333333,-1.1607568869404439,-1.3421185771644777
203,47,29,47.96666666666667,-0.44578797381328944,-0.8937588765289527
203,47,30,48.0,0.7092488304633772,-0.3163584047905947
203,47,31,48.03333333333333,1.7760458005246753,0.32476137767203755
203,47,32,48.06666666666667,2.213851131822466,0.9473370403688429
203,47,33,48.1,2.0650878215752964,1.4701628588096687
203,47,34,48.13333333333333,1.6572614083121031,1.8311060625197468
203,47,35,48.166666666666664,1.2703636736768373,1.999141233078988
203,47,36,48.2,0.8178517033432887,1.977168625488891
203,47,37,48.233333333333334,0.5882018783989538,1.796226996309646
203,47,38,48.266666666666666,0.5667075598081177,1.504342651455274
203,47,39,48.3,0.6142213166931466,1.1539939392113308
203,47,40,48.333333333333336,0.5791516389922837,0.7914712486967573
203,47,41,48.36666666666667,0.40267197056219506,0.4499930440858945
203,47,42,48.4,0.1322960682878446,0.14699406863317327
203,47,43,48.43333333333333,-0.1510895531336022,-0.11497018626623921
203,47,44,48.46666666666667,-0.4016680567057997,-0.3446242297472552
203,47,45,48.5,-0.6381055612051264,-0.5566049666918534
203,47,46,48.53333333333333,-0.8270293088193811,-0.7652289416044185
203,47,47,48.56666666666667,-0.9373291015882135,-0.9783670686593713
203,47,48,48.6,-1.0317909753953625,-1.1925133310055667
203,47,49,48.63333333333333,-1.078739092317461,-1.3902030847430722
203,47,50,48.666666666666664,-1.0962739311678924,-1.540836375578697
203,47,51,48.7,-1.1251215692766723,-1.605567203216245
203,47,52,48.733333333333334,-1.1720696861987707,-1.5461172626862503
203,47,53,48.766666666666666,-1.238815201822979,-1.3361006100132613
203,47,54,48.8,-0.8587051467427913,-0.9719526819001209
203,47,55,48.833333333333336,0.07799463184784558,-0.4795423614101316
203,47,56,48.86666666666667,1.2850703127128544,0.08707281118155677
203,47,57,48.9,2.166903014900324,0.6557866827169514
203,47,58,48.93333333333333,2.3473421630708606,1.1525339884550299
203,47,59,48.96666666666667,2.1323989771623486,1.5175961242971667
203,47,60,49.0,1.7307946034913249,1.7168623246338832
203,47,61,49.03333333333333,1.3523814682998203,1.7454931394937898
203,47,62,49.06666666666667,1.0214820899934094,1.6242510080770856
203,47,63,49.1,0.7822163856794955,1.390777053433684
203,47,64,49.13333333333333,0.7092488304632043,1.0891099606041428
203,47,65,49.166666666666664,0.7092488304632043,0.7604968242303807
203,47,66,49.2,0.6413720349131569,0.4371943706970203
203,47,67,49.233333333333334,0.5073153637018533,0.13949735319711237
203,47,68,49.266666666666666,0.22392974228040644,-0.12447259803201668
203,47,69,49.3,-0.059455879141040384,-0.3567653127699655
203,47,70,49.333333333333336,-0.34284150056242235,-0.5659243728598455
203,47,71,49.36666666666667,-0.6086922831334377,-0.7622403327831007
203,47,72,49.4,-0.8451297876327645,-0.9526497496145476
203,47,73,49.43333333333333,-0.9865397783619902,-1.1361316025909374
203,47,74,49.46666666666667,-1.112111850129576,-1.3006038603347443
203,47,75,49.5,-1.1590599670516744,-1.4224336152085935
203,47,76,49.53333333333333,-1.19130144493795,-1.469561422488521
203,47,77,49.56666666666667,-1.238815201822979,-1.4085837828981975
203,47,78,49.6,-1.2863289587080078,-1.2148009819436132
203,47,79,49.63333333333333,-1.173766606087497,-0.8825532809216614
203,47,80,49.666666666666664,-0.48425149129154016,-0.43199151127989466
203,47,81,49.7,0.637978195135661,0.09105844167376607
203,47,82,49.733333333333334,1.8088529183739461,0.6229376895281552
203,47,83,49.766666666666666,2.3937246400300505,1.0953666423535697
203,47,84,49.8,2.3891995203267156,1.4497859653007104
203,47,85,49.833333333333336,2.096198019535668,1.6486219228010441
203,47,86,49.86666666666667,1.7658642811921876,1.6808652381125047
203,47,87,49.9,1.3965013854073531,1.5613966771296146
203,47,88,49.93333333333333,1.0656020071009424,1.3250242788173923
203,47,89,49.96666666666667,0.8444367816003687,1.0171206751364776
203,47,90,50.0,0.7567625873482331,0.683290630255209
203,47,91,50.03333333333333,0.7092488304632043,0.3605582298929011
203,47,92,50.06666666666667,0.6029085174347981,0.07197720653289734
203,47,93,50.1,0.4088940101542348,-0.17452822721005037
203,47,94,50.13333333333333,0.12550838873285283,-0.3835163270164329
203,47,95,50.166666666666664,-0.157877232688594,-0.5668738613885509
203,47,96,50.2,-0.3937490972249471,-0.7376798455164358
203,47,97,50.233333333333334,-0.626792761946778,-0.9043421182511078
203,47,98,50.266666666666666,-0.8134539497093976,-1.0658946202328707
203,47,99,50.3,-0.9079158235165249,-1.2092412537013502
203,47,100,50.333333333333336,-1.0012464173978346,-1.3093113962782679
203,47,101,50.36666666666667,-1.0487601742828634,-1.3330697692562692
203,47,102,50.4,-1.0487601742828634,-1.2475761691838991
203,47,103,50.43333333333333,-1.1432220480900124,-1.0307597927297452
203,47,104,50.46666666666667,-1.003508977249513,-0.6818133855921035
203,47,105,50.5,-0.30381234312113325,-0.22719670928343366
203,47,106,50.53333333333333,0.7296118691283525,0.28093624581200854
203,47,107,50.56666666666667,1.8212969975580258,0.7744880859650792
203,47,108,50.6,2.3145350452216977,1.1846188834406643
203,47,109,50.63333333333333,2.285121767150009,1.4574390152443903
203,47,110,50.666666666666664,2.005695625468989,1.5653508785250871
203,47,111,50.7,1.6798870068287568,1.5110588378762817
203,47,112,50.733333333333334,1.3020395116002474,1.3236390686977222
203,47,113,50.766666666666666,0.9717057732566806,1.0484028287371536
203,47,114,50.8,0.7703379464582167,0.734183586044798
203,47,115,50.833333333333336,0.6617350735781754,0.422202683669163
203,47,116,50.86666666666667,0.6221402761739775,0.13937682831486442
203,47,117,50.9,0.48864924492558265,-0.10323436546270601
203,47,118,50.93333333333333,0.26126197983292604,-0.3078653025118307
203,47,119,50.96666666666667,-0.022123641588520794,-0.48508472654075585
203,47,120,51.0,-0.3055092630099028,-0.6479573565138784
203,47,121,51.03333333333333,-0.5888948844313496,-0.8063178314126674
203,47,122,51.06666666666667,-0.7885657913410655,-0.9618557590129415
203,47,123,51.1,-0.9418542212915485,-1.1048058426055107
203,47,124,51.13333333333333,-1.0363160950986974,-1.2132897543871928
203,47,125,51.166666666666664,-1.083264212020796,-1.2563474279231133
203,47,126,51.2,-1.0962739311678924,-1.2010506290250147
203,47,127,51.233333333333334,-1.1437876880529212,-1.0227247724818067
203,47,128,51.266666666666666,-1.1584943270887655,-0.7155927226680433
203,47,129,51.3,-0.8077975500801801,-0.29994113331985145
203,47,130,51.333333333333336,0.02821831511105196,0.17784352026283162
203,47,131,51.36666666666667,1.0989747649130357,0.6537172470063567
203,47,132,51.4,1.9072742719214781,1.0605405614011012
203,47,133,51.43333333333333,2.0871477801290412,1.343660846396458
203,47,134,51.46666666666667,1.8269533971872,1.472471180179403
203,47,135,51.5,1.4491059019586043,1.4449706088205931
203,47,136,51.53333333333333,1.0429764085842455,1.284768076542311
203,47,137,51.56666666666667,0.6934109115014991,1.0321563510524805
203,47,138,51.6,0.49204308470307856,0.7325979153532923
203,47,139,51.63333333333333,0.45075136741013266,0.4264219371685224
203,47,140,51.666666666666664,0.47168004603806,0.14233075956239408
203,47,141,51.7,0.42077244937553526,-0.10466846116186809
203,47,142,51.733333333333334,0.23184870176123737,-0.3118324717578829
203,47,143,51.766666666666666,-0.004588802738089362,-0.48522066558233184
203,47,144,51.8,-0.2647831856798873,-0.6353552241113516
203,47,145,51.833333333333336,-0.5249775686217285,-0.7725586293899304
203,47,146,51.86666666666667,-0.7139013162359832,-0.9022584982942328
203,47,147,51.9,-0.8807651052965145,-1.0208339619125917
203,47,148,51.93333333333333,-0.9537326605128058,-1.113177860446235
203,47,149,51.96666666666667,-0.974661339140733,-1.1534925212546236
203,47,150,52.0,-1.0012464173978346,-1.110395105371784
203,47,151,52.03333333333333,-1.0487601742828634,-0.9560871119589801
203,47,152,52.06666666666667,-0.9910648980653254,-0.6775034060806119
203,47,153,52.1,-0.5193211689924678,-0.28569152264653375
203,47,154,52.13333333333333,0.35628949360294054,0.18085082146424117
203,47,155,52.166666666666664,1.3897137058524047,0.6615222233130088
203,47,156,52.2,1.978544907249,1.0866840568247245
203,47,157,52.233333333333334,2.0068269053948278,1.394107262821523
203,47,158,52.266666666666666,1.6911998060871052,1.5434086751060798
203,47,159,52.3,1.3133523108585958,1.5242263063376464
203,47,160,52.333333333333336,0.9355048156300001,1.3560863745685137
203,47,161,52.36666666666667,0.6334530754323043,1.0805641242282518
203,47,162,52.4,0.45810468692805484,0.7488477547334897
203,47,163,52.43333333333333,0.47168004603806,0.4090671937528293
203,47,164,52.46666666666667,0.4241662891530311,0.09706599704320111
203,47,165,52.5,0.305381896940459,-0.16770172706674522
203,47,166,52.53333333333333,0.06894439244113225,-0.38154363398189317
203,47,167,52.56666666666667,-0.17824027135356932,-0.552740406899979
203,47,168,52.6,-0.46162589277501614,-0.6961615629535365
203,47,169,52.63333333333333,-0.6878818779418336,-0.8272605495292276
203,47,170,52.666666666666664,-0.8768056255560882,-0.9560560614799578
203,47,171,52.7,-1.009731016841596,-1.0818867286029992
203,47,172,52.733333333333334,-1.0566791337636945,-1.190256462587573
203,47,173,52.766666666666666,-1.0962739311678924,-1.2534335038687356
203,47,174,52.8,-1.1030616107229056,-1.2360321722989867
203,47,175,52.833333333333336,-1.19130144493795,-1.105269544796611
203,47,176,52.86666666666667,-1.0736483326511954,-0.8433254822079862
203,47,177,52.9,-0.5702287656549494,-0.45749222049827626
203,47,178,52.93333333333333,0.38344021182299404,0.016183437407973483
203,47,179,52.96666666666667,1.4536310216620474,0.5180059147525218
203,47,180,53.0,1.9989079459139751,0.9774069089462172
203,47,181,53.03333333333333,2.031149423800251,1.3293406542385413
203,47,182,53.06666666666667,1.7477638023788042,1.5290438840182878
203,47,183,53.1,1.4626812610686744,1.5607584490516575
203,47,184,53.13333333333333,1.1323475227251074,1.4383287248519716
203,47,185,53.166666666666664,0.8025794243444708,1.1983736780044478
203,47,186,53.2,0.5667075598081177,0.8889751466473493
203,47,187,53.233333333333334,0.5191938029230888,0.5577873611541954
203,47,188,53.266666666666666,0.4728113259638992,0.2429448460138131
203,47,189,53.3,0.3783494521567502,-0.031465339016692656
203,47,190,53.333333333333336,0.14360886754617144,-0.25550386136971304
203,47,191,53.36666666666667,-0.0928286369531121,-0.4305194966269868
203,47,192,53.4,-0.3733860585599718,-0.565070957943397
203,47,193,53.43333333333333,-0.609257923096325,-0.6707893594296997
203,47,194,53.46666666666667,-0.8021411504510491,-0.7585232014557339
203,47,195,53.5,-0.948641900846562,-0.8347024661143172
203,47,196,53.53333333333333,-1.0431037746536893,-0.898144132353452
203,47,197,53.56666666666667,-1.0900518915758093,-0.9381700462788448
203,47,198,53.6,-1.1370000084979295,-0.9353045203404482
203,47,199,53.63333333333333,-1.183948125420028,-0.8654983532309063
203,47,200,53.666666666666664,-1.230896242342148,-0.7076905849737899
203,47,201,53.7,-1.1997860443817114,-0.4529410433572408
203,47,202,53.733333333333334,-0.7320017950493234,-0.1120521449216184
203,47,203,53.766666666666666,0.18546622480215572,0.2816799768559685
203,47,204,53.8,1.2624447141960062,0.676726964382331
203,47,205,53.833333333333336,1.8908707129968643,1.0142171583131077
203,47,206,53.86666666666667,1.9921202663589834,1.2421860516123981
203,47,207,53.9,1.7783083603763536,1.328270156848912
203,47,208,53.93333333333333,1.506801178176164,1.2665538140459538
203,47,209,53.96666666666667,1.1759017998697532,1.076687415706063
203,47,210,54.0,0.8450024215632774,0.7962853396404674
203,47,211,54.03333333333333,0.5616168001418307,0.46984821897723245
203,47,212,54.06666666666667,0.43887292818887547,0.13828272813288903
203,47,213,54.1,0.3919248112667554,-0.16777739813850248
203,47,214,54.13333333333333,0.29746293745962804,-0.4297777216480765
203,47,215,54.166666666666664,0.09326691084657707,-0.6392683235689871
203,47,216,54.2,-0.09509119680481203,-0.79430735073369
203,47,217,54.233333333333334,-0.378476818226194,-0.8961943048194814
203,47,218,54.266666666666666,-0.614348682762612,-0.9475065360560401
203,47,219,54.3,-0.8213729091902501,-0.9513768758675404
203,47,220,54.333333333333336,-0.9627828999194759,-0.911394615581492
203,47,221,54.36666666666667,-1.076476532465804,-0.8315208075484676
203,47,222,54.4,-1.1234246493879028,-0.7157701224008517
203,47,223,54.43333333333333,-1.19130144493795,-0.5678695081821651
203,47,224,54.46666666666667,-1.238815201822979,-0.3914049980154641
203,47,225,54.5,-1.2863289587080078,-0.19089453546734714
203,47,226,54.53333333333333,-1.3587308739613901,0.026271534026321604
203,47,227,54.56666666666667,-1.3802251925522047,0.24779386245395651
203,47,228,54.6,-0.9537326605128058,0.45564416788074624
203,47,229,54.63333333333333,-0.05662767932634524,0.6277178389561799
203,47,230,54.666666666666664,0.9355048156299569,0.7423572342530917
203,47,231,54.7,1.5356488162849655,0.7847158251440299
203,47,232,54.733333333333334,1.616535330982066,0.7525835917336552
203,47,233,54.766666666666666,1.3857542261119566,0.6589123669025074
203,47,234,54.8,1.0757835264334084,0.5293518307919768
203,47,235,54.833333333333336,0.602342877471911,0.39517183545913603
203,47,236,54.86666666666667,0.3381890147896435,0.28397356237309623
203,47,237,54.9,0.18659750472788683,0.21154781769166014
203,47,238,54.93333333333333,0.13908374784285799,0.17768893819174533
203,47,239,54.96666666666667,0.12154890899242655,0.16728625718911147
203,48,0,48.0,0.7092488304633772,0.13715453290349447
203,48,1,48.03333333333333,1.7760458005246753,0.344689377079363
203,48,2,48.06666666666667,2.213851131822466,0.5308404169911899
203,48,3,48.1,2.0650878215752964,0.6778960853048172
203,48,4,48.13333333333333,1.6572614083121031,0.7723253297317262
203,48,5,48.166666666666664,1.2703636736768373,0.8070142132741648
203,48,6,48.2,0.8178517033432887,0.7823577527466187
203,48,7,48.233333333333334,0.5882018783989538,0.7055217451809602
203,48,8,48.266666666666666,0.5667075598081177,0.5882433654449591
203,48,9,48.3,0.6142213166931466,0.44428961071697526
203,48,10,48.333333333333336,0.5791516389922837,0.28740128844715657
203,48,11,48.36666666666667,0.40267197056219506,0.12974538986922496
203,48,12,48.4,0.1322960682878446,-0.019510304789717017
203,48,13,48.43333333333333,-0.1510895531336022,-0.1556389138504263
203,48,14,48.46666666666667,-0.4016680567057997,-0.27936028391973855
203,48,15,48.5,-0.6381055612051264,-0.39660299013787204
203,48,16,48.53333333333333,-0.8270293088193811,-0.5164666415323566
203,48,17,48.56666666666667,-0.9373291015882135,-0.647469939693772
203,48,18,48.6,-1.0317909753953625,-0.7927977182457145
203,48,19,48.63333333333333,-1.078739092317461,-0.9457510023376186
203,48,20,48.666666666666664,-1.0962739311678924,-1.0869391785775655
203,48,21,48.7,-1.1251215692766723,-1.1848067972090985
203,48,22,48.733333333333334,-1.1720696861987707,-1.200626747970664
203,48,23,48.766666666666666,-1.238815201822979,-1.0978706372593443
203,48,24,48.8,-0.8587051467427913,-0.8540231912024234
203,48,25,48.833333333333336,0.07799463184784558,-0.47123604117533396
203,48,26,48.86666666666667,1.2850703127128544,0.018311210660451674
203,48,27,48.9,2.166903014900324,0.55531560954159
203,48,28,48.93333333333333,2.3473421630708606,1.064798070645046
203,48,29,48.96666666666667,2.1323989771623486,1.4730694915679823
203,48,30,49.0,1.7307946034913249,1.7247340501780548
203,48,31,49.03333333333333,1.3523814682998203,1.7941164477944935
203,48,32,49.06666666666667,1.0214820899934094,1.6880287139626844
203,48,33,49.1,0.7822163856794955,1.4403208963943144
203,48,34,49.13333333333333,0.7092488304632043,1.1011605953052925
203,48,35,49.166666666666664,0.7092488304632043,0.7247660044903361
203,48,36,49.2,0.6413720349131569,0.35870979344909
203,48,37,49.233333333333334,0.5073153637018533,0.0366159308992172
203,48,38,49.266666666666666,0.22392974228040644,-0.2252057512491717
203,48,39,49.3,-0.059455879141040384,-0.42746369461464573
203,48,40,49.333333333333336,-0.34284150056242235,-0.5845078664202155
203,48,41,49.36666666666667,-0.6086922831334377,-0.718506524549693
203,48,42,49.4,-0.8451297876327645,-0.8519503516093966
203,48,43,49.43333333333333,-0.9865397783619902,-0.9996180669321171
203,48,44,49.46666666666667,-1.112111850129576,-1.1616250857317727
203,48,45,49.5,-1.1590599670516744,-1.3195440738181408
203,48,46,49.53333333333333,-1.19130144493795,-1.4374904926268535
203,48,47,49.56666666666667,-1.238815201822979,-1.469199805289559
203,48,48,49.6,-1.2863289587080078,-1.3704140071309763
203,48,49,49.63333333333333,-1.173766606087497,-1.1136711233138938
203,48,50,49.666666666666664,-0.48425149129154016,-0.7007229272791013
203,48,51,49.7,0.637978195135661,-0.16761063551982058
203,48,52,49.733333333333334,1.8088529183739461,0.4203597864601661
203,48,53,49.766666666666666,2.3937246400300505,0.9826472358992823
203,48,54,49.8,2.3891995203267156,1.4417545499630144
203,48,55,49.833333333333336,2.096198019535668,1.7396267701849417
203,48,56,49.86666666666667,1.7658642811921876,1.8477256256025374
203,48,57,49.9,1.3965013854073531,1.7694167313479996
203,48,58,49.93333333333333,1.0656020071009424,1.5356429301804049
203,48,59,49.96666666666667,0.8444367816003687,1.1959138060907846
203,48,60,50.0,0.7567625873482331,0.8069075222966413
203,48,61,50.03333333333333,0.7092488304632043,0.4209952852824233
203,48,62,50.06666666666667,0.6029085174347981,0.0769573900269321
203,48,63,50.1,0.4088940101542348,-0.20525381158132305
203,48,64,50.13333333333333,0.12550838873285283,-0.42487865450857587
203,48,65,50.166666666666664,-0.157877232688594,-0.5962361019404767
203,48,66,50.2,-0.3937490972249471,-0.7413859612595043
203,48,67,50.233333333333334,-0.626792761946778,-0.8812530749058622
203,48,68,50.266666666666666,-0.8134539497093976,-1.027086837757349
203,48,69,50.3,-0.9079158235165249,-1.1742252478201938
203,48,70,50.333333333333336,-1.0012464173978346,-1.3000753769149487
203,48,71,50.36666666666667,-1.0487601742828634,-1.3676947196467315
203,48,72,50.4,-1.0487601742828634,-1.3350861093970032
203,48,73,50.43333333333333,-1.1432220480900124,-1.1684050102986208
203,48,74,50.46666666666667,-1.003508977249513,-0.8553105115089069
203,48,75,50.5,-0.30381234312113325,-0.41366251905365975
203,48,76,50.53333333333333,0.7296118691283525,0.10840055329300598
203,48,77,50.56666666666667,1.8212969975580258,0.6419782225829317
203,48,78,50.6,2.3145350452216977,1.1133740502065363
203,48,79,50.63333333333333,2.285121767150009,1.4607240182824601
203,48,80,50.666666666666664,2.005695625468989,1.6460968249191716
203,48,81,50.7,1.6798870068287568,1.660500755021017
203,48,82,50.733333333333334,1.3020395116002474,1.5217703755215057
203,48,83,50.766666666666666,0.9717057732566806,1.267058358197392
203,48,84,50.8,0.7703379464582167,0.9426769573096205
203,48,85,50.833333333333336,0.6617350735781754,0.5941468157255555
203,48,86,50.86666666666667,0.6221402761739775,0.25851021380958705
203,48,87,50.9,0.48864924492558265,-0.040178778363850025
203,48,88,50.93333333333333,0.26126197983292604,-0.29213591843159775
203,48,89,50.96666666666667,-0.022123641588520794,-0.5002436733119865
203,48,90,51.0,-0.3055092630099028,-0.6760125979031022
203,48,91,51.03333333333333,-0.5888948844313496,-0.8336808245537679
203,48,92,51.06666666666667,-0.7885657913410655,-0.983390573574779
203,48,93,51.1,-0.9418542212915485,-1.1249533747642648
203,48,94,51.13333333333333,-1.0363160950986974,-1.244187231107546
203,48,95,51.166666666666664,-1.083264212020796,-1.3137060276541728
203,48,96,51.2,-1.0962739311678924,-1.2990354233365011
203,48,97,51.233333333333334,-1.1437876880529212,-1.1691378306347862
203,48,98,51.266666666666666,-1.1584943270887655,-0.9084279060569869
203,48,99,51.3,-0.8077975500801801,-0.526037077234342
203,48,100,51.333333333333336,0.02821831511105196,-0.05831796599024429
203,48,101,51.36666666666667,1.0989747649130357,0.4371689185989749
203,48,102,51.4,1.9072742719214781,0.8943587830991387
203,48,103,51.43333333333333,2.0871477801290412,1.253520153985824
203,48,104,51.46666666666667,1.8269533971872,1.4734910239774763
203,48,105,51.5,1.4491059019586043,1.5383108707462363
203,48,106,51.53333333333333,1.0429764085842455,1.457366892613601
203,48,107,51.56666666666667,0.6934109115014991,1.2599660948627935
203,48,108,51.6,0.49204308470307856,0.9865045145257432
203,48,109,51.63333333333333,0.45075136741013266,0.6788948766169048
203,48,110,51.666666666666664,0.47168004603806,0.3725639355197304
203,48,111,51.7,0.42077244937553526,0.09143360802626925
203,48,112,51.733333333333334,0.23184870176123737,-0.15369925919871352
203,48,113,51.766666666666666,-0.004588802738089362,-0.3636969481176608
203,48,114,51.8,-0.2647831856798873,-0.5471762652594027
203,48,115,51.833333333333336,-0.5249775686217285,-0.7149619458808618
203,48,116,51.86666666666667,-0.7139013162359832,-0.873924339680921
203,48,117,51.9,-0.8807651052965145,-1.0215877442668966
203,48,118,51.93333333333333,-0.9537326605128058,-1.1431826496074324
203,48,119,51.96666666666667,-0.974661339140733,-1.2126610429116154
203,48,120,52.0,-1.0012464173978346,-1.1983330000346422
203,48,121,52.03333333333333,-1.0487601742828634,-1.0723172526049558
203,48,122,52.06666666666667,-0.9910648980653254,-0.8213662522273979
203,48,123,52.1,-0.5193211689924678,-0.45545556168367307
203,48,124,52.13333333333333,0.35628949360294054,-0.010501550459109471
203,48,125,52.166666666666664,1.3897137058524047,0.456795688060891
203,48,126,52.2,1.978544907249,0.8809991959032336
203,48,127,52.233333333333334,2.0068269053948278,1.2030679677689504
203,48,128,52.266666666666666,1.6911998060871052,1.3836558811587532
203,48,129,52.3,1.3133523108585958,1.4105466005430949
203,48,130,52.333333333333336,0.9355048156300001,1.2984622577400897
203,48,131,52.36666666666667,0.6334530754323043,1.0821336808255175
203,48,132,52.4,0.45810468692805484,0.8055532284179696
203,48,133,52.43333333333333,0.47168004603806,0.5110651849567047
203,48,134,52.46666666666667,0.4241662891530311,0.23125986298412635
203,48,135,52.5,0.305381896940459,-0.01494311059213578
203,48,136,52.53333333333333,0.06894439244113225,-0.22226344775399562
203,48,137,52.56666666666667,-0.17824027135356932,-0.3962320063114029
203,48,138,52.6,-0.46162589277501614,-0.5486947911554885
203,48,139,52.63333333333333,-0.6878818779418336,-0.692401465541289
203,48,140,52.666666666666664,-0.8768056255560882,-0.8353666105998226
203,48,141,52.7,-1.009731016841596,-0.9759877878263676
203,48,142,52.733333333333334,-1.0566791337636945,-1.1002308191152994
203,48,143,52.766666666666666,-1.0962739311678924,-1.182254171015393
203,48,144,52.8,-1.1030616107229056,-1.1893687941394357
203,48,145,52.833333333333336,-1.19130144493795,-1.0909796620365946
203,48,146,52.86666666666667,-1.0736483326511954,-0.8693535625720022
203,48,147,52.9,-0.5702287656549494,-0.5286529664161735
203,48,148,52.93333333333333,0.38344021182299404,-0.09864011995474066
203,48,149,52.96666666666667,1.4536310216620474,0.36898261829741175
203,48,150,53.0,1.9989079459139751,0.8110200435921047
203,48,151,53.03333333333333,2.031149423800251,1.1669154956800705
203,48,152,53.06666666666667,1.7477638023788042,1.3921412098603088
203,48,153,53.1,1.4626812610686744,1.4668231594156844
203,48,154,53.13333333333333,1.1323475227251074,1.3974704758929197
203,48,155,53.166666666666664,0.8025794243444708,1.2121498848980445
203,48,156,53.2,0.5667075598081177,0.9514249915488431
203,48,157,53.233333333333334,0.5191938029230888,0.6582020465217955
203,48,158,53.266666666666666,0.4728113259638992,0.3692023268548369
203,48,159,53.3,0.3783494521567502,0.10961481522476933
203,48,160,53.333333333333336,0.14360886754617144,-0.10875175358164067
203,48,161,53.36666666666667,-0.0928286369531121,-0.2863549384951453
203,48,162,53.4,-0.3733860585599718,-0.4327169515580034
203,48,163,53.43333333333333,-0.609257923096325,-0.561937713758425
203,48,164,53.46666666666667,-0.8021411504510491,-0.6875234818759167
203,48,165,53.5,-0.948641900846562,-0.8171193460269661
203,48,166,53.53333333333333,-1.0431037746536893,-0.9480335020326341
203,48,167,53.56666666666667,-1.0900518915758093,-1.0648340025777188
203,48,168,53.6,-1.1370000084979295,-1.140384581343445
203,48,169,53.63333333333333,-1.183948125420028,-1.14113685606679
203,48,170,53.666666666666664,-1.230896242342148,-1.0362468784965875
203,48,171,53.7,-1.1997860443817114,-0.8084567054550715
203,48,172,53.733333333333334,-0.7320017950493234,-0.4633304250381477
203,48,173,53.766666666666666,0.18546622480215572,-0.03314911327488169
203,48,174,53.8,1.2624447141960062,0.4269576920596431
203,48,175,53.833333333333336,1.8908707129968643,0.8504455669056252
203,48,176,53.86666666666667,1.9921202663589834,1.1751334267191618
203,48,177,53.9,1.7783083603763536,1.3581595373351778
203,48,178,53.93333333333333,1.506801178176164,1.3851662870085504
203,48,179,53.96666666666667,1.1759017998697532,1.2710079242710322
203,48,180,54.0,0.8450024215632774,1.052485636429475
203,48,181,54.03333333333333,0.5616168001418307,0.7763753887022233
203,48,182,54.06666666666667,0.43887292818887547,0.48719174518453673
203,48,183,54.1,0.3919248112667554,0.2184113759126642
203,48,184,54.13333333333333,0.29746293745962804,-0.01118841304571977
203,48,185,54.166666666666664,0.09326691084657707,-0.19662432563493254
203,48,186,54.2,-0.09509119680481203,-0.34304438486305655
203,48,187,54.233333333333334,-0.378476818226194,-0.4612008466914943
203,48,188,54.266666666666666,-0.614348682762612,-0.5632601001325602
203,48,189,54.3,-0.8213729091902501,-0.6593124637023752
203,48,190,54.333333333333336,-0.9627828999194759,-0.7544810718028196
203,48,191,54.36666666666667,-1.076476532465804,-0.8466014654502617
203,48,192,54.4,-1.1234246493879028,-0.9248664948347081
203,48,193,54.43333333333333,-1.19130144493795,-0.9702152120197237
203,48,194,54.46666666666667,-1.238815201822979,-0.9582283475532776
203,48,195,54.5,-1.2863289587080078,-0.8647674740602497
203,48,196,54.53333333333333,-1.3587308739613901,-0.6736521388351754
203,48,197,54.56666666666667,-1.3802251925522047,-0.3845003568938994
203,48,198,54.6,-0.9537326605128058,-0.017911882965328453
203,48,199,54.63333333333333,-0.05662767932634524,0.3848023153079994
203,48,200,54.666666666666664,0.9355048156299569,0.7686668183365721
203,48,201,54.7,1.5356488162849655,1.077586990664177
203,48,202,54.733333333333334,1.616535330982066,1.2684686220011605
203,48,203,54.766666666666666,1.3857542261119566,1.321803411152779
203,48,204,54.8,1.0757835264334084,1.2448216222598694
203,48,205,54.833333333333336,0.602342877471911,1.0664056522175784
203,48,206,54.86666666666667,0.3381890147896435,0.8264073306542289
203,48,207,54.9,0.18659750472788683,0.5640322887801632
203,48,208,54.93333333333333,0.13908374784285799,0.30953699662801676
203,48,209,54.96666666666667,0.12154890899242655,0.0811772833882834
203,48,210,55.0,0.027087035185277615,-0.11336631682090861
203,48,211,55.03333333333333,-0.1476957133560631,-0.27347039561703723
203,48,212,55.06666666666667,-0.3835675778924811,-0.4021849706066891
203,48,213,55.1,-0.6041671634300811,-0.5040188239337368
203,48,214,55.13333333333333,-0.793090911044379,-0.5838326794300219
203,48,215,55.166666666666664,-0.9678736595857413,-0.646230126314523
203,48,216,55.2,-1.0623355333928686,-0.6948035601077007
203,48,217,55.233333333333334,-1.1437876880529212,-0.7309662258186487
203,48,218,55.266666666666666,-1.19130144493795,-0.7526730828247565
203,48,219,55.3,-1.2031798841592072,-0.753783981666978
203,48,220,55.333333333333336,-1.2501280010813274,-0.7248713387431168
203,48,221,55.36666666666667,-1.2970761180034258,-0.6558192657595258
203,48,222,55.4,-1.3915379918105748,-0.5397489314194193
203,48,223,55.43333333333333,-1.4288702293630944,-0.3770244144968273
203,48,224,55.46666666666667,-1.2410777616746573,-0.17775967903454004
203,48,225,55.5,-0.5362903678799905,0.03843284632878177
203,48,226,55.53333333333333,0.360814613306254,0.24580281438358487
203,48,227,55.56666666666667,1.071258406730095,0.41811411155616773
203,48,228,55.6,1.218324797088495,0.5348242198022103
203,48,229,55.63333333333333,0.9694432134050455,0.5857672579745967
203,48,230,55.666666666666664,0.5972521178056239,0.5729189184970463
203,48,231,55.7,0.26635273949914823,0.5089607731362167
203,48,232,55.733333333333334,0.035005994666130164,0.413476462926771
203,48,233,55.766666666666666,-0.0984850365822863,0.3082247902837587
203,48,234,55.8,-0.05097127969725745,0.21285435609100023
203,48,235,55.833333333333336,-0.00345752281222859,0.14185632132053363
203,48,236,55.86666666666667,-0.05323383954893578,0.10290381981667589
203,48,237,55.9,-0.1969063901298399,0.09636574883443765
203,48,238,55.93333333333333,-0.38696141766997694,0.11581773787931104
203,48,239,55.96666666666667,-0.6222676422434645,0.1495450950623533
203,49,0,49.0,1.7307946034913249,-0.001006095023825461
203,49,1,49.03333333333333,1.3523814682998203,-0.08664652064585662
203,49,2,49.06666666666667,1.0214820899934094,-0.1570909374206098
203,49,3,49.1,0.7822163856794955,-0.1984176190538209
203,49,4,49.13333333333333,0.7092488304632043,-0.20456217583294362
203,49,5,49.166666666666664,0.7092488304632043,-0.17903330599720155
203,49,6,49.2,0.6413720349131569,-0.1341656786153491
203,49,7,49.233333333333334,0.5073153637018533,-0.08815211439701075
203,49,8,49.266666666666666,0.22392974228040644,-0.060838269276613934
203,49,9,49.3,-0.059455879141040384,-0.0694768148287324
203,49,10,49.333333333333336,-0.34284150056242235,-0.12531613275760212
203,49,11,49.36666666666667,-0.6086922831334377,-0.2313368537750777
203,49,12,49.4,-0.8451297876327645,-0.38101138283453184
203,49,13,49.43333333333333,-0.9865397783619902,-0.5578342167855522
203,49,14,49.46666666666667,-1.112111850129576,-0.7355908312453757
203,49,15,49.5,-1.1590599670516744,-0.8798591491680543
203,49,16,49.53333333333333,-1.19130144493795,-0.9517509140726845
203,49,17,49.56666666666667,-1.238815201822979,-0.9147183991405641
203,49,18,49.6,-1.2863289587080078,-0.7439909624838974
203,49,19,49.63333333333333,-1.173766606087497,-0.4363586798914104
203,49,20,49.666666666666664,-0.48425149129154016,-0.01662339608512769
203,49,21,49.7,0.637978195135661,0.46289281803558796
203,49,22,49.733333333333334,1.8088529183739461,0.9314104481491499
203,49,23,49.766666666666666,2.3937246400300505,1.315604739052343
203,49,24,49.8,2.3891995203267156,1.5573942875146176
203,49,25,49.833333333333336,2.096198019535668,1.6274695876100596
203,49,26,49.86666666666667,1.7658642811921876,1.5302728823244875
203,49,27,49.9,1.3965013854073531,1.2995964874761976
203,49,28,49.93333333333333,1.0656020071009424,0.9870177174159814
203,49,29,49.96666666666667,0.8444367816003687,0.6472645869418253
203,49,30,50.0,0.7567625873482331,0.32516936428778537
203,49,31,50.03333333333333,0.7092488304632043,0.04779601665874844
203,49,32,50.06666666666667,0.6029085174347981,-0.17712573412020843
203,49,33,50.1,0.4088940101542348,-0.35769494185564904
203,49,34,50.13333333333333,0.12550838873285283,-0.5114758775972138
203,49,35,50.166666666666664,-0.157877232688594,-0.6582312857126864
203,49,36,50.2,-0.3937490972249471,-0.8130654060131768
203,49,37,50.233333333333334,-0.626792761946778,-0.9808256786724113
203,49,38,50.266666666666666,-0.8134539497093976,-1.1524963821368617
203,49,39,50.3,-0.9079158235165249,-1.304426919330569
203,49,40,50.333333333333336,-1.0012464173978346,-1.4012385605593214
203,49,41,50.36666666666667,-1.0487601742828634,-1.4027790296224232
203,49,42,50.4,-1.0487601742828634,-1.2743992602013907
203,49,43,50.43333333333333,-1.1432220480900124,-0.998378414660007
203,49,44,50.46666666666667,-1.003508977249513,-0.5831354745580571
203,49,45,50.5,-0.30381234312113325,-0.06667921529319447
203,49,46,50.53333333333333,0.7296118691283525,0.4879640974662758
203,49,47,50.56666666666667,1.8212969975580258,1.0050135772962274
203,49,48,50.6,2.3145350452216977,1.4125831047573802
203,49,49,50.63333333333333,2.285121767150009,1.6585993461829092
203,49,50,50.666666666666664,2.005695625468989,1.7212386662992447
203,49,51,50.7,1.6798870068287568,1.6111993749398408
203,49,52,50.733333333333334,1.3020395116002474,1.36576566880252
203,49,53,50.766666666666666,0.9717057732566806,1.0370756738843603
203,49,54,50.8,0.7703379464582167,0.6786506880401426
203,49,55,50.833333333333336,0.6617350735781754,0.334291144692907
203,49,56,50.86666666666667,0.6221402761739775,0.031776272574637304
203,49,57,50.9,0.48864924492558265,-0.21838320366680342
203,49,58,50.93333333333333,0.26126197983292604,-0.42027556392841264
203,49,59,50.96666666666667,-0.022123641588520794,-0.5874707058861324
203,49,60,51.0,-0.3055092630099028,-0.7366759380467484
203,49,61,51.03333333333333,-0.5888948844313496,-0.8811354617142335
203,49,62,51.06666666666667,-0.7885657913410655,-1.0248096739874628
203,49,63,51.1,-0.9418542212915485,-1.1585920502114107
203,49,64,51.13333333333333,-1.0363160950986974,-1.2598319930527004
203,49,65,51.166666666666664,-1.083264212020796,-1.2960301354759527
203,49,66,51.2,-1.0962739311678924,-1.2326944873520267
203,49,67,51.233333333333334,-1.1437876880529212,-1.0440139216582565
203,49,68,51.266666666666666,-1.1584943270887655,-0.723536888680425
203,49,69,51.3,-0.8077975500801801,-0.2911474885065648
203,49,70,51.333333333333336,0.02821831511105196,0.2069253268882798
203,49,71,51.36666666666667,1.0989747649130357,0.7061627632635585
203,49,72,51.4,1.9072742719214781,1.137721018508321
203,49,73,51.43333333333333,2.0871477801290412,1.44376633620554
203,49,74,51.46666666666667,1.8269533971872,1.5895803816868974
203,49,75,51.5,1.4491059019586043,1.5694208115848305
203,49,76,51.53333333333333,1.0429764085842455,1.40504039643533
203,49,77,51.56666666666667,0.6934109115014991,1.1377257539431487
203,49,78,51.6,0.49204308470307856,0.8166145125310122
203,49,79,51.63333333333333,0.45075136741013266,0.48704826863046424
203,49,80,51.666666666666664,0.47168004603806,0.18216169987522238
203,49,81,51.7,0.42077244937553526,-0.08074523756895129
203,49,82,51.733333333333334,0.23184870176123737,-0.2992774431865831
203,49,83,51.766666666666666,-0.004588802738089362,-0.48181984092132873
203,49,84,51.8,-0.2647831856798873,-0.6418275886140126
203,49,85,51.833333333333336,-0.5249775686217285,-0.7918186709747609
203,49,86,51.86666666666667,-0.7139013162359832,-0.9379829666757823
203,49,87,51.9,-0.8807651052965145,-1.076202079132686
203,49,88,51.93333333333333,-0.9537326605128058,-1.1903790595078918
203,49,89,51.96666666666667,-0.974661339140733,-1.253983546784545
203,49,90,52.0,-1.0012464173978346,-1.2352824967451494
203,49,91,52.03333333333333,-1.0487601742828634,-1.1057859254482452
203,49,92,52.06666666666667,-0.9910648980653254,-0.8501922728693204
203,49,93,52.1,-0.5193211689924678,-0.47493360217860864
203,49,94,52.13333333333333,0.35628949360294054,-0.01192770154957682
203,49,95,52.166666666666664,1.3897137058524047,0.4848147232297919
203,49,96,52.2,1.978544907249,0.9494505110159809
203,49,97,52.233333333333334,2.0068269053948278,1.3184313424556806
203,49,98,52.266666666666666,1.6911998060871052,1.5442554534581427
203,49,99,52.3,1.3133523108585958,1.6050004593524572
203,49,100,52.333333333333336,0.9355048156300001,1.5072304585706102
203,49,101,52.36666666666667,0.6334530754323043,1.2818475917941416
203,49,102,52.4,0.45810468692805484,0.9745106992366332
203,49,103,52.43333333333333,0.47168004603806,0.6337780816372174
203,49,104,52.46666666666667,0.4241662891530311,0.30060080934784195
203,49,105,52.5,0.305381896940459,0.0019091632894473404
203,49,106,52.53333333333333,0.06894439244113225,-0.2508749846196126
203,49,107,52.56666666666667,-0.17824027135356932,-0.45937059048992396
203,49,108,52.6,-0.46162589277501614,-0.6335189615117074
203,49,109,52.63333333333333,-0.6878818779418336,-0.7860760748965054
203,49,110,52.666666666666664,-0.8768056255560882,-0.9272210956139697
203,49,111,52.7,-1.009731016841596,-1.0598656487106997
203,49,112,52.733333333333334,-1.0566791337636945,-1.1763623702192476
203,49,113,52.766666666666666,-1.0962739311678924,-1.257639983526379
203,49,114,52.8,-1.1030616107229056,-1.2758537588195191
203,49,115,52.833333333333336,-1.19130144493795,-1.200969734639509
203,49,116,52.86666666666667,-1.0736483326511954,-1.0102479796226314
203,49,117,52.9,-0.5702287656549494,-0.6979763138810159
203,49,118,52.93333333333333,0.38344021182299404,-0.28193799275434084
203,49,119,52.96666666666667,1.4536310216620474,0.1963619918339608
203,49,120,53.0,1.9989079459139751,0.6786772355815381
203,49,121,53.03333333333333,2.031149423800251,1.1024389924221105
203,49,122,53.06666666666667,1.7477638023788042,1.4146159291541045
203,49,123,53.1,1.4626812610686744,1.5824934489050482
203,49,124,53.13333333333333,1.1323475227251074,1.5983868463508943
203,49,125,53.166666666666664,0.8025794243444708,1.4778194776605784
203,49,126,53.2,0.5667075598081177,1.2527810435337032
203,49,127,53.233333333333334,0.5191938029230888,0.9627324338082375
203,49,128,53.266666666666666,0.4728113259638992,0.646056287429915
203,49,129,53.3,0.3783494521567502,0.3338806138952207
203,49,130,53.333333333333336,0.14360886754617144,0.04700839163166983
203,49,131,53.36666666666667,-0.0928286369531121,-0.20440592539030863
203,49,132,53.4,-0.3733860585599718,-0.4193590315256693
203,49,133,53.43333333333333,-0.609257923096325,-0.6035251175479494
203,49,134,53.46666666666667,-0.8021411504510491,-0.7661524307693788
203,49,135,53.5,-0.948641900846562,-0.9162866753042797
203,49,136,53.53333333333333,-1.0431037746536893,-1.058414740921717
203,49,137,53.56666666666667,-1.0900518915758093,-1.1882459171247624
203,49,138,53.6,-1.1370000084979295,-1.290065036499427
203,49,139,53.63333333333333,-1.183948125420028,-1.337400470648576
203,49,140,53.666666666666664,-1.230896242342148,-1.2982157339351865
203,49,141,53.7,-1.1997860443817114,-1.144282111724444
203,49,142,53.733333333333334,-0.7320017950493234,-0.8622543438874319
203,49,143,53.766666666666666,0.18546622480215572,-0.4624282523889631
203,49,144,53.8,1.2624447141960062,0.01868869052800395
203,49,145,53.833333333333336,1.8908707129968643,0.5238375990358731
203,49,146,53.86666666666667,1.9921202663589834,0.9872260986410368
203,49,147,53.9,1.7783083603763536,1.349500619103762
203,49,148,53.93333333333333,1.506801178176164,1.5704737003572182
203,49,149,53.96666666666667,1.1759017998697532,1.6357568011782737
203,49,150,54.0,0.8450024215632774,1.5561128364978345
203,49,151,54.03333333333333,0.5616168001418307,1.361043579508306
203,49,152,54.06666666666667,0.43887292818887547,1.089581765150155
203,49,153,54.1,0.3919248112667554,0.781300828197057
203,49,154,54.13333333333333,0.29746293745962804,0.4696763141201009
203,49,155,54.166666666666664,0.09326691084657707,0.17862601750858736
203,49,156,54.2,-0.09509119680481203,-0.07818862746508984
203,49,157,54.233333333333334,-0.378476818226194,-0.29636234194847977
203,49,158,54.266666666666666,-0.614348682762612,-0.47894679780518695
203,49,159,54.3,-0.8213729091902501,-0.6341663278573828
203,49,160,54.333333333333336,-0.9627828999194759,-0.7725184817845081
203,49,161,54.36666666666667,-1.076476532465804,-0.9031134929182847
203,49,162,54.4,-1.1234246493879028,-1.0295167457529404
203,49,163,54.43333333333333,-1.19130144493795,-1.1460034173473685
203,49,164,54.46666666666667,-1.238815201822979,-1.2356733008912437
203,49,165,54.5,-1.2863289587080078,-1.2719108477736651
203,49,166,54.53333333333333,-1.3587308739613901,-1.2239522291128013
203,49,167,54.56666666666667,-1.3802251925522047,-1.0658937643375979
203,49,168,54.6,-0.9537326605128058,-0.7867864876424177
203,49,169,54.63333333333333,-0.05662767932634524,-0.39827991259401196
203,49,170,54.666666666666664,0.9355048156299569,0.06360817969107724
203,49,171,54.7,1.5356488162849655,0.544189169503881
203,49,172,54.733333333333334,1.616535330982066,0.9818249025639841
203,49,173,54.766666666666666,1.3857542261119566,1.3216894211840968
203,49,174,54.8,1.0757835264334084,1.5270458238952118
203,49,175,54.833333333333336,0.602342877471911,1.5849225991407232
203,49,176,54.86666666666667,0.3381890147896435,1.5054176491318816
203,49,177,54.9,0.18659750472788683,1.3160169553805443
203,49,178,54.93333333333333,0.13908374784285799,1.053485387500517
203,49,179,54.96666666666667,0.12154890899242655,0.7558475003130117
203,49,180,55.0,0.027087035185277615,0.45607095800841946
203,49,181,55.03333333333333,-0.1476957133560631,0.1780279302883554
203,49,182,55.06666666666667,-0.3835675778924811,-0.06528859517262098
203,49,183,55.1,-0.6041671634300811,-0.2715099269433553
203,49,184,55.13333333333333,-0.793090911044379,-0.4468904051753025
203,49,185,55.166666666666664,-0.9678736595857413,-0.6029067162402428
203,49,186,55.2,-1.0623355333928686,-0.7518665439948784
203,49,187,55.233333333333334,-1.1437876880529212,-0.9021266381882187
203,49,188,55.266666666666666,-1.19130144493795,-1.0538586323636017
203,49,189,55.3,-1.2031798841592072,-1.1965443297103986
203,49,190,55.333333333333336,-1.2501280010813274,-1.309240147571304
203,49,191,55.36666666666667,-1.2970761180034258,-1.3640353662210716
203,49,192,55.4,-1.3915379918105748,-1.33220029158432
203,49,193,55.43333333333333,-1.4288702293630944,-1.19165204997216
203,49,194,55.46666666666667,-1.2410777616746573,-0.9338869838626385
203,49,195,55.5,-0.5362903678799905,-0.5684804860615192
203,49,196,55.53333333333333,0.360814613306254,-0.12363919906488512
203,49,197,55.56666666666667,1.071258406730095,0.35771542432967607
203,49,198,55.6,1.218324797088495,0.8253689873117369
203,49,199,55.63333333333333,0.9694432134050455,1.2306078525143427
203,49,200,55.666666666666664,0.5972521178056239,1.5341021739427234
203,49,201,55.7,0.26635273949914823,1.711312517874801
203,49,202,55.733333333333334,0.035005994666130164,1.7548276021029092
203,49,203,55.766666666666666,-0.0984850365822863,1.6737566454903745
203,49,204,55.8,-0.05097127969725745,1.4905881136859978
203,49,205,55.833333333333336,-0.00345752281222859,1.2360485661943366
203,49,206,55.86666666666667,-0.05323383954893578,0.9427720624218556
203,49,207,55.9,-0.1969063901298399,0.6390187661658782
203,49,208,55.93333333333333,-0.38696141766997694,0.3439825126200397
203,49,209,55.96666666666667,-0.6222676422434645,0.0660323656052363
203,49,210,56.0,-0.8111913898577192,-0.1956097820182984
203,49,211,56.03333333333333,-0.9526013805869882,-0.4464290997796058
203,49,212,56.06666666666667,-1.0476288943570242,-0.6910615741061248
203,49,213,56.1,-1.1420907681641732,-0.9286107044787806
203,49,214,56.13333333333333,-1.1890388850862934,-1.1503779275889219
203,49,215,56.166666666666664,-1.19130144493795,-1.3405042499699031
203,49,216,56.2,-1.19130144493795,-1.4788755437558003
203,49,217,56.233333333333334,-1.19130144493795,-1.545039888906977
203,49,218,56.266666666666666,-1.2818038390046727,-1.5221142897678563
203,49,219,56.3,-1.3287519559267928,-1.4002887888267916
203,49,220,56.333333333333336,-1.1607568869404439,-1.1798878477476487
203,49,221,56.36666666666667,-0.5283714083991812,-0.8736511967229423
203,49,222,56.4,0.40380325048814225,-0.5072206659011473
203,49,223,56.43333333333333,1.1804269195730666,-0.11673683583751861
203,49,224,56.46666666666667,1.3744414268536083,0.2565037903881072
203,49,225,56.5,0.9722714132196325,0.5730716660592937
203,49,226,56.53333333333333,0.6029085174347981,0.8023218313574932
203,49,227,56.56666666666667,0.3104726566066812,0.927604972763153
203,49,228,56.6,0.0644192727378188,0.9485936444136317
203,49,229,56.63333333333333,-0.00345752281222859,0.8801868861215967
203,49,230,56.666666666666664,-0.00345752281222859,0.7483646963996871
203,49,231,56.7,0.032177794851543054,0.5842090909481323
203,49,232,56.733333333333334,-0.00345752281222859,0.41770491176180835
203,49,233,56.766666666666666,-0.1199793551731224,0.2727989283293875
203,49,234,56.8,-0.3564168596724491,0.1646608174630233
203,49,235,56.833333333333336,-0.578713365098862,0.09935769326042973
203,49,236,56.86666666666667,-0.7817781117860305,0.07544256401675793
203,49,237,56.9,-0.9231881025152996,0.08645822809444362
203,49,238,56.93333333333333,-1.03292225532118,0.12324359618067832
203,49,239,56.96666666666667,-1.0962739311678924,0.1753441152790876
203,50,0,50.0,0.7567625873482331,-0.187331776898464
203,50,1,50.03333333333333,0.7092488304632043,-0.37053295713610107
203,50,2,50.06666666666667,0.6029085174347981,-0.5296286574016484
203,50,3,50.1,0.4088940101542348,-0.6521842400219625
203,50,4,50.13333333333333,0.12550838873285283,-0.7374745225033124
203,50,5,50.166666666666664,-0.157877232688594,-0.7964369182425238
203,50,6,50.2,-0.3937490972249471,-0.8465080497954173
203,50,7,50.233333333333334,-0.626792761946778,-0.9032119531537862
203,50,8,50.266666666666666,-0.8134539497093976,-0.9715883586703541
203,50,9,50.3,-0.9079158235165249,-1.0405260953760114
203,50,10,50.333333333333336,-1.0012464173978346,-1.0823064377479956
203,50,11,50.36666666666667,-1.0487601742828634,-1.0583203559017724
203,50,12,50.4,-1.0487601742828634,-0.9300881191107815
203,50,13,50.43333333333333,-1.1432220480900124,-0.672783757288381
203,50,14,50.46666666666667,-1.003508977249513,-0.28707197208590196
203,50,15,50.5,-0.30381234312113325,0.19517250520809168
203,50,16,50.53333333333333,0.7296118691283525,0.714308604428967
203,50,17,50.56666666666667,1.8212969975580258,1.1954924856179436
203,50,18,50.6,2.3145350452216977,1.566495288984788
203,50,19,50.63333333333333,2.285121767150009,1.7746770789967488
203,50,20,50.666666666666664,2.005695625468989,1.797900367236033
203,50,21,50.7,1.6798870068287568,1.646970578555354
203,50,22,50.733333333333334,1.3020395116002474,1.3599367378547067
203,50,23,50.766666666666666,0.9717057732566806,0.9906217498165434
203,50,24,50.8,0.7703379464582167,0.5950488995292095
203,50,25,50.833333333333336,0.6617350735781754,0.21962063819761707
203,50,26,50.86666666666667,0.6221402761739775,-0.10618883960094073
203,50,27,50.9,0.48864924492558265,-0.3716644006422363
203,50,28,50.93333333333333,0.26126197983292604,-0.5819011208083025
203,50,29,50.96666666666667,-0.022123641588520794,-0.7517321478136428
203,50,30,51.0,-0.3055092630099028,-0.8983531524211336
203,50,31,51.03333333333333,-0.5888948844313496,-1.0342128422619148
203,50,32,51.06666666666667,-0.7885657913410655,-1.161499442956384
203,50,33,51.1,-0.9418542212915485,-1.2693862602179953
203,50,34,51.13333333333333,-1.0363160950986974,-1.334922060957625
203,50,35,51.166666666666664,-1.083264212020796,-1.3278831747951598
203,50,36,51.2,-1.0962739311678924,-1.2189756129395886
203,50,37,51.233333333333334,-1.1437876880529212,-0.9896163740513721
203,50,38,51.266666666666666,-1.1584943270887655,-0.6405216922173496
203,50,39,51.3,-0.8077975500801801,-0.19607732143869788
203,50,40,51.333333333333336,0.02821831511105196,0.29759365658063486
203,50,41,51.36666666666667,1.0989747649130357,0.7808824515746619
203,50,42,51.4,1.9072742719214781,1.1928561347698803
203,50,43,51.43333333333333,2.0871477801290412,1.4835510595414152
203,50,44,51.46666666666667,1.8269533971872,1.6231145774299305
203,50,45,51.5,1.4491059019586043,1.606006090137423
203,50,46,51.53333333333333,1.0429764085842455,1.4497994501566394
203,50,47,51.56666666666667,0.6934109115014991,1.1892385995872568
203,50,48,51.6,0.49204308470307856,0.8673258625376092
203,50,49,51.63333333333333,0.45075136741013266,0.5259548816218631
203,50,50,51.666666666666664,0.47168004603806,0.1984558102639049
203,50,51,51.7,0.42077244937553526,-0.0944838375926895
203,50,52,51.733333333333334,0.23184870176123737,-0.34523533077325486
203,50,53,51.766666666666666,-0.004588802738089362,-0.5566173148245867
203,50,54,51.8,-0.2647831856798873,-0.7372946470861516
203,50,55,51.833333333333336,-0.5249775686217285,-0.8962794373356042
203,50,56,51.86666666666667,-0.7139013162359832,-1.037634194242851
203,50,57,51.9,-0.8807651052965145,-1.156532484387024
203,50,58,51.93333333333333,-0.9537326605128058,-1.237823749704919
203,50,59,51.96666666666667,-0.974661339140733,-1.257971295372659
203,50,60,52.0,-1.0012464173978346,-1.1905345095756121
203,50,61,52.03333333333333,-1.0487601742828634,-1.0143011952073266
203,50,62,52.06666666666667,-0.9910648980653254,-0.722033872503404
203,50,63,52.1,-0.5193211689924678,-0.3270475407384498
203,50,64,52.13333333333333,0.35628949360294054,0.13503320365427518
203,50,65,52.166666666666664,1.3897137058524047,0.6107226105737845
203,50,66,52.2,1.978544907249,1.0385955896839383
203,50,67,52.233333333333334,2.0068269053948278,1.3619831647877778
203,50,68,52.266666666666666,1.6911998060871052,1.5408643419540715
203,50,69,52.3,1.3133523108585958,1.5597107850869638
203,50,70,52.333333333333336,0.9355048156300001,1.4292595840924067
203,50,71,52.36666666666667,0.6334530754323043,1.1819866039823703
203,50,72,52.4,0.45810468692805484,0.8629673011357376
203,50,73,52.43333333333333,0.47168004603806,0.519066456657186
203,50,74,52.46666666666667,0.4241662891530311,0.18946395595649096
203,50,75,52.5,0.305381896940459,-0.10037180589251629
203,50,76,52.53333333333333,0.06894439244113225,-0.34042333638224054
203,50,77,52.56666666666667,-0.17824027135356932,-0.5339174081795145
203,50,78,52.6,-0.46162589277501614,-0.6923270397843888
203,50,79,52.63333333333333,-0.6878818779418336,-0.8290764614839738
203,50,80,52.666666666666664,-0.8768056255560882,-0.9533899833838
203,50,81,52.7,-1.009731016841596,-1.0655202055257633
203,50,82,52.733333333333334,-1.0566791337636945,-1.1544116907843305
203,50,83,52.766666666666666,-1.0962739311678924,-1.1986518792967442
203,50,84,52.8,-1.1030616107229056,-1.1711137774537563
203,50,85,52.833333333333336,-1.19130144493795,-1.0467796767623045
203,50,86,52.86666666666667,-1.0736483326511954,-0.8119379116548153
203,50,87,52.9,-0.5702287656549494,-0.4718657215186183
203,50,88,52.93333333333333,0.38344021182299404,-0.0539888286223078
203,50,89,52.96666666666667,1.4536310216620474,0.39526331109550866
203,50,90,53.0,1.9989079459139751,0.819407516289728
203,50,91,53.03333333333333,2.031149423800251,1.1639594146994894
203,50,92,53.06666666666667,1.7477638023788042,1.3878786684478024
203,50,93,53.1,1.4626812610686744,1.4711545661285985
203,50,94,53.13333333333333,1.1323475227251074,1.4168019272335515
203,50,95,53.166666666666664,0.8025794243444708,1.247424735903865
203,50,96,53.2,0.5667075598081177,0.9980478076512398
203,50,97,53.233333333333334,0.5191938029230888,0.7076427449653465
203,50,98,53.266666666666666,0.4728113259638992,0.411581955929095
203,50,99,53.3,0.3783494521567502,0.1364419000666391
203,50,100,53.333333333333336,0.14360886754617144,-0.10239086713285196
203,50,101,53.36666666666667,-0.0928286369531121,-0.3005934652504883
203,50,102,53.4,-0.3733860585599718,-0.4628692445077246
203,50,103,53.43333333333333,-0.609257923096325,-0.599593201766552
203,50,104,53.46666666666667,-0.8021411504510491,-0.7226017053251677
203,50,105,53.5,-0.948641900846562,-0.8405794331055503
203,50,106,53.53333333333333,-1.0431037746536893,-0.9547280409888433
203,50,107,53.56666666666667,-1.0900518915758093,-1.0557761242101027
203,50,108,53.6,-1.1370000084979295,-1.1236237854586595
203,50,109,53.63333333333333,-1.183948125420028,-1.1306489376440525
203,50,110,53.666666666666664,-1.230896242342148,-1.0487464899350305
203,50,111,53.7,-1.1997860443817114,-0.8587155815036749
203,50,112,53.733333333333334,-0.7320017950493234,-0.5592045325935536
203,50,113,53.766666666666666,0.18546622480215572,-0.1718198133709414
203,50,114,53.8,1.2624447141960062,0.2602190714306706
203,50,115,53.833333333333336,1.8908707129968643,0.6803206157672732
203,50,116,53.86666666666667,1.9921202663589834,1.031293184836096
203,50,117,53.9,1.7783083603763536,1.2683803094480233
203,50,118,53.93333333333333,1.506801178176164,1.368409578086207
203,50,119,53.96666666666667,1.1759017998697532,1.3326702623371487
203,50,120,54.0,0.8450024215632774,1.183445310402782
203,50,121,54.03333333333333,0.5616168001418307,0.9561025991264201
203,50,122,54.06666666666667,0.43887292818887547,0.6897314255902236
203,50,123,54.1,0.3919248112667554,0.4191894183323945
203,50,124,54.13333333333333,0.29746293745962804,0.17025932709589128
203,50,125,54.166666666666664,0.09326691084657707,-0.04188606228395615
203,50,126,54.2,-0.09509119680481203,-0.21179555103350065
203,50,127,54.233333333333334,-0.378476818226194,-0.34166617429152957
203,50,128,54.266666666666666,-0.614348682762612,-0.4390460675700553
203,50,129,54.3,-0.8213729091902501,-0.5146999916826074
203,50,130,54.333333333333336,-0.9627828999194759,-0.5805201101304033
203,50,131,54.36666666666667,-1.076476532465804,-0.6471505468943551
203,50,132,54.4,-1.1234246493879028,-0.7211440735468878
203,50,133,54.43333333333333,-1.19130144493795,-0.8019644910939452
203,50,134,54.46666666666667,-1.238815201822979,-0.8797768007595322
203,50,135,54.5,-1.2863289587080078,-0.9352898946066244
203,50,136,54.53333333333333,-1.3587308739613901,-0.9425972710242057
203,50,137,54.56666666666667,-1.3802251925522047,-0.8750794227673988
203,50,138,54.6,-0.9537326605128058,-0.7133068704276687
203,50,139,54.63333333333333,-0.05662767932634524,-0.45283512391875813
203,50,140,54.666666666666664,0.9355048156299569,-0.10920219873370689
203,50,141,54.7,1.5356488162849655,0.28219536080308927
203,50,142,54.733333333333334,1.616535330982066,0.6721782317266662
203,50,143,54.766666666666666,1.3857542261119566,1.0084730564741158
203,50,144,54.8,1.0757835264334084,1.2477427390360156
203,50,145,54.833333333333336,0.602342877471911,1.365013499789183
203,50,146,54.86666666666667,0.3381890147896435,1.357615585829795
203,50,147,54.9,0.18659750472788683,1.2429648435222727
203,50,148,54.93333333333333,0.13908374784285799,1.0517370589752952
203,50,149,54.96666666666667,0.12154890899242655,0.8192155293402763
203,50,150,55.0,0.027087035185277615,0.5774440537666105
203,50,151,55.03333333333333,-0.1476957133560631,0.3498234640396826
203,50,152,55.06666666666667,-0.3835675778924811,0.14872339994458197
203,50,153,55.1,-0.6041671634300811,-0.02413898576790887
203,50,154,55.13333333333333,-0.793090911044379,-0.17532997909033654
203,50,155,55.166666666666664,-0.9678736595857413,-0.3162759126574528
203,50,156,55.2,-1.0623355333928686,-0.45952966989379523
203,50,157,55.233333333333334,-1.1437876880529212,-0.6151582461483547
203,50,158,55.266666666666666,-1.19130144493795,-0.7874984642410436
203,50,159,55.3,-1.2031798841592072,-0.9725579345740412
203,50,160,55.333333333333336,-1.2501280010813274,-1.1565113053152039
203,50,161,55.36666666666667,-1.2970761180034258,-1.315902960834703
203,50,162,55.4,-1.3915379918105748,-1.4201438814735532
203,50,163,55.43333333333333,-1.4288702293630944,-1.4365710819640063
203,50,164,55.46666666666667,-1.2410777616746573,-1.3376770361931285
203,50,165,55.5,-0.5362903678799905,-1.109135252254162
203,50,166,55.53333333333333,0.360814613306254,-0.7562662112284385
203,50,167,55.56666666666667,1.071258406730095,-0.3063250234811634
203,50,168,55.6,1.218324797088495,0.19498522315825684
203,50,169,55.63333333333333,0.9694432134050455,0.6922081581811625
203,50,170,55.666666666666664,0.5972521178056239,1.1311488021013183
203,50,171,55.7,0.26635273949914823,1.4684579153302109
203,50,172,55.733333333333334,0.035005994666130164,1.6773573552265852
203,50,173,55.766666666666666,-0.0984850365822863,1.7491883735120588
203,50,174,55.8,-0.05097127969725745,1.6916829144767176
203,50,175,55.833333333333336,-0.00345752281222859,1.525105779596579
203,50,176,55.86666666666667,-0.05323383954893578,1.2773467242765137
203,50,177,55.9,-0.1969063901298399,0.9788846116697951
203,50,178,55.93333333333333,-0.38696141766997694,0.6583015411766544
203,50,179,55.96666666666667,-0.6222676422434645,0.33879965716799243
203,50,180,56.0,-0.8111913898577192,0.03605380282200417
203,50,181,56.03333333333333,-0.9526013805869882,-0.24232556941430297
203,50,182,56.06666666666667,-1.0476288943570242,-0.49557415368446184
203,50,183,56.1,-1.1420907681641732,-0.7269854717815744
203,50,184,56.13333333333333,-1.1890388850862934,-0.9402146679731896
203,50,185,56.166666666666664,-1.19130144493795,-1.1356135033299128
203,50,186,56.2,-1.19130144493795,-1.3074068067137108
203,50,187,56.233333333333334,-1.19130144493795,-1.4423042009810272
203,50,188,56.266666666666666,-1.2818038390046727,-1.5201256424142404
203,50,189,56.3,-1.3287519559267928,-1.5169406393640121
203,50,190,56.333333333333336,-1.1607568869404439,-1.4106863906402196
203,50,191,56.36666666666667,-0.5283714083991812,-1.188221333513799
203,50,192,56.4,0.40380325048814225,-0.8517208929333727
203,50,193,56.43333333333333,1.1804269195730666,-0.422001361468506
203,50,194,56.46666666666667,1.3744414268536083,0.06278373702722675
203,50,195,56.5,0.9722714132196325,0.5530342679892977
203,50,196,56.53333333333333,0.6029085174347981,0.9966219682592345
203,50,197,56.56666666666667,0.3104726566066812,1.3483929068175475
203,50,198,56.6,0.0644192727378188,1.5777833570301096
203,50,199,56.63333333333333,-0.00345752281222859,1.6728315563201546
203,50,200,56.666666666666664,-0.00345752281222859,1.6400590282236658
203,50,201,56.7,0.032177794851543054,1.5008050145699297
203,50,202,56.733333333333334,-0.00345752281222859,1.285263808064104
203,50,203,56.766666666666666,-0.1199793551731224,1.0257488771625483
203,50,204,56.8,-0.3564168596724491,0.7507341750746253
203,50,205,56.833333333333336,-0.578713365098862,0.48091607349228505
203,50,206,56.86666666666667,-0.7817781117860305,0.22785021652672696
203,50,207,56.9,-0.9231881025152996,-0.005074573112986005
203,50,208,56.93333333333333,-1.03292225532118,-0.2201094847306853
203,50,209,56.96666666666667,-1.0962739311678924,-0.4220126715563066
203,50,210,57.0,-1.1437876880529212,-0.6150870533736662
203,50,211,57.03333333333333,-1.1437876880529212,-0.8008266162076381
203,50,212,57.06666666666667,-1.19130144493795,-0.9763011292506325
203,50,213,57.1,-1.238815201822979,-1.1333039193583854
203,50,214,57.13333333333333,-1.3146109568538573,-1.2584023531307442
203,50,215,57.166666666666664,-1.2506936410442144,-1.3341706191651963
203,50,216,57.2,-0.6618624396476841,-1.3418339349888948
203,50,217,57.233333333333334,0.2623932597587868,-1.2652792211127046
203,50,218,57.266666666666666,1.2024868781269196,-1.095943843726148
203,50,219,57.3,1.589950252724986,-0.8375052665656618
203,50,220,57.333333333333336,1.4423182224036342,-0.5087427017258532
203,50,221,57.36666666666667,1.1346100825767425,-0.14288387236396713
203,50,222,57.4,0.804276344233262,0.21742996600371092
203,50,223,57.43333333333333,0.49713384436930075,0.5287853428308403
203,50,224,57.46666666666667,0.26126197983294763,0.7566627662881532
203,50,225,57.5,0.1170237892890915,0.8827686067024134
203,50,226,57.53333333333333,0.09156999095782913,0.907620370996695
203,50,227,57.56666666666667,0.11815506921493066,0.8479589059371417
203,50,228,57.6,0.050843913627792045,0.7304020468328758
203,50,229,57.63333333333333,-0.06284971891849306,0.5837969361314441
203,50,230,57.666666666666664,-0.298721583454911,0.43279468362678725
203,50,231,57.7,-0.5159273292150584,0.2943404399454451
203,50,232,57.733333333333334,-0.7523648337143419,0.17741053302717963
203,50,233,57.766666666666666,-0.9237537424782083,0.08507212996170643
203,50,234,57.8,-1.065729373170386,0.01732729215953374
203,50,235,57.833333333333336,-1.1437876880529212,-0.026653440279661
203,50,236,57.86666666666667,-1.19130144493795,-0.04763458764151157
203,50,237,57.9,-1.238815201822979,-0.04669219046110372
203,50,238,57.93333333333333,-1.238815201822979,-0.026233669059810442
203,50,239,57.96666666666667,-1.2863289587080078,0.009193730117799701
203,51,0,51.0,-0.3055092630099028,0.05257158902411428
203,51,1,51.03333333333333,-0.5888948844313496,-0.14428674942252342
203,51,2,51.06666666666667,-0.7885657913410655,-0.2939013355633178
203,51,3,51.1,-0.9418542212915485,-0.3590702426543668
203,51,4,51.13333333333333,-1.0363160950986974,-0.3199790590764023
203,51,5,51.166666666666664,-1.083264212020796,-0.178054057577029
203,51,6,51.2,-1.0962739311678924,0.04495379549213734
203,51,7,51.233333333333334,-1.1437876880529212,0.3120051061924605
203,51,8,51.266666666666666,-1.1584943270887655,0.5785156654345244
203,51,9,51.3,-0.8077975500801801,0.8012454373653868
203,51,10,51.333333333333336,0.02821831511105196,0.9466132698522843
203,51,11,51.36666666666667,1.0989747649130357,0.9966449195114988
203,51,12,51.4,1.9072742719214781,0.9511529579884977
203,51,13,51.43333333333333,2.0871477801290412,0.8256638198093005
203,51,14,51.46666666666667,1.8269533971872,0.6458108045536194
203,51,15,51.5,1.4491059019586043,0.4399759444722134
203,51,16,51.53333333333333,1.0429764085842455,0.23244704300081626
203,51,17,51.56666666666667,0.6934109115014991,0.039000936023209844
203,51,18,51.6,0.49204308470307856,-0.1342552880074149
203,51,19,51.63333333333333,0.45075136741013266,-0.2891797741491917
203,51,20,51.666666666666664,0.47168004603806,-0.4322005782637686
203,51,21,51.7,0.42077244937553526,-0.5705503309618204
203,51,22,51.733333333333334,0.23184870176123737,-0.7091164055661928
203,51,23,51.766666666666666,-0.004588802738089362,-0.8483549152797814
203,51,24,51.8,-0.2647831856798873,-0.9832635438407012
203,51,25,51.833333333333336,-0.5249775686217285,-1.1032209529874906
203,51,26,51.86666666666667,-0.7139013162359832,-1.1925889733302866
203,51,27,51.9,-0.8807651052965145,-1.2321711091629912
203,51,28,51.93333333333333,-0.9537326605128058,-1.2017195915803172
203,51,29,51.96666666666667,-0.974661339140733,-1.0835811318473119
203,51,30,52.0,-1.0012464173978346,-0.8672388021519364
203,51,31,52.03333333333333,-1.0487601742828634,-0.5539360065405354
203,51,32,52.06666666666667,-0.9910648980653254,-0.15996211312997258
203,51,33,52.1,-0.5193211689924678,0.28294630563964984
203,51,34,52.13333333333333,0.35628949360294054,0.7309442347323046
203,51,35,52.166666666666664,1.3897137058524047,1.1348047224299034
203,51,36,52.2,1.978544907249,1.4485459134844147
203,51,37,52.233333333333334,2.0068269053948278,1.6378512461341015
203,51,38,52.266666666666666,1.6911998060871052,1.6862323570968307
203,51,39,52.3,1.3133523108585958,1.5974562843476396
203,51,40,52.333333333333336,0.9355048156300001,1.3936214879924058
203,51,41,52.36666666666667,0.6334530754323043,1.1093650246144975
203,51,42,52.4,0.45810468692805484,0.7838362247760831
203,51,43,52.43333333333333,0.47168004603806,0.4527231800375299
203,51,44,52.46666666666667,0.4241662891530311,0.14235940511355114
203,51,45,52.5,0.305381896940459,-0.1329811037455675
203,51,46,52.53333333333333,0.06894439244113225,-0.3705307104624806
203,51,47,52.56666666666667,-0.17824027135356932,-0.5759148112724866
203,51,48,52.6,-0.46162589277501614,-0.7585270474149967
203,51,49,52.63333333333333,-0.6878818779418336,-0.9264648915477377
203,51,50,52.666666666666664,-0.8768056255560882,-1.0819858268390021
203,51,51,52.7,-1.009731016841596,-1.2183473169396144
203,51,52,52.733333333333334,-1.0566791337636945,-1.3188442524133341
203,51,53,52.766666666666666,-1.0962739311678924,-1.3587650682587498
203,51,54,52.8,-1.1030616107229056,-1.3106324937890808
203,51,55,52.833333333333336,-1.19130144493795,-1.152199229663104
203,51,56,52.86666666666667,-1.0736483326511954,-0.8753039808559531
203,51,57,52.9,-0.5702287656549494,-0.4925576982186244
203,51,58,52.93333333333333,0.38344021182299404,-0.038804610844998685
203,51,59,52.96666666666667,1.4536310216620474,0.43412423054585797
203,51,60,53.0,1.9989079459139751,0.8681081188025506
203,51,61,53.03333333333333,2.031149423800251,1.2112948507465517
203,51,62,53.06666666666667,1.7477638023788042,1.4284141980140896
203,51,63,53.1,1.4626812610686744,1.5060275602975364
203,51,64,53.13333333333333,1.1323475227251074,1.4520389296719978
203,51,65,53.166666666666664,0.8025794243444708,1.290700475450228
203,51,66,53.2,0.5667075598081177,1.0552991993679457
203,51,67,53.233333333333334,0.5191938029230888,0.780709911740467
203,51,68,53.266666666666666,0.4728113259638992,0.4974305337902941
203,51,69,53.3,0.3783494521567502,0.22792061242128855
203,51,70,53.333333333333336,0.14360886754617144,-0.0146989060123438
203,51,71,53.36666666666667,-0.0928286369531121,-0.22604603116783686
203,51,72,53.4,-0.3733860585599718,-0.408619449595268
203,51,73,53.43333333333333,-0.609257923096325,-0.5692122031792973
203,51,74,53.46666666666667,-0.8021411504510491,-0.7158897270824335
203,51,75,53.5,-0.948641900846562,-0.854676550317265
203,51,76,53.53333333333333,-1.0431037746536893,-0.986199807807678
203,51,77,53.56666666666667,-1.0900518915758093,-1.1029116499975133
203,51,78,53.6,-1.1370000084979295,-1.1879541679279793
203,51,79,53.63333333333333,-1.183948125420028,-1.2168309424494899
203,51,80,53.666666666666664,-1.230896242342148,-1.162481827006251
203,51,81,53.7,-1.1997860443817114,-1.0031616265390289
203,51,82,53.733333333333334,-0.7320017950493234,-0.7311107630129906
203,51,83,53.766666666666666,0.18546622480215572,-0.3590357838721596
203,51,84,53.8,1.2624447141960062,0.07847261337773553
203,51,85,53.833333333333336,1.8908707129968643,0.5299635784632032
203,51,86,53.86666666666667,1.9921202663589834,0.93750490465973
203,51,87,53.9,1.7783083603763536,1.249165570882303
203,51,88,53.93333333333333,1.506801178176164,1.4296767376865729
203,51,89,53.96666666666667,1.1759017998697532,1.4663099719637327
203,51,90,54.0,0.8450024215632774,1.3689520251809397
203,51,91,54.03333333333333,0.5616168001418307,1.1652682873554805
203,51,92,54.06666666666667,0.43887292818887547,0.8929762822226667
203,51,93,54.1,0.3919248112667554,0.5915447309510428
203,51,94,54.13333333333333,0.29746293745962804,0.2953449682148494
203,51,95,54.166666666666664,0.09326691084657707,0.029499899162800998
203,51,96,54.2,-0.09509119680481203,-0.19142780230772632
203,51,97,54.233333333333334,-0.378476818226194,-0.36267808136820684
203,51,98,54.266666666666666,-0.614348682762612,-0.48751405298955947
203,51,99,54.3,-0.8213729091902501,-0.5751366999229721
203,51,100,54.333333333333336,-0.9627828999194759,-0.6384204342437618
203,51,101,54.36666666666667,-1.076476532465804,-0.6911827983015881
203,51,102,54.4,-1.1234246493879028,-0.7447531542231238
203,51,103,54.43333333333333,-1.19130144493795,-0.8041003351804641
203,51,104,54.46666666666667,-1.238815201822979,-0.8644543313303855
203,51,105,54.5,-1.2863289587080078,-0.909857959717609
203,51,106,54.53333333333333,-1.3587308739613901,-0.9150557807793924
203,51,107,54.56666666666667,-1.3802251925522047,-0.8513259512717589
203,51,108,54.6,-0.9537326605128058,-0.6953796013710893
203,51,109,54.63333333333333,-0.05662767932634524,-0.43885347252257884
203,51,110,54.666666666666664,0.9355048156299569,-0.09499279017000545
203,51,111,54.7,1.5356488162849655,0.3004791581179072
203,51,112,54.733333333333334,1.616535330982066,0.6954697252654766
203,51,113,54.766666666666666,1.3857542261119566,1.0332091566953037
203,51,114,54.8,1.0757835264334084,1.2659559303507915
203,51,115,54.833333333333336,0.602342877471911,1.3662779605979465
203,51,116,54.86666666666667,0.3381890147896435,1.3323232959743876
203,51,117,54.9,0.18659750472788683,1.1857390363525198
203,51,118,54.93333333333333,0.13908374784285799,0.963607006259983
203,51,119,54.96666666666667,0.12154890899242655,0.7076888089460281
203,51,120,55.0,0.027087035185277615,0.4545838144951165
203,51,121,55.03333333333333,-0.1476957133560631,0.22930378628220804
203,51,122,55.06666666666667,-0.3835675778924811,0.04306347255395474
203,51,123,55.1,-0.6041671634300811,-0.1053948239407537
203,51,124,55.13333333333333,-0.793090911044379,-0.22635952290036074
203,51,125,55.166666666666664,-0.9678736595857413,-0.33495854684025755
203,51,126,55.2,-1.0623355333928686,-0.4470612934350214
203,51,127,55.233333333333334,-1.1437876880529212,-0.5755329922292249
203,51,128,55.266666666666666,-1.19130144493795,-0.7268149492729166
203,51,129,55.3,-1.2031798841592072,-0.8979849236230668
203,51,130,55.333333333333336,-1.2501280010813274,-1.0749495276092225
203,51,131,55.36666666666667,-1.2970761180034258,-1.2327590718734567
203,51,132,55.4,-1.3915379918105748,-1.3388048658495462
203,51,133,55.43333333333333,-1.4288702293630944,-1.3588938263318049
203,51,134,55.46666666666667,-1.2410777616746573,-1.2652057554769285
203,51,135,55.5,-0.5362903678799905,-1.0442551441277053
203,51,136,55.53333333333333,0.360814613306254,-0.7025355997891656
203,51,137,55.56666666666667,1.071258406730095,-0.2678226768960295
203,51,138,55.6,1.218324797088495,0.21475518625853912
203,51,139,55.63333333333333,0.9694432134050455,0.6910635260464489
203,51,140,55.666666666666664,0.5972521178056239,1.108291867654082
203,51,141,55.7,0.26635273949914823,1.4242232167382738
203,51,142,55.733333333333334,0.035005994666130164,1.613214751911147
203,51,143,55.766666666666666,-0.0984850365822863,1.6681673012036273
203,51,144,55.8,-0.05097127969725745,1.5989542913105483
203,51,145,55.833333333333336,-0.00345752281222859,1.4283257483725904
203,51,146,55.86666666666667,-0.05323383954893578,1.1863813208511762
203,51,147,55.9,-0.1969063901298399,0.904660271853897
203,51,148,55.93333333333333,-0.38696141766997694,0.6109095001257855
203,51,149,55.96666666666667,-0.6222676422434645,0.32547161916551093
203,51,150,56.0,-0.8111913898577192,0.05979353478929307
203,51,151,56.03333333333333,-0.9526013805869882,-0.1830024623401161
203,51,152,56.06666666666667,-1.0476288943570242,-0.40592431831091325
203,51,153,56.1,-1.1420907681641732,-0.614892679945745
203,51,154,56.13333333333333,-1.1890388850862934,-0.8151235227004899
203,51,155,56.166666666666664,-1.19130144493795,-1.007661172606279
203,51,156,56.2,-1.19130144493795,-1.1865288518316428
203,51,157,56.233333333333334,-1.19130144493795,-1.3370779452037307
203,51,158,56.266666666666666,-1.2818038390046727,-1.4364134350048685
203,51,159,56.3,-1.3287519559267928,-1.4567717493207737
203,51,160,56.333333333333336,-1.1607568869404439,-1.371986136359959
203,51,161,56.36666666666667,-0.5283714083991812,-1.1658050305228236
203,51,162,56.4,0.40380325048814225,-0.8394748789356861
203,51,163,56.43333333333333,1.1804269195730666,-0.4155979502390148
203,51,164,56.46666666666667,1.3744414268536083,0.06365629705867427
203,51,165,56.5,0.9722714132196325,0.5438789390487521
203,51,166,56.53333333333333,0.6029085174347981,0.9691984475778074
203,51,167,56.56666666666667,0.3104726566066812,1.293303813304083
203,51,168,56.6,0.0644192727378188,1.4876409762297962
203,51,169,56.63333333333333,-0.00345752281222859,1.5448762271769925
203,51,170,56.666666666666664,-0.00345752281222859,1.4773434265156673
203,51,171,56.7,0.032177794851543054,1.3115980702937997
203,51,172,56.733333333333334,-0.00345752281222859,1.0809573550780647
203,51,173,56.766666666666666,-0.1199793551731224,0.8180453215110842
203,51,174,56.8,-0.3564168596724491,0.5490769543457117
203,51,175,56.833333333333336,-0.578713365098862,0.29093279879246353
203,51,176,56.86666666666667,-0.7817781117860305,0.05110410097619827
203,51,177,56.9,-0.9231881025152996,-0.17023345802894985
203,51,178,56.93333333333333,-1.03292225532118,-0.3770601029052853
203,51,179,56.96666666666667,-1.0962739311678924,-0.5741607114147844
203,51,180,57.0,-1.1437876880529212,-0.7641589073174045
203,51,181,57.03333333333333,-1.1437876880529212,-0.9452199934272866
203,51,182,57.06666666666667,-1.19130144493795,-1.109551312252542
203,51,183,57.1,-1.238815201822979,-1.2428997550650818
203,51,184,57.13333333333333,-1.3146109568538573,-1.3254627414597873
203,51,185,57.166666666666664,-1.2506936410442144,-1.3346686870736557
203,51,186,57.2,-0.6618624396476841,-1.249882915342518
203,51,187,57.233333333333334,0.2623932597587868,-1.058341624518839
203,51,188,57.266666666666666,1.2024868781269196,-0.7608363770933164
203,51,189,57.3,1.589950252724986,-0.37523010957894654
203,51,190,57.333333333333336,1.4423182224036342,0.06389446927616751
203,51,191,57.36666666666667,1.1346100825767425,0.5100942239646206
203,51,192,57.4,0.804276344233262,0.9134359559814751
203,51,193,57.43333333333333,0.49713384436930075,1.2300226006803148
203,51,194,57.46666666666667,0.26126197983294763,1.4299895687955786
203,51,195,57.5,0.1170237892890915,1.5019462836323898
203,51,196,57.53333333333333,0.09156999095782913,1.4530229229358813
203,51,197,57.56666666666667,0.11815506921493066,1.3049620088762577
203,51,198,57.6,0.050843913627792045,1.0877238365630395
203,51,199,57.63333333333333,-0.06284971891849306,0.832580953775998
203,51,200,57.666666666666664,-0.298721583454911,0.5665311329670546
203,51,201,57.7,-0.5159273292150584,0.3091322284922646
203,51,202,57.733333333333334,-0.7523648337143419,0.07185368167529091
203,51,203,57.766666666666666,-0.9237537424782083,-0.14075291741297463
203,51,204,57.8,-1.065729373170386,-0.3289977735195334
203,51,205,57.833333333333336,-1.1437876880529212,-0.49583950421310485
203,51,206,57.86666666666667,-1.19130144493795,-0.6449062163725304
203,51,207,57.9,-1.238815201822979,-0.7788673332599138
203,51,208,57.93333333333333,-1.238815201822979,-0.8981209911352641
203,51,209,57.96666666666667,-1.2863289587080078,-0.9997228948199824
203,51,210,58.0,-1.3474180747030418,-1.0765552196451977
203,51,211,58.03333333333333,-1.3813564724780656,-1.116996778847173
203,51,212,58.06666666666667,-1.1641507267178532,-1.105725606300067
203,51,213,58.1,-0.35981069944994504,-1.0263447747957022
203,51,214,58.13333333333333,0.7386621085349794,-0.8659503971448821
203,51,215,58.166666666666664,1.607485091575396,-0.620746924337737
203,51,216,58.2,1.7918837194863588,-0.3008767735226244
203,51,217,58.233333333333334,1.5735466938003506,0.06769688189313301
203,51,218,58.266666666666666,1.2432129554568703,0.4457833567495685
203,51,219,58.3,0.9213638165570646,0.7879792951065065
203,51,220,58.333333333333336,0.6379781951356827,1.0521094056984053
203,51,221,58.36666666666667,0.4094596501171868,1.2079991876450373
203,51,222,58.4,0.2816250184979446,1.2429812640794848
203,51,223,58.43333333333333,0.2816250184979446,1.1630112703854414
203,51,224,58.46666666666667,0.27596861886877033,0.9896923432642367
203,51,225,58.5,0.17641598539535597,0.7544901023896375
203,51,226,58.53333333333333,-0.012507762218898696,0.49193412729289326
203,51,227,58.56666666666667,-0.20539098957362284,0.23355393676573943
203,51,228,58.6,-0.48538277121750895,0.0037115686038897066
203,51,229,58.63333333333333,-0.7218202757168357,-0.18230198488015453
203,51,230,58.666666666666664,-0.9084814634794552,-0.31817550680869483
203,51,231,58.7,-1.0504570941716114,-0.40509047612612165
203,51,232,58.733333333333334,-1.1437876880529212,-0.44949348429501945
203,51,233,58.766666666666666,-1.1443533280158515,-0.4606754901714681
203,51,234,58.8,-1.19130144493795,-0.44854569390719234
203,51,235,58.833333333333336,-1.19130144493795,-0.4218369885343478
203,51,236,58.86666666666667,-1.238815201822979,-0.38686599420881634
203,51,237,58.9,-1.3321457957042886,-0.3469282787422902
203,51,238,58.93333333333333,-1.2433403215262924,-0.30241082764906435
203,51,239,58.96666666666667,-0.6437619608343006,-0.25161715000377094
203,52,0,52.0,-1.0012464173978346,0.1402594123208234
203,52,1,52.03333333333333,-1.0487601742828634,0.46060263794728146
203,52,2,52.06666666666667,-0.9910648980653254,0.7568445387132452
203,52,3,52.1,-0.5193211689924678,1.0078036036754707
203,52,4,52.13333333333333,0.35628949360294054,1.194804630852496
203,52,5,52.166666666666664,1.3897137058524047,1.3039195477197272
203,52,6,52.2,1.978544907249,1.32792237109338
203,52,7,52.233333333333334,2.0068269053948278,1.267287584652822
203,52,8,52.266666666666666,1.6911998060871052,1.130038624689486
203,52,9,52.3,1.3133523108585958,0.9306090080026526
203,52,10,52.333333333333336,0.9355048156300001,0.6880383985539854
203,52,11,52.36666666666667,0.6334530754323043,0.42378001907747537
203,52,12,52.4,0.45810468692805484,0.15924066849074753
203,52,13,52.43333333333333,0.47168004603806,-0.08687946409008421
203,52,14,52.46666666666667,0.4241662891530311,-0.30121029034307645
203,52,15,52.5,0.305381896940459,-0.47779728195470034
203,52,16,52.53333333333333,0.06894439244113225,-0.6189921933849412
203,52,17,52.56666666666667,-0.17824027135356932,-0.7345158308346645
203,52,18,52.6,-0.46162589277501614,-0.8383059189957298
203,52,19,52.63333333333333,-0.6878818779418336,-0.9433505108290233
203,52,20,52.666666666666664,-0.8768056255560882,-1.0555840188118564
203,52,21,52.7,-1.009731016841596,-1.1686762280412586
203,52,22,52.733333333333334,-1.0566791337636945,-1.2617447196677256
203,52,23,52.766666666666666,-1.0962739311678924,-1.3015923105909248
203,52,24,52.8,-1.1030616107229056,-1.250053478684806
203,52,25,52.833333333333336,-1.19130144493795,-1.0753577779655106
203,52,26,52.86666666666667,-1.0736483326511954,-0.7643994186947007
203,52,27,52.9,-0.5702287656549494,-0.3315006255563041
203,52,28,52.93333333333333,0.38344021182299404,0.18026668431783904
203,52,29,52.96666666666667,1.4536310216620474,0.7066530655012333
203,52,30,53.0,1.9989079459139751,1.1765621480294661
203,52,31,53.03333333333333,2.031149423800251,1.528267660380386
203,52,32,53.06666666666667,1.7477638023788042,1.7222909469844445
203,52,33,53.1,1.4626812610686744,1.7474991574232233
203,52,34,53.13333333333333,1.1323475227251074,1.6196738814424112
203,52,35,53.166666666666664,0.8025794243444708,1.3742231156236526
203,52,36,53.2,0.5667075598081177,1.0560892817042928
203,52,37,53.233333333333334,0.5191938029230888,0.709999469922725
203,52,38,53.266666666666666,0.4728113259638992,0.37326389328284354
203,52,39,53.3,0.3783494521567502,0.07194977689944243
203,52,40,53.333333333333336,0.14360886754617144,-0.17994134211825544
203,52,41,53.36666666666667,-0.0928286369531121,-0.37931758238508934
203,52,42,53.4,-0.3733860585599718,-0.5319058464809263
203,52,43,53.43333333333333,-0.609257923096325,-0.6497859857408513
203,52,44,53.46666666666667,-0.8021411504510491,-0.7484646669041748
203,52,45,53.5,-0.948641900846562,-0.8430898534268684
203,52,46,53.53333333333333,-1.0431037746536893,-0.943732835719298
203,52,47,53.56666666666667,-1.0900518915758093,-1.0504839355936284
203,52,48,53.6,-1.1370000084979295,-1.1499597504011618
203,52,49,53.63333333333333,-1.183948125420028,-1.2151873339638655
203,52,50,53.666666666666664,-1.230896242342148,-1.2103177632666065
203,52,51,53.7,-1.1997860443817114,-1.100123001167788
203,52,52,53.733333333333334,-0.7320017950493234,-0.8621275079896127
203,52,53,53.766666666666666,0.18546622480215572,-0.497432881424126
203,52,54,53.8,1.2624447141960062,-0.03584915303233769
203,52,55,53.833333333333336,1.8908707129968643,0.4675006465885568
203,52,56,53.86666666666667,1.9921202663589834,0.9437183961821133
203,52,57,53.9,1.7783083603763536,1.3261582482010086
203,52,58,53.93333333333333,1.506801178176164,1.5656686311273593
203,52,59,53.96666666666667,1.1759017998697532,1.6403434621670983
203,52,60,54.0,0.8450024215632774,1.5573576396972881
203,52,61,54.03333333333333,0.5616168001418307,1.3473690726329957
203,52,62,54.06666666666667,0.43887292818887547,1.0543090098859984
203,52,63,54.1,0.3919248112667554,0.7243248623601657
203,52,64,54.13333333333333,0.29746293745962804,0.39701861688891543
203,52,65,54.166666666666664,0.09326691084657707,0.1005394572773024
203,52,66,54.2,-0.09509119680481203,-0.1495751060622339
203,52,67,54.233333333333334,-0.378476818226194,-0.3490101391377257
203,52,68,54.266666666666666,-0.614348682762612,-0.5021902371099175
203,52,69,54.3,-0.8213729091902501,-0.6196743521147536
203,52,70,54.333333333333336,-0.9627828999194759,-0.7155868645520714
203,52,71,54.36666666666667,-1.076476532465804,-0.8046462889479861
203,52,72,54.4,-1.1234246493879028,-0.8983672848863177
203,52,73,54.43333333333333,-1.19130144493795,-1.0006431846308554
203,52,74,54.46666666666667,-1.238815201822979,-1.1038222778897853
203,52,75,54.5,-1.2863289587080078,-1.187041047982543
203,52,76,54.53333333333333,-1.3587308739613901,-1.2184933553730994
203,52,77,54.56666666666667,-1.3802251925522047,-1.162315515323809
203,52,78,54.6,-0.9537326605128058,-0.9890624935196914
203,52,79,54.63333333333333,-0.05662767932634524,-0.6869262386694565
203,52,80,54.666666666666664,0.9355048156299569,-0.2697362587290752
203,52,81,54.7,1.5356488162849655,0.22179121049067285
203,52,82,54.733333333333334,1.616535330982066,0.7269067253845313
203,52,83,54.766666666666666,1.3857542261119566,1.1780360273991668
203,52,84,54.8,1.0757835264334084,1.5160257470252352
203,52,85,54.833333333333336,0.602342877471911,1.7024481781469798
203,52,86,54.86666666666667,0.3381890147896435,1.725615387704422
203,52,87,54.9,0.18659750472788683,1.5996290860826237
203,52,88,54.93333333333333,0.13908374784285799,1.357951225861892
203,52,89,54.96666666666667,0.12154890899242655,1.0440760274417253
203,52,90,55.0,0.027087035185277615,0.7020411687529516
203,52,91,55.03333333333333,-0.1476957133560631,0.36893779874105115
203,52,92,55.06666666666667,-0.3835675778924811,0.07054081474801384
203,52,93,55.1,-0.6041671634300811,-0.17992716435703296
203,52,94,55.13333333333333,-0.793090911044379,-0.38067956547791076
203,52,95,55.166666666666664,-0.9678736595857413,-0.538889400452767
203,52,96,55.2,-1.0623355333928686,-0.667501208387539
203,52,97,55.233333333333334,-1.1437876880529212,-0.7815068009867954
203,52,98,55.266666666666666,-1.19130144493795,-0.8937165344249961
203,52,99,55.3,-1.2031798841592072,-1.0103778715387248
203,52,100,55.333333333333336,-1.2501280010813274,-1.1275599596549724
203,52,101,55.36666666666667,-1.2970761180034258,-1.229583315338423
203,52,102,55.4,-1.3915379918105748,-1.2905697372227694
203,52,103,55.43333333333333,-1.4288702293630944,-1.2794656979917813
203,52,104,55.46666666666667,-1.2410777616746573,-1.1678949029618784
203,52,105,55.5,-0.5362903678799905,-0.939106345103218
203,52,106,55.53333333333333,0.360814613306254,-0.5954138395221322
203,52,107,55.56666666666667,1.071258406730095,-0.16143228681138985
203,52,108,55.6,1.218324797088495,0.31852397598736515
203,52,109,55.63333333333333,0.9694432134050455,0.7885553134568489
203,52,110,55.666666666666664,0.5972521178056239,1.1924235854820087
203,52,111,55.7,0.26635273949914823,1.484502306496309
203,52,112,55.733333333333334,0.035005994666130164,1.6375236194005818
203,52,113,55.766666666666666,-0.0984850365822863,1.6456859579468799
203,52,114,55.8,-0.05097127969725745,1.5231335296391837
203,52,115,55.833333333333336,-0.00345752281222859,1.298841466551899
203,52,116,55.86666666666667,-0.05323383954893578,1.0095213016574067
203,52,117,55.9,-0.1969063901298399,0.6923205875658632
203,52,118,55.93333333333333,-0.38696141766997694,0.37884787685497995
203,52,119,55.96666666666667,-0.6222676422434645,0.09144330719418359
203,52,120,56.0,-0.8111913898577192,-0.15817797692841626
203,52,121,56.03333333333333,-0.9526013805869882,-0.36831291836974395
203,52,122,56.06666666666667,-1.0476288943570242,-0.5451192032971376
203,52,123,56.1,-1.1420907681641732,-0.6992238654625282
203,52,124,56.13333333333333,-1.1890388850862934,-0.8414941388825492
203,52,125,56.166666666666664,-1.19130144493795,-0.978625672682255
203,52,126,56.2,-1.19130144493795,-1.1093672086660373
203,52,127,56.233333333333334,-1.19130144493795,-1.2222899416352395
203,52,128,56.266666666666666,-1.2818038390046727,-1.2960450759805955
203,52,129,56.3,-1.3287519559267928,-1.3028269815583466
203,52,130,56.333333333333336,-1.1607568869404439,-1.215043151457954
203,52,131,56.36666666666667,-0.5283714083991812,-1.0139861722854115
203,52,132,56.4,0.40380325048814225,-0.6980176070507432
203,52,133,56.43333333333333,1.1804269195730666,-0.2872426191265236
203,52,134,56.46666666666667,1.3744414268536083,0.17752327357673992
203,52,135,56.5,0.9722714132196325,0.6417763621922247
203,52,136,56.53333333333333,0.6029085174347981,1.048448054123369
203,52,137,56.56666666666667,0.3104726566066812,1.3497904959337954
203,52,138,56.6,0.0644192727378188,1.5165695892316144
203,52,139,56.63333333333333,-0.00345752281222859,1.54222005752135
203,52,140,56.666666666666664,-0.00345752281222859,1.441367942572752
203,52,141,56.7,0.032177794851543054,1.2438168400406426
203,52,142,56.733333333333334,-0.00345752281222859,0.9861889436102969
203,52,143,56.766666666666666,-0.1199793551731224,0.7037347031402948
203,52,144,56.8,-0.3564168596724491,0.42441543152004974
203,52,145,56.833333333333336,-0.578713365098862,0.16630812562103955
203,52,146,56.86666666666667,-0.7817781117860305,-0.061986589675307555
203,52,147,56.9,-0.9231881025152996,-0.2592095541815491
203,52,148,56.93333333333333,-1.03292225532118,-0.4288996041045411
203,52,149,56.96666666666667,-1.0962739311678924,-0.5771434888400505
203,52,150,57.0,-1.1437876880529212,-0.7106374827335558
203,52,151,57.03333333333333,-1.1437876880529212,-0.8347268259655433
203,52,152,57.06666666666667,-1.19130144493795,-0.9511925478414321
203,52,153,57.1,-1.238815201822979,-1.0559946454124143
203,52,154,57.13333333333333,-1.3146109568538573,-1.1376884778369967
203,52,155,57.166666666666664,-1.2506936410442144,-1.1775317502973313
203,52,156,57.2,-0.6618624396476841,-1.1521671917989427
203,52,157,57.233333333333334,0.2623932597587868,-1.0390830454695466
203,52,158,57.266666666666666,1.2024868781269196,-0.8239371948093505
203,52,159,57.3,1.589950252724986,-0.5076970155952567
203,52,160,57.333333333333336,1.4423182224036342,-0.11096049470714696
203,52,161,57.36666666666667,1.1346100825767425,0.32673429270451376
203,52,162,57.4,0.804276344233262,0.7532676385225608
203,52,163,57.43333333333333,0.49713384436930075,1.114565887913152
203,52,164,57.46666666666667,0.26126197983294763,1.3664112111854694
203,52,165,57.5,0.1170237892890915,1.4837744662606873
203,52,166,57.53333333333333,0.09156999095782913,1.4648561531295188
203,52,167,57.56666666666667,0.11815506921493066,1.328920658072763
203,52,168,57.6,0.050843913627792045,1.109170916145688
203,52,169,57.63333333333333,-0.06284971891849306,0.8434361865792761
203,52,170,57.666666666666664,-0.298721583454911,0.5657426923115267
203,52,171,57.7,-0.5159273292150584,0.30093789758679634
203,52,172,57.733333333333334,-0.7523648337143419,0.06299046314356432
203,52,173,57.766666666666666,-0.9237537424782083,-0.1437948986434303
203,52,174,57.8,-1.065729373170386,-0.32202591901157596
203,52,175,57.833333333333336,-1.1437876880529212,-0.4781654187979877
203,52,176,57.86666666666667,-1.19130144493795,-0.6198448166476651
203,52,177,57.9,-1.238815201822979,-0.7536335265446025
203,52,178,57.93333333333333,-1.238815201822979,-0.8830057700800727
203,52,179,57.96666666666667,-1.2863289587080078,-1.0063113496324694
203,52,180,58.0,-1.3474180747030418,-1.1149823728727088
203,52,181,58.03333333333333,-1.3813564724780656,-1.1927226843285155
203,52,182,58.06666666666667,-1.1641507267178532,-1.2166779029803036
203,52,183,58.1,-0.35981069944994504,-1.1613138064592001
203,52,184,58.13333333333333,0.7386621085349794,-1.0048956952672352
203,52,185,58.166666666666664,1.607485091575396,-0.7372947837816861
203,52,186,58.2,1.7918837194863588,-0.3667921974212874
203,52,187,58.233333333333334,1.5735466938003506,0.07688812848162452
203,52,188,58.266666666666666,1.2432129554568703,0.5454537065159992
203,52,189,58.3,0.9213638165570646,0.9810111380825748
203,52,190,58.333333333333336,0.6379781951356827,1.328614106950089
203,52,191,58.36666666666667,0.4094596501171868,1.5481276326975109
203,52,192,58.4,0.2816250184979446,1.621611267637826
203,52,193,58.43333333333333,0.2816250184979446,1.5545082667040815
203,52,194,58.46666666666667,0.27596861886877033,1.3712249827165703
203,52,195,58.5,0.17641598539535597,1.1072915321553307
203,52,196,58.53333333333333,-0.012507762218898696,0.8008581402652747
203,52,197,58.56666666666667,-0.20539098957362284,0.48582905261489473
203,52,198,58.6,-0.48538277121750895,0.18782159721008676
203,52,199,58.63333333333333,-0.7218202757168357,-0.07706614123674903
203,52,200,58.666666666666664,-0.9084814634794552,-0.30149592171679435
203,52,201,58.7,-1.0504570941716114,-0.4851746213811251
203,52,202,58.733333333333334,-1.1437876880529212,-0.6329557894432778
203,52,203,58.766666666666666,-1.1443533280158515,-0.7530245286895273
203,52,204,58.8,-1.19130144493795,-0.8549797901990756
203,52,205,58.833333333333336,-1.19130144493795,-0.9474672830449821
203,52,206,58.86666666666667,-1.238815201822979,-1.0352452896886548
203,52,207,58.9,-1.3321457957042886,-1.116094018607681
203,52,208,58.93333333333333,-1.2433403215262924,-1.178568341858365
203,52,209,58.96666666666667,-0.6437619608343006,-1.2019468642159727
203,52,210,59.0,0.4309539687081093,-1.1595420704779023
203,52,211,59.03333333333333,1.5209421772490348,-1.0255775061561
203,52,212,59.06666666666667,1.9785449072489782,-0.7842555845124946
203,52,213,59.1,1.8597605150363845,-0.43814178241615775
203,52,214,59.13333333333333,1.4920945391403628,-0.012459347812204999
203,52,215,59.166666666666664,1.114247043911767,0.44711781718513294
203,52,216,59.2,0.7771256260132084,0.883227811971152
203,52,217,59.233333333333334,0.4937400045918265,1.2395370647178334
203,52,218,59.266666666666666,0.37665253226800227,1.4731954920058021
203,52,219,59.3,0.36816793282424093,1.5631058035985603
203,52,220,59.333333333333336,0.37665253226800227,1.5121094160074462
203,52,221,59.36666666666667,0.3387546547525523,1.34354195314963
203,52,222,59.4,0.12211454895535694,1.0939720212062714
203,52,223,59.43333333333333,-0.07699071799145021,0.8043460719974376
203,52,224,59.46666666666667,-0.34962918011747895,0.5117586611645694
203,52,225,59.5,-0.5973794838750893,0.24368126714976374
203,52,226,59.53333333333333,-0.7863032314893872,0.015611208918095388
203,52,227,59.56666666666667,-0.9752269791036419,-0.16799281792162998
203,52,228,59.6,-1.0487601742828634,-0.31052389840056077
203,52,229,59.63333333333333,-1.0962739311678924,-0.41922494925336035
203,52,230,59.666666666666664,-1.1290810490170768,-0.5016333649361142
203,52,231,59.7,-1.1437876880529212,-0.5631995835969734
203,52,232,59.733333333333334,-1.19130144493795,-0.6062428586379468
203,52,233,59.766666666666666,-1.019346896211175,-0.6300661484158104
203,52,234,59.8,-0.26817702545729677,-0.6319754380889052
203,52,235,59.833333333333336,0.8138922236027977,-0.6089266229140267
203,52,236,59.86666666666667,1.7228756440105155,-0.559374863175236
203,52,237,59.9,2.0107863851352326,-0.48473660588632506
203,52,238,59.93333333333333,1.736451003120499,-0.3899160095507417
203,52,239,59.96666666666667,1.3308871497089625,-0.28269401797499677
203,53,0,53.0,1.9989079459139751,0.13494575188639005
203,53,1,53.03333333333333,2.031149423800251,0.3472567415061977
203,53,2,53.06666666666667,1.7477638023788042,0.5157083024245945
203,53,3,53.1,1.4626812610686744,0.609135446243163
203,53,4,53.13333333333333,1.1323475227251074,0.6122860743316431
203,53,5,53.166666666666664,0.8025794243444708,0.5281110810892136
203,53,6,53.2,0.5667075598081177,0.37513718706353466
203,53,7,53.233333333333334,0.5191938029230888,0.18142265876929908
203,53,8,53.266666666666666,0.4728113259638992,-0.022739531725862995
203,53,9,53.3,0.3783494521567502,-0.21152063617712882
203,53,10,53.333333333333336,0.14360886754617144,-0.3683468938720913
203,53,11,53.36666666666667,-0.0928286369531121,-0.4880220741020503
203,53,12,53.4,-0.3733860585599718,-0.576017279652414
203,53,13,53.43333333333333,-0.609257923096325,-0.6452646401480868
203,53,14,53.46666666666667,-0.8021411504510491,-0.7111029708065348
203,53,15,53.5,-0.948641900846562,-0.7852986545216448
203,53,16,53.53333333333333,-1.0431037746536893,-0.8704256753471021
203,53,17,53.56666666666667,-1.0900518915758093,-0.9561688016795836
203,53,18,53.6,-1.1370000084979295,-1.0190218846067731
203,53,19,53.63333333333333,-1.183948125420028,-1.0262166089753217
203,53,20,53.666666666666664,-1.230896242342148,-0.9435763643726208
203,53,21,53.7,-1.1997860443817114,-0.7456430545773736
203,53,22,53.733333333333334,-0.7320017950493234,-0.4253297110222647
203,53,23,53.766666666666666,0.18546622480215572,3.648582720959786e-05
203,53,24,53.8,1.2624447141960062,0.48875960541883906
203,53,25,53.833333333333336,1.8908707129968643,0.9816036403953596
203,53,26,53.86666666666667,1.9921202663589834,1.413683931905828
203,53,27,53.9,1.7783083603763536,1.7278731227371296
203,53,28,53.93333333333333,1.506801178176164,1.8859140148767224
203,53,29,53.96666666666667,1.1759017998697532,1.8745777621951436
203,53,30,54.0,0.8450024215632774,1.7059669131427824
203,53,31,54.03333333333333,0.5616168001418307,1.412704667714119
203,53,32,54.06666666666667,0.43887292818887547,1.0398185058227598
203,53,33,54.1,0.3919248112667554,0.6355218338315327
203,53,34,54.13333333333333,0.29746293745962804,0.24293086259633634
203,53,35,54.166666666666664,0.09326691084657707,-0.1058443510427666
203,53,36,54.2,-0.09509119680481203,-0.3926290945771757
203,53,37,54.233333333333334,-0.378476818226194,-0.6132660277528503
203,53,38,54.266666666666666,-0.614348682762612,-0.7753831382637788
203,53,39,54.3,-0.8213729091902501,-0.8944679746795328
203,53,40,54.333333333333336,-0.9627828999194759,-0.9888353898465134
203,53,41,54.36666666666667,-1.076476532465804,-1.0741300214503584
203,53,42,54.4,-1.1234246493879028,-1.1582196258999151
203,53,43,54.43333333333333,-1.19130144493795,-1.2375687226515155
203,53,44,54.46666666666667,-1.238815201822979,-1.296206492544629
203,53,45,54.5,-1.2863289587080078,-1.3080863610367839
203,53,46,54.53333333333333,-1.3587308739613901,-1.2429437470464488
203,53,47,54.56666666666667,-1.3802251925522047,-1.0747504249164124
203,53,48,54.6,-0.9537326605128058,-0.7907790821103969
203,53,49,54.63333333333333,-0.05662767932634524,-0.39858038610496843
203,53,50,54.666666666666664,0.9355048156299569,0.07168886638038234
203,53,51,54.7,1.5356488162849655,0.570915365348885
203,53,52,54.733333333333334,1.616535330982066,1.0399555883094334
203,53,53,54.766666666666666,1.3857542261119566,1.4213151136400402
203,53,54,54.8,1.0757835264334084,1.6703521336170664
203,53,55,54.833333333333336,0.602342877471911,1.7632285509028618
203,53,56,54.86666666666667,0.3381890147896435,1.6999868250319117
203,53,57,54.9,0.18659750472788683,1.5025401451157678
203,53,58,54.93333333333333,0.13908374784285799,1.2086226311280535
203,53,59,54.96666666666667,0.12154890899242655,0.863471128038718
203,53,60,55.0,0.027087035185277615,0.511087325227462
203,53,61,55.03333333333333,-0.1476957133560631,0.18668165549309929
203,53,62,55.06666666666667,-0.3835675778924811,-0.08837403951282975
203,53,63,55.1,-0.6041671634300811,-0.3081935927607447
203,53,64,55.13333333333333,-0.793090911044379,-0.48048544362435447
203,53,65,55.166666666666664,-0.9678736595857413,-0.6217925315530316
203,53,66,55.2,-1.0623355333928686,-0.7510672313520161
203,53,67,55.233333333333334,-1.1437876880529212,-0.8830483935120519
203,53,68,55.266666666666666,-1.19130144493795,-1.0229670244444884
203,53,69,55.3,-1.2031798841592072,-1.1638411704742495
203,53,70,55.333333333333336,-1.2501280010813274,-1.2869684947242257
203,53,71,55.36666666666667,-1.2970761180034258,-1.3654488128108047
203,53,72,55.4,-1.3915379918105748,-1.369965625665189
203,53,73,55.43333333333333,-1.4288702293630944,-1.2756679794739432
203,53,74,55.46666666666667,-1.2410777616746573,-1.0687632671336704
203,53,75,55.5,-0.5362903678799905,-0.7513788376934754
203,53,76,55.53333333333333,0.360814613306254,-0.34345532449324373
203,53,77,55.56666666666667,1.071258406730095,0.119042158513643
203,53,78,55.6,1.218324797088495,0.5894840700737354
203,53,79,55.63333333333333,0.9694432134050455,1.018420804986693
203,53,80,55.666666666666664,0.5972521178056239,1.3620159505679754
203,53,81,55.7,0.26635273949914823,1.5889801591841397
203,53,82,55.733333333333334,0.035005994666130164,1.6845299866057373
203,53,83,55.766666666666666,-0.0984850365822863,1.6509215466825802
203,53,84,55.8,-0.05097127969725745,1.504999954478784
203,53,85,55.833333333333336,-0.00345752281222859,1.273719167582336
203,53,86,55.86666666666667,-0.05323383954893578,0.9887329825185964
203,53,87,55.9,-0.1969063901298399,0.681054892120343
203,53,88,55.93333333333333,-0.38696141766997694,0.3765806946730134
203,53,89,55.96666666666667,-0.6222676422434645,0.09307929970779269
203,53,90,56.0,-0.8111913898577192,-0.16091701517101642
203,53,91,56.03333333333333,-0.9526013805869882,-0.3851891214127101
203,53,92,56.06666666666667,-1.0476288943570242,-0.5852026974026426
203,53,93,56.1,-1.1420907681641732,-0.7684781490983185
203,53,94,56.13333333333333,-1.1890388850862934,-0.9407250567180555
203,53,95,56.166666666666664,-1.19130144493795,-1.1023797577538814
203,53,96,56.2,-1.19130144493795,-1.2461140102824722
203,53,97,56.233333333333334,-1.19130144493795,-1.3559825525026854
203,53,98,56.266666666666666,-1.2818038390046727,-1.4089925726177124
203,53,99,56.3,-1.3287519559267928,-1.3795785137764154
203,53,100,56.333333333333336,-1.1607568869404439,-1.246509101257871
203,53,101,56.36666666666667,-0.5283714083991812,-1.0004950962467993
203,53,102,56.4,0.40380325048814225,-0.6499164684664345
203,53,103,56.43333333333333,1.1804269195730666,-0.22230946339264585
203,53,104,56.46666666666667,1.3744414268536083,0.23932794893498674
203,53,105,56.5,0.9722714132196325,0.6844823320379876
203,53,106,56.53333333333333,0.6029085174347981,1.0650030735410214
203,53,107,56.56666666666667,0.3104726566066812,1.3440861747880108
203,53,108,56.6,0.0644192727378188,1.5019388505661408
203,53,109,56.63333333333333,-0.00345752281222859,1.5369154914919232
203,53,110,56.666666666666664,-0.00345752281222859,1.462544376040929
203,53,111,56.7,0.032177794851543054,1.3020839769904518
203,53,112,56.733333333333334,-0.00345752281222859,1.0824944079867667
203,53,113,56.766666666666666,-0.1199793551731224,0.8292682524725673
203,53,114,56.8,-0.3564168596724491,0.5629836408584639
203,53,115,56.833333333333336,-0.578713365098862,0.29788790215982963
203,53,116,56.86666666666667,-0.7817781117860305,0.042287254157142816
203,53,117,56.9,-0.9231881025152996,-0.19986768948688347
203,53,118,56.93333333333333,-1.03292225532118,-0.4269279442359838
203,53,119,56.96666666666667,-1.0962739311678924,-0.6376303185786556
203,53,120,57.0,-1.1437876880529212,-0.8296734969263674
203,53,121,57.03333333333333,-1.1437876880529212,-0.9988469154229677
203,53,122,57.06666666666667,-1.19130144493795,-1.138552805513017
203,53,123,57.1,-1.238815201822979,-1.2395764519646588
203,53,124,57.13333333333333,-1.3146109568538573,-1.2902347662835454
203,53,125,57.166666666666664,-1.2506936410442144,-1.2773170624327763
203,53,126,57.2,-0.6618624396476841,-1.1882242116462165
203,53,127,57.233333333333334,0.2623932597587868,-1.014318064560963
203,53,128,57.266666666666666,1.2024868781269196,-0.7548489888406035
203,53,129,57.3,1.589950252724986,-0.4202491427478915
203,53,130,57.333333333333336,1.4423182224036342,-0.03340617181543789
203,53,131,57.36666666666667,1.1346100825767425,0.37203328461707297
203,53,132,57.4,0.804276344233262,0.7563289441474775
203,53,133,57.43333333333333,0.49713384436930075,1.0802544433562022
203,53,134,57.46666666666667,0.26126197983294763,1.3119862951974388
203,53,135,57.5,0.1170237892890915,1.4325186098357219
203,53,136,57.53333333333333,0.09156999095782913,1.4382423180003523
203,53,137,57.56666666666667,0.11815506921493066,1.3401211436387126
203,53,138,57.6,0.050843913627792045,1.1598987499373141
203,53,139,57.63333333333333,-0.06284971891849306,0.9246356468766308
203,53,140,57.666666666666664,-0.298721583454911,0.6612510647725578
203,53,141,57.7,-0.5159273292150584,0.3924527798176855
203,53,142,57.733333333333334,-0.7523648337143419,0.13463190157522836
203,53,143,57.766666666666666,-0.9237537424782083,-0.10246128164387197
203,53,144,57.8,-1.065729373170386,-0.3147333802045349
203,53,145,57.833333333333336,-1.1437876880529212,-0.5019180070821623
203,53,146,57.86666666666667,-1.19130144493795,-0.6653752217762807
203,53,147,57.9,-1.238815201822979,-0.8060145518826398
203,53,148,57.93333333333333,-1.238815201822979,-0.9227295121088691
203,53,149,57.96666666666667,-1.2863289587080078,-1.011547902973963
203,53,150,58.0,-1.3474180747030418,-1.06555804138118
203,53,151,58.03333333333333,-1.3813564724780656,-1.0756160732432059
203,53,152,58.06666666666667,-1.1641507267178532,-1.0318337186373507
203,53,153,58.1,-0.35981069944994504,-0.9257763170932847
203,53,154,58.13333333333333,0.7386621085349794,-0.7531029739893585
203,53,155,58.166666666666664,1.607485091575396,-0.5161388149027152
203,53,156,58.2,1.7918837194863588,-0.22571563462849575
203,53,157,58.233333333333334,1.5735466938003506,0.09839480876812874
203,53,158,58.266666666666666,1.2432129554568703,0.42895554318932955
203,53,159,58.3,0.9213638165570646,0.7346923671513866
203,53,160,58.333333333333336,0.6379781951356827,0.9850480720592996
203,53,161,58.36666666666667,0.4094596501171868,1.1551206167624242
203,53,162,58.4,0.2816250184979446,1.2296074100687326
203,53,163,58.43333333333333,0.2816250184979446,1.2049404117913916
203,53,164,58.46666666666667,0.27596861886877033,1.0892911067399342
203,53,165,58.5,0.17641598539535597,0.9005696176358143
203,53,166,58.53333333333333,-0.012507762218898696,0.662882924477577
203,53,167,58.56666666666667,-0.20539098957362284,0.40220012722154186
203,53,168,58.6,-0.48538277121750895,0.14219070654632307
203,53,169,58.63333333333333,-0.7218202757168357,-0.09882542744792439
203,53,170,58.666666666666664,-0.9084814634794552,-0.3092607753674973
203,53,171,58.7,-1.0504570941716114,-0.4839662417366203
203,53,172,58.733333333333334,-1.1437876880529212,-0.6226768896057921
203,53,173,58.766666666666666,-1.1443533280158515,-0.7277968761288514
203,53,174,58.8,-1.19130144493795,-0.8020968251100419
203,53,175,58.833333333333336,-1.19130144493795,-0.8467995773186243
203,53,176,58.86666666666667,-1.238815201822979,-0.8604604140061548
203,53,177,58.9,-1.3321457957042886,-0.8389536277507716
203,53,178,58.93333333333333,-1.2433403215262924,-0.7766643130125582
203,53,179,58.96666666666667,-0.6437619608343006,-0.6686508195070783
203,53,180,59.0,0.4309539687081093,-0.513188072679643
203,53,181,59.03333333333333,1.5209421772490348,-0.31389102982041206
203,53,182,59.06666666666667,1.9785449072489782,-0.08069352730612113
203,53,183,59.1,1.8597605150363845,0.17065671752882336
203,53,184,59.13333333333333,1.4920945391403628,0.420388040598838
203,53,185,59.166666666666664,1.114247043911767,0.6472262869418324
203,53,186,59.2,0.7771256260132084,0.831112242545889
203,53,187,59.233333333333334,0.4937400045918265,0.955742322794389
203,53,188,59.266666666666666,0.37665253226800227,1.010610434753917
203,53,189,59.3,0.36816793282424093,0.992264685887097
203,53,190,59.333333333333336,0.37665253226800227,0.9046500232749264
203,53,191,59.36666666666667,0.3387546547525523,0.75852601627011
203,53,192,59.4,0.12211454895535694,0.569916477812555
203,53,193,59.43333333333333,-0.07699071799145021,0.35762650921578204
203,53,194,59.46666666666667,-0.34962918011747895,0.14023512021868392
203,53,195,59.5,-0.5973794838750893,-0.06668203291373392
203,53,196,59.53333333333333,-0.7863032314893872,-0.25238905483153057
203,53,197,59.56666666666667,-0.9752269791036419,-0.411530184621976
203,53,198,59.6,-1.0487601742828634,-0.5434179768008522
203,53,199,59.63333333333333,-1.0962739311678924,-0.6504147470379253
203,53,200,59.666666666666664,-1.1290810490170768,-0.7359115443627025
203,53,201,59.7,-1.1437876880529212,-0.8024024471420171
203,53,202,59.733333333333334,-1.19130144493795,-0.85002629052884
203,53,203,59.766666666666666,-1.019346896211175,-0.8758464737274861
203,53,204,59.8,-0.26817702545729677,-0.8740981311873959
203,53,205,59.833333333333336,0.8138922236027977,-0.8374307238923059
203,53,206,59.86666666666667,1.7228756440105155,-0.7587417204200254
203,53,207,59.9,2.0107863851352326,-0.6329542780503883
203,53,208,59.93333333333333,1.736451003120499,-0.45836907771646507
203,53,209,59.96666666666667,1.3308871497089625,-0.23770145806740245
203,53,210,60.0,0.8857284988933362,0.020917380286439607
203,53,211,60.03333333333333,0.534466081921842,0.30303105052326296
203,53,212,60.06666666666667,0.32461365567961675,0.5876892374789576
203,53,213,60.1,0.30707881682920696,0.8489134485531384
203,53,214,60.13333333333333,0.4015406906363559,1.059198163151562
203,53,215,60.166666666666664,0.4241662891530311,1.194542188914431
203,53,216,60.2,0.2816250184979446,1.23974619849401
203,53,217,60.233333333333334,0.045187513998617826,1.1923347539674956
203,53,218,60.266666666666666,-0.19124999050066568,1.063572748303086
203,53,219,60.3,-0.4497474535537589,0.8758506568835754
203,53,220,60.333333333333336,-0.6641249994993191,0.6570986238976578
203,53,221,60.36666666666667,-0.8530487471135738,0.4341068984361269
203,53,222,60.4,-0.9740956991778243,0.226957012150662
203,53,223,60.43333333333333,-1.0210438160999444,0.04617987819858733
203,53,224,60.46666666666667,-1.0487601742828634,-0.10683551991204532
203,53,225,60.5,-1.0487601742828634,-0.23679795222739783
203,53,226,60.53333333333333,-1.0306596954695233,-0.35024420347307217
203,53,227,60.56666666666667,-0.6884475179046992,-0.4516534405957218
203,53,228,60.6,0.1832036649505206,-0.5411575657035347
203,53,229,60.63333333333333,1.2862015926385424,-0.6143560102501183
203,53,230,60.666666666666664,2.102985699090746,-0.6640551126721047
203,53,231,60.7,2.2466582496716505,-0.6831854062290577
203,53,232,60.733333333333334,1.9332937102156063,-0.6677746097380068
203,53,233,60.766666666666666,1.5413052159140748,-0.6188870944203557
203,53,234,60.8,1.1300849628734722,-0.5429348521121161
203,53,235,60.833333333333336,0.8127609436770017,-0.4503366450214738
203,53,236,60.86666666666667,0.5542634806239302,-0.352844280979651
203,53,237,60.9,0.5191938029230888,-0.26020003211202414
203,53,238,60.93333333333333,0.5667075598081177,-0.1773029103438633
203,53,239,60.96666666666667,0.5452132412172817,-0.10327435519875454
203,54,0,54.0,0.8450024215632774,0.011744095977931917
203,54,1,54.03333333333333,0.5616168001418307,-0.047868910462498
203,54,2,54.06666666666667,0.43887292818887547,-0.10395900668771006
203,54,3,54.1,0.3919248112667554,-0.15223072229776316
203,54,4,54.13333333333333,0.29746293745962804,-0.19046646122606034
203,54,5,54.166666666666664,0.09326691084657707,-0.21887359920088384
203,54,6,54.2,-0.09509119680481203,-0.2397561717337327
203,54,7,54.233333333333334,-0.378476818226194,-0.2568290476252773
203,54,8,54.266666666666666,-0.614348682762612,-0.27455732906992203
203,54,9,54.3,-0.8213729091902501,-0.2976126508759883
203,54,10,54.333333333333336,-0.9627828999194759,-0.33030236003546387
203,54,11,54.36666666666667,-1.076476532465804,-0.37578211294149977
203,54,12,54.4,-1.1234246493879028,-0.43495660145603054
203,54,13,54.43333333333333,-1.19130144493795,-0.5051402146099512
203,54,14,54.46666666666667,-1.238815201822979,-0.5787480909536513
203,54,15,54.5,-1.2863289587080078,-0.6425226751781995
203,54,16,54.53333333333333,-1.3587308739613901,-0.6779966679214404
203,54,17,54.56666666666667,-1.3802251925522047,-0.6638106225162238
203,54,18,54.6,-0.9537326605128058,-0.5799879204775193
203,54,19,54.63333333333333,-0.05662767932634524,-0.4134881563854567
203,54,20,54.666666666666664,0.9355048156299569,-0.1636480394363903
203,54,21,54.7,1.5356488162849655,0.1542328839174884
203,54,22,54.733333333333334,1.616535330982066,0.5087241675059372
203,54,23,54.766666666666666,1.3857542261119566,0.856365520494384
203,54,24,54.8,1.0757835264334084,1.1497384731059106
203,54,25,54.833333333333336,0.602342877471911,1.347735312644177
203,54,26,54.86666666666667,0.3381890147896435,1.424937058285099
203,54,27,54.9,0.18659750472788683,1.3768956117273987
203,54,28,54.93333333333333,0.13908374784285799,1.2196825830173197
203,54,29,54.96666666666667,0.12154890899242655,0.9842991696136366
203,54,30,55.0,0.027087035185277615,0.7081031200694952
203,54,31,55.03333333333333,-0.1476957133560631,0.4259304233776116
203,54,32,55.06666666666667,-0.3835675778924811,0.16328662454143444
203,54,33,55.1,-0.6041671634300811,-0.06691524275897066
203,54,34,55.13333333333333,-0.793090911044379,-0.2638031084858556
203,54,35,55.166666666666664,-0.9678736595857413,-0.43501302068797576
203,54,36,55.2,-1.0623355333928686,-0.5916400508331686
203,54,37,55.233333333333334,-1.1437876880529212,-0.7431953139788327
203,54,38,55.266666666666666,-1.19130144493795,-0.8937008196923901
203,54,39,55.3,-1.2031798841592072,-1.0395092658501988
203,54,40,55.333333333333336,-1.2501280010813274,-1.1689986522136906
203,54,41,55.36666666666667,-1.2970761180034258,-1.2640306837518147
203,54,42,55.4,-1.3915379918105748,-1.3029139159903642
203,54,43,55.43333333333333,-1.4288702293630944,-1.2644951058161145
203,54,44,55.46666666666667,-1.2410777616746573,-1.1328459599239524
203,54,45,55.5,-0.5362903678799905,-0.9017815409108507
203,54,46,55.53333333333333,0.360814613306254,-0.5782085779327093
203,54,47,55.56666666666667,1.071258406730095,-0.1832470852764129
203,54,48,55.6,1.218324797088495,0.2495981797613438
203,54,49,55.63333333333333,0.9694432134050455,0.6791398784225493
203,54,50,55.666666666666664,0.5972521178056239,1.0629792601230112
203,54,51,55.7,0.26635273949914823,1.364017051805418
203,54,52,55.733333333333334,0.035005994666130164,1.555490673210551
203,54,53,55.766666666666666,-0.0984850365822863,1.623792111689208
203,54,54,55.8,-0.05097127969725745,1.5690717625337274
203,54,55,55.833333333333336,-0.00345752281222859,1.4040483592115445
203,54,56,55.86666666666667,-0.05323383954893578,1.1514982206693978
203,54,57,55.9,-0.1969063901298399,0.8407791716817579
203,54,58,55.93333333333333,-0.38696141766997694,0.5036819468097501
203,54,59,55.96666666666667,-0.6222676422434645,0.1699768954555893
203,54,60,56.0,-0.8111913898577192,-0.1367821867799596
203,54,61,56.03333333333333,-0.9526013805869882,-0.40235654907904067
203,54,62,56.06666666666667,-1.0476288943570242,-0.6228125001007122
203,54,63,56.1,-1.1420907681641732,-0.8027462486213593
203,54,64,56.13333333333333,-1.1890388850862934,-0.9510653823017141
203,54,65,56.166666666666664,-1.19130144493795,-1.0756057638363834
203,54,66,56.2,-1.19130144493795,-1.1781820817658868
203,54,67,56.233333333333334,-1.19130144493795,-1.2515306209240358
203,54,68,56.266666666666666,-1.2818038390046727,-1.2793279595832143
203,54,69,56.3,-1.3287519559267928,-1.2398584094328613
203,54,70,56.333333333333336,-1.1607568869404439,-1.112751393895223
203,54,71,56.36666666666667,-0.5283714083991812,-0.8868723927721714
203,54,72,56.4,0.40380325048814225,-0.5666233254666183
203,54,73,56.43333333333333,1.1804269195730666,-0.17424333474805412
203,54,74,56.46666666666667,1.3744414268536083,0.25276824581664353
203,54,75,56.5,0.9722714132196325,0.6682278931337191
203,54,76,56.53333333333333,0.6029085174347981,1.025946655285997
203,54,77,56.56666666666667,0.3104726566066812,1.2883237680506192
203,54,78,56.6,0.0644192727378188,1.4327678969209925
203,54,79,56.63333333333333,-0.00345752281222859,1.4544445475435606
203,54,80,56.666666666666664,-0.00345752281222859,1.364978584918141
203,54,81,56.7,0.032177794851543054,1.1879391930909848
203,54,82,56.733333333333334,-0.00345752281222859,0.9526632505755038
203,54,83,56.766666666666666,-0.1199793551731224,0.6881310465910736
203,54,84,56.8,-0.3564168596724491,0.418322648737502
203,54,85,56.833333333333336,-0.578713365098862,0.1598461653390257
203,54,86,56.86666666666667,-0.7817781117860305,-0.07818558638028761
203,54,87,56.9,-0.9231881025152996,-0.29267288364494665
203,54,88,56.93333333333333,-1.03292225532118,-0.48425225540582956
203,54,89,56.96666666666667,-1.0962739311678924,-0.6548868448182937
203,54,90,57.0,-1.1437876880529212,-0.80577413999748
203,54,91,57.03333333333333,-1.1437876880529212,-0.9358236703873583
203,54,92,57.06666666666667,-1.19130144493795,-1.040778827215798
203,54,93,57.1,-1.238815201822979,-1.1129760578950458
203,54,94,57.13333333333333,-1.3146109568538573,-1.1417900631271658
203,54,95,57.166666666666664,-1.2506936410442144,-1.1149033368567185
203,54,96,57.2,-0.6618624396476841,-1.0205196700274788
203,54,97,57.233333333333334,0.2623932597587868,-0.8504488179632748
203,54,98,57.266666666666666,1.2024868781269196,-0.6036404132153859
203,54,99,57.3,1.589950252724986,-0.28931762873640104
203,54,100,57.333333333333336,1.4423182224036342,0.07145793268264053
203,54,101,57.36666666666667,1.1346100825767425,0.4468782533603337
203,54,102,57.4,0.804276344233262,0.7985736058354497
203,54,103,57.43333333333333,0.49713384436930075,1.0882536346180016
203,54,104,57.46666666666667,0.26126197983294763,1.2851062140442853
203,54,105,57.5,0.1170237892890915,1.3717601041023797
203,54,106,57.53333333333333,0.09156999095782913,1.3470203825499523
203,54,107,57.56666666666667,0.11815506921493066,1.224691511728139
203,54,108,57.6,0.050843913627792045,1.029104835286631
203,54,109,57.63333333333333,-0.06284971891849306,0.7889457402842206
203,54,110,57.666666666666664,-0.298721583454911,0.5312855370348601
203,54,111,57.7,-0.5159273292150584,0.2773244750783617
203,54,112,57.733333333333334,-0.7523648337143419,0.04050257829306869
203,54,113,57.766666666666666,-0.9237537424782083,-0.17319418152485494
203,54,114,57.8,-1.065729373170386,-0.3633627487373956
203,54,115,57.833333333333336,-1.1437876880529212,-0.5325032916444855
203,54,116,57.86666666666667,-1.19130144493795,-0.6832659747391234
203,54,117,57.9,-1.238815201822979,-0.8162347034313033
203,54,118,57.93333333333333,-1.238815201822979,-0.9286259249984317
203,54,119,57.96666666666667,-1.2863289587080078,-1.0140179814471726
203,54,120,58.0,-1.3474180747030418,-1.0630274476443295
203,54,121,58.03333333333333,-1.3813564724780656,-1.0647534744535332
203,54,122,58.06666666666667,-1.1641507267178532,-1.0087955936653719
203,54,123,58.1,-0.35981069944994504,-0.8876397161764501
203,54,124,58.13333333333333,0.7386621085349794,-0.6991343128204054
203,54,125,58.166666666666664,1.607485091575396,-0.4486385186263505
203,54,126,58.2,1.7918837194863588,-0.15027733730888218
203,54,127,58.233333333333334,1.5735466938003506,0.17331100772353464
203,54,128,58.266666666666666,1.2432129554568703,0.4931743538631172
203,54,129,58.3,0.9213638165570646,0.7781136158192953
203,54,130,58.333333333333336,0.6379781951356827,0.9997883379829332
203,54,131,58.36666666666667,0.4094596501171868,1.1375090156011827
203,54,132,58.4,0.2816250184979446,1.181446702293154
203,54,133,58.43333333333333,0.2816250184979446,1.1335525104938375
203,54,134,58.46666666666667,0.27596861886877033,1.0061725309282008
203,54,135,58.5,0.17641598539535597,0.818935210748851
203,54,136,58.53333333333333,-0.012507762218898696,0.5948465111798382
203,54,137,58.56666666666667,-0.20539098957362284,0.3565622923661563
203,54,138,58.6,-0.48538277121750895,0.12353871316035092
203,54,139,58.63333333333333,-0.7218202757168357,-0.08962624596403784
203,54,140,58.666666666666664,-0.9084814634794552,-0.27366758994860313
203,54,141,58.7,-1.0504570941716114,-0.4241616816516052
203,54,142,58.733333333333334,-1.1437876880529212,-0.5404043346354704
203,54,143,58.766666666666666,-1.1443533280158515,-0.6240044927905493
203,54,144,58.8,-1.19130144493795,-0.6774536046992891
203,54,145,58.833333333333336,-1.19130144493795,-0.7028614598134895
203,54,146,58.86666666666667,-1.238815201822979,-0.7010664053316875
203,54,147,58.9,-1.3321457957042886,-0.671341865400593
203,54,148,58.93333333333333,-1.2433403215262924,-0.6118260897769814
203,54,149,58.96666666666667,-0.6437619608343006,-0.5206297887159015
203,54,150,59.0,0.4309539687081093,-0.3974001862305701
203,54,151,59.03333333333333,1.5209421772490348,-0.24494579596832855
203,54,152,59.06666666666667,1.9785449072489782,-0.07038719146748068
203,54,153,59.1,1.8597605150363845,0.11466481852423668
203,54,154,59.13333333333333,1.4920945391403628,0.29511797865117645
203,54,155,59.166666666666664,1.114247043911767,0.4544295356445984
203,54,156,59.2,0.7771256260132084,0.5772150067700754
203,54,157,59.233333333333334,0.4937400045918265,0.6518507200370801
203,54,158,59.266666666666666,0.37665253226800227,0.672464904430545
203,54,159,59.3,0.36816793282424093,0.6398352804924696
203,54,160,59.333333333333336,0.37665253226800227,0.5609841186628713
203,54,161,59.36666666666667,0.3387546547525523,0.44759492726566363
203,54,162,59.4,0.12211454895535694,0.31365744315444877
203,54,163,59.43333333333333,-0.07699071799145021,0.17292522864337842
203,54,164,59.46666666666667,-0.34962918011747895,0.0368074169494734
203,54,165,59.5,-0.5973794838750893,-0.08683872706046726
203,54,166,59.53333333333333,-0.7863032314893872,-0.19387314054390717
203,54,167,59.56666666666667,-0.9752269791036419,-0.28318196225447667
203,54,168,59.6,-1.0487601742828634,-0.35548252760888777
203,54,169,59.63333333333333,-1.0962739311678924,-0.41197632106070825
203,54,170,59.666666666666664,-1.1290810490170768,-0.45312721668822903
203,54,171,59.7,-1.1437876880529212,-0.47779484352642787
203,54,172,59.733333333333334,-1.19130144493795,-0.4829598365424317
203,54,173,59.766666666666666,-1.019346896211175,-0.4642474523929239
203,54,174,59.8,-0.26817702545729677,-0.4172805650154981
203,54,175,59.833333333333336,0.8138922236027977,-0.3395643986791982
203,54,176,59.86666666666667,1.7228756440105155,-0.23226338109138606
203,54,177,59.9,2.0107863851352326,-0.10114825648924959
203,54,178,59.93333333333333,1.736451003120499,0.04368890218557931
203,54,179,59.96666666666667,1.3308871497089625,0.18924667753127147
203,54,180,60.0,0.8857284988933362,0.3216713007205058
203,54,181,60.03333333333333,0.534466081921842,0.42836846827673725
203,54,182,60.06666666666667,0.32461365567961675,0.49971103706260467
203,54,183,60.1,0.30707881682920696,0.5301294048583632
203,54,184,60.13333333333333,0.4015406906363559,0.5185823291285578
203,54,185,60.166666666666664,0.4241662891530311,0.46847817271221975
203,54,186,60.2,0.2816250184979446,0.3870635675731113
203,54,187,60.233333333333334,0.045187513998617826,0.2842727376097929
203,54,188,60.266666666666666,-0.19124999050066568,0.17115155378301947
203,54,189,60.3,-0.4497474535537589,0.05814966070490304
203,54,190,60.333333333333336,-0.6641249994993191,-0.046337428844246076
203,54,191,60.36666666666667,-0.8530487471135738,-0.13684192533010253
203,54,192,60.4,-0.9740956991778243,-0.21093135266043897
203,54,193,60.43333333333333,-1.0210438160999444,-0.2685704766797037
203,54,194,60.46666666666667,-1.0487601742828634,-0.3109554182550421
203,54,195,60.5,-1.0487601742828634,-0.3391982295781714
203,54,196,60.53333333333333,-1.0306596954695233,-0.35332466234896237
203,54,197,60.56666666666667,-0.6884475179046992,-0.35199163824476376
203,54,198,60.6,0.1832036649505206,-0.3330984878762307
203,54,199,60.63333333333333,1.2862015926385424,-0.29510717230735756
203,54,200,60.666666666666664,2.102985699090746,-0.23853210398018862
203,54,201,60.7,2.2466582496716505,-0.16688782939609878
203,54,202,60.733333333333334,1.9332937102156063,-0.0865308799456821
203,54,203,60.766666666666666,1.5413052159140748,-0.005311493889307902
203,54,204,60.8,1.1300849628734722,0.06942365878339261
203,54,205,60.833333333333336,0.8127609436770017,0.13254851715146232
203,54,206,60.86666666666667,0.5542634806239302,0.18180628707265897
203,54,207,60.9,0.5191938029230888,0.21720408216331683
203,54,208,60.93333333333333,0.5667075598081177,0.23967734801377868
203,54,209,60.96666666666667,0.5452132412172817,0.24989650057604318
203,54,210,61.0,0.35628949360298373,0.24785049027578018
203,54,211,61.03333333333333,0.11023610973405651,0.2333010334941275
203,54,212,61.06666666666667,-0.17314951168732548,0.20676040401377135
203,54,213,61.1,-0.4565351331087723,0.17041063971527837
203,54,214,61.13333333333333,-0.6844880381643377,0.12835081500293696
203,54,215,61.166666666666664,-0.8734117857785924,0.08584635793842814
203,54,216,61.2,-1.008034096952848,0.04783518281820071
203,54,217,61.233333333333334,-1.0487601742828634,0.017436911726350406
203,54,218,61.266666666666666,-1.0962739311678924,-0.004764683653840004
203,54,219,61.3,-1.1013646908341577,-0.02034339010634797
203,54,220,61.333333333333336,-1.0826985720578872,-0.03186059358409761
203,54,221,61.36666666666667,-0.581541564913341,-0.041609639582086966
203,54,222,61.4,0.37325869249042,-0.05090858328448978
203,54,223,61.43333333333333,1.5424364958399788,-0.06014660215412782
203,54,224,61.46666666666667,2.1867004136024555,-0.06931481401481955
203,54,225,61.5,2.177084534232855,-0.0785029666122852
203,54,226,61.53333333333333,1.8925676328855692,-0.0879474772726226
203,54,227,61.56666666666667,1.5147201376569734,-0.0976073719903211
203,54,228,61.6,1.136872642428464,-0.10666885899048519
203,54,229,61.63333333333333,0.8059732641219883,-0.11346958321180653
203,54,230,61.666666666666664,0.568970119659796,-0.1159703159495127
203,54,231,61.7,0.5191938029230888,-0.11247788983582464
203,54,232,61.733333333333334,0.5191938029230888,-0.10224710418630618
203,54,233,61.766666666666666,0.4745082458526471,-0.08578653893439703
203,54,234,61.8,0.28841269805293634,-0.06487294512000383
203,54,235,61.833333333333336,0.00842091640898541,-0.042285664403065366
203,54,236,61.86666666666667,-0.2274509481273677,-0.021175779043625824
203,54,237,61.9,-0.5108365695488145,-0.004066823675309687
203,54,238,61.93333333333333,-0.704851076829313,0.008149536883083678
203,54,239,61.96666666666667,-0.8937748244436109,0.016594562962178913
203,55,0,55.0,0.027087035185277615,-0.043159040536341065
203,55,1,55.03333333333333,-0.1476957133560631,-0.006316642904551896
203,55,2,55.06666666666667,-0.3835675778924811,0.035656887961542046
203,55,3,55.1,-0.6041671634300811,0.08302448703220994
203,55,4,55.13333333333333,-0.793090911044379,0.12957469664504184
203,55,5,55.166666666666664,-0.9678736595857413,0.16408457627947792
203,55,6,55.2,-1.0623355333928686,0.17473110278386028
203,55,7,55.233333333333334,-1.1437876880529212,0.15411483998646197
203,55,8,55.266666666666666,-1.19130144493795,0.10234325826490873
203,55,9,55.3,-1.2031798841592072,0.02690763051336142
203,55,10,55.333333333333336,-1.2501280010813274,-0.06011856468472089
203,55,11,55.36666666666667,-1.2970761180034258,-0.14585005284870717
203,55,12,55.4,-1.3915379918105748,-0.2196266962059413
203,55,13,55.43333333333333,-1.4288702293630944,-0.2744006416452334
203,55,14,55.46666666666667,-1.2410777616746573,-0.3064068908625244
203,55,15,55.5,-0.5362903678799905,-0.3137000350068168
203,55,16,55.53333333333333,0.360814613306254,-0.29453886797730483
203,55,17,55.56666666666667,1.071258406730095,-0.24657978321747143
203,55,18,55.6,1.218324797088495,-0.16736476431061503
203,55,19,55.63333333333333,0.9694432134050455,-0.05599004456610155
203,55,20,55.666666666666664,0.5972521178056239,0.0845761008908215
203,55,21,55.7,0.26635273949914823,0.24536960758193693
203,55,22,55.733333333333334,0.035005994666130164,0.4106040567026358
203,55,23,55.766666666666666,-0.0984850365822863,0.5591054996380742
203,55,24,55.8,-0.05097127969725745,0.6681819089473039
203,55,25,55.833333333333336,-0.00345752281222859,0.7189901641393667
203,55,26,55.86666666666667,-0.05323383954893578,0.7016127921387545
203,55,27,55.9,-0.1969063901298399,0.6178539584115066
203,55,28,55.93333333333333,-0.38696141766997694,0.48039127265393167
203,55,29,55.96666666666667,-0.6222676422434645,0.3083700958357065
203,55,30,56.0,-0.8111913898577192,0.12126752421149332
203,55,31,56.03333333333333,-0.9526013805869882,-0.06632436016364471
203,55,32,56.06666666666667,-1.0476288943570242,-0.2471330670317033
203,55,33,56.1,-1.1420907681641732,-0.4205422525389997
203,55,34,56.13333333333333,-1.1890388850862934,-0.5896151017177421
203,55,35,56.166666666666664,-1.19130144493795,-0.7569630753249945
203,55,36,56.2,-1.19130144493795,-0.9205844739472013
203,55,37,56.233333333333334,-1.19130144493795,-1.070708878786179
203,55,38,56.266666666666666,-1.2818038390046727,-1.1886667153943378
203,55,39,56.3,-1.3287519559267928,-1.2486265493978472
203,55,40,56.333333333333336,-1.1607568869404439,-1.222436922388045
203,55,41,56.36666666666667,-0.5283714083991812,-1.0868281827805428
203,55,42,56.4,0.40380325048814225,-0.8312034918579384
203,55,43,56.43333333333333,1.1804269195730666,-0.46363081870207534
203,55,44,56.46666666666667,1.3744414268536083,-0.012811460383364212
203,55,45,56.5,0.9722714132196325,0.47517730902875593
203,55,46,56.53333333333333,0.6029085174347981,0.944939673967107
203,55,47,56.56666666666667,0.3104726566066812,1.3424997327353358
203,55,48,56.6,0.0644192727378188,1.6255408845423203
203,55,49,56.63333333333333,-0.00345752281222859,1.7701794749800461
203,55,50,56.666666666666664,-0.00345752281222859,1.7728256737330061
203,55,51,56.7,0.032177794851543054,1.6475523094759457
203,55,52,56.733333333333334,-0.00345752281222859,1.4205757779314265
203,55,53,56.766666666666666,-0.1199793551731224,1.1237562473790048
203,55,54,56.8,-0.3564168596724491,0.7887413409056715
203,55,55,56.833333333333336,-0.578713365098862,0.4427841531885798
203,55,56,56.86666666666667,-0.7817781117860305,0.10658479726933587
203,55,57,56.9,-0.9231881025152996,-0.20606370113209618
203,55,58,56.93333333333333,-1.03292225532118,-0.48736946456603714
203,55,59,56.96666666666667,-1.0962739311678924,-0.7339656200470691
203,55,60,57.0,-1.1437876880529212,-0.9450899327085154
203,55,61,57.03333333333333,-1.1437876880529212,-1.1207367247239453
203,55,62,57.06666666666667,-1.19130144493795,-1.2598951585532558
203,55,63,57.1,-1.238815201822979,-1.3590423176253856
203,55,64,57.13333333333333,-1.3146109568538573,-1.4112093218081956
203,55,65,57.166666666666664,-1.2506936410442144,-1.406047441762248
203,55,66,57.2,-0.6618624396476841,-1.3312643021630246
203,55,67,57.233333333333334,0.2623932597587868,-1.1755522152485014
203,55,68,57.266666666666666,1.2024868781269196,-0.932715749556474
203,55,69,57.3,1.589950252724986,-0.6061434721119694
203,55,70,57.333333333333336,1.4423182224036342,-0.21221695445950928
203,55,71,57.36666666666667,1.1346100825767425,0.21891367444487905
203,55,72,57.4,0.804276344233262,0.6462354883195283
203,55,73,57.43333333333333,0.49713384436930075,1.0243831236083676
203,55,74,57.46666666666667,0.26126197983294763,1.312334205833971
203,55,75,57.5,0.1170237892890915,1.4818143328585704
203,55,76,57.53333333333333,0.09156999095782913,1.5226821162094186
203,55,77,57.56666666666667,0.11815506921493066,1.4434835489684925
203,55,78,57.6,0.050843913627792045,1.267254176178396
203,55,79,57.63333333333333,-0.06284971891849306,1.0244721248945425
203,55,80,57.666666666666664,-0.298721583454911,0.745808590271578
203,55,81,57.7,-0.5159273292150584,0.4568353671610305
203,55,82,57.733333333333334,-0.7523648337143419,0.1756330751381606
203,55,83,57.766666666666666,-0.9237537424782083,-0.08696953117937113
203,55,84,57.8,-1.065729373170386,-0.3254734788952669
203,55,85,57.833333333333336,-1.1437876880529212,-0.5371835769047186
203,55,86,57.86666666666667,-1.19130144493795,-0.71997198483237
203,55,87,57.9,-1.238815201822979,-0.8708591522759938
203,55,88,57.93333333333333,-1.238815201822979,-0.9855022592141705
203,55,89,57.96666666666667,-1.2863289587080078,-1.0583594604487907
203,55,90,58.0,-1.3474180747030418,-1.0832249624029908
203,55,91,58.03333333333333,-1.3813564724780656,-1.0539664666729458
203,55,92,58.06666666666667,-1.1641507267178532,-0.9654899401124967
203,55,93,58.1,-0.35981069944994504,-0.8150351878753643
203,55,94,58.13333333333333,0.7386621085349794,-0.6037896696720442
203,55,95,58.166666666666664,1.607485091575396,-0.3385838914073356
203,55,96,58.2,1.7918837194863588,-0.03323084235995095
203,55,97,58.233333333333334,1.5735466938003506,0.29106406709257615
203,55,98,58.266666666666666,1.2432129554568703,0.6068201546985541
203,55,99,58.3,0.9213638165570646,0.8832994466823944
203,55,100,58.333333333333336,0.6379781951356827,1.0912399907250423
203,55,101,58.36666666666667,0.4094596501171868,1.2083247809516207
203,55,102,58.4,0.2816250184979446,1.2237339354748975
203,55,103,58.43333333333333,0.2816250184979446,1.1401442213259996
203,55,104,58.46666666666667,0.27596861886877033,0.972472908339445
203,55,105,58.5,0.17641598539535597,0.743949061701483
203,55,106,58.53333333333333,-0.012507762218898696,0.4809708562687055
203,55,107,58.56666666666667,-0.20539098957362284,0.20836400347502232
203,55,108,58.6,-0.48538277121750895,-0.05380765604929955
203,55,109,58.63333333333333,-0.7218202757168357,-0.29149090434014024
203,55,110,58.666666666666664,-0.9084814634794552,-0.49625166983495633
203,55,111,58.7,-1.0504570941716114,-0.6638996885475756
203,55,112,58.733333333333334,-1.1437876880529212,-0.7927665995521962
203,55,113,58.766666666666666,-1.1443533280158515,-0.8820802876393611
203,55,114,58.8,-1.19130144493795,-0.930732554688781
203,55,115,58.833333333333336,-1.19130144493795,-0.9366799193610615
203,55,116,58.86666666666667,-1.238815201822979,-0.8971565391922245
203,55,117,58.9,-1.3321457957042886,-0.8097055151037137
203,55,118,58.93333333333333,-1.2433403215262924,-0.673746452222842
203,55,119,58.96666666666667,-0.6437619608343006,-0.49217223674680716
203,55,120,59.0,0.4309539687081093,-0.2724742025546084
203,55,121,59.03333333333333,1.5209421772490348,-0.027092147283667125
203,55,122,59.06666666666667,1.9785449072489782,0.2270867232304848
203,55,123,59.1,1.8597605150363845,0.47005058592631077
203,55,124,59.13333333333333,1.4920945391403628,0.6807984739197936
203,55,125,59.166666666666664,1.114247043911767,0.8402044267330815
203,55,126,59.2,0.7771256260132084,0.9341953064810435
203,55,127,59.233333333333334,0.4937400045918265,0.9564007922848502
203,55,128,59.266666666666666,0.37665253226800227,0.9092706912603301
203,55,129,59.3,0.36816793282424093,0.8030898314391622
203,55,130,59.333333333333336,0.37665253226800227,0.6532695621784301
203,55,131,59.36666666666667,0.3387546547525523,0.477011191413778
203,55,132,59.4,0.12211454895535694,0.2903533546601463
203,55,133,59.43333333333333,-0.07699071799145021,0.10611520135763848
203,55,134,59.46666666666667,-0.34962918011747895,-0.06707977274348224
203,55,135,59.5,-0.5973794838750893,-0.22467621803138657
203,55,136,59.53333333333333,-0.7863032314893872,-0.3651403950550788
203,55,137,59.56666666666667,-0.9752269791036419,-0.488360798416046
203,55,138,59.6,-1.0487601742828634,-0.5938927668357419
203,55,139,59.63333333333333,-1.0962739311678924,-0.6794079558165239
203,55,140,59.666666666666664,-1.1290810490170768,-0.739719034639837
203,55,141,59.7,-1.1437876880529212,-0.7667575725175443
203,55,142,59.733333333333334,-1.19130144493795,-0.7507773379541774
203,55,143,59.766666666666666,-1.019346896211175,-0.6827919391829539
203,55,144,59.8,-0.26817702545729677,-0.5578541761459623
203,55,145,59.833333333333336,0.8138922236027977,-0.3783073342761387
203,55,146,59.86666666666667,1.7228756440105155,-0.15579112209675533
203,55,147,59.9,2.0107863851352326,0.08905630805254733
203,55,148,59.93333333333333,1.736451003120499,0.3294698141487913
203,55,149,59.96666666666667,1.3308871497089625,0.5373294646236998
203,55,150,60.0,0.8857284988933362,0.6885902686537604
203,55,151,60.03333333333333,0.534466081921842,0.7679390770410375
203,55,152,60.06666666666667,0.32461365567961675,0.7713451736826631
203,55,153,60.1,0.30707881682920696,0.7057570853118819
203,55,154,60.13333333333333,0.4015406906363559,0.5862755402912824
203,55,155,60.166666666666664,0.4241662891530311,0.43204361138887254
203,55,156,60.2,0.2816250184979446,0.26223904059410036
203,55,157,60.233333333333334,0.045187513998617826,0.09309179499582584
203,55,158,60.266666666666666,-0.19124999050066568,-0.06373512827300107
203,55,159,60.3,-0.4497474535537589,-0.20150882876892334
203,55,160,60.333333333333336,-0.6641249994993191,-0.31786333892899105
203,55,161,60.36666666666667,-0.8530487471135738,-0.4136140428656197
203,55,162,60.4,-0.9740956991778243,-0.4910825708760885
203,55,163,60.43333333333333,-1.0210438160999444,-0.55201246198852
203,55,164,60.46666666666667,-1.0487601742828634,-0.5953828686878535
203,55,165,60.5,-1.0487601742828634,-0.6157737855538015
203,55,166,60.53333333333333,-1.0306596954695233,-0.6031110815788008
203,55,167,60.56666666666667,-0.6884475179046992,-0.5444520845820412
203,55,168,60.6,0.1832036649505206,-0.4279177560681099
203,55,169,60.63333333333333,1.2862015926385424,-0.24799541155988986
203,55,170,60.666666666666664,2.102985699090746,-0.010515238556344671
203,55,171,60.7,2.2466582496716505,0.26480134621188134
203,55,172,60.733333333333334,1.9332937102156063,0.5458029047680664
203,55,173,60.766666666666666,1.5413052159140748,0.7936420257350931
203,55,174,60.8,1.1300849628734722,0.9714343238335117
203,55,175,60.833333333333336,0.8127609436770017,1.0531989006372
203,55,176,60.86666666666667,0.5542634806239302,1.030031269504178
203,55,177,60.9,0.5191938029230888,0.9113248540206338
203,55,178,60.93333333333333,0.5667075598081177,0.7207944489294837
203,55,179,60.96666666666667,0.5452132412172817,0.4890628374421954
203,55,180,61.0,0.35628949360298373,0.24561080272917402
203,55,181,61.03333333333333,0.11023610973405651,0.012660982039580717
203,55,182,61.06666666666667,-0.17314951168732548,-0.19759183326771318
203,55,183,61.1,-0.4565351331087723,-0.3823891832545171
203,55,184,61.13333333333333,-0.6844880381643377,-0.5454304189254819
203,55,185,61.166666666666664,-0.8734117857785924,-0.6927851510426112
203,55,186,61.2,-1.008034096952848,-0.8287346615966881
203,55,187,61.233333333333334,-1.0487601742828634,-0.9522543926900282
203,55,188,61.266666666666666,-1.0962739311678924,-1.054782725248375
203,55,189,61.3,-1.1013646908341577,-1.1199900920858696
203,55,190,61.333333333333336,-1.0826985720578872,-1.126125702238217
203,55,191,61.36666666666667,-0.581541564913341,-1.0509727294535587
203,55,192,61.4,0.37325869249042,-0.8785566404542233
203,55,193,61.43333333333333,1.5424364958399788,-0.6059052695204096
203,55,194,61.46666666666667,2.1867004136024555,-0.24776737304788538
203,55,195,61.5,2.177084534232855,0.16259615308467598
203,55,196,61.53333333333333,1.8925676328855692,0.5776076434207456
203,55,197,61.56666666666667,1.5147201376569734,0.9441360850523374
203,55,198,61.6,1.136872642428464,1.2146224573156366
203,55,199,61.63333333333333,0.8059732641219883,1.3572376983289842
203,55,200,61.666666666666664,0.568970119659796,1.3620441043098046
203,55,201,61.7,0.5191938029230888,1.241583175876322
203,55,202,61.733333333333334,0.5191938029230888,1.0261229508955831
203,55,203,61.766666666666666,0.4745082458526471,0.7552979824982582
203,55,204,61.8,0.28841269805293634,0.4686727316873867
203,55,205,61.833333333333336,0.00842091640898541,0.19777213205509556
203,55,206,61.86666666666667,-0.2274509481273677,-0.03852863857800966
203,55,207,61.9,-0.5108365695488145,-0.23447936138326048
203,55,208,61.93333333333333,-0.704851076829313,-0.39428134153896066
203,55,209,61.96666666666667,-0.8937748244436109,-0.526689652416772
203,55,210,62.0,-0.9944587378428429,-0.6391349928174771
203,55,211,62.03333333333333,-1.0012464173978346,-0.732962249174082
203,55,212,62.06666666666667,-1.0408412148020325,-0.8010433705909994
203,55,213,62.1,-1.0487601742828634,-0.828553990083061
203,55,214,62.13333333333333,-1.0102966568045046,-0.7970347368883748
203,55,215,62.166666666666664,-0.5459062472495694,-0.6909481446573065
203,55,216,62.2,0.36986485271296726,-0.5049426373541046
203,55,217,62.233333333333334,1.446277702144125,-0.24937747980805844
203,55,218,62.266666666666666,2.0894103399807626,0.048210048875219944
203,55,219,62.3,2.1465399762353274,0.34696448367597266
203,55,220,62.333333333333336,1.8869112332563949,0.6014249821589376
203,55,221,62.36666666666667,1.5215078172120515,0.7727460134141931
203,55,222,62.4,1.1911740788684846,0.8388078530123251
203,55,223,62.43333333333333,0.8466993414520039,0.7995576447257579
203,55,224,62.46666666666667,0.5961208378798064,0.6754037541250288
203,55,225,62.5,0.534466081921842,0.4992263112959911
203,55,226,62.53333333333333,0.5191938029230888,0.30547129027702735
203,55,227,62.56666666666667,0.4405698480776234,0.120967659704768
203,55,228,62.6,0.2680496593879178,-0.03941101236237874
203,55,229,62.63333333333333,0.031612154888634274,-0.17190854582377016
203,55,230,62.666666666666664,-0.2342386276823811,-0.2796035447969207
203,55,231,62.7,-0.48877661099504804,-0.36713626803673877
203,55,232,62.733333333333334,-0.6777003586093027,-0.4365911564657833
203,55,233,62.766666666666666,-0.8389077480406599,-0.48578183201091807
203,55,234,62.8,-0.9537326605128058,-0.509107362673148
203,55,235,62.833333333333336,-1.0012464173978346,-0.500210644772444
203,55,236,62.86666666666667,-1.0012464173978346,-0.4551099020857405
203,55,237,62.9,-1.0487601742828634,-0.37449280795827156
203,55,238,62.93333333333333,-1.0962739311678924,-0.26444501213338684
203,55,239,62.96666666666667,-0.9514701006610842,-0.13567260799721273
203,56,0,56.0,-0.8111913898577192,-0.16653405404476787
203,56,1,56.03333333333333,-0.9526013805869882,-0.34799119042760646
203,56,2,56.06666666666667,-1.0476288943570242,-0.524182933677029
203,56,3,56.1,-1.1420907681641732,-0.6935751899751346
203,56,4,56.13333333333333,-1.1890388850862934,-0.8561587596622312
203,56,5,56.166666666666664,-1.19130144493795,-1.0132983759434449
203,56,6,56.2,-1.19130144493795,-1.165954045001927
203,56,7,56.233333333333334,-1.19130144493795,-1.311609085385373
203,56,8,56.266666666666666,-1.2818038390046727,-1.441173902696529
203,56,9,56.3,-1.3287519559267928,-1.5373801453516411
203,56,10,56.333333333333336,-1.1607568869404439,-1.5757395684850366
203,56,11,56.36666666666667,-0.5283714083991812,-1.5284102972897544
203,56,12,56.4,0.40380325048814225,-1.3706232106876537
203,56,13,56.43333333333333,1.1804269195730666,-1.0885582893103563
203,56,14,56.46666666666667,1.3744414268536083,-0.6866306027715474
203,56,15,56.5,0.9722714132196325,-0.19143557144082116
203,56,16,56.53333333333333,0.6029085174347981,0.3501557515555187
203,56,17,56.56666666666667,0.3104726566066812,0.8793476187759214
203,56,18,56.6,0.0644192727378188,1.3376785606270314
203,56,19,56.63333333333333,-0.00345752281222859,1.6786399124808555
203,56,20,56.666666666666664,-0.00345752281222859,1.8749584238757286
203,56,21,56.7,0.032177794851543054,1.9203875586202854
203,56,22,56.733333333333334,-0.00345752281222859,1.82696717144343
203,56,23,56.766666666666666,-0.1199793551731224,1.6196361741051841
203,56,24,56.8,-0.3564168596724491,1.3300519728718025
203,56,25,56.833333333333336,-0.578713365098862,0.9909663721102139
203,56,26,56.86666666666667,-0.7817781117860305,0.6319498514119446
203,56,27,56.9,-0.9231881025152996,0.27678150873212115
203,56,28,56.93333333333333,-1.03292225532118,-0.0575737335865444
203,56,29,56.96666666666667,-1.0962739311678924,-0.36072825065725955
203,56,30,57.0,-1.1437876880529212,-0.6277528979898304
203,56,31,57.03333333333333,-1.1437876880529212,-0.8574607480003
203,56,32,57.06666666666667,-1.19130144493795,-1.0502632096157924
203,56,33,57.1,-1.238815201822979,-1.2057598100446325
203,56,34,57.13333333333333,-1.3146109568538573,-1.3203866015581243
203,56,35,57.166666666666664,-1.2506936410442144,-1.3857448716352172
203,56,36,57.2,-0.6618624396476841,-1.3884761729169024
203,56,37,57.233333333333334,0.2623932597587868,-1.3124351866308428
203,56,38,57.266666666666666,1.2024868781269196,-1.1432649599501818
203,56,39,57.3,1.589950252724986,-0.8744832286348738
203,56,40,57.333333333333336,1.4423182224036342,-0.513256501713932
203,56,41,57.36666666666667,1.1346100825767425,-0.08359793590311031
203,56,42,57.4,0.804276344233262,0.37487774498556065
203,56,43,57.43333333333333,0.49713384436930075,0.8131216133773836
203,56,44,57.46666666666667,0.26126197983294763,1.182218336617106
203,56,45,57.5,0.1170237892890915,1.443287686144585
203,56,46,57.53333333333333,0.09156999095782913,1.5745095704054664
203,56,47,57.56666666666667,0.11815506921493066,1.5733329308190636
203,56,48,57.6,0.050843913627792045,1.453899108895247
203,56,49,57.63333333333333,-0.06284971891849306,1.2413681985917275
203,56,50,57.666666666666664,-0.298721583454911,0.9654472145585992
203,56,51,57.7,-0.5159273292150584,0.6549827664793857
203,56,52,57.733333333333334,-0.7523648337143419,0.33449842394256846
203,56,53,57.766666666666666,-0.9237537424782083,0.022644220013002085
203,56,54,57.8,-1.065729373170386,-0.2679203608247808
203,56,55,57.833333333333336,-1.1437876880529212,-0.5297112867215902
203,56,56,57.86666666666667,-1.19130144493795,-0.7590281660291672
203,56,57,57.9,-1.238815201822979,-0.9541966047354384
203,56,58,57.93333333333333,-1.238815201822979,-1.1136015243522552
203,56,59,57.96666666666667,-1.2863289587080078,-1.2337600072589132
203,56,60,58.0,-1.3474180747030418,-1.3078852072035332
203,56,61,58.03333333333333,-1.3813564724780656,-1.3255596272337857
203,56,62,58.06666666666667,-1.1641507267178532,-1.2740801198709593
203,56,63,58.1,-0.35981069944994504,-1.141633318725204
203,56,64,58.13333333333333,0.7386621085349794,-0.9217614617922443
203,56,65,58.166666666666664,1.607485091575396,-0.6178749566995047
203,56,66,58.2,1.7918837194863588,-0.24621964637579677
203,56,67,58.233333333333334,1.5735466938003506,0.16406417980133056
203,56,68,58.266666666666666,1.2432129554568703,0.5743348601784491
203,56,69,58.3,0.9213638165570646,0.9426545234055852
203,56,70,58.333333333333336,0.6379781951356827,1.2310843658040698
203,56,71,58.36666666666667,0.4094596501171868,1.4119909235351071
203,56,72,58.4,0.2816250184979446,1.4718941684798015
203,56,73,58.43333333333333,0.2816250184979446,1.412407695249108
203,56,74,58.46666666666667,0.27596861886877033,1.2485736468377169
203,56,75,58.5,0.17641598539535597,1.0052785039228267
203,56,76,58.53333333333333,-0.012507762218898696,0.7126279670676521
203,56,77,58.56666666666667,-0.20539098957362284,0.40121223254268173
203,56,78,58.6,-0.48538277121750895,0.09808571712939367
203,56,79,58.63333333333333,-0.7218202757168357,-0.17596751500744504
203,56,80,58.666666666666664,-0.9084814634794552,-0.407652272701027
203,56,81,58.7,-1.0504570941716114,-0.5909591239929938
203,56,82,58.733333333333334,-1.1437876880529212,-0.7258458006426863
203,56,83,58.766666666666666,-1.1443533280158515,-0.816168271807809
203,56,84,58.8,-1.19130144493795,-0.867199463919081
203,56,85,58.833333333333336,-1.19130144493795,-0.8831428410421491
203,56,86,58.86666666666667,-1.238815201822979,-0.8652621286859395
203,56,87,58.9,-1.3321457957042886,-0.8113347418623734
203,56,88,58.93333333333333,-1.2433403215262924,-0.7168347185585648
203,56,89,58.96666666666667,-0.6437619608343006,-0.5776567068105033
203,56,90,59.0,0.4309539687081093,-0.3935817496175119
203,56,91,59.03333333333333,1.5209421772490348,-0.17127556695816884
203,56,92,59.06666666666667,1.9785449072489782,0.07442472782359623
203,56,93,59.1,1.8597605150363845,0.3216935649200771
203,56,94,59.13333333333333,1.4920945391403628,0.5452121435632482
203,56,95,59.166666666666664,1.114247043911767,0.7209434576943984
203,56,96,59.2,0.7771256260132084,0.8307756002099151
203,56,97,59.233333333333334,0.4937400045918265,0.8657902395776361
203,56,98,59.266666666666666,0.37665253226800227,0.8274275869029384
203,56,99,59.3,0.36816793282424093,0.7264472662530247
203,56,100,59.333333333333336,0.37665253226800227,0.5801312798236378
203,56,101,59.36666666666667,0.3387546547525523,0.4085158110615785
203,56,102,59.4,0.12211454895535694,0.23054359252462145
203,56,103,59.43333333333333,-0.07699071799145021,0.06096244675390198
203,56,104,59.46666666666667,-0.34962918011747895,-0.09139503380996306
203,56,105,59.5,-0.5973794838750893,-0.22368187396077172
203,56,106,59.53333333333333,-0.7863032314893872,-0.337689374493474
203,56,107,59.56666666666667,-0.9752269791036419,-0.43765522421772823
203,56,108,59.6,-1.0487601742828634,-0.527778407296583
203,56,109,59.63333333333333,-1.0962739311678924,-0.6098116719125137
203,56,110,59.666666666666664,-1.1290810490170768,-0.681058650961671
203,56,111,59.7,-1.1437876880529212,-0.7332387113427082
203,56,112,59.733333333333334,-1.19130144493795,-0.752827732395013
203,56,113,59.766666666666666,-1.019346896211175,-0.7233897445353946
203,56,114,59.8,-0.26817702545729677,-0.6299115348336318
203,56,115,59.833333333333336,0.8138922236027977,-0.46428536104811363
203,56,116,59.86666666666667,1.7228756440105155,-0.23021045817936753
203,56,117,59.9,2.0107863851352326,0.05446366694714604
203,56,118,59.93333333333333,1.736451003120499,0.3591864040180508
203,56,119,59.96666666666667,1.3308871497089625,0.6458338514853218
203,56,120,60.0,0.8857284988933362,0.8761484430784442
203,56,121,60.03333333333333,0.534466081921842,1.0194486458600878
203,56,122,60.06666666666667,0.32461365567961675,1.0586206989291633
203,56,123,60.1,0.30707881682920696,0.9929988766119945
203,56,124,60.13333333333333,0.4015406906363559,0.8375787969730506
203,56,125,60.166666666666664,0.4241662891530311,0.6189036561215102
203,56,126,60.2,0.2816250184979446,0.3687717733967821
203,56,127,60.233333333333334,0.045187513998617826,0.1174328728810868
203,56,128,60.266666666666666,-0.19124999050066568,-0.1119938944232153
203,56,129,60.3,-0.4497474535537589,-0.30654807569813924
203,56,130,60.333333333333336,-0.6641249994993191,-0.4633228130682069
203,56,131,60.36666666666667,-0.8530487471135738,-0.5865431196943485
203,56,132,60.4,-0.9740956991778243,-0.6829241729696881
203,56,133,60.43333333333333,-1.0210438160999444,-0.7568125715041069
203,56,134,60.46666666666667,-1.0487601742828634,-0.8065450475494208
203,56,135,60.5,-1.0487601742828634,-0.8230876598725011
203,56,136,60.53333333333333,-1.0306596954695233,-0.7915363886024194
203,56,137,60.56666666666667,-0.6884475179046992,-0.6954557076187468
203,56,138,60.6,0.1832036649505206,-0.5232377276439186
203,56,139,60.63333333333333,1.2862015926385424,-0.27475075734862126
203,56,140,60.666666666666664,2.102985699090746,0.03413766510090565
203,56,141,60.7,2.2466582496716505,0.37140059909907264
203,56,142,60.733333333333334,1.9332937102156063,0.6939371337835831
203,56,143,60.766666666666666,1.5413052159140748,0.9567857653013284
203,56,144,60.8,1.1300849628734722,1.1236374125787862
203,56,145,60.833333333333336,0.8127609436770017,1.175152398440031
203,56,146,60.86666666666667,0.5542634806239302,1.112296969550279
203,56,147,60.9,0.5191938029230888,0.9537855272539506
203,56,148,60.93333333333333,0.5667075598081177,0.7289923632194366
203,56,149,60.96666666666667,0.5452132412172817,0.4692665682041955
203,56,150,61.0,0.35628949360298373,0.2007040629720661
203,56,151,61.03333333333333,0.11023610973405651,-0.059650633905247843
203,56,152,61.06666666666667,-0.17314951168732548,-0.3037377420438396
203,56,153,61.1,-0.4565351331087723,-0.5294831470183249
203,56,154,61.13333333333333,-0.6844880381643377,-0.7365775043965119
203,56,155,61.166666666666664,-0.8734117857785924,-0.9227108808233113
203,56,156,61.2,-1.008034096952848,-1.0812471631041023
203,56,157,61.233333333333334,-1.0487601742828634,-1.2005628101074572
203,56,158,61.266666666666666,-1.0962739311678924,-1.2649366751793056
203,56,159,61.3,-1.1013646908341577,-1.25686553263491
203,56,160,61.333333333333336,-1.0826985720578872,-1.1606298603463732
203,56,161,61.36666666666667,-0.581541564913341,-0.9666397359373419
203,56,162,61.4,0.37325869249042,-0.6756278639831925
203,56,163,61.43333333333333,1.5424364958399788,-0.3014849586649021
203,56,164,61.46666666666667,2.1867004136024555,0.1282604853225121
203,56,165,61.5,2.177084534232855,0.5747560613078038
203,56,166,61.53333333333333,1.8925676328855692,0.9927330311181892
203,56,167,61.56666666666667,1.5147201376569734,1.3372151692273742
203,56,168,61.6,1.136872642428464,1.570754267134962
203,56,169,61.63333333333333,0.8059732641219883,1.6696700827004534
203,56,170,61.666666666666664,0.568970119659796,1.6278777416190364
203,56,171,61.7,0.5191938029230888,1.4573623289325095
203,56,172,61.733333333333334,0.5191938029230888,1.1851242740403654
203,56,173,61.766666666666666,0.4745082458526471,0.8472877476605862
203,56,174,61.8,0.28841269805293634,0.48180901283610866
203,56,175,61.833333333333336,0.00842091640898541,0.12163221567984159
203,56,176,61.86666666666667,-0.2274509481273677,-0.20995518289109252
203,56,177,61.9,-0.5108365695488145,-0.5007071809362965
203,56,178,61.93333333333333,-0.704851076829313,-0.7476004081931257
203,56,179,61.96666666666667,-0.8937748244436109,-0.9528586652938165
203,56,180,62.0,-0.9944587378428429,-1.1192668631203502
203,56,181,62.03333333333333,-1.0012464173978346,-1.2460747961312446
203,56,182,62.06666666666667,-1.0408412148020325,-1.3264256920616246
203,56,183,62.1,-1.0487601742828634,-1.3469422368591029
203,56,184,62.13333333333333,-1.0102966568045046,-1.2898999264727775
203,56,185,62.166666666666664,-0.5459062472495694,-1.138027405529147
203,56,186,62.2,0.36986485271296726,-0.8811666148540002
203,56,187,62.233333333333334,1.446277702144125,-0.5230011961625962
203,56,188,62.266666666666666,2.0894103399807626,-0.0853880377331023
203,56,189,62.3,2.1465399762353274,0.39179554743020834
203,56,190,62.333333333333336,1.8869112332563949,0.8558215066826996
203,56,191,62.36666666666667,1.5215078172120515,1.2500678731470538
203,56,192,62.4,1.1911740788684846,1.524549980432073
203,56,193,62.43333333333333,0.8466993414520039,1.6455465732072967
203,56,194,62.46666666666667,0.5961208378798064,1.6019501503403528
203,56,195,62.5,0.534466081921842,1.406669636043453
203,56,196,62.53333333333333,0.5191938029230888,1.0928292322389899
203,56,197,62.56666666666667,0.4405698480776234,0.7060101414999824
203,56,198,62.6,0.2680496593879178,0.2946695652256339
203,56,199,62.63333333333333,0.031612154888634274,-0.09891795918053194
203,56,200,62.666666666666664,-0.2342386276823811,-0.4451222493070154
203,56,201,62.7,-0.48877661099504804,-0.7294832936110308
203,56,202,62.733333333333334,-0.6777003586093027,-0.9510936607298027
203,56,203,62.766666666666666,-0.8389077480406599,-1.1177685324826372
203,56,204,62.8,-0.9537326605128058,-1.2396692344327984
203,56,205,62.833333333333336,-1.0012464173978346,-1.3232496264743485
203,56,206,62.86666666666667,-1.0012464173978346,-1.3671411651718555
203,56,207,62.9,-1.0487601742828634,-1.361032809199613
203,56,208,62.93333333333333,-1.0962739311678924,-1.2878874197795174
203,56,209,62.96666666666667,-0.9514701006610842,-1.1290819459760797
203,56,210,63.0,-0.28854006412240174,-0.8713328830558307
203,56,211,63.03333333333333,0.6792699124286933,-0.5136131443694454
203,56,212,63.06666666666667,1.5577087748386889,-0.07188815372761108
203,56,213,63.1,1.8716389542576635,0.42014080720609087
203,56,214,63.13333333333333,1.7375822830462948,0.9148644728774373
203,56,215,63.166666666666664,1.4332679829969857,1.3583243144901618
203,56,216,63.2,1.0757835264334084,1.6997768630238401
203,56,217,63.233333333333334,0.7448841481269327,1.901152077751558
203,56,218,63.266666666666666,0.4999620441839095,1.9441860794139771
203,56,219,63.3,0.37665253226800227,1.8333802222789235
203,56,220,63.333333333333336,0.37665253226800227,1.5939799548203337
203,56,221,63.36666666666667,0.37665253226800227,1.2655677063416768
203,56,222,63.4,0.24768662072289926,0.8930918961279951
203,56,223,63.43333333333333,0.058762873108644594,0.517810146956125
203,56,224,63.46666666666667,-0.17767463139068215,0.17051133210378905
203,56,225,63.5,-0.41411213588996565,-0.1314682424908321
203,56,226,63.53333333333333,-0.6505496403892924,-0.3832200309499114
203,56,227,63.56666666666667,-0.7919596311185614,-0.5882571476618492
203,56,228,63.6,-0.9197942627377821,-0.7532850566397572
203,56,229,63.63333333333333,-0.9537326605128058,-0.883590640065324
203,56,230,63.666666666666664,-1.0012464173978346,-0.9804246060852834
203,56,231,63.7,-1.0012464173978346,-1.0409344312381097
203,56,232,63.733333333333334,-1.012559216656183,-1.060289269828815
203,56,233,63.766666666666666,-0.9797520988069985,-1.0348985790572596
203,56,234,63.8,-0.5498657269900389,-0.9652860804813069
203,56,235,63.833333333333336,0.24485842090846338,-0.8573489535881871
203,56,236,63.86666666666667,1.2002243182751549,-0.7213859334452875
203,56,237,63.9,1.7155223244925717,-0.5692563319373611
203,56,238,63.93333333333333,1.6832808466062528,-0.4110045072537583
203,56,239,63.96666666666667,1.3925419056669486,-0.252773017523546
203,57,0,57.0,-1.1437876880529212,-0.11270403520998663
203,57,1,57.03333333333333,-1.1437876880529212,-0.4035356578792444
203,57,2,57.06666666666667,-1.19130144493795,-0.6760893888963818
203,57,3,57.1,-1.238815201822979,-0.9166903828285712
203,57,4,57.13333333333333,-1.3146109568538573,-1.1136348594316587
203,57,5,57.166666666666664,-1.2506936410442144,-1.2572510451396886
203,57,6,57.2,-0.6618624396476841,-1.338688019809338
203,57,7,57.233333333333334,0.2623932597587868,-1.3483562630486032
203,57,8,57.266666666666666,1.2024868781269196,-1.2757126962466168
203,57,9,57.3,1.589950252724986,-1.1116297007085678
203,57,10,57.333333333333336,1.4423182224036342,-0.853135249313255
203,57,11,57.36666666666667,1.1346100825767425,-0.5086938265487108
203,57,12,57.4,0.804276344233262,-0.1013839175824445
203,57,13,57.43333333333333,0.49713384436930075,0.33211094438428956
203,57,14,57.46666666666667,0.26126197983294763,0.7470082099786505
203,57,15,57.5,0.1170237892890915,1.09875849078022
203,57,16,57.53333333333333,0.09156999095782913,1.3514396116484073
203,57,17,57.56666666666667,0.11815506921493066,1.4836652132051629
203,57,18,57.6,0.050843913627792045,1.4907004055981936
203,57,19,57.63333333333333,-0.06284971891849306,1.3829357732681913
203,57,20,57.666666666666664,-0.298721583454911,1.1818199455878171
203,57,21,57.7,-0.5159273292150584,0.9146581409380132
203,57,22,57.733333333333334,-0.7523648337143419,0.6095593285692142
203,57,23,57.766666666666666,-0.9237537424782083,0.29144388483831113
203,57,24,57.8,-1.065729373170386,-0.020434684203899094
203,57,25,57.833333333333336,-1.1437876880529212,-0.3133720724982164
203,57,26,57.86666666666667,-1.19130144493795,-0.5806168452364077
203,57,27,57.9,-1.238815201822979,-0.8195045529678181
203,57,28,57.93333333333333,-1.238815201822979,-1.0286448116673674
203,57,29,57.96666666666667,-1.2863289587080078,-1.204701793668905
203,57,30,58.0,-1.3474180747030418,-1.3396013800574995
203,57,31,58.03333333333333,-1.3813564724780656,-1.4192082127769134
203,57,32,58.06666666666667,-1.1641507267178532,-1.4244271680982576
203,57,33,58.1,-0.35981069944994504,-1.3351359891480807
203,57,34,58.13333333333333,0.7386621085349794,-1.136389681664044
203,57,35,58.166666666666664,1.607485091575396,-0.8252850368745784
203,57,36,58.2,1.7918837194863588,-0.41619573099354756
203,57,37,58.233333333333334,1.5735466938003506,0.057852565262113305
203,57,38,58.266666666666666,1.2432129554568703,0.5489372924662753
203,57,39,58.3,0.9213638165570646,1.0026491678421277
203,57,40,58.333333333333336,0.6379781951356827,1.3687542223328908
203,57,41,58.36666666666667,0.4094596501171868,1.6107163461771288
203,57,42,58.4,0.2816250184979446,1.7113253174525216
203,57,43,58.43333333333333,0.2816250184979446,1.6733476468215116
203,57,44,58.46666666666667,0.27596861886877033,1.5157929570893818
203,57,45,58.5,0.17641598539535597,1.2675326670794793
203,57,46,58.53333333333333,-0.012507762218898696,0.9604530867532691
203,57,47,58.56666666666667,-0.20539098957362284,0.6240019112831664
203,57,48,58.6,-0.48538277121750895,0.28206279801855405
203,57,49,58.63333333333333,-0.7218202757168357,-0.047924665628358565
203,57,50,58.666666666666664,-0.9084814634794552,-0.35430194057492426
203,57,51,58.7,-1.0504570941716114,-0.6297698969105868
203,57,52,58.733333333333334,-1.1437876880529212,-0.8697095451456269
203,57,53,58.766666666666666,-1.1443533280158515,-1.0704342265429454
203,57,54,58.8,-1.19130144493795,-1.2274873757239972
203,57,55,58.833333333333336,-1.19130144493795,-1.33426214854559
203,57,56,58.86666666666667,-1.238815201822979,-1.381433018261076
203,57,57,58.9,-1.3321457957042886,-1.3577381444223018
203,57,58,58.93333333333333,-1.2433403215262924,-1.2523904977131968
203,57,59,58.96666666666667,-0.6437619608343006,-1.0588379971701303
203,57,60,59.0,0.4309539687081093,-0.7789290375263089
203,57,61,59.03333333333333,1.5209421772490348,-0.4260967131468327
203,57,62,59.06666666666667,1.9785449072489782,-0.026221954580523517
203,57,63,59.1,1.8597605150363845,0.38460715879028895
203,57,64,59.13333333333333,1.4920945391403628,0.7653203992175457
203,57,65,59.166666666666664,1.114247043911767,1.0769547312759609
203,57,66,59.2,0.7771256260132084,1.2897185689253368
203,57,67,59.233333333333334,0.4937400045918265,1.3879799806554236
203,57,68,59.266666666666666,0.37665253226800227,1.3717697303769314
203,57,69,59.3,0.36816793282424093,1.2546437806136603
203,57,70,59.333333333333336,0.37665253226800227,1.059076483531941
203,57,71,59.36666666666667,0.3387546547525523,0.8112218460416422
203,57,72,59.4,0.12211454895535694,0.5365408865846537
203,57,73,59.43333333333333,-0.07699071799145021,0.25694148562390245
203,57,74,59.46666666666667,-0.34962918011747895,-0.010597926647458266
203,57,75,59.5,-0.5973794838750893,-0.25424953927895316
203,57,76,59.53333333333333,-0.7863032314893872,-0.466769397737115
203,57,77,59.56666666666667,-0.9752269791036419,-0.6444063361419998
203,57,78,59.6,-1.0487601742828634,-0.7854289476591318
203,57,79,59.63333333333333,-1.0962739311678924,-0.8884157226139276
203,57,80,59.666666666666664,-1.1290810490170768,-0.9506311035092604
203,57,81,59.7,-1.1437876880529212,-0.967050435155185
203,57,82,59.733333333333334,-1.19130144493795,-0.9306882720845472
203,57,83,59.766666666666666,-1.019346896211175,-0.8346286047575233
203,57,84,59.8,-0.26817702545729677,-0.6755097719678449
203,57,85,59.833333333333336,0.8138922236027977,-0.45739416397539845
203,57,86,59.86666666666667,1.7228756440105155,-0.19436990814093819
203,57,87,59.9,2.0107863851352326,0.08963450276022011
203,57,88,59.93333333333333,1.736451003120499,0.36433992861567494
203,57,89,59.96666666666667,1.3308871497089625,0.5990276201484079
203,57,90,60.0,0.8857284988933362,0.7689202301710528
203,57,91,60.03333333333333,0.534466081921842,0.8598818804243763
203,57,92,60.06666666666667,0.32461365567961675,0.8700516374888132
203,57,93,60.1,0.30707881682920696,0.8082976273604755
203,57,94,60.13333333333333,0.4015406906363559,0.6905041164002119
203,57,95,60.166666666666664,0.4241662891530311,0.5352284141139274
203,57,96,60.2,0.2816250184979446,0.36007855477231726
203,57,97,60.233333333333334,0.045187513998617826,0.17952449918314156
203,57,98,60.266666666666666,-0.19124999050066568,0.004171161437254154
203,57,99,60.3,-0.4497474535537589,-0.15889994628611778
203,57,100,60.333333333333336,-0.6641249994993191,-0.3051821430407891
203,57,101,60.36666666666667,-0.8530487471135738,-0.43152636060402083
203,57,102,60.4,-0.9740956991778243,-0.5348890119872542
203,57,103,60.43333333333333,-1.0210438160999444,-0.6112471963484823
203,57,104,60.46666666666667,-1.0487601742828634,-0.6549025580218575
203,57,105,60.5,-1.0487601742828634,-0.6584798782411405
203,57,106,60.53333333333333,-1.0306596954695233,-0.6140013743522023
203,57,107,60.56666666666667,-0.6884475179046992,-0.5152306544479197
203,57,108,60.6,0.1832036649505206,-0.3609094429663954
203,57,109,60.63333333333333,1.2862015926385424,-0.1578300130868315
203,57,110,60.666666666666664,2.102985699090746,0.07765219756015666
203,57,111,60.7,2.2466582496716505,0.3207347575683023
203,57,112,60.733333333333334,1.9332937102156063,0.5420331892569966
203,57,113,60.766666666666666,1.5413052159140748,0.7132710053111492
203,57,114,60.8,1.1300849628734722,0.8132519568299686
203,57,115,60.833333333333336,0.8127609436770017,0.8324081905158219
203,57,116,60.86666666666667,0.5542634806239302,0.7744377545937712
203,57,117,60.9,0.5191938029230888,0.6543553244522209
203,57,118,60.93333333333333,0.5667075598081177,0.4936373674439086
203,57,119,60.96666666666667,0.5452132412172817,0.3142855979832237
203,57,120,61.0,0.35628949360298373,0.133834759127142
203,57,121,61.03333333333333,0.11023610973405651,-0.037337056968198966
203,57,122,61.06666666666667,-0.17314951168732548,-0.19605180975379277
203,57,123,61.1,-0.4565351331087723,-0.34425325589425426
203,57,124,61.13333333333333,-0.6844880381643377,-0.4857692839069427
203,57,125,61.166666666666664,-0.8734117857785924,-0.6228874330456541
203,57,126,61.2,-1.008034096952848,-0.7534991381167466
203,57,127,61.233333333333334,-1.0487601742828634,-0.8693728311383552
203,57,128,61.266666666666666,-1.0962739311678924,-0.9560392489546141
203,57,129,61.3,-1.1013646908341577,-0.9946403551763594
203,57,130,61.333333333333336,-1.0826985720578872,-0.9657014165895067
203,57,131,61.36666666666667,-0.581541564913341,-0.8541626377987964
203,57,132,61.4,0.37325869249042,-0.6543918412566886
203,57,133,61.43333333333333,1.5424364958399788,-0.37363197085918604
203,57,134,61.46666666666667,2.1867004136024555,-0.03265531929116672
203,57,135,61.5,2.177084534232855,0.3367507750478004
203,57,136,61.53333333333333,1.8925676328855692,0.6967883194500798
203,57,137,61.56666666666667,1.5147201376569734,1.0097312269119065
203,57,138,61.6,1.136872642428464,1.243595562675851
203,57,139,61.63333333333333,0.8059732641219883,1.3763202913893078
203,57,140,61.666666666666664,0.568970119659796,1.3979363539599963
203,57,141,61.7,0.5191938029230888,1.3107123998333075
203,57,142,61.733333333333334,0.5191938029230888,1.127641341378327
203,57,143,61.766666666666666,0.4745082458526471,0.8697612545266491
203,57,144,61.8,0.28841269805293634,0.562719820784326
203,57,145,61.833333333333336,0.00842091640898541,0.2329873017548184
203,57,146,61.86666666666667,-0.2274509481273677,-0.09564280253224079
203,57,147,61.9,-0.5108365695488145,-0.4044614925935834
203,57,148,61.93333333333333,-0.704851076829313,-0.6805886969791238
203,57,149,61.96666666666667,-0.8937748244436109,-0.9159915279523845
203,57,150,62.0,-0.9944587378428429,-1.105207238946226
203,57,151,62.03333333333333,-1.0012464173978346,-1.2425529368802757
203,57,152,62.06666666666667,-1.0408412148020325,-1.3197993307494607
203,57,153,62.1,-1.0487601742828634,-1.3253317332814891
203,57,154,62.13333333333333,-1.0102966568045046,-1.2456426358765247
203,57,155,62.166666666666664,-0.5459062472495694,-1.069400134192796
203,57,156,62.2,0.36986485271296726,-0.7932761217502307
203,57,157,62.233333333333334,1.446277702144125,-0.42755704099362063
203,57,158,62.266666666666666,2.0894103399807626,0.001042876018244002
203,57,159,62.3,2.1465399762353274,0.4512842144759812
203,57,160,62.333333333333336,1.8869112332563949,0.8740069278239735
203,57,161,62.36666666666667,1.5215078172120515,1.2214335347535625
203,57,162,62.4,1.1911740788684846,1.4563278989197466
203,57,163,62.43333333333333,0.8466993414520039,1.558459338518725
203,57,164,62.46666666666667,0.5961208378798064,1.5267354595751046
203,57,165,62.5,0.534466081921842,1.3767551975115564
203,57,166,62.53333333333333,0.5191938029230888,1.1351285683624572
203,57,167,62.56666666666667,0.4405698480776234,0.832842979862759
203,57,168,62.6,0.2680496593879178,0.4996481607249527
203,57,169,62.63333333333333,0.031612154888634274,0.16040382089601468
203,57,170,62.666666666666664,-0.2342386276823811,-0.1665539097597449
203,57,171,62.7,-0.48877661099504804,-0.46937707656659533
203,57,172,62.733333333333334,-0.6777003586093027,-0.7413800523145924
203,57,173,62.766666666666666,-0.8389077480406599,-0.9787464637881335
203,57,174,62.8,-0.9537326605128058,-1.1776939119474141
203,57,175,62.833333333333336,-1.0012464173978346,-1.3317671359414456
203,57,176,62.86666666666667,-1.0012464173978346,-1.4301384377901378
203,57,177,62.9,-1.0487601742828634,-1.4577786589196127
203,57,178,62.93333333333333,-1.0962739311678924,-1.3980017497683817
203,57,179,62.96666666666667,-0.9514701006610842,-1.2371882144270276
203,57,180,63.0,-0.28854006412240174,-0.9706113381463102
203,57,181,63.03333333333333,0.6792699124286933,-0.6075030846457344
203,57,182,63.06666666666667,1.5577087748386889,-0.1732221330194039
203,57,183,63.1,1.8716389542576635,0.29289056135408637
203,57,184,63.13333333333333,1.7375822830462948,0.743710102633575
203,57,185,63.166666666666664,1.4332679829969857,1.132706091344406
203,57,186,63.2,1.0757835264334084,1.4220431857084774
203,57,187,63.233333333333334,0.7448841481269327,1.5883449803762764
203,57,188,63.266666666666666,0.4999620441839095,1.6249375911098896
203,57,189,63.3,0.37665253226800227,1.5404642313958146
203,57,190,63.333333333333336,0.37665253226800227,1.3548114223209706
203,57,191,63.36666666666667,0.37665253226800227,1.0939027824619048
203,57,192,63.4,0.24768662072289926,0.7848447255399015
203,57,193,63.43333333333333,0.058762873108644594,0.45235791536101394
203,57,194,63.46666666666667,-0.17767463139068215,0.1167946345611162
203,57,195,63.5,-0.41411213588996565,-0.20640718313032705
203,57,196,63.53333333333333,-0.6505496403892924,-0.506172183767485
203,57,197,63.56666666666667,-0.7919596311185614,-0.7745021365804275
203,57,198,63.6,-0.9197942627377821,-1.0048138570729415
203,57,199,63.63333333333333,-0.9537326605128058,-1.1902531417176059
203,57,200,63.666666666666664,-1.0012464173978346,-1.322340238169425
203,57,201,63.7,-1.0012464173978346,-1.3903728724347935
203,57,202,63.733333333333334,-1.012559216656183,-1.382108568663291
203,57,203,63.766666666666666,-0.9797520988069985,-1.28611517129071
203,57,204,63.8,-0.5498657269900389,-1.0956308807696242
203,57,205,63.833333333333336,0.24485842090846338,-0.8129629480047208
203,57,206,63.86666666666667,1.2002243182751549,-0.45280377805481437
203,57,207,63.9,1.7155223244925717,-0.04287615513157883
203,57,208,63.93333333333333,1.6832808466062528,0.3787991922924154
203,57,209,63.96666666666667,1.3925419056669486,0.7695227602126464
203,57,210,64.0,1.0146944104383528,1.0890624259595874
203,57,211,64.03333333333333,0.6905827116869553,1.3065757501719468
203,57,212,64.06666666666666,0.4128534898946827,1.4055849043831745
203,57,213,64.1,0.3291387753829734,1.3858007553838998
203,57,214,64.13333333333334,0.33366389508630845,1.2615583320646861
203,57,215,64.16666666666667,0.372693052527576,1.057618009759063
203,57,216,64.2,0.27483733894295276,0.8036638915746062
203,57,217,64.23333333333333,0.0859135913286549,0.5288869343463108
203,57,218,64.26666666666667,-0.1052727161373213,0.2577179543931998
203,57,219,64.3,-0.3411445806736744,0.007308160970983362
203,57,220,64.33333333333333,-0.5758851652842533,-0.21306760099865535
203,57,221,64.36666666666666,-0.7172951560135222,-0.40083038984344954
203,57,222,64.4,-0.858705146742748,-0.5575345772611815
203,57,223,64.43333333333334,-0.953167020549897,-0.6855316174675297
203,57,224,64.46666666666667,-0.9537326605128058,-0.784658619693081
203,57,225,64.5,-0.9537326605128058,-0.8498984733437975
203,57,226,64.53333333333333,-0.9989838575461779,-0.8709566233556887
203,57,227,64.56666666666666,-1.0459319744682765,-0.8343468209850662
203,57,228,64.6,-0.8688866660752357,-0.7278098825385559
203,57,229,64.63333333333334,-0.1776746313905525,-0.5459758676585957
203,57,230,64.66666666666667,0.8020137843816053,-0.29552024312573094
203,57,231,64.7,1.6663116477188598,0.0020739781581328924
203,57,232,64.73333333333333,1.9389501098447803,0.3115491351592181
203,57,233,64.76666666666667,1.7732176007100882,0.5890558829019112
203,57,234,64.8,1.4898319792886414,0.7905147177104698
203,57,235,64.83333333333333,1.1589326009822305,0.8810604270793091
203,57,236,64.86666666666666,0.8359521821565857,0.843012656117099
203,57,237,64.9,0.6311905155806692,0.6802139846660729
203,57,238,64.93333333333334,0.5191938029230888,0.4177034995095242
203,57,239,64.96666666666667,0.5191938029230888,0.09709851572904948
203,58,0,58.0,-1.3474180747030418,-0.018303257076478504
203,58,1,58.03333333333333,-1.3813564724780656,-0.3779457042065697
203,58,2,58.06666666666667,-1.1641507267178532,-0.6772024674206244
203,58,3,58.1,-0.35981069944994504,-0.865635074219462
203,58,4,58.13333333333333,0.7386621085349794,-0.9091069785896462
203,58,5,58.166666666666664,1.607485091575396,-0.795535838976503
203,58,6,58.2,1.7918837194863588,-0.5372322725831116
203,58,7,58.233333333333334,1.5735466938003506,-0.1691822374279597
203,58,8,58.266666666666666,1.2432129554568703,0.2568104703938313
203,58,9,58.3,0.9213638165570646,0.6814510896986
203,58,10,58.333333333333336,0.6379781951356827,1.048797467654949
203,58,11,58.36666666666667,0.4094596501171868,1.3157720828977397
203,58,12,58.4,0.2816250184979446,1.4579311211075483
203,58,13,58.43333333333333,0.2816250184979446,1.4705408241341198
203,58,14,58.46666666666667,0.27596861886877033,1.3655881039896445
203,58,15,58.5,0.17641598539535597,1.1663845627661857
203,58,16,58.53333333333333,-0.012507762218898696,0.9016422570023923
203,58,17,58.56666666666667,-0.20539098957362284,0.6004210663984686
203,58,18,58.6,-0.48538277121750895,0.28855644284548404
203,58,19,58.63333333333333,-0.7218202757168357,-0.013448037663930636
203,58,20,58.666666666666664,-0.9084814634794552,-0.2912857130703077
203,58,21,58.7,-1.0504570941716114,-0.5366733199835858
203,58,22,58.733333333333334,-1.1437876880529212,-0.7463659164115949
203,58,23,58.766666666666666,-1.1443533280158515,-0.9206091702118385
203,58,24,58.8,-1.19130144493795,-1.0611993618521727
203,58,25,58.833333333333336,-1.19130144493795,-1.1692709776111843
203,58,26,58.86666666666667,-1.238815201822979,-1.2430706579174837
203,58,27,58.9,-1.3321457957042886,-1.276284289765512
203,58,28,58.93333333333333,-1.2433403215262924,-1.2577584990000912
203,58,29,58.96666666666667,-0.6437619608343006,-1.1733937425184349
203,58,30,59.0,0.4309539687081093,-1.0103857986054268
203,58,31,59.03333333333333,1.5209421772490348,-0.7629563957655847
203,58,32,59.06666666666667,1.9785449072489782,-0.4376807312171067
203,58,33,59.1,1.8597605150363845,-0.05617167221551368
203,58,34,59.13333333333333,1.4920945391403628,0.346382438720458
203,58,35,59.166666666666664,1.114247043911767,0.7268449657725573
203,58,36,59.2,0.7771256260132084,1.042421488219355
203,58,37,59.233333333333334,0.4937400045918265,1.259163247365205
203,58,38,59.266666666666666,0.37665253226800227,1.3582032737620615
203,58,39,59.3,0.36816793282424093,1.338136517617278
203,58,40,59.333333333333336,0.37665253226800227,1.213371746411307
203,58,41,59.36666666666667,0.3387546547525523,1.0094778097721493
203,58,42,59.4,0.12211454895535694,0.7570201290389269
203,58,43,59.43333333333333,-0.07699071799145021,0.48536850598430714
203,58,44,59.46666666666667,-0.34962918011747895,0.217827050509104
203,58,45,59.5,-0.5973794838750893,-0.030907781334444828
203,58,46,59.53333333333333,-0.7863032314893872,-0.25465463956302664
203,58,47,59.56666666666667,-0.9752269791036419,-0.45346803542989683
203,58,48,59.6,-1.0487601742828634,-0.6300653413542011
203,58,49,59.63333333333333,-1.0962739311678924,-0.7859645595934655
203,58,50,59.666666666666664,-1.1290810490170768,-0.9182683303580101
203,58,51,59.7,-1.1437876880529212,-1.01789307431098
203,58,52,59.733333333333334,-1.19130144493795,-1.0698567020630567
203,58,53,59.766666666666666,-1.019346896211175,-1.0559355471479681
203,58,54,59.8,-0.26817702545729677,-0.9594854155371919
203,58,55,59.833333333333336,0.8138922236027977,-0.7714593301670731
203,58,56,59.86666666666667,1.7228756440105155,-0.49585947376579026
203,58,57,59.9,2.0107863851352326,-0.15257193192513147
203,58,58,59.93333333333333,1.736451003120499,0.22385750294248946
203,58,59,59.96666666666667,1.3308871497089625,0.5896494190964038
203,58,60,60.0,0.8857284988933362,0.900127532624361
203,58,61,60.03333333333333,0.534466081921842,1.1186410137716396
203,58,62,60.06666666666667,0.32461365567961675,1.2235035344045226
203,58,63,60.1,0.30707881682920696,1.211071257540629
203,58,64,60.13333333333333,0.4015406906363559,1.0944661639231879
203,58,65,60.166666666666664,0.4241662891530311,0.898853631796025
203,58,66,60.2,0.2816250184979446,0.6549840909666662
203,58,67,60.233333333333334,0.045187513998617826,0.39279646387569706
203,58,68,60.266666666666666,-0.19124999050066568,0.13647757598289506
203,58,69,60.3,-0.4497474535537589,-0.09823881257162216
203,58,70,60.333333333333336,-0.6641249994993191,-0.3043458712586944
203,58,71,60.36666666666667,-0.8530487471135738,-0.4817098177782909
203,58,72,60.4,-0.9740956991778243,-0.6337471674260179
203,58,73,60.43333333333333,-1.0210438160999444,-0.7635024661529615
203,58,74,60.46666666666667,-1.0487601742828634,-0.8700608048971585
203,58,75,60.5,-1.0487601742828634,-0.9462117394415923
203,58,76,60.53333333333333,-1.0306596954695233,-0.978192222223951
203,58,77,60.56666666666667,-0.6884475179046992,-0.9480653129153385
203,58,78,60.6,0.1832036649505206,-0.838703206785196
203,58,79,60.63333333333333,1.2862015926385424,-0.6404095780683916
203,58,80,60.666666666666664,2.102985699090746,-0.35720146455338847
203,58,81,60.7,2.2466582496716505,-0.010295221087998031
203,58,82,60.733333333333334,1.9332937102156063,0.3630950396848075
203,58,83,60.766666666666666,1.5413052159140748,0.7160320642018737
203,58,84,60.8,1.1300849628734722,1.00170798992644
203,58,85,60.833333333333336,0.8127609436770017,1.183890583513918
203,58,86,60.86666666666667,0.5542634806239302,1.244557713482204
203,58,87,60.9,0.5191938029230888,1.1862576157563964
203,58,88,60.93333333333333,0.5667075598081177,1.0287496465108725
203,58,89,60.96666666666667,0.5452132412172817,0.8016407719606707
203,58,90,61.0,0.35628949360298373,0.5360266931237796
203,58,91,61.03333333333333,0.11023610973405651,0.258068899806726
203,58,92,61.06666666666667,-0.17314951168732548,-0.013863157598686586
203,58,93,61.1,-0.4565351331087723,-0.2686285475430849
203,58,94,61.13333333333333,-0.6844880381643377,-0.49980759889833626
203,58,95,61.166666666666664,-0.8734117857785924,-0.703033107249617
203,58,96,61.2,-1.008034096952848,-0.874238383509141
203,58,97,61.233333333333334,-1.0487601742828634,-1.0088994044464499
203,58,98,61.266666666666666,-1.0962739311678924,-1.1017982350885882
203,58,99,61.3,-1.1013646908341577,-1.1468843110500961
203,58,100,61.333333333333336,-1.0826985720578872,-1.137196695482238
203,58,101,61.36666666666667,-0.581541564913341,-1.0652041844153546
203,58,102,61.4,0.37325869249042,-0.9240494219578749
203,58,103,61.43333333333333,1.5424364958399788,-0.7099285334537586
203,58,104,61.46666666666667,2.1867004136024555,-0.4252758246430276
203,58,105,61.5,2.177084534232855,-0.08180782151660158
203,58,106,61.53333333333333,1.8925676328855692,0.29786670028916484
203,58,107,61.56666666666667,1.5147201376569734,0.6811987476459282
203,58,108,61.6,1.136872642428464,1.0296197836104097
203,58,109,61.63333333333333,0.8059732641219883,1.3047970946318248
203,58,110,61.666666666666664,0.568970119659796,1.475655624327134
203,58,111,61.7,0.5191938029230888,1.5242256473116087
203,58,112,61.733333333333334,0.5191938029230888,1.448751468470369
203,58,113,61.766666666666666,0.4745082458526471,1.2633141078292396
203,58,114,61.8,0.28841269805293634,0.9940990421124223
203,58,115,61.833333333333336,0.00842091640898541,0.6733248557328853
203,58,116,61.86666666666667,-0.2274509481273677,0.3326336297883899
203,58,117,61.9,-0.5108365695488145,-0.0020830368180429736
203,58,118,61.93333333333333,-0.704851076829313,-0.3131750738367718
203,58,119,61.96666666666667,-0.8937748244436109,-0.5909010085202703
203,58,120,62.0,-0.9944587378428429,-0.8309411577530189
203,58,121,62.03333333333333,-1.0012464173978346,-1.030802670058317
203,58,122,62.06666666666667,-1.0408412148020325,-1.18626128146067
203,58,123,62.1,-1.0487601742828634,-1.2889197810170752
203,58,124,62.13333333333333,-1.0102966568045046,-1.325757897145157
203,58,125,62.166666666666664,-0.5459062472495694,-1.2811646758186248
203,58,126,62.2,0.36986485271296726,-1.1413338984493615
203,58,127,62.233333333333334,1.446277702144125,-0.9000856912338024
203,58,128,62.266666666666666,2.0894103399807626,-0.5643669865941363
203,58,129,62.3,2.1465399762353274,-0.1573301143828271
203,58,130,62.333333333333336,1.8869112332563949,0.2826433956426768
203,58,131,62.36666666666667,1.5215078172120515,0.7073726808925346
203,58,132,62.4,1.1911740788684846,1.0675894973516573
203,58,133,62.43333333333333,0.8466993414520039,1.3225020283024151
203,58,134,62.46666666666667,0.5961208378798064,1.447400567969107
203,58,135,62.5,0.534466081921842,1.437184753488546
203,58,136,62.53333333333333,0.5191938029230888,1.3051695264553589
203,58,137,62.56666666666667,0.4405698480776234,1.0780686431797832
203,58,138,62.6,0.2680496593879178,0.7889978743590634
203,58,139,62.63333333333333,0.031612154888634274,0.47054441145927234
203,58,140,62.666666666666664,-0.2342386276823811,0.14958239244261065
203,58,141,62.7,-0.48877661099504804,-0.15523815977488065
203,58,142,62.733333333333334,-0.6777003586093027,-0.43330311299633606
203,58,143,62.766666666666666,-0.8389077480406599,-0.6798251660820689
203,58,144,62.8,-0.9537326605128058,-0.8925856718159434
203,58,145,62.833333333333336,-1.0012464173978346,-1.068589200638533
203,58,146,62.86666666666667,-1.0012464173978346,-1.2014876061046058
203,58,147,62.9,-1.0487601742828634,-1.280498735951894
203,58,148,62.93333333333333,-1.0962739311678924,-1.291329149844243
203,58,149,62.96666666666667,-0.9514701006610842,-1.21921327688459
203,58,150,63.0,-0.28854006412240174,-1.0535678374704895
203,58,151,63.03333333333333,0.6792699124286933,-0.7930452649791855
203,58,152,63.06666666666667,1.5577087748386889,-0.4492628736433475
203,58,153,63.1,1.8716389542576635,-0.04763764816696779
203,58,154,63.13333333333333,1.7375822830462948,0.3752825159659689
203,58,155,63.166666666666664,1.4332679829969857,0.7773502273166436
203,58,156,63.2,1.0757835264334084,1.1177049622942739
203,58,157,63.233333333333334,0.7448841481269327,1.3632874108524196
203,58,158,63.266666666666666,0.4999620441839095,1.4935898072991094
203,58,159,63.3,0.37665253226800227,1.5028537858801823
203,58,160,63.333333333333336,0.37665253226800227,1.3995272783530763
203,58,161,63.36666666666667,0.37665253226800227,1.2032929965712778
203,58,162,63.4,0.24768662072289926,0.9404004584076822
203,58,163,63.43333333333333,0.058762873108644594,0.6383863003717389
203,58,164,63.46666666666667,-0.17767463139068215,0.32146917958629273
203,58,165,63.5,-0.41411213588996565,0.0077380778656813524
203,58,166,63.53333333333333,-0.6505496403892924,-0.2913566322181384
203,58,167,63.56666666666667,-0.7919596311185614,-0.5694330681298403
203,58,168,63.6,-0.9197942627377821,-0.8222506417224771
203,58,169,63.63333333333333,-0.9537326605128058,-1.0443694004954085
203,58,170,63.666666666666664,-1.0012464173978346,-1.2263915150150908
203,58,171,63.7,-1.0012464173978346,-1.3537039746069262
203,58,172,63.733333333333334,-1.012559216656183,-1.4074121290745192
203,58,173,63.766666666666666,-0.9797520988069985,-1.367735079540855
203,58,174,63.8,-0.5498657269900389,-1.2194919120827659
203,58,175,63.833333333333336,0.24485842090846338,-0.9584459685446374
203,58,176,63.86666666666667,1.2002243182751549,-0.5964561976931662
203,58,177,63.9,1.7155223244925717,-0.16323775706296367
203,58,178,63.93333333333333,1.6832808466062528,0.2965433906177487
203,58,179,63.96666666666667,1.3925419056669486,0.7305079529080152
203,58,180,64.0,1.0146944104383528,1.0882662578129954
203,58,181,64.03333333333333,0.6905827116869553,1.3308815023006935
203,58,182,64.06666666666666,0.4128534898946827,1.4375309369109321
203,58,183,64.1,0.3291387753829734,1.407792696814977
203,58,184,64.13333333333334,0.33366389508630845,1.2593972846268433
203,58,185,64.16666666666667,0.372693052527576,1.0225806654466267
203,58,186,64.2,0.27483733894295276,0.7329260071055264
203,58,187,64.23333333333333,0.0859135913286549,0.42461450202836026
203,58,188,64.26666666666667,-0.1052727161373213,0.12544843426387853
203,58,189,64.3,-0.3411445806736744,-0.1457614051841269
203,58,190,64.33333333333333,-0.5758851652842533,-0.3794838456260952
203,58,191,64.36666666666666,-0.7172951560135222,-0.5738672855379698
203,58,192,64.4,-0.858705146742748,-0.731891735040266
203,58,193,64.43333333333334,-0.953167020549897,-0.8579405573170812
203,58,194,64.46666666666667,-0.9537326605128058,-0.9543836397905945
203,58,195,64.5,-0.9537326605128058,-1.0187917066503205
203,58,196,64.53333333333333,-0.9989838575461779,-1.0425792292293956
203,58,197,64.56666666666666,-1.0459319744682765,-1.0118692165159686
203,58,198,64.6,-0.8688866660752357,-0.9108775846861399
203,58,199,64.63333333333334,-0.1776746313905525,-0.7272514631430725
203,58,200,64.66666666666667,0.8020137843816053,-0.45794590667083435
203,58,201,64.7,1.6663116477188598,-0.11375247086874825
203,58,202,64.73333333333333,1.9389501098447803,0.27925156128456485
203,58,203,64.76666666666667,1.7732176007100882,0.682239562826449
203,58,204,64.8,1.4898319792886414,1.0497970629195812
203,58,205,64.83333333333333,1.1589326009822305,1.338138926932277
203,58,206,64.86666666666666,0.8359521821565857,1.5131651547448675
203,58,207,64.9,0.6311905155806692,1.5562810305044046
203,58,208,64.93333333333334,0.5191938029230888,1.4667323780108403
203,58,209,64.96666666666667,0.5191938029230888,1.2602911060823512
203,58,210,65.0,0.4818615653705693,0.9650213525113922
203,58,211,65.03333333333333,0.3873996915634203,0.615356417304982
203,58,212,65.06666666666666,0.16170934635951165,0.24583143255225073
203,58,213,65.1,-0.039092840476000236,-0.11432462323773175
203,58,214,65.13333333333334,-0.26365190575406977,-0.4448010066580654
203,58,215,65.16666666666667,-0.4525756533683244,-0.735430264616968
203,58,216,65.2,-0.6075610032075985,-0.984862809900775
203,58,217,65.23333333333333,-0.7495366338997764,-1.197019712363063
203,58,218,65.26666666666667,-0.7964847508218749,-1.3761580766280508
203,58,219,65.3,-0.8111913898577192,-1.521816716819125
203,58,220,65.33333333333333,-0.858705146742748,-1.6251525688938036
203,58,221,65.36666666666666,-0.8898153447031847,-1.6681114358690365
203,58,222,65.4,-0.9537326605128058,-1.6263759042997534
203,58,223,65.43333333333334,-0.8637959064090135,-1.4760066539067795
203,58,224,65.46666666666667,-0.2613893459023482,-1.2022953527924092
203,58,225,65.5,0.6753104326883318,-0.8081202536230563
203,58,226,65.53333333333333,1.6289794101662536,-0.31869721441690824
203,58,227,65.56666666666666,2.1425804964949227,0.2195372928715745
203,58,228,65.6,2.127873857459078,0.7462449628349006
203,58,229,65.63333333333334,1.86485127470265,1.1989177511674225
203,58,230,65.66666666666667,1.5814656532812033,1.5258691302275884
203,58,231,65.7,1.2980800318598211,1.6970364197705678
203,58,232,65.73333333333333,0.9920688119216992,1.7097915331750422
203,58,233,65.76666666666667,0.8031450643074012,1.5882588056650313
203,58,234,65.8,0.7330057089057187,1.3762554662985653
203,58,235,65.83333333333333,0.6860575919835986,1.1255475509296529
203,58,236,65.86666666666666,0.5440819612914425,0.8823451608339712
203,58,237,65.9,0.3325326151604693,0.6756309704700995
203,58,238,65.93333333333334,0.07460079207028486,0.5108104672328712
203,58,239,65.96666666666667,-0.16127107246606825,0.3710601558651139
203,59,0,59.0,0.4309539687081093,0.06477301221699747
203,59,1,59.03333333333333,1.5209421772490348,0.047072454279270926
203,59,2,59.06666666666667,1.9785449072489782,0.08586636408795209
203,59,3,59.1,1.8597605150363845,0.21899682712114102
203,59,4,59.13333333333333,1.4920945391403628,0.4526316200113595
203,59,5,59.166666666666664,1.114247043911767,0.7596581154793759
203,59,6,59.2,0.7771256260132084,1.0886012498298079
203,59,7,59.233333333333334,0.4937400045918265,1.3787668978943477
203,59,8,59.266666666666666,0.37665253226800227,1.5761012670692176
203,59,9,59.3,0.36816793282424093,1.6453865000405028
203,59,10,59.333333333333336,0.37665253226800227,1.5763521414390242
203,59,11,59.36666666666667,0.3387546547525523,1.3831810353592826
203,59,12,59.4,0.12211454895535694,1.0984209842148707
203,59,13,59.43333333333333,-0.07699071799145021,0.7634066728764748
203,59,14,59.46666666666667,-0.34962918011747895,0.4179198892280218
203,59,15,59.5,-0.5973794838750893,0.09182075154999128
203,59,16,59.53333333333333,-0.7863032314893872,-0.19932224951169666
203,59,17,59.56666666666667,-0.9752269791036419,-0.4537980798382451
203,59,18,59.6,-1.0487601742828634,-0.6790872924033462
203,59,19,59.63333333333333,-1.0962739311678924,-0.8846755582758045
203,59,20,59.666666666666664,-1.1290810490170768,-1.0746645224455866
203,59,21,59.7,-1.1437876880529212,-1.2424883279598342
203,59,22,59.733333333333334,-1.19130144493795,-1.3694825141359488
203,59,23,59.766666666666666,-1.019346896211175,-1.4280883805178093
203,59,24,59.8,-0.26817702545729677,-1.389261680828592
203,59,25,59.833333333333336,0.8138922236027977,-1.2323072200544891
203,59,26,59.86666666666667,1.7228756440105155,-0.9541832121888354
203,59,27,59.9,2.0107863851352326,-0.5749305465863574
203,59,28,59.93333333333333,1.736451003120499,-0.1367705234389825
203,59,29,59.96666666666667,1.3308871497089625,0.3035378993910174
203,59,30,60.0,0.8857284988933362,0.6870064992641675
203,59,31,60.03333333333333,0.534466081921842,0.9655333282216763
203,59,32,60.06666666666667,0.32461365567961675,1.11176424109344
203,59,33,60.1,0.30707881682920696,1.1230257126178316
203,59,34,60.13333333333333,0.4015406906363559,1.0189036522833481
203,59,35,60.166666666666664,0.4241662891530311,0.8340378550015597
203,59,36,60.2,0.2816250184979446,0.608646596523174
203,59,37,60.233333333333334,0.045187513998617826,0.3792826560870232
203,59,38,60.266666666666666,-0.19124999050066568,0.17182059543436143
203,59,39,60.3,-0.4497474535537589,-0.002065475361723299
203,59,40,60.333333333333336,-0.6641249994993191,-0.14453987578337124
203,59,41,60.36666666666667,-0.8530487471135738,-0.2677828859492151
203,59,42,60.4,-0.9740956991778243,-0.38775952042320355
203,59,43,60.43333333333333,-1.0210438160999444,-0.5170336226179956
203,59,44,60.46666666666667,-1.0487601742828634,-0.6582789485578379
203,59,45,60.5,-1.0487601742828634,-0.800158169125455
203,59,46,60.53333333333333,-1.0306596954695233,-0.9170292451042404
203,59,47,60.56666666666667,-0.6884475179046992,-0.9733497350162676
203,59,48,60.6,0.1832036649505206,-0.9325548310140084
203,59,49,60.63333333333333,1.2862015926385424,-0.7686229293460425
203,59,50,60.666666666666664,2.102985699090746,-0.47696547264643324
203,59,51,60.7,2.2466582496716505,-0.08062420680002887
203,59,52,60.733333333333334,1.9332937102156063,0.3712189138627149
203,59,53,60.766666666666666,1.5413052159140748,0.8128368182233793
203,59,54,60.8,1.1300849628734722,1.1769422085953074
203,59,55,60.833333333333336,0.8127609436770017,1.4102507827483695
203,59,56,60.86666666666667,0.5542634806239302,1.4848441828508125
203,59,57,60.9,0.5191938029230888,1.402359980388186
203,59,58,60.93333333333333,0.5667075598081177,1.1905318273696934
203,59,59,60.96666666666667,0.5452132412172817,0.8938781558937072
203,59,60,61.0,0.35628949360298373,0.5617718473858305
203,59,61,61.03333333333333,0.11023610973405651,0.23736820465684424
203,59,62,61.06666666666667,-0.17314951168732548,-0.05000459295521266
203,59,63,61.1,-0.4565351331087723,-0.28782676227950565
203,59,64,61.13333333333333,-0.6844880381643377,-0.47892746828297134
203,59,65,61.166666666666664,-0.8734117857785924,-0.636656208531005
203,59,66,61.2,-1.008034096952848,-0.7781128492890014
203,59,67,61.233333333333334,-1.0487601742828634,-0.9168952911467831
203,59,68,61.266666666666666,-1.0962739311678924,-1.0567832893571611
203,59,69,61.3,-1.1013646908341577,-1.1877729717300705
203,59,70,61.333333333333336,-1.0826985720578872,-1.285789778479013
203,59,71,61.36666666666667,-0.581541564913341,-1.3169341609012444
203,59,72,61.4,0.37325869249042,-1.246041386592181
203,59,73,61.43333333333333,1.5424364958399788,-1.0478153920209632
203,59,74,61.46666666666667,2.1867004136024555,-0.7173583058759736
203,59,75,61.5,2.177084534232855,-0.27633224842336085
203,59,76,61.53333333333333,1.8925676328855692,0.22812254017985092
203,59,77,61.56666666666667,1.5147201376569734,0.7321753266131379
203,59,78,61.6,1.136872642428464,1.169169623180929
203,59,79,61.63333333333333,0.8059732641219883,1.4839521699394818
203,59,80,61.666666666666664,0.568970119659796,1.6433908119187053
203,59,81,61.7,0.5191938029230888,1.6407838686680427
203,59,82,61.733333333333334,0.5191938029230888,1.4940440153441348
203,59,83,61.766666666666666,0.4745082458526471,1.239077859182007
203,59,84,61.8,0.28841269805293634,0.9204882349600583
203,59,85,61.833333333333336,0.00842091640898541,0.581842975245262
203,59,86,61.86666666666667,-0.2274509481273677,0.2575729999706941
203,59,87,61.9,-0.5108365695488145,-0.031915455206108556
203,59,88,61.93333333333333,-0.704851076829313,-0.28114466168852936
203,59,89,61.96666666666667,-0.8937748244436109,-0.4966335551835573
203,59,90,62.0,-0.9944587378428429,-0.6910295634258794
203,59,91,62.03333333333333,-1.0012464173978346,-0.8757223759242696
203,59,92,62.06666666666667,-1.0408412148020325,-1.0536914057476354
203,59,93,62.1,-1.0487601742828634,-1.2145210881728983
203,59,94,62.13333333333333,-1.0102966568045046,-1.3334378614884008
203,59,95,62.166666666666664,-0.5459062472495694,-1.3755908094033498
203,59,96,62.2,0.36986485271296726,-1.3054139671192901
203,59,97,62.233333333333334,1.446277702144125,-1.0989445836022997
203,59,98,62.266666666666666,2.0894103399807626,-0.7551327320881562
203,59,99,62.3,2.1465399762353274,-0.30163508394878463
203,59,100,62.333333333333336,1.8869112332563949,0.20788653311157346
203,59,101,62.36666666666667,1.5215078172120515,0.7047737284771715
203,59,102,62.4,1.1911740788684846,1.1211101859598556
203,59,103,62.43333333333333,0.8466993414520039,1.4048499017070013
203,59,104,62.46666666666667,0.5961208378798064,1.529805566376014
203,59,105,62.5,0.534466081921842,1.498365572611151
203,59,106,62.53333333333333,0.5191938029230888,1.3372159946337396
203,59,107,62.56666666666667,0.4405698480776234,1.0880670576932467
203,59,108,62.6,0.2680496593879178,0.7963232334685765
203,59,109,62.63333333333333,0.031612154888634274,0.5007573803418977
203,59,110,62.666666666666664,-0.2342386276823811,0.22660883358621614
203,59,111,62.7,-0.48877661099504804,-0.016651096843263463
203,59,112,62.733333333333334,-0.6777003586093027,-0.23300284266438231
203,59,113,62.766666666666666,-0.8389077480406599,-0.43423455146460765
203,59,114,62.8,-0.9537326605128058,-0.6327533490203876
203,59,115,62.833333333333336,-1.0012464173978346,-0.8346788143159454
203,59,116,62.86666666666667,-1.0012464173978346,-1.0347776499527133
203,59,117,62.9,-1.0487601742828634,-1.2144177566002134
203,59,118,62.93333333333333,-1.0962739311678924,-1.3433038472261112
203,59,119,62.96666666666667,-0.9514701006610842,-1.3852297881368905
203,59,120,63.0,-0.28854006412240174,-1.3072703585579861
203,59,121,63.03333333333333,0.6792699124286933,-1.0905849389855164
203,59,122,63.06666666666667,1.5577087748386889,-0.7396291791214712
203,59,123,63.1,1.8716389542576635,-0.28607907164982077
203,59,124,63.13333333333333,1.7375822830462948,0.2149841388538602
203,59,125,63.166666666666664,1.4332679829969857,0.6962923916094282
203,59,126,63.2,1.0757835264334084,1.0935511714393187
203,59,127,63.233333333333334,0.7448841481269327,1.3594378817665327
203,59,128,63.266666666666666,0.4999620441839095,1.4722067708163589
203,59,129,63.3,0.37665253226800227,1.4371410095278148
203,59,130,63.333333333333336,0.37665253226800227,1.281557328486159
203,59,131,63.36666666666667,0.37665253226800227,1.0456634440763988
203,59,132,63.4,0.24768662072289926,0.7721318043062652
203,59,133,63.43333333333333,0.058762873108644594,0.49700200055293525
203,59,134,63.46666666666667,-0.17767463139068215,0.24378659341892245
203,59,135,63.5,-0.41411213588996565,0.021642261487903658
203,59,136,63.53333333333333,-0.6505496403892924,-0.172619527904744
203,59,137,63.56666666666667,-0.7919596311185614,-0.34973028536461465
203,59,138,63.6,-0.9197942627377821,-0.521767091376456
203,59,139,63.63333333333333,-0.9537326605128058,-0.6959848388116725
203,59,140,63.666666666666664,-1.0012464173978346,-0.870030551211469
203,59,141,63.7,-1.0012464173978346,-1.02971253457816
203,59,142,63.733333333333334,-1.012559216656183,-1.1501084660878962
203,59,143,63.766666666666666,-0.9797520988069985,-1.2002012994366018
203,59,144,63.8,-0.5498657269900389,-1.1504684470688642
203,59,145,63.833333333333336,0.24485842090846338,-0.9819303210758257
203,59,146,63.86666666666667,1.2002243182751549,-0.694264644893096
203,59,147,63.9,1.7155223244925717,-0.3101671841552049
203,59,148,63.93333333333333,1.6832808466062528,0.12629600423399154
203,59,149,63.96666666666667,1.3925419056669486,0.5577774670245687
203,59,150,64.0,1.0146944104383528,0.9260266086813354
203,59,151,64.03333333333333,0.6905827116869553,1.184567623911324
203,59,152,64.06666666666666,0.4128534898946827,1.3077839728175282
203,59,153,64.1,0.3291387753829734,1.2941619217900344
203,59,154,64.13333333333334,0.33366389508630845,1.1635291691820908
203,59,155,64.16666666666667,0.372693052527576,0.9498610828425725
203,59,156,64.2,0.27483733894295276,0.6921914934774557
203,59,157,64.23333333333333,0.0859135913286549,0.4261684788094227
203,59,158,64.26666666666667,-0.1052727161373213,0.17800230025575514
203,59,159,64.3,-0.3411445806736744,-0.038478961477302426
203,59,160,64.33333333333333,-0.5758851652842533,-0.22170802054091143
203,59,161,64.36666666666666,-0.7172951560135222,-0.3796314248367156
203,59,162,64.4,-0.858705146742748,-0.5249933447903362
203,59,163,64.43333333333334,-0.953167020549897,-0.6695120950061663
203,59,164,64.46666666666667,-0.9537326605128058,-0.8180735293695168
203,59,165,64.5,-0.9537326605128058,-0.964307631898243
203,59,166,64.53333333333333,-0.9989838575461779,-1.088957689526953
203,59,167,64.56666666666666,-1.0459319744682765,-1.1621174225734172
203,59,168,64.6,-0.8688866660752357,-1.1496011048325296
203,59,169,64.63333333333334,-0.1776746313905525,-1.0224862160814454
203,59,170,64.66666666666667,0.8020137843816053,-0.7675181650590185
203,59,171,64.7,1.6663116477188598,-0.395102495233948
203,59,172,64.73333333333333,1.9389501098447803,0.05836353942238624
203,59,173,64.76666666666667,1.7732176007100882,0.5355797722894167
203,59,174,64.8,1.4898319792886414,0.9699239004808485
203,59,175,64.83333333333333,1.1589326009822305,1.3000810499177904
203,59,176,64.86666666666666,0.8359521821565857,1.4832920807245846
203,59,177,64.9,0.6311905155806692,1.5035246095741035
203,59,178,64.93333333333334,0.5191938029230888,1.372722829760784
203,59,179,64.96666666666667,0.5191938029230888,1.1254513539931135
203,59,180,65.0,0.4818615653705693,0.8089986614372686
203,59,181,65.03333333333333,0.3873996915634203,0.4719378067412401
203,59,182,65.06666666666666,0.16170934635951165,0.1541399014420523
203,59,183,65.1,-0.039092840476000236,-0.11959685415022547
203,59,184,65.13333333333334,-0.26365190575406977,-0.3414499170701712
203,59,185,65.16666666666667,-0.4525756533683244,-0.5183397083145209
203,59,186,65.2,-0.6075610032075985,-0.6665474318067409
203,59,187,65.23333333333333,-0.7495366338997764,-0.804424339534762
203,59,188,65.26666666666667,-0.7964847508218749,-0.9446203597246491
203,59,189,65.3,-0.8111913898577192,-1.087501429925389
203,59,190,65.33333333333333,-0.858705146742748,-1.2175761533038687
203,59,191,65.36666666666666,-0.8898153447031847,-1.3044868059675025
203,59,192,65.4,-0.9537326605128058,-1.3091940245466336
203,59,193,65.43333333333334,-0.8637959064090135,-1.194512741910091
203,59,194,65.46666666666667,-0.2613893459023482,-0.9375315826811444
203,59,195,65.5,0.6753104326883318,-0.5401718161265211
203,59,196,65.53333333333333,1.6289794101662536,-0.033888100646529626
203,59,197,65.56666666666666,2.1425804964949227,0.523955104641392
203,59,198,65.6,2.127873857459078,1.0613482389761988
203,59,199,65.63333333333334,1.86485127470265,1.506922445315547
203,59,200,65.66666666666667,1.5814656532812033,1.8046451222997746
203,59,201,65.7,1.2980800318598211,1.92416916503705
203,59,202,65.73333333333333,0.9920688119216992,1.8647732299888495
203,59,203,65.76666666666667,0.8031450643074012,1.6526334587742164
203,59,204,65.8,0.7330057089057187,1.332691910572005
203,59,205,65.83333333333333,0.6860575919835986,0.9574425287057643
203,59,206,65.86666666666666,0.5440819612914425,0.5754527047416592
203,59,207,65.9,0.3325326151604693,0.2222952866064259
203,59,208,65.93333333333334,0.07460079207028486,-0.08421042688973895
203,59,209,65.96666666666667,-0.16127107246606825,-0.343746515312744
203,59,210,66.0,-0.42429365522249657,-0.5688080293537313
203,59,211,66.03333333333333,-0.6132174028367944,-0.7771378856193148
203,59,212,66.06666666666666,-0.7353956348268409,-0.983310841226522
203,59,213,66.1,-0.8298575086339898,-1.191497651290364
203,59,214,66.13333333333334,-0.9062189036277769,-1.3911545698556276
203,59,215,66.16666666666667,-0.9537326605128058,-1.5569156612544697
203,59,216,66.2,-1.0012464173978346,-1.6532721176007494
203,59,217,66.23333333333333,-1.0487601742828634,-1.6435229942256844
203,59,218,66.26666666666667,-1.112111850129576,-1.5010161146072705
203,59,219,66.3,-1.03518481517288,-1.21941406308369
203,59,220,66.33333333333333,-0.48877661099500486,-0.8183788758825836
203,59,221,66.36666666666666,0.4513170073731711,-0.342207276946904
203,59,222,66.4,1.4830442997336495,0.14860783256024404
203,59,223,66.43333333333334,1.9706259477681474,0.5903301455315514
203,59,224,66.46666666666667,1.9672321079906083,0.9294484911566444
203,59,225,66.5,1.7189161642700674,1.1328502357030226
203,59,226,66.53333333333333,1.4242177435902723,1.1923854578757316
203,59,227,66.56666666666666,1.1046311645422098,1.1234366171473602
203,59,228,66.6,0.821245543120763,0.9586570012317731
203,59,229,66.63333333333334,0.6046054373235461,0.738995604897184
203,59,230,66.66666666666667,0.5191938029230888,0.5045357121375088
203,59,231,66.7,0.5107092034793276,0.28744396383074045
203,59,232,66.73333333333333,0.40832837019132606,0.10843304700068557
203,59,233,66.76666666666667,0.1718908656920425,-0.02310853248971586
203,59,234,66.8,-0.02382056147726874,-0.10632061522497877
203,59,235,66.83333333333333,-0.30098414330656775,-0.14509199013316193
203,59,236,66.86666666666666,-0.5374216478058945,-0.14497355942139606
203,59,237,66.9,-0.7263453954201924,-0.1117696942783078
203,59,238,66.93333333333334,-0.8677553861494182,-0.05172127681570096
203,59,239,66.96666666666667,-1.005205897138261,0.027658369990005413
203,60,0,60.0,0.8857284988933362,0.013651388303444052
203,60,1,60.03333333333333,0.534466081921842,0.19174988902615092
203,60,2,60.06666666666667,0.32461365567961675,0.3661053592001019
203,60,3,60.1,0.30707881682920696,0.5323442450659801
203,60,4,60.13333333333333,0.4015406906363559,0.6835632862324854
203,60,5,60.166666666666664,0.4241662891530311,0.8100937130138557
203,60,6,60.2,0.2816250184979446,0.899762628385175
203,60,7,60.233333333333334,0.045187513998617826,0.9389801300257522
203,60,8,60.266666666666666,-0.19124999050066568,0.9150798016000339
203,60,9,60.3,-0.4497474535537589,0.8198395504476239
203,60,10,60.333333333333336,-0.6641249994993191,0.653255022244624
203,60,11,60.36666666666667,-0.8530487471135738,0.4259478071406565
203,60,12,60.4,-0.9740956991778243,0.15864785653051605
203,60,13,60.43333333333333,-1.0210438160999444,-0.12162505415924926
203,60,14,60.46666666666667,-1.0487601742828634,-0.38715700985384327
203,60,15,60.5,-1.0487601742828634,-0.6142826641137877
203,60,16,60.53333333333333,-1.0306596954695233,-0.7853988841858445
203,60,17,60.56666666666667,-0.6884475179046992,-0.8882301635323889
203,60,18,60.6,0.1832036649505206,-0.9138641761133319
203,60,19,60.63333333333333,1.2862015926385424,-0.8555967948097434
203,60,20,60.666666666666664,2.102985699090746,-0.7100757622345447
203,60,21,60.7,2.2466582496716505,-0.48088702015801976
203,60,22,60.733333333333334,1.9332937102156063,-0.1831120162021781
203,60,23,60.766666666666666,1.5413052159140748,0.15385444942390925
203,60,24,60.8,1.1300849628734722,0.488054748282174
203,60,25,60.833333333333336,0.8127609436770017,0.7723988013235187
203,60,26,60.86666666666667,0.5542634806239302,0.9657300885059781
203,60,27,60.9,0.5191938029230888,1.043096626643842
203,60,28,60.93333333333333,0.5667075598081177,1.0010606575746201
203,60,29,60.96666666666667,0.5452132412172817,0.8562984687282355
203,60,30,61.0,0.35628949360298373,0.638617203771848
203,60,31,61.03333333333333,0.11023610973405651,0.38152934628741997
203,60,32,61.06666666666667,-0.17314951168732548,0.11399927860427216
203,60,33,61.1,-0.4565351331087723,-0.1441088293747231
203,60,34,61.13333333333333,-0.6844880381643377,-0.3823366797489283
203,60,35,61.166666666666664,-0.8734117857785924,-0.5968530453780755
203,60,36,61.2,-1.008034096952848,-0.7863590730700748
203,60,37,61.233333333333334,-1.0487601742828634,-0.9481879294327553
203,60,38,61.266666666666666,-1.0962739311678924,-1.075631372371502
203,60,39,61.3,-1.1013646908341577,-1.1571148497863988
203,60,40,61.333333333333336,-1.0826985720578872,-1.1774804225108375
203,60,41,61.36666666666667,-0.581541564913341,-1.1212162789040965
203,60,42,61.4,0.37325869249042,-0.9769473149552591
203,60,43,61.43333333333333,1.5424364958399788,-0.7420140710147058
203,60,44,61.46666666666667,2.1867004136024555,-0.42574952224101037
203,60,45,61.5,2.177084534232855,-0.05028745663308747
203,60,46,61.53333333333333,1.8925676328855692,0.35158875602207446
203,60,47,61.56666666666667,1.5147201376569734,0.7411473750704067
203,60,48,61.6,1.136872642428464,1.079771412370664
203,60,49,61.63333333333333,0.8059732641219883,1.3348602379259404
203,60,50,61.666666666666664,0.568970119659796,1.4842748479766619
203,60,51,61.7,0.5191938029230888,1.5186271464669754
203,60,52,61.733333333333334,0.5191938029230888,1.4413390589001736
203,60,53,61.766666666666666,0.4745082458526471,1.2667859586579107
203,60,54,61.8,0.28841269805293634,1.0169621839147183
203,60,55,61.833333333333336,0.00842091640898541,0.7172405715913446
203,60,56,61.86666666666667,-0.2274509481273677,0.39210629577011125
203,60,57,61.9,-0.5108365695488145,0.06192181924400142
203,60,58,61.93333333333333,-0.704851076829313,-0.2585014426768631
203,60,59,61.96666666666667,-0.8937748244436109,-0.5593551372351993
203,60,60,62.0,-0.9944587378428429,-0.8337312335283702
203,60,61,62.03333333333333,-1.0012464173978346,-1.0747402347105892
203,60,62,62.06666666666667,-1.0408412148020325,-1.2727227410621202
203,60,63,62.1,-1.0487601742828634,-1.4134511373861864
203,60,64,62.13333333333333,-1.0102966568045046,-1.4782563797486772
203,60,65,62.166666666666664,-0.5459062472495694,-1.4468137602847866
203,60,66,62.2,0.36986485271296726,-1.3025942615602428
203,60,67,62.233333333333334,1.446277702144125,-1.039766305699555
203,60,68,62.266666666666666,2.0894103399807626,-0.6691195674054339
203,60,69,62.3,2.1465399762353274,-0.22030596048474071
203,60,70,62.333333333333336,1.8869112332563949,0.2611305680062544
203,60,71,62.36666666666667,1.5215078172120515,0.7214556526291764
203,60,72,62.4,1.1911740788684846,1.10894421302267
203,60,73,62.43333333333333,0.8466993414520039,1.3835699568861675
203,60,74,62.46666666666667,0.5961208378798064,1.5235698343628228
203,60,75,62.5,0.534466081921842,1.5274849144900444
203,60,76,62.53333333333333,0.5191938029230888,1.4117232435056728
203,60,77,62.56666666666667,0.4405698480776234,1.2048368923130854
203,60,78,62.6,0.2680496593879178,0.9402816738201044
203,60,79,62.63333333333333,0.031612154888634274,0.6494920471089355
203,60,80,62.666666666666664,-0.2342386276823811,0.35680928049746596
203,60,81,62.7,-0.48877661099504804,0.07717306432269927
203,60,82,62.733333333333334,-0.6777003586093027,-0.18338306114871356
203,60,83,62.766666666666666,-0.8389077480406599,-0.4251430035410176
203,60,84,62.8,-0.9537326605128058,-0.6510494897910124
203,60,85,62.833333333333336,-1.0012464173978346,-0.8628962125633818
203,60,86,62.86666666666667,-1.0012464173978346,-1.0580204443311159
203,60,87,62.9,-1.0487601742828634,-1.2269894634938125
203,60,88,62.93333333333333,-1.0962739311678924,-1.3528426668425246
203,60,89,62.96666666666667,-0.9514701006610842,-1.4125570933791827
203,60,90,63.0,-0.28854006412240174,-1.3812118241364866
203,60,91,63.03333333333333,0.6792699124286933,-1.238580484407381
203,60,92,63.06666666666667,1.5577087748386889,-0.9766923474132031
203,60,93,63.1,1.8716389542576635,-0.6059016474006159
203,60,94,63.13333333333333,1.7375822830462948,-0.15690552232684804
203,60,95,63.166666666666664,1.4332679829969857,0.32275614940478187
203,60,96,63.2,1.0757835264334084,0.7772188602157812
203,60,97,63.233333333333334,0.7448841481269327,1.1534122202774217
203,60,98,63.266666666666666,0.4999620441839095,1.4114347595070953
203,60,99,63.3,0.37665253226800227,1.5312527991770901
203,60,100,63.333333333333336,0.37665253226800227,1.5142635263095277
203,60,101,63.36666666666667,0.37665253226800227,1.3800219726990222
203,60,102,63.4,0.24768662072289926,1.159714202914057
203,60,103,63.43333333333333,0.058762873108644594,0.8884654198924739
203,60,104,63.46666666666667,-0.17767463139068215,0.5983936826898629
203,60,105,63.5,-0.41411213588996565,0.31374626855731647
203,60,106,63.53333333333333,-0.6505496403892924,0.04877503141430844
203,60,107,63.56666666666667,-0.7919596311185614,-0.19163809152266054
203,60,108,63.6,-0.9197942627377821,-0.4091469825328074
203,60,109,63.63333333333333,-0.9537326605128058,-0.6078221924578203
203,60,110,63.666666666666664,-1.0012464173978346,-0.7898266272185157
203,60,111,63.7,-1.0012464173978346,-0.9519172225287247
203,60,112,63.733333333333334,-1.012559216656183,-1.083613253463899
203,60,113,63.766666666666666,-0.9797520988069985,-1.167617371219012
203,60,114,63.8,-0.5498657269900389,-1.182752739771967
203,60,115,63.833333333333336,0.24485842090846338,-1.1091611574694071
203,60,116,63.86666666666667,1.2002243182751549,-0.9347615251042167
203,60,117,63.9,1.7155223244925717,-0.661250320452025
203,60,118,63.93333333333333,1.6832808466062528,-0.30761773035744716
203,60,119,63.96666666666667,1.3925419056669486,0.09047144668619407
203,60,120,64.0,1.0146944104383528,0.4859825800436706
203,60,121,64.03333333333333,0.6905827116869553,0.8294991078097775
203,60,122,64.06666666666666,0.4128534898946827,1.0794426939042416
203,60,123,64.1,0.3291387753829734,1.2104419343867923
203,60,124,64.13333333333334,0.33366389508630845,1.2173716622683148
203,60,125,64.16666666666667,0.372693052527576,1.1141791480907797
203,60,126,64.2,0.27483733894295276,0.9284576408700065
203,60,127,64.23333333333333,0.0859135913286549,0.6939236357001225
203,60,128,64.26666666666667,-0.1052727161373213,0.4430277327051045
203,60,129,64.3,-0.3411445806736744,0.2012593071471165
203,60,130,64.33333333333333,-0.5758851652842533,-0.016066666006533878
203,60,131,64.36666666666666,-0.7172951560135222,-0.2043664989845261
203,60,132,64.4,-0.858705146742748,-0.36795670665153546
203,60,133,64.43333333333334,-0.953167020549897,-0.5163512909653158
203,60,134,64.46666666666667,-0.9537326605128058,-0.6593181924221931
203,60,135,64.5,-0.9537326605128058,-0.8015197487422417
203,60,136,64.53333333333333,-0.9989838575461779,-0.9379326723436475
203,60,137,64.56666666666666,-1.0459319744682765,-1.0515600995956436
203,60,138,64.6,-0.8688866660752357,-1.1148390506376786
203,60,139,64.63333333333334,-0.1776746313905525,-1.09536870270721
203,60,140,64.66666666666667,0.8020137843816053,-0.9651875736141663
203,60,141,64.7,1.6663116477188598,-0.7112343474760058
203,60,142,64.73333333333333,1.9389501098447803,-0.3435248796612927
203,60,143,64.76666666666667,1.7732176007100882,0.10231683130868607
203,60,144,64.8,1.4898319792886414,0.5699326065145159
203,60,145,64.83333333333333,1.1589326009822305,0.9936725026370429
203,60,146,64.86666666666666,0.8359521821565857,1.313249353328373
203,60,147,64.9,0.6311905155806692,1.4870114022181065
203,60,148,64.93333333333334,0.5191938029230888,1.499914536470762
203,60,149,64.96666666666667,0.5191938029230888,1.3643610088042035
203,60,150,65.0,0.4818615653705693,1.114491444019824
203,60,151,65.03333333333333,0.3873996915634203,0.7963243544439673
203,60,152,65.06666666666666,0.16170934635951165,0.4568304032990336
203,60,153,65.1,-0.039092840476000236,0.13469640670234356
203,60,154,65.13333333333334,-0.26365190575406977,-0.1454181560312316
203,60,155,65.16666666666667,-0.4525756533683244,-0.3745012515825461
203,60,156,65.2,-0.6075610032075985,-0.5570984174237148
203,60,157,65.23333333333333,-0.7495366338997764,-0.7065354314609014
203,60,158,65.26666666666667,-0.7964847508218749,-0.8386015539986857
203,60,159,65.3,-0.8111913898577192,-0.9648215089596016
203,60,160,65.33333333333333,-0.858705146742748,-1.0865906809165065
203,60,161,65.36666666666666,-0.8898153447031847,-1.191667161086741
203,60,162,65.4,-0.9537326605128058,-1.2544676950943026
203,60,163,65.43333333333334,-0.8637959064090135,-1.241007946621477
203,60,164,65.46666666666667,-0.2613893459023482,-1.11808374371211
203,60,165,65.5,0.6753104326883318,-0.864671810332434
203,60,166,65.53333333333333,1.6289794101662536,-0.48213873757643505
203,60,167,65.56666666666666,2.1425804964949227,0.0005161083990004637
203,60,168,65.6,2.127873857459078,0.528982499870135
203,60,169,65.63333333333334,1.86485127470265,1.0336385399474566
203,60,170,65.66666666666667,1.5814656532812033,1.4444837743337344
203,60,171,65.7,1.2980800318598211,1.7064348629779857
203,60,172,65.73333333333333,0.9920688119216992,1.790522594113765
203,60,173,65.76666666666667,0.8031450643074012,1.6981952382279495
203,60,174,65.8,0.7330057089057187,1.4581845092824937
203,60,175,65.83333333333333,0.6860575919835986,1.1174988547847005
203,60,176,65.86666666666666,0.5440819612914425,0.7295648796417681
203,60,177,65.9,0.3325326151604693,0.34292063255388044
203,60,178,65.93333333333334,0.07460079207028486,-0.0068989643365360035
203,60,179,65.96666666666667,-0.16127107246606825,-0.3010793897319278
203,60,180,66.0,-0.42429365522249657,-0.537048250420635
203,60,181,66.03333333333333,-0.6132174028367944,-0.7248150563467075
203,60,182,66.06666666666666,-0.7353956348268409,-0.8812365779480831
203,60,183,66.1,-0.8298575086339898,-1.0231487780153115
203,60,184,66.13333333333334,-0.9062189036277769,-1.1603887044225323
203,60,185,66.16666666666667,-0.9537326605128058,-1.2900991960347343
203,60,186,66.2,-1.0012464173978346,-1.3940400965340398
203,60,187,66.23333333333333,-1.0487601742828634,-1.4405095983360678
203,60,188,66.26666666666667,-1.112111850129576,-1.3915841143325367
203,60,189,66.3,-1.03518481517288,-1.21466176694474
203,60,190,66.33333333333333,-0.48877661099500486,-0.8952132718064363
203,60,191,66.36666666666666,0.4513170073731711,-0.44625971413308063
203,60,192,66.4,1.4830442997336495,0.08955423583979871
203,60,193,66.43333333333334,1.9706259477681474,0.6470051584756951
203,60,194,66.46666666666667,1.9672321079906083,1.1524939395457545
203,60,195,66.5,1.7189161642700674,1.5405535572173756
203,60,196,66.53333333333333,1.4242177435902723,1.7673509792266158
203,60,197,66.56666666666666,1.1046311645422098,1.8176407463612716
203,60,198,66.6,0.821245543120763,1.7043089778758715
203,60,199,66.63333333333334,0.6046054373235461,1.4619213339923505
203,60,200,66.66666666666667,0.5191938029230888,1.1368377687843776
203,60,201,66.7,0.5107092034793276,0.7766867145182231
203,60,202,66.73333333333333,0.40832837019132606,0.42172785374316585
203,60,203,66.76666666666667,0.1718908656920425,0.09980764770743848
203,60,204,66.8,-0.02382056147726874,-0.17477436072208438
203,60,205,66.83333333333333,-0.30098414330656775,-0.39945059007841993
203,60,206,66.86666666666666,-0.5374216478058945,-0.5800746721248425
203,60,207,66.9,-0.7263453954201924,-0.727236323958218
203,60,208,66.93333333333334,-0.8677553861494182,-0.8526210958486278
203,60,209,66.96666666666667,-1.005205897138261,-0.9653651842663684
203,60,210,67.0,-1.0521540140603594,-1.0684864366191238
203,60,211,67.03333333333333,-1.0991021309824796,-1.1560491293200335
203,60,212,67.06666666666666,-1.1460502479045995,-1.2122528211128054
203,60,213,67.1,-1.192998364826698,-1.213620507015165
203,60,214,67.13333333333334,-1.2399464817488182,-1.1346580084597582
203,60,215,67.16666666666667,-1.3332770756301062,-0.9559891855151603
203,60,216,67.2,-1.0962739311678924,-0.6726235875526473
203,60,217,67.23333333333333,-0.3417102206365184,-0.29939030542731865
203,60,218,67.26666666666667,0.6956734713531343,0.12883043824317425
203,60,219,67.3,1.598434852168769,0.5626508908403584
203,60,220,67.33333333333333,1.8473164358522403,0.9478025486673732
203,60,221,67.36666666666666,1.620494810722514,1.2358015021938489
203,60,222,67.4,1.2454755153085053,1.3929272420985197
203,60,223,67.43333333333334,0.8240737429352853,1.405870617633756
203,60,224,67.46666666666667,0.532769162033094,1.2831594267843907
203,60,225,67.5,0.2918065378304322,1.052120680099356
203,60,226,67.53333333333333,0.2816250184979446,0.7521957341080163
203,60,227,67.56666666666666,0.3291387753829734,0.4265029490219927
203,60,228,67.6,0.3291387753829734,0.11396124398411685
203,60,229,67.63333333333334,0.1537903868787023,-0.15617278870941725
203,60,230,67.66666666666667,-0.035133360735595566,-0.3665898035484975
203,60,231,67.7,-0.3106000226761466,-0.5113994465425123
203,60,232,67.73333333333333,-0.5464718872125646,-0.5937978357648128
203,60,233,67.76666666666667,-0.7444458742335326,-0.6229870476700679
203,60,234,67.8,-0.9333696218477873,-0.6110695331617758
203,60,235,67.83333333333333,-1.0380130149874454,-0.5702753707613534
203,60,236,67.86666666666666,-1.0962739311678924,-0.510731994655806
203,60,237,67.9,-1.131909248831664,-0.43902925881055793
203,60,238,67.93333333333334,-1.1437876880529212,-0.3578728415928003
203,60,239,67.96666666666667,-1.1437876880529212,-0.26696848210240803
203,61,0,61.0,0.35628949360298373,-0.15150309045094149
203,61,1,61.03333333333333,0.11023610973405651,-0.25662862645464074
203,61,2,61.06666666666667,-0.17314951168732548,-0.3719590082479883
203,61,3,61.1,-0.4565351331087723,-0.5057161565423902
203,61,4,61.13333333333333,-0.6844880381643377,-0.6580236900815271
203,61,5,61.166666666666664,-0.8734117857785924,-0.820687841270595
203,61,6,61.2,-1.008034096952848,-0.9791487282826349
203,61,7,61.233333333333334,-1.0487601742828634,-1.115338312075674
203,61,8,61.266666666666666,-1.0962739311678924,-1.210428873468255
203,61,9,61.3,-1.1013646908341577,-1.2470772447351248
203,61,10,61.333333333333336,-1.0826985720578872,-1.2111811263530439
203,61,11,61.36666666666667,-0.581541564913341,-1.0933588991978311
203,61,12,61.4,0.37325869249042,-0.8904820871902761
203,61,13,61.43333333333333,1.5424364958399788,-0.6074238754639285
203,61,14,61.46666666666667,2.1867004136024555,-0.25862076417191593
203,61,15,61.5,2.177084534232855,0.13153397202272205
203,61,16,61.53333333333333,1.8925676328855692,0.5304840326602217
203,61,17,61.56666666666667,1.5147201376569734,0.9017193258859448
203,61,18,61.6,1.136872642428464,1.210346776723059
203,61,19,61.63333333333333,0.8059732641219883,1.4282747279475922
203,61,20,61.666666666666664,0.568970119659796,1.5377921768336447
203,61,21,61.7,0.5191938029230888,1.5332494783161132
203,61,22,61.733333333333334,0.5191938029230888,1.4208937873488
203,61,23,61.766666666666666,0.4745082458526471,1.216903000033359
203,61,24,61.8,0.28841269805293634,0.9438909058571878
203,61,25,61.833333333333336,0.00842091640898541,0.6266040355996195
203,61,26,61.86666666666667,-0.2274509481273677,0.2878704659771889
203,61,27,61.9,-0.5108365695488145,-0.05409226297028821
203,61,28,61.93333333333333,-0.704851076829313,-0.3862235257081512
203,61,29,61.96666666666667,-0.8937748244436109,-0.6989402181285369
203,61,30,62.0,-0.9944587378428429,-0.9830471161867393
203,61,31,62.03333333333333,-1.0012464173978346,-1.226635853518604
203,61,32,62.06666666666667,-1.0408412148020325,-1.4132983776048802
203,61,33,62.1,-1.0487601742828634,-1.5224787588233726
203,61,34,62.13333333333333,-1.0102966568045046,-1.5322309051169605
203,61,35,62.166666666666664,-0.5459062472495694,-1.424109120117043
203,61,36,62.2,0.36986485271296726,-1.1892919718741681
203,61,37,62.233333333333334,1.446277702144125,-0.8342775808852233
203,61,38,62.266666666666666,2.0894103399807626,-0.38390845137992113
203,61,39,62.3,2.1465399762353274,0.12009681240074226
203,61,40,62.333333333333336,1.8869112332563949,0.6252278645265069
203,61,41,62.36666666666667,1.5215078172120515,1.0771441745581651
203,61,42,62.4,1.1911740788684846,1.42897672591199
203,61,43,62.43333333333333,0.8466993414520039,1.6486989860377383
203,61,44,62.46666666666667,0.5961208378798064,1.7230592397669098
203,61,45,62.5,0.534466081921842,1.65752518337314
203,61,46,62.53333333333333,0.5191938029230888,1.4726893657144857
203,61,47,62.56666666666667,0.4405698480776234,1.198379827142139
203,61,48,62.6,0.2680496593879178,0.8671099915876691
203,61,49,62.63333333333333,0.031612154888634274,0.5084417078670863
203,61,50,62.666666666666664,-0.2342386276823811,0.1454070998162865
203,61,51,62.7,-0.48877661099504804,-0.20650047830190946
203,61,52,62.733333333333334,-0.6777003586093027,-0.5379315351509506
203,61,53,62.766666666666666,-0.8389077480406599,-0.842637503422523
203,61,54,62.8,-0.9537326605128058,-1.1139327789093907
203,61,55,62.833333333333336,-1.0012464173978346,-1.3418990342706476
203,61,56,62.86666666666667,-1.0012464173978346,-1.5122913808637795
203,61,57,62.9,-1.0487601742828634,-1.6075677746143466
203,61,58,62.93333333333333,-1.0962739311678924,-1.6098526040207066
203,61,59,62.96666666666667,-0.9514701006610842,-1.5051590163223305
203,61,60,63.0,-0.28854006412240174,-1.2879181943364428
203,61,61,63.03333333333333,0.6792699124286933,-0.9646991041999579
203,61,62,63.06666666666667,1.5577087748386889,-0.5559309296513876
203,61,63,63.1,1.8716389542576635,-0.09472961644318252
203,61,64,63.13333333333333,1.7375822830462948,0.3772579792586744
203,61,65,63.166666666666664,1.4332679829969857,0.8160641503926652
203,61,66,63.2,1.0757835264334084,1.1820425862277162
203,61,67,63.233333333333334,0.7448841481269327,1.4453082916800908
203,61,68,63.266666666666666,0.4999620441839095,1.5889837631574002
203,61,69,63.3,0.37665253226800227,1.610049333102466
203,61,70,63.333333333333336,0.37665253226800227,1.5180588775453054
203,61,71,63.36666666666667,0.37665253226800227,1.332164213089009
203,61,72,63.4,0.24768662072289926,1.0770457165181277
203,61,73,63.43333333333333,0.058762873108644594,0.7785449571363574
203,61,74,63.46666666666667,-0.17767463139068215,0.4599308677853252
203,61,75,63.5,-0.41411213588996565,0.13961528790542346
203,61,76,63.53333333333333,-0.6505496403892924,-0.16930547645505972
203,61,77,63.56666666666667,-0.7919596311185614,-0.45785589409568256
203,61,78,63.6,-0.9197942627377821,-0.7189195145969026
203,61,79,63.63333333333333,-0.9537326605128058,-0.9447506608326014
203,61,80,63.666666666666664,-1.0012464173978346,-1.1252017356571211
203,61,81,63.7,-1.0012464173978346,-1.2474065689632658
203,61,82,63.733333333333334,-1.012559216656183,-1.297123954410101
203,61,83,63.766666666666666,-0.9797520988069985,-1.2614162463502558
203,61,84,63.8,-0.5498657269900389,-1.1321014408074666
203,61,85,63.833333333333336,0.24485842090846338,-0.9093055012002286
203,61,86,63.86666666666667,1.2002243182751549,-0.6042379341479833
203,61,87,63.9,1.7155223244925717,-0.2401669588281353
203,61,88,63.93333333333333,1.6832808466062528,0.14922770786339043
203,61,89,63.96666666666667,1.3925419056669486,0.5242729721291142
203,61,90,64.0,1.0146944104383528,0.8456619558270987
203,61,91,64.03333333333333,0.6905827116869553,1.0811221654386136
203,61,92,64.06666666666666,0.4128534898946827,1.2105830651951965
203,61,93,64.1,0.3291387753829734,1.2285642110238573
203,61,94,64.13333333333334,0.33366389508630845,1.143475995619344
203,61,95,64.16666666666667,0.372693052527576,0.9744534899135133
203,61,96,64.2,0.27483733894295276,0.7468404531864162
203,61,97,64.23333333333333,0.0859135913286549,0.48747284515143624
203,61,98,64.26666666666667,-0.1052727161373213,0.2206556282166733
203,61,99,64.3,-0.3411445806736744,-0.0346364253853537
203,61,100,64.33333333333333,-0.5758851652842533,-0.2661333240336512
203,61,101,64.36666666666666,-0.7172951560135222,-0.4682218069083422
203,61,102,64.4,-0.858705146742748,-0.6405595637484125
203,61,103,64.43333333333334,-0.953167020549897,-0.7855240891694398
203,61,104,64.46666666666667,-0.9537326605128058,-0.9048875509921077
203,61,105,64.5,-0.9537326605128058,-0.9964747355269448
203,61,106,64.53333333333333,-0.9989838575461779,-1.0519177578786525
203,61,107,64.56666666666666,-1.0459319744682765,-1.0566612612553556
203,61,108,64.6,-0.8688866660752357,-0.9928661003487523
203,61,109,64.63333333333334,-0.1776746313905525,-0.8448840028277129
203,61,110,64.66666666666667,0.8020137843816053,-0.6058737366734268
203,61,111,64.7,1.6663116477188598,-0.28338286478166747
203,61,112,64.73333333333333,1.9389501098447803,0.09826527612623068
203,61,113,64.76666666666667,1.7732176007100882,0.5000496463387525
203,61,114,64.8,1.4898319792886414,0.8745807682369026
203,61,115,64.83333333333333,1.1589326009822305,1.1750540475083113
203,61,116,64.86666666666666,0.8359521821565857,1.3644508598605933
203,61,117,64.9,0.6311905155806692,1.422620742499773
203,61,118,64.93333333333334,0.5191938029230888,1.3494834796278803
203,61,119,64.96666666666667,0.5191938029230888,1.1636572979216997
203,61,120,65.0,0.4818615653705693,0.8971246785710462
203,61,121,65.03333333333333,0.3873996915634203,0.5876474018345527
203,61,122,65.06666666666666,0.16170934635951165,0.27111224772375964
203,61,123,65.1,-0.039092840476000236,-0.02432751710681922
203,61,124,65.13333333333334,-0.26365190575406977,-0.28135111409018027
203,61,125,65.16666666666667,-0.4525756533683244,-0.49378379706280273
203,61,126,65.2,-0.6075610032075985,-0.6646246953374498
203,61,127,65.23333333333333,-0.7495366338997764,-0.8024380186381648
203,61,128,65.26666666666667,-0.7964847508218749,-0.9167993916209929
203,61,129,65.3,-0.8111913898577192,-1.013594336182357
203,61,130,65.33333333333333,-0.858705146742748,-1.0911448323786685
203,61,131,65.36666666666666,-0.8898153447031847,-1.1382693545079532
203,61,132,65.4,-0.9537326605128058,-1.1352632326967258
203,61,133,65.43333333333334,-0.8637959064090135,-1.0582550158144588
203,61,134,65.46666666666667,-0.2613893459023482,-0.8864258690130136
203,61,135,65.5,0.6753104326883318,-0.6103666772295462
203,61,136,65.53333333333333,1.6289794101662536,-0.23887680413033205
203,61,137,65.56666666666666,2.1425804964949227,0.19850372642335729
203,61,138,65.6,2.127873857459078,0.6546651338743492
203,61,139,65.63333333333334,1.86485127470265,1.0732769022125974
203,61,140,65.66666666666667,1.5814656532812033,1.400075046369171
203,61,141,65.7,1.2980800318598211,1.5939767796961044
203,61,142,65.73333333333333,0.9920688119216992,1.6350673511824332
203,61,143,65.76666666666667,0.8031450643074012,1.5274991258459727
203,61,144,65.8,0.7330057089057187,1.2968061385667469
203,61,145,65.83333333333333,0.6860575919835986,0.9826919797788733
203,61,146,65.86666666666666,0.5440819612914425,0.6295743665547104
203,61,147,65.9,0.3325326151604693,0.27757259895384345
203,61,148,65.93333333333334,0.07460079207028486,-0.043972120684007264
203,61,149,65.96666666666667,-0.16127107246606825,-0.31948980684824324
203,61,150,66.0,-0.42429365522249657,-0.5467703755624606
203,61,151,66.03333333333333,-0.6132174028367944,-0.7338263025528053
203,61,152,66.06666666666666,-0.7353956348268409,-0.8938778389398588
203,61,153,66.1,-0.8298575086339898,-1.0393282172541751
203,61,154,66.13333333333334,-0.9062189036277769,-1.175747572438349
203,61,155,66.16666666666667,-0.9537326605128058,-1.2972238144060155
203,61,156,66.2,-1.0012464173978346,-1.384716531105597
203,61,157,66.23333333333333,-1.0487601742828634,-1.4087817348997507
203,61,158,66.26666666666667,-1.112111850129576,-1.3369054549605068
203,61,159,66.3,-1.03518481517288,-1.1439247530935872
203,61,160,66.33333333333333,-0.48877661099500486,-0.8223548238081517
203,61,161,66.36666666666666,0.4513170073731711,-0.38885790096094114
203,61,162,66.4,1.4830442997336495,0.11584461803441712
203,61,163,66.43333333333334,1.9706259477681474,0.6340016706423137
203,61,164,66.46666666666667,1.9672321079906083,1.1026650647347158
203,61,165,66.5,1.7189161642700674,1.4665987278682509
203,61,166,66.53333333333333,1.4242177435902723,1.6885416235487087
203,61,167,66.56666666666666,1.1046311645422098,1.7544161463459886
203,61,168,66.6,0.821245543120763,1.6729133421546076
203,61,169,66.63333333333334,0.6046054373235461,1.4704978589876245
203,61,170,66.66666666666667,0.5191938029230888,1.1838075078836583
203,61,171,66.7,0.5107092034793276,0.8516506659007209
203,61,172,66.73333333333333,0.40832837019132606,0.50849241066669
203,61,173,66.76666666666667,0.1718908656920425,0.18055940064424902
203,61,174,66.8,-0.02382056147726874,-0.11533163426862462
203,61,175,66.83333333333333,-0.30098414330656775,-0.3709593182280859
203,61,176,66.86666666666666,-0.5374216478058945,-0.5849079088778366
203,61,177,66.9,-0.7263453954201924,-0.7605005221368882
203,61,178,66.93333333333334,-0.8677553861494182,-0.9035827575799373
203,61,179,66.96666666666667,-1.005205897138261,-1.019988097977447
203,61,180,67.0,-1.0521540140603594,-1.1127743122419518
203,61,181,67.03333333333333,-1.0991021309824796,-1.1798086201252518
203,61,182,67.06666666666666,-1.1460502479045995,-1.2125215000360516
203,61,183,67.1,-1.192998364826698,-1.1965219252451427
203,61,184,67.13333333333334,-1.2399464817488182,-1.114369665989249
203,61,185,67.16666666666667,-1.3332770756301062,-0.9502465392059213
203,61,186,67.2,-1.0962739311678924,-0.6956646953999738
203,61,187,67.23333333333333,-0.3417102206365184,-0.3547953305132631
203,61,188,67.26666666666667,0.6956734713531343,0.05231114626891685
203,61,189,67.3,1.598434852168769,0.490083718386189
203,61,190,67.33333333333333,1.8473164358522403,0.9118874982158703
203,61,191,67.36666666666666,1.620494810722514,1.2678423426536973
203,61,192,67.4,1.2454755153085053,1.514225850352017
203,61,193,67.43333333333334,0.8240737429352853,1.622093874122347
203,61,194,67.46666666666667,0.532769162033094,1.582758621640542
203,61,195,67.5,0.2918065378304322,1.4086003656409767
203,61,196,67.53333333333333,0.2816250184979446,1.1292395431627509
203,61,197,67.56666666666666,0.3291387753829734,0.784551273082331
203,61,198,67.6,0.3291387753829734,0.4166095622493597
203,61,199,67.63333333333334,0.1537903868787023,0.06243703599881629
203,61,200,67.66666666666667,-0.035133360735595566,-0.2511542480965233
203,61,201,67.7,-0.3106000226761466,-0.5099748901410447
203,61,202,67.73333333333333,-0.5464718872125646,-0.7119952736823333
203,61,203,67.76666666666667,-0.7444458742335326,-0.864348266263421
203,61,204,67.8,-0.9333696218477873,-0.9786011560951798
203,61,205,67.83333333333333,-1.0380130149874454,-1.0654539822381621
203,61,206,67.86666666666666,-1.0962739311678924,-1.1301325264209816
203,61,207,67.9,-1.131909248831664,-1.1696127724687637
203,61,208,67.93333333333334,-1.1437876880529212,-1.1724707867259088
203,61,209,67.96666666666667,-1.1437876880529212,-1.1215744582887293
203,61,210,68.0,-1.2252398427129738,-0.9990851333714453
203,61,211,68.03333333333333,-1.238815201822979,-0.7925924073120506
203,61,212,68.06666666666666,-0.9797520988069985,-0.5008908178741838
203,61,213,68.1,-0.1561803127997596,-0.13785456168121243
203,61,214,68.13333333333334,0.9468176148885215,0.26697681336344425
203,61,215,68.16666666666667,1.8297815970018088,0.6718916878677117
203,61,216,68.2,2.0396340232440124,1.0302117485091662
203,61,217,68.23333333333333,1.777177080450536,1.2995057792325484
203,61,218,68.26666666666667,1.3993295852219403,1.4502225844662222
203,61,219,68.3,0.9739683331083157,1.471236864553742
203,61,220,68.33333333333333,0.6244028360256558,1.3709119470500526
203,61,221,68.36666666666666,0.4162473296721786,1.173803903364177
203,61,222,68.4,0.37665253226800227,0.9143222832021516
203,61,223,68.43333333333334,0.4241662891530311,0.6292255603511901
203,61,224,68.46666666666667,0.35063309397380954,0.3508049329343411
203,61,225,68.5,0.23071742183541982,0.10216492624309152
203,61,226,68.53333333333333,-0.00572008266390692,-0.10466483647661806
203,61,227,68.56666666666666,-0.26648010556867846,-0.2677989174659878
203,61,228,68.6,-0.5498657269900604,-0.3924371824126265
203,61,229,68.63333333333334,-0.7857375915264784,-0.48681417815011163
203,61,230,68.66666666666667,-0.9514701006611707,-0.5583948190954386
203,61,231,68.7,-1.0708201328366516,-0.6113312251392886
203,61,232,68.73333333333333,-1.1652820066437573,-0.6457365214090272
203,61,233,68.76666666666667,-1.2122301235658774,-0.6587376567167665
203,61,234,68.8,-1.238815201822979,-0.6466814904467074
203,61,235,68.83333333333333,-1.2586126005250886,-0.6074903972629884
203,61,236,68.86666666666666,-1.3338427155930366,-0.5421752269848664
203,61,237,68.9,-1.3440242349255676,-0.4549715388401191
203,61,238,68.93333333333334,-0.9333696218478305,-0.35230453335554845
203,61,239,68.96666666666667,0.06441927273786202,-0.2413897753772669
