recording_id,measurement_id,sample_index,time_seconds,gt_signal,predicted_signal
COHFACE_s10_session2_natural,0,0,0.0,-6.420984745025635,-0.22001203632242955
COHFACE_s10_session2_natural,0,1,0.03333333333333333,-4.871518135070801,-0.1868902405214389
COHFACE_s10_session2_natural,0,2,0.06666666666666667,-1.094806432723999,-0.1464823427403617
COHFACE_s10_session2_natural,0,3,0.1,-0.6331236362457275,-0.09711191648263648
COHFACE_s10_session2_natural,0,4,0.13333333333333333,-1.2947514057159424,-0.03738138571813364
COHFACE_s10_session2_natural,0,5,0.16666666666666666,-1.2747857570648193,0.032600907697777716
COHFACE_s10_session2_natural,0,6,0.2,-1.0960317850112915,0.11004610888714293
COHFACE_s10_session2_natural,0,7,0.23333333333333334,-0.3175238370895386,0.18966552137376194
COHFACE_s10_session2_natural,0,8,0.26666666666666666,0.9063661098480225,0.26577590780063404
COHFACE_s10_session2_natural,0,9,0.3,1.4491482973098755,0.33530697453349323
COHFACE_s10_session2_natural,0,10,0.3333333333333333,1.2051911354064941,0.39945774120574945
COHFACE_s10_session2_natural,0,11,0.36666666666666664,0.747635543346405,0.46227382358851044
COHFACE_s10_session2_natural,0,12,0.4,0.36687877774238586,0.5268133059722325
COHFACE_s10_session2_natural,0,13,0.43333333333333335,0.09621603786945343,0.5916988196651004
COHFACE_s10_session2_natural,0,14,0.4666666666666667,0.02141730859875679,0.6506296670214553
COHFACE_s10_session2_natural,0,15,0.5,0.11997359991073608,0.6951136308486595
COHFACE_s10_session2_natural,0,16,0.5333333333333333,0.20022904872894287,0.718163215063928
COHFACE_s10_session2_natural,0,17,0.5666666666666667,0.12454013526439667,0.7161416950783782
COHFACE_s10_session2_natural,0,18,0.6,-0.09644561260938644,0.6879600365280668
COHFACE_s10_session2_natural,0,19,0.6333333333333333,-0.3645187318325043,0.6332989738400554
COHFACE_s10_session2_natural,0,20,0.6666666666666666,-0.6141985058784485,0.5520606495258348
COHFACE_s10_session2_natural,0,21,0.7,-0.8013340830802917,0.44571027739322194
COHFACE_s10_session2_natural,0,22,0.7333333333333333,-0.9236826300621033,0.3190870964947718
COHFACE_s10_session2_natural,0,23,0.7666666666666667,-1.015464186668396,0.18058725695190472
COHFACE_s10_session2_natural,0,24,0.8,-1.0694303512573242,0.040070030935118815
COHFACE_s10_session2_natural,0,25,0.8333333333333334,-1.1084250211715698,-0.09421717846839363
COHFACE_s10_session2_natural,0,26,0.8666666666666667,-1.1716629266738892,-0.21786858960886393
COHFACE_s10_session2_natural,0,27,0.9,-1.2470396757125854,-0.33078074849582
COHFACE_s10_session2_natural,0,28,0.9333333333333333,-1.3112833499908447,-0.43617873344740415
COHFACE_s10_session2_natural,0,29,0.9666666666666667,-1.1189801692962646,-0.5391956738697097
COHFACE_s10_session2_natural,0,30,1.0,-0.17257384955883026,-0.6456928899336075
COHFACE_s10_session2_natural,0,31,1.0333333333333334,1.0093039274215698,-0.7612512511697216
COHFACE_s10_session2_natural,0,32,1.0666666666666667,1.4391711950302124,-0.8898091676492348
COHFACE_s10_session2_natural,0,33,1.1,1.1410282850265503,-1.0316132656266004
COHFACE_s10_session2_natural,0,34,1.1333333333333333,0.6601892113685608,-1.180809655121397
COHFACE_s10_session2_natural,0,35,1.1666666666666667,0.2524609863758087,-1.3235446949722753
COHFACE_s10_session2_natural,0,36,1.2,-0.010016657412052155,-1.4374642864303198
COHFACE_s10_session2_natural,0,37,1.2333333333333334,-0.02286076731979847,-1.4933143410047582
COHFACE_s10_session2_natural,0,38,1.2666666666666666,0.13946519792079926,-1.459272940401606
COHFACE_s10_session2_natural,0,39,1.3,0.24673837423324585,-1.3083277983417696
COHFACE_s10_session2_natural,0,40,1.3333333333333333,0.1712459921836853,-1.027908061796828
COHFACE_s10_session2_natural,0,41,1.3666666666666667,-0.05740460380911827,-0.6289807629328765
COHFACE_s10_session2_natural,0,42,1.4,-0.328922837972641,-0.1499280236082972
COHFACE_s10_session2_natural,0,43,1.4333333333333333,-0.5650533437728882,0.3489951148544642
COHFACE_s10_session2_natural,0,44,1.4666666666666666,-0.756477952003479,0.8008239845837972
COHFACE_s10_session2_natural,0,45,1.5,-0.9068037271499634,1.1514334622093232
COHFACE_s10_session2_natural,0,46,1.5333333333333334,-1.0033137798309326,1.374889203294338
COHFACE_s10_session2_natural,0,47,1.5666666666666667,-1.0495918989181519,1.4773516662990578
COHFACE_s10_session2_natural,0,48,1.6,-1.0779621601104736,1.4881731051932785
COHFACE_s10_session2_natural,0,49,1.6333333333333333,-1.1171188354492188,1.443549978331553
COHFACE_s10_session2_natural,0,50,1.6666666666666667,-1.1821833848953247,1.3713771282879987
COHFACE_s10_session2_natural,0,51,1.7,-1.2139872312545776,1.2842183938884801
COHFACE_s10_session2_natural,0,52,1.7333333333333334,-0.8210453391075134,1.1819266686262297
COHFACE_s10_session2_natural,0,53,1.7666666666666666,0.29066962003707886,1.0599694595261067
COHFACE_s10_session2_natural,0,54,1.8,1.2957125902175903,0.9172631948288195
COHFACE_s10_session2_natural,0,55,1.8333333333333333,1.474269986152649,0.7590939878234171
COHFACE_s10_session2_natural,0,56,1.8666666666666667,1.0798251628875732,0.5948261223117155
COHFACE_s10_session2_natural,0,57,1.9,0.5792054533958435,0.4333206366441419
COHFACE_s10_session2_natural,0,58,1.9333333333333333,0.16111868619918823,0.27918639750317015
COHFACE_s10_session2_natural,0,59,1.9666666666666666,-0.08258414268493652,0.13137625600698488
COHFACE_s10_session2_natural,0,60,2.0,-0.04130033031105995,-0.015676494777319586
COHFACE_s10_session2_natural,0,61,2.033333333333333,0.1640782654285431,-0.16892872912338844
COHFACE_s10_session2_natural,0,62,2.066666666666667,0.2724266052246094,-0.3328030167605165
COHFACE_s10_session2_natural,0,63,2.1,0.1902751624584198,-0.5060701177565468
COHFACE_s10_session2_natural,0,64,2.1333333333333333,-0.03705749660730362,-0.6809178165666511
COHFACE_s10_session2_natural,0,65,2.1666666666666665,-0.31558161973953247,-0.8446906569886768
COHFACE_s10_session2_natural,0,66,2.2,-0.5573075413703918,-0.9835578951091591
COHFACE_s10_session2_natural,0,67,2.2333333333333334,-0.7436107397079468,-1.0864532615837796
COHFACE_s10_session2_natural,0,68,2.2666666666666666,-0.871265709400177,-1.1475590967726037
COHFACE_s10_session2_natural,0,69,2.3,-0.9463071823120117,-1.1663945717827198
COHFACE_s10_session2_natural,0,70,2.3333333333333335,-1.005186676979065,-1.145801593335222
COHFACE_s10_session2_natural,0,71,2.3666666666666667,-1.0655920505523682,-1.0891806451176795
COHFACE_s10_session2_natural,0,72,2.4,-1.0959278345108032,-0.9986359476256291
COHFACE_s10_session2_natural,0,73,2.433333333333333,-0.7875535488128662,-0.8749654622241255
COHFACE_s10_session2_natural,0,74,2.466666666666667,0.21942007541656494,-0.7190397837803744
COHFACE_s10_session2_natural,0,75,2.5,1.239700198173523,-0.5331801108103689
COHFACE_s10_session2_natural,0,76,2.533333333333333,1.4973570108413696,-0.32149793831094414
COHFACE_s10_session2_natural,0,77,2.566666666666667,1.1508435010910034,-0.08937963069704262
COHFACE_s10_session2_natural,0,78,2.6,0.6428132653236389,0.15674828478577746
COHFACE_s10_session2_natural,0,79,2.6333333333333333,0.20366263389587402,0.4085903198796967
COHFACE_s10_session2_natural,0,80,2.6666666666666665,-0.09153224527835846,0.6548229828409358
COHFACE_s10_session2_natural,0,81,2.7,-0.09894275665283203,0.8810981845820595
COHFACE_s10_session2_natural,0,82,2.7333333333333334,0.10125657171010971,1.0715087836367638
COHFACE_s10_session2_natural,0,83,2.7666666666666666,0.24355913698673248,1.2103967832816631
COHFACE_s10_session2_natural,0,84,2.8,0.18132705986499786,1.2836630327322762
COHFACE_s10_session2_natural,0,85,2.8333333333333335,-0.027022674679756165,1.2800293875914073
COHFACE_s10_session2_natural,0,86,2.8666666666666667,-0.28501471877098083,1.1932886732357275
COHFACE_s10_session2_natural,0,87,2.9,-0.5329603552818298,1.0257063112597682
COHFACE_s10_session2_natural,0,88,2.933333333333333,-0.7257260680198669,0.791002706917615
COHFACE_s10_session2_natural,0,89,2.966666666666667,-0.8468722701072693,0.5144913011290698
COHFACE_s10_session2_natural,0,90,3.0,-0.9290006160736084,0.22911705027932164
COHFACE_s10_session2_natural,0,91,3.033333333333333,-1.0054872035980225,-0.03165433078049624
COHFACE_s10_session2_natural,0,92,3.066666666666667,-1.0669331550598145,-0.24159517746397272
COHFACE_s10_session2_natural,0,93,3.1,-1.0479618310928345,-0.38742779833118773
COHFACE_s10_session2_natural,0,94,3.1333333333333333,-0.44826555252075195,-0.47076064281478713
COHFACE_s10_session2_natural,0,95,3.1666666666666665,0.8163995146751404,-0.5059616397588762
COHFACE_s10_session2_natural,0,96,3.2,1.7300423383712769,-0.5149090489525563
COHFACE_s10_session2_natural,0,97,3.2333333333333334,1.7740198373794556,-0.5203032067521729
COHFACE_s10_session2_natural,0,98,3.2666666666666666,1.3231233358383179,-0.5394524151219785
COHFACE_s10_session2_natural,0,99,3.3,0.8222955465316772,-0.5801231043033079
COHFACE_s10_session2_natural,0,100,3.3333333333333335,0.4166829586029053,-0.639272520785811
COHFACE_s10_session2_natural,0,101,3.3666666666666667,0.18724621832370758,-0.7046554734302751
COHFACE_s10_session2_natural,0,102,3.4,0.24802163243293762,-0.7587082755319745
COHFACE_s10_session2_natural,0,103,3.433333333333333,0.4332727789878845,-0.7836287372561169
COHFACE_s10_session2_natural,0,104,3.466666666666667,0.5015396475791931,-0.7661179103907291
COHFACE_s10_session2_natural,0,105,3.5,0.3644856810569763,-0.7002581725818625
COHFACE_s10_session2_natural,0,106,3.533333333333333,0.09758022427558899,-0.5877897123066438
COHFACE_s10_session2_natural,0,107,3.566666666666667,-0.19523312151432037,-0.43620264192463304
COHFACE_s10_session2_natural,0,108,3.6,-0.4513869881629944,-0.25590419318858565
COHFACE_s10_session2_natural,0,109,3.6333333333333333,-0.6408231854438782,-0.05785804276216157
COHFACE_s10_session2_natural,0,110,3.6666666666666665,-0.7546629309654236,0.14748595224489683
COHFACE_s10_session2_natural,0,111,3.7,-0.8262708187103271,0.35011243240058315
COHFACE_s10_session2_natural,0,112,3.7333333333333334,-0.8895087242126465,0.5401234141248932
COHFACE_s10_session2_natural,0,113,3.7666666666666666,-0.9565269947052002,0.7080723107173857
COHFACE_s10_session2_natural,0,114,3.8,-0.9902153015136719,0.8459734481806733
COHFACE_s10_session2_natural,0,115,3.8333333333333335,-0.6009613275527954,0.9481996217168848
COHFACE_s10_session2_natural,0,116,3.8666666666666667,0.6081422567367554,1.0115656670458364
COHFACE_s10_session2_natural,0,117,3.9,1.775649905204773,1.0347014201503464
COHFACE_s10_session2_natural,0,118,3.933333333333333,2.052197217941284,1.0175241924607257
COHFACE_s10_session2_natural,0,119,3.966666666666667,1.6574633121490479,0.9614119879311975
COHFACE_s10_session2_natural,0,120,4.0,1.1311438083648682,0.86959790380806
COHFACE_s10_session2_natural,0,121,4.033333333333333,0.7348607778549194,0.7467589009672053
COHFACE_s10_session2_natural,0,122,4.066666666666666,0.5001869797706604,0.5976834795770113
COHFACE_s10_session2_natural,0,123,4.1,0.48334282636642456,0.4260731779124892
COHFACE_s10_session2_natural,0,124,4.133333333333334,0.6244893074035645,0.23451072668098702
COHFACE_s10_session2_natural,0,125,4.166666666666667,0.7065135836601257,0.02568889500816229
COHFACE_s10_session2_natural,0,126,4.2,0.5912402868270874,-0.19582375500105081
COHFACE_s10_session2_natural,0,127,4.233333333333333,0.34215012192726135,-0.42217142505056826
COHFACE_s10_session2_natural,0,128,4.266666666666667,0.0480882003903389,-0.6416503679208588
COHFACE_s10_session2_natural,0,129,4.3,-0.22914110124111176,-0.8390963282908929
COHFACE_s10_session2_natural,0,130,4.333333333333333,-0.44818463921546936,-0.9973076194355751
COHFACE_s10_session2_natural,0,131,4.366666666666666,-0.5840015411376953,-1.0996543916725272
COHFACE_s10_session2_natural,0,132,4.4,-0.6694709658622742,-1.1337226563799618
COHFACE_s10_session2_natural,0,133,4.433333333333334,-0.7391366958618164,-1.0952588607338012
COHFACE_s10_session2_natural,0,134,4.466666666666667,-0.7988600730895996,-0.9911255343818357
COHFACE_s10_session2_natural,0,135,4.5,-0.8717743754386902,-0.8395934494490164
COHFACE_s10_session2_natural,0,136,4.533333333333333,-0.8065248727798462,-0.6664999227119675
COHFACE_s10_session2_natural,0,137,4.566666666666666,-0.0272538922727108,-0.497563317068709
COHFACE_s10_session2_natural,0,138,4.6,1.290995717048645,-0.35013241166774545
COHFACE_s10_session2_natural,0,139,4.633333333333334,2.0257458686828613,-0.22892006081337007
COHFACE_s10_session2_natural,0,140,4.666666666666667,1.8651424646377563,-0.1278201525300782
COHFACE_s10_session2_natural,0,141,4.7,1.3607423305511475,-0.035928636168840164
COHFACE_s10_session2_natural,0,142,4.733333333333333,0.9135338068008423,0.05624087772007351
COHFACE_s10_session2_natural,0,143,4.766666666666667,0.584350049495697,0.1535539438474533
COHFACE_s10_session2_natural,0,144,4.8,0.4399202764034271,0.2565982389016066
COHFACE_s10_session2_natural,0,145,4.833333333333333,0.5307886004447937,0.36380919419458585
COHFACE_s10_session2_natural,0,146,4.866666666666666,0.6571602821350098,0.4732688227940273
COHFACE_s10_session2_natural,0,147,4.9,0.6175990700721741,0.583040218799054
COHFACE_s10_session2_natural,0,148,4.933333333333334,0.40351513028144836,0.6899386844377305
COHFACE_s10_session2_natural,0,149,4.966666666666667,0.10144154727458954,0.7876482497137648
COHFACE_s10_session2_natural,0,150,5.0,-0.2030944973230362,0.8659971352730086
COHFACE_s10_session2_natural,0,151,5.033333333333333,-0.45322516560554504,0.9128201798727062
COHFACE_s10_session2_natural,0,152,5.066666666666666,-0.6266726851463318,0.9177752324171828
COHFACE_s10_session2_natural,0,153,5.1,-0.7223618626594543,0.8757936916815412
COHFACE_s10_session2_natural,0,154,5.133333333333334,-0.779067873954773,0.7883578221688631
COHFACE_s10_session2_natural,0,155,5.166666666666667,-0.8316003680229187,0.6625272310067666
COHFACE_s10_session2_natural,0,156,5.2,-0.8913699984550476,0.5087438449139048
COHFACE_s10_session2_natural,0,157,5.233333333333333,-0.971301794052124,0.33850041250947416
COHFACE_s10_session2_natural,0,158,5.266666666666667,-1.0215799808502197,0.16246928614130438
COHFACE_s10_session2_natural,0,159,5.3,-0.5280701518058777,-0.010759920357030318
COHFACE_s10_session2_natural,0,160,5.333333333333333,0.7824106216430664,-0.17528765727780346
COHFACE_s10_session2_natural,0,161,5.366666666666666,1.8416855335235596,-0.3277488611738488
COHFACE_s10_session2_natural,0,162,5.4,1.9307503700256348,-0.46637865960365665
COHFACE_s10_session2_natural,0,163,5.433333333333334,1.471032977104187,-0.5895774313135022
COHFACE_s10_session2_natural,0,164,5.466666666666667,0.9714421629905701,-0.6945658186346619
COHFACE_s10_session2_natural,0,165,5.5,0.5850667953491211,-0.7767775934227779
COHFACE_s10_session2_natural,0,166,5.533333333333333,0.3696880638599396,-0.8303260044540832
COHFACE_s10_session2_natural,0,167,5.566666666666666,0.4130181670188904,-0.8494372357077984
COHFACE_s10_session2_natural,0,168,5.6,0.5741071105003357,-0.8304421836656122
COHFACE_s10_session2_natural,0,169,5.633333333333334,0.6053792238235474,-0.7737281924848056
COHFACE_s10_session2_natural,0,170,5.666666666666667,0.43113401532173157,-0.684895279778369
COHFACE_s10_session2_natural,0,171,5.7,0.13943052291870117,-0.5743598321838036
COHFACE_s10_session2_natural,0,172,5.733333333333333,-0.1722038984298706,-0.4550069100248769
COHFACE_s10_session2_natural,0,173,5.766666666666667,-0.43902844190597534,-0.3383104517788483
COHFACE_s10_session2_natural,0,174,5.8,-0.6224761009216309,-0.23039288462925628
COHFACE_s10_session2_natural,0,175,5.833333333333333,-0.7344313859939575,-0.1301314042081949
COHFACE_s10_session2_natural,0,176,5.866666666666666,-0.8096116185188293,-0.030948184502038407
COHFACE_s10_session2_natural,0,177,5.9,-0.8575891852378845,0.07392571988346588
COHFACE_s10_session2_natural,0,178,5.933333333333334,-0.9041100740432739,0.1854148271341904
COHFACE_s10_session2_natural,0,179,5.966666666666667,-0.9784232378005981,0.29568807710446643
COHFACE_s10_session2_natural,0,180,6.0,-1.062008261680603,0.3907564641109759
COHFACE_s10_session2_natural,0,181,6.033333333333333,-0.8001086115837097,0.4574793380558552
COHFACE_s10_session2_natural,0,182,6.066666666666666,0.3004385530948639,0.49068523298858296
COHFACE_s10_session2_natural,0,183,6.1,1.4851834774017334,0.4957960117305924
COHFACE_s10_session2_natural,0,184,6.133333333333334,1.8136042356491089,0.4855576351286328
COHFACE_s10_session2_natural,0,185,6.166666666666667,1.4674490690231323,0.47340271738467593
COHFACE_s10_session2_natural,0,186,6.2,0.9757311940193176,0.4674570705153403
COHFACE_s10_session2_natural,0,187,6.233333333333333,0.5471009612083435,0.46804480615048955
COHFACE_s10_session2_natural,0,188,6.266666666666667,0.26253050565719604,0.4692441674598078
COHFACE_s10_session2_natural,0,189,6.3,0.2519754469394684,0.4629709621606353
COHFACE_s10_session2_natural,0,190,6.333333333333333,0.42176973819732666,0.44311457186644604
COHFACE_s10_session2_natural,0,191,6.366666666666666,0.5385574698448181,0.4077278943940859
COHFACE_s10_session2_natural,0,192,6.4,0.4498741626739502,0.358740413325283
COHFACE_s10_session2_natural,0,193,6.433333333333334,0.18599765002727509,0.3000287731475294
COHFACE_s10_session2_natural,0,194,6.466666666666667,-0.12475814670324326,0.23510588914832012
COHFACE_s10_session2_natural,0,195,6.5,-0.39384859800338745,0.16538665753672127
COHFACE_s10_session2_natural,0,196,6.533333333333333,-0.5966375470161438,0.08957501796973859
COHFACE_s10_session2_natural,0,197,6.566666666666666,-0.7378649711608887,0.004451878600234855
COHFACE_s10_session2_natural,0,198,6.6,-0.8168025016784668,-0.09291889940622425
COHFACE_s10_session2_natural,0,199,6.633333333333334,-0.858745276927948,-0.20219886016517388
COHFACE_s10_session2_natural,0,200,6.666666666666667,-0.9101564288139343,-0.3175542932015725
COHFACE_s10_session2_natural,0,201,6.7,-0.9754058718681335,-0.42782542537922985
COHFACE_s10_session2_natural,0,202,6.733333333333333,-0.8712772727012634,-0.5192779065425273
COHFACE_s10_session2_natural,0,203,6.766666666666667,-0.04140437766909599,-0.5794569492220023
COHFACE_s10_session2_natural,0,204,6.8,1.2215958833694458,-0.600244754352232
COHFACE_s10_session2_natural,0,205,6.833333333333333,1.8523099422454834,-0.579083654263938
COHFACE_s10_session2_natural,0,206,6.866666666666666,1.6715906858444214,-0.5185919570524334
COHFACE_s10_session2_natural,0,207,6.9,1.1930521726608276,-0.4255811044037559
COHFACE_s10_session2_natural,0,208,6.933333333333334,0.7364909052848816,-0.3103302898417522
COHFACE_s10_session2_natural,0,209,6.966666666666667,0.3644856810569763,-0.18613282403237763
COHFACE_s10_session2_natural,0,210,7.0,0.2243681252002716,-0.06831573400029574
COHFACE_s10_session2_natural,0,211,7.033333333333333,0.3505432903766632,0.028055781214985004
COHFACE_s10_session2_natural,0,212,7.066666666666666,0.49822166562080383,0.09154037594229257
COHFACE_s10_session2_natural,0,213,7.1,0.4761982262134552,0.11726297926897153
COHFACE_s10_session2_natural,0,214,7.133333333333334,0.27085432410240173,0.10764861196548346
COHFACE_s10_session2_natural,0,215,7.166666666666667,-0.033901382237672806,0.07036664990193954
COHFACE_s10_session2_natural,0,216,7.2,-0.33516570925712585,0.014999063094393245
COHFACE_s10_session2_natural,0,217,7.233333333333333,-0.5665446519851685,-0.04906858867935663
COHFACE_s10_session2_natural,0,218,7.266666666666667,-0.7146276831626892,-0.11239083670226421
COHFACE_s10_session2_natural,0,219,7.3,-0.8171493411064148,-0.16401361570504852
COHFACE_s10_session2_natural,0,220,7.333333333333333,-0.9053008556365967,-0.19115207359590744
COHFACE_s10_session2_natural,0,221,7.366666666666666,-0.9761457443237305,-0.18157341752604278
COHFACE_s10_session2_natural,0,222,7.4,-1.0337766408920288,-0.12826021640568652
COHFACE_s10_session2_natural,0,223,7.433333333333334,-0.9303069710731506,-0.03404871428461013
COHFACE_s10_session2_natural,0,224,7.466666666666667,-0.11098916828632355,0.08657844010726945
COHFACE_s10_session2_natural,0,225,7.5,1.2540935277938843,0.2102564190235409
COHFACE_s10_session2_natural,0,226,7.533333333333333,2.030867338180542,0.31160642121695653
COHFACE_s10_session2_natural,0,227,7.566666666666666,1.926102876663208,0.3715171047501893
COHFACE_s10_session2_natural,0,228,7.6,1.4701311588287354,0.3830300648117252
COHFACE_s10_session2_natural,0,229,7.633333333333334,1.0566456317901611,0.3521163775466154
COHFACE_s10_session2_natural,0,230,7.666666666666667,0.7463407516479492,0.29364924393392833
COHFACE_s10_session2_natural,0,231,7.7,0.569945216178894,0.22533544942348044
COHFACE_s10_session2_natural,0,232,7.733333333333333,0.6008704900741577,0.16232648709281053
COHFACE_s10_session2_natural,0,233,7.766666666666667,0.6934036016464233,0.1137957109815982
COHFACE_s10_session2_natural,0,234,7.8,0.646454930305481,0.08181456333205979
COHFACE_s10_session2_natural,0,235,7.833333333333333,0.4211338758468628,0.062499975478126316
COHFACE_s10_session2_natural,0,236,7.866666666666666,0.1029791384935379,0.04896551655041323
COHFACE_s10_session2_natural,0,237,7.9,-0.21821609139442444,0.034973950824581906
COHFACE_s10_session2_natural,0,238,7.933333333333334,-0.4827747046947479,0.017743289342742795
COHFACE_s10_session2_natural,0,239,7.966666666666667,-0.6658061742782593,-0.001311992037994268
COHFACE_s10_session2_natural,1,0,1.0,-0.17257384955883026,-0.11946356640795536
COHFACE_s10_session2_natural,1,1,1.0333333333333334,1.0093039274215698,-0.12960536537066522
COHFACE_s10_session2_natural,1,2,1.0666666666666667,1.4391711950302124,-0.184647710117802
COHFACE_s10_session2_natural,1,3,1.1,1.1410282850265503,-0.3133621732287381
COHFACE_s10_session2_natural,1,4,1.1333333333333333,0.6601892113685608,-0.5178800650338329
COHFACE_s10_session2_natural,1,5,1.1666666666666667,0.2524609863758087,-0.772987844826306
COHFACE_s10_session2_natural,1,6,1.2,-0.010016657412052155,-1.0344173239898227
COHFACE_s10_session2_natural,1,7,1.2333333333333334,-0.02286076731979847,-1.251515617420518
COHFACE_s10_session2_natural,1,8,1.2666666666666666,0.13946519792079926,-1.379006155971404
COHFACE_s10_session2_natural,1,9,1.3,0.24673837423324585,-1.3851898909687002
COHFACE_s10_session2_natural,1,10,1.3333333333333333,0.1712459921836853,-1.2573408139454905
COHFACE_s10_session2_natural,1,11,1.3666666666666667,-0.05740460380911827,-1.0057583747921406
COHFACE_s10_session2_natural,1,12,1.4,-0.328922837972641,-0.6650613076211856
COHFACE_s10_session2_natural,1,13,1.4333333333333333,-0.5650533437728882,-0.288933795837623
COHFACE_s10_session2_natural,1,14,1.4666666666666666,-0.756477952003479,0.06335103331106301
COHFACE_s10_session2_natural,1,15,1.5,-0.9068037271499634,0.3449191961505962
COHFACE_s10_session2_natural,1,16,1.5333333333333334,-1.0033137798309326,0.5356781359232362
COHFACE_s10_session2_natural,1,17,1.5666666666666667,-1.0495918989181519,0.6454081772869187
COHFACE_s10_session2_natural,1,18,1.6,-1.0779621601104736,0.703856093189332
COHFACE_s10_session2_natural,1,19,1.6333333333333333,-1.1171188354492188,0.7435765516177139
COHFACE_s10_session2_natural,1,20,1.6666666666666667,-1.1821833848953247,0.7849958064143652
COHFACE_s10_session2_natural,1,21,1.7,-1.2139872312545776,0.8309360480816279
COHFACE_s10_session2_natural,1,22,1.7333333333333334,-0.8210453391075134,0.8712462426450597
COHFACE_s10_session2_natural,1,23,1.7666666666666666,0.29066962003707886,0.8922004576108795
COHFACE_s10_session2_natural,1,24,1.8,1.2957125902175903,0.8841365319365228
COHFACE_s10_session2_natural,1,25,1.8333333333333333,1.474269986152649,0.8440507464438858
COHFACE_s10_session2_natural,1,26,1.8666666666666667,1.0798251628875732,0.7742563021590037
COHFACE_s10_session2_natural,1,27,1.9,0.5792054533958435,0.6802560154588716
COHFACE_s10_session2_natural,1,28,1.9333333333333333,0.16111868619918823,0.5694679416427424
COHFACE_s10_session2_natural,1,29,1.9666666666666666,-0.08258414268493652,0.4500077742712225
COHFACE_s10_session2_natural,1,30,2.0,-0.04130033031105995,0.32840655857807505
COHFACE_s10_session2_natural,1,31,2.033333333333333,0.1640782654285431,0.20681595414916104
COHFACE_s10_session2_natural,1,32,2.066666666666667,0.2724266052246094,0.08189118581321218
COHFACE_s10_session2_natural,1,33,2.1,0.1902751624584198,-0.052786822612039305
COHFACE_s10_session2_natural,1,34,2.1333333333333333,-0.03705749660730362,-0.20145484993375978
COHFACE_s10_session2_natural,1,35,2.1666666666666665,-0.31558161973953247,-0.36130766503212197
COHFACE_s10_session2_natural,1,36,2.2,-0.5573075413703918,-0.5213405327975217
COHFACE_s10_session2_natural,1,37,2.2333333333333334,-0.7436107397079468,-0.6657634376284262
COHFACE_s10_session2_natural,1,38,2.2666666666666666,-0.871265709400177,-0.7797144603214329
COHFACE_s10_session2_natural,1,39,2.3,-0.9463071823120117,-0.8536080456058182
COHFACE_s10_session2_natural,1,40,2.3333333333333335,-1.005186676979065,-0.8840047909676234
COHFACE_s10_session2_natural,1,41,2.3666666666666667,-1.0655920505523682,-0.8718727089130865
COHFACE_s10_session2_natural,1,42,2.4,-1.0959278345108032,-0.8209309287276434
COHFACE_s10_session2_natural,1,43,2.433333333333333,-0.7875535488128662,-0.7377813418145834
COHFACE_s10_session2_natural,1,44,2.466666666666667,0.21942007541656494,-0.6324895713261813
COHFACE_s10_session2_natural,1,45,2.5,1.239700198173523,-0.5167881074583478
COHFACE_s10_session2_natural,1,46,2.533333333333333,1.4973570108413696,-0.39944614047729415
COHFACE_s10_session2_natural,1,47,2.566666666666667,1.1508435010910034,-0.2819297487569217
COHFACE_s10_session2_natural,1,48,2.6,0.6428132653236389,-0.15832312861432754
COHFACE_s10_session2_natural,1,49,2.6333333333333333,0.20366263389587402,-0.020597141948670624
COHFACE_s10_session2_natural,1,50,2.6666666666666665,-0.09153224527835846,0.13414865477100554
COHFACE_s10_session2_natural,1,51,2.7,-0.09894275665283203,0.2996246513318005
COHFACE_s10_session2_natural,1,52,2.7333333333333334,0.10125657171010971,0.46161611010132064
COHFACE_s10_session2_natural,1,53,2.7666666666666666,0.24355913698673248,0.6023601285147924
COHFACE_s10_session2_natural,1,54,2.8,0.18132705986499786,0.7044931243636611
COHFACE_s10_session2_natural,1,55,2.8333333333333335,-0.027022674679756165,0.7531104211151115
COHFACE_s10_session2_natural,1,56,2.8666666666666667,-0.28501471877098083,0.737419713986763
COHFACE_s10_session2_natural,1,57,2.9,-0.5329603552818298,0.654044522914154
COHFACE_s10_session2_natural,1,58,2.933333333333333,-0.7257260680198669,0.5112782640591182
COHFACE_s10_session2_natural,1,59,2.966666666666667,-0.8468722701072693,0.33078008128328923
COHFACE_s10_session2_natural,1,60,3.0,-0.9290006160736084,0.14378289114298434
COHFACE_s10_session2_natural,1,61,3.033333333333333,-1.0054872035980225,-0.0176973107017244
COHFACE_s10_session2_natural,1,62,3.066666666666667,-1.0669331550598145,-0.13074153260219015
COHFACE_s10_session2_natural,1,63,3.1,-1.0479618310928345,-0.1876795904622813
COHFACE_s10_session2_natural,1,64,3.1333333333333333,-0.44826555252075195,-0.19601360692249023
COHFACE_s10_session2_natural,1,65,3.1666666666666665,0.8163995146751404,-0.17327147438836377
COHFACE_s10_session2_natural,1,66,3.2,1.7300423383712769,-0.14028283437117
COHFACE_s10_session2_natural,1,67,3.2333333333333334,1.7740198373794556,-0.11601906343927479
COHFACE_s10_session2_natural,1,68,3.2666666666666666,1.3231233358383179,-0.11471198504769647
COHFACE_s10_session2_natural,1,69,3.3,0.8222955465316772,-0.14395985015997956
COHFACE_s10_session2_natural,1,70,3.3333333333333335,0.4166829586029053,-0.20284884214231994
COHFACE_s10_session2_natural,1,71,3.3666666666666667,0.18724621832370758,-0.2808750420858889
COHFACE_s10_session2_natural,1,72,3.4,0.24802163243293762,-0.3595153116895894
COHFACE_s10_session2_natural,1,73,3.433333333333333,0.4332727789878845,-0.4173540977373845
COHFACE_s10_session2_natural,1,74,3.466666666666667,0.5015396475791931,-0.4371210998276342
COHFACE_s10_session2_natural,1,75,3.5,0.3644856810569763,-0.41113082619305685
COHFACE_s10_session2_natural,1,76,3.533333333333333,0.09758022427558899,-0.34234720034956345
COHFACE_s10_session2_natural,1,77,3.566666666666667,-0.19523312151432037,-0.24097434338800092
COHFACE_s10_session2_natural,1,78,3.6,-0.4513869881629944,-0.11907682856672581
COHFACE_s10_session2_natural,1,79,3.6333333333333333,-0.6408231854438782,0.013434078549878986
COHFACE_s10_session2_natural,1,80,3.6666666666666665,-0.7546629309654236,0.14954408003284955
COHFACE_s10_session2_natural,1,81,3.7,-0.8262708187103271,0.28327613865767964
COHFACE_s10_session2_natural,1,82,3.7333333333333334,-0.8895087242126465,0.40772936377628743
COHFACE_s10_session2_natural,1,83,3.7666666666666666,-0.9565269947052002,0.5151435949849126
COHFACE_s10_session2_natural,1,84,3.8,-0.9902153015136719,0.5987352011490893
COHFACE_s10_session2_natural,1,85,3.8333333333333335,-0.6009613275527954,0.6541698657699211
COHFACE_s10_session2_natural,1,86,3.8666666666666667,0.6081422567367554,0.679197494726223
COHFACE_s10_session2_natural,1,87,3.9,1.775649905204773,0.672159080972605
COHFACE_s10_session2_natural,1,88,3.933333333333333,2.052197217941284,0.6314398647077574
COHFACE_s10_session2_natural,1,89,3.966666666666667,1.6574633121490479,0.5570716091261869
COHFACE_s10_session2_natural,1,90,4.0,1.1311438083648682,0.4531434272852409
COHFACE_s10_session2_natural,1,91,4.033333333333333,0.7348607778549194,0.3282498134521554
COHFACE_s10_session2_natural,1,92,4.066666666666666,0.5001869797706604,0.19279072557820673
COHFACE_s10_session2_natural,1,93,4.1,0.48334282636642456,0.05481154883311305
COHFACE_s10_session2_natural,1,94,4.133333333333334,0.6244893074035645,-0.08258596920661068
COHFACE_s10_session2_natural,1,95,4.166666666666667,0.7065135836601257,-0.22033366510998542
COHFACE_s10_session2_natural,1,96,4.2,0.5912402868270874,-0.3596362537978484
COHFACE_s10_session2_natural,1,97,4.233333333333333,0.34215012192726135,-0.4979437375967156
COHFACE_s10_session2_natural,1,98,4.266666666666667,0.0480882003903389,-0.6270385644339419
COHFACE_s10_session2_natural,1,99,4.3,-0.22914110124111176,-0.7339046937222711
COHFACE_s10_session2_natural,1,100,4.333333333333333,-0.44818463921546936,-0.8034336015307268
COHFACE_s10_session2_natural,1,101,4.366666666666666,-0.5840015411376953,-0.8216273938715022
COHFACE_s10_session2_natural,1,102,4.4,-0.6694709658622742,-0.7787883760268727
COHFACE_s10_session2_natural,1,103,4.433333333333334,-0.7391366958618164,-0.6729853508864801
COHFACE_s10_session2_natural,1,104,4.466666666666667,-0.7988600730895996,-0.5136040436830788
COHFACE_s10_session2_natural,1,105,4.5,-0.8717743754386902,-0.32302108616656944
COHFACE_s10_session2_natural,1,106,4.533333333333333,-0.8065248727798462,-0.13307876643755565
COHFACE_s10_session2_natural,1,107,4.566666666666666,-0.0272538922727108,0.024864063923436076
COHFACE_s10_session2_natural,1,108,4.6,1.290995717048645,0.13187410549951206
COHFACE_s10_session2_natural,1,109,4.633333333333334,2.0257458686828613,0.18772087442878888
COHFACE_s10_session2_natural,1,110,4.666666666666667,1.8651424646377563,0.20761524916966537
COHFACE_s10_session2_natural,1,111,4.7,1.3607423305511475,0.21249706279482816
COHFACE_s10_session2_natural,1,112,4.733333333333333,0.9135338068008423,0.21965540330499003
COHFACE_s10_session2_natural,1,113,4.766666666666667,0.584350049495697,0.23868657591107875
COHFACE_s10_session2_natural,1,114,4.8,0.4399202764034271,0.2726329902078547
COHFACE_s10_session2_natural,1,115,4.833333333333333,0.5307886004447937,0.3203751946747448
COHFACE_s10_session2_natural,1,116,4.866666666666666,0.6571602821350098,0.3771618242535892
COHFACE_s10_session2_natural,1,117,4.9,0.6175990700721741,0.4336031195199606
COHFACE_s10_session2_natural,1,118,4.933333333333334,0.40351513028144836,0.47572151805591434
COHFACE_s10_session2_natural,1,119,4.966666666666667,0.10144154727458954,0.48809625315228444
COHFACE_s10_session2_natural,1,120,5.0,-0.2030944973230362,0.45946568425040873
COHFACE_s10_session2_natural,1,121,5.033333333333333,-0.45322516560554504,0.38768893906505086
COHFACE_s10_session2_natural,1,122,5.066666666666666,-0.6266726851463318,0.28083607799532573
COHFACE_s10_session2_natural,1,123,5.1,-0.7223618626594543,0.15353953736463635
COHFACE_s10_session2_natural,1,124,5.133333333333334,-0.779067873954773,0.020967515457934367
COHFACE_s10_session2_natural,1,125,5.166666666666667,-0.8316003680229187,-0.10572151493200589
COHFACE_s10_session2_natural,1,126,5.2,-0.8913699984550476,-0.22016891993124243
COHFACE_s10_session2_natural,1,127,5.233333333333333,-0.971301794052124,-0.31862539465794093
COHFACE_s10_session2_natural,1,128,5.266666666666667,-1.0215799808502197,-0.39746164156773967
COHFACE_s10_session2_natural,1,129,5.3,-0.5280701518058777,-0.4525827697038426
COHFACE_s10_session2_natural,1,130,5.333333333333333,0.7824106216430664,-0.4807135951346137
COHFACE_s10_session2_natural,1,131,5.366666666666666,1.8416855335235596,-0.48081243100332277
COHFACE_s10_session2_natural,1,132,5.4,1.9307503700256348,-0.45430009570104973
COHFACE_s10_session2_natural,1,133,5.433333333333334,1.471032977104187,-0.4042826721289333
COHFACE_s10_session2_natural,1,134,5.466666666666667,0.9714421629905701,-0.3346945164385142
COHFACE_s10_session2_natural,1,135,5.5,0.5850667953491211,-0.2499856077238469
COHFACE_s10_session2_natural,1,136,5.533333333333333,0.3696880638599396,-0.15526858518435008
COHFACE_s10_session2_natural,1,137,5.566666666666666,0.4130181670188904,-0.056379500851681405
COHFACE_s10_session2_natural,1,138,5.6,0.5741071105003357,0.04055704175130772
COHFACE_s10_session2_natural,1,139,5.633333333333334,0.6053792238235474,0.1298637744570258
COHFACE_s10_session2_natural,1,140,5.666666666666667,0.43113401532173157,0.20664483429302682
COHFACE_s10_session2_natural,1,141,5.7,0.13943052291870117,0.26636955796992423
COHFACE_s10_session2_natural,1,142,5.733333333333333,-0.1722038984298706,0.30454791243519963
COHFACE_s10_session2_natural,1,143,5.766666666666667,-0.43902844190597534,0.31787635178182566
COHFACE_s10_session2_natural,1,144,5.8,-0.6224761009216309,0.30700847705135276
COHFACE_s10_session2_natural,1,145,5.833333333333333,-0.7344313859939575,0.27910615663933996
COHFACE_s10_session2_natural,1,146,5.866666666666666,-0.8096116185188293,0.24743675885953378
COHFACE_s10_session2_natural,1,147,5.9,-0.8575891852378845,0.22668647412355813
COHFACE_s10_session2_natural,1,148,5.933333333333334,-0.9041100740432739,0.22586525218106276
COHFACE_s10_session2_natural,1,149,5.966666666666667,-0.9784232378005981,0.24317388918342375
COHFACE_s10_session2_natural,1,150,6.0,-1.062008261680603,0.2666307442875377
COHFACE_s10_session2_natural,1,151,6.033333333333333,-0.8001086115837097,0.28058461503983717
COHFACE_s10_session2_natural,1,152,6.066666666666666,0.3004385530948639,0.27382987324936026
COHFACE_s10_session2_natural,1,153,6.1,1.4851834774017334,0.24376780365370948
COHFACE_s10_session2_natural,1,154,6.133333333333334,1.8136042356491089,0.19456444211273546
COHFACE_s10_session2_natural,1,155,6.166666666666667,1.4674490690231323,0.13202904923651548
COHFACE_s10_session2_natural,1,156,6.2,0.9757311940193176,0.05964114677132473
COHFACE_s10_session2_natural,1,157,6.233333333333333,0.5471009612083435,-0.02175369177643877
COHFACE_s10_session2_natural,1,158,6.266666666666667,0.26253050565719604,-0.11140212039822252
COHFACE_s10_session2_natural,1,159,6.3,0.2519754469394684,-0.20608958269817348
COHFACE_s10_session2_natural,1,160,6.333333333333333,0.42176973819732666,-0.2996335346018213
COHFACE_s10_session2_natural,1,161,6.366666666666666,0.5385574698448181,-0.3841220279925239
COHFACE_s10_session2_natural,1,162,6.4,0.4498741626739502,-0.45101310667826583
COHFACE_s10_session2_natural,1,163,6.433333333333334,0.18599765002727509,-0.4909778801773795
COHFACE_s10_session2_natural,1,164,6.466666666666667,-0.12475814670324326,-0.49391057942155986
COHFACE_s10_session2_natural,1,165,6.5,-0.39384859800338745,-0.4516368337685538
COHFACE_s10_session2_natural,1,166,6.533333333333333,-0.5966375470161438,-0.36343362796368234
COHFACE_s10_session2_natural,1,167,6.566666666666666,-0.7378649711608887,-0.240854102096269
COHFACE_s10_session2_natural,1,168,6.6,-0.8168025016784668,-0.10726017089566511
COHFACE_s10_session2_natural,1,169,6.633333333333334,-0.858745276927948,0.009582417676113546
COHFACE_s10_session2_natural,1,170,6.666666666666667,-0.9101564288139343,0.08824056866768719
COHFACE_s10_session2_natural,1,171,6.7,-0.9754058718681335,0.12126550841783973
COHFACE_s10_session2_natural,1,172,6.733333333333333,-0.8712772727012634,0.11593216930541406
COHFACE_s10_session2_natural,1,173,6.766666666666667,-0.04140437766909599,0.08929739621825634
COHFACE_s10_session2_natural,1,174,6.8,1.2215958833694458,0.061698052588578786
COHFACE_s10_session2_natural,1,175,6.833333333333333,1.8523099422454834,0.05199672697652702
COHFACE_s10_session2_natural,1,176,6.866666666666666,1.6715906858444214,0.07480459662243268
COHFACE_s10_session2_natural,1,177,6.9,1.1930521726608276,0.13767414394058936
COHFACE_s10_session2_natural,1,178,6.933333333333334,0.7364909052848816,0.23708482630221253
COHFACE_s10_session2_natural,1,179,6.966666666666667,0.3644856810569763,0.3551230198652365
COHFACE_s10_session2_natural,1,180,7.0,0.2243681252002716,0.4610830330674204
COHFACE_s10_session2_natural,1,181,7.033333333333333,0.3505432903766632,0.5203918030319414
COHFACE_s10_session2_natural,1,182,7.066666666666666,0.49822166562080383,0.5073426281458177
COHFACE_s10_session2_natural,1,183,7.1,0.4761982262134552,0.41408844060229005
COHFACE_s10_session2_natural,1,184,7.133333333333334,0.27085432410240173,0.2510221853213058
COHFACE_s10_session2_natural,1,185,7.166666666666667,-0.033901382237672806,0.040075621657384215
COHFACE_s10_session2_natural,1,186,7.2,-0.33516570925712585,-0.1932995507463236
COHFACE_s10_session2_natural,1,187,7.233333333333333,-0.5665446519851685,-0.4244145447345242
COHFACE_s10_session2_natural,1,188,7.266666666666667,-0.7146276831626892,-0.6293558611557876
COHFACE_s10_session2_natural,1,189,7.3,-0.8171493411064148,-0.7842378534436102
COHFACE_s10_session2_natural,1,190,7.333333333333333,-0.9053008556365967,-0.8672624321343736
COHFACE_s10_session2_natural,1,191,7.366666666666666,-0.9761457443237305,-0.8640296885873854
COHFACE_s10_session2_natural,1,192,7.4,-1.0337766408920288,-0.7733023142215949
COHFACE_s10_session2_natural,1,193,7.433333333333334,-0.9303069710731506,-0.6094587443582696
COHFACE_s10_session2_natural,1,194,7.466666666666667,-0.11098916828632355,-0.3997146022088412
COHFACE_s10_session2_natural,1,195,7.5,1.2540935277938843,-0.17709141444348017
COHFACE_s10_session2_natural,1,196,7.533333333333333,2.030867338180542,0.02807159896148071
COHFACE_s10_session2_natural,1,197,7.566666666666666,1.926102876663208,0.19504742764502878
COHFACE_s10_session2_natural,1,198,7.6,1.4701311588287354,0.31599585581569883
COHFACE_s10_session2_natural,1,199,7.633333333333334,1.0566456317901611,0.39509316168852104
COHFACE_s10_session2_natural,1,200,7.666666666666667,0.7463407516479492,0.444667806839084
COHFACE_s10_session2_natural,1,201,7.7,0.569945216178894,0.48011171952321147
COHFACE_s10_session2_natural,1,202,7.733333333333333,0.6008704900741577,0.5146927823080734
COHFACE_s10_session2_natural,1,203,7.766666666666667,0.6934036016464233,0.5549512791331768
COHFACE_s10_session2_natural,1,204,7.8,0.646454930305481,0.5980848696149845
COHFACE_s10_session2_natural,1,205,7.833333333333333,0.4211338758468628,0.6331215965813283
COHFACE_s10_session2_natural,1,206,7.866666666666666,0.1029791384935379,0.64616017991977
COHFACE_s10_session2_natural,1,207,7.9,-0.21821609139442444,0.627286893012401
COHFACE_s10_session2_natural,1,208,7.933333333333334,-0.4827747046947479,0.5750904871884617
COHFACE_s10_session2_natural,1,209,7.966666666666667,-0.6658061742782593,0.49589693335886215
COHFACE_s10_session2_natural,1,210,8.0,-0.7715417742729187,0.3987287130743144
COHFACE_s10_session2_natural,1,211,8.033333333333333,-0.8259009122848511,0.2901592116052786
COHFACE_s10_session2_natural,1,212,8.066666666666666,-0.8732772469520569,0.17270249720258468
COHFACE_s10_session2_natural,1,213,8.1,-0.9466193318367004,0.047064555106935184
COHFACE_s10_session2_natural,1,214,8.133333333333333,-1.0417420864105225,-0.08450338674403121
COHFACE_s10_session2_natural,1,215,8.166666666666666,-0.9246652722358704,-0.2168528530381819
COHFACE_s10_session2_natural,1,216,8.2,0.046724021434783936,-0.3430819283193876
COHFACE_s10_session2_natural,1,217,8.233333333333333,1.4701542854309082,-0.45607275979532047
COHFACE_s10_session2_natural,1,218,8.266666666666667,2.1240477561950684,-0.5485217946390947
COHFACE_s10_session2_natural,1,219,8.3,1.9161837100982666,-0.6119059322390389
COHFACE_s10_session2_natural,1,220,8.333333333333334,1.4725936651229858,-0.6367768968015427
COHFACE_s10_session2_natural,1,221,8.366666666666667,1.1284385919570923,-0.6162348035379388
COHFACE_s10_session2_natural,1,222,8.4,0.8573943376541138,-0.5513452158909155
COHFACE_s10_session2_natural,1,223,8.433333333333334,0.6712414026260376,-0.4544009430059713
COHFACE_s10_session2_natural,1,224,8.466666666666667,0.6547209620475769,-0.3462713837739033
COHFACE_s10_session2_natural,1,225,8.5,0.6761085391044617,-0.24806805207482566
COHFACE_s10_session2_natural,1,226,8.533333333333333,0.5747198462486267,-0.17235337868341602
COHFACE_s10_session2_natural,1,227,8.566666666666666,0.32113248109817505,-0.1201340114571319
COHFACE_s10_session2_natural,1,228,8.6,-0.010086022317409515,-0.08488109378674345
COHFACE_s10_session2_natural,1,229,8.633333333333333,-0.3357437551021576,-0.058943338806779294
COHFACE_s10_session2_natural,1,230,8.666666666666666,-0.5976665019989014,-0.03685915005878459
COHFACE_s10_session2_natural,1,231,8.7,-0.7779580354690552,-0.014176807313636353
COHFACE_s10_session2_natural,1,232,8.733333333333333,-0.8897746205329895,0.014707057161850444
COHFACE_s10_session2_natural,1,233,8.766666666666667,-0.9548159837722778,0.05527110401931522
COHFACE_s10_session2_natural,1,234,8.8,-1.011024832725525,0.10809178239592106
COHFACE_s10_session2_natural,1,235,8.833333333333334,-1.0801010131835938,0.1651756587147123
COHFACE_s10_session2_natural,1,236,8.866666666666667,-1.1773046255111694,0.2118186192243509
COHFACE_s10_session2_natural,1,237,8.9,-1.273988127708435,0.233999124924477
COHFACE_s10_session2_natural,1,238,8.933333333333334,-0.9518795013427734,0.22672135039231636
COHFACE_s10_session2_natural,1,239,8.966666666666667,0.3321037292480469,0.1975727039355999
COHFACE_s10_session2_natural,2,0,2.0,-0.04130033031105995,-0.09565231569396072
COHFACE_s10_session2_natural,2,1,2.033333333333333,0.1640782654285431,0.04384726124216694
COHFACE_s10_session2_natural,2,2,2.066666666666667,0.2724266052246094,0.149580671825075
COHFACE_s10_session2_natural,2,3,2.1,0.1902751624584198,0.19954779061297906
COHFACE_s10_session2_natural,2,4,2.1333333333333333,-0.03705749660730362,0.19300587028203922
COHFACE_s10_session2_natural,2,5,2.1666666666666665,-0.31558161973953247,0.1492303742069395
COHFACE_s10_session2_natural,2,6,2.2,-0.5573075413703918,0.09727772003727644
COHFACE_s10_session2_natural,2,7,2.2333333333333334,-0.7436107397079468,0.06157178591787586
COHFACE_s10_session2_natural,2,8,2.2666666666666666,-0.871265709400177,0.05058882075829292
COHFACE_s10_session2_natural,2,9,2.3,-0.9463071823120117,0.0544310045417676
COHFACE_s10_session2_natural,2,10,2.3333333333333335,-1.005186676979065,0.05214543147965637
COHFACE_s10_session2_natural,2,11,2.3666666666666667,-1.0655920505523682,0.024277366608625835
COHFACE_s10_session2_natural,2,12,2.4,-1.0959278345108032,-0.036323074433978565
COHFACE_s10_session2_natural,2,13,2.433333333333333,-0.7875535488128662,-0.12067054621425649
COHFACE_s10_session2_natural,2,14,2.466666666666667,0.21942007541656494,-0.20731869864101113
COHFACE_s10_session2_natural,2,15,2.5,1.239700198173523,-0.2699549991788066
COHFACE_s10_session2_natural,2,16,2.533333333333333,1.4973570108413696,-0.28465014999020954
COHFACE_s10_session2_natural,2,17,2.566666666666667,1.1508435010910034,-0.23473272451593552
COHFACE_s10_session2_natural,2,18,2.6,0.6428132653236389,-0.11388884634790644
COHFACE_s10_session2_natural,2,19,2.6333333333333333,0.20366263389587402,0.07134621211319088
COHFACE_s10_session2_natural,2,20,2.6666666666666665,-0.09153224527835846,0.3003549678054858
COHFACE_s10_session2_natural,2,21,2.7,-0.09894275665283203,0.5403608851193774
COHFACE_s10_session2_natural,2,22,2.7333333333333334,0.10125657171010971,0.7518220355842751
COHFACE_s10_session2_natural,2,23,2.7666666666666666,0.24355913698673248,0.8952942262541076
COHFACE_s10_session2_natural,2,24,2.8,0.18132705986499786,0.9375911210395732
COHFACE_s10_session2_natural,2,25,2.8333333333333335,-0.027022674679756165,0.8567760559493816
COHFACE_s10_session2_natural,2,26,2.8666666666666667,-0.28501471877098083,0.6469804365653506
COHFACE_s10_session2_natural,2,27,2.9,-0.5329603552818298,0.3233324324772513
COHFACE_s10_session2_natural,2,28,2.933333333333333,-0.7257260680198669,-0.07540477220966116
COHFACE_s10_session2_natural,2,29,2.966666666666667,-0.8468722701072693,-0.4902010570579479
COHFACE_s10_session2_natural,2,30,3.0,-0.9290006160736084,-0.852371648406814
COHFACE_s10_session2_natural,2,31,3.033333333333333,-1.0054872035980225,-1.0986237775401588
COHFACE_s10_session2_natural,2,32,3.066666666666667,-1.0669331550598145,-1.1856214765344892
COHFACE_s10_session2_natural,2,33,3.1,-1.0479618310928345,-1.099908643098484
COHFACE_s10_session2_natural,2,34,3.1333333333333333,-0.44826555252075195,-0.8613605760895053
COHFACE_s10_session2_natural,2,35,3.1666666666666665,0.8163995146751404,-0.5199687520494676
COHFACE_s10_session2_natural,2,36,3.2,1.7300423383712769,-0.1458686581465054
COHFACE_s10_session2_natural,2,37,3.2333333333333334,1.7740198373794556,0.18658723297277133
COHFACE_s10_session2_natural,2,38,3.2666666666666666,1.3231233358383179,0.4167646673202845
COHFACE_s10_session2_natural,2,39,3.3,0.8222955465316772,0.5113652280377459
COHFACE_s10_session2_natural,2,40,3.3333333333333335,0.4166829586029053,0.46896847889305976
COHFACE_s10_session2_natural,2,41,3.3666666666666667,0.18724621832370758,0.3150943767077848
COHFACE_s10_session2_natural,2,42,3.4,0.24802163243293762,0.09135703777921403
COHFACE_s10_session2_natural,2,43,3.433333333333333,0.4332727789878845,-0.15619873597212997
COHFACE_s10_session2_natural,2,44,3.466666666666667,0.5015396475791931,-0.385760398935609
COHFACE_s10_session2_natural,2,45,3.5,0.3644856810569763,-0.5642629779828565
COHFACE_s10_session2_natural,2,46,3.533333333333333,0.09758022427558899,-0.6688059737366019
COHFACE_s10_session2_natural,2,47,3.566666666666667,-0.19523312151432037,-0.6867465707770372
COHFACE_s10_session2_natural,2,48,3.6,-0.4513869881629944,-0.6155766656083778
COHFACE_s10_session2_natural,2,49,3.6333333333333333,-0.6408231854438782,-0.46256773107802207
COHFACE_s10_session2_natural,2,50,3.6666666666666665,-0.7546629309654236,-0.24358250845169693
COHFACE_s10_session2_natural,2,51,3.7,-0.8262708187103271,0.01932111889642697
COHFACE_s10_session2_natural,2,52,3.7333333333333334,-0.8895087242126465,0.30116367604203764
COHFACE_s10_session2_natural,2,53,3.7666666666666666,-0.9565269947052002,0.5772682834741941
COHFACE_s10_session2_natural,2,54,3.8,-0.9902153015136719,0.8254908054208469
COHFACE_s10_session2_natural,2,55,3.8333333333333335,-0.6009613275527954,1.02710093175923
COHFACE_s10_session2_natural,2,56,3.8666666666666667,0.6081422567367554,1.1668041174807218
COHFACE_s10_session2_natural,2,57,3.9,1.775649905204773,1.2329548392753904
COHFACE_s10_session2_natural,2,58,3.933333333333333,2.052197217941284,1.218816787292388
COHFACE_s10_session2_natural,2,59,3.966666666666667,1.6574633121490479,1.124623826619142
COHFACE_s10_session2_natural,2,60,4.0,1.1311438083648682,0.9588196390345084
COHFACE_s10_session2_natural,2,61,4.033333333333333,0.7348607778549194,0.7367671215110128
COHFACE_s10_session2_natural,2,62,4.066666666666666,0.5001869797706604,0.47706326429001006
COHFACE_s10_session2_natural,2,63,4.1,0.48334282636642456,0.19758962570912955
COHFACE_s10_session2_natural,2,64,4.133333333333334,0.6244893074035645,-0.08642747057532085
COHFACE_s10_session2_natural,2,65,4.166666666666667,0.7065135836601257,-0.36169073752958514
COHFACE_s10_session2_natural,2,66,4.2,0.5912402868270874,-0.614727500149073
COHFACE_s10_session2_natural,2,67,4.233333333333333,0.34215012192726135,-0.8304457862888407
COHFACE_s10_session2_natural,2,68,4.266666666666667,0.0480882003903389,-0.9924822931746946
COHFACE_s10_session2_natural,2,69,4.3,-0.22914110124111176,-1.0852038827919008
COHFACE_s10_session2_natural,2,70,4.333333333333333,-0.44818463921546936,-1.0968784890763146
COHFACE_s10_session2_natural,2,71,4.366666666666666,-0.5840015411376953,-1.0236621725264492
COHFACE_s10_session2_natural,2,72,4.4,-0.6694709658622742,-0.8737031476121521
COHFACE_s10_session2_natural,2,73,4.433333333333334,-0.7391366958618164,-0.6698252301934974
COHFACE_s10_session2_natural,2,74,4.466666666666667,-0.7988600730895996,-0.44858942033224536
COHFACE_s10_session2_natural,2,75,4.5,-0.8717743754386902,-0.25382347863345744
COHFACE_s10_session2_natural,2,76,4.533333333333333,-0.8065248727798462,-0.12453740522865872
COHFACE_s10_session2_natural,2,77,4.566666666666666,-0.0272538922727108,-0.08057754766614394
COHFACE_s10_session2_natural,2,78,4.6,1.290995717048645,-0.11279330261823532
COHFACE_s10_session2_natural,2,79,4.633333333333334,2.0257458686828613,-0.1841415267621433
COHFACE_s10_session2_natural,2,80,4.666666666666667,1.8651424646377563,-0.24250732032778982
COHFACE_s10_session2_natural,2,81,4.7,1.3607423305511475,-0.23938141049581624
COHFACE_s10_session2_natural,2,82,4.733333333333333,0.9135338068008423,-0.14608085011102134
COHFACE_s10_session2_natural,2,83,4.766666666666667,0.584350049495697,0.03833953409311979
COHFACE_s10_session2_natural,2,84,4.8,0.4399202764034271,0.28851132161563214
COHFACE_s10_session2_natural,2,85,4.833333333333333,0.5307886004447937,0.5608130394581011
COHFACE_s10_session2_natural,2,86,4.866666666666666,0.6571602821350098,0.8046191209278712
COHFACE_s10_session2_natural,2,87,4.9,0.6175990700721741,0.9740334845799131
COHFACE_s10_session2_natural,2,88,4.933333333333334,0.40351513028144836,1.0376583986134105
COHFACE_s10_session2_natural,2,89,4.966666666666667,0.10144154727458954,0.9841891825801562
COHFACE_s10_session2_natural,2,90,5.0,-0.2030944973230362,0.8229202447139768
COHFACE_s10_session2_natural,2,91,5.033333333333333,-0.45322516560554504,0.5800716468648498
COHFACE_s10_session2_natural,2,92,5.066666666666666,-0.6266726851463318,0.29297474904166554
COHFACE_s10_session2_natural,2,93,5.1,-0.7223618626594543,0.0038787843661095786
COHFACE_s10_session2_natural,2,94,5.133333333333334,-0.779067873954773,-0.24616632514636574
COHFACE_s10_session2_natural,2,95,5.166666666666667,-0.8316003680229187,-0.42361376171727205
COHFACE_s10_session2_natural,2,96,5.2,-0.8913699984550476,-0.5083069265312431
COHFACE_s10_session2_natural,2,97,5.233333333333333,-0.971301794052124,-0.4971135686501322
COHFACE_s10_session2_natural,2,98,5.266666666666667,-1.0215799808502197,-0.4035560938989907
COHFACE_s10_session2_natural,2,99,5.3,-0.5280701518058777,-0.25328403953477946
COHFACE_s10_session2_natural,2,100,5.333333333333333,0.7824106216430664,-0.07727720131317677
COHFACE_s10_session2_natural,2,101,5.366666666666666,1.8416855335235596,0.0944313897421232
COHFACE_s10_session2_natural,2,102,5.4,1.9307503700256348,0.23672768081257634
COHFACE_s10_session2_natural,2,103,5.433333333333334,1.471032977104187,0.3311110636859225
COHFACE_s10_session2_natural,2,104,5.466666666666667,0.9714421629905701,0.3661977417703419
COHFACE_s10_session2_natural,2,105,5.5,0.5850667953491211,0.3379534097364961
COHFACE_s10_session2_natural,2,106,5.533333333333333,0.3696880638599396,0.24967617924964502
COHFACE_s10_session2_natural,2,107,5.566666666666666,0.4130181670188904,0.1110735856435278
COHFACE_s10_session2_natural,2,108,5.6,0.5741071105003357,-0.06398127364803688
COHFACE_s10_session2_natural,2,109,5.633333333333334,0.6053792238235474,-0.26044186900180566
COHFACE_s10_session2_natural,2,110,5.666666666666667,0.43113401532173157,-0.46429710312781397
COHFACE_s10_session2_natural,2,111,5.7,0.13943052291870117,-0.662406996863185
COHFACE_s10_session2_natural,2,112,5.733333333333333,-0.1722038984298706,-0.8396290206978949
COHFACE_s10_session2_natural,2,113,5.766666666666667,-0.43902844190597534,-0.9750025538038103
COHFACE_s10_session2_natural,2,114,5.8,-0.6224761009216309,-1.0404758599352992
COHFACE_s10_session2_natural,2,115,5.833333333333333,-0.7344313859939575,-1.0053993480448447
COHFACE_s10_session2_natural,2,116,5.866666666666666,-0.8096116185188293,-0.8471646487168965
COHFACE_s10_session2_natural,2,117,5.9,-0.8575891852378845,-0.564355211139895
COHFACE_s10_session2_natural,2,118,5.933333333333334,-0.9041100740432739,-0.1859415373185641
COHFACE_s10_session2_natural,2,119,5.966666666666667,-0.9784232378005981,0.22976869210969803
COHFACE_s10_session2_natural,2,120,6.0,-1.062008261680603,0.6089067319842735
COHFACE_s10_session2_natural,2,121,6.033333333333333,-0.8001086115837097,0.8845561709144233
COHFACE_s10_session2_natural,2,122,6.066666666666666,0.3004385530948639,1.0180289850176243
COHFACE_s10_session2_natural,2,123,6.1,1.4851834774017334,1.0084646922372442
COHFACE_s10_session2_natural,2,124,6.133333333333334,1.8136042356491089,0.8871457446808096
COHFACE_s10_session2_natural,2,125,6.166666666666667,1.4674490690231323,0.7015310925596816
COHFACE_s10_session2_natural,2,126,6.2,0.9757311940193176,0.49787961340613734
COHFACE_s10_session2_natural,2,127,6.233333333333333,0.5471009612083435,0.30958771739833
COHFACE_s10_session2_natural,2,128,6.266666666666667,0.26253050565719604,0.1537930653202325
COHFACE_s10_session2_natural,2,129,6.3,0.2519754469394684,0.034568973968844
COHFACE_s10_session2_natural,2,130,6.333333333333333,0.42176973819732666,-0.0508512645387342
COHFACE_s10_session2_natural,2,131,6.366666666666666,0.5385574698448181,-0.10605097740752262
COHFACE_s10_session2_natural,2,132,6.4,0.4498741626739502,-0.13157881599250293
COHFACE_s10_session2_natural,2,133,6.433333333333334,0.18599765002727509,-0.12416015818892728
COHFACE_s10_session2_natural,2,134,6.466666666666667,-0.12475814670324326,-0.07926716584021938
COHFACE_s10_session2_natural,2,135,6.5,-0.39384859800338745,0.003469276246690492
COHFACE_s10_session2_natural,2,136,6.533333333333333,-0.5966375470161438,0.11407569164458056
COHFACE_s10_session2_natural,2,137,6.566666666666666,-0.7378649711608887,0.22886391043351
COHFACE_s10_session2_natural,2,138,6.6,-0.8168025016784668,0.31345608462945895
COHFACE_s10_session2_natural,2,139,6.633333333333334,-0.858745276927948,0.3331063869486997
COHFACE_s10_session2_natural,2,140,6.666666666666667,-0.9101564288139343,0.2665853576381529
COHFACE_s10_session2_natural,2,141,6.7,-0.9754058718681335,0.1168607974564043
COHFACE_s10_session2_natural,2,142,6.733333333333333,-0.8712772727012634,-0.08682931954086223
COHFACE_s10_session2_natural,2,143,6.766666666666667,-0.04140437766909599,-0.29647543204433413
COHFACE_s10_session2_natural,2,144,6.8,1.2215958833694458,-0.45900355153086325
COHFACE_s10_session2_natural,2,145,6.833333333333333,1.8523099422454834,-0.5308094892940133
COHFACE_s10_session2_natural,2,146,6.866666666666666,1.6715906858444214,-0.48853698483876795
COHFACE_s10_session2_natural,2,147,6.9,1.1930521726608276,-0.3339116102223572
COHFACE_s10_session2_natural,2,148,6.933333333333334,0.7364909052848816,-0.09274498933201268
COHFACE_s10_session2_natural,2,149,6.966666666666667,0.3644856810569763,0.19040291321000652
COHFACE_s10_session2_natural,2,150,7.0,0.2243681252002716,0.4600631256543626
COHFACE_s10_session2_natural,2,151,7.033333333333333,0.3505432903766632,0.6587786758097012
COHFACE_s10_session2_natural,2,152,7.066666666666666,0.49822166562080383,0.736329552722945
COHFACE_s10_session2_natural,2,153,7.1,0.4761982262134552,0.6586012688824437
COHFACE_s10_session2_natural,2,154,7.133333333333334,0.27085432410240173,0.4148639272145661
COHFACE_s10_session2_natural,2,155,7.166666666666667,-0.033901382237672806,0.021898601684821932
COHFACE_s10_session2_natural,2,156,7.2,-0.33516570925712585,-0.47595393127094593
COHFACE_s10_session2_natural,2,157,7.233333333333333,-0.5665446519851685,-1.0108509290823446
COHFACE_s10_session2_natural,2,158,7.266666666666667,-0.7146276831626892,-1.499400926524434
COHFACE_s10_session2_natural,2,159,7.3,-0.8171493411064148,-1.8545277368289006
COHFACE_s10_session2_natural,2,160,7.333333333333333,-0.9053008556365967,-2.0010725819536037
COHFACE_s10_session2_natural,2,161,7.366666666666666,-0.9761457443237305,-1.8935193801512118
COHFACE_s10_session2_natural,2,162,7.4,-1.0337766408920288,-1.5316214628894265
COHFACE_s10_session2_natural,2,163,7.433333333333334,-0.9303069710731506,-0.967478872805291
COHFACE_s10_session2_natural,2,164,7.466666666666667,-0.11098916828632355,-0.2980008994306328
COHFACE_s10_session2_natural,2,165,7.5,1.2540935277938843,0.35856653405870204
COHFACE_s10_session2_natural,2,166,7.533333333333333,2.030867338180542,0.8953225313912
COHFACE_s10_session2_natural,2,167,7.566666666666666,1.926102876663208,1.24568948926794
COHFACE_s10_session2_natural,2,168,7.6,1.4701311588287354,1.3964014451508027
COHFACE_s10_session2_natural,2,169,7.633333333333334,1.0566456317901611,1.379967711709849
COHFACE_s10_session2_natural,2,170,7.666666666666667,0.7463407516479492,1.2527013298258887
COHFACE_s10_session2_natural,2,171,7.7,0.569945216178894,1.0707773148842628
COHFACE_s10_session2_natural,2,172,7.733333333333333,0.6008704900741577,0.8747322039815892
COHFACE_s10_session2_natural,2,173,7.766666666666667,0.6934036016464233,0.6858105174776711
COHFACE_s10_session2_natural,2,174,7.8,0.646454930305481,0.5115098601418326
COHFACE_s10_session2_natural,2,175,7.833333333333333,0.4211338758468628,0.35495129245389434
COHFACE_s10_session2_natural,2,176,7.866666666666666,0.1029791384935379,0.22286748128836828
COHFACE_s10_session2_natural,2,177,7.9,-0.21821609139442444,0.12865831156088567
COHFACE_s10_session2_natural,2,178,7.933333333333334,-0.4827747046947479,0.08906005558572472
COHFACE_s10_session2_natural,2,179,7.966666666666667,-0.6658061742782593,0.11575394840109662
COHFACE_s10_session2_natural,2,180,8.0,-0.7715417742729187,0.20639199723173202
COHFACE_s10_session2_natural,2,181,8.033333333333333,-0.8259009122848511,0.3405419055605641
COHFACE_s10_session2_natural,2,182,8.066666666666666,-0.8732772469520569,0.48329268250711127
COHFACE_s10_session2_natural,2,183,8.1,-0.9466193318367004,0.5947303473078318
COHFACE_s10_session2_natural,2,184,8.133333333333333,-1.0417420864105225,0.6405115938646938
COHFACE_s10_session2_natural,2,185,8.166666666666666,-0.9246652722358704,0.5991058969820594
COHFACE_s10_session2_natural,2,186,8.2,0.046724021434783936,0.4643514106773679
COHFACE_s10_session2_natural,2,187,8.233333333333333,1.4701542854309082,0.24489178513837667
COHFACE_s10_session2_natural,2,188,8.266666666666667,2.1240477561950684,-0.03756298996401596
COHFACE_s10_session2_natural,2,189,8.3,1.9161837100982666,-0.3507455936941641
COHFACE_s10_session2_natural,2,190,8.333333333333334,1.4725936651229858,-0.6560230303325075
COHFACE_s10_session2_natural,2,191,8.366666666666667,1.1284385919570923,-0.9147715997086492
COHFACE_s10_session2_natural,2,192,8.4,0.8573943376541138,-1.0954777354137797
COHFACE_s10_session2_natural,2,193,8.433333333333334,0.6712414026260376,-1.1788475906778837
COHFACE_s10_session2_natural,2,194,8.466666666666667,0.6547209620475769,-1.1594050323334382
COHFACE_s10_session2_natural,2,195,8.5,0.6761085391044617,-1.0446141346710391
COHFACE_s10_session2_natural,2,196,8.533333333333333,0.5747198462486267,-0.8540217230609175
COHFACE_s10_session2_natural,2,197,8.566666666666666,0.32113248109817505,-0.6195288541170555
COHFACE_s10_session2_natural,2,198,8.6,-0.010086022317409515,-0.3844047625834802
COHFACE_s10_session2_natural,2,199,8.633333333333333,-0.3357437551021576,-0.19704180464763427
COHFACE_s10_session2_natural,2,200,8.666666666666666,-0.5976665019989014,-0.09850807586737523
COHFACE_s10_session2_natural,2,201,8.7,-0.7779580354690552,-0.10826529690470052
COHFACE_s10_session2_natural,2,202,8.733333333333333,-0.8897746205329895,-0.21542264396826136
COHFACE_s10_session2_natural,2,203,8.766666666666667,-0.9548159837722778,-0.38086535924537307
COHFACE_s10_session2_natural,2,204,8.8,-1.011024832725525,-0.5494083052951886
COHFACE_s10_session2_natural,2,205,8.833333333333334,-1.0801010131835938,-0.6656768034119511
COHFACE_s10_session2_natural,2,206,8.866666666666667,-1.1773046255111694,-0.6869383025497846
COHFACE_s10_session2_natural,2,207,8.9,-1.273988127708435,-0.5897424801784092
COHFACE_s10_session2_natural,2,208,8.933333333333334,-0.9518795013427734,-0.3713437412933723
COHFACE_s10_session2_natural,2,209,8.966666666666667,0.3321037292480469,-0.048397617467658055
COHFACE_s10_session2_natural,2,210,9.0,1.6558910608291626,0.34609555252826635
COHFACE_s10_session2_natural,2,211,9.033333333333333,1.974635362625122,0.7680099883863198
COHFACE_s10_session2_natural,2,212,9.066666666666666,1.594826579093933,1.1687511450799635
COHFACE_s10_session2_natural,2,213,9.1,1.1391208171844482,1.5013529637637006
COHFACE_s10_session2_natural,2,214,9.133333333333333,0.8154977560043335,1.7251792626705276
COHFACE_s10_session2_natural,2,215,9.166666666666666,0.5518293380737305,1.8100564688865248
COHFACE_s10_session2_natural,2,216,9.2,0.41158461570739746,1.7402794199941833
COHFACE_s10_session2_natural,2,217,9.233333333333333,0.45045220851898193,1.5174634379052085
COHFACE_s10_session2_natural,2,218,9.266666666666667,0.4699784815311432,1.1608180077940968
COHFACE_s10_session2_natural,2,219,9.3,0.32310938835144043,0.7045825373851583
COHFACE_s10_session2_natural,2,220,9.333333333333334,0.047487035393714905,0.1940183962363379
COHFACE_s10_session2_natural,2,221,9.366666666666667,-0.26664450764656067,-0.31839048723060437
COHFACE_s10_session2_natural,2,222,9.4,-0.5702441334724426,-0.7766410193983021
COHFACE_s10_session2_natural,2,223,9.433333333333334,-0.8047329783439636,-1.1265378502469123
COHFACE_s10_session2_natural,2,224,9.466666666666667,-0.9493939280509949,-1.323690534698441
COHFACE_s10_session2_natural,2,225,9.5,-1.032528042793274,-1.3430624303495382
COHFACE_s10_session2_natural,2,226,9.533333333333333,-1.0894999504089355,-1.1871776437101174
COHFACE_s10_session2_natural,2,227,9.566666666666666,-1.1333271265029907,-0.8894463627388423
COHFACE_s10_session2_natural,2,228,9.6,-1.1960216760635376,-0.5097202165155991
COHFACE_s10_session2_natural,2,229,9.633333333333333,-1.2958612442016602,-0.12147887315689875
COHFACE_s10_session2_natural,2,230,9.666666666666666,-1.406868577003479,0.20638061647718967
COHFACE_s10_session2_natural,2,231,9.7,-1.2237330675125122,0.4270677762388242
COHFACE_s10_session2_natural,2,232,9.733333333333333,-0.10211043059825897,0.5260109184148721
COHFACE_s10_session2_natural,2,233,9.766666666666667,1.309065341949463,0.5196357534760558
COHFACE_s10_session2_natural,2,234,9.8,1.8275697231292725,0.44413303666471227
COHFACE_s10_session2_natural,2,235,9.833333333333334,1.5229412317276,0.3399688560717595
COHFACE_s10_session2_natural,2,236,9.866666666666667,1.011592984199524,0.23871597146807141
COHFACE_s10_session2_natural,2,237,9.9,0.6003618240356445,0.15623149621197557
COHFACE_s10_session2_natural,2,238,9.933333333333334,0.3011437654495239,0.092468771793726
COHFACE_s10_session2_natural,2,239,9.966666666666667,0.19212490320205688,0.03573093964934235
COHFACE_s10_session2_natural,3,0,3.0,-0.9290006160736084,-0.05085657920714676
COHFACE_s10_session2_natural,3,1,3.033333333333333,-1.0054872035980225,0.17032624704652577
COHFACE_s10_session2_natural,3,2,3.066666666666667,-1.0669331550598145,0.3638952782788553
COHFACE_s10_session2_natural,3,3,3.1,-1.0479618310928345,0.5051695384630214
COHFACE_s10_session2_natural,3,4,3.1333333333333333,-0.44826555252075195,0.5755205403147339
COHFACE_s10_session2_natural,3,5,3.1666666666666665,0.8163995146751404,0.5665969190429496
COHFACE_s10_session2_natural,3,6,3.2,1.7300423383712769,0.4829066507154912
COHFACE_s10_session2_natural,3,7,3.2333333333333334,1.7740198373794556,0.34094955904407875
COHFACE_s10_session2_natural,3,8,3.2666666666666666,1.3231233358383179,0.1651804293019345
COHFACE_s10_session2_natural,3,9,3.3,0.8222955465316772,-0.017118139923892845
COHFACE_s10_session2_natural,3,10,3.3333333333333335,0.4166829586029053,-0.18006495011797438
COHFACE_s10_session2_natural,3,11,3.3666666666666667,0.18724621832370758,-0.302107998832084
COHFACE_s10_session2_natural,3,12,3.4,0.24802163243293762,-0.368683549202692
COHFACE_s10_session2_natural,3,13,3.433333333333333,0.4332727789878845,-0.3752853004840416
COHFACE_s10_session2_natural,3,14,3.466666666666667,0.5015396475791931,-0.32952842186921044
COHFACE_s10_session2_natural,3,15,3.5,0.3644856810569763,-0.24968175557529468
COHFACE_s10_session2_natural,3,16,3.533333333333333,0.09758022427558899,-0.1590016576170734
COHFACE_s10_session2_natural,3,17,3.566666666666667,-0.19523312151432037,-0.07816208755291358
COHFACE_s10_session2_natural,3,18,3.6,-0.4513869881629944,-0.019257309234926343
COHFACE_s10_session2_natural,3,19,3.6333333333333333,-0.6408231854438782,0.01636468187801251
COHFACE_s10_session2_natural,3,20,3.6666666666666665,-0.7546629309654236,0.036574019502050165
COHFACE_s10_session2_natural,3,21,3.7,-0.8262708187103271,0.05500207259247496
COHFACE_s10_session2_natural,3,22,3.7333333333333334,-0.8895087242126465,0.08719031411303219
COHFACE_s10_session2_natural,3,23,3.7666666666666666,-0.9565269947052002,0.146722990972072
COHFACE_s10_session2_natural,3,24,3.8,-0.9902153015136719,0.24119996005749136
COHFACE_s10_session2_natural,3,25,3.8333333333333335,-0.6009613275527954,0.36856477171037283
COHFACE_s10_session2_natural,3,26,3.8666666666666667,0.6081422567367554,0.5154888495367972
COHFACE_s10_session2_natural,3,27,3.9,1.775649905204773,0.6597028876769386
COHFACE_s10_session2_natural,3,28,3.933333333333333,2.052197217941284,0.7764222456459633
COHFACE_s10_session2_natural,3,29,3.966666666666667,1.6574633121490479,0.8462327418248814
COHFACE_s10_session2_natural,3,30,4.0,1.1311438083648682,0.8600557588399229
COHFACE_s10_session2_natural,3,31,4.033333333333333,0.7348607778549194,0.8181554706671681
COHFACE_s10_session2_natural,3,32,4.066666666666666,0.5001869797706604,0.7244196187387537
COHFACE_s10_session2_natural,3,33,4.1,0.48334282636642456,0.5805725714976083
COHFACE_s10_session2_natural,3,34,4.133333333333334,0.6244893074035645,0.3843654497895778
COHFACE_s10_session2_natural,3,35,4.166666666666667,0.7065135836601257,0.13245620167222286
COHFACE_s10_session2_natural,3,36,4.2,0.5912402868270874,-0.17416472223117777
COHFACE_s10_session2_natural,3,37,4.233333333333333,0.34215012192726135,-0.5250149584117231
COHFACE_s10_session2_natural,3,38,4.266666666666667,0.0480882003903389,-0.8968224619079141
COHFACE_s10_session2_natural,3,39,4.3,-0.22914110124111176,-1.2526184202103157
COHFACE_s10_session2_natural,3,40,4.333333333333333,-0.44818463921546936,-1.5441689459513133
COHFACE_s10_session2_natural,3,41,4.366666666666666,-0.5840015411376953,-1.7191697819544547
COHFACE_s10_session2_natural,3,42,4.4,-0.6694709658622742,-1.7333493044608024
COHFACE_s10_session2_natural,3,43,4.433333333333334,-0.7391366958618164,-1.5649756147518679
COHFACE_s10_session2_natural,3,44,4.466666666666667,-0.7988600730895996,-1.2267960327540006
COHFACE_s10_session2_natural,3,45,4.5,-0.8717743754386902,-0.7693641891434431
COHFACE_s10_session2_natural,3,46,4.533333333333333,-0.8065248727798462,-0.2712592887908445
COHFACE_s10_session2_natural,3,47,4.566666666666666,-0.0272538922727108,0.18270274511585294
COHFACE_s10_session2_natural,3,48,4.6,1.290995717048645,0.5262940426814738
COHFACE_s10_session2_natural,3,49,4.633333333333334,2.0257458686828613,0.7277047292690997
COHFACE_s10_session2_natural,3,50,4.666666666666667,1.8651424646377563,0.7904114459694691
COHFACE_s10_session2_natural,3,51,4.7,1.3607423305511475,0.7426604848796305
COHFACE_s10_session2_natural,3,52,4.733333333333333,0.9135338068008423,0.6240517649903686
COHFACE_s10_session2_natural,3,53,4.766666666666667,0.584350049495697,0.47581576318691443
COHFACE_s10_session2_natural,3,54,4.8,0.4399202764034271,0.3357155075559984
COHFACE_s10_session2_natural,3,55,4.833333333333333,0.5307886004447937,0.234576891021126
COHFACE_s10_session2_natural,3,56,4.866666666666666,0.6571602821350098,0.1923966431428233
COHFACE_s10_session2_natural,3,57,4.9,0.6175990700721741,0.2148528613719104
COHFACE_s10_session2_natural,3,58,4.933333333333334,0.40351513028144836,0.2918980300779725
COHFACE_s10_session2_natural,3,59,4.966666666666667,0.10144154727458954,0.39940575816754975
COHFACE_s10_session2_natural,3,60,5.0,-0.2030944973230362,0.5043366206761425
COHFACE_s10_session2_natural,3,61,5.033333333333333,-0.45322516560554504,0.5730401679458833
COHFACE_s10_session2_natural,3,62,5.066666666666666,-0.6266726851463318,0.5804823132016728
COHFACE_s10_session2_natural,3,63,5.1,-0.7223618626594543,0.5169565031100397
COHFACE_s10_session2_natural,3,64,5.133333333333334,-0.779067873954773,0.38978321068436644
COHFACE_s10_session2_natural,3,65,5.166666666666667,-0.8316003680229187,0.2199228338086569
COHFACE_s10_session2_natural,3,66,5.2,-0.8913699984550476,0.03557206579058575
COHFACE_s10_session2_natural,3,67,5.233333333333333,-0.971301794052124,-0.1344884605275049
COHFACE_s10_session2_natural,3,68,5.266666666666667,-1.0215799808502197,-0.2659155296423331
COHFACE_s10_session2_natural,3,69,5.3,-0.5280701518058777,-0.3418274961573026
COHFACE_s10_session2_natural,3,70,5.333333333333333,0.7824106216430664,-0.3544310847061658
COHFACE_s10_session2_natural,3,71,5.366666666666666,1.8416855335235596,-0.3058084923704098
COHFACE_s10_session2_natural,3,72,5.4,1.9307503700256348,-0.20770778284212157
COHFACE_s10_session2_natural,3,73,5.433333333333334,1.471032977104187,-0.07969216550453564
COHFACE_s10_session2_natural,3,74,5.466666666666667,0.9714421629905701,0.054566694481749
COHFACE_s10_session2_natural,3,75,5.5,0.5850667953491211,0.171927385988631
COHFACE_s10_session2_natural,3,76,5.533333333333333,0.3696880638599396,0.25346451149349675
COHFACE_s10_session2_natural,3,77,5.566666666666666,0.4130181670188904,0.28559505273996966
COHFACE_s10_session2_natural,3,78,5.6,0.5741071105003357,0.25878059817685906
COHFACE_s10_session2_natural,3,79,5.633333333333334,0.6053792238235474,0.16582525880773488
COHFACE_s10_session2_natural,3,80,5.666666666666667,0.43113401532173157,0.002273838582118405
COHFACE_s10_session2_natural,3,81,5.7,0.13943052291870117,-0.22984110653229392
COHFACE_s10_session2_natural,3,82,5.733333333333333,-0.1722038984298706,-0.5159669446082774
COHFACE_s10_session2_natural,3,83,5.766666666666667,-0.43902844190597534,-0.8239664333732819
COHFACE_s10_session2_natural,3,84,5.8,-0.6224761009216309,-1.1040976914983565
COHFACE_s10_session2_natural,3,85,5.833333333333333,-0.7344313859939575,-1.2967493044360088
COHFACE_s10_session2_natural,3,86,5.866666666666666,-0.8096116185188293,-1.3472757846886048
COHFACE_s10_session2_natural,3,87,5.9,-0.8575891852378845,-1.2234196403146
COHFACE_s10_session2_natural,3,88,5.933333333333334,-0.9041100740432739,-0.9284602606492341
COHFACE_s10_session2_natural,3,89,5.966666666666667,-0.9784232378005981,-0.5038692756604897
COHFACE_s10_session2_natural,3,90,6.0,-1.062008261680603,-0.019138051395832082
COHFACE_s10_session2_natural,3,91,6.033333333333333,-0.8001086115837097,0.4477514352087466
COHFACE_s10_session2_natural,3,92,6.066666666666666,0.3004385530948639,0.8308779953599278
COHFACE_s10_session2_natural,3,93,6.1,1.4851834774017334,1.0894384053763773
COHFACE_s10_session2_natural,3,94,6.133333333333334,1.8136042356491089,1.2101509865079798
COHFACE_s10_session2_natural,3,95,6.166666666666667,1.4674490690231323,1.201968163855435
COHFACE_s10_session2_natural,3,96,6.2,0.9757311940193176,1.0880970106938845
COHFACE_s10_session2_natural,3,97,6.233333333333333,0.5471009612083435,0.8988523783386222
COHFACE_s10_session2_natural,3,98,6.266666666666667,0.26253050565719604,0.6667448166219148
COHFACE_s10_session2_natural,3,99,6.3,0.2519754469394684,0.4236197642908278
COHFACE_s10_session2_natural,3,100,6.333333333333333,0.42176973819732666,0.19875754481986216
COHFACE_s10_session2_natural,3,101,6.366666666666666,0.5385574698448181,0.016855850877231716
COHFACE_s10_session2_natural,3,102,6.4,0.4498741626739502,-0.10437311582621049
COHFACE_s10_session2_natural,3,103,6.433333333333334,0.18599765002727509,-0.15649730166566983
COHFACE_s10_session2_natural,3,104,6.466666666666667,-0.12475814670324326,-0.14199775490702649
COHFACE_s10_session2_natural,3,105,6.5,-0.39384859800338745,-0.07496118001520341
COHFACE_s10_session2_natural,3,106,6.533333333333333,-0.5966375470161438,0.01951909122432359
COHFACE_s10_session2_natural,3,107,6.566666666666666,-0.7378649711608887,0.10816881767541384
COHFACE_s10_session2_natural,3,108,6.6,-0.8168025016784668,0.15590381537754253
COHFACE_s10_session2_natural,3,109,6.633333333333334,-0.858745276927948,0.13571439386403386
COHFACE_s10_session2_natural,3,110,6.666666666666667,-0.9101564288139343,0.03886391883132152
COHFACE_s10_session2_natural,3,111,6.7,-0.9754058718681335,-0.11973069942338428
COHFACE_s10_session2_natural,3,112,6.733333333333333,-0.8712772727012634,-0.30422477306342577
COHFACE_s10_session2_natural,3,113,6.766666666666667,-0.04140437766909599,-0.4678312145195538
COHFACE_s10_session2_natural,3,114,6.8,1.2215958833694458,-0.5659233839825922
COHFACE_s10_session2_natural,3,115,6.833333333333333,1.8523099422454834,-0.5674267306611533
COHFACE_s10_session2_natural,3,116,6.866666666666666,1.6715906858444214,-0.46151404442833555
COHFACE_s10_session2_natural,3,117,6.9,1.1930521726608276,-0.2592676648832178
COHFACE_s10_session2_natural,3,118,6.933333333333334,0.7364909052848816,0.008465493182512027
COHFACE_s10_session2_natural,3,119,6.966666666666667,0.3644856810569763,0.2959118749681189
COHFACE_s10_session2_natural,3,120,7.0,0.2243681252002716,0.5497196936623472
COHFACE_s10_session2_natural,3,121,7.033333333333333,0.3505432903766632,0.7185392859384935
COHFACE_s10_session2_natural,3,122,7.066666666666666,0.49822166562080383,0.7628093575630082
COHFACE_s10_session2_natural,3,123,7.1,0.4761982262134552,0.6615972527493423
COHFACE_s10_session2_natural,3,124,7.133333333333334,0.27085432410240173,0.4148401349157395
COHFACE_s10_session2_natural,3,125,7.166666666666667,-0.033901382237672806,0.04208979268152231
COHFACE_s10_session2_natural,3,126,7.2,-0.33516570925712585,-0.41968155551402325
COHFACE_s10_session2_natural,3,127,7.233333333333333,-0.5665446519851685,-0.9175811909666126
COHFACE_s10_session2_natural,3,128,7.266666666666667,-0.7146276831626892,-1.3845552997667145
COHFACE_s10_session2_natural,3,129,7.3,-0.8171493411064148,-1.7444841781267906
COHFACE_s10_session2_natural,3,130,7.333333333333333,-0.9053008556365967,-1.9233753445851811
COHFACE_s10_session2_natural,3,131,7.366666666666666,-0.9761457443237305,-1.8663828831475815
COHFACE_s10_session2_natural,3,132,7.4,-1.0337766408920288,-1.5560742030360342
COHFACE_s10_session2_natural,3,133,7.433333333333334,-0.9303069710731506,-1.0243720037832742
COHFACE_s10_session2_natural,3,134,7.466666666666667,-0.11098916828632355,-0.3511680993187505
COHFACE_s10_session2_natural,3,135,7.5,1.2540935277938843,0.3528127806719414
COHFACE_s10_session2_natural,3,136,7.533333333333333,2.030867338180542,0.9743976293542488
COHFACE_s10_session2_natural,3,137,7.566666666666666,1.926102876663208,1.4272668502065462
COHFACE_s10_session2_natural,3,138,7.6,1.4701311588287354,1.6705830379435374
COHFACE_s10_session2_natural,3,139,7.633333333333334,1.0566456317901611,1.7103068925955565
COHFACE_s10_session2_natural,3,140,7.666666666666667,0.7463407516479492,1.5856370747066202
COHFACE_s10_session2_natural,3,141,7.7,0.569945216178894,1.3498093114031775
COHFACE_s10_session2_natural,3,142,7.733333333333333,0.6008704900741577,1.0542928436894043
COHFACE_s10_session2_natural,3,143,7.766666666666667,0.6934036016464233,0.7405596119246508
COHFACE_s10_session2_natural,3,144,7.8,0.646454930305481,0.4389445679719372
COHFACE_s10_session2_natural,3,145,7.833333333333333,0.4211338758468628,0.17174581791041807
COHFACE_s10_session2_natural,3,146,7.866666666666666,0.1029791384935379,-0.042659287427865206
COHFACE_s10_session2_natural,3,147,7.9,-0.21821609139442444,-0.18750334137146812
COHFACE_s10_session2_natural,3,148,7.933333333333334,-0.4827747046947479,-0.2493425062178191
COHFACE_s10_session2_natural,3,149,7.966666666666667,-0.6658061742782593,-0.22399969312242002
COHFACE_s10_session2_natural,3,150,8.0,-0.7715417742729187,-0.12330346669950953
COHFACE_s10_session2_natural,3,151,8.033333333333333,-0.8259009122848511,0.02287553150773064
COHFACE_s10_session2_natural,3,152,8.066666666666666,-0.8732772469520569,0.1725277796358959
COHFACE_s10_session2_natural,3,153,8.1,-0.9466193318367004,0.2834970743547118
COHFACE_s10_session2_natural,3,154,8.133333333333333,-1.0417420864105225,0.3256080671380459
COHFACE_s10_session2_natural,3,155,8.166666666666666,-0.9246652722358704,0.28712285916376923
COHFACE_s10_session2_natural,3,156,8.2,0.046724021434783936,0.17421855860800975
COHFACE_s10_session2_natural,3,157,8.233333333333333,1.4701542854309082,0.0065533810466943485
COHFACE_s10_session2_natural,3,158,8.266666666666667,2.1240477561950684,-0.18772233914469486
COHFACE_s10_session2_natural,3,159,8.3,1.9161837100982666,-0.3765893645900202
COHFACE_s10_session2_natural,3,160,8.333333333333334,1.4725936651229858,-0.5292244750107467
COHFACE_s10_session2_natural,3,161,8.366666666666667,1.1284385919570923,-0.6218941862241506
COHFACE_s10_session2_natural,3,162,8.4,0.8573943376541138,-0.6432439491528877
COHFACE_s10_session2_natural,3,163,8.433333333333334,0.6712414026260376,-0.5965305825057344
COHFACE_s10_session2_natural,3,164,8.466666666666667,0.6547209620475769,-0.4976543523220647
COHFACE_s10_session2_natural,3,165,8.5,0.6761085391044617,-0.3704730138071338
COHFACE_s10_session2_natural,3,166,8.533333333333333,0.5747198462486267,-0.24250427363734828
COHFACE_s10_session2_natural,3,167,8.566666666666666,0.32113248109817505,-0.14289776979972432
COHFACE_s10_session2_natural,3,168,8.6,-0.010086022317409515,-0.10099189432379675
COHFACE_s10_session2_natural,3,169,8.633333333333333,-0.3357437551021576,-0.14167516429973157
COHFACE_s10_session2_natural,3,170,8.666666666666666,-0.5976665019989014,-0.2761063713061934
COHFACE_s10_session2_natural,3,171,8.7,-0.7779580354690552,-0.49136349726757766
COHFACE_s10_session2_natural,3,172,8.733333333333333,-0.8897746205329895,-0.7460450271837715
COHFACE_s10_session2_natural,3,173,8.766666666666667,-0.9548159837722778,-0.9772570879463941
COHFACE_s10_session2_natural,3,174,8.8,-1.011024832725525,-1.1178651254954197
COHFACE_s10_session2_natural,3,175,8.833333333333334,-1.0801010131835938,-1.1164734238840974
COHFACE_s10_session2_natural,3,176,8.866666666666667,-1.1773046255111694,-0.9514032246998309
COHFACE_s10_session2_natural,3,177,8.9,-1.273988127708435,-0.6339782935958589
COHFACE_s10_session2_natural,3,178,8.933333333333334,-0.9518795013427734,-0.2022775149841179
COHFACE_s10_session2_natural,3,179,8.966666666666667,0.3321037292480469,0.289781696482916
COHFACE_s10_session2_natural,3,180,9.0,1.6558910608291626,0.7834697866502925
COHFACE_s10_session2_natural,3,181,9.033333333333333,1.974635362625122,1.2241484726560814
COHFACE_s10_session2_natural,3,182,9.066666666666666,1.594826579093933,1.5674138404396976
COHFACE_s10_session2_natural,3,183,9.1,1.1391208171844482,1.7824436011013378
COHFACE_s10_session2_natural,3,184,9.133333333333333,0.8154977560043335,1.852952122298459
COHFACE_s10_session2_natural,3,185,9.166666666666666,0.5518293380737305,1.776477671618043
COHFACE_s10_session2_natural,3,186,9.2,0.41158461570739746,1.5627483262797965
COHFACE_s10_session2_natural,3,187,9.233333333333333,0.45045220851898193,1.2318838899770281
COHFACE_s10_session2_natural,3,188,9.266666666666667,0.4699784815311432,0.8132542186285506
COHFACE_s10_session2_natural,3,189,9.3,0.32310938835144043,0.34519868780414004
COHFACE_s10_session2_natural,3,190,9.333333333333334,0.047487035393714905,-0.125664230914795
COHFACE_s10_session2_natural,3,191,9.366666666666667,-0.26664450764656067,-0.547649512281167
COHFACE_s10_session2_natural,3,192,9.4,-0.5702441334724426,-0.8707736821059845
COHFACE_s10_session2_natural,3,193,9.433333333333334,-0.8047329783439636,-1.0558812596824643
COHFACE_s10_session2_natural,3,194,9.466666666666667,-0.9493939280509949,-1.0832470456636891
COHFACE_s10_session2_natural,3,195,9.5,-1.032528042793274,-0.9577627051539749
COHFACE_s10_session2_natural,3,196,9.533333333333333,-1.0894999504089355,-0.7093492976776009
COHFACE_s10_session2_natural,3,197,9.566666666666666,-1.1333271265029907,-0.3886985993288922
COHFACE_s10_session2_natural,3,198,9.6,-1.1960216760635376,-0.05872976210191451
COHFACE_s10_session2_natural,3,199,9.633333333333333,-1.2958612442016602,0.2176226862933744
COHFACE_s10_session2_natural,3,200,9.666666666666666,-1.406868577003479,0.39122405455808695
COHFACE_s10_session2_natural,3,201,9.7,-1.2237330675125122,0.438146713038634
COHFACE_s10_session2_natural,3,202,9.733333333333333,-0.10211043059825897,0.3640789818265703
COHFACE_s10_session2_natural,3,203,9.766666666666667,1.309065341949463,0.19951093322280086
COHFACE_s10_session2_natural,3,204,9.8,1.8275697231292725,-0.011759121092872365
COHFACE_s10_session2_natural,3,205,9.833333333333334,1.5229412317276,-0.22478180202721731
COHFACE_s10_session2_natural,3,206,9.866666666666667,1.011592984199524,-0.401187730332134
COHFACE_s10_session2_natural,3,207,9.9,0.6003618240356445,-0.5116447840781237
COHFACE_s10_session2_natural,3,208,9.933333333333334,0.3011437654495239,-0.5362822750455936
COHFACE_s10_session2_natural,3,209,9.966666666666667,0.19212490320205688,-0.4670931316099924
COHFACE_s10_session2_natural,3,210,10.0,0.29147887229919434,-0.3130829725036167
COHFACE_s10_session2_natural,3,211,10.033333333333333,0.381965696811676,-0.10466477746590139
COHFACE_s10_session2_natural,3,212,10.066666666666666,0.28864648938179016,0.10778954860693907
COHFACE_s10_session2_natural,3,213,10.1,0.021440429612994194,0.2640268312355071
COHFACE_s10_session2_natural,3,214,10.133333333333333,-0.3004484474658966,0.3106232085945824
COHFACE_s10_session2_natural,3,215,10.166666666666666,-0.5986491441726685,0.21824585174151925
COHFACE_s10_session2_natural,3,216,10.2,-0.8335888385772705,-0.00731634929894468
COHFACE_s10_session2_natural,3,217,10.233333333333333,-0.9715098738670349,-0.32433096087640095
COHFACE_s10_session2_natural,3,218,10.266666666666667,-1.0445976257324219,-0.6641394460371556
COHFACE_s10_session2_natural,3,219,10.3,-1.0873959064483643,-0.9466006557029691
COHFACE_s10_session2_natural,3,220,10.333333333333334,-1.1366913318634033,-1.0982242193871992
COHFACE_s10_session2_natural,3,221,10.366666666666667,-1.2050853967666626,-1.069948812110699
COHFACE_s10_session2_natural,3,222,10.4,-1.3004509210586548,-0.8511455947918346
COHFACE_s10_session2_natural,3,223,10.433333333333334,-1.4222675561904907,-0.4753566999518575
COHFACE_s10_session2_natural,3,224,10.466666666666667,-1.2805662155151367,-0.013598712975435667
COHFACE_s10_session2_natural,3,225,10.5,-0.2029210925102234,0.4450171844501051
COHFACE_s10_session2_natural,3,226,10.533333333333333,1.223734736442566,0.818746396742925
COHFACE_s10_session2_natural,3,227,10.566666666666666,1.8082630634307861,1.0538001751226185
COHFACE_s10_session2_natural,3,228,10.6,1.5317274332046509,1.1318097479319889
COHFACE_s10_session2_natural,3,229,10.633333333333333,0.9887949824333191,1.0638831779965585
COHFACE_s10_session2_natural,3,230,10.666666666666666,0.5131582617759705,0.8785564959209615
COHFACE_s10_session2_natural,3,231,10.7,0.1671418845653534,0.6125262813737965
COHFACE_s10_session2_natural,3,232,10.733333333333333,0.08690955489873886,0.3074676237703539
COHFACE_s10_session2_natural,3,233,10.766666666666667,0.269836962223053,0.009446344821251566
COHFACE_s10_session2_natural,3,234,10.8,0.41990843415260315,-0.23425301787205158
COHFACE_s10_session2_natural,3,235,10.833333333333334,0.3431559205055237,-0.3827760893201143
COHFACE_s10_session2_natural,3,236,10.866666666666667,0.06628498435020447,-0.41132952376271575
COHFACE_s10_session2_natural,3,237,10.9,-0.30058717727661133,-0.31825396752396556
COHFACE_s10_session2_natural,3,238,10.933333333333334,-0.6281524896621704,-0.12643180595165054
COHFACE_s10_session2_natural,3,239,10.966666666666667,-0.863473653793335,0.12125371155821801
COHFACE_s10_session2_natural,4,0,4.0,1.1311438083648682,-0.08175782229395635
COHFACE_s10_session2_natural,4,1,4.033333333333333,0.7348607778549194,0.163825334324483
COHFACE_s10_session2_natural,4,2,4.066666666666666,0.5001869797706604,0.35893483095171164
COHFACE_s10_session2_natural,4,3,4.1,0.48334282636642456,0.46288322938453347
COHFACE_s10_session2_natural,4,4,4.133333333333334,0.6244893074035645,0.4525764330887411
COHFACE_s10_session2_natural,4,5,4.166666666666667,0.7065135836601257,0.3266045836600986
COHFACE_s10_session2_natural,4,6,4.2,0.5912402868270874,0.10429384814420269
COHFACE_s10_session2_natural,4,7,4.233333333333333,0.34215012192726135,-0.1796009682047234
COHFACE_s10_session2_natural,4,8,4.266666666666667,0.0480882003903389,-0.48191564638142365
COHFACE_s10_session2_natural,4,9,4.3,-0.22914110124111176,-0.7570296635605924
COHFACE_s10_session2_natural,4,10,4.333333333333333,-0.44818463921546936,-0.9610851073953897
COHFACE_s10_session2_natural,4,11,4.366666666666666,-0.5840015411376953,-1.0561357540508594
COHFACE_s10_session2_natural,4,12,4.4,-0.6694709658622742,-1.0161664032096347
COHFACE_s10_session2_natural,4,13,4.433333333333334,-0.7391366958618164,-0.834871422912273
COHFACE_s10_session2_natural,4,14,4.466666666666667,-0.7988600730895996,-0.5321297965067522
COHFACE_s10_session2_natural,4,15,4.5,-0.8717743754386902,-0.15441884157768598
COHFACE_s10_session2_natural,4,16,4.533333333333333,-0.8065248727798462,0.23422665318775535
COHFACE_s10_session2_natural,4,17,4.566666666666666,-0.0272538922727108,0.569271149381614
COHFACE_s10_session2_natural,4,18,4.6,1.290995717048645,0.8034159317080102
COHFACE_s10_session2_natural,4,19,4.633333333333334,2.0257458686828613,0.9162324145963905
COHFACE_s10_session2_natural,4,20,4.666666666666667,1.8651424646377563,0.9125083204375614
COHFACE_s10_session2_natural,4,21,4.7,1.3607423305511475,0.8135141872646159
COHFACE_s10_session2_natural,4,22,4.733333333333333,0.9135338068008423,0.6480735081241442
COHFACE_s10_session2_natural,4,23,4.766666666666667,0.584350049495697,0.447628303946389
COHFACE_s10_session2_natural,4,24,4.8,0.4399202764034271,0.24477443222755133
COHFACE_s10_session2_natural,4,25,4.833333333333333,0.5307886004447937,0.07194414731776086
COHFACE_s10_session2_natural,4,26,4.866666666666666,0.6571602821350098,-0.042123841997162036
COHFACE_s10_session2_natural,4,27,4.9,0.6175990700721741,-0.07782764642994239
COHFACE_s10_session2_natural,4,28,4.933333333333334,0.40351513028144836,-0.03022321943626982
COHFACE_s10_session2_natural,4,29,4.966666666666667,0.10144154727458954,0.08741600357951157
COHFACE_s10_session2_natural,4,30,5.0,-0.2030944973230362,0.24379979993723444
COHFACE_s10_session2_natural,4,31,5.033333333333333,-0.45322516560554504,0.3947411946353386
COHFACE_s10_session2_natural,4,32,5.066666666666666,-0.6266726851463318,0.4929962266302383
COHFACE_s10_session2_natural,4,33,5.1,-0.7223618626594543,0.5005887543726192
COHFACE_s10_session2_natural,4,34,5.133333333333334,-0.779067873954773,0.39952170588345987
COHFACE_s10_session2_natural,4,35,5.166666666666667,-0.8316003680229187,0.19682064775426267
COHFACE_s10_session2_natural,4,36,5.2,-0.8913699984550476,-0.07752749463451189
COHFACE_s10_session2_natural,4,37,5.233333333333333,-0.971301794052124,-0.37800866089125207
COHFACE_s10_session2_natural,4,38,5.266666666666667,-1.0215799808502197,-0.6532956858729425
COHFACE_s10_session2_natural,4,39,5.3,-0.5280701518058777,-0.8558345908720904
COHFACE_s10_session2_natural,4,40,5.333333333333333,0.7824106216430664,-0.9503377347627886
COHFACE_s10_session2_natural,4,41,5.366666666666666,1.8416855335235596,-0.9207737509846958
COHFACE_s10_session2_natural,4,42,5.4,1.9307503700256348,-0.7745592067009696
COHFACE_s10_session2_natural,4,43,5.433333333333334,1.471032977104187,-0.5418174388953549
COHFACE_s10_session2_natural,4,44,5.466666666666667,0.9714421629905701,-0.2684820515849109
COHFACE_s10_session2_natural,4,45,5.5,0.5850667953491211,-0.004663982703731347
COHFACE_s10_session2_natural,4,46,5.533333333333333,0.3696880638599396,0.207485365604376
COHFACE_s10_session2_natural,4,47,5.566666666666666,0.4130181670188904,0.3414656178962419
COHFACE_s10_session2_natural,4,48,5.6,0.5741071105003357,0.3871852176632644
COHFACE_s10_session2_natural,4,49,5.633333333333334,0.6053792238235474,0.346322084173726
COHFACE_s10_session2_natural,4,50,5.666666666666667,0.43113401532173157,0.22671303897045114
COHFACE_s10_session2_natural,4,51,5.7,0.13943052291870117,0.04017715754017177
COHFACE_s10_session2_natural,4,52,5.733333333333333,-0.1722038984298706,-0.19480462218884784
COHFACE_s10_session2_natural,4,53,5.766666666666667,-0.43902844190597534,-0.44820215006997105
COHFACE_s10_session2_natural,4,54,5.8,-0.6224761009216309,-0.6765361545414533
COHFACE_s10_session2_natural,4,55,5.833333333333333,-0.7344313859939575,-0.828293463217718
COHFACE_s10_session2_natural,4,56,5.866666666666666,-0.8096116185188293,-0.8568166879931919
COHFACE_s10_session2_natural,4,57,5.9,-0.8575891852378845,-0.7360680667391515
COHFACE_s10_session2_natural,4,58,5.933333333333334,-0.9041100740432739,-0.472333174805022
COHFACE_s10_session2_natural,4,59,5.966666666666667,-0.9784232378005981,-0.10595381391843786
COHFACE_s10_session2_natural,4,60,6.0,-1.062008261680603,0.29900726057354965
COHFACE_s10_session2_natural,4,61,6.033333333333333,-0.8001086115837097,0.6737305361489625
COHFACE_s10_session2_natural,4,62,6.066666666666666,0.3004385530948639,0.9638872298001732
COHFACE_s10_session2_natural,4,63,6.1,1.4851834774017334,1.1404810264507483
COHFACE_s10_session2_natural,4,64,6.133333333333334,1.8136042356491089,1.1991484298859947
COHFACE_s10_session2_natural,4,65,6.166666666666667,1.4674490690231323,1.1516559621116296
COHFACE_s10_session2_natural,4,66,6.2,0.9757311940193176,1.016237964527311
COHFACE_s10_session2_natural,4,67,6.233333333333333,0.5471009612083435,0.8117773265948912
COHFACE_s10_session2_natural,4,68,6.266666666666667,0.26253050565719604,0.5570931684914814
COHFACE_s10_session2_natural,4,69,6.3,0.2519754469394684,0.27345383673397045
COHFACE_s10_session2_natural,4,70,6.333333333333333,0.42176973819732666,-0.012610921264941635
COHFACE_s10_session2_natural,4,71,6.366666666666666,0.5385574698448181,-0.2685892513316962
COHFACE_s10_session2_natural,4,72,6.4,0.4498741626739502,-0.4587955763826192
COHFACE_s10_session2_natural,4,73,6.433333333333334,0.18599765002727509,-0.5510253130344938
COHFACE_s10_session2_natural,4,74,6.466666666666667,-0.12475814670324326,-0.5259232469685173
COHFACE_s10_session2_natural,4,75,6.5,-0.39384859800338745,-0.38631955971458265
COHFACE_s10_session2_natural,4,76,6.533333333333333,-0.5966375470161438,-0.16259137343757188
COHFACE_s10_session2_natural,4,77,6.566666666666666,-0.7378649711608887,0.08979958738690941
COHFACE_s10_session2_natural,4,78,6.6,-0.8168025016784668,0.3023504154384835
COHFACE_s10_session2_natural,4,79,6.633333333333334,-0.858745276927948,0.4127753861779916
COHFACE_s10_session2_natural,4,80,6.666666666666667,-0.9101564288139343,0.38458426438986254
COHFACE_s10_session2_natural,4,81,6.7,-0.9754058718681335,0.21874901838884556
COHFACE_s10_session2_natural,4,82,6.733333333333333,-0.8712772727012634,-0.04701083438762798
COHFACE_s10_session2_natural,4,83,6.766666666666667,-0.04140437766909599,-0.3498507777190374
COHFACE_s10_session2_natural,4,84,6.8,1.2215958833694458,-0.6188917986570738
COHFACE_s10_session2_natural,4,85,6.833333333333333,1.8523099422454834,-0.7917563627921921
COHFACE_s10_session2_natural,4,86,6.866666666666666,1.6715906858444214,-0.8265477445566181
COHFACE_s10_session2_natural,4,87,6.9,1.1930521726608276,-0.7082724744807443
COHFACE_s10_session2_natural,4,88,6.933333333333334,0.7364909052848816,-0.4508751729713435
COHFACE_s10_session2_natural,4,89,6.966666666666667,0.3644856810569763,-0.09601249063400262
COHFACE_s10_session2_natural,4,90,7.0,0.2243681252002716,0.29213315469415935
COHFACE_s10_session2_natural,4,91,7.033333333333333,0.3505432903766632,0.6374261428032099
COHFACE_s10_session2_natural,4,92,7.066666666666666,0.49822166562080383,0.8668952930616559
COHFACE_s10_session2_natural,4,93,7.1,0.4761982262134552,0.9264212024879787
COHFACE_s10_session2_natural,4,94,7.133333333333334,0.27085432410240173,0.7921217777987207
COHFACE_s10_session2_natural,4,95,7.166666666666667,-0.033901382237672806,0.4745080333733211
COHFACE_s10_session2_natural,4,96,7.2,-0.33516570925712585,0.015756455299966006
COHFACE_s10_session2_natural,4,97,7.233333333333333,-0.5665446519851685,-0.517377780104738
COHFACE_s10_session2_natural,4,98,7.266666666666667,-0.7146276831626892,-1.0428135054691052
COHFACE_s10_session2_natural,4,99,7.3,-0.8171493411064148,-1.4741006286508826
COHFACE_s10_session2_natural,4,100,7.333333333333333,-0.9053008556365967,-1.7336433116470416
COHFACE_s10_session2_natural,4,101,7.366666666666666,-0.9761457443237305,-1.7678511664728513
COHFACE_s10_session2_natural,4,102,7.4,-1.0337766408920288,-1.5613381796910244
COHFACE_s10_session2_natural,4,103,7.433333333333334,-0.9303069710731506,-1.1448856799116403
COHFACE_s10_session2_natural,4,104,7.466666666666667,-0.11098916828632355,-0.5918100348716127
COHFACE_s10_session2_natural,4,105,7.5,1.2540935277938843,-0.0008848579481604731
COHFACE_s10_session2_natural,4,106,7.533333333333333,2.030867338180542,0.5298280897106099
COHFACE_s10_session2_natural,4,107,7.566666666666666,1.926102876663208,0.9284916909396487
COHFACE_s10_session2_natural,4,108,7.6,1.4701311588287354,1.1638316418640138
COHFACE_s10_session2_natural,4,109,7.633333333333334,1.0566456317901611,1.2431705047215942
COHFACE_s10_session2_natural,4,110,7.666666666666667,0.7463407516479492,1.1981069243179472
COHFACE_s10_session2_natural,4,111,7.7,0.569945216178894,1.0677879417224332
COHFACE_s10_session2_natural,4,112,7.733333333333333,0.6008704900741577,0.888029979494799
COHFACE_s10_session2_natural,4,113,7.766666666666667,0.6934036016464233,0.6883576630502407
COHFACE_s10_session2_natural,4,114,7.8,0.646454930305481,0.49409796777281395
COHFACE_s10_session2_natural,4,115,7.833333333333333,0.4211338758468628,0.3291839085373922
COHFACE_s10_session2_natural,4,116,7.866666666666666,0.1029791384935379,0.21655364473564187
COHFACE_s10_session2_natural,4,117,7.9,-0.21821609139442444,0.17513083943142474
COHFACE_s10_session2_natural,4,118,7.933333333333334,-0.4827747046947479,0.2139871870543198
COHFACE_s10_session2_natural,4,119,7.966666666666667,-0.6658061742782593,0.3258014751269573
COHFACE_s10_session2_natural,4,120,8.0,-0.7715417742729187,0.48332565881598455
COHFACE_s10_session2_natural,4,121,8.033333333333333,-0.8259009122848511,0.6424169161855667
COHFACE_s10_session2_natural,4,122,8.066666666666666,-0.8732772469520569,0.7521344412377786
COHFACE_s10_session2_natural,4,123,8.1,-0.9466193318367004,0.7684647709969742
COHFACE_s10_session2_natural,4,124,8.133333333333333,-1.0417420864105225,0.6663334155945543
COHFACE_s10_session2_natural,4,125,8.166666666666666,-0.9246652722358704,0.4457611022027027
COHFACE_s10_session2_natural,4,126,8.2,0.046724021434783936,0.13129943217064854
COHFACE_s10_session2_natural,4,127,8.233333333333333,1.4701542854309082,-0.23341699793713566
COHFACE_s10_session2_natural,4,128,8.266666666666667,2.1240477561950684,-0.5938669549412781
COHFACE_s10_session2_natural,4,129,8.3,1.9161837100982666,-0.8945096435432364
COHFACE_s10_session2_natural,4,130,8.333333333333334,1.4725936651229858,-1.0896418515469775
COHFACE_s10_session2_natural,4,131,8.366666666666667,1.1284385919570923,-1.1535938578189366
COHFACE_s10_session2_natural,4,132,8.4,0.8573943376541138,-1.0871117182628358
COHFACE_s10_session2_natural,4,133,8.433333333333334,0.6712414026260376,-0.9166775261080534
COHFACE_s10_session2_natural,4,134,8.466666666666667,0.6547209620475769,-0.6860571287833108
COHFACE_s10_session2_natural,4,135,8.5,0.6761085391044617,-0.44346723750424055
COHFACE_s10_session2_natural,4,136,8.533333333333333,0.5747198462486267,-0.23062489918789383
COHFACE_s10_session2_natural,4,137,8.566666666666666,0.32113248109817505,-0.07838180138135412
COHFACE_s10_session2_natural,4,138,8.6,-0.010086022317409515,-0.007726208991646798
COHFACE_s10_session2_natural,4,139,8.633333333333333,-0.3357437551021576,-0.030430097805163474
COHFACE_s10_session2_natural,4,140,8.666666666666666,-0.5976665019989014,-0.145418926025663
COHFACE_s10_session2_natural,4,141,8.7,-0.7779580354690552,-0.3327892714567301
COHFACE_s10_session2_natural,4,142,8.733333333333333,-0.8897746205329895,-0.551699392393937
COHFACE_s10_session2_natural,4,143,8.766666666666667,-0.9548159837722778,-0.7473208465345004
COHFACE_s10_session2_natural,4,144,8.8,-1.011024832725525,-0.8659536389495918
COHFACE_s10_session2_natural,4,145,8.833333333333334,-1.0801010131835938,-0.8713237714634948
COHFACE_s10_session2_natural,4,146,8.866666666666667,-1.1773046255111694,-0.7540229788086703
COHFACE_s10_session2_natural,4,147,8.9,-1.273988127708435,-0.5302274686120352
COHFACE_s10_session2_natural,4,148,8.933333333333334,-0.9518795013427734,-0.23199206102677306
COHFACE_s10_session2_natural,4,149,8.966666666666667,0.3321037292480469,0.10455611482431657
COHFACE_s10_session2_natural,4,150,9.0,1.6558910608291626,0.4472853003994103
COHFACE_s10_session2_natural,4,151,9.033333333333333,1.974635362625122,0.7702900778404901
COHFACE_s10_session2_natural,4,152,9.066666666666666,1.594826579093933,1.0521225010262063
COHFACE_s10_session2_natural,4,153,9.1,1.1391208171844482,1.2735490770688505
COHFACE_s10_session2_natural,4,154,9.133333333333333,0.8154977560043335,1.41719904437439
COHFACE_s10_session2_natural,4,155,9.166666666666666,0.5518293380737305,1.469174071838703
COHFACE_s10_session2_natural,4,156,9.2,0.41158461570739746,1.4213656735345606
COHFACE_s10_session2_natural,4,157,9.233333333333333,0.45045220851898193,1.273367743991447
COHFACE_s10_session2_natural,4,158,9.266666666666667,0.4699784815311432,1.0337513163610998
COHFACE_s10_session2_natural,4,159,9.3,0.32310938835144043,0.7210234913414715
COHFACE_s10_session2_natural,4,160,9.333333333333334,0.047487035393714905,0.3642156184263743
COHFACE_s10_session2_natural,4,161,9.366666666666667,-0.26664450764656067,0.0021705722976432286
COHFACE_s10_session2_natural,4,162,9.4,-0.5702441334724426,-0.3198747670922351
COHFACE_s10_session2_natural,4,163,9.433333333333334,-0.8047329783439636,-0.5572911511171005
COHFACE_s10_session2_natural,4,164,9.466666666666667,-0.9493939280509949,-0.6759838045976371
COHFACE_s10_session2_natural,4,165,9.5,-1.032528042793274,-0.6626777607490579
COHFACE_s10_session2_natural,4,166,9.533333333333333,-1.0894999504089355,-0.5317335930654429
COHFACE_s10_session2_natural,4,167,9.566666666666666,-1.1333271265029907,-0.32498658989929863
COHFACE_s10_session2_natural,4,168,9.6,-1.1960216760635376,-0.10323819080183871
COHFACE_s10_session2_natural,4,169,9.633333333333333,-1.2958612442016602,0.06892565847399404
COHFACE_s10_session2_natural,4,170,9.666666666666666,-1.406868577003479,0.14067297648784466
COHFACE_s10_session2_natural,4,171,9.7,-1.2237330675125122,0.08914628789919911
COHFACE_s10_session2_natural,4,172,9.733333333333333,-0.10211043059825897,-0.07474891483160602
COHFACE_s10_session2_natural,4,173,9.766666666666667,1.309065341949463,-0.3110627198917866
COHFACE_s10_session2_natural,4,174,9.8,1.8275697231292725,-0.5634311730552553
COHFACE_s10_session2_natural,4,175,9.833333333333334,1.5229412317276,-0.7738431153879571
COHFACE_s10_session2_natural,4,176,9.866666666666667,1.011592984199524,-0.8944427400929588
COHFACE_s10_session2_natural,4,177,9.9,0.6003618240356445,-0.8946114937556323
COHFACE_s10_session2_natural,4,178,9.933333333333334,0.3011437654495239,-0.7646569567733089
COHFACE_s10_session2_natural,4,179,9.966666666666667,0.19212490320205688,-0.5180137403470548
COHFACE_s10_session2_natural,4,180,10.0,0.29147887229919434,-0.19181608203310208
COHFACE_s10_session2_natural,4,181,10.033333333333333,0.381965696811676,0.15637423878965634
COHFACE_s10_session2_natural,4,182,10.066666666666666,0.28864648938179016,0.4575339731974994
COHFACE_s10_session2_natural,4,183,10.1,0.021440429612994194,0.6452839363189986
COHFACE_s10_session2_natural,4,184,10.133333333333333,-0.3004484474658966,0.6720008499137432
COHFACE_s10_session2_natural,4,185,10.166666666666666,-0.5986491441726685,0.5223862284505533
COHFACE_s10_session2_natural,4,186,10.2,-0.8335888385772705,0.2202716859120411
COHFACE_s10_session2_natural,4,187,10.233333333333333,-0.9715098738670349,-0.17362747907631576
COHFACE_s10_session2_natural,4,188,10.266666666666667,-1.0445976257324219,-0.5726481424839894
COHFACE_s10_session2_natural,4,189,10.3,-1.0873959064483643,-0.8815187745220672
COHFACE_s10_session2_natural,4,190,10.333333333333334,-1.1366913318634033,-1.0172110640451189
COHFACE_s10_session2_natural,4,191,10.366666666666667,-1.2050853967666626,-0.9298251778944424
COHFACE_s10_session2_natural,4,192,10.4,-1.3004509210586548,-0.6184610223945086
COHFACE_s10_session2_natural,4,193,10.433333333333334,-1.4222675561904907,-0.1357891544228486
COHFACE_s10_session2_natural,4,194,10.466666666666667,-1.2805662155151367,0.42347058586311026
COHFACE_s10_session2_natural,4,195,10.5,-0.2029210925102234,0.9490947525919086
COHFACE_s10_session2_natural,4,196,10.533333333333333,1.223734736442566,1.3474343762907142
COHFACE_s10_session2_natural,4,197,10.566666666666666,1.8082630634307861,1.5650950763070373
COHFACE_s10_session2_natural,4,198,10.6,1.5317274332046509,1.5946401688454728
COHFACE_s10_session2_natural,4,199,10.633333333333333,0.9887949824333191,1.4629120100297432
COHFACE_s10_session2_natural,4,200,10.666666666666666,0.5131582617759705,1.2115848183680902
COHFACE_s10_session2_natural,4,201,10.7,0.1671418845653534,0.8816708130363861
COHFACE_s10_session2_natural,4,202,10.733333333333333,0.08690955489873886,0.5079188810895451
COHFACE_s10_session2_natural,4,203,10.766666666666667,0.269836962223053,0.12093108038868852
COHFACE_s10_session2_natural,4,204,10.8,0.41990843415260315,-0.24921943543630487
COHFACE_s10_session2_natural,4,205,10.833333333333334,0.3431559205055237,-0.5726842512940836
COHFACE_s10_session2_natural,4,206,10.866666666666667,0.06628498435020447,-0.823376845847409
COHFACE_s10_session2_natural,4,207,10.9,-0.30058717727661133,-0.9835878520430648
COHFACE_s10_session2_natural,4,208,10.933333333333334,-0.6281524896621704,-1.0469318604555022
COHFACE_s10_session2_natural,4,209,10.966666666666667,-0.863473653793335,-1.0187740202272486
COHFACE_s10_session2_natural,4,210,11.0,-1.0195220708847046,-0.9145882205340093
COHFACE_s10_session2_natural,4,211,11.033333333333333,-1.0994653701782227,-0.7569457328829652
COHFACE_s10_session2_natural,4,212,11.066666666666666,-1.1204946041107178,-0.5717187847841371
COHFACE_s10_session2_natural,4,213,11.1,-1.1314774751663208,-0.38411446906747904
COHFACE_s10_session2_natural,4,214,11.133333333333333,-1.1759405136108398,-0.2153650583937215
COHFACE_s10_session2_natural,4,215,11.166666666666666,-1.2590051889419556,-0.08080779465800361
COHFACE_s10_session2_natural,4,216,11.2,-1.3149828910827637,0.0106267414939052
COHFACE_s10_session2_natural,4,217,11.233333333333333,-0.7938541769981384,0.05635270047530821
COHFACE_s10_session2_natural,4,218,11.266666666666667,0.5612167716026306,0.06055056887003585
COHFACE_s10_session2_natural,4,219,11.3,1.6152430772781372,0.03530146965532776
COHFACE_s10_session2_natural,4,220,11.333333333333334,1.7090131044387817,0.0011593723014779265
COHFACE_s10_session2_natural,4,221,11.366666666666667,1.2381048202514648,-0.014997027363670586
COHFACE_s10_session2_natural,4,222,11.4,0.6898428201675415,0.013813837289279166
COHFACE_s10_session2_natural,4,223,11.433333333333334,0.2361023873090744,0.10526068691292668
COHFACE_s10_session2_natural,4,224,11.466666666666667,-0.002317127538844943,0.2583892252604381
COHFACE_s10_session2_natural,4,225,11.5,0.11130295693874359,0.44881256245747336
COHFACE_s10_session2_natural,4,226,11.533333333333333,0.34706348180770874,0.631653575253842
COHFACE_s10_session2_natural,4,227,11.566666666666666,0.41109904646873474,0.7524869856013033
COHFACE_s10_session2_natural,4,228,11.6,0.24829909205436707,0.7630690855578589
COHFACE_s10_session2_natural,4,229,11.633333333333333,-0.047369781881570816,0.6365468312035985
COHFACE_s10_session2_natural,4,230,11.666666666666666,-0.3873167335987091,0.37716726836178904
COHFACE_s10_session2_natural,4,231,11.7,-0.6839682459831238,0.02163644360176016
COHFACE_s10_session2_natural,4,232,11.733333333333333,-0.8806299567222595,-0.36812090248993473
COHFACE_s10_session2_natural,4,233,11.766666666666667,-0.9856719374656677,-0.7188473872090302
COHFACE_s10_session2_natural,4,234,11.8,-1.0382159948349,-0.9629971646134555
COHFACE_s10_session2_natural,4,235,11.833333333333334,-1.0721240043640137,-1.0543732243834538
COHFACE_s10_session2_natural,4,236,11.866666666666667,-1.1109106540679932,-0.9774975137330328
COHFACE_s10_session2_natural,4,237,11.9,-1.1678941249847412,-0.7478680316825412
COHFACE_s10_session2_natural,4,238,11.933333333333334,-1.2484501600265503,-0.4046813248023648
COHFACE_s10_session2_natural,4,239,11.966666666666667,-1.0554416179656982,-0.0009690414748232453
COHFACE_s10_session2_natural,5,0,5.0,-0.2030944973230362,0.038590200579063205
COHFACE_s10_session2_natural,5,1,5.033333333333333,-0.45322516560554504,0.28217947880199123
COHFACE_s10_session2_natural,5,2,5.066666666666666,-0.6266726851463318,0.4643700974692902
COHFACE_s10_session2_natural,5,3,5.1,-0.7223618626594543,0.538201569983459
COHFACE_s10_session2_natural,5,4,5.133333333333334,-0.779067873954773,0.48096401114308635
COHFACE_s10_session2_natural,5,5,5.166666666666667,-0.8316003680229187,0.2991332805512075
COHFACE_s10_session2_natural,5,6,5.2,-0.8913699984550476,0.02606403924780445
COHFACE_s10_session2_natural,5,7,5.233333333333333,-0.971301794052124,-0.28691458395588487
COHFACE_s10_session2_natural,5,8,5.266666666666667,-1.0215799808502197,-0.5830375143151633
COHFACE_s10_session2_natural,5,9,5.3,-0.5280701518058777,-0.812360775681693
COHFACE_s10_session2_natural,5,10,5.333333333333333,0.7824106216430664,-0.9406881800825795
COHFACE_s10_session2_natural,5,11,5.366666666666666,1.8416855335235596,-0.953824180773737
COHFACE_s10_session2_natural,5,12,5.4,1.9307503700256348,-0.8571685780763008
COHFACE_s10_session2_natural,5,13,5.433333333333334,1.471032977104187,-0.671527493715726
COHFACE_s10_session2_natural,5,14,5.466666666666667,0.9714421629905701,-0.4267059142641686
COHFACE_s10_session2_natural,5,15,5.5,0.5850667953491211,-0.15503743451146706
COHFACE_s10_session2_natural,5,16,5.533333333333333,0.3696880638599396,0.11287815065806779
COHFACE_s10_session2_natural,5,17,5.566666666666666,0.4130181670188904,0.3490606980164226
COHFACE_s10_session2_natural,5,18,5.6,0.5741071105003357,0.5267878205419985
COHFACE_s10_session2_natural,5,19,5.633333333333334,0.6053792238235474,0.6199603606354299
COHFACE_s10_session2_natural,5,20,5.666666666666667,0.43113401532173157,0.6059676546925967
COHFACE_s10_session2_natural,5,21,5.7,0.13943052291870117,0.4727228202839284
COHFACE_s10_session2_natural,5,22,5.733333333333333,-0.1722038984298706,0.2277461316279933
COHFACE_s10_session2_natural,5,23,5.766666666666667,-0.43902844190597534,-0.09508066583682695
COHFACE_s10_session2_natural,5,24,5.8,-0.6224761009216309,-0.4360152928941278
COHFACE_s10_session2_natural,5,25,5.833333333333333,-0.7344313859939575,-0.7199792178082899
COHFACE_s10_session2_natural,5,26,5.866666666666666,-0.8096116185188293,-0.8753779861232877
COHFACE_s10_session2_natural,5,27,5.9,-0.8575891852378845,-0.8551746214458933
COHFACE_s10_session2_natural,5,28,5.933333333333334,-0.9041100740432739,-0.6525523711757102
COHFACE_s10_session2_natural,5,29,5.966666666666667,-0.9784232378005981,-0.30491342345693473
COHFACE_s10_session2_natural,5,30,6.0,-1.062008261680603,0.11633175711007514
COHFACE_s10_session2_natural,5,31,6.033333333333333,-0.8001086115837097,0.527200986474724
COHFACE_s10_session2_natural,5,32,6.066666666666666,0.3004385530948639,0.8552508788987618
COHFACE_s10_session2_natural,5,33,6.1,1.4851834774017334,1.056355714305576
COHFACE_s10_session2_natural,5,34,6.133333333333334,1.8136042356491089,1.1188617702047983
COHFACE_s10_session2_natural,5,35,6.166666666666667,1.4674490690231323,1.0568253115119384
COHFACE_s10_session2_natural,5,36,6.2,0.9757311940193176,0.8982338513089408
COHFACE_s10_session2_natural,5,37,6.233333333333333,0.5471009612083435,0.6742674927621096
COHFACE_s10_session2_natural,5,38,6.266666666666667,0.26253050565719604,0.4132212383133431
COHFACE_s10_session2_natural,5,39,6.3,0.2519754469394684,0.1396072961153942
COHFACE_s10_session2_natural,5,40,6.333333333333333,0.42176973819732666,-0.1233383487840978
COHFACE_s10_session2_natural,5,41,6.366666666666666,0.5385574698448181,-0.35060279787440446
COHFACE_s10_session2_natural,5,42,6.4,0.4498741626739502,-0.5146674747120075
COHFACE_s10_session2_natural,5,43,6.433333333333334,0.18599765002727509,-0.5889354002884897
COHFACE_s10_session2_natural,5,44,6.466666666666667,-0.12475814670324326,-0.5552135456413655
COHFACE_s10_session2_natural,5,45,6.5,-0.39384859800338745,-0.4129402856621779
COHFACE_s10_session2_natural,5,46,6.533333333333333,-0.5966375470161438,-0.1862083632290743
COHFACE_s10_session2_natural,5,47,6.566666666666666,-0.7378649711608887,0.07568549070788937
COHFACE_s10_session2_natural,5,48,6.6,-0.8168025016784668,0.306893067772704
COHFACE_s10_session2_natural,5,49,6.633333333333334,-0.858745276927948,0.4420308873065782
COHFACE_s10_session2_natural,5,50,6.666666666666667,-0.9101564288139343,0.43626424598221186
COHFACE_s10_session2_natural,5,51,6.7,-0.9754058718681335,0.28071886073384106
COHFACE_s10_session2_natural,5,52,6.733333333333333,-0.8712772727012634,0.007107267633595205
COHFACE_s10_session2_natural,5,53,6.766666666666667,-0.04140437766909599,-0.3200269831183914
COHFACE_s10_session2_natural,5,54,6.8,1.2215958833694458,-0.6203638966731851
COHFACE_s10_session2_natural,5,55,6.833333333333333,1.8523099422454834,-0.8183056444242429
COHFACE_s10_session2_natural,5,56,6.866666666666666,1.6715906858444214,-0.8609810045198989
COHFACE_s10_session2_natural,5,57,6.9,1.1930521726608276,-0.7297350314433024
COHFACE_s10_session2_natural,5,58,6.933333333333334,0.7364909052848816,-0.4435665053473744
COHFACE_s10_session2_natural,5,59,6.966666666666667,0.3644856810569763,-0.05471623537308107
COHFACE_s10_session2_natural,5,60,7.0,0.2243681252002716,0.36260807888399965
COHFACE_s10_session2_natural,5,61,7.033333333333333,0.3505432903766632,0.728229860164883
COHFACE_s10_session2_natural,5,62,7.066666666666666,0.49822166562080383,0.9725273569814034
COHFACE_s10_session2_natural,5,63,7.1,0.4761982262134552,1.0485534694215977
COHFACE_s10_session2_natural,5,64,7.133333333333334,0.27085432410240173,0.9372083355677527
COHFACE_s10_session2_natural,5,65,7.166666666666667,-0.033901382237672806,0.6466713953596307
COHFACE_s10_session2_natural,5,66,7.2,-0.33516570925712585,0.20945901174547113
COHFACE_s10_session2_natural,5,67,7.233333333333333,-0.5665446519851685,-0.3202827593544403
COHFACE_s10_session2_natural,5,68,7.266666666666667,-0.7146276831626892,-0.86957559622736
COHFACE_s10_session2_natural,5,69,7.3,-0.8171493411064148,-1.3524816699402002
COHFACE_s10_session2_natural,5,70,7.333333333333333,-0.9053008556365967,-1.6821029962250482
COHFACE_s10_session2_natural,5,71,7.366666666666666,-0.9761457443237305,-1.788855434666747
COHFACE_s10_session2_natural,5,72,7.4,-1.0337766408920288,-1.6406896702578657
COHFACE_s10_session2_natural,5,73,7.433333333333334,-0.9303069710731506,-1.2572583864589155
COHFACE_s10_session2_natural,5,74,7.466666666666667,-0.11098916828632355,-0.7097333485100384
COHFACE_s10_session2_natural,5,75,7.5,1.2540935277938843,-0.10284244074959711
COHFACE_s10_session2_natural,5,76,7.533333333333333,2.030867338180542,0.4555169692731484
COHFACE_s10_session2_natural,5,77,7.566666666666666,1.926102876663208,0.8844948314232082
COHFACE_s10_session2_natural,5,78,7.6,1.4701311588287354,1.1473679470745806
COHFACE_s10_session2_natural,5,79,7.633333333333334,1.0566456317901611,1.2496752080420739
COHFACE_s10_session2_natural,5,80,7.666666666666667,0.7463407516479492,1.2231545477101566
COHFACE_s10_session2_natural,5,81,7.7,0.569945216178894,1.10676073807233
COHFACE_s10_session2_natural,5,82,7.733333333333333,0.6008704900741577,0.9341368482163868
COHFACE_s10_session2_natural,5,83,7.766666666666667,0.6934036016464233,0.7302508269376892
COHFACE_s10_session2_natural,5,84,7.8,0.646454930305481,0.5145992201244953
COHFACE_s10_session2_natural,5,85,7.833333333333333,0.4211338758468628,0.3065200291076462
COHFACE_s10_session2_natural,5,86,7.866666666666666,0.1029791384935379,0.12881495292089706
COHFACE_s10_session2_natural,5,87,7.9,-0.21821609139442444,0.0073191937075670534
COHFACE_s10_session2_natural,5,88,7.933333333333334,-0.4827747046947479,-0.03464463116745401
COHFACE_s10_session2_natural,5,89,7.966666666666667,-0.6658061742782593,0.014162957093322524
COHFACE_s10_session2_natural,5,90,8.0,-0.7715417742729187,0.14367148425865514
COHFACE_s10_session2_natural,5,91,8.033333333333333,-0.8259009122848511,0.3195684155548841
COHFACE_s10_session2_natural,5,92,8.066666666666666,-0.8732772469520569,0.49009096620549464
COHFACE_s10_session2_natural,5,93,8.1,-0.9466193318367004,0.6008063134992334
COHFACE_s10_session2_natural,5,94,8.133333333333333,-1.0417420864105225,0.6112504729748625
COHFACE_s10_session2_natural,5,95,8.166666666666666,-0.9246652722358704,0.5063697029069013
COHFACE_s10_session2_natural,5,96,8.2,0.046724021434783936,0.298761033659143
COHFACE_s10_session2_natural,5,97,8.233333333333333,1.4701542854309082,0.0223673263858257
COHFACE_s10_session2_natural,5,98,8.266666666666667,2.1240477561950684,-0.27844236211084045
COHFACE_s10_session2_natural,5,99,8.3,1.9161837100982666,-0.5597812218519219
COHFACE_s10_session2_natural,5,100,8.333333333333334,1.4725936651229858,-0.7859610866987147
COHFACE_s10_session2_natural,5,101,8.366666666666667,1.1284385919570923,-0.9330836096744383
COHFACE_s10_session2_natural,5,102,8.4,0.8573943376541138,-0.989322268240126
COHFACE_s10_session2_natural,5,103,8.433333333333334,0.6712414026260376,-0.9535126698942951
COHFACE_s10_session2_natural,5,104,8.466666666666667,0.6547209620475769,-0.8336792360098197
COHFACE_s10_session2_natural,5,105,8.5,0.6761085391044617,-0.6466419187659556
COHFACE_s10_session2_natural,5,106,8.533333333333333,0.5747198462486267,-0.4189616237221184
COHFACE_s10_session2_natural,5,107,8.566666666666666,0.32113248109817505,-0.18791471395299747
COHFACE_s10_session2_natural,5,108,8.6,-0.010086022317409515,0.0005631090406577437
COHFACE_s10_session2_natural,5,109,8.633333333333333,-0.3357437551021576,0.09985154425006133
COHFACE_s10_session2_natural,5,110,8.666666666666666,-0.5976665019989014,0.07615910642695642
COHFACE_s10_session2_natural,5,111,8.7,-0.7779580354690552,-0.07716557511039321
COHFACE_s10_session2_natural,5,112,8.733333333333333,-0.8897746205329895,-0.3315166271362232
COHFACE_s10_session2_natural,5,113,8.766666666666667,-0.9548159837722778,-0.626346123399219
COHFACE_s10_session2_natural,5,114,8.8,-1.011024832725525,-0.8839350801389355
COHFACE_s10_session2_natural,5,115,8.833333333333334,-1.0801010131835938,-1.0302379901911654
COHFACE_s10_session2_natural,5,116,8.866666666666667,-1.1773046255111694,-1.0141538177878495
COHFACE_s10_session2_natural,5,117,8.9,-1.273988127708435,-0.8191691319263129
COHFACE_s10_session2_natural,5,118,8.933333333333334,-0.9518795013427734,-0.46521993033506037
COHFACE_s10_session2_natural,5,119,8.966666666666667,0.3321037292480469,-0.0021270102577655306
COHFACE_s10_session2_natural,5,120,9.0,1.6558910608291626,0.5026029987522272
COHFACE_s10_session2_natural,5,121,9.033333333333333,1.974635362625122,0.9784494325737649
COHFACE_s10_session2_natural,5,122,9.066666666666666,1.594826579093933,1.3653115021808266
COHFACE_s10_session2_natural,5,123,9.1,1.1391208171844482,1.622215838014489
COHFACE_s10_session2_natural,5,124,9.133333333333333,0.8154977560043335,1.7298233463828945
COHFACE_s10_session2_natural,5,125,9.166666666666666,0.5518293380737305,1.68789101246931
COHFACE_s10_session2_natural,5,126,9.2,0.41158461570739746,1.5103560789456238
COHFACE_s10_session2_natural,5,127,9.233333333333333,0.45045220851898193,1.2206733217249526
COHFACE_s10_session2_natural,5,128,9.266666666666667,0.4699784815311432,0.8489323853200064
COHFACE_s10_session2_natural,5,129,9.3,0.32310938835144043,0.4307998639506602
COHFACE_s10_session2_natural,5,130,9.333333333333334,0.047487035393714905,0.007118901324383151
COHFACE_s10_session2_natural,5,131,9.366666666666667,-0.26664450764656067,-0.37751236527893534
COHFACE_s10_session2_natural,5,132,9.4,-0.5702441334724426,-0.6785377381078228
COHFACE_s10_session2_natural,5,133,9.433333333333334,-0.8047329783439636,-0.8579640166597715
COHFACE_s10_session2_natural,5,134,9.466666666666667,-0.9493939280509949,-0.8926118941756179
COHFACE_s10_session2_natural,5,135,9.5,-1.032528042793274,-0.7818264698350674
COHFACE_s10_session2_natural,5,136,9.533333333333333,-1.0894999504089355,-0.5516575541205968
COHFACE_s10_session2_natural,5,137,9.566666666666666,-1.1333271265029907,-0.2528956649250029
COHFACE_s10_session2_natural,5,138,9.6,-1.1960216760635376,0.04799436005489975
COHFACE_s10_session2_natural,5,139,9.633333333333333,-1.2958612442016602,0.2835760737698238
COHFACE_s10_session2_natural,5,140,9.666666666666666,-1.406868577003479,0.4019933497286821
COHFACE_s10_session2_natural,5,141,9.7,-1.2237330675125122,0.380150149814241
COHFACE_s10_session2_natural,5,142,9.733333333333333,-0.10211043059825897,0.22859076136581274
COHFACE_s10_session2_natural,5,143,9.766666666666667,1.309065341949463,-0.013922281636282688
COHFACE_s10_session2_natural,5,144,9.8,1.8275697231292725,-0.2932785732727181
COHFACE_s10_session2_natural,5,145,9.833333333333334,1.5229412317276,-0.5541030747538352
COHFACE_s10_session2_natural,5,146,9.866666666666667,1.011592984199524,-0.7496569090828972
COHFACE_s10_session2_natural,5,147,9.9,0.6003618240356445,-0.8461212690691413
COHFACE_s10_session2_natural,5,148,9.933333333333334,0.3011437654495239,-0.8237556262617083
COHFACE_s10_session2_natural,5,149,9.966666666666667,0.19212490320205688,-0.6786331481023865
COHFACE_s10_session2_natural,5,150,10.0,0.29147887229919434,-0.4264270268134172
COHFACE_s10_session2_natural,5,151,10.033333333333333,0.381965696811676,-0.10600346805915803
COHFACE_s10_session2_natural,5,152,10.066666666666666,0.28864648938179016,0.22171164266236873
COHFACE_s10_session2_natural,5,153,10.1,0.021440429612994194,0.48316777948800443
COHFACE_s10_session2_natural,5,154,10.133333333333333,-0.3004484474658966,0.6095357330360968
COHFACE_s10_session2_natural,5,155,10.166666666666666,-0.5986491441726685,0.5571098722247166
COHFACE_s10_session2_natural,5,156,10.2,-0.8335888385772705,0.32369582754475446
COHFACE_s10_session2_natural,5,157,10.233333333333333,-0.9715098738670349,-0.04519391558083907
COHFACE_s10_session2_natural,5,158,10.266666666666667,-1.0445976257324219,-0.4632850029881911
COHFACE_s10_session2_natural,5,159,10.3,-1.0873959064483643,-0.8226623029638006
COHFACE_s10_session2_natural,5,160,10.333333333333334,-1.1366913318634033,-1.0208642145558036
COHFACE_s10_session2_natural,5,161,10.366666666666667,-1.2050853967666626,-0.9893168549895891
COHFACE_s10_session2_natural,5,162,10.4,-1.3004509210586548,-0.7148790056014672
COHFACE_s10_session2_natural,5,163,10.433333333333334,-1.4222675561904907,-0.24649572376885615
COHFACE_s10_session2_natural,5,164,10.466666666666667,-1.2805662155151367,0.31764184104178217
COHFACE_s10_session2_natural,5,165,10.5,-0.2029210925102234,0.8597710547768493
COHFACE_s10_session2_natural,5,166,10.533333333333333,1.223734736442566,1.2776563456343772
COHFACE_s10_session2_natural,5,167,10.566666666666666,1.8082630634307861,1.5100944872242745
COHFACE_s10_session2_natural,5,168,10.6,1.5317274332046509,1.5435336053395619
COHFACE_s10_session2_natural,5,169,10.633333333333333,0.9887949824333191,1.4013106913662257
COHFACE_s10_session2_natural,5,170,10.666666666666666,0.5131582617759705,1.125290614895999
COHFACE_s10_session2_natural,5,171,10.7,0.1671418845653534,0.7608259385424374
COHFACE_s10_session2_natural,5,172,10.733333333333333,0.08690955489873886,0.3502599568972729
COHFACE_s10_session2_natural,5,173,10.766666666666667,0.269836962223053,-0.06697017480357449
COHFACE_s10_session2_natural,5,174,10.8,0.41990843415260315,-0.45280796948205254
COHFACE_s10_session2_natural,5,175,10.833333333333334,0.3431559205055237,-0.7715387805215677
COHFACE_s10_session2_natural,5,176,10.866666666666667,0.06628498435020447,-0.9938727926987798
COHFACE_s10_session2_natural,5,177,10.9,-0.30058717727661133,-1.10217571473602
COHFACE_s10_session2_natural,5,178,10.933333333333334,-0.6281524896621704,-1.0943253446288401
COHFACE_s10_session2_natural,5,179,10.966666666666667,-0.863473653793335,-0.9844740711758316
COHFACE_s10_session2_natural,5,180,11.0,-1.0195220708847046,-0.7999646841557233
COHFACE_s10_session2_natural,5,181,11.033333333333333,-1.0994653701782227,-0.5748590283647644
COHFACE_s10_session2_natural,5,182,11.066666666666666,-1.1204946041107178,-0.3421212625520749
COHFACE_s10_session2_natural,5,183,11.1,-1.1314774751663208,-0.12735054701055698
COHFACE_s10_session2_natural,5,184,11.133333333333333,-1.1759405136108398,0.05385681178102909
COHFACE_s10_session2_natural,5,185,11.166666666666666,-1.2590051889419556,0.19471091858475353
COHFACE_s10_session2_natural,5,186,11.2,-1.3149828910827637,0.29370908813164764
COHFACE_s10_session2_natural,5,187,11.233333333333333,-0.7938541769981384,0.3511707948720972
COHFACE_s10_session2_natural,5,188,11.266666666666667,0.5612167716026306,0.3679791435291197
COHFACE_s10_session2_natural,5,189,11.3,1.6152430772781372,0.34736100519203017
COHFACE_s10_session2_natural,5,190,11.333333333333334,1.7090131044387817,0.29857032388075805
COHFACE_s10_session2_natural,5,191,11.366666666666667,1.2381048202514648,0.2397292393719619
COHFACE_s10_session2_natural,5,192,11.4,0.6898428201675415,0.19683527382214933
COHFACE_s10_session2_natural,5,193,11.433333333333334,0.2361023873090744,0.19746775347332957
COHFACE_s10_session2_natural,5,194,11.466666666666667,-0.002317127538844943,0.26054231062750116
COHFACE_s10_session2_natural,5,195,11.5,0.11130295693874359,0.38618503381848923
COHFACE_s10_session2_natural,5,196,11.533333333333333,0.34706348180770874,0.5508156052811315
COHFACE_s10_session2_natural,5,197,11.566666666666666,0.41109904646873474,0.7108143641488208
COHFACE_s10_session2_natural,5,198,11.6,0.24829909205436707,0.814170879633316
COHFACE_s10_session2_natural,5,199,11.633333333333333,-0.047369781881570816,0.8156606681499059
COHFACE_s10_session2_natural,5,200,11.666666666666666,-0.3873167335987091,0.6897451651651025
COHFACE_s10_session2_natural,5,201,11.7,-0.6839682459831238,0.43694985204240416
COHFACE_s10_session2_natural,5,202,11.733333333333333,-0.8806299567222595,0.08272816783469607
COHFACE_s10_session2_natural,5,203,11.766666666666667,-0.9856719374656677,-0.3292178234152185
COHFACE_s10_session2_natural,5,204,11.8,-1.0382159948349,-0.7459383981616707
COHFACE_s10_session2_natural,5,205,11.833333333333334,-1.0721240043640137,-1.1136134163977767
COHFACE_s10_session2_natural,5,206,11.866666666666667,-1.1109106540679932,-1.383484110129299
COHFACE_s10_session2_natural,5,207,11.9,-1.1678941249847412,-1.5155199155289858
COHFACE_s10_session2_natural,5,208,11.933333333333334,-1.2484501600265503,-1.4821926388799338
COHFACE_s10_session2_natural,5,209,11.966666666666667,-1.0554416179656982,-1.274551880961391
COHFACE_s10_session2_natural,5,210,12.0,0.04870092496275902,-0.9092837784424013
COHFACE_s10_session2_natural,5,211,12.033333333333333,1.4189281463623047,-0.4320956835513866
COHFACE_s10_session2_natural,5,212,12.066666666666666,1.931397795677185,0.08672671574830622
COHFACE_s10_session2_natural,5,213,12.1,1.6299831867218018,0.5649774283782953
COHFACE_s10_session2_natural,5,214,12.133333333333333,1.0721256732940674,0.9256981614359471
COHFACE_s10_session2_natural,5,215,12.166666666666666,0.5703266859054565,1.113228197448164
COHFACE_s10_session2_natural,5,216,12.2,0.20095738768577576,1.10364047998991
COHFACE_s10_session2_natural,5,217,12.233333333333333,0.13511832058429718,0.9079678123531331
COHFACE_s10_session2_natural,5,218,12.266666666666667,0.34249693155288696,0.5691680452274447
COHFACE_s10_session2_natural,5,219,12.3,0.5146958827972412,0.1545879832871408
COHFACE_s10_session2_natural,5,220,12.333333333333334,0.46090322732925415,-0.25510105432267505
COHFACE_s10_session2_natural,5,221,12.366666666666667,0.20940837264060974,-0.5801031997697582
COHFACE_s10_session2_natural,5,222,12.4,-0.12419166415929794,-0.7573787987816075
COHFACE_s10_session2_natural,5,223,12.433333333333334,-0.44632333517074585,-0.7548366642324275
COHFACE_s10_session2_natural,5,224,12.466666666666667,-0.6954135298728943,-0.5794902797770688
COHFACE_s10_session2_natural,5,225,12.5,-0.8504446148872375,-0.2762990391801963
COHFACE_s10_session2_natural,5,226,12.533333333333333,-0.9292780756950378,0.08262978120996518
COHFACE_s10_session2_natural,5,227,12.566666666666666,-0.9630473256111145,0.415546869109295
COHFACE_s10_session2_natural,5,228,12.6,-0.9979495406150818,0.6504575631001398
COHFACE_s10_session2_natural,5,229,12.633333333333333,-1.0587018728256226,0.7414834262811351
COHFACE_s10_session2_natural,5,230,12.666666666666666,-1.1324138641357422,0.6784359519731616
COHFACE_s10_session2_natural,5,231,12.7,-0.9294861555099487,0.4875429105470277
COHFACE_s10_session2_natural,5,232,12.733333333333333,0.13208937644958496,0.22308430954601552
COHFACE_s10_session2_natural,5,233,12.766666666666667,1.4184772968292236,-0.04803209717283167
COHFACE_s10_session2_natural,5,234,12.8,1.8935012817382812,-0.2641536523703423
COHFACE_s10_session2_natural,5,235,12.833333333333334,1.5924218893051147,-0.38340771115248956
COHFACE_s10_session2_natural,5,236,12.866666666666667,1.0484837293624878,-0.39057169148657583
COHFACE_s10_session2_natural,5,237,12.9,0.5432742834091187,-0.2955421901986369
COHFACE_s10_session2_natural,5,238,12.933333333333334,0.15965045988559723,-0.1262295152954449
COHFACE_s10_session2_natural,5,239,12.966666666666667,0.07485157996416092,0.07978922175537831
COHFACE_s10_session2_natural,6,0,6.0,-1.062008261680603,-0.025345906615066756
COHFACE_s10_session2_natural,6,1,6.033333333333333,-0.8001086115837097,0.34175266897287415
COHFACE_s10_session2_natural,6,2,6.066666666666666,0.3004385530948639,0.6677423985638201
COHFACE_s10_session2_natural,6,3,6.1,1.4851834774017334,0.9191201507519628
COHFACE_s10_session2_natural,6,4,6.133333333333334,1.8136042356491089,1.0776001333589218
COHFACE_s10_session2_natural,6,5,6.166666666666667,1.4674490690231323,1.1423821318397474
COHFACE_s10_session2_natural,6,6,6.2,0.9757311940193176,1.1263997461548807
COHFACE_s10_session2_natural,6,7,6.233333333333333,0.5471009612083435,1.0479874638119968
COHFACE_s10_session2_natural,6,8,6.266666666666667,0.26253050565719604,0.922547244077391
COHFACE_s10_session2_natural,6,9,6.3,0.2519754469394684,0.759141027098537
COHFACE_s10_session2_natural,6,10,6.333333333333333,0.42176973819732666,0.5635334841961412
COHFACE_s10_session2_natural,6,11,6.366666666666666,0.5385574698448181,0.3447257756103916
COHFACE_s10_session2_natural,6,12,6.4,0.4498741626739502,0.11988393998134159
COHFACE_s10_session2_natural,6,13,6.433333333333334,0.18599765002727509,-0.08617710718069133
COHFACE_s10_session2_natural,6,14,6.466666666666667,-0.12475814670324326,-0.24729359640804865
COHFACE_s10_session2_natural,6,15,6.5,-0.39384859800338745,-0.34501463336049787
COHFACE_s10_session2_natural,6,16,6.533333333333333,-0.5966375470161438,-0.3761240424934766
COHFACE_s10_session2_natural,6,17,6.566666666666666,-0.7378649711608887,-0.3551907282536538
COHFACE_s10_session2_natural,6,18,6.6,-0.8168025016784668,-0.31077202740802057
COHFACE_s10_session2_natural,6,19,6.633333333333334,-0.858745276927948,-0.2762967326600013
COHFACE_s10_session2_natural,6,20,6.666666666666667,-0.9101564288139343,-0.27867607274844886
COHFACE_s10_session2_natural,6,21,6.7,-0.9754058718681335,-0.3286068073477213
COHFACE_s10_session2_natural,6,22,6.733333333333333,-0.8712772727012634,-0.41595586371177845
COHFACE_s10_session2_natural,6,23,6.766666666666667,-0.04140437766909599,-0.5117936891404526
COHFACE_s10_session2_natural,6,24,6.8,1.2215958833694458,-0.5762968093635716
COHFACE_s10_session2_natural,6,25,6.833333333333333,1.8523099422454834,-0.5698149681763689
COHFACE_s10_session2_natural,6,26,6.866666666666666,1.6715906858444214,-0.46367720867373735
COHFACE_s10_session2_natural,6,27,6.9,1.1930521726608276,-0.24806614669142352
COHFACE_s10_session2_natural,6,28,6.933333333333334,0.7364909052848816,0.06404151815637732
COHFACE_s10_session2_natural,6,29,6.966666666666667,0.3644856810569763,0.4367342986903302
COHFACE_s10_session2_natural,6,30,7.0,0.2243681252002716,0.8148820488588909
COHFACE_s10_session2_natural,6,31,7.033333333333333,0.3505432903766632,1.1321853103199413
COHFACE_s10_session2_natural,6,32,7.066666666666666,0.49822166562080383,1.3232682693327018
COHFACE_s10_session2_natural,6,33,7.1,0.4761982262134552,1.3375665520100153
COHFACE_s10_session2_natural,6,34,7.133333333333334,0.27085432410240173,1.1509351154667844
COHFACE_s10_session2_natural,6,35,7.166666666666667,-0.033901382237672806,0.7712091642509857
COHFACE_s10_session2_natural,6,36,7.2,-0.33516570925712585,0.2369204592148579
COHFACE_s10_session2_natural,6,37,7.233333333333333,-0.5665446519851685,-0.38854930412194016
COHFACE_s10_session2_natural,6,38,7.266666666666667,-0.7146276831626892,-1.0246059757961634
COHFACE_s10_session2_natural,6,39,7.3,-0.8171493411064148,-1.5820491653557742
COHFACE_s10_session2_natural,6,40,7.333333333333333,-0.9053008556365967,-1.97406864990131
COHFACE_s10_session2_natural,6,41,7.366666666666666,-0.9761457443237305,-2.1310878938707076
COHFACE_s10_session2_natural,6,42,7.4,-1.0337766408920288,-2.0178446753835364
COHFACE_s10_session2_natural,6,43,7.433333333333334,-0.9303069710731506,-1.646983020723794
COHFACE_s10_session2_natural,6,44,7.466666666666667,-0.11098916828632355,-1.0816327604991869
COHFACE_s10_session2_natural,6,45,7.5,1.2540935277938843,-0.4224189382066759
COHFACE_s10_session2_natural,6,46,7.533333333333333,2.030867338180542,0.21842411494093697
COHFACE_s10_session2_natural,6,47,7.566666666666666,1.926102876663208,0.7460883312346474
COHFACE_s10_session2_natural,6,48,7.6,1.4701311588287354,1.1036366229503316
COHFACE_s10_session2_natural,6,49,7.633333333333334,1.0566456317901611,1.276863405902841
COHFACE_s10_session2_natural,6,50,7.666666666666667,0.7463407516479492,1.2854050839517526
COHFACE_s10_session2_natural,6,51,7.7,0.569945216178894,1.1683167353994162
COHFACE_s10_session2_natural,6,52,7.733333333333333,0.6008704900741577,0.9717577602377395
COHFACE_s10_session2_natural,6,53,7.766666666666667,0.6934036016464233,0.7414748153852456
COHFACE_s10_session2_natural,6,54,7.8,0.646454930305481,0.518604008263209
COHFACE_s10_session2_natural,6,55,7.833333333333333,0.4211338758468628,0.3363208144837864
COHFACE_s10_session2_natural,6,56,7.866666666666666,0.1029791384935379,0.21644060863745146
COHFACE_s10_session2_natural,6,57,7.9,-0.21821609139442444,0.16666951694640894
COHFACE_s10_session2_natural,6,58,7.933333333333334,-0.4827747046947479,0.1791465966296673
COHFACE_s10_session2_natural,6,59,7.966666666666667,-0.6658061742782593,0.2307381285422346
COHFACE_s10_session2_natural,6,60,8.0,-0.7715417742729187,0.28656142980702787
COHFACE_s10_session2_natural,6,61,8.033333333333333,-0.8259009122848511,0.3082348806618525
COHFACE_s10_session2_natural,6,62,8.066666666666666,-0.8732772469520569,0.2655744133161421
COHFACE_s10_session2_natural,6,63,8.1,-0.9466193318367004,0.14728862944677232
COHFACE_s10_session2_natural,6,64,8.133333333333333,-1.0417420864105225,-0.034149279782320574
COHFACE_s10_session2_natural,6,65,8.166666666666666,-0.9246652722358704,-0.24569033105493207
COHFACE_s10_session2_natural,6,66,8.2,0.046724021434783936,-0.4435147359318903
COHFACE_s10_session2_natural,6,67,8.233333333333333,1.4701542854309082,-0.5853721243283996
COHFACE_s10_session2_natural,6,68,8.266666666666667,2.1240477561950684,-0.6410923881556839
COHFACE_s10_session2_natural,6,69,8.3,1.9161837100982666,-0.5986520134057399
COHFACE_s10_session2_natural,6,70,8.333333333333334,1.4725936651229858,-0.4655329310491577
COHFACE_s10_session2_natural,6,71,8.366666666666667,1.1284385919570923,-0.26639774243887837
COHFACE_s10_session2_natural,6,72,8.4,0.8573943376541138,-0.037814488003915264
COHFACE_s10_session2_natural,6,73,8.433333333333334,0.6712414026260376,0.17957297267249023
COHFACE_s10_session2_natural,6,74,8.466666666666667,0.6547209620475769,0.35003216102761553
COHFACE_s10_session2_natural,6,75,8.5,0.6761085391044617,0.4500180622182687
COHFACE_s10_session2_natural,6,76,8.533333333333333,0.5747198462486267,0.470714546796279
COHFACE_s10_session2_natural,6,77,8.566666666666666,0.32113248109817505,0.41491208120570094
COHFACE_s10_session2_natural,6,78,8.6,-0.010086022317409515,0.29080742077100624
COHFACE_s10_session2_natural,6,79,8.633333333333333,-0.3357437551021576,0.10743669163869142
COHFACE_s10_session2_natural,6,80,8.666666666666666,-0.5976665019989014,-0.12498158155490949
COHFACE_s10_session2_natural,6,81,8.7,-0.7779580354690552,-0.39061204363114654
COHFACE_s10_session2_natural,6,82,8.733333333333333,-0.8897746205329895,-0.664062366031714
COHFACE_s10_session2_natural,6,83,8.766666666666667,-0.9548159837722778,-0.9116879174396885
COHFACE_s10_session2_natural,6,84,8.8,-1.011024832725525,-1.0987229684822966
COHFACE_s10_session2_natural,6,85,8.833333333333334,-1.0801010131835938,-1.198001960889885
COHFACE_s10_session2_natural,6,86,8.866666666666667,-1.1773046255111694,-1.1948208981940527
COHFACE_s10_session2_natural,6,87,8.9,-1.273988127708435,-1.0856249807873084
COHFACE_s10_session2_natural,6,88,8.933333333333334,-0.9518795013427734,-0.873217807241187
COHFACE_s10_session2_natural,6,89,8.966666666666667,0.3321037292480469,-0.5638939749354739
COHFACE_s10_session2_natural,6,90,9.0,1.6558910608291626,-0.16981871619458166
COHFACE_s10_session2_natural,6,91,9.033333333333333,1.974635362625122,0.2849290395316791
COHFACE_s10_session2_natural,6,92,9.066666666666666,1.594826579093933,0.7599753715281855
COHFACE_s10_session2_natural,6,93,9.1,1.1391208171844482,1.2009726291101
COHFACE_s10_session2_natural,6,94,9.133333333333333,0.8154977560043335,1.5493581592840493
COHFACE_s10_session2_natural,6,95,9.166666666666666,0.5518293380737305,1.7554777496346683
COHFACE_s10_session2_natural,6,96,9.2,0.41158461570739746,1.7893938341727604
COHFACE_s10_session2_natural,6,97,9.233333333333333,0.45045220851898193,1.6458006229562412
COHFACE_s10_session2_natural,6,98,9.266666666666667,0.4699784815311432,1.3432332146586468
COHFACE_s10_session2_natural,6,99,9.3,0.32310938835144043,0.9201659185312546
COHFACE_s10_session2_natural,6,100,9.333333333333334,0.047487035393714905,0.4300193304637697
COHFACE_s10_session2_natural,6,101,9.366666666666667,-0.26664450764656067,-0.06493216741716615
COHFACE_s10_session2_natural,6,102,9.4,-0.5702441334724426,-0.5017367869750831
COHFACE_s10_session2_natural,6,103,9.433333333333334,-0.8047329783439636,-0.8269998171992975
COHFACE_s10_session2_natural,6,104,9.466666666666667,-0.9493939280509949,-1.0069932439161478
COHFACE_s10_session2_natural,6,105,9.5,-1.032528042793274,-1.0342349438103933
COHFACE_s10_session2_natural,6,106,9.533333333333333,-1.0894999504089355,-0.9282018217737087
COHFACE_s10_session2_natural,6,107,9.566666666666666,-1.1333271265029907,-0.7301459926576558
COHFACE_s10_session2_natural,6,108,9.6,-1.1960216760635376,-0.49370943340890366
COHFACE_s10_session2_natural,6,109,9.633333333333333,-1.2958612442016602,-0.27353341902230194
COHFACE_s10_session2_natural,6,110,9.666666666666666,-1.406868577003479,-0.11380201233385609
COHFACE_s10_session2_natural,6,111,9.7,-1.2237330675125122,-0.03871875027517157
COHFACE_s10_session2_natural,6,112,9.733333333333333,-0.10211043059825897,-0.04752166029213605
COHFACE_s10_session2_natural,6,113,9.766666666666667,1.309065341949463,-0.11615198445045784
COHFACE_s10_session2_natural,6,114,9.8,1.8275697231292725,-0.20513076963112542
COHFACE_s10_session2_natural,6,115,9.833333333333334,1.5229412317276,-0.27056621224271243
COHFACE_s10_session2_natural,6,116,9.866666666666667,1.011592984199524,-0.2747923893257123
COHFACE_s10_session2_natural,6,117,9.9,0.6003618240356445,-0.194641607239148
COHFACE_s10_session2_natural,6,118,9.933333333333334,0.3011437654495239,-0.027027472292033297
COHFACE_s10_session2_natural,6,119,9.966666666666667,0.19212490320205688,0.20819297049829072
COHFACE_s10_session2_natural,6,120,10.0,0.29147887229919434,0.4692600856267494
COHFACE_s10_session2_natural,6,121,10.033333333333333,0.381965696811676,0.699139728578815
COHFACE_s10_session2_natural,6,122,10.066666666666666,0.28864648938179016,0.8376580304416685
COHFACE_s10_session2_natural,6,123,10.1,0.021440429612994194,0.8363246927965444
COHFACE_s10_session2_natural,6,124,10.133333333333333,-0.3004484474658966,0.6715306532534329
COHFACE_s10_session2_natural,6,125,10.166666666666666,-0.5986491441726685,0.352304037527693
COHFACE_s10_session2_natural,6,126,10.2,-0.8335888385772705,-0.07923024115683747
COHFACE_s10_session2_natural,6,127,10.233333333333333,-0.9715098738670349,-0.5542995496536103
COHFACE_s10_session2_natural,6,128,10.266666666666667,-1.0445976257324219,-0.9890420012405611
COHFACE_s10_session2_natural,6,129,10.3,-1.0873959064483643,-1.2991887886343725
COHFACE_s10_session2_natural,6,130,10.333333333333334,-1.1366913318634033,-1.4163311421450595
COHFACE_s10_session2_natural,6,131,10.366666666666667,-1.2050853967666626,-1.3038481673470625
COHFACE_s10_session2_natural,6,132,10.4,-1.3004509210586548,-0.9687801615378078
COHFACE_s10_session2_natural,6,133,10.433333333333334,-1.4222675561904907,-0.46440556921271003
COHFACE_s10_session2_natural,6,134,10.466666666666667,-1.2805662155151367,0.12054349551446202
COHFACE_s10_session2_natural,6,135,10.5,-0.2029210925102234,0.6849452932065183
COHFACE_s10_session2_natural,6,136,10.533333333333333,1.223734736442566,1.1423265239168279
COHFACE_s10_session2_natural,6,137,10.566666666666666,1.8082630634307861,1.440063252244615
COHFACE_s10_session2_natural,6,138,10.6,1.5317274332046509,1.5631715476489587
COHFACE_s10_session2_natural,6,139,10.633333333333333,0.9887949824333191,1.5241953079801702
COHFACE_s10_session2_natural,6,140,10.666666666666666,0.5131582617759705,1.3482251725894703
COHFACE_s10_session2_natural,6,141,10.7,0.1671418845653534,1.0629092618558649
COHFACE_s10_session2_natural,6,142,10.733333333333333,0.08690955489873886,0.6970053233728647
COHFACE_s10_session2_natural,6,143,10.766666666666667,0.269836962223053,0.28353393436122765
COHFACE_s10_session2_natural,6,144,10.8,0.41990843415260315,-0.13883097669450453
COHFACE_s10_session2_natural,6,145,10.833333333333334,0.3431559205055237,-0.52944765546536
COHFACE_s10_session2_natural,6,146,10.866666666666667,0.06628498435020447,-0.8528264381720062
COHFACE_s10_session2_natural,6,147,10.9,-0.30058717727661133,-1.0848492430289196
COHFACE_s10_session2_natural,6,148,10.933333333333334,-0.6281524896621704,-1.2151528474418787
COHFACE_s10_session2_natural,6,149,10.966666666666667,-0.863473653793335,-1.2457884457720876
COHFACE_s10_session2_natural,6,150,11.0,-1.0195220708847046,-1.187796068874548
COHFACE_s10_session2_natural,6,151,11.033333333333333,-1.0994653701782227,-1.0571831150160897
COHFACE_s10_session2_natural,6,152,11.066666666666666,-1.1204946041107178,-0.8712836723253458
COHFACE_s10_session2_natural,6,153,11.1,-1.1314774751663208,-0.646227545937182
COHFACE_s10_session2_natural,6,154,11.133333333333333,-1.1759405136108398,-0.39613680620525216
COHFACE_s10_session2_natural,6,155,11.166666666666666,-1.2590051889419556,-0.13411576235296835
COHFACE_s10_session2_natural,6,156,11.2,-1.3149828910827637,0.12601879917663417
COHFACE_s10_session2_natural,6,157,11.233333333333333,-0.7938541769981384,0.3689714638153974
COHFACE_s10_session2_natural,6,158,11.266666666666667,0.5612167716026306,0.5791846325002691
COHFACE_s10_session2_natural,6,159,11.3,1.6152430772781372,0.7436216897474065
COHFACE_s10_session2_natural,6,160,11.333333333333334,1.7090131044387817,0.8546565065536073
COHFACE_s10_session2_natural,6,161,11.366666666666667,1.2381048202514648,0.9115246797017961
COHFACE_s10_session2_natural,6,162,11.4,0.6898428201675415,0.9195778712128571
COHFACE_s10_session2_natural,6,163,11.433333333333334,0.2361023873090744,0.887639874239613
COHFACE_s10_session2_natural,6,164,11.466666666666667,-0.002317127538844943,0.8244931366504961
COHFACE_s10_session2_natural,6,165,11.5,0.11130295693874359,0.7358069770533177
COHFACE_s10_session2_natural,6,166,11.533333333333333,0.34706348180770874,0.6227205174279442
COHFACE_s10_session2_natural,6,167,11.566666666666666,0.41109904646873474,0.4827298799917447
COHFACE_s10_session2_natural,6,168,11.6,0.24829909205436707,0.312553270385616
COHFACE_s10_session2_natural,6,169,11.633333333333333,-0.047369781881570816,0.11171916575945604
COHFACE_s10_session2_natural,6,170,11.666666666666666,-0.3873167335987091,-0.11474368273786668
COHFACE_s10_session2_natural,6,171,11.7,-0.6839682459831238,-0.3557596244400287
COHFACE_s10_session2_natural,6,172,11.733333333333333,-0.8806299567222595,-0.5960515107332962
COHFACE_s10_session2_natural,6,173,11.766666666666667,-0.9856719374656677,-0.8193278180120105
COHFACE_s10_session2_natural,6,174,11.8,-1.0382159948349,-1.0107348708292758
COHFACE_s10_session2_natural,6,175,11.833333333333334,-1.0721240043640137,-1.1565336684090397
COHFACE_s10_session2_natural,6,176,11.866666666666667,-1.1109106540679932,-1.2405964242655703
COHFACE_s10_session2_natural,6,177,11.9,-1.1678941249847412,-1.2403848566123166
COHFACE_s10_session2_natural,6,178,11.933333333333334,-1.2484501600265503,-1.1277762190824352
COHFACE_s10_session2_natural,6,179,11.966666666666667,-1.0554416179656982,-0.8788149172060818
COHFACE_s10_session2_natural,6,180,12.0,0.04870092496275902,-0.4901128853757739
COHFACE_s10_session2_natural,6,181,12.033333333333333,1.4189281463623047,0.006849690853051903
COHFACE_s10_session2_natural,6,182,12.066666666666666,1.931397795677185,0.5431544098431169
COHFACE_s10_session2_natural,6,183,12.1,1.6299831867218018,1.0257371955240602
COHFACE_s10_session2_natural,6,184,12.133333333333333,1.0721256732940674,1.3622035429886523
COHFACE_s10_session2_natural,6,185,12.166666666666666,0.5703266859054565,1.4867591896423402
COHFACE_s10_session2_natural,6,186,12.2,0.20095738768577576,1.376966446990726
COHFACE_s10_session2_natural,6,187,12.233333333333333,0.13511832058429718,1.0565380616881408
COHFACE_s10_session2_natural,6,188,12.266666666666667,0.34249693155288696,0.5863381104060323
COHFACE_s10_session2_natural,6,189,12.3,0.5146958827972412,0.04962455023381877
COHFACE_s10_session2_natural,6,190,12.333333333333334,0.46090322732925415,-0.46355076597792333
COHFACE_s10_session2_natural,6,191,12.366666666666667,0.20940837264060974,-0.8710098940748287
COHFACE_s10_session2_natural,6,192,12.4,-0.12419166415929794,-1.1117322721600675
COHFACE_s10_session2_natural,6,193,12.433333333333334,-0.44632333517074585,-1.1562924167793176
COHFACE_s10_session2_natural,6,194,12.466666666666667,-0.6954135298728943,-1.0115665624404016
COHFACE_s10_session2_natural,6,195,12.5,-0.8504446148872375,-0.7173807379392573
COHFACE_s10_session2_natural,6,196,12.533333333333333,-0.9292780756950378,-0.3359174174050103
COHFACE_s10_session2_natural,6,197,12.566666666666666,-0.9630473256111145,0.06229664681791979
COHFACE_s10_session2_natural,6,198,12.6,-0.9979495406150818,0.4118146960136313
COHFACE_s10_session2_natural,6,199,12.633333333333333,-1.0587018728256226,0.6630046051216816
COHFACE_s10_session2_natural,6,200,12.666666666666666,-1.1324138641357422,0.789681722607401
COHFACE_s10_session2_natural,6,201,12.7,-0.9294861555099487,0.7932640883872845
COHFACE_s10_session2_natural,6,202,12.733333333333333,0.13208937644958496,0.7018463095166492
COHFACE_s10_session2_natural,6,203,12.766666666666667,1.4184772968292236,0.5624685843324514
COHFACE_s10_session2_natural,6,204,12.8,1.8935012817382812,0.4273792239496488
COHFACE_s10_session2_natural,6,205,12.833333333333334,1.5924218893051147,0.33844748707959554
COHFACE_s10_session2_natural,6,206,12.866666666666667,1.0484837293624878,0.315291903013265
COHFACE_s10_session2_natural,6,207,12.9,0.5432742834091187,0.35117598894756574
COHFACE_s10_session2_natural,6,208,12.933333333333334,0.15965045988559723,0.4172362121133532
COHFACE_s10_session2_natural,6,209,12.966666666666667,0.07485157996416092,0.4724292854232605
COHFACE_s10_session2_natural,6,210,13.0,0.27396419644355774,0.4754485953148349
COHFACE_s10_session2_natural,6,211,13.033333333333333,0.45011693239212036,0.3953194585488469
COHFACE_s10_session2_natural,6,212,13.066666666666666,0.41175803542137146,0.21831679699292422
COHFACE_s10_session2_natural,6,213,13.1,0.17147721350193024,-0.049874507815183745
COHFACE_s10_session2_natural,6,214,13.133333333333333,-0.15822681784629822,-0.3861823253141502
COHFACE_s10_session2_natural,6,215,13.166666666666666,-0.475294828414917,-0.7545099431556843
COHFACE_s10_session2_natural,6,216,13.2,-0.7188935875892639,-1.1104863863613263
COHFACE_s10_session2_natural,6,217,13.233333333333333,-0.8567683696746826,-1.4056570551141883
COHFACE_s10_session2_natural,6,218,13.266666666666667,-0.9178096652030945,-1.5916502805379888
COHFACE_s10_session2_natural,6,219,13.3,-0.9568160176277161,-1.6260075277438304
COHFACE_s10_session2_natural,6,220,13.333333333333334,-1.0077300071716309,-1.4812172560714951
COHFACE_s10_session2_natural,6,221,13.366666666666667,-1.0837079286575317,-1.1560469224895928
COHFACE_s10_session2_natural,6,222,13.4,-0.923382043838501,-0.6842975337316903
COHFACE_s10_session2_natural,6,223,13.433333333333334,0.11029716581106186,-0.1342570349010114
COHFACE_s10_session2_natural,6,224,13.466666666666667,1.459599256515503,0.40469440749535923
COHFACE_s10_session2_natural,6,225,13.5,2.0224857330322266,0.8449780317054041
COHFACE_s10_session2_natural,6,226,13.533333333333333,1.7623780965805054,1.123603353540122
COHFACE_s10_session2_natural,6,227,13.566666666666666,1.2182894945144653,1.2146622216400578
COHFACE_s10_session2_natural,6,228,13.6,0.7189415097236633,1.1278208839003936
COHFACE_s10_session2_natural,6,229,13.633333333333333,0.3312597870826721,0.8973342083256091
COHFACE_s10_session2_natural,6,230,13.666666666666666,0.1989920437335968,0.5697465644618577
COHFACE_s10_session2_natural,6,231,13.7,0.3617110848426819,0.19608217130278172
COHFACE_s10_session2_natural,6,232,13.733333333333333,0.5369736552238464,-0.17125767265224384
COHFACE_s10_session2_natural,6,233,13.766666666666667,0.511470377445221,-0.480833525310873
COHFACE_s10_session2_natural,6,234,13.8,0.2747618854045868,-0.6873231453935891
COHFACE_s10_session2_natural,6,235,13.833333333333334,-0.06968223303556442,-0.7593814599012146
COHFACE_s10_session2_natural,6,236,13.866666666666667,-0.4182882606983185,-0.6865882832830572
COHFACE_s10_session2_natural,6,237,13.9,-0.6869162917137146,-0.4815421373845862
COHFACE_s10_session2_natural,6,238,13.933333333333334,-0.8502249121665955,-0.1763588567034524
COHFACE_s10_session2_natural,6,239,13.966666666666667,-0.9241219162940979,0.1838123999998988
COHFACE_s10_session2_natural,7,0,7.0,0.2243681252002716,-0.03810755597280616
COHFACE_s10_session2_natural,7,1,7.033333333333333,0.3505432903766632,0.35532885898641187
COHFACE_s10_session2_natural,7,2,7.066666666666666,0.49822166562080383,0.6541336739908447
COHFACE_s10_session2_natural,7,3,7.1,0.4761982262134552,0.7837269287789042
COHFACE_s10_session2_natural,7,4,7.133333333333334,0.27085432410240173,0.7044074066336994
COHFACE_s10_session2_natural,7,5,7.166666666666667,-0.033901382237672806,0.41847529738055267
COHFACE_s10_session2_natural,7,6,7.2,-0.33516570925712585,-0.03223287010219218
COHFACE_s10_session2_natural,7,7,7.233333333333333,-0.5665446519851685,-0.575822855345342
COHFACE_s10_session2_natural,7,8,7.266666666666667,-0.7146276831626892,-1.1226232039185764
COHFACE_s10_session2_natural,7,9,7.3,-0.8171493411064148,-1.5776816297568124
COHFACE_s10_session2_natural,7,10,7.333333333333333,-0.9053008556365967,-1.8539600487484693
COHFACE_s10_session2_natural,7,11,7.366666666666666,-0.9761457443237305,-1.8878806925849905
COHFACE_s10_session2_natural,7,12,7.4,-1.0337766408920288,-1.6562409552640722
COHFACE_s10_session2_natural,7,13,7.433333333333334,-0.9303069710731506,-1.1889965391622053
COHFACE_s10_session2_natural,7,14,7.466666666666667,-0.11098916828632355,-0.5699062143764204
COHFACE_s10_session2_natural,7,15,7.5,1.2540935277938843,0.08030778653200785
COHFACE_s10_session2_natural,7,16,7.533333333333333,2.030867338180542,0.6357993899461966
COHFACE_s10_session2_natural,7,17,7.566666666666666,1.926102876663208,1.0014143600320795
COHFACE_s10_session2_natural,7,18,7.6,1.4701311588287354,1.137899962530892
COHFACE_s10_session2_natural,7,19,7.633333333333334,1.0566456317901611,1.0664435288952019
COHFACE_s10_session2_natural,7,20,7.666666666666667,0.7463407516479492,0.853125071007968
COHFACE_s10_session2_natural,7,21,7.7,0.569945216178894,0.5830026415598328
COHFACE_s10_session2_natural,7,22,7.733333333333333,0.6008704900741577,0.33505622225179726
COHFACE_s10_session2_natural,7,23,7.766666666666667,0.6934036016464233,0.16511572405186858
COHFACE_s10_session2_natural,7,24,7.8,0.646454930305481,0.09918355560341144
COHFACE_s10_session2_natural,7,25,7.833333333333333,0.4211338758468628,0.13609750721415345
COHFACE_s10_session2_natural,7,26,7.866666666666666,0.1029791384935379,0.2561370149222762
COHFACE_s10_session2_natural,7,27,7.9,-0.21821609139442444,0.4309099551814982
COHFACE_s10_session2_natural,7,28,7.933333333333334,-0.4827747046947479,0.6300548011259989
COHFACE_s10_session2_natural,7,29,7.966666666666667,-0.6658061742782593,0.8227685266518305
COHFACE_s10_session2_natural,7,30,8.0,-0.7715417742729187,0.9763590003039703
COHFACE_s10_session2_natural,7,31,8.033333333333333,-0.8259009122848511,1.0566460916074278
COHFACE_s10_session2_natural,7,32,8.066666666666666,-0.8732772469520569,1.0334819768090011
COHFACE_s10_session2_natural,7,33,8.1,-0.9466193318367004,0.8901604409229649
COHFACE_s10_session2_natural,7,34,8.133333333333333,-1.0417420864105225,0.6315341677921298
COHFACE_s10_session2_natural,7,35,8.166666666666666,-0.9246652722358704,0.2855511026054209
COHFACE_s10_session2_natural,7,36,8.2,0.046724021434783936,-0.10287126357776258
COHFACE_s10_session2_natural,7,37,8.233333333333333,1.4701542854309082,-0.4820809075985669
COHFACE_s10_session2_natural,7,38,8.266666666666667,2.1240477561950684,-0.8034076899658401
COHFACE_s10_session2_natural,7,39,8.3,1.9161837100982666,-1.028028472062122
COHFACE_s10_session2_natural,7,40,8.333333333333334,1.4725936651229858,-1.1315730091545826
COHFACE_s10_session2_natural,7,41,8.366666666666667,1.1284385919570923,-1.1079281059290766
COHFACE_s10_session2_natural,7,42,8.4,0.8573943376541138,-0.97185549742089
COHFACE_s10_session2_natural,7,43,8.433333333333334,0.6712414026260376,-0.7580017690720113
COHFACE_s10_session2_natural,7,44,8.466666666666667,0.6547209620475769,-0.51439413414765
COHFACE_s10_session2_natural,7,45,8.5,0.6761085391044617,-0.29153467468132294
COHFACE_s10_session2_natural,7,46,8.533333333333333,0.5747198462486267,-0.1313934189763238
COHFACE_s10_session2_natural,7,47,8.566666666666666,0.32113248109817505,-0.060796037049438575
COHFACE_s10_session2_natural,7,48,8.6,-0.010086022317409515,-0.09001772016223995
COHFACE_s10_session2_natural,7,49,8.633333333333333,-0.3357437551021576,-0.21344362717637202
COHFACE_s10_session2_natural,7,50,8.666666666666666,-0.5976665019989014,-0.40895187224369656
COHFACE_s10_session2_natural,7,51,8.7,-0.7779580354690552,-0.6363542772227142
COHFACE_s10_session2_natural,7,52,8.733333333333333,-0.8897746205329895,-0.8395349174084467
COHFACE_s10_session2_natural,7,53,8.766666666666667,-0.9548159837722778,-0.9570708562841607
COHFACE_s10_session2_natural,7,54,8.8,-1.011024832725525,-0.9403855801424134
COHFACE_s10_session2_natural,7,55,8.833333333333334,-1.0801010131835938,-0.7716414203408011
COHFACE_s10_session2_natural,7,56,8.866666666666667,-1.1773046255111694,-0.4716819401029074
COHFACE_s10_session2_natural,7,57,8.9,-1.273988127708435,-0.09296756453070562
COHFACE_s10_session2_natural,7,58,8.933333333333334,-0.9518795013427734,0.2992887001876828
COHFACE_s10_session2_natural,7,59,8.966666666666667,0.3321037292480469,0.6483956766338665
COHFACE_s10_session2_natural,7,60,9.0,1.6558910608291626,0.9204983247199258
COHFACE_s10_session2_natural,7,61,9.033333333333333,1.974635362625122,1.1075231147885665
COHFACE_s10_session2_natural,7,62,9.066666666666666,1.594826579093933,1.2202654038685858
COHFACE_s10_session2_natural,7,63,9.1,1.1391208171844482,1.276850353018184
COHFACE_s10_session2_natural,7,64,9.133333333333333,0.8154977560043335,1.2920932337624316
COHFACE_s10_session2_natural,7,65,9.166666666666666,0.5518293380737305,1.2711694299425333
COHFACE_s10_session2_natural,7,66,9.2,0.41158461570739746,1.2084271967478037
COHFACE_s10_session2_natural,7,67,9.233333333333333,0.45045220851898193,1.0904854743911452
COHFACE_s10_session2_natural,7,68,9.266666666666667,0.4699784815311432,0.902284496650517
COHFACE_s10_session2_natural,7,69,9.3,0.32310938835144043,0.6348446752292758
COHFACE_s10_session2_natural,7,70,9.333333333333334,0.047487035393714905,0.2932792541535305
COHFACE_s10_session2_natural,7,71,9.366666666666667,-0.26664450764656067,-0.09714516173033058
COHFACE_s10_session2_natural,7,72,9.4,-0.5702441334724426,-0.48982802864996405
COHFACE_s10_session2_natural,7,73,9.433333333333334,-0.8047329783439636,-0.8229548253436646
COHFACE_s10_session2_natural,7,74,9.466666666666667,-0.9493939280509949,-1.0330221147936405
COHFACE_s10_session2_natural,7,75,9.5,-1.032528042793274,-1.0728480091025236
COHFACE_s10_session2_natural,7,76,9.533333333333333,-1.0894999504089355,-0.9289099785143409
COHFACE_s10_session2_natural,7,77,9.566666666666666,-1.1333271265029907,-0.6318630371768071
COHFACE_s10_session2_natural,7,78,9.6,-1.1960216760635376,-0.25470966260263306
COHFACE_s10_session2_natural,7,79,9.633333333333333,-1.2958612442016602,0.10360399225552146
COHFACE_s10_session2_natural,7,80,9.666666666666666,-1.406868577003479,0.34553498142293654
COHFACE_s10_session2_natural,7,81,9.7,-1.2237330675125122,0.4041260623280303
COHFACE_s10_session2_natural,7,82,9.733333333333333,-0.10211043059825897,0.26325125358427776
COHFACE_s10_session2_natural,7,83,9.766666666666667,1.309065341949463,-0.03839243729502791
COHFACE_s10_session2_natural,7,84,9.8,1.8275697231292725,-0.4198342323227573
COHFACE_s10_session2_natural,7,85,9.833333333333334,1.5229412317276,-0.7808043981866173
COHFACE_s10_session2_natural,7,86,9.866666666666667,1.011592984199524,-1.0268439222142707
COHFACE_s10_session2_natural,7,87,9.9,0.6003618240356445,-1.0903080735010133
COHFACE_s10_session2_natural,7,88,9.933333333333334,0.3011437654495239,-0.9446531626913831
COHFACE_s10_session2_natural,7,89,9.966666666666667,0.19212490320205688,-0.6112022812257308
COHFACE_s10_session2_natural,7,90,10.0,0.29147887229919434,-0.15661623947805697
COHFACE_s10_session2_natural,7,91,10.033333333333333,0.381965696811676,0.32086724875680106
COHFACE_s10_session2_natural,7,92,10.066666666666666,0.28864648938179016,0.714772037126718
COHFACE_s10_session2_natural,7,93,10.1,0.021440429612994194,0.9369125982604799
COHFACE_s10_session2_natural,7,94,10.133333333333333,-0.3004484474658966,0.938973956011251
COHFACE_s10_session2_natural,7,95,10.166666666666666,-0.5986491441726685,0.7231186082393615
COHFACE_s10_session2_natural,7,96,10.2,-0.8335888385772705,0.3399341641016247
COHFACE_s10_session2_natural,7,97,10.233333333333333,-0.9715098738670349,-0.12398450791622304
COHFACE_s10_session2_natural,7,98,10.266666666666667,-1.0445976257324219,-0.5647444413955812
COHFACE_s10_session2_natural,7,99,10.3,-1.0873959064483643,-0.8822997512265264
COHFACE_s10_session2_natural,7,100,10.333333333333334,-1.1366913318634033,-1.001015625641297
COHFACE_s10_session2_natural,7,101,10.366666666666667,-1.2050853967666626,-0.8867925831683579
COHFACE_s10_session2_natural,7,102,10.4,-1.3004509210586548,-0.5570604643806564
COHFACE_s10_session2_natural,7,103,10.433333333333334,-1.4222675561904907,-0.07923847605883798
COHFACE_s10_session2_natural,7,104,10.466666666666667,-1.2805662155151367,0.4453544812175406
COHFACE_s10_session2_natural,7,105,10.5,-0.2029210925102234,0.9098546013607195
COHFACE_s10_session2_natural,7,106,10.533333333333333,1.223734736442566,1.2324755515713839
COHFACE_s10_session2_natural,7,107,10.566666666666666,1.8082630634307861,1.3758873906569389
COHFACE_s10_session2_natural,7,108,10.6,1.5317274332046509,1.3472891647267098
COHFACE_s10_session2_natural,7,109,10.633333333333333,0.9887949824333191,1.1819709550145134
COHFACE_s10_session2_natural,7,110,10.666666666666666,0.5131582617759705,0.9218998992724565
COHFACE_s10_session2_natural,7,111,10.7,0.1671418845653534,0.6018203206359157
COHFACE_s10_session2_natural,7,112,10.733333333333333,0.08690955489873886,0.24806032955928797
COHFACE_s10_session2_natural,7,113,10.766666666666667,0.269836962223053,-0.11416434743994243
COHFACE_s10_session2_natural,7,114,10.8,0.41990843415260315,-0.453716126722942
COHFACE_s10_session2_natural,7,115,10.833333333333334,0.3431559205055237,-0.7335072722123713
COHFACE_s10_session2_natural,7,116,10.866666666666667,0.06628498435020447,-0.9182615125932794
COHFACE_s10_session2_natural,7,117,10.9,-0.30058717727661133,-0.9856360261057713
COHFACE_s10_session2_natural,7,118,10.933333333333334,-0.6281524896621704,-0.9350063788900829
COHFACE_s10_session2_natural,7,119,10.966666666666667,-0.863473653793335,-0.7898955452221552
COHFACE_s10_session2_natural,7,120,11.0,-1.0195220708847046,-0.5924148291963354
COHFACE_s10_session2_natural,7,121,11.033333333333333,-1.0994653701782227,-0.3909954349374497
COHFACE_s10_session2_natural,7,122,11.066666666666666,-1.1204946041107178,-0.22596970375154926
COHFACE_s10_session2_natural,7,123,11.1,-1.1314774751663208,-0.11898329437359788
COHFACE_s10_session2_natural,7,124,11.133333333333333,-1.1759405136108398,-0.07014477788286577
COHFACE_s10_session2_natural,7,125,11.166666666666666,-1.2590051889419556,-0.06275962405097213
COHFACE_s10_session2_natural,7,126,11.2,-1.3149828910827637,-0.07217255163622291
COHFACE_s10_session2_natural,7,127,11.233333333333333,-0.7938541769981384,-0.07422619426519263
COHFACE_s10_session2_natural,7,128,11.266666666666667,0.5612167716026306,-0.05027328898751697
COHFACE_s10_session2_natural,7,129,11.3,1.6152430772781372,0.011515410177893357
COHFACE_s10_session2_natural,7,130,11.333333333333334,1.7090131044387817,0.11635873178133446
COHFACE_s10_session2_natural,7,131,11.366666666666667,1.2381048202514648,0.26197179129537246
COHFACE_s10_session2_natural,7,132,11.4,0.6898428201675415,0.4359449720011664
COHFACE_s10_session2_natural,7,133,11.433333333333334,0.2361023873090744,0.6135756192801918
COHFACE_s10_session2_natural,7,134,11.466666666666667,-0.002317127538844943,0.7596817024891073
COHFACE_s10_session2_natural,7,135,11.5,0.11130295693874359,0.8364578079125926
COHFACE_s10_session2_natural,7,136,11.533333333333333,0.34706348180770874,0.8156571835097766
COHFACE_s10_session2_natural,7,137,11.566666666666666,0.41109904646873474,0.6899451075782226
COHFACE_s10_session2_natural,7,138,11.6,0.24829909205436707,0.47776384563402313
COHFACE_s10_session2_natural,7,139,11.633333333333333,-0.047369781881570816,0.21881808280335655
COHFACE_s10_session2_natural,7,140,11.666666666666666,-0.3873167335987091,-0.03831459143033261
COHFACE_s10_session2_natural,7,141,11.7,-0.6839682459831238,-0.25159655470587305
COHFACE_s10_session2_natural,7,142,11.733333333333333,-0.8806299567222595,-0.3985189450786369
COHFACE_s10_session2_natural,7,143,11.766666666666667,-0.9856719374656677,-0.4825011814693225
COHFACE_s10_session2_natural,7,144,11.8,-1.0382159948349,-0.5302127989144293
COHFACE_s10_session2_natural,7,145,11.833333333333334,-1.0721240043640137,-0.5793752242076388
COHFACE_s10_session2_natural,7,146,11.866666666666667,-1.1109106540679932,-0.65966036880612
COHFACE_s10_session2_natural,7,147,11.9,-1.1678941249847412,-0.7734949395800236
COHFACE_s10_session2_natural,7,148,11.933333333333334,-1.2484501600265503,-0.8869111269794243
COHFACE_s10_session2_natural,7,149,11.966666666666667,-1.0554416179656982,-0.9383788580347002
COHFACE_s10_session2_natural,7,150,12.0,0.04870092496275902,-0.8642129981613824
COHFACE_s10_session2_natural,7,151,12.033333333333333,1.4189281463623047,-0.6288971878183792
COHFACE_s10_session2_natural,7,152,12.066666666666666,1.931397795677185,-0.24519615692910646
COHFACE_s10_session2_natural,7,153,12.1,1.6299831867218018,0.22565416404715505
COHFACE_s10_session2_natural,7,154,12.133333333333333,1.0721256732940674,0.6925968753802523
COHFACE_s10_session2_natural,7,155,12.166666666666666,0.5703266859054565,1.0621655833477526
COHFACE_s10_session2_natural,7,156,12.2,0.20095738768577576,1.262854134770866
COHFACE_s10_session2_natural,7,157,12.233333333333333,0.13511832058429718,1.2593336327799864
COHFACE_s10_session2_natural,7,158,12.266666666666667,0.34249693155288696,1.0559607245927691
COHFACE_s10_session2_natural,7,159,12.3,0.5146958827972412,0.6930713101132518
COHFACE_s10_session2_natural,7,160,12.333333333333334,0.46090322732925415,0.23931172745837748
COHFACE_s10_session2_natural,7,161,12.366666666666667,0.20940837264060974,-0.21920310618222494
COHFACE_s10_session2_natural,7,162,12.4,-0.12419166415929794,-0.5935301927272636
COHFACE_s10_session2_natural,7,163,12.433333333333334,-0.44632333517074585,-0.8099202719679484
COHFACE_s10_session2_natural,7,164,12.466666666666667,-0.6954135298728943,-0.8280005167052351
COHFACE_s10_session2_natural,7,165,12.5,-0.8504446148872375,-0.6535256748472993
COHFACE_s10_session2_natural,7,166,12.533333333333333,-0.9292780756950378,-0.3402151407286866
COHFACE_s10_session2_natural,7,167,12.566666666666666,-0.9630473256111145,0.02192808358397917
COHFACE_s10_session2_natural,7,168,12.6,-0.9979495406150818,0.32993866693774226
COHFACE_s10_session2_natural,7,169,12.633333333333333,-1.0587018728256226,0.49673396690073796
COHFACE_s10_session2_natural,7,170,12.666666666666666,-1.1324138641357422,0.47701133110120564
COHFACE_s10_session2_natural,7,171,12.7,-0.9294861555099487,0.2818735261873757
COHFACE_s10_session2_natural,7,172,12.733333333333333,0.13208937644958496,-0.02344488072727944
COHFACE_s10_session2_natural,7,173,12.766666666666667,1.4184772968292236,-0.3392027090181809
COHFACE_s10_session2_natural,7,174,12.8,1.8935012817382812,-0.562132020447616
COHFACE_s10_session2_natural,7,175,12.833333333333334,1.5924218893051147,-0.6170802034937051
COHFACE_s10_session2_natural,7,176,12.866666666666667,1.0484837293624878,-0.4784210622557457
COHFACE_s10_session2_natural,7,177,12.9,0.5432742834091187,-0.17491629993542296
COHFACE_s10_session2_natural,7,178,12.933333333333334,0.15965045988559723,0.22126679233674895
COHFACE_s10_session2_natural,7,179,12.966666666666667,0.07485157996416092,0.6154443632801287
COHFACE_s10_session2_natural,7,180,13.0,0.27396419644355774,0.9143709625002862
COHFACE_s10_session2_natural,7,181,13.033333333333333,0.45011693239212036,1.0477632599205065
COHFACE_s10_session2_natural,7,182,13.066666666666666,0.41175803542137146,0.9828330695879914
COHFACE_s10_session2_natural,7,183,13.1,0.17147721350193024,0.7286554006268992
COHFACE_s10_session2_natural,7,184,13.133333333333333,-0.15822681784629822,0.33036294664390414
COHFACE_s10_session2_natural,7,185,13.166666666666666,-0.475294828414917,-0.14343567743578658
COHFACE_s10_session2_natural,7,186,13.2,-0.7188935875892639,-0.6151867532659322
COHFACE_s10_session2_natural,7,187,13.233333333333333,-0.8567683696746826,-1.010953757224246
COHFACE_s10_session2_natural,7,188,13.266666666666667,-0.9178096652030945,-1.2694121019160494
COHFACE_s10_session2_natural,7,189,13.3,-0.9568160176277161,-1.348159921872358
COHFACE_s10_session2_natural,7,190,13.333333333333334,-1.0077300071716309,-1.2294477522067935
COHFACE_s10_session2_natural,7,191,13.366666666666667,-1.0837079286575317,-0.9259756263941051
COHFACE_s10_session2_natural,7,192,13.4,-0.923382043838501,-0.4838130908987955
COHFACE_s10_session2_natural,7,193,13.433333333333334,0.11029716581106186,0.022576012396412222
COHFACE_s10_session2_natural,7,194,13.466666666666667,1.459599256515503,0.5056796911579189
COHFACE_s10_session2_natural,7,195,13.5,2.0224857330322266,0.8869943259161974
COHFACE_s10_session2_natural,7,196,13.533333333333333,1.7623780965805054,1.116564185463781
COHFACE_s10_session2_natural,7,197,13.566666666666666,1.2182894945144653,1.1808187920796922
COHFACE_s10_session2_natural,7,198,13.6,0.7189415097236633,1.0965377509835357
COHFACE_s10_session2_natural,7,199,13.633333333333333,0.3312597870826721,0.8972195900021934
COHFACE_s10_session2_natural,7,200,13.666666666666666,0.1989920437335968,0.6213066079137634
COHFACE_s10_session2_natural,7,201,13.7,0.3617110848426819,0.30795219928488893
COHFACE_s10_session2_natural,7,202,13.733333333333333,0.5369736552238464,-0.0014633481569510938
COHFACE_s10_session2_natural,7,203,13.766666666666667,0.511470377445221,-0.2629117426390349
COHFACE_s10_session2_natural,7,204,13.8,0.2747618854045868,-0.4357309940572969
COHFACE_s10_session2_natural,7,205,13.833333333333334,-0.06968223303556442,-0.49439585527854785
COHFACE_s10_session2_natural,7,206,13.866666666666667,-0.4182882606983185,-0.4398643630940505
COHFACE_s10_session2_natural,7,207,13.9,-0.6869162917137146,-0.30312231199268863
COHFACE_s10_session2_natural,7,208,13.933333333333334,-0.8502249121665955,-0.1374258501236934
COHFACE_s10_session2_natural,7,209,13.966666666666667,-0.9241219162940979,-0.0018280847927311886
COHFACE_s10_session2_natural,7,210,14.0,-0.9704462885856628,0.05711493158230388
COHFACE_s10_session2_natural,7,211,14.033333333333333,-1.021152138710022,0.018251303544334112
COHFACE_s10_session2_natural,7,212,14.066666666666666,-1.0896849632263184,-0.11046601975009503
COHFACE_s10_session2_natural,7,213,14.1,-0.9003181457519531,-0.2968984389235909
COHFACE_s10_session2_natural,7,214,14.133333333333333,0.2096049040555954,-0.49497558877865294
COHFACE_s10_session2_natural,7,215,14.166666666666666,1.6547927856445312,-0.6565358962971797
COHFACE_s10_session2_natural,7,216,14.2,2.2602694034576416,-0.7418759439348582
COHFACE_s10_session2_natural,7,217,14.233333333333333,2.006462335586548,-0.7272786307332271
COHFACE_s10_session2_natural,7,218,14.266666666666667,1.4759231805801392,-0.6086336184934655
COHFACE_s10_session2_natural,7,219,14.3,1.024807095527649,-0.40102438239713334
COHFACE_s10_session2_natural,7,220,14.333333333333334,0.6857040524482727,-0.13506553980341374
COHFACE_s10_session2_natural,7,221,14.366666666666667,0.5109617114067078,0.1487245310633075
COHFACE_s10_session2_natural,7,222,14.4,0.5796563029289246,0.4065781484409955
COHFACE_s10_session2_natural,7,223,14.433333333333334,0.6745824813842773,0.5988558920218193
COHFACE_s10_session2_natural,7,224,14.466666666666667,0.607390820980072,0.6978442906319997
COHFACE_s10_session2_natural,7,225,14.5,0.35893648862838745,0.6945637344400513
COHFACE_s10_session2_natural,7,226,14.533333333333333,0.013047249056398869,0.6016847647371293
COHFACE_s10_session2_natural,7,227,14.566666666666666,-0.3347957730293274,0.44992440818192003
COHFACE_s10_session2_natural,7,228,14.6,-0.6168575286865234,0.2783520634447245
COHFACE_s10_session2_natural,7,229,14.633333333333333,-0.8013918995857239,0.12260822625603325
COHFACE_s10_session2_natural,7,230,14.666666666666666,-0.9023528099060059,0.0061557607804066
COHFACE_s10_session2_natural,7,231,14.7,-0.9587582349777222,-0.06242998930683673
COHFACE_s10_session2_natural,7,232,14.733333333333333,-1.0097877979278564,-0.08693814520254248
COHFACE_s10_session2_natural,7,233,14.766666666666667,-1.083742618560791,-0.07900915869785269
COHFACE_s10_session2_natural,7,234,14.8,-1.1904724836349487,-0.05411654454179688
COHFACE_s10_session2_natural,7,235,14.833333333333334,-1.1296392679214478,-0.028286625997226256
COHFACE_s10_session2_natural,7,236,14.866666666666667,-0.1605505496263504,-0.014722231112288788
COHFACE_s10_session2_natural,7,237,14.9,1.440755009651184,-0.020243816093871457
COHFACE_s10_session2_natural,7,238,14.933333333333334,2.2982583045959473,-0.04294089934784633
COHFACE_s10_session2_natural,7,239,14.966666666666667,2.145007610321045,-0.07276611786417439
COHFACE_s10_session2_natural,8,0,8.0,-0.7715417742729187,-0.013828566176493907
COHFACE_s10_session2_natural,8,1,8.033333333333333,-0.8259009122848511,0.18769806876546533
COHFACE_s10_session2_natural,8,2,8.066666666666666,-0.8732772469520569,0.3366779104627801
COHFACE_s10_session2_natural,8,3,8.1,-0.9466193318367004,0.3952992419377466
COHFACE_s10_session2_natural,8,4,8.133333333333333,-1.0417420864105225,0.355388694019488
COHFACE_s10_session2_natural,8,5,8.166666666666666,-0.9246652722358704,0.23908230916209294
COHFACE_s10_session2_natural,8,6,8.2,0.046724021434783936,0.08869383866574541
COHFACE_s10_session2_natural,8,7,8.233333333333333,1.4701542854309082,-0.04922608490637407
COHFACE_s10_session2_natural,8,8,8.266666666666667,2.1240477561950684,-0.13880618577312775
COHFACE_s10_session2_natural,8,9,8.3,1.9161837100982666,-0.16359115096496465
COHFACE_s10_session2_natural,8,10,8.333333333333334,1.4725936651229858,-0.12753192329153093
COHFACE_s10_session2_natural,8,11,8.366666666666667,1.1284385919570923,-0.04984954029736681
COHFACE_s10_session2_natural,8,12,8.4,0.8573943376541138,0.04331290753200063
COHFACE_s10_session2_natural,8,13,8.433333333333334,0.6712414026260376,0.12768045133224948
COHFACE_s10_session2_natural,8,14,8.466666666666667,0.6547209620475769,0.1877074845209849
COHFACE_s10_session2_natural,8,15,8.5,0.6761085391044617,0.21930886912655398
COHFACE_s10_session2_natural,8,16,8.533333333333333,0.5747198462486267,0.22679455856994057
COHFACE_s10_session2_natural,8,17,8.566666666666666,0.32113248109817505,0.21472598840790924
COHFACE_s10_session2_natural,8,18,8.6,-0.010086022317409515,0.17943979919364483
COHFACE_s10_session2_natural,8,19,8.633333333333333,-0.3357437551021576,0.1068707696324661
COHFACE_s10_session2_natural,8,20,8.666666666666666,-0.5976665019989014,-0.020032916943056582
COHFACE_s10_session2_natural,8,21,8.7,-0.7779580354690552,-0.2078098282015586
COHFACE_s10_session2_natural,8,22,8.733333333333333,-0.8897746205329895,-0.4418417810139434
COHFACE_s10_session2_natural,8,23,8.766666666666667,-0.9548159837722778,-0.6867111708861602
COHFACE_s10_session2_natural,8,24,8.8,-1.011024832725525,-0.898049215244328
COHFACE_s10_session2_natural,8,25,8.833333333333334,-1.0801010131835938,-1.0381620497430841
COHFACE_s10_session2_natural,8,26,8.866666666666667,-1.1773046255111694,-1.0857918371994033
COHFACE_s10_session2_natural,8,27,8.9,-1.273988127708435,-1.035410389506464
COHFACE_s10_session2_natural,8,28,8.933333333333334,-0.9518795013427734,-0.8892960355592746
COHFACE_s10_session2_natural,8,29,8.966666666666667,0.3321037292480469,-0.6503808480250299
COHFACE_s10_session2_natural,8,30,9.0,1.6558910608291626,-0.32203743332873686
COHFACE_s10_session2_natural,8,31,9.033333333333333,1.974635362625122,0.08506472242234668
COHFACE_s10_session2_natural,8,32,9.066666666666666,1.594826579093933,0.5443037133088917
COHFACE_s10_session2_natural,8,33,9.1,1.1391208171844482,1.009415680742047
COHFACE_s10_session2_natural,8,34,9.133333333333333,0.8154977560043335,1.4195933463625083
COHFACE_s10_session2_natural,8,35,9.166666666666666,0.5518293380737305,1.7121328619362777
COHFACE_s10_session2_natural,8,36,9.2,0.41158461570739746,1.8374691897645652
COHFACE_s10_session2_natural,8,37,9.233333333333333,0.45045220851898193,1.7706884554707247
COHFACE_s10_session2_natural,8,38,9.266666666666667,0.4699784815311432,1.5160563352839438
COHFACE_s10_session2_natural,8,39,9.3,0.32310938835144043,1.1047417209589645
COHFACE_s10_session2_natural,8,40,9.333333333333334,0.047487035393714905,0.5883599299044822
COHFACE_s10_session2_natural,8,41,9.366666666666667,-0.26664450764656067,0.03118468664304705
COHFACE_s10_session2_natural,8,42,9.4,-0.5702441334724426,-0.4976135289563655
COHFACE_s10_session2_natural,8,43,9.433333333333334,-0.8047329783439636,-0.9319227662375913
COHFACE_s10_session2_natural,8,44,9.466666666666667,-0.9493939280509949,-1.2173702791197638
COHFACE_s10_session2_natural,8,45,9.5,-1.032528042793274,-1.3204741014190433
COHFACE_s10_session2_natural,8,46,9.533333333333333,-1.0894999504089355,-1.236897241260239
COHFACE_s10_session2_natural,8,47,9.566666666666666,-1.1333271265029907,-0.9962435801614922
COHFACE_s10_session2_natural,8,48,9.6,-1.1960216760635376,-0.6600320694685746
COHFACE_s10_session2_natural,8,49,9.633333333333333,-1.2958612442016602,-0.31038743332970786
COHFACE_s10_session2_natural,8,50,9.666666666666666,-1.406868577003479,-0.030279734861625912
COHFACE_s10_session2_natural,8,51,9.7,-1.2237330675125122,0.11943459639189576
COHFACE_s10_session2_natural,8,52,9.733333333333333,-0.10211043059825897,0.11791514835700674
COHFACE_s10_session2_natural,8,53,9.766666666666667,1.309065341949463,-0.010081644624784964
COHFACE_s10_session2_natural,8,54,9.8,1.8275697231292725,-0.20294044924859742
COHFACE_s10_session2_natural,8,55,9.833333333333334,1.5229412317276,-0.38126087068761894
COHFACE_s10_session2_natural,8,56,9.866666666666667,1.011592984199524,-0.47039585552172325
COHFACE_s10_session2_natural,8,57,9.9,0.6003618240356445,-0.42017457377258616
COHFACE_s10_session2_natural,8,58,9.933333333333334,0.3011437654495239,-0.21780860842913075
COHFACE_s10_session2_natural,8,59,9.966666666666667,0.19212490320205688,0.10802658092316983
COHFACE_s10_session2_natural,8,60,10.0,0.29147887229919434,0.49291012332097317
COHFACE_s10_session2_natural,8,61,10.033333333333333,0.381965696811676,0.8516738795161068
COHFACE_s10_session2_natural,8,62,10.066666666666666,0.28864648938179016,1.0992096716096715
COHFACE_s10_session2_natural,8,63,10.1,0.021440429612994194,1.1710012090710549
COHFACE_s10_session2_natural,8,64,10.133333333333333,-0.3004484474658966,1.0373275644722615
COHFACE_s10_session2_natural,8,65,10.166666666666666,-0.5986491441726685,0.7079925054518457
COHFACE_s10_session2_natural,8,66,10.2,-0.8335888385772705,0.2285676093251294
COHFACE_s10_session2_natural,8,67,10.233333333333333,-0.9715098738670349,-0.32816959218047015
COHFACE_s10_session2_natural,8,68,10.266666666666667,-1.0445976257324219,-0.8723823258240726
COHFACE_s10_session2_natural,8,69,10.3,-1.0873959064483643,-1.308449080694835
COHFACE_s10_session2_natural,8,70,10.333333333333334,-1.1366913318634033,-1.549345320505783
COHFACE_s10_session2_natural,8,71,10.366666666666667,-1.2050853967666626,-1.5352957228710158
COHFACE_s10_session2_natural,8,72,10.4,-1.3004509210586548,-1.2531669730152502
COHFACE_s10_session2_natural,8,73,10.433333333333334,-1.4222675561904907,-0.747895584874132
COHFACE_s10_session2_natural,8,74,10.466666666666667,-1.2805662155151367,-0.11648035822638018
COHFACE_s10_session2_natural,8,75,10.5,-0.2029210925102234,0.5181805533610666
COHFACE_s10_session2_natural,8,76,10.533333333333333,1.223734736442566,1.0443394388095841
COHFACE_s10_session2_natural,8,77,10.566666666666666,1.8082630634307861,1.3920566264484242
COHFACE_s10_session2_natural,8,78,10.6,1.5317274332046509,1.5435703399814937
COHFACE_s10_session2_natural,8,79,10.633333333333333,0.9887949824333191,1.5216354402698027
COHFACE_s10_session2_natural,8,80,10.666666666666666,0.5131582617759705,1.366443094459955
COHFACE_s10_session2_natural,8,81,10.7,0.1671418845653534,1.1160660820902086
COHFACE_s10_session2_natural,8,82,10.733333333333333,0.08690955489873886,0.7991888781884219
COHFACE_s10_session2_natural,8,83,10.766666666666667,0.269836962223053,0.43863950990447176
COHFACE_s10_session2_natural,8,84,10.8,0.41990843415260315,0.05822055299940542
COHFACE_s10_session2_natural,8,85,10.833333333333334,0.3431559205055237,-0.3140075125168249
COHFACE_s10_session2_natural,8,86,10.866666666666667,0.06628498435020447,-0.6479860600906103
COHFACE_s10_session2_natural,8,87,10.9,-0.30058717727661133,-0.9170342597830174
COHFACE_s10_session2_natural,8,88,10.933333333333334,-0.6281524896621704,-1.1030346463692755
COHFACE_s10_session2_natural,8,89,10.966666666666667,-0.863473653793335,-1.1994979373731658
COHFACE_s10_session2_natural,8,90,11.0,-1.0195220708847046,-1.2116626170436602
COHFACE_s10_session2_natural,8,91,11.033333333333333,-1.0994653701782227,-1.1533362902966497
COHFACE_s10_session2_natural,8,92,11.066666666666666,-1.1204946041107178,-1.0410727741186323
COHFACE_s10_session2_natural,8,93,11.1,-1.1314774751663208,-0.8877578983997758
COHFACE_s10_session2_natural,8,94,11.133333333333333,-1.1759405136108398,-0.6989528053378238
COHFACE_s10_session2_natural,8,95,11.166666666666666,-1.2590051889419556,-0.47463064946947364
COHFACE_s10_session2_natural,8,96,11.2,-1.3149828910827637,-0.2156706998055476
COHFACE_s10_session2_natural,8,97,11.233333333333333,-0.7938541769981384,0.06893033453806345
COHFACE_s10_session2_natural,8,98,11.266666666666667,0.5612167716026306,0.35888814178804324
COHFACE_s10_session2_natural,8,99,11.3,1.6152430772781372,0.625884979136863
COHFACE_s10_session2_natural,8,100,11.333333333333334,1.7090131044387817,0.8417627363538704
COHFACE_s10_session2_natural,8,101,11.366666666666667,1.2381048202514648,0.987287785408696
COHFACE_s10_session2_natural,8,102,11.4,0.6898428201675415,1.0570050527533128
COHFACE_s10_session2_natural,8,103,11.433333333333334,0.2361023873090744,1.0581091432670338
COHFACE_s10_session2_natural,8,104,11.466666666666667,-0.002317127538844943,1.0045682269295102
COHFACE_s10_session2_natural,8,105,11.5,0.11130295693874359,0.9100115816917485
COHFACE_s10_session2_natural,8,106,11.533333333333333,0.34706348180770874,0.7829729046446917
COHFACE_s10_session2_natural,8,107,11.566666666666666,0.41109904646873474,0.6263514581480822
COHFACE_s10_session2_natural,8,108,11.6,0.24829909205436707,0.44061271845883376
COHFACE_s10_session2_natural,8,109,11.633333333333333,-0.047369781881570816,0.22836253912782942
COHFACE_s10_session2_natural,8,110,11.666666666666666,-0.3873167335987091,-0.0027243667555610753
COHFACE_s10_session2_natural,8,111,11.7,-0.6839682459831238,-0.24060205140543997
COHFACE_s10_session2_natural,8,112,11.733333333333333,-0.8806299567222595,-0.47276513302567874
COHFACE_s10_session2_natural,8,113,11.766666666666667,-0.9856719374656677,-0.6905890829739859
COHFACE_s10_session2_natural,8,114,11.8,-1.0382159948349,-0.8904515756581839
COHFACE_s10_session2_natural,8,115,11.833333333333334,-1.0721240043640137,-1.0692723104450288
COHFACE_s10_session2_natural,8,116,11.866666666666667,-1.1109106540679932,-1.2153498481261304
COHFACE_s10_session2_natural,8,117,11.9,-1.1678941249847412,-1.2997903535869233
COHFACE_s10_session2_natural,8,118,11.933333333333334,-1.2484501600265503,-1.2768890731335756
COHFACE_s10_session2_natural,8,119,11.966666666666667,-1.0554416179656982,-1.098924926759126
COHFACE_s10_session2_natural,8,120,12.0,0.04870092496275902,-0.7411503817619339
COHFACE_s10_session2_natural,8,121,12.033333333333333,1.4189281463623047,-0.22382529974494386
COHFACE_s10_session2_natural,8,122,12.066666666666666,1.931397795677185,0.38212597903248763
COHFACE_s10_session2_natural,8,123,12.1,1.6299831867218018,0.9707903208665525
COHFACE_s10_session2_natural,8,124,12.133333333333333,1.0721256732940674,1.4317019002123956
COHFACE_s10_session2_natural,8,125,12.166666666666666,0.5703266859054565,1.6810954481161677
COHFACE_s10_session2_natural,8,126,12.2,0.20095738768577576,1.6811792977004372
COHFACE_s10_session2_natural,8,127,12.233333333333333,0.13511832058429718,1.4424353391724554
COHFACE_s10_session2_natural,8,128,12.266666666666667,0.34249693155288696,1.0129019804584192
COHFACE_s10_session2_natural,8,129,12.3,0.5146958827972412,0.4630710270505747
COHFACE_s10_session2_natural,8,130,12.333333333333334,0.46090322732925415,-0.1267531430214396
COHFACE_s10_session2_natural,8,131,12.366666666666667,0.20940837264060974,-0.6750904561916771
COHFACE_s10_session2_natural,8,132,12.4,-0.12419166415929794,-1.106528390851558
COHFACE_s10_session2_natural,8,133,12.433333333333334,-0.44632333517074585,-1.3606545519851811
COHFACE_s10_session2_natural,8,134,12.466666666666667,-0.6954135298728943,-1.402888374978488
COHFACE_s10_session2_natural,8,135,12.5,-0.8504446148872375,-1.2339696459943785
COHFACE_s10_session2_natural,8,136,12.533333333333333,-0.9292780756950378,-0.8935911025850393
COHFACE_s10_session2_natural,8,137,12.566666666666666,-0.9630473256111145,-0.4549485650852244
COHFACE_s10_session2_natural,8,138,12.6,-0.9979495406150818,-0.009766856384202738
COHFACE_s10_session2_natural,8,139,12.633333333333333,-1.0587018728256226,0.3534202062018809
COHFACE_s10_session2_natural,8,140,12.666666666666666,-1.1324138641357422,0.5721994606909684
COHFACE_s10_session2_natural,8,141,12.7,-0.9294861555099487,0.6272771184683393
COHFACE_s10_session2_natural,8,142,12.733333333333333,0.13208937644958496,0.5468421176957992
COHFACE_s10_session2_natural,8,143,12.766666666666667,1.4184772968292236,0.39529641128655074
COHFACE_s10_session2_natural,8,144,12.8,1.8935012817382812,0.24985954143650171
COHFACE_s10_session2_natural,8,145,12.833333333333334,1.5924218893051147,0.17417026874124317
COHFACE_s10_session2_natural,8,146,12.866666666666667,1.0484837293624878,0.1990347336539285
COHFACE_s10_session2_natural,8,147,12.9,0.5432742834091187,0.31651847521984017
COHFACE_s10_session2_natural,8,148,12.933333333333334,0.15965045988559723,0.4871086074704138
COHFACE_s10_session2_natural,8,149,12.966666666666667,0.07485157996416092,0.6545861330140261
COHFACE_s10_session2_natural,8,150,13.0,0.27396419644355774,0.7621409220038058
COHFACE_s10_session2_natural,8,151,13.033333333333333,0.45011693239212036,0.7652175753993232
COHFACE_s10_session2_natural,8,152,13.066666666666666,0.41175803542137146,0.639241060031214
COHFACE_s10_session2_natural,8,153,13.1,0.17147721350193024,0.382421601750022
COHFACE_s10_session2_natural,8,154,13.133333333333333,-0.15822681784629822,0.014940480569918948
COHFACE_s10_session2_natural,8,155,13.166666666666666,-0.475294828414917,-0.42392291072471144
COHFACE_s10_session2_natural,8,156,13.2,-0.7188935875892639,-0.8795329862545613
COHFACE_s10_session2_natural,8,157,13.233333333333333,-0.8567683696746826,-1.286297487201376
COHFACE_s10_session2_natural,8,158,13.266666666666667,-0.9178096652030945,-1.5738526562015565
COHFACE_s10_session2_natural,8,159,13.3,-0.9568160176277161,-1.6770238344048853
COHFACE_s10_session2_natural,8,160,13.333333333333334,-1.0077300071716309,-1.550733054112433
COHFACE_s10_session2_natural,8,161,13.366666666666667,-1.0837079286575317,-1.187434081983522
COHFACE_s10_session2_natural,8,162,13.4,-0.923382043838501,-0.6295398208444869
COHFACE_s10_session2_natural,8,163,13.433333333333334,0.11029716581106186,0.03246492861989557
COHFACE_s10_session2_natural,8,164,13.466666666666667,1.459599256515503,0.6803539372876793
COHFACE_s10_session2_natural,8,165,13.5,2.0224857330322266,1.2011808835491025
COHFACE_s10_session2_natural,8,166,13.533333333333333,1.7623780965805054,1.5188261527834095
COHFACE_s10_session2_natural,8,167,13.566666666666666,1.2182894945144653,1.609541391748105
COHFACE_s10_session2_natural,8,168,13.6,0.7189415097236633,1.4963145362853816
COHFACE_s10_session2_natural,8,169,13.633333333333333,0.3312597870826721,1.2290592095228385
COHFACE_s10_session2_natural,8,170,13.666666666666666,0.1989920437335968,0.8638992632490791
COHFACE_s10_session2_natural,8,171,13.7,0.3617110848426819,0.45191374326661526
COHFACE_s10_session2_natural,8,172,13.733333333333333,0.5369736552238464,0.038511395765349773
COHFACE_s10_session2_natural,8,173,13.766666666666667,0.511470377445221,-0.3334578144293829
COHFACE_s10_session2_natural,8,174,13.8,0.2747618854045868,-0.6246810411181783
COHFACE_s10_session2_natural,8,175,13.833333333333334,-0.06968223303556442,-0.806849230290522
COHFACE_s10_session2_natural,8,176,13.866666666666667,-0.4182882606983185,-0.8722334474639364
COHFACE_s10_session2_natural,8,177,13.9,-0.6869162917137146,-0.8380569836712494
COHFACE_s10_session2_natural,8,178,13.933333333333334,-0.8502249121665955,-0.7413442103882708
COHFACE_s10_session2_natural,8,179,13.966666666666667,-0.9241219162940979,-0.625785791006057
COHFACE_s10_session2_natural,8,180,14.0,-0.9704462885856628,-0.52636075799159
COHFACE_s10_session2_natural,8,181,14.033333333333333,-1.021152138710022,-0.4581789120171971
COHFACE_s10_session2_natural,8,182,14.066666666666666,-1.0896849632263184,-0.4137182588330659
COHFACE_s10_session2_natural,8,183,14.1,-0.9003181457519531,-0.3688442187215135
COHFACE_s10_session2_natural,8,184,14.133333333333333,0.2096049040555954,-0.2945336358309063
COHFACE_s10_session2_natural,8,185,14.166666666666666,1.6547927856445312,-0.16949673558331282
COHFACE_s10_session2_natural,8,186,14.2,2.2602694034576416,0.010692248338590619
COHFACE_s10_session2_natural,8,187,14.233333333333333,2.006462335586548,0.23060955262693564
COHFACE_s10_session2_natural,8,188,14.266666666666667,1.4759231805801392,0.45877619570613704
COHFACE_s10_session2_natural,8,189,14.3,1.024807095527649,0.6568140346661705
COHFACE_s10_session2_natural,8,190,14.333333333333334,0.6857040524482727,0.7906667997643392
COHFACE_s10_session2_natural,8,191,14.366666666666667,0.5109617114067078,0.8398227834959736
COHFACE_s10_session2_natural,8,192,14.4,0.5796563029289246,0.8015367124416145
COHFACE_s10_session2_natural,8,193,14.433333333333334,0.6745824813842773,0.6894636661158267
COHFACE_s10_session2_natural,8,194,14.466666666666667,0.607390820980072,0.5285448618990545
COHFACE_s10_session2_natural,8,195,14.5,0.35893648862838745,0.34883558014789473
COHFACE_s10_session2_natural,8,196,14.533333333333333,0.013047249056398869,0.1798022006560572
COHFACE_s10_session2_natural,8,197,14.566666666666666,-0.3347957730293274,0.04510829485443234
COHFACE_s10_session2_natural,8,198,14.6,-0.6168575286865234,-0.04220134934079365
COHFACE_s10_session2_natural,8,199,14.633333333333333,-0.8013918995857239,-0.08314662771287426
COHFACE_s10_session2_natural,8,200,14.666666666666666,-0.9023528099060059,-0.09305520555835663
COHFACE_s10_session2_natural,8,201,14.7,-0.9587582349777222,-0.09734577917167847
COHFACE_s10_session2_natural,8,202,14.733333333333333,-1.0097877979278564,-0.1236219399575162
COHFACE_s10_session2_natural,8,203,14.766666666666667,-1.083742618560791,-0.19253763720950032
COHFACE_s10_session2_natural,8,204,14.8,-1.1904724836349487,-0.3098493585843559
COHFACE_s10_session2_natural,8,205,14.833333333333334,-1.1296392679214478,-0.46130353637515253
COHFACE_s10_session2_natural,8,206,14.866666666666667,-0.1605505496263504,-0.6119465608572783
COHFACE_s10_session2_natural,8,207,14.9,1.440755009651184,-0.7117904227659105
COHFACE_s10_session2_natural,8,208,14.933333333333334,2.2982583045959473,-0.7090768896341006
COHFACE_s10_session2_natural,8,209,14.966666666666667,2.145007610321045,-0.5692239708806662
COHFACE_s10_session2_natural,8,210,15.0,1.6316132545471191,-0.2926149963033468
COHFACE_s10_session2_natural,8,211,15.033333333333333,1.197526216506958,0.07820110403263292
COHFACE_s10_session2_natural,8,212,15.066666666666666,0.8699262738227844,0.46794171756776143
COHFACE_s10_session2_natural,8,213,15.1,0.6365010738372803,0.792006028656641
COHFACE_s10_session2_natural,8,214,15.133333333333333,0.6120729446411133,0.9822995953845561
COHFACE_s10_session2_natural,8,215,15.166666666666666,0.6763975620269775,1.0025136255493747
COHFACE_s10_session2_natural,8,216,15.2,0.6175643801689148,0.8486915298403753
COHFACE_s10_session2_natural,8,217,15.233333333333333,0.38513338565826416,0.5413652860132514
COHFACE_s10_session2_natural,8,218,15.266666666666667,0.05021539703011513,0.11822585405648695
COHFACE_s10_session2_natural,8,219,15.3,-0.3040207624435425,-0.368657757642004
COHFACE_s10_session2_natural,8,220,15.333333333333334,-0.6055278778076172,-0.8538107703799576
COHFACE_s10_session2_natural,8,221,15.366666666666667,-0.8164209723472595,-1.2633690721032294
COHFACE_s10_session2_natural,8,222,15.4,-0.9400296807289124,-1.527304254286136
COHFACE_s10_session2_natural,8,223,15.433333333333334,-1.004724144935608,-1.596210613149659
COHFACE_s10_session2_natural,8,224,15.466666666666667,-1.0547711849212646,-1.4556555375678466
COHFACE_s10_session2_natural,8,225,15.5,-1.1183674335479736,-1.1310761825671252
COHFACE_s10_session2_natural,8,226,15.533333333333333,-1.2096750736236572,-0.6805413450174316
COHFACE_s10_session2_natural,8,227,15.566666666666666,-1.3277113437652588,-0.17844155104171044
COHFACE_s10_session2_natural,8,228,15.6,-1.1306103467941284,0.30320971891521487
COHFACE_s10_session2_natural,8,229,15.633333333333333,0.0884355828166008,0.7092682317182982
COHFACE_s10_session2_natural,8,230,15.666666666666666,1.5927687883377075,1.008281249583098
COHFACE_s10_session2_natural,8,231,15.7,2.1305220127105713,1.1919228111590738
COHFACE_s10_session2_natural,8,232,15.733333333333333,1.7974998950958252,1.269474722077383
COHFACE_s10_session2_natural,8,233,15.766666666666667,1.271804690361023,1.2601354606697963
COHFACE_s10_session2_natural,8,234,15.8,0.8633596897125244,1.1854352337596639
COHFACE_s10_session2_natural,8,235,15.833333333333334,0.5507310628890991,1.0635029157778664
COHFACE_s10_session2_natural,8,236,15.866666666666667,0.3895496129989624,0.9065126771256711
COHFACE_s10_session2_natural,8,237,15.9,0.43971216678619385,0.7216115861270244
COHFACE_s10_session2_natural,8,238,15.933333333333334,0.5019673705101013,0.5138649594615272
COHFACE_s10_session2_natural,8,239,15.966666666666667,0.40356138348579407,0.2889335690760023
COHFACE_s10_session2_natural,9,0,9.0,1.6558910608291626,-0.026353996918132547
COHFACE_s10_session2_natural,9,1,9.033333333333333,1.974635362625122,0.3517564123266327
COHFACE_s10_session2_natural,9,2,9.066666666666666,1.594826579093933,0.7029879727345026
COHFACE_s10_session2_natural,9,3,9.1,1.1391208171844482,1.0033745288121698
COHFACE_s10_session2_natural,9,4,9.133333333333333,0.8154977560043335,1.2367591275630045
COHFACE_s10_session2_natural,9,5,9.166666666666666,0.5518293380737305,1.3950840239231221
COHFACE_s10_session2_natural,9,6,9.2,0.41158461570739746,1.4746972299666972
COHFACE_s10_session2_natural,9,7,9.233333333333333,0.45045220851898193,1.470596009571236
COHFACE_s10_session2_natural,9,8,9.266666666666667,0.4699784815311432,1.3730602540135675
COHFACE_s10_session2_natural,9,9,9.3,0.32310938835144043,1.170635186908104
COHFACE_s10_session2_natural,9,10,9.333333333333334,0.047487035393714905,0.85932062061428
COHFACE_s10_session2_natural,9,11,9.366666666666667,-0.26664450764656067,0.45322031954791697
COHFACE_s10_session2_natural,9,12,9.4,-0.5702441334724426,-0.009616042295867207
COHFACE_s10_session2_natural,9,13,9.433333333333334,-0.8047329783439636,-0.47021933579838915
COHFACE_s10_session2_natural,9,14,9.466666666666667,-0.9493939280509949,-0.8604191743247072
COHFACE_s10_session2_natural,9,15,9.5,-1.032528042793274,-1.1194198759991842
COHFACE_s10_session2_natural,9,16,9.533333333333333,-1.0894999504089355,-1.2100478213835324
COHFACE_s10_session2_natural,9,17,9.566666666666666,-1.1333271265029907,-1.1298798730358703
COHFACE_s10_session2_natural,9,18,9.6,-1.1960216760635376,-0.9134991965935529
COHFACE_s10_session2_natural,9,19,9.633333333333333,-1.2958612442016602,-0.6239585803840334
COHFACE_s10_session2_natural,9,20,9.666666666666666,-1.406868577003479,-0.3346878648205561
COHFACE_s10_session2_natural,9,21,9.7,-1.2237330675125122,-0.10726495546101363
COHFACE_s10_session2_natural,9,22,9.733333333333333,-0.10211043059825897,0.026204689106541685
COHFACE_s10_session2_natural,9,23,9.766666666666667,1.309065341949463,0.06838035988559124
COHFACE_s10_session2_natural,9,24,9.8,1.8275697231292725,0.048387506610510805
COHFACE_s10_session2_natural,9,25,9.833333333333334,1.5229412317276,0.005990183530807103
COHFACE_s10_session2_natural,9,26,9.866666666666667,1.011592984199524,-0.022963280596171996
COHFACE_s10_session2_natural,9,27,9.9,0.6003618240356445,-0.014070814510986152
COHFACE_s10_session2_natural,9,28,9.933333333333334,0.3011437654495239,0.04475940108236239
COHFACE_s10_session2_natural,9,29,9.966666666666667,0.19212490320205688,0.1545153820140058
COHFACE_s10_session2_natural,9,30,10.0,0.29147887229919434,0.3045653872800701
COHFACE_s10_session2_natural,9,31,10.033333333333333,0.381965696811676,0.47068867494639627
COHFACE_s10_session2_natural,9,32,10.066666666666666,0.28864648938179016,0.6152434947163438
COHFACE_s10_session2_natural,9,33,10.1,0.021440429612994194,0.6929924230013594
COHFACE_s10_session2_natural,9,34,10.133333333333333,-0.3004484474658966,0.6626631677680239
COHFACE_s10_session2_natural,9,35,10.166666666666666,-0.5986491441726685,0.50047360200864
COHFACE_s10_session2_natural,9,36,10.2,-0.8335888385772705,0.21057286085188515
COHFACE_s10_session2_natural,9,37,10.233333333333333,-0.9715098738670349,-0.17125540768786607
COHFACE_s10_session2_natural,9,38,10.266666666666667,-1.0445976257324219,-0.5818459582193295
COHFACE_s10_session2_natural,9,39,10.3,-1.0873959064483643,-0.9421925000791406
COHFACE_s10_session2_natural,9,40,10.333333333333334,-1.1366913318634033,-1.1746695175126005
COHFACE_s10_session2_natural,9,41,10.366666666666667,-1.2050853967666626,-1.2229802574843192
COHFACE_s10_session2_natural,9,42,10.4,-1.3004509210586548,-1.0693843526869298
COHFACE_s10_session2_natural,9,43,10.433333333333334,-1.4222675561904907,-0.7421079711980197
COHFACE_s10_session2_natural,9,44,10.466666666666667,-1.2805662155151367,-0.30773265519515075
COHFACE_s10_session2_natural,9,45,10.5,-0.2029210925102234,0.15027386396546233
COHFACE_s10_session2_natural,9,46,10.533333333333333,1.223734736442566,0.5575347536730789
COHFACE_s10_session2_natural,9,47,10.566666666666666,1.8082630634307861,0.8665270890849478
COHFACE_s10_session2_natural,9,48,10.6,1.5317274332046509,1.0589098825498005
COHFACE_s10_session2_natural,9,49,10.633333333333333,0.9887949824333191,1.1353190906889308
COHFACE_s10_session2_natural,9,50,10.666666666666666,0.5131582617759705,1.1026770802779151
COHFACE_s10_session2_natural,9,51,10.7,0.1671418845653534,0.9685090589972345
COHFACE_s10_session2_natural,9,52,10.733333333333333,0.08690955489873886,0.744257000081863
COHFACE_s10_session2_natural,9,53,10.766666666666667,0.269836962223053,0.45189757322059476
COHFACE_s10_session2_natural,9,54,10.8,0.41990843415260315,0.12655503085309597
COHFACE_s10_session2_natural,9,55,10.833333333333334,0.3431559205055237,-0.18823594598391838
COHFACE_s10_session2_natural,9,56,10.866666666666667,0.06628498435020447,-0.4506739179869716
COHFACE_s10_session2_natural,9,57,10.9,-0.30058717727661133,-0.6313428343034005
COHFACE_s10_session2_natural,9,58,10.933333333333334,-0.6281524896621704,-0.7200923308925061
COHFACE_s10_session2_natural,9,59,10.966666666666667,-0.863473653793335,-0.7270823948507641
COHFACE_s10_session2_natural,9,60,11.0,-1.0195220708847046,-0.6775801112633069
COHFACE_s10_session2_natural,9,61,11.033333333333333,-1.0994653701782227,-0.6017648872821205
COHFACE_s10_session2_natural,9,62,11.066666666666666,-1.1204946041107178,-0.5232231043523319
COHFACE_s10_session2_natural,9,63,11.1,-1.1314774751663208,-0.45121276054611326
COHFACE_s10_session2_natural,9,64,11.133333333333333,-1.1759405136108398,-0.3802766144303916
COHFACE_s10_session2_natural,9,65,11.166666666666666,-1.2590051889419556,-0.29700421068521116
COHFACE_s10_session2_natural,9,66,11.2,-1.3149828910827637,-0.18991375686138612
COHFACE_s10_session2_natural,9,67,11.233333333333333,-0.7938541769981384,-0.05686906611023836
COHFACE_s10_session2_natural,9,68,11.266666666666667,0.5612167716026306,0.09376945751190477
COHFACE_s10_session2_natural,9,69,11.3,1.6152430772781372,0.24807507440353332
COHFACE_s10_session2_natural,9,70,11.333333333333334,1.7090131044387817,0.39364605854699425
COHFACE_s10_session2_natural,9,71,11.366666666666667,1.2381048202514648,0.523879128294266
COHFACE_s10_session2_natural,9,72,11.4,0.6898428201675415,0.6368506158723489
COHFACE_s10_session2_natural,9,73,11.433333333333334,0.2361023873090744,0.7302094846490186
COHFACE_s10_session2_natural,9,74,11.466666666666667,-0.002317127538844943,0.7962202299348363
COHFACE_s10_session2_natural,9,75,11.5,0.11130295693874359,0.8209027813093078
COHFACE_s10_session2_natural,9,76,11.533333333333333,0.34706348180770874,0.7883183919909944
COHFACE_s10_session2_natural,9,77,11.566666666666666,0.41109904646873474,0.6876344617042177
COHFACE_s10_session2_natural,9,78,11.6,0.24829909205436707,0.5190146737896455
COHFACE_s10_session2_natural,9,79,11.633333333333333,-0.047369781881570816,0.2952894436846389
COHFACE_s10_session2_natural,9,80,11.666666666666666,-0.3873167335987091,0.038856680272404624
COHFACE_s10_session2_natural,9,81,11.7,-0.6839682459831238,-0.22447272038420235
COHFACE_s10_session2_natural,9,82,11.733333333333333,-0.8806299567222595,-0.47217125257255904
COHFACE_s10_session2_natural,9,83,11.766666666666667,-0.9856719374656677,-0.6898360045875227
COHFACE_s10_session2_natural,9,84,11.8,-1.0382159948349,-0.8720211727806448
COHFACE_s10_session2_natural,9,85,11.833333333333334,-1.0721240043640137,-1.017819935694679
COHFACE_s10_session2_natural,9,86,11.866666666666667,-1.1109106540679932,-1.1222774389493746
COHFACE_s10_session2_natural,9,87,11.9,-1.1678941249847412,-1.1680872923145047
COHFACE_s10_session2_natural,9,88,11.933333333333334,-1.2484501600265503,-1.12437310642338
COHFACE_s10_session2_natural,9,89,11.966666666666667,-1.0554416179656982,-0.9571184695797538
COHFACE_s10_session2_natural,9,90,12.0,0.04870092496275902,-0.6483054902530059
COHFACE_s10_session2_natural,9,91,12.033333333333333,1.4189281463623047,-0.21362042182662194
COHFACE_s10_session2_natural,9,92,12.066666666666666,1.931397795677185,0.2921599283470102
COHFACE_s10_session2_natural,9,93,12.1,1.6299831867218018,0.7865463782023113
COHFACE_s10_session2_natural,9,94,12.133333333333333,1.0721256732940674,1.182408759197249
COHFACE_s10_session2_natural,9,95,12.166666666666666,0.5703266859054565,1.4116632019666915
COHFACE_s10_session2_natural,9,96,12.2,0.20095738768577576,1.4400461500663915
COHFACE_s10_session2_natural,9,97,12.233333333333333,0.13511832058429718,1.2699895046496565
COHFACE_s10_session2_natural,9,98,12.266666666666667,0.34249693155288696,0.9347571862594177
COHFACE_s10_session2_natural,9,99,12.3,0.5146958827972412,0.48923244367355645
COHFACE_s10_session2_natural,9,100,12.333333333333334,0.46090322732925415,0.0007669716744349723
COHFACE_s10_session2_natural,9,101,12.366666666666667,0.20940837264060974,-0.4596855514235532
COHFACE_s10_session2_natural,9,102,12.4,-0.12419166415929794,-0.8271225588514742
COHFACE_s10_session2_natural,9,103,12.433333333333334,-0.44632333517074585,-1.0525378931403995
COHFACE_s10_session2_natural,9,104,12.466666666666667,-0.6954135298728943,-1.1113857862640206
COHFACE_s10_session2_natural,9,105,12.5,-0.8504446148872375,-1.007800479521428
COHFACE_s10_session2_natural,9,106,12.533333333333333,-0.9292780756950378,-0.7733482693021463
COHFACE_s10_session2_natural,9,107,12.566666666666666,-0.9630473256111145,-0.46093755864261615
COHFACE_s10_session2_natural,9,108,12.6,-0.9979495406150818,-0.1350340293518935
COHFACE_s10_session2_natural,9,109,12.633333333333333,-1.0587018728256226,0.14107243285109297
COHFACE_s10_session2_natural,9,110,12.666666666666666,-1.1324138641357422,0.31997843362760764
COHFACE_s10_session2_natural,9,111,12.7,-0.9294861555099487,0.3838514144091981
COHFACE_s10_session2_natural,9,112,12.733333333333333,0.13208937644958496,0.35121937294018174
COHFACE_s10_session2_natural,9,113,12.766666666666667,1.4184772968292236,0.2712772939572484
COHFACE_s10_session2_natural,9,114,12.8,1.8935012817382812,0.2057098701576668
COHFACE_s10_session2_natural,9,115,12.833333333333334,1.5924218893051147,0.20508225140595243
COHFACE_s10_session2_natural,9,116,12.866666666666667,1.0484837293624878,0.28999109322602884
COHFACE_s10_session2_natural,9,117,12.9,0.5432742834091187,0.4446317634082412
COHFACE_s10_session2_natural,9,118,12.933333333333334,0.15965045988559723,0.6240639511804243
COHFACE_s10_session2_natural,9,119,12.966666666666667,0.07485157996416092,0.770409961964202
COHFACE_s10_session2_natural,9,120,13.0,0.27396419644355774,0.8308676180309594
COHFACE_s10_session2_natural,9,121,13.033333333333333,0.45011693239212036,0.7716180821530447
COHFACE_s10_session2_natural,9,122,13.066666666666666,0.41175803542137146,0.584514174921385
COHFACE_s10_session2_natural,9,123,13.1,0.17147721350193024,0.2863733109934964
COHFACE_s10_session2_natural,9,124,13.133333333333333,-0.15822681784629822,-0.08706496627095618
COHFACE_s10_session2_natural,9,125,13.166666666666666,-0.475294828414917,-0.4893238874186837
COHFACE_s10_session2_natural,9,126,13.2,-0.7188935875892639,-0.8704340357055532
COHFACE_s10_session2_natural,9,127,13.233333333333333,-0.8567683696746826,-1.1815808224531492
COHFACE_s10_session2_natural,9,128,13.266666666666667,-0.9178096652030945,-1.3778132989363858
COHFACE_s10_session2_natural,9,129,13.3,-0.9568160176277161,-1.4214340039635163
COHFACE_s10_session2_natural,9,130,13.333333333333334,-1.0077300071716309,-1.288794249421858
COHFACE_s10_session2_natural,9,131,13.366666666666667,-1.0837079286575317,-0.9804369613686231
COHFACE_s10_session2_natural,9,132,13.4,-0.923382043838501,-0.529911007282243
COHFACE_s10_session2_natural,9,133,13.433333333333334,0.11029716581106186,-0.004072485118686043
COHFACE_s10_session2_natural,9,134,13.466666666666667,1.459599256515503,0.5095174904162736
COHFACE_s10_session2_natural,9,135,13.5,2.0224857330322266,0.9254403956026691
COHFACE_s10_session2_natural,9,136,13.533333333333333,1.7623780965805054,1.183906050036798
COHFACE_s10_session2_natural,9,137,13.566666666666666,1.2182894945144653,1.2638483650903154
COHFACE_s10_session2_natural,9,138,13.6,0.7189415097236633,1.180708035003519
COHFACE_s10_session2_natural,9,139,13.633333333333333,0.3312597870826721,0.972873082592829
COHFACE_s10_session2_natural,9,140,13.666666666666666,0.1989920437335968,0.6859100185493369
COHFACE_s10_session2_natural,9,141,13.7,0.3617110848426819,0.36242781140121855
COHFACE_s10_session2_natural,9,142,13.733333333333333,0.5369736552238464,0.03939550663640537
COHFACE_s10_session2_natural,9,143,13.766666666666667,0.511470377445221,-0.2508612262435971
COHFACE_s10_session2_natural,9,144,13.8,0.2747618854045868,-0.48073806572956157
COHFACE_s10_session2_natural,9,145,13.833333333333334,-0.06968223303556442,-0.6303162704350048
COHFACE_s10_session2_natural,9,146,13.866666666666667,-0.4182882606983185,-0.6915256475622596
COHFACE_s10_session2_natural,9,147,13.9,-0.6869162917137146,-0.6705799060513419
COHFACE_s10_session2_natural,9,148,13.933333333333334,-0.8502249121665955,-0.5872785559426987
COHFACE_s10_session2_natural,9,149,13.966666666666667,-0.9241219162940979,-0.4714428703190205
COHFACE_s10_session2_natural,9,150,14.0,-0.9704462885856628,-0.35657217454368983
COHFACE_s10_session2_natural,9,151,14.033333333333333,-1.021152138710022,-0.2707275297787931
COHFACE_s10_session2_natural,9,152,14.066666666666666,-1.0896849632263184,-0.22669096759647397
COHFACE_s10_session2_natural,9,153,14.1,-0.9003181457519531,-0.21574603767472486
COHFACE_s10_session2_natural,9,154,14.133333333333333,0.2096049040555954,-0.20919550274711995
COHFACE_s10_session2_natural,9,155,14.166666666666666,1.6547927856445312,-0.1687044234192742
COHFACE_s10_session2_natural,9,156,14.2,2.2602694034576416,-0.062316267833012376
COHFACE_s10_session2_natural,9,157,14.233333333333333,2.006462335586548,0.12035998898645868
COHFACE_s10_session2_natural,9,158,14.266666666666667,1.4759231805801392,0.36084931986886726
COHFACE_s10_session2_natural,9,159,14.3,1.024807095527649,0.616234519683175
COHFACE_s10_session2_natural,9,160,14.333333333333334,0.6857040524482727,0.8332915816427395
COHFACE_s10_session2_natural,9,161,14.366666666666667,0.5109617114067078,0.9656099844351644
COHFACE_s10_session2_natural,9,162,14.4,0.5796563029289246,0.9865206314785815
COHFACE_s10_session2_natural,9,163,14.433333333333334,0.6745824813842773,0.8938973174083975
COHFACE_s10_session2_natural,9,164,14.466666666666667,0.607390820980072,0.7071462924250698
COHFACE_s10_session2_natural,9,165,14.5,0.35893648862838745,0.4594296155617101
COHFACE_s10_session2_natural,9,166,14.533333333333333,0.013047249056398869,0.18840119086032875
COHFACE_s10_session2_natural,9,167,14.566666666666666,-0.3347957730293274,-0.07225180529511493
COHFACE_s10_session2_natural,9,168,14.6,-0.6168575286865234,-0.2987918742750119
COHFACE_s10_session2_natural,9,169,14.633333333333333,-0.8013918995857239,-0.4796140256573471
COHFACE_s10_session2_natural,9,170,14.666666666666666,-0.9023528099060059,-0.6132039747818714
COHFACE_s10_session2_natural,9,171,14.7,-0.9587582349777222,-0.7031751630916347
COHFACE_s10_session2_natural,9,172,14.733333333333333,-1.0097877979278564,-0.7534189209028334
COHFACE_s10_session2_natural,9,173,14.766666666666667,-1.083742618560791,-0.766164684329397
COHFACE_s10_session2_natural,9,174,14.8,-1.1904724836349487,-0.7429136223184128
COHFACE_s10_session2_natural,9,175,14.833333333333334,-1.1296392679214478,-0.6854887567131072
COHFACE_s10_session2_natural,9,176,14.866666666666667,-0.1605505496263504,-0.5947283711368443
COHFACE_s10_session2_natural,9,177,14.9,1.440755009651184,-0.467445892385973
COHFACE_s10_session2_natural,9,178,14.933333333333334,2.2982583045959473,-0.29553556975857703
COHFACE_s10_session2_natural,9,179,14.966666666666667,2.145007610321045,-0.07102935403781463
COHFACE_s10_session2_natural,9,180,15.0,1.6316132545471191,0.20358668611998446
COHFACE_s10_session2_natural,9,181,15.033333333333333,1.197526216506958,0.5057814648470305
COHFACE_s10_session2_natural,9,182,15.066666666666666,0.8699262738227844,0.7914735657989027
COHFACE_s10_session2_natural,9,183,15.1,0.6365010738372803,1.0047565325414662
COHFACE_s10_session2_natural,9,184,15.133333333333333,0.6120729446411133,1.0946652559956893
COHFACE_s10_session2_natural,9,185,15.166666666666666,0.6763975620269775,1.0304653576410405
COHFACE_s10_session2_natural,9,186,15.2,0.6175643801689148,0.8094231167092626
COHFACE_s10_session2_natural,9,187,15.233333333333333,0.38513338565826416,0.4566858207720193
COHFACE_s10_session2_natural,9,188,15.266666666666667,0.05021539703011513,0.020210924836225476
COHFACE_s10_session2_natural,9,189,15.3,-0.3040207624435425,-0.43675728708992767
COHFACE_s10_session2_natural,9,190,15.333333333333334,-0.6055278778076172,-0.8453506637832228
COHFACE_s10_session2_natural,9,191,15.366666666666667,-0.8164209723472595,-1.1432964579799094
COHFACE_s10_session2_natural,9,192,15.4,-0.9400296807289124,-1.287908827468602
COHFACE_s10_session2_natural,9,193,15.433333333333334,-1.004724144935608,-1.2653505367727969
COHFACE_s10_session2_natural,9,194,15.466666666666667,-1.0547711849212646,-1.0917103714098868
COHFACE_s10_session2_natural,9,195,15.5,-1.1183674335479736,-0.8049704728732154
COHFACE_s10_session2_natural,9,196,15.533333333333333,-1.2096750736236572,-0.45192581193112175
COHFACE_s10_session2_natural,9,197,15.566666666666666,-1.3277113437652588,-0.07670609378767078
COHFACE_s10_session2_natural,9,198,15.6,-1.1306103467941284,0.2846011971086566
COHFACE_s10_session2_natural,9,199,15.633333333333333,0.0884355828166008,0.6036215637682392
COHFACE_s10_session2_natural,9,200,15.666666666666666,1.5927687883377075,0.8577721343762956
COHFACE_s10_session2_natural,9,201,15.7,2.1305220127105713,1.0307016712657138
COHFACE_s10_session2_natural,9,202,15.733333333333333,1.7974998950958252,1.115273041242473
COHFACE_s10_session2_natural,9,203,15.766666666666667,1.271804690361023,1.1157276673070775
COHFACE_s10_session2_natural,9,204,15.8,0.8633596897125244,1.045836835679067
COHFACE_s10_session2_natural,9,205,15.833333333333334,0.5507310628890991,0.9230558190700813
COHFACE_s10_session2_natural,9,206,15.866666666666667,0.3895496129989624,0.7619438757870156
COHFACE_s10_session2_natural,9,207,15.9,0.43971216678619385,0.5707440264591976
COHFACE_s10_session2_natural,9,208,15.933333333333334,0.5019673705101013,0.3525312911009898
COHFACE_s10_session2_natural,9,209,15.966666666666667,0.40356138348579407,0.10932852415756895
COHFACE_s10_session2_natural,9,210,16.0,0.13887560367584229,-0.15331520346698352
COHFACE_s10_session2_natural,9,211,16.033333333333335,-0.19478224217891693,-0.42293277930962186
COHFACE_s10_session2_natural,9,212,16.066666666666666,-0.5121392607688904,-0.6786883440655427
COHFACE_s10_session2_natural,9,213,16.1,-0.7734839916229248,-0.8926516453199769
COHFACE_s10_session2_natural,9,214,16.133333333333333,-0.9533014893531799,-1.034988559683007
COHFACE_s10_session2_natural,9,215,16.166666666666668,-1.0535688400268555,-1.082947768923206
COHFACE_s10_session2_natural,9,216,16.2,-1.0991185903549194,-1.0299800664930057
COHFACE_s10_session2_natural,9,217,16.233333333333334,-1.141119122505188,-0.8890939201329504
COHFACE_s10_session2_natural,9,218,16.266666666666666,-1.2022761106491089,-0.6870256652663514
COHFACE_s10_session2_natural,9,219,16.3,-1.2973294258117676,-0.4519573904204544
COHFACE_s10_session2_natural,9,220,16.333333333333332,-1.4112038612365723,-0.20299316560524963
COHFACE_s10_session2_natural,9,221,16.366666666666667,-1.2244844436645508,0.05081627237654003
COHFACE_s10_session2_natural,9,222,16.4,-0.022779840975999832,0.30158908135911267
COHFACE_s10_session2_natural,9,223,16.433333333333334,1.4522696733474731,0.5317757328152064
COHFACE_s10_session2_natural,9,224,16.466666666666665,1.984866738319397,0.711036792114045
COHFACE_s10_session2_natural,9,225,16.5,1.660573124885559,0.8047041793276958
COHFACE_s10_session2_natural,9,226,16.533333333333335,1.0920796394348145,0.788765490804169
COHFACE_s10_session2_natural,9,227,16.566666666666666,0.6211482286453247,0.6615053885950127
COHFACE_s10_session2_natural,9,228,16.6,0.28367531299591064,0.4452358639216565
COHFACE_s10_session2_natural,9,229,16.633333333333333,0.1818126142024994,0.1788305720681022
COHFACE_s10_session2_natural,9,230,16.666666666666668,0.3199763894081116,-0.09345719533568755
COHFACE_s10_session2_natural,9,231,16.7,0.43038254976272583,-0.33152491838251535
COHFACE_s10_session2_natural,9,232,16.733333333333334,0.337941974401474,-0.5053366140892128
COHFACE_s10_session2_natural,9,233,16.766666666666666,0.06536012142896652,-0.5982058531186039
COHFACE_s10_session2_natural,9,234,16.8,-0.27440184354782104,-0.60835373696677
COHFACE_s10_session2_natural,9,235,16.833333333333332,-0.5944872498512268,-0.5479601825352383
COHFACE_s10_session2_natural,9,236,16.866666666666667,-0.8476815223693848,-0.43843424955507526
COHFACE_s10_session2_natural,9,237,16.9,-1.0035334825515747,-0.3024212271466487
COHFACE_s10_session2_natural,9,238,16.933333333333334,-1.0850027799606323,-0.1559638116818814
COHFACE_s10_session2_natural,9,239,16.966666666666665,-1.1212807893753052,-0.005219202331684381
COHFACE_s10_session2_natural,10,0,10.0,0.29147887229919434,-0.12231076018107018
COHFACE_s10_session2_natural,10,1,10.033333333333333,0.381965696811676,0.3504559060653479
COHFACE_s10_session2_natural,10,2,10.066666666666666,0.28864648938179016,0.7242037833630053
COHFACE_s10_session2_natural,10,3,10.1,0.021440429612994194,0.9199768694205775
COHFACE_s10_session2_natural,10,4,10.133333333333333,-0.3004484474658966,0.8993079914845492
COHFACE_s10_session2_natural,10,5,10.166666666666666,-0.5986491441726685,0.6711611108870708
COHFACE_s10_session2_natural,10,6,10.2,-0.8335888385772705,0.28634718309886037
COHFACE_s10_session2_natural,10,7,10.233333333333333,-0.9715098738670349,-0.17723848260324815
COHFACE_s10_session2_natural,10,8,10.266666666666667,-1.0445976257324219,-0.6317446022171394
COHFACE_s10_session2_natural,10,9,10.3,-1.0873959064483643,-0.9934462540414226
COHFACE_s10_session2_natural,10,10,10.333333333333334,-1.1366913318634033,-1.193711519754855
COHFACE_s10_session2_natural,10,11,10.366666666666667,-1.2050853967666626,-1.1901906224549337
COHFACE_s10_session2_natural,10,12,10.4,-1.3004509210586548,-0.9787042568999459
COHFACE_s10_session2_natural,10,13,10.433333333333334,-1.4222675561904907,-0.6002508523207682
COHFACE_s10_session2_natural,10,14,10.466666666666667,-1.2805662155151367,-0.13483034994929774
COHFACE_s10_session2_natural,10,15,10.5,-0.2029210925102234,0.32107597320488196
COHFACE_s10_session2_natural,10,16,10.533333333333333,1.223734736442566,0.6852779837695452
COHFACE_s10_session2_natural,10,17,10.566666666666666,1.8082630634307861,0.9132834550437695
COHFACE_s10_session2_natural,10,18,10.6,1.5317274332046509,1.0028163916034807
COHFACE_s10_session2_natural,10,19,10.633333333333333,0.9887949824333191,0.9801790485511632
COHFACE_s10_session2_natural,10,20,10.666666666666666,0.5131582617759705,0.8800752216552812
COHFACE_s10_session2_natural,10,21,10.7,0.1671418845653534,0.7320435743737616
COHFACE_s10_session2_natural,10,22,10.733333333333333,0.08690955489873886,0.5579598673296172
COHFACE_s10_session2_natural,10,23,10.766666666666667,0.269836962223053,0.37522344488237275
COHFACE_s10_session2_natural,10,24,10.8,0.41990843415260315,0.19828244617136812
COHFACE_s10_session2_natural,10,25,10.833333333333334,0.3431559205055237,0.03627107643564046
COHFACE_s10_session2_natural,10,26,10.866666666666667,0.06628498435020447,-0.10964241712691263
COHFACE_s10_session2_natural,10,27,10.9,-0.30058717727661133,-0.24454951674151704
COHFACE_s10_session2_natural,10,28,10.933333333333334,-0.6281524896621704,-0.3736779785786932
COHFACE_s10_session2_natural,10,29,10.966666666666667,-0.863473653793335,-0.4964676294214052
COHFACE_s10_session2_natural,10,30,11.0,-1.0195220708847046,-0.6049766349508072
COHFACE_s10_session2_natural,10,31,11.033333333333333,-1.0994653701782227,-0.686704185655915
COHFACE_s10_session2_natural,10,32,11.066666666666666,-1.1204946041107178,-0.7288374289933451
COHFACE_s10_session2_natural,10,33,11.1,-1.1314774751663208,-0.7211860971743718
COHFACE_s10_session2_natural,10,34,11.133333333333333,-1.1759405136108398,-0.6578512609219905
COHFACE_s10_session2_natural,10,35,11.166666666666666,-1.2590051889419556,-0.5393184471050758
COHFACE_s10_session2_natural,10,36,11.2,-1.3149828910827637,-0.374876987211588
COHFACE_s10_session2_natural,10,37,11.233333333333333,-0.7938541769981384,-0.18274985620678333
COHFACE_s10_session2_natural,10,38,11.266666666666667,0.5612167716026306,0.01429579670267848
COHFACE_s10_session2_natural,10,39,11.3,1.6152430772781372,0.19671985068089728
COHFACE_s10_session2_natural,10,40,11.333333333333334,1.7090131044387817,0.35463129520747916
COHFACE_s10_session2_natural,10,41,11.366666666666667,1.2381048202514648,0.4879934265112589
COHFACE_s10_session2_natural,10,42,11.4,0.6898428201675415,0.6002040843649622
COHFACE_s10_session2_natural,10,43,11.433333333333334,0.2361023873090744,0.6897981498159351
COHFACE_s10_session2_natural,10,44,11.466666666666667,-0.002317127538844943,0.7463296384872372
COHFACE_s10_session2_natural,10,45,11.5,0.11130295693874359,0.7534419464962
COHFACE_s10_session2_natural,10,46,11.533333333333333,0.34706348180770874,0.6972313761204512
COHFACE_s10_session2_natural,10,47,11.566666666666666,0.41109904646873474,0.5746407426432325
COHFACE_s10_session2_natural,10,48,11.6,0.24829909205436707,0.3969548052355683
COHFACE_s10_session2_natural,10,49,11.633333333333333,-0.047369781881570816,0.1868274966298191
COHFACE_s10_session2_natural,10,50,11.666666666666666,-0.3873167335987091,-0.028868412517292646
COHFACE_s10_session2_natural,10,51,11.7,-0.6839682459831238,-0.22642827324471632
COHFACE_s10_session2_natural,10,52,11.733333333333333,-0.8806299567222595,-0.39040844482950904
COHFACE_s10_session2_natural,10,53,11.766666666666667,-0.9856719374656677,-0.5160471915825007
COHFACE_s10_session2_natural,10,54,11.8,-1.0382159948349,-0.6090432518004595
COHFACE_s10_session2_natural,10,55,11.833333333333334,-1.0721240043640137,-0.6817265012329264
COHFACE_s10_session2_natural,10,56,11.866666666666667,-1.1109106540679932,-0.7445091886975964
COHFACE_s10_session2_natural,10,57,11.9,-1.1678941249847412,-0.7945829599492193
COHFACE_s10_session2_natural,10,58,11.933333333333334,-1.2484501600265503,-0.8090501091391489
COHFACE_s10_session2_natural,10,59,11.966666666666667,-1.0554416179656982,-0.7504429653177611
COHFACE_s10_session2_natural,10,60,12.0,0.04870092496275902,-0.5849708627159969
COHFACE_s10_session2_natural,10,61,12.033333333333333,1.4189281463623047,-0.30387998554339074
COHFACE_s10_session2_natural,10,62,12.066666666666666,1.931397795677185,0.0652487294834269
COHFACE_s10_session2_natural,10,63,12.1,1.6299831867218018,0.4646329223074377
COHFACE_s10_session2_natural,10,64,12.133333333333333,1.0721256732940674,0.8258014720917284
COHFACE_s10_session2_natural,10,65,12.166666666666666,0.5703266859054565,1.0902914472125445
COHFACE_s10_session2_natural,10,66,12.2,0.20095738768577576,1.2209492938011484
COHFACE_s10_session2_natural,10,67,12.233333333333333,0.13511832058429718,1.2020613306920422
COHFACE_s10_session2_natural,10,68,12.266666666666667,0.34249693155288696,1.0349196855664422
COHFACE_s10_session2_natural,10,69,12.3,0.5146958827972412,0.736612202306317
COHFACE_s10_session2_natural,10,70,12.333333333333334,0.46090322732925415,0.34296750505869794
COHFACE_s10_session2_natural,10,71,12.366666666666667,0.20940837264060974,-0.09050058271993407
COHFACE_s10_session2_natural,10,72,12.4,-0.12419166415929794,-0.49557933157202666
COHFACE_s10_session2_natural,10,73,12.433333333333334,-0.44632333517074585,-0.8061403722753384
COHFACE_s10_session2_natural,10,74,12.466666666666667,-0.6954135298728943,-0.974753524006654
COHFACE_s10_session2_natural,10,75,12.5,-0.8504446148872375,-0.9839949800138945
COHFACE_s10_session2_natural,10,76,12.533333333333333,-0.9292780756950378,-0.8491753014977869
COHFACE_s10_session2_natural,10,77,12.566666666666666,-0.9630473256111145,-0.6136288738007757
COHFACE_s10_session2_natural,10,78,12.6,-0.9979495406150818,-0.33867330972400045
COHFACE_s10_session2_natural,10,79,12.633333333333333,-1.0587018728256226,-0.08932752127177027
COHFACE_s10_session2_natural,10,80,12.666666666666666,-1.1324138641357422,0.082762752020994
COHFACE_s10_session2_natural,10,81,12.7,-0.9294861555099487,0.15508997971457686
COHFACE_s10_session2_natural,10,82,12.733333333333333,0.13208937644958496,0.1417930013028633
COHFACE_s10_session2_natural,10,83,12.766666666666667,1.4184772968292236,0.08722745583178847
COHFACE_s10_session2_natural,10,84,12.8,1.8935012817382812,0.04687457479535878
COHFACE_s10_session2_natural,10,85,12.833333333333334,1.5924218893051147,0.06442242431311504
COHFACE_s10_session2_natural,10,86,12.866666666666667,1.0484837293624878,0.15584821885944034
COHFACE_s10_session2_natural,10,87,12.9,0.5432742834091187,0.30662918988482357
COHFACE_s10_session2_natural,10,88,12.933333333333334,0.15965045988559723,0.48030135720160794
COHFACE_s10_session2_natural,10,89,12.966666666666667,0.07485157996416092,0.6314607251844282
COHFACE_s10_session2_natural,10,90,13.0,0.27396419644355774,0.7173541503014434
COHFACE_s10_session2_natural,10,91,13.033333333333333,0.45011693239212036,0.7062208998294223
COHFACE_s10_session2_natural,10,92,13.066666666666666,0.41175803542137146,0.5828076255025542
COHFACE_s10_session2_natural,10,93,13.1,0.17147721350193024,0.3513538033692582
COHFACE_s10_session2_natural,10,94,13.133333333333333,-0.15822681784629822,0.0355870484481649
COHFACE_s10_session2_natural,10,95,13.166666666666666,-0.475294828414917,-0.32468509770403203
COHFACE_s10_session2_natural,10,96,13.2,-0.7188935875892639,-0.6796324357020105
COHFACE_s10_session2_natural,10,97,13.233333333333333,-0.8567683696746826,-0.9761651894644832
COHFACE_s10_session2_natural,10,98,13.266666666666667,-0.9178096652030945,-1.163689465021006
COHFACE_s10_session2_natural,10,99,13.3,-0.9568160176277161,-1.1993111591188024
COHFACE_s10_session2_natural,10,100,13.333333333333334,-1.0077300071716309,-1.0554266101458034
COHFACE_s10_session2_natural,10,101,13.366666666666667,-1.0837079286575317,-0.731356933933256
COHFACE_s10_session2_natural,10,102,13.4,-0.923382043838501,-0.2645374932174806
COHFACE_s10_session2_natural,10,103,13.433333333333334,0.11029716581106186,0.2681149869376598
COHFACE_s10_session2_natural,10,104,13.466666666666667,1.459599256515503,0.7653392654673459
COHFACE_s10_session2_natural,10,105,13.5,2.0224857330322266,1.1303104700632154
COHFACE_s10_session2_natural,10,106,13.533333333333333,1.7623780965805054,1.3001949577445644
COHFACE_s10_session2_natural,10,107,13.566666666666666,1.2182894945144653,1.2614602158176016
COHFACE_s10_session2_natural,10,108,13.6,0.7189415097236633,1.044823546262314
COHFACE_s10_session2_natural,10,109,13.633333333333333,0.3312597870826721,0.7064877277407055
COHFACE_s10_session2_natural,10,110,13.666666666666666,0.1989920437335968,0.308965011364872
COHFACE_s10_session2_natural,10,111,13.7,0.3617110848426819,-0.08877985089552687
COHFACE_s10_session2_natural,10,112,13.733333333333333,0.5369736552238464,-0.432574884364325
COHFACE_s10_session2_natural,10,113,13.766666666666667,0.511470377445221,-0.6740983655145438
COHFACE_s10_session2_natural,10,114,13.8,0.2747618854045868,-0.7782229600016248
COHFACE_s10_session2_natural,10,115,13.833333333333334,-0.06968223303556442,-0.734960451294184
COHFACE_s10_session2_natural,10,116,13.866666666666667,-0.4182882606983185,-0.5679524450774501
COHFACE_s10_session2_natural,10,117,13.9,-0.6869162917137146,-0.331830911698973
COHFACE_s10_session2_natural,10,118,13.933333333333334,-0.8502249121665955,-0.09750158119550152
COHFACE_s10_session2_natural,10,119,13.966666666666667,-0.9241219162940979,0.06846376128321709
COHFACE_s10_session2_natural,10,120,14.0,-0.9704462885856628,0.12218213062131442
COHFACE_s10_session2_natural,10,121,14.033333333333333,-1.021152138710022,0.05316659417132456
COHFACE_s10_session2_natural,10,122,14.066666666666666,-1.0896849632263184,-0.11411526352011836
COHFACE_s10_session2_natural,10,123,14.1,-0.9003181457519531,-0.3268851367039268
COHFACE_s10_session2_natural,10,124,14.133333333333333,0.2096049040555954,-0.5173928560109796
COHFACE_s10_session2_natural,10,125,14.166666666666666,1.6547927856445312,-0.6208844855946875
COHFACE_s10_session2_natural,10,126,14.2,2.2602694034576416,-0.5941252265486467
COHFACE_s10_session2_natural,10,127,14.233333333333333,2.006462335586548,-0.4284460811821624
COHFACE_s10_session2_natural,10,128,14.266666666666667,1.4759231805801392,-0.15187490347836144
COHFACE_s10_session2_natural,10,129,14.3,1.024807095527649,0.1809713865355365
COHFACE_s10_session2_natural,10,130,14.333333333333334,0.6857040524482727,0.5065565156904708
COHFACE_s10_session2_natural,10,131,14.366666666666667,0.5109617114067078,0.7694522670278096
COHFACE_s10_session2_natural,10,132,14.4,0.5796563029289246,0.932458168276563
COHFACE_s10_session2_natural,10,133,14.433333333333334,0.6745824813842773,0.9789489031575831
COHFACE_s10_session2_natural,10,134,14.466666666666667,0.607390820980072,0.9110721346664175
COHFACE_s10_session2_natural,10,135,14.5,0.35893648862838745,0.7477407365908456
COHFACE_s10_session2_natural,10,136,14.533333333333333,0.013047249056398869,0.5226614031019889
COHFACE_s10_session2_natural,10,137,14.566666666666666,-0.3347957730293274,0.2793689592417439
COHFACE_s10_session2_natural,10,138,14.6,-0.6168575286865234,0.06134625196172938
COHFACE_s10_session2_natural,10,139,14.633333333333333,-0.8013918995857239,-0.10032926293565778
COHFACE_s10_session2_natural,10,140,14.666666666666666,-0.9023528099060059,-0.19583837973357782
COHFACE_s10_session2_natural,10,141,14.7,-0.9587582349777222,-0.23695970589899717
COHFACE_s10_session2_natural,10,142,14.733333333333333,-1.0097877979278564,-0.24936927385674337
COHFACE_s10_session2_natural,10,143,14.766666666666667,-1.083742618560791,-0.26199562915927166
COHFACE_s10_session2_natural,10,144,14.8,-1.1904724836349487,-0.297847477988384
COHFACE_s10_session2_natural,10,145,14.833333333333334,-1.1296392679214478,-0.3672270841091756
COHFACE_s10_session2_natural,10,146,14.866666666666667,-0.1605505496263504,-0.4626601621770995
COHFACE_s10_session2_natural,10,147,14.9,1.440755009651184,-0.556700182475535
COHFACE_s10_session2_natural,10,148,14.933333333333334,2.2982583045959473,-0.606657787505842
COHFACE_s10_session2_natural,10,149,14.966666666666667,2.145007610321045,-0.5691937962708404
COHFACE_s10_session2_natural,10,150,15.0,1.6316132545471191,-0.4207331647107886
COHFACE_s10_session2_natural,10,151,15.033333333333333,1.197526216506958,-0.17281388240229342
COHFACE_s10_session2_natural,10,152,15.066666666666666,0.8699262738227844,0.12801349863071734
COHFACE_s10_session2_natural,10,153,15.1,0.6365010738372803,0.41720625195124905
COHFACE_s10_session2_natural,10,154,15.133333333333333,0.6120729446411133,0.6359389577743055
COHFACE_s10_session2_natural,10,155,15.166666666666666,0.6763975620269775,0.7470164755702015
COHFACE_s10_session2_natural,10,156,15.2,0.6175643801689148,0.7365467977660494
COHFACE_s10_session2_natural,10,157,15.233333333333333,0.38513338565826416,0.6067804966689202
COHFACE_s10_session2_natural,10,158,15.266666666666667,0.05021539703011513,0.37011896862906835
COHFACE_s10_session2_natural,10,159,15.3,-0.3040207624435425,0.049700982808019226
COHFACE_s10_session2_natural,10,160,15.333333333333334,-0.6055278778076172,-0.3165003193096046
COHFACE_s10_session2_natural,10,161,15.366666666666667,-0.8164209723472595,-0.6756986084723418
COHFACE_s10_session2_natural,10,162,15.4,-0.9400296807289124,-0.9686440397375485
COHFACE_s10_session2_natural,10,163,15.433333333333334,-1.004724144935608,-1.1434617049626288
COHFACE_s10_session2_natural,10,164,15.466666666666667,-1.0547711849212646,-1.168215111724701
COHFACE_s10_session2_natural,10,165,15.5,-1.1183674335479736,-1.0369144489535853
COHFACE_s10_session2_natural,10,166,15.533333333333333,-1.2096750736236572,-0.7685281711207052
COHFACE_s10_session2_natural,10,167,15.566666666666666,-1.3277113437652588,-0.4022133818364223
COHFACE_s10_session2_natural,10,168,15.6,-1.1306103467941284,0.008534154071789042
COHFACE_s10_session2_natural,10,169,15.633333333333333,0.0884355828166008,0.4029082893701927
COHFACE_s10_session2_natural,10,170,15.666666666666666,1.5927687883377075,0.7225222594044244
COHFACE_s10_session2_natural,10,171,15.7,2.1305220127105713,0.9237842455900783
COHFACE_s10_session2_natural,10,172,15.733333333333333,1.7974998950958252,0.9893479509419121
COHFACE_s10_session2_natural,10,173,15.766666666666667,1.271804690361023,0.9329373973231018
COHFACE_s10_session2_natural,10,174,15.8,0.8633596897125244,0.7937728353936289
COHFACE_s10_session2_natural,10,175,15.833333333333334,0.5507310628890991,0.6221141568885574
COHFACE_s10_session2_natural,10,176,15.866666666666667,0.3895496129989624,0.4626475676033081
COHFACE_s10_session2_natural,10,177,15.9,0.43971216678619385,0.34309704535219376
COHFACE_s10_session2_natural,10,178,15.933333333333334,0.5019673705101013,0.27054964755399724
COHFACE_s10_session2_natural,10,179,15.966666666666667,0.40356138348579407,0.23319514002983122
COHFACE_s10_session2_natural,10,180,16.0,0.13887560367584229,0.20536633643668561
COHFACE_s10_session2_natural,10,181,16.033333333333335,-0.19478224217891693,0.1560052329214782
COHFACE_s10_session2_natural,10,182,16.066666666666666,-0.5121392607688904,0.06021808137367603
COHFACE_s10_session2_natural,10,183,16.1,-0.7734839916229248,-0.08945410671691634
COHFACE_s10_session2_natural,10,184,16.133333333333333,-0.9533014893531799,-0.2777284441510316
COHFACE_s10_session2_natural,10,185,16.166666666666668,-1.0535688400268555,-0.47112638286462305
COHFACE_s10_session2_natural,10,186,16.2,-1.0991185903549194,-0.6302163360383691
COHFACE_s10_session2_natural,10,187,16.233333333333334,-1.141119122505188,-0.7221352722912912
COHFACE_s10_session2_natural,10,188,16.266666666666666,-1.2022761106491089,-0.7265479495885544
COHFACE_s10_session2_natural,10,189,16.3,-1.2973294258117676,-0.6343748165610086
COHFACE_s10_session2_natural,10,190,16.333333333333332,-1.4112038612365723,-0.44548790035808483
COHFACE_s10_session2_natural,10,191,16.366666666666667,-1.2244844436645508,-0.1720695403211398
COHFACE_s10_session2_natural,10,192,16.4,-0.022779840975999832,0.15357806418826497
COHFACE_s10_session2_natural,10,193,16.433333333333334,1.4522696733474731,0.47606563200355384
COHFACE_s10_session2_natural,10,194,16.466666666666665,1.984866738319397,0.7273013555817096
COHFACE_s10_session2_natural,10,195,16.5,1.660573124885559,0.8491031914920627
COHFACE_s10_session2_natural,10,196,16.533333333333335,1.0920796394348145,0.815845815937103
COHFACE_s10_session2_natural,10,197,16.566666666666666,0.6211482286453247,0.6426290615314744
COHFACE_s10_session2_natural,10,198,16.6,0.28367531299591064,0.3746212030928044
COHFACE_s10_session2_natural,10,199,16.633333333333333,0.1818126142024994,0.06641605735955153
COHFACE_s10_session2_natural,10,200,16.666666666666668,0.3199763894081116,-0.2351171334315499
COHFACE_s10_session2_natural,10,201,16.7,0.43038254976272583,-0.4966911180132325
COHFACE_s10_session2_natural,10,202,16.733333333333334,0.337941974401474,-0.6954588532258673
COHFACE_s10_session2_natural,10,203,16.766666666666666,0.06536012142896652,-0.8151485891379994
COHFACE_s10_session2_natural,10,204,16.8,-0.27440184354782104,-0.8470674713956375
COHFACE_s10_session2_natural,10,205,16.833333333333332,-0.5944872498512268,-0.7945436518611411
COHFACE_s10_session2_natural,10,206,16.866666666666667,-0.8476815223693848,-0.6751729536289837
COHFACE_s10_session2_natural,10,207,16.9,-1.0035334825515747,-0.5167426235939023
COHFACE_s10_session2_natural,10,208,16.933333333333334,-1.0850027799606323,-0.34811835411921893
COHFACE_s10_session2_natural,10,209,16.966666666666665,-1.1212807893753052,-0.19064426189664932
COHFACE_s10_session2_natural,10,210,17.0,-1.1559979915618896,-0.05484824788240465
COHFACE_s10_session2_natural,10,211,17.033333333333335,-1.206021785736084,0.05727963835120485
COHFACE_s10_session2_natural,10,212,17.066666666666666,-1.2924739122390747,0.14831366883836977
COHFACE_s10_session2_natural,10,213,17.1,-1.4026603698730469,0.22368014140386414
COHFACE_s10_session2_natural,10,214,17.133333333333333,-1.2130277156829834,0.2920081310512168
COHFACE_s10_session2_natural,10,215,17.166666666666668,-0.02592439390718937,0.3639437652997055
COHFACE_s10_session2_natural,10,216,17.2,1.4006967544555664,0.44739779178421535
COHFACE_s10_session2_natural,10,217,17.233333333333334,1.8960908651351929,0.5415925452078848
COHFACE_s10_session2_natural,10,218,17.266666666666666,1.5672886371612549,0.6347192010340084
COHFACE_s10_session2_natural,10,219,17.3,0.9641125798225403,0.7079192231691864
COHFACE_s10_session2_natural,10,220,17.333333333333332,0.40945741534233093,0.7429787449896967
COHFACE_s10_session2_natural,10,221,17.366666666666667,0.023960696533322334,0.727924661419739
COHFACE_s10_session2_natural,10,222,17.4,-0.013380865566432476,0.6573174902246107
COHFACE_s10_session2_natural,10,223,17.433333333333334,0.2373162806034088,0.5294005377858177
COHFACE_s10_session2_natural,10,224,17.466666666666665,0.40455561876296997,0.3450442196724637
COHFACE_s10_session2_natural,10,225,17.5,0.32234635949134827,0.11133076688111558
COHFACE_s10_session2_natural,10,226,17.533333333333335,0.051047779619693756,-0.1526200546042022
COHFACE_s10_session2_natural,10,227,17.566666666666666,-0.300540953874588,-0.4132956571706184
COHFACE_s10_session2_natural,10,228,17.6,-0.6300715804100037,-0.6275462576320628
COHFACE_s10_session2_natural,10,229,17.633333333333333,-0.8823062777519226,-0.7531593472231038
COHFACE_s10_session2_natural,10,230,17.666666666666668,-1.0351293087005615,-0.7607076676284317
COHFACE_s10_session2_natural,10,231,17.7,-1.1033498048782349,-0.6423986565683194
COHFACE_s10_session2_natural,10,232,17.733333333333334,-1.1244021654129028,-0.416309095757593
COHFACE_s10_session2_natural,10,233,17.766666666666666,-1.1471308469772339,-0.12619332077110332
COHFACE_s10_session2_natural,10,234,17.8,-1.1898828744888306,0.163808319558176
COHFACE_s10_session2_natural,10,235,17.833333333333332,-1.2682539224624634,0.3813239147266376
COHFACE_s10_session2_natural,10,236,17.866666666666667,-1.3222777843475342,0.46471576150364785
COHFACE_s10_session2_natural,10,237,17.9,-0.7681775689125061,0.38416433690798146
COHFACE_s10_session2_natural,10,238,17.933333333333334,0.6424317955970764,0.15584673943851335
COHFACE_s10_session2_natural,10,239,17.966666666666665,1.6753594875335693,-0.15912196663199554
COHFACE_s10_session2_natural,11,0,11.0,-1.0195220708847046,0.007010765016519273
COHFACE_s10_session2_natural,11,1,11.033333333333333,-1.0994653701782227,0.0339030430669826
COHFACE_s10_session2_natural,11,2,11.066666666666666,-1.1204946041107178,0.05390242164942514
COHFACE_s10_session2_natural,11,3,11.1,-1.1314774751663208,0.06620454706001981
COHFACE_s10_session2_natural,11,4,11.133333333333333,-1.1759405136108398,0.0807231149731763
COHFACE_s10_session2_natural,11,5,11.166666666666666,-1.2590051889419556,0.11492638572695307
COHFACE_s10_session2_natural,11,6,11.2,-1.3149828910827637,0.1852630071133918
COHFACE_s10_session2_natural,11,7,11.233333333333333,-0.7938541769981384,0.29771881263149597
COHFACE_s10_session2_natural,11,8,11.266666666666667,0.5612167716026306,0.4428258726563439
COHFACE_s10_session2_natural,11,9,11.3,1.6152430772781372,0.5980014279884577
COHFACE_s10_session2_natural,11,10,11.333333333333334,1.7090131044387817,0.7359042463928693
COHFACE_s10_session2_natural,11,11,11.366666666666667,1.2381048202514648,0.8341978269717248
COHFACE_s10_session2_natural,11,12,11.4,0.6898428201675415,0.8817236350348217
COHFACE_s10_session2_natural,11,13,11.433333333333334,0.2361023873090744,0.8784643696470977
COHFACE_s10_session2_natural,11,14,11.466666666666667,-0.002317127538844943,0.8302163604518784
COHFACE_s10_session2_natural,11,15,11.5,0.11130295693874359,0.741717095069545
COHFACE_s10_session2_natural,11,16,11.533333333333333,0.34706348180770874,0.612643422437229
COHFACE_s10_session2_natural,11,17,11.566666666666666,0.41109904646873474,0.4389447626636496
COHFACE_s10_session2_natural,11,18,11.6,0.24829909205436707,0.21840624909146938
COHFACE_s10_session2_natural,11,19,11.633333333333333,-0.047369781881570816,-0.04338523373427727
COHFACE_s10_session2_natural,11,20,11.666666666666666,-0.3873167335987091,-0.3304863626766288
COHFACE_s10_session2_natural,11,21,11.7,-0.6839682459831238,-0.6190388840143528
COHFACE_s10_session2_natural,11,22,11.733333333333333,-0.8806299567222595,-0.8835468871698472
COHFACE_s10_session2_natural,11,23,11.766666666666667,-0.9856719374656677,-1.1038475465834419
COHFACE_s10_session2_natural,11,24,11.8,-1.0382159948349,-1.2690815938123257
COHFACE_s10_session2_natural,11,25,11.833333333333334,-1.0721240043640137,-1.3759534212882503
COHFACE_s10_session2_natural,11,26,11.866666666666667,-1.1109106540679932,-1.4210814461020866
COHFACE_s10_session2_natural,11,27,11.9,-1.1678941249847412,-1.3914905889522826
COHFACE_s10_session2_natural,11,28,11.933333333333334,-1.2484501600265503,-1.2613611151841138
COHFACE_s10_session2_natural,11,29,11.966666666666667,-1.0554416179656982,-1.0015410076359164
COHFACE_s10_session2_natural,11,30,12.0,0.04870092496275902,-0.5992083878740897
COHFACE_s10_session2_natural,11,31,12.033333333333333,1.4189281463623047,-0.07610873726913747
COHFACE_s10_session2_natural,11,32,12.066666666666666,1.931397795677185,0.5066702304590683
COHFACE_s10_session2_natural,11,33,12.1,1.6299831867218018,1.0616081338351706
COHFACE_s10_session2_natural,11,34,12.133333333333333,1.0721256732940674,1.4993866739753663
COHFACE_s10_session2_natural,11,35,12.166666666666666,0.5703266859054565,1.7533575825420047
COHFACE_s10_session2_natural,11,36,12.2,0.20095738768577576,1.7936977588819558
COHFACE_s10_session2_natural,11,37,12.233333333333333,0.13511832058429718,1.6281081535251987
COHFACE_s10_session2_natural,11,38,12.266666666666667,0.34249693155288696,1.29294299555658
COHFACE_s10_session2_natural,11,39,12.3,0.5146958827972412,0.8416194335037869
COHFACE_s10_session2_natural,11,40,12.333333333333334,0.46090322732925415,0.33509384713669266
COHFACE_s10_session2_natural,11,41,12.366666666666667,0.20940837264060974,-0.16495526064197538
COHFACE_s10_session2_natural,11,42,12.4,-0.12419166415929794,-0.6020844409352015
COHFACE_s10_session2_natural,11,43,12.433333333333334,-0.44632333517074585,-0.9316090792639596
COHFACE_s10_session2_natural,11,44,12.466666666666667,-0.6954135298728943,-1.1269217742293614
COHFACE_s10_session2_natural,11,45,12.5,-0.8504446148872375,-1.1832850385982654
COHFACE_s10_session2_natural,11,46,12.533333333333333,-0.9292780756950378,-1.1174088451599673
COHFACE_s10_session2_natural,11,47,12.566666666666666,-0.9630473256111145,-0.9627659891500983
COHFACE_s10_session2_natural,11,48,12.6,-0.9979495406150818,-0.76154175754752
COHFACE_s10_session2_natural,11,49,12.633333333333333,-1.0587018728256226,-0.5544337968137658
COHFACE_s10_session2_natural,11,50,12.666666666666666,-1.1324138641357422,-0.3700820113632492
COHFACE_s10_session2_natural,11,51,12.7,-0.9294861555099487,-0.2170368839774256
COHFACE_s10_session2_natural,11,52,12.733333333333333,0.13208937644958496,-0.08206771931627499
COHFACE_s10_session2_natural,11,53,12.766666666666667,1.4184772968292236,0.06267565106061206
COHFACE_s10_session2_natural,11,54,12.8,1.8935012817382812,0.24524622034474275
COHFACE_s10_session2_natural,11,55,12.833333333333334,1.5924218893051147,0.47810291660535087
COHFACE_s10_session2_natural,11,56,12.866666666666667,1.0484837293624878,0.7480226662918504
COHFACE_s10_session2_natural,11,57,12.9,0.5432742834091187,1.0162006489356037
COHFACE_s10_session2_natural,11,58,12.933333333333334,0.15965045988559723,1.2281876996009784
COHFACE_s10_session2_natural,11,59,12.966666666666667,0.07485157996416092,1.329311303205832
COHFACE_s10_session2_natural,11,60,13.0,0.27396419644355774,1.2801391419183425
COHFACE_s10_session2_natural,11,61,13.033333333333333,0.45011693239212036,1.0675158306324934
COHFACE_s10_session2_natural,11,62,13.066666666666666,0.41175803542137146,0.7082029411050065
COHFACE_s10_session2_natural,11,63,13.1,0.17147721350193024,0.24435929811009183
COHFACE_s10_session2_natural,11,64,13.133333333333333,-0.15822681784629822,-0.26682225526132014
COHFACE_s10_session2_natural,11,65,13.166666666666666,-0.475294828414917,-0.7647102861368857
COHFACE_s10_session2_natural,11,66,13.2,-0.7188935875892639,-1.1936597140695584
COHFACE_s10_session2_natural,11,67,13.233333333333333,-0.8567683696746826,-1.5064763252198705
COHFACE_s10_session2_natural,11,68,13.266666666666667,-0.9178096652030945,-1.6646505755996392
COHFACE_s10_session2_natural,11,69,13.3,-0.9568160176277161,-1.6395154068566264
COHFACE_s10_session2_natural,11,70,13.333333333333334,-1.0077300071716309,-1.418065331801584
COHFACE_s10_session2_natural,11,71,13.366666666666667,-1.0837079286575317,-1.0131614539271736
COHFACE_s10_session2_natural,11,72,13.4,-0.923382043838501,-0.47207528577066227
COHFACE_s10_session2_natural,11,73,13.433333333333334,0.11029716581106186,0.12517594103551613
COHFACE_s10_session2_natural,11,74,13.466666666666667,1.459599256515503,0.6819768058736432
COHFACE_s10_session2_natural,11,75,13.5,2.0224857330322266,1.1112784119463774
COHFACE_s10_session2_natural,11,76,13.533333333333333,1.7623780965805054,1.3599524522196902
COHFACE_s10_session2_natural,11,77,13.566666666666666,1.2182894945144653,1.4192381240876437
COHFACE_s10_session2_natural,11,78,13.6,0.7189415097236633,1.3172713686587958
COHFACE_s10_session2_natural,11,79,13.633333333333333,0.3312597870826721,1.1001809993470715
COHFACE_s10_session2_natural,11,80,13.666666666666666,0.1989920437335968,0.8136135713937199
COHFACE_s10_session2_natural,11,81,13.7,0.3617110848426819,0.49389530047841274
COHFACE_s10_session2_natural,11,82,13.733333333333333,0.5369736552238464,0.1697225598290116
COHFACE_s10_session2_natural,11,83,13.766666666666667,0.511470377445221,-0.13230958379439206
COHFACE_s10_session2_natural,11,84,13.8,0.2747618854045868,-0.3863335976285981
COHFACE_s10_session2_natural,11,85,13.833333333333334,-0.06968223303556442,-0.5728136892483504
COHFACE_s10_session2_natural,11,86,13.866666666666667,-0.4182882606983185,-0.6866187365018847
COHFACE_s10_session2_natural,11,87,13.9,-0.6869162917137146,-0.7398323223488725
COHFACE_s10_session2_natural,11,88,13.933333333333334,-0.8502249121665955,-0.7555053798809561
COHFACE_s10_session2_natural,11,89,13.966666666666667,-0.9241219162940979,-0.7555562185719161
COHFACE_s10_session2_natural,11,90,14.0,-0.9704462885856628,-0.7499881315930408
COHFACE_s10_session2_natural,11,91,14.033333333333333,-1.021152138710022,-0.7333075154608198
COHFACE_s10_session2_natural,11,92,14.066666666666666,-1.0896849632263184,-0.6890788878491256
COHFACE_s10_session2_natural,11,93,14.1,-0.9003181457519531,-0.5988423196848794
COHFACE_s10_session2_natural,11,94,14.133333333333333,0.2096049040555954,-0.45032903123347934
COHFACE_s10_session2_natural,11,95,14.166666666666666,1.6547927856445312,-0.24186381339187685
COHFACE_s10_session2_natural,11,96,14.2,2.2602694034576416,0.017157320866342515
COHFACE_s10_session2_natural,11,97,14.233333333333333,2.006462335586548,0.3079345739047916
COHFACE_s10_session2_natural,11,98,14.266666666666667,1.4759231805801392,0.6044379642692941
COHFACE_s10_session2_natural,11,99,14.3,1.024807095527649,0.8756620833164478
COHFACE_s10_session2_natural,11,100,14.333333333333334,0.6857040524482727,1.0884032726893633
COHFACE_s10_session2_natural,11,101,14.366666666666667,0.5109617114067078,1.2111839698621505
COHFACE_s10_session2_natural,11,102,14.4,0.5796563029289246,1.2196395128306856
COHFACE_s10_session2_natural,11,103,14.433333333333334,0.6745824813842773,1.1028275430214742
COHFACE_s10_session2_natural,11,104,14.466666666666667,0.607390820980072,0.8686604983782811
COHFACE_s10_session2_natural,11,105,14.5,0.35893648862838745,0.5457224962117172
COHFACE_s10_session2_natural,11,106,14.533333333333333,0.013047249056398869,0.1790711518047105
COHFACE_s10_session2_natural,11,107,14.566666666666666,-0.3347957730293274,-0.1800830765421701
COHFACE_s10_session2_natural,11,108,14.6,-0.6168575286865234,-0.48737158069287856
COHFACE_s10_session2_natural,11,109,14.633333333333333,-0.8013918995857239,-0.7152892366083241
COHFACE_s10_session2_natural,11,110,14.666666666666666,-0.9023528099060059,-0.8559067824613535
COHFACE_s10_session2_natural,11,111,14.7,-0.9587582349777222,-0.9161324217810362
COHFACE_s10_session2_natural,11,112,14.733333333333333,-1.0097877979278564,-0.9096978640426222
COHFACE_s10_session2_natural,11,113,14.766666666666667,-1.083742618560791,-0.8510413546649108
COHFACE_s10_session2_natural,11,114,14.8,-1.1904724836349487,-0.7529404426215641
COHFACE_s10_session2_natural,11,115,14.833333333333334,-1.1296392679214478,-0.6257450354380336
COHFACE_s10_session2_natural,11,116,14.866666666666667,-0.1605505496263504,-0.4754710818543672
COHFACE_s10_session2_natural,11,117,14.9,1.440755009651184,-0.30105416720144634
COHFACE_s10_session2_natural,11,118,14.933333333333334,2.2982583045959473,-0.09465456247570403
COHFACE_s10_session2_natural,11,119,14.966666666666667,2.145007610321045,0.15137354195301694
COHFACE_s10_session2_natural,11,120,15.0,1.6316132545471191,0.43272106925664505
COHFACE_s10_session2_natural,11,121,15.033333333333333,1.197526216506958,0.7241654127162876
COHFACE_s10_session2_natural,11,122,15.066666666666666,0.8699262738227844,0.9811033159436278
COHFACE_s10_session2_natural,11,123,15.1,0.6365010738372803,1.1528482184042508
COHFACE_s10_session2_natural,11,124,15.133333333333333,0.6120729446411133,1.2003090996772752
COHFACE_s10_session2_natural,11,125,15.166666666666666,0.6763975620269775,1.107351474794524
COHFACE_s10_session2_natural,11,126,15.2,0.6175643801689148,0.8808595973788236
COHFACE_s10_session2_natural,11,127,15.233333333333333,0.38513338565826416,0.5433660207946001
COHFACE_s10_session2_natural,11,128,15.266666666666667,0.05021539703011513,0.12603263211621638
COHFACE_s10_session2_natural,11,129,15.3,-0.3040207624435425,-0.3332099092366408
COHFACE_s10_session2_natural,11,130,15.333333333333334,-0.6055278778076172,-0.7880586988854651
COHFACE_s10_session2_natural,11,131,15.366666666666667,-0.8164209723472595,-1.1846218044264183
COHFACE_s10_session2_natural,11,132,15.4,-0.9400296807289124,-1.468612440797723
COHFACE_s10_session2_natural,11,133,15.433333333333334,-1.004724144935608,-1.5975568931551307
COHFACE_s10_session2_natural,11,134,15.466666666666667,-1.0547711849212646,-1.5523934730348725
COHFACE_s10_session2_natural,11,135,15.5,-1.1183674335479736,-1.342494628466285
COHFACE_s10_session2_natural,11,136,15.533333333333333,-1.2096750736236572,-1.001625770050403
COHFACE_s10_session2_natural,11,137,15.566666666666666,-1.3277113437652588,-0.5772632253261522
COHFACE_s10_session2_natural,11,138,15.6,-1.1306103467941284,-0.11890393526349556
COHFACE_s10_session2_natural,11,139,15.633333333333333,0.0884355828166008,0.3294969369166473
COHFACE_s10_session2_natural,11,140,15.666666666666666,1.5927687883377075,0.7316263792751923
COHFACE_s10_session2_natural,11,141,15.7,2.1305220127105713,1.0579927652974173
COHFACE_s10_session2_natural,11,142,15.733333333333333,1.7974998950958252,1.2856566409989647
COHFACE_s10_session2_natural,11,143,15.766666666666667,1.271804690361023,1.4000927883111391
COHFACE_s10_session2_natural,11,144,15.8,0.8633596897125244,1.3980878330414799
COHFACE_s10_session2_natural,11,145,15.833333333333334,0.5507310628890991,1.2891607289239293
COHFACE_s10_session2_natural,11,146,15.866666666666667,0.3895496129989624,1.0937136114255466
COHFACE_s10_session2_natural,11,147,15.9,0.43971216678619385,0.8380140106269581
COHFACE_s10_session2_natural,11,148,15.933333333333334,0.5019673705101013,0.5477291953508512
COHFACE_s10_session2_natural,11,149,15.966666666666667,0.40356138348579407,0.24263579021170192
COHFACE_s10_session2_natural,11,150,16.0,0.13887560367584229,-0.06482894652458743
COHFACE_s10_session2_natural,11,151,16.033333333333335,-0.19478224217891693,-0.36594223381504304
COHFACE_s10_session2_natural,11,152,16.066666666666666,-0.5121392607688904,-0.6487192715714373
COHFACE_s10_session2_natural,11,153,16.1,-0.7734839916229248,-0.8923327128506284
COHFACE_s10_session2_natural,11,154,16.133333333333333,-0.9533014893531799,-1.0683975877322212
COHFACE_s10_session2_natural,11,155,16.166666666666668,-1.0535688400268555,-1.1507611450956265
COHFACE_s10_session2_natural,11,156,16.2,-1.0991185903549194,-1.128187676861092
COHFACE_s10_session2_natural,11,157,16.233333333333334,-1.141119122505188,-1.0101281418908783
COHFACE_s10_session2_natural,11,158,16.266666666666666,-1.2022761106491089,-0.8197951877452803
COHFACE_s10_session2_natural,11,159,16.3,-1.2973294258117676,-0.5786403576991493
COHFACE_s10_session2_natural,11,160,16.333333333333332,-1.4112038612365723,-0.2946041031913951
COHFACE_s10_session2_natural,11,161,16.366666666666667,-1.2244844436645508,0.03476887641589739
COHFACE_s10_session2_natural,11,162,16.4,-0.022779840975999832,0.4052509583074629
COHFACE_s10_session2_natural,11,163,16.433333333333334,1.4522696733474731,0.7881518515371959
COHFACE_s10_session2_natural,11,164,16.466666666666665,1.984866738319397,1.1267155815326833
COHFACE_s10_session2_natural,11,165,16.5,1.660573124885559,1.3516972091340704
COHFACE_s10_session2_natural,11,166,16.533333333333335,1.0920796394348145,1.4073415605518518
COHFACE_s10_session2_natural,11,167,16.566666666666666,0.6211482286453247,1.2720137274887677
COHFACE_s10_session2_natural,11,168,16.6,0.28367531299591064,0.9630388656484157
COHFACE_s10_session2_natural,11,169,16.633333333333333,0.1818126142024994,0.526790809536833
COHFACE_s10_session2_natural,11,170,16.666666666666668,0.3199763894081116,0.02300240496684127
COHFACE_s10_session2_natural,11,171,16.7,0.43038254976272583,-0.4874914309512294
COHFACE_s10_session2_natural,11,172,16.733333333333334,0.337941974401474,-0.9481589242838849
COHFACE_s10_session2_natural,11,173,16.766666666666666,0.06536012142896652,-1.3082629037090507
COHFACE_s10_session2_natural,11,174,16.8,-0.27440184354782104,-1.5254291410708398
COHFACE_s10_session2_natural,11,175,16.833333333333332,-0.5944872498512268,-1.5717610513925895
COHFACE_s10_session2_natural,11,176,16.866666666666667,-0.8476815223693848,-1.4416873047066354
COHFACE_s10_session2_natural,11,177,16.9,-1.0035334825515747,-1.1569171569439833
COHFACE_s10_session2_natural,11,178,16.933333333333334,-1.0850027799606323,-0.7644295605169182
COHFACE_s10_session2_natural,11,179,16.966666666666665,-1.1212807893753052,-0.32667435930092653
COHFACE_s10_session2_natural,11,180,17.0,-1.1559979915618896,0.09306062688094136
COHFACE_s10_session2_natural,11,181,17.033333333333335,-1.206021785736084,0.44501234845173404
COHFACE_s10_session2_natural,11,182,17.066666666666666,-1.2924739122390747,0.7023723688268141
COHFACE_s10_session2_natural,11,183,17.1,-1.4026603698730469,0.8632315281804118
COHFACE_s10_session2_natural,11,184,17.133333333333333,-1.2130277156829834,0.9449218876450273
COHFACE_s10_session2_natural,11,185,17.166666666666668,-0.02592439390718937,0.9731275239911225
COHFACE_s10_session2_natural,11,186,17.2,1.4006967544555664,0.9703028590576214
COHFACE_s10_session2_natural,11,187,17.233333333333334,1.8960908651351929,0.9481679098515458
COHFACE_s10_session2_natural,11,188,17.266666666666666,1.5672886371612549,0.9065221569964491
COHFACE_s10_session2_natural,11,189,17.3,0.9641125798225403,0.8371349565028993
COHFACE_s10_session2_natural,11,190,17.333333333333332,0.40945741534233093,0.7294708996606992
COHFACE_s10_session2_natural,11,191,17.366666666666667,0.023960696533322334,0.5753573374134088
COHFACE_s10_session2_natural,11,192,17.4,-0.013380865566432476,0.3716551165575771
COHFACE_s10_session2_natural,11,193,17.433333333333334,0.2373162806034088,0.12176639030441383
COHFACE_s10_session2_natural,11,194,17.466666666666665,0.40455561876296997,-0.16298597337931164
COHFACE_s10_session2_natural,11,195,17.5,0.32234635949134827,-0.4621988897179887
COHFACE_s10_session2_natural,11,196,17.533333333333335,0.051047779619693756,-0.7467332908331298
COHFACE_s10_session2_natural,11,197,17.566666666666666,-0.300540953874588,-0.981848592369236
COHFACE_s10_session2_natural,11,198,17.6,-0.6300715804100037,-1.132996340133668
COHFACE_s10_session2_natural,11,199,17.633333333333333,-0.8823062777519226,-1.17270479005067
COHFACE_s10_session2_natural,11,200,17.666666666666668,-1.0351293087005615,-1.086823329225296
COHFACE_s10_session2_natural,11,201,17.7,-1.1033498048782349,-0.8790135036408222
COHFACE_s10_session2_natural,11,202,17.733333333333334,-1.1244021654129028,-0.5726956073147064
COHFACE_s10_session2_natural,11,203,17.766666666666666,-1.1471308469772339,-0.2094510353057808
COHFACE_s10_session2_natural,11,204,17.8,-1.1898828744888306,0.15726078831389323
COHFACE_s10_session2_natural,11,205,17.833333333333332,-1.2682539224624634,0.47325327609513157
COHFACE_s10_session2_natural,11,206,17.866666666666667,-1.3222777843475342,0.697364141889735
COHFACE_s10_session2_natural,11,207,17.9,-0.7681775689125061,0.8127055828358337
COHFACE_s10_session2_natural,11,208,17.933333333333334,0.6424317955970764,0.8292817750363901
COHFACE_s10_session2_natural,11,209,17.966666666666665,1.6753594875335693,0.7749336186597481
COHFACE_s10_session2_natural,11,210,18.0,1.7429442405700684,0.6784416266948031
COHFACE_s10_session2_natural,11,211,18.033333333333335,1.2600010633468628,0.5544426974050253
COHFACE_s10_session2_natural,11,212,18.066666666666666,0.6486052870750427,0.39960174308197705
COHFACE_s10_session2_natural,11,213,18.1,0.11716431379318237,0.20259490920366843
COHFACE_s10_session2_natural,11,214,18.133333333333333,-0.15596088767051697,-0.039077517389840666
COHFACE_s10_session2_natural,11,215,18.166666666666668,0.0014170287176966667,-0.3074136382195109
COHFACE_s10_session2_natural,11,216,18.2,0.307814359664917,-0.5654075552199951
COHFACE_s10_session2_natural,11,217,18.233333333333334,0.3994688391685486,-0.7704685227020667
COHFACE_s10_session2_natural,11,218,18.266666666666666,0.24025273323059082,-0.8909135583695555
COHFACE_s10_session2_natural,11,219,18.3,-0.07244527339935303,-0.9157328695436763
COHFACE_s10_session2_natural,11,220,18.333333333333332,-0.4270860552787781,-0.8537149496790931
COHFACE_s10_session2_natural,11,221,18.366666666666667,-0.7328706979751587,-0.7253666767761875
COHFACE_s10_session2_natural,11,222,18.4,-0.9371857047080994,-0.5541504577989039
COHFACE_s10_session2_natural,11,223,18.433333333333334,-1.0251868963241577,-0.36156538247725367
COHFACE_s10_session2_natural,11,224,18.466666666666665,-1.0545514822006226,-0.16627811281796312
COHFACE_s10_session2_natural,11,225,18.5,-1.08611261844635,0.01547615684216808
COHFACE_s10_session2_natural,11,226,18.533333333333335,-1.1431076526641846,0.17064629503235196
COHFACE_s10_session2_natural,11,227,18.566666666666666,-1.2091317176818848,0.29146856609596106
COHFACE_s10_session2_natural,11,228,18.6,-0.8739593625068665,0.3775110273423186
COHFACE_s10_session2_natural,11,229,18.633333333333333,0.39435893297195435,0.43597591770181565
COHFACE_s10_session2_natural,11,230,18.666666666666668,1.6169887781143188,0.47923877350669514
COHFACE_s10_session2_natural,11,231,18.7,1.903836727142334,0.5197991332891766
COHFACE_s10_session2_natural,11,232,18.733333333333334,1.523704171180725,0.5641687410893145
COHFACE_s10_session2_natural,11,233,18.766666666666666,0.9454880356788635,0.6083247265901803
COHFACE_s10_session2_natural,11,234,18.8,0.39039355516433716,0.6375507325498642
COHFACE_s10_session2_natural,11,235,18.833333333333332,-0.006213135551661253,0.6318097061493229
COHFACE_s10_session2_natural,11,236,18.866666666666667,-0.0008142163278535008,0.5745113508402203
COHFACE_s10_session2_natural,11,237,18.9,0.2994558811187744,0.4602720377092206
COHFACE_s10_session2_natural,11,238,18.933333333333334,0.4826260805130005,0.29811830645631165
COHFACE_s10_session2_natural,11,239,18.966666666666665,0.39820870757102966,0.10944559624194594
COHFACE_s10_session2_natural,12,0,12.0,0.04870092496275902,-0.07866985213792066
COHFACE_s10_session2_natural,12,1,12.033333333333333,1.4189281463623047,0.5760874710581325
COHFACE_s10_session2_natural,12,2,12.066666666666666,1.931397795677185,1.1329604299659661
COHFACE_s10_session2_natural,12,3,12.1,1.6299831867218018,1.5108746733805805
COHFACE_s10_session2_natural,12,4,12.133333333333333,1.0721256732940674,1.6655663172443038
COHFACE_s10_session2_natural,12,5,12.166666666666666,0.5703266859054565,1.5963420938373458
COHFACE_s10_session2_natural,12,6,12.2,0.20095738768577576,1.3405211123593814
COHFACE_s10_session2_natural,12,7,12.233333333333333,0.13511832058429718,0.9582054595445205
COHFACE_s10_session2_natural,12,8,12.266666666666667,0.34249693155288696,0.5149504289374932
COHFACE_s10_session2_natural,12,9,12.3,0.5146958827972412,0.07009284609021961
COHFACE_s10_session2_natural,12,10,12.333333333333334,0.46090322732925415,-0.3269098520126789
COHFACE_s10_session2_natural,12,11,12.366666666666667,0.20940837264060974,-0.6359465011159834
COHFACE_s10_session2_natural,12,12,12.4,-0.12419166415929794,-0.8269967268681695
COHFACE_s10_session2_natural,12,13,12.433333333333334,-0.44632333517074585,-0.884423468234786
COHFACE_s10_session2_natural,12,14,12.466666666666667,-0.6954135298728943,-0.8123288702546609
COHFACE_s10_session2_natural,12,15,12.5,-0.8504446148872375,-0.6364255118181047
COHFACE_s10_session2_natural,12,16,12.533333333333333,-0.9292780756950378,-0.4002109656121398
COHFACE_s10_session2_natural,12,17,12.566666666666666,-0.9630473256111145,-0.15671483787340323
COHFACE_s10_session2_natural,12,18,12.6,-0.9979495406150818,0.04192257827767929
COHFACE_s10_session2_natural,12,19,12.633333333333333,-1.0587018728256226,0.1556446420517125
COHFACE_s10_session2_natural,12,20,12.666666666666666,-1.1324138641357422,0.16726533167839489
COHFACE_s10_session2_natural,12,21,12.7,-0.9294861555099487,0.09006091595467039
COHFACE_s10_session2_natural,12,22,12.733333333333333,0.13208937644958496,-0.03273223405250162
COHFACE_s10_session2_natural,12,23,12.766666666666667,1.4184772968292236,-0.14019039877225636
COHFACE_s10_session2_natural,12,24,12.8,1.8935012817382812,-0.17528689218362487
COHFACE_s10_session2_natural,12,25,12.833333333333334,1.5924218893051147,-0.10689363936829788
COHFACE_s10_session2_natural,12,26,12.866666666666667,1.0484837293624878,0.05790059716241369
COHFACE_s10_session2_natural,12,27,12.9,0.5432742834091187,0.27653618616898434
COHFACE_s10_session2_natural,12,28,12.933333333333334,0.15965045988559723,0.4866716091196519
COHFACE_s10_session2_natural,12,29,12.966666666666667,0.07485157996416092,0.6270239552002871
COHFACE_s10_session2_natural,12,30,13.0,0.27396419644355774,0.6548394430921979
COHFACE_s10_session2_natural,12,31,13.033333333333333,0.45011693239212036,0.5549098234573933
COHFACE_s10_session2_natural,12,32,13.066666666666666,0.41175803542137146,0.33971573546554545
COHFACE_s10_session2_natural,12,33,13.1,0.17147721350193024,0.04345800415395951
COHFACE_s10_session2_natural,12,34,13.133333333333333,-0.15822681784629822,-0.28667238492714503
COHFACE_s10_session2_natural,12,35,13.166666666666666,-0.475294828414917,-0.5994540289064112
COHFACE_s10_session2_natural,12,36,13.2,-0.7188935875892639,-0.8470082329455101
COHFACE_s10_session2_natural,12,37,13.233333333333333,-0.8567683696746826,-0.9895066374091511
COHFACE_s10_session2_natural,12,38,13.266666666666667,-0.9178096652030945,-0.997522719375385
COHFACE_s10_session2_natural,12,39,13.3,-0.9568160176277161,-0.8540913373045659
COHFACE_s10_session2_natural,12,40,13.333333333333334,-1.0077300071716309,-0.5593215365100812
COHFACE_s10_session2_natural,12,41,13.366666666666667,-1.0837079286575317,-0.13819619691783686
COHFACE_s10_session2_natural,12,42,13.4,-0.923382043838501,0.3528183726890984
COHFACE_s10_session2_natural,12,43,13.433333333333334,0.11029716581106186,0.828094965377644
COHFACE_s10_session2_natural,12,44,13.466666666666667,1.459599256515503,1.1892897219901715
COHFACE_s10_session2_natural,12,45,13.5,2.0224857330322266,1.3530472645634288
COHFACE_s10_session2_natural,12,46,13.533333333333333,1.7623780965805054,1.2783900585404062
COHFACE_s10_session2_natural,12,47,13.566666666666666,1.2182894945144653,0.9800474564577628
COHFACE_s10_session2_natural,12,48,13.6,0.7189415097236633,0.5215453601708775
COHFACE_s10_session2_natural,12,49,13.633333333333333,0.3312597870826721,-0.006671232883323004
COHFACE_s10_session2_natural,12,50,13.666666666666666,0.1989920437335968,-0.5119981254530486
COHFACE_s10_session2_natural,12,51,13.7,0.3617110848426819,-0.9169132863356615
COHFACE_s10_session2_natural,12,52,13.733333333333333,0.5369736552238464,-1.1663195370569295
COHFACE_s10_session2_natural,12,53,13.766666666666667,0.511470377445221,-1.2296993085830403
COHFACE_s10_session2_natural,12,54,13.8,0.2747618854045868,-1.1031867079555053
COHFACE_s10_session2_natural,12,55,13.833333333333334,-0.06968223303556442,-0.8119877112148042
COHFACE_s10_session2_natural,12,56,13.866666666666667,-0.4182882606983185,-0.40927837014214397
COHFACE_s10_session2_natural,12,57,13.9,-0.6869162917137146,0.03201862732152924
COHFACE_s10_session2_natural,12,58,13.933333333333334,-0.8502249121665955,0.433402444652246
COHFACE_s10_session2_natural,12,59,13.966666666666667,-0.9241219162940979,0.7260249883955171
COHFACE_s10_session2_natural,12,60,14.0,-0.9704462885856628,0.8634332121989582
COHFACE_s10_session2_natural,12,61,14.033333333333333,-1.021152138710022,0.8306154536905759
COHFACE_s10_session2_natural,12,62,14.066666666666666,-1.0896849632263184,0.6472784909211369
COHFACE_s10_session2_natural,12,63,14.1,-0.9003181457519531,0.36256593927101594
COHFACE_s10_session2_natural,12,64,14.133333333333333,0.2096049040555954,0.04172216262553613
COHFACE_s10_session2_natural,12,65,14.166666666666666,1.6547927856445312,-0.2505036421068362
COHFACE_s10_session2_natural,12,66,14.2,2.2602694034576416,-0.46401344479497364
COHFACE_s10_session2_natural,12,67,14.233333333333333,2.006462335586548,-0.5714791186351329
COHFACE_s10_session2_natural,12,68,14.266666666666667,1.4759231805801392,-0.5695065441516987
COHFACE_s10_session2_natural,12,69,14.3,1.024807095527649,-0.47416064993572166
COHFACE_s10_session2_natural,12,70,14.333333333333334,0.6857040524482727,-0.31364228894554436
COHFACE_s10_session2_natural,12,71,14.366666666666667,0.5109617114067078,-0.12099847408534861
COHFACE_s10_session2_natural,12,72,14.4,0.5796563029289246,0.07164368361325815
COHFACE_s10_session2_natural,12,73,14.433333333333334,0.6745824813842773,0.23754812954964255
COHFACE_s10_session2_natural,12,74,14.466666666666667,0.607390820980072,0.35940355341338576
COHFACE_s10_session2_natural,12,75,14.5,0.35893648862838745,0.4327165244627509
COHFACE_s10_session2_natural,12,76,14.533333333333333,0.013047249056398869,0.46649704530939884
COHFACE_s10_session2_natural,12,77,14.566666666666666,-0.3347957730293274,0.47892605935671706
COHFACE_s10_session2_natural,12,78,14.6,-0.6168575286865234,0.4883744534398833
COHFACE_s10_session2_natural,12,79,14.633333333333333,-0.8013918995857239,0.5036867456288049
COHFACE_s10_session2_natural,12,80,14.666666666666666,-0.9023528099060059,0.5189506483850607
COHFACE_s10_session2_natural,12,81,14.7,-0.9587582349777222,0.5156953311957065
COHFACE_s10_session2_natural,12,82,14.733333333333333,-1.0097877979278564,0.47088731830454705
COHFACE_s10_session2_natural,12,83,14.766666666666667,-1.083742618560791,0.36604274651875385
COHFACE_s10_session2_natural,12,84,14.8,-1.1904724836349487,0.19379765442772842
COHFACE_s10_session2_natural,12,85,14.833333333333334,-1.1296392679214478,-0.03863580741258286
COHFACE_s10_session2_natural,12,86,14.866666666666667,-0.1605505496263504,-0.30803632911231094
COHFACE_s10_session2_natural,12,87,14.9,1.440755009651184,-0.5757607724757181
COHFACE_s10_session2_natural,12,88,14.933333333333334,2.2982583045959473,-0.7926801299991875
COHFACE_s10_session2_natural,12,89,14.966666666666667,2.145007610321045,-0.9105601796477009
COHFACE_s10_session2_natural,12,90,15.0,1.6316132545471191,-0.8974874651017332
COHFACE_s10_session2_natural,12,91,15.033333333333333,1.197526216506958,-0.7501496409272009
COHFACE_s10_session2_natural,12,92,15.066666666666666,0.8699262738227844,-0.4957827304932815
COHFACE_s10_session2_natural,12,93,15.1,0.6365010738372803,-0.18248994479673827
COHFACE_s10_session2_natural,12,94,15.133333333333333,0.6120729446411133,0.13536824648392204
COHFACE_s10_session2_natural,12,95,15.166666666666666,0.6763975620269775,0.40751545907013753
COHFACE_s10_session2_natural,12,96,15.2,0.6175643801689148,0.5909819405457344
COHFACE_s10_session2_natural,12,97,15.233333333333333,0.38513338565826416,0.651233853232516
COHFACE_s10_session2_natural,12,98,15.266666666666667,0.05021539703011513,0.5671831004088768
COHFACE_s10_session2_natural,12,99,15.3,-0.3040207624435425,0.3404310091101036
COHFACE_s10_session2_natural,12,100,15.333333333333334,-0.6055278778076172,0.0027251246167772324
COHFACE_s10_session2_natural,12,101,15.366666666666667,-0.8164209723472595,-0.3857975108295285
COHFACE_s10_session2_natural,12,102,15.4,-0.9400296807289124,-0.749764826551591
COHFACE_s10_session2_natural,12,103,15.433333333333334,-1.004724144935608,-1.0181224974627887
COHFACE_s10_session2_natural,12,104,15.466666666666667,-1.0547711849212646,-1.141775212305434
COHFACE_s10_session2_natural,12,105,15.5,-1.1183674335479736,-1.102833319876197
COHFACE_s10_session2_natural,12,106,15.533333333333333,-1.2096750736236572,-0.91381706221613
COHFACE_s10_session2_natural,12,107,15.566666666666666,-1.3277113437652588,-0.6098803581668362
COHFACE_s10_session2_natural,12,108,15.6,-1.1306103467941284,-0.23910767750892034
COHFACE_s10_session2_natural,12,109,15.633333333333333,0.0884355828166008,0.14557675017120042
COHFACE_s10_session2_natural,12,110,15.666666666666666,1.5927687883377075,0.49286103079048316
COHFACE_s10_session2_natural,12,111,15.7,2.1305220127105713,0.7598837258325373
COHFACE_s10_session2_natural,12,112,15.733333333333333,1.7974998950958252,0.9199668025430845
COHFACE_s10_session2_natural,12,113,15.766666666666667,1.271804690361023,0.9686571185363216
COHFACE_s10_session2_natural,12,114,15.8,0.8633596897125244,0.9242122522780682
COHFACE_s10_session2_natural,12,115,15.833333333333334,0.5507310628890991,0.8207419180839324
COHFACE_s10_session2_natural,12,116,15.866666666666667,0.3895496129989624,0.6964387389530151
COHFACE_s10_session2_natural,12,117,15.9,0.43971216678619385,0.5819613404685495
COHFACE_s10_session2_natural,12,118,15.933333333333334,0.5019673705101013,0.4927759121054425
COHFACE_s10_session2_natural,12,119,15.966666666666667,0.40356138348579407,0.4266656916661511
COHFACE_s10_session2_natural,12,120,16.0,0.13887560367584229,0.3666500918062684
COHFACE_s10_session2_natural,12,121,16.033333333333335,-0.19478224217891693,0.2891251196733131
COHFACE_s10_session2_natural,12,122,16.066666666666666,-0.5121392607688904,0.17518082887685996
COHFACE_s10_session2_natural,12,123,16.1,-0.7734839916229248,0.020530851420861668
COHFACE_s10_session2_natural,12,124,16.133333333333333,-0.9533014893531799,-0.16128809266928895
COHFACE_s10_session2_natural,12,125,16.166666666666668,-1.0535688400268555,-0.3446595076481516
COHFACE_s10_session2_natural,12,126,16.2,-1.0991185903549194,-0.502579677868369
COHFACE_s10_session2_natural,12,127,16.233333333333334,-1.141119122505188,-0.614432732435282
COHFACE_s10_session2_natural,12,128,16.266666666666666,-1.2022761106491089,-0.6658095387948679
COHFACE_s10_session2_natural,12,129,16.3,-1.2973294258117676,-0.6428575237230072
COHFACE_s10_session2_natural,12,130,16.333333333333332,-1.4112038612365723,-0.529769565673295
COHFACE_s10_session2_natural,12,131,16.366666666666667,-1.2244844436645508,-0.316472551425248
COHFACE_s10_session2_natural,12,132,16.4,-0.022779840975999832,-0.013834154597161114
COHFACE_s10_session2_natural,12,133,16.433333333333334,1.4522696733474731,0.33533313092388856
COHFACE_s10_session2_natural,12,134,16.466666666666665,1.984866738319397,0.6605276109485689
COHFACE_s10_session2_natural,12,135,16.5,1.660573124885559,0.8841175442659118
COHFACE_s10_session2_natural,12,136,16.533333333333335,1.0920796394348145,0.947435564643484
COHFACE_s10_session2_natural,12,137,16.566666666666666,0.6211482286453247,0.8278114152767321
COHFACE_s10_session2_natural,12,138,16.6,0.28367531299591064,0.5398408560485791
COHFACE_s10_session2_natural,12,139,16.633333333333333,0.1818126142024994,0.12555826827651081
COHFACE_s10_session2_natural,12,140,16.666666666666668,0.3199763894081116,-0.35716671617084705
COHFACE_s10_session2_natural,12,141,16.7,0.43038254976272583,-0.8422026782137514
COHFACE_s10_session2_natural,12,142,16.733333333333334,0.337941974401474,-1.2597324607716345
COHFACE_s10_session2_natural,12,143,16.766666666666666,0.06536012142896652,-1.5427901531310189
COHFACE_s10_session2_natural,12,144,16.8,-0.27440184354782104,-1.6385212083785303
COHFACE_s10_session2_natural,12,145,16.833333333333332,-0.5944872498512268,-1.5215444871979085
COHFACE_s10_session2_natural,12,146,16.866666666666667,-0.8476815223693848,-1.2033203090969349
COHFACE_s10_session2_natural,12,147,16.9,-1.0035334825515747,-0.7323281536925451
COHFACE_s10_session2_natural,12,148,16.933333333333334,-1.0850027799606323,-0.18429345981551618
COHFACE_s10_session2_natural,12,149,16.966666666666665,-1.1212807893753052,0.3538693453329161
COHFACE_s10_session2_natural,12,150,17.0,-1.1559979915618896,0.8013262681375933
COHFACE_s10_session2_natural,12,151,17.033333333333335,-1.206021785736084,1.0978870473294855
COHFACE_s10_session2_natural,12,152,17.066666666666666,-1.2924739122390747,1.2136355798263063
COHFACE_s10_session2_natural,12,153,17.1,-1.4026603698730469,1.1525253663810808
COHFACE_s10_session2_natural,12,154,17.133333333333333,-1.2130277156829834,0.9494360944931849
COHFACE_s10_session2_natural,12,155,17.166666666666668,-0.02592439390718937,0.6611188172482909
COHFACE_s10_session2_natural,12,156,17.2,1.4006967544555664,0.3531416871681723
COHFACE_s10_session2_natural,12,157,17.233333333333334,1.8960908651351929,0.08630332065202767
COHFACE_s10_session2_natural,12,158,17.266666666666666,1.5672886371612549,-0.09421964287644102
COHFACE_s10_session2_natural,12,159,17.3,0.9641125798225403,-0.16536959186696815
COHFACE_s10_session2_natural,12,160,17.333333333333332,0.40945741534233093,-0.12861430729570192
COHFACE_s10_session2_natural,12,161,17.366666666666667,0.023960696533322334,-0.00901180425568893
COHFACE_s10_session2_natural,12,162,17.4,-0.013380865566432476,0.14952519541390083
COHFACE_s10_session2_natural,12,163,17.433333333333334,0.2373162806034088,0.2938490053465276
COHFACE_s10_session2_natural,12,164,17.466666666666665,0.40455561876296997,0.3753248291413331
COHFACE_s10_session2_natural,12,165,17.5,0.32234635949134827,0.3639703299600848
COHFACE_s10_session2_natural,12,166,17.533333333333335,0.051047779619693756,0.2577373920106368
COHFACE_s10_session2_natural,12,167,17.566666666666666,-0.300540953874588,0.08303841961391452
COHFACE_s10_session2_natural,12,168,17.6,-0.6300715804100037,-0.11367390248651714
COHFACE_s10_session2_natural,12,169,17.633333333333333,-0.8823062777519226,-0.2798300151840216
COHFACE_s10_session2_natural,12,170,17.666666666666668,-1.0351293087005615,-0.37138941019201477
COHFACE_s10_session2_natural,12,171,17.7,-1.1033498048782349,-0.36439361186855884
COHFACE_s10_session2_natural,12,172,17.733333333333334,-1.1244021654129028,-0.26144655755073354
COHFACE_s10_session2_natural,12,173,17.766666666666666,-1.1471308469772339,-0.09226318397881557
COHFACE_s10_session2_natural,12,174,17.8,-1.1898828744888306,0.0925181189833538
COHFACE_s10_session2_natural,12,175,17.833333333333332,-1.2682539224624634,0.23439194000126878
COHFACE_s10_session2_natural,12,176,17.866666666666667,-1.3222777843475342,0.2844174732852723
COHFACE_s10_session2_natural,12,177,17.9,-0.7681775689125061,0.21921794285593912
COHFACE_s10_session2_natural,12,178,17.933333333333334,0.6424317955970764,0.04844057505736217
COHFACE_s10_session2_natural,12,179,17.966666666666665,1.6753594875335693,-0.19045674883424607
COHFACE_s10_session2_natural,12,180,18.0,1.7429442405700684,-0.44750800626167875
COHFACE_s10_session2_natural,12,181,18.033333333333335,1.2600010633468628,-0.6772436696315002
COHFACE_s10_session2_natural,12,182,18.066666666666666,0.6486052870750427,-0.8486886054124989
COHFACE_s10_session2_natural,12,183,18.1,0.11716431379318237,-0.9449944698795784
COHFACE_s10_session2_natural,12,184,18.133333333333333,-0.15596088767051697,-0.9567391082245233
COHFACE_s10_session2_natural,12,185,18.166666666666668,0.0014170287176966667,-0.8768592142470868
COHFACE_s10_session2_natural,12,186,18.2,0.307814359664917,-0.7025129554905383
COHFACE_s10_session2_natural,12,187,18.233333333333334,0.3994688391685486,-0.44244964164077083
COHFACE_s10_session2_natural,12,188,18.266666666666666,0.24025273323059082,-0.12307544428052511
COHFACE_s10_session2_natural,12,189,18.3,-0.07244527339935303,0.21337197605311434
COHFACE_s10_session2_natural,12,190,18.333333333333332,-0.4270860552787781,0.5191367012474033
COHFACE_s10_session2_natural,12,191,18.366666666666667,-0.7328706979751587,0.7540027796577676
COHFACE_s10_session2_natural,12,192,18.4,-0.9371857047080994,0.8941248854902126
COHFACE_s10_session2_natural,12,193,18.433333333333334,-1.0251868963241577,0.9335253100058315
COHFACE_s10_session2_natural,12,194,18.466666666666665,-1.0545514822006226,0.8804143642189077
COHFACE_s10_session2_natural,12,195,18.5,-1.08611261844635,0.7529487756178519
COHFACE_s10_session2_natural,12,196,18.533333333333335,-1.1431076526641846,0.5769949595370759
COHFACE_s10_session2_natural,12,197,18.566666666666666,-1.2091317176818848,0.3846912022922699
COHFACE_s10_session2_natural,12,198,18.6,-0.8739593625068665,0.2109404734409583
COHFACE_s10_session2_natural,12,199,18.633333333333333,0.39435893297195435,0.08651135225862848
COHFACE_s10_session2_natural,12,200,18.666666666666668,1.6169887781143188,0.02969821144675414
COHFACE_s10_session2_natural,12,201,18.7,1.903836727142334,0.04062038815785933
COHFACE_s10_session2_natural,12,202,18.733333333333334,1.523704171180725,0.10132797819029708
COHFACE_s10_session2_natural,12,203,18.766666666666666,0.9454880356788635,0.1819913218797008
COHFACE_s10_session2_natural,12,204,18.8,0.39039355516433716,0.2507741803367244
COHFACE_s10_session2_natural,12,205,18.833333333333332,-0.006213135551661253,0.28364059784792034
COHFACE_s10_session2_natural,12,206,18.866666666666667,-0.0008142163278535008,0.2705528454674011
COHFACE_s10_session2_natural,12,207,18.9,0.2994558811187744,0.2161444350727185
COHFACE_s10_session2_natural,12,208,18.933333333333334,0.4826260805130005,0.135336825905272
COHFACE_s10_session2_natural,12,209,18.966666666666665,0.39820870757102966,0.046285953120728036
COHFACE_s10_session2_natural,12,210,19.0,0.12309502810239792,-0.03639380638721305
COHFACE_s10_session2_natural,12,211,19.033333333333335,-0.24592746794223785,-0.10575605989320651
COHFACE_s10_session2_natural,12,212,19.066666666666666,-0.5873773097991943,-0.16282746673303922
COHFACE_s10_session2_natural,12,213,19.1,-0.8246407508850098,-0.21377930843055507
COHFACE_s10_session2_natural,12,214,19.133333333333333,-0.9540761113166809,-0.26659203162165046
COHFACE_s10_session2_natural,12,215,19.166666666666668,-1.0184237957000732,-0.3297532228470453
COHFACE_s10_session2_natural,12,216,19.2,-1.0612452030181885,-0.4126483006605094
COHFACE_s10_session2_natural,12,217,19.233333333333334,-1.1110725402832031,-0.5245596467246242
COHFACE_s10_session2_natural,12,218,19.266666666666666,-1.0108283758163452,-0.66971584718464
COHFACE_s10_session2_natural,12,219,19.3,-0.06661860644817352,-0.8393345968261648
COHFACE_s10_session2_natural,12,220,19.333333333333332,1.3872166872024536,-1.0054074083881164
COHFACE_s10_session2_natural,12,221,19.366666666666667,2.1086950302124023,-1.1220190728466093
COHFACE_s10_session2_natural,12,222,19.4,1.9405654668807983,-1.1368646170022148
COHFACE_s10_session2_natural,12,223,19.433333333333334,1.4128471612930298,-1.0100225728055565
COHFACE_s10_session2_natural,12,224,19.466666666666665,0.8766893744468689,-0.7322865450858695
COHFACE_s10_session2_natural,12,225,19.5,0.4359317719936371,-0.33429743929821487
COHFACE_s10_session2_natural,12,226,19.533333333333335,0.24065735936164856,0.11864451221788333
COHFACE_s10_session2_natural,12,227,19.566666666666666,0.3945207893848419,0.5445447602269105
COHFACE_s10_session2_natural,12,228,19.6,0.601783812046051,0.8678091720666451
COHFACE_s10_session2_natural,12,229,19.633333333333333,0.6035410761833191,1.0383502554825095
COHFACE_s10_session2_natural,12,230,19.666666666666668,0.3828096389770508,1.0416665576196584
COHFACE_s10_session2_natural,12,231,19.7,0.027059005573391914,0.8997657036142671
COHFACE_s10_session2_natural,12,232,19.733333333333334,-0.33835649490356445,0.6642184767088343
COHFACE_s10_session2_natural,12,233,19.766666666666666,-0.6140713691711426,0.40235338063149484
COHFACE_s10_session2_natural,12,234,19.8,-0.7809407114982605,0.17901959749041654
COHFACE_s10_session2_natural,12,235,19.833333333333332,-0.874375581741333,0.03925792922787069
COHFACE_s10_session2_natural,12,236,19.866666666666667,-0.9454516768455505,-0.0012022769029844905
COHFACE_s10_session2_natural,12,237,19.9,-1.0099843740463257,0.04631523957456264
COHFACE_s10_session2_natural,12,238,19.933333333333334,-0.9396250247955322,0.15419270775729196
COHFACE_s10_session2_natural,12,239,19.966666666666665,-0.0645376518368721,0.28961509564776555
COHFACE_s10_session2_natural,13,0,13.0,0.27396419644355774,-0.00993157452392764
COHFACE_s10_session2_natural,13,1,13.033333333333333,0.45011693239212036,0.005600078465862464
COHFACE_s10_session2_natural,13,2,13.066666666666666,0.41175803542137146,-0.025429906473180157
COHFACE_s10_session2_natural,13,3,13.1,0.17147721350193024,-0.13199397787544576
COHFACE_s10_session2_natural,13,4,13.133333333333333,-0.15822681784629822,-0.3098137714967157
COHFACE_s10_session2_natural,13,5,13.166666666666666,-0.475294828414917,-0.5201750023323979
COHFACE_s10_session2_natural,13,6,13.2,-0.7188935875892639,-0.7015427161368378
COHFACE_s10_session2_natural,13,7,13.233333333333333,-0.8567683696746826,-0.7895278898596378
COHFACE_s10_session2_natural,13,8,13.266666666666667,-0.9178096652030945,-0.7369927098458571
COHFACE_s10_session2_natural,13,9,13.3,-0.9568160176277161,-0.5269915266402886
COHFACE_s10_session2_natural,13,10,13.333333333333334,-1.0077300071716309,-0.1768334261953474
COHFACE_s10_session2_natural,13,11,13.366666666666667,-1.0837079286575317,0.2639898783479254
COHFACE_s10_session2_natural,13,12,13.4,-0.923382043838501,0.7203830723463365
COHFACE_s10_session2_natural,13,13,13.433333333333334,0.11029716581106186,1.104304650530918
COHFACE_s10_session2_natural,13,14,13.466666666666667,1.459599256515503,1.3347053911697215
COHFACE_s10_session2_natural,13,15,13.5,2.0224857330322266,1.3608969703003329
COHFACE_s10_session2_natural,13,16,13.533333333333333,1.7623780965805054,1.1794986365195042
COHFACE_s10_session2_natural,13,17,13.566666666666666,1.2182894945144653,0.834982885094989
COHFACE_s10_session2_natural,13,18,13.6,0.7189415097236633,0.40245786565979486
COHFACE_s10_session2_natural,13,19,13.633333333333333,0.3312597870826721,-0.03799275494624832
COHFACE_s10_session2_natural,13,20,13.666666666666666,0.1989920437335968,-0.42206387736950063
COHFACE_s10_session2_natural,13,21,13.7,0.3617110848426819,-0.7087531207329837
COHFACE_s10_session2_natural,13,22,13.733333333333333,0.5369736552238464,-0.8764513286697251
COHFACE_s10_session2_natural,13,23,13.766666666666667,0.511470377445221,-0.9166412179144038
COHFACE_s10_session2_natural,13,24,13.8,0.2747618854045868,-0.8330116239715619
COHFACE_s10_session2_natural,13,25,13.833333333333334,-0.06968223303556442,-0.6462653637741408
COHFACE_s10_session2_natural,13,26,13.866666666666667,-0.4182882606983185,-0.39773047277006257
COHFACE_s10_session2_natural,13,27,13.9,-0.6869162917137146,-0.14419891978123514
COHFACE_s10_session2_natural,13,28,13.933333333333334,-0.8502249121665955,0.05672828760697676
COHFACE_s10_session2_natural,13,29,13.966666666666667,-0.9241219162940979,0.16366376972584462
COHFACE_s10_session2_natural,13,30,14.0,-0.9704462885856628,0.16195236740233054
COHFACE_s10_session2_natural,13,31,14.033333333333333,-1.021152138710022,0.0635590303861683
COHFACE_s10_session2_natural,13,32,14.066666666666666,-1.0896849632263184,-0.10095714384819535
COHFACE_s10_session2_natural,13,33,14.1,-0.9003181457519531,-0.2921567636011776
COHFACE_s10_session2_natural,13,34,14.133333333333333,0.2096049040555954,-0.4690815099743876
COHFACE_s10_session2_natural,13,35,14.166666666666666,1.6547927856445312,-0.5945524850585001
COHFACE_s10_session2_natural,13,36,14.2,2.2602694034576416,-0.6404266489551068
COHFACE_s10_session2_natural,13,37,14.233333333333333,2.006462335586548,-0.5931411122920972
COHFACE_s10_session2_natural,13,38,14.266666666666667,1.4759231805801392,-0.45709654507141306
COHFACE_s10_session2_natural,13,39,14.3,1.024807095527649,-0.25298845677680104
COHFACE_s10_session2_natural,13,40,14.333333333333334,0.6857040524482727,-0.011301499642460031
COHFACE_s10_session2_natural,13,41,14.366666666666667,0.5109617114067078,0.23553912706152474
COHFACE_s10_session2_natural,13,42,14.4,0.5796563029289246,0.45897878581632007
COHFACE_s10_session2_natural,13,43,14.433333333333334,0.6745824813842773,0.6375027236955514
COHFACE_s10_session2_natural,13,44,14.466666666666667,0.607390820980072,0.7589063165755248
COHFACE_s10_session2_natural,13,45,14.5,0.35893648862838745,0.8227689333222159
COHFACE_s10_session2_natural,13,46,14.533333333333333,0.013047249056398869,0.8409715138506157
COHFACE_s10_session2_natural,13,47,14.566666666666666,-0.3347957730293274,0.8326533275156593
COHFACE_s10_session2_natural,13,48,14.6,-0.6168575286865234,0.8135403946957596
COHFACE_s10_session2_natural,13,49,14.633333333333333,-0.8013918995857239,0.7851101733876947
COHFACE_s10_session2_natural,13,50,14.666666666666666,-0.9023528099060059,0.7312632543551123
COHFACE_s10_session2_natural,13,51,14.7,-0.9587582349777222,0.626245896714436
COHFACE_s10_session2_natural,13,52,14.733333333333333,-1.0097877979278564,0.4495125751066671
COHFACE_s10_session2_natural,13,53,14.766666666666667,-1.083742618560791,0.1982671704668415
COHFACE_s10_session2_natural,13,54,14.8,-1.1904724836349487,-0.10853555100992116
COHFACE_s10_session2_natural,13,55,14.833333333333334,-1.1296392679214478,-0.43403050093765855
COHFACE_s10_session2_natural,13,56,14.866666666666667,-0.1605505496263504,-0.7305197807615826
COHFACE_s10_session2_natural,13,57,14.9,1.440755009651184,-0.946641706312666
COHFACE_s10_session2_natural,13,58,14.933333333333334,2.2982583045959473,-1.0357644558762202
COHFACE_s10_session2_natural,13,59,14.966666666666667,2.145007610321045,-0.9680235574470241
COHFACE_s10_session2_natural,13,60,15.0,1.6316132545471191,-0.7438093982244743
COHFACE_s10_session2_natural,13,61,15.033333333333333,1.197526216506958,-0.4009357045990243
COHFACE_s10_session2_natural,13,62,15.066666666666666,0.8699262738227844,-0.007935585152661285
COHFACE_s10_session2_natural,13,63,15.1,0.6365010738372803,0.3563961959082978
COHFACE_s10_session2_natural,13,64,15.133333333333333,0.6120729446411133,0.6267544731136739
COHFACE_s10_session2_natural,13,65,15.166666666666666,0.6763975620269775,0.7648831424725504
COHFACE_s10_session2_natural,13,66,15.2,0.6175643801689148,0.7583997067836867
COHFACE_s10_session2_natural,13,67,15.233333333333333,0.38513338565826416,0.6120570150679607
COHFACE_s10_session2_natural,13,68,15.266666666666667,0.05021539703011513,0.3418288809299723
COHFACE_s10_session2_natural,13,69,15.3,-0.3040207624435425,-0.023874494689134287
COHFACE_s10_session2_natural,13,70,15.333333333333334,-0.6055278778076172,-0.44037629988512444
COHFACE_s10_session2_natural,13,71,15.366666666666667,-0.8164209723472595,-0.8484814335509826
COHFACE_s10_session2_natural,13,72,15.4,-0.9400296807289124,-1.1852288672601357
COHFACE_s10_session2_natural,13,73,15.433333333333334,-1.004724144935608,-1.399163413079662
COHFACE_s10_session2_natural,13,74,15.466666666666667,-1.0547711849212646,-1.4619685123125556
COHFACE_s10_session2_natural,13,75,15.5,-1.1183674335479736,-1.3710220400449793
COHFACE_s10_session2_natural,13,76,15.533333333333333,-1.2096750736236572,-1.1438466165852355
COHFACE_s10_session2_natural,13,77,15.566666666666666,-1.3277113437652588,-0.8101943709863774
COHFACE_s10_session2_natural,13,78,15.6,-1.1306103467941284,-0.40691827100354705
COHFACE_s10_session2_natural,13,79,15.633333333333333,0.0884355828166008,0.023706137344830343
COHFACE_s10_session2_natural,13,80,15.666666666666666,1.5927687883377075,0.43571056414872056
COHFACE_s10_session2_natural,13,81,15.7,2.1305220127105713,0.7850156745061766
COHFACE_s10_session2_natural,13,82,15.733333333333333,1.7974998950958252,1.038675107437164
COHFACE_s10_session2_natural,13,83,15.766666666666667,1.271804690361023,1.183220717948904
COHFACE_s10_session2_natural,13,84,15.8,0.8633596897125244,1.2269567557442824
COHFACE_s10_session2_natural,13,85,15.833333333333334,0.5507310628890991,1.1944870694131924
COHFACE_s10_session2_natural,13,86,15.866666666666667,0.3895496129989624,1.1164067334622167
COHFACE_s10_session2_natural,13,87,15.9,0.43971216678619385,1.019103555545675
COHFACE_s10_session2_natural,13,88,15.933333333333334,0.5019673705101013,0.9176458501955417
COHFACE_s10_session2_natural,13,89,15.966666666666667,0.40356138348579407,0.8124100410216645
COHFACE_s10_session2_natural,13,90,16.0,0.13887560367584229,0.6904554407913271
COHFACE_s10_session2_natural,13,91,16.033333333333335,-0.19478224217891693,0.5329062993763698
COHFACE_s10_session2_natural,13,92,16.066666666666666,-0.5121392607688904,0.3266467609622529
COHFACE_s10_session2_natural,13,93,16.1,-0.7734839916229248,0.07470744266012336
COHFACE_s10_session2_natural,13,94,16.133333333333333,-0.9533014893531799,-0.2010205141351475
COHFACE_s10_session2_natural,13,95,16.166666666666668,-1.0535688400268555,-0.4669349490951225
COHFACE_s10_session2_natural,13,96,16.2,-1.0991185903549194,-0.689938225531794
COHFACE_s10_session2_natural,13,97,16.233333333333334,-1.141119122505188,-0.8459628903018663
COHFACE_s10_session2_natural,13,98,16.266666666666666,-1.2022761106491089,-0.9193858240655834
COHFACE_s10_session2_natural,13,99,16.3,-1.2973294258117676,-0.8963926686218683
COHFACE_s10_session2_natural,13,100,16.333333333333332,-1.4112038612365723,-0.762310895038005
COHFACE_s10_session2_natural,13,101,16.366666666666667,-1.2244844436645508,-0.5108713209759674
COHFACE_s10_session2_natural,13,102,16.4,-0.022779840975999832,-0.16154543266604476
COHFACE_s10_session2_natural,13,103,16.433333333333334,1.4522696733474731,0.22949347415116128
COHFACE_s10_session2_natural,13,104,16.466666666666665,1.984866738319397,0.57762590986257
COHFACE_s10_session2_natural,13,105,16.5,1.660573124885559,0.797083616871464
COHFACE_s10_session2_natural,13,106,16.533333333333335,1.0920796394348145,0.8324584016376111
COHFACE_s10_session2_natural,13,107,16.566666666666666,0.6211482286453247,0.6756544486568563
COHFACE_s10_session2_natural,13,108,16.6,0.28367531299591064,0.3607839125341143
COHFACE_s10_session2_natural,13,109,16.633333333333333,0.1818126142024994,-0.05487141278469988
COHFACE_s10_session2_natural,13,110,16.666666666666668,0.3199763894081116,-0.5092256963903544
COHFACE_s10_session2_natural,13,111,16.7,0.43038254976272583,-0.9436602023424286
COHFACE_s10_session2_natural,13,112,16.733333333333334,0.337941974401474,-1.3025359015206144
COHFACE_s10_session2_natural,13,113,16.766666666666666,0.06536012142896652,-1.532535317993531
COHFACE_s10_session2_natural,13,114,16.8,-0.27440184354782104,-1.5887257900271436
COHFACE_s10_session2_natural,13,115,16.833333333333332,-0.5944872498512268,-1.4468448089843418
COHFACE_s10_session2_natural,13,116,16.866666666666667,-0.8476815223693848,-1.1151095705819363
COHFACE_s10_session2_natural,13,117,16.9,-1.0035334825515747,-0.6380048452415265
COHFACE_s10_session2_natural,13,118,16.933333333333334,-1.0850027799606323,-0.0889519140360125
COHFACE_s10_session2_natural,13,119,16.966666666666665,-1.1212807893753052,0.44558953378072963
COHFACE_s10_session2_natural,13,120,17.0,-1.1559979915618896,0.8852415946563342
COHFACE_s10_session2_natural,13,121,17.033333333333335,-1.206021785736084,1.1728616213811602
COHFACE_s10_session2_natural,13,122,17.066666666666666,-1.2924739122390747,1.2857907129770145
COHFACE_s10_session2_natural,13,123,17.1,-1.4026603698730469,1.2385179821495715
COHFACE_s10_session2_natural,13,124,17.133333333333333,-1.2130277156829834,1.0754742906776944
COHFACE_s10_session2_natural,13,125,17.166666666666668,-0.02592439390718937,0.8553109999565054
COHFACE_s10_session2_natural,13,126,17.2,1.4006967544555664,0.6319323796641771
COHFACE_s10_session2_natural,13,127,17.233333333333334,1.8960908651351929,0.44002615727627575
COHFACE_s10_session2_natural,13,128,17.266666666666666,1.5672886371612549,0.2911460466934338
COHFACE_s10_session2_natural,13,129,17.3,0.9641125798225403,0.18068841877092492
COHFACE_s10_session2_natural,13,130,17.333333333333332,0.40945741534233093,0.09954163758257915
COHFACE_s10_session2_natural,13,131,17.366666666666667,0.023960696533322334,0.04195405199049836
COHFACE_s10_session2_natural,13,132,17.4,-0.013380865566432476,0.005613220915388293
COHFACE_s10_session2_natural,13,133,17.433333333333334,0.2373162806034088,-0.013251983581101743
COHFACE_s10_session2_natural,13,134,17.466666666666665,0.40455561876296997,-0.023578981047613683
COHFACE_s10_session2_natural,13,135,17.5,0.32234635949134827,-0.03762100659182262
COHFACE_s10_session2_natural,13,136,17.533333333333335,0.051047779619693756,-0.06411742471806471
COHFACE_s10_session2_natural,13,137,17.566666666666666,-0.300540953874588,-0.10129556450494388
COHFACE_s10_session2_natural,13,138,17.6,-0.6300715804100037,-0.1350144081823657
COHFACE_s10_session2_natural,13,139,17.633333333333333,-0.8823062777519226,-0.14428182882398438
COHFACE_s10_session2_natural,13,140,17.666666666666668,-1.0351293087005615,-0.11200635239896561
COHFACE_s10_session2_natural,13,141,17.7,-1.1033498048782349,-0.035822850377914606
COHFACE_s10_session2_natural,13,142,17.733333333333334,-1.1244021654129028,0.06626781609461391
COHFACE_s10_session2_natural,13,143,17.766666666666666,-1.1471308469772339,0.1583843423580856
COHFACE_s10_session2_natural,13,144,17.8,-1.1898828744888306,0.1971085530251836
COHFACE_s10_session2_natural,13,145,17.833333333333332,-1.2682539224624634,0.14657975139437673
COHFACE_s10_session2_natural,13,146,17.866666666666667,-1.3222777843475342,-0.006613653194809886
COHFACE_s10_session2_natural,13,147,17.9,-0.7681775689125061,-0.24459762704226912
COHFACE_s10_session2_natural,13,148,17.933333333333334,0.6424317955970764,-0.5207080572307126
COHFACE_s10_session2_natural,13,149,17.966666666666665,1.6753594875335693,-0.7746237284325765
COHFACE_s10_session2_natural,13,150,18.0,1.7429442405700684,-0.9542765537573252
COHFACE_s10_session2_natural,13,151,18.033333333333335,1.2600010633468628,-1.0334129636545608
COHFACE_s10_session2_natural,13,152,18.066666666666666,0.6486052870750427,-1.0153053764101199
COHFACE_s10_session2_natural,13,153,18.1,0.11716431379318237,-0.9213541456496878
COHFACE_s10_session2_natural,13,154,18.133333333333333,-0.15596088767051697,-0.7731952262661124
COHFACE_s10_session2_natural,13,155,18.166666666666668,0.0014170287176966667,-0.5810719814614095
COHFACE_s10_session2_natural,13,156,18.2,0.307814359664917,-0.3458051744317554
COHFACE_s10_session2_natural,13,157,18.233333333333334,0.3994688391685486,-0.07106588035274965
COHFACE_s10_session2_natural,13,158,18.266666666666666,0.24025273323059082,0.22509463933040727
COHFACE_s10_session2_natural,13,159,18.3,-0.07244527339935303,0.5094518383233775
COHFACE_s10_session2_natural,13,160,18.333333333333332,-0.4270860552787781,0.7441696552103584
COHFACE_s10_session2_natural,13,161,18.366666666666667,-0.7328706979751587,0.9003255872056152
COHFACE_s10_session2_natural,13,162,18.4,-0.9371857047080994,0.9653439910297498
COHFACE_s10_session2_natural,13,163,18.433333333333334,-1.0251868963241577,0.9416572035411653
COHFACE_s10_session2_natural,13,164,18.466666666666665,-1.0545514822006226,0.840866757266302
COHFACE_s10_session2_natural,13,165,18.5,-1.08611261844635,0.6796952585648938
COHFACE_s10_session2_natural,13,166,18.533333333333335,-1.1431076526641846,0.4799601108806269
COHFACE_s10_session2_natural,13,167,18.566666666666666,-1.2091317176818848,0.26952120127866475
COHFACE_s10_session2_natural,13,168,18.6,-0.8739593625068665,0.07997917820038014
COHFACE_s10_session2_natural,13,169,18.633333333333333,0.39435893297195435,-0.06002881838554595
COHFACE_s10_session2_natural,13,170,18.666666666666668,1.6169887781143188,-0.13298055459480299
COHFACE_s10_session2_natural,13,171,18.7,1.903836727142334,-0.13737000109678466
COHFACE_s10_session2_natural,13,172,18.733333333333334,1.523704171180725,-0.0866221998510444
COHFACE_s10_session2_natural,13,173,18.766666666666666,0.9454880356788635,-0.00278747540517664
COHFACE_s10_session2_natural,13,174,18.8,0.39039355516433716,0.09197403266767626
COHFACE_s10_session2_natural,13,175,18.833333333333332,-0.006213135551661253,0.182526493357968
COHFACE_s10_session2_natural,13,176,18.866666666666667,-0.0008142163278535008,0.2634430408581412
COHFACE_s10_session2_natural,13,177,18.9,0.2994558811187744,0.336014018601535
COHFACE_s10_session2_natural,13,178,18.933333333333334,0.4826260805130005,0.4013261961126469
COHFACE_s10_session2_natural,13,179,18.966666666666665,0.39820870757102966,0.4535659198645876
COHFACE_s10_session2_natural,13,180,19.0,0.12309502810239792,0.47778056850157485
COHFACE_s10_session2_natural,13,181,19.033333333333335,-0.24592746794223785,0.45383909532271516
COHFACE_s10_session2_natural,13,182,19.066666666666666,-0.5873773097991943,0.3645906593520454
COHFACE_s10_session2_natural,13,183,19.1,-0.8246407508850098,0.2036560567322161
COHFACE_s10_session2_natural,13,184,19.133333333333333,-0.9540761113166809,-0.02133166754354674
COHFACE_s10_session2_natural,13,185,19.166666666666668,-1.0184237957000732,-0.2913206467653206
COHFACE_s10_session2_natural,13,186,19.2,-1.0612452030181885,-0.5820195571726192
COHFACE_s10_session2_natural,13,187,19.233333333333334,-1.1110725402832031,-0.8693708498486776
COHFACE_s10_session2_natural,13,188,19.266666666666666,-1.0108283758163452,-1.1307918058766095
COHFACE_s10_session2_natural,13,189,19.3,-0.06661860644817352,-1.3419929582493288
COHFACE_s10_session2_natural,13,190,19.333333333333332,1.3872166872024536,-1.473179771661447
COHFACE_s10_session2_natural,13,191,19.366666666666667,2.1086950302124023,-1.4900213682583865
COHFACE_s10_session2_natural,13,192,19.4,1.9405654668807983,-1.3622024660979812
COHFACE_s10_session2_natural,13,193,19.433333333333334,1.4128471612930298,-1.077357563495035
COHFACE_s10_session2_natural,13,194,19.466666666666665,0.8766893744468689,-0.6539663991498086
COHFACE_s10_session2_natural,13,195,19.5,0.4359317719936371,-0.14573295437524492
COHFACE_s10_session2_natural,13,196,19.533333333333335,0.24065735936164856,0.36704795626104514
COHFACE_s10_session2_natural,13,197,19.566666666666666,0.3945207893848419,0.7974041819273959
COHFACE_s10_session2_natural,13,198,19.6,0.601783812046051,1.0747516865408737
COHFACE_s10_session2_natural,13,199,19.633333333333333,0.6035410761833191,1.1615473104767875
COHFACE_s10_session2_natural,13,200,19.666666666666668,0.3828096389770508,1.0591868153500328
COHFACE_s10_session2_natural,13,201,19.7,0.027059005573391914,0.8047514127663571
COHFACE_s10_session2_natural,13,202,19.733333333333334,-0.33835649490356445,0.46130890349815384
COHFACE_s10_session2_natural,13,203,19.766666666666666,-0.6140713691711426,0.10325648463000782
COHFACE_s10_session2_natural,13,204,19.8,-0.7809407114982605,-0.2008726102127865
COHFACE_s10_session2_natural,13,205,19.833333333333332,-0.874375581741333,-0.4031101415024426
COHFACE_s10_session2_natural,13,206,19.866666666666667,-0.9454516768455505,-0.4823449616299272
COHFACE_s10_session2_natural,13,207,19.9,-1.0099843740463257,-0.43998012214043425
COHFACE_s10_session2_natural,13,208,19.933333333333334,-0.9396250247955322,-0.2899206497817111
COHFACE_s10_session2_natural,13,209,19.966666666666665,-0.0645376518368721,-0.05171217787712153
COHFACE_s10_session2_natural,13,210,20.0,1.4569865465164185,0.24866924332523282
COHFACE_s10_session2_natural,13,211,20.033333333333335,2.3140735626220703,0.5741400009530216
COHFACE_s10_session2_natural,13,212,20.066666666666666,2.20047664642334,0.8762362928007262
COHFACE_s10_session2_natural,13,213,20.1,1.688007116317749,1.1042176759315985
COHFACE_s10_session2_natural,13,214,20.133333333333333,1.205133318901062,1.2195578129381681
COHFACE_s10_session2_natural,13,215,20.166666666666668,0.8353015184402466,1.206005266129535
COHFACE_s10_session2_natural,13,216,20.2,0.6105238199234009,1.0690116155100415
COHFACE_s10_session2_natural,13,217,20.233333333333334,0.6340616941452026,0.8271633541992173
COHFACE_s10_session2_natural,13,218,20.266666666666666,0.7405140399932861,0.5040088437235001
COHFACE_s10_session2_natural,13,219,20.3,0.7083633542060852,0.12697940113097647
COHFACE_s10_session2_natural,13,220,20.333333333333332,0.48437175154685974,-0.26755252795030765
COHFACE_s10_session2_natural,13,221,20.366666666666667,0.14027446508407593,-0.6307208013838981
COHFACE_s10_session2_natural,13,222,20.4,-0.22081729769706726,-0.9064551506608475
COHFACE_s10_session2_natural,13,223,20.433333333333334,-0.5098733305931091,-1.0465263830772684
COHFACE_s10_session2_natural,13,224,20.466666666666665,-0.6985002756118774,-1.0288506952407328
COHFACE_s10_session2_natural,13,225,20.5,-0.8020623922348022,-0.8693086908426151
COHFACE_s10_session2_natural,13,226,20.533333333333335,-0.857473611831665,-0.6203573119868063
COHFACE_s10_session2_natural,13,227,20.566666666666666,-0.9079713821411133,-0.3561651411133687
COHFACE_s10_session2_natural,13,228,20.6,-0.9869551658630371,-0.14960768578362904
COHFACE_s10_session2_natural,13,229,20.633333333333333,-1.0679157972335815,-0.04939958763650903
COHFACE_s10_session2_natural,13,230,20.666666666666668,-0.6484764218330383,-0.06566822357581314
COHFACE_s10_session2_natural,13,231,20.7,0.7873702049255371,-0.16929832582766752
COHFACE_s10_session2_natural,13,232,20.733333333333334,2.1180245876312256,-0.3051154527122276
COHFACE_s10_session2_natural,13,233,20.766666666666666,2.3657736778259277,-0.4135188874730738
COHFACE_s10_session2_natural,13,234,20.8,1.945212960243225,-0.45184809760915773
COHFACE_s10_session2_natural,13,235,20.833333333333332,1.476871132850647,-0.4068873926322727
COHFACE_s10_session2_natural,13,236,20.866666666666667,1.1501151323318481,-0.2936722695795634
COHFACE_s10_session2_natural,13,237,20.9,0.8709898591041565,-0.14230923131381368
COHFACE_s10_session2_natural,13,238,20.933333333333334,0.7238548994064331,0.01888133653757102
COHFACE_s10_session2_natural,13,239,20.966666666666665,0.745219349861145,0.17373321184696752
COHFACE_s10_session2_natural,14,0,14.0,-0.9704462885856628,-0.20658078207612476
COHFACE_s10_session2_natural,14,1,14.033333333333333,-1.021152138710022,-0.2123026785283294
COHFACE_s10_session2_natural,14,2,14.066666666666666,-1.0896849632263184,-0.23385879032159443
COHFACE_s10_session2_natural,14,3,14.1,-0.9003181457519531,-0.2804504715948225
COHFACE_s10_session2_natural,14,4,14.133333333333333,0.2096049040555954,-0.34362257664775514
COHFACE_s10_session2_natural,14,5,14.166666666666666,1.6547927856445312,-0.3985100402933403
COHFACE_s10_session2_natural,14,6,14.2,2.2602694034576416,-0.41278129918479617
COHFACE_s10_session2_natural,14,7,14.233333333333333,2.006462335586548,-0.35960577251160575
COHFACE_s10_session2_natural,14,8,14.266666666666667,1.4759231805801392,-0.228830400540716
COHFACE_s10_session2_natural,14,9,14.3,1.024807095527649,-0.031434908474291576
COHFACE_s10_session2_natural,14,10,14.333333333333334,0.6857040524482727,0.20398371290246525
COHFACE_s10_session2_natural,14,11,14.366666666666667,0.5109617114067078,0.44011352123423714
COHFACE_s10_session2_natural,14,12,14.4,0.5796563029289246,0.6411643156274991
COHFACE_s10_session2_natural,14,13,14.433333333333334,0.6745824813842773,0.7812251238095137
COHFACE_s10_session2_natural,14,14,14.466666666666667,0.607390820980072,0.8491732941436447
COHFACE_s10_session2_natural,14,15,14.5,0.35893648862838745,0.8497104163991943
COHFACE_s10_session2_natural,14,16,14.533333333333333,0.013047249056398869,0.8004185473951504
COHFACE_s10_session2_natural,14,17,14.566666666666666,-0.3347957730293274,0.7251823225473228
COHFACE_s10_session2_natural,14,18,14.6,-0.6168575286865234,0.6456734059885366
COHFACE_s10_session2_natural,14,19,14.633333333333333,-0.8013918995857239,0.5740206227875548
COHFACE_s10_session2_natural,14,20,14.666666666666666,-0.9023528099060059,0.5098676027698906
COHFACE_s10_session2_natural,14,21,14.7,-0.9587582349777222,0.4430296037044767
COHFACE_s10_session2_natural,14,22,14.733333333333333,-1.0097877979278564,0.35975401376190713
COHFACE_s10_session2_natural,14,23,14.766666666666667,-1.083742618560791,0.24885150790740507
COHFACE_s10_session2_natural,14,24,14.8,-1.1904724836349487,0.10536090162598287
COHFACE_s10_session2_natural,14,25,14.833333333333334,-1.1296392679214478,-0.06789438620809697
COHFACE_s10_session2_natural,14,26,14.866666666666667,-0.1605505496263504,-0.25934311827165435
COHFACE_s10_session2_natural,14,27,14.9,1.440755009651184,-0.4481167916652329
COHFACE_s10_session2_natural,14,28,14.933333333333334,2.2982583045959473,-0.6061277730642844
COHFACE_s10_session2_natural,14,29,14.966666666666667,2.145007610321045,-0.7051089217046351
COHFACE_s10_session2_natural,14,30,15.0,1.6316132545471191,-0.7272754917695521
COHFACE_s10_session2_natural,14,31,15.033333333333333,1.197526216506958,-0.6740847528328612
COHFACE_s10_session2_natural,14,32,15.066666666666666,0.8699262738227844,-0.5671794212909003
COHFACE_s10_session2_natural,14,33,15.1,0.6365010738372803,-0.4400701292535119
COHFACE_s10_session2_natural,14,34,15.133333333333333,0.6120729446411133,-0.3256063754145379
COHFACE_s10_session2_natural,14,35,15.166666666666666,0.6763975620269775,-0.24696265977338527
COHFACE_s10_session2_natural,14,36,15.2,0.6175643801689148,-0.21576436936861018
COHFACE_s10_session2_natural,14,37,15.233333333333333,0.38513338565826416,-0.234792178977531
COHFACE_s10_session2_natural,14,38,15.266666666666667,0.05021539703011513,-0.30048647281310986
COHFACE_s10_session2_natural,14,39,15.3,-0.3040207624435425,-0.40284515713549235
COHFACE_s10_session2_natural,14,40,15.333333333333334,-0.6055278778076172,-0.5241778460428526
COHFACE_s10_session2_natural,14,41,15.366666666666667,-0.8164209723472595,-0.6399375410377528
COHFACE_s10_session2_natural,14,42,15.4,-0.9400296807289124,-0.7230175455167352
COHFACE_s10_session2_natural,14,43,15.433333333333334,-1.004724144935608,-0.749867784725291
COHFACE_s10_session2_natural,14,44,15.466666666666667,-1.0547711849212646,-0.7056151678558348
COHFACE_s10_session2_natural,14,45,15.5,-1.1183674335479736,-0.5863781073906432
COHFACE_s10_session2_natural,14,46,15.533333333333333,-1.2096750736236572,-0.39877005697615486
COHFACE_s10_session2_natural,14,47,15.566666666666666,-1.3277113437652588,-0.1578510035848805
COHFACE_s10_session2_natural,14,48,15.6,-1.1306103467941284,0.1151699841193558
COHFACE_s10_session2_natural,14,49,15.633333333333333,0.0884355828166008,0.3950428375806564
COHFACE_s10_session2_natural,14,50,15.666666666666666,1.5927687883377075,0.6548738051860363
COHFACE_s10_session2_natural,14,51,15.7,2.1305220127105713,0.8694908197302519
COHFACE_s10_session2_natural,14,52,15.733333333333333,1.7974998950958252,1.019715581379132
COHFACE_s10_session2_natural,14,53,15.766666666666667,1.271804690361023,1.0963652417537735
COHFACE_s10_session2_natural,14,54,15.8,0.8633596897125244,1.102206720227323
COHFACE_s10_session2_natural,14,55,15.833333333333334,0.5507310628890991,1.0506234948363702
COHFACE_s10_session2_natural,14,56,15.866666666666667,0.3895496129989624,0.9612567331527696
COHFACE_s10_session2_natural,14,57,15.9,0.43971216678619385,0.8541590770153666
COHFACE_s10_session2_natural,14,58,15.933333333333334,0.5019673705101013,0.7441876498991742
COHFACE_s10_session2_natural,14,59,15.966666666666667,0.40356138348579407,0.6371268383742107
COHFACE_s10_session2_natural,14,60,16.0,0.13887560367584229,0.5290454343764799
COHFACE_s10_session2_natural,14,61,16.033333333333335,-0.19478224217891693,0.4098724240442604
COHFACE_s10_session2_natural,14,62,16.066666666666666,-0.5121392607688904,0.2703496736714117
COHFACE_s10_session2_natural,14,63,16.1,-0.7734839916229248,0.10915693414637188
COHFACE_s10_session2_natural,14,64,16.133333333333333,-0.9533014893531799,-0.06409357469341546
COHFACE_s10_session2_natural,14,65,16.166666666666668,-1.0535688400268555,-0.2322994340020377
COHFACE_s10_session2_natural,14,66,16.2,-1.0991185903549194,-0.378376568417109
COHFACE_s10_session2_natural,14,67,16.233333333333334,-1.141119122505188,-0.49118454305182435
COHFACE_s10_session2_natural,14,68,16.266666666666666,-1.2022761106491089,-0.5657839218609173
COHFACE_s10_session2_natural,14,69,16.3,-1.2973294258117676,-0.5990448031317706
COHFACE_s10_session2_natural,14,70,16.333333333333332,-1.4112038612365723,-0.5860631903597
COHFACE_s10_session2_natural,14,71,16.366666666666667,-1.2244844436645508,-0.5225113482361033
COHFACE_s10_session2_natural,14,72,16.4,-0.022779840975999832,-0.4123908116119567
COHFACE_s10_session2_natural,14,73,16.433333333333334,1.4522696733474731,-0.27473272051706066
COHFACE_s10_session2_natural,14,74,16.466666666666665,1.984866738319397,-0.1422168470438885
COHFACE_s10_session2_natural,14,75,16.5,1.660573124885559,-0.05029879781205811
COHFACE_s10_session2_natural,14,76,16.533333333333335,1.0920796394348145,-0.023232986971475078
COHFACE_s10_session2_natural,14,77,16.566666666666666,0.6211482286453247,-0.066320804590422
COHFACE_s10_session2_natural,14,78,16.6,0.28367531299591064,-0.1683897195294768
COHFACE_s10_session2_natural,14,79,16.633333333333333,0.1818126142024994,-0.310397298914986
COHFACE_s10_session2_natural,14,80,16.666666666666668,0.3199763894081116,-0.4726104467749812
COHFACE_s10_session2_natural,14,81,16.7,0.43038254976272583,-0.6358189734532715
COHFACE_s10_session2_natural,14,82,16.733333333333334,0.337941974401474,-0.7782975857716319
COHFACE_s10_session2_natural,14,83,16.766666666666666,0.06536012142896652,-0.874162265612345
COHFACE_s10_session2_natural,14,84,16.8,-0.27440184354782104,-0.897014080114737
COHFACE_s10_session2_natural,14,85,16.833333333333332,-0.5944872498512268,-0.8278178872746351
COHFACE_s10_session2_natural,14,86,16.866666666666667,-0.8476815223693848,-0.662457187018564
COHFACE_s10_session2_natural,14,87,16.9,-1.0035334825515747,-0.4146083358996952
COHFACE_s10_session2_natural,14,88,16.933333333333334,-1.0850027799606323,-0.11283171594093276
COHFACE_s10_session2_natural,14,89,16.966666666666665,-1.1212807893753052,0.20591101578973123
COHFACE_s10_session2_natural,14,90,17.0,-1.1559979915618896,0.503320348406651
COHFACE_s10_session2_natural,14,91,17.033333333333335,-1.206021785736084,0.7458056030948508
COHFACE_s10_session2_natural,14,92,17.066666666666666,-1.2924739122390747,0.9095276071151344
COHFACE_s10_session2_natural,14,93,17.1,-1.4026603698730469,0.9846227947061644
COHFACE_s10_session2_natural,14,94,17.133333333333333,-1.2130277156829834,0.9774529159458903
COHFACE_s10_session2_natural,14,95,17.166666666666668,-0.02592439390718937,0.9089403352120388
COHFACE_s10_session2_natural,14,96,17.2,1.4006967544555664,0.8084778511214582
COHFACE_s10_session2_natural,14,97,17.233333333333334,1.8960908651351929,0.7053791082274178
COHFACE_s10_session2_natural,14,98,17.266666666666666,1.5672886371612549,0.6211827364659828
COHFACE_s10_session2_natural,14,99,17.3,0.9641125798225403,0.5653840922919972
COHFACE_s10_session2_natural,14,100,17.333333333333332,0.40945741534233093,0.5349895406653815
COHFACE_s10_session2_natural,14,101,17.366666666666667,0.023960696533322334,0.5166818810977017
COHFACE_s10_session2_natural,14,102,17.4,-0.013380865566432476,0.4906243605829427
COHFACE_s10_session2_natural,14,103,17.433333333333334,0.2373162806034088,0.4357784290106647
COHFACE_s10_session2_natural,14,104,17.466666666666665,0.40455561876296997,0.33639496799179464
COHFACE_s10_session2_natural,14,105,17.5,0.32234635949134827,0.18818908263272188
COHFACE_s10_session2_natural,14,106,17.533333333333335,0.051047779619693756,0.001804508361242716
COHFACE_s10_session2_natural,14,107,17.566666666666666,-0.300540953874588,-0.19846789053561026
COHFACE_s10_session2_natural,14,108,17.6,-0.6300715804100037,-0.38096558517463147
COHFACE_s10_session2_natural,14,109,17.633333333333333,-0.8823062777519226,-0.5160174305894447
COHFACE_s10_session2_natural,14,110,17.666666666666668,-1.0351293087005615,-0.5852514301600037
COHFACE_s10_session2_natural,14,111,17.7,-1.1033498048782349,-0.5878079418876956
COHFACE_s10_session2_natural,14,112,17.733333333333334,-1.1244021654129028,-0.5415146410308127
COHFACE_s10_session2_natural,14,113,17.766666666666666,-1.1471308469772339,-0.4783958350863796
COHFACE_s10_session2_natural,14,114,17.8,-1.1898828744888306,-0.4350164234146879
COHFACE_s10_session2_natural,14,115,17.833333333333332,-1.2682539224624634,-0.4396137151036181
COHFACE_s10_session2_natural,14,116,17.866666666666667,-1.3222777843475342,-0.4999965679914229
COHFACE_s10_session2_natural,14,117,17.9,-0.7681775689125061,-0.5976951094810907
COHFACE_s10_session2_natural,14,118,17.933333333333334,0.6424317955970764,-0.6930409104294272
COHFACE_s10_session2_natural,14,119,17.966666666666665,1.6753594875335693,-0.7413669640423708
COHFACE_s10_session2_natural,14,120,18.0,1.7429442405700684,-0.7136061698196324
COHFACE_s10_session2_natural,14,121,18.033333333333335,1.2600010633468628,-0.6103903014459053
COHFACE_s10_session2_natural,14,122,18.066666666666666,0.6486052870750427,-0.4614872367718382
COHFACE_s10_session2_natural,14,123,18.1,0.11716431379318237,-0.3106064201321123
COHFACE_s10_session2_natural,14,124,18.133333333333333,-0.15596088767051697,-0.19409249715391966
COHFACE_s10_session2_natural,14,125,18.166666666666668,0.0014170287176966667,-0.12524853693623156
COHFACE_s10_session2_natural,14,126,18.2,0.307814359664917,-0.09172691547515058
COHFACE_s10_session2_natural,14,127,18.233333333333334,0.3994688391685486,-0.06519673917163293
COHFACE_s10_session2_natural,14,128,18.266666666666666,0.24025273323059082,-0.016115678005636087
COHFACE_s10_session2_natural,14,129,18.3,-0.07244527339935303,0.0745432586182573
COHFACE_s10_session2_natural,14,130,18.333333333333332,-0.4270860552787781,0.21056804450607416
COHFACE_s10_session2_natural,14,131,18.366666666666667,-0.7328706979751587,0.38156219178999695
COHFACE_s10_session2_natural,14,132,18.4,-0.9371857047080994,0.5665159697263165
COHFACE_s10_session2_natural,14,133,18.433333333333334,-1.0251868963241577,0.7380008524901958
COHFACE_s10_session2_natural,14,134,18.466666666666665,-1.0545514822006226,0.8674315704045023
COHFACE_s10_session2_natural,14,135,18.5,-1.08611261844635,0.932267016730351
COHFACE_s10_session2_natural,14,136,18.533333333333335,-1.1431076526641846,0.9236873106256706
COHFACE_s10_session2_natural,14,137,18.566666666666666,-1.2091317176818848,0.8509678573245181
COHFACE_s10_session2_natural,14,138,18.6,-0.8739593625068665,0.7394154101663787
COHFACE_s10_session2_natural,14,139,18.633333333333333,0.39435893297195435,0.6218832704966712
COHFACE_s10_session2_natural,14,140,18.666666666666668,1.6169887781143188,0.5272016993947441
COHFACE_s10_session2_natural,14,141,18.7,1.903836727142334,0.4703512473187148
COHFACE_s10_session2_natural,14,142,18.733333333333334,1.523704171180725,0.4481584102899676
COHFACE_s10_session2_natural,14,143,18.766666666666666,0.9454880356788635,0.4417333122101541
COHFACE_s10_session2_natural,14,144,18.8,0.39039355516433716,0.42432988318365017
COHFACE_s10_session2_natural,14,145,18.833333333333332,-0.006213135551661253,0.3714951887562255
COHFACE_s10_session2_natural,14,146,18.866666666666667,-0.0008142163278535008,0.26962644795179896
COHFACE_s10_session2_natural,14,147,18.9,0.2994558811187744,0.11992217410443448
COHFACE_s10_session2_natural,14,148,18.933333333333334,0.4826260805130005,-0.06295522658855512
COHFACE_s10_session2_natural,14,149,18.966666666666665,0.39820870757102966,-0.25597643645634693
COHFACE_s10_session2_natural,14,150,19.0,0.12309502810239792,-0.4343495191837785
COHFACE_s10_session2_natural,14,151,19.033333333333335,-0.24592746794223785,-0.577762305453686
COHFACE_s10_session2_natural,14,152,19.066666666666666,-0.5873773097991943,-0.6749418900010413
COHFACE_s10_session2_natural,14,153,19.1,-0.8246407508850098,-0.7257868078631726
COHFACE_s10_session2_natural,14,154,19.133333333333333,-0.9540761113166809,-0.7409969010494294
COHFACE_s10_session2_natural,14,155,19.166666666666668,-1.0184237957000732,-0.7394344504348692
COHFACE_s10_session2_natural,14,156,19.2,-1.0612452030181885,-0.7432480930283736
COHFACE_s10_session2_natural,14,157,19.233333333333334,-1.1110725402832031,-0.7709302447303118
COHFACE_s10_session2_natural,14,158,19.266666666666666,-1.0108283758163452,-0.8296004979435522
COHFACE_s10_session2_natural,14,159,19.3,-0.06661860644817352,-0.9092077715054915
COHFACE_s10_session2_natural,14,160,19.333333333333332,1.3872166872024536,-0.9817853714338782
COHFACE_s10_session2_natural,14,161,19.366666666666667,2.1086950302124023,-1.0076777846186677
COHFACE_s10_session2_natural,14,162,19.4,1.9405654668807983,-0.9479753309924773
COHFACE_s10_session2_natural,14,163,19.433333333333334,1.4128471612930298,-0.7793814667502601
COHFACE_s10_session2_natural,14,164,19.466666666666665,0.8766893744468689,-0.5058687527737937
COHFACE_s10_session2_natural,14,165,19.5,0.4359317719936371,-0.16179258368357294
COHFACE_s10_session2_natural,14,166,19.533333333333335,0.24065735936164856,0.1960659513466527
COHFACE_s10_session2_natural,14,167,19.566666666666666,0.3945207893848419,0.5053543658520686
COHFACE_s10_session2_natural,14,168,19.6,0.601783812046051,0.7171420543680573
COHFACE_s10_session2_natural,14,169,19.633333333333333,0.6035410761833191,0.8092563628122484
COHFACE_s10_session2_natural,14,170,19.666666666666668,0.3828096389770508,0.7899314423893241
COHFACE_s10_session2_natural,14,171,19.7,0.027059005573391914,0.6925680285025516
COHFACE_s10_session2_natural,14,172,19.733333333333334,-0.33835649490356445,0.5644589468743798
COHFACE_s10_session2_natural,14,173,19.766666666666666,-0.6140713691711426,0.45252283726871106
COHFACE_s10_session2_natural,14,174,19.8,-0.7809407114982605,0.38968826318923816
COHFACE_s10_session2_natural,14,175,19.833333333333332,-0.874375581741333,0.3863588825745216
COHFACE_s10_session2_natural,14,176,19.866666666666667,-0.9454516768455505,0.4306776590985634
COHFACE_s10_session2_natural,14,177,19.9,-1.0099843740463257,0.4977517300909896
COHFACE_s10_session2_natural,14,178,19.933333333333334,-0.9396250247955322,0.56270650497277
COHFACE_s10_session2_natural,14,179,19.966666666666665,-0.0645376518368721,0.6100789667646714
COHFACE_s10_session2_natural,14,180,20.0,1.4569865465164185,0.6355464139204458
COHFACE_s10_session2_natural,14,181,20.033333333333335,2.3140735626220703,0.6417504317704885
COHFACE_s10_session2_natural,14,182,20.066666666666666,2.20047664642334,0.6328642173117296
COHFACE_s10_session2_natural,14,183,20.1,1.688007116317749,0.6113064454316864
COHFACE_s10_session2_natural,14,184,20.133333333333333,1.205133318901062,0.5766607197297755
COHFACE_s10_session2_natural,14,185,20.166666666666668,0.8353015184402466,0.5248412310961335
COHFACE_s10_session2_natural,14,186,20.2,0.6105238199234009,0.4467586836633601
COHFACE_s10_session2_natural,14,187,20.233333333333334,0.6340616941452026,0.32833270269690235
COHFACE_s10_session2_natural,14,188,20.266666666666666,0.7405140399932861,0.1545627091975242
COHFACE_s10_session2_natural,14,189,20.3,0.7083633542060852,-0.0818228704941657
COHFACE_s10_session2_natural,14,190,20.333333333333332,0.48437175154685974,-0.3706769644408184
COHFACE_s10_session2_natural,14,191,20.366666666666667,0.14027446508407593,-0.6797104091410145
COHFACE_s10_session2_natural,14,192,20.4,-0.22081729769706726,-0.9590637635149607
COHFACE_s10_session2_natural,14,193,20.433333333333334,-0.5098733305931091,-1.1548845651010398
COHFACE_s10_session2_natural,14,194,20.466666666666665,-0.6985002756118774,-1.2270871779354642
COHFACE_s10_session2_natural,14,195,20.5,-0.8020623922348022,-1.1642906005225857
COHFACE_s10_session2_natural,14,196,20.533333333333335,-0.857473611831665,-0.9898771615060864
COHFACE_s10_session2_natural,14,197,20.566666666666666,-0.9079713821411133,-0.7562793507605055
COHFACE_s10_session2_natural,14,198,20.6,-0.9869551658630371,-0.5285861870852061
COHFACE_s10_session2_natural,14,199,20.633333333333333,-1.0679157972335815,-0.36268884319379857
COHFACE_s10_session2_natural,14,200,20.666666666666668,-0.6484764218330383,-0.2863328263626906
COHFACE_s10_session2_natural,14,201,20.7,0.7873702049255371,-0.29109584655449616
COHFACE_s10_session2_natural,14,202,20.733333333333334,2.1180245876312256,-0.33842741972710666
COHFACE_s10_session2_natural,14,203,20.766666666666666,2.3657736778259277,-0.3763894886068721
COHFACE_s10_session2_natural,14,204,20.8,1.945212960243225,-0.3595420203611581
COHFACE_s10_session2_natural,14,205,20.833333333333332,1.476871132850647,-0.2641208803062304
COHFACE_s10_session2_natural,14,206,20.866666666666667,1.1501151323318481,-0.0937142171685373
COHFACE_s10_session2_natural,14,207,20.9,0.8709898591041565,0.12475076545210786
COHFACE_s10_session2_natural,14,208,20.933333333333334,0.7238548994064331,0.3510759570107268
COHFACE_s10_session2_natural,14,209,20.966666666666665,0.745219349861145,0.5432532340085364
COHFACE_s10_session2_natural,14,210,21.0,0.7331613302230835,0.6675283755746517
COHFACE_s10_session2_natural,14,211,21.033333333333335,0.558858335018158,0.7063635577148566
COHFACE_s10_session2_natural,14,212,21.066666666666666,0.2604379951953888,0.6635438602694326
COHFACE_s10_session2_natural,14,213,21.1,-0.08031821995973587,0.5643927343494779
COHFACE_s10_session2_natural,14,214,21.133333333333333,-0.3957677185535431,0.4489566523435684
COHFACE_s10_session2_natural,14,215,21.166666666666668,-0.6374358534812927,0.3585708781355799
COHFACE_s10_session2_natural,14,216,21.2,-0.7873916625976562,0.3205917993977622
COHFACE_s10_session2_natural,14,217,21.233333333333334,-0.8579360246658325,0.33868095802151865
COHFACE_s10_session2_natural,14,218,21.266666666666666,-0.9095668196678162,0.3938932676793708
COHFACE_s10_session2_natural,14,219,21.3,-0.9807122945785522,0.4559020891494496
COHFACE_s10_session2_natural,14,220,21.333333333333332,-1.0790027379989624,0.49771018739482237
COHFACE_s10_session2_natural,14,221,21.366666666666667,-1.1694895029067993,0.5054665957188524
COHFACE_s10_session2_natural,14,222,21.4,-0.7628017663955688,0.4790969921012363
COHFACE_s10_session2_natural,14,223,21.433333333333334,0.6569753289222717,0.4258053699241936
COHFACE_s10_session2_natural,14,224,21.466666666666665,1.9655253887176514,0.35226874486793586
COHFACE_s10_session2_natural,14,225,21.5,2.1787307262420654,0.26063444678145886
COHFACE_s10_session2_natural,14,226,21.533333333333335,1.742065668106079,0.14948324639843114
COHFACE_s10_session2_natural,14,227,21.566666666666666,1.2868107557296753,0.017115115795051195
COHFACE_s10_session2_natural,14,228,21.6,0.9752456545829773,-0.1362520590964928
COHFACE_s10_session2_natural,14,229,21.633333333333333,0.7083864212036133,-0.3084442268227568
COHFACE_s10_session2_natural,14,230,21.666666666666668,0.5783036947250366,-0.49543774919972655
COHFACE_s10_session2_natural,14,231,21.7,0.605286717414856,-0.6891475398213428
COHFACE_s10_session2_natural,14,232,21.733333333333334,0.5910900235176086,-0.8736592091524024
COHFACE_s10_session2_natural,14,233,21.766666666666666,0.4093186855316162,-1.0238014001916405
COHFACE_s10_session2_natural,14,234,21.8,0.10433176159858704,-1.1091709136441852
COHFACE_s10_session2_natural,14,235,21.833333333333332,-0.2281237542629242,-1.1029191182926295
COHFACE_s10_session2_natural,14,236,21.866666666666667,-0.5309025645256042,-0.9911541787691682
COHFACE_s10_session2_natural,14,237,21.9,-0.7520154714584351,-0.7783190693654691
COHFACE_s10_session2_natural,14,238,21.933333333333334,-0.8831617832183838,-0.48668296925230375
COHFACE_s10_session2_natural,14,239,21.966666666666665,-0.9483303427696228,-0.15150707105148864
COHFACE_s10_session2_natural,15,0,15.0,1.6316132545471191,0.0483580501512232
COHFACE_s10_session2_natural,15,1,15.033333333333333,1.197526216506958,0.31269632515129947
COHFACE_s10_session2_natural,15,2,15.066666666666666,0.8699262738227844,0.5239127705692213
COHFACE_s10_session2_natural,15,3,15.1,0.6365010738372803,0.6467902221286159
COHFACE_s10_session2_natural,15,4,15.133333333333333,0.6120729446411133,0.6689385462649652
COHFACE_s10_session2_natural,15,5,15.166666666666666,0.6763975620269775,0.5994872562342677
COHFACE_s10_session2_natural,15,6,15.2,0.6175643801689148,0.45941794912792044
COHFACE_s10_session2_natural,15,7,15.233333333333333,0.38513338565826416,0.27007902145698237
COHFACE_s10_session2_natural,15,8,15.266666666666667,0.05021539703011513,0.046974030428261676
COHFACE_s10_session2_natural,15,9,15.3,-0.3040207624435425,-0.1984973685754882
COHFACE_s10_session2_natural,15,10,15.333333333333334,-0.6055278778076172,-0.45271937330413414
COHFACE_s10_session2_natural,15,11,15.366666666666667,-0.8164209723472595,-0.6953375186854549
COHFACE_s10_session2_natural,15,12,15.4,-0.9400296807289124,-0.9005284822634247
COHFACE_s10_session2_natural,15,13,15.433333333333334,-1.004724144935608,-1.0431097208712352
COHFACE_s10_session2_natural,15,14,15.466666666666667,-1.0547711849212646,-1.1053283968779475
COHFACE_s10_session2_natural,15,15,15.5,-1.1183674335479736,-1.0803141527185587
COHFACE_s10_session2_natural,15,16,15.533333333333333,-1.2096750736236572,-0.9708853782796163
COHFACE_s10_session2_natural,15,17,15.566666666666666,-1.3277113437652588,-0.7856581312357876
COHFACE_s10_session2_natural,15,18,15.6,-1.1306103467941284,-0.5360659825334104
COHFACE_s10_session2_natural,15,19,15.633333333333333,0.0884355828166008,-0.23673228111306047
COHFACE_s10_session2_natural,15,20,15.666666666666666,1.5927687883377075,0.09169848947956429
COHFACE_s10_session2_natural,15,21,15.7,2.1305220127105713,0.42086220589149154
COHFACE_s10_session2_natural,15,22,15.733333333333333,1.7974998950958252,0.7173337307259462
COHFACE_s10_session2_natural,15,23,15.766666666666667,1.271804690361023,0.9497686092476761
COHFACE_s10_session2_natural,15,24,15.8,0.8633596897125244,1.0971372586382468
COHFACE_s10_session2_natural,15,25,15.833333333333334,0.5507310628890991,1.1534740446222786
COHFACE_s10_session2_natural,15,26,15.866666666666667,0.3895496129989624,1.1267561367312742
COHFACE_s10_session2_natural,15,27,15.9,0.43971216678619385,1.0329622864341983
COHFACE_s10_session2_natural,15,28,15.933333333333334,0.5019673705101013,0.8884203985639288
COHFACE_s10_session2_natural,15,29,15.966666666666667,0.40356138348579407,0.703953870531342
COHFACE_s10_session2_natural,15,30,16.0,0.13887560367584229,0.4837150514810903
COHFACE_s10_session2_natural,15,31,16.033333333333335,-0.19478224217891693,0.22977807251061935
COHFACE_s10_session2_natural,15,32,16.066666666666666,-0.5121392607688904,-0.04945000277301086
COHFACE_s10_session2_natural,15,33,16.1,-0.7734839916229248,-0.33196216770013176
COHFACE_s10_session2_natural,15,34,16.133333333333333,-0.9533014893531799,-0.5819203644733623
COHFACE_s10_session2_natural,15,35,16.166666666666668,-1.0535688400268555,-0.7589497647685193
COHFACE_s10_session2_natural,15,36,16.2,-1.0991185903549194,-0.8325356824940847
COHFACE_s10_session2_natural,15,37,16.233333333333334,-1.141119122505188,-0.7926111221083653
COHFACE_s10_session2_natural,15,38,16.266666666666666,-1.2022761106491089,-0.6501193684277664
COHFACE_s10_session2_natural,15,39,16.3,-1.2973294258117676,-0.4288781611478029
COHFACE_s10_session2_natural,15,40,16.333333333333332,-1.4112038612365723,-0.15631053321936383
COHFACE_s10_session2_natural,15,41,16.366666666666667,-1.2244844436645508,0.13963235736215532
COHFACE_s10_session2_natural,15,42,16.4,-0.022779840975999832,0.42701946293181464
COHFACE_s10_session2_natural,15,43,16.433333333333334,1.4522696733474731,0.6666939376464005
COHFACE_s10_session2_natural,15,44,16.466666666666665,1.984866738319397,0.8163272617462197
COHFACE_s10_session2_natural,15,45,16.5,1.660573124885559,0.8424518792772323
COHFACE_s10_session2_natural,15,46,16.533333333333335,1.0920796394348145,0.7332770002367821
COHFACE_s10_session2_natural,15,47,16.566666666666666,0.6211482286453247,0.5029801793065148
COHFACE_s10_session2_natural,15,48,16.6,0.28367531299591064,0.18458683761754208
COHFACE_s10_session2_natural,15,49,16.633333333333333,0.1818126142024994,-0.1828009967264633
COHFACE_s10_session2_natural,15,50,16.666666666666668,0.3199763894081116,-0.5635998516307623
COHFACE_s10_session2_natural,15,51,16.7,0.43038254976272583,-0.9270605498166266
COHFACE_s10_session2_natural,15,52,16.733333333333334,0.337941974401474,-1.2420220809368359
COHFACE_s10_session2_natural,15,53,16.766666666666666,0.06536012142896652,-1.4717160865992838
COHFACE_s10_session2_natural,15,54,16.8,-0.27440184354782104,-1.5749530884278191
COHFACE_s10_session2_natural,15,55,16.833333333333332,-0.5944872498512268,-1.5154558967021052
COHFACE_s10_session2_natural,15,56,16.866666666666667,-0.8476815223693848,-1.2756441559579137
COHFACE_s10_session2_natural,15,57,16.9,-1.0035334825515747,-0.8682011809397319
COHFACE_s10_session2_natural,15,58,16.933333333333334,-1.0850027799606323,-0.33977311346859884
COHFACE_s10_session2_natural,15,59,16.966666666666665,-1.1212807893753052,0.235372514293615
COHFACE_s10_session2_natural,15,60,17.0,-1.1559979915618896,0.770352347668001
COHFACE_s10_session2_natural,15,61,17.033333333333335,-1.206021785736084,1.185220485102165
COHFACE_s10_session2_natural,15,62,17.066666666666666,-1.2924739122390747,1.4252756647366789
COHFACE_s10_session2_natural,15,63,17.1,-1.4026603698730469,1.472455371401879
COHFACE_s10_session2_natural,15,64,17.133333333333333,-1.2130277156829834,1.3464643854938045
COHFACE_s10_session2_natural,15,65,17.166666666666668,-0.02592439390718937,1.0959403617234929
COHFACE_s10_session2_natural,15,66,17.2,1.4006967544555664,0.7833922844621893
COHFACE_s10_session2_natural,15,67,17.233333333333334,1.8960908651351929,0.46932062093190685
COHFACE_s10_session2_natural,15,68,17.266666666666666,1.5672886371612549,0.20015993412424513
COHFACE_s10_session2_natural,15,69,17.3,0.9641125798225403,0.002231157326255951
COHFACE_s10_session2_natural,15,70,17.333333333333332,0.40945741534233093,-0.11868357136448619
COHFACE_s10_session2_natural,15,71,17.366666666666667,0.023960696533322334,-0.17370994728765746
COHFACE_s10_session2_natural,15,72,17.4,-0.013380865566432476,-0.18434033670876793
COHFACE_s10_session2_natural,15,73,17.433333333333334,0.2373162806034088,-0.17392401516552428
COHFACE_s10_session2_natural,15,74,17.466666666666665,0.40455561876296997,-0.1593543021024021
COHFACE_s10_session2_natural,15,75,17.5,0.32234635949134827,-0.14605666033262038
COHFACE_s10_session2_natural,15,76,17.533333333333335,0.051047779619693756,-0.12818130869958103
COHFACE_s10_session2_natural,15,77,17.566666666666666,-0.300540953874588,-0.09347076512870665
COHFACE_s10_session2_natural,15,78,17.6,-0.6300715804100037,-0.030501012072769094
COHFACE_s10_session2_natural,15,79,17.633333333333333,-0.8823062777519226,0.06439343981667629
COHFACE_s10_session2_natural,15,80,17.666666666666668,-1.0351293087005615,0.1825287327034911
COHFACE_s10_session2_natural,15,81,17.7,-1.1033498048782349,0.3017425328304502
COHFACE_s10_session2_natural,15,82,17.733333333333334,-1.1244021654129028,0.3893172021667823
COHFACE_s10_session2_natural,15,83,17.766666666666666,-1.1471308469772339,0.4090572402769766
COHFACE_s10_session2_natural,15,84,17.8,-1.1898828744888306,0.3316261272182542
COHFACE_s10_session2_natural,15,85,17.833333333333332,-1.2682539224624634,0.14569380925659473
COHFACE_s10_session2_natural,15,86,17.866666666666667,-1.3222777843475342,-0.1340264217815409
COHFACE_s10_session2_natural,15,87,17.9,-0.7681775689125061,-0.4659711784427034
COHFACE_s10_session2_natural,15,88,17.933333333333334,0.6424317955970764,-0.7903214739894197
COHFACE_s10_session2_natural,15,89,17.966666666666665,1.6753594875335693,-1.0453777869386052
COHFACE_s10_session2_natural,15,90,18.0,1.7429442405700684,-1.1860187345958926
COHFACE_s10_session2_natural,15,91,18.033333333333335,1.2600010633468628,-1.196613502796191
COHFACE_s10_session2_natural,15,92,18.066666666666666,0.6486052870750427,-1.092647245717984
COHFACE_s10_session2_natural,15,93,18.1,0.11716431379318237,-0.9104887560824266
COHFACE_s10_session2_natural,15,94,18.133333333333333,-0.15596088767051697,-0.690669024498674
COHFACE_s10_session2_natural,15,95,18.166666666666668,0.0014170287176966667,-0.46319280033692073
COHFACE_s10_session2_natural,15,96,18.2,0.307814359664917,-0.2415925445520363
COHFACE_s10_session2_natural,15,97,18.233333333333334,0.3994688391685486,-0.026850690074338424
COHFACE_s10_session2_natural,15,98,18.266666666666666,0.24025273323059082,0.18350621637738915
COHFACE_s10_session2_natural,15,99,18.3,-0.07244527339935303,0.38788826105165963
COHFACE_s10_session2_natural,15,100,18.333333333333332,-0.4270860552787781,0.5783686886106204
COHFACE_s10_session2_natural,15,101,18.366666666666667,-0.7328706979751587,0.7425638066568219
COHFACE_s10_session2_natural,15,102,18.4,-0.9371857047080994,0.8663854895928478
COHFACE_s10_session2_natural,15,103,18.433333333333334,-1.0251868963241577,0.9356425770480385
COHFACE_s10_session2_natural,15,104,18.466666666666665,-1.0545514822006226,0.9372705559412527
COHFACE_s10_session2_natural,15,105,18.5,-1.08611261844635,0.8623692456356622
COHFACE_s10_session2_natural,15,106,18.533333333333335,-1.1431076526641846,0.7116403165457795
COHFACE_s10_session2_natural,15,107,18.566666666666666,-1.2091317176818848,0.5008556069405031
COHFACE_s10_session2_natural,15,108,18.6,-0.8739593625068665,0.26240379424615184
COHFACE_s10_session2_natural,15,109,18.633333333333333,0.39435893297195435,0.04011868631268564
COHFACE_s10_session2_natural,15,110,18.666666666666668,1.6169887781143188,-0.12200717581026181
COHFACE_s10_session2_natural,15,111,18.7,1.903836727142334,-0.193108664732803
COHFACE_s10_session2_natural,15,112,18.733333333333334,1.523704171180725,-0.1651933015623922
COHFACE_s10_session2_natural,15,113,18.766666666666666,0.9454880356788635,-0.05512063308847254
COHFACE_s10_session2_natural,15,114,18.8,0.39039355516433716,0.10205849819087034
COHFACE_s10_session2_natural,15,115,18.833333333333332,-0.006213135551661253,0.2653693716002121
COHFACE_s10_session2_natural,15,116,18.866666666666667,-0.0008142163278535008,0.40015908927047156
COHFACE_s10_session2_natural,15,117,18.9,0.2994558811187744,0.4851452860490126
COHFACE_s10_session2_natural,15,118,18.933333333333334,0.4826260805130005,0.5126232270047678
COHFACE_s10_session2_natural,15,119,18.966666666666665,0.39820870757102966,0.4841098487857745
COHFACE_s10_session2_natural,15,120,19.0,0.12309502810239792,0.4052346153549634
COHFACE_s10_session2_natural,15,121,19.033333333333335,-0.24592746794223785,0.28256099281767866
COHFACE_s10_session2_natural,15,122,19.066666666666666,-0.5873773097991943,0.12271955361785188
COHFACE_s10_session2_natural,15,123,19.1,-0.8246407508850098,-0.06742677438175844
COHFACE_s10_session2_natural,15,124,19.133333333333333,-0.9540761113166809,-0.28082177894161087
COHFACE_s10_session2_natural,15,125,19.166666666666668,-1.0184237957000732,-0.5104043817800699
COHFACE_s10_session2_natural,15,126,19.2,-1.0612452030181885,-0.7482204382093199
COHFACE_s10_session2_natural,15,127,19.233333333333334,-1.1110725402832031,-0.9825110408291909
COHFACE_s10_session2_natural,15,128,19.266666666666666,-1.0108283758163452,-1.1937291899396625
COHFACE_s10_session2_natural,15,129,19.3,-0.06661860644817352,-1.3523039610678642
COHFACE_s10_session2_natural,15,130,19.333333333333332,1.3872166872024536,-1.4210585613625994
COHFACE_s10_session2_natural,15,131,19.366666666666667,2.1086950302124023,-1.3634324710664303
COHFACE_s10_session2_natural,15,132,19.4,1.9405654668807983,-1.1560275759809586
COHFACE_s10_session2_natural,15,133,19.433333333333334,1.4128471612930298,-0.8014982202009034
COHFACE_s10_session2_natural,15,134,19.466666666666665,0.8766893744468689,-0.3364036915767148
COHFACE_s10_session2_natural,15,135,19.5,0.4359317719936371,0.17080328646362597
COHFACE_s10_session2_natural,15,136,19.533333333333335,0.24065735936164856,0.6335336109574572
COHFACE_s10_session2_natural,15,137,19.566666666666666,0.3945207893848419,0.9694190001707849
COHFACE_s10_session2_natural,15,138,19.6,0.601783812046051,1.123078036942612
COHFACE_s10_session2_natural,15,139,19.633333333333333,0.6035410761833191,1.0801584095911985
COHFACE_s10_session2_natural,15,140,19.666666666666668,0.3828096389770508,0.8683646132636879
COHFACE_s10_session2_natural,15,141,19.7,0.027059005573391914,0.5473665452379153
COHFACE_s10_session2_natural,15,142,19.733333333333334,-0.33835649490356445,0.1922447524307118
COHFACE_s10_session2_natural,15,143,19.766666666666666,-0.6140713691711426,-0.12483701086214452
COHFACE_s10_session2_natural,15,144,19.8,-0.7809407114982605,-0.35019532648458607
COHFACE_s10_session2_natural,15,145,19.833333333333332,-0.874375581741333,-0.4571656688913377
COHFACE_s10_session2_natural,15,146,19.866666666666667,-0.9454516768455505,-0.4450893580050281
COHFACE_s10_session2_natural,15,147,19.9,-1.0099843740463257,-0.3303127695687816
COHFACE_s10_session2_natural,15,148,19.933333333333334,-0.9396250247955322,-0.1355949425866649
COHFACE_s10_session2_natural,15,149,19.966666666666665,-0.0645376518368721,0.11522766525954048
COHFACE_s10_session2_natural,15,150,20.0,1.4569865465164185,0.3964343516492399
COHFACE_s10_session2_natural,15,151,20.033333333333335,2.3140735626220703,0.6784822179306415
COHFACE_s10_session2_natural,15,152,20.066666666666666,2.20047664642334,0.9293999344665834
COHFACE_s10_session2_natural,15,153,20.1,1.688007116317749,1.1192902627438808
COHFACE_s10_session2_natural,15,154,20.133333333333333,1.205133318901062,1.2245456361490248
COHFACE_s10_session2_natural,15,155,20.166666666666668,0.8353015184402466,1.2290508740534019
COHFACE_s10_session2_natural,15,156,20.2,0.6105238199234009,1.123000297552984
COHFACE_s10_session2_natural,15,157,20.233333333333334,0.6340616941452026,0.9026153673901891
COHFACE_s10_session2_natural,15,158,20.266666666666666,0.7405140399932861,0.5733557342989586
COHFACE_s10_session2_natural,15,159,20.3,0.7083633542060852,0.15586375803172964
COHFACE_s10_session2_natural,15,160,20.333333333333332,0.48437175154685974,-0.3094282555025779
COHFACE_s10_session2_natural,15,161,20.366666666666667,0.14027446508407593,-0.7637779359393504
COHFACE_s10_session2_natural,15,162,20.4,-0.22081729769706726,-1.1397187195782064
COHFACE_s10_session2_natural,15,163,20.433333333333334,-0.5098733305931091,-1.376691026542811
COHFACE_s10_session2_natural,15,164,20.466666666666665,-0.6985002756118774,-1.4378291925418951
COHFACE_s10_session2_natural,15,165,20.5,-0.8020623922348022,-1.3221325269622322
COHFACE_s10_session2_natural,15,166,20.533333333333335,-0.857473611831665,-1.0670802818360727
COHFACE_s10_session2_natural,15,167,20.566666666666666,-0.9079713821411133,-0.7393733229846993
COHFACE_s10_session2_natural,15,168,20.6,-0.9869551658630371,-0.41564339291858315
COHFACE_s10_session2_natural,15,169,20.633333333333333,-1.0679157972335815,-0.1593960199641207
COHFACE_s10_session2_natural,15,170,20.666666666666668,-0.6484764218330383,-0.003041185829421327
COHFACE_s10_session2_natural,15,171,20.7,0.7873702049255371,0.05772186434077631
COHFACE_s10_session2_natural,15,172,20.733333333333334,2.1180245876312256,0.05577642596006883
COHFACE_s10_session2_natural,15,173,20.766666666666666,2.3657736778259277,0.035628931474990744
COHFACE_s10_session2_natural,15,174,20.8,1.945212960243225,0.03526144222679528
COHFACE_s10_session2_natural,15,175,20.833333333333332,1.476871132850647,0.07334168071647774
COHFACE_s10_session2_natural,15,176,20.866666666666667,1.1501151323318481,0.14520344908540053
COHFACE_s10_session2_natural,15,177,20.9,0.8709898591041565,0.22734378358872034
COHFACE_s10_session2_natural,15,178,20.933333333333334,0.7238548994064331,0.2872892217754969
COHFACE_s10_session2_natural,15,179,20.966666666666665,0.745219349861145,0.29494512108472765
COHFACE_s10_session2_natural,15,180,21.0,0.7331613302230835,0.23291522654297003
COHFACE_s10_session2_natural,15,181,21.033333333333335,0.558858335018158,0.10430937196895279
COHFACE_s10_session2_natural,15,182,21.066666666666666,0.2604379951953888,-0.06430659969340084
COHFACE_s10_session2_natural,15,183,21.1,-0.08031821995973587,-0.227715875874128
COHFACE_s10_session2_natural,15,184,21.133333333333333,-0.3957677185535431,-0.33519578011354334
COHFACE_s10_session2_natural,15,185,21.166666666666668,-0.6374358534812927,-0.3481594804046437
COHFACE_s10_session2_natural,15,186,21.2,-0.7873916625976562,-0.25481312949103
COHFACE_s10_session2_natural,15,187,21.233333333333334,-0.8579360246658325,-0.07450535411522291
COHFACE_s10_session2_natural,15,188,21.266666666666666,-0.9095668196678162,0.15072374916885087
COHFACE_s10_session2_natural,15,189,21.3,-0.9807122945785522,0.3731616430315282
COHFACE_s10_session2_natural,15,190,21.333333333333332,-1.0790027379989624,0.5563194132324278
COHFACE_s10_session2_natural,15,191,21.366666666666667,-1.1694895029067993,0.6835732507145218
COHFACE_s10_session2_natural,15,192,21.4,-0.7628017663955688,0.755769616593561
COHFACE_s10_session2_natural,15,193,21.433333333333334,0.6569753289222717,0.7814003036450259
COHFACE_s10_session2_natural,15,194,21.466666666666665,1.9655253887176514,0.766267170702759
COHFACE_s10_session2_natural,15,195,21.5,2.1787307262420654,0.708557768864759
COHFACE_s10_session2_natural,15,196,21.533333333333335,1.742065668106079,0.6012022350061863
COHFACE_s10_session2_natural,15,197,21.566666666666666,1.2868107557296753,0.4388103837319561
COHFACE_s10_session2_natural,15,198,21.6,0.9752456545829773,0.2240525092335119
COHFACE_s10_session2_natural,15,199,21.633333333333333,0.7083864212036133,-0.030321244925413396
COHFACE_s10_session2_natural,15,200,21.666666666666668,0.5783036947250366,-0.30345748593885585
COHFACE_s10_session2_natural,15,201,21.7,0.605286717414856,-0.5690703056778365
COHFACE_s10_session2_natural,15,202,21.733333333333334,0.5910900235176086,-0.7967331559575439
COHFACE_s10_session2_natural,15,203,21.766666666666666,0.4093186855316162,-0.9530899809767954
COHFACE_s10_session2_natural,15,204,21.8,0.10433176159858704,-1.0059723371053007
COHFACE_s10_session2_natural,15,205,21.833333333333332,-0.2281237542629242,-0.9326655499116028
COHFACE_s10_session2_natural,15,206,21.866666666666667,-0.5309025645256042,-0.7295782902144138
COHFACE_s10_session2_natural,15,207,21.9,-0.7520154714584351,-0.41813132911519746
COHFACE_s10_session2_natural,15,208,21.933333333333334,-0.8831617832183838,-0.04338294059231233
COHFACE_s10_session2_natural,15,209,21.966666666666665,-0.9483303427696228,0.33421161289097956
COHFACE_s10_session2_natural,15,210,22.0,-0.9896950721740723,0.6508365112207609
COHFACE_s10_session2_natural,15,211,22.033333333333335,-1.0428403615951538,0.8517788173759501
COHFACE_s10_session2_natural,15,212,22.066666666666666,-1.126159429550171,0.9021146933924595
COHFACE_s10_session2_natural,15,213,22.1,-1.251652479171753,0.7940394717605324
COHFACE_s10_session2_natural,15,214,22.133333333333333,-1.2286348342895508,0.5486525880698842
COHFACE_s10_session2_natural,15,215,22.166666666666668,-0.31876084208488464,0.21052314057459726
COHFACE_s10_session2_natural,15,216,22.2,1.2518391609191895,-0.16345649047101857
COHFACE_s10_session2_natural,15,217,22.233333333333334,2.0756657123565674,-0.5164171198054068
COHFACE_s10_session2_natural,15,218,22.266666666666666,1.8709923028945923,-0.8008503711436411
COHFACE_s10_session2_natural,15,219,22.3,1.330707311630249,-0.9834766098301427
COHFACE_s10_session2_natural,15,220,22.333333333333332,0.8916028738021851,-1.0467175506803257
COHFACE_s10_session2_natural,15,221,22.366666666666667,0.5618988275527954,-0.9885902653473142
COHFACE_s10_session2_natural,15,222,22.4,0.375826895236969,-0.8218573905092895
COHFACE_s10_session2_natural,15,223,22.433333333333334,0.41982749104499817,-0.5721621613238621
COHFACE_s10_session2_natural,15,224,22.466666666666665,0.504776656627655,-0.274885070688846
COHFACE_s10_session2_natural,15,225,22.5,0.43298375606536865,0.029226740025514755
COHFACE_s10_session2_natural,15,226,22.533333333333335,0.19206708669662476,0.29980662650344514
COHFACE_s10_session2_natural,15,227,22.566666666666666,-0.13622651994228363,0.5036808945003692
COHFACE_s10_session2_natural,15,228,22.6,-0.46612706780433655,0.6207399950048882
COHFACE_s10_session2_natural,15,229,22.633333333333333,-0.7261769771575928,0.6463051537822316
COHFACE_s10_session2_natural,15,230,22.666666666666668,-0.8909654021263123,0.5896274214475938
COHFACE_s10_session2_natural,15,231,22.7,-0.9856025576591492,0.4705464866893911
COHFACE_s10_session2_natural,15,232,22.733333333333334,-1.0312447547912598,0.3161176547447946
COHFACE_s10_session2_natural,15,233,22.766666666666666,-1.0687366724014282,0.1572097124641401
COHFACE_s10_session2_natural,15,234,22.8,-1.133280873298645,0.02412644285711467
COHFACE_s10_session2_natural,15,235,22.833333333333332,-1.2336291074752808,-0.058909862073435675
COHFACE_s10_session2_natural,15,236,22.866666666666667,-1.3285553455352783,-0.07887343849301236
COHFACE_s10_session2_natural,15,237,22.9,-0.9901806712150574,-0.03642988862312543
COHFACE_s10_session2_natural,15,238,22.933333333333334,0.3017795979976654,0.05504615510921771
COHFACE_s10_session2_natural,15,239,22.966666666666665,1.5793812274932861,0.17294583926826332
COHFACE_s10_session2_natural,16,0,16.0,0.13887560367584229,-0.013032291870401046
COHFACE_s10_session2_natural,16,1,16.033333333333335,-0.19478224217891693,0.1662707256177894
COHFACE_s10_session2_natural,16,2,16.066666666666666,-0.5121392607688904,0.27415277496735213
COHFACE_s10_session2_natural,16,3,16.1,-0.7734839916229248,0.2650900944146896
COHFACE_s10_session2_natural,16,4,16.133333333333333,-0.9533014893531799,0.13789967861574567
COHFACE_s10_session2_natural,16,5,16.166666666666668,-1.0535688400268555,-0.06502018022676426
COHFACE_s10_session2_natural,16,6,16.2,-1.0991185903549194,-0.2746026527133786
COHFACE_s10_session2_natural,16,7,16.233333333333334,-1.141119122505188,-0.41896535652378236
COHFACE_s10_session2_natural,16,8,16.266666666666666,-1.2022761106491089,-0.4436926829765947
COHFACE_s10_session2_natural,16,9,16.3,-1.2973294258117676,-0.32304684108554615
COHFACE_s10_session2_natural,16,10,16.333333333333332,-1.4112038612365723,-0.06326154888142378
COHFACE_s10_session2_natural,16,11,16.366666666666667,-1.2244844436645508,0.29816266159210697
COHFACE_s10_session2_natural,16,12,16.4,-0.022779840975999832,0.6962565101295543
COHFACE_s10_session2_natural,16,13,16.433333333333334,1.4522696733474731,1.0486215976943745
COHFACE_s10_session2_natural,16,14,16.466666666666665,1.984866738319397,1.274214950068592
COHFACE_s10_session2_natural,16,15,16.5,1.660573124885559,1.3173535644296408
COHFACE_s10_session2_natural,16,16,16.533333333333335,1.0920796394348145,1.166457457254119
COHFACE_s10_session2_natural,16,17,16.566666666666666,0.6211482286453247,0.8566861741705923
COHFACE_s10_session2_natural,16,18,16.6,0.28367531299591064,0.45470566979719834
COHFACE_s10_session2_natural,16,19,16.633333333333333,0.1818126142024994,0.03454278883935144
COHFACE_s10_session2_natural,16,20,16.666666666666668,0.3199763894081116,-0.3432431851921171
COHFACE_s10_session2_natural,16,21,16.7,0.43038254976272583,-0.6415031440870241
COHFACE_s10_session2_natural,16,22,16.733333333333334,0.337941974401474,-0.8455822249270922
COHFACE_s10_session2_natural,16,23,16.766666666666666,0.06536012142896652,-0.9567742254509879
COHFACE_s10_session2_natural,16,24,16.8,-0.27440184354782104,-0.985528895476628
COHFACE_s10_session2_natural,16,25,16.833333333333332,-0.5944872498512268,-0.9467566221088797
COHFACE_s10_session2_natural,16,26,16.866666666666667,-0.8476815223693848,-0.8568339994568445
COHFACE_s10_session2_natural,16,27,16.9,-1.0035334825515747,-0.7312004498196953
COHFACE_s10_session2_natural,16,28,16.933333333333334,-1.0850027799606323,-0.5824751003493827
COHFACE_s10_session2_natural,16,29,16.966666666666665,-1.1212807893753052,-0.42013858759288225
COHFACE_s10_session2_natural,16,30,17.0,-1.1559979915618896,-0.25249264485072276
COHFACE_s10_session2_natural,16,31,17.033333333333335,-1.206021785736084,-0.08992479254028803
COHFACE_s10_session2_natural,16,32,17.066666666666666,-1.2924739122390747,0.053149079431762995
COHFACE_s10_session2_natural,16,33,17.1,-1.4026603698730469,0.16010636784994597
COHFACE_s10_session2_natural,16,34,17.133333333333333,-1.2130277156829834,0.21764345457660378
COHFACE_s10_session2_natural,16,35,17.166666666666668,-0.02592439390718937,0.22222938248745855
COHFACE_s10_session2_natural,16,36,17.2,1.4006967544555664,0.18405659627405677
COHFACE_s10_session2_natural,16,37,17.233333333333334,1.8960908651351929,0.12642958369869936
COHFACE_s10_session2_natural,16,38,17.266666666666666,1.5672886371612549,0.08055988236656698
COHFACE_s10_session2_natural,16,39,17.3,0.9641125798225403,0.07716896708532509
COHFACE_s10_session2_natural,16,40,17.333333333333332,0.40945741534233093,0.1367991065120002
COHFACE_s10_session2_natural,16,41,17.366666666666667,0.023960696533322334,0.26123650477229704
COHFACE_s10_session2_natural,16,42,17.4,-0.013380865566432476,0.4293814237609307
COHFACE_s10_session2_natural,16,43,17.433333333333334,0.2373162806034088,0.6006429826023812
COHFACE_s10_session2_natural,16,44,17.466666666666665,0.40455561876296997,0.726230243211436
COHFACE_s10_session2_natural,16,45,17.5,0.32234635949134827,0.7649837357177427
COHFACE_s10_session2_natural,16,46,17.533333333333335,0.051047779619693756,0.6980115027923961
COHFACE_s10_session2_natural,16,47,17.566666666666666,-0.300540953874588,0.5365291040107758
COHFACE_s10_session2_natural,16,48,17.6,-0.6300715804100037,0.3197561846731074
COHFACE_s10_session2_natural,16,49,17.633333333333333,-0.8823062777519226,0.10320140818857297
COHFACE_s10_session2_natural,16,50,17.666666666666668,-1.0351293087005615,-0.05922404756911944
COHFACE_s10_session2_natural,16,51,17.7,-1.1033498048782349,-0.1336644417136209
COHFACE_s10_session2_natural,16,52,17.733333333333334,-1.1244021654129028,-0.11888783887363547
COHFACE_s10_session2_natural,16,53,17.766666666666666,-1.1471308469772339,-0.04766069802040885
COHFACE_s10_session2_natural,16,54,17.8,-1.1898828744888306,0.02482660965950809
COHFACE_s10_session2_natural,16,55,17.833333333333332,-1.2682539224624634,0.04203914989313354
COHFACE_s10_session2_natural,16,56,17.866666666666667,-1.3222777843475342,-0.03157267944051191
COHFACE_s10_session2_natural,16,57,17.9,-0.7681775689125061,-0.1966570105805686
COHFACE_s10_session2_natural,16,58,17.933333333333334,0.6424317955970764,-0.41955687704412314
COHFACE_s10_session2_natural,16,59,17.966666666666665,1.6753594875335693,-0.6468721444765813
COHFACE_s10_session2_natural,16,60,18.0,1.7429442405700684,-0.8272044215833367
COHFACE_s10_session2_natural,16,61,18.033333333333335,1.2600010633468628,-0.9301872175937019
COHFACE_s10_session2_natural,16,62,18.066666666666666,0.6486052870750427,-0.9542737806218267
COHFACE_s10_session2_natural,16,63,18.1,0.11716431379318237,-0.9204240869450697
COHFACE_s10_session2_natural,16,64,18.133333333333333,-0.15596088767051697,-0.8563802154395437
COHFACE_s10_session2_natural,16,65,18.166666666666668,0.0014170287176966667,-0.7810101173884193
COHFACE_s10_session2_natural,16,66,18.2,0.307814359664917,-0.69695261513048
COHFACE_s10_session2_natural,16,67,18.233333333333334,0.3994688391685486,-0.5937423158596032
COHFACE_s10_session2_natural,16,68,18.266666666666666,0.24025273323059082,-0.45698245994301445
COHFACE_s10_session2_natural,16,69,18.3,-0.07244527339935303,-0.27667678882008057
COHFACE_s10_session2_natural,16,70,18.333333333333332,-0.4270860552787781,-0.05105585750522028
COHFACE_s10_session2_natural,16,71,18.366666666666667,-0.7328706979751587,0.2129191931198133
COHFACE_s10_session2_natural,16,72,18.4,-0.9371857047080994,0.49951206711093105
COHFACE_s10_session2_natural,16,73,18.433333333333334,-1.0251868963241577,0.783715743797485
COHFACE_s10_session2_natural,16,74,18.466666666666665,-1.0545514822006226,1.0323628862246101
COHFACE_s10_session2_natural,16,75,18.5,-1.08611261844635,1.2096632864420631
COHFACE_s10_session2_natural,16,76,18.533333333333335,-1.1431076526641846,1.2872455548107684
COHFACE_s10_session2_natural,16,77,18.566666666666666,-1.2091317176818848,1.2548679690274223
COHFACE_s10_session2_natural,16,78,18.6,-0.8739593625068665,1.1262461359705676
COHFACE_s10_session2_natural,16,79,18.633333333333333,0.39435893297195435,0.936266360272375
COHFACE_s10_session2_natural,16,80,18.666666666666668,1.6169887781143188,0.7301872273964531
COHFACE_s10_session2_natural,16,81,18.7,1.903836727142334,0.5493979200005947
COHFACE_s10_session2_natural,16,82,18.733333333333334,1.523704171180725,0.41946346413749913
COHFACE_s10_session2_natural,16,83,18.766666666666666,0.9454880356788635,0.3446543613046133
COHFACE_s10_session2_natural,16,84,18.8,0.39039355516433716,0.31030743410394146
COHFACE_s10_session2_natural,16,85,18.833333333333332,-0.006213135551661253,0.29119354538683506
COHFACE_s10_session2_natural,16,86,18.866666666666667,-0.0008142163278535008,0.26164428696038294
COHFACE_s10_session2_natural,16,87,18.9,0.2994558811187744,0.20310542082830932
COHFACE_s10_session2_natural,16,88,18.933333333333334,0.4826260805130005,0.10732948035197185
COHFACE_s10_session2_natural,16,89,18.966666666666665,0.39820870757102966,-0.023815019523776716
COHFACE_s10_session2_natural,16,90,19.0,0.12309502810239792,-0.18025879125372934
COHFACE_s10_session2_natural,16,91,19.033333333333335,-0.24592746794223785,-0.3465986947197875
COHFACE_s10_session2_natural,16,92,19.066666666666666,-0.5873773097991943,-0.5059121525792367
COHFACE_s10_session2_natural,16,93,19.1,-0.8246407508850098,-0.6444118232138062
COHFACE_s10_session2_natural,16,94,19.133333333333333,-0.9540761113166809,-0.755988718861103
COHFACE_s10_session2_natural,16,95,19.166666666666668,-1.0184237957000732,-0.8446921606959051
COHFACE_s10_session2_natural,16,96,19.2,-1.0612452030181885,-0.9229553576812771
COHFACE_s10_session2_natural,16,97,19.233333333333334,-1.1110725402832031,-1.0048496636913549
COHFACE_s10_session2_natural,16,98,19.266666666666666,-1.0108283758163452,-1.0966071333721203
COHFACE_s10_session2_natural,16,99,19.3,-0.06661860644817352,-1.1888914502005377
COHFACE_s10_session2_natural,16,100,19.333333333333332,1.3872166872024536,-1.2549229648302664
COHFACE_s10_session2_natural,16,101,19.366666666666667,2.1086950302124023,-1.2561680033619167
COHFACE_s10_session2_natural,16,102,19.4,1.9405654668807983,-1.1545014167550216
COHFACE_s10_session2_natural,16,103,19.433333333333334,1.4128471612930298,-0.9273972271459469
COHFACE_s10_session2_natural,16,104,19.466666666666665,0.8766893744468689,-0.5811094229810749
COHFACE_s10_session2_natural,16,105,19.5,0.4359317719936371,-0.1562067605965393
COHFACE_s10_session2_natural,16,106,19.533333333333335,0.24065735936164856,0.27900778287355493
COHFACE_s10_session2_natural,16,107,19.566666666666666,0.3945207893848419,0.6472171687773417
COHFACE_s10_session2_natural,16,108,19.6,0.601783812046051,0.8861585850371918
COHFACE_s10_session2_natural,16,109,19.633333333333333,0.6035410761833191,0.9676285702740695
COHFACE_s10_session2_natural,16,110,19.666666666666668,0.3828096389770508,0.9043510583394897
COHFACE_s10_session2_natural,16,111,19.7,0.027059005573391914,0.7440146204214041
COHFACE_s10_session2_natural,16,112,19.733333333333334,-0.33835649490356445,0.5538135936797136
COHFACE_s10_session2_natural,16,113,19.766666666666666,-0.6140713691711426,0.4002615295940115
COHFACE_s10_session2_natural,16,114,19.8,-0.7809407114982605,0.32982399447222516
COHFACE_s10_session2_natural,16,115,19.833333333333332,-0.874375581741333,0.35631978528595776
COHFACE_s10_session2_natural,16,116,19.866666666666667,-0.9454516768455505,0.4599224418505346
COHFACE_s10_session2_natural,16,117,19.9,-1.0099843740463257,0.5984543310873424
COHFACE_s10_session2_natural,16,118,19.933333333333334,-0.9396250247955322,0.7253902563389778
COHFACE_s10_session2_natural,16,119,19.966666666666665,-0.0645376518368721,0.805672019474685
COHFACE_s10_session2_natural,16,120,20.0,1.4569865465164185,0.8234727689643176
COHFACE_s10_session2_natural,16,121,20.033333333333335,2.3140735626220703,0.7817913812785117
COHFACE_s10_session2_natural,16,122,20.066666666666666,2.20047664642334,0.6969608353379714
COHFACE_s10_session2_natural,16,123,20.1,1.688007116317749,0.5909723579207101
COHFACE_s10_session2_natural,16,124,20.133333333333333,1.205133318901062,0.48304028717561465
COHFACE_s10_session2_natural,16,125,20.166666666666668,0.8353015184402466,0.3814411665930585
COHFACE_s10_session2_natural,16,126,20.2,0.6105238199234009,0.2780991372421749
COHFACE_s10_session2_natural,16,127,20.233333333333334,0.6340616941452026,0.14960569067099752
COHFACE_s10_session2_natural,16,128,20.266666666666666,0.7405140399932861,-0.033073068247609166
COHFACE_s10_session2_natural,16,129,20.3,0.7083633542060852,-0.28818305768644753
COHFACE_s10_session2_natural,16,130,20.333333333333332,0.48437175154685974,-0.6069245313273052
COHFACE_s10_session2_natural,16,131,20.366666666666667,0.14027446508407593,-0.946181512935593
COHFACE_s10_session2_natural,16,132,20.4,-0.22081729769706726,-1.2359448429327293
COHFACE_s10_session2_natural,16,133,20.433333333333334,-0.5098733305931091,-1.400484392524605
COHFACE_s10_session2_natural,16,134,20.466666666666665,-0.6985002756118774,-1.3857273165293382
COHFACE_s10_session2_natural,16,135,20.5,-0.8020623922348022,-1.1819207075109899
COHFACE_s10_session2_natural,16,136,20.533333333333335,-0.857473611831665,-0.832009466736743
COHFACE_s10_session2_natural,16,137,20.566666666666666,-0.9079713821411133,-0.4213598283648381
COHFACE_s10_session2_natural,16,138,20.6,-0.9869551658630371,-0.051360852105267245
COHFACE_s10_session2_natural,16,139,20.633333333333333,-1.0679157972335815,0.19400567775366365
COHFACE_s10_session2_natural,16,140,20.666666666666668,-0.6484764218330383,0.27568774289778714
COHFACE_s10_session2_natural,16,141,20.7,0.7873702049255371,0.2099844999390602
COHFACE_s10_session2_natural,16,142,20.733333333333334,2.1180245876312256,0.05837308855813947
COHFACE_s10_session2_natural,16,143,20.766666666666666,2.3657736778259277,-0.09760989485358965
COHFACE_s10_session2_natural,16,144,20.8,1.945212960243225,-0.18545727953547428
COHFACE_s10_session2_natural,16,145,20.833333333333332,1.476871132850647,-0.16392212393547986
COHFACE_s10_session2_natural,16,146,20.866666666666667,1.1501151323318481,-0.0319306245134975
COHFACE_s10_session2_natural,16,147,20.9,0.8709898591041565,0.17622443208090569
COHFACE_s10_session2_natural,16,148,20.933333333333334,0.7238548994064331,0.40488994416867863
COHFACE_s10_session2_natural,16,149,20.966666666666665,0.745219349861145,0.5941383850535208
COHFACE_s10_session2_natural,16,150,21.0,0.7331613302230835,0.6955533381865298
COHFACE_s10_session2_natural,16,151,21.033333333333335,0.558858335018158,0.6845342216483037
COHFACE_s10_session2_natural,16,152,21.066666666666666,0.2604379951953888,0.567162489114063
COHFACE_s10_session2_natural,16,153,21.1,-0.08031821995973587,0.3789664194277401
COHFACE_s10_session2_natural,16,154,21.133333333333333,-0.3957677185535431,0.17381780962071683
COHFACE_s10_session2_natural,16,155,21.166666666666668,-0.6374358534812927,0.0049957576881442985
COHFACE_s10_session2_natural,16,156,21.2,-0.7873916625976562,-0.09428396025992215
COHFACE_s10_session2_natural,16,157,21.233333333333334,-0.8579360246658325,-0.1214169685931865
COHFACE_s10_session2_natural,16,158,21.266666666666666,-0.9095668196678162,-0.10064833285544333
COHFACE_s10_session2_natural,16,159,21.3,-0.9807122945785522,-0.06743455944271638
COHFACE_s10_session2_natural,16,160,21.333333333333332,-1.0790027379989624,-0.049768576909310594
COHFACE_s10_session2_natural,16,161,21.366666666666667,-1.1694895029067993,-0.0563553617904644
COHFACE_s10_session2_natural,16,162,21.4,-0.7628017663955688,-0.07666191119603356
COHFACE_s10_session2_natural,16,163,21.433333333333334,0.6569753289222717,-0.09087009825412107
COHFACE_s10_session2_natural,16,164,21.466666666666665,1.9655253887176514,-0.08322869558262715
COHFACE_s10_session2_natural,16,165,21.5,2.1787307262420654,-0.051926213833536475
COHFACE_s10_session2_natural,16,166,21.533333333333335,1.742065668106079,-0.011540553283709891
COHFACE_s10_session2_natural,16,167,21.566666666666666,1.2868107557296753,0.011780805678616401
COHFACE_s10_session2_natural,16,168,21.6,0.9752456545829773,-0.010690401941480616
COHFACE_s10_session2_natural,16,169,21.633333333333333,0.7083864212036133,-0.10059807638747162
COHFACE_s10_session2_natural,16,170,21.666666666666668,0.5783036947250366,-0.26400259613692967
COHFACE_s10_session2_natural,16,171,21.7,0.605286717414856,-0.48489262257699534
COHFACE_s10_session2_natural,16,172,21.733333333333334,0.5910900235176086,-0.7227663595284228
COHFACE_s10_session2_natural,16,173,21.766666666666666,0.4093186855316162,-0.9174109766711848
COHFACE_s10_session2_natural,16,174,21.8,0.10433176159858704,-1.0021817248963703
COHFACE_s10_session2_natural,16,175,21.833333333333332,-0.2281237542629242,-0.9229527027107
COHFACE_s10_session2_natural,16,176,21.866666666666667,-0.5309025645256042,-0.6562591428637184
COHFACE_s10_session2_natural,16,177,21.9,-0.7520154714584351,-0.21985944245667868
COHFACE_s10_session2_natural,16,178,21.933333333333334,-0.8831617832183838,0.3275107135511842
COHFACE_s10_session2_natural,16,179,21.966666666666665,-0.9483303427696228,0.8965855080787686
COHFACE_s10_session2_natural,16,180,22.0,-0.9896950721740723,1.3862748782429692
COHFACE_s10_session2_natural,16,181,22.033333333333335,-1.0428403615951538,1.70754978728095
COHFACE_s10_session2_natural,16,182,22.066666666666666,-1.126159429550171,1.8063214416260283
COHFACE_s10_session2_natural,16,183,22.1,-1.251652479171753,1.677133147425926
COHFACE_s10_session2_natural,16,184,22.133333333333333,-1.2286348342895508,1.3621489858054912
COHFACE_s10_session2_natural,16,185,22.166666666666668,-0.31876084208488464,0.9360993462963292
COHFACE_s10_session2_natural,16,186,22.2,1.2518391609191895,0.4837157815832488
COHFACE_s10_session2_natural,16,187,22.233333333333334,2.0756657123565674,0.07834196586506328
COHFACE_s10_session2_natural,16,188,22.266666666666666,1.8709923028945923,-0.2320782154802797
COHFACE_s10_session2_natural,16,189,22.3,1.330707311630249,-0.42980288586022386
COHFACE_s10_session2_natural,16,190,22.333333333333332,0.8916028738021851,-0.5240777508189772
COHFACE_s10_session2_natural,16,191,22.366666666666667,0.5618988275527954,-0.5423200602400777
COHFACE_s10_session2_natural,16,192,22.4,0.375826895236969,-0.5186105793227371
COHFACE_s10_session2_natural,16,193,22.433333333333334,0.41982749104499817,-0.48292954774222835
COHFACE_s10_session2_natural,16,194,22.466666666666665,0.504776656627655,-0.45476183154425665
COHFACE_s10_session2_natural,16,195,22.5,0.43298375606536865,-0.44284929408838214
COHFACE_s10_session2_natural,16,196,22.533333333333335,0.19206708669662476,-0.4489799119849691
COHFACE_s10_session2_natural,16,197,22.566666666666666,-0.13622651994228363,-0.47181735686934206
COHFACE_s10_session2_natural,16,198,22.6,-0.46612706780433655,-0.5092778623500591
COHFACE_s10_session2_natural,16,199,22.633333333333333,-0.7261769771575928,-0.5605393427481632
COHFACE_s10_session2_natural,16,200,22.666666666666668,-0.8909654021263123,-0.6274170268276789
COHFACE_s10_session2_natural,16,201,22.7,-0.9856025576591492,-0.712697846230831
COHFACE_s10_session2_natural,16,202,22.733333333333334,-1.0312447547912598,-0.8143767193090516
COHFACE_s10_session2_natural,16,203,22.766666666666666,-1.0687366724014282,-0.9184901742656272
COHFACE_s10_session2_natural,16,204,22.8,-1.133280873298645,-0.9957275965715743
COHFACE_s10_session2_natural,16,205,22.833333333333332,-1.2336291074752808,-1.0058844599639087
COHFACE_s10_session2_natural,16,206,22.866666666666667,-1.3285553455352783,-0.9098598496628342
COHFACE_s10_session2_natural,16,207,22.9,-0.9901806712150574,-0.6846562058274477
COHFACE_s10_session2_natural,16,208,22.933333333333334,0.3017795979976654,-0.3356438023866537
COHFACE_s10_session2_natural,16,209,22.966666666666665,1.5793812274932861,0.09852260267521042
COHFACE_s10_session2_natural,16,210,23.0,1.8381478786468506,0.5511880911603586
COHFACE_s10_session2_natural,16,211,23.033333333333335,1.3871127367019653,0.943341959560905
COHFACE_s10_session2_natural,16,212,23.066666666666666,0.8294864296913147,1.205799035151021
COHFACE_s10_session2_natural,16,213,23.1,0.3821738064289093,1.3004875731735042
COHFACE_s10_session2_natural,16,214,23.133333333333333,0.0929211974143982,1.2324916812676827
COHFACE_s10_session2_natural,16,215,23.166666666666668,0.1094532236456871,1.047446857218574
COHFACE_s10_session2_natural,16,216,23.2,0.29779112339019775,0.8149430999494796
COHFACE_s10_session2_natural,16,217,23.233333333333334,0.37529507279396057,0.6047961870498293
COHFACE_s10_session2_natural,16,218,23.266666666666666,0.22831037640571594,0.4660237594940179
COHFACE_s10_session2_natural,16,219,23.3,-0.06869956105947495,0.4162790083790385
COHFACE_s10_session2_natural,16,220,23.333333333333332,-0.4068545699119568,0.4434052090425527
COHFACE_s10_session2_natural,16,221,23.366666666666667,-0.7025119066238403,0.5149910860891415
COHFACE_s10_session2_natural,16,222,23.4,-0.9012198448181152,0.5900684562054913
COHFACE_s10_session2_natural,16,223,23.433333333333334,-1.0062733888626099,0.6290160839867669
COHFACE_s10_session2_natural,16,224,23.466666666666665,-1.063302993774414,0.600676883364095
COHFACE_s10_session2_natural,16,225,23.5,-1.1079626083374023,0.48742033476610575
COHFACE_s10_session2_natural,16,226,23.533333333333335,-1.1727958917617798,0.28859889712503106
COHFACE_s10_session2_natural,16,227,23.566666666666666,-1.2519993782043457,0.02161529520610941
COHFACE_s10_session2_natural,16,228,23.6,-0.9945159554481506,-0.28073227810934787
COHFACE_s10_session2_natural,16,229,23.633333333333333,0.13389286398887634,-0.5771071217040755
COHFACE_s10_session2_natural,16,230,23.666666666666668,1.3760604858398438,-0.8272949532335377
COHFACE_s10_session2_natural,16,231,23.7,1.7209901809692383,-1.001598839104813
COHFACE_s10_session2_natural,16,232,23.733333333333334,1.3371119499206543,-1.0866460965925528
COHFACE_s10_session2_natural,16,233,23.766666666666666,0.796029269695282,-1.0857546961803772
COHFACE_s10_session2_natural,16,234,23.8,0.3282770812511444,-1.014463174924897
COHFACE_s10_session2_natural,16,235,23.833333333333332,-0.009045545011758804,-0.8937300369956199
COHFACE_s10_session2_natural,16,236,23.866666666666667,-0.028964899480342865,-0.7435551702138344
COHFACE_s10_session2_natural,16,237,23.9,0.17303793132305145,-0.5787796686304659
COHFACE_s10_session2_natural,16,238,23.933333333333334,0.2858140766620636,-0.40762092577299835
COHFACE_s10_session2_natural,16,239,23.966666666666665,0.18042531609535217,-0.23268497285357867
COHFACE_s10_session2_natural,17,0,17.0,-1.1559979915618896,0.06280753759931908
COHFACE_s10_session2_natural,17,1,17.033333333333335,-1.206021785736084,0.4288395288761839
COHFACE_s10_session2_natural,17,2,17.066666666666666,-1.2924739122390747,0.7058930240483104
COHFACE_s10_session2_natural,17,3,17.1,-1.4026603698730469,0.8346411453488158
COHFACE_s10_session2_natural,17,4,17.133333333333333,-1.2130277156829834,0.8041742022070053
COHFACE_s10_session2_natural,17,5,17.166666666666668,-0.02592439390718937,0.6533498838900605
COHFACE_s10_session2_natural,17,6,17.2,1.4006967544555664,0.4535553258358886
COHFACE_s10_session2_natural,17,7,17.233333333333334,1.8960908651351929,0.2806446552892764
COHFACE_s10_session2_natural,17,8,17.266666666666666,1.5672886371612549,0.18845204275310523
COHFACE_s10_session2_natural,17,9,17.3,0.9641125798225403,0.19440109555708748
COHFACE_s10_session2_natural,17,10,17.333333333333332,0.40945741534233093,0.2805425690401868
COHFACE_s10_session2_natural,17,11,17.366666666666667,0.023960696533322334,0.40576594416938233
COHFACE_s10_session2_natural,17,12,17.4,-0.013380865566432476,0.5215495490921912
COHFACE_s10_session2_natural,17,13,17.433333333333334,0.2373162806034088,0.5849406081709805
COHFACE_s10_session2_natural,17,14,17.466666666666665,0.40455561876296997,0.566252977646133
COHFACE_s10_session2_natural,17,15,17.5,0.32234635949134827,0.4525521974520521
COHFACE_s10_session2_natural,17,16,17.533333333333335,0.051047779619693756,0.24938717243885525
COHFACE_s10_session2_natural,17,17,17.566666666666666,-0.300540953874588,-0.01805982581325411
COHFACE_s10_session2_natural,17,18,17.6,-0.6300715804100037,-0.3059503671855266
COHFACE_s10_session2_natural,17,19,17.633333333333333,-0.8823062777519226,-0.5579997251595756
COHFACE_s10_session2_natural,17,20,17.666666666666668,-1.0351293087005615,-0.7185290279772185
COHFACE_s10_session2_natural,17,21,17.7,-1.1033498048782349,-0.7499965711713618
COHFACE_s10_session2_natural,17,22,17.733333333333334,-1.1244021654129028,-0.6485639534123496
COHFACE_s10_session2_natural,17,23,17.766666666666666,-1.1471308469772339,-0.44984486711157173
COHFACE_s10_session2_natural,17,24,17.8,-1.1898828744888306,-0.21986648098273406
COHFACE_s10_session2_natural,17,25,17.833333333333332,-1.2682539224624634,-0.03262858201197002
COHFACE_s10_session2_natural,17,26,17.866666666666667,-1.3222777843475342,0.057366463411092715
COHFACE_s10_session2_natural,17,27,17.9,-0.7681775689125061,0.035381129992567414
COHFACE_s10_session2_natural,17,28,17.933333333333334,0.6424317955970764,-0.07066827843486502
COHFACE_s10_session2_natural,17,29,17.966666666666665,1.6753594875335693,-0.20684025943356693
COHFACE_s10_session2_natural,17,30,18.0,1.7429442405700684,-0.32088908795616644
COHFACE_s10_session2_natural,17,31,18.033333333333335,1.2600010633468628,-0.38613037286004465
COHFACE_s10_session2_natural,17,32,18.066666666666666,0.6486052870750427,-0.408823700668932
COHFACE_s10_session2_natural,17,33,18.1,0.11716431379318237,-0.4162359975314007
COHFACE_s10_session2_natural,17,34,18.133333333333333,-0.15596088767051697,-0.43394496576546954
COHFACE_s10_session2_natural,17,35,18.166666666666668,0.0014170287176966667,-0.46681375159023186
COHFACE_s10_session2_natural,17,36,18.2,0.307814359664917,-0.49460628480054303
COHFACE_s10_session2_natural,17,37,18.233333333333334,0.3994688391685486,-0.4833562729951774
COHFACE_s10_session2_natural,17,38,18.266666666666666,0.24025273323059082,-0.40400629581418646
COHFACE_s10_session2_natural,17,39,18.3,-0.07244527339935303,-0.24657429062613437
COHFACE_s10_session2_natural,17,40,18.333333333333332,-0.4270860552787781,-0.022984370526022327
COHFACE_s10_session2_natural,17,41,18.366666666666667,-0.7328706979751587,0.23988109498550286
COHFACE_s10_session2_natural,17,42,18.4,-0.9371857047080994,0.5098350397921714
COHFACE_s10_session2_natural,17,43,18.433333333333334,-1.0251868963241577,0.7552137282028238
COHFACE_s10_session2_natural,17,44,18.466666666666665,-1.0545514822006226,0.9457292528085512
COHFACE_s10_session2_natural,17,45,18.5,-1.08611261844635,1.0524040267477275
COHFACE_s10_session2_natural,17,46,18.533333333333335,-1.1431076526641846,1.0512636536914977
COHFACE_s10_session2_natural,17,47,18.566666666666666,-1.2091317176818848,0.9317639668674743
COHFACE_s10_session2_natural,17,48,18.6,-0.8739593625068665,0.7061295688979956
COHFACE_s10_session2_natural,17,49,18.633333333333333,0.39435893297195435,0.41322623972982037
COHFACE_s10_session2_natural,17,50,18.666666666666668,1.6169887781143188,0.11216646868345793
COHFACE_s10_session2_natural,17,51,18.7,1.903836727142334,-0.1340606340272378
COHFACE_s10_session2_natural,17,52,18.733333333333334,1.523704171180725,-0.2787377724185907
COHFACE_s10_session2_natural,17,53,18.766666666666666,0.9454880356788635,-0.3060717413127361
COHFACE_s10_session2_natural,17,54,18.8,0.39039355516433716,-0.23319018019507606
COHFACE_s10_session2_natural,17,55,18.833333333333332,-0.006213135551661253,-0.09885025270592936
COHFACE_s10_session2_natural,17,56,18.866666666666667,-0.0008142163278535008,0.054429392771142934
COHFACE_s10_session2_natural,17,57,18.9,0.2994558811187744,0.1950161309684643
COHFACE_s10_session2_natural,17,58,18.933333333333334,0.4826260805130005,0.3073292156969002
COHFACE_s10_session2_natural,17,59,18.966666666666665,0.39820870757102966,0.3878498724936938
COHFACE_s10_session2_natural,17,60,19.0,0.12309502810239792,0.4368363206708251
COHFACE_s10_session2_natural,17,61,19.033333333333335,-0.24592746794223785,0.4513228654804118
COHFACE_s10_session2_natural,17,62,19.066666666666666,-0.5873773097991943,0.42277408404044053
COHFACE_s10_session2_natural,17,63,19.1,-0.8246407508850098,0.33949655231403114
COHFACE_s10_session2_natural,17,64,19.133333333333333,-0.9540761113166809,0.19148941753407203
COHFACE_s10_session2_natural,17,65,19.166666666666668,-1.0184237957000732,-0.025040969373267132
COHFACE_s10_session2_natural,17,66,19.2,-1.0612452030181885,-0.30489385275267866
COHFACE_s10_session2_natural,17,67,19.233333333333334,-1.1110725402832031,-0.6323593064920112
COHFACE_s10_session2_natural,17,68,19.266666666666666,-1.0108283758163452,-0.9797859774051283
COHFACE_s10_session2_natural,17,69,19.3,-0.06661860644817352,-1.306088976961097
COHFACE_s10_session2_natural,17,70,19.333333333333332,1.3872166872024536,-1.5572378067046122
COHFACE_s10_session2_natural,17,71,19.366666666666667,2.1086950302124023,-1.672210041058493
COHFACE_s10_session2_natural,17,72,19.4,1.9405654668807983,-1.5968199740706557
COHFACE_s10_session2_natural,17,73,19.433333333333334,1.4128471612930298,-1.3038787063092239
COHFACE_s10_session2_natural,17,74,19.466666666666665,0.8766893744468689,-0.8128045452470317
COHFACE_s10_session2_natural,17,75,19.5,0.4359317719936371,-0.1981557918833004
COHFACE_s10_session2_natural,17,76,19.533333333333335,0.24065735936164856,0.4220275323244502
COHFACE_s10_session2_natural,17,77,19.566666666666666,0.3945207893848419,0.9186993626075322
COHFACE_s10_session2_natural,17,78,19.6,0.601783812046051,1.1931640973071074
COHFACE_s10_session2_natural,17,79,19.633333333333333,0.6035410761833191,1.2085059790621762
COHFACE_s10_session2_natural,17,80,19.666666666666668,0.3828096389770508,0.9977062290172195
COHFACE_s10_session2_natural,17,81,19.7,0.027059005573391914,0.6473145295724281
COHFACE_s10_session2_natural,17,82,19.733333333333334,-0.33835649490356445,0.2654626754533669
COHFACE_s10_session2_natural,17,83,19.766666666666666,-0.6140713691711426,-0.052690542566969846
COHFACE_s10_session2_natural,17,84,19.8,-0.7809407114982605,-0.24974731564587105
COHFACE_s10_session2_natural,17,85,19.833333333333332,-0.874375581741333,-0.31358114674316584
COHFACE_s10_session2_natural,17,86,19.866666666666667,-0.9454516768455505,-0.26739395280304085
COHFACE_s10_session2_natural,17,87,19.9,-1.0099843740463257,-0.14950868459932576
COHFACE_s10_session2_natural,17,88,19.933333333333334,-0.9396250247955322,0.00567059445536644
COHFACE_s10_session2_natural,17,89,19.966666666666665,-0.0645376518368721,0.17620238552905948
COHFACE_s10_session2_natural,17,90,20.0,1.4569865465164185,0.34947143468632264
COHFACE_s10_session2_natural,17,91,20.033333333333335,2.3140735626220703,0.5141019557286217
COHFACE_s10_session2_natural,17,92,20.066666666666666,2.20047664642334,0.6551741805706885
COHFACE_s10_session2_natural,17,93,20.1,1.688007116317749,0.7561325290466204
COHFACE_s10_session2_natural,17,94,20.133333333333333,1.205133318901062,0.8040618500057465
COHFACE_s10_session2_natural,17,95,20.166666666666668,0.8353015184402466,0.7922103815589616
COHFACE_s10_session2_natural,17,96,20.2,0.6105238199234009,0.7172467044664241
COHFACE_s10_session2_natural,17,97,20.233333333333334,0.6340616941452026,0.574806240480817
COHFACE_s10_session2_natural,17,98,20.266666666666666,0.7405140399932861,0.35961025834350785
COHFACE_s10_session2_natural,17,99,20.3,0.7083633542060852,0.07347554519650798
COHFACE_s10_session2_natural,17,100,20.333333333333332,0.48437175154685974,-0.2622721263958098
COHFACE_s10_session2_natural,17,101,20.366666666666667,0.14027446508407593,-0.5989174062984225
COHFACE_s10_session2_natural,17,102,20.4,-0.22081729769706726,-0.8655090031821916
COHFACE_s10_session2_natural,17,103,20.433333333333334,-0.5098733305931091,-0.9891758819551145
COHFACE_s10_session2_natural,17,104,20.466666666666665,-0.6985002756118774,-0.923949222234764
COHFACE_s10_session2_natural,17,105,20.5,-0.8020623922348022,-0.6751924430527418
COHFACE_s10_session2_natural,17,106,20.533333333333335,-0.857473611831665,-0.3068197155255847
COHFACE_s10_session2_natural,17,107,20.566666666666666,-0.9079713821411133,0.07480785004976423
COHFACE_s10_session2_natural,17,108,20.6,-0.9869551658630371,0.3559455473828777
COHFACE_s10_session2_natural,17,109,20.633333333333333,-1.0679157972335815,0.45570256015941074
COHFACE_s10_session2_natural,17,110,20.666666666666668,-0.6484764218330383,0.35414912413541805
COHFACE_s10_session2_natural,17,111,20.7,0.7873702049255371,0.09619812282554831
COHFACE_s10_session2_natural,17,112,20.733333333333334,2.1180245876312256,-0.22874842337589735
COHFACE_s10_session2_natural,17,113,20.766666666666666,2.3657736778259277,-0.5201162008557534
COHFACE_s10_session2_natural,17,114,20.8,1.945212960243225,-0.6976399135983569
COHFACE_s10_session2_natural,17,115,20.833333333333332,1.476871132850647,-0.7204017793654631
COHFACE_s10_session2_natural,17,116,20.866666666666667,1.1501151323318481,-0.5904808745222921
COHFACE_s10_session2_natural,17,117,20.9,0.8709898591041565,-0.3450731682382189
COHFACE_s10_session2_natural,17,118,20.933333333333334,0.7238548994064331,-0.04383415115478961
COHFACE_s10_session2_natural,17,119,20.966666666666665,0.745219349861145,0.24388127631418094
COHFACE_s10_session2_natural,17,120,21.0,0.7331613302230835,0.4519737500038779
COHFACE_s10_session2_natural,17,121,21.033333333333335,0.558858335018158,0.5325778674827527
COHFACE_s10_session2_natural,17,122,21.066666666666666,0.2604379951953888,0.4707741451515567
COHFACE_s10_session2_natural,17,123,21.1,-0.08031821995973587,0.2919500302534599
COHFACE_s10_session2_natural,17,124,21.133333333333333,-0.3957677185535431,0.05553050898864866
COHFACE_s10_session2_natural,17,125,21.166666666666668,-0.6374358534812927,-0.1648584026770638
COHFACE_s10_session2_natural,17,126,21.2,-0.7873916625976562,-0.30721236589060313
COHFACE_s10_session2_natural,17,127,21.233333333333334,-0.8579360246658325,-0.3416311012269361
COHFACE_s10_session2_natural,17,128,21.266666666666666,-0.9095668196678162,-0.2767232837252205
COHFACE_s10_session2_natural,17,129,21.3,-0.9807122945785522,-0.1501700862254918
COHFACE_s10_session2_natural,17,130,21.333333333333332,-1.0790027379989624,-0.008933620018284419
COHFACE_s10_session2_natural,17,131,21.366666666666667,-1.1694895029067993,0.11113321838336168
COHFACE_s10_session2_natural,17,132,21.4,-0.7628017663955688,0.19687850287835829
COHFACE_s10_session2_natural,17,133,21.433333333333334,0.6569753289222717,0.25604371120699526
COHFACE_s10_session2_natural,17,134,21.466666666666665,1.9655253887176514,0.3045240986906264
COHFACE_s10_session2_natural,17,135,21.5,2.1787307262420654,0.3507843104366362
COHFACE_s10_session2_natural,17,136,21.533333333333335,1.742065668106079,0.38656263163729687
COHFACE_s10_session2_natural,17,137,21.566666666666666,1.2868107557296753,0.3889328573753288
COHFACE_s10_session2_natural,17,138,21.6,0.9752456545829773,0.33196075395954006
COHFACE_s10_session2_natural,17,139,21.633333333333333,0.7083864212036133,0.20114669235230098
COHFACE_s10_session2_natural,17,140,21.666666666666668,0.5783036947250366,0.0036565093613531666
COHFACE_s10_session2_natural,17,141,21.7,0.605286717414856,-0.2295081782805203
COHFACE_s10_session2_natural,17,142,21.733333333333334,0.5910900235176086,-0.4497919866724925
COHFACE_s10_session2_natural,17,143,21.766666666666666,0.4093186855316162,-0.6034931617984077
COHFACE_s10_session2_natural,17,144,21.8,0.10433176159858704,-0.6460907352850929
COHFACE_s10_session2_natural,17,145,21.833333333333332,-0.2281237542629242,-0.5538711802215326
COHFACE_s10_session2_natural,17,146,21.866666666666667,-0.5309025645256042,-0.32968529462587337
COHFACE_s10_session2_natural,17,147,21.9,-0.7520154714584351,-0.0023627440115202058
COHFACE_s10_session2_natural,17,148,21.933333333333334,-0.8831617832183838,0.37820816793214984
COHFACE_s10_session2_natural,17,149,21.966666666666665,-0.9483303427696228,0.7478885062375386
COHFACE_s10_session2_natural,17,150,22.0,-0.9896950721740723,1.0365197551134155
COHFACE_s10_session2_natural,17,151,22.033333333333335,-1.0428403615951538,1.1791958558657776
COHFACE_s10_session2_natural,17,152,22.066666666666666,-1.126159429550171,1.1316100074525373
COHFACE_s10_session2_natural,17,153,22.1,-1.251652479171753,0.8865234279414309
COHFACE_s10_session2_natural,17,154,22.133333333333333,-1.2286348342895508,0.4834756366481381
COHFACE_s10_session2_natural,17,155,22.166666666666668,-0.31876084208488464,0.003467078645030261
COHFACE_s10_session2_natural,17,156,22.2,1.2518391609191895,-0.4527652529580875
COHFACE_s10_session2_natural,17,157,22.233333333333334,2.0756657123565674,-0.7949021994708325
COHFACE_s10_session2_natural,17,158,22.266666666666666,1.8709923028945923,-0.9687376508979598
COHFACE_s10_session2_natural,17,159,22.3,1.330707311630249,-0.9667593085165994
COHFACE_s10_session2_natural,17,160,22.333333333333332,0.8916028738021851,-0.8207487061817471
COHFACE_s10_session2_natural,17,161,22.366666666666667,0.5618988275527954,-0.5823870577244478
COHFACE_s10_session2_natural,17,162,22.4,0.375826895236969,-0.30296754735625075
COHFACE_s10_session2_natural,17,163,22.433333333333334,0.41982749104499817,-0.02220428740495444
COHFACE_s10_session2_natural,17,164,22.466666666666665,0.504776656627655,0.23052745745796063
COHFACE_s10_session2_natural,17,165,22.5,0.43298375606536865,0.4276792009693087
COHFACE_s10_session2_natural,17,166,22.533333333333335,0.19206708669662476,0.5380286526238864
COHFACE_s10_session2_natural,17,167,22.566666666666666,-0.13622651994228363,0.5316327145854245
COHFACE_s10_session2_natural,17,168,22.6,-0.46612706780433655,0.3928309246698076
COHFACE_s10_session2_natural,17,169,22.633333333333333,-0.7261769771575928,0.1314264270568229
COHFACE_s10_session2_natural,17,170,22.666666666666668,-0.8909654021263123,-0.21559397016037324
COHFACE_s10_session2_natural,17,171,22.7,-0.9856025576591492,-0.5918611170553776
COHFACE_s10_session2_natural,17,172,22.733333333333334,-1.0312447547912598,-0.9340196456843064
COHFACE_s10_session2_natural,17,173,22.766666666666666,-1.0687366724014282,-1.1834793470080454
COHFACE_s10_session2_natural,17,174,22.8,-1.133280873298645,-1.294738160773164
COHFACE_s10_session2_natural,17,175,22.833333333333332,-1.2336291074752808,-1.2402963661392843
COHFACE_s10_session2_natural,17,176,22.866666666666667,-1.3285553455352783,-1.0136372033127228
COHFACE_s10_session2_natural,17,177,22.9,-0.9901806712150574,-0.631695028501726
COHFACE_s10_session2_natural,17,178,22.933333333333334,0.3017795979976654,-0.13710309126427625
COHFACE_s10_session2_natural,17,179,22.966666666666665,1.5793812274932861,0.40175126586074356
COHFACE_s10_session2_natural,17,180,23.0,1.8381478786468506,0.89715664845214
COHFACE_s10_session2_natural,17,181,23.033333333333335,1.3871127367019653,1.2582952148544866
COHFACE_s10_session2_natural,17,182,23.066666666666666,0.8294864296913147,1.4148736945706664
COHFACE_s10_session2_natural,17,183,23.1,0.3821738064289093,1.3396290866690472
COHFACE_s10_session2_natural,17,184,23.133333333333333,0.0929211974143982,1.0596409276879155
COHFACE_s10_session2_natural,17,185,23.166666666666668,0.1094532236456871,0.6504328654070505
COHFACE_s10_session2_natural,17,186,23.2,0.29779112339019775,0.21412061990577613
COHFACE_s10_session2_natural,17,187,23.233333333333334,0.37529507279396057,-0.15029374768942833
COHFACE_s10_session2_natural,17,188,23.266666666666666,0.22831037640571594,-0.3732816521064053
COHFACE_s10_session2_natural,17,189,23.3,-0.06869956105947495,-0.4287027414455544
COHFACE_s10_session2_natural,17,190,23.333333333333332,-0.4068545699119568,-0.33237495362421726
COHFACE_s10_session2_natural,17,191,23.366666666666667,-0.7025119066238403,-0.12910080487755218
COHFACE_s10_session2_natural,17,192,23.4,-0.9012198448181152,0.12440679945732479
COHFACE_s10_session2_natural,17,193,23.433333333333334,-1.0062733888626099,0.3737456868201187
COHFACE_s10_session2_natural,17,194,23.466666666666665,-1.063302993774414,0.5747459946530614
COHFACE_s10_session2_natural,17,195,23.5,-1.1079626083374023,0.6958637418556086
COHFACE_s10_session2_natural,17,196,23.533333333333335,-1.1727958917617798,0.71839764896004
COHFACE_s10_session2_natural,17,197,23.566666666666666,-1.2519993782043457,0.6375092217969912
COHFACE_s10_session2_natural,17,198,23.6,-0.9945159554481506,0.46421145417848253
COHFACE_s10_session2_natural,17,199,23.633333333333333,0.13389286398887634,0.2256962330073305
COHFACE_s10_session2_natural,17,200,23.666666666666668,1.3760604858398438,-0.03897912951505066
COHFACE_s10_session2_natural,17,201,23.7,1.7209901809692383,-0.28831489342201644
COHFACE_s10_session2_natural,17,202,23.733333333333334,1.3371119499206543,-0.48958871928312353
COHFACE_s10_session2_natural,17,203,23.766666666666666,0.796029269695282,-0.6263412346152696
COHFACE_s10_session2_natural,17,204,23.8,0.3282770812511444,-0.6979729975462907
COHFACE_s10_session2_natural,17,205,23.833333333333332,-0.009045545011758804,-0.7117037936785517
COHFACE_s10_session2_natural,17,206,23.866666666666667,-0.028964899480342865,-0.672096796275658
COHFACE_s10_session2_natural,17,207,23.9,0.17303793132305145,-0.5758165698848222
COHFACE_s10_session2_natural,17,208,23.933333333333334,0.2858140766620636,-0.4170488375563684
COHFACE_s10_session2_natural,17,209,23.966666666666665,0.18042531609535217,-0.20185686996610075
COHFACE_s10_session2_natural,17,210,24.0,-0.09627220034599304,0.03868378806779889
COHFACE_s10_session2_natural,17,211,24.033333333333335,-0.44084349274635315,0.24866016031435384
COHFACE_s10_session2_natural,17,212,24.066666666666666,-0.7342348694801331,0.36451233946912887
COHFACE_s10_session2_natural,17,213,24.1,-0.9296942353248596,0.3411556347236487
COHFACE_s10_session2_natural,17,214,24.133333333333333,-1.038805603981018,0.17316823525435998
COHFACE_s10_session2_natural,17,215,24.166666666666668,-1.1075001955032349,-0.09983086067537345
COHFACE_s10_session2_natural,17,216,24.2,-1.1644952297210693,-0.40573688526283497
COHFACE_s10_session2_natural,17,217,24.233333333333334,-1.22484290599823,-0.6638783738379315
COHFACE_s10_session2_natural,17,218,24.266666666666666,-1.0707828998565674,-0.8098696435475561
COHFACE_s10_session2_natural,17,219,24.3,-0.08316218852996826,-0.8123561342347587
COHFACE_s10_session2_natural,17,220,24.333333333333332,1.2960015535354614,-0.6771174568603676
COHFACE_s10_session2_natural,17,221,24.366666666666667,1.8896746635437012,-0.43947527957172183
COHFACE_s10_session2_natural,17,222,24.4,1.6161794662475586,-0.1503469204628094
COHFACE_s10_session2_natural,17,223,24.433333333333334,1.0864957571029663,0.1374898936831347
COHFACE_s10_session2_natural,17,224,24.466666666666665,0.6112983822822571,0.3788030870526215
COHFACE_s10_session2_natural,17,225,24.5,0.23026415705680847,0.5408025820790174
COHFACE_s10_session2_natural,17,226,24.533333333333335,0.07944124191999435,0.6058807316306087
COHFACE_s10_session2_natural,17,227,24.566666666666666,0.20431004464626312,0.574253359806623
COHFACE_s10_session2_natural,17,228,24.6,0.3442310690879822,0.466011953349333
COHFACE_s10_session2_natural,17,229,24.633333333333333,0.2955251932144165,0.31967698281796714
COHFACE_s10_session2_natural,17,230,24.666666666666668,0.0593947172164917,0.18436056137092957
COHFACE_s10_session2_natural,17,231,24.7,-0.2802979052066803,0.10552062486684223
COHFACE_s10_session2_natural,17,232,24.733333333333334,-0.6136320233345032,0.10854513515984053
COHFACE_s10_session2_natural,17,233,24.766666666666666,-0.8564909100532532,0.18738224855094768
COHFACE_s10_session2_natural,17,234,24.8,-1.0035334825515747,0.3047739025430483
COHFACE_s10_session2_natural,17,235,24.833333333333332,-1.0880202054977417,0.40578742313785815
COHFACE_s10_session2_natural,17,236,24.866666666666667,-1.1595009565353394,0.43937160351163007
COHFACE_s10_session2_natural,17,237,24.9,-1.2366002798080444,0.3782852580257326
COHFACE_s10_session2_natural,17,238,24.933333333333334,-1.1608535051345825,0.22915463069975656
COHFACE_s10_session2_natural,17,239,24.966666666666665,-0.3006218671798706,0.029717932647034047
COHFACE_s10_session2_natural,18,0,18.0,1.7429442405700684,-0.1269948794161661
COHFACE_s10_session2_natural,18,1,18.033333333333335,1.2600010633468628,0.17007901708530807
COHFACE_s10_session2_natural,18,2,18.066666666666666,0.6486052870750427,0.3972334167145426
COHFACE_s10_session2_natural,18,3,18.1,0.11716431379318237,0.506785848951897
COHFACE_s10_session2_natural,18,4,18.133333333333333,-0.15596088767051697,0.4916074371056916
COHFACE_s10_session2_natural,18,5,18.166666666666668,0.0014170287176966667,0.38638766174692135
COHFACE_s10_session2_natural,18,6,18.2,0.307814359664917,0.2523852918060761
COHFACE_s10_session2_natural,18,7,18.233333333333334,0.3994688391685486,0.15181831132117057
COHFACE_s10_session2_natural,18,8,18.266666666666666,0.24025273323059082,0.12383101984116608
COHFACE_s10_session2_natural,18,9,18.3,-0.07244527339935303,0.1734525495988945
COHFACE_s10_session2_natural,18,10,18.333333333333332,-0.4270860552787781,0.277398981830716
COHFACE_s10_session2_natural,18,11,18.366666666666667,-0.7328706979751587,0.4009144873920397
COHFACE_s10_session2_natural,18,12,18.4,-0.9371857047080994,0.5144844399308746
COHFACE_s10_session2_natural,18,13,18.433333333333334,-1.0251868963241577,0.6012622454082882
COHFACE_s10_session2_natural,18,14,18.466666666666665,-1.0545514822006226,0.6538291171326299
COHFACE_s10_session2_natural,18,15,18.5,-1.08611261844635,0.6664728832261809
COHFACE_s10_session2_natural,18,16,18.533333333333335,-1.1431076526641846,0.6310411771871824
COHFACE_s10_session2_natural,18,17,18.566666666666666,-1.2091317176818848,0.5402233219577656
COHFACE_s10_session2_natural,18,18,18.6,-0.8739593625068665,0.3954963201584923
COHFACE_s10_session2_natural,18,19,18.633333333333333,0.39435893297195435,0.2130489238690076
COHFACE_s10_session2_natural,18,20,18.666666666666668,1.6169887781143188,0.02261787405918884
COHFACE_s10_session2_natural,18,21,18.7,1.903836727142334,-0.1409159418103026
COHFACE_s10_session2_natural,18,22,18.733333333333334,1.523704171180725,-0.24914359851474702
COHFACE_s10_session2_natural,18,23,18.766666666666666,0.9454880356788635,-0.28939419527612414
COHFACE_s10_session2_natural,18,24,18.8,0.39039355516433716,-0.267344643889601
COHFACE_s10_session2_natural,18,25,18.833333333333332,-0.006213135551661253,-0.20208437452748715
COHFACE_s10_session2_natural,18,26,18.866666666666667,-0.0008142163278535008,-0.11674663578628242
COHFACE_s10_session2_natural,18,27,18.9,0.2994558811187744,-0.02995932953614703
COHFACE_s10_session2_natural,18,28,18.933333333333334,0.4826260805130005,0.04777299619563236
COHFACE_s10_session2_natural,18,29,18.966666666666665,0.39820870757102966,0.11192413110433962
COHFACE_s10_session2_natural,18,30,19.0,0.12309502810239792,0.15841145146711766
COHFACE_s10_session2_natural,18,31,19.033333333333335,-0.24592746794223785,0.17871880981424423
COHFACE_s10_session2_natural,18,32,19.066666666666666,-0.5873773097991943,0.15924380191195145
COHFACE_s10_session2_natural,18,33,19.1,-0.8246407508850098,0.0858126047479096
COHFACE_s10_session2_natural,18,34,19.133333333333333,-0.9540761113166809,-0.04922320580308425
COHFACE_s10_session2_natural,18,35,19.166666666666668,-1.0184237957000732,-0.24168687329583527
COHFACE_s10_session2_natural,18,36,19.2,-1.0612452030181885,-0.4749172081745869
COHFACE_s10_session2_natural,18,37,19.233333333333334,-1.1110725402832031,-0.7232683668129278
COHFACE_s10_session2_natural,18,38,19.266666666666666,-1.0108283758163452,-0.9568847923085375
COHFACE_s10_session2_natural,18,39,19.3,-0.06661860644817352,-1.1448880891409081
COHFACE_s10_session2_natural,18,40,19.333333333333332,1.3872166872024536,-1.256368702085805
COHFACE_s10_session2_natural,18,41,19.366666666666667,2.1086950302124023,-1.2613468971362174
COHFACE_s10_session2_natural,18,42,19.4,1.9405654668807983,-1.1350163928696755
COHFACE_s10_session2_natural,18,43,19.433333333333334,1.4128471612930298,-0.8668318538771173
COHFACE_s10_session2_natural,18,44,19.466666666666665,0.8766893744468689,-0.4718699306217981
COHFACE_s10_session2_natural,18,45,19.5,0.4359317719936371,0.00199841910006304
COHFACE_s10_session2_natural,18,46,19.533333333333335,0.24065735936164856,0.47810851441971614
COHFACE_s10_session2_natural,18,47,19.566666666666666,0.3945207893848419,0.8685644522464775
COHFACE_s10_session2_natural,18,48,19.6,0.601783812046051,1.0997574937021213
COHFACE_s10_session2_natural,18,49,19.633333333333333,0.6035410761833191,1.134823078786878
COHFACE_s10_session2_natural,18,50,19.666666666666668,0.3828096389770508,0.9836675996824334
COHFACE_s10_session2_natural,18,51,19.7,0.027059005573391914,0.6976018811079666
COHFACE_s10_session2_natural,18,52,19.733333333333334,-0.33835649490356445,0.35192947881908165
COHFACE_s10_session2_natural,18,53,19.766666666666666,-0.6140713691711426,0.023696509451444973
COHFACE_s10_session2_natural,18,54,19.8,-0.7809407114982605,-0.2273004326891129
COHFACE_s10_session2_natural,18,55,19.833333333333332,-0.874375581741333,-0.36826585221209457
COHFACE_s10_session2_natural,18,56,19.866666666666667,-0.9454516768455505,-0.3923566135733143
COHFACE_s10_session2_natural,18,57,19.9,-1.0099843740463257,-0.3103657766683046
COHFACE_s10_session2_natural,18,58,19.933333333333334,-0.9396250247955322,-0.14195466744138074
COHFACE_s10_session2_natural,18,59,19.966666666666665,-0.0645376518368721,0.08813156874087212
COHFACE_s10_session2_natural,18,60,20.0,1.4569865465164185,0.3492878535968656
COHFACE_s10_session2_natural,18,61,20.033333333333335,2.3140735626220703,0.6049356492088827
COHFACE_s10_session2_natural,18,62,20.066666666666666,2.20047664642334,0.8172562279585706
COHFACE_s10_session2_natural,18,63,20.1,1.688007116317749,0.9558646228985898
COHFACE_s10_session2_natural,18,64,20.133333333333333,1.205133318901062,1.0052840304195085
COHFACE_s10_session2_natural,18,65,20.166666666666668,0.8353015184402466,0.966061358708132
COHFACE_s10_session2_natural,18,66,20.2,0.6105238199234009,0.8487289758940221
COHFACE_s10_session2_natural,18,67,20.233333333333334,0.6340616941452026,0.6651342133739216
COHFACE_s10_session2_natural,18,68,20.266666666666666,0.7405140399932861,0.42377867664743446
COHFACE_s10_session2_natural,18,69,20.3,0.7083633542060852,0.13302946227927656
COHFACE_s10_session2_natural,18,70,20.333333333333332,0.48437175154685974,-0.1900240157381253
COHFACE_s10_session2_natural,18,71,20.366666666666667,0.14027446508407593,-0.5121618901533903
COHFACE_s10_session2_natural,18,72,20.4,-0.22081729769706726,-0.7850509566978239
COHFACE_s10_session2_natural,18,73,20.433333333333334,-0.5098733305931091,-0.9569891210458243
COHFACE_s10_session2_natural,18,74,20.466666666666665,-0.6985002756118774,-0.991493293751881
COHFACE_s10_session2_natural,18,75,20.5,-0.8020623922348022,-0.8843457760591792
COHFACE_s10_session2_natural,18,76,20.533333333333335,-0.857473611831665,-0.6701738734942262
COHFACE_s10_session2_natural,18,77,20.566666666666666,-0.9079713821411133,-0.41363651165522297
COHFACE_s10_session2_natural,18,78,20.6,-0.9869551658630371,-0.18735818945149882
COHFACE_s10_session2_natural,18,79,20.633333333333333,-1.0679157972335815,-0.04558716641066611
COHFACE_s10_session2_natural,18,80,20.666666666666668,-0.6484764218330383,-0.005513986387407025
COHFACE_s10_session2_natural,18,81,20.7,0.7873702049255371,-0.0449677578911447
COHFACE_s10_session2_natural,18,82,20.733333333333334,2.1180245876312256,-0.11681006382978149
COHFACE_s10_session2_natural,18,83,20.766666666666666,2.3657736778259277,-0.1719655943273013
COHFACE_s10_session2_natural,18,84,20.8,1.945212960243225,-0.17979019643109537
COHFACE_s10_session2_natural,18,85,20.833333333333332,1.476871132850647,-0.1372074835061141
COHFACE_s10_session2_natural,18,86,20.866666666666667,1.1501151323318481,-0.06441279667604714
COHFACE_s10_session2_natural,18,87,20.9,0.8709898591041565,0.008394646425450455
COHFACE_s10_session2_natural,18,88,20.933333333333334,0.7238548994064331,0.05506211259931716
COHFACE_s10_session2_natural,18,89,20.966666666666665,0.745219349861145,0.06142212730656608
COHFACE_s10_session2_natural,18,90,21.0,0.7331613302230835,0.0257067253501581
COHFACE_s10_session2_natural,18,91,21.033333333333335,0.558858335018158,-0.04486719485867514
COHFACE_s10_session2_natural,18,92,21.066666666666666,0.2604379951953888,-0.13692408551636354
COHFACE_s10_session2_natural,18,93,21.1,-0.08031821995973587,-0.23187818959732193
COHFACE_s10_session2_natural,18,94,21.133333333333333,-0.3957677185535431,-0.30729425098685237
COHFACE_s10_session2_natural,18,95,21.166666666666668,-0.6374358534812927,-0.34151312637006354
COHFACE_s10_session2_natural,18,96,21.2,-0.7873916625976562,-0.3210773996830572
COHFACE_s10_session2_natural,18,97,21.233333333333334,-0.8579360246658325,-0.24665048621756133
COHFACE_s10_session2_natural,18,98,21.266666666666666,-0.9095668196678162,-0.13270555871519918
COHFACE_s10_session2_natural,18,99,21.3,-0.9807122945785522,8.116273692526915e-05
COHFACE_s10_session2_natural,18,100,21.333333333333332,-1.0790027379989624,0.1355122881063857
COHFACE_s10_session2_natural,18,101,21.366666666666667,-1.1694895029067993,0.2686384900090684
COHFACE_s10_session2_natural,18,102,21.4,-0.7628017663955688,0.4039251619122397
COHFACE_s10_session2_natural,18,103,21.433333333333334,0.6569753289222717,0.5457075221481176
COHFACE_s10_session2_natural,18,104,21.466666666666665,1.9655253887176514,0.6868397476948436
COHFACE_s10_session2_natural,18,105,21.5,2.1787307262420654,0.8029727444796256
COHFACE_s10_session2_natural,18,106,21.533333333333335,1.742065668106079,0.8570490503184365
COHFACE_s10_session2_natural,18,107,21.566666666666666,1.2868107557296753,0.8129314169852356
COHFACE_s10_session2_natural,18,108,21.6,0.9752456545829773,0.6517408547696956
COHFACE_s10_session2_natural,18,109,21.633333333333333,0.7083864212036133,0.3828629148710666
COHFACE_s10_session2_natural,18,110,21.666666666666668,0.5783036947250366,0.04480373672234271
COHFACE_s10_session2_natural,18,111,21.7,0.605286717414856,-0.30374036650697933
COHFACE_s10_session2_natural,18,112,21.733333333333334,0.5910900235176086,-0.5986565142843274
COHFACE_s10_session2_natural,18,113,21.766666666666666,0.4093186855316162,-0.7859051088482453
COHFACE_s10_session2_natural,18,114,21.8,0.10433176159858704,-0.8331028128711917
COHFACE_s10_session2_natural,18,115,21.833333333333332,-0.2281237542629242,-0.7343547931819772
COHFACE_s10_session2_natural,18,116,21.866666666666667,-0.5309025645256042,-0.5081320388393555
COHFACE_s10_session2_natural,18,117,21.9,-0.7520154714584351,-0.1906187403034853
COHFACE_s10_session2_natural,18,118,21.933333333333334,-0.8831617832183838,0.1716384091716421
COHFACE_s10_session2_natural,18,119,21.966666666666665,-0.9483303427696228,0.5270212303651488
COHFACE_s10_session2_natural,18,120,22.0,-0.9896950721740723,0.8225678529417445
COHFACE_s10_session2_natural,18,121,22.033333333333335,-1.0428403615951538,1.009154581306591
COHFACE_s10_session2_natural,18,122,22.066666666666666,-1.126159429550171,1.0502877033072289
COHFACE_s10_session2_natural,18,123,22.1,-1.251652479171753,0.9328456528751757
COHFACE_s10_session2_natural,18,124,22.133333333333333,-1.2286348342895508,0.6742440536944122
COHFACE_s10_session2_natural,18,125,22.166666666666668,-0.31876084208488464,0.3203472092293351
COHFACE_s10_session2_natural,18,126,22.2,1.2518391609191895,-0.06674549024148169
COHFACE_s10_session2_natural,18,127,22.233333333333334,2.0756657123565674,-0.42592355999109344
COHFACE_s10_session2_natural,18,128,22.266666666666666,1.8709923028945923,-0.7116707004432284
COHFACE_s10_session2_natural,18,129,22.3,1.330707311630249,-0.9004441212594873
COHFACE_s10_session2_natural,18,130,22.333333333333332,0.8916028738021851,-0.9879941446249332
COHFACE_s10_session2_natural,18,131,22.366666666666667,0.5618988275527954,-0.9814267194102465
COHFACE_s10_session2_natural,18,132,22.4,0.375826895236969,-0.8918226371908872
COHFACE_s10_session2_natural,18,133,22.433333333333334,0.41982749104499817,-0.7318258434086587
COHFACE_s10_session2_natural,18,134,22.466666666666665,0.504776656627655,-0.5186861928863655
COHFACE_s10_session2_natural,18,135,22.5,0.43298375606536865,-0.2788140627849101
COHFACE_s10_session2_natural,18,136,22.533333333333335,0.19206708669662476,-0.04774701648601409
COHFACE_s10_session2_natural,18,137,22.566666666666666,-0.13622651994228363,0.13767182679064058
COHFACE_s10_session2_natural,18,138,22.6,-0.46612706780433655,0.25106501688382254
COHFACE_s10_session2_natural,18,139,22.633333333333333,-0.7261769771575928,0.28414599269701174
COHFACE_s10_session2_natural,18,140,22.666666666666668,-0.8909654021263123,0.2455798924269357
COHFACE_s10_session2_natural,18,141,22.7,-0.9856025576591492,0.1534193557858794
COHFACE_s10_session2_natural,18,142,22.733333333333334,-1.0312447547912598,0.027110466549936388
COHFACE_s10_session2_natural,18,143,22.766666666666666,-1.0687366724014282,-0.11625744554515918
COHFACE_s10_session2_natural,18,144,22.8,-1.133280873298645,-0.26084164658375036
COHFACE_s10_session2_natural,18,145,22.833333333333332,-1.2336291074752808,-0.38882145594077444
COHFACE_s10_session2_natural,18,146,22.866666666666667,-1.3285553455352783,-0.4783788628314139
COHFACE_s10_session2_natural,18,147,22.9,-0.9901806712150574,-0.5051155557207494
COHFACE_s10_session2_natural,18,148,22.933333333333334,0.3017795979976654,-0.4479728811425679
COHFACE_s10_session2_natural,18,149,22.966666666666665,1.5793812274932861,-0.29870338930427826
COHFACE_s10_session2_natural,18,150,23.0,1.8381478786468506,-0.07069494276382825
COHFACE_s10_session2_natural,18,151,23.033333333333335,1.3871127367019653,0.1988643069205253
COHFACE_s10_session2_natural,18,152,23.066666666666666,0.8294864296913147,0.4572638774850772
COHFACE_s10_session2_natural,18,153,23.1,0.3821738064289093,0.6531979322571745
COHFACE_s10_session2_natural,18,154,23.133333333333333,0.0929211974143982,0.7548830297131568
COHFACE_s10_session2_natural,18,155,23.166666666666668,0.1094532236456871,0.7602667711709894
COHFACE_s10_session2_natural,18,156,23.2,0.29779112339019775,0.6944009891989277
COHFACE_s10_session2_natural,18,157,23.233333333333334,0.37529507279396057,0.5961322489073287
COHFACE_s10_session2_natural,18,158,23.266666666666666,0.22831037640571594,0.5015651756550585
COHFACE_s10_session2_natural,18,159,23.3,-0.06869956105947495,0.43237228610576844
COHFACE_s10_session2_natural,18,160,23.333333333333332,-0.4068545699119568,0.39301582437725985
COHFACE_s10_session2_natural,18,161,23.366666666666667,-0.7025119066238403,0.37547477782176014
COHFACE_s10_session2_natural,18,162,23.4,-0.9012198448181152,0.36672560302667817
COHFACE_s10_session2_natural,18,163,23.433333333333334,-1.0062733888626099,0.3542988490440281
COHFACE_s10_session2_natural,18,164,23.466666666666665,-1.063302993774414,0.32791808239617526
COHFACE_s10_session2_natural,18,165,23.5,-1.1079626083374023,0.2785583604608942
COHFACE_s10_session2_natural,18,166,23.533333333333335,-1.1727958917617798,0.1981268879656635
COHFACE_s10_session2_natural,18,167,23.566666666666666,-1.2519993782043457,0.08211842238684457
COHFACE_s10_session2_natural,18,168,23.6,-0.9945159554481506,-0.06548625534591666
COHFACE_s10_session2_natural,18,169,23.633333333333333,0.13389286398887634,-0.22867175052857022
COHFACE_s10_session2_natural,18,170,23.666666666666668,1.3760604858398438,-0.380998404290179
COHFACE_s10_session2_natural,18,171,23.7,1.7209901809692383,-0.4933837828520901
COHFACE_s10_session2_natural,18,172,23.733333333333334,1.3371119499206543,-0.5449281891790214
COHFACE_s10_session2_natural,18,173,23.766666666666666,0.796029269695282,-0.5311149002746103
COHFACE_s10_session2_natural,18,174,23.8,0.3282770812511444,-0.46481190318168536
COHFACE_s10_session2_natural,18,175,23.833333333333332,-0.009045545011758804,-0.3695076882134487
COHFACE_s10_session2_natural,18,176,23.866666666666667,-0.028964899480342865,-0.2686653148931469
COHFACE_s10_session2_natural,18,177,23.9,0.17303793132305145,-0.17741011615208305
COHFACE_s10_session2_natural,18,178,23.933333333333334,0.2858140766620636,-0.10142689951356375
COHFACE_s10_session2_natural,18,179,23.966666666666665,0.18042531609535217,-0.04321482223007631
COHFACE_s10_session2_natural,18,180,24.0,-0.09627220034599304,-0.01027955830764964
COHFACE_s10_session2_natural,18,181,24.033333333333335,-0.44084349274635315,-0.017848621695359057
COHFACE_s10_session2_natural,18,182,24.066666666666666,-0.7342348694801331,-0.08258182396560501
COHFACE_s10_session2_natural,18,183,24.1,-0.9296942353248596,-0.21045700759639663
COHFACE_s10_session2_natural,18,184,24.133333333333333,-1.038805603981018,-0.38653752979145284
COHFACE_s10_session2_natural,18,185,24.166666666666668,-1.1075001955032349,-0.5738650261133712
COHFACE_s10_session2_natural,18,186,24.2,-1.1644952297210693,-0.7235902538685
COHFACE_s10_session2_natural,18,187,24.233333333333334,-1.22484290599823,-0.7919298976477891
COHFACE_s10_session2_natural,18,188,24.266666666666666,-1.0707828998565674,-0.7555904204310283
COHFACE_s10_session2_natural,18,189,24.3,-0.08316218852996826,-0.6181310081703225
COHFACE_s10_session2_natural,18,190,24.333333333333332,1.2960015535354614,-0.4048856105307169
COHFACE_s10_session2_natural,18,191,24.366666666666667,1.8896746635437012,-0.1503983041370134
COHFACE_s10_session2_natural,18,192,24.4,1.6161794662475586,0.11396640781022561
COHFACE_s10_session2_natural,18,193,24.433333333333334,1.0864957571029663,0.3657764155337657
COHFACE_s10_session2_natural,18,194,24.466666666666665,0.6112983822822571,0.589550560738921
COHFACE_s10_session2_natural,18,195,24.5,0.23026415705680847,0.7712822501912389
COHFACE_s10_session2_natural,18,196,24.533333333333335,0.07944124191999435,0.8951039377816226
COHFACE_s10_session2_natural,18,197,24.566666666666666,0.20431004464626312,0.9451315564867976
COHFACE_s10_session2_natural,18,198,24.6,0.3442310690879822,0.9114025264962707
COHFACE_s10_session2_natural,18,199,24.633333333333333,0.2955251932144165,0.7959083788718543
COHFACE_s10_session2_natural,18,200,24.666666666666668,0.0593947172164917,0.6146546036605619
COHFACE_s10_session2_natural,18,201,24.7,-0.2802979052066803,0.3940478732184752
COHFACE_s10_session2_natural,18,202,24.733333333333334,-0.6136320233345032,0.16314623540773804
COHFACE_s10_session2_natural,18,203,24.766666666666666,-0.8564909100532532,-0.05409195393937739
COHFACE_s10_session2_natural,18,204,24.8,-1.0035334825515747,-0.24186934371643087
COHFACE_s10_session2_natural,18,205,24.833333333333332,-1.0880202054977417,-0.3889839609269502
COHFACE_s10_session2_natural,18,206,24.866666666666667,-1.1595009565353394,-0.4819134125172601
COHFACE_s10_session2_natural,18,207,24.9,-1.2366002798080444,-0.5013272503402606
COHFACE_s10_session2_natural,18,208,24.933333333333334,-1.1608535051345825,-0.42709674930288144
COHFACE_s10_session2_natural,18,209,24.966666666666665,-0.3006218671798706,-0.2509583590241036
COHFACE_s10_session2_natural,18,210,25.0,1.1649593114852905,0.01022675600926281
COHFACE_s10_session2_natural,18,211,25.033333333333335,1.9812365770339966,0.3100789699435079
COHFACE_s10_session2_natural,18,212,25.066666666666666,1.8363443613052368,0.5830011636111021
COHFACE_s10_session2_natural,18,213,25.1,1.3257477283477783,0.766505218924719
COHFACE_s10_session2_natural,18,214,25.133333333333333,0.8700534701347351,0.8242321699297395
COHFACE_s10_session2_natural,18,215,25.166666666666668,0.5083027482032776,0.7565206242604373
COHFACE_s10_session2_natural,18,216,25.2,0.2878372073173523,0.5932631032198326
COHFACE_s10_session2_natural,18,217,25.233333333333334,0.3053287863731384,0.375029254320052
COHFACE_s10_session2_natural,18,218,25.266666666666666,0.4117349088191986,0.13450005936246545
COHFACE_s10_session2_natural,18,219,25.3,0.39254388213157654,-0.11176767221708958
COHFACE_s10_session2_natural,18,220,25.333333333333332,0.18118833005428314,-0.3589233963539565
COHFACE_s10_session2_natural,18,221,25.366666666666667,-0.15077006816864014,-0.602259853364004
COHFACE_s10_session2_natural,18,222,25.4,-0.4925205111503601,-0.8271435590900172
COHFACE_s10_session2_natural,18,223,25.433333333333334,-0.7647555470466614,-1.0067892793986408
COHFACE_s10_session2_natural,18,224,25.466666666666665,-0.9396597146987915,-1.108904926304762
COHFACE_s10_session2_natural,18,225,25.5,-1.0439733266830444,-1.1072881178931353
COHFACE_s10_session2_natural,18,226,25.533333333333335,-1.1155118942260742,-0.9924150341825221
COHFACE_s10_session2_natural,18,227,25.566666666666666,-1.1888771057128906,-0.7760772900304075
COHFACE_s10_session2_natural,18,228,25.6,-1.247351884841919,-0.48805162602685986
COHFACE_s10_session2_natural,18,229,25.633333333333333,-0.8825491070747375,-0.1666200368469415
COHFACE_s10_session2_natural,18,230,25.666666666666668,0.40182724595069885,0.15199467013016374
COHFACE_s10_session2_natural,18,231,25.7,1.7011864185333252,0.4399780681607416
COHFACE_s10_session2_natural,18,232,25.733333333333334,2.0060346126556396,0.6782484666577842
COHFACE_s10_session2_natural,18,233,25.766666666666666,1.619277834892273,0.8530823200124563
COHFACE_s10_session2_natural,18,234,25.8,1.1528897285461426,0.9528341111457084
COHFACE_s10_session2_natural,18,235,25.833333333333332,0.7988848090171814,0.9674038111225338
COHFACE_s10_session2_natural,18,236,25.866666666666667,0.48916950821876526,0.8910210760346191
COHFACE_s10_session2_natural,18,237,25.9,0.3475259244441986,0.7268215685168351
COHFACE_s10_session2_natural,18,238,25.933333333333334,0.3959890305995941,0.49028149423352396
COHFACE_s10_session2_natural,18,239,25.966666666666665,0.41904136538505554,0.2089275300188713
COHFACE_s10_session2_natural,19,0,19.0,0.12309502810239792,-0.0015715004692155223
COHFACE_s10_session2_natural,19,1,19.033333333333335,-0.24592746794223785,0.10418754338356857
COHFACE_s10_session2_natural,19,2,19.066666666666666,-0.5873773097991943,0.1780371843584446
COHFACE_s10_session2_natural,19,3,19.1,-0.8246407508850098,0.19530399685171673
COHFACE_s10_session2_natural,19,4,19.133333333333333,-0.9540761113166809,0.14373799767959067
COHFACE_s10_session2_natural,19,5,19.166666666666668,-1.0184237957000732,0.02327323529592716
COHFACE_s10_session2_natural,19,6,19.2,-1.0612452030181885,-0.15779360321985225
COHFACE_s10_session2_natural,19,7,19.233333333333334,-1.1110725402832031,-0.38656206224031237
COHFACE_s10_session2_natural,19,8,19.266666666666666,-1.0108283758163452,-0.6459551609001867
COHFACE_s10_session2_natural,19,9,19.3,-0.06661860644817352,-0.9115026975994389
COHFACE_s10_session2_natural,19,10,19.333333333333332,1.3872166872024536,-1.1476502928348058
COHFACE_s10_session2_natural,19,11,19.366666666666667,2.1086950302124023,-1.308365028533177
COHFACE_s10_session2_natural,19,12,19.4,1.9405654668807983,-1.3452042506375614
COHFACE_s10_session2_natural,19,13,19.433333333333334,1.4128471612930298,-1.2220259626749783
COHFACE_s10_session2_natural,19,14,19.466666666666665,0.8766893744468689,-0.9312408775386831
COHFACE_s10_session2_natural,19,15,19.5,0.4359317719936371,-0.5040125086137143
COHFACE_s10_session2_natural,19,16,19.533333333333335,0.24065735936164856,-0.007779718023312492
COHFACE_s10_session2_natural,19,17,19.566666666666666,0.3945207893848419,0.47019260876250557
COHFACE_s10_session2_natural,19,18,19.6,0.601783812046051,0.8468320223781496
COHFACE_s10_session2_natural,19,19,19.633333333333333,0.6035410761833191,1.0643429595726053
COHFACE_s10_session2_natural,19,20,19.666666666666668,0.3828096389770508,1.101045719483359
COHFACE_s10_session2_natural,19,21,19.7,0.027059005573391914,0.9711377542863598
COHFACE_s10_session2_natural,19,22,19.733333333333334,-0.33835649490356445,0.7166024016446683
COHFACE_s10_session2_natural,19,23,19.766666666666666,-0.6140713691711426,0.395234395609527
COHFACE_s10_session2_natural,19,24,19.8,-0.7809407114982605,0.068034124305492
COHFACE_s10_session2_natural,19,25,19.833333333333332,-0.874375581741333,-0.21153700412317408
COHFACE_s10_session2_natural,19,26,19.866666666666667,-0.9454516768455505,-0.404483448474606
COHFACE_s10_session2_natural,19,27,19.9,-1.0099843740463257,-0.48871536100260077
COHFACE_s10_session2_natural,19,28,19.933333333333334,-0.9396250247955322,-0.45857239615292256
COHFACE_s10_session2_natural,19,29,19.966666666666665,-0.0645376518368721,-0.32392863661169424
COHFACE_s10_session2_natural,19,30,20.0,1.4569865465164185,-0.10948995623236277
COHFACE_s10_session2_natural,19,31,20.033333333333335,2.3140735626220703,0.14755983603463285
COHFACE_s10_session2_natural,19,32,20.066666666666666,2.20047664642334,0.4034990366021045
COHFACE_s10_session2_natural,19,33,20.1,1.688007116317749,0.6169889448826535
COHFACE_s10_session2_natural,19,34,20.133333333333333,1.205133318901062,0.7572961158714592
COHFACE_s10_session2_natural,19,35,20.166666666666668,0.8353015184402466,0.8077167293054446
COHFACE_s10_session2_natural,19,36,20.2,0.6105238199234009,0.7635419922779683
COHFACE_s10_session2_natural,19,37,20.233333333333334,0.6340616941452026,0.6281026556781331
COHFACE_s10_session2_natural,19,38,20.266666666666666,0.7405140399932861,0.41149826619359786
COHFACE_s10_session2_natural,19,39,20.3,0.7083633542060852,0.13370775350935243
COHFACE_s10_session2_natural,19,40,20.333333333333332,0.48437175154685974,-0.17096417920870577
COHFACE_s10_session2_natural,19,41,20.366666666666667,0.14027446508407593,-0.45380727686739425
COHFACE_s10_session2_natural,19,42,20.4,-0.22081729769706726,-0.6597816437450581
COHFACE_s10_session2_natural,19,43,20.433333333333334,-0.5098733305931091,-0.7426794035050845
COHFACE_s10_session2_natural,19,44,20.466666666666665,-0.6985002756118774,-0.6818498357192451
COHFACE_s10_session2_natural,19,45,20.5,-0.8020623922348022,-0.4930211799671014
COHFACE_s10_session2_natural,19,46,20.533333333333335,-0.857473611831665,-0.22718011842944116
COHFACE_s10_session2_natural,19,47,20.566666666666666,-0.9079713821411133,0.04371759164938093
COHFACE_s10_session2_natural,19,48,20.6,-0.9869551658630371,0.24904247854498962
COHFACE_s10_session2_natural,19,49,20.633333333333333,-1.0679157972335815,0.3406707392422854
COHFACE_s10_session2_natural,19,50,20.666666666666668,-0.6484764218330383,0.30515863131577575
COHFACE_s10_session2_natural,19,51,20.7,0.7873702049255371,0.16390315983572998
COHFACE_s10_session2_natural,19,52,20.733333333333334,2.1180245876312256,-0.0366628495380059
COHFACE_s10_session2_natural,19,53,20.766666666666666,2.3657736778259277,-0.239970173156322
COHFACE_s10_session2_natural,19,54,20.8,1.945212960243225,-0.3944047014722603
COHFACE_s10_session2_natural,19,55,20.833333333333332,1.476871132850647,-0.46510634637343884
COHFACE_s10_session2_natural,19,56,20.866666666666667,1.1501151323318481,-0.44037452480909567
COHFACE_s10_session2_natural,19,57,20.9,0.8709898591041565,-0.33196739897287186
COHFACE_s10_session2_natural,19,58,20.933333333333334,0.7238548994064331,-0.17023352699693056
COHFACE_s10_session2_natural,19,59,20.966666666666665,0.745219349861145,0.004019295930324507
COHFACE_s10_session2_natural,19,60,21.0,0.7331613302230835,0.14929837389813694
COHFACE_s10_session2_natural,19,61,21.033333333333335,0.558858335018158,0.23348130714048648
COHFACE_s10_session2_natural,19,62,21.066666666666666,0.2604379951953888,0.24198056898612444
COHFACE_s10_session2_natural,19,63,21.1,-0.08031821995973587,0.18112408562868976
COHFACE_s10_session2_natural,19,64,21.133333333333333,-0.3957677185535431,0.07483686152505367
COHFACE_s10_session2_natural,19,65,21.166666666666668,-0.6374358534812927,-0.04453801548276933
COHFACE_s10_session2_natural,19,66,21.2,-0.7873916625976562,-0.14733277227854577
COHFACE_s10_session2_natural,19,67,21.233333333333334,-0.8579360246658325,-0.21442540988261025
COHFACE_s10_session2_natural,19,68,21.266666666666666,-0.9095668196678162,-0.23874085716985416
COHFACE_s10_session2_natural,19,69,21.3,-0.9807122945785522,-0.2211287286019497
COHFACE_s10_session2_natural,19,70,21.333333333333332,-1.0790027379989624,-0.16460342628708277
COHFACE_s10_session2_natural,19,71,21.366666666666667,-1.1694895029067993,-0.07142933102923682
COHFACE_s10_session2_natural,19,72,21.4,-0.7628017663955688,0.055066695384697335
COHFACE_s10_session2_natural,19,73,21.433333333333334,0.6569753289222717,0.20573834384410603
COHFACE_s10_session2_natural,19,74,21.466666666666665,1.9655253887176514,0.3618465512877295
COHFACE_s10_session2_natural,19,75,21.5,2.1787307262420654,0.49569823269329344
COHFACE_s10_session2_natural,19,76,21.533333333333335,1.742065668106079,0.5764737190877779
COHFACE_s10_session2_natural,19,77,21.566666666666666,1.2868107557296753,0.5789184931832508
COHFACE_s10_session2_natural,19,78,21.6,0.9752456545829773,0.4909598097441207
COHFACE_s10_session2_natural,19,79,21.633333333333333,0.7083864212036133,0.3172966472829647
COHFACE_s10_session2_natural,19,80,21.666666666666668,0.5783036947250366,0.07889496737788404
COHFACE_s10_session2_natural,19,81,21.7,0.605286717414856,-0.18975765972133998
COHFACE_s10_session2_natural,19,82,21.733333333333334,0.5910900235176086,-0.444654695630319
COHFACE_s10_session2_natural,19,83,21.766666666666666,0.4093186855316162,-0.6382863127102197
COHFACE_s10_session2_natural,19,84,21.8,0.10433176159858704,-0.7283630908100855
COHFACE_s10_session2_natural,19,85,21.833333333333332,-0.2281237542629242,-0.6879808243341503
COHFACE_s10_session2_natural,19,86,21.866666666666667,-0.5309025645256042,-0.5138546879325733
COHFACE_s10_session2_natural,19,87,21.9,-0.7520154714584351,-0.22912363551869006
COHFACE_s10_session2_natural,19,88,21.933333333333334,-0.8831617832183838,0.12034016634465795
COHFACE_s10_session2_natural,19,89,21.966666666666665,-0.9483303427696228,0.4744450953055199
COHFACE_s10_session2_natural,19,90,22.0,-0.9896950721740723,0.7697896652874896
COHFACE_s10_session2_natural,19,91,22.033333333333335,-1.0428403615951538,0.9512835931823811
COHFACE_s10_session2_natural,19,92,22.066666666666666,-1.126159429550171,0.9833029581981045
COHFACE_s10_session2_natural,19,93,22.1,-1.251652479171753,0.8584981569702909
COHFACE_s10_session2_natural,19,94,22.133333333333333,-1.2286348342895508,0.601079262994407
COHFACE_s10_session2_natural,19,95,22.166666666666668,-0.31876084208488464,0.2618415099711361
COHFACE_s10_session2_natural,19,96,22.2,1.2518391609191895,-0.09447919304112043
COHFACE_s10_session2_natural,19,97,22.233333333333334,2.0756657123565674,-0.405166964606539
COHFACE_s10_session2_natural,19,98,22.266666666666666,1.8709923028945923,-0.6232540619358445
COHFACE_s10_session2_natural,19,99,22.3,1.330707311630249,-0.7250913658563086
COHFACE_s10_session2_natural,19,100,22.333333333333332,0.8916028738021851,-0.7107938729957014
COHFACE_s10_session2_natural,19,101,22.366666666666667,0.5618988275527954,-0.5992869398823824
COHFACE_s10_session2_natural,19,102,22.4,0.375826895236969,-0.42103553171333724
COHFACE_s10_session2_natural,19,103,22.433333333333334,0.41982749104499817,-0.21139416755461213
COHFACE_s10_session2_natural,19,104,22.466666666666665,0.504776656627655,-0.006212521824815845
COHFACE_s10_session2_natural,19,105,22.5,0.43298375606536865,0.16077949930658655
COHFACE_s10_session2_natural,19,106,22.533333333333335,0.19206708669662476,0.26109837050700035
COHFACE_s10_session2_natural,19,107,22.566666666666666,-0.13622651994228363,0.2766558084629615
COHFACE_s10_session2_natural,19,108,22.6,-0.46612706780433655,0.2048806970333939
COHFACE_s10_session2_natural,19,109,22.633333333333333,-0.7261769771575928,0.05982294369105897
COHFACE_s10_session2_natural,19,110,22.666666666666668,-0.8909654021263123,-0.13196349507808058
COHFACE_s10_session2_natural,19,111,22.7,-0.9856025576591492,-0.33797574523317436
COHFACE_s10_session2_natural,19,112,22.733333333333334,-1.0312447547912598,-0.5253484641972648
COHFACE_s10_session2_natural,19,113,22.766666666666666,-1.0687366724014282,-0.664349880185161
COHFACE_s10_session2_natural,19,114,22.8,-1.133280873298645,-0.7309032136296708
COHFACE_s10_session2_natural,19,115,22.833333333333332,-1.2336291074752808,-0.7094945331941122
COHFACE_s10_session2_natural,19,116,22.866666666666667,-1.3285553455352783,-0.5961910662362014
COHFACE_s10_session2_natural,19,117,22.9,-0.9901806712150574,-0.40030080589118283
COHFACE_s10_session2_natural,19,118,22.933333333333334,0.3017795979976654,-0.14402871360043595
COHFACE_s10_session2_natural,19,119,22.966666666666665,1.5793812274932861,0.13946950294105795
COHFACE_s10_session2_natural,19,120,23.0,1.8381478786468506,0.40979217378728167
COHFACE_s10_session2_natural,19,121,23.033333333333335,1.3871127367019653,0.6255914262287671
COHFACE_s10_session2_natural,19,122,23.066666666666666,0.8294864296913147,0.7532259278190292
COHFACE_s10_session2_natural,19,123,23.1,0.3821738064289093,0.7755049823221866
COHFACE_s10_session2_natural,19,124,23.133333333333333,0.0929211974143982,0.6971851242052584
COHFACE_s10_session2_natural,19,125,23.166666666666668,0.1094532236456871,0.5445907879336221
COHFACE_s10_session2_natural,19,126,23.2,0.29779112339019775,0.3589346563017128
COHFACE_s10_session2_natural,19,127,23.233333333333334,0.37529507279396057,0.18547991668001151
COHFACE_s10_session2_natural,19,128,23.266666666666666,0.22831037640571594,0.062269403972977186
COHFACE_s10_session2_natural,19,129,23.3,-0.06869956105947495,0.011880403117972097
COHFACE_s10_session2_natural,19,130,23.333333333333332,-0.4068545699119568,0.037781419663927174
COHFACE_s10_session2_natural,19,131,23.366666666666667,-0.7025119066238403,0.12494298555203415
COHFACE_s10_session2_natural,19,132,23.4,-0.9012198448181152,0.243713296964959
COHFACE_s10_session2_natural,19,133,23.433333333333334,-1.0062733888626099,0.35624055390287895
COHFACE_s10_session2_natural,19,134,23.466666666666665,-1.063302993774414,0.42484179945261114
COHFACE_s10_session2_natural,19,135,23.5,-1.1079626083374023,0.42119302803771963
COHFACE_s10_session2_natural,19,136,23.533333333333335,-1.1727958917617798,0.33428608941566107
COHFACE_s10_session2_natural,19,137,23.566666666666666,-1.2519993782043457,0.17456008765260983
COHFACE_s10_session2_natural,19,138,23.6,-0.9945159554481506,-0.027784635844556916
COHFACE_s10_session2_natural,19,139,23.633333333333333,0.13389286398887634,-0.23047689104381303
COHFACE_s10_session2_natural,19,140,23.666666666666668,1.3760604858398438,-0.39072772032634073
COHFACE_s10_session2_natural,19,141,23.7,1.7209901809692383,-0.4768846480508271
COHFACE_s10_session2_natural,19,142,23.733333333333334,1.3371119499206543,-0.4764354624630944
COHFACE_s10_session2_natural,19,143,23.766666666666666,0.796029269695282,-0.3980766520381437
COHFACE_s10_session2_natural,19,144,23.8,0.3282770812511444,-0.26767407387868886
COHFACE_s10_session2_natural,19,145,23.833333333333332,-0.009045545011758804,-0.11987669874554602
COHFACE_s10_session2_natural,19,146,23.866666666666667,-0.028964899480342865,0.011660491327457131
COHFACE_s10_session2_natural,19,147,23.9,0.17303793132305145,0.1021684259309063
COHFACE_s10_session2_natural,19,148,23.933333333333334,0.2858140766620636,0.13914340048405768
COHFACE_s10_session2_natural,19,149,23.966666666666665,0.18042531609535217,0.12055008323818661
COHFACE_s10_session2_natural,19,150,24.0,-0.09627220034599304,0.05003989660890848
COHFACE_s10_session2_natural,19,151,24.033333333333335,-0.44084349274635315,-0.06682756328451431
COHFACE_s10_session2_natural,19,152,24.066666666666666,-0.7342348694801331,-0.22232683439234321
COHFACE_s10_session2_natural,19,153,24.1,-0.9296942353248596,-0.4026005303139841
COHFACE_s10_session2_natural,19,154,24.133333333333333,-1.038805603981018,-0.5838980078436097
COHFACE_s10_session2_natural,19,155,24.166666666666668,-1.1075001955032349,-0.7336274922757219
COHFACE_s10_session2_natural,19,156,24.2,-1.1644952297210693,-0.8175002811811227
COHFACE_s10_session2_natural,19,157,24.233333333333334,-1.22484290599823,-0.8097057726482085
COHFACE_s10_session2_natural,19,158,24.266666666666666,-1.0707828998565674,-0.7013087178012455
COHFACE_s10_session2_natural,19,159,24.3,-0.08316218852996826,-0.5033257085441054
COHFACE_s10_session2_natural,19,160,24.333333333333332,1.2960015535354614,-0.24366844488334308
COHFACE_s10_session2_natural,19,161,24.366666666666667,1.8896746635437012,0.04025644347944393
COHFACE_s10_session2_natural,19,162,24.4,1.6161794662475586,0.31015242123602993
COHFACE_s10_session2_natural,19,163,24.433333333333334,1.0864957571029663,0.5337916538934088
COHFACE_s10_session2_natural,19,164,24.466666666666665,0.6112983822822571,0.6889815555164666
COHFACE_s10_session2_natural,19,165,24.5,0.23026415705680847,0.7648811463969533
COHFACE_s10_session2_natural,19,166,24.533333333333335,0.07944124191999435,0.7618578475462077
COHFACE_s10_session2_natural,19,167,24.566666666666666,0.20431004464626312,0.6906798467329579
COHFACE_s10_session2_natural,19,168,24.6,0.3442310690879822,0.5707106261902644
COHFACE_s10_session2_natural,19,169,24.633333333333333,0.2955251932144165,0.42628665538472077
COHFACE_s10_session2_natural,19,170,24.666666666666668,0.0593947172164917,0.2814184846543226
COHFACE_s10_session2_natural,19,171,24.7,-0.2802979052066803,0.15438514814713786
COHFACE_s10_session2_natural,19,172,24.733333333333334,-0.6136320233345032,0.054307564169209954
COHFACE_s10_session2_natural,19,173,24.766666666666666,-0.8564909100532532,-0.018868897008147274
COHFACE_s10_session2_natural,19,174,24.8,-1.0035334825515747,-0.07090353377973904
COHFACE_s10_session2_natural,19,175,24.833333333333332,-1.0880202054977417,-0.1077108625041662
COHFACE_s10_session2_natural,19,176,24.866666666666667,-1.1595009565353394,-0.13021830847253096
COHFACE_s10_session2_natural,19,177,24.9,-1.2366002798080444,-0.13230622733594058
COHFACE_s10_session2_natural,19,178,24.933333333333334,-1.1608535051345825,-0.10349072797465718
COHFACE_s10_session2_natural,19,179,24.966666666666665,-0.3006218671798706,-0.03572812165505033
COHFACE_s10_session2_natural,19,180,25.0,1.1649593114852905,0.06904122092094638
COHFACE_s10_session2_natural,19,181,25.033333333333335,1.9812365770339966,0.19531174238090074
COHFACE_s10_session2_natural,19,182,25.066666666666666,1.8363443613052368,0.3174707198439509
COHFACE_s10_session2_natural,19,183,25.1,1.3257477283477783,0.4092046780624114
COHFACE_s10_session2_natural,19,184,25.133333333333333,0.8700534701347351,0.45344651803258434
COHFACE_s10_session2_natural,19,185,25.166666666666668,0.5083027482032776,0.4466691382715273
COHFACE_s10_session2_natural,19,186,25.2,0.2878372073173523,0.39547071153535873
COHFACE_s10_session2_natural,19,187,25.233333333333334,0.3053287863731384,0.3088223616000467
COHFACE_s10_session2_natural,19,188,25.266666666666666,0.4117349088191986,0.1915885109217594
COHFACE_s10_session2_natural,19,189,25.3,0.39254388213157654,0.043180644099341206
COHFACE_s10_session2_natural,19,190,25.333333333333332,0.18118833005428314,-0.1385824736933729
COHFACE_s10_session2_natural,19,191,25.366666666666667,-0.15077006816864014,-0.3513951775025029
COHFACE_s10_session2_natural,19,192,25.4,-0.4925205111503601,-0.583705375082755
COHFACE_s10_session2_natural,19,193,25.433333333333334,-0.7647555470466614,-0.8134177959677381
COHFACE_s10_session2_natural,19,194,25.466666666666665,-0.9396597146987915,-1.010408140039166
COHFACE_s10_session2_natural,19,195,25.5,-1.0439733266830444,-1.1418938683219446
COHFACE_s10_session2_natural,19,196,25.533333333333335,-1.1155118942260742,-1.1791094288700852
COHFACE_s10_session2_natural,19,197,25.566666666666666,-1.1888771057128906,-1.1036684807293986
COHFACE_s10_session2_natural,19,198,25.6,-1.247351884841919,-0.9122392286953177
COHFACE_s10_session2_natural,19,199,25.633333333333333,-0.8825491070747375,-0.6187313040810085
COHFACE_s10_session2_natural,19,200,25.666666666666668,0.40182724595069885,-0.2539107845359621
COHFACE_s10_session2_natural,19,201,25.7,1.7011864185333252,0.13754272028592152
COHFACE_s10_session2_natural,19,202,25.733333333333334,2.0060346126556396,0.5030785988200366
COHFACE_s10_session2_natural,19,203,25.766666666666666,1.619277834892273,0.7914733242592635
COHFACE_s10_session2_natural,19,204,25.8,1.1528897285461426,0.9630094513346111
COHFACE_s10_session2_natural,19,205,25.833333333333332,0.7988848090171814,0.9970731042412108
COHFACE_s10_session2_natural,19,206,25.866666666666667,0.48916950821876526,0.8951604066470322
COHFACE_s10_session2_natural,19,207,25.9,0.3475259244441986,0.6797643792535208
COHFACE_s10_session2_natural,19,208,25.933333333333334,0.3959890305995941,0.3903695414151078
COHFACE_s10_session2_natural,19,209,25.966666666666665,0.41904136538505554,0.07721951502865546
COHFACE_s10_session2_natural,19,210,26.0,0.28523603081703186,-0.20672336119166804
COHFACE_s10_session2_natural,19,211,26.033333333333335,0.0072090174071490765,-0.4146233719971824
COHFACE_s10_session2_natural,19,212,26.066666666666666,-0.3302292227745056,-0.5135900533792437
COHFACE_s10_session2_natural,19,213,26.1,-0.6466151475906372,-0.4897311975186671
COHFACE_s10_session2_natural,19,214,26.133333333333333,-0.8949423432350159,-0.3500032854306722
COHFACE_s10_session2_natural,19,215,26.166666666666668,-1.046401023864746,-0.12124454187193542
COHFACE_s10_session2_natural,19,216,26.2,-1.1270726919174194,0.153969315159239
COHFACE_s10_session2_natural,19,217,26.233333333333334,-1.179443359375,0.42549941231158295
COHFACE_s10_session2_natural,19,218,26.266666666666666,-1.237120509147644,0.6470890765635364
COHFACE_s10_session2_natural,19,219,26.3,-1.3235148191452026,0.7876378191975091
COHFACE_s10_session2_natural,19,220,26.333333333333332,-1.3584285974502563,0.8375380123780765
COHFACE_s10_session2_natural,19,221,26.366666666666667,-0.7809985280036926,0.8070496244841925
COHFACE_s10_session2_natural,19,222,26.4,0.6794727444648743,0.7179964775096421
COHFACE_s10_session2_natural,19,223,26.433333333333334,1.8296043872833252,0.5935929329866372
COHFACE_s10_session2_natural,19,224,26.466666666666665,1.935085654258728,0.4511335704322971
COHFACE_s10_session2_natural,19,225,26.5,1.5051952600479126,0.2994982793590622
COHFACE_s10_session2_natural,19,226,26.533333333333335,1.0781372785568237,0.14054920302185167
COHFACE_s10_session2_natural,19,227,26.566666666666666,0.7566761374473572,-0.02777030639607286
COHFACE_s10_session2_natural,19,228,26.6,0.48778221011161804,-0.20825224723618438
COHFACE_s10_session2_natural,19,229,26.633333333333333,0.3754453659057617,-0.40157077157264975
COHFACE_s10_session2_natural,19,230,26.666666666666668,0.4022896885871887,-0.6036712287676562
COHFACE_s10_session2_natural,19,231,26.7,0.3757922053337097,-0.8036567149536642
COHFACE_s10_session2_natural,19,232,26.733333333333334,0.19931574165821075,-0.9830089790465575
COHFACE_s10_session2_natural,19,233,26.766666666666666,-0.1008271723985672,-1.1171827523543838
COHFACE_s10_session2_natural,19,234,26.8,-0.4386584758758545,-1.1800680634302383
COHFACE_s10_session2_natural,19,235,26.833333333333332,-0.7385355234146118,-1.1505776806895462
COHFACE_s10_session2_natural,19,236,26.866666666666667,-0.9663999676704407,-1.019261208112577
COHFACE_s10_session2_natural,19,237,26.9,-1.1130609512329102,-0.7923657187944442
COHFACE_s10_session2_natural,19,238,26.933333333333334,-1.186969518661499,-0.49175019923990027
COHFACE_s10_session2_natural,19,239,26.966666666666665,-1.2404615879058838,-0.15101040510088395
COHFACE_s10_session2_natural,20,0,20.0,1.4569865465164185,-0.049169300914388675
COHFACE_s10_session2_natural,20,1,20.033333333333335,2.3140735626220703,0.361473614703798
COHFACE_s10_session2_natural,20,2,20.066666666666666,2.20047664642334,0.7379891369145065
COHFACE_s10_session2_natural,20,3,20.1,1.688007116317749,1.0494861869921788
COHFACE_s10_session2_natural,20,4,20.133333333333333,1.205133318901062,1.2717340118074507
COHFACE_s10_session2_natural,20,5,20.166666666666668,0.8353015184402466,1.388798872331602
COHFACE_s10_session2_natural,20,6,20.2,0.6105238199234009,1.3922891567168127
COHFACE_s10_session2_natural,20,7,20.233333333333334,0.6340616941452026,1.2795808218531377
COHFACE_s10_session2_natural,20,8,20.266666666666666,0.7405140399932861,1.0537127765068885
COHFACE_s10_session2_natural,20,9,20.3,0.7083633542060852,0.7265551821893395
COHFACE_s10_session2_natural,20,10,20.333333333333332,0.48437175154685974,0.3237999628528083
COHFACE_s10_session2_natural,20,11,20.366666666666667,0.14027446508407593,-0.11218975613232667
COHFACE_s10_session2_natural,20,12,20.4,-0.22081729769706726,-0.5253748599286939
COHFACE_s10_session2_natural,20,13,20.433333333333334,-0.5098733305931091,-0.8558608477852802
COHFACE_s10_session2_natural,20,14,20.466666666666665,-0.6985002756118774,-1.0540960647019197
COHFACE_s10_session2_natural,20,15,20.5,-0.8020623922348022,-1.0944811085144202
COHFACE_s10_session2_natural,20,16,20.533333333333335,-0.857473611831665,-0.9829158491282525
COHFACE_s10_session2_natural,20,17,20.566666666666666,-0.9079713821411133,-0.7546965635666578
COHFACE_s10_session2_natural,20,18,20.6,-0.9869551658630371,-0.4629265809250155
COHFACE_s10_session2_natural,20,19,20.633333333333333,-1.0679157972335815,-0.16180062629831007
COHFACE_s10_session2_natural,20,20,20.666666666666668,-0.6484764218330383,0.10823722622313679
COHFACE_s10_session2_natural,20,21,20.7,0.7873702049255371,0.3273949302343599
COHFACE_s10_session2_natural,20,22,20.733333333333334,2.1180245876312256,0.49396955923070207
COHFACE_s10_session2_natural,20,23,20.766666666666666,2.3657736778259277,0.6156674161599425
COHFACE_s10_session2_natural,20,24,20.8,1.945212960243225,0.7000601214120706
COHFACE_s10_session2_natural,20,25,20.833333333333332,1.476871132850647,0.7483420856666203
COHFACE_s10_session2_natural,20,26,20.866666666666667,1.1501151323318481,0.7541472668590729
COHFACE_s10_session2_natural,20,27,20.9,0.8709898591041565,0.7066970860222509
COHFACE_s10_session2_natural,20,28,20.933333333333334,0.7238548994064331,0.5958998601559358
COHFACE_s10_session2_natural,20,29,20.966666666666665,0.745219349861145,0.4170840811304755
COHFACE_s10_session2_natural,20,30,21.0,0.7331613302230835,0.17460982205692047
COHFACE_s10_session2_natural,20,31,21.033333333333335,0.558858335018158,-0.11530818099547811
COHFACE_s10_session2_natural,20,32,21.066666666666666,0.2604379951953888,-0.42303905754934973
COHFACE_s10_session2_natural,20,33,21.1,-0.08031821995973587,-0.7072244438373344
COHFACE_s10_session2_natural,20,34,21.133333333333333,-0.3957677185535431,-0.9217585953368223
COHFACE_s10_session2_natural,20,35,21.166666666666668,-0.6374358534812927,-1.0276167441816828
COHFACE_s10_session2_natural,20,36,21.2,-0.7873916625976562,-1.0051762447231714
COHFACE_s10_session2_natural,20,37,21.233333333333334,-0.8579360246658325,-0.8608302547093334
COHFACE_s10_session2_natural,20,38,21.266666666666666,-0.9095668196678162,-0.624294011394
COHFACE_s10_session2_natural,20,39,21.3,-0.9807122945785522,-0.3381644914940502
COHFACE_s10_session2_natural,20,40,21.333333333333332,-1.0790027379989624,-0.04529964763507592
COHFACE_s10_session2_natural,20,41,21.366666666666667,-1.1694895029067993,0.21999227603203042
COHFACE_s10_session2_natural,20,42,21.4,-0.7628017663955688,0.4341845390670564
COHFACE_s10_session2_natural,20,43,21.433333333333334,0.6569753289222717,0.5817732693557376
COHFACE_s10_session2_natural,20,44,21.466666666666665,1.9655253887176514,0.6516300801201967
COHFACE_s10_session2_natural,20,45,21.5,2.1787307262420654,0.6360115111698988
COHFACE_s10_session2_natural,20,46,21.533333333333335,1.742065668106079,0.5329062993311368
COHFACE_s10_session2_natural,20,47,21.566666666666666,1.2868107557296753,0.3494881224343989
COHFACE_s10_session2_natural,20,48,21.6,0.9752456545829773,0.10360360498322424
COHFACE_s10_session2_natural,20,49,21.633333333333333,0.7083864212036133,-0.1781028249556453
COHFACE_s10_session2_natural,20,50,21.666666666666668,0.5783036947250366,-0.4640291470243597
COHFACE_s10_session2_natural,20,51,21.7,0.605286717414856,-0.7207429755026069
COHFACE_s10_session2_natural,20,52,21.733333333333334,0.5910900235176086,-0.9143422178837838
COHFACE_s10_session2_natural,20,53,21.766666666666666,0.4093186855316162,-1.0116509058493828
COHFACE_s10_session2_natural,20,54,21.8,0.10433176159858704,-0.9837941814974432
COHFACE_s10_session2_natural,20,55,21.833333333333332,-0.2281237542629242,-0.8130517429762882
COHFACE_s10_session2_natural,20,56,21.866666666666667,-0.5309025645256042,-0.5008371715860486
COHFACE_s10_session2_natural,20,57,21.9,-0.7520154714584351,-0.0727958818765682
COHFACE_s10_session2_natural,20,58,21.933333333333334,-0.8831617832183838,0.42197925089088534
COHFACE_s10_session2_natural,20,59,21.966666666666665,-0.9483303427696228,0.9180262399816741
COHFACE_s10_session2_natural,20,60,22.0,-0.9896950721740723,1.3451866683234388
COHFACE_s10_session2_natural,20,61,22.033333333333335,-1.0428403615951538,1.64198657530337
COHFACE_s10_session2_natural,20,62,22.066666666666666,-1.126159429550171,1.7673006416565602
COHFACE_s10_session2_natural,20,63,22.1,-1.251652479171753,1.7071516696984133
COHFACE_s10_session2_natural,20,64,22.133333333333333,-1.2286348342895508,1.4748705266197955
COHFACE_s10_session2_natural,20,65,22.166666666666668,-0.31876084208488464,1.105209491610521
COHFACE_s10_session2_natural,20,66,22.2,1.2518391609191895,0.6454712137067039
COHFACE_s10_session2_natural,20,67,22.233333333333334,2.0756657123565674,0.1474997462449068
COHFACE_s10_session2_natural,20,68,22.266666666666666,1.8709923028945923,-0.33737253174847714
COHFACE_s10_session2_natural,20,69,22.3,1.330707311630249,-0.7610148148122411
COHFACE_s10_session2_natural,20,70,22.333333333333332,0.8916028738021851,-1.0808939256670138
COHFACE_s10_session2_natural,20,71,22.366666666666667,0.5618988275527954,-1.2639212715356134
COHFACE_s10_session2_natural,20,72,22.4,0.375826895236969,-1.2919801590279558
COHFACE_s10_session2_natural,20,73,22.433333333333334,0.41982749104499817,-1.1676739457137553
COHFACE_s10_session2_natural,20,74,22.466666666666665,0.504776656627655,-0.9177524103735908
COHFACE_s10_session2_natural,20,75,22.5,0.43298375606536865,-0.5912378640103553
COHFACE_s10_session2_natural,20,76,22.533333333333335,0.19206708669662476,-0.2499716342905682
COHFACE_s10_session2_natural,20,77,22.566666666666666,-0.13622651994228363,0.047061130496061754
COHFACE_s10_session2_natural,20,78,22.6,-0.46612706780433655,0.25860446359220807
COHFACE_s10_session2_natural,20,79,22.633333333333333,-0.7261769771575928,0.36700786935927343
COHFACE_s10_session2_natural,20,80,22.666666666666668,-0.8909654021263123,0.37371013797372277
COHFACE_s10_session2_natural,20,81,22.7,-0.9856025576591492,0.29058259714527923
COHFACE_s10_session2_natural,20,82,22.733333333333334,-1.0312447547912598,0.1340205843601391
COHFACE_s10_session2_natural,20,83,22.766666666666666,-1.0687366724014282,-0.07614914765417052
COHFACE_s10_session2_natural,20,84,22.8,-1.133280873298645,-0.3153787052044797
COHFACE_s10_session2_natural,20,85,22.833333333333332,-1.2336291074752808,-0.554173911867649
COHFACE_s10_session2_natural,20,86,22.866666666666667,-1.3285553455352783,-0.760214143605587
COHFACE_s10_session2_natural,20,87,22.9,-0.9901806712150574,-0.9019292313359707
COHFACE_s10_session2_natural,20,88,22.933333333333334,0.3017795979976654,-0.9528200207341582
COHFACE_s10_session2_natural,20,89,22.966666666666665,1.5793812274932861,-0.8965811353752783
COHFACE_s10_session2_natural,20,90,23.0,1.8381478786468506,-0.7321830199645982
COHFACE_s10_session2_natural,20,91,23.033333333333335,1.3871127367019653,-0.47647577347213804
COHFACE_s10_session2_natural,20,92,23.066666666666666,0.8294864296913147,-0.16176924311870067
COHFACE_s10_session2_natural,20,93,23.1,0.3821738064289093,0.1720198486681974
COHFACE_s10_session2_natural,20,94,23.133333333333333,0.0929211974143982,0.48776245256026163
COHFACE_s10_session2_natural,20,95,23.166666666666668,0.1094532236456871,0.7592996451036449
COHFACE_s10_session2_natural,20,96,23.2,0.29779112339019775,0.973996323150783
COHFACE_s10_session2_natural,20,97,23.233333333333334,0.37529507279396057,1.1296272948955575
COHFACE_s10_session2_natural,20,98,23.266666666666666,0.22831037640571594,1.2284830880718771
COHFACE_s10_session2_natural,20,99,23.3,-0.06869956105947495,1.2722982909776765
COHFACE_s10_session2_natural,20,100,23.333333333333332,-0.4068545699119568,1.259994112135938
COHFACE_s10_session2_natural,20,101,23.366666666666667,-0.7025119066238403,1.1880954219002928
COHFACE_s10_session2_natural,20,102,23.4,-0.9012198448181152,1.052801162031581
COHFACE_s10_session2_natural,20,103,23.433333333333334,-1.0062733888626099,0.8529138949172316
COHFACE_s10_session2_natural,20,104,23.466666666666665,-1.063302993774414,0.593123383847821
COHFACE_s10_session2_natural,20,105,23.5,-1.1079626083374023,0.2869087415733991
COHFACE_s10_session2_natural,20,106,23.533333333333335,-1.1727958917617798,-0.04223963828765988
COHFACE_s10_session2_natural,20,107,23.566666666666666,-1.2519993782043457,-0.3625712581859043
COHFACE_s10_session2_natural,20,108,23.6,-0.9945159554481506,-0.6389712807754067
COHFACE_s10_session2_natural,20,109,23.633333333333333,0.13389286398887634,-0.839692583644511
COHFACE_s10_session2_natural,20,110,23.666666666666668,1.3760604858398438,-0.9428398990353335
COHFACE_s10_session2_natural,20,111,23.7,1.7209901809692383,-0.9406940128532248
COHFACE_s10_session2_natural,20,112,23.733333333333334,1.3371119499206543,-0.8407834170091639
COHFACE_s10_session2_natural,20,113,23.766666666666666,0.796029269695282,-0.6636849821203179
COHFACE_s10_session2_natural,20,114,23.8,0.3282770812511444,-0.43848676192897457
COHFACE_s10_session2_natural,20,115,23.833333333333332,-0.009045545011758804,-0.19737923253456433
COHFACE_s10_session2_natural,20,116,23.866666666666667,-0.028964899480342865,0.029130323089546443
COHFACE_s10_session2_natural,20,117,23.9,0.17303793132305145,0.2151749800470723
COHFACE_s10_session2_natural,20,118,23.933333333333334,0.2858140766620636,0.34003290121950114
COHFACE_s10_session2_natural,20,119,23.966666666666665,0.18042531609535217,0.3868725355885281
COHFACE_s10_session2_natural,20,120,24.0,-0.09627220034599304,0.34215193076727374
COHFACE_s10_session2_natural,20,121,24.033333333333335,-0.44084349274635315,0.19818959789430873
COHFACE_s10_session2_natural,20,122,24.066666666666666,-0.7342348694801331,-0.041149978223074146
COHFACE_s10_session2_natural,20,123,24.1,-0.9296942353248596,-0.3547507969507538
COHFACE_s10_session2_natural,20,124,24.133333333333333,-1.038805603981018,-0.7024098895052884
COHFACE_s10_session2_natural,20,125,24.166666666666668,-1.1075001955032349,-1.0291177826790883
COHFACE_s10_session2_natural,20,126,24.2,-1.1644952297210693,-1.2749863286935847
COHFACE_s10_session2_natural,20,127,24.233333333333334,-1.22484290599823,-1.3880052336448536
COHFACE_s10_session2_natural,20,128,24.266666666666666,-1.0707828998565674,-1.3357870434258834
COHFACE_s10_session2_natural,20,129,24.3,-0.08316218852996826,-1.1129346918385243
COHFACE_s10_session2_natural,20,130,24.333333333333332,1.2960015535354614,-0.7422182414405999
COHFACE_s10_session2_natural,20,131,24.366666666666667,1.8896746635437012,-0.2697230005816945
COHFACE_s10_session2_natural,20,132,24.4,1.6161794662475586,0.24419256304467182
COHFACE_s10_session2_natural,20,133,24.433333333333334,1.0864957571029663,0.7355508304856959
COHFACE_s10_session2_natural,20,134,24.466666666666665,0.6112983822822571,1.1467759412786989
COHFACE_s10_session2_natural,20,135,24.5,0.23026415705680847,1.4346239527832947
COHFACE_s10_session2_natural,20,136,24.533333333333335,0.07944124191999435,1.5751513969515707
COHFACE_s10_session2_natural,20,137,24.566666666666666,0.20431004464626312,1.5652266760378848
COHFACE_s10_session2_natural,20,138,24.6,0.3442310690879822,1.4205422208712686
COHFACE_s10_session2_natural,20,139,24.633333333333333,0.2955251932144165,1.1707201412664074
COHFACE_s10_session2_natural,20,140,24.666666666666668,0.0593947172164917,0.8527845691061156
COHFACE_s10_session2_natural,20,141,24.7,-0.2802979052066803,0.5046802001850798
COHFACE_s10_session2_natural,20,142,24.733333333333334,-0.6136320233345032,0.16039199019778805
COHFACE_s10_session2_natural,20,143,24.766666666666666,-0.8564909100532532,-0.15237926806691593
COHFACE_s10_session2_natural,20,144,24.8,-1.0035334825515747,-0.41190478272735337
COHFACE_s10_session2_natural,20,145,24.833333333333332,-1.0880202054977417,-0.6003828410074724
COHFACE_s10_session2_natural,20,146,24.866666666666667,-1.1595009565353394,-0.7019118827937424
COHFACE_s10_session2_natural,20,147,24.9,-1.2366002798080444,-0.702517269936676
COHFACE_s10_session2_natural,20,148,24.933333333333334,-1.1608535051345825,-0.5935814845517476
COHFACE_s10_session2_natural,20,149,24.966666666666665,-0.3006218671798706,-0.3782257338215966
COHFACE_s10_session2_natural,20,150,25.0,1.1649593114852905,-0.07782504459330321
COHFACE_s10_session2_natural,20,151,25.033333333333335,1.9812365770339966,0.2656592359403518
COHFACE_s10_session2_natural,20,152,25.066666666666666,1.8363443613052368,0.5950098922980278
COHFACE_s10_session2_natural,20,153,25.1,1.3257477283477783,0.8505242251964968
COHFACE_s10_session2_natural,20,154,25.133333333333333,0.8700534701347351,0.9850554808245424
COHFACE_s10_session2_natural,20,155,25.166666666666668,0.5083027482032776,0.9741444808193678
COHFACE_s10_session2_natural,20,156,25.2,0.2878372073173523,0.8173991297108963
COHFACE_s10_session2_natural,20,157,25.233333333333334,0.3053287863731384,0.5329192045965502
COHFACE_s10_session2_natural,20,158,25.266666666666666,0.4117349088191986,0.14988506564911364
COHFACE_s10_session2_natural,20,159,25.3,0.39254388213157654,-0.29628695580102904
COHFACE_s10_session2_natural,20,160,25.333333333333332,0.18118833005428314,-0.7653439104259698
COHFACE_s10_session2_natural,20,161,25.366666666666667,-0.15077006816864014,-1.2125054593681437
COHFACE_s10_session2_natural,20,162,25.4,-0.4925205111503601,-1.5905394523082106
COHFACE_s10_session2_natural,20,163,25.433333333333334,-0.7647555470466614,-1.8546476366869789
COHFACE_s10_session2_natural,20,164,25.466666666666665,-0.9396597146987915,-1.9690177566494556
COHFACE_s10_session2_natural,20,165,25.5,-1.0439733266830444,-1.912900000084717
COHFACE_s10_session2_natural,20,166,25.533333333333335,-1.1155118942260742,-1.6846167655323019
COHFACE_s10_session2_natural,20,167,25.566666666666666,-1.1888771057128906,-1.3028510471401036
COHFACE_s10_session2_natural,20,168,25.6,-1.247351884841919,-0.8048620370711806
COHFACE_s10_session2_natural,20,169,25.633333333333333,-0.8825491070747375,-0.24161825956560504
COHFACE_s10_session2_natural,20,170,25.666666666666668,0.40182724595069885,0.3291187019289408
COHFACE_s10_session2_natural,20,171,25.7,1.7011864185333252,0.8500287905990523
COHFACE_s10_session2_natural,20,172,25.733333333333334,2.0060346126556396,1.270635993572849
COHFACE_s10_session2_natural,20,173,25.766666666666666,1.619277834892273,1.5526077511141338
COHFACE_s10_session2_natural,20,174,25.8,1.1528897285461426,1.6737152069715866
COHFACE_s10_session2_natural,20,175,25.833333333333332,0.7988848090171814,1.6299024518143188
COHFACE_s10_session2_natural,20,176,25.866666666666667,0.48916950821876526,1.4351314714233756
COHFACE_s10_session2_natural,20,177,25.9,0.3475259244441986,1.1192795632075891
COHFACE_s10_session2_natural,20,178,25.933333333333334,0.3959890305995941,0.7247592110013343
COHFACE_s10_session2_natural,20,179,25.966666666666665,0.41904136538505554,0.3023996544707294
COHFACE_s10_session2_natural,20,180,26.0,0.28523603081703186,-0.09338064972786635
COHFACE_s10_session2_natural,20,181,26.033333333333335,0.0072090174071490765,-0.4104055171614464
COHFACE_s10_session2_natural,20,182,26.066666666666666,-0.3302292227745056,-0.6055927898480151
COHFACE_s10_session2_natural,20,183,26.1,-0.6466151475906372,-0.6522012149358958
COHFACE_s10_session2_natural,20,184,26.133333333333333,-0.8949423432350159,-0.5461934705608771
COHFACE_s10_session2_natural,20,185,26.166666666666668,-1.046401023864746,-0.3096625435382423
COHFACE_s10_session2_natural,20,186,26.2,-1.1270726919174194,0.011277800524917912
COHFACE_s10_session2_natural,20,187,26.233333333333334,-1.179443359375,0.3555778797017203
COHFACE_s10_session2_natural,20,188,26.266666666666666,-1.237120509147644,0.6614102044507959
COHFACE_s10_session2_natural,20,189,26.3,-1.3235148191452026,0.8802943419680733
COHFACE_s10_session2_natural,20,190,26.333333333333332,-1.3584285974502563,0.985672535399079
COHFACE_s10_session2_natural,20,191,26.366666666666667,-0.7809985280036926,0.9731424328173176
COHFACE_s10_session2_natural,20,192,26.4,0.6794727444648743,0.853774119111229
COHFACE_s10_session2_natural,20,193,26.433333333333334,1.8296043872833252,0.645099067506789
COHFACE_s10_session2_natural,20,194,26.466666666666665,1.935085654258728,0.3646112822324987
COHFACE_s10_session2_natural,20,195,26.5,1.5051952600479126,0.028204480801421614
COHFACE_s10_session2_natural,20,196,26.533333333333335,1.0781372785568237,-0.3473727431056853
COHFACE_s10_session2_natural,20,197,26.566666666666666,0.7566761374473572,-0.7410622091700825
COHFACE_s10_session2_natural,20,198,26.6,0.48778221011161804,-1.125751096221309
COHFACE_s10_session2_natural,20,199,26.633333333333333,0.3754453659057617,-1.4690819261951644
COHFACE_s10_session2_natural,20,200,26.666666666666668,0.4022896885871887,-1.7359523419781546
COHFACE_s10_session2_natural,20,201,26.7,0.3757922053337097,-1.8913923042779233
COHFACE_s10_session2_natural,20,202,26.733333333333334,0.19931574165821075,-1.9034432182196792
COHFACE_s10_session2_natural,20,203,26.766666666666666,-0.1008271723985672,-1.7471128326884775
COHFACE_s10_session2_natural,20,204,26.8,-0.4386584758758545,-1.4110148069359276
COHFACE_s10_session2_natural,20,205,26.833333333333332,-0.7385355234146118,-0.9066160407882484
COHFACE_s10_session2_natural,20,206,26.866666666666667,-0.9663999676704407,-0.2764881791765563
COHFACE_s10_session2_natural,20,207,26.9,-1.1130609512329102,0.40443487284963925
COHFACE_s10_session2_natural,20,208,26.933333333333334,-1.186969518661499,1.039099926683283
COHFACE_s10_session2_natural,20,209,26.966666666666665,-1.2404615879058838,1.5295010197626953
COHFACE_s10_session2_natural,20,210,27.0,-1.3188326358795166,1.8022031155791542
COHFACE_s10_session2_natural,20,211,27.033333333333335,-1.4082326889038086,1.8283023016890074
COHFACE_s10_session2_natural,20,212,27.066666666666666,-1.5014363527297974,1.6295222565584095
COHFACE_s10_session2_natural,20,213,27.1,-1.4655052423477173,1.2681557591156694
COHFACE_s10_session2_natural,20,214,27.133333333333333,-0.6246379613876343,0.8258920701499847
COHFACE_s10_session2_natural,20,215,27.166666666666668,0.9026435017585754,0.38094988670403734
COHFACE_s10_session2_natural,20,216,27.2,1.8226101398468018,-0.008105701354972752
COHFACE_s10_session2_natural,20,217,27.233333333333334,1.7634069919586182,-0.3082139276756858
COHFACE_s10_session2_natural,20,218,27.266666666666666,1.303227186203003,-0.5086502476615273
COHFACE_s10_session2_natural,20,219,27.3,0.875255823135376,-0.613129296849654
COHFACE_s10_session2_natural,20,220,27.333333333333332,0.538765549659729,-0.6318139666822694
COHFACE_s10_session2_natural,20,221,27.366666666666667,0.30360621213912964,-0.5762116007872304
COHFACE_s10_session2_natural,20,222,27.4,0.28239205479621887,-0.4576457291205439
COHFACE_s10_session2_natural,20,223,27.433333333333334,0.3576647937297821,-0.2884413865586386
COHFACE_s10_session2_natural,20,224,27.466666666666665,0.3187046945095062,-0.08462979022408179
COHFACE_s10_session2_natural,20,225,27.5,0.10644739866256714,0.13108272215848532
COHFACE_s10_session2_natural,20,226,27.533333333333335,-0.2095339000225067,0.3279131822976048
COHFACE_s10_session2_natural,20,227,27.566666666666666,-0.5454692244529724,0.46925440554987835
COHFACE_s10_session2_natural,20,228,27.6,-0.8313344717025757,0.5195299172307376
COHFACE_s10_session2_natural,20,229,27.633333333333333,-1.0381697416305542,0.45432057454745617
COHFACE_s10_session2_natural,20,230,27.666666666666668,-1.1628767251968384,0.2702316079664697
COHFACE_s10_session2_natural,20,231,27.7,-1.225293755531311,-0.009709366945855707
COHFACE_s10_session2_natural,20,232,27.733333333333334,-1.2599762678146362,-0.33785054798455144
COHFACE_s10_session2_natural,20,233,27.766666666666666,-1.3122082948684692,-0.6509375017843739
COHFACE_s10_session2_natural,20,234,27.8,-1.3904868364334106,-0.8839333586790278
COHFACE_s10_session2_natural,20,235,27.833333333333332,-1.4873899221420288,-0.9848014259573465
COHFACE_s10_session2_natural,20,236,27.866666666666667,-1.415550708770752,-0.9262693709290563
COHFACE_s10_session2_natural,20,237,27.9,-0.4778497815132141,-0.7116647007548282
COHFACE_s10_session2_natural,20,238,27.933333333333334,1.0130150318145752,-0.3738231115912168
COHFACE_s10_session2_natural,20,239,27.966666666666665,1.79177725315094,0.03189159775838769
COHFACE_s10_session2_natural,21,0,21.0,0.7331613302230835,0.02728115380534976
COHFACE_s10_session2_natural,21,1,21.033333333333335,0.558858335018158,0.020802226869856347
COHFACE_s10_session2_natural,21,2,21.066666666666666,0.2604379951953888,0.01869979869071926
COHFACE_s10_session2_natural,21,3,21.1,-0.08031821995973587,0.027692709037110193
COHFACE_s10_session2_natural,21,4,21.133333333333333,-0.3957677185535431,0.055229839668268894
COHFACE_s10_session2_natural,21,5,21.166666666666668,-0.6374358534812927,0.1071981596669805
COHFACE_s10_session2_natural,21,6,21.2,-0.7873916625976562,0.18418722008691904
COHFACE_s10_session2_natural,21,7,21.233333333333334,-0.8579360246658325,0.27853305001039425
COHFACE_s10_session2_natural,21,8,21.266666666666666,-0.9095668196678162,0.37489204437441936
COHFACE_s10_session2_natural,21,9,21.3,-0.9807122945785522,0.4553192390160558
COHFACE_s10_session2_natural,21,10,21.333333333333332,-1.0790027379989624,0.5062971006060604
COHFACE_s10_session2_natural,21,11,21.366666666666667,-1.1694895029067993,0.5229933317537334
COHFACE_s10_session2_natural,21,12,21.4,-0.7628017663955688,0.5076886791963939
COHFACE_s10_session2_natural,21,13,21.433333333333334,0.6569753289222717,0.46361911550633084
COHFACE_s10_session2_natural,21,14,21.466666666666665,1.9655253887176514,0.3891479659004917
COHFACE_s10_session2_natural,21,15,21.5,2.1787307262420654,0.2772588408859249
COHFACE_s10_session2_natural,21,16,21.533333333333335,1.742065668106079,0.12135579785029986
COHFACE_s10_session2_natural,21,17,21.566666666666666,1.2868107557296753,-0.07648248631939611
COHFACE_s10_session2_natural,21,18,21.6,0.9752456545829773,-0.300466021020302
COHFACE_s10_session2_natural,21,19,21.633333333333333,0.7083864212036133,-0.5226246818359439
COHFACE_s10_session2_natural,21,20,21.666666666666668,0.5783036947250366,-0.7096347405407772
COHFACE_s10_session2_natural,21,21,21.7,0.605286717414856,-0.8306391896619185
COHFACE_s10_session2_natural,21,22,21.733333333333334,0.5910900235176086,-0.8627512169278972
COHFACE_s10_session2_natural,21,23,21.766666666666666,0.4093186855316162,-0.7939782522390738
COHFACE_s10_session2_natural,21,24,21.8,0.10433176159858704,-0.6250604254939257
COHFACE_s10_session2_natural,21,25,21.833333333333332,-0.2281237542629242,-0.3709565192172899
COHFACE_s10_session2_natural,21,26,21.866666666666667,-0.5309025645256042,-0.06060254255211497
COHFACE_s10_session2_natural,21,27,21.9,-0.7520154714584351,0.26705460177188495
COHFACE_s10_session2_natural,21,28,21.933333333333334,-0.8831617832183838,0.5704625351190313
COHFACE_s10_session2_natural,21,29,21.966666666666665,-0.9483303427696228,0.8133090895216257
COHFACE_s10_session2_natural,21,30,22.0,-0.9896950721740723,0.9696627701929983
COHFACE_s10_session2_natural,21,31,22.033333333333335,-1.0428403615951538,1.0255865266197486
COHFACE_s10_session2_natural,21,32,22.066666666666666,-1.126159429550171,0.9789712206352218
COHFACE_s10_session2_natural,21,33,22.1,-1.251652479171753,0.8396084166101345
COHFACE_s10_session2_natural,21,34,22.133333333333333,-1.2286348342895508,0.6290852159231792
COHFACE_s10_session2_natural,21,35,22.166666666666668,-0.31876084208488464,0.37819633634923283
COHFACE_s10_session2_natural,21,36,22.2,1.2518391609191895,0.12097260717758616
COHFACE_s10_session2_natural,21,37,22.233333333333334,2.0756657123565674,-0.1126313185676545
COHFACE_s10_session2_natural,21,38,22.266666666666666,1.8709923028945923,-0.3020267669449552
COHFACE_s10_session2_natural,21,39,22.3,1.330707311630249,-0.43710221260442045
COHFACE_s10_session2_natural,21,40,22.333333333333332,0.8916028738021851,-0.5156643526732368
COHFACE_s10_session2_natural,21,41,22.366666666666667,0.5618988275527954,-0.5398490701672345
COHFACE_s10_session2_natural,21,42,22.4,0.375826895236969,-0.5142535408602998
COHFACE_s10_session2_natural,21,43,22.433333333333334,0.41982749104499817,-0.4468625429845551
COHFACE_s10_session2_natural,21,44,22.466666666666665,0.504776656627655,-0.3515956465948589
COHFACE_s10_session2_natural,21,45,22.5,0.43298375606536865,-0.2496439095155942
COHFACE_s10_session2_natural,21,46,22.533333333333335,0.19206708669662476,-0.16676236597175567
COHFACE_s10_session2_natural,21,47,22.566666666666666,-0.13622651994228363,-0.12627343838324578
COHFACE_s10_session2_natural,21,48,22.6,-0.46612706780433655,-0.1415634337908508
COHFACE_s10_session2_natural,21,49,22.633333333333333,-0.7261769771575928,-0.21294981210859917
COHFACE_s10_session2_natural,21,50,22.666666666666668,-0.8909654021263123,-0.329797910333945
COHFACE_s10_session2_natural,21,51,22.7,-0.9856025576591492,-0.4742898264042074
COHFACE_s10_session2_natural,21,52,22.733333333333334,-1.0312447547912598,-0.6233367507743923
COHFACE_s10_session2_natural,21,53,22.766666666666666,-1.0687366724014282,-0.7487171607106815
COHFACE_s10_session2_natural,21,54,22.8,-1.133280873298645,-0.8185459402191795
COHFACE_s10_session2_natural,21,55,22.833333333333332,-1.2336291074752808,-0.8028664102760482
COHFACE_s10_session2_natural,21,56,22.866666666666667,-1.3285553455352783,-0.6826448254939523
COHFACE_s10_session2_natural,21,57,22.9,-0.9901806712150574,-0.4581917847076613
COHFACE_s10_session2_natural,21,58,22.933333333333334,0.3017795979976654,-0.15299350833872935
COHFACE_s10_session2_natural,21,59,22.966666666666665,1.5793812274932861,0.18902283955546687
COHFACE_s10_session2_natural,21,60,23.0,1.8381478786468506,0.5128259980518729
COHFACE_s10_session2_natural,21,61,23.033333333333335,1.3871127367019653,0.7662970806734528
COHFACE_s10_session2_natural,21,62,23.066666666666666,0.8294864296913147,0.9146393600867421
COHFACE_s10_session2_natural,21,63,23.1,0.3821738064289093,0.9496568305473665
COHFACE_s10_session2_natural,21,64,23.133333333333333,0.0929211974143982,0.88988318025103
COHFACE_s10_session2_natural,21,65,23.166666666666668,0.1094532236456871,0.7714875936733914
COHFACE_s10_session2_natural,21,66,23.2,0.29779112339019775,0.6343025042707368
COHFACE_s10_session2_natural,21,67,23.233333333333334,0.37529507279396057,0.5094617066174256
COHFACE_s10_session2_natural,21,68,23.266666666666666,0.22831037640571594,0.41349596894801216
COHFACE_s10_session2_natural,21,69,23.3,-0.06869956105947495,0.34966077845754645
COHFACE_s10_session2_natural,21,70,23.333333333333332,-0.4068545699119568,0.313472616731963
COHFACE_s10_session2_natural,21,71,23.366666666666667,-0.7025119066238403,0.2980112564071087
COHFACE_s10_session2_natural,21,72,23.4,-0.9012198448181152,0.29605879310739946
COHFACE_s10_session2_natural,21,73,23.433333333333334,-1.0062733888626099,0.2992054299180226
COHFACE_s10_session2_natural,21,74,23.466666666666665,-1.063302993774414,0.29647815481820244
COHFACE_s10_session2_natural,21,75,23.5,-1.1079626083374023,0.27526229744344105
COHFACE_s10_session2_natural,21,76,23.533333333333335,-1.1727958917617798,0.2252021832263411
COHFACE_s10_session2_natural,21,77,23.566666666666666,-1.2519993782043457,0.14313451881224598
COHFACE_s10_session2_natural,21,78,23.6,-0.9945159554481506,0.03595500193817517
COHFACE_s10_session2_natural,21,79,23.633333333333333,0.13389286398887634,-0.08069140810232475
COHFACE_s10_session2_natural,21,80,23.666666666666668,1.3760604858398438,-0.18759618302439623
COHFACE_s10_session2_natural,21,81,23.7,1.7209901809692383,-0.2685506113832922
COHFACE_s10_session2_natural,21,82,23.733333333333334,1.3371119499206543,-0.3152101554431744
COHFACE_s10_session2_natural,21,83,23.766666666666666,0.796029269695282,-0.328368632663362
COHFACE_s10_session2_natural,21,84,23.8,0.3282770812511444,-0.3158026571992851
COHFACE_s10_session2_natural,21,85,23.833333333333332,-0.009045545011758804,-0.2884000870243426
COHFACE_s10_session2_natural,21,86,23.866666666666667,-0.028964899480342865,-0.25652026273564094
COHFACE_s10_session2_natural,21,87,23.9,0.17303793132305145,-0.22794391438475956
COHFACE_s10_session2_natural,21,88,23.933333333333334,0.2858140766620636,-0.20805977129634595
COHFACE_s10_session2_natural,21,89,23.966666666666665,0.18042531609535217,-0.20188904261330612
COHFACE_s10_session2_natural,21,90,24.0,-0.09627220034599304,-0.216150679197654
COHFACE_s10_session2_natural,21,91,24.033333333333335,-0.44084349274635315,-0.25904653490454704
COHFACE_s10_session2_natural,21,92,24.066666666666666,-0.7342348694801331,-0.3367855783046098
COHFACE_s10_session2_natural,21,93,24.1,-0.9296942353248596,-0.448368401402781
COHFACE_s10_session2_natural,21,94,24.133333333333333,-1.038805603981018,-0.5820403841760331
COHFACE_s10_session2_natural,21,95,24.166666666666668,-1.1075001955032349,-0.7163039646222928
COHFACE_s10_session2_natural,21,96,24.2,-1.1644952297210693,-0.8253300677288125
COHFACE_s10_session2_natural,21,97,24.233333333333334,-1.22484290599823,-0.8856186673168331
COHFACE_s10_session2_natural,21,98,24.266666666666666,-1.0707828998565674,-0.880422173418415
COHFACE_s10_session2_natural,21,99,24.3,-0.08316218852996826,-0.8006297517090191
COHFACE_s10_session2_natural,21,100,24.333333333333332,1.2960015535354614,-0.6435833320689474
COHFACE_s10_session2_natural,21,101,24.366666666666667,1.8896746635437012,-0.4125297524707337
COHFACE_s10_session2_natural,21,102,24.4,1.6161794662475586,-0.11820141332121352
COHFACE_s10_session2_natural,21,103,24.433333333333334,1.0864957571029663,0.21839413002608943
COHFACE_s10_session2_natural,21,104,24.466666666666665,0.6112983822822571,0.5645752097764104
COHFACE_s10_session2_natural,21,105,24.5,0.23026415705680847,0.8786080005625303
COHFACE_s10_session2_natural,21,106,24.533333333333335,0.07944124191999435,1.117328891175532
COHFACE_s10_session2_natural,21,107,24.566666666666666,0.20431004464626312,1.2468503360087957
COHFACE_s10_session2_natural,21,108,24.6,0.3442310690879822,1.2517328726344357
COHFACE_s10_session2_natural,21,109,24.633333333333333,0.2955251932144165,1.1380852682568676
COHFACE_s10_session2_natural,21,110,24.666666666666668,0.0593947172164917,0.9297141533330144
COHFACE_s10_session2_natural,21,111,24.7,-0.2802979052066803,0.6604126101613712
COHFACE_s10_session2_natural,21,112,24.733333333333334,-0.6136320233345032,0.3663951191217555
COHFACE_s10_session2_natural,21,113,24.766666666666666,-0.8564909100532532,0.08130189689507955
COHFACE_s10_session2_natural,21,114,24.8,-1.0035334825515747,-0.16574457473578402
COHFACE_s10_session2_natural,21,115,24.833333333333332,-1.0880202054977417,-0.34997809171820005
COHFACE_s10_session2_natural,21,116,24.866666666666667,-1.1595009565353394,-0.4505040374397855
COHFACE_s10_session2_natural,21,117,24.9,-1.2366002798080444,-0.45134224497293324
COHFACE_s10_session2_natural,21,118,24.933333333333334,-1.1608535051345825,-0.3450017525328754
COHFACE_s10_session2_natural,21,119,24.966666666666665,-0.3006218671798706,-0.1378781156997257
COHFACE_s10_session2_natural,21,120,25.0,1.1649593114852905,0.14521902800168965
COHFACE_s10_session2_natural,21,121,25.033333333333335,1.9812365770339966,0.4610525071674751
COHFACE_s10_session2_natural,21,122,25.066666666666666,1.8363443613052368,0.754872975337784
COHFACE_s10_session2_natural,21,123,25.1,1.3257477283477783,0.9731560826620438
COHFACE_s10_session2_natural,21,124,25.133333333333333,0.8700534701347351,1.0769349372059909
COHFACE_s10_session2_natural,21,125,25.166666666666668,0.5083027482032776,1.0493359310039323
COHFACE_s10_session2_natural,21,126,25.2,0.2878372073173523,0.8945000593947434
COHFACE_s10_session2_natural,21,127,25.233333333333334,0.3053287863731384,0.6303861043015037
COHFACE_s10_session2_natural,21,128,25.266666666666666,0.4117349088191986,0.28080336011066154
COHFACE_s10_session2_natural,21,129,25.3,0.39254388213157654,-0.128971639046962
COHFACE_s10_session2_natural,21,130,25.333333333333332,0.18118833005428314,-0.5721633747625536
COHFACE_s10_session2_natural,21,131,25.366666666666667,-0.15077006816864014,-1.0183976567309705
COHFACE_s10_session2_natural,21,132,25.4,-0.4925205111503601,-1.432533761178823
COHFACE_s10_session2_natural,21,133,25.433333333333334,-0.7647555470466614,-1.7759900356821565
COHFACE_s10_session2_natural,21,134,25.466666666666665,-0.9396597146987915,-2.010346334172099
COHFACE_s10_session2_natural,21,135,25.5,-1.0439733266830444,-2.1021868737694716
COHFACE_s10_session2_natural,21,136,25.533333333333335,-1.1155118942260742,-2.028453131056943
COHFACE_s10_session2_natural,21,137,25.566666666666666,-1.1888771057128906,-1.7818636763543725
COHFACE_s10_session2_natural,21,138,25.6,-1.247351884841919,-1.3753529295953393
COHFACE_s10_session2_natural,21,139,25.633333333333333,-0.8825491070747375,-0.843817586642154
COHFACE_s10_session2_natural,21,140,25.666666666666668,0.40182724595069885,-0.24178763564650818
COHFACE_s10_session2_natural,21,141,25.7,1.7011864185333252,0.3633816704491946
COHFACE_s10_session2_natural,21,142,25.733333333333334,2.0060346126556396,0.9021647057506917
COHFACE_s10_session2_natural,21,143,25.766666666666666,1.619277834892273,1.3152955014886696
COHFACE_s10_session2_natural,21,144,25.8,1.1528897285461426,1.5642517378934955
COHFACE_s10_session2_natural,21,145,25.833333333333332,0.7988848090171814,1.6361803230971887
COHFACE_s10_session2_natural,21,146,25.866666666666667,0.48916950821876526,1.5424889963779762
COHFACE_s10_session2_natural,21,147,25.9,0.3475259244441986,1.3134202949192357
COHFACE_s10_session2_natural,21,148,25.933333333333334,0.3959890305995941,0.9915768984197358
COHFACE_s10_session2_natural,21,149,25.966666666666665,0.41904136538505554,0.6259724310396696
COHFACE_s10_session2_natural,21,150,26.0,0.28523603081703186,0.2666286798070571
COHFACE_s10_session2_natural,21,151,26.033333333333335,0.0072090174071490765,-0.04074115279349475
COHFACE_s10_session2_natural,21,152,26.066666666666666,-0.3302292227745056,-0.25979664702205263
COHFACE_s10_session2_natural,21,153,26.1,-0.6466151475906372,-0.3676466565633051
COHFACE_s10_session2_natural,21,154,26.133333333333333,-0.8949423432350159,-0.35751327148798867
COHFACE_s10_session2_natural,21,155,26.166666666666668,-1.046401023864746,-0.23984828935662203
COHFACE_s10_session2_natural,21,156,26.2,-1.1270726919174194,-0.041228337840595645
COHFACE_s10_session2_natural,21,157,26.233333333333334,-1.179443359375,0.19996815796168585
COHFACE_s10_session2_natural,21,158,26.266666666666666,-1.237120509147644,0.44102569024460975
COHFACE_s10_session2_natural,21,159,26.3,-1.3235148191452026,0.6434507665416496
COHFACE_s10_session2_natural,21,160,26.333333333333332,-1.3584285974502563,0.7792616819637241
COHFACE_s10_session2_natural,21,161,26.366666666666667,-0.7809985280036926,0.8324951060676856
COHFACE_s10_session2_natural,21,162,26.4,0.6794727444648743,0.7964148861732409
COHFACE_s10_session2_natural,21,163,26.433333333333334,1.8296043872833252,0.6695933157881877
COHFACE_s10_session2_natural,21,164,26.466666666666665,1.935085654258728,0.4540785711497674
COHFACE_s10_session2_natural,21,165,26.5,1.5051952600479126,0.15661874929906883
COHFACE_s10_session2_natural,21,166,26.533333333333335,1.0781372785568237,-0.20863831932154622
COHFACE_s10_session2_natural,21,167,26.566666666666666,0.7566761374473572,-0.6184754833499576
COHFACE_s10_session2_natural,21,168,26.6,0.48778221011161804,-1.0411967255782106
COHFACE_s10_session2_natural,21,169,26.633333333333333,0.3754453659057617,-1.4387820198714698
COHFACE_s10_session2_natural,21,170,26.666666666666668,0.4022896885871887,-1.7692298917808924
COHFACE_s10_session2_natural,21,171,26.7,0.3757922053337097,-1.9886151717879677
COHFACE_s10_session2_natural,21,172,26.733333333333334,0.19931574165821075,-2.0539779136507987
COHFACE_s10_session2_natural,21,173,26.766666666666666,-0.1008271723985672,-1.9290883896348656
COHFACE_s10_session2_natural,21,174,26.8,-0.4386584758758545,-1.594306901689056
COHFACE_s10_session2_natural,21,175,26.833333333333332,-0.7385355234146118,-1.0589591369237854
COHFACE_s10_session2_natural,21,176,26.866666666666667,-0.9663999676704407,-0.3710828154362266
COHFACE_s10_session2_natural,21,177,26.9,-1.1130609512329102,0.38230871430463587
COHFACE_s10_session2_natural,21,178,26.933333333333334,-1.186969518661499,1.089003705285711
COHFACE_s10_session2_natural,21,179,26.966666666666665,-1.2404615879058838,1.637836311750849
COHFACE_s10_session2_natural,21,180,27.0,-1.3188326358795166,1.9486469720364268
COHFACE_s10_session2_natural,21,181,27.033333333333335,-1.4082326889038086,1.9937116319835273
COHFACE_s10_session2_natural,21,182,27.066666666666666,-1.5014363527297974,1.8016350896116475
COHFACE_s10_session2_natural,21,183,27.1,-1.4655052423477173,1.442928641294677
COHFACE_s10_session2_natural,21,184,27.133333333333333,-0.6246379613876343,1.0049337186956682
COHFACE_s10_session2_natural,21,185,27.166666666666668,0.9026435017585754,0.5674791018877569
COHFACE_s10_session2_natural,21,186,27.2,1.8226101398468018,0.18776374084016606
COHFACE_s10_session2_natural,21,187,27.233333333333334,1.7634069919586182,-0.10332897208556091
COHFACE_s10_session2_natural,21,188,27.266666666666666,1.303227186203003,-0.29639665436642704
COHFACE_s10_session2_natural,21,189,27.3,0.875255823135376,-0.3952536279358152
COHFACE_s10_session2_natural,21,190,27.333333333333332,0.538765549659729,-0.40989113380617126
COHFACE_s10_session2_natural,21,191,27.366666666666667,0.30360621213912964,-0.35318109305138184
COHFACE_s10_session2_natural,21,192,27.4,0.28239205479621887,-0.24120905314527816
COHFACE_s10_session2_natural,21,193,27.433333333333334,0.3576647937297821,-0.09521043852054072
COHFACE_s10_session2_natural,21,194,27.466666666666665,0.3187046945095062,0.05740087518272022
COHFACE_s10_session2_natural,21,195,27.5,0.10644739866256714,0.1846275031503971
COHFACE_s10_session2_natural,21,196,27.533333333333335,-0.2095339000225067,0.254399681804008
COHFACE_s10_session2_natural,21,197,27.566666666666666,-0.5454692244529724,0.24093126480502497
COHFACE_s10_session2_natural,21,198,27.6,-0.8313344717025757,0.1310452442415104
COHFACE_s10_session2_natural,21,199,27.633333333333333,-1.0381697416305542,-0.07146497138219826
COHFACE_s10_session2_natural,21,200,27.666666666666668,-1.1628767251968384,-0.34477008584945046
COHFACE_s10_session2_natural,21,201,27.7,-1.225293755531311,-0.651558234931499
COHFACE_s10_session2_natural,21,202,27.733333333333334,-1.2599762678146362,-0.9445365976575656
COHFACE_s10_session2_natural,21,203,27.766666666666666,-1.3122082948684692,-1.1737788739341959
COHFACE_s10_session2_natural,21,204,27.8,-1.3904868364334106,-1.2950049196241566
COHFACE_s10_session2_natural,21,205,27.833333333333332,-1.4873899221420288,-1.2778440974900263
COHFACE_s10_session2_natural,21,206,27.866666666666667,-1.415550708770752,-1.1123988468855326
COHFACE_s10_session2_natural,21,207,27.9,-0.4778497815132141,-0.8119722980988934
COHFACE_s10_session2_natural,21,208,27.933333333333334,1.0130150318145752,-0.4107163564312744
COHFACE_s10_session2_natural,21,209,27.966666666666665,1.79177725315094,0.04312320352101858
COHFACE_s10_session2_natural,21,210,28.0,1.653289794921875,0.4959703962585468
COHFACE_s10_session2_natural,21,211,28.033333333333335,1.1520689725875854,0.8970839855031223
COHFACE_s10_session2_natural,21,212,28.066666666666666,0.6700506210327148,1.2049304003538501
COHFACE_s10_session2_natural,21,213,28.1,0.3020917475223541,1.391762920275121
COHFACE_s10_session2_natural,21,214,28.133333333333333,0.1229562982916832,1.4460329493287094
COHFACE_s10_session2_natural,21,215,28.166666666666668,0.19309601187705994,1.3717154364153015
COHFACE_s10_session2_natural,21,216,28.2,0.31672778725624084,1.1845777014605947
COHFACE_s10_session2_natural,21,217,28.233333333333334,0.2792128324508667,0.9071968871115427
COHFACE_s10_session2_natural,21,218,28.266666666666666,0.058978527784347534,0.5654185671735055
COHFACE_s10_session2_natural,21,219,28.3,-0.2573380470275879,0.18791813934325197
COHFACE_s10_session2_natural,21,220,28.333333333333332,-0.5904409289360046,-0.1920698654929386
COHFACE_s10_session2_natural,21,221,28.366666666666667,-0.8834046125411987,-0.5360446295493468
COHFACE_s10_session2_natural,21,222,28.4,-1.0803205966949463,-0.8037409744115651
COHFACE_s10_session2_natural,21,223,28.433333333333334,-1.1922991275787354,-0.9614262423362897
COHFACE_s10_session2_natural,21,224,28.466666666666665,-1.2468085289001465,-0.991811629364292
COHFACE_s10_session2_natural,21,225,28.5,-1.2787742614746094,-0.9002063245156813
COHFACE_s10_session2_natural,21,226,28.533333333333335,-1.3203355073928833,-0.712949356144569
COHFACE_s10_session2_natural,21,227,28.566666666666666,-1.3924058675765991,-0.4686389751895817
COHFACE_s10_session2_natural,21,228,28.6,-1.4866962432861328,-0.20734440391127468
COHFACE_s10_session2_natural,21,229,28.633333333333333,-1.3166013956069946,0.03635897912027739
COHFACE_s10_session2_natural,21,230,28.666666666666668,-0.2185860425233841,0.23523710216660276
COHFACE_s10_session2_natural,21,231,28.7,1.2007863521575928,0.3696493178113322
COHFACE_s10_session2_natural,21,232,28.733333333333334,1.7883437871932983,0.42975457264374556
COHFACE_s10_session2_natural,21,233,28.766666666666666,1.5440165996551514,0.4193161429216551
COHFACE_s10_session2_natural,21,234,28.8,1.0049686431884766,0.35711105528058246
COHFACE_s10_session2_natural,21,235,28.833333333333332,0.4884180426597595,0.2721964866221639
COHFACE_s10_session2_natural,21,236,28.866666666666667,0.10951102524995804,0.19373935493485525
COHFACE_s10_session2_natural,21,237,28.9,0.019810348749160767,0.14041971436958905
COHFACE_s10_session2_natural,21,238,28.933333333333334,0.19867989420890808,0.1145206516015661
COHFACE_s10_session2_natural,21,239,28.966666666666665,0.3580925464630127,0.10281215892279381
COHFACE_s10_session2_natural,22,0,22.0,-0.9896950721740723,0.19112084869425333
COHFACE_s10_session2_natural,22,1,22.033333333333335,-1.0428403615951538,0.45064227624341324
COHFACE_s10_session2_natural,22,2,22.066666666666666,-1.126159429550171,0.6371395960567413
COHFACE_s10_session2_natural,22,3,22.1,-1.251652479171753,0.7063878757839521
COHFACE_s10_session2_natural,22,4,22.133333333333333,-1.2286348342895508,0.6547659493074272
COHFACE_s10_session2_natural,22,5,22.166666666666668,-0.31876084208488464,0.5175729437548691
COHFACE_s10_session2_natural,22,6,22.2,1.2518391609191895,0.3515934772307763
COHFACE_s10_session2_natural,22,7,22.233333333333334,2.0756657123565674,0.21096503635757335
COHFACE_s10_session2_natural,22,8,22.266666666666666,1.8709923028945923,0.1282701659346576
COHFACE_s10_session2_natural,22,9,22.3,1.330707311630249,0.10871989222522287
COHFACE_s10_session2_natural,22,10,22.333333333333332,0.8916028738021851,0.13689144867150932
COHFACE_s10_session2_natural,22,11,22.366666666666667,0.5618988275527954,0.18872846847540717
COHFACE_s10_session2_natural,22,12,22.4,0.375826895236969,0.24090067540096874
COHFACE_s10_session2_natural,22,13,22.433333333333334,0.41982749104499817,0.27385546531527183
COHFACE_s10_session2_natural,22,14,22.466666666666665,0.504776656627655,0.27001604394144363
COHFACE_s10_session2_natural,22,15,22.5,0.43298375606536865,0.2119743218440552
COHFACE_s10_session2_natural,22,16,22.533333333333335,0.19206708669662476,0.08561254464083089
COHFACE_s10_session2_natural,22,17,22.566666666666666,-0.13622651994228363,-0.11135025615745767
COHFACE_s10_session2_natural,22,18,22.6,-0.46612706780433655,-0.3616644776904678
COHFACE_s10_session2_natural,22,19,22.633333333333333,-0.7261769771575928,-0.6297806395240511
COHFACE_s10_session2_natural,22,20,22.666666666666668,-0.8909654021263123,-0.8731695592398576
COHFACE_s10_session2_natural,22,21,22.7,-0.9856025576591492,-1.0565175484921658
COHFACE_s10_session2_natural,22,22,22.733333333333334,-1.0312447547912598,-1.160224147368357
COHFACE_s10_session2_natural,22,23,22.766666666666666,-1.0687366724014282,-1.1798534513811285
COHFACE_s10_session2_natural,22,24,22.8,-1.133280873298645,-1.1195342368765422
COHFACE_s10_session2_natural,22,25,22.833333333333332,-1.2336291074752808,-0.9851433560505348
COHFACE_s10_session2_natural,22,26,22.866666666666667,-1.3285553455352783,-0.7812089422906014
COHFACE_s10_session2_natural,22,27,22.9,-0.9901806712150574,-0.5121280347255823
COHFACE_s10_session2_natural,22,28,22.933333333333334,0.3017795979976654,-0.1867843491012295
COHFACE_s10_session2_natural,22,29,22.966666666666665,1.5793812274932861,0.17512950996528348
COHFACE_s10_session2_natural,22,30,23.0,1.8381478786468506,0.5385195912812089
COHFACE_s10_session2_natural,22,31,23.033333333333335,1.3871127367019653,0.854389595168818
COHFACE_s10_session2_natural,22,32,23.066666666666666,0.8294864296913147,1.0696810731655415
COHFACE_s10_session2_natural,22,33,23.1,0.3821738064289093,1.1431991935497843
COHFACE_s10_session2_natural,22,34,23.133333333333333,0.0929211974143982,1.0611330606771203
COHFACE_s10_session2_natural,22,35,23.166666666666668,0.1094532236456871,0.8447233394249829
COHFACE_s10_session2_natural,22,36,23.2,0.29779112339019775,0.5461477561224505
COHFACE_s10_session2_natural,22,37,23.233333333333334,0.37529507279396057,0.23449994372551727
COHFACE_s10_session2_natural,22,38,23.266666666666666,0.22831037640571594,-0.021860786214471364
COHFACE_s10_session2_natural,22,39,23.3,-0.06869956105947495,-0.17008269968379258
COHFACE_s10_session2_natural,22,40,23.333333333333332,-0.4068545699119568,-0.18197278970784234
COHFACE_s10_session2_natural,22,41,23.366666666666667,-0.7025119066238403,-0.058461058940019364
COHFACE_s10_session2_natural,22,42,23.4,-0.9012198448181152,0.16956949289270806
COHFACE_s10_session2_natural,22,43,23.433333333333334,-1.0062733888626099,0.44522145410822955
COHFACE_s10_session2_natural,22,44,23.466666666666665,-1.063302993774414,0.6964515227156245
COHFACE_s10_session2_natural,22,45,23.5,-1.1079626083374023,0.8536933470425099
COHFACE_s10_session2_natural,22,46,23.533333333333335,-1.1727958917617798,0.869224500708014
COHFACE_s10_session2_natural,22,47,23.566666666666666,-1.2519993782043457,0.7304101643400152
COHFACE_s10_session2_natural,22,48,23.6,-0.9945159554481506,0.461419944105731
COHFACE_s10_session2_natural,22,49,23.633333333333333,0.13389286398887634,0.11364180529629785
COHFACE_s10_session2_natural,22,50,23.666666666666668,1.3760604858398438,-0.25038565832448173
COHFACE_s10_session2_natural,22,51,23.7,1.7209901809692383,-0.5731736336915689
COHFACE_s10_session2_natural,22,52,23.733333333333334,1.3371119499206543,-0.8136667552538882
COHFACE_s10_session2_natural,22,53,23.766666666666666,0.796029269695282,-0.9516549749829765
COHFACE_s10_session2_natural,22,54,23.8,0.3282770812511444,-0.9856265928550356
COHFACE_s10_session2_natural,22,55,23.833333333333332,-0.009045545011758804,-0.9262869077670686
COHFACE_s10_session2_natural,22,56,23.866666666666667,-0.028964899480342865,-0.7890804940408782
COHFACE_s10_session2_natural,22,57,23.9,0.17303793132305145,-0.5893811405812295
COHFACE_s10_session2_natural,22,58,23.933333333333334,0.2858140766620636,-0.34303878597560605
COHFACE_s10_session2_natural,22,59,23.966666666666665,0.18042531609535217,-0.07180544621866916
COHFACE_s10_session2_natural,22,60,24.0,-0.09627220034599304,0.19127539422683523
COHFACE_s10_session2_natural,22,61,24.033333333333335,-0.44084349274635315,0.4029324924156218
COHFACE_s10_session2_natural,22,62,24.066666666666666,-0.7342348694801331,0.5195234527961785
COHFACE_s10_session2_natural,22,63,24.1,-0.9296942353248596,0.5116369410414396
COHFACE_s10_session2_natural,22,64,24.133333333333333,-1.038805603981018,0.3758230517222103
COHFACE_s10_session2_natural,22,65,24.166666666666668,-1.1075001955032349,0.13727997561810393
COHFACE_s10_session2_natural,22,66,24.2,-1.1644952297210693,-0.15741625800732162
COHFACE_s10_session2_natural,22,67,24.233333333333334,-1.22484290599823,-0.45320770004175187
COHFACE_s10_session2_natural,22,68,24.266666666666666,-1.0707828998565674,-0.6989919384527278
COHFACE_s10_session2_natural,22,69,24.3,-0.08316218852996826,-0.8555976606613864
COHFACE_s10_session2_natural,22,70,24.333333333333332,1.2960015535354614,-0.8990971675334636
COHFACE_s10_session2_natural,22,71,24.366666666666667,1.8896746635437012,-0.8217707517695183
COHFACE_s10_session2_natural,22,72,24.4,1.6161794662475586,-0.6325768095824074
COHFACE_s10_session2_natural,22,73,24.433333333333334,1.0864957571029663,-0.35681312270881815
COHFACE_s10_session2_natural,22,74,24.466666666666665,0.6112983822822571,-0.03319758378939589
COHFACE_s10_session2_natural,22,75,24.5,0.23026415705680847,0.2928193891087252
COHFACE_s10_session2_natural,22,76,24.533333333333335,0.07944124191999435,0.5783925289649684
COHFACE_s10_session2_natural,22,77,24.566666666666666,0.20431004464626312,0.7919952070977894
COHFACE_s10_session2_natural,22,78,24.6,0.3442310690879822,0.9180338128815643
COHFACE_s10_session2_natural,22,79,24.633333333333333,0.2955251932144165,0.9557756681035318
COHFACE_s10_session2_natural,22,80,24.666666666666668,0.0593947172164917,0.9138185286365674
COHFACE_s10_session2_natural,22,81,24.7,-0.2802979052066803,0.8034519881478882
COHFACE_s10_session2_natural,22,82,24.733333333333334,-0.6136320233345032,0.6345378351381765
COHFACE_s10_session2_natural,22,83,24.766666666666666,-0.8564909100532532,0.4160410114439962
COHFACE_s10_session2_natural,22,84,24.8,-1.0035334825515747,0.16089709010813738
COHFACE_s10_session2_natural,22,85,24.833333333333332,-1.0880202054977417,-0.10759852070639528
COHFACE_s10_session2_natural,22,86,24.866666666666667,-1.1595009565353394,-0.3522849573997286
COHFACE_s10_session2_natural,22,87,24.9,-1.2366002798080444,-0.5256005668412879
COHFACE_s10_session2_natural,22,88,24.933333333333334,-1.1608535051345825,-0.5813913840217534
COHFACE_s10_session2_natural,22,89,24.966666666666665,-0.3006218671798706,-0.4918481551239617
COHFACE_s10_session2_natural,22,90,25.0,1.1649593114852905,-0.26193447993266633
COHFACE_s10_session2_natural,22,91,25.033333333333335,1.9812365770339966,0.06711230785235685
COHFACE_s10_session2_natural,22,92,25.066666666666666,1.8363443613052368,0.42884111125983554
COHFACE_s10_session2_natural,22,93,25.1,1.3257477283477783,0.7526888198467375
COHFACE_s10_session2_natural,22,94,25.133333333333333,0.8700534701347351,0.9841390285401184
COHFACE_s10_session2_natural,22,95,25.166666666666668,0.5083027482032776,1.093668897705478
COHFACE_s10_session2_natural,22,96,25.2,0.2878372073173523,1.0728053783407694
COHFACE_s10_session2_natural,22,97,25.233333333333334,0.3053287863731384,0.9244774771622071
COHFACE_s10_session2_natural,22,98,25.266666666666666,0.4117349088191986,0.6564367490220295
COHFACE_s10_session2_natural,22,99,25.3,0.39254388213157654,0.28158471045693306
COHFACE_s10_session2_natural,22,100,25.333333333333332,0.18118833005428314,-0.1771172703076083
COHFACE_s10_session2_natural,22,101,25.366666666666667,-0.15077006816864014,-0.6825332160147992
COHFACE_s10_session2_natural,22,102,25.4,-0.4925205111503601,-1.1839641456132126
COHFACE_s10_session2_natural,22,103,25.433333333333334,-0.7647555470466614,-1.6227989224258261
COHFACE_s10_session2_natural,22,104,25.466666666666665,-0.9396597146987915,-1.941009543957853
COHFACE_s10_session2_natural,22,105,25.5,-1.0439733266830444,-2.0901090407796423
COHFACE_s10_session2_natural,22,106,25.533333333333335,-1.1155118942260742,-2.0394287936138427
COHFACE_s10_session2_natural,22,107,25.566666666666666,-1.1888771057128906,-1.7830690017320288
COHFACE_s10_session2_natural,22,108,25.6,-1.247351884841919,-1.3437158446330737
COHFACE_s10_session2_natural,22,109,25.633333333333333,-0.8825491070747375,-0.7709675141138999
COHFACE_s10_session2_natural,22,110,25.666666666666668,0.40182724595069885,-0.1337549861851275
COHFACE_s10_session2_natural,22,111,25.7,1.7011864185333252,0.4910433105328234
COHFACE_s10_session2_natural,22,112,25.733333333333334,2.0060346126556396,1.0309845456176423
COHFACE_s10_session2_natural,22,113,25.766666666666666,1.619277834892273,1.4290092297589168
COHFACE_s10_session2_natural,22,114,25.8,1.1528897285461426,1.650680665169338
COHFACE_s10_session2_natural,22,115,25.833333333333332,0.7988848090171814,1.686200662942048
COHFACE_s10_session2_natural,22,116,25.866666666666667,0.48916950821876526,1.5477706364852548
COHFACE_s10_session2_natural,22,117,25.9,0.3475259244441986,1.2646980953753675
COHFACE_s10_session2_natural,22,118,25.933333333333334,0.3959890305995941,0.8785594720974597
COHFACE_s10_session2_natural,22,119,25.966666666666665,0.41904136538505554,0.4392661846016375
COHFACE_s10_session2_natural,22,120,26.0,0.28523603081703186,0.0014963573265286086
COHFACE_s10_session2_natural,22,121,26.033333333333335,0.0072090174071490765,-0.37961788382777234
COHFACE_s10_session2_natural,22,122,26.066666666666666,-0.3302292227745056,-0.6543926317146843
COHFACE_s10_session2_natural,22,123,26.1,-0.6466151475906372,-0.7862018213777294
COHFACE_s10_session2_natural,22,124,26.133333333333333,-0.8949423432350159,-0.7599426901648038
COHFACE_s10_session2_natural,22,125,26.166666666666668,-1.046401023864746,-0.5889334297093758
COHFACE_s10_session2_natural,22,126,26.2,-1.1270726919174194,-0.31608923728580574
COHFACE_s10_session2_natural,22,127,26.233333333333334,-1.179443359375,-0.005599008385451437
COHFACE_s10_session2_natural,22,128,26.266666666666666,-1.237120509147644,0.27474657367077
COHFACE_s10_session2_natural,22,129,26.3,-1.3235148191452026,0.4747552725900377
COHFACE_s10_session2_natural,22,130,26.333333333333332,-1.3584285974502563,0.5770197507485718
COHFACE_s10_session2_natural,22,131,26.366666666666667,-0.7809985280036926,0.5981403875559839
COHFACE_s10_session2_natural,22,132,26.4,0.6794727444648743,0.5751244536633096
COHFACE_s10_session2_natural,22,133,26.433333333333334,1.8296043872833252,0.5439231187063736
COHFACE_s10_session2_natural,22,134,26.466666666666665,1.935085654258728,0.5204458368246475
COHFACE_s10_session2_natural,22,135,26.5,1.5051952600479126,0.49241976829162565
COHFACE_s10_session2_natural,22,136,26.533333333333335,1.0781372785568237,0.42509009591772995
COHFACE_s10_session2_natural,22,137,26.566666666666666,0.7566761374473572,0.27746571781035595
COHFACE_s10_session2_natural,22,138,26.6,0.48778221011161804,0.021343512285928862
COHFACE_s10_session2_natural,22,139,26.633333333333333,0.3754453659057617,-0.344607294476174
COHFACE_s10_session2_natural,22,140,26.666666666666668,0.4022896885871887,-0.7889773129191076
COHFACE_s10_session2_natural,22,141,26.7,0.3757922053337097,-1.2491492810258302
COHFACE_s10_session2_natural,22,142,26.733333333333334,0.19931574165821075,-1.6393847936822201
COHFACE_s10_session2_natural,22,143,26.766666666666666,-0.1008271723985672,-1.866224915434687
COHFACE_s10_session2_natural,22,144,26.8,-0.4386584758758545,-1.8511056402532695
COHFACE_s10_session2_natural,22,145,26.833333333333332,-0.7385355234146118,-1.5561881748006996
COHFACE_s10_session2_natural,22,146,26.866666666666667,-0.9663999676704407,-1.004836564718595
COHFACE_s10_session2_natural,22,147,26.9,-1.1130609512329102,-0.2864501238214397
COHFACE_s10_session2_natural,22,148,26.933333333333334,-1.186969518661499,0.4609590831296926
COHFACE_s10_session2_natural,22,149,26.966666666666665,-1.2404615879058838,1.0882523175014192
COHFACE_s10_session2_natural,22,150,27.0,-1.3188326358795166,1.4801998425540956
COHFACE_s10_session2_natural,22,151,27.033333333333335,-1.4082326889038086,1.5898676247907069
COHFACE_s10_session2_natural,22,152,27.066666666666666,-1.5014363527297974,1.4476256969369463
COHFACE_s10_session2_natural,22,153,27.1,-1.4655052423477173,1.1416684643385169
COHFACE_s10_session2_natural,22,154,27.133333333333333,-0.6246379613876343,0.7807433291413008
COHFACE_s10_session2_natural,22,155,27.166666666666668,0.9026435017585754,0.4571290625466435
COHFACE_s10_session2_natural,22,156,27.2,1.8226101398468018,0.22420397761180483
COHFACE_s10_session2_natural,22,157,27.233333333333334,1.7634069919586182,0.09298037207192812
COHFACE_s10_session2_natural,22,158,27.266666666666666,1.303227186203003,0.04339440624226714
COHFACE_s10_session2_natural,22,159,27.3,0.875255823135376,0.042109125225395776
COHFACE_s10_session2_natural,22,160,27.333333333333332,0.538765549659729,0.05876384656776326
COHFACE_s10_session2_natural,22,161,27.366666666666667,0.30360621213912964,0.07542409593756817
COHFACE_s10_session2_natural,22,162,27.4,0.28239205479621887,0.08762560786723746
COHFACE_s10_session2_natural,22,163,27.433333333333334,0.3576647937297821,0.09854907847142612
COHFACE_s10_session2_natural,22,164,27.466666666666665,0.3187046945095062,0.1098844427314972
COHFACE_s10_session2_natural,22,165,27.5,0.10644739866256714,0.11376272705802594
COHFACE_s10_session2_natural,22,166,27.533333333333335,-0.2095339000225067,0.08975815792507691
COHFACE_s10_session2_natural,22,167,27.566666666666666,-0.5454692244529724,0.009129410555851581
COHFACE_s10_session2_natural,22,168,27.6,-0.8313344717025757,-0.15459710113820457
COHFACE_s10_session2_natural,22,169,27.633333333333333,-1.0381697416305542,-0.4125107124057449
COHFACE_s10_session2_natural,22,170,27.666666666666668,-1.1628767251968384,-0.7497552314928106
COHFACE_s10_session2_natural,22,171,27.7,-1.225293755531311,-1.121828210019242
COHFACE_s10_session2_natural,22,172,27.733333333333334,-1.2599762678146362,-1.4597490180905734
COHFACE_s10_session2_natural,22,173,27.766666666666666,-1.3122082948684692,-1.6834716457997005
COHFACE_s10_session2_natural,22,174,27.8,-1.3904868364334106,-1.7208084580512837
COHFACE_s10_session2_natural,22,175,27.833333333333332,-1.4873899221420288,-1.5273440151642896
COHFACE_s10_session2_natural,22,176,27.866666666666667,-1.415550708770752,-1.1014210880830868
COHFACE_s10_session2_natural,22,177,27.9,-0.4778497815132141,-0.48874398675126207
COHFACE_s10_session2_natural,22,178,27.933333333333334,1.0130150318145752,0.22562450585452928
COHFACE_s10_session2_natural,22,179,27.966666666666665,1.79177725315094,0.9356387219556215
COHFACE_s10_session2_natural,22,180,28.0,1.653289794921875,1.5374331025221821
COHFACE_s10_session2_natural,22,181,28.033333333333335,1.1520689725875854,1.9506247744259995
COHFACE_s10_session2_natural,22,182,28.066666666666666,0.6700506210327148,2.1323202340733394
COHFACE_s10_session2_natural,22,183,28.1,0.3020917475223541,2.0809929339114404
COHFACE_s10_session2_natural,22,184,28.133333333333333,0.1229562982916832,1.8303446755053145
COHFACE_s10_session2_natural,22,185,28.166666666666668,0.19309601187705994,1.4359700818597843
COHFACE_s10_session2_natural,22,186,28.2,0.31672778725624084,0.9596359774043414
COHFACE_s10_session2_natural,22,187,28.233333333333334,0.2792128324508667,0.45651388174558355
COHFACE_s10_session2_natural,22,188,28.266666666666666,0.058978527784347534,-0.03076941457222697
COHFACE_s10_session2_natural,22,189,28.3,-0.2573380470275879,-0.47063001993660053
COHFACE_s10_session2_natural,22,190,28.333333333333332,-0.5904409289360046,-0.836719296294651
COHFACE_s10_session2_natural,22,191,28.366666666666667,-0.8834046125411987,-1.103215661280756
COHFACE_s10_session2_natural,22,192,28.4,-1.0803205966949463,-1.2457772239424243
COHFACE_s10_session2_natural,22,193,28.433333333333334,-1.1922991275787354,-1.2489132702446992
COHFACE_s10_session2_natural,22,194,28.466666666666665,-1.2468085289001465,-1.1156888135722287
COHFACE_s10_session2_natural,22,195,28.5,-1.2787742614746094,-0.8729156986418745
COHFACE_s10_session2_natural,22,196,28.533333333333335,-1.3203355073928833,-0.5666920342109991
COHFACE_s10_session2_natural,22,197,28.566666666666666,-1.3924058675765991,-0.2491927431418895
COHFACE_s10_session2_natural,22,198,28.6,-1.4866962432861328,0.03558256619276585
COHFACE_s10_session2_natural,22,199,28.633333333333333,-1.3166013956069946,0.25839702303206735
COHFACE_s10_session2_natural,22,200,28.666666666666668,-0.2185860425233841,0.4021796750896289
COHFACE_s10_session2_natural,22,201,28.7,1.2007863521575928,0.4567189100156331
COHFACE_s10_session2_natural,22,202,28.733333333333334,1.7883437871932983,0.41782285937400565
COHFACE_s10_session2_natural,22,203,28.766666666666666,1.5440165996551514,0.2920630693336159
COHFACE_s10_session2_natural,22,204,28.8,1.0049686431884766,0.10149261025880407
COHFACE_s10_session2_natural,22,205,28.833333333333332,0.4884180426597595,-0.11827500312915291
COHFACE_s10_session2_natural,22,206,28.866666666666667,0.10951102524995804,-0.32713238421752
COHFACE_s10_session2_natural,22,207,28.9,0.019810348749160767,-0.49082591751490523
COHFACE_s10_session2_natural,22,208,28.933333333333334,0.19867989420890808,-0.5867674559819336
COHFACE_s10_session2_natural,22,209,28.966666666666665,0.3580925464630127,-0.6041821844508389
COHFACE_s10_session2_natural,22,210,29.0,0.3050050735473633,-0.5414434468267808
COHFACE_s10_session2_natural,22,211,29.033333333333335,0.06433120369911194,-0.40405724971068036
COHFACE_s10_session2_natural,22,212,29.066666666666666,-0.2669566571712494,-0.20446501265900713
COHFACE_s10_session2_natural,22,213,29.1,-0.5893195271492004,0.037661975104762685
COHFACE_s10_session2_natural,22,214,29.133333333333333,-0.8441439270973206,0.29634650168262133
COHFACE_s10_session2_natural,22,215,29.166666666666668,-1.014319658279419,0.5419128001761562
COHFACE_s10_session2_natural,22,216,29.2,-1.1095926761627197,0.744578422712968
COHFACE_s10_session2_natural,22,217,29.233333333333334,-1.1608072519302368,0.8781418095340857
COHFACE_s10_session2_natural,22,218,29.266666666666666,-1.2115709781646729,0.9234803051147669
COHFACE_s10_session2_natural,22,219,29.3,-1.2877570390701294,0.8719242746986886
COHFACE_s10_session2_natural,22,220,29.333333333333332,-1.304786205291748,0.7279810304081711
COHFACE_s10_session2_natural,22,221,29.366666666666667,-0.7261538505554199,0.5100694180027306
COHFACE_s10_session2_natural,22,222,29.4,0.5849974155426025,0.24803215798062025
COHFACE_s10_session2_natural,22,223,29.433333333333334,1.5384442806243896,-0.022419676414163654
COHFACE_s10_session2_natural,22,224,29.466666666666665,1.5996012687683105,-0.2662990310695263
COHFACE_s10_session2_natural,22,225,29.5,1.146230697631836,-0.45442175386362
COHFACE_s10_session2_natural,22,226,29.533333333333335,0.5857489109039307,-0.5660854960758288
COHFACE_s10_session2_natural,22,227,29.566666666666666,0.10049355775117874,-0.5904293717379513
COHFACE_s10_session2_natural,22,228,29.6,-0.16570669412612915,-0.5277202679387966
COHFACE_s10_session2_natural,22,229,29.633333333333333,-0.056814998388290405,-0.390406408283331
COHFACE_s10_session2_natural,22,230,29.666666666666668,0.1962752491235733,-0.20241948104975582
COHFACE_s10_session2_natural,22,231,29.7,0.2852013409137726,0.004625376350898383
COHFACE_s10_session2_natural,22,232,29.733333333333334,0.14425139129161835,0.19777510907021978
COHFACE_s10_session2_natural,22,233,29.766666666666666,-0.1346195489168167,0.34910883595633063
COHFACE_s10_session2_natural,22,234,29.8,-0.4657108783721924,0.4394690079929887
COHFACE_s10_session2_natural,22,235,29.833333333333332,-0.7484200596809387,0.45884461448861763
COHFACE_s10_session2_natural,22,236,29.866666666666667,-0.9414631724357605,0.40527449936274745
COHFACE_s10_session2_natural,22,237,29.9,-1.0599619150161743,0.2846665113466107
COHFACE_s10_session2_natural,22,238,29.933333333333334,-1.1254079341888428,0.11153481110165687
COHFACE_s10_session2_natural,22,239,29.966666666666665,-1.1755704879760742,-0.09146591916456734
COHFACE_s10_session2_natural,23,0,23.0,1.8381478786468506,0.014043173619716874
COHFACE_s10_session2_natural,23,1,23.033333333333335,1.3871127367019653,0.3105392813456354
COHFACE_s10_session2_natural,23,2,23.066666666666666,0.8294864296913147,0.5380211631319904
COHFACE_s10_session2_natural,23,3,23.1,0.3821738064289093,0.6478558322365946
COHFACE_s10_session2_natural,23,4,23.133333333333333,0.0929211974143982,0.6285312329835694
COHFACE_s10_session2_natural,23,5,23.166666666666668,0.1094532236456871,0.5070050043614874
COHFACE_s10_session2_natural,23,6,23.2,0.29779112339019775,0.3362144182532209
COHFACE_s10_session2_natural,23,7,23.233333333333334,0.37529507279396057,0.17493907916320778
COHFACE_s10_session2_natural,23,8,23.266666666666666,0.22831037640571594,0.06945945552095514
COHFACE_s10_session2_natural,23,9,23.3,-0.06869956105947495,0.04406230620019069
COHFACE_s10_session2_natural,23,10,23.333333333333332,-0.4068545699119568,0.10088993635361633
COHFACE_s10_session2_natural,23,11,23.366666666666667,-0.7025119066238403,0.22433082525765352
COHFACE_s10_session2_natural,23,12,23.4,-0.9012198448181152,0.3852978829563286
COHFACE_s10_session2_natural,23,13,23.433333333333334,-1.0062733888626099,0.5446727786745826
COHFACE_s10_session2_natural,23,14,23.466666666666665,-1.063302993774414,0.6584692307503238
COHFACE_s10_session2_natural,23,15,23.5,-1.1079626083374023,0.6868102807822901
COHFACE_s10_session2_natural,23,16,23.533333333333335,-1.1727958917617798,0.6048955253172328
COHFACE_s10_session2_natural,23,17,23.566666666666666,-1.2519993782043457,0.410970543002978
COHFACE_s10_session2_natural,23,18,23.6,-0.9945159554481506,0.12744177799854065
COHFACE_s10_session2_natural,23,19,23.633333333333333,0.13389286398887634,-0.20478388861859426
COHFACE_s10_session2_natural,23,20,23.666666666666668,1.3760604858398438,-0.5355415570930532
COHFACE_s10_session2_natural,23,21,23.7,1.7209901809692383,-0.8147937702532256
COHFACE_s10_session2_natural,23,22,23.733333333333334,1.3371119499206543,-1.0008202936835708
COHFACE_s10_session2_natural,23,23,23.766666666666666,0.796029269695282,-1.0672900048990255
COHFACE_s10_session2_natural,23,24,23.8,0.3282770812511444,-1.0081261354339808
COHFACE_s10_session2_natural,23,25,23.833333333333332,-0.009045545011758804,-0.8376572598364999
COHFACE_s10_session2_natural,23,26,23.866666666666667,-0.028964899480342865,-0.5848602211654363
COHFACE_s10_session2_natural,23,27,23.9,0.17303793132305145,-0.2842828731911644
COHFACE_s10_session2_natural,23,28,23.933333333333334,0.2858140766620636,0.030622233621108597
COHFACE_s10_session2_natural,23,29,23.966666666666665,0.18042531609535217,0.32781057328637986
COHFACE_s10_session2_natural,23,30,24.0,-0.09627220034599304,0.5735435291535338
COHFACE_s10_session2_natural,23,31,24.033333333333335,-0.44084349274635315,0.7331501586757753
COHFACE_s10_session2_natural,23,32,24.066666666666666,-0.7342348694801331,0.7788906251085503
COHFACE_s10_session2_natural,23,33,24.1,-0.9296942353248596,0.7006050771197732
COHFACE_s10_session2_natural,23,34,24.133333333333333,-1.038805603981018,0.5116512973281563
COHFACE_s10_session2_natural,23,35,24.166666666666668,-1.1075001955032349,0.24581895017602634
COHFACE_s10_session2_natural,23,36,24.2,-1.1644952297210693,-0.05267331688015071
COHFACE_s10_session2_natural,23,37,24.233333333333334,-1.22484290599823,-0.33979505863844217
COHFACE_s10_session2_natural,23,38,24.266666666666666,-1.0707828998565674,-0.5780322339420099
COHFACE_s10_session2_natural,23,39,24.3,-0.08316218852996826,-0.7382703798996372
COHFACE_s10_session2_natural,23,40,24.333333333333332,1.2960015535354614,-0.8005915617637086
COHFACE_s10_session2_natural,23,41,24.366666666666667,1.8896746635437012,-0.7568733081950589
COHFACE_s10_session2_natural,23,42,24.4,1.6161794662475586,-0.6142732377429595
COHFACE_s10_session2_natural,23,43,24.433333333333334,1.0864957571029663,-0.39579751957437187
COHFACE_s10_session2_natural,23,44,24.466666666666665,0.6112983822822571,-0.13555604534165192
COHFACE_s10_session2_natural,23,45,24.5,0.23026415705680847,0.12962307907268658
COHFACE_s10_session2_natural,23,46,24.533333333333335,0.07944124191999435,0.36772086664108133
COHFACE_s10_session2_natural,23,47,24.566666666666666,0.20431004464626312,0.554667641325362
COHFACE_s10_session2_natural,23,48,24.6,0.3442310690879822,0.6737084700123376
COHFACE_s10_session2_natural,23,49,24.633333333333333,0.2955251932144165,0.7145670157361811
COHFACE_s10_session2_natural,23,50,24.666666666666668,0.0593947172164917,0.6745749785858981
COHFACE_s10_session2_natural,23,51,24.7,-0.2802979052066803,0.560538888342232
COHFACE_s10_session2_natural,23,52,24.733333333333334,-0.6136320233345032,0.38873536454753455
COHFACE_s10_session2_natural,23,53,24.766666666666666,-0.8564909100532532,0.18210549935302267
COHFACE_s10_session2_natural,23,54,24.8,-1.0035334825515747,-0.0333595934868782
COHFACE_s10_session2_natural,23,55,24.833333333333332,-1.0880202054977417,-0.23028284610434216
COHFACE_s10_session2_natural,23,56,24.866666666666667,-1.1595009565353394,-0.37970817027446224
COHFACE_s10_session2_natural,23,57,24.9,-1.2366002798080444,-0.45243392605932986
COHFACE_s10_session2_natural,23,58,24.933333333333334,-1.1608535051345825,-0.4250763083712262
COHFACE_s10_session2_natural,23,59,24.966666666666665,-0.3006218671798706,-0.2900389864389882
COHFACE_s10_session2_natural,23,60,25.0,1.1649593114852905,-0.06364843936295275
COHFACE_s10_session2_natural,23,61,25.033333333333335,1.9812365770339966,0.21435965006921875
COHFACE_s10_session2_natural,23,62,25.066666666666666,1.8363443613052368,0.4918609812524701
COHFACE_s10_session2_natural,23,63,25.1,1.3257477283477783,0.7204921682662709
COHFACE_s10_session2_natural,23,64,25.133333333333333,0.8700534701347351,0.867828211932454
COHFACE_s10_session2_natural,23,65,25.166666666666668,0.5083027482032776,0.9193735716338389
COHFACE_s10_session2_natural,23,66,25.2,0.2878372073173523,0.8719699371579825
COHFACE_s10_session2_natural,23,67,25.233333333333334,0.3053287863731384,0.7262458638464779
COHFACE_s10_session2_natural,23,68,25.266666666666666,0.4117349088191986,0.48471278083728203
COHFACE_s10_session2_natural,23,69,25.3,0.39254388213157654,0.15621274135374982
COHFACE_s10_session2_natural,23,70,25.333333333333332,0.18118833005428314,-0.23782819698490282
COHFACE_s10_session2_natural,23,71,25.366666666666667,-0.15077006816864014,-0.6609028233478796
COHFACE_s10_session2_natural,23,72,25.4,-0.4925205111503601,-1.06492927761471
COHFACE_s10_session2_natural,23,73,25.433333333333334,-0.7647555470466614,-1.3979235112407953
COHFACE_s10_session2_natural,23,74,25.466666666666665,-0.9396597146987915,-1.6126426063164296
COHFACE_s10_session2_natural,23,75,25.5,-1.0439733266830444,-1.6742175042889211
COHFACE_s10_session2_natural,23,76,25.533333333333335,-1.1155118942260742,-1.5663580621843531
COHFACE_s10_session2_natural,23,77,25.566666666666666,-1.1888771057128906,-1.2957485734773262
COHFACE_s10_session2_natural,23,78,25.6,-1.247351884841919,-0.8928413438966769
COHFACE_s10_session2_natural,23,79,25.633333333333333,-0.8825491070747375,-0.4071816741776794
COHFACE_s10_session2_natural,23,80,25.666666666666668,0.40182724595069885,0.10176366446297985
COHFACE_s10_session2_natural,23,81,25.7,1.7011864185333252,0.5745910216344162
COHFACE_s10_session2_natural,23,82,25.733333333333334,2.0060346126556396,0.9596470243094958
COHFACE_s10_session2_natural,23,83,25.766666666666666,1.619277834892273,1.217857608634976
COHFACE_s10_session2_natural,23,84,25.8,1.1528897285461426,1.325795048659677
COHFACE_s10_session2_natural,23,85,25.833333333333332,0.7988848090171814,1.2779205963912146
COHFACE_s10_session2_natural,23,86,25.866666666666667,0.48916950821876526,1.0877144880352585
COHFACE_s10_session2_natural,23,87,25.9,0.3475259244441986,0.7865569175580477
COHFACE_s10_session2_natural,23,88,25.933333333333334,0.3959890305995941,0.41971071661562914
COHFACE_s10_session2_natural,23,89,25.966666666666665,0.41904136538505554,0.040081681346329535
COHFACE_s10_session2_natural,23,90,26.0,0.28523603081703186,-0.29862312432832383
COHFACE_s10_session2_natural,23,91,26.033333333333335,0.0072090174071490765,-0.5480685580427678
COHFACE_s10_session2_natural,23,92,26.066666666666666,-0.3302292227745056,-0.670947168894281
COHFACE_s10_session2_natural,23,93,26.1,-0.6466151475906372,-0.6470329199732977
COHFACE_s10_session2_natural,23,94,26.133333333333333,-0.8949423432350159,-0.47931665595277856
COHFACE_s10_session2_natural,23,95,26.166666666666668,-1.046401023864746,-0.19748797501929471
COHFACE_s10_session2_natural,23,96,26.2,-1.1270726919174194,0.1452987828816669
COHFACE_s10_session2_natural,23,97,26.233333333333334,-1.179443359375,0.4842565276742516
COHFACE_s10_session2_natural,23,98,26.266666666666666,-1.237120509147644,0.75984063001281
COHFACE_s10_session2_natural,23,99,26.3,-1.3235148191452026,0.9321017407675224
COHFACE_s10_session2_natural,23,100,26.333333333333332,-1.3584285974502563,0.986396345160856
COHFACE_s10_session2_natural,23,101,26.366666666666667,-0.7809985280036926,0.9297118329320296
COHFACE_s10_session2_natural,23,102,26.4,0.6794727444648743,0.7818503261485388
COHFACE_s10_session2_natural,23,103,26.433333333333334,1.8296043872833252,0.5670073270503916
COHFACE_s10_session2_natural,23,104,26.466666666666665,1.935085654258728,0.30853129170873494
COHFACE_s10_session2_natural,23,105,26.5,1.5051952600479126,0.026249331477399006
COHFACE_s10_session2_natural,23,106,26.533333333333335,1.0781372785568237,-0.2650221549647304
COHFACE_s10_session2_natural,23,107,26.566666666666666,0.7566761374473572,-0.5558205054989566
COHFACE_s10_session2_natural,23,108,26.6,0.48778221011161804,-0.8401805591556174
COHFACE_s10_session2_natural,23,109,26.633333333333333,0.3754453659057617,-1.1111540322486269
COHFACE_s10_session2_natural,23,110,26.666666666666668,0.4022896885871887,-1.3553209727735385
COHFACE_s10_session2_natural,23,111,26.7,0.3757922053337097,-1.5491627251941082
COHFACE_s10_session2_natural,23,112,26.733333333333334,0.19931574165821075,-1.65921909388487
COHFACE_s10_session2_natural,23,113,26.766666666666666,-0.1008271723985672,-1.6465439804068496
COHFACE_s10_session2_natural,23,114,26.8,-0.4386584758758545,-1.4757799544315129
COHFACE_s10_session2_natural,23,115,26.833333333333332,-0.7385355234146118,-1.128685185687264
COHFACE_s10_session2_natural,23,116,26.866666666666667,-0.9663999676704407,-0.6193139905582536
COHFACE_s10_session2_natural,23,117,26.9,-1.1130609512329102,-0.004131143211130397
COHFACE_s10_session2_natural,23,118,26.933333333333334,-1.186969518661499,0.6216377027999722
COHFACE_s10_session2_natural,23,119,26.966666666666665,-1.2404615879058838,1.1460170856291272
COHFACE_s10_session2_natural,23,120,27.0,-1.3188326358795166,1.4749006377319627
COHFACE_s10_session2_natural,23,121,27.033333333333335,-1.4082326889038086,1.5641377819084545
COHFACE_s10_session2_natural,23,122,27.066666666666666,-1.5014363527297974,1.4332812696292654
COHFACE_s10_session2_natural,23,123,27.1,-1.4655052423477173,1.154267973775122
COHFACE_s10_session2_natural,23,124,27.133333333333333,-0.6246379613876343,0.8217749556530932
COHFACE_s10_session2_natural,23,125,27.166666666666668,0.9026435017585754,0.5207631036667653
COHFACE_s10_session2_natural,23,126,27.2,1.8226101398468018,0.3050343344428904
COHFACE_s10_session2_natural,23,127,27.233333333333334,1.7634069919586182,0.19187537387003203
COHFACE_s10_session2_natural,23,128,27.266666666666666,1.303227186203003,0.16927634536565123
COHFACE_s10_session2_natural,23,129,27.3,0.875255823135376,0.2083300868938887
COHFACE_s10_session2_natural,23,130,27.333333333333332,0.538765549659729,0.27478988467873733
COHFACE_s10_session2_natural,23,131,27.366666666666667,0.30360621213912964,0.33728996881363443
COHFACE_s10_session2_natural,23,132,27.4,0.28239205479621887,0.37201258674773696
COHFACE_s10_session2_natural,23,133,27.433333333333334,0.3576647937297821,0.36417156948163404
COHFACE_s10_session2_natural,23,134,27.466666666666665,0.3187046945095062,0.3068162156096617
COHFACE_s10_session2_natural,23,135,27.5,0.10644739866256714,0.19807792494407242
COHFACE_s10_session2_natural,23,136,27.533333333333335,-0.2095339000225067,0.03893733788357505
COHFACE_s10_session2_natural,23,137,27.566666666666666,-0.5454692244529724,-0.1666059087103758
COHFACE_s10_session2_natural,23,138,27.6,-0.8313344717025757,-0.4091507581374022
COHFACE_s10_session2_natural,23,139,27.633333333333333,-1.0381697416305542,-0.6715761534211562
COHFACE_s10_session2_natural,23,140,27.666666666666668,-1.1628767251968384,-0.929076204816422
COHFACE_s10_session2_natural,23,141,27.7,-1.225293755531311,-1.151946517774843
COHFACE_s10_session2_natural,23,142,27.733333333333334,-1.2599762678146362,-1.3094890037635794
COHFACE_s10_session2_natural,23,143,27.766666666666666,-1.3122082948684692,-1.3733076769784032
COHFACE_s10_session2_natural,23,144,27.8,-1.3904868364334106,-1.32037421494696
COHFACE_s10_session2_natural,23,145,27.833333333333332,-1.4873899221420288,-1.1376468644091744
COHFACE_s10_session2_natural,23,146,27.866666666666667,-1.415550708770752,-0.8283628276692391
COHFACE_s10_session2_natural,23,147,27.9,-0.4778497815132141,-0.41705422017483923
COHFACE_s10_session2_natural,23,148,27.933333333333334,1.0130150318145752,0.050904252667772425
COHFACE_s10_session2_natural,23,149,27.966666666666665,1.79177725315094,0.5171590850374632
COHFACE_s10_session2_natural,23,150,28.0,1.653289794921875,0.9229839130959641
COHFACE_s10_session2_natural,23,151,28.033333333333335,1.1520689725875854,1.2210149537984827
COHFACE_s10_session2_natural,23,152,28.066666666666666,0.6700506210327148,1.3820056609878852
COHFACE_s10_session2_natural,23,153,28.1,0.3020917475223541,1.3962762276783778
COHFACE_s10_session2_natural,23,154,28.133333333333333,0.1229562982916832,1.2719481291601715
COHFACE_s10_session2_natural,23,155,28.166666666666668,0.19309601187705994,1.0319307029608218
COHFACE_s10_session2_natural,23,156,28.2,0.31672778725624084,0.710071284754701
COHFACE_s10_session2_natural,23,157,28.233333333333334,0.2792128324508667,0.346118602996344
COHFACE_s10_session2_natural,23,158,28.266666666666666,0.058978527784347534,-0.019738377300940666
COHFACE_s10_session2_natural,23,159,28.3,-0.2573380470275879,-0.3508099465863883
COHFACE_s10_session2_natural,23,160,28.333333333333332,-0.5904409289360046,-0.615201450326196
COHFACE_s10_session2_natural,23,161,28.366666666666667,-0.8834046125411987,-0.7857816262386516
COHFACE_s10_session2_natural,23,162,28.4,-1.0803205966949463,-0.8420502562409613
COHFACE_s10_session2_natural,23,163,28.433333333333334,-1.1922991275787354,-0.7761048172275091
COHFACE_s10_session2_natural,23,164,28.466666666666665,-1.2468085289001465,-0.6006219378709845
COHFACE_s10_session2_natural,23,165,28.5,-1.2787742614746094,-0.35256690594602125
COHFACE_s10_session2_natural,23,166,28.533333333333335,-1.3203355073928833,-0.08646113466690122
COHFACE_s10_session2_natural,23,167,28.566666666666666,-1.3924058675765991,0.1426419298783398
COHFACE_s10_session2_natural,23,168,28.6,-1.4866962432861328,0.29720335583916635
COHFACE_s10_session2_natural,23,169,28.633333333333333,-1.3166013956069946,0.36457689220337364
COHFACE_s10_session2_natural,23,170,28.666666666666668,-0.2185860425233841,0.3509602387251787
COHFACE_s10_session2_natural,23,171,28.7,1.2007863521575928,0.27017020669405867
COHFACE_s10_session2_natural,23,172,28.733333333333334,1.7883437871932983,0.1374763895463601
COHFACE_s10_session2_natural,23,173,28.766666666666666,1.5440165996551514,-0.028393024208558288
COHFACE_s10_session2_natural,23,174,28.8,1.0049686431884766,-0.20084357132822384
COHFACE_s10_session2_natural,23,175,28.833333333333332,0.4884180426597595,-0.3468108922389178
COHFACE_s10_session2_natural,23,176,28.866666666666667,0.10951102524995804,-0.43568720861045046
COHFACE_s10_session2_natural,23,177,28.9,0.019810348749160767,-0.4496423953128
COHFACE_s10_session2_natural,23,178,28.933333333333334,0.19867989420890808,-0.38815916693513897
COHFACE_s10_session2_natural,23,179,28.966666666666665,0.3580925464630127,-0.26469588221561297
COHFACE_s10_session2_natural,23,180,29.0,0.3050050735473633,-0.09913081817023747
COHFACE_s10_session2_natural,23,181,29.033333333333335,0.06433120369911194,0.08833187406937394
COHFACE_s10_session2_natural,23,182,29.066666666666666,-0.2669566571712494,0.27884829075632456
COHFACE_s10_session2_natural,23,183,29.1,-0.5893195271492004,0.45366944590167885
COHFACE_s10_session2_natural,23,184,29.133333333333333,-0.8441439270973206,0.593496338981859
COHFACE_s10_session2_natural,23,185,29.166666666666668,-1.014319658279419,0.6805803061692028
COHFACE_s10_session2_natural,23,186,29.2,-1.1095926761627197,0.7023220335197204
COHFACE_s10_session2_natural,23,187,29.233333333333334,-1.1608072519302368,0.6534469643019727
COHFACE_s10_session2_natural,23,188,29.266666666666666,-1.2115709781646729,0.5357602168810595
COHFACE_s10_session2_natural,23,189,29.3,-1.2877570390701294,0.35723076711717217
COHFACE_s10_session2_natural,23,190,29.333333333333332,-1.304786205291748,0.1322944798405511
COHFACE_s10_session2_natural,23,191,29.366666666666667,-0.7261538505554199,-0.11698705893146828
COHFACE_s10_session2_natural,23,192,29.4,0.5849974155426025,-0.36142134514418944
COHFACE_s10_session2_natural,23,193,29.433333333333334,1.5384442806243896,-0.5689140399193957
COHFACE_s10_session2_natural,23,194,29.466666666666665,1.5996012687683105,-0.7113172196927209
COHFACE_s10_session2_natural,23,195,29.5,1.146230697631836,-0.770220493977749
COHFACE_s10_session2_natural,23,196,29.533333333333335,0.5857489109039307,-0.7390357699496306
COHFACE_s10_session2_natural,23,197,29.566666666666666,0.10049355775117874,-0.621972248151116
COHFACE_s10_session2_natural,23,198,29.6,-0.16570669412612915,-0.43267374370476225
COHFACE_s10_session2_natural,23,199,29.633333333333333,-0.056814998388290405,-0.19436668980136682
COHFACE_s10_session2_natural,23,200,29.666666666666668,0.1962752491235733,0.05994025397472584
COHFACE_s10_session2_natural,23,201,29.7,0.2852013409137726,0.29053439448812685
COHFACE_s10_session2_natural,23,202,29.733333333333334,0.14425139129161835,0.4584803927710597
COHFACE_s10_session2_natural,23,203,29.766666666666666,-0.1346195489168167,0.534713632116997
COHFACE_s10_session2_natural,23,204,29.8,-0.4657108783721924,0.506290949684874
COHFACE_s10_session2_natural,23,205,29.833333333333332,-0.7484200596809387,0.3774382995182357
COHFACE_s10_session2_natural,23,206,29.866666666666667,-0.9414631724357605,0.16715050442735646
COHFACE_s10_session2_natural,23,207,29.9,-1.0599619150161743,-0.09321173109363115
COHFACE_s10_session2_natural,23,208,29.933333333333334,-1.1254079341888428,-0.36183707346480254
COHFACE_s10_session2_natural,23,209,29.966666666666665,-1.1755704879760742,-0.5909766314603901
COHFACE_s10_session2_natural,23,210,30.0,-1.2277909517288208,-0.7365229994676609
COHFACE_s10_session2_natural,23,211,30.033333333333335,-1.1757208108901978,-0.7705100441053008
COHFACE_s10_session2_natural,23,212,30.066666666666666,-0.41826513409614563,-0.689763171092824
COHFACE_s10_session2_natural,23,213,30.1,0.956239640712738,-0.5142522184772133
COHFACE_s10_session2_natural,23,214,30.133333333333333,1.8014768362045288,-0.2753258760502766
COHFACE_s10_session2_natural,23,215,30.166666666666668,1.7568750381469727,-0.0014829137908067601
COHFACE_s10_session2_natural,23,216,30.2,1.279550552368164,0.28891346140211666
COHFACE_s10_session2_natural,23,217,30.233333333333334,0.7570114135742188,0.5840429208801053
COHFACE_s10_session2_natural,23,218,30.266666666666666,0.32445043325424194,0.8690089794633354
COHFACE_s10_session2_natural,23,219,30.3,0.1331876516342163,1.119591687210061
COHFACE_s10_session2_natural,23,220,30.333333333333332,0.26668083667755127,1.3048123494096657
COHFACE_s10_session2_natural,23,221,30.366666666666667,0.469909131526947,1.3959774506743183
COHFACE_s10_session2_natural,23,222,30.4,0.4908342659473419,1.375535531383203
COHFACE_s10_session2_natural,23,223,30.433333333333334,0.29723620414733887,1.2406803034222698
COHFACE_s10_session2_natural,23,224,30.466666666666665,-0.02390124462544918,1.0018351271202155
COHFACE_s10_session2_natural,23,225,30.5,-0.36714303493499756,0.6796564476795701
COHFACE_s10_session2_natural,23,226,30.533333333333335,-0.6531470417976379,0.3028014893080586
COHFACE_s10_session2_natural,23,227,30.566666666666666,-0.8309530019760132,-0.09453515112913347
COHFACE_s10_session2_natural,23,228,30.6,-0.9257404208183289,-0.4769891191432134
COHFACE_s10_session2_natural,23,229,30.633333333333333,-0.9808279275894165,-0.8137096943928883
COHFACE_s10_session2_natural,23,230,30.666666666666668,-1.0215452909469604,-1.082251713702003
COHFACE_s10_session2_natural,23,231,30.7,-1.0707828998565674,-1.2682445034505916
COHFACE_s10_session2_natural,23,232,30.733333333333334,-1.0750489234924316,-1.3627135050905326
COHFACE_s10_session2_natural,23,233,30.766666666666666,-0.49184998869895935,-1.3617603011809933
COHFACE_s10_session2_natural,23,234,30.8,0.8966202735900879,-1.270468555085019
COHFACE_s10_session2_natural,23,235,30.833333333333332,1.9713289737701416,-1.1072602670570642
COHFACE_s10_session2_natural,23,236,30.866666666666667,2.0925791263580322,-0.9022757213446831
COHFACE_s10_session2_natural,23,237,30.9,1.6591511964797974,-0.6870436605712205
COHFACE_s10_session2_natural,23,238,30.933333333333334,1.1578147411346436,-0.4808309042559376
COHFACE_s10_session2_natural,23,239,30.966666666666665,0.7536009550094604,-0.2837197748886688
COHFACE_s10_session2_natural,24,0,24.0,-0.09627220034599304,-0.13699618086703103
COHFACE_s10_session2_natural,24,1,24.033333333333335,-0.44084349274635315,-0.1354639878858872
COHFACE_s10_session2_natural,24,2,24.066666666666666,-0.7342348694801331,-0.18210419520511475
COHFACE_s10_session2_natural,24,3,24.1,-0.9296942353248596,-0.3090863835786233
COHFACE_s10_session2_natural,24,4,24.133333333333333,-1.038805603981018,-0.5199727577476866
COHFACE_s10_session2_natural,24,5,24.166666666666668,-1.1075001955032349,-0.7899590999421474
COHFACE_s10_session2_natural,24,6,24.2,-1.1644952297210693,-1.075847234609593
COHFACE_s10_session2_natural,24,7,24.233333333333334,-1.22484290599823,-1.3297569851296185
COHFACE_s10_session2_natural,24,8,24.266666666666666,-1.0707828998565674,-1.5100556766341255
COHFACE_s10_session2_natural,24,9,24.3,-0.08316218852996826,-1.5864866217821327
COHFACE_s10_session2_natural,24,10,24.333333333333332,1.2960015535354614,-1.5411305924680603
COHFACE_s10_session2_natural,24,11,24.366666666666667,1.8896746635437012,-1.368928373382317
COHFACE_s10_session2_natural,24,12,24.4,1.6161794662475586,-1.0794785335451473
COHFACE_s10_session2_natural,24,13,24.433333333333334,1.0864957571029663,-0.6984171328514903
COHFACE_s10_session2_natural,24,14,24.466666666666665,0.6112983822822571,-0.26547081672372486
COHFACE_s10_session2_natural,24,15,24.5,0.23026415705680847,0.17199661357315996
COHFACE_s10_session2_natural,24,16,24.533333333333335,0.07944124191999435,0.5680817925659057
COHFACE_s10_session2_natural,24,17,24.566666666666666,0.20431004464626312,0.8864789146794447
COHFACE_s10_session2_natural,24,18,24.6,0.3442310690879822,1.1050549068041406
COHFACE_s10_session2_natural,24,19,24.633333333333333,0.2955251932144165,1.2166104721509094
COHFACE_s10_session2_natural,24,20,24.666666666666668,0.0593947172164917,1.227083246347499
COHFACE_s10_session2_natural,24,21,24.7,-0.2802979052066803,1.1524641081928457
COHFACE_s10_session2_natural,24,22,24.733333333333334,-0.6136320233345032,1.0149506020680015
COHFACE_s10_session2_natural,24,23,24.766666666666666,-0.8564909100532532,0.8387435200122898
COHFACE_s10_session2_natural,24,24,24.8,-1.0035334825515747,0.6468117679797368
COHFACE_s10_session2_natural,24,25,24.833333333333332,-1.0880202054977417,0.46014792861200693
COHFACE_s10_session2_natural,24,26,24.866666666666667,-1.1595009565353394,0.29918728245191123
COHFACE_s10_session2_natural,24,27,24.9,-1.2366002798080444,0.18472671213852265
COHFACE_s10_session2_natural,24,28,24.933333333333334,-1.1608535051345825,0.13528884907849706
COHFACE_s10_session2_natural,24,29,24.966666666666665,-0.3006218671798706,0.16030868342095494
COHFACE_s10_session2_natural,24,30,25.0,1.1649593114852905,0.2524938702000127
COHFACE_s10_session2_natural,24,31,25.033333333333335,1.9812365770339966,0.38502338333892167
COHFACE_s10_session2_natural,24,32,25.066666666666666,1.8363443613052368,0.517399553106682
COHFACE_s10_session2_natural,24,33,25.1,1.3257477283477783,0.6083916586280225
COHFACE_s10_session2_natural,24,34,25.133333333333333,0.8700534701347351,0.6290734722328847
COHFACE_s10_session2_natural,24,35,25.166666666666668,0.5083027482032776,0.5683361432327361
COHFACE_s10_session2_natural,24,36,25.2,0.2878372073173523,0.42900332405365293
COHFACE_s10_session2_natural,24,37,25.233333333333334,0.3053287863731384,0.21952183888181978
COHFACE_s10_session2_natural,24,38,25.266666666666666,0.4117349088191986,-0.05183647120240719
COHFACE_s10_session2_natural,24,39,25.3,0.39254388213157654,-0.376595851372977
COHFACE_s10_session2_natural,24,40,25.333333333333332,0.18118833005428314,-0.7409838494513471
COHFACE_s10_session2_natural,24,41,25.366666666666667,-0.15077006816864014,-1.120801056866728
COHFACE_s10_session2_natural,24,42,25.4,-0.4925205111503601,-1.4803255511241737
COHFACE_s10_session2_natural,24,43,25.433333333333334,-0.7647555470466614,-1.7763605254098023
COHFACE_s10_session2_natural,24,44,25.466666666666665,-0.9396597146987915,-1.965870524882785
COHFACE_s10_session2_natural,24,45,25.5,-1.0439733266830444,-2.0146175599830047
COHFACE_s10_session2_natural,24,46,25.533333333333335,-1.1155118942260742,-1.9046275690734629
COHFACE_s10_session2_natural,24,47,25.566666666666666,-1.1888771057128906,-1.638959765071997
COHFACE_s10_session2_natural,24,48,25.6,-1.247351884841919,-1.2423883460309277
COHFACE_s10_session2_natural,24,49,25.633333333333333,-0.8825491070747375,-0.7572687797554681
COHFACE_s10_session2_natural,24,50,25.666666666666668,0.40182724595069885,-0.23575825554294508
COHFACE_s10_session2_natural,24,51,25.7,1.7011864185333252,0.26889272617530774
COHFACE_s10_session2_natural,24,52,25.733333333333334,2.0060346126556396,0.7096473836883007
COHFACE_s10_session2_natural,24,53,25.766666666666666,1.619277834892273,1.0508263768768573
COHFACE_s10_session2_natural,24,54,25.8,1.1528897285461426,1.2714573037959072
COHFACE_s10_session2_natural,24,55,25.833333333333332,0.7988848090171814,1.3672025888406933
COHFACE_s10_session2_natural,24,56,25.866666666666667,0.48916950821876526,1.3504456610070714
COHFACE_s10_session2_natural,24,57,25.9,0.3475259244441986,1.2475459259728703
COHFACE_s10_session2_natural,24,58,25.933333333333334,0.3959890305995941,1.0928684744583046
COHFACE_s10_session2_natural,24,59,25.966666666666665,0.41904136538505554,0.9210674733151307
COHFACE_s10_session2_natural,24,60,26.0,0.28523603081703186,0.7609823902382847
COHFACE_s10_session2_natural,24,61,26.033333333333335,0.0072090174071490765,0.6337866148122004
COHFACE_s10_session2_natural,24,62,26.066666666666666,-0.3302292227745056,0.5541720069222806
COHFACE_s10_session2_natural,24,63,26.1,-0.6466151475906372,0.5304883829839213
COHFACE_s10_session2_natural,24,64,26.133333333333333,-0.8949423432350159,0.5614904880346527
COHFACE_s10_session2_natural,24,65,26.166666666666668,-1.046401023864746,0.6317460330714514
COHFACE_s10_session2_natural,24,66,26.2,-1.1270726919174194,0.7105627696302058
COHFACE_s10_session2_natural,24,67,26.233333333333334,-1.179443359375,0.7580585499342539
COHFACE_s10_session2_natural,24,68,26.266666666666666,-1.237120509147644,0.7372916157886674
COHFACE_s10_session2_natural,24,69,26.3,-1.3235148191452026,0.6267904600051224
COHFACE_s10_session2_natural,24,70,26.333333333333332,-1.3584285974502563,0.4269782344890517
COHFACE_s10_session2_natural,24,71,26.366666666666667,-0.7809985280036926,0.15742976081693694
COHFACE_s10_session2_natural,24,72,26.4,0.6794727444648743,-0.15265888920330156
COHFACE_s10_session2_natural,24,73,26.433333333333334,1.8296043872833252,-0.4748563344260447
COHFACE_s10_session2_natural,24,74,26.466666666666665,1.935085654258728,-0.7876018971993836
COHFACE_s10_session2_natural,24,75,26.5,1.5051952600479126,-1.0765915387444647
COHFACE_s10_session2_natural,24,76,26.533333333333335,1.0781372785568237,-1.3314752397473957
COHFACE_s10_session2_natural,24,77,26.566666666666666,0.7566761374473572,-1.5421490043011463
COHFACE_s10_session2_natural,24,78,26.6,0.48778221011161804,-1.6967996125037306
COHFACE_s10_session2_natural,24,79,26.633333333333333,0.3754453659057617,-1.7820168896134405
COHFACE_s10_session2_natural,24,80,26.666666666666668,0.4022896885871887,-1.7843679634360456
COHFACE_s10_session2_natural,24,81,26.7,0.3757922053337097,-1.6927156465745126
COHFACE_s10_session2_natural,24,82,26.733333333333334,0.19931574165821075,-1.5005774108739949
COHFACE_s10_session2_natural,24,83,26.766666666666666,-0.1008271723985672,-1.208119170159166
COHFACE_s10_session2_natural,24,84,26.8,-0.4386584758758545,-0.8240687994386432
COHFACE_s10_session2_natural,24,85,26.833333333333332,-0.7385355234146118,-0.36808707435904936
COHFACE_s10_session2_natural,24,86,26.866666666666667,-0.9663999676704407,0.12679298072579476
COHFACE_s10_session2_natural,24,87,26.9,-1.1130609512329102,0.6137773013045522
COHFACE_s10_session2_natural,24,88,26.933333333333334,-1.186969518661499,1.0371798824821616
COHFACE_s10_session2_natural,24,89,26.966666666666665,-1.2404615879058838,1.3442249713692198
COHFACE_s10_session2_natural,24,90,27.0,-1.3188326358795166,1.5010093831987565
COHFACE_s10_session2_natural,24,91,27.033333333333335,-1.4082326889038086,1.5054837527920226
COHFACE_s10_session2_natural,24,92,27.066666666666666,-1.5014363527297974,1.3897493877892653
COHFACE_s10_session2_natural,24,93,27.1,-1.4655052423477173,1.2086959582454804
COHFACE_s10_session2_natural,24,94,27.133333333333333,-0.6246379613876343,1.019879101850478
COHFACE_s10_session2_natural,24,95,27.166666666666668,0.9026435017585754,0.8647355262150415
COHFACE_s10_session2_natural,24,96,27.2,1.8226101398468018,0.7595330684416514
COHFACE_s10_session2_natural,24,97,27.233333333333334,1.7634069919586182,0.697953649973737
COHFACE_s10_session2_natural,24,98,27.266666666666666,1.303227186203003,0.6609646275622056
COHFACE_s10_session2_natural,24,99,27.3,0.875255823135376,0.6272645587972242
COHFACE_s10_session2_natural,24,100,27.333333333333332,0.538765549659729,0.5797324892019541
COHFACE_s10_session2_natural,24,101,27.366666666666667,0.30360621213912964,0.5072534193070167
COHFACE_s10_session2_natural,24,102,27.4,0.28239205479621887,0.40379895133421356
COHFACE_s10_session2_natural,24,103,27.433333333333334,0.3576647937297821,0.2668456552251934
COHFACE_s10_session2_natural,24,104,27.466666666666665,0.3187046945095062,0.09609034569964683
COHFACE_s10_session2_natural,24,105,27.5,0.10644739866256714,-0.1074736543648611
COHFACE_s10_session2_natural,24,106,27.533333333333335,-0.2095339000225067,-0.34188422723631173
COHFACE_s10_session2_natural,24,107,27.566666666666666,-0.5454692244529724,-0.6032856181667174
COHFACE_s10_session2_natural,24,108,27.6,-0.8313344717025757,-0.8835283149723926
COHFACE_s10_session2_natural,24,109,27.633333333333333,-1.0381697416305542,-1.167264244313204
COHFACE_s10_session2_natural,24,110,27.666666666666668,-1.1628767251968384,-1.4304919778949148
COHFACE_s10_session2_natural,24,111,27.7,-1.225293755531311,-1.6421523284321062
COHFACE_s10_session2_natural,24,112,27.733333333333334,-1.2599762678146362,-1.7686040728600279
COHFACE_s10_session2_natural,24,113,27.766666666666666,-1.3122082948684692,-1.7793969645476977
COHFACE_s10_session2_natural,24,114,27.8,-1.3904868364334106,-1.6530681108644787
COHFACE_s10_session2_natural,24,115,27.833333333333332,-1.4873899221420288,-1.382586674040489
COHFACE_s10_session2_natural,24,116,27.866666666666667,-1.415550708770752,-0.9799499882680357
COHFACE_s10_session2_natural,24,117,27.9,-0.4778497815132141,-0.47840328731420134
COHFACE_s10_session2_natural,24,118,27.933333333333334,1.0130150318145752,0.06991684569096727
COHFACE_s10_session2_natural,24,119,27.966666666666665,1.79177725315094,0.6020936551613868
COHFACE_s10_session2_natural,24,120,28.0,1.653289794921875,1.0566892929710114
COHFACE_s10_session2_natural,24,121,28.033333333333335,1.1520689725875854,1.3860368880586242
COHFACE_s10_session2_natural,24,122,28.066666666666666,0.6700506210327148,1.5642963953218347
COHFACE_s10_session2_natural,24,123,28.1,0.3020917475223541,1.5891871928068189
COHFACE_s10_session2_natural,24,124,28.133333333333333,0.1229562982916832,1.4782883920394247
COHFACE_s10_session2_natural,24,125,28.166666666666668,0.19309601187705994,1.262623911626764
COHFACE_s10_session2_natural,24,126,28.2,0.31672778725624084,0.9799933207009603
COHFACE_s10_session2_natural,24,127,28.233333333333334,0.2792128324508667,0.6692653533920508
COHFACE_s10_session2_natural,24,128,28.266666666666666,0.058978527784347534,0.3660813174966411
COHFACE_s10_session2_natural,24,129,28.3,-0.2573380470275879,0.10021390605988915
COHFACE_s10_session2_natural,24,130,28.333333333333332,-0.5904409289360046,-0.10544397037459013
COHFACE_s10_session2_natural,24,131,28.366666666666667,-0.8834046125411987,-0.23502257189389278
COHFACE_s10_session2_natural,24,132,28.4,-1.0803205966949463,-0.2805180295035757
COHFACE_s10_session2_natural,24,133,28.433333333333334,-1.1922991275787354,-0.24439893184051611
COHFACE_s10_session2_natural,24,134,28.466666666666665,-1.2468085289001465,-0.14275185089998826
COHFACE_s10_session2_natural,24,135,28.5,-1.2787742614746094,-0.005619594375671675
COHFACE_s10_session2_natural,24,136,28.533333333333335,-1.3203355073928833,0.12837587934389133
COHFACE_s10_session2_natural,24,137,28.566666666666666,-1.3924058675765991,0.22246240226258115
COHFACE_s10_session2_natural,24,138,28.6,-1.4866962432861328,0.2519731452854366
COHFACE_s10_session2_natural,24,139,28.633333333333333,-1.3166013956069946,0.20830625347318843
COHFACE_s10_session2_natural,24,140,28.666666666666668,-0.2185860425233841,0.09531231268585767
COHFACE_s10_session2_natural,24,141,28.7,1.2007863521575928,-0.07719810785190481
COHFACE_s10_session2_natural,24,142,28.733333333333334,1.7883437871932983,-0.2967356085213662
COHFACE_s10_session2_natural,24,143,28.766666666666666,1.5440165996551514,-0.545968490198667
COHFACE_s10_session2_natural,24,144,28.8,1.0049686431884766,-0.7985691452882904
COHFACE_s10_session2_natural,24,145,28.833333333333332,0.4884180426597595,-1.019003294727264
COHFACE_s10_session2_natural,24,146,28.866666666666667,0.10951102524995804,-1.1690308718621307
COHFACE_s10_session2_natural,24,147,28.9,0.019810348749160767,-1.2182349258855583
COHFACE_s10_session2_natural,24,148,28.933333333333334,0.19867989420890808,-1.1529959986397422
COHFACE_s10_session2_natural,24,149,28.966666666666665,0.3580925464630127,-0.9794710641200665
COHFACE_s10_session2_natural,24,150,29.0,0.3050050735473633,-0.7199162021474403
COHFACE_s10_session2_natural,24,151,29.033333333333335,0.06433120369911194,-0.4053734528707695
COHFACE_s10_session2_natural,24,152,29.066666666666666,-0.2669566571712494,-0.06895439476674609
COHFACE_s10_session2_natural,24,153,29.1,-0.5893195271492004,0.25779349896233333
COHFACE_s10_session2_natural,24,154,29.133333333333333,-0.8441439270973206,0.5461535869497596
COHFACE_s10_session2_natural,24,155,29.166666666666668,-1.014319658279419,0.771637252802341
COHFACE_s10_session2_natural,24,156,29.2,-1.1095926761627197,0.9167932162775617
COHFACE_s10_session2_natural,24,157,29.233333333333334,-1.1608072519302368,0.9743508467288711
COHFACE_s10_session2_natural,24,158,29.266666666666666,-1.2115709781646729,0.9487173322744508
COHFACE_s10_session2_natural,24,159,29.3,-1.2877570390701294,0.8547985885843451
COHFACE_s10_session2_natural,24,160,29.333333333333332,-1.304786205291748,0.7147231136418192
COHFACE_s10_session2_natural,24,161,29.366666666666667,-0.7261538505554199,0.5537982158377533
COHFACE_s10_session2_natural,24,162,29.4,0.5849974155426025,0.3964360196532063
COHFACE_s10_session2_natural,24,163,29.433333333333334,1.5384442806243896,0.2623080013966823
COHFACE_s10_session2_natural,24,164,29.466666666666665,1.5996012687683105,0.16367679199547636
COHFACE_s10_session2_natural,24,165,29.5,1.146230697631836,0.10523344158348362
COHFACE_s10_session2_natural,24,166,29.533333333333335,0.5857489109039307,0.08638239206734394
COHFACE_s10_session2_natural,24,167,29.566666666666666,0.10049355775117874,0.1039176866080994
COHFACE_s10_session2_natural,24,168,29.6,-0.16570669412612915,0.15249674398748053
COHFACE_s10_session2_natural,24,169,29.633333333333333,-0.056814998388290405,0.2221271628185296
COHFACE_s10_session2_natural,24,170,29.666666666666668,0.1962752491235733,0.295002613256598
COHFACE_s10_session2_natural,24,171,29.7,0.2852013409137726,0.34553543210417315
COHFACE_s10_session2_natural,24,172,29.733333333333334,0.14425139129161835,0.3454579043586421
COHFACE_s10_session2_natural,24,173,29.766666666666666,-0.1346195489168167,0.2721168929509575
COHFACE_s10_session2_natural,24,174,29.8,-0.4657108783721924,0.11572171533900552
COHFACE_s10_session2_natural,24,175,29.833333333333332,-0.7484200596809387,-0.11781178369633108
COHFACE_s10_session2_natural,24,176,29.866666666666667,-0.9414631724357605,-0.40833698835710613
COHFACE_s10_session2_natural,24,177,29.9,-1.0599619150161743,-0.7247007823662567
COHFACE_s10_session2_natural,24,178,29.933333333333334,-1.1254079341888428,-1.0280954431803275
COHFACE_s10_session2_natural,24,179,29.966666666666665,-1.1755704879760742,-1.2763593811656726
COHFACE_s10_session2_natural,24,180,30.0,-1.2277909517288208,-1.430734193034854
COHFACE_s10_session2_natural,24,181,30.033333333333335,-1.1757208108901978,-1.4646237674772855
COHFACE_s10_session2_natural,24,182,30.066666666666666,-0.41826513409614563,-1.3708706624624036
COHFACE_s10_session2_natural,24,183,30.1,0.956239640712738,-1.1630997775582461
COHFACE_s10_session2_natural,24,184,30.133333333333333,1.8014768362045288,-0.8696100596505317
COHFACE_s10_session2_natural,24,185,30.166666666666668,1.7568750381469727,-0.5232509712911853
COHFACE_s10_session2_natural,24,186,30.2,1.279550552368164,-0.15381406546607043
COHFACE_s10_session2_natural,24,187,30.233333333333334,0.7570114135742188,0.2126657403163625
COHFACE_s10_session2_natural,24,188,30.266666666666666,0.32445043325424194,0.5499804995269453
COHFACE_s10_session2_natural,24,189,30.3,0.1331876516342163,0.8299886167142835
COHFACE_s10_session2_natural,24,190,30.333333333333332,0.26668083667755127,1.0270955768406107
COHFACE_s10_session2_natural,24,191,30.366666666666667,0.469909131526947,1.1266214883123955
COHFACE_s10_session2_natural,24,192,30.4,0.4908342659473419,1.130987155319323
COHFACE_s10_session2_natural,24,193,30.433333333333334,0.29723620414733887,1.0590683379920232
COHFACE_s10_session2_natural,24,194,30.466666666666665,-0.02390124462544918,0.9389835387350968
COHFACE_s10_session2_natural,24,195,30.5,-0.36714303493499756,0.7988428692914472
COHFACE_s10_session2_natural,24,196,30.533333333333335,-0.6531470417976379,0.6603095971696913
COHFACE_s10_session2_natural,24,197,30.566666666666666,-0.8309530019760132,0.5367869273570476
COHFACE_s10_session2_natural,24,198,30.6,-0.9257404208183289,0.4345806861942327
COHFACE_s10_session2_natural,24,199,30.633333333333333,-0.9808279275894165,0.35443048007661176
COHFACE_s10_session2_natural,24,200,30.666666666666668,-1.0215452909469604,0.2928375264313427
COHFACE_s10_session2_natural,24,201,30.7,-1.0707828998565674,0.2443041939640145
COHFACE_s10_session2_natural,24,202,30.733333333333334,-1.0750489234924316,0.20429777384691072
COHFACE_s10_session2_natural,24,203,30.766666666666666,-0.49184998869895935,0.17071624478877487
COHFACE_s10_session2_natural,24,204,30.8,0.8966202735900879,0.14209587827778417
COHFACE_s10_session2_natural,24,205,30.833333333333332,1.9713289737701416,0.11359375721175816
COHFACE_s10_session2_natural,24,206,30.866666666666667,2.0925791263580322,0.0743598062251124
COHFACE_s10_session2_natural,24,207,30.9,1.6591511964797974,0.009392342198338071
COHFACE_s10_session2_natural,24,208,30.933333333333334,1.1578147411346436,-0.09496569000516634
COHFACE_s10_session2_natural,24,209,30.966666666666665,0.7536009550094604,-0.24592988410795216
COHFACE_s10_session2_natural,24,210,31.0,0.5009616017341614,-0.4424689354490474
COHFACE_s10_session2_natural,24,211,31.033333333333335,0.5159329175949097,-0.6759425874930428
COHFACE_s10_session2_natural,24,212,31.066666666666666,0.6601083278656006,-0.9300652394366345
COHFACE_s10_session2_natural,24,213,31.1,0.6752761602401733,-1.1786556571773479
COHFACE_s10_session2_natural,24,214,31.133333333333333,0.478094220161438,-1.383992529301331
COHFACE_s10_session2_natural,24,215,31.166666666666668,0.15170814096927643,-1.500881208644165
COHFACE_s10_session2_natural,24,216,31.2,-0.19255100190639496,-1.4883280409739212
COHFACE_s10_session2_natural,24,217,31.233333333333334,-0.47825440764427185,-1.3247158384653233
COHFACE_s10_session2_natural,24,218,31.266666666666666,-0.6786849498748779,-1.0186732319510052
COHFACE_s10_session2_natural,24,219,31.3,-0.8014727830886841,-0.6092215288913126
COHFACE_s10_session2_natural,24,220,31.333333333333332,-0.8738552927970886,-0.154617631013426
COHFACE_s10_session2_natural,24,221,31.366666666666667,-0.9277982711791992,0.28436524475917513
COHFACE_s10_session2_natural,24,222,31.4,-0.9987472295761108,0.6584802364241512
COHFACE_s10_session2_natural,24,223,31.433333333333334,-1.0559272766113281,0.9360492966261731
COHFACE_s10_session2_natural,24,224,31.466666666666665,-0.643609344959259,1.1018987574621542
COHFACE_s10_session2_natural,24,225,31.5,0.6502700448036194,1.154186780100288
COHFACE_s10_session2_natural,24,226,31.533333333333335,1.8703795671463013,1.102642795571373
COHFACE_s10_session2_natural,24,227,31.566666666666666,2.154533863067627,0.9675777835048419
COHFACE_s10_session2_natural,24,228,31.6,1.773638367652893,0.7769792243097615
COHFACE_s10_session2_natural,24,229,31.633333333333333,1.279862642288208,0.5605807856949616
COHFACE_s10_session2_natural,24,230,31.666666666666668,0.8768627643585205,0.34322476683630604
COHFACE_s10_session2_natural,24,231,31.7,0.57663893699646,0.14144195554027358
COHFACE_s10_session2_natural,24,232,31.733333333333334,0.49378228187561035,-0.03510359104416304
COHFACE_s10_session2_natural,24,233,31.766666666666666,0.586685299873352,-0.17941028310748208
COHFACE_s10_session2_natural,24,234,31.8,0.6136799454689026,-0.28394412810213027
COHFACE_s10_session2_natural,24,235,31.833333333333332,0.4490533471107483,-0.34083951133124196
COHFACE_s10_session2_natural,24,236,31.866666666666667,0.14583523571491241,-0.3448779879554882
COHFACE_s10_session2_natural,24,237,31.9,-0.1945972740650177,-0.29664910421577256
COHFACE_s10_session2_natural,24,238,31.933333333333334,-0.4999310076236725,-0.2038894499789486
COHFACE_s10_session2_natural,24,239,31.966666666666665,-0.7190207839012146,-0.08075381719826355
COHFACE_s10_session2_natural,25,0,25.0,1.1649593114852905,-0.008647827242519229
COHFACE_s10_session2_natural,25,1,25.033333333333335,1.9812365770339966,0.6118666035358616
COHFACE_s10_session2_natural,25,2,25.066666666666666,1.8363443613052368,1.1505576136770166
COHFACE_s10_session2_natural,25,3,25.1,1.3257477283477783,1.5441363474695229
COHFACE_s10_session2_natural,25,4,25.133333333333333,0.8700534701347351,1.7580014340863501
COHFACE_s10_session2_natural,25,5,25.166666666666668,0.5083027482032776,1.7896081167409665
COHFACE_s10_session2_natural,25,6,25.2,0.2878372073173523,1.6613399920601997
COHFACE_s10_session2_natural,25,7,25.233333333333334,0.3053287863731384,1.406517157667356
COHFACE_s10_session2_natural,25,8,25.266666666666666,0.4117349088191986,1.0559369974348594
COHFACE_s10_session2_natural,25,9,25.3,0.39254388213157654,0.6317735534824492
COHFACE_s10_session2_natural,25,10,25.333333333333332,0.18118833005428314,0.150898976489806
COHFACE_s10_session2_natural,25,11,25.366666666666667,-0.15077006816864014,-0.36589591137500954
COHFACE_s10_session2_natural,25,12,25.4,-0.4925205111503601,-0.8850911777859775
COHFACE_s10_session2_natural,25,13,25.433333333333334,-0.7647555470466614,-1.3574645738926796
COHFACE_s10_session2_natural,25,14,25.466666666666665,-0.9396597146987915,-1.7231238087946046
COHFACE_s10_session2_natural,25,15,25.5,-1.0439733266830444,-1.9231934779184245
COHFACE_s10_session2_natural,25,16,25.533333333333335,-1.1155118942260742,-1.9145748187165044
COHFACE_s10_session2_natural,25,17,25.566666666666666,-1.1888771057128906,-1.6831774791350718
COHFACE_s10_session2_natural,25,18,25.6,-1.247351884841919,-1.2509280874886586
COHFACE_s10_session2_natural,25,19,25.633333333333333,-0.8825491070747375,-0.6735734243562108
COHFACE_s10_session2_natural,25,20,25.666666666666668,0.40182724595069885,-0.02995829742290387
COHFACE_s10_session2_natural,25,21,25.7,1.7011864185333252,0.5932569762467749
COHFACE_s10_session2_natural,25,22,25.733333333333334,2.0060346126556396,1.1167381651391795
COHFACE_s10_session2_natural,25,23,25.766666666666666,1.619277834892273,1.4800190204939077
COHFACE_s10_session2_natural,25,24,25.8,1.1528897285461426,1.6477049049488435
COHFACE_s10_session2_natural,25,25,25.833333333333332,0.7988848090171814,1.6104385239870298
COHFACE_s10_session2_natural,25,26,25.866666666666667,0.48916950821876526,1.3824866339884014
COHFACE_s10_session2_natural,25,27,25.9,0.3475259244441986,0.9983542578044292
COHFACE_s10_session2_natural,25,28,25.933333333333334,0.3959890305995941,0.5095657391879289
COHFACE_s10_session2_natural,25,29,25.966666666666665,0.41904136538505554,-0.01909770543468092
COHFACE_s10_session2_natural,25,30,26.0,0.28523603081703186,-0.5154309014520924
COHFACE_s10_session2_natural,25,31,26.033333333333335,0.0072090174071490765,-0.9086105313431261
COHFACE_s10_session2_natural,25,32,26.066666666666666,-0.3302292227745056,-1.140344675135825
COHFACE_s10_session2_natural,25,33,26.1,-0.6466151475906372,-1.1761624018478452
COHFACE_s10_session2_natural,25,34,26.133333333333333,-0.8949423432350159,-1.0137470947985294
COHFACE_s10_session2_natural,25,35,26.166666666666668,-1.046401023864746,-0.6851942718005338
COHFACE_s10_session2_natural,25,36,26.2,-1.1270726919174194,-0.25105531002916376
COHFACE_s10_session2_natural,25,37,26.233333333333334,-1.179443359375,0.21350198744400792
COHFACE_s10_session2_natural,25,38,26.266666666666666,-1.237120509147644,0.6365007624525615
COHFACE_s10_session2_natural,25,39,26.3,-1.3235148191452026,0.9644677936574179
COHFACE_s10_session2_natural,25,40,26.333333333333332,-1.3584285974502563,1.1694226610349032
COHFACE_s10_session2_natural,25,41,26.366666666666667,-0.7809985280036926,1.2457579896681032
COHFACE_s10_session2_natural,25,42,26.4,0.6794727444648743,1.2006659092593361
COHFACE_s10_session2_natural,25,43,26.433333333333334,1.8296043872833252,1.0448318323854031
COHFACE_s10_session2_natural,25,44,26.466666666666665,1.935085654258728,0.7884887217951876
COHFACE_s10_session2_natural,25,45,26.5,1.5051952600479126,0.4434376667989955
COHFACE_s10_session2_natural,25,46,26.533333333333335,1.0781372785568237,0.02781345638030496
COHFACE_s10_session2_natural,25,47,26.566666666666666,0.7566761374473572,-0.4306321562927362
COHFACE_s10_session2_natural,25,48,26.6,0.48778221011161804,-0.8950454460546927
COHFACE_s10_session2_natural,25,49,26.633333333333333,0.3754453659057617,-1.3231557667061848
COHFACE_s10_session2_natural,25,50,26.666666666666668,0.4022896885871887,-1.6717755474118903
COHFACE_s10_session2_natural,25,51,26.7,0.3757922053337097,-1.9001734301427453
COHFACE_s10_session2_natural,25,52,26.733333333333334,0.19931574165821075,-1.972380542194425
COHFACE_s10_session2_natural,25,53,26.766666666666666,-0.1008271723985672,-1.8604557077679031
COHFACE_s10_session2_natural,25,54,26.8,-0.4386584758758545,-1.550975782313288
COHFACE_s10_session2_natural,25,55,26.833333333333332,-0.7385355234146118,-1.0548222369579678
COHFACE_s10_session2_natural,25,56,26.866666666666667,-0.9663999676704407,-0.4165619069556889
COHFACE_s10_session2_natural,25,57,26.9,-1.1130609512329102,0.28319080712416694
COHFACE_s10_session2_natural,25,58,26.933333333333334,-1.186969518661499,0.9384671979951041
COHFACE_s10_session2_natural,25,59,26.966666666666665,-1.2404615879058838,1.442464561843951
COHFACE_s10_session2_natural,25,60,27.0,-1.3188326358795166,1.7184987532312945
COHFACE_s10_session2_natural,25,61,27.033333333333335,-1.4082326889038086,1.7441998047731417
COHFACE_s10_session2_natural,25,62,27.066666666666666,-1.5014363527297974,1.5570520274489534
COHFACE_s10_session2_natural,25,63,27.1,-1.4655052423477173,1.2378779492285372
COHFACE_s10_session2_natural,25,64,27.133333333333333,-0.6246379613876343,0.8801669221913033
COHFACE_s10_session2_natural,25,65,27.166666666666668,0.9026435017585754,0.5599888463172326
COHFACE_s10_session2_natural,25,66,27.2,1.8226101398468018,0.3190032093946815
COHFACE_s10_session2_natural,25,67,27.233333333333334,1.7634069919586182,0.16443044403355525
COHFACE_s10_session2_natural,25,68,27.266666666666666,1.303227186203003,0.0810050724036754
COHFACE_s10_session2_natural,25,69,27.3,0.875255823135376,0.04576415426049656
COHFACE_s10_session2_natural,25,70,27.333333333333332,0.538765549659729,0.03839273933132746
COHFACE_s10_session2_natural,25,71,27.366666666666667,0.30360621213912964,0.04472964749778388
COHFACE_s10_session2_natural,25,72,27.4,0.28239205479621887,0.054961899054019894
COHFACE_s10_session2_natural,25,73,27.433333333333334,0.3576647937297821,0.05966820389717217
COHFACE_s10_session2_natural,25,74,27.466666666666665,0.3187046945095062,0.0467156000551446
COHFACE_s10_session2_natural,25,75,27.5,0.10644739866256714,0.0008866818280134992
COHFACE_s10_session2_natural,25,76,27.533333333333335,-0.2095339000225067,-0.09327459683969487
COHFACE_s10_session2_natural,25,77,27.566666666666666,-0.5454692244529724,-0.24621891969991697
COHFACE_s10_session2_natural,25,78,27.6,-0.8313344717025757,-0.4576222844221333
COHFACE_s10_session2_natural,25,79,27.633333333333333,-1.0381697416305542,-0.7124781101404306
COHFACE_s10_session2_natural,25,80,27.666666666666668,-1.1628767251968384,-0.9810928478946289
COHFACE_s10_session2_natural,25,81,27.7,-1.225293755531311,-1.2236221006321917
COHFACE_s10_session2_natural,25,82,27.733333333333334,-1.2599762678146362,-1.3977456372864667
COHFACE_s10_session2_natural,25,83,27.766666666666666,-1.3122082948684692,-1.466758874461924
COHFACE_s10_session2_natural,25,84,27.8,-1.3904868364334106,-1.4057208949264597
COHFACE_s10_session2_natural,25,85,27.833333333333332,-1.4873899221420288,-1.2047372602027044
COHFACE_s10_session2_natural,25,86,27.866666666666667,-1.415550708770752,-0.8698173291488414
COHFACE_s10_session2_natural,25,87,27.9,-0.4778497815132141,-0.4225268409916498
COHFACE_s10_session2_natural,25,88,27.933333333333334,1.0130150318145752,0.10043477422273868
COHFACE_s10_session2_natural,25,89,27.966666666666665,1.79177725315094,0.6481356799277537
COHFACE_s10_session2_natural,25,90,28.0,1.653289794921875,1.1593821686950199
COHFACE_s10_session2_natural,25,91,28.033333333333335,1.1520689725875854,1.5719802019852744
COHFACE_s10_session2_natural,25,92,28.066666666666666,0.6700506210327148,1.835329968621548
COHFACE_s10_session2_natural,25,93,28.1,0.3020917475223541,1.9207231234666768
COHFACE_s10_session2_natural,25,94,28.133333333333333,0.1229562982916832,1.8247990986639782
COHFACE_s10_session2_natural,25,95,28.166666666666668,0.19309601187705994,1.5659801134708997
COHFACE_s10_session2_natural,25,96,28.2,0.31672778725624084,1.177396626666097
COHFACE_s10_session2_natural,25,97,28.233333333333334,0.2792128324508667,0.7006391958985049
COHFACE_s10_session2_natural,25,98,28.266666666666666,0.058978527784347534,0.18263896203836547
COHFACE_s10_session2_natural,25,99,28.3,-0.2573380470275879,-0.32509922484782783
COHFACE_s10_session2_natural,25,100,28.333333333333332,-0.5904409289360046,-0.7677084678335293
COHFACE_s10_session2_natural,25,101,28.366666666666667,-0.8834046125411987,-1.0915384511857005
COHFACE_s10_session2_natural,25,102,28.4,-1.0803205966949463,-1.2533532486895471
COHFACE_s10_session2_natural,25,103,28.433333333333334,-1.1922991275787354,-1.2323669902448975
COHFACE_s10_session2_natural,25,104,28.466666666666665,-1.2468085289001465,-1.0401657265795186
COHFACE_s10_session2_natural,25,105,28.5,-1.2787742614746094,-0.7224675090084949
COHFACE_s10_session2_natural,25,106,28.533333333333335,-1.3203355073928833,-0.34926856497149134
COHFACE_s10_session2_natural,25,107,28.566666666666666,-1.3924058675765991,0.00426328584438454
COHFACE_s10_session2_natural,25,108,28.6,-1.4866962432861328,0.2778130724344032
COHFACE_s10_session2_natural,25,109,28.633333333333333,-1.3166013956069946,0.43749723404079593
COHFACE_s10_session2_natural,25,110,28.666666666666668,-0.2185860425233841,0.47555082375068364
COHFACE_s10_session2_natural,25,111,28.7,1.2007863521575928,0.4023852087547606
COHFACE_s10_session2_natural,25,112,28.733333333333334,1.7883437871932983,0.23840240592962944
COHFACE_s10_session2_natural,25,113,28.766666666666666,1.5440165996551514,0.01029426533855952
COHFACE_s10_session2_natural,25,114,28.8,1.0049686431884766,-0.2488671597030396
COHFACE_s10_session2_natural,25,115,28.833333333333332,0.4884180426597595,-0.4999547283514291
COHFACE_s10_session2_natural,25,116,28.866666666666667,0.10951102524995804,-0.7016816998260432
COHFACE_s10_session2_natural,25,117,28.9,0.019810348749160767,-0.8177675175840952
COHFACE_s10_session2_natural,25,118,28.933333333333334,0.19867989420890808,-0.8247056158168661
COHFACE_s10_session2_natural,25,119,28.966666666666665,0.3580925464630127,-0.7170683681926188
COHFACE_s10_session2_natural,25,120,29.0,0.3050050735473633,-0.508251373766192
COHFACE_s10_session2_natural,25,121,29.033333333333335,0.06433120369911194,-0.22647590175406768
COHFACE_s10_session2_natural,25,122,29.066666666666666,-0.2669566571712494,0.09198702417960576
COHFACE_s10_session2_natural,25,123,29.1,-0.5893195271492004,0.409510117649665
COHFACE_s10_session2_natural,25,124,29.133333333333333,-0.8441439270973206,0.691912018069975
COHFACE_s10_session2_natural,25,125,29.166666666666668,-1.014319658279419,0.9112333268119972
COHFACE_s10_session2_natural,25,126,29.2,-1.1095926761627197,1.0471256712923187
COHFACE_s10_session2_natural,25,127,29.233333333333334,-1.1608072519302368,1.087513289617518
COHFACE_s10_session2_natural,25,128,29.266666666666666,-1.2115709781646729,1.029120621030077
COHFACE_s10_session2_natural,25,129,29.3,-1.2877570390701294,0.8781510425425716
COHFACE_s10_session2_natural,25,130,29.333333333333332,-1.304786205291748,0.6506641454929978
COHFACE_s10_session2_natural,25,131,29.366666666666667,-0.7261538505554199,0.3716493709747298
COHFACE_s10_session2_natural,25,132,29.4,0.5849974155426025,0.0721095511216836
COHFACE_s10_session2_natural,25,133,29.433333333333334,1.5384442806243896,-0.21541257622497045
COHFACE_s10_session2_natural,25,134,29.466666666666665,1.5996012687683105,-0.4612910044364596
COHFACE_s10_session2_natural,25,135,29.5,1.146230697631836,-0.6417090457913177
COHFACE_s10_session2_natural,25,136,29.533333333333335,0.5857489109039307,-0.739919671356573
COHFACE_s10_session2_natural,25,137,29.566666666666666,0.10049355775117874,-0.7471580653738952
COHFACE_s10_session2_natural,25,138,29.6,-0.16570669412612915,-0.6642117856223546
COHFACE_s10_session2_natural,25,139,29.633333333333333,-0.056814998388290405,-0.5032204469323055
COHFACE_s10_session2_natural,25,140,29.666666666666668,0.1962752491235733,-0.28813353504502753
COHFACE_s10_session2_natural,25,141,29.7,0.2852013409137726,-0.052408069818954274
COHFACE_s10_session2_natural,25,142,29.733333333333334,0.14425139129161835,0.16603316336871998
COHFACE_s10_session2_natural,25,143,29.766666666666666,-0.1346195489168167,0.3310445993703989
COHFACE_s10_session2_natural,25,144,29.8,-0.4657108783721924,0.41383356135429766
COHFACE_s10_session2_natural,25,145,29.833333333333332,-0.7484200596809387,0.3970182489619593
COHFACE_s10_session2_natural,25,146,29.866666666666667,-0.9414631724357605,0.27769888234952866
COHFACE_s10_session2_natural,25,147,29.9,-1.0599619150161743,0.07010112230542424
COHFACE_s10_session2_natural,25,148,29.933333333333334,-1.1254079341888428,-0.19343800271375242
COHFACE_s10_session2_natural,25,149,29.966666666666665,-1.1755704879760742,-0.46573119392132
COHFACE_s10_session2_natural,25,150,30.0,-1.2277909517288208,-0.693576737550053
COHFACE_s10_session2_natural,25,151,30.033333333333335,-1.1757208108901978,-0.8302607209169262
COHFACE_s10_session2_natural,25,152,30.066666666666666,-0.41826513409614563,-0.8469693537468564
COHFACE_s10_session2_natural,25,153,30.1,0.956239640712738,-0.7381477067846818
COHFACE_s10_session2_natural,25,154,30.133333333333333,1.8014768362045288,-0.5189071954624646
COHFACE_s10_session2_natural,25,155,30.166666666666668,1.7568750381469727,-0.2169911989353726
COHFACE_s10_session2_natural,25,156,30.2,1.279550552368164,0.13540036350131696
COHFACE_s10_session2_natural,25,157,30.233333333333334,0.7570114135742188,0.505495884506391
COHFACE_s10_session2_natural,25,158,30.266666666666666,0.32445043325424194,0.8592365930311883
COHFACE_s10_session2_natural,25,159,30.3,0.1331876516342163,1.1595221791173416
COHFACE_s10_session2_natural,25,160,30.333333333333332,0.26668083667755127,1.367429683126907
COHFACE_s10_session2_natural,25,161,30.366666666666667,0.469909131526947,1.4478870069817775
COHFACE_s10_session2_natural,25,162,30.4,0.4908342659473419,1.3781310969915723
COHFACE_s10_session2_natural,25,163,30.433333333333334,0.29723620414733887,1.155410326313486
COHFACE_s10_session2_natural,25,164,30.466666666666665,-0.02390124462544918,0.8005560856989964
COHFACE_s10_session2_natural,25,165,30.5,-0.36714303493499756,0.3556393288857017
COHFACE_s10_session2_natural,25,166,30.533333333333335,-0.6531470417976379,-0.12407604644390269
COHFACE_s10_session2_natural,25,167,30.566666666666666,-0.8309530019760132,-0.5816878211721623
COHFACE_s10_session2_natural,25,168,30.6,-0.9257404208183289,-0.9699081183815451
COHFACE_s10_session2_natural,25,169,30.633333333333333,-0.9808279275894165,-1.2578199449752725
COHFACE_s10_session2_natural,25,170,30.666666666666668,-1.0215452909469604,-1.4305613730278806
COHFACE_s10_session2_natural,25,171,30.7,-1.0707828998565674,-1.48296697270594
COHFACE_s10_session2_natural,25,172,30.733333333333334,-1.0750489234924316,-1.4122018884283867
COHFACE_s10_session2_natural,25,173,30.766666666666666,-0.49184998869895935,-1.2154959829590106
COHFACE_s10_session2_natural,25,174,30.8,0.8966202735900879,-0.8954677409830623
COHFACE_s10_session2_natural,25,175,30.833333333333332,1.9713289737701416,-0.4698530179999548
COHFACE_s10_session2_natural,25,176,30.866666666666667,2.0925791263580322,0.021068602624095652
COHFACE_s10_session2_natural,25,177,30.9,1.6591511964797974,0.5150673145965214
COHFACE_s10_session2_natural,25,178,30.933333333333334,1.1578147411346436,0.9375577526370452
COHFACE_s10_session2_natural,25,179,30.966666666666665,0.7536009550094604,1.216698978971737
COHFACE_s10_session2_natural,25,180,31.0,0.5009616017341614,1.299450805918115
COHFACE_s10_session2_natural,25,181,31.033333333333335,0.5159329175949097,1.165074058035179
COHFACE_s10_session2_natural,25,182,31.066666666666666,0.6601083278656006,0.8331427963885567
COHFACE_s10_session2_natural,25,183,31.1,0.6752761602401733,0.36319383179550196
COHFACE_s10_session2_natural,25,184,31.133333333333333,0.478094220161438,-0.15590512859495326
COHFACE_s10_session2_natural,25,185,31.166666666666668,0.15170814096927643,-0.6257633614173338
COHFACE_s10_session2_natural,25,186,31.2,-0.19255100190639496,-0.9618931530808807
COHFACE_s10_session2_natural,25,187,31.233333333333334,-0.47825440764427185,-1.1125810737666504
COHFACE_s10_session2_natural,25,188,31.266666666666666,-0.6786849498748779,-1.0668353730948275
COHFACE_s10_session2_natural,25,189,31.3,-0.8014727830886841,-0.8499925086479043
COHFACE_s10_session2_natural,25,190,31.333333333333332,-0.8738552927970886,-0.5106219047452271
COHFACE_s10_session2_natural,25,191,31.366666666666667,-0.9277982711791992,-0.10537060772848933
COHFACE_s10_session2_natural,25,192,31.4,-0.9987472295761108,0.311837284356609
COHFACE_s10_session2_natural,25,193,31.433333333333334,-1.0559272766113281,0.6936801634511803
COHFACE_s10_session2_natural,25,194,31.466666666666665,-0.643609344959259,0.9994264548715348
COHFACE_s10_session2_natural,25,195,31.5,0.6502700448036194,1.1965715944299637
COHFACE_s10_session2_natural,25,196,31.533333333333335,1.8703795671463013,1.2663341498441136
COHFACE_s10_session2_natural,25,197,31.566666666666666,2.154533863067627,1.2096067027223507
COHFACE_s10_session2_natural,25,198,31.6,1.773638367652893,1.0475210547197276
COHFACE_s10_session2_natural,25,199,31.633333333333333,1.279862642288208,0.8137007658075006
COHFACE_s10_session2_natural,25,200,31.666666666666668,0.8768627643585205,0.5415541468762849
COHFACE_s10_session2_natural,25,201,31.7,0.57663893699646,0.2542298441343401
COHFACE_s10_session2_natural,25,202,31.733333333333334,0.49378228187561035,-0.03687093306980261
COHFACE_s10_session2_natural,25,203,31.766666666666666,0.586685299873352,-0.32517843809601554
COHFACE_s10_session2_natural,25,204,31.8,0.6136799454689026,-0.5994743476822783
COHFACE_s10_session2_natural,25,205,31.833333333333332,0.4490533471107483,-0.8391154178220258
COHFACE_s10_session2_natural,25,206,31.866666666666667,0.14583523571491241,-1.0175028428005715
COHFACE_s10_session2_natural,25,207,31.9,-0.1945972740650177,-1.1116634428238914
COHFACE_s10_session2_natural,25,208,31.933333333333334,-0.4999310076236725,-1.1122487723482501
COHFACE_s10_session2_natural,25,209,31.966666666666665,-0.7190207839012146,-1.0282654633038697
COHFACE_s10_session2_natural,25,210,32.0,-0.8452422022819519,-0.8837620531095479
COHFACE_s10_session2_natural,25,211,32.03333333333333,-0.9095321297645569,-0.7079651534804283
COHFACE_s10_session2_natural,25,212,32.06666666666667,-0.9655675888061523,-0.5239507504158843
COHFACE_s10_session2_natural,25,213,32.1,-1.040054202079773,-0.34185110655555884
COHFACE_s10_session2_natural,25,214,32.13333333333333,-1.118552327156067,-0.16009672480991782
COHFACE_s10_session2_natural,25,215,32.166666666666664,-0.8544908761978149,0.02632720353275897
COHFACE_s10_session2_natural,25,216,32.2,0.30698198080062866,0.21569850108897196
COHFACE_s10_session2_natural,25,217,32.233333333333334,1.6114857196807861,0.3940139524967142
COHFACE_s10_session2_natural,25,218,32.266666666666666,2.015052080154419,0.5384512019056338
COHFACE_s10_session2_natural,25,219,32.3,1.6688276529312134,0.6287767282231297
COHFACE_s10_session2_natural,25,220,32.333333333333336,1.1635141372680664,0.6596758166601396
COHFACE_s10_session2_natural,25,221,32.36666666666667,0.7420979142189026,0.6453197785486926
COHFACE_s10_session2_natural,25,222,32.4,0.4258738160133362,0.6124559660523943
COHFACE_s10_session2_natural,25,223,32.43333333333333,0.34957218170166016,0.5859202259254674
COHFACE_s10_session2_natural,25,224,32.46666666666667,0.4638049900531769,0.5749970771218652
COHFACE_s10_session2_natural,25,225,32.5,0.5157016515731812,0.5682184319193835
COHFACE_s10_session2_natural,25,226,32.53333333333333,0.36954933404922485,0.539110961597873
COHFACE_s10_session2_natural,25,227,32.56666666666667,0.07715219259262085,0.4592961289106618
COHFACE_s10_session2_natural,25,228,32.6,-0.25529175996780396,0.3117702422989928
COHFACE_s10_session2_natural,25,229,32.63333333333333,-0.537168562412262,0.09820025636960888
COHFACE_s10_session2_natural,25,230,32.666666666666664,-0.7392869591712952,-0.1612643439641332
COHFACE_s10_session2_natural,25,231,32.7,-0.8623059988021851,-0.4331648743599722
COHFACE_s10_session2_natural,25,232,32.733333333333334,-0.9267693758010864,-0.6781615109551784
COHFACE_s10_session2_natural,25,233,32.766666666666666,-0.978446364402771,-0.859369925552824
COHFACE_s10_session2_natural,25,234,32.8,-1.0452566146850586,-0.950208000787145
COHFACE_s10_session2_natural,25,235,32.833333333333336,-1.119754672050476,-0.939557497988181
COHFACE_s10_session2_natural,25,236,32.86666666666667,-0.9233242273330688,-0.8324752594001898
COHFACE_s10_session2_natural,25,237,32.9,0.12760376930236816,-0.6465175376321023
COHFACE_s10_session2_natural,25,238,32.93333333333333,1.434165358543396,-0.40583321926094174
COHFACE_s10_session2_natural,25,239,32.96666666666667,1.8951544761657715,-0.13612091964717063
COHFACE_s10_session2_natural,26,0,26.0,0.28523603081703186,0.19609453535236235
COHFACE_s10_session2_natural,26,1,26.033333333333335,0.0072090174071490765,0.3644646587028896
COHFACE_s10_session2_natural,26,2,26.066666666666666,-0.3302292227745056,0.5260016832206261
COHFACE_s10_session2_natural,26,3,26.1,-0.6466151475906372,0.6759172322430207
COHFACE_s10_session2_natural,26,4,26.133333333333333,-0.8949423432350159,0.8089127819687196
COHFACE_s10_session2_natural,26,5,26.166666666666668,-1.046401023864746,0.9184490591133998
COHFACE_s10_session2_natural,26,6,26.2,-1.1270726919174194,0.9964711958573899
COHFACE_s10_session2_natural,26,7,26.233333333333334,-1.179443359375,1.034802447345816
COHFACE_s10_session2_natural,26,8,26.266666666666666,-1.237120509147644,1.0283893860793027
COHFACE_s10_session2_natural,26,9,26.3,-1.3235148191452026,0.97876014938256
COHFACE_s10_session2_natural,26,10,26.333333333333332,-1.3584285974502563,0.8950399241379329
COHFACE_s10_session2_natural,26,11,26.366666666666667,-0.7809985280036926,0.790763920964062
COHFACE_s10_session2_natural,26,12,26.4,0.6794727444648743,0.6773355887699068
COHFACE_s10_session2_natural,26,13,26.433333333333334,1.8296043872833252,0.5574437992974121
COHFACE_s10_session2_natural,26,14,26.466666666666665,1.935085654258728,0.4221946039475832
COHFACE_s10_session2_natural,26,15,26.5,1.5051952600479126,0.2538747083761136
COHFACE_s10_session2_natural,26,16,26.533333333333335,1.0781372785568237,0.03330224726021155
COHFACE_s10_session2_natural,26,17,26.566666666666666,0.7566761374473572,-0.2515034862384985
COHFACE_s10_session2_natural,26,18,26.6,0.48778221011161804,-0.5987683333860667
COHFACE_s10_session2_natural,26,19,26.633333333333333,0.3754453659057617,-0.9903306190021001
COHFACE_s10_session2_natural,26,20,26.666666666666668,0.4022896885871887,-1.392621943889479
COHFACE_s10_session2_natural,26,21,26.7,0.3757922053337097,-1.7598422148754158
COHFACE_s10_session2_natural,26,22,26.733333333333334,0.19931574165821075,-2.038484379087697
COHFACE_s10_session2_natural,26,23,26.766666666666666,-0.1008271723985672,-2.1738629706575114
COHFACE_s10_session2_natural,26,24,26.8,-0.4386584758758545,-2.1200972853164424
COHFACE_s10_session2_natural,26,25,26.833333333333332,-0.7385355234146118,-1.853546608222693
COHFACE_s10_session2_natural,26,26,26.866666666666667,-0.9663999676704407,-1.3860695246925043
COHFACE_s10_session2_natural,26,27,26.9,-1.1130609512329102,-0.7713082465780526
COHFACE_s10_session2_natural,26,28,26.933333333333334,-1.186969518661499,-0.09760970187433532
COHFACE_s10_session2_natural,26,29,26.966666666666665,-1.2404615879058838,0.5335614484633555
COHFACE_s10_session2_natural,26,30,27.0,-1.3188326358795166,1.03675164996252
COHFACE_s10_session2_natural,26,31,27.033333333333335,-1.4082326889038086,1.366585020933773
COHFACE_s10_session2_natural,26,32,27.066666666666666,-1.5014363527297974,1.5255794219852503
COHFACE_s10_session2_natural,26,33,27.1,-1.4655052423477173,1.5527909243115592
COHFACE_s10_session2_natural,26,34,27.133333333333333,-0.6246379613876343,1.500805773574669
COHFACE_s10_session2_natural,26,35,27.166666666666668,0.9026435017585754,1.4139791742519707
COHFACE_s10_session2_natural,26,36,27.2,1.8226101398468018,1.317297309930081
COHFACE_s10_session2_natural,26,37,27.233333333333334,1.7634069919586182,1.217063101372773
COHFACE_s10_session2_natural,26,38,27.266666666666666,1.303227186203003,1.1084744753419908
COHFACE_s10_session2_natural,26,39,27.3,0.875255823135376,0.9838017465893523
COHFACE_s10_session2_natural,26,40,27.333333333333332,0.538765549659729,0.8373579544369458
COHFACE_s10_session2_natural,26,41,27.366666666666667,0.30360621213912964,0.6669740665996355
COHFACE_s10_session2_natural,26,42,27.4,0.28239205479621887,0.4736209191147911
COHFACE_s10_session2_natural,26,43,27.433333333333334,0.3576647937297821,0.26061100016907646
COHFACE_s10_session2_natural,26,44,27.466666666666665,0.3187046945095062,0.032581050460461995
COHFACE_s10_session2_natural,26,45,27.5,0.10644739866256714,-0.20607630337545738
COHFACE_s10_session2_natural,26,46,27.533333333333335,-0.2095339000225067,-0.4527629768901493
COHFACE_s10_session2_natural,26,47,27.566666666666666,-0.5454692244529724,-0.7067032285928149
COHFACE_s10_session2_natural,26,48,27.6,-0.8313344717025757,-0.9664989226625732
COHFACE_s10_session2_natural,26,49,27.633333333333333,-1.0381697416305542,-1.2258894573004584
COHFACE_s10_session2_natural,26,50,27.666666666666668,-1.1628767251968384,-1.4697541781647832
COHFACE_s10_session2_natural,26,51,27.7,-1.225293755531311,-1.672626740883975
COHFACE_s10_session2_natural,26,52,27.733333333333334,-1.2599762678146362,-1.8010431596691445
COHFACE_s10_session2_natural,26,53,27.766666666666666,-1.3122082948684692,-1.8197108381437113
COHFACE_s10_session2_natural,26,54,27.8,-1.3904868364334106,-1.700432454196636
COHFACE_s10_session2_natural,26,55,27.833333333333332,-1.4873899221420288,-1.4316325408101505
COHFACE_s10_session2_natural,26,56,27.866666666666667,-1.415550708770752,-1.0251697849624832
COHFACE_s10_session2_natural,26,57,27.9,-0.4778497815132141,-0.5171995568218392
COHFACE_s10_session2_natural,26,58,27.933333333333334,1.0130150318145752,0.03795494532836405
COHFACE_s10_session2_natural,26,59,27.966666666666665,1.79177725315094,0.5789831747574274
COHFACE_s10_session2_natural,26,60,28.0,1.653289794921875,1.0500214121618234
COHFACE_s10_session2_natural,26,61,28.033333333333335,1.1520689725875854,1.4104742096773029
COHFACE_s10_session2_natural,26,62,28.066666666666666,0.6700506210327148,1.6397111251997243
COHFACE_s10_session2_natural,26,63,28.1,0.3020917475223541,1.7360595600661755
COHFACE_s10_session2_natural,26,64,28.133333333333333,0.1229562982916832,1.7112662494665993
COHFACE_s10_session2_natural,26,65,28.166666666666668,0.19309601187705994,1.5829413080396502
COHFACE_s10_session2_natural,26,66,28.2,0.31672778725624084,1.3682524437655794
COHFACE_s10_session2_natural,26,67,28.233333333333334,0.2792128324508667,1.0817191361748537
COHFACE_s10_session2_natural,26,68,28.266666666666666,0.058978527784347534,0.7380405885383964
COHFACE_s10_session2_natural,26,69,28.3,-0.2573380470275879,0.35807124161178755
COHFACE_s10_session2_natural,26,70,28.333333333333332,-0.5904409289360046,-0.02630510792602544
COHFACE_s10_session2_natural,26,71,28.366666666666667,-0.8834046125411987,-0.37289072378055965
COHFACE_s10_session2_natural,26,72,28.4,-1.0803205966949463,-0.6373506004840356
COHFACE_s10_session2_natural,26,73,28.433333333333334,-1.1922991275787354,-0.7864335744668252
COHFACE_s10_session2_natural,26,74,28.466666666666665,-1.2468085289001465,-0.81020702894223
COHFACE_s10_session2_natural,26,75,28.5,-1.2787742614746094,-0.7266551385937933
COHFACE_s10_session2_natural,26,76,28.533333333333335,-1.3203355073928833,-0.5753437643501762
COHFACE_s10_session2_natural,26,77,28.566666666666666,-1.3924058675765991,-0.40287333851193163
COHFACE_s10_session2_natural,26,78,28.6,-1.4866962432861328,-0.24807239599800138
COHFACE_s10_session2_natural,26,79,28.633333333333333,-1.3166013956069946,-0.13471977965450205
COHFACE_s10_session2_natural,26,80,28.666666666666668,-0.2185860425233841,-0.07309515821189451
COHFACE_s10_session2_natural,26,81,28.7,1.2007863521575928,-0.06507907587698382
COHFACE_s10_session2_natural,26,82,28.733333333333334,1.7883437871932983,-0.1070113002352746
COHFACE_s10_session2_natural,26,83,28.766666666666666,1.5440165996551514,-0.18896691271916058
COHFACE_s10_session2_natural,26,84,28.8,1.0049686431884766,-0.2935856356967987
COHFACE_s10_session2_natural,26,85,28.833333333333332,0.4884180426597595,-0.3982388101323276
COHFACE_s10_session2_natural,26,86,28.866666666666667,0.10951102524995804,-0.4807646915202263
COHFACE_s10_session2_natural,26,87,28.9,0.019810348749160767,-0.5253040969325424
COHFACE_s10_session2_natural,26,88,28.933333333333334,0.19867989420890808,-0.5247652339607686
COHFACE_s10_session2_natural,26,89,28.966666666666665,0.3580925464630127,-0.47924117788407533
COHFACE_s10_session2_natural,26,90,29.0,0.3050050735473633,-0.39230357380746567
COHFACE_s10_session2_natural,26,91,29.033333333333335,0.06433120369911194,-0.26786330736162656
COHFACE_s10_session2_natural,26,92,29.066666666666666,-0.2669566571712494,-0.10922840441794543
COHFACE_s10_session2_natural,26,93,29.1,-0.5893195271492004,0.07963415229278634
COHFACE_s10_session2_natural,26,94,29.133333333333333,-0.8441439270973206,0.2915908721333473
COHFACE_s10_session2_natural,26,95,29.166666666666668,-1.014319658279419,0.513887582422238
COHFACE_s10_session2_natural,26,96,29.2,-1.1095926761627197,0.7271598599133503
COHFACE_s10_session2_natural,26,97,29.233333333333334,-1.1608072519302368,0.9069395448173769
COHFACE_s10_session2_natural,26,98,29.266666666666666,-1.2115709781646729,1.0276433550893775
COHFACE_s10_session2_natural,26,99,29.3,-1.2877570390701294,1.0679908016075832
COHFACE_s10_session2_natural,26,100,29.333333333333332,-1.304786205291748,1.0164019502212185
COHFACE_s10_session2_natural,26,101,29.366666666666667,-0.7261538505554199,0.8749047681861518
COHFACE_s10_session2_natural,26,102,29.4,0.5849974155426025,0.6601254619918058
COHFACE_s10_session2_natural,26,103,29.433333333333334,1.5384442806243896,0.4005212374080529
COHFACE_s10_session2_natural,26,104,29.466666666666665,1.5996012687683105,0.13040231037669267
COHFACE_s10_session2_natural,26,105,29.5,1.146230697631836,-0.11743596896132832
COHFACE_s10_session2_natural,26,106,29.533333333333335,0.5857489109039307,-0.3184080428939714
COHFACE_s10_session2_natural,26,107,29.566666666666666,0.10049355775117874,-0.46062315886550004
COHFACE_s10_session2_natural,26,108,29.6,-0.16570669412612915,-0.5462352243566009
COHFACE_s10_session2_natural,26,109,29.633333333333333,-0.056814998388290405,-0.5892267456039884
COHFACE_s10_session2_natural,26,110,29.666666666666668,0.1962752491235733,-0.6098285512106589
COHFACE_s10_session2_natural,26,111,29.7,0.2852013409137726,-0.6270042139998845
COHFACE_s10_session2_natural,26,112,29.733333333333334,0.14425139129161835,-0.6519337016326944
COHFACE_s10_session2_natural,26,113,29.766666666666666,-0.1346195489168167,-0.6855005724862798
COHFACE_s10_session2_natural,26,114,29.8,-0.4657108783721924,-0.7204436889209082
COHFACE_s10_session2_natural,26,115,29.833333333333332,-0.7484200596809387,-0.7457443301471128
COHFACE_s10_session2_natural,26,116,29.866666666666667,-0.9414631724357605,-0.7495876301438896
COHFACE_s10_session2_natural,26,117,29.9,-1.0599619150161743,-0.7192848201480733
COHFACE_s10_session2_natural,26,118,29.933333333333334,-1.1254079341888428,-0.6406054775946948
COHFACE_s10_session2_natural,26,119,29.966666666666665,-1.1755704879760742,-0.5006637690712533
COHFACE_s10_session2_natural,26,120,30.0,-1.2277909517288208,-0.2951572126390119
COHFACE_s10_session2_natural,26,121,30.033333333333335,-1.1757208108901978,-0.03558599343848273
COHFACE_s10_session2_natural,26,122,30.066666666666666,-0.41826513409614563,0.24985430680042203
COHFACE_s10_session2_natural,26,123,30.1,0.956239640712738,0.5246380264223767
COHFACE_s10_session2_natural,26,124,30.133333333333333,1.8014768362045288,0.7577127282420981
COHFACE_s10_session2_natural,26,125,30.166666666666668,1.7568750381469727,0.9342141429484675
COHFACE_s10_session2_natural,26,126,30.2,1.279550552368164,1.0561757638099938
COHFACE_s10_session2_natural,26,127,30.233333333333334,0.7570114135742188,1.133105288957568
COHFACE_s10_session2_natural,26,128,30.266666666666666,0.32445043325424194,1.1694452777431767
COHFACE_s10_session2_natural,26,129,30.3,0.1331876516342163,1.158032173861492
COHFACE_s10_session2_natural,26,130,30.333333333333332,0.26668083667755127,1.083804808263072
COHFACE_s10_session2_natural,26,131,30.366666666666667,0.469909131526947,0.9345457410805862
COHFACE_s10_session2_natural,26,132,30.4,0.4908342659473419,0.7112475086971012
COHFACE_s10_session2_natural,26,133,30.433333333333334,0.29723620414733887,0.4319264143008353
COHFACE_s10_session2_natural,26,134,30.466666666666665,-0.02390124462544918,0.12765887969481104
COHFACE_s10_session2_natural,26,135,30.5,-0.36714303493499756,-0.16591959129002093
COHFACE_s10_session2_natural,26,136,30.533333333333335,-0.6531470417976379,-0.4175342414294263
COHFACE_s10_session2_natural,26,137,30.566666666666666,-0.8309530019760132,-0.6071128300077542
COHFACE_s10_session2_natural,26,138,30.6,-0.9257404208183289,-0.7295307234152717
COHFACE_s10_session2_natural,26,139,30.633333333333333,-0.9808279275894165,-0.7945501540875098
COHFACE_s10_session2_natural,26,140,30.666666666666668,-1.0215452909469604,-0.8221148578874716
COHFACE_s10_session2_natural,26,141,30.7,-1.0707828998565674,-0.8333978303368919
COHFACE_s10_session2_natural,26,142,30.733333333333334,-1.0750489234924316,-0.8409820566550343
COHFACE_s10_session2_natural,26,143,30.766666666666666,-0.49184998869895935,-0.8433453928908352
COHFACE_s10_session2_natural,26,144,30.8,0.8966202735900879,-0.8268276061996399
COHFACE_s10_session2_natural,26,145,30.833333333333332,1.9713289737701416,-0.7738447542418859
COHFACE_s10_session2_natural,26,146,30.866666666666667,2.0925791263580322,-0.6725842469734248
COHFACE_s10_session2_natural,26,147,30.9,1.6591511964797974,-0.5232147559186969
COHFACE_s10_session2_natural,26,148,30.933333333333334,1.1578147411346436,-0.3387577990174732
COHFACE_s10_session2_natural,26,149,30.966666666666665,0.7536009550094604,-0.14202076823068055
COHFACE_s10_session2_natural,26,150,31.0,0.5009616017341614,0.03941879977031796
COHFACE_s10_session2_natural,26,151,31.033333333333335,0.5159329175949097,0.17939534373754934
COHFACE_s10_session2_natural,26,152,31.066666666666666,0.6601083278656006,0.26034094961783666
COHFACE_s10_session2_natural,26,153,31.1,0.6752761602401733,0.28019790401343414
COHFACE_s10_session2_natural,26,154,31.133333333333333,0.478094220161438,0.25579199442543504
COHFACE_s10_session2_natural,26,155,31.166666666666668,0.15170814096927643,0.21927399771085798
COHFACE_s10_session2_natural,26,156,31.2,-0.19255100190639496,0.2074991266816043
COHFACE_s10_session2_natural,26,157,31.233333333333334,-0.47825440764427185,0.2485197785132538
COHFACE_s10_session2_natural,26,158,31.266666666666666,-0.6786849498748779,0.3513199045230038
COHFACE_s10_session2_natural,26,159,31.3,-0.8014727830886841,0.5033440884215018
COHFACE_s10_session2_natural,26,160,31.333333333333332,-0.8738552927970886,0.6762673344650976
COHFACE_s10_session2_natural,26,161,31.366666666666667,-0.9277982711791992,0.8361744337318716
COHFACE_s10_session2_natural,26,162,31.4,-0.9987472295761108,0.9524580106598821
COHFACE_s10_session2_natural,26,163,31.433333333333334,-1.0559272766113281,1.0018757468123884
COHFACE_s10_session2_natural,26,164,31.466666666666665,-0.643609344959259,0.969080569803727
COHFACE_s10_session2_natural,26,165,31.5,0.6502700448036194,0.8477295085926705
COHFACE_s10_session2_natural,26,166,31.533333333333335,1.8703795671463013,0.6438411280726237
COHFACE_s10_session2_natural,26,167,31.566666666666666,2.154533863067627,0.37851925882568166
COHFACE_s10_session2_natural,26,168,31.6,1.773638367652893,0.08549097309281617
COHFACE_s10_session2_natural,26,169,31.633333333333333,1.279862642288208,-0.19814031404744215
COHFACE_s10_session2_natural,26,170,31.666666666666668,0.8768627643585205,-0.4440170954784547
COHFACE_s10_session2_natural,26,171,31.7,0.57663893699646,-0.6404523685380599
COHFACE_s10_session2_natural,26,172,31.733333333333334,0.49378228187561035,-0.7915215147551152
COHFACE_s10_session2_natural,26,173,31.766666666666666,0.586685299873352,-0.9084701264290699
COHFACE_s10_session2_natural,26,174,31.8,0.6136799454689026,-0.9991607064255177
COHFACE_s10_session2_natural,26,175,31.833333333333332,0.4490533471107483,-1.0618558582761894
COHFACE_s10_session2_natural,26,176,31.866666666666667,0.14583523571491241,-1.0862185267178588
COHFACE_s10_session2_natural,26,177,31.9,-0.1945972740650177,-1.0597945819327341
COHFACE_s10_session2_natural,26,178,31.933333333333334,-0.4999310076236725,-0.975545936969434
COHFACE_s10_session2_natural,26,179,31.966666666666665,-0.7190207839012146,-0.8361658200540484
COHFACE_s10_session2_natural,26,180,32.0,-0.8452422022819519,-0.6531682933142738
COHFACE_s10_session2_natural,26,181,32.03333333333333,-0.9095321297645569,-0.4416898909641951
COHFACE_s10_session2_natural,26,182,32.06666666666667,-0.9655675888061523,-0.2141118389965693
COHFACE_s10_session2_natural,26,183,32.1,-1.040054202079773,0.02395713999332474
COHFACE_s10_session2_natural,26,184,32.13333333333333,-1.118552327156067,0.27319269925803985
COHFACE_s10_session2_natural,26,185,32.166666666666664,-0.8544908761978149,0.5357420679385724
COHFACE_s10_session2_natural,26,186,32.2,0.30698198080062866,0.8083758780580916
COHFACE_s10_session2_natural,26,187,32.233333333333334,1.6114857196807861,1.077150117267486
COHFACE_s10_session2_natural,26,188,32.266666666666666,2.015052080154419,1.3169876547736241
COHFACE_s10_session2_natural,26,189,32.3,1.6688276529312134,1.4972492019018029
COHFACE_s10_session2_natural,26,190,32.333333333333336,1.1635141372680664,1.5904576796052212
COHFACE_s10_session2_natural,26,191,32.36666666666667,0.7420979142189026,1.5791482810240545
COHFACE_s10_session2_natural,26,192,32.4,0.4258738160133362,1.4576821673402567
COHFACE_s10_session2_natural,26,193,32.43333333333333,0.34957218170166016,1.2299165784067683
COHFACE_s10_session2_natural,26,194,32.46666666666667,0.4638049900531769,0.9063414194187669
COHFACE_s10_session2_natural,26,195,32.5,0.5157016515731812,0.503677795963286
COHFACE_s10_session2_natural,26,196,32.53333333333333,0.36954933404922485,0.04660326142058688
COHFACE_s10_session2_natural,26,197,32.56666666666667,0.07715219259262085,-0.43149964168440474
COHFACE_s10_session2_natural,26,198,32.6,-0.25529175996780396,-0.8913960925208894
COHFACE_s10_session2_natural,26,199,32.63333333333333,-0.537168562412262,-1.2942625376398076
COHFACE_s10_session2_natural,26,200,32.666666666666664,-0.7392869591712952,-1.6086428899668404
COHFACE_s10_session2_natural,26,201,32.7,-0.8623059988021851,-1.8149350653667862
COHFACE_s10_session2_natural,26,202,32.733333333333334,-0.9267693758010864,-1.9060232313201986
COHFACE_s10_session2_natural,26,203,32.766666666666666,-0.978446364402771,-1.8849701223842477
COHFACE_s10_session2_natural,26,204,32.8,-1.0452566146850586,-1.7617178513237055
COHFACE_s10_session2_natural,26,205,32.833333333333336,-1.119754672050476,-1.550380484747787
COHFACE_s10_session2_natural,26,206,32.86666666666667,-0.9233242273330688,-1.2677229390651727
COHFACE_s10_session2_natural,26,207,32.9,0.12760376930236816,-0.9324229206655209
COHFACE_s10_session2_natural,26,208,32.93333333333333,1.434165358543396,-0.5641794796049723
COHFACE_s10_session2_natural,26,209,32.96666666666667,1.8951544761657715,-0.18209583938004895
COHFACE_s10_session2_natural,26,210,33.0,1.5690112113952637,0.19713455376094205
COHFACE_s10_session2_natural,26,211,33.03333333333333,1.0440558195114136,0.5599573224921653
COHFACE_s10_session2_natural,26,212,33.06666666666667,0.5965582728385925,0.8948252645497554
COHFACE_s10_session2_natural,26,213,33.1,0.2830163538455963,1.1898743110848293
COHFACE_s10_session2_natural,26,214,33.13333333333333,0.24910834431648254,1.431352776940677
COHFACE_s10_session2_natural,26,215,33.166666666666664,0.41119155287742615,1.6047059043933085
COHFACE_s10_session2_natural,26,216,33.2,0.48636022210121155,1.6985174582971456
COHFACE_s10_session2_natural,26,217,33.233333333333334,0.34279751777648926,1.7091978319238073
COHFACE_s10_session2_natural,26,218,33.266666666666666,0.04557949677109718,1.6430898390766386
COHFACE_s10_session2_natural,26,219,33.3,-0.2873384654521942,1.5138992838323317
COHFACE_s10_session2_natural,26,220,33.333333333333336,-0.5593422651290894,1.3366852947189516
COHFACE_s10_session2_natural,26,221,33.36666666666667,-0.7331944108009338,1.122249232888986
COHFACE_s10_session2_natural,26,222,33.4,-0.8334501385688782,0.8752816721398758
COHFACE_s10_session2_natural,26,223,33.43333333333333,-0.8956475257873535,0.5969114627958317
COHFACE_s10_session2_natural,26,224,33.46666666666667,-0.9402724504470825,0.2896822138046128
COHFACE_s10_session2_natural,26,225,33.5,-1.0013138055801392,-0.03798324970246017
COHFACE_s10_session2_natural,26,226,33.53333333333333,-1.061256766319275,-0.36988042183987874
COHFACE_s10_session2_natural,26,227,33.56666666666667,-0.7280035614967346,-0.6831863209645306
COHFACE_s10_session2_natural,26,228,33.6,0.4434925615787506,-0.952192973744072
COHFACE_s10_session2_natural,26,229,33.63333333333333,1.5966763496398926,-1.1535572205126992
COHFACE_s10_session2_natural,26,230,33.666666666666664,1.832945466041565,-1.271490808609726
COHFACE_s10_session2_natural,26,231,33.7,1.4107893705368042,-1.3012509363559495
COHFACE_s10_session2_natural,26,232,33.733333333333334,0.8871403932571411,-1.250034707445889
COHFACE_s10_session2_natural,26,233,33.766666666666666,0.46341192722320557,-1.13529193055499
COHFACE_s10_session2_natural,26,234,33.8,0.22107328474521637,-0.9809054826689821
COHFACE_s10_session2_natural,26,235,33.833333333333336,0.2741954028606415,-0.8119629765468568
COHFACE_s10_session2_natural,26,236,33.86666666666667,0.44713422656059265,-0.6493383259873504
COHFACE_s10_session2_natural,26,237,33.9,0.4690883159637451,-0.5055517781871894
COHFACE_s10_session2_natural,26,238,33.93333333333333,0.2729583978652954,-0.3829514164082926
COHFACE_s10_session2_natural,26,239,33.96666666666667,-0.039415910840034485,-0.2746557870212128
COHFACE_s10_session2_natural,27,0,27.0,-1.3188326358795166,0.16019218966672416
COHFACE_s10_session2_natural,27,1,27.033333333333335,-1.4082326889038086,0.5077881728864291
COHFACE_s10_session2_natural,27,2,27.066666666666666,-1.5014363527297974,0.804085836820609
COHFACE_s10_session2_natural,27,3,27.1,-1.4655052423477173,1.0130546751292322
COHFACE_s10_session2_natural,27,4,27.133333333333333,-0.6246379613876343,1.119966963261602
COHFACE_s10_session2_natural,27,5,27.166666666666668,0.9026435017585754,1.1338080583380488
COHFACE_s10_session2_natural,27,6,27.2,1.8226101398468018,1.0807745066472052
COHFACE_s10_session2_natural,27,7,27.233333333333334,1.7634069919586182,0.9909652694991467
COHFACE_s10_session2_natural,27,8,27.266666666666666,1.303227186203003,0.8854759213201889
COHFACE_s10_session2_natural,27,9,27.3,0.875255823135376,0.7718052752296752
COHFACE_s10_session2_natural,27,10,27.333333333333332,0.538765549659729,0.6494306698941408
COHFACE_s10_session2_natural,27,11,27.366666666666667,0.30360621213912964,0.5196270157321096
COHFACE_s10_session2_natural,27,12,27.4,0.28239205479621887,0.39073726759693916
COHFACE_s10_session2_natural,27,13,27.433333333333334,0.3576647937297821,0.2739812438801928
COHFACE_s10_session2_natural,27,14,27.466666666666665,0.3187046945095062,0.1726283955068267
COHFACE_s10_session2_natural,27,15,27.5,0.10644739866256714,0.07320722887644514
COHFACE_s10_session2_natural,27,16,27.533333333333335,-0.2095339000225067,-0.05312844730572168
COHFACE_s10_session2_natural,27,17,27.566666666666666,-0.5454692244529724,-0.23751810895607406
COHFACE_s10_session2_natural,27,18,27.6,-0.8313344717025757,-0.4952428886768374
COHFACE_s10_session2_natural,27,19,27.633333333333333,-1.0381697416305542,-0.8130225915450907
COHFACE_s10_session2_natural,27,20,27.666666666666668,-1.1628767251968384,-1.1487563765318645
COHFACE_s10_session2_natural,27,21,27.7,-1.225293755531311,-1.4430595454166193
COHFACE_s10_session2_natural,27,22,27.733333333333334,-1.2599762678146362,-1.635947051805077
COHFACE_s10_session2_natural,27,23,27.766666666666666,-1.3122082948684692,-1.6811682968092627
COHFACE_s10_session2_natural,27,24,27.8,-1.3904868364334106,-1.5546359720663845
COHFACE_s10_session2_natural,27,25,27.833333333333332,-1.4873899221420288,-1.2577114324042533
COHFACE_s10_session2_natural,27,26,27.866666666666667,-1.415550708770752,-0.8170300775269708
COHFACE_s10_session2_natural,27,27,27.9,-0.4778497815132141,-0.28117991002943427
COHFACE_s10_session2_natural,27,28,27.933333333333334,1.0130150318145752,0.28620921048489095
COHFACE_s10_session2_natural,27,29,27.966666666666665,1.79177725315094,0.8166451174515126
COHFACE_s10_session2_natural,27,30,28.0,1.653289794921875,1.248389825262633
COHFACE_s10_session2_natural,27,31,28.033333333333335,1.1520689725875854,1.536807877478594
COHFACE_s10_session2_natural,27,32,28.066666666666666,0.6700506210327148,1.6612186225459344
COHFACE_s10_session2_natural,27,33,28.1,0.3020917475223541,1.626879973574072
COHFACE_s10_session2_natural,27,34,28.133333333333333,0.1229562982916832,1.4611617602383333
COHFACE_s10_session2_natural,27,35,28.166666666666668,0.19309601187705994,1.2040496399300067
COHFACE_s10_session2_natural,27,36,28.2,0.31672778725624084,0.8956669209728766
COHFACE_s10_session2_natural,27,37,28.233333333333334,0.2792128324508667,0.5659791509296005
COHFACE_s10_session2_natural,27,38,28.266666666666666,0.058978527784347534,0.2318889242437385
COHFACE_s10_session2_natural,27,39,28.3,-0.2573380470275879,-0.09669087944311151
COHFACE_s10_session2_natural,27,40,28.333333333333332,-0.5904409289360046,-0.40612870935915835
COHFACE_s10_session2_natural,27,41,28.366666666666667,-0.8834046125411987,-0.6719176706114185
COHFACE_s10_session2_natural,27,42,28.4,-1.0803205966949463,-0.8614253900071908
COHFACE_s10_session2_natural,27,43,28.433333333333334,-1.1922991275787354,-0.9462887940503872
COHFACE_s10_session2_natural,27,44,28.466666666666665,-1.2468085289001465,-0.9170192835183545
COHFACE_s10_session2_natural,27,45,28.5,-1.2787742614746094,-0.7898295954404678
COHFACE_s10_session2_natural,27,46,28.533333333333335,-1.3203355073928833,-0.6003758419843862
COHFACE_s10_session2_natural,27,47,28.566666666666666,-1.3924058675765991,-0.3884277072432527
COHFACE_s10_session2_natural,27,48,28.6,-1.4866962432861328,-0.18494940950230948
COHFACE_s10_session2_natural,27,49,28.633333333333333,-1.3166013956069946,-0.011206575722299997
COHFACE_s10_session2_natural,27,50,28.666666666666668,-0.2185860425233841,0.11231321710370963
COHFACE_s10_session2_natural,27,51,28.7,1.2007863521575928,0.15968368023055957
COHFACE_s10_session2_natural,27,52,28.733333333333334,1.7883437871932983,0.10645604147214269
COHFACE_s10_session2_natural,27,53,28.766666666666666,1.5440165996551514,-0.05204734528719003
COHFACE_s10_session2_natural,27,54,28.8,1.0049686431884766,-0.2846617717726722
COHFACE_s10_session2_natural,27,55,28.833333333333332,0.4884180426597595,-0.525314493049399
COHFACE_s10_session2_natural,27,56,28.866666666666667,0.10951102524995804,-0.6940113590639602
COHFACE_s10_session2_natural,27,57,28.9,0.019810348749160767,-0.7268989555524101
COHFACE_s10_session2_natural,27,58,28.933333333333334,0.19867989420890808,-0.5997999160484042
COHFACE_s10_session2_natural,27,59,28.966666666666665,0.3580925464630127,-0.3349798178972741
COHFACE_s10_session2_natural,27,60,29.0,0.3050050735473633,0.009679815023587345
COHFACE_s10_session2_natural,27,61,29.033333333333335,0.06433120369911194,0.36197583573981623
COHFACE_s10_session2_natural,27,62,29.066666666666666,-0.2669566571712494,0.6569637454019411
COHFACE_s10_session2_natural,27,63,29.1,-0.5893195271492004,0.8511172650307746
COHFACE_s10_session2_natural,27,64,29.133333333333333,-0.8441439270973206,0.9270980935814873
COHFACE_s10_session2_natural,27,65,29.166666666666668,-1.014319658279419,0.891821487796958
COHFACE_s10_session2_natural,27,66,29.2,-1.1095926761627197,0.7711907307783196
COHFACE_s10_session2_natural,27,67,29.233333333333334,-1.1608072519302368,0.6030349799562831
COHFACE_s10_session2_natural,27,68,29.266666666666666,-1.2115709781646729,0.4284320061787218
COHFACE_s10_session2_natural,27,69,29.3,-1.2877570390701294,0.28199827729948795
COHFACE_s10_session2_natural,27,70,29.333333333333332,-1.304786205291748,0.18328240148638553
COHFACE_s10_session2_natural,27,71,29.366666666666667,-0.7261538505554199,0.1323197496243512
COHFACE_s10_session2_natural,27,72,29.4,0.5849974155426025,0.11139595375459517
COHFACE_s10_session2_natural,27,73,29.433333333333334,1.5384442806243896,0.09279658233820266
COHFACE_s10_session2_natural,27,74,29.466666666666665,1.5996012687683105,0.050170091389044595
COHFACE_s10_session2_natural,27,75,29.5,1.146230697631836,-0.03030835799944239
COHFACE_s10_session2_natural,27,76,29.533333333333335,0.5857489109039307,-0.1432450279216537
COHFACE_s10_session2_natural,27,77,29.566666666666666,0.10049355775117874,-0.2650619185313259
COHFACE_s10_session2_natural,27,78,29.6,-0.16570669412612915,-0.3632475761015101
COHFACE_s10_session2_natural,27,79,29.633333333333333,-0.056814998388290405,-0.41028701373852444
COHFACE_s10_session2_natural,27,80,29.666666666666668,0.1962752491235733,-0.39535424062784014
COHFACE_s10_session2_natural,27,81,29.7,0.2852013409137726,-0.3275198052450506
COHFACE_s10_session2_natural,27,82,29.733333333333334,0.14425139129161835,-0.2298817298980249
COHFACE_s10_session2_natural,27,83,29.766666666666666,-0.1346195489168167,-0.13005663615594323
COHFACE_s10_session2_natural,27,84,29.8,-0.4657108783721924,-0.053609321575757395
COHFACE_s10_session2_natural,27,85,29.833333333333332,-0.7484200596809387,-0.0225582901623172
COHFACE_s10_session2_natural,27,86,29.866666666666667,-0.9414631724357605,-0.05487924559782284
COHFACE_s10_session2_natural,27,87,29.9,-1.0599619150161743,-0.15940582357718824
COHFACE_s10_session2_natural,27,88,29.933333333333334,-1.1254079341888428,-0.3263640531350971
COHFACE_s10_session2_natural,27,89,29.966666666666665,-1.1755704879760742,-0.5208952882541028
COHFACE_s10_session2_natural,27,90,30.0,-1.2277909517288208,-0.6877535579791844
COHFACE_s10_session2_natural,27,91,30.033333333333335,-1.1757208108901978,-0.7687668155218851
COHFACE_s10_session2_natural,27,92,30.066666666666666,-0.41826513409614563,-0.7252393431275852
COHFACE_s10_session2_natural,27,93,30.1,0.956239640712738,-0.5526860535560423
COHFACE_s10_session2_natural,27,94,30.133333333333333,1.8014768362045288,-0.27963500414988773
COHFACE_s10_session2_natural,27,95,30.166666666666668,1.7568750381469727,0.04743985619991589
COHFACE_s10_session2_natural,27,96,30.2,1.279550552368164,0.38218616610079975
COHFACE_s10_session2_natural,27,97,30.233333333333334,0.7570114135742188,0.6881658974334954
COHFACE_s10_session2_natural,27,98,30.266666666666666,0.32445043325424194,0.9378724076952863
COHFACE_s10_session2_natural,27,99,30.3,0.1331876516342163,1.1079244406380053
COHFACE_s10_session2_natural,27,100,30.333333333333332,0.26668083667755127,1.178863730330821
COHFACE_s10_session2_natural,27,101,30.366666666666667,0.469909131526947,1.141777469228256
COHFACE_s10_session2_natural,27,102,30.4,0.4908342659473419,1.0062291161993746
COHFACE_s10_session2_natural,27,103,30.433333333333334,0.29723620414733887,0.8013201923031238
COHFACE_s10_session2_natural,27,104,30.466666666666665,-0.02390124462544918,0.5665473722779382
COHFACE_s10_session2_natural,27,105,30.5,-0.36714303493499756,0.3367285201710492
COHFACE_s10_session2_natural,27,106,30.533333333333335,-0.6531470417976379,0.12923587460317112
COHFACE_s10_session2_natural,27,107,30.566666666666666,-0.8309530019760132,-0.05992291325243262
COHFACE_s10_session2_natural,27,108,30.6,-0.9257404208183289,-0.24994534103749697
COHFACE_s10_session2_natural,27,109,30.633333333333333,-0.9808279275894165,-0.4624346450257881
COHFACE_s10_session2_natural,27,110,30.666666666666668,-1.0215452909469604,-0.7067712765335863
COHFACE_s10_session2_natural,27,111,30.7,-1.0707828998565674,-0.9685007906682651
COHFACE_s10_session2_natural,27,112,30.733333333333334,-1.0750489234924316,-1.2061835196737063
COHFACE_s10_session2_natural,27,113,30.766666666666666,-0.49184998869895935,-1.3606843062247234
COHFACE_s10_session2_natural,27,114,30.8,0.8966202735900879,-1.3752118051541715
COHFACE_s10_session2_natural,27,115,30.833333333333332,1.9713289737701416,-1.2179161538917516
COHFACE_s10_session2_natural,27,116,30.866666666666667,2.0925791263580322,-0.8965604388752308
COHFACE_s10_session2_natural,27,117,30.9,1.6591511964797974,-0.45876004572665535
COHFACE_s10_session2_natural,27,118,30.933333333333334,1.1578147411346436,0.020711533816441363
COHFACE_s10_session2_natural,27,119,30.966666666666665,0.7536009550094604,0.4583258669192661
COHFACE_s10_session2_natural,27,120,31.0,0.5009616017341614,0.7794662792746098
COHFACE_s10_session2_natural,27,121,31.033333333333335,0.5159329175949097,0.9330700191317403
COHFACE_s10_session2_natural,27,122,31.066666666666666,0.6601083278656006,0.9031415388195135
COHFACE_s10_session2_natural,27,123,31.1,0.6752761602401733,0.7155931757253178
COHFACE_s10_session2_natural,27,124,31.133333333333333,0.478094220161438,0.4360009631734658
COHFACE_s10_session2_natural,27,125,31.166666666666668,0.15170814096927643,0.1540753346730737
COHFACE_s10_session2_natural,27,126,31.2,-0.19255100190639496,-0.04365681003703057
COHFACE_s10_session2_natural,27,127,31.233333333333334,-0.47825440764427185,-0.10362530003628842
COHFACE_s10_session2_natural,27,128,31.266666666666666,-0.6786849498748779,-0.023944568046933068
COHFACE_s10_session2_natural,27,129,31.3,-0.8014727830886841,0.14800645369133167
COHFACE_s10_session2_natural,27,130,31.333333333333332,-0.8738552927970886,0.33881601144557694
COHFACE_s10_session2_natural,27,131,31.366666666666667,-0.9277982711791992,0.48121634654033524
COHFACE_s10_session2_natural,27,132,31.4,-0.9987472295761108,0.5381796414279745
COHFACE_s10_session2_natural,27,133,31.433333333333334,-1.0559272766113281,0.5074854852743355
COHFACE_s10_session2_natural,27,134,31.466666666666665,-0.643609344959259,0.40903477374355524
COHFACE_s10_session2_natural,27,135,31.5,0.6502700448036194,0.2681325726996351
COHFACE_s10_session2_natural,27,136,31.533333333333335,1.8703795671463013,0.1071089083036152
COHFACE_s10_session2_natural,27,137,31.566666666666666,2.154533863067627,-0.052633449789747905
COHFACE_s10_session2_natural,27,138,31.6,1.773638367652893,-0.18647659072562997
COHFACE_s10_session2_natural,27,139,31.633333333333333,1.279862642288208,-0.27017810435166945
COHFACE_s10_session2_natural,27,140,31.666666666666668,0.8768627643585205,-0.2918292154705608
COHFACE_s10_session2_natural,27,141,31.7,0.57663893699646,-0.262647249928612
COHFACE_s10_session2_natural,27,142,31.733333333333334,0.49378228187561035,-0.21621478670145022
COHFACE_s10_session2_natural,27,143,31.766666666666666,0.586685299873352,-0.19399231835623673
COHFACE_s10_session2_natural,27,144,31.8,0.6136799454689026,-0.22504760235165908
COHFACE_s10_session2_natural,27,145,31.833333333333332,0.4490533471107483,-0.31217070864167473
COHFACE_s10_session2_natural,27,146,31.866666666666667,0.14583523571491241,-0.43174809785646723
COHFACE_s10_session2_natural,27,147,31.9,-0.1945972740650177,-0.5459424204308359
COHFACE_s10_session2_natural,27,148,31.933333333333334,-0.4999310076236725,-0.6197188103271741
COHFACE_s10_session2_natural,27,149,31.966666666666665,-0.7190207839012146,-0.633989521392219
COHFACE_s10_session2_natural,27,150,32.0,-0.8452422022819519,-0.5887122332348292
COHFACE_s10_session2_natural,27,151,32.03333333333333,-0.9095321297645569,-0.4955351891923781
COHFACE_s10_session2_natural,27,152,32.06666666666667,-0.9655675888061523,-0.3662950868450032
COHFACE_s10_session2_natural,27,153,32.1,-1.040054202079773,-0.20612300180509696
COHFACE_s10_session2_natural,27,154,32.13333333333333,-1.118552327156067,-0.015386745776701474
COHFACE_s10_session2_natural,27,155,32.166666666666664,-0.8544908761978149,0.20238899827946716
COHFACE_s10_session2_natural,27,156,32.2,0.30698198080062866,0.43323340253347725
COHFACE_s10_session2_natural,27,157,32.233333333333334,1.6114857196807861,0.6518639829670995
COHFACE_s10_session2_natural,27,158,32.266666666666666,2.015052080154419,0.8291966697165561
COHFACE_s10_session2_natural,27,159,32.3,1.6688276529312134,0.944758726811573
COHFACE_s10_session2_natural,27,160,32.333333333333336,1.1635141372680664,0.9959709001799835
COHFACE_s10_session2_natural,27,161,32.36666666666667,0.7420979142189026,0.9967627204085407
COHFACE_s10_session2_natural,27,162,32.4,0.4258738160133362,0.9649486235234287
COHFACE_s10_session2_natural,27,163,32.43333333333333,0.34957218170166016,0.9062278604868564
COHFACE_s10_session2_natural,27,164,32.46666666666667,0.4638049900531769,0.8059991031357616
COHFACE_s10_session2_natural,27,165,32.5,0.5157016515731812,0.6357420906525452
COHFACE_s10_session2_natural,27,166,32.53333333333333,0.36954933404922485,0.3710065297367251
COHFACE_s10_session2_natural,27,167,32.56666666666667,0.07715219259262085,0.01005986716555072
COHFACE_s10_session2_natural,27,168,32.6,-0.25529175996780396,-0.41805361043901257
COHFACE_s10_session2_natural,27,169,32.63333333333333,-0.537168562412262,-0.8601456395741021
COHFACE_s10_session2_natural,27,170,32.666666666666664,-0.7392869591712952,-1.2548950089062774
COHFACE_s10_session2_natural,27,171,32.7,-0.8623059988021851,-1.5482493029092375
COHFACE_s10_session2_natural,27,172,32.733333333333334,-0.9267693758010864,-1.7016728239754042
COHFACE_s10_session2_natural,27,173,32.766666666666666,-0.978446364402771,-1.6939147650821993
COHFACE_s10_session2_natural,27,174,32.8,-1.0452566146850586,-1.5213137236304142
COHFACE_s10_session2_natural,27,175,32.833333333333336,-1.119754672050476,-1.2003632027342632
COHFACE_s10_session2_natural,27,176,32.86666666666667,-0.9233242273330688,-0.7710189198575349
COHFACE_s10_session2_natural,27,177,32.9,0.12760376930236816,-0.2949424815686709
COHFACE_s10_session2_natural,27,178,32.93333333333333,1.434165358543396,0.1561748011937883
COHFACE_s10_session2_natural,27,179,32.96666666666667,1.8951544761657715,0.5208650540056596
COHFACE_s10_session2_natural,27,180,33.0,1.5690112113952637,0.7679072143831273
COHFACE_s10_session2_natural,27,181,33.03333333333333,1.0440558195114136,0.9047468709948538
COHFACE_s10_session2_natural,27,182,33.06666666666667,0.5965582728385925,0.9685626196287107
COHFACE_s10_session2_natural,27,183,33.1,0.2830163538455963,1.0043995455861803
COHFACE_s10_session2_natural,27,184,33.13333333333333,0.24910834431648254,1.0425258813888034
COHFACE_s10_session2_natural,27,185,33.166666666666664,0.41119155287742615,1.0870245034765473
COHFACE_s10_session2_natural,27,186,33.2,0.48636022210121155,1.1194226589252627
COHFACE_s10_session2_natural,27,187,33.233333333333334,0.34279751777648926,1.111771300487232
COHFACE_s10_session2_natural,27,188,33.266666666666666,0.04557949677109718,1.0401028712979254
COHFACE_s10_session2_natural,27,189,33.3,-0.2873384654521942,0.8921066017076686
COHFACE_s10_session2_natural,27,190,33.333333333333336,-0.5593422651290894,0.6683433696882981
COHFACE_s10_session2_natural,27,191,33.36666666666667,-0.7331944108009338,0.3801425706222751
COHFACE_s10_session2_natural,27,192,33.4,-0.8334501385688782,0.04735329473036675
COHFACE_s10_session2_natural,27,193,33.43333333333333,-0.8956475257873535,-0.3030869768554008
COHFACE_s10_session2_natural,27,194,33.46666666666667,-0.9402724504470825,-0.6386167407928101
COHFACE_s10_session2_natural,27,195,33.5,-1.0013138055801392,-0.9240266547273273
COHFACE_s10_session2_natural,27,196,33.53333333333333,-1.061256766319275,-1.1270563137344367
COHFACE_s10_session2_natural,27,197,33.56666666666667,-0.7280035614967346,-1.226258603334828
COHFACE_s10_session2_natural,27,198,33.6,0.4434925615787506,-1.218610676979486
COHFACE_s10_session2_natural,27,199,33.63333333333333,1.5966763496398926,-1.122963945873648
COHFACE_s10_session2_natural,27,200,33.666666666666664,1.832945466041565,-0.9762032382721466
COHFACE_s10_session2_natural,27,201,33.7,1.4107893705368042,-0.8219623582639477
COHFACE_s10_session2_natural,27,202,33.733333333333334,0.8871403932571411,-0.6956186881719202
COHFACE_s10_session2_natural,27,203,33.766666666666666,0.46341192722320557,-0.6119066165934054
COHFACE_s10_session2_natural,27,204,33.8,0.22107328474521637,-0.5610112757542888
COHFACE_s10_session2_natural,27,205,33.833333333333336,0.2741954028606415,-0.515066882912208
COHFACE_s10_session2_natural,27,206,33.86666666666667,0.44713422656059265,-0.4413831582718463
COHFACE_s10_session2_natural,27,207,33.9,0.4690883159637451,-0.31533790214540847
COHFACE_s10_session2_natural,27,208,33.93333333333333,0.2729583978652954,-0.12735674474318193
COHFACE_s10_session2_natural,27,209,33.96666666666667,-0.039415910840034485,0.11672653428409652
COHFACE_s10_session2_natural,27,210,34.0,-0.3496283292770386,0.3983321111294716
COHFACE_s10_session2_natural,27,211,34.03333333333333,-0.5947531461715698,0.6883338469779119
COHFACE_s10_session2_natural,27,212,34.06666666666667,-0.7523160576820374,0.9498540519727264
COHFACE_s10_session2_natural,27,213,34.1,-0.8413230776786804,1.1457042933038244
COHFACE_s10_session2_natural,27,214,34.13333333333333,-0.895104169845581,1.2511598396624688
COHFACE_s10_session2_natural,27,215,34.166666666666664,-0.9538564085960388,1.2661029946016102
COHFACE_s10_session2_natural,27,216,34.2,-1.0359269380569458,1.217255955185482
COHFACE_s10_session2_natural,27,217,34.233333333333334,-1.0356148481369019,1.145567855992348
COHFACE_s10_session2_natural,27,218,34.266666666666666,-0.3880566358566284,1.0842399384527248
COHFACE_s10_session2_natural,27,219,34.3,0.9317190647125244,1.0405795967090912
COHFACE_s10_session2_natural,27,220,34.333333333333336,1.776933193206787,0.992586377383008
COHFACE_s10_session2_natural,27,221,34.36666666666667,1.7032674551010132,0.9013320552630593
COHFACE_s10_session2_natural,27,222,34.4,1.2157692909240723,0.7305923527036153
COHFACE_s10_session2_natural,27,223,34.43333333333333,0.7328376770019531,0.4625764906191864
COHFACE_s10_session2_natural,27,224,34.46666666666667,0.34727156162261963,0.1042533125390415
COHFACE_s10_session2_natural,27,225,34.5,0.1950613558292389,-0.31383104551747537
COHFACE_s10_session2_natural,27,226,34.53333333333333,0.31820759177207947,-0.7421111114418173
COHFACE_s10_session2_natural,27,227,34.56666666666667,0.45709970593452454,-1.1186023592684378
COHFACE_s10_session2_natural,27,228,34.6,0.4024977684020996,-1.3795233923679207
COHFACE_s10_session2_natural,27,229,34.63333333333333,0.15895679593086243,-1.4752356131196036
COHFACE_s10_session2_natural,27,230,34.666666666666664,-0.1544232964515686,-1.3874673015543153
COHFACE_s10_session2_natural,27,231,34.7,-0.4477800130844116,-1.1392496195368742
COHFACE_s10_session2_natural,27,232,34.733333333333334,-0.6636443138122559,-0.7907057798268133
COHFACE_s10_session2_natural,27,233,34.766666666666666,-0.7927905917167664,-0.4211248749463082
COHFACE_s10_session2_natural,27,234,34.8,-0.8691037893295288,-0.10556116412752788
COHFACE_s10_session2_natural,27,235,34.833333333333336,-0.9428735971450806,0.10343471847986983
COHFACE_s10_session2_natural,27,236,34.86666666666667,-1.017996072769165,0.18339416483257553
COHFACE_s10_session2_natural,27,237,34.9,-1.0609678030014038,0.1403171643015942
COHFACE_s10_session2_natural,27,238,34.93333333333333,-0.6873324513435364,0.002333397468661791
COHFACE_s10_session2_natural,27,239,34.96666666666667,0.49793264269828796,-0.18799642409918127
COHFACE_s10_session2_natural,28,0,28.0,1.653289794921875,0.10826817400821465
COHFACE_s10_session2_natural,28,1,28.033333333333335,1.1520689725875854,0.5743230904608593
COHFACE_s10_session2_natural,28,2,28.066666666666666,0.6700506210327148,0.9519205546109013
COHFACE_s10_session2_natural,28,3,28.1,0.3020917475223541,1.1756221732032577
COHFACE_s10_session2_natural,28,4,28.133333333333333,0.1229562982916832,1.2127590994236583
COHFACE_s10_session2_natural,28,5,28.166666666666668,0.19309601187705994,1.0701957044465935
COHFACE_s10_session2_natural,28,6,28.2,0.31672778725624084,0.7902569936318032
COHFACE_s10_session2_natural,28,7,28.233333333333334,0.2792128324508667,0.4365104336525064
COHFACE_s10_session2_natural,28,8,28.266666666666666,0.058978527784347534,0.07515247006878137
COHFACE_s10_session2_natural,28,9,28.3,-0.2573380470275879,-0.24024829627836952
COHFACE_s10_session2_natural,28,10,28.333333333333332,-0.5904409289360046,-0.4761367245615133
COHFACE_s10_session2_natural,28,11,28.366666666666667,-0.8834046125411987,-0.6192462335973025
COHFACE_s10_session2_natural,28,12,28.4,-1.0803205966949463,-0.6733698778512064
COHFACE_s10_session2_natural,28,13,28.433333333333334,-1.1922991275787354,-0.655470842715062
COHFACE_s10_session2_natural,28,14,28.466666666666665,-1.2468085289001465,-0.5912637158665057
COHFACE_s10_session2_natural,28,15,28.5,-1.2787742614746094,-0.508668503568279
COHFACE_s10_session2_natural,28,16,28.533333333333335,-1.3203355073928833,-0.4288255911450941
COHFACE_s10_session2_natural,28,17,28.566666666666666,-1.3924058675765991,-0.35800148893233225
COHFACE_s10_session2_natural,28,18,28.6,-1.4866962432861328,-0.2865246801003908
COHFACE_s10_session2_natural,28,19,28.633333333333333,-1.3166013956069946,-0.1984164352537038
COHFACE_s10_session2_natural,28,20,28.666666666666668,-0.2185860425233841,-0.08718508478907348
COHFACE_s10_session2_natural,28,21,28.7,1.2007863521575928,0.033366993472958274
COHFACE_s10_session2_natural,28,22,28.733333333333334,1.7883437871932983,0.1323727850523244
COHFACE_s10_session2_natural,28,23,28.766666666666666,1.5440165996551514,0.17839828609935557
COHFACE_s10_session2_natural,28,24,28.8,1.0049686431884766,0.15808552130270367
COHFACE_s10_session2_natural,28,25,28.833333333333332,0.4884180426597595,0.08386459740639415
COHFACE_s10_session2_natural,28,26,28.866666666666667,0.10951102524995804,-0.013204098242503737
COHFACE_s10_session2_natural,28,27,28.9,0.019810348749160767,-0.09834065646151306
COHFACE_s10_session2_natural,28,28,28.933333333333334,0.19867989420890808,-0.1456356749703899
COHFACE_s10_session2_natural,28,29,28.966666666666665,0.3580925464630127,-0.14300083784496675
COHFACE_s10_session2_natural,28,30,29.0,0.3050050735473633,-0.09061065044978199
COHFACE_s10_session2_natural,28,31,29.033333333333335,0.06433120369911194,0.002620033747941646
COHFACE_s10_session2_natural,28,32,29.066666666666666,-0.2669566571712494,0.12116093051416871
COHFACE_s10_session2_natural,28,33,29.1,-0.5893195271492004,0.24388806089018428
COHFACE_s10_session2_natural,28,34,29.133333333333333,-0.8441439270973206,0.3468265767782007
COHFACE_s10_session2_natural,28,35,29.166666666666668,-1.014319658279419,0.409488993030426
COHFACE_s10_session2_natural,28,36,29.2,-1.1095926761627197,0.4227885620712895
COHFACE_s10_session2_natural,28,37,29.233333333333334,-1.1608072519302368,0.3935742530914011
COHFACE_s10_session2_natural,28,38,29.266666666666666,-1.2115709781646729,0.3420910698919748
COHFACE_s10_session2_natural,28,39,29.3,-1.2877570390701294,0.2928717898973861
COHFACE_s10_session2_natural,28,40,29.333333333333332,-1.304786205291748,0.26339927146476394
COHFACE_s10_session2_natural,28,41,29.366666666666667,-0.7261538505554199,0.25614125274400346
COHFACE_s10_session2_natural,28,42,29.4,0.5849974155426025,0.2577721568398887
COHFACE_s10_session2_natural,28,43,29.433333333333334,1.5384442806243896,0.2457808024119673
COHFACE_s10_session2_natural,28,44,29.466666666666665,1.5996012687683105,0.19922833105519663
COHFACE_s10_session2_natural,28,45,29.5,1.146230697631836,0.10883798305117809
COHFACE_s10_session2_natural,28,46,29.533333333333335,0.5857489109039307,-0.017617975504975188
COHFACE_s10_session2_natural,28,47,29.566666666666666,0.10049355775117874,-0.15657193826407262
COHFACE_s10_session2_natural,28,48,29.6,-0.16570669412612915,-0.2763116691789874
COHFACE_s10_session2_natural,28,49,29.633333333333333,-0.056814998388290405,-0.34859284545323566
COHFACE_s10_session2_natural,28,50,29.666666666666668,0.1962752491235733,-0.35975267575340547
COHFACE_s10_session2_natural,28,51,29.7,0.2852013409137726,-0.31648498778152423
COHFACE_s10_session2_natural,28,52,29.733333333333334,0.14425139129161835,-0.24371018807613
COHFACE_s10_session2_natural,28,53,29.766666666666666,-0.1346195489168167,-0.17570883835212645
COHFACE_s10_session2_natural,28,54,29.8,-0.4657108783721924,-0.1445996666315797
COHFACE_s10_session2_natural,28,55,29.833333333333332,-0.7484200596809387,-0.17046695270002182
COHFACE_s10_session2_natural,28,56,29.866666666666667,-0.9414631724357605,-0.25515901172397953
COHFACE_s10_session2_natural,28,57,29.9,-1.0599619150161743,-0.3800515385953515
COHFACE_s10_session2_natural,28,58,29.933333333333334,-1.1254079341888428,-0.5088434059512998
COHFACE_s10_session2_natural,28,59,29.966666666666665,-1.1755704879760742,-0.5971058011267683
COHFACE_s10_session2_natural,28,60,30.0,-1.2277909517288208,-0.6077953802460214
COHFACE_s10_session2_natural,28,61,30.033333333333335,-1.1757208108901978,-0.5271934428389079
COHFACE_s10_session2_natural,28,62,30.066666666666666,-0.41826513409614563,-0.37245885823782204
COHFACE_s10_session2_natural,28,63,30.1,0.956239640712738,-0.18425056861212435
COHFACE_s10_session2_natural,28,64,30.133333333333333,1.8014768362045288,-0.006308024423466634
COHFACE_s10_session2_natural,28,65,30.166666666666668,1.7568750381469727,0.13693556501715212
COHFACE_s10_session2_natural,28,66,30.2,1.279550552368164,0.2507298272309606
COHFACE_s10_session2_natural,28,67,30.233333333333334,0.7570114135742188,0.3612443353822772
COHFACE_s10_session2_natural,28,68,30.266666666666666,0.32445043325424194,0.49384728915095155
COHFACE_s10_session2_natural,28,69,30.3,0.1331876516342163,0.6536658346834878
COHFACE_s10_session2_natural,28,70,30.333333333333332,0.26668083667755127,0.820562121732371
COHFACE_s10_session2_natural,28,71,30.366666666666667,0.469909131526947,0.9594823502011922
COHFACE_s10_session2_natural,28,72,30.4,0.4908342659473419,1.0373344687681803
COHFACE_s10_session2_natural,28,73,30.433333333333334,0.29723620414733887,1.035316464516733
COHFACE_s10_session2_natural,28,74,30.466666666666665,-0.02390124462544918,0.9513222607277068
COHFACE_s10_session2_natural,28,75,30.5,-0.36714303493499756,0.7949435469282201
COHFACE_s10_session2_natural,28,76,30.533333333333335,-0.6531470417976379,0.5812802878201878
COHFACE_s10_session2_natural,28,77,30.566666666666666,-0.8309530019760132,0.32783299644650754
COHFACE_s10_session2_natural,28,78,30.6,-0.9257404208183289,0.05403204811610038
COHFACE_s10_session2_natural,28,79,30.633333333333333,-0.9808279275894165,-0.21970816256760645
COHFACE_s10_session2_natural,28,80,30.666666666666668,-1.0215452909469604,-0.47469155671289504
COHFACE_s10_session2_natural,28,81,30.7,-1.0707828998565674,-0.6965876729701745
COHFACE_s10_session2_natural,28,82,30.733333333333334,-1.0750489234924316,-0.8758891488206154
COHFACE_s10_session2_natural,28,83,30.766666666666666,-0.49184998869895935,-1.0061422472919461
COHFACE_s10_session2_natural,28,84,30.8,0.8966202735900879,-1.0818459568486538
COHFACE_s10_session2_natural,28,85,30.833333333333332,1.9713289737701416,-1.0979292439694417
COHFACE_s10_session2_natural,28,86,30.866666666666667,2.0925791263580322,-1.0509572703587495
COHFACE_s10_session2_natural,28,87,30.9,1.6591511964797974,-0.940997017290849
COHFACE_s10_session2_natural,28,88,30.933333333333334,1.1578147411346436,-0.7738198019807361
COHFACE_s10_session2_natural,28,89,30.966666666666665,0.7536009550094604,-0.5637445855103077
COHFACE_s10_session2_natural,28,90,31.0,0.5009616017341614,-0.33590839948918494
COHFACE_s10_session2_natural,28,91,31.033333333333335,0.5159329175949097,-0.12468829640204253
COHFACE_s10_session2_natural,28,92,31.066666666666666,0.6601083278656006,0.034686339920659864
COHFACE_s10_session2_natural,28,93,31.1,0.6752761602401733,0.12031103335422647
COHFACE_s10_session2_natural,28,94,31.133333333333333,0.478094220161438,0.13676552390470142
COHFACE_s10_session2_natural,28,95,31.166666666666668,0.15170814096927643,0.11810612179210547
COHFACE_s10_session2_natural,28,96,31.2,-0.19255100190639496,0.11614772785450171
COHFACE_s10_session2_natural,28,97,31.233333333333334,-0.47825440764427185,0.17819484578705289
COHFACE_s10_session2_natural,28,98,31.266666666666666,-0.6786849498748779,0.3252392564821723
COHFACE_s10_session2_natural,28,99,31.3,-0.8014727830886841,0.5420803982399196
COHFACE_s10_session2_natural,28,100,31.333333333333332,-0.8738552927970886,0.7841225687539941
COHFACE_s10_session2_natural,28,101,31.366666666666667,-0.9277982711791992,0.9960553296364482
COHFACE_s10_session2_natural,28,102,31.4,-0.9987472295761108,1.131412242451662
COHFACE_s10_session2_natural,28,103,31.433333333333334,-1.0559272766113281,1.1633864050847826
COHFACE_s10_session2_natural,28,104,31.466666666666665,-0.643609344959259,1.08537695824269
COHFACE_s10_session2_natural,28,105,31.5,0.6502700448036194,0.9072009972718609
COHFACE_s10_session2_natural,28,106,31.533333333333335,1.8703795671463013,0.6531005480098496
COHFACE_s10_session2_natural,28,107,31.566666666666666,2.154533863067627,0.36155234485378873
COHFACE_s10_session2_natural,28,108,31.6,1.773638367652893,0.08076033831917158
COHFACE_s10_session2_natural,28,109,31.633333333333333,1.279862642288208,-0.14512787458790452
COHFACE_s10_session2_natural,28,110,31.666666666666668,0.8768627643585205,-0.2945310812301503
COHFACE_s10_session2_natural,28,111,31.7,0.57663893699646,-0.3791359135341914
COHFACE_s10_session2_natural,28,112,31.733333333333334,0.49378228187561035,-0.4372160579776289
COHFACE_s10_session2_natural,28,113,31.766666666666666,0.586685299873352,-0.5115633365276662
COHFACE_s10_session2_natural,28,114,31.8,0.6136799454689026,-0.6250063369840765
COHFACE_s10_session2_natural,28,115,31.833333333333332,0.4490533471107483,-0.7684565390392526
COHFACE_s10_session2_natural,28,116,31.866666666666667,0.14583523571491241,-0.9074285191953076
COHFACE_s10_session2_natural,28,117,31.9,-0.1945972740650177,-1.0008576956951067
COHFACE_s10_session2_natural,28,118,31.933333333333334,-0.4999310076236725,-1.0200983400334713
COHFACE_s10_session2_natural,28,119,31.966666666666665,-0.7190207839012146,-0.9583026924803733
COHFACE_s10_session2_natural,28,120,32.0,-0.8452422022819519,-0.8276070474955143
COHFACE_s10_session2_natural,28,121,32.03333333333333,-0.9095321297645569,-0.6486806592229244
COHFACE_s10_session2_natural,28,122,32.06666666666667,-0.9655675888061523,-0.4402284839741597
COHFACE_s10_session2_natural,28,123,32.1,-1.040054202079773,-0.21409923224188143
COHFACE_s10_session2_natural,28,124,32.13333333333333,-1.118552327156067,0.023209140259869657
COHFACE_s10_session2_natural,28,125,32.166666666666664,-0.8544908761978149,0.2658378358228704
COHFACE_s10_session2_natural,28,126,32.2,0.30698198080062866,0.5044586510768033
COHFACE_s10_session2_natural,28,127,32.233333333333334,1.6114857196807861,0.7250862678431865
COHFACE_s10_session2_natural,28,128,32.266666666666666,2.015052080154419,0.9115732172402905
COHFACE_s10_session2_natural,28,129,32.3,1.6688276529312134,1.0506192074055531
COHFACE_s10_session2_natural,28,130,32.333333333333336,1.1635141372680664,1.135740176792724
COHFACE_s10_session2_natural,28,131,32.36666666666667,0.7420979142189026,1.1664478134770926
COHFACE_s10_session2_natural,28,132,32.4,0.4258738160133362,1.1425111302432809
COHFACE_s10_session2_natural,28,133,32.43333333333333,0.34957218170166016,1.0577543848878457
COHFACE_s10_session2_natural,28,134,32.46666666666667,0.4638049900531769,0.89931117006328
COHFACE_s10_session2_natural,28,135,32.5,0.5157016515731812,0.6551003835198039
COHFACE_s10_session2_natural,28,136,32.53333333333333,0.36954933404922485,0.32623966524042114
COHFACE_s10_session2_natural,28,137,32.56666666666667,0.07715219259262085,-0.06344292078531825
COHFACE_s10_session2_natural,28,138,32.6,-0.25529175996780396,-0.4679667433429381
COHFACE_s10_session2_natural,28,139,32.63333333333333,-0.537168562412262,-0.8311733429601045
COHFACE_s10_session2_natural,28,140,32.666666666666664,-0.7392869591712952,-1.1041344582252852
COHFACE_s10_session2_natural,28,141,32.7,-0.8623059988021851,-1.258796073807293
COHFACE_s10_session2_natural,28,142,32.733333333333334,-0.9267693758010864,-1.2922394818635603
COHFACE_s10_session2_natural,28,143,32.766666666666666,-0.978446364402771,-1.2222023587752306
COHFACE_s10_session2_natural,28,144,32.8,-1.0452566146850586,-1.0780576848666819
COHFACE_s10_session2_natural,28,145,32.833333333333336,-1.119754672050476,-0.8914985979654148
COHFACE_s10_session2_natural,28,146,32.86666666666667,-0.9233242273330688,-0.6895168251040763
COHFACE_s10_session2_natural,28,147,32.9,0.12760376930236816,-0.49028035438524337
COHFACE_s10_session2_natural,28,148,32.93333333333333,1.434165358543396,-0.30122431944301814
COHFACE_s10_session2_natural,28,149,32.96666666666667,1.8951544761657715,-0.11897593162053952
COHFACE_s10_session2_natural,28,150,33.0,1.5690112113952637,0.06780610541486597
COHFACE_s10_session2_natural,28,151,33.03333333333333,1.0440558195114136,0.2714840727520752
COHFACE_s10_session2_natural,28,152,33.06666666666667,0.5965582728385925,0.4958942284044538
COHFACE_s10_session2_natural,28,153,33.1,0.2830163538455963,0.7289845262691312
COHFACE_s10_session2_natural,28,154,33.13333333333333,0.24910834431648254,0.9429312303070155
COHFACE_s10_session2_natural,28,155,33.166666666666664,0.41119155287742615,1.1034816542081294
COHFACE_s10_session2_natural,28,156,33.2,0.48636022210121155,1.1842901032827586
COHFACE_s10_session2_natural,28,157,33.233333333333334,0.34279751777648926,1.1779038012592191
COHFACE_s10_session2_natural,28,158,33.266666666666666,0.04557949677109718,1.0964211357922933
COHFACE_s10_session2_natural,28,159,33.3,-0.2873384654521942,0.9613753161056287
COHFACE_s10_session2_natural,28,160,33.333333333333336,-0.5593422651290894,0.7900309906747722
COHFACE_s10_session2_natural,28,161,33.36666666666667,-0.7331944108009338,0.5877967819934548
COHFACE_s10_session2_natural,28,162,33.4,-0.8334501385688782,0.3511234846783567
COHFACE_s10_session2_natural,28,163,33.43333333333333,-0.8956475257873535,0.07720208904057571
COHFACE_s10_session2_natural,28,164,33.46666666666667,-0.9402724504470825,-0.22715099369787617
COHFACE_s10_session2_natural,28,165,33.5,-1.0013138055801392,-0.543000745890345
COHFACE_s10_session2_natural,28,166,33.53333333333333,-1.061256766319275,-0.843372617379411
COHFACE_s10_session2_natural,28,167,33.56666666666667,-0.7280035614967346,-1.100048230290978
COHFACE_s10_session2_natural,28,168,33.6,0.4434925615787506,-1.2894437081207528
COHFACE_s10_session2_natural,28,169,33.63333333333333,1.5966763496398926,-1.3963397523685
COHFACE_s10_session2_natural,28,170,33.666666666666664,1.832945466041565,-1.4155617815192307
COHFACE_s10_session2_natural,28,171,33.7,1.4107893705368042,-1.3517028761736305
COHFACE_s10_session2_natural,28,172,33.733333333333334,0.8871403932571411,-1.2168673406789372
COHFACE_s10_session2_natural,28,173,33.766666666666666,0.46341192722320557,-1.0267410190262036
COHFACE_s10_session2_natural,28,174,33.8,0.22107328474521637,-0.7959607856933302
COHFACE_s10_session2_natural,28,175,33.833333333333336,0.2741954028606415,-0.5343146012769479
COHFACE_s10_session2_natural,28,176,33.86666666666667,0.44713422656059265,-0.24534033376187261
COHFACE_s10_session2_natural,28,177,33.9,0.4690883159637451,0.07160809959968449
COHFACE_s10_session2_natural,28,178,33.93333333333333,0.2729583978652954,0.41578602482615784
COHFACE_s10_session2_natural,28,179,33.96666666666667,-0.039415910840034485,0.777783509895198
COHFACE_s10_session2_natural,28,180,34.0,-0.3496283292770386,1.1344370334353318
COHFACE_s10_session2_natural,28,181,34.03333333333333,-0.5947531461715698,1.449824765054563
COHFACE_s10_session2_natural,28,182,34.06666666666667,-0.7523160576820374,1.6830843877934367
COHFACE_s10_session2_natural,28,183,34.1,-0.8413230776786804,1.8000348105420882
COHFACE_s10_session2_natural,28,184,34.13333333333333,-0.895104169845581,1.7840503283572258
COHFACE_s10_session2_natural,28,185,34.166666666666664,-0.9538564085960388,1.6419127395747901
COHFACE_s10_session2_natural,28,186,34.2,-1.0359269380569458,1.401449303022141
COHFACE_s10_session2_natural,28,187,34.233333333333334,-1.0356148481369019,1.1008121748141604
COHFACE_s10_session2_natural,28,188,34.266666666666666,-0.3880566358566284,0.7742733948882038
COHFACE_s10_session2_natural,28,189,34.3,0.9317190647125244,0.4423248612204319
COHFACE_s10_session2_natural,28,190,34.333333333333336,1.776933193206787,0.11120117838358247
COHFACE_s10_session2_natural,28,191,34.36666666666667,1.7032674551010132,-0.2196129267567422
COHFACE_s10_session2_natural,28,192,34.4,1.2157692909240723,-0.5488369047857342
COHFACE_s10_session2_natural,28,193,34.43333333333333,0.7328376770019531,-0.8702967571234118
COHFACE_s10_session2_natural,28,194,34.46666666666667,0.34727156162261963,-1.1750445562150178
COHFACE_s10_session2_natural,28,195,34.5,0.1950613558292389,-1.4526390596291907
COHFACE_s10_session2_natural,28,196,34.53333333333333,0.31820759177207947,-1.6871748738997485
COHFACE_s10_session2_natural,28,197,34.56666666666667,0.45709970593452454,-1.8509627032302887
COHFACE_s10_session2_natural,28,198,34.6,0.4024977684020996,-1.9047434139040231
COHFACE_s10_session2_natural,28,199,34.63333333333333,0.15895679593086243,-1.8110699965069097
COHFACE_s10_session2_natural,28,200,34.666666666666664,-0.1544232964515686,-1.5565428165754773
COHFACE_s10_session2_natural,28,201,34.7,-0.4477800130844116,-1.1686786373506037
COHFACE_s10_session2_natural,28,202,34.733333333333334,-0.6636443138122559,-0.7141348043094341
COHFACE_s10_session2_natural,28,203,34.766666666666666,-0.7927905917167664,-0.27634031856119756
COHFACE_s10_session2_natural,28,204,34.8,-0.8691037893295288,0.07582924667817284
COHFACE_s10_session2_natural,28,205,34.833333333333336,-0.9428735971450806,0.3111484940016304
COHFACE_s10_session2_natural,28,206,34.86666666666667,-1.017996072769165,0.4406058444176176
COHFACE_s10_session2_natural,28,207,34.9,-1.0609678030014038,0.5051078600691518
COHFACE_s10_session2_natural,28,208,34.93333333333333,-0.6873324513435364,0.5552267291525083
COHFACE_s10_session2_natural,28,209,34.96666666666667,0.49793264269828796,0.6319625494965635
COHFACE_s10_session2_natural,28,210,35.0,1.6168731451034546,0.7535763685091161
COHFACE_s10_session2_natural,28,211,35.03333333333333,1.8253037929534912,0.9103719269782389
COHFACE_s10_session2_natural,28,212,35.06666666666667,1.4203848838806152,1.0688881425019767
COHFACE_s10_session2_natural,28,213,35.1,0.920412540435791,1.1857711066115662
COHFACE_s10_session2_natural,28,214,35.13333333333333,0.4934239089488983,1.2267698287531987
COHFACE_s10_session2_natural,28,215,35.166666666666664,0.22511957585811615,1.1816495945877363
COHFACE_s10_session2_natural,28,216,35.2,0.24968639016151428,1.066655114383821
COHFACE_s10_session2_natural,28,217,35.233333333333334,0.39871737360954285,0.9133158444514717
COHFACE_s10_session2_natural,28,218,35.266666666666666,0.42046335339546204,0.7516159886169907
COHFACE_s10_session2_natural,28,219,35.3,0.245247021317482,0.5989157867376625
COHFACE_s10_session2_natural,28,220,35.333333333333336,-0.0580635704100132,0.45969167325049803
COHFACE_s10_session2_natural,28,221,35.36666666666667,-0.38232243061065674,0.33172259080569444
COHFACE_s10_session2_natural,28,222,35.4,-0.6344068646430969,0.21062653111434515
COHFACE_s10_session2_natural,28,223,35.43333333333333,-0.7857269048690796,0.08879658188132747
COHFACE_s10_session2_natural,28,224,35.46666666666667,-0.877797544002533,-0.04745622694379504
COHFACE_s10_session2_natural,28,225,35.5,-0.9505037665367126,-0.21520782831460522
COHFACE_s10_session2_natural,28,226,35.53333333333333,-1.0277303457260132,-0.4242620497706549
COHFACE_s10_session2_natural,28,227,35.56666666666667,-1.0636845827102661,-0.6644821846822916
COHFACE_s10_session2_natural,28,228,35.6,-0.5729494094848633,-0.9009408380514231
COHFACE_s10_session2_natural,28,229,35.63333333333333,0.7405949831008911,-1.0828543903548575
COHFACE_s10_session2_natural,28,230,35.666666666666664,1.8305755853652954,-1.1631639973069008
COHFACE_s10_session2_natural,28,231,35.7,1.9438951015472412,-1.118350869369763
COHFACE_s10_session2_natural,28,232,35.733333333333334,1.4932066202163696,-0.9582755337971985
COHFACE_s10_session2_natural,28,233,35.766666666666666,1.0125178098678589,-0.7222698552010123
COHFACE_s10_session2_natural,28,234,35.8,0.6201308965682983,-0.4651831067965354
COHFACE_s10_session2_natural,28,235,35.833333333333336,0.357953816652298,-0.24075218587496774
COHFACE_s10_session2_natural,28,236,35.86666666666667,0.35734108090400696,-0.08802876597329047
COHFACE_s10_session2_natural,28,237,35.9,0.47592076659202576,-0.023094476264378737
COHFACE_s10_session2_natural,28,238,35.93333333333333,0.4598396122455597,-0.03666583035805753
COHFACE_s10_session2_natural,28,239,35.96666666666667,0.25277313590049744,-0.09788061032429086
COHFACE_s10_session2_natural,29,0,29.0,0.3050050735473633,-0.056811514058797905
COHFACE_s10_session2_natural,29,1,29.033333333333335,0.06433120369911194,0.25699246250274266
COHFACE_s10_session2_natural,29,2,29.066666666666666,-0.2669566571712494,0.5032381792834786
COHFACE_s10_session2_natural,29,3,29.1,-0.5893195271492004,0.631532253341169
COHFACE_s10_session2_natural,29,4,29.133333333333333,-0.8441439270973206,0.6228666664601109
COHFACE_s10_session2_natural,29,5,29.166666666666668,-1.014319658279419,0.4957499615270243
COHFACE_s10_session2_natural,29,6,29.2,-1.1095926761627197,0.30075836904575565
COHFACE_s10_session2_natural,29,7,29.233333333333334,-1.1608072519302368,0.1034940090876588
COHFACE_s10_session2_natural,29,8,29.266666666666666,-1.2115709781646729,-0.038208055775652075
COHFACE_s10_session2_natural,29,9,29.3,-1.2877570390701294,-0.09326060192119619
COHFACE_s10_session2_natural,29,10,29.333333333333332,-1.304786205291748,-0.06460504929605172
COHFACE_s10_session2_natural,29,11,29.366666666666667,-0.7261538505554199,0.017211829248341696
COHFACE_s10_session2_natural,29,12,29.4,0.5849974155426025,0.10979800044542636
COHFACE_s10_session2_natural,29,13,29.433333333333334,1.5384442806243896,0.17624749825353597
COHFACE_s10_session2_natural,29,14,29.466666666666665,1.5996012687683105,0.19725640187937346
COHFACE_s10_session2_natural,29,15,29.5,1.146230697631836,0.1749076573902975
COHFACE_s10_session2_natural,29,16,29.533333333333335,0.5857489109039307,0.1286593438158501
COHFACE_s10_session2_natural,29,17,29.566666666666666,0.10049355775117874,0.08625913926254342
COHFACE_s10_session2_natural,29,18,29.6,-0.16570669412612915,0.0729181569271299
COHFACE_s10_session2_natural,29,19,29.633333333333333,-0.056814998388290405,0.1018257401522996
COHFACE_s10_session2_natural,29,20,29.666666666666668,0.1962752491235733,0.16860772750790687
COHFACE_s10_session2_natural,29,21,29.7,0.2852013409137726,0.25141281953309
COHFACE_s10_session2_natural,29,22,29.733333333333334,0.14425139129161835,0.31668939695966153
COHFACE_s10_session2_natural,29,23,29.766666666666666,-0.1346195489168167,0.3289472935699554
COHFACE_s10_session2_natural,29,24,29.8,-0.4657108783721924,0.2616774748749496
COHFACE_s10_session2_natural,29,25,29.833333333333332,-0.7484200596809387,0.10645243128626679
COHFACE_s10_session2_natural,29,26,29.866666666666667,-0.9414631724357605,-0.12216573615772928
COHFACE_s10_session2_natural,29,27,29.9,-1.0599619150161743,-0.38758596819826396
COHFACE_s10_session2_natural,29,28,29.933333333333334,-1.1254079341888428,-0.6390246627314916
COHFACE_s10_session2_natural,29,29,29.966666666666665,-1.1755704879760742,-0.8254821292738554
COHFACE_s10_session2_natural,29,30,30.0,-1.2277909517288208,-0.911913210807128
COHFACE_s10_session2_natural,29,31,30.033333333333335,-1.1757208108901978,-0.8909477354618327
COHFACE_s10_session2_natural,29,32,30.066666666666666,-0.41826513409614563,-0.7838704679073436
COHFACE_s10_session2_natural,29,33,30.1,0.956239640712738,-0.6288973172349961
COHFACE_s10_session2_natural,29,34,30.133333333333333,1.8014768362045288,-0.46155847196487604
COHFACE_s10_session2_natural,29,35,30.166666666666668,1.7568750381469727,-0.29727813730606745
COHFACE_s10_session2_natural,29,36,30.2,1.279550552368164,-0.12620686514651416
COHFACE_s10_session2_natural,29,37,30.233333333333334,0.7570114135742188,0.07602733566864704
COHFACE_s10_session2_natural,29,38,30.266666666666666,0.32445043325424194,0.32773959088341925
COHFACE_s10_session2_natural,29,39,30.3,0.1331876516342163,0.6231505743038066
COHFACE_s10_session2_natural,29,40,30.333333333333332,0.26668083667755127,0.9272041792083201
COHFACE_s10_session2_natural,29,41,30.366666666666667,0.469909131526947,1.1854596891059355
COHFACE_s10_session2_natural,29,42,30.4,0.4908342659473419,1.3430490338791417
COHFACE_s10_session2_natural,29,43,30.433333333333334,0.29723620414733887,1.3630388229802124
COHFACE_s10_session2_natural,29,44,30.466666666666665,-0.02390124462544918,1.2367896370206757
COHFACE_s10_session2_natural,29,45,30.5,-0.36714303493499756,0.9841010530695904
COHFACE_s10_session2_natural,29,46,30.533333333333335,-0.6531470417976379,0.6451637259664924
COHFACE_s10_session2_natural,29,47,30.566666666666666,-0.8309530019760132,0.2682604165715877
COHFACE_s10_session2_natural,29,48,30.6,-0.9257404208183289,-0.10267702453192375
COHFACE_s10_session2_natural,29,49,30.633333333333333,-0.9808279275894165,-0.4370901407859935
COHFACE_s10_session2_natural,29,50,30.666666666666668,-1.0215452909469604,-0.7206452372151424
COHFACE_s10_session2_natural,29,51,30.7,-1.0707828998565674,-0.9511101812320352
COHFACE_s10_session2_natural,29,52,30.733333333333334,-1.0750489234924316,-1.1297286255462087
COHFACE_s10_session2_natural,29,53,30.766666666666666,-0.49184998869895935,-1.2529547463265513
COHFACE_s10_session2_natural,29,54,30.8,0.8966202735900879,-1.3088720057530547
COHFACE_s10_session2_natural,29,55,30.833333333333332,1.9713289737701416,-1.2798569762439016
COHFACE_s10_session2_natural,29,56,30.866666666666667,2.0925791263580322,-1.1500980605287647
COHFACE_s10_session2_natural,29,57,30.9,1.6591511964797974,-0.914917266206146
COHFACE_s10_session2_natural,29,58,30.933333333333334,1.1578147411346436,-0.5887130095719839
COHFACE_s10_session2_natural,29,59,30.966666666666665,0.7536009550094604,-0.2085844033247811
COHFACE_s10_session2_natural,29,60,31.0,0.5009616017341614,0.169237514371276
COHFACE_s10_session2_natural,29,61,31.033333333333335,0.5159329175949097,0.481446906614217
COHFACE_s10_session2_natural,29,62,31.066666666666666,0.6601083278656006,0.6754706520789872
COHFACE_s10_session2_natural,29,63,31.1,0.6752761602401733,0.7263766787236062
COHFACE_s10_session2_natural,29,64,31.133333333333333,0.478094220161438,0.6456151009391485
COHFACE_s10_session2_natural,29,65,31.166666666666668,0.15170814096927643,0.477503201631107
COHFACE_s10_session2_natural,29,66,31.2,-0.19255100190639496,0.2846423370184571
COHFACE_s10_session2_natural,29,67,31.233333333333334,-0.47825440764427185,0.12813184054843568
COHFACE_s10_session2_natural,29,68,31.266666666666666,-0.6786849498748779,0.05023140543880365
COHFACE_s10_session2_natural,29,69,31.3,-0.8014727830886841,0.06539393359721987
COHFACE_s10_session2_natural,29,70,31.333333333333332,-0.8738552927970886,0.16140459646316446
COHFACE_s10_session2_natural,29,71,31.366666666666667,-0.9277982711791992,0.30798863177796143
COHFACE_s10_session2_natural,29,72,31.4,-0.9987472295761108,0.467889536080222
COHFACE_s10_session2_natural,29,73,31.433333333333334,-1.0559272766113281,0.6059853503342866
COHFACE_s10_session2_natural,29,74,31.466666666666665,-0.643609344959259,0.6947940403441791
COHFACE_s10_session2_natural,29,75,31.5,0.6502700448036194,0.7175826248487129
COHFACE_s10_session2_natural,29,76,31.533333333333335,1.8703795671463013,0.6710550840536914
COHFACE_s10_session2_natural,29,77,31.566666666666666,2.154533863067627,0.567408512242765
COHFACE_s10_session2_natural,29,78,31.6,1.773638367652893,0.4322577584311893
COHFACE_s10_session2_natural,29,79,31.633333333333333,1.279862642288208,0.2952946278963819
COHFACE_s10_session2_natural,29,80,31.666666666666668,0.8768627643585205,0.1763853292264736
COHFACE_s10_session2_natural,29,81,31.7,0.57663893699646,0.07530303958706433
COHFACE_s10_session2_natural,29,82,31.733333333333334,0.49378228187561035,-0.027753765497648308
COHFACE_s10_session2_natural,29,83,31.766666666666666,0.586685299873352,-0.16036185775663478
COHFACE_s10_session2_natural,29,84,31.8,0.6136799454689026,-0.3413855010380124
COHFACE_s10_session2_natural,29,85,31.833333333333332,0.4490533471107483,-0.5690118786108065
COHFACE_s10_session2_natural,29,86,31.866666666666667,0.14583523571491241,-0.8190251122111304
COHFACE_s10_session2_natural,29,87,31.9,-0.1945972740650177,-1.0527834055575982
COHFACE_s10_session2_natural,29,88,31.933333333333334,-0.4999310076236725,-1.2299124823532352
COHFACE_s10_session2_natural,29,89,31.966666666666665,-0.7190207839012146,-1.3196924070474325
COHFACE_s10_session2_natural,29,90,32.0,-0.8452422022819519,-1.3069006359502782
COHFACE_s10_session2_natural,29,91,32.03333333333333,-0.9095321297645569,-1.1912046482380176
COHFACE_s10_session2_natural,29,92,32.06666666666667,-0.9655675888061523,-0.9824188436563797
COHFACE_s10_session2_natural,29,93,32.1,-1.040054202079773,-0.6953485753666262
COHFACE_s10_session2_natural,29,94,32.13333333333333,-1.118552327156067,-0.34693627266210464
COHFACE_s10_session2_natural,29,95,32.166666666666664,-0.8544908761978149,0.04373752159757898
COHFACE_s10_session2_natural,29,96,32.2,0.30698198080062866,0.4537490744790178
COHFACE_s10_session2_natural,29,97,32.233333333333334,1.6114857196807861,0.8549238674006169
COHFACE_s10_session2_natural,29,98,32.266666666666666,2.015052080154419,1.2147418741497982
COHFACE_s10_session2_natural,29,99,32.3,1.6688276529312134,1.5002431422521836
COHFACE_s10_session2_natural,29,100,32.333333333333336,1.1635141372680664,1.683286583358751
COHFACE_s10_session2_natural,29,101,32.36666666666667,0.7420979142189026,1.744412274283999
COHFACE_s10_session2_natural,29,102,32.4,0.4258738160133362,1.6740930558935263
COHFACE_s10_session2_natural,29,103,32.43333333333333,0.34957218170166016,1.4724790362091318
COHFACE_s10_session2_natural,29,104,32.46666666666667,0.4638049900531769,1.149406129198837
COHFACE_s10_session2_natural,29,105,32.5,0.5157016515731812,0.7253513177470435
COHFACE_s10_session2_natural,29,106,32.53333333333333,0.36954933404922485,0.23242342124038767
COHFACE_s10_session2_natural,29,107,32.56666666666667,0.07715219259262085,-0.28651593261280617
COHFACE_s10_session2_natural,29,108,32.6,-0.25529175996780396,-0.7822265466269979
COHFACE_s10_session2_natural,29,109,32.63333333333333,-0.537168562412262,-1.2069107517672417
COHFACE_s10_session2_natural,29,110,32.666666666666664,-0.7392869591712952,-1.5231401249079224
COHFACE_s10_session2_natural,29,111,32.7,-0.8623059988021851,-1.7103200456061702
COHFACE_s10_session2_natural,29,112,32.733333333333334,-0.9267693758010864,-1.7660682417430327
COHFACE_s10_session2_natural,29,113,32.766666666666666,-0.978446364402771,-1.702214752283231
COHFACE_s10_session2_natural,29,114,32.8,-1.0452566146850586,-1.5374008927873528
COHFACE_s10_session2_natural,29,115,32.833333333333336,-1.119754672050476,-1.2897687684887473
COHFACE_s10_session2_natural,29,116,32.86666666666667,-0.9233242273330688,-0.9734878071044804
COHFACE_s10_session2_natural,29,117,32.9,0.12760376930236816,-0.6009740657992161
COHFACE_s10_session2_natural,29,118,32.93333333333333,1.434165358543396,-0.1889364031130815
COHFACE_s10_session2_natural,29,119,32.96666666666667,1.8951544761657715,0.23646598674250677
COHFACE_s10_session2_natural,29,120,33.0,1.5690112113952637,0.639606197157316
COHFACE_s10_session2_natural,29,121,33.03333333333333,1.0440558195114136,0.981415482944457
COHFACE_s10_session2_natural,29,122,33.06666666666667,0.5965582728385925,1.2285397122178525
COHFACE_s10_session2_natural,29,123,33.1,0.2830163538455963,1.3612149860885963
COHFACE_s10_session2_natural,29,124,33.13333333333333,0.24910834431648254,1.3771974105275664
COHFACE_s10_session2_natural,29,125,33.166666666666664,0.41119155287742615,1.2916529767932554
COHFACE_s10_session2_natural,29,126,33.2,0.48636022210121155,1.1337478153009068
COHFACE_s10_session2_natural,29,127,33.233333333333334,0.34279751777648926,0.9402593385151877
COHFACE_s10_session2_natural,29,128,33.266666666666666,0.04557949677109718,0.7466335097581914
COHFACE_s10_session2_natural,29,129,33.3,-0.2873384654521942,0.5773149388759623
COHFACE_s10_session2_natural,29,130,33.333333333333336,-0.5593422651290894,0.43903412571587463
COHFACE_s10_session2_natural,29,131,33.36666666666667,-0.7331944108009338,0.32071490331571406
COHFACE_s10_session2_natural,29,132,33.4,-0.8334501385688782,0.20057566374383606
COHFACE_s10_session2_natural,29,133,33.43333333333333,-0.8956475257873535,0.05704125122373882
COHFACE_s10_session2_natural,29,134,33.46666666666667,-0.9402724504470825,-0.12167857356103688
COHFACE_s10_session2_natural,29,135,33.5,-1.0013138055801392,-0.3330219671995441
COHFACE_s10_session2_natural,29,136,33.53333333333333,-1.061256766319275,-0.5607966740475214
COHFACE_s10_session2_natural,29,137,33.56666666666667,-0.7280035614967346,-0.7791692709322163
COHFACE_s10_session2_natural,29,138,33.6,0.4434925615787506,-0.9584081780119226
COHFACE_s10_session2_natural,29,139,33.63333333333333,1.5966763496398926,-1.0720751428123132
COHFACE_s10_session2_natural,29,140,33.666666666666664,1.832945466041565,-1.104761754277049
COHFACE_s10_session2_natural,29,141,33.7,1.4107893705368042,-1.0576937047929489
COHFACE_s10_session2_natural,29,142,33.733333333333334,0.8871403932571411,-0.9487946737688843
COHFACE_s10_session2_natural,29,143,33.766666666666666,0.46341192722320557,-0.8056432650879909
COHFACE_s10_session2_natural,29,144,33.8,0.22107328474521637,-0.6537480065607145
COHFACE_s10_session2_natural,29,145,33.833333333333336,0.2741954028606415,-0.5058241041513313
COHFACE_s10_session2_natural,29,146,33.86666666666667,0.44713422656059265,-0.3575843619519375
COHFACE_s10_session2_natural,29,147,33.9,0.4690883159637451,-0.19207933885122852
COHFACE_s10_session2_natural,29,148,33.93333333333333,0.2729583978652954,0.00989647805360167
COHFACE_s10_session2_natural,29,149,33.96666666666667,-0.039415910840034485,0.2584171387939694
COHFACE_s10_session2_natural,29,150,34.0,-0.3496283292770386,0.5464737299042102
COHFACE_s10_session2_natural,29,151,34.03333333333333,-0.5947531461715698,0.8478508744014608
COHFACE_s10_session2_natural,29,152,34.06666666666667,-0.7523160576820374,1.1218596098299753
COHFACE_s10_session2_natural,29,153,34.1,-0.8413230776786804,1.3243330117525496
COHFACE_s10_session2_natural,29,154,34.13333333333333,-0.895104169845581,1.4213859884398967
COHFACE_s10_session2_natural,29,155,34.166666666666664,-0.9538564085960388,1.4000467570762447
COHFACE_s10_session2_natural,29,156,34.2,-1.0359269380569458,1.2704580877947023
COHFACE_s10_session2_natural,29,157,34.233333333333334,-1.0356148481369019,1.0585052178875323
COHFACE_s10_session2_natural,29,158,34.266666666666666,-0.3880566358566284,0.7934256789972223
COHFACE_s10_session2_natural,29,159,34.3,0.9317190647125244,0.4978223296615559
COHFACE_s10_session2_natural,29,160,34.333333333333336,1.776933193206787,0.184881141067465
COHFACE_s10_session2_natural,29,161,34.36666666666667,1.7032674551010132,-0.13798228008959476
COHFACE_s10_session2_natural,29,162,34.4,1.2157692909240723,-0.46378018509003266
COHFACE_s10_session2_natural,29,163,34.43333333333333,0.7328376770019531,-0.7832439915149761
COHFACE_s10_session2_natural,29,164,34.46666666666667,0.34727156162261963,-1.0849876959806855
COHFACE_s10_session2_natural,29,165,34.5,0.1950613558292389,-1.3553154966237417
COHFACE_s10_session2_natural,29,166,34.53333333333333,0.31820759177207947,-1.5753241751161973
COHFACE_s10_session2_natural,29,167,34.56666666666667,0.45709970593452454,-1.7173134503874208
COHFACE_s10_session2_natural,29,168,34.6,0.4024977684020996,-1.7462674561984362
COHFACE_s10_session2_natural,29,169,34.63333333333333,0.15895679593086243,-1.6306637409310096
COHFACE_s10_session2_natural,29,170,34.666666666666664,-0.1544232964515686,-1.359474998513472
COHFACE_s10_session2_natural,29,171,34.7,-0.4477800130844116,-0.9553424639696874
COHFACE_s10_session2_natural,29,172,34.733333333333334,-0.6636443138122559,-0.4742118395010286
COHFACE_s10_session2_natural,29,173,34.766666666666666,-0.7927905917167664,0.010712126262376111
COHFACE_s10_session2_natural,29,174,34.8,-0.8691037893295288,0.4331651545480821
COHFACE_s10_session2_natural,29,175,34.833333333333336,-0.9428735971450806,0.7538206082550365
COHFACE_s10_session2_natural,29,176,34.86666666666667,-1.017996072769165,0.9672409286314615
COHFACE_s10_session2_natural,29,177,34.9,-1.0609678030014038,1.0948928295382805
COHFACE_s10_session2_natural,29,178,34.93333333333333,-0.6873324513435364,1.1695953457488588
COHFACE_s10_session2_natural,29,179,34.96666666666667,0.49793264269828796,1.2188271162860742
COHFACE_s10_session2_natural,29,180,35.0,1.6168731451034546,1.2528996429461503
COHFACE_s10_session2_natural,29,181,35.03333333333333,1.8253037929534912,1.261419499829141
COHFACE_s10_session2_natural,29,182,35.06666666666667,1.4203848838806152,1.2192420554401013
COHFACE_s10_session2_natural,29,183,35.1,0.920412540435791,1.1001969440249595
COHFACE_s10_session2_natural,29,184,35.13333333333333,0.4934239089488983,0.8927781626594908
COHFACE_s10_session2_natural,29,185,35.166666666666664,0.22511957585811615,0.6098323318938396
COHFACE_s10_session2_natural,29,186,35.2,0.24968639016151428,0.28690626648951983
COHFACE_s10_session2_natural,29,187,35.233333333333334,0.39871737360954285,-0.029937814373706864
COHFACE_s10_session2_natural,29,188,35.266666666666666,0.42046335339546204,-0.3001873635711633
COHFACE_s10_session2_natural,29,189,35.3,0.245247021317482,-0.5004731301918672
COHFACE_s10_session2_natural,29,190,35.333333333333336,-0.0580635704100132,-0.6270385250226638
COHFACE_s10_session2_natural,29,191,35.36666666666667,-0.38232243061065674,-0.6905070424364593
COHFACE_s10_session2_natural,29,192,35.4,-0.6344068646430969,-0.708341972109371
COHFACE_s10_session2_natural,29,193,35.43333333333333,-0.7857269048690796,-0.6996499757777861
COHFACE_s10_session2_natural,29,194,35.46666666666667,-0.877797544002533,-0.6824986351170008
COHFACE_s10_session2_natural,29,195,35.5,-0.9505037665367126,-0.670588212490525
COHFACE_s10_session2_natural,29,196,35.53333333333333,-1.0277303457260132,-0.6676422268594737
COHFACE_s10_session2_natural,29,197,35.56666666666667,-1.0636845827102661,-0.6621854654700714
COHFACE_s10_session2_natural,29,198,35.6,-0.5729494094848633,-0.6279060079205417
COHFACE_s10_session2_natural,29,199,35.63333333333333,0.7405949831008911,-0.5328316508043289
COHFACE_s10_session2_natural,29,200,35.666666666666664,1.8305755853652954,-0.354818324119946
COHFACE_s10_session2_natural,29,201,35.7,1.9438951015472412,-0.095789440879279
COHFACE_s10_session2_natural,29,202,35.733333333333334,1.4932066202163696,0.21308229788805721
COHFACE_s10_session2_natural,29,203,35.766666666666666,1.0125178098678589,0.5186002136139833
COHFACE_s10_session2_natural,29,204,35.8,0.6201308965682983,0.7623539699220276
COHFACE_s10_session2_natural,29,205,35.833333333333336,0.357953816652298,0.8999272252350005
COHFACE_s10_session2_natural,29,206,35.86666666666667,0.35734108090400696,0.9148035255950688
COHFACE_s10_session2_natural,29,207,35.9,0.47592076659202576,0.8217749785335439
COHFACE_s10_session2_natural,29,208,35.93333333333333,0.4598396122455597,0.6584570045531251
COHFACE_s10_session2_natural,29,209,35.96666666666667,0.25277313590049744,0.468131027372918
COHFACE_s10_session2_natural,29,210,36.0,-0.06315034627914429,0.2815887385404942
COHFACE_s10_session2_natural,29,211,36.03333333333333,-0.38487738370895386,0.1068624563210076
COHFACE_s10_session2_natural,29,212,36.06666666666667,-0.6411237716674805,-0.06819988603251168
COHFACE_s10_session2_natural,29,213,36.1,-0.797831118106842,-0.2623262084038617
COHFACE_s10_session2_natural,29,214,36.13333333333333,-0.8950001001358032,-0.4835712523755668
COHFACE_s10_session2_natural,29,215,36.166666666666664,-0.9650126695632935,-0.717501172013728
COHFACE_s10_session2_natural,29,216,36.2,-1.0356495380401611,-0.9270334001005057
COHFACE_s10_session2_natural,29,217,36.233333333333334,-1.0894768238067627,-1.0643106861698297
COHFACE_s10_session2_natural,29,218,36.266666666666666,-0.7179918885231018,-1.0890235099861187
COHFACE_s10_session2_natural,29,219,36.3,0.6021999716758728,-0.9844853861065632
COHFACE_s10_session2_natural,29,220,36.333333333333336,1.912599802017212,-0.7641717009243443
COHFACE_s10_session2_natural,29,221,36.36666666666667,2.191875457763672,-0.46665150922817705
COHFACE_s10_session2_natural,29,222,36.4,1.7817540168762207,-0.14296965882912513
COHFACE_s10_session2_natural,29,223,36.43333333333333,1.3177707195281982,0.1566274746409896
COHFACE_s10_session2_natural,29,224,36.46666666666667,0.9700201749801636,0.39205710567394064
COHFACE_s10_session2_natural,29,225,36.5,0.6681315302848816,0.5385738139087387
COHFACE_s10_session2_natural,29,226,36.53333333333333,0.5351123213768005,0.5894980699107509
COHFACE_s10_session2_natural,29,227,36.56666666666667,0.5617370009422302,0.5571899137743498
COHFACE_s10_session2_natural,29,228,36.6,0.5403262972831726,0.47077383145994267
COHFACE_s10_session2_natural,29,229,36.63333333333333,0.3521386981010437,0.36879749480251317
COHFACE_s10_session2_natural,29,230,36.666666666666664,0.029683319851756096,0.2877691745090665
COHFACE_s10_session2_natural,29,231,36.7,-0.32316553592681885,0.2507635856632108
COHFACE_s10_session2_natural,29,232,36.733333333333334,-0.6244992613792419,0.2608782291309069
COHFACE_s10_session2_natural,29,233,36.766666666666666,-0.8336350917816162,0.30212698840936053
COHFACE_s10_session2_natural,29,234,36.8,-0.956018328666687,0.34705812009727705
COHFACE_s10_session2_natural,29,235,36.833333333333336,-1.0216608047485352,0.3676459890707953
COHFACE_s10_session2_natural,29,236,36.86666666666667,-1.0771182775497437,0.3449963434764448
COHFACE_s10_session2_natural,29,237,36.9,-1.162171483039856,0.2745115800823824
COHFACE_s10_session2_natural,29,238,36.93333333333333,-1.2588664293289185,0.16571998377878472
COHFACE_s10_session2_natural,29,239,36.96666666666667,-1.0100653171539307,0.038306355361120425
COHFACE_s10_session2_natural,30,0,30.0,-1.2277909517288208,-0.01930198697243587
COHFACE_s10_session2_natural,30,1,30.033333333333335,-1.1757208108901978,0.2274120894933857
COHFACE_s10_session2_natural,30,2,30.066666666666666,-0.41826513409614563,0.4159375527053692
COHFACE_s10_session2_natural,30,3,30.1,0.956239640712738,0.5083408668472239
COHFACE_s10_session2_natural,30,4,30.133333333333333,1.8014768362045288,0.5029326234156718
COHFACE_s10_session2_natural,30,5,30.166666666666668,1.7568750381469727,0.435321524636496
COHFACE_s10_session2_natural,30,6,30.2,1.279550552368164,0.363361370145453
COHFACE_s10_session2_natural,30,7,30.233333333333334,0.7570114135742188,0.34040212794587743
COHFACE_s10_session2_natural,30,8,30.266666666666666,0.32445043325424194,0.3895341303438845
COHFACE_s10_session2_natural,30,9,30.3,0.1331876516342163,0.49344325219981194
COHFACE_s10_session2_natural,30,10,30.333333333333332,0.26668083667755127,0.6058442649899409
COHFACE_s10_session2_natural,30,11,30.366666666666667,0.469909131526947,0.6771298776279867
COHFACE_s10_session2_natural,30,12,30.4,0.4908342659473419,0.6785435426315344
COHFACE_s10_session2_natural,30,13,30.433333333333334,0.29723620414733887,0.6114678346563296
COHFACE_s10_session2_natural,30,14,30.466666666666665,-0.02390124462544918,0.4996761983307398
COHFACE_s10_session2_natural,30,15,30.5,-0.36714303493499756,0.3732216494244406
COHFACE_s10_session2_natural,30,16,30.533333333333335,-0.6531470417976379,0.2547560186813186
COHFACE_s10_session2_natural,30,17,30.566666666666666,-0.8309530019760132,0.15366309585925061
COHFACE_s10_session2_natural,30,18,30.6,-0.9257404208183289,0.06675177933571433
COHFACE_s10_session2_natural,30,19,30.633333333333333,-0.9808279275894165,-0.018394667863611325
COHFACE_s10_session2_natural,30,20,30.666666666666668,-1.0215452909469604,-0.11901400384194985
COHFACE_s10_session2_natural,30,21,30.7,-1.0707828998565674,-0.2506545190353437
COHFACE_s10_session2_natural,30,22,30.733333333333334,-1.0750489234924316,-0.4187543552762663
COHFACE_s10_session2_natural,30,23,30.766666666666666,-0.49184998869895935,-0.6118395941386542
COHFACE_s10_session2_natural,30,24,30.8,0.8966202735900879,-0.8010834405737102
COHFACE_s10_session2_natural,30,25,30.833333333333332,1.9713289737701416,-0.9481754983993022
COHFACE_s10_session2_natural,30,26,30.866666666666667,2.0925791263580322,-1.0182091243187503
COHFACE_s10_session2_natural,30,27,30.9,1.6591511964797974,-0.9913442463375094
COHFACE_s10_session2_natural,30,28,30.933333333333334,1.1578147411346436,-0.8691588523917668
COHFACE_s10_session2_natural,30,29,30.966666666666665,0.7536009550094604,-0.6754242143080982
COHFACE_s10_session2_natural,30,30,31.0,0.5009616017341614,-0.4521786827339452
COHFACE_s10_session2_natural,30,31,31.033333333333335,0.5159329175949097,-0.2508148600328489
COHFACE_s10_session2_natural,30,32,31.066666666666666,0.6601083278656006,-0.11753182098573674
COHFACE_s10_session2_natural,30,33,31.1,0.6752761602401733,-0.07553488706972776
COHFACE_s10_session2_natural,30,34,31.133333333333333,0.478094220161438,-0.1117916052657708
COHFACE_s10_session2_natural,30,35,31.166666666666668,0.15170814096927643,-0.17783951016696797
COHFACE_s10_session2_natural,30,36,31.2,-0.19255100190639496,-0.20781889828423858
COHFACE_s10_session2_natural,30,37,31.233333333333334,-0.47825440764427185,-0.14660098869297455
COHFACE_s10_session2_natural,30,38,31.266666666666666,-0.6786849498748779,0.025921760255800105
COHFACE_s10_session2_natural,30,39,31.3,-0.8014727830886841,0.28694387727747683
COHFACE_s10_session2_natural,30,40,31.333333333333332,-0.8738552927970886,0.5826061217717897
COHFACE_s10_session2_natural,30,41,31.366666666666667,-0.9277982711791992,0.8517352307795524
COHFACE_s10_session2_natural,30,42,31.4,-0.9987472295761108,1.0475880361459209
COHFACE_s10_session2_natural,30,43,31.433333333333334,-1.0559272766113281,1.1469855287677777
COHFACE_s10_session2_natural,30,44,31.466666666666665,-0.643609344959259,1.1466624285606002
COHFACE_s10_session2_natural,30,45,31.5,0.6502700448036194,1.055326036134492
COHFACE_s10_session2_natural,30,46,31.533333333333335,1.8703795671463013,0.8895277051017275
COHFACE_s10_session2_natural,30,47,31.566666666666666,2.154533863067627,0.6741992935101507
COHFACE_s10_session2_natural,30,48,31.6,1.773638367652893,0.44200248292165273
COHFACE_s10_session2_natural,30,49,31.633333333333333,1.279862642288208,0.22580223375066838
COHFACE_s10_session2_natural,30,50,31.666666666666668,0.8768627643585205,0.046046684238504706
COHFACE_s10_session2_natural,30,51,31.7,0.57663893699646,-0.09823784972268737
COHFACE_s10_session2_natural,30,52,31.733333333333334,0.49378228187561035,-0.2271818687547211
COHFACE_s10_session2_natural,30,53,31.766666666666666,0.586685299873352,-0.36638137297022677
COHFACE_s10_session2_natural,30,54,31.8,0.6136799454689026,-0.5292674689261856
COHFACE_s10_session2_natural,30,55,31.833333333333332,0.4490533471107483,-0.7057808954095258
COHFACE_s10_session2_natural,30,56,31.866666666666667,0.14583523571491241,-0.8639163287515983
COHFACE_s10_session2_natural,30,57,31.9,-0.1945972740650177,-0.9634263328146598
COHFACE_s10_session2_natural,30,58,31.933333333333334,-0.4999310076236725,-0.9745850757982989
COHFACE_s10_session2_natural,30,59,31.966666666666665,-0.7190207839012146,-0.8923127078610092
COHFACE_s10_session2_natural,30,60,32.0,-0.8452422022819519,-0.7382020196812447
COHFACE_s10_session2_natural,30,61,32.03333333333333,-0.9095321297645569,-0.5495432747026943
COHFACE_s10_session2_natural,30,62,32.06666666666667,-0.9655675888061523,-0.3621905482594344
COHFACE_s10_session2_natural,30,63,32.1,-1.040054202079773,-0.1972170740795114
COHFACE_s10_session2_natural,30,64,32.13333333333333,-1.118552327156067,-0.05703391812233493
COHFACE_s10_session2_natural,30,65,32.166666666666664,-0.8544908761978149,0.06995221682665631
COHFACE_s10_session2_natural,30,66,32.2,0.30698198080062866,0.20015982578410793
COHFACE_s10_session2_natural,30,67,32.233333333333334,1.6114857196807861,0.34528372681476144
COHFACE_s10_session2_natural,30,68,32.266666666666666,2.015052080154419,0.5061757064023835
COHFACE_s10_session2_natural,30,69,32.3,1.6688276529312134,0.6723702207024709
COHFACE_s10_session2_natural,30,70,32.333333333333336,1.1635141372680664,0.8260088925961302
COHFACE_s10_session2_natural,30,71,32.36666666666667,0.7420979142189026,0.9464386463325763
COHFACE_s10_session2_natural,30,72,32.4,0.4258738160133362,1.0128220723102361
COHFACE_s10_session2_natural,30,73,32.43333333333333,0.34957218170166016,1.005207769829208
COHFACE_s10_session2_natural,30,74,32.46666666666667,0.4638049900531769,0.9065822634458365
COHFACE_s10_session2_natural,30,75,32.5,0.5157016515731812,0.7078892160256309
COHFACE_s10_session2_natural,30,76,32.53333333333333,0.36954933404922485,0.41522352844536564
COHFACE_s10_session2_natural,30,77,32.56666666666667,0.07715219259262085,0.05538182775414639
COHFACE_s10_session2_natural,30,78,32.6,-0.25529175996780396,-0.32497263577475455
COHFACE_s10_session2_natural,30,79,32.63333333333333,-0.537168562412262,-0.6688253790454722
COHFACE_s10_session2_natural,30,80,32.666666666666664,-0.7392869591712952,-0.9243907083626328
COHFACE_s10_session2_natural,30,81,32.7,-0.8623059988021851,-1.0601593103228801
COHFACE_s10_session2_natural,30,82,32.733333333333334,-0.9267693758010864,-1.072745695655399
COHFACE_s10_session2_natural,30,83,32.766666666666666,-0.978446364402771,-0.9844928352941777
COHFACE_s10_session2_natural,30,84,32.8,-1.0452566146850586,-0.8327454878934443
COHFACE_s10_session2_natural,30,85,32.833333333333336,-1.119754672050476,-0.6562417160862833
COHFACE_s10_session2_natural,30,86,32.86666666666667,-0.9233242273330688,-0.4844093064137963
COHFACE_s10_session2_natural,30,87,32.9,0.12760376930236816,-0.3326509814328079
COHFACE_s10_session2_natural,30,88,32.93333333333333,1.434165358543396,-0.20290740098991797
COHFACE_s10_session2_natural,30,89,32.96666666666667,1.8951544761657715,-0.08687087670285326
COHFACE_s10_session2_natural,30,90,33.0,1.5690112113952637,0.029595346131566256
COHFACE_s10_session2_natural,30,91,33.03333333333333,1.0440558195114136,0.1605712356386494
COHFACE_s10_session2_natural,30,92,33.06666666666667,0.5965582728385925,0.31303066875183205
COHFACE_s10_session2_natural,30,93,33.1,0.2830163538455963,0.48115269744675343
COHFACE_s10_session2_natural,30,94,33.13333333333333,0.24910834431648254,0.6457739253220713
COHFACE_s10_session2_natural,30,95,33.166666666666664,0.41119155287742615,0.7807224446136816
COHFACE_s10_session2_natural,30,96,33.2,0.48636022210121155,0.862888537031222
COHFACE_s10_session2_natural,30,97,33.233333333333334,0.34279751777648926,0.8797685252628243
COHFACE_s10_session2_natural,30,98,33.266666666666666,0.04557949677109718,0.8304488886871277
COHFACE_s10_session2_natural,30,99,33.3,-0.2873384654521942,0.7212925384887359
COHFACE_s10_session2_natural,30,100,33.333333333333336,-0.5593422651290894,0.5612099008410182
COHFACE_s10_session2_natural,30,101,33.36666666666667,-0.7331944108009338,0.36053483808032183
COHFACE_s10_session2_natural,30,102,33.4,-0.8334501385688782,0.13297878433448332
COHFACE_s10_session2_natural,30,103,33.43333333333333,-0.8956475257873535,-0.10343575733330025
COHFACE_s10_session2_natural,30,104,33.46666666666667,-0.9402724504470825,-0.32940630703357093
COHFACE_s10_session2_natural,30,105,33.5,-1.0013138055801392,-0.5299482437797923
COHFACE_s10_session2_natural,30,106,33.53333333333333,-1.061256766319275,-0.6978955276272847
COHFACE_s10_session2_natural,30,107,33.56666666666667,-0.7280035614967346,-0.8317626541811688
COHFACE_s10_session2_natural,30,108,33.6,0.4434925615787506,-0.9295999216318575
COHFACE_s10_session2_natural,30,109,33.63333333333333,1.5966763496398926,-0.9844755998845427
COHFACE_s10_session2_natural,30,110,33.666666666666664,1.832945466041565,-0.9856884030131119
COHFACE_s10_session2_natural,30,111,33.7,1.4107893705368042,-0.9246778837490359
COHFACE_s10_session2_natural,30,112,33.733333333333334,0.8871403932571411,-0.8006672029468115
COHFACE_s10_session2_natural,30,113,33.766666666666666,0.46341192722320557,-0.6214912436486164
COHFACE_s10_session2_natural,30,114,33.8,0.22107328474521637,-0.3994932399943994
COHFACE_s10_session2_natural,30,115,33.833333333333336,0.2741954028606415,-0.14653473686085694
COHFACE_s10_session2_natural,30,116,33.86666666666667,0.44713422656059265,0.12778954480048305
COHFACE_s10_session2_natural,30,117,33.9,0.4690883159637451,0.41394985469777107
COHFACE_s10_session2_natural,30,118,33.93333333333333,0.2729583978652954,0.6988681733932333
COHFACE_s10_session2_natural,30,119,33.96666666666667,-0.039415910840034485,0.9640604290369335
COHFACE_s10_session2_natural,30,120,34.0,-0.3496283292770386,1.1863645021821583
COHFACE_s10_session2_natural,30,121,34.03333333333333,-0.5947531461715698,1.3403618250230074
COHFACE_s10_session2_natural,30,122,34.06666666666667,-0.7523160576820374,1.4027548724664176
COHFACE_s10_session2_natural,30,123,34.1,-0.8413230776786804,1.359615004116692
COHFACE_s10_session2_natural,30,124,34.13333333333333,-0.895104169845581,1.214471053207608
COHFACE_s10_session2_natural,30,125,34.166666666666664,-0.9538564085960388,0.9916889522787117
COHFACE_s10_session2_natural,30,126,34.2,-1.0359269380569458,0.7301643329069548
COHFACE_s10_session2_natural,30,127,34.233333333333334,-1.0356148481369019,0.46803821702607473
COHFACE_s10_session2_natural,30,128,34.266666666666666,-0.3880566358566284,0.22658654453323554
COHFACE_s10_session2_natural,30,129,34.3,0.9317190647125244,0.0039061541929558373
COHFACE_s10_session2_natural,30,130,34.333333333333336,1.776933193206787,-0.2171517637279868
COHFACE_s10_session2_natural,30,131,34.36666666666667,1.7032674551010132,-0.4524542264629618
COHFACE_s10_session2_natural,30,132,34.4,1.2157692909240723,-0.7031479354971979
COHFACE_s10_session2_natural,30,133,34.43333333333333,0.7328376770019531,-0.9540516739774583
COHFACE_s10_session2_natural,30,134,34.46666666666667,0.34727156162261963,-1.1824091819939142
COHFACE_s10_session2_natural,30,135,34.5,0.1950613558292389,-1.3673045517659659
COHFACE_s10_session2_natural,30,136,34.53333333333333,0.31820759177207947,-1.4915507419761613
COHFACE_s10_session2_natural,30,137,34.56666666666667,0.45709970593452454,-1.536876785754757
COHFACE_s10_session2_natural,30,138,34.6,0.4024977684020996,-1.4814173002669448
COHFACE_s10_session2_natural,30,139,34.63333333333333,0.15895679593086243,-1.3076892439405905
COHFACE_s10_session2_natural,30,140,34.666666666666664,-0.1544232964515686,-1.0185199985619058
COHFACE_s10_session2_natural,30,141,34.7,-0.4477800130844116,-0.6483077694764423
COHFACE_s10_session2_natural,30,142,34.733333333333334,-0.6636443138122559,-0.25808241152823264
COHFACE_s10_session2_natural,30,143,34.766666666666666,-0.7927905917167664,0.08591053605006338
COHFACE_s10_session2_natural,30,144,34.8,-0.8691037893295288,0.3379473434639571
COHFACE_s10_session2_natural,30,145,34.833333333333336,-0.9428735971450806,0.48741335817754416
COHFACE_s10_session2_natural,30,146,34.86666666666667,-1.017996072769165,0.5558117983961768
COHFACE_s10_session2_natural,30,147,34.9,-1.0609678030014038,0.5817506288140813
COHFACE_s10_session2_natural,30,148,34.93333333333333,-0.6873324513435364,0.603793019736006
COHFACE_s10_session2_natural,30,149,34.96666666666667,0.49793264269828796,0.6477295830228097
COHFACE_s10_session2_natural,30,150,35.0,1.6168731451034546,0.7197384436535451
COHFACE_s10_session2_natural,30,151,35.03333333333333,1.8253037929534912,0.8048316796437742
COHFACE_s10_session2_natural,30,152,35.06666666666667,1.4203848838806152,0.8715134705177349
COHFACE_s10_session2_natural,30,153,35.1,0.920412540435791,0.8838630845542542
COHFACE_s10_session2_natural,30,154,35.13333333333333,0.4934239089488983,0.8178801867556255
COHFACE_s10_session2_natural,30,155,35.166666666666664,0.22511957585811615,0.6740725751958037
COHFACE_s10_session2_natural,30,156,35.2,0.24968639016151428,0.47872188591187564
COHFACE_s10_session2_natural,30,157,35.233333333333334,0.39871737360954285,0.2726238288012401
COHFACE_s10_session2_natural,30,158,35.266666666666666,0.42046335339546204,0.0941919411433014
COHFACE_s10_session2_natural,30,159,35.3,0.245247021317482,-0.03298539564865666
COHFACE_s10_session2_natural,30,160,35.333333333333336,-0.0580635704100132,-0.10285141862664438
COHFACE_s10_session2_natural,30,161,35.36666666666667,-0.38232243061065674,-0.1223567314485807
COHFACE_s10_session2_natural,30,162,35.4,-0.6344068646430969,-0.10597873175411193
COHFACE_s10_session2_natural,30,163,35.43333333333333,-0.7857269048690796,-0.07320358840315103
COHFACE_s10_session2_natural,30,164,35.46666666666667,-0.877797544002533,-0.047277782395202014
COHFACE_s10_session2_natural,30,165,35.5,-0.9505037665367126,-0.050602545996170624
COHFACE_s10_session2_natural,30,166,35.53333333333333,-1.0277303457260132,-0.09539606267716638
COHFACE_s10_session2_natural,30,167,35.56666666666667,-1.0636845827102661,-0.1742747641662526
COHFACE_s10_session2_natural,30,168,35.6,-0.5729494094848633,-0.2582890100991216
COHFACE_s10_session2_natural,30,169,35.63333333333333,0.7405949831008911,-0.30671373493114135
COHFACE_s10_session2_natural,30,170,35.666666666666664,1.8305755853652954,-0.2851553684677381
COHFACE_s10_session2_natural,30,171,35.7,1.9438951015472412,-0.18237691979939671
COHFACE_s10_session2_natural,30,172,35.733333333333334,1.4932066202163696,-0.016773227055137428
COHFACE_s10_session2_natural,30,173,35.766666666666666,1.0125178098678589,0.17032538971750705
COHFACE_s10_session2_natural,30,174,35.8,0.6201308965682983,0.33007133877416567
COHFACE_s10_session2_natural,30,175,35.833333333333336,0.357953816652298,0.4221968818625189
COHFACE_s10_session2_natural,30,176,35.86666666666667,0.35734108090400696,0.42556971044416697
COHFACE_s10_session2_natural,30,177,35.9,0.47592076659202576,0.3411900264108576
COHFACE_s10_session2_natural,30,178,35.93333333333333,0.4598396122455597,0.18844592766382143
COHFACE_s10_session2_natural,30,179,35.96666666666667,0.25277313590049744,-0.0033990173643504897
COHFACE_s10_session2_natural,30,180,36.0,-0.06315034627914429,-0.20572367428079621
COHFACE_s10_session2_natural,30,181,36.03333333333333,-0.38487738370895386,-0.39947741957379646
COHFACE_s10_session2_natural,30,182,36.06666666666667,-0.6411237716674805,-0.5786999838124454
COHFACE_s10_session2_natural,30,183,36.1,-0.797831118106842,-0.7465215823776897
COHFACE_s10_session2_natural,30,184,36.13333333333333,-0.8950001001358032,-0.9054136764399732
COHFACE_s10_session2_natural,30,185,36.166666666666664,-0.9650126695632935,-1.047298877674425
COHFACE_s10_session2_natural,30,186,36.2,-1.0356495380401611,-1.1500465865204927
COHFACE_s10_session2_natural,30,187,36.233333333333334,-1.0894768238067627,-1.1835112193592296
COHFACE_s10_session2_natural,30,188,36.266666666666666,-0.7179918885231018,-1.122056003508303
COHFACE_s10_session2_natural,30,189,36.3,0.6021999716758728,-0.955986123875258
COHFACE_s10_session2_natural,30,190,36.333333333333336,1.912599802017212,-0.6952595294556428
COHFACE_s10_session2_natural,30,191,36.36666666666667,2.191875457763672,-0.3646050998173172
COHFACE_s10_session2_natural,30,192,36.4,1.7817540168762207,0.004483057532443319
COHFACE_s10_session2_natural,30,193,36.43333333333333,1.3177707195281982,0.3781205855671339
COHFACE_s10_session2_natural,30,194,36.46666666666667,0.9700201749801636,0.7195505940083372
COHFACE_s10_session2_natural,30,195,36.5,0.6681315302848816,0.9890542497108896
COHFACE_s10_session2_natural,30,196,36.53333333333333,0.5351123213768005,1.150186846477193
COHFACE_s10_session2_natural,30,197,36.56666666666667,0.5617370009422302,1.1826488144007827
COHFACE_s10_session2_natural,30,198,36.6,0.5403262972831726,1.0947512532591828
COHFACE_s10_session2_natural,30,199,36.63333333333333,0.3521386981010437,0.9258629711958543
COHFACE_s10_session2_natural,30,200,36.666666666666664,0.029683319851756096,0.7345478828083316
COHFACE_s10_session2_natural,30,201,36.7,-0.32316553592681885,0.5770066922565696
COHFACE_s10_session2_natural,30,202,36.733333333333334,-0.6244992613792419,0.4862224682505859
COHFACE_s10_session2_natural,30,203,36.766666666666666,-0.8336350917816162,0.4616993469360882
COHFACE_s10_session2_natural,30,204,36.8,-0.956018328666687,0.473742931316577
COHFACE_s10_session2_natural,30,205,36.833333333333336,-1.0216608047485352,0.4788401137837322
COHFACE_s10_session2_natural,30,206,36.86666666666667,-1.0771182775497437,0.4381793874492263
COHFACE_s10_session2_natural,30,207,36.9,-1.162171483039856,0.33159479730878505
COHFACE_s10_session2_natural,30,208,36.93333333333333,-1.2588664293289185,0.16315296493537929
COHFACE_s10_session2_natural,30,209,36.96666666666667,-1.0100653171539307,-0.0412543497443984
COHFACE_s10_session2_natural,30,210,37.0,0.28384873270988464,-0.2422220415297751
COHFACE_s10_session2_natural,30,211,37.03333333333333,1.8081012964248657,-0.3986134296492816
COHFACE_s10_session2_natural,30,212,37.06666666666667,2.2735180854797363,-0.4796285739840993
COHFACE_s10_session2_natural,30,213,37.1,1.886772871017456,-0.47342465314484516
COHFACE_s10_session2_natural,30,214,37.13333333333333,1.383783221244812,-0.3895588884500192
COHFACE_s10_session2_natural,30,215,37.166666666666664,1.0218359231948853,-0.25512588033841355
COHFACE_s10_session2_natural,30,216,37.2,0.709577202796936,-0.10725352539020332
COHFACE_s10_session2_natural,30,217,37.233333333333334,0.513412594795227,0.014786700979964797
COHFACE_s10_session2_natural,30,218,37.266666666666666,0.5074472427368164,0.07685494428576309
COHFACE_s10_session2_natural,30,219,37.3,0.5004413723945618,0.0575628240512097
COHFACE_s10_session2_natural,30,220,37.333333333333336,0.3443697988986969,-0.044036827139402726
COHFACE_s10_session2_natural,30,221,37.36666666666667,0.043117035180330276,-0.2041126310589615
COHFACE_s10_session2_natural,30,222,37.4,-0.3133503794670105,-0.3780140705696214
COHFACE_s10_session2_natural,30,223,37.43333333333333,-0.6388347148895264,-0.5144910561407712
COHFACE_s10_session2_natural,30,224,37.46666666666667,-0.8874393105506897,-0.5752468353767297
COHFACE_s10_session2_natural,30,225,37.5,-1.0479618310928345,-0.5496180608268467
COHFACE_s10_session2_natural,30,226,37.53333333333333,-1.1206333637237549,-0.45575272750742857
COHFACE_s10_session2_natural,30,227,37.56666666666667,-1.1669577360153198,-0.32781421720460957
COHFACE_s10_session2_natural,30,228,37.6,-1.2270278930664062,-0.19815693642064602
COHFACE_s10_session2_natural,30,229,37.63333333333333,-1.323757529258728,-0.08616157576820081
COHFACE_s10_session2_natural,30,230,37.666666666666664,-1.4237474203109741,0.0016166332981394013
COHFACE_s10_session2_natural,30,231,37.7,-1.0758812427520752,0.06480313320959723
COHFACE_s10_session2_natural,30,232,37.733333333333334,0.3655261695384979,0.10398521733500893
COHFACE_s10_session2_natural,30,233,37.766666666666666,1.8337316513061523,0.12081421332255832
COHFACE_s10_session2_natural,30,234,37.8,2.1507418155670166,0.12100712119912582
COHFACE_s10_session2_natural,30,235,37.833333333333336,1.693232536315918,0.1150570153470818
COHFACE_s10_session2_natural,30,236,37.86666666666667,1.1701964139938354,0.11455039679987643
COHFACE_s10_session2_natural,30,237,37.9,0.782930850982666,0.12669593369234072
COHFACE_s10_session2_natural,30,238,37.93333333333333,0.47241783142089844,0.1509256698647951
COHFACE_s10_session2_natural,30,239,37.96666666666667,0.35112133622169495,0.17933085121974915
COHFACE_s10_session2_natural,31,0,31.0,0.5009616017341614,-0.06831350092043988
COHFACE_s10_session2_natural,31,1,31.033333333333335,0.5159329175949097,-0.05469214847748658
COHFACE_s10_session2_natural,31,2,31.066666666666666,0.6601083278656006,-0.07913099425554425
COHFACE_s10_session2_natural,31,3,31.1,0.6752761602401733,-0.158425424010358
COHFACE_s10_session2_natural,31,4,31.133333333333333,0.478094220161438,-0.2751772400267267
COHFACE_s10_session2_natural,31,5,31.166666666666668,0.15170814096927643,-0.38130575216358426
COHFACE_s10_session2_natural,31,6,31.2,-0.19255100190639496,-0.4171946061819072
COHFACE_s10_session2_natural,31,7,31.233333333333334,-0.47825440764427185,-0.33864189150795676
COHFACE_s10_session2_natural,31,8,31.266666666666666,-0.6786849498748779,-0.13852762527823828
COHFACE_s10_session2_natural,31,9,31.3,-0.8014727830886841,0.14844560554367156
COHFACE_s10_session2_natural,31,10,31.333333333333332,-0.8738552927970886,0.4607299453685119
COHFACE_s10_session2_natural,31,11,31.366666666666667,-0.9277982711791992,0.7361704598326535
COHFACE_s10_session2_natural,31,12,31.4,-0.9987472295761108,0.9345808537502541
COHFACE_s10_session2_natural,31,13,31.433333333333334,-1.0559272766113281,1.0449285985783427
COHFACE_s10_session2_natural,31,14,31.466666666666665,-0.643609344959259,1.0768521259238975
COHFACE_s10_session2_natural,31,15,31.5,0.6502700448036194,1.0465260492741648
COHFACE_s10_session2_natural,31,16,31.533333333333335,1.8703795671463013,0.9676786590806384
COHFACE_s10_session2_natural,31,17,31.566666666666666,2.154533863067627,0.8511909272549388
COHFACE_s10_session2_natural,31,18,31.6,1.773638367652893,0.7083758802413632
COHFACE_s10_session2_natural,31,19,31.633333333333333,1.279862642288208,0.5507826546690837
COHFACE_s10_session2_natural,31,20,31.666666666666668,0.8768627643585205,0.3849491804148889
COHFACE_s10_session2_natural,31,21,31.7,0.57663893699646,0.2074789422869479
COHFACE_s10_session2_natural,31,22,31.733333333333334,0.49378228187561035,0.006837933257014238
COHFACE_s10_session2_natural,31,23,31.766666666666666,0.586685299873352,-0.22710735112274127
COHFACE_s10_session2_natural,31,24,31.8,0.6136799454689026,-0.49182636390795326
COHFACE_s10_session2_natural,31,25,31.833333333333332,0.4490533471107483,-0.7676200801942998
COHFACE_s10_session2_natural,31,26,31.866666666666667,0.14583523571491241,-1.0235600153851594
COHFACE_s10_session2_natural,31,27,31.9,-0.1945972740650177,-1.2299570676414455
COHFACE_s10_session2_natural,31,28,31.933333333333334,-0.4999310076236725,-1.3693629802599967
COHFACE_s10_session2_natural,31,29,31.966666666666665,-0.7190207839012146,-1.4396854139867774
COHFACE_s10_session2_natural,31,30,32.0,-0.8452422022819519,-1.4484684295579433
COHFACE_s10_session2_natural,31,31,32.03333333333333,-0.9095321297645569,-1.4027719834390224
COHFACE_s10_session2_natural,31,32,32.06666666666667,-0.9655675888061523,-1.3010132077264531
COHFACE_s10_session2_natural,31,33,32.1,-1.040054202079773,-1.1313703790828946
COHFACE_s10_session2_natural,31,34,32.13333333333333,-1.118552327156067,-0.877693173623521
COHFACE_s10_session2_natural,31,35,32.166666666666664,-0.8544908761978149,-0.5303792705134233
COHFACE_s10_session2_natural,31,36,32.2,0.30698198080062866,-0.09767293464976741
COHFACE_s10_session2_natural,31,37,32.233333333333334,1.6114857196807861,0.3877892555105648
COHFACE_s10_session2_natural,31,38,32.266666666666666,2.015052080154419,0.8716345068677478
COHFACE_s10_session2_natural,31,39,32.3,1.6688276529312134,1.2906203040909436
COHFACE_s10_session2_natural,31,40,32.333333333333336,1.1635141372680664,1.5908445040781736
COHFACE_s10_session2_natural,31,41,32.36666666666667,0.7420979142189026,1.7424844637786543
COHFACE_s10_session2_natural,31,42,32.4,0.4258738160133362,1.7440609243828766
COHFACE_s10_session2_natural,31,43,32.43333333333333,0.34957218170166016,1.6155336969968457
COHFACE_s10_session2_natural,31,44,32.46666666666667,0.4638049900531769,1.3859666704354638
COHFACE_s10_session2_natural,31,45,32.5,0.5157016515731812,1.0836645219048897
COHFACE_s10_session2_natural,31,46,32.53333333333333,0.36954933404922485,0.733137808689921
COHFACE_s10_session2_natural,31,47,32.56666666666667,0.07715219259262085,0.3573411941541576
COHFACE_s10_session2_natural,31,48,32.6,-0.25529175996780396,-0.019884969344272217
COHFACE_s10_session2_natural,31,49,32.63333333333333,-0.537168562412262,-0.3750314213059675
COHFACE_s10_session2_natural,31,50,32.666666666666664,-0.7392869591712952,-0.6889961290499239
COHFACE_s10_session2_natural,31,51,32.7,-0.8623059988021851,-0.9497315607880494
COHFACE_s10_session2_natural,31,52,32.733333333333334,-0.9267693758010864,-1.150362960842296
COHFACE_s10_session2_natural,31,53,32.766666666666666,-0.978446364402771,-1.283925603805396
COHFACE_s10_session2_natural,31,54,32.8,-1.0452566146850586,-1.3391965044399985
COHFACE_s10_session2_natural,31,55,32.833333333333336,-1.119754672050476,-1.3018421467992354
COHFACE_s10_session2_natural,31,56,32.86666666666667,-0.9233242273330688,-1.1612842986417609
COHFACE_s10_session2_natural,31,57,32.9,0.12760376930236816,-0.9193204644886412
COHFACE_s10_session2_natural,31,58,32.93333333333333,1.434165358543396,-0.5949982424410838
COHFACE_s10_session2_natural,31,59,32.96666666666667,1.8951544761657715,-0.22248327164703738
COHFACE_s10_session2_natural,31,60,33.0,1.5690112113952637,0.15691759693652427
COHFACE_s10_session2_natural,31,61,33.03333333333333,1.0440558195114136,0.504140690838823
COHFACE_s10_session2_natural,31,62,33.06666666666667,0.5965582728385925,0.788970355942969
COHFACE_s10_session2_natural,31,63,33.1,0.2830163538455963,0.992582354377392
COHFACE_s10_session2_natural,31,64,33.13333333333333,0.24910834431648254,1.1076045619214872
COHFACE_s10_session2_natural,31,65,33.166666666666664,0.41119155287742615,1.137657506369944
COHFACE_s10_session2_natural,31,66,33.2,0.48636022210121155,1.0961140690641247
COHFACE_s10_session2_natural,31,67,33.233333333333334,0.34279751777648926,1.0022347873584958
COHFACE_s10_session2_natural,31,68,33.266666666666666,0.04557949677109718,0.8744832607330071
COHFACE_s10_session2_natural,31,69,33.3,-0.2873384654521942,0.7238858924810113
COHFACE_s10_session2_natural,31,70,33.333333333333336,-0.5593422651290894,0.5514376492889183
COHFACE_s10_session2_natural,31,71,33.36666666666667,-0.7331944108009338,0.3514750060925683
COHFACE_s10_session2_natural,31,72,33.4,-0.8334501385688782,0.11891330572339984
COHFACE_s10_session2_natural,31,73,33.43333333333333,-0.8956475257873535,-0.14435698923728074
COHFACE_s10_session2_natural,31,74,33.46666666666667,-0.9402724504470825,-0.427429533639227
COHFACE_s10_session2_natural,31,75,33.5,-1.0013138055801392,-0.712557645947825
COHFACE_s10_session2_natural,31,76,33.53333333333333,-1.061256766319275,-0.9784843326118313
COHFACE_s10_session2_natural,31,77,33.56666666666667,-0.7280035614967346,-1.202169385332969
COHFACE_s10_session2_natural,31,78,33.6,0.4434925615787506,-1.359453123877259
COHFACE_s10_session2_natural,31,79,33.63333333333333,1.5966763496398926,-1.4275886858815228
COHFACE_s10_session2_natural,31,80,33.666666666666664,1.832945466041565,-1.3909961765045518
COHFACE_s10_session2_natural,31,81,33.7,1.4107893705368042,-1.2479551828325288
COHFACE_s10_session2_natural,31,82,33.733333333333334,0.8871403932571411,-1.013953540359855
COHFACE_s10_session2_natural,31,83,33.766666666666666,0.46341192722320557,-0.7186062110257582
COHFACE_s10_session2_natural,31,84,33.8,0.22107328474521637,-0.3966569252376111
COHFACE_s10_session2_natural,31,85,33.833333333333336,0.2741954028606415,-0.07712463586252419
COHFACE_s10_session2_natural,31,86,33.86666666666667,0.44713422656059265,0.22417611616432792
COHFACE_s10_session2_natural,31,87,33.9,0.4690883159637451,0.5052163100829589
COHFACE_s10_session2_natural,31,88,33.93333333333333,0.2729583978652954,0.7714031791822688
COHFACE_s10_session2_natural,31,89,33.96666666666667,-0.039415910840034485,1.0256783215651337
COHFACE_s10_session2_natural,31,90,34.0,-0.3496283292770386,1.260094724038138
COHFACE_s10_session2_natural,31,91,34.03333333333333,-0.5947531461715698,1.4532181681797784
COHFACE_s10_session2_natural,31,92,34.06666666666667,-0.7523160576820374,1.575096337733635
COHFACE_s10_session2_natural,31,93,34.1,-0.8413230776786804,1.5981015946938526
COHFACE_s10_session2_natural,31,94,34.13333333333333,-0.895104169845581,1.5090153081952136
COHFACE_s10_session2_natural,31,95,34.166666666666664,-0.9538564085960388,1.3164269010073117
COHFACE_s10_session2_natural,31,96,34.2,-1.0359269380569458,1.0488148558027053
COHFACE_s10_session2_natural,31,97,34.233333333333334,-1.0356148481369019,0.7432123108415962
COHFACE_s10_session2_natural,31,98,34.266666666666666,-0.3880566358566284,0.43051303618507447
COHFACE_s10_session2_natural,31,99,34.3,0.9317190647125244,0.1262130976348692
COHFACE_s10_session2_natural,31,100,34.333333333333336,1.776933193206787,-0.16853440008019102
COHFACE_s10_session2_natural,31,101,34.36666666666667,1.7032674551010132,-0.45807763555427633
COHFACE_s10_session2_natural,31,102,34.4,1.2157692909240723,-0.7431663385353546
COHFACE_s10_session2_natural,31,103,34.43333333333333,0.7328376770019531,-1.017881856141867
COHFACE_s10_session2_natural,31,104,34.46666666666667,0.34727156162261963,-1.2722839369363899
COHFACE_s10_session2_natural,31,105,34.5,0.1950613558292389,-1.4949661206918716
COHFACE_s10_session2_natural,31,106,34.53333333333333,0.31820759177207947,-1.6708962992631053
COHFACE_s10_session2_natural,31,107,34.56666666666667,0.45709970593452454,-1.7763495233942765
COHFACE_s10_session2_natural,31,108,34.6,0.4024977684020996,-1.778431033125092
COHFACE_s10_session2_natural,31,109,34.63333333333333,0.15895679593086243,-1.6454096788537977
COHFACE_s10_session2_natural,31,110,34.666666666666664,-0.1544232964515686,-1.3650152939786604
COHFACE_s10_session2_natural,31,111,34.7,-0.4477800130844116,-0.959123257650749
COHFACE_s10_session2_natural,31,112,34.733333333333334,-0.6636443138122559,-0.48340186373690897
COHFACE_s10_session2_natural,31,113,34.766666666666666,-0.7927905917167664,-0.009704501250812899
COHFACE_s10_session2_natural,31,114,34.8,-0.8691037893295288,0.3993494327820782
COHFACE_s10_session2_natural,31,115,34.833333333333336,-0.9428735971450806,0.7092024197932003
COHFACE_s10_session2_natural,31,116,34.86666666666667,-1.017996072769165,0.9171244782487923
COHFACE_s10_session2_natural,31,117,34.9,-1.0609678030014038,1.0428492975220598
COHFACE_s10_session2_natural,31,118,34.93333333333333,-0.6873324513435364,1.1140434361090819
COHFACE_s10_session2_natural,31,119,34.96666666666667,0.49793264269828796,1.1539145769457384
COHFACE_s10_session2_natural,31,120,35.0,1.6168731451034546,1.1738807317335673
COHFACE_s10_session2_natural,31,121,35.03333333333333,1.8253037929534912,1.171009641949746
COHFACE_s10_session2_natural,31,122,35.06666666666667,1.4203848838806152,1.13027062163482
COHFACE_s10_session2_natural,31,123,35.1,0.920412540435791,1.0321372056590064
COHFACE_s10_session2_natural,31,124,35.13333333333333,0.4934239089488983,0.8634411875680835
COHFACE_s10_session2_natural,31,125,35.166666666666664,0.22511957585811615,0.6261764879390138
COHFACE_s10_session2_natural,31,126,35.2,0.24968639016151428,0.33926341158653334
COHFACE_s10_session2_natural,31,127,35.233333333333334,0.39871737360954285,0.03258827626300258
COHFACE_s10_session2_natural,31,128,35.266666666666666,0.42046335339546204,-0.26202425650426214
COHFACE_s10_session2_natural,31,129,35.3,0.245247021317482,-0.516702391482418
COHFACE_s10_session2_natural,31,130,35.333333333333336,-0.0580635704100132,-0.7083103529517394
COHFACE_s10_session2_natural,31,131,35.36666666666667,-0.38232243061065674,-0.8176627635728705
COHFACE_s10_session2_natural,31,132,35.4,-0.6344068646430969,-0.8319367005893633
COHFACE_s10_session2_natural,31,133,35.43333333333333,-0.7857269048690796,-0.7512076882046552
COHFACE_s10_session2_natural,31,134,35.46666666666667,-0.877797544002533,-0.5944538724574712
COHFACE_s10_session2_natural,31,135,35.5,-0.9505037665367126,-0.3981779825386072
COHFACE_s10_session2_natural,31,136,35.53333333333333,-1.0277303457260132,-0.20482107399892516
COHFACE_s10_session2_natural,31,137,35.56666666666667,-1.0636845827102661,-0.045666121472750024
COHFACE_s10_session2_natural,31,138,35.6,-0.5729494094848633,0.07171045977533054
COHFACE_s10_session2_natural,31,139,35.63333333333333,0.7405949831008911,0.1629980984015982
COHFACE_s10_session2_natural,31,140,35.666666666666664,1.8305755853652954,0.2538561646378644
COHFACE_s10_session2_natural,31,141,35.7,1.9438951015472412,0.3623963027300323
COHFACE_s10_session2_natural,31,142,35.733333333333334,1.4932066202163696,0.487612208970088
COHFACE_s10_session2_natural,31,143,35.766666666666666,1.0125178098678589,0.6088503240746016
COHFACE_s10_session2_natural,31,144,35.8,0.6201308965682983,0.6944796521656394
COHFACE_s10_session2_natural,31,145,35.833333333333336,0.357953816652298,0.7138320754344178
COHFACE_s10_session2_natural,31,146,35.86666666666667,0.35734108090400696,0.6471440369721502
COHFACE_s10_session2_natural,31,147,35.9,0.47592076659202576,0.49114667268972684
COHFACE_s10_session2_natural,31,148,35.93333333333333,0.4598396122455597,0.25985890746231893
COHFACE_s10_session2_natural,31,149,35.96666666666667,0.25277313590049744,-0.019239145620463145
COHFACE_s10_session2_natural,31,150,36.0,-0.06315034627914429,-0.31282297146147736
COHFACE_s10_session2_natural,31,151,36.03333333333333,-0.38487738370895386,-0.5908292514176239
COHFACE_s10_session2_natural,31,152,36.06666666666667,-0.6411237716674805,-0.8330712438477506
COHFACE_s10_session2_natural,31,153,36.1,-0.797831118106842,-1.0297362821709466
COHFACE_s10_session2_natural,31,154,36.13333333333333,-0.8950001001358032,-1.1756715547511083
COHFACE_s10_session2_natural,31,155,36.166666666666664,-0.9650126695632935,-1.2627956074561548
COHFACE_s10_session2_natural,31,156,36.2,-1.0356495380401611,-1.2768137743902308
COHFACE_s10_session2_natural,31,157,36.233333333333334,-1.0894768238067627,-1.201754715217131
COHFACE_s10_session2_natural,31,158,36.266666666666666,-0.7179918885231018,-1.0298776771563973
COHFACE_s10_session2_natural,31,159,36.3,0.6021999716758728,-0.7699022954708205
COHFACE_s10_session2_natural,31,160,36.333333333333336,1.912599802017212,-0.4473521739972424
COHFACE_s10_session2_natural,31,161,36.36666666666667,2.191875457763672,-0.09661895133472402
COHFACE_s10_session2_natural,31,162,36.4,1.7817540168762207,0.24913358928260004
COHFACE_s10_session2_natural,31,163,36.43333333333333,1.3177707195281982,0.5627977029520164
COHFACE_s10_session2_natural,31,164,36.46666666666667,0.9700201749801636,0.8213271959645133
COHFACE_s10_session2_natural,31,165,36.5,0.6681315302848816,1.0024359365467774
COHFACE_s10_session2_natural,31,166,36.53333333333333,0.5351123213768005,1.0867229500804
COHFACE_s10_session2_natural,31,167,36.56666666666667,0.5617370009422302,1.0665300043465553
COHFACE_s10_session2_natural,31,168,36.6,0.5403262972831726,0.9553414482311489
COHFACE_s10_session2_natural,31,169,36.63333333333333,0.3521386981010437,0.7888979475510424
COHFACE_s10_session2_natural,31,170,36.666666666666664,0.029683319851756096,0.614629517690432
COHFACE_s10_session2_natural,31,171,36.7,-0.32316553592681885,0.47439745943315237
COHFACE_s10_session2_natural,31,172,36.733333333333334,-0.6244992613792419,0.3897582522012207
COHFACE_s10_session2_natural,31,173,36.766666666666666,-0.8336350917816162,0.35700616332269136
COHFACE_s10_session2_natural,31,174,36.8,-0.956018328666687,0.3533386306362195
COHFACE_s10_session2_natural,31,175,36.833333333333336,-1.0216608047485352,0.349666529457885
COHFACE_s10_session2_natural,31,176,36.86666666666667,-1.0771182775497437,0.3232071541177223
COHFACE_s10_session2_natural,31,177,36.9,-1.162171483039856,0.2645425788838332
COHFACE_s10_session2_natural,31,178,36.93333333333333,-1.2588664293289185,0.17761767086212898
COHFACE_s10_session2_natural,31,179,36.96666666666667,-1.0100653171539307,0.0747312709006951
COHFACE_s10_session2_natural,31,180,37.0,0.28384873270988464,-0.029878349477103647
COHFACE_s10_session2_natural,31,181,37.03333333333333,1.8081012964248657,-0.12482507492965761
COHFACE_s10_session2_natural,31,182,37.06666666666667,2.2735180854797363,-0.20343216125138858
COHFACE_s10_session2_natural,31,183,37.1,1.886772871017456,-0.2631636641777099
COHFACE_s10_session2_natural,31,184,37.13333333333333,1.383783221244812,-0.304273870853262
COHFACE_s10_session2_natural,31,185,37.166666666666664,1.0218359231948853,-0.3294051755816894
COHFACE_s10_session2_natural,31,186,37.2,0.709577202796936,-0.3448565680389742
COHFACE_s10_session2_natural,31,187,37.233333333333334,0.513412594795227,-0.3622529383678942
COHFACE_s10_session2_natural,31,188,37.266666666666666,0.5074472427368164,-0.39745804662899187
COHFACE_s10_session2_natural,31,189,37.3,0.5004413723945618,-0.4642627362582408
COHFACE_s10_session2_natural,31,190,37.333333333333336,0.3443697988986969,-0.5645078488715785
COHFACE_s10_session2_natural,31,191,37.36666666666667,0.043117035180330276,-0.6807050057380917
COHFACE_s10_session2_natural,31,192,37.4,-0.3133503794670105,-0.7778006103321513
COHFACE_s10_session2_natural,31,193,37.43333333333333,-0.6388347148895264,-0.8160252292356197
COHFACE_s10_session2_natural,31,194,37.46666666666667,-0.8874393105506897,-0.7690852947671093
COHFACE_s10_session2_natural,31,195,37.5,-1.0479618310928345,-0.6370685299045971
COHFACE_s10_session2_natural,31,196,37.53333333333333,-1.1206333637237549,-0.4458498705228706
COHFACE_s10_session2_natural,31,197,37.56666666666667,-1.1669577360153198,-0.23332575054667234
COHFACE_s10_session2_natural,31,198,37.6,-1.2270278930664062,-0.03178828526437705
COHFACE_s10_session2_natural,31,199,37.63333333333333,-1.323757529258728,0.1421248991554073
COHFACE_s10_session2_natural,31,200,37.666666666666664,-1.4237474203109741,0.2856515970962149
COHFACE_s10_session2_natural,31,201,37.7,-1.0758812427520752,0.4014736321944222
COHFACE_s10_session2_natural,31,202,37.733333333333334,0.3655261695384979,0.4910796359407979
COHFACE_s10_session2_natural,31,203,37.766666666666666,1.8337316513061523,0.5543344078388515
COHFACE_s10_session2_natural,31,204,37.8,2.1507418155670166,0.5928400284778303
COHFACE_s10_session2_natural,31,205,37.833333333333336,1.693232536315918,0.6113971542012817
COHFACE_s10_session2_natural,31,206,37.86666666666667,1.1701964139938354,0.615074678973913
COHFACE_s10_session2_natural,31,207,37.9,0.782930850982666,0.6047652583692025
COHFACE_s10_session2_natural,31,208,37.93333333333333,0.47241783142089844,0.5758608666952508
COHFACE_s10_session2_natural,31,209,37.96666666666667,0.35112133622169495,0.5218745499365355
COHFACE_s10_session2_natural,31,210,38.0,0.41165396571159363,0.4403417553346033
COHFACE_s10_session2_natural,31,211,38.03333333333333,0.41209328174591064,0.33633070965638756
COHFACE_s10_session2_natural,31,212,38.06666666666667,0.226345032453537,0.22127675710651998
COHFACE_s10_session2_natural,31,213,38.1,-0.09706989675760269,0.10862722093385781
COHFACE_s10_session2_natural,31,214,38.13333333333333,-0.45772233605384827,0.009208347122996726
COHFACE_s10_session2_natural,31,215,38.166666666666664,-0.77264004945755,-0.07175104092453163
COHFACE_s10_session2_natural,31,216,38.2,-1.0065507888793945,-0.1354672471950733
COHFACE_s10_session2_natural,31,217,38.233333333333334,-1.165998101234436,-0.18840018061369218
COHFACE_s10_session2_natural,31,218,38.266666666666666,-1.241132140159607,-0.2387323484739631
COHFACE_s10_session2_natural,31,219,38.3,-1.2706239223480225,-0.2906590315610347
COHFACE_s10_session2_natural,31,220,38.333333333333336,-1.3179078102111816,-0.3386770456781991
COHFACE_s10_session2_natural,31,221,38.36666666666667,-1.4067991971969604,-0.36586068750487466
COHFACE_s10_session2_natural,31,222,38.4,-1.4936327934265137,-0.34924513261460294
COHFACE_s10_session2_natural,31,223,38.43333333333333,-1.0897080898284912,-0.2715999773260461
COHFACE_s10_session2_natural,31,224,38.46666666666667,0.38612762093544006,-0.13409048004151472
COHFACE_s10_session2_natural,31,225,38.5,1.809881567955017,0.037769626805714974
COHFACE_s10_session2_natural,31,226,38.53333333333333,2.0817697048187256,0.19954029539511192
COHFACE_s10_session2_natural,31,227,38.56666666666667,1.5816587209701538,0.30287623543026165
COHFACE_s10_session2_natural,31,228,38.6,0.9948760271072388,0.31251237685543026
COHFACE_s10_session2_natural,31,229,38.63333333333333,0.5430430769920349,0.21674517567532722
COHFACE_s10_session2_natural,31,230,38.666666666666664,0.22737394273281097,0.028156958343570942
COHFACE_s10_session2_natural,31,231,38.7,0.17886459827423096,-0.22229564946470579
COHFACE_s10_session2_natural,31,232,38.733333333333334,0.3147624433040619,-0.49256095186084753
COHFACE_s10_session2_natural,31,233,38.766666666666666,0.34731781482696533,-0.7352787540170195
COHFACE_s10_session2_natural,31,234,38.8,0.15833251178264618,-0.9030233914309741
COHFACE_s10_session2_natural,31,235,38.833333333333336,-0.17662014067173004,-0.9554542515531798
COHFACE_s10_session2_natural,31,236,38.86666666666667,-0.5425096750259399,-0.8685622555829673
COHFACE_s10_session2_natural,31,237,38.9,-0.8567221164703369,-0.6428220923557817
COHFACE_s10_session2_natural,31,238,38.93333333333333,-1.0776153802871704,-0.306067007150996
COHFACE_s10_session2_natural,31,239,38.96666666666667,-1.2108427286148071,0.09094035879596997
COHFACE_s10_session2_natural,32,0,32.0,-0.8452422022819519,0.04521767427896692
COHFACE_s10_session2_natural,32,1,32.03333333333333,-0.9095321297645569,-0.02490039088702385
COHFACE_s10_session2_natural,32,2,32.06666666666667,-0.9655675888061523,-0.08560719515361113
COHFACE_s10_session2_natural,32,3,32.1,-1.040054202079773,-0.123103320766607
COHFACE_s10_session2_natural,32,4,32.13333333333333,-1.118552327156067,-0.11778587163306502
COHFACE_s10_session2_natural,32,5,32.166666666666664,-0.8544908761978149,-0.047267656648143155
COHFACE_s10_session2_natural,32,6,32.2,0.30698198080062866,0.10509888727333554
COHFACE_s10_session2_natural,32,7,32.233333333333334,1.6114857196807861,0.3386016723437461
COHFACE_s10_session2_natural,32,8,32.266666666666666,2.015052080154419,0.6273502208395714
COHFACE_s10_session2_natural,32,9,32.3,1.6688276529312134,0.9233623601301229
COHFACE_s10_session2_natural,32,10,32.333333333333336,1.1635141372680664,1.1707292419848767
COHFACE_s10_session2_natural,32,11,32.36666666666667,0.7420979142189026,1.3230366525296822
COHFACE_s10_session2_natural,32,12,32.4,0.4258738160133362,1.3545868262048424
COHFACE_s10_session2_natural,32,13,32.43333333333333,0.34957218170166016,1.261280963161438
COHFACE_s10_session2_natural,32,14,32.46666666666667,0.4638049900531769,1.0546179700413154
COHFACE_s10_session2_natural,32,15,32.5,0.5157016515731812,0.755814554385965
COHFACE_s10_session2_natural,32,16,32.53333333333333,0.36954933404922485,0.3937321325361263
COHFACE_s10_session2_natural,32,17,32.56666666666667,0.07715219259262085,0.004515759639898367
COHFACE_s10_session2_natural,32,18,32.6,-0.25529175996780396,-0.3713833599602605
COHFACE_s10_session2_natural,32,19,32.63333333333333,-0.537168562412262,-0.6964222901825696
COHFACE_s10_session2_natural,32,20,32.666666666666664,-0.7392869591712952,-0.944191810644341
COHFACE_s10_session2_natural,32,21,32.7,-0.8623059988021851,-1.1033309021238773
COHFACE_s10_session2_natural,32,22,32.733333333333334,-0.9267693758010864,-1.1749678119706604
COHFACE_s10_session2_natural,32,23,32.766666666666666,-0.978446364402771,-1.1665571187881199
COHFACE_s10_session2_natural,32,24,32.8,-1.0452566146850586,-1.0870930587665377
COHFACE_s10_session2_natural,32,25,32.833333333333336,-1.119754672050476,-0.9466881272264233
COHFACE_s10_session2_natural,32,26,32.86666666666667,-0.9233242273330688,-0.7593889492130637
COHFACE_s10_session2_natural,32,27,32.9,0.12760376930236816,-0.5453089117355929
COHFACE_s10_session2_natural,32,28,32.93333333333333,1.434165358543396,-0.3289375793806772
COHFACE_s10_session2_natural,32,29,32.96666666666667,1.8951544761657715,-0.13370773524659776
COHFACE_s10_session2_natural,32,30,33.0,1.5690112113952637,0.02419541410296503
COHFACE_s10_session2_natural,32,31,33.03333333333333,1.0440558195114136,0.13924085418339002
COHFACE_s10_session2_natural,32,32,33.06666666666667,0.5965582728385925,0.21568755894392297
COHFACE_s10_session2_natural,32,33,33.1,0.2830163538455963,0.2637792662718751
COHFACE_s10_session2_natural,32,34,33.13333333333333,0.24910834431648254,0.29568834500132996
COHFACE_s10_session2_natural,32,35,33.166666666666664,0.41119155287742615,0.3230816454063662
COHFACE_s10_session2_natural,32,36,33.2,0.48636022210121155,0.3560465084438004
COHFACE_s10_session2_natural,32,37,33.233333333333334,0.34279751777648926,0.4015887835169757
COHFACE_s10_session2_natural,32,38,33.266666666666666,0.04557949677109718,0.4604806324510824
COHFACE_s10_session2_natural,32,39,33.3,-0.2873384654521942,0.5235994556936101
COHFACE_s10_session2_natural,32,40,33.333333333333336,-0.5593422651290894,0.5711754680001664
COHFACE_s10_session2_natural,32,41,33.36666666666667,-0.7331944108009338,0.5779201184633064
COHFACE_s10_session2_natural,32,42,33.4,-0.8334501385688782,0.5231339389587158
COHFACE_s10_session2_natural,32,43,33.43333333333333,-0.8956475257873535,0.40076164445237733
COHFACE_s10_session2_natural,32,44,33.46666666666667,-0.9402724504470825,0.22362885578435393
COHFACE_s10_session2_natural,32,45,33.5,-1.0013138055801392,0.019266934949251722
COHFACE_s10_session2_natural,32,46,33.53333333333333,-1.061256766319275,-0.18039383461459513
COHFACE_s10_session2_natural,32,47,33.56666666666667,-0.7280035614967346,-0.3500807883974487
COHFACE_s10_session2_natural,32,48,33.6,0.4434925615787506,-0.47825736646114386
COHFACE_s10_session2_natural,32,49,33.63333333333333,1.5966763496398926,-0.5682367533315318
COHFACE_s10_session2_natural,32,50,33.666666666666664,1.832945466041565,-0.6336221161291158
COHFACE_s10_session2_natural,32,51,33.7,1.4107893705368042,-0.6897518623361486
COHFACE_s10_session2_natural,32,52,33.733333333333334,0.8871403932571411,-0.7439221987952583
COHFACE_s10_session2_natural,32,53,33.766666666666666,0.46341192722320557,-0.7880390973179813
COHFACE_s10_session2_natural,32,54,33.8,0.22107328474521637,-0.7974170903672458
COHFACE_s10_session2_natural,32,55,33.833333333333336,0.2741954028606415,-0.7376484429852113
COHFACE_s10_session2_natural,32,56,33.86666666666667,0.44713422656059265,-0.5777612804242266
COHFACE_s10_session2_natural,32,57,33.9,0.4690883159637451,-0.3043295127870351
COHFACE_s10_session2_natural,32,58,33.93333333333333,0.2729583978652954,0.06973025683042128
COHFACE_s10_session2_natural,32,59,33.96666666666667,-0.039415910840034485,0.5052822745304816
COHFACE_s10_session2_natural,32,60,34.0,-0.3496283292770386,0.9448809382668666
COHFACE_s10_session2_natural,32,61,34.03333333333333,-0.5947531461715698,1.3244938665732928
COHFACE_s10_session2_natural,32,62,34.06666666666667,-0.7523160576820374,1.5862236824937859
COHFACE_s10_session2_natural,32,63,34.1,-0.8413230776786804,1.6909703637404732
COHFACE_s10_session2_natural,32,64,34.13333333333333,-0.895104169845581,1.6288053952324892
COHFACE_s10_session2_natural,32,65,34.166666666666664,-0.9538564085960388,1.4224145220253535
COHFACE_s10_session2_natural,32,66,34.2,-1.0359269380569458,1.1192424612152234
COHFACE_s10_session2_natural,32,67,34.233333333333334,-1.0356148481369019,0.7730884798514465
COHFACE_s10_session2_natural,32,68,34.266666666666666,-0.3880566358566284,0.4237233957501777
COHFACE_s10_session2_natural,32,69,34.3,0.9317190647125244,0.08646950098806025
COHFACE_s10_session2_natural,32,70,34.333333333333336,1.776933193206787,-0.24221917599709608
COHFACE_s10_session2_natural,32,71,34.36666666666667,1.7032674551010132,-0.5681905458455202
COHFACE_s10_session2_natural,32,72,34.4,1.2157692909240723,-0.8847937145998311
COHFACE_s10_session2_natural,32,73,34.43333333333333,0.7328376770019531,-1.1705780487669675
COHFACE_s10_session2_natural,32,74,34.46666666666667,0.34727156162261963,-1.3990913189784244
COHFACE_s10_session2_natural,32,75,34.5,0.1950613558292389,-1.5502057857523295
COHFACE_s10_session2_natural,32,76,34.53333333333333,0.31820759177207947,-1.6126944853908258
COHFACE_s10_session2_natural,32,77,34.56666666666667,0.45709970593452454,-1.5776340500920236
COHFACE_s10_session2_natural,32,78,34.6,0.4024977684020996,-1.4328728948437388
COHFACE_s10_session2_natural,32,79,34.63333333333333,0.15895679593086243,-1.1693555829655615
COHFACE_s10_session2_natural,32,80,34.666666666666664,-0.1544232964515686,-0.797801562996321
COHFACE_s10_session2_natural,32,81,34.7,-0.4477800130844116,-0.36164940100686266
COHFACE_s10_session2_natural,32,82,34.733333333333334,-0.6636443138122559,0.06742257426932335
COHFACE_s10_session2_natural,32,83,34.766666666666666,-0.7927905917167664,0.41260722515291376
COHFACE_s10_session2_natural,32,84,34.8,-0.8691037893295288,0.6208105836067588
COHFACE_s10_session2_natural,32,85,34.833333333333336,-0.9428735971450806,0.6801951688732754
COHFACE_s10_session2_natural,32,86,34.86666666666667,-1.017996072769165,0.6189119386414285
COHFACE_s10_session2_natural,32,87,34.9,-1.0609678030014038,0.49042404301434206
COHFACE_s10_session2_natural,32,88,34.93333333333333,-0.6873324513435364,0.35545850565521
COHFACE_s10_session2_natural,32,89,34.96666666666667,0.49793264269828796,0.2667091141846669
COHFACE_s10_session2_natural,32,90,35.0,1.6168731451034546,0.25670965789789557
COHFACE_s10_session2_natural,32,91,35.03333333333333,1.8253037929534912,0.32837856808598503
COHFACE_s10_session2_natural,32,92,35.06666666666667,1.4203848838806152,0.4523320702640754
COHFACE_s10_session2_natural,32,93,35.1,0.920412540435791,0.5769929285835667
COHFACE_s10_session2_natural,32,94,35.13333333333333,0.4934239089488983,0.6506293106463864
COHFACE_s10_session2_natural,32,95,35.166666666666664,0.22511957585811615,0.6447643772992785
COHFACE_s10_session2_natural,32,96,35.2,0.24968639016151428,0.5655420771630877
COHFACE_s10_session2_natural,32,97,35.233333333333334,0.39871737360954285,0.44668334592683806
COHFACE_s10_session2_natural,32,98,35.266666666666666,0.42046335339546204,0.33000938091223203
COHFACE_s10_session2_natural,32,99,35.3,0.245247021317482,0.24674525980752632
COHFACE_s10_session2_natural,32,100,35.333333333333336,-0.0580635704100132,0.20868081651678944
COHFACE_s10_session2_natural,32,101,35.36666666666667,-0.38232243061065674,0.20890597659043475
COHFACE_s10_session2_natural,32,102,35.4,-0.6344068646430969,0.22668017127039036
COHFACE_s10_session2_natural,32,103,35.43333333333333,-0.7857269048690796,0.23244504544314118
COHFACE_s10_session2_natural,32,104,35.46666666666667,-0.877797544002533,0.19364592480734033
COHFACE_s10_session2_natural,32,105,35.5,-0.9505037665367126,0.08427244761062185
COHFACE_s10_session2_natural,32,106,35.53333333333333,-1.0277303457260132,-0.10220084098832229
COHFACE_s10_session2_natural,32,107,35.56666666666667,-1.0636845827102661,-0.34233794961447767
COHFACE_s10_session2_natural,32,108,35.6,-0.5729494094848633,-0.5828878760628776
COHFACE_s10_session2_natural,32,109,35.63333333333333,0.7405949831008911,-0.7556440309893326
COHFACE_s10_session2_natural,32,110,35.666666666666664,1.8305755853652954,-0.8022776072978897
COHFACE_s10_session2_natural,32,111,35.7,1.9438951015472412,-0.6975959071161723
COHFACE_s10_session2_natural,32,112,35.733333333333334,1.4932066202163696,-0.46043412083972945
COHFACE_s10_session2_natural,32,113,35.766666666666666,1.0125178098678589,-0.14804526528741455
COHFACE_s10_session2_natural,32,114,35.8,0.6201308965682983,0.16271136520321458
COHFACE_s10_session2_natural,32,115,35.833333333333336,0.357953816652298,0.3995012394852621
COHFACE_s10_session2_natural,32,116,35.86666666666667,0.35734108090400696,0.5154775137503422
COHFACE_s10_session2_natural,32,117,35.9,0.47592076659202576,0.5005655495625744
COHFACE_s10_session2_natural,32,118,35.93333333333333,0.4598396122455597,0.3795237105294191
COHFACE_s10_session2_natural,32,119,35.96666666666667,0.25277313590049744,0.19750248718423577
COHFACE_s10_session2_natural,32,120,36.0,-0.06315034627914429,-0.0007815850563247934
COHFACE_s10_session2_natural,32,121,36.03333333333333,-0.38487738370895386,-0.18857730076169585
COHFACE_s10_session2_natural,32,122,36.06666666666667,-0.6411237716674805,-0.3628781419241276
COHFACE_s10_session2_natural,32,123,36.1,-0.797831118106842,-0.5359519096478885
COHFACE_s10_session2_natural,32,124,36.13333333333333,-0.8950001001358032,-0.7179457238740153
COHFACE_s10_session2_natural,32,125,36.166666666666664,-0.9650126695632935,-0.9010277945588004
COHFACE_s10_session2_natural,32,126,36.2,-1.0356495380401611,-1.0546212363642995
COHFACE_s10_session2_natural,32,127,36.233333333333334,-1.0894768238067627,-1.1347118231814697
COHFACE_s10_session2_natural,32,128,36.266666666666666,-0.7179918885231018,-1.1017282869817713
COHFACE_s10_session2_natural,32,129,36.3,0.6021999716758728,-0.9367255900894274
COHFACE_s10_session2_natural,32,130,36.333333333333336,1.912599802017212,-0.6478915721920496
COHFACE_s10_session2_natural,32,131,36.36666666666667,2.191875457763672,-0.2664578390153905
COHFACE_s10_session2_natural,32,132,36.4,1.7817540168762207,0.16247072740263954
COHFACE_s10_session2_natural,32,133,36.43333333333333,1.3177707195281982,0.587713827837395
COHFACE_s10_session2_natural,32,134,36.46666666666667,0.9700201749801636,0.9570484293338363
COHFACE_s10_session2_natural,32,135,36.5,0.6681315302848816,1.2231848730010573
COHFACE_s10_session2_natural,32,136,36.53333333333333,0.5351123213768005,1.3537238723858045
COHFACE_s10_session2_natural,32,137,36.56666666666667,0.5617370009422302,1.342552575806531
COHFACE_s10_session2_natural,32,138,36.6,0.5403262972831726,1.2149871245185981
COHFACE_s10_session2_natural,32,139,36.63333333333333,0.3521386981010437,1.0199985914132061
COHFACE_s10_session2_natural,32,140,36.666666666666664,0.029683319851756096,0.8110738499612807
COHFACE_s10_session2_natural,32,141,36.7,-0.32316553592681885,0.6256035537799097
COHFACE_s10_session2_natural,32,142,36.733333333333334,-0.6244992613792419,0.473721648175498
COHFACE_s10_session2_natural,32,143,36.766666666666666,-0.8336350917816162,0.34131880962381356
COHFACE_s10_session2_natural,32,144,36.8,-0.956018328666687,0.20357258942014944
COHFACE_s10_session2_natural,32,145,36.833333333333336,-1.0216608047485352,0.04044875471624682
COHFACE_s10_session2_natural,32,146,36.86666666666667,-1.0771182775497437,-0.1530458022022297
COHFACE_s10_session2_natural,32,147,36.9,-1.162171483039856,-0.36413393589842197
COHFACE_s10_session2_natural,32,148,36.93333333333333,-1.2588664293289185,-0.5652630323970184
COHFACE_s10_session2_natural,32,149,36.96666666666667,-1.0100653171539307,-0.7201741951365473
COHFACE_s10_session2_natural,32,150,37.0,0.28384873270988464,-0.792087111326356
COHFACE_s10_session2_natural,32,151,37.03333333333333,1.8081012964248657,-0.7539085062863713
COHFACE_s10_session2_natural,32,152,37.06666666666667,2.2735180854797363,-0.5983863695163044
COHFACE_s10_session2_natural,32,153,37.1,1.886772871017456,-0.3439890112759142
COHFACE_s10_session2_natural,32,154,37.13333333333333,1.383783221244812,-0.03328397009715552
COHFACE_s10_session2_natural,32,155,37.166666666666664,1.0218359231948853,0.2758110010478588
COHFACE_s10_session2_natural,32,156,37.2,0.709577202796936,0.522219646380023
COHFACE_s10_session2_natural,32,157,37.233333333333334,0.513412594795227,0.653412580354972
COHFACE_s10_session2_natural,32,158,37.266666666666666,0.5074472427368164,0.6355210228700904
COHFACE_s10_session2_natural,32,159,37.3,0.5004413723945618,0.46231314879038005
COHFACE_s10_session2_natural,32,160,37.333333333333336,0.3443697988986969,0.1609580133832878
COHFACE_s10_session2_natural,32,161,37.36666666666667,0.043117035180330276,-0.2102734265606806
COHFACE_s10_session2_natural,32,162,37.4,-0.3133503794670105,-0.5754686982697483
COHFACE_s10_session2_natural,32,163,37.43333333333333,-0.6388347148895264,-0.8630258521325889
COHFACE_s10_session2_natural,32,164,37.46666666666667,-0.8874393105506897,-1.0275917496473403
COHFACE_s10_session2_natural,32,165,37.5,-1.0479618310928345,-1.0617215980216503
COHFACE_s10_session2_natural,32,166,37.53333333333333,-1.1206333637237549,-0.991349214802312
COHFACE_s10_session2_natural,32,167,37.56666666666667,-1.1669577360153198,-0.8579129176241005
COHFACE_s10_session2_natural,32,168,37.6,-1.2270278930664062,-0.6980418588160583
COHFACE_s10_session2_natural,32,169,37.63333333333333,-1.323757529258728,-0.5322719691411801
COHFACE_s10_session2_natural,32,170,37.666666666666664,-1.4237474203109741,-0.36576380829570215
COHFACE_s10_session2_natural,32,171,37.7,-1.0758812427520752,-0.1950913372121272
COHFACE_s10_session2_natural,32,172,37.733333333333334,0.3655261695384979,-0.014262918361561041
COHFACE_s10_session2_natural,32,173,37.766666666666666,1.8337316513061523,0.18190904534292182
COHFACE_s10_session2_natural,32,174,37.8,2.1507418155670166,0.3948754206833109
COHFACE_s10_session2_natural,32,175,37.833333333333336,1.693232536315918,0.6179613276656614
COHFACE_s10_session2_natural,32,176,37.86666666666667,1.1701964139938354,0.8324511949089283
COHFACE_s10_session2_natural,32,177,37.9,0.782930850982666,1.0085984188066943
COHFACE_s10_session2_natural,32,178,37.93333333333333,0.47241783142089844,1.1136335516988927
COHFACE_s10_session2_natural,32,179,37.96666666666667,0.35112133622169495,1.1237941101787061
COHFACE_s10_session2_natural,32,180,38.0,0.41165396571159363,1.0341911745433938
COHFACE_s10_session2_natural,32,181,38.03333333333333,0.41209328174591064,0.8613214570453069
COHFACE_s10_session2_natural,32,182,38.06666666666667,0.226345032453537,0.6374726542255783
COHFACE_s10_session2_natural,32,183,38.1,-0.09706989675760269,0.4005177536652348
COHFACE_s10_session2_natural,32,184,38.13333333333333,-0.45772233605384827,0.18361157610048645
COHFACE_s10_session2_natural,32,185,38.166666666666664,-0.77264004945755,0.00782722678292698
COHFACE_s10_session2_natural,32,186,38.2,-1.0065507888793945,-0.12093669960793842
COHFACE_s10_session2_natural,32,187,38.233333333333334,-1.165998101234436,-0.21037931437211055
COHFACE_s10_session2_natural,32,188,38.266666666666666,-1.241132140159607,-0.27566739402500745
COHFACE_s10_session2_natural,32,189,38.3,-1.2706239223480225,-0.3301465357894582
COHFACE_s10_session2_natural,32,190,38.333333333333336,-1.3179078102111816,-0.37659035417583814
COHFACE_s10_session2_natural,32,191,38.36666666666667,-1.4067991971969604,-0.4040234935032868
COHFACE_s10_session2_natural,32,192,38.4,-1.4936327934265137,-0.39341638753687713
COHFACE_s10_session2_natural,32,193,38.43333333333333,-1.0897080898284912,-0.3308032928059639
COHFACE_s10_session2_natural,32,194,38.46666666666667,0.38612762093544006,-0.22104588074604173
COHFACE_s10_session2_natural,32,195,38.5,1.809881567955017,-0.09358688976370831
COHFACE_s10_session2_natural,32,196,38.53333333333333,2.0817697048187256,0.00458655575416804
COHFACE_s10_session2_natural,32,197,38.56666666666667,1.5816587209701538,0.02616361322926981
COHFACE_s10_session2_natural,32,198,38.6,0.9948760271072388,-0.05777696543679098
COHFACE_s10_session2_natural,32,199,38.63333333333333,0.5430430769920349,-0.24660126121059636
COHFACE_s10_session2_natural,32,200,38.666666666666664,0.22737394273281097,-0.5096636475312027
COHFACE_s10_session2_natural,32,201,38.7,0.17886459827423096,-0.7931689447174943
COHFACE_s10_session2_natural,32,202,38.733333333333334,0.3147624433040619,-1.0294135411960381
COHFACE_s10_session2_natural,32,203,38.766666666666666,0.34731781482696533,-1.1468060268760467
COHFACE_s10_session2_natural,32,204,38.8,0.15833251178264618,-1.083052020406481
COHFACE_s10_session2_natural,32,205,38.833333333333336,-0.17662014067173004,-0.803454607139843
COHFACE_s10_session2_natural,32,206,38.86666666666667,-0.5425096750259399,-0.3201454728815241
COHFACE_s10_session2_natural,32,207,38.9,-0.8567221164703369,0.29823622707566644
COHFACE_s10_session2_natural,32,208,38.93333333333333,-1.0776153802871704,0.9365586659287465
COHFACE_s10_session2_natural,32,209,38.96666666666667,-1.2108427286148071,1.4642455315753136
COHFACE_s10_session2_natural,32,210,39.0,-1.2851905822753906,1.7758551190225402
COHFACE_s10_session2_natural,32,211,39.03333333333333,-1.3292258977890015,1.82233287372902
COHFACE_s10_session2_natural,32,212,39.06666666666667,-1.3800357580184937,1.6188078313947463
COHFACE_s10_session2_natural,32,213,39.1,-1.463077425956726,1.228169196684109
COHFACE_s10_session2_natural,32,214,39.13333333333333,-1.5396912097930908,0.7325224592557144
COHFACE_s10_session2_natural,32,215,39.166666666666664,-1.0687135457992554,0.20855473344204623
COHFACE_s10_session2_natural,32,216,39.2,0.47238314151763916,-0.2842189226436397
COHFACE_s10_session2_natural,32,217,39.233333333333334,1.8474544286727905,-0.7038229024134891
COHFACE_s10_session2_natural,32,218,39.266666666666666,2.0567636489868164,-1.0215044161084268
COHFACE_s10_session2_natural,32,219,39.3,1.514108657836914,-1.218357117153418
COHFACE_s10_session2_natural,32,220,39.333333333333336,0.8656487464904785,-1.2847519363183844
COHFACE_s10_session2_natural,32,221,39.36666666666667,0.3487744927406311,-1.22145497988713
COHFACE_s10_session2_natural,32,222,39.4,0.03784528374671936,-1.0406990221416301
COHFACE_s10_session2_natural,32,223,39.43333333333333,0.07763774693012238,-0.7662099403346025
COHFACE_s10_session2_natural,32,224,39.46666666666667,0.29657721519470215,-0.4316657224714671
COHFACE_s10_session2_natural,32,225,39.5,0.3604971766471863,-0.0773050506957946
COHFACE_s10_session2_natural,32,226,39.53333333333333,0.16580082476139069,0.25494501480756154
COHFACE_s10_session2_natural,32,227,39.56666666666667,-0.18947581946849823,0.5264187239095093
COHFACE_s10_session2_natural,32,228,39.6,-0.5670880079269409,0.7048288309836157
COHFACE_s10_session2_natural,32,229,39.63333333333333,-0.8870000243186951,0.7652160580373357
COHFACE_s10_session2_natural,32,230,39.666666666666664,-1.1136852502822876,0.6916418721146582
COHFACE_s10_session2_natural,32,231,39.7,-1.2359412908554077,0.4832905056530398
COHFACE_s10_session2_natural,32,232,39.733333333333334,-1.2863351106643677,0.16426333789826064
COHFACE_s10_session2_natural,32,233,39.766666666666666,-1.3198962211608887,-0.20956674926109536
COHFACE_s10_session2_natural,32,234,39.8,-1.3614574670791626,-0.5550579510475578
COHFACE_s10_session2_natural,32,235,39.833333333333336,-1.4401638507843018,-0.781137347455299
COHFACE_s10_session2_natural,32,236,39.86666666666667,-1.489574909210205,-0.8171133078840718
COHFACE_s10_session2_natural,32,237,39.9,-0.8649418950080872,-0.6375670992179845
COHFACE_s10_session2_natural,32,238,39.93333333333333,0.7161090970039368,-0.27306964418834306
COHFACE_s10_session2_natural,32,239,39.96666666666667,1.8751657009124756,0.19673615129786798
COHFACE_s10_session2_natural,33,0,33.0,1.5690112113952637,-0.07496026313557692
COHFACE_s10_session2_natural,33,1,33.03333333333333,1.0440558195114136,0.2709927945721501
COHFACE_s10_session2_natural,33,2,33.06666666666667,0.5965582728385925,0.5841144207796943
COHFACE_s10_session2_natural,33,3,33.1,0.2830163538455963,0.8359406293942366
COHFACE_s10_session2_natural,33,4,33.13333333333333,0.24910834431648254,1.0087038734786906
COHFACE_s10_session2_natural,33,5,33.166666666666664,0.41119155287742615,1.0997041621104273
COHFACE_s10_session2_natural,33,6,33.2,0.48636022210121155,1.12071094330115
COHFACE_s10_session2_natural,33,7,33.233333333333334,0.34279751777648926,1.0903645832405777
COHFACE_s10_session2_natural,33,8,33.266666666666666,0.04557949677109718,1.022849439203182
COHFACE_s10_session2_natural,33,9,33.3,-0.2873384654521942,0.9202304286926387
COHFACE_s10_session2_natural,33,10,33.333333333333336,-0.5593422651290894,0.7743928987421809
COHFACE_s10_session2_natural,33,11,33.36666666666667,-0.7331944108009338,0.5782149979393665
COHFACE_s10_session2_natural,33,12,33.4,-0.8334501385688782,0.3387826285908626
COHFACE_s10_session2_natural,33,13,33.43333333333333,-0.8956475257873535,0.08325013100537364
COHFACE_s10_session2_natural,33,14,33.46666666666667,-0.9402724504470825,-0.1474550891443493
COHFACE_s10_session2_natural,33,15,33.5,-1.0013138055801392,-0.3138857836570598
COHFACE_s10_session2_natural,33,16,33.53333333333333,-1.061256766319275,-0.39340125714250007
COHFACE_s10_session2_natural,33,17,33.56666666666667,-0.7280035614967346,-0.3872252773599485
COHFACE_s10_session2_natural,33,18,33.6,0.4434925615787506,-0.31719286149335235
COHFACE_s10_session2_natural,33,19,33.63333333333333,1.5966763496398926,-0.21639201951405998
COHFACE_s10_session2_natural,33,20,33.666666666666664,1.832945466041565,-0.11909511934123426
COHFACE_s10_session2_natural,33,21,33.7,1.4107893705368042,-0.0529916641688873
COHFACE_s10_session2_natural,33,22,33.733333333333334,0.8871403932571411,-0.034548029378376484
COHFACE_s10_session2_natural,33,23,33.766666666666666,0.46341192722320557,-0.06734345217273849
COHFACE_s10_session2_natural,33,24,33.8,0.22107328474521637,-0.14285171852289164
COHFACE_s10_session2_natural,33,25,33.833333333333336,0.2741954028606415,-0.24298526294204673
COHFACE_s10_session2_natural,33,26,33.86666666666667,0.44713422656059265,-0.3437124993150244
COHFACE_s10_session2_natural,33,27,33.9,0.4690883159637451,-0.41927544756240454
COHFACE_s10_session2_natural,33,28,33.93333333333333,0.2729583978652954,-0.4469101385883262
COHFACE_s10_session2_natural,33,29,33.96666666666667,-0.039415910840034485,-0.4120585628296933
COHFACE_s10_session2_natural,33,30,34.0,-0.3496283292770386,-0.31339262411798413
COHFACE_s10_session2_natural,33,31,34.03333333333333,-0.5947531461715698,-0.16547033534680874
COHFACE_s10_session2_natural,33,32,34.06666666666667,-0.7523160576820374,0.004298152279952152
COHFACE_s10_session2_natural,33,33,34.1,-0.8413230776786804,0.16573729316763275
COHFACE_s10_session2_natural,33,34,34.13333333333333,-0.895104169845581,0.29892077727554
COHFACE_s10_session2_natural,33,35,34.166666666666664,-0.9538564085960388,0.4018483255218095
COHFACE_s10_session2_natural,33,36,34.2,-1.0359269380569458,0.4865407682674465
COHFACE_s10_session2_natural,33,37,34.233333333333334,-1.0356148481369019,0.5647662636492897
COHFACE_s10_session2_natural,33,38,34.266666666666666,-0.3880566358566284,0.6325088430014748
COHFACE_s10_session2_natural,33,39,34.3,0.9317190647125244,0.6643225245977606
COHFACE_s10_session2_natural,33,40,34.333333333333336,1.776933193206787,0.6223295684538833
COHFACE_s10_session2_natural,33,41,34.36666666666667,1.7032674551010132,0.474753097065637
COHFACE_s10_session2_natural,33,42,34.4,1.2157692909240723,0.21292095112630027
COHFACE_s10_session2_natural,33,43,34.43333333333333,0.7328376770019531,-0.14244141387567258
COHFACE_s10_session2_natural,33,44,34.46666666666667,0.34727156162261963,-0.5467056048334501
COHFACE_s10_session2_natural,33,45,34.5,0.1950613558292389,-0.9424850217079653
COHFACE_s10_session2_natural,33,46,34.53333333333333,0.31820759177207947,-1.2698593843477899
COHFACE_s10_session2_natural,33,47,34.56666666666667,0.45709970593452454,-1.4739525570230823
COHFACE_s10_session2_natural,33,48,34.6,0.4024977684020996,-1.5127234604944373
COHFACE_s10_session2_natural,33,49,34.63333333333333,0.15895679593086243,-1.3675223702610948
COHFACE_s10_session2_natural,33,50,34.666666666666664,-0.1544232964515686,-1.0535505838231445
COHFACE_s10_session2_natural,33,51,34.7,-0.4477800130844116,-0.6227452645626502
COHFACE_s10_session2_natural,33,52,34.733333333333334,-0.6636443138122559,-0.1534435580393964
COHFACE_s10_session2_natural,33,53,34.766666666666666,-0.7927905917167664,0.2714783655581264
COHFACE_s10_session2_natural,33,54,34.8,-0.8691037893295288,0.5887869114588741
COHFACE_s10_session2_natural,33,55,34.833333333333336,-0.9428735971450806,0.7703291050927263
COHFACE_s10_session2_natural,33,56,34.86666666666667,-1.017996072769165,0.8242758815339963
COHFACE_s10_session2_natural,33,57,34.9,-1.0609678030014038,0.7846591787674643
COHFACE_s10_session2_natural,33,58,34.93333333333333,-0.6873324513435364,0.6958328047538075
COHFACE_s10_session2_natural,33,59,34.96666666666667,0.49793264269828796,0.5979684642949002
COHFACE_s10_session2_natural,33,60,35.0,1.6168731451034546,0.5170561627234078
COHFACE_s10_session2_natural,33,61,35.03333333333333,1.8253037929534912,0.460890609524445
COHFACE_s10_session2_natural,33,62,35.06666666666667,1.4203848838806152,0.4219829456548235
COHFACE_s10_session2_natural,33,63,35.1,0.920412540435791,0.3868186059810514
COHFACE_s10_session2_natural,33,64,35.13333333333333,0.4934239089488983,0.347100961450589
COHFACE_s10_session2_natural,33,65,35.166666666666664,0.22511957585811615,0.3062769856241959
COHFACE_s10_session2_natural,33,66,35.2,0.24968639016151428,0.2772823372943291
COHFACE_s10_session2_natural,33,67,35.233333333333334,0.39871737360954285,0.2732350040967905
COHFACE_s10_session2_natural,33,68,35.266666666666666,0.42046335339546204,0.2973577909607949
COHFACE_s10_session2_natural,33,69,35.3,0.245247021317482,0.33860769273697916
COHFACE_s10_session2_natural,33,70,35.333333333333336,-0.0580635704100132,0.37520747942135957
COHFACE_s10_session2_natural,33,71,35.36666666666667,-0.38232243061065674,0.38297172437021726
COHFACE_s10_session2_natural,33,72,35.4,-0.6344068646430969,0.3430040748530545
COHFACE_s10_session2_natural,33,73,35.43333333333333,-0.7857269048690796,0.24535620313888495
COHFACE_s10_session2_natural,33,74,35.46666666666667,-0.877797544002533,0.08965893033837205
COHFACE_s10_session2_natural,33,75,35.5,-0.9505037665367126,-0.11396276405504274
COHFACE_s10_session2_natural,33,76,35.53333333333333,-1.0277303457260132,-0.3427507004044093
COHFACE_s10_session2_natural,33,77,35.56666666666667,-1.0636845827102661,-0.5608867909326846
COHFACE_s10_session2_natural,33,78,35.6,-0.5729494094848633,-0.7245897886386937
COHFACE_s10_session2_natural,33,79,35.63333333333333,0.7405949831008911,-0.793507710782079
COHFACE_s10_session2_natural,33,80,35.666666666666664,1.8305755853652954,-0.7444764622589185
COHFACE_s10_session2_natural,33,81,35.7,1.9438951015472412,-0.5810747672755094
COHFACE_s10_session2_natural,33,82,35.733333333333334,1.4932066202163696,-0.33414973929577996
COHFACE_s10_session2_natural,33,83,35.766666666666666,1.0125178098678589,-0.053175263012046295
COHFACE_s10_session2_natural,33,84,35.8,0.6201308965682983,0.20734854259677696
COHFACE_s10_session2_natural,33,85,35.833333333333336,0.357953816652298,0.40080040928293376
COHFACE_s10_session2_natural,33,86,35.86666666666667,0.35734108090400696,0.49686539057204293
COHFACE_s10_session2_natural,33,87,35.9,0.47592076659202576,0.4845740990846225
COHFACE_s10_session2_natural,33,88,35.93333333333333,0.4598396122455597,0.3706092903521811
COHFACE_s10_session2_natural,33,89,35.96666666666667,0.25277313590049744,0.1741273222159351
COHFACE_s10_session2_natural,33,90,36.0,-0.06315034627914429,-0.07990374241953802
COHFACE_s10_session2_natural,33,91,36.03333333333333,-0.38487738370895386,-0.36614466261594886
COHFACE_s10_session2_natural,33,92,36.06666666666667,-0.6411237716674805,-0.66068342848686
COHFACE_s10_session2_natural,33,93,36.1,-0.797831118106842,-0.9386742657918002
COHFACE_s10_session2_natural,33,94,36.13333333333333,-0.8950001001358032,-1.1702907715017812
COHFACE_s10_session2_natural,33,95,36.166666666666664,-0.9650126695632935,-1.3194253051139533
COHFACE_s10_session2_natural,33,96,36.2,-1.0356495380401611,-1.3486037769371173
COHFACE_s10_session2_natural,33,97,36.233333333333334,-1.0894768238067627,-1.2298534038687514
COHFACE_s10_session2_natural,33,98,36.266666666666666,-0.7179918885231018,-0.9568578050737351
COHFACE_s10_session2_natural,33,99,36.3,0.6021999716758728,-0.5518704698392823
COHFACE_s10_session2_natural,33,100,36.333333333333336,1.912599802017212,-0.0633289385471164
COHFACE_s10_session2_natural,33,101,36.36666666666667,2.191875457763672,0.4447685979978839
COHFACE_s10_session2_natural,33,102,36.4,1.7817540168762207,0.9064255908643718
COHFACE_s10_session2_natural,33,103,36.43333333333333,1.3177707195281982,1.2645457845994532
COHFACE_s10_session2_natural,33,104,36.46666666666667,0.9700201749801636,1.477374986675124
COHFACE_s10_session2_natural,33,105,36.5,0.6681315302848816,1.5226239798170118
COHFACE_s10_session2_natural,33,106,36.53333333333333,0.5351123213768005,1.4015870965152897
COHFACE_s10_session2_natural,33,107,36.56666666666667,0.5617370009422302,1.1424315362095836
COHFACE_s10_session2_natural,33,108,36.6,0.5403262972831726,0.7986972864804336
COHFACE_s10_session2_natural,33,109,36.63333333333333,0.3521386981010437,0.4395062142302713
COHFACE_s10_session2_natural,33,110,36.666666666666664,0.029683319851756096,0.13275016006044654
COHFACE_s10_session2_natural,33,111,36.7,-0.32316553592681885,-0.07254693806147158
COHFACE_s10_session2_natural,33,112,36.733333333333334,-0.6244992613792419,-0.15774257945533676
COHFACE_s10_session2_natural,33,113,36.766666666666666,-0.8336350917816162,-0.13612583254417726
COHFACE_s10_session2_natural,33,114,36.8,-0.956018328666687,-0.04491243496654994
COHFACE_s10_session2_natural,33,115,36.833333333333336,-1.0216608047485352,0.06862656941415032
COHFACE_s10_session2_natural,33,116,36.86666666666667,-1.0771182775497437,0.1618811482196335
COHFACE_s10_session2_natural,33,117,36.9,-1.162171483039856,0.20791125537851024
COHFACE_s10_session2_natural,33,118,36.93333333333333,-1.2588664293289185,0.19982265022682363
COHFACE_s10_session2_natural,33,119,36.96666666666667,-1.0100653171539307,0.14790263627607136
COHFACE_s10_session2_natural,33,120,37.0,0.28384873270988464,0.07143427167383912
COHFACE_s10_session2_natural,33,121,37.03333333333333,1.8081012964248657,-0.010943827107956204
COHFACE_s10_session2_natural,33,122,37.06666666666667,2.2735180854797363,-0.08798630389211455
COHFACE_s10_session2_natural,33,123,37.1,1.886772871017456,-0.15703263283539726
COHFACE_s10_session2_natural,33,124,37.13333333333333,1.383783221244812,-0.22034592654218932
COHFACE_s10_session2_natural,33,125,37.166666666666664,1.0218359231948853,-0.28015703243794066
COHFACE_s10_session2_natural,33,126,37.2,0.709577202796936,-0.33616799088825394
COHFACE_s10_session2_natural,33,127,37.233333333333334,0.513412594795227,-0.38655913986254276
COHFACE_s10_session2_natural,33,128,37.266666666666666,0.5074472427368164,-0.4299140492349916
COHFACE_s10_session2_natural,33,129,37.3,0.5004413723945618,-0.4646186752295615
COHFACE_s10_session2_natural,33,130,37.333333333333336,0.3443697988986969,-0.48570598459649994
COHFACE_s10_session2_natural,33,131,37.36666666666667,0.043117035180330276,-0.48307854103854436
COHFACE_s10_session2_natural,33,132,37.4,-0.3133503794670105,-0.44510769602773376
COHFACE_s10_session2_natural,33,133,37.43333333333333,-0.6388347148895264,-0.3674564918076544
COHFACE_s10_session2_natural,33,134,37.46666666666667,-0.8874393105506897,-0.2617158131339373
COHFACE_s10_session2_natural,33,135,37.5,-1.0479618310928345,-0.15657251731441546
COHFACE_s10_session2_natural,33,136,37.53333333333333,-1.1206333637237549,-0.08814899362694825
COHFACE_s10_session2_natural,33,137,37.56666666666667,-1.1669577360153198,-0.08344654876954777
COHFACE_s10_session2_natural,33,138,37.6,-1.2270278930664062,-0.1463605384935526
COHFACE_s10_session2_natural,33,139,37.63333333333333,-1.323757529258728,-0.2548620597696887
COHFACE_s10_session2_natural,33,140,37.666666666666664,-1.4237474203109741,-0.3704186108859945
COHFACE_s10_session2_natural,33,141,37.7,-1.0758812427520752,-0.45302282105861436
COHFACE_s10_session2_natural,33,142,37.733333333333334,0.3655261695384979,-0.4735939814656041
COHFACE_s10_session2_natural,33,143,37.766666666666666,1.8337316513061523,-0.41932902340554823
COHFACE_s10_session2_natural,33,144,37.8,2.1507418155670166,-0.2925156286646225
COHFACE_s10_session2_natural,33,145,37.833333333333336,1.693232536315918,-0.10614834846806702
COHFACE_s10_session2_natural,33,146,37.86666666666667,1.1701964139938354,0.12055025553033834
COHFACE_s10_session2_natural,33,147,37.9,0.782930850982666,0.3653682897845395
COHFACE_s10_session2_natural,33,148,37.93333333333333,0.47241783142089844,0.6051011063798363
COHFACE_s10_session2_natural,33,149,37.96666666666667,0.35112133622169495,0.8169477195270471
COHFACE_s10_session2_natural,33,150,38.0,0.41165396571159363,0.9802378687114837
COHFACE_s10_session2_natural,33,151,38.03333333333333,0.41209328174591064,1.0789207186765921
COHFACE_s10_session2_natural,33,152,38.06666666666667,0.226345032453537,1.103937145434597
COHFACE_s10_session2_natural,33,153,38.1,-0.09706989675760269,1.053918509096559
COHFACE_s10_session2_natural,33,154,38.13333333333333,-0.45772233605384827,0.9336849697712692
COHFACE_s10_session2_natural,33,155,38.166666666666664,-0.77264004945755,0.7517762901556306
COHFACE_s10_session2_natural,33,156,38.2,-1.0065507888793945,0.5191136854271362
COHFACE_s10_session2_natural,33,157,38.233333333333334,-1.165998101234436,0.25027192534916204
COHFACE_s10_session2_natural,33,158,38.266666666666666,-1.241132140159607,-0.032986241030260606
COHFACE_s10_session2_natural,33,159,38.3,-1.2706239223480225,-0.29861413986250734
COHFACE_s10_session2_natural,33,160,38.333333333333336,-1.3179078102111816,-0.5058335560811074
COHFACE_s10_session2_natural,33,161,38.36666666666667,-1.4067991971969604,-0.614182206851101
COHFACE_s10_session2_natural,33,162,38.4,-1.4936327934265137,-0.5983001251274963
COHFACE_s10_session2_natural,33,163,38.43333333333333,-1.0897080898284912,-0.4619015643171635
COHFACE_s10_session2_natural,33,164,38.46666666666667,0.38612762093544006,-0.24308260925805455
COHFACE_s10_session2_natural,33,165,38.5,1.809881567955017,-0.006565417217210942
COHFACE_s10_session2_natural,33,166,38.53333333333333,2.0817697048187256,0.17497279253244213
COHFACE_s10_session2_natural,33,167,38.56666666666667,1.5816587209701538,0.24268015157622333
COHFACE_s10_session2_natural,33,168,38.6,0.9948760271072388,0.1674546473859329
COHFACE_s10_session2_natural,33,169,38.63333333333333,0.5430430769920349,-0.044997956628818135
COHFACE_s10_session2_natural,33,170,38.666666666666664,0.22737394273281097,-0.35854792079525927
COHFACE_s10_session2_natural,33,171,38.7,0.17886459827423096,-0.7151127882763737
COHFACE_s10_session2_natural,33,172,38.733333333333334,0.3147624433040619,-1.0433937087224605
COHFACE_s10_session2_natural,33,173,38.766666666666666,0.34731781482696533,-1.2683993225753851
COHFACE_s10_session2_natural,33,174,38.8,0.15833251178264618,-1.3246490037803287
COHFACE_s10_session2_natural,33,175,38.833333333333336,-0.17662014067173004,-1.1737007348617352
COHFACE_s10_session2_natural,33,176,38.86666666666667,-0.5425096750259399,-0.820924718522963
COHFACE_s10_session2_natural,33,177,38.9,-0.8567221164703369,-0.3222700381599971
COHFACE_s10_session2_natural,33,178,38.93333333333333,-1.0776153802871704,0.22625266289581034
COHFACE_s10_session2_natural,33,179,38.96666666666667,-1.2108427286148071,0.7156318617942977
COHFACE_s10_session2_natural,33,180,39.0,-1.2851905822753906,1.0570878483196506
COHFACE_s10_session2_natural,33,181,39.03333333333333,-1.3292258977890015,1.2065916132737398
COHFACE_s10_session2_natural,33,182,39.06666666666667,-1.3800357580184937,1.1702812173113066
COHFACE_s10_session2_natural,33,183,39.1,-1.463077425956726,0.9907463826715353
COHFACE_s10_session2_natural,33,184,39.13333333333333,-1.5396912097930908,0.7236941289498016
COHFACE_s10_session2_natural,33,185,39.166666666666664,-1.0687135457992554,0.4177533504332423
COHFACE_s10_session2_natural,33,186,39.2,0.47238314151763916,0.10574336183245303
COHFACE_s10_session2_natural,33,187,39.233333333333334,1.8474544286727905,-0.19224425262114192
COHFACE_s10_session2_natural,33,188,39.266666666666666,2.0567636489868164,-0.4596525796826419
COHFACE_s10_session2_natural,33,189,39.3,1.514108657836914,-0.675670320658215
COHFACE_s10_session2_natural,33,190,39.333333333333336,0.8656487464904785,-0.814229305428014
COHFACE_s10_session2_natural,33,191,39.36666666666667,0.3487744927406311,-0.8505241429319993
COHFACE_s10_session2_natural,33,192,39.4,0.03784528374671936,-0.7710059976697209
COHFACE_s10_session2_natural,33,193,39.43333333333333,0.07763774693012238,-0.5807947934786791
COHFACE_s10_session2_natural,33,194,39.46666666666667,0.29657721519470215,-0.3045111189118532
COHFACE_s10_session2_natural,33,195,39.5,0.3604971766471863,0.019286874432756843
COHFACE_s10_session2_natural,33,196,39.53333333333333,0.16580082476139069,0.34663190868532096
COHFACE_s10_session2_natural,33,197,39.56666666666667,-0.18947581946849823,0.6356442722313095
COHFACE_s10_session2_natural,33,198,39.6,-0.5670880079269409,0.851034639028478
COHFACE_s10_session2_natural,33,199,39.63333333333333,-0.8870000243186951,0.9665872425111047
COHFACE_s10_session2_natural,33,200,39.666666666666664,-1.1136852502822876,0.9681593231123171
COHFACE_s10_session2_natural,33,201,39.7,-1.2359412908554077,0.8583210774513819
COHFACE_s10_session2_natural,33,202,39.733333333333334,-1.2863351106643677,0.660072593793915
COHFACE_s10_session2_natural,33,203,39.766666666666666,-1.3198962211608887,0.4148215582429691
COHFACE_s10_session2_natural,33,204,39.8,-1.3614574670791626,0.17202101723928384
COHFACE_s10_session2_natural,33,205,39.833333333333336,-1.4401638507843018,-0.026586761183148032
COHFACE_s10_session2_natural,33,206,39.86666666666667,-1.489574909210205,-0.16026603160162384
COHFACE_s10_session2_natural,33,207,39.9,-0.8649418950080872,-0.23231595772781868
COHFACE_s10_session2_natural,33,208,39.93333333333333,0.7161090970039368,-0.26115905802417544
COHFACE_s10_session2_natural,33,209,39.96666666666667,1.8751657009124756,-0.26559204085741644
COHFACE_s10_session2_natural,33,210,40.0,1.9330047369003296,-0.25386584167367404
COHFACE_s10_session2_natural,33,211,40.03333333333333,1.3911128044128418,-0.22310101904247961
COHFACE_s10_session2_natural,33,212,40.06666666666667,0.7652080655097961,-0.16775942513057632
COHFACE_s10_session2_natural,33,213,40.1,0.23713131248950958,-0.0897685970735432
COHFACE_s10_session2_natural,33,214,40.13333333333333,-0.04475702717900276,-0.003224011026678215
COHFACE_s10_session2_natural,33,215,40.166666666666664,0.07407700270414352,0.06838701295781661
COHFACE_s10_session2_natural,33,216,40.2,0.3216180205345154,0.09953617509351413
COHFACE_s10_session2_natural,33,217,40.233333333333334,0.3742199242115021,0.0698721951139783
COHFACE_s10_session2_natural,33,218,40.266666666666666,0.172321155667305,-0.03159512645600111
COHFACE_s10_session2_natural,33,219,40.3,-0.17201891541481018,-0.204944127994414
COHFACE_s10_session2_natural,33,220,40.333333333333336,-0.5372610092163086,-0.4380821267630278
COHFACE_s10_session2_natural,33,221,40.36666666666667,-0.8359125852584839,-0.7043984461326739
COHFACE_s10_session2_natural,33,222,40.4,-1.0348517894744873,-0.9610700192356282
COHFACE_s10_session2_natural,33,223,40.43333333333333,-1.1398359537124634,-1.151933165484621
COHFACE_s10_session2_natural,33,224,40.46666666666667,-1.1953626871109009,-1.217617572705701
COHFACE_s10_session2_natural,33,225,40.5,-1.2433980703353882,-1.1120195882998762
COHFACE_s10_session2_natural,33,226,40.53333333333333,-1.3126013278961182,-0.8205132214990866
COHFACE_s10_session2_natural,33,227,40.56666666666667,-1.2520802021026611,-0.37271151804172414
COHFACE_s10_session2_natural,33,228,40.6,-0.3476514220237732,0.15779975174724603
COHFACE_s10_session2_natural,33,229,40.63333333333333,1.151756763458252,0.6704499098350386
COHFACE_s10_session2_natural,33,230,40.666666666666664,1.9217907190322876,1.0670906708946435
COHFACE_s10_session2_natural,33,231,40.7,1.7334065437316895,1.2823272642403387
COHFACE_s10_session2_natural,33,232,40.733333333333334,1.1403694152832031,1.3020457191831456
COHFACE_s10_session2_natural,33,233,40.766666666666666,0.5385690331459045,1.1628026403254632
COHFACE_s10_session2_natural,33,234,40.8,0.0679844319820404,0.9336536639527995
COHFACE_s10_session2_natural,33,235,40.833333333333336,-0.098237544298172,0.6895151394284041
COHFACE_s10_session2_natural,33,236,40.86666666666667,0.0878344178199768,0.48740175932732
COHFACE_s10_session2_natural,33,237,40.9,0.29394134879112244,0.35344168369236306
COHFACE_s10_session2_natural,33,238,40.93333333333333,0.27293527126312256,0.28211727488333804
COHFACE_s10_session2_natural,33,239,40.96666666666667,0.039810627698898315,0.2441236639134898
COHFACE_s10_session2_natural,34,0,34.0,-0.3496283292770386,0.2241819517267467
COHFACE_s10_session2_natural,34,1,34.03333333333333,-0.5947531461715698,0.7693429582056289
COHFACE_s10_session2_natural,34,2,34.06666666666667,-0.7523160576820374,1.2075071316966224
COHFACE_s10_session2_natural,34,3,34.1,-0.8413230776786804,1.4656615372812096
COHFACE_s10_session2_natural,34,4,34.13333333333333,-0.895104169845581,1.5175880494293494
COHFACE_s10_session2_natural,34,5,34.166666666666664,-0.9538564085960388,1.389037609893441
COHFACE_s10_session2_natural,34,6,34.2,-1.0359269380569458,1.1450737310775794
COHFACE_s10_session2_natural,34,7,34.233333333333334,-1.0356148481369019,0.8635180520013893
COHFACE_s10_session2_natural,34,8,34.266666666666666,-0.3880566358566284,0.6059463833676074
COHFACE_s10_session2_natural,34,9,34.3,0.9317190647125244,0.39935515289882034
COHFACE_s10_session2_natural,34,10,34.333333333333336,1.776933193206787,0.23500983821581856
COHFACE_s10_session2_natural,34,11,34.36666666666667,1.7032674551010132,0.08141005405051863
COHFACE_s10_session2_natural,34,12,34.4,1.2157692909240723,-0.09722581581957522
COHFACE_s10_session2_natural,34,13,34.43333333333333,0.7328376770019531,-0.32493251325227274
COHFACE_s10_session2_natural,34,14,34.46666666666667,0.34727156162261963,-0.6039768183372238
COHFACE_s10_session2_natural,34,15,34.5,0.1950613558292389,-0.9108289749832423
COHFACE_s10_session2_natural,34,16,34.53333333333333,0.31820759177207947,-1.1982189362097857
COHFACE_s10_session2_natural,34,17,34.56666666666667,0.45709970593452454,-1.4048475795534736
COHFACE_s10_session2_natural,34,18,34.6,0.4024977684020996,-1.4733386691982144
COHFACE_s10_session2_natural,34,19,34.63333333333333,0.15895679593086243,-1.3724568410178422
COHFACE_s10_session2_natural,34,20,34.666666666666664,-0.1544232964515686,-1.1140630706324262
COHFACE_s10_session2_natural,34,21,34.7,-0.4477800130844116,-0.754398026574598
COHFACE_s10_session2_natural,34,22,34.733333333333334,-0.6636443138122559,-0.37624321755811374
COHFACE_s10_session2_natural,34,23,34.766666666666666,-0.7927905917167664,-0.05919517311511975
COHFACE_s10_session2_natural,34,24,34.8,-0.8691037893295288,0.1475974890880425
COHFACE_s10_session2_natural,34,25,34.833333333333336,-0.9428735971450806,0.23743003550357913
COHFACE_s10_session2_natural,34,26,34.86666666666667,-1.017996072769165,0.23960737580795796
COHFACE_s10_session2_natural,34,27,34.9,-1.0609678030014038,0.20152098785319034
COHFACE_s10_session2_natural,34,28,34.93333333333333,-0.6873324513435364,0.1694650849404799
COHFACE_s10_session2_natural,34,29,34.96666666666667,0.49793264269828796,0.17512239976772898
COHFACE_s10_session2_natural,34,30,35.0,1.6168731451034546,0.22940838399829405
COHFACE_s10_session2_natural,34,31,35.03333333333333,1.8253037929534912,0.3225059502616791
COHFACE_s10_session2_natural,34,32,35.06666666666667,1.4203848838806152,0.42947634023101605
COHFACE_s10_session2_natural,34,33,35.1,0.920412540435791,0.5210411106301284
COHFACE_s10_session2_natural,34,34,35.13333333333333,0.4934239089488983,0.5761349502747708
COHFACE_s10_session2_natural,34,35,35.166666666666664,0.22511957585811615,0.5898948148504194
COHFACE_s10_session2_natural,34,36,35.2,0.24968639016151428,0.5722665099903004
COHFACE_s10_session2_natural,34,37,35.233333333333334,0.39871737360954285,0.5382658128055862
COHFACE_s10_session2_natural,34,38,35.266666666666666,0.42046335339546204,0.4971595249110858
COHFACE_s10_session2_natural,34,39,35.3,0.245247021317482,0.44882142013580295
COHFACE_s10_session2_natural,34,40,35.333333333333336,-0.0580635704100132,0.38928583352790935
COHFACE_s10_session2_natural,34,41,35.36666666666667,-0.38232243061065674,0.3196328370366257
COHFACE_s10_session2_natural,34,42,35.4,-0.6344068646430969,0.2497746256103469
COHFACE_s10_session2_natural,34,43,35.43333333333333,-0.7857269048690796,0.19316713770518062
COHFACE_s10_session2_natural,34,44,35.46666666666667,-0.877797544002533,0.15645940099722777
COHFACE_s10_session2_natural,34,45,35.5,-0.9505037665367126,0.1330444584732848
COHFACE_s10_session2_natural,34,46,35.53333333333333,-1.0277303457260132,0.10689325287044665
COHFACE_s10_session2_natural,34,47,35.56666666666667,-1.0636845827102661,0.06490674949616097
COHFACE_s10_session2_natural,34,48,35.6,-0.5729494094848633,0.008538479907421483
COHFACE_s10_session2_natural,34,49,35.63333333333333,0.7405949831008911,-0.0447625191222335
COHFACE_s10_session2_natural,34,50,35.666666666666664,1.8305755853652954,-0.07150119549267493
COHFACE_s10_session2_natural,34,51,35.7,1.9438951015472412,-0.05606422417167568
COHFACE_s10_session2_natural,34,52,35.733333333333334,1.4932066202163696,-5.530492197677903e-05
COHFACE_s10_session2_natural,34,53,35.766666666666666,1.0125178098678589,0.07679951758131294
COHFACE_s10_session2_natural,34,54,35.8,0.6201308965682983,0.1430290410282251
COHFACE_s10_session2_natural,34,55,35.833333333333336,0.357953816652298,0.16549888160584186
COHFACE_s10_session2_natural,34,56,35.86666666666667,0.35734108090400696,0.11967113097960684
COHFACE_s10_session2_natural,34,57,35.9,0.47592076659202576,-0.002698768281812869
COHFACE_s10_session2_natural,34,58,35.93333333333333,0.4598396122455597,-0.19087920995153984
COHFACE_s10_session2_natural,34,59,35.96666666666667,0.25277313590049744,-0.4190574773592737
COHFACE_s10_session2_natural,34,60,36.0,-0.06315034627914429,-0.6557521198577442
COHFACE_s10_session2_natural,34,61,36.03333333333333,-0.38487738370895386,-0.8745224870831327
COHFACE_s10_session2_natural,34,62,36.06666666666667,-0.6411237716674805,-1.0603537892606294
COHFACE_s10_session2_natural,34,63,36.1,-0.797831118106842,-1.2080611273674637
COHFACE_s10_session2_natural,34,64,36.13333333333333,-0.8950001001358032,-1.31392879657515
COHFACE_s10_session2_natural,34,65,36.166666666666664,-0.9650126695632935,-1.3663965725076863
COHFACE_s10_session2_natural,34,66,36.2,-1.0356495380401611,-1.3426114515014442
COHFACE_s10_session2_natural,34,67,36.233333333333334,-1.0894768238067627,-1.2143451155296365
COHFACE_s10_session2_natural,34,68,36.266666666666666,-0.7179918885231018,-0.9610234735451403
COHFACE_s10_session2_natural,34,69,36.3,0.6021999716758728,-0.5830746375078109
COHFACE_s10_session2_natural,34,70,36.333333333333336,1.912599802017212,-0.10847330533237597
COHFACE_s10_session2_natural,34,71,36.36666666666667,2.191875457763672,0.4106148596167746
COHFACE_s10_session2_natural,34,72,36.4,1.7817540168762207,0.9085119348642023
COHFACE_s10_session2_natural,34,73,36.43333333333333,1.3177707195281982,1.3186516441769127
COHFACE_s10_session2_natural,34,74,36.46666666666667,0.9700201749801636,1.584870668455733
COHFACE_s10_session2_natural,34,75,36.5,0.6681315302848816,1.6713351481313603
COHFACE_s10_session2_natural,34,76,36.53333333333333,0.5351123213768005,1.5711570745535854
COHFACE_s10_session2_natural,34,77,36.56666666666667,0.5617370009422302,1.3112216194655772
COHFACE_s10_session2_natural,34,78,36.6,0.5403262972831726,0.9489672783064045
COHFACE_s10_session2_natural,34,79,36.63333333333333,0.3521386981010437,0.5588062323335211
COHFACE_s10_session2_natural,34,80,36.666666666666664,0.029683319851756096,0.2115275715976443
COHFACE_s10_session2_natural,34,81,36.7,-0.32316553592681885,-0.04501006501468768
COHFACE_s10_session2_natural,34,82,36.733333333333334,-0.6244992613792419,-0.1956309845364944
COHFACE_s10_session2_natural,34,83,36.766666666666666,-0.8336350917816162,-0.2545310358339459
COHFACE_s10_session2_natural,34,84,36.8,-0.956018328666687,-0.2516900720932638
COHFACE_s10_session2_natural,34,85,36.833333333333336,-1.0216608047485352,-0.21629461731547123
COHFACE_s10_session2_natural,34,86,36.86666666666667,-1.0771182775497437,-0.16503322446526933
COHFACE_s10_session2_natural,34,87,36.9,-1.162171483039856,-0.09980262105437941
COHFACE_s10_session2_natural,34,88,36.93333333333333,-1.2588664293289185,-0.01407940175115771
COHFACE_s10_session2_natural,34,89,36.96666666666667,-1.0100653171539307,0.09697394357055454
COHFACE_s10_session2_natural,34,90,37.0,0.28384873270988464,0.2285050352193853
COHFACE_s10_session2_natural,34,91,37.03333333333333,1.8081012964248657,0.36385990030697424
COHFACE_s10_session2_natural,34,92,37.06666666666667,2.2735180854797363,0.47884636178176154
COHFACE_s10_session2_natural,34,93,37.1,1.886772871017456,0.5497935972798507
COHFACE_s10_session2_natural,34,94,37.13333333333333,1.383783221244812,0.5611542815516277
COHFACE_s10_session2_natural,34,95,37.166666666666664,1.0218359231948853,0.5088717747766169
COHFACE_s10_session2_natural,34,96,37.2,0.709577202796936,0.39825068609606684
COHFACE_s10_session2_natural,34,97,37.233333333333334,0.513412594795227,0.23836480182217457
COHFACE_s10_session2_natural,34,98,37.266666666666666,0.5074472427368164,0.03724517249629603
COHFACE_s10_session2_natural,34,99,37.3,0.5004413723945618,-0.19848265037160928
COHFACE_s10_session2_natural,34,100,37.333333333333336,0.3443697988986969,-0.45926986773857836
COHFACE_s10_session2_natural,34,101,37.36666666666667,0.043117035180330276,-0.7272073173194928
COHFACE_s10_session2_natural,34,102,37.4,-0.3133503794670105,-0.9744062173402651
COHFACE_s10_session2_natural,34,103,37.43333333333333,-0.6388347148895264,-1.1679561499775106
COHFACE_s10_session2_natural,34,104,37.46666666666667,-0.8874393105506897,-1.2797765555730598
COHFACE_s10_session2_natural,34,105,37.5,-1.0479618310928345,-1.2960457064389908
COHFACE_s10_session2_natural,34,106,37.53333333333333,-1.1206333637237549,-1.2208083771588678
COHFACE_s10_session2_natural,34,107,37.56666666666667,-1.1669577360153198,-1.0721112768083747
COHFACE_s10_session2_natural,34,108,37.6,-1.2270278930664062,-0.8741158593538114
COHFACE_s10_session2_natural,34,109,37.63333333333333,-1.323757529258728,-0.6505959450104559
COHFACE_s10_session2_natural,34,110,37.666666666666664,-1.4237474203109741,-0.42207423157005497
COHFACE_s10_session2_natural,34,111,37.7,-1.0758812427520752,-0.20469035952610257
COHFACE_s10_session2_natural,34,112,37.733333333333334,0.3655261695384979,-0.008387173514980467
COHFACE_s10_session2_natural,34,113,37.766666666666666,1.8337316513061523,0.16531811655294407
COHFACE_s10_session2_natural,34,114,37.8,2.1507418155670166,0.3231977207455384
COHFACE_s10_session2_natural,34,115,37.833333333333336,1.693232536315918,0.47548134841359074
COHFACE_s10_session2_natural,34,116,37.86666666666667,1.1701964139938354,0.6276314396866453
COHFACE_s10_session2_natural,34,117,37.9,0.782930850982666,0.7735202621483184
COHFACE_s10_session2_natural,34,118,37.93333333333333,0.47241783142089844,0.8947584543584693
COHFACE_s10_session2_natural,34,119,37.96666666666667,0.35112133622169495,0.9674125934494149
COHFACE_s10_session2_natural,34,120,38.0,0.41165396571159363,0.9728583446005042
COHFACE_s10_session2_natural,34,121,38.03333333333333,0.41209328174591064,0.9070009419424134
COHFACE_s10_session2_natural,34,122,38.06666666666667,0.226345032453537,0.7831447031797063
COHFACE_s10_session2_natural,34,123,38.1,-0.09706989675760269,0.6273014021777552
COHFACE_s10_session2_natural,34,124,38.13333333333333,-0.45772233605384827,0.4683775878651395
COHFACE_s10_session2_natural,34,125,38.166666666666664,-0.77264004945755,0.32779939139495384
COHFACE_s10_session2_natural,34,126,38.2,-1.0065507888793945,0.2130863429583421
COHFACE_s10_session2_natural,34,127,38.233333333333334,-1.165998101234436,0.118095771346495
COHFACE_s10_session2_natural,34,128,38.266666666666666,-1.241132140159607,0.029965841242192096
COHFACE_s10_session2_natural,34,129,38.3,-1.2706239223480225,-0.06021512777791272
COHFACE_s10_session2_natural,34,130,38.333333333333336,-1.3179078102111816,-0.14836446794414337
COHFACE_s10_session2_natural,34,131,38.36666666666667,-1.4067991971969604,-0.21540504216663436
COHFACE_s10_session2_natural,34,132,38.4,-1.4936327934265137,-0.23462064273154407
COHFACE_s10_session2_natural,34,133,38.43333333333333,-1.0897080898284912,-0.1857719623193023
COHFACE_s10_session2_natural,34,134,38.46666666666667,0.38612762093544006,-0.06928745549688123
COHFACE_s10_session2_natural,34,135,38.5,1.809881567955017,0.08704113204228213
COHFACE_s10_session2_natural,34,136,38.53333333333333,2.0817697048187256,0.23323715296551947
COHFACE_s10_session2_natural,34,137,38.56666666666667,1.5816587209701538,0.3128048797714416
COHFACE_s10_session2_natural,34,138,38.6,0.9948760271072388,0.28221559078813574
COHFACE_s10_session2_natural,34,139,38.63333333333333,0.5430430769920349,0.12600600350724547
COHFACE_s10_session2_natural,34,140,38.666666666666664,0.22737394273281097,-0.13755763881477387
COHFACE_s10_session2_natural,34,141,38.7,0.17886459827423096,-0.46045807456466026
COHFACE_s10_session2_natural,34,142,38.733333333333334,0.3147624433040619,-0.7758473742179607
COHFACE_s10_session2_natural,34,143,38.766666666666666,0.34731781482696533,-1.01290184364969
COHFACE_s10_session2_natural,34,144,38.8,0.15833251178264618,-1.1133781036594996
COHFACE_s10_session2_natural,34,145,38.833333333333336,-0.17662014067173004,-1.0473954820415339
COHFACE_s10_session2_natural,34,146,38.86666666666667,-0.5425096750259399,-0.8241622088381211
COHFACE_s10_session2_natural,34,147,38.9,-0.8567221164703369,-0.49237433973562783
COHFACE_s10_session2_natural,34,148,38.93333333333333,-1.0776153802871704,-0.12743136344470093
COHFACE_s10_session2_natural,34,149,38.96666666666667,-1.2108427286148071,0.1917341701349529
COHFACE_s10_session2_natural,34,150,39.0,-1.2851905822753906,0.4073671924199269
COHFACE_s10_session2_natural,34,151,39.03333333333333,-1.3292258977890015,0.49822736128182316
COHFACE_s10_session2_natural,34,152,39.06666666666667,-1.3800357580184937,0.4790071155284619
COHFACE_s10_session2_natural,34,153,39.1,-1.463077425956726,0.38573125391412383
COHFACE_s10_session2_natural,34,154,39.13333333333333,-1.5396912097930908,0.25644411089610075
COHFACE_s10_session2_natural,34,155,39.166666666666664,-1.0687135457992554,0.11802936166234056
COHFACE_s10_session2_natural,34,156,39.2,0.47238314151763916,-0.015490883939514241
COHFACE_s10_session2_natural,34,157,39.233333333333334,1.8474544286727905,-0.13581486332411857
COHFACE_s10_session2_natural,34,158,39.266666666666666,2.0567636489868164,-0.23174484663855033
COHFACE_s10_session2_natural,34,159,39.3,1.514108657836914,-0.285894420166313
COHFACE_s10_session2_natural,34,160,39.333333333333336,0.8656487464904785,-0.27901954080514246
COHFACE_s10_session2_natural,34,161,39.36666666666667,0.3487744927406311,-0.1991110856971131
COHFACE_s10_session2_natural,34,162,39.4,0.03784528374671936,-0.04966667793084559
COHFACE_s10_session2_natural,34,163,39.43333333333333,0.07763774693012238,0.14766654225051362
COHFACE_s10_session2_natural,34,164,39.46666666666667,0.29657721519470215,0.3575557230434038
COHFACE_s10_session2_natural,34,165,39.5,0.3604971766471863,0.540332581125512
COHFACE_s10_session2_natural,34,166,39.53333333333333,0.16580082476139069,0.6620166345767008
COHFACE_s10_session2_natural,34,167,39.56666666666667,-0.18947581946849823,0.7011955650773052
COHFACE_s10_session2_natural,34,168,39.6,-0.5670880079269409,0.6511397555961002
COHFACE_s10_session2_natural,34,169,39.63333333333333,-0.8870000243186951,0.5181516251663522
COHFACE_s10_session2_natural,34,170,39.666666666666664,-1.1136852502822876,0.31870720615406417
COHFACE_s10_session2_natural,34,171,39.7,-1.2359412908554077,0.07745973286517412
COHFACE_s10_session2_natural,34,172,39.733333333333334,-1.2863351106643677,-0.17397009377044353
COHFACE_s10_session2_natural,34,173,39.766666666666666,-1.3198962211608887,-0.3991999908086563
COHFACE_s10_session2_natural,34,174,39.8,-1.3614574670791626,-0.5616871534365829
COHFACE_s10_session2_natural,34,175,39.833333333333336,-1.4401638507843018,-0.6313961973927136
COHFACE_s10_session2_natural,34,176,39.86666666666667,-1.489574909210205,-0.591790965100676
COHFACE_s10_session2_natural,34,177,39.9,-0.8649418950080872,-0.44503783052266044
COHFACE_s10_session2_natural,34,178,39.93333333333333,0.7161090970039368,-0.21377091107392435
COHFACE_s10_session2_natural,34,179,39.96666666666667,1.8751657009124756,0.061733315952086344
COHFACE_s10_session2_natural,34,180,40.0,1.9330047369003296,0.33171486355974017
COHFACE_s10_session2_natural,34,181,40.03333333333333,1.3911128044128418,0.5493985777065759
COHFACE_s10_session2_natural,34,182,40.06666666666667,0.7652080655097961,0.6834349629285967
COHFACE_s10_session2_natural,34,183,40.1,0.23713131248950958,0.7244823563608214
COHFACE_s10_session2_natural,34,184,40.13333333333333,-0.04475702717900276,0.682968009257082
COHFACE_s10_session2_natural,34,185,40.166666666666664,0.07407700270414352,0.5798708546592704
COHFACE_s10_session2_natural,34,186,40.2,0.3216180205345154,0.4353657794893506
COHFACE_s10_session2_natural,34,187,40.233333333333334,0.3742199242115021,0.26043171905017326
COHFACE_s10_session2_natural,34,188,40.266666666666666,0.172321155667305,0.054867796096330135
COHFACE_s10_session2_natural,34,189,40.3,-0.17201891541481018,-0.18755930215172706
COHFACE_s10_session2_natural,34,190,40.333333333333336,-0.5372610092163086,-0.46904794858550924
COHFACE_s10_session2_natural,34,191,40.36666666666667,-0.8359125852584839,-0.7772135749270894
COHFACE_s10_session2_natural,34,192,40.4,-1.0348517894744873,-1.0791762994685252
COHFACE_s10_session2_natural,34,193,40.43333333333333,-1.1398359537124634,-1.3239444016057746
COHFACE_s10_session2_natural,34,194,40.46666666666667,-1.1953626871109009,-1.4534986285431986
COHFACE_s10_session2_natural,34,195,40.5,-1.2433980703353882,-1.419586926954674
COHFACE_s10_session2_natural,34,196,40.53333333333333,-1.3126013278961182,-1.20112198849024
COHFACE_s10_session2_natural,34,197,40.56666666666667,-1.2520802021026611,-0.8159892104199757
COHFACE_s10_session2_natural,34,198,40.6,-0.3476514220237732,-0.3211494279218311
COHFACE_s10_session2_natural,34,199,40.63333333333333,1.151756763458252,0.20162870625957294
COHFACE_s10_session2_natural,34,200,40.666666666666664,1.9217907190322876,0.6699111970926175
COHFACE_s10_session2_natural,34,201,40.7,1.7334065437316895,1.0241300743662438
COHFACE_s10_session2_natural,34,202,40.733333333333334,1.1403694152832031,1.2401562862155848
COHFACE_s10_session2_natural,34,203,40.766666666666666,0.5385690331459045,1.326549122939553
COHFACE_s10_session2_natural,34,204,40.8,0.0679844319820404,1.310052780798992
COHFACE_s10_session2_natural,34,205,40.833333333333336,-0.098237544298172,1.218201939171974
COHFACE_s10_session2_natural,34,206,40.86666666666667,0.0878344178199768,1.0678011396815095
COHFACE_s10_session2_natural,34,207,40.9,0.29394134879112244,0.8635324049355032
COHFACE_s10_session2_natural,34,208,40.93333333333333,0.27293527126312256,0.6051642068013702
COHFACE_s10_session2_natural,34,209,40.96666666666667,0.039810627698898315,0.2978868851785771
COHFACE_s10_session2_natural,34,210,41.0,-0.29378941655158997,-0.040161766292912744
COHFACE_s10_session2_natural,34,211,41.03333333333333,-0.6319212913513184,-0.37672810609889856
COHFACE_s10_session2_natural,34,212,41.06666666666667,-0.8856242895126343,-0.6708461992826663
COHFACE_s10_session2_natural,34,213,41.1,-1.038354754447937,-0.8825563884620391
COHFACE_s10_session2_natural,34,214,41.13333333333333,-1.126610279083252,-0.9838062772214765
COHFACE_s10_session2_natural,34,215,41.166666666666664,-1.1948424577713013,-0.9672987791809013
COHFACE_s10_session2_natural,34,216,41.2,-1.2632712125778198,-0.8499496362431697
COHFACE_s10_session2_natural,34,217,41.233333333333334,-1.2813408374786377,-0.6682802984710634
COHFACE_s10_session2_natural,34,218,41.266666666666666,-0.693147599697113,-0.4656427598676411
COHFACE_s10_session2_natural,34,219,41.3,0.7500171065330505,-0.2757127716597051
COHFACE_s10_session2_natural,34,220,41.333333333333336,1.8200551271438599,-0.11093101893571185
COHFACE_s10_session2_natural,34,221,41.36666666666667,1.8572232723236084,0.03629182536542406
COHFACE_s10_session2_natural,34,222,41.4,1.3398635387420654,0.17957475512026552
COHFACE_s10_session2_natural,34,223,41.43333333333333,0.7958096265792847,0.32074347971586714
COHFACE_s10_session2_natural,34,224,41.46666666666667,0.3568786382675171,0.4401984491063495
COHFACE_s10_session2_natural,34,225,41.5,0.09569580107927322,0.5025936500135415
COHFACE_s10_session2_natural,34,226,41.53333333333333,0.151869997382164,0.4752674606757755
COHFACE_s10_session2_natural,34,227,41.56666666666667,0.33131760358810425,0.3487421645364964
COHFACE_s10_session2_natural,34,228,41.6,0.36164170503616333,0.14731890336844475
COHFACE_s10_session2_natural,34,229,41.63333333333333,0.18559300899505615,-0.07629441882375529
COHFACE_s10_session2_natural,34,230,41.666666666666664,-0.11852684617042542,-0.2592389564331153
COHFACE_s10_session2_natural,34,231,41.7,-0.45090141892433167,-0.350393464278711
COHFACE_s10_session2_natural,34,232,41.733333333333334,-0.7090091109275818,-0.32707624662303875
COHFACE_s10_session2_natural,34,233,41.766666666666666,-0.8692309856414795,-0.20201375957863596
COHFACE_s10_session2_natural,34,234,41.8,-0.9565038681030273,-0.019670894567770953
COHFACE_s10_session2_natural,34,235,41.833333333333336,-1.010388970375061,0.15699931217288662
COHFACE_s10_session2_natural,34,236,41.86666666666667,-1.0740314722061157,0.2667564662906492
COHFACE_s10_session2_natural,34,237,41.9,-1.1415354013442993,0.27194371387344624
COHFACE_s10_session2_natural,34,238,41.93333333333333,-0.8585950136184692,0.1736902121543453
COHFACE_s10_session2_natural,34,239,41.96666666666667,0.3936074674129486,0.01273028911569328
COHFACE_s10_session2_natural,35,0,35.0,1.6168731451034546,0.04551375827756045
COHFACE_s10_session2_natural,35,1,35.03333333333333,1.8253037929534912,0.43894014103018597
COHFACE_s10_session2_natural,35,2,35.06666666666667,1.4203848838806152,0.7857294540451463
COHFACE_s10_session2_natural,35,3,35.1,0.920412540435791,1.0559460855599327
COHFACE_s10_session2_natural,35,4,35.13333333333333,0.4934239089488983,1.2451253028338964
COHFACE_s10_session2_natural,35,5,35.166666666666664,0.22511957585811615,1.3720660262638829
COHFACE_s10_session2_natural,35,6,35.2,0.24968639016151428,1.464629771505819
COHFACE_s10_session2_natural,35,7,35.233333333333334,0.39871737360954285,1.540529179256752
COHFACE_s10_session2_natural,35,8,35.266666666666666,0.42046335339546204,1.594279722752009
COHFACE_s10_session2_natural,35,9,35.3,0.245247021317482,1.5986363024633985
COHFACE_s10_session2_natural,35,10,35.333333333333336,-0.0580635704100132,1.5195117055698149
COHFACE_s10_session2_natural,35,11,35.36666666666667,-0.38232243061065674,1.3345803802102645
COHFACE_s10_session2_natural,35,12,35.4,-0.6344068646430969,1.0443888473720881
COHFACE_s10_session2_natural,35,13,35.43333333333333,-0.7857269048690796,0.671027288077119
COHFACE_s10_session2_natural,35,14,35.46666666666667,-0.877797544002533,0.24828964752560348
COHFACE_s10_session2_natural,35,15,35.5,-0.9505037665367126,-0.18798758357282805
COHFACE_s10_session2_natural,35,16,35.53333333333333,-1.0277303457260132,-0.6034995242480964
COHFACE_s10_session2_natural,35,17,35.56666666666667,-1.0636845827102661,-0.9637259121139441
COHFACE_s10_session2_natural,35,18,35.6,-0.5729494094848633,-1.2321810635512276
COHFACE_s10_session2_natural,35,19,35.63333333333333,0.7405949831008911,-1.3735798346618628
COHFACE_s10_session2_natural,35,20,35.666666666666664,1.8305755853652954,-1.3624705987121684
COHFACE_s10_session2_natural,35,21,35.7,1.9438951015472412,-1.193480635335212
COHFACE_s10_session2_natural,35,22,35.733333333333334,1.4932066202163696,-0.8881916778320228
COHFACE_s10_session2_natural,35,23,35.766666666666666,1.0125178098678589,-0.49527934923411865
COHFACE_s10_session2_natural,35,24,35.8,0.6201308965682983,-0.08284954140952369
COHFACE_s10_session2_natural,35,25,35.833333333333336,0.357953816652298,0.27587225880846805
COHFACE_s10_session2_natural,35,26,35.86666666666667,0.35734108090400696,0.520141208942248
COHFACE_s10_session2_natural,35,27,35.9,0.47592076659202576,0.6170896686765432
COHFACE_s10_session2_natural,35,28,35.93333333333333,0.4598396122455597,0.5684130031029627
COHFACE_s10_session2_natural,35,29,35.96666666666667,0.25277313590049744,0.4043651872020728
COHFACE_s10_session2_natural,35,30,36.0,-0.06315034627914429,0.1675843198123818
COHFACE_s10_session2_natural,35,31,36.03333333333333,-0.38487738370895386,-0.10451353696913915
COHFACE_s10_session2_natural,35,32,36.06666666666667,-0.6411237716674805,-0.3889883021374845
COHFACE_s10_session2_natural,35,33,36.1,-0.797831118106842,-0.6737269758522056
COHFACE_s10_session2_natural,35,34,36.13333333333333,-0.8950001001358032,-0.9448638193859272
COHFACE_s10_session2_natural,35,35,36.166666666666664,-0.9650126695632935,-1.1751373864257577
COHFACE_s10_session2_natural,35,36,36.2,-1.0356495380401611,-1.32205505832548
COHFACE_s10_session2_natural,35,37,36.233333333333334,-1.0894768238067627,-1.338218310646439
COHFACE_s10_session2_natural,35,38,36.266666666666666,-0.7179918885231018,-1.1887664843269086
COHFACE_s10_session2_natural,35,39,36.3,0.6021999716758728,-0.867040664878297
COHFACE_s10_session2_natural,35,40,36.333333333333336,1.912599802017212,-0.40120319034226204
COHFACE_s10_session2_natural,35,41,36.36666666666667,2.191875457763672,0.15016666543910592
COHFACE_s10_session2_natural,35,42,36.4,1.7817540168762207,0.7103037424694698
COHFACE_s10_session2_natural,35,43,36.43333333333333,1.3177707195281982,1.1992529354797496
COHFACE_s10_session2_natural,35,44,36.46666666666667,0.9700201749801636,1.5484080309664616
COHFACE_s10_session2_natural,35,45,36.5,0.6681315302848816,1.7133771552765673
COHFACE_s10_session2_natural,35,46,36.53333333333333,0.5351123213768005,1.683221370003359
COHFACE_s10_session2_natural,35,47,36.56666666666667,0.5617370009422302,1.4825466784839092
COHFACE_s10_session2_natural,35,48,36.6,0.5403262972831726,1.1638268261292326
COHFACE_s10_session2_natural,35,49,36.63333333333333,0.3521386981010437,0.7912647632940277
COHFACE_s10_session2_natural,35,50,36.666666666666664,0.029683319851756096,0.42230120641805174
COHFACE_s10_session2_natural,35,51,36.7,-0.32316553592681885,0.09476652006603883
COHFACE_s10_session2_natural,35,52,36.733333333333334,-0.6244992613792419,-0.17546275527766697
COHFACE_s10_session2_natural,35,53,36.766666666666666,-0.8336350917816162,-0.3873002025186985
COHFACE_s10_session2_natural,35,54,36.8,-0.956018328666687,-0.543379655915146
COHFACE_s10_session2_natural,35,55,36.833333333333336,-1.0216608047485352,-0.6416828323031857
COHFACE_s10_session2_natural,35,56,36.86666666666667,-1.0771182775497437,-0.6738543747331031
COHFACE_s10_session2_natural,35,57,36.9,-1.162171483039856,-0.630135259372596
COHFACE_s10_session2_natural,35,58,36.93333333333333,-1.2588664293289185,-0.5077626928152928
COHFACE_s10_session2_natural,35,59,36.96666666666667,-1.0100653171539307,-0.3183474435389757
COHFACE_s10_session2_natural,35,60,37.0,0.28384873270988464,-0.09007516167033248
COHFACE_s10_session2_natural,35,61,37.03333333333333,1.8081012964248657,0.13726656743354182
COHFACE_s10_session2_natural,35,62,37.06666666666667,2.2735180854797363,0.3229180460893427
COHFACE_s10_session2_natural,35,63,37.1,1.886772871017456,0.4368162382664592
COHFACE_s10_session2_natural,35,64,37.13333333333333,1.383783221244812,0.4668499844036321
COHFACE_s10_session2_natural,35,65,37.166666666666664,1.0218359231948853,0.4182750429441444
COHFACE_s10_session2_natural,35,66,37.2,0.709577202796936,0.3059543714075046
COHFACE_s10_session2_natural,35,67,37.233333333333334,0.513412594795227,0.1443469521170132
COHFACE_s10_session2_natural,35,68,37.266666666666666,0.5074472427368164,-0.05788897634879839
COHFACE_s10_session2_natural,35,69,37.3,0.5004413723945618,-0.294429056214705
COHFACE_s10_session2_natural,35,70,37.333333333333336,0.3443697988986969,-0.5513302983686538
COHFACE_s10_session2_natural,35,71,37.36666666666667,0.043117035180330276,-0.7986917646963295
COHFACE_s10_session2_natural,35,72,37.4,-0.3133503794670105,-0.9919995209756973
COHFACE_s10_session2_natural,35,73,37.43333333333333,-0.6388347148895264,-1.0851900140483737
COHFACE_s10_session2_natural,35,74,37.46666666666667,-0.8874393105506897,-1.0492066963004356
COHFACE_s10_session2_natural,35,75,37.5,-1.0479618310928345,-0.8851516744291165
COHFACE_s10_session2_natural,35,76,37.53333333333333,-1.1206333637237549,-0.6238739247073984
COHFACE_s10_session2_natural,35,77,37.56666666666667,-1.1669577360153198,-0.3124797102983563
COHFACE_s10_session2_natural,35,78,37.6,-1.2270278930664062,0.002997746746898074
COHFACE_s10_session2_natural,35,79,37.63333333333333,-1.323757529258728,0.2880851759943114
COHFACE_s10_session2_natural,35,80,37.666666666666664,-1.4237474203109741,0.5205992721889192
COHFACE_s10_session2_natural,35,81,37.7,-1.0758812427520752,0.6871167285317836
COHFACE_s10_session2_natural,35,82,37.733333333333334,0.3655261695384979,0.7812654407965957
COHFACE_s10_session2_natural,35,83,37.766666666666666,1.8337316513061523,0.8047856770507303
COHFACE_s10_session2_natural,35,84,37.8,2.1507418155670166,0.7681240600030552
COHFACE_s10_session2_natural,35,85,37.833333333333336,1.693232536315918,0.6874794518660308
COHFACE_s10_session2_natural,35,86,37.86666666666667,1.1701964139938354,0.5789538318146528
COHFACE_s10_session2_natural,35,87,37.9,0.782930850982666,0.45369904850758735
COHFACE_s10_session2_natural,35,88,37.93333333333333,0.47241783142089844,0.3173407838915087
COHFACE_s10_session2_natural,35,89,37.96666666666667,0.35112133622169495,0.17357972870397412
COHFACE_s10_session2_natural,35,90,38.0,0.41165396571159363,0.02890173804441991
COHFACE_s10_session2_natural,35,91,38.03333333333333,0.41209328174591064,-0.10506657485856641
COHFACE_s10_session2_natural,35,92,38.06666666666667,0.226345032453537,-0.2128217275450563
COHFACE_s10_session2_natural,35,93,38.1,-0.09706989675760269,-0.27871555983722013
COHFACE_s10_session2_natural,35,94,38.13333333333333,-0.45772233605384827,-0.2914254438130615
COHFACE_s10_session2_natural,35,95,38.166666666666664,-0.77264004945755,-0.24790201048895563
COHFACE_s10_session2_natural,35,96,38.2,-1.0065507888793945,-0.15558305270863995
COHFACE_s10_session2_natural,35,97,38.233333333333334,-1.165998101234436,-0.031545990768389626
COHFACE_s10_session2_natural,35,98,38.266666666666666,-1.241132140159607,0.10201512374565533
COHFACE_s10_session2_natural,35,99,38.3,-1.2706239223480225,0.22468906462327565
COHFACE_s10_session2_natural,35,100,38.333333333333336,-1.3179078102111816,0.3236133202803972
COHFACE_s10_session2_natural,35,101,38.36666666666667,-1.4067991971969604,0.3943573941240396
COHFACE_s10_session2_natural,35,102,38.4,-1.4936327934265137,0.4360956199529959
COHFACE_s10_session2_natural,35,103,38.43333333333333,-1.0897080898284912,0.4443323966836692
COHFACE_s10_session2_natural,35,104,38.46666666666667,0.38612762093544006,0.4065840043761824
COHFACE_s10_session2_natural,35,105,38.5,1.809881567955017,0.30488848823163867
COHFACE_s10_session2_natural,35,106,38.53333333333333,2.0817697048187256,0.12451173273043985
COHFACE_s10_session2_natural,35,107,38.56666666666667,1.5816587209701538,-0.13597672569615823
COHFACE_s10_session2_natural,35,108,38.6,0.9948760271072388,-0.4588627884808114
COHFACE_s10_session2_natural,35,109,38.63333333333333,0.5430430769920349,-0.8084050396283262
COHFACE_s10_session2_natural,35,110,38.666666666666664,0.22737394273281097,-1.1373160678717862
COHFACE_s10_session2_natural,35,111,38.7,0.17886459827423096,-1.3946490892963521
COHFACE_s10_session2_natural,35,112,38.733333333333334,0.3147624433040619,-1.5324820189999242
COHFACE_s10_session2_natural,35,113,38.766666666666666,0.34731781482696533,-1.5118576540879363
COHFACE_s10_session2_natural,35,114,38.8,0.15833251178264618,-1.3099600342350166
COHFACE_s10_session2_natural,35,115,38.833333333333336,-0.17662014067173004,-0.9289420297828347
COHFACE_s10_session2_natural,35,116,38.86666666666667,-0.5425096750259399,-0.40320567839347904
COHFACE_s10_session2_natural,35,117,38.9,-0.8567221164703369,0.20029138837013322
COHFACE_s10_session2_natural,35,118,38.93333333333333,-1.0776153802871704,0.7922784350700658
COHFACE_s10_session2_natural,35,119,38.96666666666667,-1.2108427286148071,1.280553378137946
COHFACE_s10_session2_natural,35,120,39.0,-1.2851905822753906,1.592101406942896
COHFACE_s10_session2_natural,35,121,39.03333333333333,-1.3292258977890015,1.6895698076034165
COHFACE_s10_session2_natural,35,122,39.06666666666667,-1.3800357580184937,1.5761176886754302
COHFACE_s10_session2_natural,35,123,39.1,-1.463077425956726,1.2881191302470545
COHFACE_s10_session2_natural,35,124,39.13333333333333,-1.5396912097930908,0.8807180183952178
COHFACE_s10_session2_natural,35,125,39.166666666666664,-1.0687135457992554,0.41367221797918596
COHFACE_s10_session2_natural,35,126,39.2,0.47238314151763916,-0.05707940739917999
COHFACE_s10_session2_natural,35,127,39.233333333333334,1.8474544286727905,-0.48141278020344336
COHFACE_s10_session2_natural,35,128,39.266666666666666,2.0567636489868164,-0.8141307452544891
COHFACE_s10_session2_natural,35,129,39.3,1.514108657836914,-1.0160670641240115
COHFACE_s10_session2_natural,35,130,39.333333333333336,0.8656487464904785,-1.0597787903794382
COHFACE_s10_session2_natural,35,131,39.36666666666667,0.3487744927406311,-0.9382377521621315
COHFACE_s10_session2_natural,35,132,39.4,0.03784528374671936,-0.671581910859924
COHFACE_s10_session2_natural,35,133,39.43333333333333,0.07763774693012238,-0.30661406554722825
COHFACE_s10_session2_natural,35,134,39.46666666666667,0.29657721519470215,0.09310944300078304
COHFACE_s10_session2_natural,35,135,39.5,0.3604971766471863,0.4635854968756539
COHFACE_s10_session2_natural,35,136,39.53333333333333,0.16580082476139069,0.755837878559086
COHFACE_s10_session2_natural,35,137,39.56666666666667,-0.18947581946849823,0.9433503696476645
COHFACE_s10_session2_natural,35,138,39.6,-0.5670880079269409,1.0192818006156426
COHFACE_s10_session2_natural,35,139,39.63333333333333,-0.8870000243186951,0.9876444067169371
COHFACE_s10_session2_natural,35,140,39.666666666666664,-1.1136852502822876,0.8556642478893597
COHFACE_s10_session2_natural,35,141,39.7,-1.2359412908554077,0.6324876229982157
COHFACE_s10_session2_natural,35,142,39.733333333333334,-1.2863351106643677,0.3338483534470075
COHFACE_s10_session2_natural,35,143,39.766666666666666,-1.3198962211608887,-0.012505273210539857
COHFACE_s10_session2_natural,35,144,39.8,-1.3614574670791626,-0.36635161386888376
COHFACE_s10_session2_natural,35,145,39.833333333333336,-1.4401638507843018,-0.6816044701009132
COHFACE_s10_session2_natural,35,146,39.86666666666667,-1.489574909210205,-0.9171433764488206
COHFACE_s10_session2_natural,35,147,39.9,-0.8649418950080872,-1.0463250937379553
COHFACE_s10_session2_natural,35,148,39.93333333333333,0.7161090970039368,-1.0610089427019023
COHFACE_s10_session2_natural,35,149,39.96666666666667,1.8751657009124756,-0.9696260742684263
COHFACE_s10_session2_natural,35,150,40.0,1.9330047369003296,-0.791807144449452
COHFACE_s10_session2_natural,35,151,40.03333333333333,1.3911128044128418,-0.5527107459127405
COHFACE_s10_session2_natural,35,152,40.06666666666667,0.7652080655097961,-0.2787742189022974
COHFACE_s10_session2_natural,35,153,40.1,0.23713131248950958,0.004825289729254121
COHFACE_s10_session2_natural,35,154,40.13333333333333,-0.04475702717900276,0.27479747445384534
COHFACE_s10_session2_natural,35,155,40.166666666666664,0.07407700270414352,0.5083375674131255
COHFACE_s10_session2_natural,35,156,40.2,0.3216180205345154,0.6810116437491792
COHFACE_s10_session2_natural,35,157,40.233333333333334,0.3742199242115021,0.7666414057885016
COHFACE_s10_session2_natural,35,158,40.266666666666666,0.172321155667305,0.7413704633991142
COHFACE_s10_session2_natural,35,159,40.3,-0.17201891541481018,0.5916976032611334
COHFACE_s10_session2_natural,35,160,40.333333333333336,-0.5372610092163086,0.3234755753373138
COHFACE_s10_session2_natural,35,161,40.36666666666667,-0.8359125852584839,-0.03251316797490768
COHFACE_s10_session2_natural,35,162,40.4,-1.0348517894744873,-0.4217961945806269
COHFACE_s10_session2_natural,35,163,40.43333333333333,-1.1398359537124634,-0.774956105069185
COHFACE_s10_session2_natural,35,164,40.46666666666667,-1.1953626871109009,-1.0217483599723098
COHFACE_s10_session2_natural,35,165,40.5,-1.2433980703353882,-1.1069722401925957
COHFACE_s10_session2_natural,35,166,40.53333333333333,-1.3126013278961182,-1.0045539436414306
COHFACE_s10_session2_natural,35,167,40.56666666666667,-1.2520802021026611,-0.7263592867469234
COHFACE_s10_session2_natural,35,168,40.6,-0.3476514220237732,-0.3217014336462022
COHFACE_s10_session2_natural,35,169,40.63333333333333,1.151756763458252,0.13498033287559685
COHFACE_s10_session2_natural,35,170,40.666666666666664,1.9217907190322876,0.5655531597578328
COHFACE_s10_session2_natural,35,171,40.7,1.7334065437316895,0.9103479291851013
COHFACE_s10_session2_natural,35,172,40.733333333333334,1.1403694152832031,1.1411828376476671
COHFACE_s10_session2_natural,35,173,40.766666666666666,0.5385690331459045,1.259742512082668
COHFACE_s10_session2_natural,35,174,40.8,0.0679844319820404,1.2838623612583013
COHFACE_s10_session2_natural,35,175,40.833333333333336,-0.098237544298172,1.2308061930744756
COHFACE_s10_session2_natural,35,176,40.86666666666667,0.0878344178199768,1.107252972153351
COHFACE_s10_session2_natural,35,177,40.9,0.29394134879112244,0.9105765692068073
COHFACE_s10_session2_natural,35,178,40.93333333333333,0.27293527126312256,0.6387006866046261
COHFACE_s10_session2_natural,35,179,40.96666666666667,0.039810627698898315,0.30108497172951215
COHFACE_s10_session2_natural,35,180,41.0,-0.29378941655158997,-0.076004252681075
COHFACE_s10_session2_natural,35,181,41.03333333333333,-0.6319212913513184,-0.45248338461505955
COHFACE_s10_session2_natural,35,182,41.06666666666667,-0.8856242895126343,-0.783720728823652
COHFACE_s10_session2_natural,35,183,41.1,-1.038354754447937,-1.031620078143362
COHFACE_s10_session2_natural,35,184,41.13333333333333,-1.126610279083252,-1.1731871898556367
COHFACE_s10_session2_natural,35,185,41.166666666666664,-1.1948424577713013,-1.204101639190782
COHFACE_s10_session2_natural,35,186,41.2,-1.2632712125778198,-1.136938212010458
COHFACE_s10_session2_natural,35,187,41.233333333333334,-1.2813408374786377,-0.9950851008154591
COHFACE_s10_session2_natural,35,188,41.266666666666666,-0.693147599697113,-0.8041099838109923
COHFACE_s10_session2_natural,35,189,41.3,0.7500171065330505,-0.5834325277947452
COHFACE_s10_session2_natural,35,190,41.333333333333336,1.8200551271438599,-0.34263742738172803
COHFACE_s10_session2_natural,35,191,41.36666666666667,1.8572232723236084,-0.08577996668581155
COHFACE_s10_session2_natural,35,192,41.4,1.3398635387420654,0.17792699337317433
COHFACE_s10_session2_natural,35,193,41.43333333333333,0.7958096265792847,0.42414454893187115
COHFACE_s10_session2_natural,35,194,41.46666666666667,0.3568786382675171,0.6125076718292232
COHFACE_s10_session2_natural,35,195,41.5,0.09569580107927322,0.6983961741064968
COHFACE_s10_session2_natural,35,196,41.53333333333333,0.151869997382164,0.6525906831347276
COHFACE_s10_session2_natural,35,197,41.56666666666667,0.33131760358810425,0.47804818410367833
COHFACE_s10_session2_natural,35,198,41.6,0.36164170503616333,0.2141836773583774
COHFACE_s10_session2_natural,35,199,41.63333333333333,0.18559300899505615,-0.07386969561109667
COHFACE_s10_session2_natural,35,200,41.666666666666664,-0.11852684617042542,-0.31551574568371776
COHFACE_s10_session2_natural,35,201,41.7,-0.45090141892433167,-0.4552667085901363
COHFACE_s10_session2_natural,35,202,41.733333333333334,-0.7090091109275818,-0.46684553142788615
COHFACE_s10_session2_natural,35,203,41.766666666666666,-0.8692309856414795,-0.35835742334452964
COHFACE_s10_session2_natural,35,204,41.8,-0.9565038681030273,-0.16799642755945823
COHFACE_s10_session2_natural,35,205,41.833333333333336,-1.010388970375061,0.049460387640112256
COHFACE_s10_session2_natural,35,206,41.86666666666667,-1.0740314722061157,0.2425734405216228
COHFACE_s10_session2_natural,35,207,41.9,-1.1415354013442993,0.38261167164947585
COHFACE_s10_session2_natural,35,208,41.93333333333333,-0.8585950136184692,0.47267845564387356
COHFACE_s10_session2_natural,35,209,41.96666666666667,0.3936074674129486,0.5400651612108066
COHFACE_s10_session2_natural,35,210,42.0,1.7595919370651245,0.6150158451750446
COHFACE_s10_session2_natural,35,211,42.03333333333333,2.1006603240966797,0.7083013319518713
COHFACE_s10_session2_natural,35,212,42.06666666666667,1.6780415773391724,0.801095200092864
COHFACE_s10_session2_natural,35,213,42.1,1.1458492279052734,0.8528779521591244
COHFACE_s10_session2_natural,35,214,42.13333333333333,0.7455892562866211,0.8216910198655571
COHFACE_s10_session2_natural,35,215,42.166666666666664,0.4450070559978485,0.6840955496054714
COHFACE_s10_session2_natural,35,216,42.2,0.34749123454093933,0.444439551945536
COHFACE_s10_session2_natural,35,217,42.233333333333334,0.437804639339447,0.13109218296261999
COHFACE_s10_session2_natural,35,218,42.266666666666666,0.4813659191131592,-0.21544700791267393
COHFACE_s10_session2_natural,35,219,42.3,0.34818488359451294,-0.5549957117417187
COHFACE_s10_session2_natural,35,220,42.333333333333336,0.06933705508708954,-0.8552524060391714
COHFACE_s10_session2_natural,35,221,42.36666666666667,-0.2536616921424866,-1.093216019449007
COHFACE_s10_session2_natural,35,222,42.4,-0.5374690890312195,-1.2523790166224924
COHFACE_s10_session2_natural,35,223,42.43333333333333,-0.7313330769538879,-1.3189439326738894
COHFACE_s10_session2_natural,35,224,42.46666666666667,-0.840351939201355,-1.2802369022011364
COHFACE_s10_session2_natural,35,225,42.5,-0.8977862596511841,-1.1272954523065766
COHFACE_s10_session2_natural,35,226,42.53333333333333,-0.9454285502433777,-0.8615072187102866
COHFACE_s10_session2_natural,35,227,42.56666666666667,-1.0160653591156006,-0.5025523758715819
COHFACE_s10_session2_natural,35,228,42.6,-1.114170789718628,-0.0927345273598098
COHFACE_s10_session2_natural,35,229,42.63333333333333,-1.0333489179611206,0.3071822947811613
COHFACE_s10_session2_natural,35,230,42.666666666666664,-0.03569331765174866,0.6321938496393371
COHFACE_s10_session2_natural,35,231,42.7,1.4903857707977295,0.8331908964324852
COHFACE_s10_session2_natural,35,232,42.733333333333334,2.139446973800659,0.8938089007186132
COHFACE_s10_session2_natural,35,233,42.766666666666666,1.8576511144638062,0.8348177403096143
COHFACE_s10_session2_natural,35,234,42.8,1.3743032217025757,0.7034901800365192
COHFACE_s10_session2_natural,35,235,42.833333333333336,1.0298707485198975,0.5538078504927052
COHFACE_s10_session2_natural,35,236,42.86666666666667,0.7440401315689087,0.4274759730404779
COHFACE_s10_session2_natural,35,237,42.9,0.5255514979362488,0.34353447641673396
COHFACE_s10_session2_natural,35,238,42.93333333333333,0.4941522479057312,0.2981333909637657
COHFACE_s10_session2_natural,35,239,42.96666666666667,0.5161988139152527,0.27085986925501065
COHFACE_s10_session2_natural,36,0,36.0,-0.06315034627914429,-0.044623461682590564
COHFACE_s10_session2_natural,36,1,36.03333333333333,-0.38487738370895386,0.005855409337659876
COHFACE_s10_session2_natural,36,2,36.06666666666667,-0.6411237716674805,-0.01052726073152137
COHFACE_s10_session2_natural,36,3,36.1,-0.797831118106842,-0.13553694941355204
COHFACE_s10_session2_natural,36,4,36.13333333333333,-0.8950001001358032,-0.3686620739003958
COHFACE_s10_session2_natural,36,5,36.166666666666664,-0.9650126695632935,-0.6644483380457222
COHFACE_s10_session2_natural,36,6,36.2,-1.0356495380401611,-0.9460418562061427
COHFACE_s10_session2_natural,36,7,36.233333333333334,-1.0894768238067627,-1.1304457339636576
COHFACE_s10_session2_natural,36,8,36.266666666666666,-0.7179918885231018,-1.1557191976304872
COHFACE_s10_session2_natural,36,9,36.3,0.6021999716758728,-0.9995141631459742
COHFACE_s10_session2_natural,36,10,36.333333333333336,1.912599802017212,-0.6831392359156497
COHFACE_s10_session2_natural,36,11,36.36666666666667,2.191875457763672,-0.26247975183894967
COHFACE_s10_session2_natural,36,12,36.4,1.7817540168762207,0.1880221796258963
COHFACE_s10_session2_natural,36,13,36.43333333333333,1.3177707195281982,0.5918575499904675
COHFACE_s10_session2_natural,36,14,36.46666666666667,0.9700201749801636,0.8843417754344439
COHFACE_s10_session2_natural,36,15,36.5,0.6681315302848816,1.0238922011093756
COHFACE_s10_session2_natural,36,16,36.53333333333333,0.5351123213768005,1.0003762894069639
COHFACE_s10_session2_natural,36,17,36.56666666666667,0.5617370009422302,0.8381354629002409
COHFACE_s10_session2_natural,36,18,36.6,0.5403262972831726,0.5907201908258896
COHFACE_s10_session2_natural,36,19,36.63333333333333,0.3521386981010437,0.3267227423280138
COHFACE_s10_session2_natural,36,20,36.666666666666664,0.029683319851756096,0.1103272996915513
COHFACE_s10_session2_natural,36,21,36.7,-0.32316553592681885,-0.016757958437893065
COHFACE_s10_session2_natural,36,22,36.733333333333334,-0.6244992613792419,-0.04578482586604718
COHFACE_s10_session2_natural,36,23,36.766666666666666,-0.8336350917816162,-0.0006729664593519711
COHFACE_s10_session2_natural,36,24,36.8,-0.956018328666687,0.07277354052107496
COHFACE_s10_session2_natural,36,25,36.833333333333336,-1.0216608047485352,0.12465301119554786
COHFACE_s10_session2_natural,36,26,36.86666666666667,-1.0771182775497437,0.11968885279304922
COHFACE_s10_session2_natural,36,27,36.9,-1.162171483039856,0.04995195480389362
COHFACE_s10_session2_natural,36,28,36.93333333333333,-1.2588664293289185,-0.06349960057809223
COHFACE_s10_session2_natural,36,29,36.96666666666667,-1.0100653171539307,-0.1806113662991167
COHFACE_s10_session2_natural,36,30,37.0,0.28384873270988464,-0.2589818318927163
COHFACE_s10_session2_natural,36,31,37.03333333333333,1.8081012964248657,-0.2690661589973947
COHFACE_s10_session2_natural,36,32,37.06666666666667,2.2735180854797363,-0.20145376437483947
COHFACE_s10_session2_natural,36,33,37.1,1.886772871017456,-0.06505971982246446
COHFACE_s10_session2_natural,36,34,37.13333333333333,1.383783221244812,0.11936008462422137
COHFACE_s10_session2_natural,36,35,37.166666666666664,1.0218359231948853,0.3240872268062098
COHFACE_s10_session2_natural,36,36,37.2,0.709577202796936,0.5148186616820976
COHFACE_s10_session2_natural,36,37,37.233333333333334,0.513412594795227,0.6494663923515396
COHFACE_s10_session2_natural,36,38,37.266666666666666,0.5074472427368164,0.6817510849588562
COHFACE_s10_session2_natural,36,39,37.3,0.5004413723945618,0.573510495956274
COHFACE_s10_session2_natural,36,40,37.333333333333336,0.3443697988986969,0.312079979106454
COHFACE_s10_session2_natural,36,41,37.36666666666667,0.043117035180330276,-0.07705104176145258
COHFACE_s10_session2_natural,36,42,37.4,-0.3133503794670105,-0.531019193751043
COHFACE_s10_session2_natural,36,43,37.43333333333333,-0.6388347148895264,-0.9652898073414903
COHFACE_s10_session2_natural,36,44,37.46666666666667,-0.8874393105506897,-1.2976614255145416
COHFACE_s10_session2_natural,36,45,37.5,-1.0479618310928345,-1.4701083661891488
COHFACE_s10_session2_natural,36,46,37.53333333333333,-1.1206333637237549,-1.460557109415245
COHFACE_s10_session2_natural,36,47,37.56666666666667,-1.1669577360153198,-1.283025339970116
COHFACE_s10_session2_natural,36,48,37.6,-1.2270278930664062,-0.9799605033550581
COHFACE_s10_session2_natural,36,49,37.63333333333333,-1.323757529258728,-0.6116976560298899
COHFACE_s10_session2_natural,36,50,37.666666666666664,-1.4237474203109741,-0.24490555570723602
COHFACE_s10_session2_natural,36,51,37.7,-1.0758812427520752,0.06066098870445073
COHFACE_s10_session2_natural,36,52,37.733333333333334,0.3655261695384979,0.26619415631078663
COHFACE_s10_session2_natural,36,53,37.766666666666666,1.8337316513061523,0.3643117712799464
COHFACE_s10_session2_natural,36,54,37.8,2.1507418155670166,0.38066483190915296
COHFACE_s10_session2_natural,36,55,37.833333333333336,1.693232536315918,0.36430349296355513
COHFACE_s10_session2_natural,36,56,37.86666666666667,1.1701964139938354,0.3697085984898871
COHFACE_s10_session2_natural,36,57,37.9,0.782930850982666,0.4373102137278768
COHFACE_s10_session2_natural,36,58,37.93333333333333,0.47241783142089844,0.5793284202989848
COHFACE_s10_session2_natural,36,59,37.96666666666667,0.35112133622169495,0.775305680592982
COHFACE_s10_session2_natural,36,60,38.0,0.41165396571159363,0.9789252847511183
COHFACE_s10_session2_natural,36,61,38.03333333333333,0.41209328174591064,1.1342319249530524
COHFACE_s10_session2_natural,36,62,38.06666666666667,0.226345032453537,1.195100755064078
COHFACE_s10_session2_natural,36,63,38.1,-0.09706989675760269,1.1397509648044535
COHFACE_s10_session2_natural,36,64,38.13333333333333,-0.45772233605384827,0.9747178984712463
COHFACE_s10_session2_natural,36,65,38.166666666666664,-0.77264004945755,0.7282508080882644
COHFACE_s10_session2_natural,36,66,38.2,-1.0065507888793945,0.43801159807783874
COHFACE_s10_session2_natural,36,67,38.233333333333334,-1.165998101234436,0.1397714415084892
COHFACE_s10_session2_natural,36,68,38.266666666666666,-1.241132140159607,-0.13810227914170536
COHFACE_s10_session2_natural,36,69,38.3,-1.2706239223480225,-0.37399424026880307
COHFACE_s10_session2_natural,36,70,38.333333333333336,-1.3179078102111816,-0.5501403595481318
COHFACE_s10_session2_natural,36,71,38.36666666666667,-1.4067991971969604,-0.6523835513608358
COHFACE_s10_session2_natural,36,72,38.4,-1.4936327934265137,-0.6741882567649259
COHFACE_s10_session2_natural,36,73,38.43333333333333,-1.0897080898284912,-0.6220161368519499
COHFACE_s10_session2_natural,36,74,38.46666666666667,0.38612762093544006,-0.5173785767420954
COHFACE_s10_session2_natural,36,75,38.5,1.809881567955017,-0.39295062416038473
COHFACE_s10_session2_natural,36,76,38.53333333333333,2.0817697048187256,-0.2843244462018616
COHFACE_s10_session2_natural,36,77,38.56666666666667,1.5816587209701538,-0.22169121420400836
COHFACE_s10_session2_natural,36,78,38.6,0.9948760271072388,-0.2246406001669006
COHFACE_s10_session2_natural,36,79,38.63333333333333,0.5430430769920349,-0.2999462617282559
COHFACE_s10_session2_natural,36,80,38.666666666666664,0.22737394273281097,-0.43991610410890003
COHFACE_s10_session2_natural,36,81,38.7,0.17886459827423096,-0.6196522103493187
COHFACE_s10_session2_natural,36,82,38.733333333333334,0.3147624433040619,-0.794988108846896
COHFACE_s10_session2_natural,36,83,38.766666666666666,0.34731781482696533,-0.9058926052353745
COHFACE_s10_session2_natural,36,84,38.8,0.15833251178264618,-0.8894894211712533
COHFACE_s10_session2_natural,36,85,38.833333333333336,-0.17662014067173004,-0.7016899772672753
COHFACE_s10_session2_natural,36,86,38.86666666666667,-0.5425096750259399,-0.33927800023517996
COHFACE_s10_session2_natural,36,87,38.9,-0.8567221164703369,0.14937263426285996
COHFACE_s10_session2_natural,36,88,38.93333333333333,-1.0776153802871704,0.6729657196588275
COHFACE_s10_session2_natural,36,89,38.96666666666667,-1.2108427286148071,1.1238289357240363
COHFACE_s10_session2_natural,36,90,39.0,-1.2851905822753906,1.4111554183518762
COHFACE_s10_session2_natural,36,91,39.03333333333333,-1.3292258977890015,1.486103020988311
COHFACE_s10_session2_natural,36,92,39.06666666666667,-1.3800357580184937,1.3489833819639256
COHFACE_s10_session2_natural,36,93,39.1,-1.463077425956726,1.0389044545720294
COHFACE_s10_session2_natural,36,94,39.13333333333333,-1.5396912097930908,0.6148471478514747
COHFACE_s10_session2_natural,36,95,39.166666666666664,-1.0687135457992554,0.1391959251878846
COHFACE_s10_session2_natural,36,96,39.2,0.47238314151763916,-0.3304242420221308
COHFACE_s10_session2_natural,36,97,39.233333333333334,1.8474544286727905,-0.7424326715339933
COHFACE_s10_session2_natural,36,98,39.266666666666666,2.0567636489868164,-1.0508833940907536
COHFACE_s10_session2_natural,36,99,39.3,1.514108657836914,-1.217814141296348
COHFACE_s10_session2_natural,36,100,39.333333333333336,0.8656487464904785,-1.2196042622524528
COHFACE_s10_session2_natural,36,101,39.36666666666667,0.3487744927406311,-1.0551153069761448
COHFACE_s10_session2_natural,36,102,39.4,0.03784528374671936,-0.7513143723887308
COHFACE_s10_session2_natural,36,103,39.43333333333333,0.07763774693012238,-0.36217059841913024
COHFACE_s10_session2_natural,36,104,39.46666666666667,0.29657721519470215,0.041174566758848535
COHFACE_s10_session2_natural,36,105,39.5,0.3604971766471863,0.38718674219591426
COHFACE_s10_session2_natural,36,106,39.53333333333333,0.16580082476139069,0.6220228735334438
COHFACE_s10_session2_natural,36,107,39.56666666666667,-0.18947581946849823,0.7217984208055761
COHFACE_s10_session2_natural,36,108,39.6,-0.5670880079269409,0.6943853940416657
COHFACE_s10_session2_natural,36,109,39.63333333333333,-0.8870000243186951,0.571414518889458
COHFACE_s10_session2_natural,36,110,39.666666666666664,-1.1136852502822876,0.3961558840132844
COHFACE_s10_session2_natural,36,111,39.7,-1.2359412908554077,0.21371018178507484
COHFACE_s10_session2_natural,36,112,39.733333333333334,-1.2863351106643677,0.0655450422263756
COHFACE_s10_session2_natural,36,113,39.766666666666666,-1.3198962211608887,-0.014431698167548556
COHFACE_s10_session2_natural,36,114,39.8,-1.3614574670791626,-0.005466622896364135
COHFACE_s10_session2_natural,36,115,39.833333333333336,-1.4401638507843018,0.09321309496732327
COHFACE_s10_session2_natural,36,116,39.86666666666667,-1.489574909210205,0.2586626025704157
COHFACE_s10_session2_natural,36,117,39.9,-0.8649418950080872,0.4481180516379162
COHFACE_s10_session2_natural,36,118,39.93333333333333,0.7161090970039368,0.6107061296774385
COHFACE_s10_session2_natural,36,119,39.96666666666667,1.8751657009124756,0.7020879756378122
COHFACE_s10_session2_natural,36,120,40.0,1.9330047369003296,0.695813884468061
COHFACE_s10_session2_natural,36,121,40.03333333333333,1.3911128044128418,0.5878046345808693
COHFACE_s10_session2_natural,36,122,40.06666666666667,0.7652080655097961,0.39442063256048737
COHFACE_s10_session2_natural,36,123,40.1,0.23713131248950958,0.14690341950837824
COHFACE_s10_session2_natural,36,124,40.13333333333333,-0.04475702717900276,-0.11574688880349761
COHFACE_s10_session2_natural,36,125,40.166666666666664,0.07407700270414352,-0.35510283071344007
COHFACE_s10_session2_natural,36,126,40.2,0.3216180205345154,-0.542572780629515
COHFACE_s10_session2_natural,36,127,40.233333333333334,0.3742199242115021,-0.6675967457499817
COHFACE_s10_session2_natural,36,128,40.266666666666666,0.172321155667305,-0.7409768797524591
COHFACE_s10_session2_natural,36,129,40.3,-0.17201891541481018,-0.7899217416712742
COHFACE_s10_session2_natural,36,130,40.333333333333336,-0.5372610092163086,-0.8448661357828906
COHFACE_s10_session2_natural,36,131,40.36666666666667,-0.8359125852584839,-0.9229373753119703
COHFACE_s10_session2_natural,36,132,40.4,-1.0348517894744873,-1.0159589682176593
COHFACE_s10_session2_natural,36,133,40.43333333333333,-1.1398359537124634,-1.089611002416662
COHFACE_s10_session2_natural,36,134,40.46666666666667,-1.1953626871109009,-1.0948885409633833
COHFACE_s10_session2_natural,36,135,40.5,-1.2433980703353882,-0.9870731263217878
COHFACE_s10_session2_natural,36,136,40.53333333333333,-1.3126013278961182,-0.7446969920456042
COHFACE_s10_session2_natural,36,137,40.56666666666667,-1.2520802021026611,-0.3812774236677105
COHFACE_s10_session2_natural,36,138,40.6,-0.3476514220237732,0.055339682947522464
COHFACE_s10_session2_natural,36,139,40.63333333333333,1.151756763458252,0.49681966046640164
COHFACE_s10_session2_natural,36,140,40.666666666666664,1.9217907190322876,0.8759004985916854
COHFACE_s10_session2_natural,36,141,40.7,1.7334065437316895,1.1459857265338123
COHFACE_s10_session2_natural,36,142,40.733333333333334,1.1403694152832031,1.290353257899922
COHFACE_s10_session2_natural,36,143,40.766666666666666,0.5385690331459045,1.3184529201432107
COHFACE_s10_session2_natural,36,144,40.8,0.0679844319820404,1.2535534342857197
COHFACE_s10_session2_natural,36,145,40.833333333333336,-0.098237544298172,1.1196726721240888
COHFACE_s10_session2_natural,36,146,40.86666666666667,0.0878344178199768,0.934313925977378
COHFACE_s10_session2_natural,36,147,40.9,0.29394134879112244,0.7087136923117069
COHFACE_s10_session2_natural,36,148,40.93333333333333,0.27293527126312256,0.4525991595964699
COHFACE_s10_session2_natural,36,149,40.96666666666667,0.039810627698898315,0.17880813372020893
COHFACE_s10_session2_natural,36,150,41.0,-0.29378941655158997,-0.09487477477052418
COHFACE_s10_session2_natural,36,151,41.03333333333333,-0.6319212913513184,-0.346323080701308
COHFACE_s10_session2_natural,36,152,41.06666666666667,-0.8856242895126343,-0.5507501274402128
COHFACE_s10_session2_natural,36,153,41.1,-1.038354754447937,-0.6833080753833997
COHFACE_s10_session2_natural,36,154,41.13333333333333,-1.126610279083252,-0.7239894172904223
COHFACE_s10_session2_natural,36,155,41.166666666666664,-1.1948424577713013,-0.6655186638027698
COHFACE_s10_session2_natural,36,156,41.2,-1.2632712125778198,-0.52137878700259
COHFACE_s10_session2_natural,36,157,41.233333333333334,-1.2813408374786377,-0.32796629530435367
COHFACE_s10_session2_natural,36,158,41.266666666666666,-0.693147599697113,-0.13595823306365676
COHFACE_s10_session2_natural,36,159,41.3,0.7500171065330505,0.007846572703606596
COHFACE_s10_session2_natural,36,160,41.333333333333336,1.8200551271438599,0.07903805838421876
COHFACE_s10_session2_natural,36,161,41.36666666666667,1.8572232723236084,0.08272650473529176
COHFACE_s10_session2_natural,36,162,41.4,1.3398635387420654,0.044321700904912095
COHFACE_s10_session2_natural,36,163,41.43333333333333,0.7958096265792847,-0.009906674521217428
COHFACE_s10_session2_natural,36,164,41.46666666666667,0.3568786382675171,-0.06929672131636766
COHFACE_s10_session2_natural,36,165,41.5,0.09569580107927322,-0.1410896328427547
COHFACE_s10_session2_natural,36,166,41.53333333333333,0.151869997382164,-0.23742759782847542
COHFACE_s10_session2_natural,36,167,41.56666666666667,0.33131760358810425,-0.35677685902047224
COHFACE_s10_session2_natural,36,168,41.6,0.36164170503616333,-0.47332406363484014
COHFACE_s10_session2_natural,36,169,41.63333333333333,0.18559300899505615,-0.542460391985043
COHFACE_s10_session2_natural,36,170,41.666666666666664,-0.11852684617042542,-0.5195814992245434
COHFACE_s10_session2_natural,36,171,41.7,-0.45090141892433167,-0.3812394880107905
COHFACE_s10_session2_natural,36,172,41.733333333333334,-0.7090091109275818,-0.13787274776229455
COHFACE_s10_session2_natural,36,173,41.766666666666666,-0.8692309856414795,0.16665203883039809
COHFACE_s10_session2_natural,36,174,41.8,-0.9565038681030273,0.46734863665876736
COHFACE_s10_session2_natural,36,175,41.833333333333336,-1.010388970375061,0.6975091560075347
COHFACE_s10_session2_natural,36,176,41.86666666666667,-1.0740314722061157,0.8094743268505157
COHFACE_s10_session2_natural,36,177,41.9,-1.1415354013442993,0.7906513896895343
COHFACE_s10_session2_natural,36,178,41.93333333333333,-0.8585950136184692,0.6682335260954838
COHFACE_s10_session2_natural,36,179,41.96666666666667,0.3936074674129486,0.49870864710913726
COHFACE_s10_session2_natural,36,180,42.0,1.7595919370651245,0.345414096660599
COHFACE_s10_session2_natural,36,181,42.03333333333333,2.1006603240966797,0.25426619843883186
COHFACE_s10_session2_natural,36,182,42.06666666666667,1.6780415773391724,0.23872724482449956
COHFACE_s10_session2_natural,36,183,42.1,1.1458492279052734,0.2795905504682904
COHFACE_s10_session2_natural,36,184,42.13333333333333,0.7455892562866211,0.33700111203008654
COHFACE_s10_session2_natural,36,185,42.166666666666664,0.4450070559978485,0.36675871620009587
COHFACE_s10_session2_natural,36,186,42.2,0.34749123454093933,0.33356733605493794
COHFACE_s10_session2_natural,36,187,42.233333333333334,0.437804639339447,0.21830884159883854
COHFACE_s10_session2_natural,36,188,42.266666666666666,0.4813659191131592,0.020345171945924313
COHFACE_s10_session2_natural,36,189,42.3,0.34818488359451294,-0.24311353257355234
COHFACE_s10_session2_natural,36,190,42.333333333333336,0.06933705508708954,-0.5400358065990047
COHFACE_s10_session2_natural,36,191,42.36666666666667,-0.2536616921424866,-0.8296362623920938
COHFACE_s10_session2_natural,36,192,42.4,-0.5374690890312195,-1.0708945007965935
COHFACE_s10_session2_natural,36,193,42.43333333333333,-0.7313330769538879,-1.2307816094722952
COHFACE_s10_session2_natural,36,194,42.46666666666667,-0.840351939201355,-1.2890224268681325
COHFACE_s10_session2_natural,36,195,42.5,-0.8977862596511841,-1.2383435029182541
COHFACE_s10_session2_natural,36,196,42.53333333333333,-0.9454285502433777,-1.0824222037347806
COHFACE_s10_session2_natural,36,197,42.56666666666667,-1.0160653591156006,-0.835025731678457
COHFACE_s10_session2_natural,36,198,42.6,-1.114170789718628,-0.5213607874170115
COHFACE_s10_session2_natural,36,199,42.63333333333333,-1.0333489179611206,-0.17867855237730046
COHFACE_s10_session2_natural,36,200,42.666666666666664,-0.03569331765174866,0.14850372171993553
COHFACE_s10_session2_natural,36,201,42.7,1.4903857707977295,0.42031180437519317
COHFACE_s10_session2_natural,36,202,42.733333333333334,2.139446973800659,0.616072940519752
COHFACE_s10_session2_natural,36,203,42.766666666666666,1.8576511144638062,0.7428599934827733
COHFACE_s10_session2_natural,36,204,42.8,1.3743032217025757,0.831586277725131
COHFACE_s10_session2_natural,36,205,42.833333333333336,1.0298707485198975,0.9213445605493409
COHFACE_s10_session2_natural,36,206,42.86666666666667,0.7440401315689087,1.039725012101377
COHFACE_s10_session2_natural,36,207,42.9,0.5255514979362488,1.1890471095966804
COHFACE_s10_session2_natural,36,208,42.93333333333333,0.4941522479057312,1.344276289995354
COHFACE_s10_session2_natural,36,209,42.96666666666667,0.5161988139152527,1.461395416961872
COHFACE_s10_session2_natural,36,210,43.0,0.42344605922698975,1.4902646135469184
COHFACE_s10_session2_natural,36,211,43.03333333333333,0.18389356136322021,1.386212209940248
COHFACE_s10_session2_natural,36,212,43.06666666666667,-0.1105382964015007,1.1186970129254796
COHFACE_s10_session2_natural,36,213,43.1,-0.391074001789093,0.6786964599881274
COHFACE_s10_session2_natural,36,214,43.13333333333333,-0.6161060333251953,0.08560881569242787
COHFACE_s10_session2_natural,36,215,43.166666666666664,-0.7651254534721375,-0.6084312392892316
COHFACE_s10_session2_natural,36,216,43.2,-0.8457624316215515,-1.3201268310794525
COHFACE_s10_session2_natural,36,217,43.233333333333334,-0.9001562595367432,-1.9446619408904215
COHFACE_s10_session2_natural,36,218,43.266666666666666,-0.961012601852417,-2.37330315659067
COHFACE_s10_session2_natural,36,219,43.3,-1.0552104711532593,-2.5163930460274617
COHFACE_s10_session2_natural,36,220,43.333333333333336,-1.1612582206726074,-2.3270796407542944
COHFACE_s10_session2_natural,36,221,43.36666666666667,-0.9818568229675293,-1.8194430746525612
COHFACE_s10_session2_natural,36,222,43.4,0.14269067347049713,-1.07392685397663
COHFACE_s10_session2_natural,36,223,43.43333333333333,1.543831706047058,-0.2248318218806517
COHFACE_s10_session2_natural,36,224,43.46666666666667,1.9637796878814697,0.5698763932717991
COHFACE_s10_session2_natural,36,225,43.5,1.59415602684021,1.1684102314056013
COHFACE_s10_session2_natural,36,226,43.53333333333333,1.1307392120361328,1.480378435519263
COHFACE_s10_session2_natural,36,227,43.56666666666667,0.7989773154258728,1.4837557874323075
COHFACE_s10_session2_natural,36,228,43.6,0.5110889077186584,1.2190834916412445
COHFACE_s10_session2_natural,36,229,43.63333333333333,0.3627053201198578,0.7676539950098911
COHFACE_s10_session2_natural,36,230,43.666666666666664,0.39754971861839294,0.22607493188595745
COHFACE_s10_session2_natural,36,231,43.7,0.4176540672779083,-0.3128386453507335
COHFACE_s10_session2_natural,36,232,43.733333333333334,0.2890857756137848,-0.7704404574119932
COHFACE_s10_session2_natural,36,233,43.766666666666666,0.043082352727651596,-1.0876219106262894
COHFACE_s10_session2_natural,36,234,43.8,-0.24155746400356293,-1.229038781482988
COHFACE_s10_session2_natural,36,235,43.833333333333336,-0.4992836117744446,-1.1861750865783065
COHFACE_s10_session2_natural,36,236,43.86666666666667,-0.6945580244064331,-0.9762371489027943
COHFACE_s10_session2_natural,36,237,43.9,-0.8234962224960327,-0.6349668568136237
COHFACE_s10_session2_natural,36,238,43.93333333333333,-0.8964683413505554,-0.20604957081984426
COHFACE_s10_session2_natural,36,239,43.96666666666667,-0.9471973776817322,0.2669647983211309
COHFACE_s10_session2_natural,37,0,37.0,0.28384873270988464,0.03744445081426369
COHFACE_s10_session2_natural,37,1,37.03333333333333,1.8081012964248657,0.45377743211322835
COHFACE_s10_session2_natural,37,2,37.06666666666667,2.2735180854797363,0.8295172523145955
COHFACE_s10_session2_natural,37,3,37.1,1.886772871017456,1.1352914575466795
COHFACE_s10_session2_natural,37,4,37.13333333333333,1.383783221244812,1.3569991694226395
COHFACE_s10_session2_natural,37,5,37.166666666666664,1.0218359231948853,1.4957554386601852
COHFACE_s10_session2_natural,37,6,37.2,0.709577202796936,1.5604692134407374
COHFACE_s10_session2_natural,37,7,37.233333333333334,0.513412594795227,1.5565569012249902
COHFACE_s10_session2_natural,37,8,37.266666666666666,0.5074472427368164,1.4779665068907228
COHFACE_s10_session2_natural,37,9,37.3,0.5004413723945618,1.3086543322709248
COHFACE_s10_session2_natural,37,10,37.333333333333336,0.3443697988986969,1.0334583418782826
COHFACE_s10_session2_natural,37,11,37.36666666666667,0.043117035180330276,0.6518779936040648
COHFACE_s10_session2_natural,37,12,37.4,-0.3133503794670105,0.18678495273269172
COHFACE_s10_session2_natural,37,13,37.43333333333333,-0.6388347148895264,-0.3162481580394012
COHFACE_s10_session2_natural,37,14,37.46666666666667,-0.8874393105506897,-0.7977604664426827
COHFACE_s10_session2_natural,37,15,37.5,-1.0479618310928345,-1.196592183544482
COHFACE_s10_session2_natural,37,16,37.53333333333333,-1.1206333637237549,-1.4611396765284066
COHFACE_s10_session2_natural,37,17,37.56666666666667,-1.1669577360153198,-1.5579734123211728
COHFACE_s10_session2_natural,37,18,37.6,-1.2270278930664062,-1.4778228968234186
COHFACE_s10_session2_natural,37,19,37.63333333333333,-1.323757529258728,-1.238404189150603
COHFACE_s10_session2_natural,37,20,37.666666666666664,-1.4237474203109741,-0.8819260813619801
COHFACE_s10_session2_natural,37,21,37.7,-1.0758812427520752,-0.46560723233434087
COHFACE_s10_session2_natural,37,22,37.733333333333334,0.3655261695384979,-0.047551933726391736
COHFACE_s10_session2_natural,37,23,37.766666666666666,1.8337316513061523,0.3258405450850914
COHFACE_s10_session2_natural,37,24,37.8,2.1507418155670166,0.6252819682333239
COHFACE_s10_session2_natural,37,25,37.833333333333336,1.693232536315918,0.8357507682238219
COHFACE_s10_session2_natural,37,26,37.86666666666667,1.1701964139938354,0.9495799708879071
COHFACE_s10_session2_natural,37,27,37.9,0.782930850982666,0.9616102813648667
COHFACE_s10_session2_natural,37,28,37.93333333333333,0.47241783142089844,0.8696837607249173
COHFACE_s10_session2_natural,37,29,37.96666666666667,0.35112133622169495,0.6791031027410553
COHFACE_s10_session2_natural,37,30,38.0,0.41165396571159363,0.40719899068445464
COHFACE_s10_session2_natural,37,31,38.03333333333333,0.41209328174591064,0.08486020749672081
COHFACE_s10_session2_natural,37,32,38.06666666666667,0.226345032453537,-0.245704048109067
COHFACE_s10_session2_natural,37,33,38.1,-0.09706989675760269,-0.5361898271502459
COHFACE_s10_session2_natural,37,34,38.13333333333333,-0.45772233605384827,-0.740094649126197
COHFACE_s10_session2_natural,37,35,38.166666666666664,-0.77264004945755,-0.8230030990980097
COHFACE_s10_session2_natural,37,36,38.2,-1.0065507888793945,-0.7726702408590413
COHFACE_s10_session2_natural,37,37,38.233333333333334,-1.165998101234436,-0.603944760860359
COHFACE_s10_session2_natural,37,38,38.266666666666666,-1.241132140159607,-0.35443367001335835
COHFACE_s10_session2_natural,37,39,38.3,-1.2706239223480225,-0.07141870878309046
COHFACE_s10_session2_natural,37,40,38.333333333333336,-1.3179078102111816,0.20366809792023055
COHFACE_s10_session2_natural,37,41,38.36666666666667,-1.4067991971969604,0.4446490601054415
COHFACE_s10_session2_natural,37,42,38.4,-1.4936327934265137,0.6392768878978922
COHFACE_s10_session2_natural,37,43,38.43333333333333,-1.0897080898284912,0.7797775747189665
COHFACE_s10_session2_natural,37,44,38.46666666666667,0.38612762093544006,0.8530400813495767
COHFACE_s10_session2_natural,37,45,38.5,1.809881567955017,0.8379749286249352
COHFACE_s10_session2_natural,37,46,38.53333333333333,2.0817697048187256,0.7121213643914205
COHFACE_s10_session2_natural,37,47,38.56666666666667,1.5816587209701538,0.46337070995261675
COHFACE_s10_session2_natural,37,48,38.6,0.9948760271072388,0.10024555653052122
COHFACE_s10_session2_natural,37,49,38.63333333333333,0.5430430769920349,-0.34378075903176064
COHFACE_s10_session2_natural,37,50,38.666666666666664,0.22737394273281097,-0.8123811357774217
COHFACE_s10_session2_natural,37,51,38.7,0.17886459827423096,-1.2329830805333377
COHFACE_s10_session2_natural,37,52,38.733333333333334,0.3147624433040619,-1.5269453351560336
COHFACE_s10_session2_natural,37,53,38.766666666666666,0.34731781482696533,-1.6237829231937917
COHFACE_s10_session2_natural,37,54,38.8,0.15833251178264618,-1.4785734138309867
COHFACE_s10_session2_natural,37,55,38.833333333333336,-0.17662014067173004,-1.088218458332175
COHFACE_s10_session2_natural,37,56,38.86666666666667,-0.5425096750259399,-0.49969149552232406
COHFACE_s10_session2_natural,37,57,38.9,-0.8567221164703369,0.19539968439056377
COHFACE_s10_session2_natural,37,58,38.93333333333333,-1.0776153802871704,0.8802123212385764
COHFACE_s10_session2_natural,37,59,38.96666666666667,-1.2108427286148071,1.4399599875197397
COHFACE_s10_session2_natural,37,60,39.0,-1.2851905822753906,1.78770754624053
COHFACE_s10_session2_natural,37,61,39.03333333333333,-1.3292258977890015,1.8804525508856176
COHFACE_s10_session2_natural,37,62,39.06666666666667,-1.3800357580184937,1.721918969546668
COHFACE_s10_session2_natural,37,63,39.1,-1.463077425956726,1.3539546290836975
COHFACE_s10_session2_natural,37,64,39.13333333333333,-1.5396912097930908,0.842008857144655
COHFACE_s10_session2_natural,37,65,39.166666666666664,-1.0687135457992554,0.260617668836524
COHFACE_s10_session2_natural,37,66,39.2,0.47238314151763916,-0.3173850140013601
COHFACE_s10_session2_natural,37,67,39.233333333333334,1.8474544286727905,-0.8271668894449091
COHFACE_s10_session2_natural,37,68,39.266666666666666,2.0567636489868164,-1.2149412624274118
COHFACE_s10_session2_natural,37,69,39.3,1.514108657836914,-1.4399716050228444
COHFACE_s10_session2_natural,37,70,39.333333333333336,0.8656487464904785,-1.4779397869970214
COHFACE_s10_session2_natural,37,71,39.36666666666667,0.3487744927406311,-1.3265543145693057
COHFACE_s10_session2_natural,37,72,39.4,0.03784528374671936,-1.0109889372922263
COHFACE_s10_session2_natural,37,73,39.43333333333333,0.07763774693012238,-0.5842566813927946
COHFACE_s10_session2_natural,37,74,39.46666666666667,0.29657721519470215,-0.1186470703029795
COHFACE_s10_session2_natural,37,75,39.5,0.3604971766471863,0.31089045145311406
COHFACE_s10_session2_natural,37,76,39.53333333333333,0.16580082476139069,0.6447560680092429
COHFACE_s10_session2_natural,37,77,39.56666666666667,-0.18947581946849823,0.8495818572233699
COHFACE_s10_session2_natural,37,78,39.6,-0.5670880079269409,0.9180024823766318
COHFACE_s10_session2_natural,37,79,39.63333333333333,-0.8870000243186951,0.8604488841570728
COHFACE_s10_session2_natural,37,80,39.666666666666664,-1.1136852502822876,0.696136062593947
COHFACE_s10_session2_natural,37,81,39.7,-1.2359412908554077,0.44898464549873685
COHFACE_s10_session2_natural,37,82,39.733333333333334,-1.2863351106643677,0.14885020874928492
COHFACE_s10_session2_natural,37,83,39.766666666666666,-1.3198962211608887,-0.16625592968318084
COHFACE_s10_session2_natural,37,84,39.8,-1.3614574670791626,-0.45156831888419496
COHFACE_s10_session2_natural,37,85,39.833333333333336,-1.4401638507843018,-0.6618482621630218
COHFACE_s10_session2_natural,37,86,39.86666666666667,-1.489574909210205,-0.7600510660359324
COHFACE_s10_session2_natural,37,87,39.9,-0.8649418950080872,-0.7246560509012467
COHFACE_s10_session2_natural,37,88,39.93333333333333,0.7161090970039368,-0.553814371523544
COHFACE_s10_session2_natural,37,89,39.96666666666667,1.8751657009124756,-0.2667123672208696
COHFACE_s10_session2_natural,37,90,40.0,1.9330047369003296,0.09743983248136731
COHFACE_s10_session2_natural,37,91,40.03333333333333,1.3911128044128418,0.4836886556372246
COHFACE_s10_session2_natural,37,92,40.06666666666667,0.7652080655097961,0.8300439616640986
COHFACE_s10_session2_natural,37,93,40.1,0.23713131248950958,1.079889113297667
COHFACE_s10_session2_natural,37,94,40.13333333333333,-0.04475702717900276,1.1942769589863482
COHFACE_s10_session2_natural,37,95,40.166666666666664,0.07407700270414352,1.1588811631060365
COHFACE_s10_session2_natural,37,96,40.2,0.3216180205345154,0.9826716637636983
COHFACE_s10_session2_natural,37,97,40.233333333333334,0.3742199242115021,0.6900045698162138
COHFACE_s10_session2_natural,37,98,40.266666666666666,0.172321155667305,0.31153449689187823
COHFACE_s10_session2_natural,37,99,40.3,-0.17201891541481018,-0.12058484175806969
COHFACE_s10_session2_natural,37,100,40.333333333333336,-0.5372610092163086,-0.5716633343491702
COHFACE_s10_session2_natural,37,101,40.36666666666667,-0.8359125852584839,-1.0007407770544268
COHFACE_s10_session2_natural,37,102,40.4,-1.0348517894744873,-1.3591579164069763
COHFACE_s10_session2_natural,37,103,40.43333333333333,-1.1398359537124634,-1.5947168661607005
COHFACE_s10_session2_natural,37,104,40.46666666666667,-1.1953626871109009,-1.661128338144872
COHFACE_s10_session2_natural,37,105,40.5,-1.2433980703353882,-1.5298410839613967
COHFACE_s10_session2_natural,37,106,40.53333333333333,-1.3126013278961182,-1.2011048485232878
COHFACE_s10_session2_natural,37,107,40.56666666666667,-1.2520802021026611,-0.7111704937240388
COHFACE_s10_session2_natural,37,108,40.6,-0.3476514220237732,-0.13146141177511747
COHFACE_s10_session2_natural,37,109,40.63333333333333,1.151756763458252,0.44372674566848014
COHFACE_s10_session2_natural,37,110,40.666666666666664,1.9217907190322876,0.9195599409384617
COHFACE_s10_session2_natural,37,111,40.7,1.7334065437316895,1.2255326694938165
COHFACE_s10_session2_natural,37,112,40.733333333333334,1.1403694152832031,1.3328112686460054
COHFACE_s10_session2_natural,37,113,40.766666666666666,0.5385690331459045,1.256919483904563
COHFACE_s10_session2_natural,37,114,40.8,0.0679844319820404,1.0456514098945369
COHFACE_s10_session2_natural,37,115,40.833333333333336,-0.098237544298172,0.7590025724688235
COHFACE_s10_session2_natural,37,116,40.86666666666667,0.0878344178199768,0.45063117781451595
COHFACE_s10_session2_natural,37,117,40.9,0.29394134879112244,0.15787118617008228
COHFACE_s10_session2_natural,37,118,40.93333333333333,0.27293527126312256,-0.09842097237305605
COHFACE_s10_session2_natural,37,119,40.96666666666667,0.039810627698898315,-0.3079986933403935
COHFACE_s10_session2_natural,37,120,41.0,-0.29378941655158997,-0.4646267477307237
COHFACE_s10_session2_natural,37,121,41.03333333333333,-0.6319212913513184,-0.5622793915762933
COHFACE_s10_session2_natural,37,122,41.06666666666667,-0.8856242895126343,-0.5949064665083118
COHFACE_s10_session2_natural,37,123,41.1,-1.038354754447937,-0.5587969189732025
COHFACE_s10_session2_natural,37,124,41.13333333333333,-1.126610279083252,-0.4564170629416324
COHFACE_s10_session2_natural,37,125,41.166666666666664,-1.1948424577713013,-0.30065145727552367
COHFACE_s10_session2_natural,37,126,41.2,-1.2632712125778198,-0.11740102844843293
COHFACE_s10_session2_natural,37,127,41.233333333333334,-1.2813408374786377,0.05655635120961554
COHFACE_s10_session2_natural,37,128,41.266666666666666,-0.693147599697113,0.18269631684816004
COHFACE_s10_session2_natural,37,129,41.3,0.7500171065330505,0.2351007604887658
COHFACE_s10_session2_natural,37,130,41.333333333333336,1.8200551271438599,0.21268079323347297
COHFACE_s10_session2_natural,37,131,41.36666666666667,1.8572232723236084,0.14033044350830093
COHFACE_s10_session2_natural,37,132,41.4,1.3398635387420654,0.05598388946512505
COHFACE_s10_session2_natural,37,133,41.43333333333333,0.7958096265792847,-0.009936961448459979
COHFACE_s10_session2_natural,37,134,41.46666666666667,0.3568786382675171,-0.05015385323642964
COHFACE_s10_session2_natural,37,135,41.5,0.09569580107927322,-0.08085815140001683
COHFACE_s10_session2_natural,37,136,41.53333333333333,0.151869997382164,-0.1261583258643815
COHFACE_s10_session2_natural,37,137,41.56666666666667,0.33131760358810425,-0.19676709753577507
COHFACE_s10_session2_natural,37,138,41.6,0.36164170503616333,-0.27698072010718827
COHFACE_s10_session2_natural,37,139,41.63333333333333,0.18559300899505615,-0.32845783729802935
COHFACE_s10_session2_natural,37,140,41.666666666666664,-0.11852684617042542,-0.3079158236835645
COHFACE_s10_session2_natural,37,141,41.7,-0.45090141892433167,-0.18773396644459908
COHFACE_s10_session2_natural,37,142,41.733333333333334,-0.7090091109275818,0.030382309465323564
COHFACE_s10_session2_natural,37,143,41.766666666666666,-0.8692309856414795,0.31236879002203066
COHFACE_s10_session2_natural,37,144,41.8,-0.9565038681030273,0.5988495775110948
COHFACE_s10_session2_natural,37,145,41.833333333333336,-1.010388970375061,0.8203061930446782
COHFACE_s10_session2_natural,37,146,41.86666666666667,-1.0740314722061157,0.9173754484476154
COHFACE_s10_session2_natural,37,147,41.9,-1.1415354013442993,0.8608280629851348
COHFACE_s10_session2_natural,37,148,41.93333333333333,-0.8585950136184692,0.6629322170288275
COHFACE_s10_session2_natural,37,149,41.96666666666667,0.3936074674129486,0.3732827076266095
COHFACE_s10_session2_natural,37,150,42.0,1.7595919370651245,0.05992975441670952
COHFACE_s10_session2_natural,37,151,42.03333333333333,2.1006603240966797,-0.21476437137240284
COHFACE_s10_session2_natural,37,152,42.06666666666667,1.6780415773391724,-0.411621830902048
COHFACE_s10_session2_natural,37,153,42.1,1.1458492279052734,-0.5185989575733162
COHFACE_s10_session2_natural,37,154,42.13333333333333,0.7455892562866211,-0.5431150396602813
COHFACE_s10_session2_natural,37,155,42.166666666666664,0.4450070559978485,-0.5008092302623925
COHFACE_s10_session2_natural,37,156,42.2,0.34749123454093933,-0.4080544338369992
COHFACE_s10_session2_natural,37,157,42.233333333333334,0.437804639339447,-0.28042207133788694
COHFACE_s10_session2_natural,37,158,42.266666666666666,0.4813659191131592,-0.13471413288046305
COHFACE_s10_session2_natural,37,159,42.3,0.34818488359451294,0.009212583757403471
COHFACE_s10_session2_natural,37,160,42.333333333333336,0.06933705508708954,0.12899322536077287
COHFACE_s10_session2_natural,37,161,42.36666666666667,-0.2536616921424866,0.20252922488102942
COHFACE_s10_session2_natural,37,162,42.4,-0.5374690890312195,0.21195882535124072
COHFACE_s10_session2_natural,37,163,42.43333333333333,-0.7313330769538879,0.14810263680223226
COHFACE_s10_session2_natural,37,164,42.46666666666667,-0.840351939201355,0.014804144479502894
COHFACE_s10_session2_natural,37,165,42.5,-0.8977862596511841,-0.16829239514235686
COHFACE_s10_session2_natural,37,166,42.53333333333333,-0.9454285502433777,-0.36726087081019193
COHFACE_s10_session2_natural,37,167,42.56666666666667,-1.0160653591156006,-0.5417571990849674
COHFACE_s10_session2_natural,37,168,42.6,-1.114170789718628,-0.6575069951983054
COHFACE_s10_session2_natural,37,169,42.63333333333333,-1.0333489179611206,-0.6975037531019794
COHFACE_s10_session2_natural,37,170,42.666666666666664,-0.03569331765174866,-0.6651585809677644
COHFACE_s10_session2_natural,37,171,42.7,1.4903857707977295,-0.5767953270391243
COHFACE_s10_session2_natural,37,172,42.733333333333334,2.139446973800659,-0.4480856321442535
COHFACE_s10_session2_natural,37,173,42.766666666666666,1.8576511144638062,-0.283591672800894
COHFACE_s10_session2_natural,37,174,42.8,1.3743032217025757,-0.07635901234112484
COHFACE_s10_session2_natural,37,175,42.833333333333336,1.0298707485198975,0.18246559109606456
COHFACE_s10_session2_natural,37,176,42.86666666666667,0.7440401315689087,0.4904534622104596
COHFACE_s10_session2_natural,37,177,42.9,0.5255514979362488,0.8252251442496654
COHFACE_s10_session2_natural,37,178,42.93333333333333,0.4941522479057312,1.1444333142589371
COHFACE_s10_session2_natural,37,179,42.96666666666667,0.5161988139152527,1.393126513760592
COHFACE_s10_session2_natural,37,180,43.0,0.42344605922698975,1.5147657020711245
COHFACE_s10_session2_natural,37,181,43.03333333333333,0.18389356136322021,1.4629951347237022
COHFACE_s10_session2_natural,37,182,43.06666666666667,-0.1105382964015007,1.2130145931461611
COHFACE_s10_session2_natural,37,183,43.1,-0.391074001789093,0.7714578000674552
COHFACE_s10_session2_natural,37,184,43.13333333333333,-0.6161060333251953,0.18167358139184983
COHFACE_s10_session2_natural,37,185,43.166666666666664,-0.7651254534721375,-0.47947660175749046
COHFACE_s10_session2_natural,37,186,43.2,-0.8457624316215515,-1.1142002159845987
COHFACE_s10_session2_natural,37,187,43.233333333333334,-0.9001562595367432,-1.6222203318144888
COHFACE_s10_session2_natural,37,188,43.266666666666666,-0.961012601852417,-1.9194737779287243
COHFACE_s10_session2_natural,37,189,43.3,-1.0552104711532593,-1.9526485031939558
COHFACE_s10_session2_natural,37,190,43.333333333333336,-1.1612582206726074,-1.7081218212509268
COHFACE_s10_session2_natural,37,191,43.36666666666667,-0.9818568229675293,-1.2157428149895804
COHFACE_s10_session2_natural,37,192,43.4,0.14269067347049713,-0.5471219337870222
COHFACE_s10_session2_natural,37,193,43.43333333333333,1.543831706047058,0.19357849191916393
COHFACE_s10_session2_natural,37,194,43.46666666666667,1.9637796878814697,0.8879463505942308
COHFACE_s10_session2_natural,37,195,43.5,1.59415602684021,1.4283337857031992
COHFACE_s10_session2_natural,37,196,43.53333333333333,1.1307392120361328,1.74152360518797
COHFACE_s10_session2_natural,37,197,43.56666666666667,0.7989773154258728,1.8012444213072734
COHFACE_s10_session2_natural,37,198,43.6,0.5110889077186584,1.6252826296259755
COHFACE_s10_session2_natural,37,199,43.63333333333333,0.3627053201198578,1.26156889437309
COHFACE_s10_session2_natural,37,200,43.666666666666664,0.39754971861839294,0.7725865044492596
COHFACE_s10_session2_natural,37,201,43.7,0.4176540672779083,0.22555702137003927
COHFACE_s10_session2_natural,37,202,43.733333333333334,0.2890857756137848,-0.3111442361132213
COHFACE_s10_session2_natural,37,203,43.766666666666666,0.043082352727651596,-0.7707598797849491
COHFACE_s10_session2_natural,37,204,43.8,-0.24155746400356293,-1.0951926636976768
COHFACE_s10_session2_natural,37,205,43.833333333333336,-0.4992836117744446,-1.2461258549947662
COHFACE_s10_session2_natural,37,206,43.86666666666667,-0.6945580244064331,-1.21471012028961
COHFACE_s10_session2_natural,37,207,43.9,-0.8234962224960327,-1.023384911531161
COHFACE_s10_session2_natural,37,208,43.93333333333333,-0.8964683413505554,-0.7179376669290094
COHFACE_s10_session2_natural,37,209,43.96666666666667,-0.9471973776817322,-0.35395107622439054
COHFACE_s10_session2_natural,37,210,44.0,-1.0030478239059448,0.015558971969900137
COHFACE_s10_session2_natural,37,211,44.03333333333333,-1.0848640203475952,0.3467378706545128
COHFACE_s10_session2_natural,37,212,44.06666666666667,-1.200102686882019,0.6061065488466014
COHFACE_s10_session2_natural,37,213,44.1,-1.113615870475769,0.7699076461363062
COHFACE_s10_session2_natural,37,214,44.13333333333333,-0.14942900836467743,0.8238351239243417
COHFACE_s10_session2_natural,37,215,44.166666666666664,1.2497581243515015,0.7628206398440089
COHFACE_s10_session2_natural,37,216,44.2,1.8097776174545288,0.5903720781302055
COHFACE_s10_session2_natural,37,217,44.233333333333334,1.4948713779449463,0.31838575082687615
COHFACE_s10_session2_natural,37,218,44.266666666666666,0.9771069884300232,-0.03128443806455309
COHFACE_s10_session2_natural,37,219,44.3,0.5760840177536011,-0.4239943944674765
COHFACE_s10_session2_natural,37,220,44.333333333333336,0.2779526710510254,-0.8114453201140936
COHFACE_s10_session2_natural,37,221,44.36666666666667,0.18196290731430054,-1.1365988086277685
COHFACE_s10_session2_natural,37,222,44.4,0.29976803064346313,-1.344907240598772
COHFACE_s10_session2_natural,37,223,44.43333333333333,0.3761390149593353,-1.3978323169849416
COHFACE_s10_session2_natural,37,224,44.46666666666667,0.2669120728969574,-1.2825613535134046
COHFACE_s10_session2_natural,37,225,44.5,0.02286241576075554,-1.0137103332511181
COHFACE_s10_session2_natural,37,226,44.53333333333333,-0.26369649171829224,-0.6273737399606205
COHFACE_s10_session2_natural,37,227,44.56666666666667,-0.530601978302002,-0.1718409349576187
COHFACE_s10_session2_natural,37,228,44.6,-0.7356799840927124,0.30020904285904015
COHFACE_s10_session2_natural,37,229,44.63333333333333,-0.867808997631073,0.7362817987083964
COHFACE_s10_session2_natural,37,230,44.666666666666664,-0.9336249232292175,1.0877471979321964
COHFACE_s10_session2_natural,37,231,44.7,-0.9725272059440613,1.3161082728982236
COHFACE_s10_session2_natural,37,232,44.733333333333334,-1.0159035921096802,1.401891233171707
COHFACE_s10_session2_natural,37,233,44.766666666666666,-1.088505744934082,1.3516322180533735
COHFACE_s10_session2_natural,37,234,44.8,-1.1913394927978516,1.197356314150115
COHFACE_s10_session2_natural,37,235,44.833333333333336,-1.1032227277755737,0.9864702719882862
COHFACE_s10_session2_natural,37,236,44.86666666666667,-0.20536042749881744,0.7657694150766297
COHFACE_s10_session2_natural,37,237,44.9,1.1245194673538208,0.56676939090858
COHFACE_s10_session2_natural,37,238,44.93333333333333,1.7076836824417114,0.3981435865927688
COHFACE_s10_session2_natural,37,239,44.96666666666667,1.4459342956542969,0.24714835691424064
COHFACE_s10_session2_natural,38,0,38.0,0.41165396571159363,0.06454525777991973
COHFACE_s10_session2_natural,38,1,38.03333333333333,0.41209328174591064,0.2782108270958665
COHFACE_s10_session2_natural,38,2,38.06666666666667,0.226345032453537,0.43173537739137874
COHFACE_s10_session2_natural,38,3,38.1,-0.09706989675760269,0.4857470002476028
COHFACE_s10_session2_natural,38,4,38.13333333333333,-0.45772233605384827,0.43421379469200844
COHFACE_s10_session2_natural,38,5,38.166666666666664,-0.77264004945755,0.3039383791000815
COHFACE_s10_session2_natural,38,6,38.2,-1.0065507888793945,0.14114822891025444
COHFACE_s10_session2_natural,38,7,38.233333333333334,-1.165998101234436,-0.007837140113790306
COHFACE_s10_session2_natural,38,8,38.266666666666666,-1.241132140159607,-0.11196358135002023
COHFACE_s10_session2_natural,38,9,38.3,-1.2706239223480225,-0.16008956647627556
COHFACE_s10_session2_natural,38,10,38.333333333333336,-1.3179078102111816,-0.15579429398343903
COHFACE_s10_session2_natural,38,11,38.36666666666667,-1.4067991971969604,-0.10930531544189163
COHFACE_s10_session2_natural,38,12,38.4,-1.4936327934265137,-0.03325185058476132
COHFACE_s10_session2_natural,38,13,38.43333333333333,-1.0897080898284912,0.05631270690482214
COHFACE_s10_session2_natural,38,14,38.46666666666667,0.38612762093544006,0.13761938357968534
COHFACE_s10_session2_natural,38,15,38.5,1.809881567955017,0.18488203148909976
COHFACE_s10_session2_natural,38,16,38.53333333333333,2.0817697048187256,0.1753376711374974
COHFACE_s10_session2_natural,38,17,38.56666666666667,1.5816587209701538,0.09789369827452807
COHFACE_s10_session2_natural,38,18,38.6,0.9948760271072388,-0.04194190688903224
COHFACE_s10_session2_natural,38,19,38.63333333333333,0.5430430769920349,-0.22339942446372396
COHFACE_s10_session2_natural,38,20,38.666666666666664,0.22737394273281097,-0.4160331988365009
COHFACE_s10_session2_natural,38,21,38.7,0.17886459827423096,-0.5853994212666442
COHFACE_s10_session2_natural,38,22,38.733333333333334,0.3147624433040619,-0.6969832557859612
COHFACE_s10_session2_natural,38,23,38.766666666666666,0.34731781482696533,-0.7200561143763581
COHFACE_s10_session2_natural,38,24,38.8,0.15833251178264618,-0.6337392680891927
COHFACE_s10_session2_natural,38,25,38.833333333333336,-0.17662014067173004,-0.4348512729862168
COHFACE_s10_session2_natural,38,26,38.86666666666667,-0.5425096750259399,-0.1436918847434202
COHFACE_s10_session2_natural,38,27,38.9,-0.8567221164703369,0.1967807496211389
COHFACE_s10_session2_natural,38,28,38.93333333333333,-1.0776153802871704,0.5295930340064503
COHFACE_s10_session2_natural,38,29,38.96666666666667,-1.2108427286148071,0.7971391206527324
COHFACE_s10_session2_natural,38,30,39.0,-1.2851905822753906,0.9544941012345808
COHFACE_s10_session2_natural,38,31,39.03333333333333,-1.3292258977890015,0.9786331172116495
COHFACE_s10_session2_natural,38,32,39.06666666666667,-1.3800357580184937,0.8712805671706743
COHFACE_s10_session2_natural,38,33,39.1,-1.463077425956726,0.6553416364251091
COHFACE_s10_session2_natural,38,34,39.13333333333333,-1.5396912097930908,0.36720381399746
COHFACE_s10_session2_natural,38,35,39.166666666666664,-1.0687135457992554,0.0482938359105161
COHFACE_s10_session2_natural,38,36,39.2,0.47238314151763916,-0.26160189563183833
COHFACE_s10_session2_natural,38,37,39.233333333333334,1.8474544286727905,-0.5283319654304198
COHFACE_s10_session2_natural,38,38,39.266666666666666,2.0567636489868164,-0.7247595667903415
COHFACE_s10_session2_natural,38,39,39.3,1.514108657836914,-0.830549426552386
COHFACE_s10_session2_natural,38,40,39.333333333333336,0.8656487464904785,-0.832634389815131
COHFACE_s10_session2_natural,38,41,39.36666666666667,0.3487744927406311,-0.7283364676995104
COHFACE_s10_session2_natural,38,42,39.4,0.03784528374671936,-0.5301931802909673
COHFACE_s10_session2_natural,38,43,39.43333333333333,0.07763774693012238,-0.2683872895156727
COHFACE_s10_session2_natural,38,44,39.46666666666667,0.29657721519470215,0.013460549303365672
COHFACE_s10_session2_natural,38,45,39.5,0.3604971766471863,0.26947344015177505
COHFACE_s10_session2_natural,38,46,39.53333333333333,0.16580082476139069,0.4643067931408323
COHFACE_s10_session2_natural,38,47,39.56666666666667,-0.18947581946849823,0.5799338140442072
COHFACE_s10_session2_natural,38,48,39.6,-0.5670880079269409,0.6130804867679932
COHFACE_s10_session2_natural,38,49,39.63333333333333,-0.8870000243186951,0.5671033775371579
COHFACE_s10_session2_natural,38,50,39.666666666666664,-1.1136852502822876,0.4461124718104322
COHFACE_s10_session2_natural,38,51,39.7,-1.2359412908554077,0.2568612811141378
COHFACE_s10_session2_natural,38,52,39.733333333333334,-1.2863351106643677,0.016784488643367915
COHFACE_s10_session2_natural,38,53,39.766666666666666,-1.3198962211608887,-0.23944663709840303
COHFACE_s10_session2_natural,38,54,39.8,-1.3614574670791626,-0.4621660491721806
COHFACE_s10_session2_natural,38,55,39.833333333333336,-1.4401638507843018,-0.5991025848227244
COHFACE_s10_session2_natural,38,56,39.86666666666667,-1.489574909210205,-0.612263241172493
COHFACE_s10_session2_natural,38,57,39.9,-0.8649418950080872,-0.4907473386566365
COHFACE_s10_session2_natural,38,58,39.93333333333333,0.7161090970039368,-0.25410034949751864
COHFACE_s10_session2_natural,38,59,39.96666666666667,1.8751657009124756,0.053561528657497616
COHFACE_s10_session2_natural,38,60,40.0,1.9330047369003296,0.3750268503782101
COHFACE_s10_session2_natural,38,61,40.03333333333333,1.3911128044128418,0.6531391990810781
COHFACE_s10_session2_natural,38,62,40.06666666666667,0.7652080655097961,0.8428343728919289
COHFACE_s10_session2_natural,38,63,40.1,0.23713131248950958,0.9198958486828938
COHFACE_s10_session2_natural,38,64,40.13333333333333,-0.04475702717900276,0.8838965434862843
COHFACE_s10_session2_natural,38,65,40.166666666666664,0.07407700270414352,0.7534911645265229
COHFACE_s10_session2_natural,38,66,40.2,0.3216180205345154,0.555462159087627
COHFACE_s10_session2_natural,38,67,40.233333333333334,0.3742199242115021,0.31273477993657983
COHFACE_s10_session2_natural,38,68,40.266666666666666,0.172321155667305,0.03783006351322025
COHFACE_s10_session2_natural,38,69,40.3,-0.17201891541481018,-0.2645271846039971
COHFACE_s10_session2_natural,38,70,40.333333333333336,-0.5372610092163086,-0.587521123791105
COHFACE_s10_session2_natural,38,71,40.36666666666667,-0.8359125852584839,-0.9116328053206758
COHFACE_s10_session2_natural,38,72,40.4,-1.0348517894744873,-1.2002948509862694
COHFACE_s10_session2_natural,38,73,40.43333333333333,-1.1398359537124634,-1.4049944559955303
COHFACE_s10_session2_natural,38,74,40.46666666666667,-1.1953626871109009,-1.4776207624394346
COHFACE_s10_session2_natural,38,75,40.5,-1.2433980703353882,-1.3846445957187716
COHFACE_s10_session2_natural,38,76,40.53333333333333,-1.3126013278961182,-1.1184334491640096
COHFACE_s10_session2_natural,38,77,40.56666666666667,-1.2520802021026611,-0.7031198956376636
COHFACE_s10_session2_natural,38,78,40.6,-0.3476514220237732,-0.19323582218659802
COHFACE_s10_session2_natural,38,79,40.63333333333333,1.151756763458252,0.336115463271419
COHFACE_s10_session2_natural,38,80,40.666666666666664,1.9217907190322876,0.8064305612763983
COHFACE_s10_session2_natural,38,81,40.7,1.7334065437316895,1.1554648987643872
COHFACE_s10_session2_natural,38,82,40.733333333333334,1.1403694152832031,1.351736221930878
COHFACE_s10_session2_natural,38,83,40.766666666666666,0.5385690331459045,1.3973083275135074
COHFACE_s10_session2_natural,38,84,40.8,0.0679844319820404,1.3179826603266513
COHFACE_s10_session2_natural,38,85,40.833333333333336,-0.098237544298172,1.1468795342300155
COHFACE_s10_session2_natural,38,86,40.86666666666667,0.0878344178199768,0.9107602654588034
COHFACE_s10_session2_natural,38,87,40.9,0.29394134879112244,0.6259959278794995
COHFACE_s10_session2_natural,38,88,40.93333333333333,0.27293527126312256,0.30420625918787814
COHFACE_s10_session2_natural,38,89,40.96666666666667,0.039810627698898315,-0.03857003170279093
COHFACE_s10_session2_natural,38,90,41.0,-0.29378941655158997,-0.37630546625885225
COHFACE_s10_session2_natural,38,91,41.03333333333333,-0.6319212913513184,-0.6744116368287933
COHFACE_s10_session2_natural,38,92,41.06666666666667,-0.8856242895126343,-0.8966319073552715
COHFACE_s10_session2_natural,38,93,41.1,-1.038354754447937,-1.0134465316267456
COHFACE_s10_session2_natural,38,94,41.13333333333333,-1.126610279083252,-1.0092951615444312
COHFACE_s10_session2_natural,38,95,41.166666666666664,-1.1948424577713013,-0.8878527989654443
COHFACE_s10_session2_natural,38,96,41.2,-1.2632712125778198,-0.6742243542926519
COHFACE_s10_session2_natural,38,97,41.233333333333334,-1.2813408374786377,-0.41140294999887633
COHFACE_s10_session2_natural,38,98,41.266666666666666,-0.693147599697113,-0.14881877220907935
COHFACE_s10_session2_natural,38,99,41.3,0.7500171065330505,0.07463944587469534
COHFACE_s10_session2_natural,38,100,41.333333333333336,1.8200551271438599,0.24416158366794916
COHFACE_s10_session2_natural,38,101,41.36666666666667,1.8572232723236084,0.36896419760235216
COHFACE_s10_session2_natural,38,102,41.4,1.3398635387420654,0.4669382094581428
COHFACE_s10_session2_natural,38,103,41.43333333333333,0.7958096265792847,0.5437993410248054
COHFACE_s10_session2_natural,38,104,41.46666666666667,0.3568786382675171,0.5814794003264077
COHFACE_s10_session2_natural,38,105,41.5,0.09569580107927322,0.5450291509323181
COHFACE_s10_session2_natural,38,106,41.53333333333333,0.151869997382164,0.40475944422622406
COHFACE_s10_session2_natural,38,107,41.56666666666667,0.33131760358810425,0.1598639335092917
COHFACE_s10_session2_natural,38,108,41.6,0.36164170503616333,-0.15100703052945383
COHFACE_s10_session2_natural,38,109,41.63333333333333,0.18559300899505615,-0.45839421442274136
COHFACE_s10_session2_natural,38,110,41.666666666666664,-0.11852684617042542,-0.6848824346892977
COHFACE_s10_session2_natural,38,111,41.7,-0.45090141892433167,-0.7706086461704164
COHFACE_s10_session2_natural,38,112,41.733333333333334,-0.7090091109275818,-0.6914724768191355
COHFACE_s10_session2_natural,38,113,41.766666666666666,-0.8692309856414795,-0.4657064962373936
COHFACE_s10_session2_natural,38,114,41.8,-0.9565038681030273,-0.14848718159910435
COHFACE_s10_session2_natural,38,115,41.833333333333336,-1.010388970375061,0.1839405652899322
COHFACE_s10_session2_natural,38,116,41.86666666666667,-1.0740314722061157,0.4574139548841671
COHFACE_s10_session2_natural,38,117,41.9,-1.1415354013442993,0.6237782917611713
COHFACE_s10_session2_natural,38,118,41.93333333333333,-0.8585950136184692,0.6755972602115895
COHFACE_s10_session2_natural,38,119,41.96666666666667,0.3936074674129486,0.6432101191369207
COHFACE_s10_session2_natural,38,120,42.0,1.7595919370651245,0.5747135293961293
COHFACE_s10_session2_natural,38,121,42.03333333333333,2.1006603240966797,0.5097045885728291
COHFACE_s10_session2_natural,38,122,42.06666666666667,1.6780415773391724,0.4611180816070551
COHFACE_s10_session2_natural,38,123,42.1,1.1458492279052734,0.41409787399005915
COHFACE_s10_session2_natural,38,124,42.13333333333333,0.7455892562866211,0.34023444889121174
COHFACE_s10_session2_natural,38,125,42.166666666666664,0.4450070559978485,0.21698391755990543
COHFACE_s10_session2_natural,38,126,42.2,0.34749123454093933,0.04114550035864536
COHFACE_s10_session2_natural,38,127,42.233333333333334,0.437804639339447,-0.16912551680470395
COHFACE_s10_session2_natural,38,128,42.266666666666666,0.4813659191131592,-0.3820481786257143
COHFACE_s10_session2_natural,38,129,42.3,0.34818488359451294,-0.56383717816402
COHFACE_s10_session2_natural,38,130,42.333333333333336,0.06933705508708954,-0.6890728025282246
COHFACE_s10_session2_natural,38,131,42.36666666666667,-0.2536616921424866,-0.7473147940233511
COHFACE_s10_session2_natural,38,132,42.4,-0.5374690890312195,-0.7447038585126607
COHFACE_s10_session2_natural,38,133,42.43333333333333,-0.7313330769538879,-0.6996652816362755
COHFACE_s10_session2_natural,38,134,42.46666666666667,-0.840351939201355,-0.6333196928492871
COHFACE_s10_session2_natural,38,135,42.5,-0.8977862596511841,-0.5582542790752973
COHFACE_s10_session2_natural,38,136,42.53333333333333,-0.9454285502433777,-0.4720898084797277
COHFACE_s10_session2_natural,38,137,42.56666666666667,-1.0160653591156006,-0.36104863785212615
COHFACE_s10_session2_natural,38,138,42.6,-1.114170789718628,-0.2122805829298934
COHFACE_s10_session2_natural,38,139,42.63333333333333,-1.0333489179611206,-0.026930308177344264
COHFACE_s10_session2_natural,38,140,42.666666666666664,-0.03569331765174866,0.17531157279807016
COHFACE_s10_session2_natural,38,141,42.7,1.4903857707977295,0.3639395155151306
COHFACE_s10_session2_natural,38,142,42.733333333333334,2.139446973800659,0.5127330008553949
COHFACE_s10_session2_natural,38,143,42.766666666666666,1.8576511144638062,0.6120526184947834
COHFACE_s10_session2_natural,38,144,42.8,1.3743032217025757,0.6706087652665478
COHFACE_s10_session2_natural,38,145,42.833333333333336,1.0298707485198975,0.7065868265542306
COHFACE_s10_session2_natural,38,146,42.86666666666667,0.7440401315689087,0.7348357523054082
COHFACE_s10_session2_natural,38,147,42.9,0.5255514979362488,0.7582116101247927
COHFACE_s10_session2_natural,38,148,42.93333333333333,0.4941522479057312,0.7665721803361443
COHFACE_s10_session2_natural,38,149,42.96666666666667,0.5161988139152527,0.7411484138647737
COHFACE_s10_session2_natural,38,150,43.0,0.42344605922698975,0.6601339985678601
COHFACE_s10_session2_natural,38,151,43.03333333333333,0.18389356136322021,0.503560798830085
COHFACE_s10_session2_natural,38,152,43.06666666666667,-0.1105382964015007,0.25866770841524006
COHFACE_s10_session2_natural,38,153,43.1,-0.391074001789093,-0.07281393855988715
COHFACE_s10_session2_natural,38,154,43.13333333333333,-0.6161060333251953,-0.4676245347724032
COHFACE_s10_session2_natural,38,155,43.166666666666664,-0.7651254534721375,-0.8793403346492379
COHFACE_s10_session2_natural,38,156,43.2,-0.8457624316215515,-1.2454800858745867
COHFACE_s10_session2_natural,38,157,43.233333333333334,-0.9001562595367432,-1.5016011920990324
COHFACE_s10_session2_natural,38,158,43.266666666666666,-0.961012601852417,-1.5965337869216691
COHFACE_s10_session2_natural,38,159,43.3,-1.0552104711532593,-1.502831533678386
COHFACE_s10_session2_natural,38,160,43.333333333333336,-1.1612582206726074,-1.2204298859213014
COHFACE_s10_session2_natural,38,161,43.36666666666667,-0.9818568229675293,-0.7756292704419614
COHFACE_s10_session2_natural,38,162,43.4,0.14269067347049713,-0.2182372483094682
COHFACE_s10_session2_natural,38,163,43.43333333333333,1.543831706047058,0.38272137518474797
COHFACE_s10_session2_natural,38,164,43.46666666666667,1.9637796878814697,0.9469088680340048
COHFACE_s10_session2_natural,38,165,43.5,1.59415602684021,1.3957365354237619
COHFACE_s10_session2_natural,38,166,43.53333333333333,1.1307392120361328,1.667781255943477
COHFACE_s10_session2_natural,38,167,43.56666666666667,0.7989773154258728,1.7302775923712894
COHFACE_s10_session2_natural,38,168,43.6,0.5110889077186584,1.5820490988512028
COHFACE_s10_session2_natural,38,169,43.63333333333333,0.3627053201198578,1.2486075328431991
COHFACE_s10_session2_natural,38,170,43.666666666666664,0.39754971861839294,0.7746668830946273
COHFACE_s10_session2_natural,38,171,43.7,0.4176540672779083,0.21899382081448654
COHFACE_s10_session2_natural,38,172,43.733333333333334,0.2890857756137848,-0.3486769131852042
COHFACE_s10_session2_natural,38,173,43.766666666666666,0.043082352727651596,-0.8532303648195869
COHFACE_s10_session2_natural,38,174,43.8,-0.24155746400356293,-1.2252848833200727
COHFACE_s10_session2_natural,38,175,43.833333333333336,-0.4992836117744446,-1.4156017927972084
COHFACE_s10_session2_natural,38,176,43.86666666666667,-0.6945580244064331,-1.4067283078151895
COHFACE_s10_session2_natural,38,177,43.9,-0.8234962224960327,-1.2162228073715267
COHFACE_s10_session2_natural,38,178,43.93333333333333,-0.8964683413505554,-0.8900538576006147
COHFACE_s10_session2_natural,38,179,43.96666666666667,-0.9471973776817322,-0.4894864499540496
COHFACE_s10_session2_natural,38,180,44.0,-1.0030478239059448,-0.07671318450377337
COHFACE_s10_session2_natural,38,181,44.03333333333333,-1.0848640203475952,0.2965874852565745
COHFACE_s10_session2_natural,38,182,44.06666666666667,-1.200102686882019,0.5959321700559718
COHFACE_s10_session2_natural,38,183,44.1,-1.113615870475769,0.8057472065137464
COHFACE_s10_session2_natural,38,184,44.13333333333333,-0.14942900836467743,0.9261775509186875
COHFACE_s10_session2_natural,38,185,44.166666666666664,1.2497581243515015,0.9656047412955856
COHFACE_s10_session2_natural,38,186,44.2,1.8097776174545288,0.9315793678686332
COHFACE_s10_session2_natural,38,187,44.233333333333334,1.4948713779449463,0.8248317122479837
COHFACE_s10_session2_natural,38,188,44.266666666666666,0.9771069884300232,0.6403954678576731
COHFACE_s10_session2_natural,38,189,44.3,0.5760840177536011,0.3759967257580549
COHFACE_s10_session2_natural,38,190,44.333333333333336,0.2779526710510254,0.042659371530030694
COHFACE_s10_session2_natural,38,191,44.36666666666667,0.18196290731430054,-0.3297136663433461
COHFACE_s10_session2_natural,38,192,44.4,0.29976803064346313,-0.6956899650746396
COHFACE_s10_session2_natural,38,193,44.43333333333333,0.3761390149593353,-1.004506369428245
COHFACE_s10_session2_natural,38,194,44.46666666666667,0.2669120728969574,-1.2112013058549203
COHFACE_s10_session2_natural,38,195,44.5,0.02286241576075554,-1.2836443708231287
COHFACE_s10_session2_natural,38,196,44.53333333333333,-0.26369649171829224,-1.2050192256884662
COHFACE_s10_session2_natural,38,197,44.56666666666667,-0.530601978302002,-0.975123336357285
COHFACE_s10_session2_natural,38,198,44.6,-0.7356799840927124,-0.6131726391249291
COHFACE_s10_session2_natural,38,199,44.63333333333333,-0.867808997631073,-0.16069191044820003
COHFACE_s10_session2_natural,38,200,44.666666666666664,-0.9336249232292175,0.3204480879604847
COHFACE_s10_session2_natural,38,201,44.7,-0.9725272059440613,0.7587198697482105
COHFACE_s10_session2_natural,38,202,44.733333333333334,-1.0159035921096802,1.090178539882082
COHFACE_s10_session2_natural,38,203,44.766666666666666,-1.088505744934082,1.2744062746514764
COHFACE_s10_session2_natural,38,204,44.8,-1.1913394927978516,1.3014694489247793
COHFACE_s10_session2_natural,38,205,44.833333333333336,-1.1032227277755737,1.187904530558365
COHFACE_s10_session2_natural,38,206,44.86666666666667,-0.20536042749881744,0.966527960937212
COHFACE_s10_session2_natural,38,207,44.9,1.1245194673538208,0.6771192573809829
COHFACE_s10_session2_natural,38,208,44.93333333333333,1.7076836824417114,0.3609192255015511
COHFACE_s10_session2_natural,38,209,44.96666666666667,1.4459342956542969,0.05670303673068908
COHFACE_s10_session2_natural,38,210,45.0,0.9353607296943665,-0.20436229651623436
COHFACE_s10_session2_natural,38,211,45.03333333333333,0.4986841082572937,-0.40445764685051877
COHFACE_s10_session2_natural,38,212,45.06666666666667,0.1794888824224472,-0.5416985058186634
COHFACE_s10_session2_natural,38,213,45.1,0.09774207323789597,-0.626476388334807
COHFACE_s10_session2_natural,38,214,45.13333333333333,0.24560540914535522,-0.6729660275858336
COHFACE_s10_session2_natural,38,215,45.166666666666664,0.3510172963142395,-0.6908490639401911
COHFACE_s10_session2_natural,38,216,45.2,0.2618946433067322,-0.6812373846544713
COHFACE_s10_session2_natural,38,217,45.233333333333334,0.03093189187347889,-0.6372957935368473
COHFACE_s10_session2_natural,38,218,45.266666666666666,-0.26069068908691406,-0.5480973043793449
COHFACE_s10_session2_natural,38,219,45.3,-0.5438160300254822,-0.40427484698255983
COHFACE_s10_session2_natural,38,220,45.333333333333336,-0.7495761513710022,-0.20451277101315526
COHFACE_s10_session2_natural,38,221,45.36666666666667,-0.871450662612915,0.03843681173058433
COHFACE_s10_session2_natural,38,222,45.4,-0.9309775233268738,0.2947823897317651
COHFACE_s10_session2_natural,38,223,45.43333333333333,-0.9788857102394104,0.5209183053261829
COHFACE_s10_session2_natural,38,224,45.46666666666667,-1.0373027324676514,0.6702363873746694
COHFACE_s10_session2_natural,38,225,45.5,-1.1136852502822876,0.7086850259976734
COHFACE_s10_session2_natural,38,226,45.53333333333333,-1.1641945838928223,0.6277902419730559
COHFACE_s10_session2_natural,38,227,45.56666666666667,-0.7348591685295105,0.44762309273012685
COHFACE_s10_session2_natural,38,228,45.6,0.5512512922286987,0.20803240079630045
COHFACE_s10_session2_natural,38,229,45.63333333333333,1.670434594154358,-0.04624702982180373
COHFACE_s10_session2_natural,38,230,45.666666666666664,1.8187257051467896,-0.2781539116895291
COHFACE_s10_session2_natural,38,231,45.7,1.3840490579605103,-0.46317126654991
COHFACE_s10_session2_natural,38,232,45.733333333333334,0.8939034938812256,-0.5874578454645168
COHFACE_s10_session2_natural,38,233,45.766666666666666,0.5122449994087219,-0.6444669018071827
COHFACE_s10_session2_natural,38,234,45.8,0.26987165212631226,-0.6341464858946166
COHFACE_s10_session2_natural,38,235,45.833333333333336,0.2757561206817627,-0.5643173433817514
COHFACE_s10_session2_natural,38,236,45.86666666666667,0.41210484504699707,-0.4504885359026332
COHFACE_s10_session2_natural,38,237,45.9,0.4329143762588501,-0.3113133261169163
COHFACE_s10_session2_natural,38,238,45.93333333333333,0.26908549666404724,-0.1615603600679312
COHFACE_s10_session2_natural,38,239,45.96666666666667,-0.027808813378214836,-0.00789705630940137
COHFACE_s10_session2_natural,39,0,39.0,-1.2851905822753906,-0.1612741330297878
COHFACE_s10_session2_natural,39,1,39.03333333333333,-1.3292258977890015,0.09322016761922508
COHFACE_s10_session2_natural,39,2,39.06666666666667,-1.3800357580184937,0.2432463687637178
COHFACE_s10_session2_natural,39,3,39.1,-1.463077425956726,0.21483130938452882
COHFACE_s10_session2_natural,39,4,39.13333333333333,-1.5396912097930908,-0.009615866508940231
COHFACE_s10_session2_natural,39,5,39.166666666666664,-1.0687135457992554,-0.38684132408251176
COHFACE_s10_session2_natural,39,6,39.2,0.47238314151763916,-0.8280269273570495
COHFACE_s10_session2_natural,39,7,39.233333333333334,1.8474544286727905,-1.2269322121130866
COHFACE_s10_session2_natural,39,8,39.266666666666666,2.0567636489868164,-1.4892986448449776
COHFACE_s10_session2_natural,39,9,39.3,1.514108657836914,-1.5536321388508527
COHFACE_s10_session2_natural,39,10,39.333333333333336,0.8656487464904785,-1.400305727036341
COHFACE_s10_session2_natural,39,11,39.36666666666667,0.3487744927406311,-1.051718313175471
COHFACE_s10_session2_natural,39,12,39.4,0.03784528374671936,-0.5664518291542481
COHFACE_s10_session2_natural,39,13,39.43333333333333,0.07763774693012238,-0.027671674447178534
COHFACE_s10_session2_natural,39,14,39.46666666666667,0.29657721519470215,0.4745834806428428
COHFACE_s10_session2_natural,39,15,39.5,0.3604971766471863,0.8645944290034706
COHFACE_s10_session2_natural,39,16,39.53333333333333,0.16580082476139069,1.0987638186569528
COHFACE_s10_session2_natural,39,17,39.56666666666667,-0.18947581946849823,1.1723987187773237
COHFACE_s10_session2_natural,39,18,39.6,-0.5670880079269409,1.1130140406959308
COHFACE_s10_session2_natural,39,19,39.63333333333333,-0.8870000243186951,0.965006337193469
COHFACE_s10_session2_natural,39,20,39.666666666666664,-1.1136852502822876,0.7743366306470569
COHFACE_s10_session2_natural,39,21,39.7,-1.2359412908554077,0.5797159502645574
COHFACE_s10_session2_natural,39,22,39.733333333333334,-1.2863351106643677,0.4105485464939426
COHFACE_s10_session2_natural,39,23,39.766666666666666,-1.3198962211608887,0.28705746357096845
COHFACE_s10_session2_natural,39,24,39.8,-1.3614574670791626,0.2186928669828231
COHFACE_s10_session2_natural,39,25,39.833333333333336,-1.4401638507843018,0.2013353308973219
COHFACE_s10_session2_natural,39,26,39.86666666666667,-1.489574909210205,0.21730227690460344
COHFACE_s10_session2_natural,39,27,39.9,-0.8649418950080872,0.24132458138787596
COHFACE_s10_session2_natural,39,28,39.93333333333333,0.7161090970039368,0.2507408248934732
COHFACE_s10_session2_natural,39,29,39.96666666666667,1.8751657009124756,0.23406120383299886
COHFACE_s10_session2_natural,39,30,40.0,1.9330047369003296,0.1930819433237914
COHFACE_s10_session2_natural,39,31,40.03333333333333,1.3911128044128418,0.13856113064875178
COHFACE_s10_session2_natural,39,32,40.06666666666667,0.7652080655097961,0.08371518799018207
COHFACE_s10_session2_natural,39,33,40.1,0.23713131248950958,0.039789439915680236
COHFACE_s10_session2_natural,39,34,40.13333333333333,-0.04475702717900276,0.01377770456730512
COHFACE_s10_session2_natural,39,35,40.166666666666664,0.07407700270414352,0.005360000061577471
COHFACE_s10_session2_natural,39,36,40.2,0.3216180205345154,0.0023909815375314438
COHFACE_s10_session2_natural,39,37,40.233333333333334,0.3742199242115021,-0.021317772549476373
COHFACE_s10_session2_natural,39,38,40.266666666666666,0.172321155667305,-0.10099292896499444
COHFACE_s10_session2_natural,39,39,40.3,-0.17201891541481018,-0.26746571944315106
COHFACE_s10_session2_natural,39,40,40.333333333333336,-0.5372610092163086,-0.5303739151312316
COHFACE_s10_session2_natural,39,41,40.36666666666667,-0.8359125852584839,-0.8667437104834884
COHFACE_s10_session2_natural,39,42,40.4,-1.0348517894744873,-1.2213375133760989
COHFACE_s10_session2_natural,39,43,40.43333333333333,-1.1398359537124634,-1.5188701803575007
COHFACE_s10_session2_natural,39,44,40.46666666666667,-1.1953626871109009,-1.682743039902749
COHFACE_s10_session2_natural,39,45,40.5,-1.2433980703353882,-1.65383600873544
COHFACE_s10_session2_natural,39,46,40.53333333333333,-1.3126013278961182,-1.4059071684403515
COHFACE_s10_session2_natural,39,47,40.56666666666667,-1.2520802021026611,-0.9563202022483711
COHFACE_s10_session2_natural,39,48,40.6,-0.3476514220237732,-0.3689520678410296
COHFACE_s10_session2_natural,39,49,40.63333333333333,1.151756763458252,0.2555983556416066
COHFACE_s10_session2_natural,39,50,40.666666666666664,1.9217907190322876,0.8039457318684403
COHFACE_s10_session2_natural,39,51,40.7,1.7334065437316895,1.1819644609799846
COHFACE_s10_session2_natural,39,52,40.733333333333334,1.1403694152832031,1.3425419592255625
COHFACE_s10_session2_natural,39,53,40.766666666666666,0.5385690331459045,1.2967197378833868
COHFACE_s10_session2_natural,39,54,40.8,0.0679844319820404,1.1038328198226812
COHFACE_s10_session2_natural,39,55,40.833333333333336,-0.098237544298172,0.8466898527639571
COHFACE_s10_session2_natural,39,56,40.86666666666667,0.0878344178199768,0.603808250444631
COHFACE_s10_session2_natural,39,57,40.9,0.29394134879112244,0.4293449135875828
COHFACE_s10_session2_natural,39,58,40.93333333333333,0.27293527126312256,0.344688971615321
COHFACE_s10_session2_natural,39,59,40.96666666666667,0.039810627698898315,0.3397405040013419
COHFACE_s10_session2_natural,39,60,41.0,-0.29378941655158997,0.3808247198103878
COHFACE_s10_session2_natural,39,61,41.03333333333333,-0.6319212913513184,0.4232951056606674
COHFACE_s10_session2_natural,39,62,41.06666666666667,-0.8856242895126343,0.4261973666585572
COHFACE_s10_session2_natural,39,63,41.1,-1.038354754447937,0.364649613067373
COHFACE_s10_session2_natural,39,64,41.13333333333333,-1.126610279083252,0.23555818968112008
COHFACE_s10_session2_natural,39,65,41.166666666666664,-1.1948424577713013,0.05491203764881591
COHFACE_s10_session2_natural,39,66,41.2,-1.2632712125778198,-0.150895222297558
COHFACE_s10_session2_natural,39,67,41.233333333333334,-1.2813408374786377,-0.354136742368802
COHFACE_s10_session2_natural,39,68,41.266666666666666,-0.693147599697113,-0.5300633309352112
COHFACE_s10_session2_natural,39,69,41.3,0.7500171065330505,-0.6557843155764442
COHFACE_s10_session2_natural,39,70,41.333333333333336,1.8200551271438599,-0.7089021503384507
COHFACE_s10_session2_natural,39,71,41.36666666666667,1.8572232723236084,-0.6724439457673723
COHFACE_s10_session2_natural,39,72,41.4,1.3398635387420654,-0.5466075067374693
COHFACE_s10_session2_natural,39,73,41.43333333333333,0.7958096265792847,-0.3595603110812074
COHFACE_s10_session2_natural,39,74,41.46666666666667,0.3568786382675171,-0.16657359568409935
COHFACE_s10_session2_natural,39,75,41.5,0.09569580107927322,-0.03252114591514212
COHFACE_s10_session2_natural,39,76,41.53333333333333,0.151869997382164,-0.0042784570003710646
COHFACE_s10_session2_natural,39,77,41.56666666666667,0.33131760358810425,-0.08783078908563133
COHFACE_s10_session2_natural,39,78,41.6,0.36164170503616333,-0.2428768406275449
COHFACE_s10_session2_natural,39,79,41.63333333333333,0.18559300899505615,-0.39758681124581907
COHFACE_s10_session2_natural,39,80,41.666666666666664,-0.11852684617042542,-0.47541329033372126
COHFACE_s10_session2_natural,39,81,41.7,-0.45090141892433167,-0.42134794295208394
COHFACE_s10_session2_natural,39,82,41.733333333333334,-0.7090091109275818,-0.21873359756593952
COHFACE_s10_session2_natural,39,83,41.766666666666666,-0.8692309856414795,0.10568120769972676
COHFACE_s10_session2_natural,39,84,41.8,-0.9565038681030273,0.4873731574717669
COHFACE_s10_session2_natural,39,85,41.833333333333336,-1.010388970375061,0.8391767585499483
COHFACE_s10_session2_natural,39,86,41.86666666666667,-1.0740314722061157,1.074499762133211
COHFACE_s10_session2_natural,39,87,41.9,-1.1415354013442993,1.13396806333203
COHFACE_s10_session2_natural,39,88,41.93333333333333,-0.8585950136184692,1.0056671008542222
COHFACE_s10_session2_natural,39,89,41.96666666666667,0.3936074674129486,0.728632586296288
COHFACE_s10_session2_natural,39,90,42.0,1.7595919370651245,0.37729136381194056
COHFACE_s10_session2_natural,39,91,42.03333333333333,2.1006603240966797,0.034985501202513196
COHFACE_s10_session2_natural,39,92,42.06666666666667,1.6780415773391724,-0.23088591876431422
COHFACE_s10_session2_natural,39,93,42.1,1.1458492279052734,-0.38308851881481604
COHFACE_s10_session2_natural,39,94,42.13333333333333,0.7455892562866211,-0.41685673116374744
COHFACE_s10_session2_natural,39,95,42.166666666666664,0.4450070559978485,-0.35471355986845887
COHFACE_s10_session2_natural,39,96,42.2,0.34749123454093933,-0.2381985297446461
COHFACE_s10_session2_natural,39,97,42.233333333333334,0.437804639339447,-0.11781185696860894
COHFACE_s10_session2_natural,39,98,42.266666666666666,0.4813659191131592,-0.041011672451662255
COHFACE_s10_session2_natural,39,99,42.3,0.34818488359451294,-0.03964984415758479
COHFACE_s10_session2_natural,39,100,42.333333333333336,0.06933705508708954,-0.12099882772497499
COHFACE_s10_session2_natural,39,101,42.36666666666667,-0.2536616921424866,-0.2669304482802314
COHFACE_s10_session2_natural,39,102,42.4,-0.5374690890312195,-0.44203851514951037
COHFACE_s10_session2_natural,39,103,42.43333333333333,-0.7313330769538879,-0.6063543909903305
COHFACE_s10_session2_natural,39,104,42.46666666666667,-0.840351939201355,-0.7260497076990637
COHFACE_s10_session2_natural,39,105,42.5,-0.8977862596511841,-0.7780808928637647
COHFACE_s10_session2_natural,39,106,42.53333333333333,-0.9454285502433777,-0.7503247298135841
COHFACE_s10_session2_natural,39,107,42.56666666666667,-1.0160653591156006,-0.6419562630480142
COHFACE_s10_session2_natural,39,108,42.6,-1.114170789718628,-0.46613225875034003
COHFACE_s10_session2_natural,39,109,42.63333333333333,-1.0333489179611206,-0.2516992196521212
COHFACE_s10_session2_natural,39,110,42.666666666666664,-0.03569331765174866,-0.03835289289811861
COHFACE_s10_session2_natural,39,111,42.7,1.4903857707977295,0.13666828507735815
COHFACE_s10_session2_natural,39,112,42.733333333333334,2.139446973800659,0.2546986271047067
COHFACE_s10_session2_natural,39,113,42.766666666666666,1.8576511144638062,0.32450786568431533
COHFACE_s10_session2_natural,39,114,42.8,1.3743032217025757,0.3776519960297149
COHFACE_s10_session2_natural,39,115,42.833333333333336,1.0298707485198975,0.45266721595374604
COHFACE_s10_session2_natural,39,116,42.86666666666667,0.7440401315689087,0.5769262851925621
COHFACE_s10_session2_natural,39,117,42.9,0.5255514979362488,0.7549980745770327
COHFACE_s10_session2_natural,39,118,42.93333333333333,0.4941522479057312,0.9665199007782621
COHFACE_s10_session2_natural,39,119,42.96666666666667,0.5161988139152527,1.170715186865465
COHFACE_s10_session2_natural,39,120,43.0,0.42344605922698975,1.3138105059733851
COHFACE_s10_session2_natural,39,121,43.03333333333333,0.18389356136322021,1.3384540653209696
COHFACE_s10_session2_natural,39,122,43.06666666666667,-0.1105382964015007,1.1964050722303297
COHFACE_s10_session2_natural,39,123,43.1,-0.391074001789093,0.8641500928490514
COHFACE_s10_session2_natural,39,124,43.13333333333333,-0.6161060333251953,0.3564435834038245
COHFACE_s10_session2_natural,39,125,43.166666666666664,-0.7651254534721375,-0.2694775003916478
COHFACE_s10_session2_natural,39,126,43.2,-0.8457624316215515,-0.9223266501105872
COHFACE_s10_session2_natural,39,127,43.233333333333334,-0.9001562595367432,-1.4947868177550843
COHFACE_s10_session2_natural,39,128,43.266666666666666,-0.961012601852417,-1.8848528639471573
COHFACE_s10_session2_natural,39,129,43.3,-1.0552104711532593,-2.0154504661535815
COHFACE_s10_session2_natural,39,130,43.333333333333336,-1.1612582206726074,-1.8504502062737755
COHFACE_s10_session2_natural,39,131,43.36666666666667,-0.9818568229675293,-1.406317801634679
COHFACE_s10_session2_natural,39,132,43.4,0.14269067347049713,-0.7561498362396624
COHFACE_s10_session2_natural,39,133,43.43333333333333,1.543831706047058,-0.02045344497009787
COHFACE_s10_session2_natural,39,134,43.46666666666667,1.9637796878814697,0.6585676849967976
COHFACE_s10_session2_natural,39,135,43.5,1.59415602684021,1.1544378869141472
COHFACE_s10_session2_natural,39,136,43.53333333333333,1.1307392120361328,1.391440133056061
COHFACE_s10_session2_natural,39,137,43.56666666666667,0.7989773154258728,1.3611120119615514
COHFACE_s10_session2_natural,39,138,43.6,0.5110889077186584,1.1136061152270977
COHFACE_s10_session2_natural,39,139,43.63333333333333,0.3627053201198578,0.7313158122509709
COHFACE_s10_session2_natural,39,140,43.666666666666664,0.39754971861839294,0.30014399279836124
COHFACE_s10_session2_natural,39,141,43.7,0.4176540672779083,-0.10879154570400248
COHFACE_s10_session2_natural,39,142,43.733333333333334,0.2890857756137848,-0.4444691812639619
COHFACE_s10_session2_natural,39,143,43.766666666666666,0.043082352727651596,-0.67462354638145
COHFACE_s10_session2_natural,39,144,43.8,-0.24155746400356293,-0.7846552807025108
COHFACE_s10_session2_natural,39,145,43.833333333333336,-0.4992836117744446,-0.7783281208961188
COHFACE_s10_session2_natural,39,146,43.86666666666667,-0.6945580244064331,-0.6770453977906961
COHFACE_s10_session2_natural,39,147,43.9,-0.8234962224960327,-0.5143608755146919
COHFACE_s10_session2_natural,39,148,43.93333333333333,-0.8964683413505554,-0.3264864294482241
COHFACE_s10_session2_natural,39,149,43.96666666666667,-0.9471973776817322,-0.1432147272348816
COHFACE_s10_session2_natural,39,150,44.0,-1.0030478239059448,0.017009789535066596
COHFACE_s10_session2_natural,39,151,44.03333333333333,-1.0848640203475952,0.14748014949537916
COHFACE_s10_session2_natural,39,152,44.06666666666667,-1.200102686882019,0.2509499799149289
COHFACE_s10_session2_natural,39,153,44.1,-1.113615870475769,0.3362851154088672
COHFACE_s10_session2_natural,39,154,44.13333333333333,-0.14942900836467743,0.41387477384408927
COHFACE_s10_session2_natural,39,155,44.166666666666664,1.2497581243515015,0.4891636846421561
COHFACE_s10_session2_natural,39,156,44.2,1.8097776174545288,0.5559279985657802
COHFACE_s10_session2_natural,39,157,44.233333333333334,1.4948713779449463,0.593525051938055
COHFACE_s10_session2_natural,39,158,44.266666666666666,0.9771069884300232,0.5720057132341664
COHFACE_s10_session2_natural,39,159,44.3,0.5760840177536011,0.46485286385978236
COHFACE_s10_session2_natural,39,160,44.333333333333336,0.2779526710510254,0.26351821763123234
COHFACE_s10_session2_natural,39,161,44.36666666666667,0.18196290731430054,-0.01422808944762823
COHFACE_s10_session2_natural,39,162,44.4,0.29976803064346313,-0.3262127839771303
COHFACE_s10_session2_natural,39,163,44.43333333333333,0.3761390149593353,-0.6158085724207571
COHFACE_s10_session2_natural,39,164,44.46666666666667,0.2669120728969574,-0.8243365851270723
COHFACE_s10_session2_natural,39,165,44.5,0.02286241576075554,-0.9017723418083619
COHFACE_s10_session2_natural,39,166,44.53333333333333,-0.26369649171829224,-0.8157161258964114
COHFACE_s10_session2_natural,39,167,44.56666666666667,-0.530601978302002,-0.5605351691390047
COHFACE_s10_session2_natural,39,168,44.6,-0.7356799840927124,-0.1656530161347288
COHFACE_s10_session2_natural,39,169,44.63333333333333,-0.867808997631073,0.3024694309687087
COHFACE_s10_session2_natural,39,170,44.666666666666664,-0.9336249232292175,0.7507568080587664
COHFACE_s10_session2_natural,39,171,44.7,-0.9725272059440613,1.0831404224199344
COHFACE_s10_session2_natural,39,172,44.733333333333334,-1.0159035921096802,1.2294714465127723
COHFACE_s10_session2_natural,39,173,44.766666666666666,-1.088505744934082,1.1666598484968358
COHFACE_s10_session2_natural,39,174,44.8,-1.1913394927978516,0.9224070579217546
COHFACE_s10_session2_natural,39,175,44.833333333333336,-1.1032227277755737,0.5614098487127644
COHFACE_s10_session2_natural,39,176,44.86666666666667,-0.20536042749881744,0.16276585011016526
COHFACE_s10_session2_natural,39,177,44.9,1.1245194673538208,-0.20051508214694197
COHFACE_s10_session2_natural,39,178,44.93333333333333,1.7076836824417114,-0.4744699623273565
COHFACE_s10_session2_natural,39,179,44.96666666666667,1.4459342956542969,-0.6308602114414399
COHFACE_s10_session2_natural,39,180,45.0,0.9353607296943665,-0.6702428810711353
COHFACE_s10_session2_natural,39,181,45.03333333333333,0.4986841082572937,-0.6211863480833841
COHFACE_s10_session2_natural,39,182,45.06666666666667,0.1794888824224472,-0.5328969167931435
COHFACE_s10_session2_natural,39,183,45.1,0.09774207323789597,-0.46013106380774177
COHFACE_s10_session2_natural,39,184,45.13333333333333,0.24560540914535522,-0.4446532602874242
COHFACE_s10_session2_natural,39,185,45.166666666666664,0.3510172963142395,-0.5012188346353437
COHFACE_s10_session2_natural,39,186,45.2,0.2618946433067322,-0.613766808150182
COHFACE_s10_session2_natural,39,187,45.233333333333334,0.03093189187347889,-0.7417798170997124
COHFACE_s10_session2_natural,39,188,45.266666666666666,-0.26069068908691406,-0.8326624619011012
COHFACE_s10_session2_natural,39,189,45.3,-0.5438160300254822,-0.8356510755963222
COHFACE_s10_session2_natural,39,190,45.333333333333336,-0.7495761513710022,-0.7150483940640452
COHFACE_s10_session2_natural,39,191,45.36666666666667,-0.871450662612915,-0.46198791593022565
COHFACE_s10_session2_natural,39,192,45.4,-0.9309775233268738,-0.10234482911582224
COHFACE_s10_session2_natural,39,193,45.43333333333333,-0.9788857102394104,0.30389493996961026
COHFACE_s10_session2_natural,39,194,45.46666666666667,-1.0373027324676514,0.6757686377479436
COHFACE_s10_session2_natural,39,195,45.5,-1.1136852502822876,0.9356172143980802
COHFACE_s10_session2_natural,39,196,45.53333333333333,-1.1641945838928223,1.0355459328885854
COHFACE_s10_session2_natural,39,197,45.56666666666667,-0.7348591685295105,0.973455461434915
COHFACE_s10_session2_natural,39,198,45.6,0.5512512922286987,0.790718428504534
COHFACE_s10_session2_natural,39,199,45.63333333333333,1.670434594154358,0.5537412614224893
COHFACE_s10_session2_natural,39,200,45.666666666666664,1.8187257051467896,0.33031190528800364
COHFACE_s10_session2_natural,39,201,45.7,1.3840490579605103,0.17233083519856549
COHFACE_s10_session2_natural,39,202,45.733333333333334,0.8939034938812256,0.10865957133856918
COHFACE_s10_session2_natural,39,203,45.766666666666666,0.5122449994087219,0.14376791532309757
COHFACE_s10_session2_natural,39,204,45.8,0.26987165212631226,0.2574233535823175
COHFACE_s10_session2_natural,39,205,45.833333333333336,0.2757561206817627,0.40589162753107966
COHFACE_s10_session2_natural,39,206,45.86666666666667,0.41210484504699707,0.5292350171636463
COHFACE_s10_session2_natural,39,207,45.9,0.4329143762588501,0.5676029875699667
COHFACE_s10_session2_natural,39,208,45.93333333333333,0.26908549666404724,0.482357233045258
COHFACE_s10_session2_natural,39,209,45.96666666666667,-0.027808813378214836,0.272026355379165
COHFACE_s10_session2_natural,39,210,46.0,-0.3421715795993805,-0.025573073846731482
COHFACE_s10_session2_natural,39,211,46.03333333333333,-0.5998630523681641,-0.3463227563661314
COHFACE_s10_session2_natural,39,212,46.06666666666667,-0.7828713655471802,-0.6212133510592803
COHFACE_s10_session2_natural,39,213,46.1,-0.8909885287284851,-0.7963761688983165
COHFACE_s10_session2_natural,39,214,46.13333333333333,-0.9482956528663635,-0.84526817274623
COHFACE_s10_session2_natural,39,215,46.166666666666664,-1.0013138055801392,-0.7719428277183844
COHFACE_s10_session2_natural,39,216,46.2,-1.0800431966781616,-0.6069459124387636
COHFACE_s10_session2_natural,39,217,46.233333333333334,-1.1747612953186035,-0.3974110868876993
COHFACE_s10_session2_natural,39,218,46.266666666666666,-1.0286089181900024,-0.1930702851130338
COHFACE_s10_session2_natural,39,219,46.3,0.0008389859576709569,-0.03160862332416991
COHFACE_s10_session2_natural,39,220,46.333333333333336,1.4197605848312378,0.07094841797909607
COHFACE_s10_session2_natural,39,221,46.36666666666667,2.020601272583008,0.11997998977840543
COHFACE_s10_session2_natural,39,222,46.4,1.7447477579116821,0.1328656310847669
COHFACE_s10_session2_natural,39,223,46.43333333333333,1.2196537256240845,0.12699567834110054
COHFACE_s10_session2_natural,39,224,46.46666666666667,0.7999715209007263,0.11265742780260815
COHFACE_s10_session2_natural,39,225,46.5,0.47217506170272827,0.09372486602542542
COHFACE_s10_session2_natural,39,226,46.53333333333333,0.3207972049713135,0.072676812884644
COHFACE_s10_session2_natural,39,227,46.56666666666667,0.38961899280548096,0.053536597172987976
COHFACE_s10_session2_natural,39,228,46.6,0.4594118595123291,0.0395522331340068
COHFACE_s10_session2_natural,39,229,46.63333333333333,0.3693065643310547,0.028451454958680487
COHFACE_s10_session2_natural,39,230,46.666666666666664,0.11511804163455963,0.011314078298634934
COHFACE_s10_session2_natural,39,231,46.7,-0.21488657593727112,-0.0216148591330942
COHFACE_s10_session2_natural,39,232,46.733333333333334,-0.5272146463394165,-0.07180536825237734
COHFACE_s10_session2_natural,39,233,46.766666666666666,-0.7675879597663879,-0.12792972939690073
COHFACE_s10_session2_natural,39,234,46.8,-0.9249774217605591,-0.17049831435399868
COHFACE_s10_session2_natural,39,235,46.833333333333336,-1.011718511581421,-0.1825683811316568
COHFACE_s10_session2_natural,39,236,46.86666666666667,-1.0684360265731812,-0.158495347105421
COHFACE_s10_session2_natural,39,237,46.9,-1.125685453414917,-0.10453793104518866
COHFACE_s10_session2_natural,39,238,46.93333333333333,-1.1998945474624634,-0.03247113372289129
COHFACE_s10_session2_natural,39,239,46.96666666666667,-1.2937109470367432,0.04703739627831102
COHFACE_s10_session2_natural,40,0,40.0,1.9330047369003296,-0.13655281683329068
COHFACE_s10_session2_natural,40,1,40.03333333333333,1.3911128044128418,0.2833359749071486
COHFACE_s10_session2_natural,40,2,40.06666666666667,0.7652080655097961,0.6408460938490693
COHFACE_s10_session2_natural,40,3,40.1,0.23713131248950958,0.8870745461091067
COHFACE_s10_session2_natural,40,4,40.13333333333333,-0.04475702717900276,0.9994039372570306
COHFACE_s10_session2_natural,40,5,40.166666666666664,0.07407700270414352,0.9814508661639122
COHFACE_s10_session2_natural,40,6,40.2,0.3216180205345154,0.8530924837779729
COHFACE_s10_session2_natural,40,7,40.233333333333334,0.3742199242115021,0.6366618484726895
COHFACE_s10_session2_natural,40,8,40.266666666666666,0.172321155667305,0.34759267225074214
COHFACE_s10_session2_natural,40,9,40.3,-0.17201891541481018,-0.005220229440460898
COHFACE_s10_session2_natural,40,10,40.333333333333336,-0.5372610092163086,-0.41048287416264456
COHFACE_s10_session2_natural,40,11,40.36666666666667,-0.8359125852584839,-0.8434684138632432
COHFACE_s10_session2_natural,40,12,40.4,-1.0348517894744873,-1.2600907748255104
COHFACE_s10_session2_natural,40,13,40.43333333333333,-1.1398359537124634,-1.5998805102309313
COHFACE_s10_session2_natural,40,14,40.46666666666667,-1.1953626871109009,-1.7970661045917806
COHFACE_s10_session2_natural,40,15,40.5,-1.2433980703353882,-1.7961394808935403
COHFACE_s10_session2_natural,40,16,40.53333333333333,-1.3126013278961182,-1.5680814451646055
COHFACE_s10_session2_natural,40,17,40.56666666666667,-1.2520802021026611,-1.1234216683194334
COHFACE_s10_session2_natural,40,18,40.6,-0.3476514220237732,-0.5169685809833829
COHFACE_s10_session2_natural,40,19,40.63333333333333,1.151756763458252,0.16064690120958983
COHFACE_s10_session2_natural,40,20,40.666666666666664,1.9217907190322876,0.8046915552914123
COHFACE_s10_session2_natural,40,21,40.7,1.7334065437316895,1.3242825219606136
COHFACE_s10_session2_natural,40,22,40.733333333333334,1.1403694152832031,1.6648818565430945
COHFACE_s10_session2_natural,40,23,40.766666666666666,0.5385690331459045,1.815373865575268
COHFACE_s10_session2_natural,40,24,40.8,0.0679844319820404,1.7979914228191032
COHFACE_s10_session2_natural,40,25,40.833333333333336,-0.098237544298172,1.6486631556486704
COHFACE_s10_session2_natural,40,26,40.86666666666667,0.0878344178199768,1.3994935680526968
COHFACE_s10_session2_natural,40,27,40.9,0.29394134879112244,1.0719881703680378
COHFACE_s10_session2_natural,40,28,40.93333333333333,0.27293527126312256,0.6817337093792202
COHFACE_s10_session2_natural,40,29,40.96666666666667,0.039810627698898315,0.24823965036079954
COHFACE_s10_session2_natural,40,30,41.0,-0.29378941655158997,-0.1979118986133096
COHFACE_s10_session2_natural,40,31,41.03333333333333,-0.6319212913513184,-0.6150719896510496
COHFACE_s10_session2_natural,40,32,41.06666666666667,-0.8856242895126343,-0.9572704655221451
COHFACE_s10_session2_natural,40,33,41.1,-1.038354754447937,-1.1842191920451628
COHFACE_s10_session2_natural,40,34,41.13333333333333,-1.126610279083252,-1.2710570405500723
COHFACE_s10_session2_natural,40,35,41.166666666666664,-1.1948424577713013,-1.2154335856146505
COHFACE_s10_session2_natural,40,36,41.2,-1.2632712125778198,-1.0397357821584723
COHFACE_s10_session2_natural,40,37,41.233333333333334,-1.2813408374786377,-0.7862380881596794
COHFACE_s10_session2_natural,40,38,41.266666666666666,-0.693147599697113,-0.5045838949516278
COHFACE_s10_session2_natural,40,39,41.3,0.7500171065330505,-0.23522928252933725
COHFACE_s10_session2_natural,40,40,41.333333333333336,1.8200551271438599,0.002678232755329882
COHFACE_s10_session2_natural,40,41,41.36666666666667,1.8572232723236084,0.21065641579845745
COHFACE_s10_session2_natural,40,42,41.4,1.3398635387420654,0.39696283928170223
COHFACE_s10_session2_natural,40,43,41.43333333333333,0.7958096265792847,0.5585637037839987
COHFACE_s10_session2_natural,40,44,41.46666666666667,0.3568786382675171,0.6718279423076019
COHFACE_s10_session2_natural,40,45,41.5,0.09569580107927322,0.6996055340447968
COHFACE_s10_session2_natural,40,46,41.53333333333333,0.151869997382164,0.6114757779071752
COHFACE_s10_session2_natural,40,47,41.56666666666667,0.33131760358810425,0.4050253575734345
COHFACE_s10_session2_natural,40,48,41.6,0.36164170503616333,0.1153598718402636
COHFACE_s10_session2_natural,40,49,41.63333333333333,0.18559300899505615,-0.1926991854493445
COHFACE_s10_session2_natural,40,50,41.666666666666664,-0.11852684617042542,-0.445383424898937
COHFACE_s10_session2_natural,40,51,41.7,-0.45090141892433167,-0.5834495216747003
COHFACE_s10_session2_natural,40,52,41.733333333333334,-0.7090091109275818,-0.5793683626776772
COHFACE_s10_session2_natural,40,53,41.766666666666666,-0.8692309856414795,-0.44409009345868794
COHFACE_s10_session2_natural,40,54,41.8,-0.9565038681030273,-0.22272331548392732
COHFACE_s10_session2_natural,40,55,41.833333333333336,-1.010388970375061,0.019850283051106983
COHFACE_s10_session2_natural,40,56,41.86666666666667,-1.0740314722061157,0.2204871884408349
COHFACE_s10_session2_natural,40,57,41.9,-1.1415354013442993,0.3399981884564518
COHFACE_s10_session2_natural,40,58,41.93333333333333,-0.8585950136184692,0.3761798500480718
COHFACE_s10_session2_natural,40,59,41.96666666666667,0.3936074674129486,0.35961787178646887
COHFACE_s10_session2_natural,40,60,42.0,1.7595919370651245,0.3335685602846416
COHFACE_s10_session2_natural,40,61,42.03333333333333,2.1006603240966797,0.32937691315782824
COHFACE_s10_session2_natural,40,62,42.06666666666667,1.6780415773391724,0.35155570442020856
COHFACE_s10_session2_natural,40,63,42.1,1.1458492279052734,0.3800205686374135
COHFACE_s10_session2_natural,40,64,42.13333333333333,0.7455892562866211,0.3855931031222286
COHFACE_s10_session2_natural,40,65,42.166666666666664,0.4450070559978485,0.34716738620503446
COHFACE_s10_session2_natural,40,66,42.2,0.34749123454093933,0.26041789202392646
COHFACE_s10_session2_natural,40,67,42.233333333333334,0.437804639339447,0.13562514912023008
COHFACE_s10_session2_natural,40,68,42.266666666666666,0.4813659191131592,-0.01065624719496621
COHFACE_s10_session2_natural,40,69,42.3,0.34818488359451294,-0.16326086572402804
COHFACE_s10_session2_natural,40,70,42.333333333333336,0.06933705508708954,-0.3117868006555028
COHFACE_s10_session2_natural,40,71,42.36666666666667,-0.2536616921424866,-0.4503414150210315
COHFACE_s10_session2_natural,40,72,42.4,-0.5374690890312195,-0.5756248471584274
COHFACE_s10_session2_natural,40,73,42.43333333333333,-0.7313330769538879,-0.6842426287689293
COHFACE_s10_session2_natural,40,74,42.46666666666667,-0.840351939201355,-0.7693687783743955
COHFACE_s10_session2_natural,40,75,42.5,-0.8977862596511841,-0.8177912628652597
COHFACE_s10_session2_natural,40,76,42.53333333333333,-0.9454285502433777,-0.8101650264371475
COHFACE_s10_session2_natural,40,77,42.56666666666667,-1.0160653591156006,-0.7271198052213055
COHFACE_s10_session2_natural,40,78,42.6,-1.114170789718628,-0.5601322725437119
COHFACE_s10_session2_natural,40,79,42.63333333333333,-1.0333489179611206,-0.32131838916033073
COHFACE_s10_session2_natural,40,80,42.666666666666664,-0.03569331765174866,-0.044709468367852
COHFACE_s10_session2_natural,40,81,42.7,1.4903857707977295,0.2243103272780612
COHFACE_s10_session2_natural,40,82,42.733333333333334,2.139446973800659,0.44655861970891536
COHFACE_s10_session2_natural,40,83,42.766666666666666,1.8576511144638062,0.603343064072193
COHFACE_s10_session2_natural,40,84,42.8,1.3743032217025757,0.699682146358245
COHFACE_s10_session2_natural,40,85,42.833333333333336,1.0298707485198975,0.7561347936658458
COHFACE_s10_session2_natural,40,86,42.86666666666667,0.7440401315689087,0.7952088555988318
COHFACE_s10_session2_natural,40,87,42.9,0.5255514979362488,0.8297047097040868
COHFACE_s10_session2_natural,40,88,42.93333333333333,0.4941522479057312,0.857027810210154
COHFACE_s10_session2_natural,40,89,42.96666666666667,0.5161988139152527,0.8594919564299763
COHFACE_s10_session2_natural,40,90,43.0,0.42344605922698975,0.809364697094791
COHFACE_s10_session2_natural,40,91,43.03333333333333,0.18389356136322021,0.6777156663283764
COHFACE_s10_session2_natural,40,92,43.06666666666667,-0.1105382964015007,0.4455220171356128
COHFACE_s10_session2_natural,40,93,43.1,-0.391074001789093,0.1139309497803529
COHFACE_s10_session2_natural,40,94,43.13333333333333,-0.6161060333251953,-0.2903742048470148
COHFACE_s10_session2_natural,40,95,43.166666666666664,-0.7651254534721375,-0.7176160287791531
COHFACE_s10_session2_natural,40,96,43.2,-0.8457624316215515,-1.1047434953047994
COHFACE_s10_session2_natural,40,97,43.233333333333334,-0.9001562595367432,-1.388782618829692
COHFACE_s10_session2_natural,40,98,43.266666666666666,-0.961012601852417,-1.5188333879182048
COHFACE_s10_session2_natural,40,99,43.3,-1.0552104711532593,-1.4639120204389233
COHFACE_s10_session2_natural,40,100,43.333333333333336,-1.1612582206726074,-1.2174255336511566
COHFACE_s10_session2_natural,40,101,43.36666666666667,-0.9818568229675293,-0.8004704524215163
COHFACE_s10_session2_natural,40,102,43.4,0.14269067347049713,-0.26356505663470775
COHFACE_s10_session2_natural,40,103,43.43333333333333,1.543831706047058,0.31687973971254524
COHFACE_s10_session2_natural,40,104,43.46666666666667,1.9637796878814697,0.8507767883307766
COHFACE_s10_session2_natural,40,105,43.5,1.59415602684021,1.2540387755361253
COHFACE_s10_session2_natural,40,106,43.53333333333333,1.1307392120361328,1.4684535678839161
COHFACE_s10_session2_natural,40,107,43.56666666666667,0.7989773154258728,1.4726822286657848
COHFACE_s10_session2_natural,40,108,43.6,0.5110889077186584,1.2805044200219118
COHFACE_s10_session2_natural,40,109,43.63333333333333,0.3627053201198578,0.9302857540320245
COHFACE_s10_session2_natural,40,110,43.666666666666664,0.39754971861839294,0.47370711841372054
COHFACE_s10_session2_natural,40,111,43.7,0.4176540672779083,-0.030512661867051042
COHFACE_s10_session2_natural,40,112,43.733333333333334,0.2890857756137848,-0.5186963763618989
COHFACE_s10_session2_natural,40,113,43.766666666666666,0.043082352727651596,-0.9256493304250996
COHFACE_s10_session2_natural,40,114,43.8,-0.24155746400356293,-1.1936153457105854
COHFACE_s10_session2_natural,40,115,43.833333333333336,-0.4992836117744446,-1.2852462635306758
COHFACE_s10_session2_natural,40,116,43.86666666666667,-0.6945580244064331,-1.19426046202223
COHFACE_s10_session2_natural,40,117,43.9,-0.8234962224960327,-0.9473363775280979
COHFACE_s10_session2_natural,40,118,43.93333333333333,-0.8964683413505554,-0.5956708272243647
COHFACE_s10_session2_natural,40,119,43.96666666666667,-0.9471973776817322,-0.20035135506472257
COHFACE_s10_session2_natural,40,120,44.0,-1.0030478239059448,0.18213783074769657
COHFACE_s10_session2_natural,40,121,44.03333333333333,-1.0848640203475952,0.5096197932286121
COHFACE_s10_session2_natural,40,122,44.06666666666667,-1.200102686882019,0.7576966462337589
COHFACE_s10_session2_natural,40,123,44.1,-1.113615870475769,0.9179337159778662
COHFACE_s10_session2_natural,40,124,44.13333333333333,-0.14942900836467743,0.992338196842027
COHFACE_s10_session2_natural,40,125,44.166666666666664,1.2497581243515015,0.9859994006939542
COHFACE_s10_session2_natural,40,126,44.2,1.8097776174545288,0.9008813485770648
COHFACE_s10_session2_natural,40,127,44.233333333333334,1.4948713779449463,0.7343357424233508
COHFACE_s10_session2_natural,40,128,44.266666666666666,0.9771069884300232,0.4841365285743818
COHFACE_s10_session2_natural,40,129,44.3,0.5760840177536011,0.1579683709092449
COHFACE_s10_session2_natural,40,130,44.333333333333336,0.2779526710510254,-0.2184608586596173
COHFACE_s10_session2_natural,40,131,44.36666666666667,0.18196290731430054,-0.6008843903792088
COHFACE_s10_session2_natural,40,132,44.4,0.29976803064346313,-0.9353769559040602
COHFACE_s10_session2_natural,40,133,44.43333333333333,0.3761390149593353,-1.1725131588784188
COHFACE_s10_session2_natural,40,134,44.46666666666667,0.2669120728969574,-1.2793158857043059
COHFACE_s10_session2_natural,40,135,44.5,0.02286241576075554,-1.2433700670713894
COHFACE_s10_session2_natural,40,136,44.53333333333333,-0.26369649171829224,-1.0693409655143933
COHFACE_s10_session2_natural,40,137,44.56666666666667,-0.530601978302002,-0.7732602774571622
COHFACE_s10_session2_natural,40,138,44.6,-0.7356799840927124,-0.38010875415195333
COHFACE_s10_session2_natural,40,139,44.63333333333333,-0.867808997631073,0.07426863079351487
COHFACE_s10_session2_natural,40,140,44.666666666666664,-0.9336249232292175,0.5412333296093351
COHFACE_s10_session2_natural,40,141,44.7,-0.9725272059440613,0.96302436410324
COHFACE_s10_session2_natural,40,142,44.733333333333334,-1.0159035921096802,1.2831679645469825
COHFACE_s10_session2_natural,40,143,44.766666666666666,-1.088505744934082,1.4590697930072936
COHFACE_s10_session2_natural,40,144,44.8,-1.1913394927978516,1.470712678472838
COHFACE_s10_session2_natural,40,145,44.833333333333336,-1.1032227277755737,1.3225081737189879
COHFACE_s10_session2_natural,40,146,44.86666666666667,-0.20536042749881744,1.0399243883663818
COHFACE_s10_session2_natural,40,147,44.9,1.1245194673538208,0.6643487196919441
COHFACE_s10_session2_natural,40,148,44.93333333333333,1.7076836824417114,0.2473130317355034
COHFACE_s10_session2_natural,40,149,44.96666666666667,1.4459342956542969,-0.1573880118428978
COHFACE_s10_session2_natural,40,150,45.0,0.9353607296943665,-0.50406195054694
COHFACE_s10_session2_natural,40,151,45.03333333333333,0.4986841082572937,-0.764823051758899
COHFACE_s10_session2_natural,40,152,45.06666666666667,0.1794888824224472,-0.933440087107475
COHFACE_s10_session2_natural,40,153,45.1,0.09774207323789597,-1.0203440764873855
COHFACE_s10_session2_natural,40,154,45.13333333333333,0.24560540914535522,-1.0415828958800248
COHFACE_s10_session2_natural,40,155,45.166666666666664,0.3510172963142395,-1.0086090134350454
COHFACE_s10_session2_natural,40,156,45.2,0.2618946433067322,-0.9241980368373767
COHFACE_s10_session2_natural,40,157,45.233333333333334,0.03093189187347889,-0.7849865291554479
COHFACE_s10_session2_natural,40,158,45.266666666666666,-0.26069068908691406,-0.5876789385002491
COHFACE_s10_session2_natural,40,159,45.3,-0.5438160300254822,-0.33549094888476844
COHFACE_s10_session2_natural,40,160,45.333333333333336,-0.7495761513710022,-0.04283552725298205
COHFACE_s10_session2_natural,40,161,45.36666666666667,-0.871450662612915,0.2625790888436989
COHFACE_s10_session2_natural,40,162,45.4,-0.9309775233268738,0.5413745140623263
COHFACE_s10_session2_natural,40,163,45.43333333333333,-0.9788857102394104,0.7492873929731194
COHFACE_s10_session2_natural,40,164,45.46666666666667,-1.0373027324676514,0.8489303997386374
COHFACE_s10_session2_natural,40,165,45.5,-1.1136852502822876,0.822883012178223
COHFACE_s10_session2_natural,40,166,45.53333333333333,-1.1641945838928223,0.681459310275437
COHFACE_s10_session2_natural,40,167,45.56666666666667,-0.7348591685295105,0.4596816087911875
COHFACE_s10_session2_natural,40,168,45.6,0.5512512922286987,0.20432815928592793
COHFACE_s10_session2_natural,40,169,45.63333333333333,1.670434594154358,-0.04157245976848272
COHFACE_s10_session2_natural,40,170,45.666666666666664,1.8187257051467896,-0.2483378578125831
COHFACE_s10_session2_natural,40,171,45.7,1.3840490579605103,-0.3996736980589832
COHFACE_s10_session2_natural,40,172,45.733333333333334,0.8939034938812256,-0.4865490496807218
COHFACE_s10_session2_natural,40,173,45.766666666666666,0.5122449994087219,-0.5021461692485056
COHFACE_s10_session2_natural,40,174,45.8,0.26987165212631226,-0.44277466289141143
COHFACE_s10_session2_natural,40,175,45.833333333333336,0.2757561206817627,-0.3136022958444858
COHFACE_s10_session2_natural,40,176,45.86666666666667,0.41210484504699707,-0.1333943568494853
COHFACE_s10_session2_natural,40,177,45.9,0.4329143762588501,0.06716052973832928
COHFACE_s10_session2_natural,40,178,45.93333333333333,0.26908549666404724,0.2537180108103509
COHFACE_s10_session2_natural,40,179,45.96666666666667,-0.027808813378214836,0.3982337655867041
COHFACE_s10_session2_natural,40,180,46.0,-0.3421715795993805,0.48529619486623293
COHFACE_s10_session2_natural,40,181,46.03333333333333,-0.5998630523681641,0.5127582525761388
COHFACE_s10_session2_natural,40,182,46.06666666666667,-0.7828713655471802,0.48796891881824245
COHFACE_s10_session2_natural,40,183,46.1,-0.8909885287284851,0.42248665252144274
COHFACE_s10_session2_natural,40,184,46.13333333333333,-0.9482956528663635,0.3277538274281778
COHFACE_s10_session2_natural,40,185,46.166666666666664,-1.0013138055801392,0.2128470946572875
COHFACE_s10_session2_natural,40,186,46.2,-1.0800431966781616,0.08430869580357124
COHFACE_s10_session2_natural,40,187,46.233333333333334,-1.1747612953186035,-0.052399789091075094
COHFACE_s10_session2_natural,40,188,46.266666666666666,-1.0286089181900024,-0.19044813254958912
COHFACE_s10_session2_natural,40,189,46.3,0.0008389859576709569,-0.31937993467171416
COHFACE_s10_session2_natural,40,190,46.333333333333336,1.4197605848312378,-0.42508003992578475
COHFACE_s10_session2_natural,40,191,46.36666666666667,2.020601272583008,-0.49348324202669935
COHFACE_s10_session2_natural,40,192,46.4,1.7447477579116821,-0.5168270458172325
COHFACE_s10_session2_natural,40,193,46.43333333333333,1.2196537256240845,-0.4983935873743916
COHFACE_s10_session2_natural,40,194,46.46666666666667,0.7999715209007263,-0.4514784513090268
COHFACE_s10_session2_natural,40,195,46.5,0.47217506170272827,-0.39177397806525865
COHFACE_s10_session2_natural,40,196,46.53333333333333,0.3207972049713135,-0.3276453834619251
COHFACE_s10_session2_natural,40,197,46.56666666666667,0.38961899280548096,-0.2553349395501609
COHFACE_s10_session2_natural,40,198,46.6,0.4594118595123291,-0.16296462057915434
COHFACE_s10_session2_natural,40,199,46.63333333333333,0.3693065643310547,-0.04072608325210979
COHFACE_s10_session2_natural,40,200,46.666666666666664,0.11511804163455963,0.11010238394841543
COHFACE_s10_session2_natural,40,201,46.7,-0.21488657593727112,0.27578778145170163
COHFACE_s10_session2_natural,40,202,46.733333333333334,-0.5272146463394165,0.4365878173795769
COHFACE_s10_session2_natural,40,203,46.766666666666666,-0.7675879597663879,0.575149314584699
COHFACE_s10_session2_natural,40,204,46.8,-0.9249774217605591,0.6806505949455485
COHFACE_s10_session2_natural,40,205,46.833333333333336,-1.011718511581421,0.7471897027417619
COHFACE_s10_session2_natural,40,206,46.86666666666667,-1.0684360265731812,0.7701719229322102
COHFACE_s10_session2_natural,40,207,46.9,-1.125685453414917,0.7454473563151398
COHFACE_s10_session2_natural,40,208,46.93333333333333,-1.1998945474624634,0.6716858526813225
COHFACE_s10_session2_natural,40,209,46.96666666666667,-1.2937109470367432,0.5522457218211003
COHFACE_s10_session2_natural,40,210,47.0,-1.2258833646774292,0.39360453979445953
COHFACE_s10_session2_natural,40,211,47.03333333333333,-0.3088532090187073,0.20156796422161866
COHFACE_s10_session2_natural,40,212,47.06666666666667,1.2197115421295166,-0.020696962730338924
COHFACE_s10_session2_natural,40,213,47.1,2.0272719860076904,-0.26986614987021557
COHFACE_s10_session2_natural,40,214,47.13333333333333,1.867662787437439,-0.5362684129673999
COHFACE_s10_session2_natural,40,215,47.166666666666664,1.3605111837387085,-0.7990922038396383
COHFACE_s10_session2_natural,40,216,47.2,0.9337652921676636,-1.0269938180012246
COHFACE_s10_session2_natural,40,217,47.233333333333334,0.6043040752410889,-1.1843309702377554
COHFACE_s10_session2_natural,40,218,47.266666666666666,0.38111019134521484,-1.2398424346971362
COHFACE_s10_session2_natural,40,219,47.3,0.3858848214149475,-1.17389528323974
COHFACE_s10_session2_natural,40,220,47.333333333333336,0.45338866114616394,-0.9825303412109445
COHFACE_s10_session2_natural,40,221,47.36666666666667,0.3880004584789276,-0.6790430221356413
COHFACE_s10_session2_natural,40,222,47.4,0.153338223695755,-0.294310220404815
COHFACE_s10_session2_natural,40,223,47.43333333333333,-0.16786856949329376,0.12448062394549701
COHFACE_s10_session2_natural,40,224,47.46666666666667,-0.49764198064804077,0.5187606667993012
COHFACE_s10_session2_natural,40,225,47.5,-0.7659925222396851,0.8287254671228398
COHFACE_s10_session2_natural,40,226,47.53333333333333,-0.9505615830421448,1.0069052786859354
COHFACE_s10_session2_natural,40,227,47.56666666666667,-1.0678695440292358,1.0298611371269764
COHFACE_s10_session2_natural,40,228,47.6,-1.130436897277832,0.9024129226332697
COHFACE_s10_session2_natural,40,229,47.63333333333333,-1.1734317541122437,0.6527623834784175
COHFACE_s10_session2_natural,40,230,47.666666666666664,-1.232993245124817,0.32272840434511213
COHFACE_s10_session2_natural,40,231,47.7,-1.3185551166534424,-0.04041978561322742
COHFACE_s10_session2_natural,40,232,47.733333333333334,-1.423157811164856,-0.3880282702821328
COHFACE_s10_session2_natural,40,233,47.766666666666666,-1.395654559135437,-0.6727582066585245
COHFACE_s10_session2_natural,40,234,47.8,-0.5256423354148865,-0.8533659532663874
COHFACE_s10_session2_natural,40,235,47.833333333333336,1.0762296915054321,-0.9017687686631428
COHFACE_s10_session2_natural,40,236,47.86666666666667,2.018913507461548,-0.8093225178120821
COHFACE_s10_session2_natural,40,237,47.9,1.9060217142105103,-0.58880532327272
COHFACE_s10_session2_natural,40,238,47.93333333333333,1.3790085315704346,-0.27130239361241787
COHFACE_s10_session2_natural,40,239,47.96666666666667,0.916343092918396,0.09978502115783994
COHFACE_s10_session2_natural,41,0,41.0,-0.29378941655158997,0.02340206781416918
COHFACE_s10_session2_natural,41,1,41.03333333333333,-0.6319212913513184,0.2269390761678102
COHFACE_s10_session2_natural,41,2,41.06666666666667,-0.8856242895126343,0.3845882488687953
COHFACE_s10_session2_natural,41,3,41.1,-1.038354754447937,0.4655951527196879
COHFACE_s10_session2_natural,41,4,41.13333333333333,-1.126610279083252,0.46223406955875634
COHFACE_s10_session2_natural,41,5,41.166666666666664,-1.1948424577713013,0.39033162814937655
COHFACE_s10_session2_natural,41,6,41.2,-1.2632712125778198,0.2810176953099567
COHFACE_s10_session2_natural,41,7,41.233333333333334,-1.2813408374786377,0.16837556162392792
COHFACE_s10_session2_natural,41,8,41.266666666666666,-0.693147599697113,0.07977441214806288
COHFACE_s10_session2_natural,41,9,41.3,0.7500171065330505,0.03290338990482653
COHFACE_s10_session2_natural,41,10,41.333333333333336,1.8200551271438599,0.037282330602358874
COHFACE_s10_session2_natural,41,11,41.36666666666667,1.8572232723236084,0.09415178816843861
COHFACE_s10_session2_natural,41,12,41.4,1.3398635387420654,0.19149562535388442
COHFACE_s10_session2_natural,41,13,41.43333333333333,0.7958096265792847,0.29795757968839875
COHFACE_s10_session2_natural,41,14,41.46666666666667,0.3568786382675171,0.36426833216055604
COHFACE_s10_session2_natural,41,15,41.5,0.09569580107927322,0.33816137933459045
COHFACE_s10_session2_natural,41,16,41.53333333333333,0.151869997382164,0.18880910810456708
COHFACE_s10_session2_natural,41,17,41.56666666666667,0.33131760358810425,-0.07230016206728777
COHFACE_s10_session2_natural,41,18,41.6,0.36164170503616333,-0.3872377228172871
COHFACE_s10_session2_natural,41,19,41.63333333333333,0.18559300899505615,-0.6684592791444994
COHFACE_s10_session2_natural,41,20,41.666666666666664,-0.11852684617042542,-0.82887234349939
COHFACE_s10_session2_natural,41,21,41.7,-0.45090141892433167,-0.8110777504027246
COHFACE_s10_session2_natural,41,22,41.733333333333334,-0.7090091109275818,-0.6049636089905487
COHFACE_s10_session2_natural,41,23,41.766666666666666,-0.8692309856414795,-0.25046109872854116
COHFACE_s10_session2_natural,41,24,41.8,-0.9565038681030273,0.17279864314093188
COHFACE_s10_session2_natural,41,25,41.833333333333336,-1.010388970375061,0.5659935084814867
COHFACE_s10_session2_natural,41,26,41.86666666666667,-1.0740314722061157,0.8384228916979491
COHFACE_s10_session2_natural,41,27,41.9,-1.1415354013442993,0.9353945114425709
COHFACE_s10_session2_natural,41,28,41.93333333333333,-0.8585950136184692,0.8558987590714641
COHFACE_s10_session2_natural,41,29,41.96666666666667,0.3936074674129486,0.6500470639956547
COHFACE_s10_session2_natural,41,30,42.0,1.7595919370651245,0.3962581844258056
COHFACE_s10_session2_natural,41,31,42.03333333333333,2.1006603240966797,0.16994415439064578
COHFACE_s10_session2_natural,41,32,42.06666666666667,1.6780415773391724,0.01920463833590121
COHFACE_s10_session2_natural,41,33,42.1,1.1458492279052734,-0.04312343169614777
COHFACE_s10_session2_natural,41,34,42.13333333333333,0.7455892562866211,-0.0327452359840825
COHFACE_s10_session2_natural,41,35,42.166666666666664,0.4450070559978485,0.018407840380577772
COHFACE_s10_session2_natural,41,36,42.2,0.34749123454093933,0.07233259737873285
COHFACE_s10_session2_natural,41,37,42.233333333333334,0.437804639339447,0.09139664725283578
COHFACE_s10_session2_natural,41,38,42.266666666666666,0.4813659191131592,0.04382913129428797
COHFACE_s10_session2_natural,41,39,42.3,0.34818488359451294,-0.08935016327998337
COHFACE_s10_session2_natural,41,40,42.333333333333336,0.06933705508708954,-0.30719608701549644
COHFACE_s10_session2_natural,41,41,42.36666666666667,-0.2536616921424866,-0.5855032212788746
COHFACE_s10_session2_natural,41,42,42.4,-0.5374690890312195,-0.880173745923339
COHFACE_s10_session2_natural,41,43,42.43333333333333,-0.7313330769538879,-1.1365493973127525
COHFACE_s10_session2_natural,41,44,42.46666666666667,-0.840351939201355,-1.301112052098498
COHFACE_s10_session2_natural,41,45,42.5,-0.8977862596511841,-1.3320466566515583
COHFACE_s10_session2_natural,41,46,42.53333333333333,-0.9454285502433777,-1.207698410372845
COHFACE_s10_session2_natural,41,47,42.56666666666667,-1.0160653591156006,-0.9333802111220401
COHFACE_s10_session2_natural,41,48,42.6,-1.114170789718628,-0.544999884473563
COHFACE_s10_session2_natural,41,49,42.63333333333333,-1.0333489179611206,-0.10531849893992376
COHFACE_s10_session2_natural,41,50,42.666666666666664,-0.03569331765174866,0.310528736763187
COHFACE_s10_session2_natural,41,51,42.7,1.4903857707977295,0.6380684282517223
COHFACE_s10_session2_natural,41,52,42.733333333333334,2.139446973800659,0.8455617036908547
COHFACE_s10_session2_natural,41,53,42.766666666666666,1.8576511144638062,0.9431597182355909
COHFACE_s10_session2_natural,41,54,42.8,1.3743032217025757,0.9735299690521545
COHFACE_s10_session2_natural,41,55,42.833333333333336,1.0298707485198975,0.9888661739607981
COHFACE_s10_session2_natural,41,56,42.86666666666667,0.7440401315689087,1.0262649638119226
COHFACE_s10_session2_natural,41,57,42.9,0.5255514979362488,1.0929638023770174
COHFACE_s10_session2_natural,41,58,42.93333333333333,0.4941522479057312,1.1658637419123017
COHFACE_s10_session2_natural,41,59,42.96666666666667,0.5161988139152527,1.2018593104021726
COHFACE_s10_session2_natural,41,60,43.0,0.42344605922698975,1.1522266456033687
COHFACE_s10_session2_natural,41,61,43.03333333333333,0.18389356136322021,0.9760469493511349
COHFACE_s10_session2_natural,41,62,43.06666666666667,-0.1105382964015007,0.6511972162822741
COHFACE_s10_session2_natural,41,63,43.1,-0.391074001789093,0.1830068837601513
COHFACE_s10_session2_natural,41,64,43.13333333333333,-0.6161060333251953,-0.39098597151437686
COHFACE_s10_session2_natural,41,65,43.166666666666664,-0.7651254534721375,-1.0032588314973094
COHFACE_s10_session2_natural,41,66,43.2,-0.8457624316215515,-1.5666921914555574
COHFACE_s10_session2_natural,41,67,43.233333333333334,-0.9001562595367432,-1.9905701426394486
COHFACE_s10_session2_natural,41,68,43.266666666666666,-0.961012601852417,-2.197509205845097
COHFACE_s10_session2_natural,41,69,43.3,-1.0552104711532593,-2.1376206737652437
COHFACE_s10_session2_natural,41,70,43.333333333333336,-1.1612582206726074,-1.7990917774793995
COHFACE_s10_session2_natural,41,71,43.36666666666667,-0.9818568229675293,-1.215407006389305
COHFACE_s10_session2_natural,41,72,43.4,0.14269067347049713,-0.4668131239242019
COHFACE_s10_session2_natural,41,73,43.43333333333333,1.543831706047058,0.3289405832719077
COHFACE_s10_session2_natural,41,74,43.46666666666667,1.9637796878814697,1.0395101266912354
COHFACE_s10_session2_natural,41,75,43.5,1.59415602684021,1.550446579434733
COHFACE_s10_session2_natural,41,76,43.53333333333333,1.1307392120361328,1.7953468557344696
COHFACE_s10_session2_natural,41,77,43.56666666666667,0.7989773154258728,1.7698539512497058
COHFACE_s10_session2_natural,41,78,43.6,0.5110889077186584,1.5232438435579365
COHFACE_s10_session2_natural,41,79,43.63333333333333,0.3627053201198578,1.1334442503727118
COHFACE_s10_session2_natural,41,80,43.666666666666664,0.39754971861839294,0.6796474842208549
COHFACE_s10_session2_natural,41,81,43.7,0.4176540672779083,0.22560957033120635
COHFACE_s10_session2_natural,41,82,43.733333333333334,0.2890857756137848,-0.18296836427944257
COHFACE_s10_session2_natural,41,83,43.766666666666666,0.043082352727651596,-0.5135180328621568
COHFACE_s10_session2_natural,41,84,43.8,-0.24155746400356293,-0.7429527685511498
COHFACE_s10_session2_natural,41,85,43.833333333333336,-0.4992836117744446,-0.8590698472563615
COHFACE_s10_session2_natural,41,86,43.86666666666667,-0.6945580244064331,-0.8640802331630756
COHFACE_s10_session2_natural,41,87,43.9,-0.8234962224960327,-0.7747968420599587
COHFACE_s10_session2_natural,41,88,43.93333333333333,-0.8964683413505554,-0.6175371824434033
COHFACE_s10_session2_natural,41,89,43.96666666666667,-0.9471973776817322,-0.42082179870233216
COHFACE_s10_session2_natural,41,90,44.0,-1.0030478239059448,-0.21014447372422645
COHFACE_s10_session2_natural,41,91,44.03333333333333,-1.0848640203475952,-0.00630309373573937
COHFACE_s10_session2_natural,41,92,44.06666666666667,-1.200102686882019,0.17467448137736927
COHFACE_s10_session2_natural,41,93,44.1,-1.113615870475769,0.3224408239987637
COHFACE_s10_session2_natural,41,94,44.13333333333333,-0.14942900836467743,0.4333567991390906
COHFACE_s10_session2_natural,41,95,44.166666666666664,1.2497581243515015,0.5086366567188605
COHFACE_s10_session2_natural,41,96,44.2,1.8097776174545288,0.5489119405893438
COHFACE_s10_session2_natural,41,97,44.233333333333334,1.4948713779449463,0.5487795161234897
COHFACE_s10_session2_natural,41,98,44.266666666666666,0.9771069884300232,0.4963578309461481
COHFACE_s10_session2_natural,41,99,44.3,0.5760840177536011,0.3797399090839142
COHFACE_s10_session2_natural,41,100,44.333333333333336,0.2779526710510254,0.19655854985549925
COHFACE_s10_session2_natural,41,101,44.36666666666667,0.18196290731430054,-0.04010158133327735
COHFACE_s10_session2_natural,41,102,44.4,0.29976803064346313,-0.3032369702470262
COHFACE_s10_session2_natural,41,103,44.43333333333333,0.3761390149593353,-0.5588662657519763
COHFACE_s10_session2_natural,41,104,44.46666666666667,0.2669120728969574,-0.7729571245824077
COHFACE_s10_session2_natural,41,105,44.5,0.02286241576075554,-0.9144633299968888
COHFACE_s10_session2_natural,41,106,44.53333333333333,-0.26369649171829224,-0.955654237032603
COHFACE_s10_session2_natural,41,107,44.56666666666667,-0.530601978302002,-0.8746008458015911
COHFACE_s10_session2_natural,41,108,44.6,-0.7356799840927124,-0.663071168827472
COHFACE_s10_session2_natural,41,109,44.63333333333333,-0.867808997631073,-0.3372971617677562
COHFACE_s10_session2_natural,41,110,44.666666666666664,-0.9336249232292175,0.05621990064884499
COHFACE_s10_session2_natural,41,111,44.7,-0.9725272059440613,0.4471847336596923
COHFACE_s10_session2_natural,41,112,44.733333333333334,-1.0159035921096802,0.7601166829421306
COHFACE_s10_session2_natural,41,113,44.766666666666666,-1.088505744934082,0.9367881874404081
COHFACE_s10_session2_natural,41,114,44.8,-1.1913394927978516,0.9522636561824352
COHFACE_s10_session2_natural,41,115,44.833333333333336,-1.1032227277755737,0.819161346552206
COHFACE_s10_session2_natural,41,116,44.86666666666667,-0.20536042749881744,0.5819246987583035
COHFACE_s10_session2_natural,41,117,44.9,1.1245194673538208,0.30615419094358226
COHFACE_s10_session2_natural,41,118,44.93333333333333,1.7076836824417114,0.06518774308230868
COHFACE_s10_session2_natural,41,119,44.96666666666667,1.4459342956542969,-0.07709342389643196
COHFACE_s10_session2_natural,41,120,45.0,0.9353607296943665,-0.08601320567840377
COHFACE_s10_session2_natural,41,121,45.03333333333333,0.4986841082572937,0.028391753537404037
COHFACE_s10_session2_natural,41,122,45.06666666666667,0.1794888824224472,0.20968472629728058
COHFACE_s10_session2_natural,41,123,45.1,0.09774207323789597,0.3723282067673804
COHFACE_s10_session2_natural,41,124,45.13333333333333,0.24560540914535522,0.43259466976483235
COHFACE_s10_session2_natural,41,125,45.166666666666664,0.3510172963142395,0.33923428425862956
COHFACE_s10_session2_natural,41,126,45.2,0.2618946433067322,0.09073887645459763
COHFACE_s10_session2_natural,41,127,45.233333333333334,0.03093189187347889,-0.26592904461078776
COHFACE_s10_session2_natural,41,128,45.266666666666666,-0.26069068908691406,-0.6514526245237414
COHFACE_s10_session2_natural,41,129,45.3,-0.5438160300254822,-0.9771553983327044
COHFACE_s10_session2_natural,41,130,45.333333333333336,-0.7495761513710022,-1.1682629774847726
COHFACE_s10_session2_natural,41,131,45.36666666666667,-0.871450662612915,-1.183384199937398
COHFACE_s10_session2_natural,41,132,45.4,-0.9309775233268738,-1.026023326835663
COHFACE_s10_session2_natural,41,133,45.43333333333333,-0.9788857102394104,-0.7432828153622851
COHFACE_s10_session2_natural,41,134,45.46666666666667,-1.0373027324676514,-0.4096768896849896
COHFACE_s10_session2_natural,41,135,45.5,-1.1136852502822876,-0.1005392639078158
COHFACE_s10_session2_natural,41,136,45.53333333333333,-1.1641945838928223,0.13366199734009382
COHFACE_s10_session2_natural,41,137,45.56666666666667,-0.7348591685295105,0.279866206869081
COHFACE_s10_session2_natural,41,138,45.6,0.5512512922286987,0.35724630645140654
COHFACE_s10_session2_natural,41,139,45.63333333333333,1.670434594154358,0.4002480653535572
COHFACE_s10_session2_natural,41,140,45.666666666666664,1.8187257051467896,0.44116444542344935
COHFACE_s10_session2_natural,41,141,45.7,1.3840490579605103,0.500806814927218
COHFACE_s10_session2_natural,41,142,45.733333333333334,0.8939034938812256,0.5876643478645885
COHFACE_s10_session2_natural,41,143,45.766666666666666,0.5122449994087219,0.6996178523794611
COHFACE_s10_session2_natural,41,144,45.8,0.26987165212631226,0.8231225583459928
COHFACE_s10_session2_natural,41,145,45.833333333333336,0.2757561206817627,0.9305954550618362
COHFACE_s10_session2_natural,41,146,45.86666666666667,0.41210484504699707,0.9815558436156012
COHFACE_s10_session2_natural,41,147,45.9,0.4329143762588501,0.9323304448048604
COHFACE_s10_session2_natural,41,148,45.93333333333333,0.26908549666404724,0.7527538145185338
COHFACE_s10_session2_natural,41,149,45.96666666666667,-0.027808813378214836,0.4418759814135956
COHFACE_s10_session2_natural,41,150,46.0,-0.3421715795993805,0.03395752926418359
COHFACE_s10_session2_natural,41,151,46.03333333333333,-0.5998630523681641,-0.408813469396515
COHFACE_s10_session2_natural,41,152,46.06666666666667,-0.7828713655471802,-0.8132942824356916
COHFACE_s10_session2_natural,41,153,46.1,-0.8909885287284851,-1.1143190724347962
COHFACE_s10_session2_natural,41,154,46.13333333333333,-0.9482956528663635,-1.269139032239755
COHFACE_s10_session2_natural,41,155,46.166666666666664,-1.0013138055801392,-1.2647647730199607
COHFACE_s10_session2_natural,41,156,46.2,-1.0800431966781616,-1.1180988504000249
COHFACE_s10_session2_natural,41,157,46.233333333333334,-1.1747612953186035,-0.8694086207951444
COHFACE_s10_session2_natural,41,158,46.266666666666666,-1.0286089181900024,-0.5701759824181325
COHFACE_s10_session2_natural,41,159,46.3,0.0008389859576709569,-0.2682258476623325
COHFACE_s10_session2_natural,41,160,46.333333333333336,1.4197605848312378,0.004209506945938952
COHFACE_s10_session2_natural,41,161,46.36666666666667,2.020601272583008,0.233716241856338
COHFACE_s10_session2_natural,41,162,46.4,1.7447477579116821,0.41911901222127823
COHFACE_s10_session2_natural,41,163,46.43333333333333,1.2196537256240845,0.5602728101447537
COHFACE_s10_session2_natural,41,164,46.46666666666667,0.7999715209007263,0.6503174609600821
COHFACE_s10_session2_natural,41,165,46.5,0.47217506170272827,0.676687855346646
COHFACE_s10_session2_natural,41,166,46.53333333333333,0.3207972049713135,0.6293113021574347
COHFACE_s10_session2_natural,41,167,46.56666666666667,0.38961899280548096,0.5090425160839416
COHFACE_s10_session2_natural,41,168,46.6,0.4594118595123291,0.32999117443681986
COHFACE_s10_session2_natural,41,169,46.63333333333333,0.3693065643310547,0.11490501995871415
COHFACE_s10_session2_natural,41,170,46.666666666666664,0.11511804163455963,-0.1115241266252734
COHFACE_s10_session2_natural,41,171,46.7,-0.21488657593727112,-0.32564770094754814
COHFACE_s10_session2_natural,41,172,46.733333333333334,-0.5272146463394165,-0.5033224175250649
COHFACE_s10_session2_natural,41,173,46.766666666666666,-0.7675879597663879,-0.6184566102322627
COHFACE_s10_session2_natural,41,174,46.8,-0.9249774217605591,-0.6464079654968112
COHFACE_s10_session2_natural,41,175,46.833333333333336,-1.011718511581421,-0.5721476987717123
COHFACE_s10_session2_natural,41,176,46.86666666666667,-1.0684360265731812,-0.39779579965311007
COHFACE_s10_session2_natural,41,177,46.9,-1.125685453414917,-0.14376043135167726
COHFACE_s10_session2_natural,41,178,46.93333333333333,-1.1998945474624634,0.15660237391408105
COHFACE_s10_session2_natural,41,179,46.96666666666667,-1.2937109470367432,0.463713065190855
COHFACE_s10_session2_natural,41,180,47.0,-1.2258833646774292,0.736020572238484
COHFACE_s10_session2_natural,41,181,47.03333333333333,-0.3088532090187073,0.9328286246564976
COHFACE_s10_session2_natural,41,182,47.06666666666667,1.2197115421295166,1.0193362532547907
COHFACE_s10_session2_natural,41,183,47.1,2.0272719860076904,0.9753848348981007
COHFACE_s10_session2_natural,41,184,47.13333333333333,1.867662787437439,0.8043547337351272
COHFACE_s10_session2_natural,41,185,47.166666666666664,1.3605111837387085,0.5357780728891519
COHFACE_s10_session2_natural,41,186,47.2,0.9337652921676636,0.21803780501391068
COHFACE_s10_session2_natural,41,187,47.233333333333334,0.6043040752410889,-0.09626626303430716
COHFACE_s10_session2_natural,41,188,47.266666666666666,0.38111019134521484,-0.36503318687275527
COHFACE_s10_session2_natural,41,189,47.3,0.3858848214149475,-0.5645388064344968
COHFACE_s10_session2_natural,41,190,47.333333333333336,0.45338866114616394,-0.688718842422995
COHFACE_s10_session2_natural,41,191,47.36666666666667,0.3880004584789276,-0.7435135883144819
COHFACE_s10_session2_natural,41,192,47.4,0.153338223695755,-0.7411897930765674
COHFACE_s10_session2_natural,41,193,47.43333333333333,-0.16786856949329376,-0.6968840483873414
COHFACE_s10_session2_natural,41,194,47.46666666666667,-0.49764198064804077,-0.6261865543492481
COHFACE_s10_session2_natural,41,195,47.5,-0.7659925222396851,-0.5417186041421052
COHFACE_s10_session2_natural,41,196,47.53333333333333,-0.9505615830421448,-0.4491716628099225
COHFACE_s10_session2_natural,41,197,47.56666666666667,-1.0678695440292358,-0.34591918160615365
COHFACE_s10_session2_natural,41,198,47.6,-1.130436897277832,-0.2246411503644973
COHFACE_s10_session2_natural,41,199,47.63333333333333,-1.1734317541122437,-0.08075214278791504
COHFACE_s10_session2_natural,41,200,47.666666666666664,-1.232993245124817,0.08115861183755717
COHFACE_s10_session2_natural,41,201,47.7,-1.3185551166534424,0.24661652836357092
COHFACE_s10_session2_natural,41,202,47.733333333333334,-1.423157811164856,0.3965895867633172
COHFACE_s10_session2_natural,41,203,47.766666666666666,-1.395654559135437,0.5146549720205974
COHFACE_s10_session2_natural,41,204,47.8,-0.5256423354148865,0.5915267472023724
COHFACE_s10_session2_natural,41,205,47.833333333333336,1.0762296915054321,0.6256882077444429
COHFACE_s10_session2_natural,41,206,47.86666666666667,2.018913507461548,0.6220673275065701
COHFACE_s10_session2_natural,41,207,47.9,1.9060217142105103,0.590889663066939
COHFACE_s10_session2_natural,41,208,47.93333333333333,1.3790085315704346,0.5460335103159741
COHFACE_s10_session2_natural,41,209,47.96666666666667,0.916343092918396,0.5005131405140654
COHFACE_s10_session2_natural,41,210,48.0,0.5668584704399109,0.45921028647715695
COHFACE_s10_session2_natural,41,211,48.03333333333333,0.3428668975830078,0.41298563477995875
COHFACE_s10_session2_natural,41,212,48.06666666666667,0.33300548791885376,0.3393911131313475
COHFACE_s10_session2_natural,41,213,48.1,0.41234761476516724,0.21194174066013488
COHFACE_s10_session2_natural,41,214,48.13333333333333,0.3768557906150818,0.014196967137335488
COHFACE_s10_session2_natural,41,215,48.166666666666664,0.15604346990585327,-0.24899086843552706
COHFACE_s10_session2_natural,41,216,48.2,-0.1680651158094406,-0.5495226317314077
COHFACE_s10_session2_natural,41,217,48.233333333333334,-0.49996569752693176,-0.8443891566535141
COHFACE_s10_session2_natural,41,218,48.266666666666666,-0.7873339056968689,-1.0892416961550626
COHFACE_s10_session2_natural,41,219,48.3,-0.9917760491371155,-1.249898953235751
COHFACE_s10_session2_natural,41,220,48.333333333333336,-1.1011995077133179,-1.3076454522204355
COHFACE_s10_session2_natural,41,221,48.36666666666667,-1.1687958240509033,-1.2590319389153597
COHFACE_s10_session2_natural,41,222,48.4,-1.2147849798202515,-1.1130400971966943
COHFACE_s10_session2_natural,41,223,48.43333333333333,-1.2559878826141357,-0.8875246804868802
COHFACE_s10_session2_natural,41,224,48.46666666666667,-1.3314802646636963,-0.6050854961141714
COHFACE_s10_session2_natural,41,225,48.5,-1.4277359247207642,-0.28850593302123123
COHFACE_s10_session2_natural,41,226,48.53333333333333,-1.4621526002883911,0.04211604616744124
COHFACE_s10_session2_natural,41,227,48.56666666666667,-0.834906816482544,0.3679854289890892
COHFACE_s10_session2_natural,41,228,48.6,0.6958776116371155,0.6669121352884143
COHFACE_s10_session2_natural,41,229,48.63333333333333,1.8338819742202759,0.9102885189780824
COHFACE_s10_session2_natural,41,230,48.666666666666664,1.884795904159546,1.0667828473378622
COHFACE_s10_session2_natural,41,231,48.7,1.3869277238845825,1.113191652197108
COHFACE_s10_session2_natural,41,232,48.733333333333334,0.8665967583656311,1.0467541718361835
COHFACE_s10_session2_natural,41,233,48.766666666666666,0.4572499990463257,0.8907371420442316
COHFACE_s10_session2_natural,41,234,48.8,0.1817779242992401,0.6889464688583734
COHFACE_s10_session2_natural,41,235,48.833333333333336,0.1828068494796753,0.49157069051815877
COHFACE_s10_session2_natural,41,236,48.86666666666667,0.3234908878803253,0.33914029372541343
COHFACE_s10_session2_natural,41,237,48.9,0.34003448486328125,0.25126691764951575
COHFACE_s10_session2_natural,41,238,48.93333333333333,0.1601128876209259,0.22329695285548748
COHFACE_s10_session2_natural,41,239,48.96666666666667,-0.14853882789611816,0.23025413021320124
COHFACE_s10_session2_natural,42,0,42.0,1.7595919370651245,-0.07296424356033719
COHFACE_s10_session2_natural,42,1,42.03333333333333,2.1006603240966797,0.27405983538087086
COHFACE_s10_session2_natural,42,2,42.06666666666667,1.6780415773391724,0.5371071476567163
COHFACE_s10_session2_natural,42,3,42.1,1.1458492279052734,0.6548931181834458
COHFACE_s10_session2_natural,42,4,42.13333333333333,0.7455892562866211,0.6083757653661631
COHFACE_s10_session2_natural,42,5,42.166666666666664,0.4450070559978485,0.4227185842903712
COHFACE_s10_session2_natural,42,6,42.2,0.34749123454093933,0.15361404083233868
COHFACE_s10_session2_natural,42,7,42.233333333333334,0.437804639339447,-0.13537448980287795
COHFACE_s10_session2_natural,42,8,42.266666666666666,0.4813659191131592,-0.39326874681206625
COHFACE_s10_session2_natural,42,9,42.3,0.34818488359451294,-0.5907738971607117
COHFACE_s10_session2_natural,42,10,42.333333333333336,0.06933705508708954,-0.7169001726663574
COHFACE_s10_session2_natural,42,11,42.36666666666667,-0.2536616921424866,-0.7697904750141576
COHFACE_s10_session2_natural,42,12,42.4,-0.5374690890312195,-0.7500307363087175
COHFACE_s10_session2_natural,42,13,42.43333333333333,-0.7313330769538879,-0.6602486444187369
COHFACE_s10_session2_natural,42,14,42.46666666666667,-0.840351939201355,-0.5086460940578094
COHFACE_s10_session2_natural,42,15,42.5,-0.8977862596511841,-0.31140791675209906
COHFACE_s10_session2_natural,42,16,42.53333333333333,-0.9454285502433777,-0.09159930951209423
COHFACE_s10_session2_natural,42,17,42.56666666666667,-1.0160653591156006,0.12376432222848939
COHFACE_s10_session2_natural,42,18,42.6,-1.114170789718628,0.30606153170649364
COHFACE_s10_session2_natural,42,19,42.63333333333333,-1.0333489179611206,0.42716587120554
COHFACE_s10_session2_natural,42,20,42.666666666666664,-0.03569331765174866,0.46449180560795433
COHFACE_s10_session2_natural,42,21,42.7,1.4903857707977295,0.4107293922780949
COHFACE_s10_session2_natural,42,22,42.733333333333334,2.139446973800659,0.2838315988297832
COHFACE_s10_session2_natural,42,23,42.766666666666666,1.8576511144638062,0.12866896628058186
COHFACE_s10_session2_natural,42,24,42.8,1.3743032217025757,0.0054850023862014876
COHFACE_s10_session2_natural,42,25,42.833333333333336,1.0298707485198975,-0.031100953835345047
COHFACE_s10_session2_natural,42,26,42.86666666666667,0.7440401315689087,0.04765558948545614
COHFACE_s10_session2_natural,42,27,42.9,0.5255514979362488,0.23483890451952227
COHFACE_s10_session2_natural,42,28,42.93333333333333,0.4941522479057312,0.49116902001945384
COHFACE_s10_session2_natural,42,29,42.96666666666667,0.5161988139152527,0.7565266705159174
COHFACE_s10_session2_natural,42,30,43.0,0.42344605922698975,0.9630059936013828
COHFACE_s10_session2_natural,42,31,43.03333333333333,0.18389356136322021,1.0462540375288087
COHFACE_s10_session2_natural,42,32,43.06666666666667,-0.1105382964015007,0.9562533465601196
COHFACE_s10_session2_natural,42,33,43.1,-0.391074001789093,0.6694120985436668
COHFACE_s10_session2_natural,42,34,43.13333333333333,-0.6161060333251953,0.199853866579648
COHFACE_s10_session2_natural,42,35,43.166666666666664,-0.7651254534721375,-0.39586885132524846
COHFACE_s10_session2_natural,42,36,43.2,-0.8457624316215515,-1.0250104864055836
COHFACE_s10_session2_natural,42,37,43.233333333333334,-0.9001562595367432,-1.5752940623347387
COHFACE_s10_session2_natural,42,38,43.266666666666666,-0.961012601852417,-1.9373719314864835
COHFACE_s10_session2_natural,42,39,43.3,-1.0552104711532593,-2.027458186420253
COHFACE_s10_session2_natural,42,40,43.333333333333336,-1.1612582206726074,-1.8061507801561656
COHFACE_s10_session2_natural,42,41,43.36666666666667,-0.9818568229675293,-1.2908652101118088
COHFACE_s10_session2_natural,42,42,43.4,0.14269067347049713,-0.5586081548364289
COHFACE_s10_session2_natural,42,43,43.43333333333333,1.543831706047058,0.26487773146328814
COHFACE_s10_session2_natural,42,44,43.46666666666667,1.9637796878814697,1.0310820035817034
COHFACE_s10_session2_natural,42,45,43.5,1.59415602684021,1.604800452127963
COHFACE_s10_session2_natural,42,46,43.53333333333333,1.1307392120361328,1.8978655147089325
COHFACE_s10_session2_natural,42,47,43.56666666666667,0.7989773154258728,1.8865042903264313
COHFACE_s10_session2_natural,42,48,43.6,0.5110889077186584,1.6062470376131612
COHFACE_s10_session2_natural,42,49,43.63333333333333,0.3627053201198578,1.1304095113107453
COHFACE_s10_session2_natural,42,50,43.666666666666664,0.39754971861839294,0.5457306325807778
COHFACE_s10_session2_natural,42,51,43.7,0.4176540672779083,-0.06320108697701568
COHFACE_s10_session2_natural,42,52,43.733333333333334,0.2890857756137848,-0.6189009010010953
COHFACE_s10_session2_natural,42,53,43.766666666666666,0.043082352727651596,-1.052453133002794
COHFACE_s10_session2_natural,42,54,43.8,-0.24155746400356293,-1.3091808115260377
COHFACE_s10_session2_natural,42,55,43.833333333333336,-0.4992836117744446,-1.3595736698050733
COHFACE_s10_session2_natural,42,56,43.86666666666667,-0.6945580244064331,-1.209200805823457
COHFACE_s10_session2_natural,42,57,43.9,-0.8234962224960327,-0.8996250125553653
COHFACE_s10_session2_natural,42,58,43.93333333333333,-0.8964683413505554,-0.49786216605861294
COHFACE_s10_session2_natural,42,59,43.96666666666667,-0.9471973776817322,-0.07900577084893246
COHFACE_s10_session2_natural,42,60,44.0,-1.0030478239059448,0.29096195502928174
COHFACE_s10_session2_natural,42,61,44.03333333333333,-1.0848640203475952,0.5673125188495359
COHFACE_s10_session2_natural,42,62,44.06666666666667,-1.200102686882019,0.7320631253747482
COHFACE_s10_session2_natural,42,63,44.1,-1.113615870475769,0.7929973370623506
COHFACE_s10_session2_natural,42,64,44.13333333333333,-0.14942900836467743,0.7764449805710799
COHFACE_s10_session2_natural,42,65,44.166666666666664,1.2497581243515015,0.71474609093744
COHFACE_s10_session2_natural,42,66,44.2,1.8097776174545288,0.632126022772137
COHFACE_s10_session2_natural,42,67,44.233333333333334,1.4948713779449463,0.5350492599795927
COHFACE_s10_session2_natural,42,68,44.266666666666666,0.9771069884300232,0.41190171387291663
COHFACE_s10_session2_natural,42,69,44.3,0.5760840177536011,0.24230740146518787
COHFACE_s10_session2_natural,42,70,44.333333333333336,0.2779526710510254,0.011263152361451763
COHFACE_s10_session2_natural,42,71,44.36666666666667,0.18196290731430054,-0.27894225790763943
COHFACE_s10_session2_natural,42,72,44.4,0.29976803064346313,-0.6037997966300486
COHFACE_s10_session2_natural,42,73,44.43333333333333,0.3761390149593353,-0.9189823347549415
COHFACE_s10_session2_natural,42,74,44.46666666666667,0.2669120728969574,-1.1673967836546228
COHFACE_s10_session2_natural,42,75,44.5,0.02286241576075554,-1.2884745901914592
COHFACE_s10_session2_natural,42,76,44.53333333333333,-0.26369649171829224,-1.2298072324773976
COHFACE_s10_session2_natural,42,77,44.56666666666667,-0.530601978302002,-0.9620467956024031
COHFACE_s10_session2_natural,42,78,44.6,-0.7356799840927124,-0.4946569782469868
COHFACE_s10_session2_natural,42,79,44.63333333333333,-0.867808997631073,0.11451794512047023
COHFACE_s10_session2_natural,42,80,44.666666666666664,-0.9336249232292175,0.7639560525114006
COHFACE_s10_session2_natural,42,81,44.7,-0.9725272059440613,1.3304579503887257
COHFACE_s10_session2_natural,42,82,44.733333333333334,-1.0159035921096802,1.7020988964981836
COHFACE_s10_session2_natural,42,83,44.766666666666666,-1.088505744934082,1.8087450324659171
COHFACE_s10_session2_natural,42,84,44.8,-1.1913394927978516,1.6377424705566155
COHFACE_s10_session2_natural,42,85,44.833333333333336,-1.1032227277755737,1.2306855670839807
COHFACE_s10_session2_natural,42,86,44.86666666666667,-0.20536042749881744,0.6670866130793154
COHFACE_s10_session2_natural,42,87,44.9,1.1245194673538208,0.04498841362057393
COHFACE_s10_session2_natural,42,88,44.93333333333333,1.7076836824417114,-0.5356535665535508
COHFACE_s10_session2_natural,42,89,44.96666666666667,1.4459342956542969,-0.9874060111770177
COHFACE_s10_session2_natural,42,90,45.0,0.9353607296943665,-1.2495939994217948
COHFACE_s10_session2_natural,42,91,45.03333333333333,0.4986841082572937,-1.3007709165786026
COHFACE_s10_session2_natural,42,92,45.06666666666667,0.1794888824224472,-1.1639933890573133
COHFACE_s10_session2_natural,42,93,45.1,0.09774207323789597,-0.8999066804154783
COHFACE_s10_session2_natural,42,94,45.13333333333333,0.24560540914535522,-0.5883254773642217
COHFACE_s10_session2_natural,42,95,45.166666666666664,0.3510172963142395,-0.3050694082567733
COHFACE_s10_session2_natural,42,96,45.2,0.2618946433067322,-0.10226074123067933
COHFACE_s10_session2_natural,42,97,45.233333333333334,0.03093189187347889,0.002393480086901454
COHFACE_s10_session2_natural,42,98,45.266666666666666,-0.26069068908691406,0.02551008465609193
COHFACE_s10_session2_natural,42,99,45.3,-0.5438160300254822,0.008077383691409605
COHFACE_s10_session2_natural,42,100,45.333333333333336,-0.7495761513710022,-0.001707944336030368
COHFACE_s10_session2_natural,42,101,45.36666666666667,-0.871450662612915,0.031852650153186536
COHFACE_s10_session2_natural,42,102,45.4,-0.9309775233268738,0.11693476324289759
COHFACE_s10_session2_natural,42,103,45.43333333333333,-0.9788857102394104,0.2311409998798811
COHFACE_s10_session2_natural,42,104,45.46666666666667,-1.0373027324676514,0.332902911462735
COHFACE_s10_session2_natural,42,105,45.5,-1.1136852502822876,0.382200669189383
COHFACE_s10_session2_natural,42,106,45.53333333333333,-1.1641945838928223,0.3597668669152993
COHFACE_s10_session2_natural,42,107,45.56666666666667,-0.7348591685295105,0.27452786934287093
COHFACE_s10_session2_natural,42,108,45.6,0.5512512922286987,0.15648402079177845
COHFACE_s10_session2_natural,42,109,45.63333333333333,1.670434594154358,0.041162943631956286
COHFACE_s10_session2_natural,42,110,45.666666666666664,1.8187257051467896,-0.04420661324134525
COHFACE_s10_session2_natural,42,111,45.7,1.3840490579605103,-0.08569289798027206
COHFACE_s10_session2_natural,42,112,45.733333333333334,0.8939034938812256,-0.07924546060289883
COHFACE_s10_session2_natural,42,113,45.766666666666666,0.5122449994087219,-0.025293699786548364
COHFACE_s10_session2_natural,42,114,45.8,0.26987165212631226,0.07235621653394907
COHFACE_s10_session2_natural,42,115,45.833333333333336,0.2757561206817627,0.2024507685780279
COHFACE_s10_session2_natural,42,116,45.86666666666667,0.41210484504699707,0.34213268466578445
COHFACE_s10_session2_natural,42,117,45.9,0.4329143762588501,0.45895450885144906
COHFACE_s10_session2_natural,42,118,45.93333333333333,0.26908549666404724,0.5201602189773217
COHFACE_s10_session2_natural,42,119,45.96666666666667,-0.027808813378214836,0.5040882601995739
COHFACE_s10_session2_natural,42,120,46.0,-0.3421715795993805,0.40710870980463804
COHFACE_s10_session2_natural,42,121,46.03333333333333,-0.5998630523681641,0.243067338156131
COHFACE_s10_session2_natural,42,122,46.06666666666667,-0.7828713655471802,0.03720146311861675
COHFACE_s10_session2_natural,42,123,46.1,-0.8909885287284851,-0.18103834128575075
COHFACE_s10_session2_natural,42,124,46.13333333333333,-0.9482956528663635,-0.38336899220552273
COHFACE_s10_session2_natural,42,125,46.166666666666664,-1.0013138055801392,-0.5461286312630548
COHFACE_s10_session2_natural,42,126,46.2,-1.0800431966781616,-0.6524536951094883
COHFACE_s10_session2_natural,42,127,46.233333333333334,-1.1747612953186035,-0.6929618782113841
COHFACE_s10_session2_natural,42,128,46.266666666666666,-1.0286089181900024,-0.6643061355514309
COHFACE_s10_session2_natural,42,129,46.3,0.0008389859576709569,-0.5663218692561595
COHFACE_s10_session2_natural,42,130,46.333333333333336,1.4197605848312378,-0.40082113521261703
COHFACE_s10_session2_natural,42,131,46.36666666666667,2.020601272583008,-0.17506021004521705
COHFACE_s10_session2_natural,42,132,46.4,1.7447477579116821,0.0911680440700639
COHFACE_s10_session2_natural,42,133,46.43333333333333,1.2196537256240845,0.36046670001893377
COHFACE_s10_session2_natural,42,134,46.46666666666667,0.7999715209007263,0.5810033386943245
COHFACE_s10_session2_natural,42,135,46.5,0.47217506170272827,0.6997062066582009
COHFACE_s10_session2_natural,42,136,46.53333333333333,0.3207972049713135,0.6805381292474936
COHFACE_s10_session2_natural,42,137,46.56666666666667,0.38961899280548096,0.5187031250915326
COHFACE_s10_session2_natural,42,138,46.6,0.4594118595123291,0.24342661245485697
COHFACE_s10_session2_natural,42,139,46.63333333333333,0.3693065643310547,-0.09144951543070332
COHFACE_s10_session2_natural,42,140,46.666666666666664,0.11511804163455963,-0.4228967091590609
COHFACE_s10_session2_natural,42,141,46.7,-0.21488657593727112,-0.6920751524642954
COHFACE_s10_session2_natural,42,142,46.733333333333334,-0.5272146463394165,-0.85218714203856
COHFACE_s10_session2_natural,42,143,46.766666666666666,-0.7675879597663879,-0.8730805879461029
COHFACE_s10_session2_natural,42,144,46.8,-0.9249774217605591,-0.7458403008654385
COHFACE_s10_session2_natural,42,145,46.833333333333336,-1.011718511581421,-0.48695907109961234
COHFACE_s10_session2_natural,42,146,46.86666666666667,-1.0684360265731812,-0.13780681999824493
COHFACE_s10_session2_natural,42,147,46.9,-1.125685453414917,0.24397768737503153
COHFACE_s10_session2_natural,42,148,46.93333333333333,-1.1998945474624634,0.5983227090906115
COHFACE_s10_session2_natural,42,149,46.96666666666667,-1.2937109470367432,0.8745588013447585
COHFACE_s10_session2_natural,42,150,47.0,-1.2258833646774292,1.0371013445969914
COHFACE_s10_session2_natural,42,151,47.03333333333333,-0.3088532090187073,1.0667637928365752
COHFACE_s10_session2_natural,42,152,47.06666666666667,1.2197115421295166,0.9613886666464094
COHFACE_s10_session2_natural,42,153,47.1,2.0272719860076904,0.7369725188959704
COHFACE_s10_session2_natural,42,154,47.13333333333333,1.867662787437439,0.42715270180542714
COHFACE_s10_session2_natural,42,155,47.166666666666664,1.3605111837387085,0.0782724949292719
COHFACE_s10_session2_natural,42,156,47.2,0.9337652921676636,-0.259851625871255
COHFACE_s10_session2_natural,42,157,47.233333333333334,0.6043040752410889,-0.5438440528962829
COHFACE_s10_session2_natural,42,158,47.266666666666666,0.38111019134521484,-0.7431262145028479
COHFACE_s10_session2_natural,42,159,47.3,0.3858848214149475,-0.8410717023170908
COHFACE_s10_session2_natural,42,160,47.333333333333336,0.45338866114616394,-0.8329748673302075
COHFACE_s10_session2_natural,42,161,47.36666666666667,0.3880004584789276,-0.7244796377274889
COHFACE_s10_session2_natural,42,162,47.4,0.153338223695755,-0.5322123505544274
COHFACE_s10_session2_natural,42,163,47.43333333333333,-0.16786856949329376,-0.28487879126822135
COHFACE_s10_session2_natural,42,164,47.46666666666667,-0.49764198064804077,-0.021244357015668347
COHFACE_s10_session2_natural,42,165,47.5,-0.7659925222396851,0.21698906413537522
COHFACE_s10_session2_natural,42,166,47.53333333333333,-0.9505615830421448,0.3952394043579963
COHFACE_s10_session2_natural,42,167,47.56666666666667,-1.0678695440292358,0.49388068042409733
COHFACE_s10_session2_natural,42,168,47.6,-1.130436897277832,0.5098938545083912
COHFACE_s10_session2_natural,42,169,47.63333333333333,-1.1734317541122437,0.45264582844094886
COHFACE_s10_session2_natural,42,170,47.666666666666664,-1.232993245124817,0.33799135856698664
COHFACE_s10_session2_natural,42,171,47.7,-1.3185551166534424,0.18508712210558684
COHFACE_s10_session2_natural,42,172,47.733333333333334,-1.423157811164856,0.016447604730423587
COHFACE_s10_session2_natural,42,173,47.766666666666666,-1.395654559135437,-0.14201423032805574
COHFACE_s10_session2_natural,42,174,47.8,-0.5256423354148865,-0.2640023023835145
COHFACE_s10_session2_natural,42,175,47.833333333333336,1.0762296915054321,-0.32858789066762545
COHFACE_s10_session2_natural,42,176,47.86666666666667,2.018913507461548,-0.3253578903842521
COHFACE_s10_session2_natural,42,177,47.9,1.9060217142105103,-0.25586272187447384
COHFACE_s10_session2_natural,42,178,47.93333333333333,1.3790085315704346,-0.1317373502569632
COHFACE_s10_session2_natural,42,179,47.96666666666667,0.916343092918396,0.027533714549035436
COHFACE_s10_session2_natural,42,180,48.0,0.5668584704399109,0.1956955499562525
COHFACE_s10_session2_natural,42,181,48.03333333333333,0.3428668975830078,0.34129870907591525
COHFACE_s10_session2_natural,42,182,48.06666666666667,0.33300548791885376,0.4323506110686196
COHFACE_s10_session2_natural,42,183,48.1,0.41234761476516724,0.4443733404251643
COHFACE_s10_session2_natural,42,184,48.13333333333333,0.3768557906150818,0.3686388979848181
COHFACE_s10_session2_natural,42,185,48.166666666666664,0.15604346990585327,0.21578374451622934
COHFACE_s10_session2_natural,42,186,48.2,-0.1680651158094406,0.012329691941466672
COHFACE_s10_session2_natural,42,187,48.233333333333334,-0.49996569752693176,-0.2079566174341682
COHFACE_s10_session2_natural,42,188,48.266666666666666,-0.7873339056968689,-0.4128869843024603
COHFACE_s10_session2_natural,42,189,48.3,-0.9917760491371155,-0.5765253347232507
COHFACE_s10_session2_natural,42,190,48.333333333333336,-1.1011995077133179,-0.6793639446915237
COHFACE_s10_session2_natural,42,191,48.36666666666667,-1.1687958240509033,-0.7073712790679821
COHFACE_s10_session2_natural,42,192,48.4,-1.2147849798202515,-0.6533618374397562
COHFACE_s10_session2_natural,42,193,48.43333333333333,-1.2559878826141357,-0.5208408468466377
COHFACE_s10_session2_natural,42,194,48.46666666666667,-1.3314802646636963,-0.32677058438107837
COHFACE_s10_session2_natural,42,195,48.5,-1.4277359247207642,-0.09928736663453817
COHFACE_s10_session2_natural,42,196,48.53333333333333,-1.4621526002883911,0.12971359077621697
COHFACE_s10_session2_natural,42,197,48.56666666666667,-0.834906816482544,0.33301605286682423
COHFACE_s10_session2_natural,42,198,48.6,0.6958776116371155,0.4931346649263518
COHFACE_s10_session2_natural,42,199,48.63333333333333,1.8338819742202759,0.6026604218973596
COHFACE_s10_session2_natural,42,200,48.666666666666664,1.884795904159546,0.6618319485372605
COHFACE_s10_session2_natural,42,201,48.7,1.3869277238845825,0.6757958582297422
COHFACE_s10_session2_natural,42,202,48.733333333333334,0.8665967583656311,0.6516710385667138
COHFACE_s10_session2_natural,42,203,48.766666666666666,0.4572499990463257,0.5941078269162893
COHFACE_s10_session2_natural,42,204,48.8,0.1817779242992401,0.5002714233967438
COHFACE_s10_session2_natural,42,205,48.833333333333336,0.1828068494796753,0.3581940157847252
COHFACE_s10_session2_natural,42,206,48.86666666666667,0.3234908878803253,0.15210691771989326
COHFACE_s10_session2_natural,42,207,48.9,0.34003448486328125,-0.1257166656963616
COHFACE_s10_session2_natural,42,208,48.93333333333333,0.1601128876209259,-0.46215064384636584
COHFACE_s10_session2_natural,42,209,48.96666666666667,-0.14853882789611816,-0.816977070471016
COHFACE_s10_session2_natural,42,210,49.0,-0.4838498830795288,-1.1275996620179527
COHFACE_s10_session2_natural,42,211,49.03333333333333,-0.7740851640701294,-1.323263508098068
COHFACE_s10_session2_natural,42,212,49.06666666666667,-0.9817990064620972,-1.3430260814390156
COHFACE_s10_session2_natural,42,213,49.1,-1.1130956411361694,-1.1513311101059571
COHFACE_s10_session2_natural,42,214,49.13333333333333,-1.1845070123672485,-0.7480346293398404
COHFACE_s10_session2_natural,42,215,49.166666666666664,-1.2261146306991577,-0.17266069029797532
COHFACE_s10_session2_natural,42,216,49.2,-1.274300217628479,0.49721318585842417
COHFACE_s10_session2_natural,42,217,49.233333333333334,-1.341665267944336,1.1549675197471287
COHFACE_s10_session2_natural,42,218,49.266666666666666,-1.429747462272644,1.6829052006007077
COHFACE_s10_session2_natural,42,219,49.3,-1.4404643774032593,1.9777568741246725
COHFACE_s10_session2_natural,42,220,49.333333333333336,-0.7120033502578735,1.9773592669209945
COHFACE_s10_session2_natural,42,221,49.36666666666667,0.8066884279251099,1.678997133298462
COHFACE_s10_session2_natural,42,222,49.4,1.8196967840194702,1.1418205451398522
COHFACE_s10_session2_natural,42,223,49.43333333333333,1.7972687482833862,0.47214320686062794
COHFACE_s10_session2_natural,42,224,49.46666666666667,1.2703365087509155,-0.20238682081845055
COHFACE_s10_session2_natural,42,225,49.5,0.7243173122406006,-0.7606627225173009
COHFACE_s10_session2_natural,42,226,49.53333333333333,0.28916671872138977,-1.1116964096186663
COHFACE_s10_session2_natural,42,227,49.56666666666667,0.042585235089063644,-1.2115494766204875
COHFACE_s10_session2_natural,42,228,49.6,0.10884049534797668,-1.07186681716409
COHFACE_s10_session2_natural,42,229,49.63333333333333,0.2954442501068115,-0.7568044427878382
COHFACE_s10_session2_natural,42,230,49.666666666666664,0.32743313908576965,-0.36570707166509137
COHFACE_s10_session2_natural,42,231,49.7,0.14480631053447723,-0.0037701987237021718
COHFACE_s10_session2_natural,42,232,49.733333333333334,-0.1727588176727295,0.24962576942614376
COHFACE_s10_session2_natural,42,233,49.766666666666666,-0.5142549276351929,0.36153903789681824
COHFACE_s10_session2_natural,42,234,49.8,-0.7955074310302734,0.3464089532788174
COHFACE_s10_session2_natural,42,235,49.833333333333336,-0.992932140827179,0.24893061269887323
COHFACE_s10_session2_natural,42,236,49.86666666666667,-1.1096158027648926,0.1194178563424748
COHFACE_s10_session2_natural,42,237,49.9,-1.1680675745010376,-0.005839128390533499
COHFACE_s10_session2_natural,42,238,49.93333333333333,-1.2075247764587402,-0.11256565953519061
COHFACE_s10_session2_natural,42,239,49.96666666666667,-1.2586699724197388,-0.20585051745610566
COHFACE_s10_session2_natural,43,0,43.0,0.42344605922698975,-0.02718774334621575
COHFACE_s10_session2_natural,43,1,43.03333333333333,0.18389356136322021,0.13989844783637134
COHFACE_s10_session2_natural,43,2,43.06666666666667,-0.1105382964015007,0.2070088155551897
COHFACE_s10_session2_natural,43,3,43.1,-0.391074001789093,0.10806609238310272
COHFACE_s10_session2_natural,43,4,43.13333333333333,-0.6161060333251953,-0.1650955622425943
COHFACE_s10_session2_natural,43,5,43.166666666666664,-0.7651254534721375,-0.5611341425944731
COHFACE_s10_session2_natural,43,6,43.2,-0.8457624316215515,-0.9877608679694132
COHFACE_s10_session2_natural,43,7,43.233333333333334,-0.9001562595367432,-1.3408813169721554
COHFACE_s10_session2_natural,43,8,43.266666666666666,-0.961012601852417,-1.532363529725317
COHFACE_s10_session2_natural,43,9,43.3,-1.0552104711532593,-1.508705725317815
COHFACE_s10_session2_natural,43,10,43.333333333333336,-1.1612582206726074,-1.259498381162576
COHFACE_s10_session2_natural,43,11,43.36666666666667,-0.9818568229675293,-0.8183151853363151
COHFACE_s10_session2_natural,43,12,43.4,0.14269067347049713,-0.25734125069112135
COHFACE_s10_session2_natural,43,13,43.43333333333333,1.543831706047058,0.32561875478898133
COHFACE_s10_session2_natural,43,14,43.46666666666667,1.9637796878814697,0.8283665913175196
COHFACE_s10_session2_natural,43,15,43.5,1.59415602684021,1.1697478145818057
COHFACE_s10_session2_natural,43,16,43.53333333333333,1.1307392120361328,1.3101680011841976
COHFACE_s10_session2_natural,43,17,43.56666666666667,0.7989773154258728,1.2577684764898112
COHFACE_s10_session2_natural,43,18,43.6,0.5110889077186584,1.0576188490157248
COHFACE_s10_session2_natural,43,19,43.63333333333333,0.3627053201198578,0.7704544606297954
COHFACE_s10_session2_natural,43,20,43.666666666666664,0.39754971861839294,0.4523704572536392
COHFACE_s10_session2_natural,43,21,43.7,0.4176540672779083,0.14449117057971428
COHFACE_s10_session2_natural,43,22,43.733333333333334,0.2890857756137848,-0.12620248841106085
COHFACE_s10_session2_natural,43,23,43.766666666666666,0.043082352727651596,-0.3409495669808893
COHFACE_s10_session2_natural,43,24,43.8,-0.24155746400356293,-0.4856220320032588
COHFACE_s10_session2_natural,43,25,43.833333333333336,-0.4992836117744446,-0.5524782769916127
COHFACE_s10_session2_natural,43,26,43.86666666666667,-0.6945580244064331,-0.544162881775325
COHFACE_s10_session2_natural,43,27,43.9,-0.8234962224960327,-0.4744486850804789
COHFACE_s10_session2_natural,43,28,43.93333333333333,-0.8964683413505554,-0.36365573420367575
COHFACE_s10_session2_natural,43,29,43.96666666666667,-0.9471973776817322,-0.2318008693492532
COHFACE_s10_session2_natural,43,30,44.0,-1.0030478239059448,-0.09410296054432069
COHFACE_s10_session2_natural,43,31,44.03333333333333,-1.0848640203475952,0.03915105221063783
COHFACE_s10_session2_natural,43,32,44.06666666666667,-1.200102686882019,0.1603041086596461
COHFACE_s10_session2_natural,43,33,44.1,-1.113615870475769,0.262826300207032
COHFACE_s10_session2_natural,43,34,44.13333333333333,-0.14942900836467743,0.3412373002262979
COHFACE_s10_session2_natural,43,35,44.166666666666664,1.2497581243515015,0.3904401027695405
COHFACE_s10_session2_natural,43,36,44.2,1.8097776174545288,0.4035131279625542
COHFACE_s10_session2_natural,43,37,44.233333333333334,1.4948713779449463,0.37008174914396824
COHFACE_s10_session2_natural,43,38,44.266666666666666,0.9771069884300232,0.27865409175960193
COHFACE_s10_session2_natural,43,39,44.3,0.5760840177536011,0.12400347026611648
COHFACE_s10_session2_natural,43,40,44.333333333333336,0.2779526710510254,-0.0838945294498864
COHFACE_s10_session2_natural,43,41,44.36666666666667,0.18196290731430054,-0.3156154487490427
COHFACE_s10_session2_natural,43,42,44.4,0.29976803064346313,-0.5268829667589155
COHFACE_s10_session2_natural,43,43,44.43333333333333,0.3761390149593353,-0.6707759495062485
COHFACE_s10_session2_natural,43,44,44.46666666666667,0.2669120728969574,-0.7116122399052526
COHFACE_s10_session2_natural,43,45,44.5,0.02286241576075554,-0.6339019939012858
COHFACE_s10_session2_natural,43,46,44.53333333333333,-0.26369649171829224,-0.44367744763721284
COHFACE_s10_session2_natural,43,47,44.56666666666667,-0.530601978302002,-0.16468799696619596
COHFACE_s10_session2_natural,43,48,44.6,-0.7356799840927124,0.16580708668905353
COHFACE_s10_session2_natural,43,49,44.63333333333333,-0.867808997631073,0.4993829472428673
COHFACE_s10_session2_natural,43,50,44.666666666666664,-0.9336249232292175,0.7797536729690556
COHFACE_s10_session2_natural,43,51,44.7,-0.9725272059440613,0.9517351119504991
COHFACE_s10_session2_natural,43,52,44.733333333333334,-1.0159035921096802,0.9759575866612743
COHFACE_s10_session2_natural,43,53,44.766666666666666,-1.088505744934082,0.8429279876945415
COHFACE_s10_session2_natural,43,54,44.8,-1.1913394927978516,0.5782239315430213
COHFACE_s10_session2_natural,43,55,44.833333333333336,-1.1032227277755737,0.23523978295935494
COHFACE_s10_session2_natural,43,56,44.86666666666667,-0.20536042749881744,-0.12035547193995622
COHFACE_s10_session2_natural,43,57,44.9,1.1245194673538208,-0.4262568977275252
COHFACE_s10_session2_natural,43,58,44.93333333333333,1.7076836824417114,-0.6343403583490137
COHFACE_s10_session2_natural,43,59,44.96666666666667,1.4459342956542969,-0.7173237185867976
COHFACE_s10_session2_natural,43,60,45.0,0.9353607296943665,-0.6734150807185973
COHFACE_s10_session2_natural,43,61,45.03333333333333,0.4986841082572937,-0.5282654163211958
COHFACE_s10_session2_natural,43,62,45.06666666666667,0.1794888824224472,-0.3304892098548043
COHFACE_s10_session2_natural,43,63,45.1,0.09774207323789597,-0.13830005158944783
COHFACE_s10_session2_natural,43,64,45.13333333333333,0.24560540914535522,-0.0010097015138281285
COHFACE_s10_session2_natural,43,65,45.166666666666664,0.3510172963142395,0.05597221150344556
COHFACE_s10_session2_natural,43,66,45.2,0.2618946433067322,0.03595171342578222
COHFACE_s10_session2_natural,43,67,45.233333333333334,0.03093189187347889,-0.0347943091847167
COHFACE_s10_session2_natural,43,68,45.266666666666666,-0.26069068908691406,-0.11867989308352517
COHFACE_s10_session2_natural,43,69,45.3,-0.5438160300254822,-0.1788687749340077
COHFACE_s10_session2_natural,43,70,45.333333333333336,-0.7495761513710022,-0.18877017652262842
COHFACE_s10_session2_natural,43,71,45.36666666666667,-0.871450662612915,-0.13851496997965737
COHFACE_s10_session2_natural,43,72,45.4,-0.9309775233268738,-0.03783688713529583
COHFACE_s10_session2_natural,43,73,45.43333333333333,-0.9788857102394104,0.08636584214679963
COHFACE_s10_session2_natural,43,74,45.46666666666667,-1.0373027324676514,0.19884077739242276
COHFACE_s10_session2_natural,43,75,45.5,-1.1136852502822876,0.2690719255888772
COHFACE_s10_session2_natural,43,76,45.53333333333333,-1.1641945838928223,0.2828711954434487
COHFACE_s10_session2_natural,43,77,45.56666666666667,-0.7348591685295105,0.24623221836237022
COHFACE_s10_session2_natural,43,78,45.6,0.5512512922286987,0.17971082735247007
COHFACE_s10_session2_natural,43,79,45.63333333333333,1.670434594154358,0.10758710133423931
COHFACE_s10_session2_natural,43,80,45.666666666666664,1.8187257051467896,0.04874727499021546
COHFACE_s10_session2_natural,43,81,45.7,1.3840490579605103,0.013906522934589332
COHFACE_s10_session2_natural,43,82,45.733333333333334,0.8939034938812256,0.008309244718155077
COHFACE_s10_session2_natural,43,83,45.766666666666666,0.5122449994087219,0.034855602862540636
COHFACE_s10_session2_natural,43,84,45.8,0.26987165212631226,0.0931865883173257
COHFACE_s10_session2_natural,43,85,45.833333333333336,0.2757561206817627,0.1748701995938975
COHFACE_s10_session2_natural,43,86,45.86666666666667,0.41210484504699707,0.2596687440529662
COHFACE_s10_session2_natural,43,87,45.9,0.4329143762588501,0.3184266821106684
COHFACE_s10_session2_natural,43,88,45.93333333333333,0.26908549666404724,0.32311086321862664
COHFACE_s10_session2_natural,43,89,45.96666666666667,-0.027808813378214836,0.25856727705809057
COHFACE_s10_session2_natural,43,90,46.0,-0.3421715795993805,0.12902347742597253
COHFACE_s10_session2_natural,43,91,46.03333333333333,-0.5998630523681641,-0.04398380716726532
COHFACE_s10_session2_natural,43,92,46.06666666666667,-0.7828713655471802,-0.2298421111011365
COHFACE_s10_session2_natural,43,93,46.1,-0.8909885287284851,-0.3977187915786502
COHFACE_s10_session2_natural,43,94,46.13333333333333,-0.9482956528663635,-0.5222968029831648
COHFACE_s10_session2_natural,43,95,46.166666666666664,-1.0013138055801392,-0.5863117461841741
COHFACE_s10_session2_natural,43,96,46.2,-1.0800431966781616,-0.5813947635378791
COHFACE_s10_session2_natural,43,97,46.233333333333334,-1.1747612953186035,-0.5081363003162321
COHFACE_s10_session2_natural,43,98,46.266666666666666,-1.0286089181900024,-0.37539274082767604
COHFACE_s10_session2_natural,43,99,46.3,0.0008389859576709569,-0.19879413840452673
COHFACE_s10_session2_natural,43,100,46.333333333333336,1.4197605848312378,0.0009376112924749918
COHFACE_s10_session2_natural,43,101,46.36666666666667,2.020601272583008,0.19918091825677967
COHFACE_s10_session2_natural,43,102,46.4,1.7447477579116821,0.36864942488544133
COHFACE_s10_session2_natural,43,103,46.43333333333333,1.2196537256240845,0.4822752087416645
COHFACE_s10_session2_natural,43,104,46.46666666666667,0.7999715209007263,0.5186808152040634
COHFACE_s10_session2_natural,43,105,46.5,0.47217506170272827,0.4690512721075939
COHFACE_s10_session2_natural,43,106,46.53333333333333,0.3207972049713135,0.3421715321358756
COHFACE_s10_session2_natural,43,107,46.56666666666667,0.38961899280548096,0.16413536308056675
COHFACE_s10_session2_natural,43,108,46.6,0.4594118595123291,-0.02851748150509807
COHFACE_s10_session2_natural,43,109,46.63333333333333,0.3693065643310547,-0.19978639162474746
COHFACE_s10_session2_natural,43,110,46.666666666666664,0.11511804163455963,-0.3240293943502261
COHFACE_s10_session2_natural,43,111,46.7,-0.21488657593727112,-0.3898057985169688
COHFACE_s10_session2_natural,43,112,46.733333333333334,-0.5272146463394165,-0.3970660944730844
COHFACE_s10_session2_natural,43,113,46.766666666666666,-0.7675879597663879,-0.3515051191109954
COHFACE_s10_session2_natural,43,114,46.8,-0.9249774217605591,-0.2610213937714928
COHFACE_s10_session2_natural,43,115,46.833333333333336,-1.011718511581421,-0.13625353543020938
COHFACE_s10_session2_natural,43,116,46.86666666666667,-1.0684360265731812,0.007438779483284594
COHFACE_s10_session2_natural,43,117,46.9,-1.125685453414917,0.15078680833063415
COHFACE_s10_session2_natural,43,118,46.93333333333333,-1.1998945474624634,0.27503727018894475
COHFACE_s10_session2_natural,43,119,46.96666666666667,-1.2937109470367432,0.36665573621531167
COHFACE_s10_session2_natural,43,120,47.0,-1.2258833646774292,0.4188509071694038
COHFACE_s10_session2_natural,43,121,47.03333333333333,-0.3088532090187073,0.4295979222086678
COHFACE_s10_session2_natural,43,122,47.06666666666667,1.2197115421295166,0.3987420293467759
COHFACE_s10_session2_natural,43,123,47.1,2.0272719860076904,0.327116299940711
COHFACE_s10_session2_natural,43,124,47.13333333333333,1.867662787437439,0.2183336918940717
COHFACE_s10_session2_natural,43,125,47.166666666666664,1.3605111837387085,0.08133532754888184
COHFACE_s10_session2_natural,43,126,47.2,0.9337652921676636,-0.06876445244890982
COHFACE_s10_session2_natural,43,127,47.233333333333334,0.6043040752410889,-0.21248714888647646
COHFACE_s10_session2_natural,43,128,47.266666666666666,0.38111019134521484,-0.32941343585351274
COHFACE_s10_session2_natural,43,129,47.3,0.3858848214149475,-0.40149132685124234
COHFACE_s10_session2_natural,43,130,47.333333333333336,0.45338866114616394,-0.41561726182715736
COHFACE_s10_session2_natural,43,131,47.36666666666667,0.3880004584789276,-0.36607631353357006
COHFACE_s10_session2_natural,43,132,47.4,0.153338223695755,-0.2570378945653798
COHFACE_s10_session2_natural,43,133,47.43333333333333,-0.16786856949329376,-0.10396285020391884
COHFACE_s10_session2_natural,43,134,47.46666666666667,-0.49764198064804077,0.0678700421976247
COHFACE_s10_session2_natural,43,135,47.5,-0.7659925222396851,0.2285508539147204
COHFACE_s10_session2_natural,43,136,47.53333333333333,-0.9505615830421448,0.3510618811990955
COHFACE_s10_session2_natural,43,137,47.56666666666667,-1.0678695440292358,0.41797229530616264
COHFACE_s10_session2_natural,43,138,47.6,-1.130436897277832,0.4243232782383838
COHFACE_s10_session2_natural,43,139,47.63333333333333,-1.1734317541122437,0.3758945546387678
COHFACE_s10_session2_natural,43,140,47.666666666666664,-1.232993245124817,0.28479993784323643
COHFACE_s10_session2_natural,43,141,47.7,-1.3185551166534424,0.1655365641055497
COHFACE_s10_session2_natural,43,142,47.733333333333334,-1.423157811164856,0.033200255846364934
COHFACE_s10_session2_natural,43,143,47.766666666666666,-1.395654559135437,-0.096800188555516
COHFACE_s10_session2_natural,43,144,47.8,-0.5256423354148865,-0.2093003486019429
COHFACE_s10_session2_natural,43,145,47.833333333333336,1.0762296915054321,-0.2911727490711105
COHFACE_s10_session2_natural,43,146,47.86666666666667,2.018913507461548,-0.33358736724526966
COHFACE_s10_session2_natural,43,147,47.9,1.9060217142105103,-0.3332810606445937
COHFACE_s10_session2_natural,43,148,47.93333333333333,1.3790085315704346,-0.2926027161460541
COHFACE_s10_session2_natural,43,149,47.96666666666667,0.916343092918396,-0.21944103860583897
COHFACE_s10_session2_natural,43,150,48.0,0.5668584704399109,-0.12766452797754857
COHFACE_s10_session2_natural,43,151,48.03333333333333,0.3428668975830078,-0.0369562165159103
COHFACE_s10_session2_natural,43,152,48.06666666666667,0.33300548791885376,0.030113716524914996
COHFACE_s10_session2_natural,43,153,48.1,0.41234761476516724,0.05453417072483344
COHFACE_s10_session2_natural,43,154,48.13333333333333,0.3768557906150818,0.028133320207154245
COHFACE_s10_session2_natural,43,155,48.166666666666664,0.15604346990585327,-0.04293052460915927
COHFACE_s10_session2_natural,43,156,48.2,-0.1680651158094406,-0.1408913637802016
COHFACE_s10_session2_natural,43,157,48.233333333333334,-0.49996569752693176,-0.24341555674660634
COHFACE_s10_session2_natural,43,158,48.266666666666666,-0.7873339056968689,-0.33040716519795327
COHFACE_s10_session2_natural,43,159,48.3,-0.9917760491371155,-0.3869897366352878
COHFACE_s10_session2_natural,43,160,48.333333333333336,-1.1011995077133179,-0.4028125902090437
COHFACE_s10_session2_natural,43,161,48.36666666666667,-1.1687958240509033,-0.3708048184170274
COHFACE_s10_session2_natural,43,162,48.4,-1.2147849798202515,-0.2879730887014863
COHFACE_s10_session2_natural,43,163,48.43333333333333,-1.2559878826141357,-0.15800417195751157
COHFACE_s10_session2_natural,43,164,48.46666666666667,-1.3314802646636963,0.006805307914698758
COHFACE_s10_session2_natural,43,165,48.5,-1.4277359247207642,0.18667809398653484
COHFACE_s10_session2_natural,43,166,48.53333333333333,-1.4621526002883911,0.35870293942984044
COHFACE_s10_session2_natural,43,167,48.56666666666667,-0.834906816482544,0.5022973395224927
COHFACE_s10_session2_natural,43,168,48.6,0.6958776116371155,0.6033183426386611
COHFACE_s10_session2_natural,43,169,48.63333333333333,1.8338819742202759,0.6556340022492073
COHFACE_s10_session2_natural,43,170,48.666666666666664,1.884795904159546,0.6604589968483907
COHFACE_s10_session2_natural,43,171,48.7,1.3869277238845825,0.6242611376411333
COHFACE_s10_session2_natural,43,172,48.733333333333334,0.8665967583656311,0.5555388710610043
COHFACE_s10_session2_natural,43,173,48.766666666666666,0.4572499990463257,0.4608241510219806
COHFACE_s10_session2_natural,43,174,48.8,0.1817779242992401,0.3416965372205699
COHFACE_s10_session2_natural,43,175,48.833333333333336,0.1828068494796753,0.19546163063527117
COHFACE_s10_session2_natural,43,176,48.86666666666667,0.3234908878803253,0.02047900762215729
COHFACE_s10_session2_natural,43,177,48.9,0.34003448486328125,-0.17626849751107598
COHFACE_s10_session2_natural,43,178,48.93333333333333,0.1601128876209259,-0.3743395096387547
COHFACE_s10_session2_natural,43,179,48.96666666666667,-0.14853882789611816,-0.5419367124479582
COHFACE_s10_session2_natural,43,180,49.0,-0.4838498830795288,-0.6448120533919627
COHFACE_s10_session2_natural,43,181,49.03333333333333,-0.7740851640701294,-0.6573875729632321
COHFACE_s10_session2_natural,43,182,49.06666666666667,-0.9817990064620972,-0.5705627796803294
COHFACE_s10_session2_natural,43,183,49.1,-1.1130956411361694,-0.3934405810257028
COHFACE_s10_session2_natural,43,184,49.13333333333333,-1.1845070123672485,-0.15026150342997516
COHFACE_s10_session2_natural,43,185,49.166666666666664,-1.2261146306991577,0.12401768401438633
COHFACE_s10_session2_natural,43,186,49.2,-1.274300217628479,0.387383756389141
COHFACE_s10_session2_natural,43,187,49.233333333333334,-1.341665267944336,0.594451738305541
COHFACE_s10_session2_natural,43,188,49.266666666666666,-1.429747462272644,0.7024446069782869
COHFACE_s10_session2_natural,43,189,49.3,-1.4404643774032593,0.6804047306209909
COHFACE_s10_session2_natural,43,190,49.333333333333336,-0.7120033502578735,0.5192803252928524
COHFACE_s10_session2_natural,43,191,49.36666666666667,0.8066884279251099,0.2381360834049408
COHFACE_s10_session2_natural,43,192,49.4,1.8196967840194702,-0.11739210801418012
COHFACE_s10_session2_natural,43,193,49.43333333333333,1.7972687482833862,-0.48461142132479296
COHFACE_s10_session2_natural,43,194,49.46666666666667,1.2703365087509155,-0.7975403511854846
COHFACE_s10_session2_natural,43,195,49.5,0.7243173122406006,-1.000071674247813
COHFACE_s10_session2_natural,43,196,49.53333333333333,0.28916671872138977,-1.0560567129200717
COHFACE_s10_session2_natural,43,197,49.56666666666667,0.042585235089063644,-0.956307112954087
COHFACE_s10_session2_natural,43,198,49.6,0.10884049534797668,-0.72199781646018
COHFACE_s10_session2_natural,43,199,49.63333333333333,0.2954442501068115,-0.4021241672573544
COHFACE_s10_session2_natural,43,200,49.666666666666664,0.32743313908576965,-0.06286667369404225
COHFACE_s10_session2_natural,43,201,49.7,0.14480631053447723,0.22982200335970762
COHFACE_s10_session2_natural,43,202,49.733333333333334,-0.1727588176727295,0.42821128919646706
COHFACE_s10_session2_natural,43,203,49.766666666666666,-0.5142549276351929,0.5134424799762536
COHFACE_s10_session2_natural,43,204,49.8,-0.7955074310302734,0.49496163529998394
COHFACE_s10_session2_natural,43,205,49.833333333333336,-0.992932140827179,0.4013800436270919
COHFACE_s10_session2_natural,43,206,49.86666666666667,-1.1096158027648926,0.26920869574152956
COHFACE_s10_session2_natural,43,207,49.9,-1.1680675745010376,0.13476242573477087
COHFACE_s10_session2_natural,43,208,49.93333333333333,-1.2075247764587402,0.029892684033118795
COHFACE_s10_session2_natural,43,209,49.96666666666667,-1.2586699724197388,-0.021403469362675606
COHFACE_s10_session2_natural,43,210,50.0,-1.3373878002166748,-0.00765297588480954
COHFACE_s10_session2_natural,43,211,50.03333333333333,-1.3332836627960205,0.06577809347213116
COHFACE_s10_session2_natural,43,212,50.06666666666667,-0.6375745534896851,0.17709366060757084
COHFACE_s10_session2_natural,43,213,50.1,0.788722813129425,0.29584579417705126
COHFACE_s10_session2_natural,43,214,50.13333333333333,1.735788106918335,0.3949237882222747
COHFACE_s10_session2_natural,43,215,50.166666666666664,1.7021921873092651,0.45952468215452247
COHFACE_s10_session2_natural,43,216,50.2,1.1767860651016235,0.4882321636214957
COHFACE_s10_session2_natural,43,217,50.233333333333334,0.6114602088928223,0.4875555615149107
COHFACE_s10_session2_natural,43,218,50.266666666666666,0.13580040633678436,0.4656819326620222
COHFACE_s10_session2_natural,43,219,50.3,-0.1094168871641159,0.43030990924849216
COHFACE_s10_session2_natural,43,220,50.333333333333336,0.0063881962560117245,0.39010906150576463
COHFACE_s10_session2_natural,43,221,50.36666666666667,0.24239149689674377,0.3550997918968909
COHFACE_s10_session2_natural,43,222,50.4,0.3056640625,0.3325555342629736
COHFACE_s10_session2_natural,43,223,50.43333333333333,0.13447090983390808,0.3200619491930655
COHFACE_s10_session2_natural,43,224,50.46666666666667,-0.1891983449459076,0.3012739512677132
COHFACE_s10_session2_natural,43,225,50.5,-0.5402090549468994,0.24930383141298193
COHFACE_s10_session2_natural,43,226,50.53333333333333,-0.8237043023109436,0.13760063762329972
COHFACE_s10_session2_natural,43,227,50.56666666666667,-1.0078803300857544,-0.04723598299278375
COHFACE_s10_session2_natural,43,228,50.6,-1.1072343587875366,-0.29767228717571004
COHFACE_s10_session2_natural,43,229,50.63333333333333,-1.1637206077575684,-0.5861983398719036
COHFACE_s10_session2_natural,43,230,50.666666666666664,-1.2157098054885864,-0.8733876761763251
COHFACE_s10_session2_natural,43,231,50.7,-1.2776644229888916,-1.1180789609432655
COHFACE_s10_session2_natural,43,232,50.733333333333334,-1.294878602027893,-1.2856297177224714
COHFACE_s10_session2_natural,43,233,50.766666666666666,-0.6980493664741516,-1.3531775151776035
COHFACE_s10_session2_natural,43,234,50.8,0.7354503870010376,-1.312522226945455
COHFACE_s10_session2_natural,43,235,50.833333333333336,1.8024249076843262,-1.1708061881933984
COHFACE_s10_session2_natural,43,236,50.86666666666667,1.8680442571640015,-0.948011566429938
COHFACE_s10_session2_natural,43,237,50.9,1.3805114030838013,-0.6707117728642547
COHFACE_s10_session2_natural,43,238,50.93333333333333,0.8158792853355408,-0.36420492223069967
COHFACE_s10_session2_natural,43,239,50.96666666666667,0.33424249291419983,-0.047404828603111224
COHFACE_s10_session2_natural,44,0,44.0,-1.0030478239059448,-0.16312706316761727
COHFACE_s10_session2_natural,44,1,44.03333333333333,-1.0848640203475952,-0.025127362302421317
COHFACE_s10_session2_natural,44,2,44.06666666666667,-1.200102686882019,0.09292666065286777
COHFACE_s10_session2_natural,44,3,44.1,-1.113615870475769,0.1771586711768276
COHFACE_s10_session2_natural,44,4,44.13333333333333,-0.14942900836467743,0.22569993851041328
COHFACE_s10_session2_natural,44,5,44.166666666666664,1.2497581243515015,0.24720212437687586
COHFACE_s10_session2_natural,44,6,44.2,1.8097776174545288,0.25430390473788733
COHFACE_s10_session2_natural,44,7,44.233333333333334,1.4948713779449463,0.2557137805800858
COHFACE_s10_session2_natural,44,8,44.266666666666666,0.9771069884300232,0.251636171158582
COHFACE_s10_session2_natural,44,9,44.3,0.5760840177536011,0.2352200315004332
COHFACE_s10_session2_natural,44,10,44.333333333333336,0.2779526710510254,0.19869384960781786
COHFACE_s10_session2_natural,44,11,44.36666666666667,0.18196290731430054,0.13998019756766145
COHFACE_s10_session2_natural,44,12,44.4,0.29976803064346313,0.06610138653037545
COHFACE_s10_session2_natural,44,13,44.43333333333333,0.3761390149593353,-0.007527352979120628
COHFACE_s10_session2_natural,44,14,44.46666666666667,0.2669120728969574,-0.060394663474760926
COHFACE_s10_session2_natural,44,15,44.5,0.02286241576075554,-0.07090778380627503
COHFACE_s10_session2_natural,44,16,44.53333333333333,-0.26369649171829224,-0.020802086297187557
COHFACE_s10_session2_natural,44,17,44.56666666666667,-0.530601978302002,0.09920858041504753
COHFACE_s10_session2_natural,44,18,44.6,-0.7356799840927124,0.28277776808572713
COHFACE_s10_session2_natural,44,19,44.63333333333333,-0.867808997631073,0.5029796563728969
COHFACE_s10_session2_natural,44,20,44.666666666666664,-0.9336249232292175,0.7132876646910883
COHFACE_s10_session2_natural,44,21,44.7,-0.9725272059440613,0.8572693352951706
COHFACE_s10_session2_natural,44,22,44.733333333333334,-1.0159035921096802,0.8853596446384254
COHFACE_s10_session2_natural,44,23,44.766666666666666,-1.088505744934082,0.7722983488801823
COHFACE_s10_session2_natural,44,24,44.8,-1.1913394927978516,0.527127493315497
COHFACE_s10_session2_natural,44,25,44.833333333333336,-1.1032227277755737,0.19093051954667373
COHFACE_s10_session2_natural,44,26,44.86666666666667,-0.20536042749881744,-0.1757537218602313
COHFACE_s10_session2_natural,44,27,44.9,1.1245194673538208,-0.5091943347343109
COHFACE_s10_session2_natural,44,28,44.93333333333333,1.7076836824417114,-0.75677979511116
COHFACE_s10_session2_natural,44,29,44.96666666666667,1.4459342956542969,-0.8873212886040114
COHFACE_s10_session2_natural,44,30,45.0,0.9353607296943665,-0.8968160646639178
COHFACE_s10_session2_natural,44,31,45.03333333333333,0.4986841082572937,-0.8084966613820189
COHFACE_s10_session2_natural,44,32,45.06666666666667,0.1794888824224472,-0.6656731894255523
COHFACE_s10_session2_natural,44,33,45.1,0.09774207323789597,-0.5179354570353966
COHFACE_s10_session2_natural,44,34,45.13333333333333,0.24560540914535522,-0.40527561397125617
COHFACE_s10_session2_natural,44,35,45.166666666666664,0.3510172963142395,-0.3466874526490904
COHFACE_s10_session2_natural,44,36,45.2,0.2618946433067322,-0.33711954458949966
COHFACE_s10_session2_natural,44,37,45.233333333333334,0.03093189187347889,-0.3521949148684064
COHFACE_s10_session2_natural,44,38,45.266666666666666,-0.26069068908691406,-0.35779398376664023
COHFACE_s10_session2_natural,44,39,45.3,-0.5438160300254822,-0.3215389385926461
COHFACE_s10_session2_natural,44,40,45.333333333333336,-0.7495761513710022,-0.22365648372442348
COHFACE_s10_session2_natural,44,41,45.36666666666667,-0.871450662612915,-0.06470399140927326
COHFACE_s10_session2_natural,44,42,45.4,-0.9309775233268738,0.1325267353987066
COHFACE_s10_session2_natural,44,43,45.43333333333333,-0.9788857102394104,0.32877863312622835
COHFACE_s10_session2_natural,44,44,45.46666666666667,-1.0373027324676514,0.48098744027223445
COHFACE_s10_session2_natural,44,45,45.5,-1.1136852502822876,0.5574432687535211
COHFACE_s10_session2_natural,44,46,45.53333333333333,-1.1641945838928223,0.5486732702889177
COHFACE_s10_session2_natural,44,47,45.56666666666667,-0.7348591685295105,0.4686779738109322
COHFACE_s10_session2_natural,44,48,45.6,0.5512512922286987,0.34664354848835105
COHFACE_s10_session2_natural,44,49,45.63333333333333,1.670434594154358,0.21477027440889856
COHFACE_s10_session2_natural,44,50,45.666666666666664,1.8187257051467896,0.09910818227961685
COHFACE_s10_session2_natural,44,51,45.7,1.3840490579605103,0.016917835643922362
COHFACE_s10_session2_natural,44,52,45.733333333333334,0.8939034938812256,-0.021144602965227147
COHFACE_s10_session2_natural,44,53,45.766666666666666,0.5122449994087219,-0.008829667467626513
COHFACE_s10_session2_natural,44,54,45.8,0.26987165212631226,0.054402000280354884
COHFACE_s10_session2_natural,44,55,45.833333333333336,0.2757561206817627,0.15923917032654755
COHFACE_s10_session2_natural,44,56,45.86666666666667,0.41210484504699707,0.28374257107715495
COHFACE_s10_session2_natural,44,57,45.9,0.4329143762588501,0.39609157549686225
COHFACE_s10_session2_natural,44,58,45.93333333333333,0.26908549666404724,0.46314905281874363
COHFACE_s10_session2_natural,44,59,45.96666666666667,-0.027808813378214836,0.46092840891762904
COHFACE_s10_session2_natural,44,60,46.0,-0.3421715795993805,0.38203119842269734
COHFACE_s10_session2_natural,44,61,46.03333333333333,-0.5998630523681641,0.23721331074021448
COHFACE_s10_session2_natural,44,62,46.06666666666667,-0.7828713655471802,0.05129200071657204
COHFACE_s10_session2_natural,44,63,46.1,-0.8909885287284851,-0.14424855716168683
COHFACE_s10_session2_natural,44,64,46.13333333333333,-0.9482956528663635,-0.31917367249210804
COHFACE_s10_session2_natural,44,65,46.166666666666664,-1.0013138055801392,-0.4508900050944961
COHFACE_s10_session2_natural,44,66,46.2,-1.0800431966781616,-0.5281385658633412
COHFACE_s10_session2_natural,44,67,46.233333333333334,-1.1747612953186035,-0.5514037736178408
COHFACE_s10_session2_natural,44,68,46.266666666666666,-1.0286089181900024,-0.5299662708502817
COHFACE_s10_session2_natural,44,69,46.3,0.0008389859576709569,-0.47652258181260365
COHFACE_s10_session2_natural,44,70,46.333333333333336,1.4197605848312378,-0.4017330464410444
COHFACE_s10_session2_natural,44,71,46.36666666666667,2.020601272583008,-0.3116179226655416
COHFACE_s10_session2_natural,44,72,46.4,1.7447477579116821,-0.20927944127322828
COHFACE_s10_session2_natural,44,73,46.43333333333333,1.2196537256240845,-0.09954644023101968
COHFACE_s10_session2_natural,44,74,46.46666666666667,0.7999715209007263,0.007327875657083173
COHFACE_s10_session2_natural,44,75,46.5,0.47217506170272827,0.09660806526809633
COHFACE_s10_session2_natural,44,76,46.53333333333333,0.3207972049713135,0.15493885979072175
COHFACE_s10_session2_natural,44,77,46.56666666666667,0.38961899280548096,0.1772300100014412
COHFACE_s10_session2_natural,44,78,46.6,0.4594118595123291,0.1691601178978563
COHFACE_s10_session2_natural,44,79,46.63333333333333,0.3693065643310547,0.14293891231543837
COHFACE_s10_session2_natural,44,80,46.666666666666664,0.11511804163455963,0.10987063884829193
COHFACE_s10_session2_natural,44,81,46.7,-0.21488657593727112,0.07616668313817859
COHFACE_s10_session2_natural,44,82,46.733333333333334,-0.5272146463394165,0.04478160099933608
COHFACE_s10_session2_natural,44,83,46.766666666666666,-0.7675879597663879,0.02005271559126475
COHFACE_s10_session2_natural,44,84,46.8,-0.9249774217605591,0.009759492179455126
COHFACE_s10_session2_natural,44,85,46.833333333333336,-1.011718511581421,0.022225321606312087
COHFACE_s10_session2_natural,44,86,46.86666666666667,-1.0684360265731812,0.06122424642782874
COHFACE_s10_session2_natural,44,87,46.9,-1.125685453414917,0.1235110530654291
COHFACE_s10_session2_natural,44,88,46.93333333333333,-1.1998945474624634,0.20044597800659378
COHFACE_s10_session2_natural,44,89,46.96666666666667,-1.2937109470367432,0.2808874154689067
COHFACE_s10_session2_natural,44,90,47.0,-1.2258833646774292,0.35231155960483684
COHFACE_s10_session2_natural,44,91,47.03333333333333,-0.3088532090187073,0.40020942436556217
COHFACE_s10_session2_natural,44,92,47.06666666666667,1.2197115421295166,0.40848442178150823
COHFACE_s10_session2_natural,44,93,47.1,2.0272719860076904,0.36322767812288004
COHFACE_s10_session2_natural,44,94,47.13333333333333,1.867662787437439,0.25898566398498213
COHFACE_s10_session2_natural,44,95,47.166666666666664,1.3605111837387085,0.10372702476112296
COHFACE_s10_session2_natural,44,96,47.2,0.9337652921676636,-0.08090501974386555
COHFACE_s10_session2_natural,44,97,47.233333333333334,0.6043040752410889,-0.26457883995475306
COHFACE_s10_session2_natural,44,98,47.266666666666666,0.38111019134521484,-0.41617833639246726
COHFACE_s10_session2_natural,44,99,47.3,0.3858848214149475,-0.5112356221813738
COHFACE_s10_session2_natural,44,100,47.333333333333336,0.45338866114616394,-0.5365141717377687
COHFACE_s10_session2_natural,44,101,47.36666666666667,0.3880004584789276,-0.4912826559601529
COHFACE_s10_session2_natural,44,102,47.4,0.153338223695755,-0.3861521891322975
COHFACE_s10_session2_natural,44,103,47.43333333333333,-0.16786856949329376,-0.24049630312072715
COHFACE_s10_session2_natural,44,104,47.46666666666667,-0.49764198064804077,-0.07883642597561032
COHFACE_s10_session2_natural,44,105,47.5,-0.7659925222396851,0.07373575387803241
COHFACE_s10_session2_natural,44,106,47.53333333333333,-0.9505615830421448,0.1963740360690253
COHFACE_s10_session2_natural,44,107,47.56666666666667,-1.0678695440292358,0.2759733310212274
COHFACE_s10_session2_natural,44,108,47.6,-1.130436897277832,0.307936088556584
COHFACE_s10_session2_natural,44,109,47.63333333333333,-1.1734317541122437,0.29423637617981413
COHFACE_s10_session2_natural,44,110,47.666666666666664,-1.232993245124817,0.2406647122044256
COHFACE_s10_session2_natural,44,111,47.7,-1.3185551166534424,0.15554393088269916
COHFACE_s10_session2_natural,44,112,47.733333333333334,-1.423157811164856,0.05034825986108995
COHFACE_s10_session2_natural,44,113,47.766666666666666,-1.395654559135437,-0.05957299864396344
COHFACE_s10_session2_natural,44,114,47.8,-0.5256423354148865,-0.15629059942112264
COHFACE_s10_session2_natural,44,115,47.833333333333336,1.0762296915054321,-0.22297345141838312
COHFACE_s10_session2_natural,44,116,47.86666666666667,2.018913507461548,-0.24806313198065827
COHFACE_s10_session2_natural,44,117,47.9,1.9060217142105103,-0.2276343954756228
COHFACE_s10_session2_natural,44,118,47.93333333333333,1.3790085315704346,-0.16566497335360056
COHFACE_s10_session2_natural,44,119,47.96666666666667,0.916343092918396,-0.07365644347865882
COHFACE_s10_session2_natural,44,120,48.0,0.5668584704399109,0.029858799090849073
COHFACE_s10_session2_natural,44,121,48.03333333333333,0.3428668975830078,0.12111688837951413
COHFACE_s10_session2_natural,44,122,48.06666666666667,0.33300548791885376,0.1753551223472335
COHFACE_s10_session2_natural,44,123,48.1,0.41234761476516724,0.17297096967352135
COHFACE_s10_session2_natural,44,124,48.13333333333333,0.3768557906150818,0.10553772914182961
COHFACE_s10_session2_natural,44,125,48.166666666666664,0.15604346990585327,-0.020837595755868788
COHFACE_s10_session2_natural,44,126,48.2,-0.1680651158094406,-0.18637408568289396
COHFACE_s10_session2_natural,44,127,48.233333333333334,-0.49996569752693176,-0.362278201840869
COHFACE_s10_session2_natural,44,128,48.266666666666666,-0.7873339056968689,-0.5168893452436635
COHFACE_s10_session2_natural,44,129,48.3,-0.9917760491371155,-0.6207728967247697
COHFACE_s10_session2_natural,44,130,48.333333333333336,-1.1011995077133179,-0.650085589423194
COHFACE_s10_session2_natural,44,131,48.36666666666667,-1.1687958240509033,-0.5894116288981646
COHFACE_s10_session2_natural,44,132,48.4,-1.2147849798202515,-0.43510022521589353
COHFACE_s10_session2_natural,44,133,48.43333333333333,-1.2559878826141357,-0.19835939024327112
COHFACE_s10_session2_natural,44,134,48.46666666666667,-1.3314802646636963,0.09416520823241091
COHFACE_s10_session2_natural,44,135,48.5,-1.4277359247207642,0.4042397200460086
COHFACE_s10_session2_natural,44,136,48.53333333333333,-1.4621526002883911,0.6898594504214264
COHFACE_s10_session2_natural,44,137,48.56666666666667,-0.834906816482544,0.9142401660337166
COHFACE_s10_session2_natural,44,138,48.6,0.6958776116371155,1.052878613054
COHFACE_s10_session2_natural,44,139,48.63333333333333,1.8338819742202759,1.0969660963425771
COHFACE_s10_session2_natural,44,140,48.666666666666664,1.884795904159546,1.0530437879684644
COHFACE_s10_session2_natural,44,141,48.7,1.3869277238845825,0.9395353168705572
COHFACE_s10_session2_natural,44,142,48.733333333333334,0.8665967583656311,0.7807020689266736
COHFACE_s10_session2_natural,44,143,48.766666666666666,0.4572499990463257,0.5989479249926605
COHFACE_s10_session2_natural,44,144,48.8,0.1817779242992401,0.4078979934197042
COHFACE_s10_session2_natural,44,145,48.833333333333336,0.1828068494796753,0.2096274144914821
COHFACE_s10_session2_natural,44,146,48.86666666666667,0.3234908878803253,-0.0019392241799439814
COHFACE_s10_session2_natural,44,147,48.9,0.34003448486328125,-0.2326282490252564
COHFACE_s10_session2_natural,44,148,48.93333333333333,0.1601128876209259,-0.47883045903873894
COHFACE_s10_session2_natural,44,149,48.96666666666667,-0.14853882789611816,-0.7224652477755796
COHFACE_s10_session2_natural,44,150,49.0,-0.4838498830795288,-0.9326983021780564
COHFACE_s10_session2_natural,44,151,49.03333333333333,-0.7740851640701294,-1.0734354176813365
COHFACE_s10_session2_natural,44,152,49.06666666666667,-0.9817990064620972,-1.1132359113075216
COHFACE_s10_session2_natural,44,153,49.1,-1.1130956411361694,-1.034081899858362
COHFACE_s10_session2_natural,44,154,49.13333333333333,-1.1845070123672485,-0.8368925546629544
COHFACE_s10_session2_natural,44,155,49.166666666666664,-1.2261146306991577,-0.543331779270361
COHFACE_s10_session2_natural,44,156,49.2,-1.274300217628479,-0.1941235792768113
COHFACE_s10_session2_natural,44,157,49.233333333333334,-1.341665267944336,0.15615636434073193
COHFACE_s10_session2_natural,44,158,49.266666666666666,-1.429747462272644,0.4480473062665934
COHFACE_s10_session2_natural,44,159,49.3,-1.4404643774032593,0.629273101833144
COHFACE_s10_session2_natural,44,160,49.333333333333336,-0.7120033502578735,0.6672356067433175
COHFACE_s10_session2_natural,44,161,49.36666666666667,0.8066884279251099,0.557738869005414
COHFACE_s10_session2_natural,44,162,49.4,1.8196967840194702,0.32642832286612605
COHFACE_s10_session2_natural,44,163,49.43333333333333,1.7972687482833862,0.022273563311529816
COHFACE_s10_session2_natural,44,164,49.46666666666667,1.2703365087509155,-0.29417443639854307
COHFACE_s10_session2_natural,44,165,49.5,0.7243173122406006,-0.5635376424196855
COHFACE_s10_session2_natural,44,166,49.53333333333333,0.28916671872138977,-0.7385708655600413
COHFACE_s10_session2_natural,44,167,49.56666666666667,0.042585235089063644,-0.7925015549220205
COHFACE_s10_session2_natural,44,168,49.6,0.10884049534797668,-0.724071574926393
COHFACE_s10_session2_natural,44,169,49.63333333333333,0.2954442501068115,-0.5576044424285623
COHFACE_s10_session2_natural,44,170,49.666666666666664,0.32743313908576965,-0.3363975982890367
COHFACE_s10_session2_natural,44,171,49.7,0.14480631053447723,-0.10994263451585128
COHFACE_s10_session2_natural,44,172,49.733333333333334,-0.1727588176727295,0.08087554404288468
COHFACE_s10_session2_natural,44,173,49.766666666666666,-0.5142549276351929,0.21449889432747318
COHFACE_s10_session2_natural,44,174,49.8,-0.7955074310302734,0.29125597996606606
COHFACE_s10_session2_natural,44,175,49.833333333333336,-0.992932140827179,0.3281222491099566
COHFACE_s10_session2_natural,44,176,49.86666666666667,-1.1096158027648926,0.34963883990944783
COHFACE_s10_session2_natural,44,177,49.9,-1.1680675745010376,0.37948710008444836
COHFACE_s10_session2_natural,44,178,49.93333333333333,-1.2075247764587402,0.43478837145736104
COHFACE_s10_session2_natural,44,179,49.96666666666667,-1.2586699724197388,0.5225680961458465
COHFACE_s10_session2_natural,44,180,50.0,-1.3373878002166748,0.6375345835400281
COHFACE_s10_session2_natural,44,181,50.03333333333333,-1.3332836627960205,0.7619569645571351
COHFACE_s10_session2_natural,44,182,50.06666666666667,-0.6375745534896851,0.8696690101449167
COHFACE_s10_session2_natural,44,183,50.1,0.788722813129425,0.9347366039999518
COHFACE_s10_session2_natural,44,184,50.13333333333333,1.735788106918335,0.9413003586155442
COHFACE_s10_session2_natural,44,185,50.166666666666664,1.7021921873092651,0.8887718302439133
COHFACE_s10_session2_natural,44,186,50.2,1.1767860651016235,0.7892321541660017
COHFACE_s10_session2_natural,44,187,50.233333333333334,0.6114602088928223,0.6592842267486293
COHFACE_s10_session2_natural,44,188,50.266666666666666,0.13580040633678436,0.5121594613652135
COHFACE_s10_session2_natural,44,189,50.3,-0.1094168871641159,0.35487882028291007
COHFACE_s10_session2_natural,44,190,50.333333333333336,0.0063881962560117245,0.1904825614478878
COHFACE_s10_session2_natural,44,191,50.36666666666667,0.24239149689674377,0.021245925299590115
COHFACE_s10_session2_natural,44,192,50.4,0.3056640625,-0.15088169820911232
COHFACE_s10_session2_natural,44,193,50.43333333333333,0.13447090983390808,-0.32677528771033026
COHFACE_s10_session2_natural,44,194,50.46666666666667,-0.1891983449459076,-0.5124261314583811
COHFACE_s10_session2_natural,44,195,50.5,-0.5402090549468994,-0.7175258263521547
COHFACE_s10_session2_natural,44,196,50.53333333333333,-0.8237043023109436,-0.9496975377076848
COHFACE_s10_session2_natural,44,197,50.56666666666667,-1.0078803300857544,-1.207163376028033
COHFACE_s10_session2_natural,44,198,50.6,-1.1072343587875366,-1.4737703079868183
COHFACE_s10_session2_natural,44,199,50.63333333333333,-1.1637206077575684,-1.7187402717795022
COHFACE_s10_session2_natural,44,200,50.666666666666664,-1.2157098054885864,-1.9008286120406095
COHFACE_s10_session2_natural,44,201,50.7,-1.2776644229888916,-1.975017696363765
COHFACE_s10_session2_natural,44,202,50.733333333333334,-1.294878602027893,-1.90045711271697
COHFACE_s10_session2_natural,44,203,50.766666666666666,-0.6980493664741516,-1.6494940258416881
COHFACE_s10_session2_natural,44,204,50.8,0.7354503870010376,-1.2173026709046888
COHFACE_s10_session2_natural,44,205,50.833333333333336,1.8024249076843262,-0.629735640650463
COHFACE_s10_session2_natural,44,206,50.86666666666667,1.8680442571640015,0.05477203775111112
COHFACE_s10_session2_natural,44,207,50.9,1.3805114030838013,0.7526952197364268
COHFACE_s10_session2_natural,44,208,50.93333333333333,0.8158792853355408,1.3718041473460616
COHFACE_s10_session2_natural,44,209,50.96666666666667,0.33424249291419983,1.8315749656905225
COHFACE_s10_session2_natural,44,210,51.0,0.033614009618759155,2.081063905503341
COHFACE_s10_session2_natural,44,211,51.03333333333333,0.0795915350317955,2.1086322164669236
COHFACE_s10_session2_natural,44,212,51.06666666666667,0.2948431074619293,1.9403605517969547
COHFACE_s10_session2_natural,44,213,51.1,0.3864744305610657,1.6279876827593798
COHFACE_s10_session2_natural,44,214,51.13333333333333,0.2447383552789688,1.2319096188680547
COHFACE_s10_session2_natural,44,215,51.166666666666664,-0.06482667475938797,0.8066917663550991
COHFACE_s10_session2_natural,44,216,51.2,-0.4186813235282898,0.3936390840465861
COHFACE_s10_session2_natural,44,217,51.233333333333334,-0.7192288637161255,0.020292427121633656
COHFACE_s10_session2_natural,44,218,51.266666666666666,-0.9222259521484375,-0.2958681570049622
COHFACE_s10_session2_natural,44,219,51.3,-1.0355454683303833,-0.542580506633771
COHFACE_s10_session2_natural,44,220,51.333333333333336,-1.1041475534439087,-0.7094400676014563
COHFACE_s10_session2_natural,44,221,51.36666666666667,-1.1612929105758667,-0.7877313149034697
COHFACE_s10_session2_natural,44,222,51.4,-1.226299524307251,-0.7736061503494619
COHFACE_s10_session2_natural,44,223,51.43333333333333,-1.1791428327560425,-0.6728476548204656
COHFACE_s10_session2_natural,44,224,51.46666666666667,-0.3492468297481537,-0.5040497896303985
COHFACE_s10_session2_natural,44,225,51.5,1.1816068887710571,-0.29747969576527133
COHFACE_s10_session2_natural,44,226,51.53333333333333,2.105527400970459,-0.08943052315493077
COHFACE_s10_session2_natural,44,227,51.56666666666667,2.030277729034424,0.08546351623191331
COHFACE_s10_session2_natural,44,228,51.6,1.510501742362976,0.20079598922937328
COHFACE_s10_session2_natural,44,229,51.63333333333333,0.9982633590698242,0.24203727076314374
COHFACE_s10_session2_natural,44,230,51.666666666666664,0.5950091481208801,0.20748554390336613
COHFACE_s10_session2_natural,44,231,51.7,0.3444044888019562,0.1078440691490426
COHFACE_s10_session2_natural,44,232,51.733333333333334,0.37389621138572693,-0.03480648090204675
COHFACE_s10_session2_natural,44,233,51.766666666666666,0.510545551776886,-0.18921542564685292
COHFACE_s10_session2_natural,44,234,51.8,0.5052275657653809,-0.3195753482502447
COHFACE_s10_session2_natural,44,235,51.833333333333336,0.28760600090026855,-0.3928690237332724
COHFACE_s10_session2_natural,44,236,51.86666666666667,-0.05330049991607666,-0.3872389087282069
COHFACE_s10_session2_natural,44,237,51.9,-0.4100453555583954,-0.2983002106437493
COHFACE_s10_session2_natural,44,238,51.93333333333333,-0.7074368000030518,-0.14097281213802773
COHFACE_s10_session2_natural,44,239,51.96666666666667,-0.9162142872810364,0.05372307827163479
COHFACE_s10_session2_natural,45,0,45.0,0.9353607296943665,-0.028893378695998777
COHFACE_s10_session2_natural,45,1,45.03333333333333,0.4986841082572937,0.1171787894599199
COHFACE_s10_session2_natural,45,2,45.06666666666667,0.1794888824224472,0.19458666909491498
COHFACE_s10_session2_natural,45,3,45.1,0.09774207323789597,0.15339529007314603
COHFACE_s10_session2_natural,45,4,45.13333333333333,0.24560540914535522,-0.022206591102427137
COHFACE_s10_session2_natural,45,5,45.166666666666664,0.3510172963142395,-0.309438771887441
COHFACE_s10_session2_natural,45,6,45.2,0.2618946433067322,-0.6533792069737225
COHFACE_s10_session2_natural,45,7,45.233333333333334,0.03093189187347889,-0.9815865697071928
COHFACE_s10_session2_natural,45,8,45.266666666666666,-0.26069068908691406,-1.221834862356657
COHFACE_s10_session2_natural,45,9,45.3,-0.5438160300254822,-1.3182045401302074
COHFACE_s10_session2_natural,45,10,45.333333333333336,-0.7495761513710022,-1.2429930012061616
COHFACE_s10_session2_natural,45,11,45.36666666666667,-0.871450662612915,-1.0035022877928592
COHFACE_s10_session2_natural,45,12,45.4,-0.9309775233268738,-0.6422550710679026
COHFACE_s10_session2_natural,45,13,45.43333333333333,-0.9788857102394104,-0.22853453411517763
COHFACE_s10_session2_natural,45,14,45.46666666666667,-1.0373027324676514,0.15904472255207983
COHFACE_s10_session2_natural,45,15,45.5,-1.1136852502822876,0.4547839179208743
COHFACE_s10_session2_natural,45,16,45.53333333333333,-1.1641945838928223,0.6243567354279822
COHFACE_s10_session2_natural,45,17,45.56666666666667,-0.7348591685295105,0.6709233577987543
COHFACE_s10_session2_natural,45,18,45.6,0.5512512922286987,0.6267088215316732
COHFACE_s10_session2_natural,45,19,45.63333333333333,1.670434594154358,0.5358536056040821
COHFACE_s10_session2_natural,45,20,45.666666666666664,1.8187257051467896,0.43797537709452666
COHFACE_s10_session2_natural,45,21,45.7,1.3840490579605103,0.35940992697151436
COHFACE_s10_session2_natural,45,22,45.733333333333334,0.8939034938812256,0.3128602287149988
COHFACE_s10_session2_natural,45,23,45.766666666666666,0.5122449994087219,0.3008777607299878
COHFACE_s10_session2_natural,45,24,45.8,0.26987165212631226,0.3179400412187071
COHFACE_s10_session2_natural,45,25,45.833333333333336,0.2757561206817627,0.3496653271553204
COHFACE_s10_session2_natural,45,26,45.86666666666667,0.41210484504699707,0.3725341624872799
COHFACE_s10_session2_natural,45,27,45.9,0.4329143762588501,0.3587490555688149
COHFACE_s10_session2_natural,45,28,45.93333333333333,0.26908549666404724,0.2867583855432507
COHFACE_s10_session2_natural,45,29,45.96666666666667,-0.027808813378214836,0.15245838994458624
COHFACE_s10_session2_natural,45,30,46.0,-0.3421715795993805,-0.02571751281680832
COHFACE_s10_session2_natural,45,31,46.03333333333333,-0.5998630523681641,-0.21151113387125958
COHFACE_s10_session2_natural,45,32,46.06666666666667,-0.7828713655471802,-0.36335648011085697
COHFACE_s10_session2_natural,45,33,46.1,-0.8909885287284851,-0.44855065129467736
COHFACE_s10_session2_natural,45,34,46.13333333333333,-0.9482956528663635,-0.453048280404951
COHFACE_s10_session2_natural,45,35,46.166666666666664,-1.0013138055801392,-0.3839972942473903
COHFACE_s10_session2_natural,45,36,46.2,-1.0800431966781616,-0.26547508739432457
COHFACE_s10_session2_natural,45,37,46.233333333333334,-1.1747612953186035,-0.12989368894603479
COHFACE_s10_session2_natural,45,38,46.266666666666666,-1.0286089181900024,-0.008112256013167255
COHFACE_s10_session2_natural,45,39,46.3,0.0008389859576709569,0.07877108969284219
COHFACE_s10_session2_natural,45,40,46.333333333333336,1.4197605848312378,0.12324073744685088
COHFACE_s10_session2_natural,45,41,46.36666666666667,2.020601272583008,0.12948544194794687
COHFACE_s10_session2_natural,45,42,46.4,1.7447477579116821,0.10738982892817465
COHFACE_s10_session2_natural,45,43,46.43333333333333,1.2196537256240845,0.06635093865641305
COHFACE_s10_session2_natural,45,44,46.46666666666667,0.7999715209007263,0.012632448370850181
COHFACE_s10_session2_natural,45,45,46.5,0.47217506170272827,-0.04885437160565725
COHFACE_s10_session2_natural,45,46,46.53333333333333,0.3207972049713135,-0.1109821910521067
COHFACE_s10_session2_natural,45,47,46.56666666666667,0.38961899280548096,-0.16325818920051408
COHFACE_s10_session2_natural,45,48,46.6,0.4594118595123291,-0.19540063944933744
COHFACE_s10_session2_natural,45,49,46.63333333333333,0.3693065643310547,-0.20378352437746483
COHFACE_s10_session2_natural,45,50,46.666666666666664,0.11511804163455963,-0.19549941043874278
COHFACE_s10_session2_natural,45,51,46.7,-0.21488657593727112,-0.18544697578323344
COHFACE_s10_session2_natural,45,52,46.733333333333334,-0.5272146463394165,-0.18702165883825425
COHFACE_s10_session2_natural,45,53,46.766666666666666,-0.7675879597663879,-0.2023411426503618
COHFACE_s10_session2_natural,45,54,46.8,-0.9249774217605591,-0.2187402418910857
COHFACE_s10_session2_natural,45,55,46.833333333333336,-1.011718511581421,-0.21399472215761048
COHFACE_s10_session2_natural,45,56,46.86666666666667,-1.0684360265731812,-0.16663968148400438
COHFACE_s10_session2_natural,45,57,46.9,-1.125685453414917,-0.06500996728570439
COHFACE_s10_session2_natural,45,58,46.93333333333333,-1.1998945474624634,0.08850840709308194
COHFACE_s10_session2_natural,45,59,46.96666666666667,-1.2937109470367432,0.2774078792593477
COHFACE_s10_session2_natural,45,60,47.0,-1.2258833646774292,0.47380080804993085
COHFACE_s10_session2_natural,45,61,47.03333333333333,-0.3088532090187073,0.6437776390711863
COHFACE_s10_session2_natural,45,62,47.06666666666667,1.2197115421295166,0.7550579311056929
COHFACE_s10_session2_natural,45,63,47.1,2.0272719860076904,0.785105232215729
COHFACE_s10_session2_natural,45,64,47.13333333333333,1.867662787437439,0.7267379499226465
COHFACE_s10_session2_natural,45,65,47.166666666666664,1.3605111837387085,0.5888838100744735
COHFACE_s10_session2_natural,45,66,47.2,0.9337652921676636,0.39254488029751855
COHFACE_s10_session2_natural,45,67,47.233333333333334,0.6043040752410889,0.16450519431453428
COHFACE_s10_session2_natural,45,68,47.266666666666666,0.38111019134521484,-0.06805704627644389
COHFACE_s10_session2_natural,45,69,47.3,0.3858848214149475,-0.28035394226431465
COHFACE_s10_session2_natural,45,70,47.333333333333336,0.45338866114616394,-0.45083651970336747
COHFACE_s10_session2_natural,45,71,47.36666666666667,0.3880004584789276,-0.5621173724550985
COHFACE_s10_session2_natural,45,72,47.4,0.153338223695755,-0.6032142793133318
COHFACE_s10_session2_natural,45,73,47.43333333333333,-0.16786856949329376,-0.5724985260960114
COHFACE_s10_session2_natural,45,74,47.46666666666667,-0.49764198064804077,-0.47947968941659563
COHFACE_s10_session2_natural,45,75,47.5,-0.7659925222396851,-0.343699597973434
COHFACE_s10_session2_natural,45,76,47.53333333333333,-0.9505615830421448,-0.19037885772900573
COHFACE_s10_session2_natural,45,77,47.56666666666667,-1.0678695440292358,-0.0442851685140202
COHFACE_s10_session2_natural,45,78,47.6,-1.130436897277832,0.07555523449770728
COHFACE_s10_session2_natural,45,79,47.63333333333333,-1.1734317541122437,0.15828959106321921
COHFACE_s10_session2_natural,45,80,47.666666666666664,-1.232993245124817,0.20096982143453204
COHFACE_s10_session2_natural,45,81,47.7,-1.3185551166534424,0.20722976405796512
COHFACE_s10_session2_natural,45,82,47.733333333333334,-1.423157811164856,0.1858078107789402
COHFACE_s10_session2_natural,45,83,47.766666666666666,-1.395654559135437,0.14837594717704952
COHFACE_s10_session2_natural,45,84,47.8,-0.5256423354148865,0.10614100853353257
COHFACE_s10_session2_natural,45,85,47.833333333333336,1.0762296915054321,0.06609494597686859
COHFACE_s10_session2_natural,45,86,47.86666666666667,2.018913507461548,0.029064856616145503
COHFACE_s10_session2_natural,45,87,47.9,1.9060217142105103,-0.008882178255890756
COHFACE_s10_session2_natural,45,88,47.93333333333333,1.3790085315704346,-0.05269736701404808
COHFACE_s10_session2_natural,45,89,47.96666666666667,0.916343092918396,-0.10516634535093092
COHFACE_s10_session2_natural,45,90,48.0,0.5668584704399109,-0.16615813557334258
COHFACE_s10_session2_natural,45,91,48.03333333333333,0.3428668975830078,-0.23361734304306
COHFACE_s10_session2_natural,45,92,48.06666666666667,0.33300548791885376,-0.3041561578387254
COHFACE_s10_session2_natural,45,93,48.1,0.41234761476516724,-0.3719467762605942
COHFACE_s10_session2_natural,45,94,48.13333333333333,0.3768557906150818,-0.42702699514301723
COHFACE_s10_session2_natural,45,95,48.166666666666664,0.15604346990585327,-0.45578652316046936
COHFACE_s10_session2_natural,45,96,48.2,-0.1680651158094406,-0.44539330176323594
COHFACE_s10_session2_natural,45,97,48.233333333333334,-0.49996569752693176,-0.3906377121564052
COHFACE_s10_session2_natural,45,98,48.266666666666666,-0.7873339056968689,-0.2985163600347871
COHFACE_s10_session2_natural,45,99,48.3,-0.9917760491371155,-0.1861429431370567
COHFACE_s10_session2_natural,45,100,48.333333333333336,-1.1011995077133179,-0.07218726068072101
COHFACE_s10_session2_natural,45,101,48.36666666666667,-1.1687958240509033,0.03282711803453213
COHFACE_s10_session2_natural,45,102,48.4,-1.2147849798202515,0.13088400122181326
COHFACE_s10_session2_natural,45,103,48.43333333333333,-1.2559878826141357,0.23259748277800538
COHFACE_s10_session2_natural,45,104,48.46666666666667,-1.3314802646636963,0.34791418137719077
COHFACE_s10_session2_natural,45,105,48.5,-1.4277359247207642,0.47771224141549995
COHFACE_s10_session2_natural,45,106,48.53333333333333,-1.4621526002883911,0.6112391110931499
COHFACE_s10_session2_natural,45,107,48.56666666666667,-0.834906816482544,0.7298700187620216
COHFACE_s10_session2_natural,45,108,48.6,0.6958776116371155,0.8138651839518453
COHFACE_s10_session2_natural,45,109,48.63333333333333,1.8338819742202759,0.8481532012984018
COHFACE_s10_session2_natural,45,110,48.666666666666664,1.884795904159546,0.8254850672901128
COHFACE_s10_session2_natural,45,111,48.7,1.3869277238845825,0.747362919900139
COHFACE_s10_session2_natural,45,112,48.733333333333334,0.8665967583656311,0.6227555922137527
COHFACE_s10_session2_natural,45,113,48.766666666666666,0.4572499990463257,0.4641484114485602
COHFACE_s10_session2_natural,45,114,48.8,0.1817779242992401,0.28232340804197925
COHFACE_s10_session2_natural,45,115,48.833333333333336,0.1828068494796753,0.08325917015780891
COHFACE_s10_session2_natural,45,116,48.86666666666667,0.3234908878803253,-0.13030041924935873
COHFACE_s10_session2_natural,45,117,48.9,0.34003448486328125,-0.35335113850788347
COHFACE_s10_session2_natural,45,118,48.93333333333333,0.1601128876209259,-0.5731333103594515
COHFACE_s10_session2_natural,45,119,48.96666666666667,-0.14853882789611816,-0.7679704804156475
COHFACE_s10_session2_natural,45,120,49.0,-0.4838498830795288,-0.9117181404665808
COHFACE_s10_session2_natural,45,121,49.03333333333333,-0.7740851640701294,-0.9812066285021876
COHFACE_s10_session2_natural,45,122,49.06666666666667,-0.9817990064620972,-0.962509709721309
COHFACE_s10_session2_natural,45,123,49.1,-1.1130956411361694,-0.8534011053986446
COHFACE_s10_session2_natural,45,124,49.13333333333333,-1.1845070123672485,-0.6624983866558336
COHFACE_s10_session2_natural,45,125,49.166666666666664,-1.2261146306991577,-0.4076882313699358
COHFACE_s10_session2_natural,45,126,49.2,-1.274300217628479,-0.11574151422298681
COHFACE_s10_session2_natural,45,127,49.233333333333334,-1.341665267944336,0.17755612382597927
COHFACE_s10_session2_natural,45,128,49.266666666666666,-1.429747462272644,0.4295752570148626
COHFACE_s10_session2_natural,45,129,49.3,-1.4404643774032593,0.5977753568733515
COHFACE_s10_session2_natural,45,130,49.333333333333336,-0.7120033502578735,0.6507245479593754
COHFACE_s10_session2_natural,45,131,49.36666666666667,0.8066884279251099,0.5789496804060198
COHFACE_s10_session2_natural,45,132,49.4,1.8196967840194702,0.40019505525707494
COHFACE_s10_session2_natural,45,133,49.43333333333333,1.7972687482833862,0.15600196718623238
COHFACE_s10_session2_natural,45,134,49.46666666666667,1.2703365087509155,-0.09900388295543777
COHFACE_s10_session2_natural,45,135,49.5,0.7243173122406006,-0.3106602268553576
COHFACE_s10_session2_natural,45,136,49.53333333333333,0.28916671872138977,-0.43769800479974824
COHFACE_s10_session2_natural,45,137,49.56666666666667,0.042585235089063644,-0.4609793563565242
COHFACE_s10_session2_natural,45,138,49.6,0.10884049534797668,-0.38797039831160635
COHFACE_s10_session2_natural,45,139,49.63333333333333,0.2954442501068115,-0.25062421939878887
COHFACE_s10_session2_natural,45,140,49.666666666666664,0.32743313908576965,-0.09582185078773801
COHFACE_s10_session2_natural,45,141,49.7,0.14480631053447723,0.029645222353428678
COHFACE_s10_session2_natural,45,142,49.733333333333334,-0.1727588176727295,0.09415519227667886
COHFACE_s10_session2_natural,45,143,49.766666666666666,-0.5142549276351929,0.08999390340169813
COHFACE_s10_session2_natural,45,144,49.8,-0.7955074310302734,0.03248532102328993
COHFACE_s10_session2_natural,45,145,49.833333333333336,-0.992932140827179,-0.04849971727601233
COHFACE_s10_session2_natural,45,146,49.86666666666667,-1.1096158027648926,-0.11903627594938852
COHFACE_s10_session2_natural,45,147,49.9,-1.1680675745010376,-0.1486689392352985
COHFACE_s10_session2_natural,45,148,49.93333333333333,-1.2075247764587402,-0.11440752533201742
COHFACE_s10_session2_natural,45,149,49.96666666666667,-1.2586699724197388,-0.004195957845101866
COHFACE_s10_session2_natural,45,150,50.0,-1.3373878002166748,0.17822791667343896
COHFACE_s10_session2_natural,45,151,50.03333333333333,-1.3332836627960205,0.40929425266300373
COHFACE_s10_session2_natural,45,152,50.06666666666667,-0.6375745534896851,0.6473678525767895
COHFACE_s10_session2_natural,45,153,50.1,0.788722813129425,0.8432386523581689
COHFACE_s10_session2_natural,45,154,50.13333333333333,1.735788106918335,0.9558624489519559
COHFACE_s10_session2_natural,45,155,50.166666666666664,1.7021921873092651,0.965097990467358
COHFACE_s10_session2_natural,45,156,50.2,1.1767860651016235,0.8750003601200751
COHFACE_s10_session2_natural,45,157,50.233333333333334,0.6114602088928223,0.7075898565640245
COHFACE_s10_session2_natural,45,158,50.266666666666666,0.13580040633678436,0.49251742456820635
COHFACE_s10_session2_natural,45,159,50.3,-0.1094168871641159,0.25888992847383213
COHFACE_s10_session2_natural,45,160,50.333333333333336,0.0063881962560117245,0.03160883544583999
COHFACE_s10_session2_natural,45,161,50.36666666666667,0.24239149689674377,-0.16982132565406996
COHFACE_s10_session2_natural,45,162,50.4,0.3056640625,-0.3328504360202755
COHFACE_s10_session2_natural,45,163,50.43333333333333,0.13447090983390808,-0.45428324499937045
COHFACE_s10_session2_natural,45,164,50.46666666666667,-0.1891983449459076,-0.5414675326900527
COHFACE_s10_session2_natural,45,165,50.5,-0.5402090549468994,-0.6099825934878306
COHFACE_s10_session2_natural,45,166,50.53333333333333,-0.8237043023109436,-0.6779359565243868
COHFACE_s10_session2_natural,45,167,50.56666666666667,-1.0078803300857544,-0.7594271576574144
COHFACE_s10_session2_natural,45,168,50.6,-1.1072343587875366,-0.859768690411843
COHFACE_s10_session2_natural,45,169,50.63333333333333,-1.1637206077575684,-0.9732274873567229
COHFACE_s10_session2_natural,45,170,50.666666666666664,-1.2157098054885864,-1.0824487070269697
COHFACE_s10_session2_natural,45,171,50.7,-1.2776644229888916,-1.158835431709551
COHFACE_s10_session2_natural,45,172,50.733333333333334,-1.294878602027893,-1.1648882946679295
COHFACE_s10_session2_natural,45,173,50.766666666666666,-0.6980493664741516,-1.0608517916973124
COHFACE_s10_session2_natural,45,174,50.8,0.7354503870010376,-0.8169346889835225
COHFACE_s10_session2_natural,45,175,50.833333333333336,1.8024249076843262,-0.4287493915650472
COHFACE_s10_session2_natural,45,176,50.86666666666667,1.8680442571640015,0.07057009501948863
COHFACE_s10_session2_natural,45,177,50.9,1.3805114030838013,0.6094383035269973
COHFACE_s10_session2_natural,45,178,50.93333333333333,0.8158792853355408,1.0922568437258355
COHFACE_s10_session2_natural,45,179,50.96666666666667,0.33424249291419983,1.426179070211859
COHFACE_s10_session2_natural,45,180,51.0,0.033614009618759155,1.5502803493879198
COHFACE_s10_session2_natural,45,181,51.03333333333333,0.0795915350317955,1.4548446465829414
COHFACE_s10_session2_natural,45,182,51.06666666666667,0.2948431074619293,1.1825436761506658
COHFACE_s10_session2_natural,45,183,51.1,0.3864744305610657,0.811617703612249
COHFACE_s10_session2_natural,45,184,51.13333333333333,0.2447383552789688,0.4292064888428128
COHFACE_s10_session2_natural,45,185,51.166666666666664,-0.06482667475938797,0.10625770115517469
COHFACE_s10_session2_natural,45,186,51.2,-0.4186813235282898,-0.11754232147767282
COHFACE_s10_session2_natural,45,187,51.233333333333334,-0.7192288637161255,-0.23631937557515223
COHFACE_s10_session2_natural,45,188,51.266666666666666,-0.9222259521484375,-0.270271500570542
COHFACE_s10_session2_natural,45,189,51.3,-1.0355454683303833,-0.25230413834339926
COHFACE_s10_session2_natural,45,190,51.333333333333336,-1.1041475534439087,-0.21444590672867073
COHFACE_s10_session2_natural,45,191,51.36666666666667,-1.1612929105758667,-0.17861608595439685
COHFACE_s10_session2_natural,45,192,51.4,-1.226299524307251,-0.15400600603535458
COHFACE_s10_session2_natural,45,193,51.43333333333333,-1.1791428327560425,-0.14026917537957329
COHFACE_s10_session2_natural,45,194,51.46666666666667,-0.3492468297481537,-0.13315030514253004
COHFACE_s10_session2_natural,45,195,51.5,1.1816068887710571,-0.12865794469236638
COHFACE_s10_session2_natural,45,196,51.53333333333333,2.105527400970459,-0.1238872458006003
COHFACE_s10_session2_natural,45,197,51.56666666666667,2.030277729034424,-0.11557534559886992
COHFACE_s10_session2_natural,45,198,51.6,1.510501742362976,-0.09921931218420751
COHFACE_s10_session2_natural,45,199,51.63333333333333,0.9982633590698242,-0.0708798299850623
COHFACE_s10_session2_natural,45,200,51.666666666666664,0.5950091481208801,-0.031114068001973364
COHFACE_s10_session2_natural,45,201,51.7,0.3444044888019562,0.011893391820633398
COHFACE_s10_session2_natural,45,202,51.733333333333334,0.37389621138572693,0.042953275410366386
COHFACE_s10_session2_natural,45,203,51.766666666666666,0.510545551776886,0.044985918401247764
COHFACE_s10_session2_natural,45,204,51.8,0.5052275657653809,0.00653895363037519
COHFACE_s10_session2_natural,45,205,51.833333333333336,0.28760600090026855,-0.07191305967657192
COHFACE_s10_session2_natural,45,206,51.86666666666667,-0.05330049991607666,-0.17581490732972524
COHFACE_s10_session2_natural,45,207,51.9,-0.4100453555583954,-0.2794506644601594
COHFACE_s10_session2_natural,45,208,51.93333333333333,-0.7074368000030518,-0.3529700588464545
COHFACE_s10_session2_natural,45,209,51.96666666666667,-0.9162142872810364,-0.3711915464993568
COHFACE_s10_session2_natural,45,210,52.0,-1.0450137853622437,-0.3210790784776281
COHFACE_s10_session2_natural,45,211,52.03333333333333,-1.107951045036316,-0.20504080759252138
COHFACE_s10_session2_natural,45,212,52.06666666666667,-1.147870659828186,-0.03881537001988138
COHFACE_s10_session2_natural,45,213,52.1,-1.2095825672149658,0.15460162855412946
COHFACE_s10_session2_natural,45,214,52.13333333333333,-1.2948323488235474,0.35114770375729576
COHFACE_s10_session2_natural,45,215,52.166666666666664,-1.2631093263626099,0.5284793135089783
COHFACE_s10_session2_natural,45,216,52.2,-0.38836875557899475,0.6654521652780095
COHFACE_s10_session2_natural,45,217,52.233333333333334,1.2463939189910889,0.7418547662020882
COHFACE_s10_session2_natural,45,218,52.266666666666666,2.2383615970611572,0.741692490182513
COHFACE_s10_session2_natural,45,219,52.3,2.170198678970337,0.6596770314438333
COHFACE_s10_session2_natural,45,220,52.333333333333336,1.6580876111984253,0.5066468740552936
COHFACE_s10_session2_natural,45,221,52.36666666666667,1.1927632093429565,0.3090292484799226
COHFACE_s10_session2_natural,45,222,52.4,0.8446311354637146,0.1012619035095
COHFACE_s10_session2_natural,45,223,52.43333333333333,0.5749626159667969,-0.08509814606683382
COHFACE_s10_session2_natural,45,224,52.46666666666667,0.511736273765564,-0.2300937541497701
COHFACE_s10_session2_natural,45,225,52.5,0.5725810527801514,-0.3282762995539222
COHFACE_s10_session2_natural,45,226,52.53333333333333,0.5307770371437073,-0.38572735284004783
COHFACE_s10_session2_natural,45,227,52.56666666666667,0.3076871931552887,-0.41401250685176677
COHFACE_s10_session2_natural,45,228,52.6,-0.023924365639686584,-0.42453581971132187
COHFACE_s10_session2_natural,45,229,52.63333333333333,-0.3652701675891876,-0.4253225693580634
COHFACE_s10_session2_natural,45,230,52.666666666666664,-0.6633899211883545,-0.4201386440648757
COHFACE_s10_session2_natural,45,231,52.7,-0.8797513842582703,-0.40880809049222283
COHFACE_s10_session2_natural,45,232,52.733333333333334,-1.0042964220046997,-0.38822812046118377
COHFACE_s10_session2_natural,45,233,52.766666666666666,-1.078991174697876,-0.35439087172996225
COHFACE_s10_session2_natural,45,234,52.8,-1.1347723007202148,-0.3052185374193397
COHFACE_s10_session2_natural,45,235,52.833333333333336,-1.1956517696380615,-0.24286335621781055
COHFACE_s10_session2_natural,45,236,52.86666666666667,-1.286600947380066,-0.17380109600027838
COHFACE_s10_session2_natural,45,237,52.9,-1.3999204635620117,-0.10617368898545378
COHFACE_s10_session2_natural,45,238,52.93333333333333,-1.2228543758392334,-0.0458351056400998
COHFACE_s10_session2_natural,45,239,52.96666666666667,0.001232055015861988,0.0062022842558308346
COHFACE_s10_session2_natural,46,0,46.0,-0.3421715795993805,-0.11343741338865149
COHFACE_s10_session2_natural,46,1,46.03333333333333,-0.5998630523681641,-0.012655255637809181
COHFACE_s10_session2_natural,46,2,46.06666666666667,-0.7828713655471802,0.050723591954841496
COHFACE_s10_session2_natural,46,3,46.1,-0.8909885287284851,0.05027610307778503
COHFACE_s10_session2_natural,46,4,46.13333333333333,-0.9482956528663635,-0.021355082470944923
COHFACE_s10_session2_natural,46,5,46.166666666666664,-1.0013138055801392,-0.15033401491731424
COHFACE_s10_session2_natural,46,6,46.2,-1.0800431966781616,-0.3064723052233379
COHFACE_s10_session2_natural,46,7,46.233333333333334,-1.1747612953186035,-0.4532712905757705
COHFACE_s10_session2_natural,46,8,46.266666666666666,-1.0286089181900024,-0.558544602034668
COHFACE_s10_session2_natural,46,9,46.3,0.0008389859576709569,-0.6010271494419213
COHFACE_s10_session2_natural,46,10,46.333333333333336,1.4197605848312378,-0.5719744229344852
COHFACE_s10_session2_natural,46,11,46.36666666666667,2.020601272583008,-0.4742591497558124
COHFACE_s10_session2_natural,46,12,46.4,1.7447477579116821,-0.3213795176849379
COHFACE_s10_session2_natural,46,13,46.43333333333333,1.2196537256240845,-0.13620456530463407
COHFACE_s10_session2_natural,46,14,46.46666666666667,0.7999715209007263,0.052588468007659914
COHFACE_s10_session2_natural,46,15,46.5,0.47217506170272827,0.21759701502863785
COHFACE_s10_session2_natural,46,16,46.53333333333333,0.3207972049713135,0.34131118972602725
COHFACE_s10_session2_natural,46,17,46.56666666666667,0.38961899280548096,0.4215377232127337
COHFACE_s10_session2_natural,46,18,46.6,0.4594118595123291,0.4694829941612187
COHFACE_s10_session2_natural,46,19,46.63333333333333,0.3693065643310547,0.5006779443813277
COHFACE_s10_session2_natural,46,20,46.666666666666664,0.11511804163455963,0.5244141889218523
COHFACE_s10_session2_natural,46,21,46.7,-0.21488657593727112,0.5390349202841342
COHFACE_s10_session2_natural,46,22,46.733333333333334,-0.5272146463394165,0.5358524969738935
COHFACE_s10_session2_natural,46,23,46.766666666666666,-0.7675879597663879,0.5077375114697862
COHFACE_s10_session2_natural,46,24,46.8,-0.9249774217605591,0.45537970355536384
COHFACE_s10_session2_natural,46,25,46.833333333333336,-1.011718511581421,0.3869765280709512
COHFACE_s10_session2_natural,46,26,46.86666666666667,-1.0684360265731812,0.313227756916917
COHFACE_s10_session2_natural,46,27,46.9,-1.125685453414917,0.24297531477147896
COHFACE_s10_session2_natural,46,28,46.93333333333333,-1.1998945474624634,0.18217302424280865
COHFACE_s10_session2_natural,46,29,46.96666666666667,-1.2937109470367432,0.1343115829679501
COHFACE_s10_session2_natural,46,30,47.0,-1.2258833646774292,0.09949400178193735
COHFACE_s10_session2_natural,46,31,47.03333333333333,-0.3088532090187073,0.07208011251231043
COHFACE_s10_session2_natural,46,32,47.06666666666667,1.2197115421295166,0.039817112627133486
COHFACE_s10_session2_natural,46,33,47.1,2.0272719860076904,-0.01261243310084851
COHFACE_s10_session2_natural,46,34,47.13333333333333,1.867662787437439,-0.09625033096468256
COHFACE_s10_session2_natural,46,35,47.166666666666664,1.3605111837387085,-0.21094258383796702
COHFACE_s10_session2_natural,46,36,47.2,0.9337652921676636,-0.34310055419330704
COHFACE_s10_session2_natural,46,37,47.233333333333334,0.6043040752410889,-0.46943313618765387
COHFACE_s10_session2_natural,46,38,47.266666666666666,0.38111019134521484,-0.5645892102532514
COHFACE_s10_session2_natural,46,39,47.3,0.3858848214149475,-0.608928473202581
COHFACE_s10_session2_natural,46,40,47.333333333333336,0.45338866114616394,-0.5932530976558581
COHFACE_s10_session2_natural,46,41,47.36666666666667,0.3880004584789276,-0.519531486295952
COHFACE_s10_session2_natural,46,42,47.4,0.153338223695755,-0.39888475722900735
COHFACE_s10_session2_natural,46,43,47.43333333333333,-0.16786856949329376,-0.248955833376652
COHFACE_s10_session2_natural,46,44,47.46666666666667,-0.49764198064804077,-0.09179958861298884
COHFACE_s10_session2_natural,46,45,47.5,-0.7659925222396851,0.04832948321518349
COHFACE_s10_session2_natural,46,46,47.53333333333333,-0.9505615830421448,0.14875722641982905
COHFACE_s10_session2_natural,46,47,47.56666666666667,-1.0678695440292358,0.19387096220247266
COHFACE_s10_session2_natural,46,48,47.6,-1.130436897277832,0.17967639473165906
COHFACE_s10_session2_natural,46,49,47.63333333333333,-1.1734317541122437,0.1140834169438182
COHFACE_s10_session2_natural,46,50,47.666666666666664,-1.232993245124817,0.012743424662778486
COHFACE_s10_session2_natural,46,51,47.7,-1.3185551166534424,-0.10613600785278919
COHFACE_s10_session2_natural,46,52,47.733333333333334,-1.423157811164856,-0.2245149211877338
COHFACE_s10_session2_natural,46,53,47.766666666666666,-1.395654559135437,-0.32426612160857243
COHFACE_s10_session2_natural,46,54,47.8,-0.5256423354148865,-0.3864235944414487
COHFACE_s10_session2_natural,46,55,47.833333333333336,1.0762296915054321,-0.3929875905681252
COHFACE_s10_session2_natural,46,56,47.86666666666667,2.018913507461548,-0.3320346962827969
COHFACE_s10_session2_natural,46,57,47.9,1.9060217142105103,-0.20393149008172892
COHFACE_s10_session2_natural,46,58,47.93333333333333,1.3790085315704346,-0.025278857574287425
COHFACE_s10_session2_natural,46,59,47.96666666666667,0.916343092918396,0.17208839982756557
COHFACE_s10_session2_natural,46,60,48.0,0.5668584704399109,0.34801943076970426
COHFACE_s10_session2_natural,46,61,48.03333333333333,0.3428668975830078,0.4652920725609236
COHFACE_s10_session2_natural,46,62,48.06666666666667,0.33300548791885376,0.5008621954766097
COHFACE_s10_session2_natural,46,63,48.1,0.41234761476516724,0.4522055795905896
COHFACE_s10_session2_natural,46,64,48.13333333333333,0.3768557906150818,0.33654754223289257
COHFACE_s10_session2_natural,46,65,48.166666666666664,0.15604346990585327,0.18437775733938142
COHFACE_s10_session2_natural,46,66,48.2,-0.1680651158094406,0.030359534278626737
COHFACE_s10_session2_natural,46,67,48.233333333333334,-0.49996569752693176,-0.09533011138557922
COHFACE_s10_session2_natural,46,68,48.266666666666666,-0.7873339056968689,-0.17285034973374322
COHFACE_s10_session2_natural,46,69,48.3,-0.9917760491371155,-0.194480626991435
COHFACE_s10_session2_natural,46,70,48.333333333333336,-1.1011995077133179,-0.16273691606029025
COHFACE_s10_session2_natural,46,71,48.36666666666667,-1.1687958240509033,-0.08658946161286886
COHFACE_s10_session2_natural,46,72,48.4,-1.2147849798202515,0.0221871824648942
COHFACE_s10_session2_natural,46,73,48.43333333333333,-1.2559878826141357,0.15129267206738256
COHFACE_s10_session2_natural,46,74,48.46666666666667,-1.3314802646636963,0.28872581111833767
COHFACE_s10_session2_natural,46,75,48.5,-1.4277359247207642,0.4227477230554393
COHFACE_s10_session2_natural,46,76,48.53333333333333,-1.4621526002883911,0.5414894350417131
COHFACE_s10_session2_natural,46,77,48.56666666666667,-0.834906816482544,0.6326383310804884
COHFACE_s10_session2_natural,46,78,48.6,0.6958776116371155,0.6840488320741
COHFACE_s10_session2_natural,46,79,48.63333333333333,1.8338819742202759,0.6859871632503818
COHFACE_s10_session2_natural,46,80,48.666666666666664,1.884795904159546,0.6343078386829929
COHFACE_s10_session2_natural,46,81,48.7,1.3869277238845825,0.5324366993264963
COHFACE_s10_session2_natural,46,82,48.733333333333334,0.8665967583656311,0.39024382249895906
COHFACE_s10_session2_natural,46,83,48.766666666666666,0.4572499990463257,0.21992445873531477
COHFACE_s10_session2_natural,46,84,48.8,0.1817779242992401,0.0315304421735517
COHFACE_s10_session2_natural,46,85,48.833333333333336,0.1828068494796753,-0.16853050475989717
COHFACE_s10_session2_natural,46,86,48.86666666666667,0.3234908878803253,-0.37497412807089486
COHFACE_s10_session2_natural,46,87,48.9,0.34003448486328125,-0.5792961225819292
COHFACE_s10_session2_natural,46,88,48.93333333333333,0.1601128876209259,-0.76723675497348
COHFACE_s10_session2_natural,46,89,48.96666666666667,-0.14853882789611816,-0.920166024343402
COHFACE_s10_session2_natural,46,90,49.0,-0.4838498830795288,-1.0191866243442618
COHFACE_s10_session2_natural,46,91,49.03333333333333,-0.7740851640701294,-1.0488009079894203
COHFACE_s10_session2_natural,46,92,49.06666666666667,-0.9817990064620972,-0.9983999621705784
COHFACE_s10_session2_natural,46,93,49.1,-1.1130956411361694,-0.8627469286218729
COHFACE_s10_session2_natural,46,94,49.13333333333333,-1.1845070123672485,-0.6439311715963216
COHFACE_s10_session2_natural,46,95,49.166666666666664,-1.2261146306991577,-0.3557107223728283
COHFACE_s10_session2_natural,46,96,49.2,-1.274300217628479,-0.02786780263905219
COHFACE_s10_session2_natural,46,97,49.233333333333334,-1.341665267944336,0.29374154038647204
COHFACE_s10_session2_natural,46,98,49.266666666666666,-1.429747462272644,0.5541898139198898
COHFACE_s10_session2_natural,46,99,49.3,-1.4404643774032593,0.7024676263527712
COHFACE_s10_session2_natural,46,100,49.333333333333336,-0.7120033502578735,0.7060842606980879
COHFACE_s10_session2_natural,46,101,49.36666666666667,0.8066884279251099,0.5617697273418539
COHFACE_s10_session2_natural,46,102,49.4,1.8196967840194702,0.2982005807828855
COHFACE_s10_session2_natural,46,103,49.43333333333333,1.7972687482833862,-0.030028476703538098
COHFACE_s10_session2_natural,46,104,49.46666666666667,1.2703365087509155,-0.3545115082858839
COHFACE_s10_session2_natural,46,105,49.5,0.7243173122406006,-0.6072694645030351
COHFACE_s10_session2_natural,46,106,49.53333333333333,0.28916671872138977,-0.7346282741573648
COHFACE_s10_session2_natural,46,107,49.56666666666667,0.042585235089063644,-0.7094830011385984
COHFACE_s10_session2_natural,46,108,49.6,0.10884049534797668,-0.5394344210024513
COHFACE_s10_session2_natural,46,109,49.63333333333333,0.2954442501068115,-0.26673100604198363
COHFACE_s10_session2_natural,46,110,49.666666666666664,0.32743313908576965,0.04264772345723556
COHFACE_s10_session2_natural,46,111,49.7,0.14480631053447723,0.3187486569678356
COHFACE_s10_session2_natural,46,112,49.733333333333334,-0.1727588176727295,0.5088527456323763
COHFACE_s10_session2_natural,46,113,49.766666666666666,-0.5142549276351929,0.590966338641816
COHFACE_s10_session2_natural,46,114,49.8,-0.7955074310302734,0.5745115924481488
COHFACE_s10_session2_natural,46,115,49.833333333333336,-0.992932140827179,0.4902453950758734
COHFACE_s10_session2_natural,46,116,49.86666666666667,-1.1096158027648926,0.37661079868783165
COHFACE_s10_session2_natural,46,117,49.9,-1.1680675745010376,0.26958240528069366
COHFACE_s10_session2_natural,46,118,49.93333333333333,-1.2075247764587402,0.19801055500683729
COHFACE_s10_session2_natural,46,119,49.96666666666667,-1.2586699724197388,0.18144528736751114
COHFACE_s10_session2_natural,46,120,50.0,-1.3373878002166748,0.2270207786567056
COHFACE_s10_session2_natural,46,121,50.03333333333333,-1.3332836627960205,0.32573633383877304
COHFACE_s10_session2_natural,46,122,50.06666666666667,-0.6375745534896851,0.4523646952031994
COHFACE_s10_session2_natural,46,123,50.1,0.788722813129425,0.5726377910193701
COHFACE_s10_session2_natural,46,124,50.13333333333333,1.735788106918335,0.6555262143026928
COHFACE_s10_session2_natural,46,125,50.166666666666664,1.7021921873092651,0.6832822188023927
COHFACE_s10_session2_natural,46,126,50.2,1.1767860651016235,0.6532232458052162
COHFACE_s10_session2_natural,46,127,50.233333333333334,0.6114602088928223,0.5717039269917085
COHFACE_s10_session2_natural,46,128,50.266666666666666,0.13580040633678436,0.44678735784292134
COHFACE_s10_session2_natural,46,129,50.3,-0.1094168871641159,0.28641140788615077
COHFACE_s10_session2_natural,46,130,50.333333333333336,0.0063881962560117245,0.10255115961731276
COHFACE_s10_session2_natural,46,131,50.36666666666667,0.24239149689674377,-0.08466096312965021
COHFACE_s10_session2_natural,46,132,50.4,0.3056640625,-0.2492233490743257
COHFACE_s10_session2_natural,46,133,50.43333333333333,0.13447090983390808,-0.36891527037980076
COHFACE_s10_session2_natural,46,134,50.46666666666667,-0.1891983449459076,-0.43691958947513176
COHFACE_s10_session2_natural,46,135,50.5,-0.5402090549468994,-0.46762969143458827
COHFACE_s10_session2_natural,46,136,50.53333333333333,-0.8237043023109436,-0.49232180395261127
COHFACE_s10_session2_natural,46,137,50.56666666666667,-1.0078803300857544,-0.5468047784570096
COHFACE_s10_session2_natural,46,138,50.6,-1.1072343587875366,-0.6576766897410075
COHFACE_s10_session2_natural,46,139,50.63333333333333,-1.1637206077575684,-0.8331621064460721
COHFACE_s10_session2_natural,46,140,50.666666666666664,-1.2157098054885864,-1.0595145442365246
COHFACE_s10_session2_natural,46,141,50.7,-1.2776644229888916,-1.3004573195708422
COHFACE_s10_session2_natural,46,142,50.733333333333334,-1.294878602027893,-1.4991419097953902
COHFACE_s10_session2_natural,46,143,50.766666666666666,-0.6980493664741516,-1.5859405427396729
COHFACE_s10_session2_natural,46,144,50.8,0.7354503870010376,-1.4953195845818372
COHFACE_s10_session2_natural,46,145,50.833333333333336,1.8024249076843262,-1.189836475344427
COHFACE_s10_session2_natural,46,146,50.86666666666667,1.8680442571640015,-0.6821911788931775
COHFACE_s10_session2_natural,46,147,50.9,1.3805114030838013,-0.04303880425079247
COHFACE_s10_session2_natural,46,148,50.93333333333333,0.8158792853355408,0.6131393642132031
COHFACE_s10_session2_natural,46,149,50.96666666666667,0.33424249291419983,1.161236706830928
COHFACE_s10_session2_natural,46,150,51.0,0.033614009618759155,1.5043460972366747
COHFACE_s10_session2_natural,46,151,51.03333333333333,0.0795915350317955,1.6011333990369134
COHFACE_s10_session2_natural,46,152,51.06666666666667,0.2948431074619293,1.4710321678916003
COHFACE_s10_session2_natural,46,153,51.1,0.3864744305610657,1.1783382687778592
COHFACE_s10_session2_natural,46,154,51.13333333333333,0.2447383552789688,0.8059094609748865
COHFACE_s10_session2_natural,46,155,51.166666666666664,-0.06482667475938797,0.43132195011588637
COHFACE_s10_session2_natural,46,156,51.2,-0.4186813235282898,0.11278384910324017
COHFACE_s10_session2_natural,46,157,51.233333333333334,-0.7192288637161255,-0.11541729841868015
COHFACE_s10_session2_natural,46,158,51.266666666666666,-0.9222259521484375,-0.2417493124564419
COHFACE_s10_session2_natural,46,159,51.3,-1.0355454683303833,-0.2735885555408901
COHFACE_s10_session2_natural,46,160,51.333333333333336,-1.1041475534439087,-0.23152217903729116
COHFACE_s10_session2_natural,46,161,51.36666666666667,-1.1612929105758667,-0.1419454671645544
COHFACE_s10_session2_natural,46,162,51.4,-1.226299524307251,-0.02967652002593689
COHFACE_s10_session2_natural,46,163,51.43333333333333,-1.1791428327560425,0.08650465719585748
COHFACE_s10_session2_natural,46,164,51.46666666666667,-0.3492468297481537,0.1940654060414511
COHFACE_s10_session2_natural,46,165,51.5,1.1816068887710571,0.2842164031791873
COHFACE_s10_session2_natural,46,166,51.53333333333333,2.105527400970459,0.34963580183260184
COHFACE_s10_session2_natural,46,167,51.56666666666667,2.030277729034424,0.38440051145337656
COHFACE_s10_session2_natural,46,168,51.6,1.510501742362976,0.3857309100577654
COHFACE_s10_session2_natural,46,169,51.63333333333333,0.9982633590698242,0.35546913709715366
COHFACE_s10_session2_natural,46,170,51.666666666666664,0.5950091481208801,0.299642122959505
COHFACE_s10_session2_natural,46,171,51.7,0.3444044888019562,0.22624599540590712
COHFACE_s10_session2_natural,46,172,51.733333333333334,0.37389621138572693,0.14280901223480447
COHFACE_s10_session2_natural,46,173,51.766666666666666,0.510545551776886,0.05526647129116249
COHFACE_s10_session2_natural,46,174,51.8,0.5052275657653809,-0.031651771739485135
COHFACE_s10_session2_natural,46,175,51.833333333333336,0.28760600090026855,-0.11352654523957928
COHFACE_s10_session2_natural,46,176,51.86666666666667,-0.05330049991607666,-0.18579101592878447
COHFACE_s10_session2_natural,46,177,51.9,-0.4100453555583954,-0.2439284478695817
COHFACE_s10_session2_natural,46,178,51.93333333333333,-0.7074368000030518,-0.28413209105691845
COHFACE_s10_session2_natural,46,179,51.96666666666667,-0.9162142872810364,-0.3039680734731719
COHFACE_s10_session2_natural,46,180,52.0,-1.0450137853622437,-0.3022599908320429
COHFACE_s10_session2_natural,46,181,52.03333333333333,-1.107951045036316,-0.2778829035172494
COHFACE_s10_session2_natural,46,182,52.06666666666667,-1.147870659828186,-0.22868145529744238
COHFACE_s10_session2_natural,46,183,52.1,-1.2095825672149658,-0.1525850032904137
COHFACE_s10_session2_natural,46,184,52.13333333333333,-1.2948323488235474,-0.051665080272212775
COHFACE_s10_session2_natural,46,185,52.166666666666664,-1.2631093263626099,0.0627734131867876
COHFACE_s10_session2_natural,46,186,52.2,-0.38836875557899475,0.16783995676566987
COHFACE_s10_session2_natural,46,187,52.233333333333334,1.2463939189910889,0.23256509901054076
COHFACE_s10_session2_natural,46,188,52.266666666666666,2.2383615970611572,0.22712965662672596
COHFACE_s10_session2_natural,46,189,52.3,2.170198678970337,0.13403000396531498
COHFACE_s10_session2_natural,46,190,52.333333333333336,1.6580876111984253,-0.04407128215607242
COHFACE_s10_session2_natural,46,191,52.36666666666667,1.1927632093429565,-0.2834756022347835
COHFACE_s10_session2_natural,46,192,52.4,0.8446311354637146,-0.5456158406467536
COHFACE_s10_session2_natural,46,193,52.43333333333333,0.5749626159667969,-0.7871034470989369
COHFACE_s10_session2_natural,46,194,52.46666666666667,0.511736273765564,-0.969614737797863
COHFACE_s10_session2_natural,46,195,52.5,0.5725810527801514,-1.0668122105444147
COHFACE_s10_session2_natural,46,196,52.53333333333333,0.5307770371437073,-1.0674228269704524
COHFACE_s10_session2_natural,46,197,52.56666666666667,0.3076871931552887,-0.9749065071945654
COHFACE_s10_session2_natural,46,198,52.6,-0.023924365639686584,-0.8044232313487382
COHFACE_s10_session2_natural,46,199,52.63333333333333,-0.3652701675891876,-0.5778574326417665
COHFACE_s10_session2_natural,46,200,52.666666666666664,-0.6633899211883545,-0.31823663633035343
COHFACE_s10_session2_natural,46,201,52.7,-0.8797513842582703,-0.04544778043657827
COHFACE_s10_session2_natural,46,202,52.733333333333334,-1.0042964220046997,0.225205546379385
COHFACE_s10_session2_natural,46,203,52.766666666666666,-1.078991174697876,0.4815142846411643
COHFACE_s10_session2_natural,46,204,52.8,-1.1347723007202148,0.7116746276622704
COHFACE_s10_session2_natural,46,205,52.833333333333336,-1.1956517696380615,0.9029194557724397
COHFACE_s10_session2_natural,46,206,52.86666666666667,-1.286600947380066,1.0429346403172386
COHFACE_s10_session2_natural,46,207,52.9,-1.3999204635620117,1.1234571666420134
COHFACE_s10_session2_natural,46,208,52.93333333333333,-1.2228543758392334,1.1438335952156842
COHFACE_s10_session2_natural,46,209,52.96666666666667,0.001232055015861988,1.1119795540396098
COHFACE_s10_session2_natural,46,210,53.0,1.5742136240005493,1.0413272832974318
COHFACE_s10_session2_natural,46,211,53.03333333333333,2.1856324672698975,0.9447439042849884
COHFACE_s10_session2_natural,46,212,53.06666666666667,1.8961371183395386,0.8288829992977381
COHFACE_s10_session2_natural,46,213,53.1,1.3490890264511108,0.6927674682203818
COHFACE_s10_session2_natural,46,214,53.13333333333333,0.9059498906135559,0.5316346991343953
COHFACE_s10_session2_natural,46,215,53.166666666666664,0.5644884705543518,0.3434172119264228
COHFACE_s10_session2_natural,46,216,53.2,0.3752719759941101,0.13367201016772834
COHFACE_s10_session2_natural,46,217,53.233333333333334,0.4142898619174957,-0.08363109339418234
COHFACE_s10_session2_natural,46,218,53.266666666666666,0.47267216444015503,-0.28870409950140535
COHFACE_s10_session2_natural,46,219,53.3,0.3705204427242279,-0.45950597365404916
COHFACE_s10_session2_natural,46,220,53.333333333333336,0.09979990869760513,-0.5755096472677865
COHFACE_s10_session2_natural,46,221,53.36666666666667,-0.24820496141910553,-0.6225287383727832
COHFACE_s10_session2_natural,46,222,53.4,-0.5866836905479431,-0.5980245323467145
COHFACE_s10_session2_natural,46,223,53.43333333333333,-0.8566181063652039,-0.5140780175540927
COHFACE_s10_session2_natural,46,224,53.46666666666667,-1.0396957397460938,-0.3955570142605605
COHFACE_s10_session2_natural,46,225,53.5,-1.1464602947235107,-0.27371784070403177
COHFACE_s10_session2_natural,46,226,53.53333333333333,-1.2036864757537842,-0.17819113882187468
COHFACE_s10_session2_natural,46,227,53.56666666666667,-1.2437217235565186,-0.1308353455962645
COHFACE_s10_session2_natural,46,228,53.6,-1.295109748840332,-0.1428864801558559
COHFACE_s10_session2_natural,46,229,53.63333333333333,-1.371145486831665,-0.21442323501230437
COHFACE_s10_session2_natural,46,230,53.666666666666664,-1.4739793539047241,-0.3346593975982189
COHFACE_s10_session2_natural,46,231,53.7,-1.3358618021011353,-0.4826624062313995
COHFACE_s10_session2_natural,46,232,53.733333333333334,-0.17672419548034668,-0.629252439940377
COHFACE_s10_session2_natural,46,233,53.766666666666666,1.4209860563278198,-0.7411449928261693
COHFACE_s10_session2_natural,46,234,53.8,2.084151268005371,-0.7875962006359063
COHFACE_s10_session2_natural,46,235,53.833333333333336,1.8084365129470825,-0.7480665688847461
COHFACE_s10_session2_natural,46,236,53.86666666666667,1.2420239448547363,-0.6177595857023721
COHFACE_s10_session2_natural,46,237,53.9,0.7585489749908447,-0.4082527837179711
COHFACE_s10_session2_natural,46,238,53.93333333333333,0.4038735330104828,-0.14337908493739202
COHFACE_s10_session2_natural,46,239,53.96666666666667,0.25299280881881714,0.14656456929411082
COHFACE_s10_session2_natural,47,0,47.0,-1.2258833646774292,-0.025696324191933736
COHFACE_s10_session2_natural,47,1,47.03333333333333,-0.3088532090187073,0.21471479257810216
COHFACE_s10_session2_natural,47,2,47.06666666666667,1.2197115421295166,0.4149465118051608
COHFACE_s10_session2_natural,47,3,47.1,2.0272719860076904,0.5432519296991288
COHFACE_s10_session2_natural,47,4,47.13333333333333,1.867662787437439,0.586242986733889
COHFACE_s10_session2_natural,47,5,47.166666666666664,1.3605111837387085,0.5508345947782193
COHFACE_s10_session2_natural,47,6,47.2,0.9337652921676636,0.45935019312432707
COHFACE_s10_session2_natural,47,7,47.233333333333334,0.6043040752410889,0.33968960314186514
COHFACE_s10_session2_natural,47,8,47.266666666666666,0.38111019134521484,0.21552071014378563
COHFACE_s10_session2_natural,47,9,47.3,0.3858848214149475,0.10158589790339834
COHFACE_s10_session2_natural,47,10,47.333333333333336,0.45338866114616394,0.005325706866390671
COHFACE_s10_session2_natural,47,11,47.36666666666667,0.3880004584789276,-0.06849049040186198
COHFACE_s10_session2_natural,47,12,47.4,0.153338223695755,-0.11467596193271865
COHFACE_s10_session2_natural,47,13,47.43333333333333,-0.16786856949329376,-0.12836464475430126
COHFACE_s10_session2_natural,47,14,47.46666666666667,-0.49764198064804077,-0.10839453765813672
COHFACE_s10_session2_natural,47,15,47.5,-0.7659925222396851,-0.060227612999751504
COHFACE_s10_session2_natural,47,16,47.53333333333333,-0.9505615830421448,0.0037950396748942334
COHFACE_s10_session2_natural,47,17,47.56666666666667,-1.0678695440292358,0.06674277798736522
COHFACE_s10_session2_natural,47,18,47.6,-1.130436897277832,0.11036966321098911
COHFACE_s10_session2_natural,47,19,47.63333333333333,-1.1734317541122437,0.11827100205090922
COHFACE_s10_session2_natural,47,20,47.666666666666664,-1.232993245124817,0.07936112356259714
COHFACE_s10_session2_natural,47,21,47.7,-1.3185551166534424,-0.007691522658115604
COHFACE_s10_session2_natural,47,22,47.733333333333334,-1.423157811164856,-0.13063476855920678
COHFACE_s10_session2_natural,47,23,47.766666666666666,-1.395654559135437,-0.2638418843171102
COHFACE_s10_session2_natural,47,24,47.8,-0.5256423354148865,-0.3746590187334452
COHFACE_s10_session2_natural,47,25,47.833333333333336,1.0762296915054321,-0.4341724401153974
COHFACE_s10_session2_natural,47,26,47.86666666666667,2.018913507461548,-0.42732277313652234
COHFACE_s10_session2_natural,47,27,47.9,1.9060217142105103,-0.357294806127099
COHFACE_s10_session2_natural,47,28,47.93333333333333,1.3790085315704346,-0.24291076063834766
COHFACE_s10_session2_natural,47,29,47.96666666666667,0.916343092918396,-0.11187931366758916
COHFACE_s10_session2_natural,47,30,48.0,0.5668584704399109,0.006301244786905884
COHFACE_s10_session2_natural,47,31,48.03333333333333,0.3428668975830078,0.08589277805469828
COHFACE_s10_session2_natural,47,32,48.06666666666667,0.33300548791885376,0.1092759282321757
COHFACE_s10_session2_natural,47,33,48.1,0.41234761476516724,0.07086984864339523
COHFACE_s10_session2_natural,47,34,48.13333333333333,0.3768557906150818,-0.020352471747805793
COHFACE_s10_session2_natural,47,35,48.166666666666664,0.15604346990585327,-0.14209002766908133
COHFACE_s10_session2_natural,47,36,48.2,-0.1680651158094406,-0.26477620897872084
COHFACE_s10_session2_natural,47,37,48.233333333333334,-0.49996569752693176,-0.3605028062373457
COHFACE_s10_session2_natural,47,38,48.266666666666666,-0.7873339056968689,-0.41046991163318103
COHFACE_s10_session2_natural,47,39,48.3,-0.9917760491371155,-0.4072380831268904
COHFACE_s10_session2_natural,47,40,48.333333333333336,-1.1011995077133179,-0.351737754432717
COHFACE_s10_session2_natural,47,41,48.36666666666667,-1.1687958240509033,-0.24858998550407113
COHFACE_s10_session2_natural,47,42,48.4,-1.2147849798202515,-0.1036749294968363
COHFACE_s10_session2_natural,47,43,48.43333333333333,-1.2559878826141357,0.07482785639785532
COHFACE_s10_session2_natural,47,44,48.46666666666667,-1.3314802646636963,0.2740742597491923
COHFACE_s10_session2_natural,47,45,48.5,-1.4277359247207642,0.47612986752186653
COHFACE_s10_session2_natural,47,46,48.53333333333333,-1.4621526002883911,0.6606187305396085
COHFACE_s10_session2_natural,47,47,48.56666666666667,-0.834906816482544,0.8087549358301758
COHFACE_s10_session2_natural,47,48,48.6,0.6958776116371155,0.9064160003085052
COHFACE_s10_session2_natural,47,49,48.63333333333333,1.8338819742202759,0.9453355843750426
COHFACE_s10_session2_natural,47,50,48.666666666666664,1.884795904159546,0.9231423968392265
COHFACE_s10_session2_natural,47,51,48.7,1.3869277238845825,0.8432375446300959
COHFACE_s10_session2_natural,47,52,48.733333333333334,0.8665967583656311,0.7142718177820604
COHFACE_s10_session2_natural,47,53,48.766666666666666,0.4572499990463257,0.5482774906634759
COHFACE_s10_session2_natural,47,54,48.8,0.1817779242992401,0.35773681639983734
COHFACE_s10_session2_natural,47,55,48.833333333333336,0.1828068494796753,0.15335937363988497
COHFACE_s10_session2_natural,47,56,48.86666666666667,0.3234908878803253,-0.0559893574331891
COHFACE_s10_session2_natural,47,57,48.9,0.34003448486328125,-0.2615428125455637
COHFACE_s10_session2_natural,47,58,48.93333333333333,0.1601128876209259,-0.4529273055859762
COHFACE_s10_session2_natural,47,59,48.96666666666667,-0.14853882789611816,-0.6182561133708726
COHFACE_s10_session2_natural,47,60,49.0,-0.4838498830795288,-0.7460240635928115
COHFACE_s10_session2_natural,47,61,49.03333333333333,-0.7740851640701294,-0.8270840278672298
COHFACE_s10_session2_natural,47,62,49.06666666666667,-0.9817990064620972,-0.8550278438737358
COHFACE_s10_session2_natural,47,63,49.1,-1.1130956411361694,-0.825068385905688
COHFACE_s10_session2_natural,47,64,49.13333333333333,-1.1845070123672485,-0.7335477311254851
COHFACE_s10_session2_natural,47,65,49.166666666666664,-1.2261146306991577,-0.5804243016264096
COHFACE_s10_session2_natural,47,66,49.2,-1.274300217628479,-0.37469755559486234
COHFACE_s10_session2_natural,47,67,49.233333333333334,-1.341665267944336,-0.13947159883099122
COHFACE_s10_session2_natural,47,68,49.266666666666666,-1.429747462272644,0.0880623827323387
COHFACE_s10_session2_natural,47,69,49.3,-1.4404643774032593,0.26444440249909495
COHFACE_s10_session2_natural,47,70,49.333333333333336,-0.7120033502578735,0.3535367054045492
COHFACE_s10_session2_natural,47,71,49.36666666666667,0.8066884279251099,0.33962538621715244
COHFACE_s10_session2_natural,47,72,49.4,1.8196967840194702,0.23331060973081047
COHFACE_s10_session2_natural,47,73,49.43333333333333,1.7972687482833862,0.06739146234178739
COHFACE_s10_session2_natural,47,74,49.46666666666667,1.2703365087509155,-0.11419347403989738
COHFACE_s10_session2_natural,47,75,49.5,0.7243173122406006,-0.2683423068298598
COHFACE_s10_session2_natural,47,76,49.53333333333333,0.28916671872138977,-0.3619369608810329
COHFACE_s10_session2_natural,47,77,49.56666666666667,0.042585235089063644,-0.3780276004676853
COHFACE_s10_session2_natural,47,78,49.6,0.10884049534797668,-0.31942916767803964
COHFACE_s10_session2_natural,47,79,49.63333333333333,0.2954442501068115,-0.20843727580997173
COHFACE_s10_session2_natural,47,80,49.666666666666664,0.32743313908576965,-0.0808050154953374
COHFACE_s10_session2_natural,47,81,49.7,0.14480631053447723,0.0257466150485147
COHFACE_s10_session2_natural,47,82,49.733333333333334,-0.1727588176727295,0.0844194519860783
COHFACE_s10_session2_natural,47,83,49.766666666666666,-0.5142549276351929,0.08761569574156879
COHFACE_s10_session2_natural,47,84,49.8,-0.7955074310302734,0.04695490135410519
COHFACE_s10_session2_natural,47,85,49.833333333333336,-0.992932140827179,-0.013656623367487008
COHFACE_s10_session2_natural,47,86,49.86666666666667,-1.1096158027648926,-0.06681356124613898
COHFACE_s10_session2_natural,47,87,49.9,-1.1680675745010376,-0.08745419523211372
COHFACE_s10_session2_natural,47,88,49.93333333333333,-1.2075247764587402,-0.05511954348638127
COHFACE_s10_session2_natural,47,89,49.96666666666667,-1.2586699724197388,0.04422534100913866
COHFACE_s10_session2_natural,47,90,50.0,-1.3373878002166748,0.21411915244888224
COHFACE_s10_session2_natural,47,91,50.03333333333333,-1.3332836627960205,0.4424703399354161
COHFACE_s10_session2_natural,47,92,50.06666666666667,-0.6375745534896851,0.7000307643791894
COHFACE_s10_session2_natural,47,93,50.1,0.788722813129425,0.9463203782745655
COHFACE_s10_session2_natural,47,94,50.13333333333333,1.735788106918335,1.141318921159085
COHFACE_s10_session2_natural,47,95,50.166666666666664,1.7021921873092651,1.2563367471981517
COHFACE_s10_session2_natural,47,96,50.2,1.1767860651016235,1.2782462710450953
COHFACE_s10_session2_natural,47,97,50.233333333333334,0.6114602088928223,1.2065505720368488
COHFACE_s10_session2_natural,47,98,50.266666666666666,0.13580040633678436,1.0478903701097506
COHFACE_s10_session2_natural,47,99,50.3,-0.1094168871641159,0.8133360303339546
COHFACE_s10_session2_natural,47,100,50.333333333333336,0.0063881962560117245,0.5195537646297419
COHFACE_s10_session2_natural,47,101,50.36666666666667,0.24239149689674377,0.19030469630188976
COHFACE_s10_session2_natural,47,102,50.4,0.3056640625,-0.14563293173965253
COHFACE_s10_session2_natural,47,103,50.43333333333333,0.13447090983390808,-0.46070138301116276
COHFACE_s10_session2_natural,47,104,50.46666666666667,-0.1891983449459076,-0.7359292729235315
COHFACE_s10_session2_natural,47,105,50.5,-0.5402090549468994,-0.9652688662932115
COHFACE_s10_session2_natural,47,106,50.53333333333333,-0.8237043023109436,-1.154752852992572
COHFACE_s10_session2_natural,47,107,50.56666666666667,-1.0078803300857544,-1.317311783921469
COHFACE_s10_session2_natural,47,108,50.6,-1.1072343587875366,-1.465585947451569
COHFACE_s10_session2_natural,47,109,50.63333333333333,-1.1637206077575684,-1.6047284055038011
COHFACE_s10_session2_natural,47,110,50.666666666666664,-1.2157098054885864,-1.726271859961277
COHFACE_s10_session2_natural,47,111,50.7,-1.2776644229888916,-1.8042144632486536
COHFACE_s10_session2_natural,47,112,50.733333333333334,-1.294878602027893,-1.7958506591578642
COHFACE_s10_session2_natural,47,113,50.766666666666666,-0.6980493664741516,-1.6504385787479205
COHFACE_s10_session2_natural,47,114,50.8,0.7354503870010376,-1.3264339531717915
COHFACE_s10_session2_natural,47,115,50.833333333333336,1.8024249076843262,-0.8130400079767492
COHFACE_s10_session2_natural,47,116,50.86666666666667,1.8680442571640015,-0.1469156953778601
COHFACE_s10_session2_natural,47,117,50.9,1.3805114030838013,0.5859114858615558
COHFACE_s10_session2_natural,47,118,50.93333333333333,0.8158792853355408,1.267466379715792
COHFACE_s10_session2_natural,47,119,50.96666666666667,0.33424249291419983,1.7800513687370172
COHFACE_s10_session2_natural,47,120,51.0,0.033614009618759155,2.0410540429671484
COHFACE_s10_session2_natural,47,121,51.03333333333333,0.0795915350317955,2.026189228460902
COHFACE_s10_session2_natural,47,122,51.06666666666667,0.2948431074619293,1.7722783696781184
COHFACE_s10_session2_natural,47,123,51.1,0.3864744305610657,1.3601114362121671
COHFACE_s10_session2_natural,47,124,51.13333333333333,0.2447383552789688,0.8864199956470797
COHFACE_s10_session2_natural,47,125,51.166666666666664,-0.06482667475938797,0.43710698824007316
COHFACE_s10_session2_natural,47,126,51.2,-0.4186813235282898,0.07048554852856764
COHFACE_s10_session2_natural,47,127,51.233333333333334,-0.7192288637161255,-0.18711602324107002
COHFACE_s10_session2_natural,47,128,51.266666666666666,-0.9222259521484375,-0.33601742098273957
COHFACE_s10_session2_natural,47,129,51.3,-1.0355454683303833,-0.3929119020359956
COHFACE_s10_session2_natural,47,130,51.333333333333336,-1.1041475534439087,-0.38038831725844413
COHFACE_s10_session2_natural,47,131,51.36666666666667,-1.1612929105758667,-0.3196331964213509
COHFACE_s10_session2_natural,47,132,51.4,-1.226299524307251,-0.22778430002598601
COHFACE_s10_session2_natural,47,133,51.43333333333333,-1.1791428327560425,-0.11920123698746098
COHFACE_s10_session2_natural,47,134,51.46666666666667,-0.3492468297481537,-0.007946713894747888
COHFACE_s10_session2_natural,47,135,51.5,1.1816068887710571,0.09155866979187012
COHFACE_s10_session2_natural,47,136,51.53333333333333,2.105527400970459,0.16679229376404395
COHFACE_s10_session2_natural,47,137,51.56666666666667,2.030277729034424,0.2106868939455543
COHFACE_s10_session2_natural,47,138,51.6,1.510501742362976,0.22359943979348912
COHFACE_s10_session2_natural,47,139,51.63333333333333,0.9982633590698242,0.21187818232075536
COHFACE_s10_session2_natural,47,140,51.666666666666664,0.5950091481208801,0.18386724258707013
COHFACE_s10_session2_natural,47,141,51.7,0.3444044888019562,0.14604974678964444
COHFACE_s10_session2_natural,47,142,51.733333333333334,0.37389621138572693,0.10142288429279372
COHFACE_s10_session2_natural,47,143,51.766666666666666,0.510545551776886,0.05012707738493558
COHFACE_s10_session2_natural,47,144,51.8,0.5052275657653809,-0.009119917282831094
COHFACE_s10_session2_natural,47,145,51.833333333333336,0.28760600090026855,-0.07800984869606484
COHFACE_s10_session2_natural,47,146,51.86666666666667,-0.05330049991607666,-0.15781057495040773
COHFACE_s10_session2_natural,47,147,51.9,-0.4100453555583954,-0.24769595266184796
COHFACE_s10_session2_natural,47,148,51.93333333333333,-0.7074368000030518,-0.3423352961118955
COHFACE_s10_session2_natural,47,149,51.96666666666667,-0.9162142872810364,-0.4303927197873241
COHFACE_s10_session2_natural,47,150,52.0,-1.0450137853622437,-0.4956234417484133
COHFACE_s10_session2_natural,47,151,52.03333333333333,-1.107951045036316,-0.5206613579376148
COHFACE_s10_session2_natural,47,152,52.06666666666667,-1.147870659828186,-0.49173719788128545
COHFACE_s10_session2_natural,47,153,52.1,-1.2095825672149658,-0.4023203774100368
COHFACE_s10_session2_natural,47,154,52.13333333333333,-1.2948323488235474,-0.2554227098526802
COHFACE_s10_session2_natural,47,155,52.166666666666664,-1.2631093263626099,-0.06555448813379965
COHFACE_s10_session2_natural,47,156,52.2,-0.38836875557899475,0.13992083589406362
COHFACE_s10_session2_natural,47,157,52.233333333333334,1.2463939189910889,0.32241148682827897
COHFACE_s10_session2_natural,47,158,52.266666666666666,2.2383615970611572,0.4392828115356752
COHFACE_s10_session2_natural,47,159,52.3,2.170198678970337,0.45645406806480665
COHFACE_s10_session2_natural,47,160,52.333333333333336,1.6580876111984253,0.36196287879280115
COHFACE_s10_session2_natural,47,161,52.36666666666667,1.1927632093429565,0.17358757409669132
COHFACE_s10_session2_natural,47,162,52.4,0.8446311354637146,-0.06447321331452761
COHFACE_s10_session2_natural,47,163,52.43333333333333,0.5749626159667969,-0.29550929143692245
COHFACE_s10_session2_natural,47,164,52.46666666666667,0.511736273765564,-0.46885641737682787
COHFACE_s10_session2_natural,47,165,52.5,0.5725810527801514,-0.5548262098521128
COHFACE_s10_session2_natural,47,166,52.53333333333333,0.5307770371437073,-0.5501920214289048
COHFACE_s10_session2_natural,47,167,52.56666666666667,0.3076871931552887,-0.4737559297340172
COHFACE_s10_session2_natural,47,168,52.6,-0.023924365639686584,-0.3561720794203778
COHFACE_s10_session2_natural,47,169,52.63333333333333,-0.3652701675891876,-0.2292875524705569
COHFACE_s10_session2_natural,47,170,52.666666666666664,-0.6633899211883545,-0.11771661378033373
COHFACE_s10_session2_natural,47,171,52.7,-0.8797513842582703,-0.032929345144836565
COHFACE_s10_session2_natural,47,172,52.733333333333334,-1.0042964220046997,0.029353013663538555
COHFACE_s10_session2_natural,47,173,52.766666666666666,-1.078991174697876,0.08650885624927587
COHFACE_s10_session2_natural,47,174,52.8,-1.1347723007202148,0.16057859440399744
COHFACE_s10_session2_natural,47,175,52.833333333333336,-1.1956517696380615,0.266953478281671
COHFACE_s10_session2_natural,47,176,52.86666666666667,-1.286600947380066,0.40578764350923635
COHFACE_s10_session2_natural,47,177,52.9,-1.3999204635620117,0.561028554197576
COHFACE_s10_session2_natural,47,178,52.93333333333333,-1.2228543758392334,0.707506288302324
COHFACE_s10_session2_natural,47,179,52.96666666666667,0.001232055015861988,0.8214340799745133
COHFACE_s10_session2_natural,47,180,53.0,1.5742136240005493,0.8877857063102681
COHFACE_s10_session2_natural,47,181,53.03333333333333,2.1856324672698975,0.9007931680279072
COHFACE_s10_session2_natural,47,182,53.06666666666667,1.8961371183395386,0.8593944905496297
COHFACE_s10_session2_natural,47,183,53.1,1.3490890264511108,0.7629809673254494
COHFACE_s10_session2_natural,47,184,53.13333333333333,0.9059498906135559,0.6110967788893602
COHFACE_s10_session2_natural,47,185,53.166666666666664,0.5644884705543518,0.4064598418508561
COHFACE_s10_session2_natural,47,186,53.2,0.3752719759941101,0.15814539439637476
COHFACE_s10_session2_natural,47,187,53.233333333333334,0.4142898619174957,-0.11762421917202594
COHFACE_s10_session2_natural,47,188,53.266666666666666,0.47267216444015503,-0.3992027704084956
COHFACE_s10_session2_natural,47,189,53.3,0.3705204427242279,-0.6621811252463506
COHFACE_s10_session2_natural,47,190,53.333333333333336,0.09979990869760513,-0.8819645918221283
COHFACE_s10_session2_natural,47,191,53.36666666666667,-0.24820496141910553,-1.0366154941048613
COHFACE_s10_session2_natural,47,192,53.4,-0.5866836905479431,-1.11046275855901
COHFACE_s10_session2_natural,47,193,53.43333333333333,-0.8566181063652039,-1.0978455642893648
COHFACE_s10_session2_natural,47,194,53.46666666666667,-1.0396957397460938,-1.0052018362453874
COHFACE_s10_session2_natural,47,195,53.5,-1.1464602947235107,-0.8499357251323911
COHFACE_s10_session2_natural,47,196,53.53333333333333,-1.2036864757537842,-0.6563254957289079
COHFACE_s10_session2_natural,47,197,53.56666666666667,-1.2437217235565186,-0.45037306734794424
COHFACE_s10_session2_natural,47,198,53.6,-1.295109748840332,-0.25532929351671046
COHFACE_s10_session2_natural,47,199,53.63333333333333,-1.371145486831665,-0.0883245607930155
COHFACE_s10_session2_natural,47,200,53.666666666666664,-1.4739793539047241,0.04232326390081739
COHFACE_s10_session2_natural,47,201,53.7,-1.3358618021011353,0.13919620288762985
COHFACE_s10_session2_natural,47,202,53.733333333333334,-0.17672419548034668,0.21612279609310933
COHFACE_s10_session2_natural,47,203,53.766666666666666,1.4209860563278198,0.2949067578540314
COHFACE_s10_session2_natural,47,204,53.8,2.084151268005371,0.3974985073519547
COHFACE_s10_session2_natural,47,205,53.833333333333336,1.8084365129470825,0.5353240867415282
COHFACE_s10_session2_natural,47,206,53.86666666666667,1.2420239448547363,0.7004048158557873
COHFACE_s10_session2_natural,47,207,53.9,0.7585489749908447,0.8634449723898048
COHFACE_s10_session2_natural,47,208,53.93333333333333,0.4038735330104828,0.9809659996954253
COHFACE_s10_session2_natural,47,209,53.96666666666667,0.25299280881881714,1.0090300044046254
COHFACE_s10_session2_natural,47,210,54.0,0.35910987854003906,0.9182091070455716
COHFACE_s10_session2_natural,47,211,54.03333333333333,0.47716933488845825,0.7042849919224579
COHFACE_s10_session2_natural,47,212,54.06666666666667,0.4031914174556732,0.39116989448678713
COHFACE_s10_session2_natural,47,213,54.1,0.13565011322498322,0.025556649846531734
COHFACE_s10_session2_natural,47,214,54.13333333333333,-0.21006569266319275,-0.3344562557507534
COHFACE_s10_session2_natural,47,215,54.166666666666664,-0.5432148575782776,-0.6330062291737601
COHFACE_s10_session2_natural,47,216,54.2,-0.8164903521537781,-0.8285866540591288
COHFACE_s10_session2_natural,47,217,54.233333333333334,-0.9915679693222046,-0.9017546072217909
COHFACE_s10_session2_natural,47,218,54.266666666666666,-1.087812066078186,-0.8567630217157958
COHFACE_s10_session2_natural,47,219,54.3,-1.1394890546798706,-0.7170548059139763
COHFACE_s10_session2_natural,47,220,54.333333333333336,-1.1735126972198486,-0.5165362291648943
COHFACE_s10_session2_natural,47,221,54.36666666666667,-1.2188889980316162,-0.2901719654325959
COHFACE_s10_session2_natural,47,222,54.4,-1.295803427696228,-0.06765296041756155
COHFACE_s10_session2_natural,47,223,54.43333333333333,-1.3972961902618408,0.12807726563113297
COHFACE_s10_session2_natural,47,224,54.46666666666667,-1.3417346477508545,0.2790813487250882
COHFACE_s10_session2_natural,47,225,54.5,-0.37720099091529846,0.3711991133864191
COHFACE_s10_session2_natural,47,226,54.53333333333333,1.1858844757080078,0.3957594074613299
COHFACE_s10_session2_natural,47,227,54.56666666666667,1.9700572490692139,0.35331912628085077
COHFACE_s10_session2_natural,47,228,54.6,1.7913264036178589,0.2560462373246857
COHFACE_s10_session2_natural,47,229,54.63333333333333,1.2409025430679321,0.12584405646602315
COHFACE_s10_session2_natural,47,230,54.666666666666664,0.7212536931037903,-0.011470901337851426
COHFACE_s10_session2_natural,47,231,54.7,0.3070860505104065,-0.13274183934198155
COHFACE_s10_session2_natural,47,232,54.733333333333334,0.13168475031852722,-0.2217149386513937
COHFACE_s10_session2_natural,47,233,54.766666666666666,0.27413761615753174,-0.2701784733419598
COHFACE_s10_session2_natural,47,234,54.8,0.4525447189807892,-0.2772609449913691
COHFACE_s10_session2_natural,47,235,54.833333333333336,0.4192841351032257,-0.24826876196037617
COHFACE_s10_session2_natural,47,236,54.86666666666667,0.18003223836421967,-0.19291519179424318
COHFACE_s10_session2_natural,47,237,54.9,-0.15932510793209076,-0.12211847151985306
COHFACE_s10_session2_natural,47,238,54.93333333333333,-0.5074108839035034,-0.0441993007664218
COHFACE_s10_session2_natural,47,239,54.96666666666667,-0.8035306334495544,0.03707160321848152
COHFACE_s10_session2_natural,48,0,48.0,0.5668584704399109,-0.1768261208676442
COHFACE_s10_session2_natural,48,1,48.03333333333333,0.3428668975830078,-0.20941271682623197
COHFACE_s10_session2_natural,48,2,48.06666666666667,0.33300548791885376,-0.26691981936822395
COHFACE_s10_session2_natural,48,3,48.1,0.41234761476516724,-0.36653699319369415
COHFACE_s10_session2_natural,48,4,48.13333333333333,0.3768557906150818,-0.5066999120215147
COHFACE_s10_session2_natural,48,5,48.166666666666664,0.15604346990585327,-0.6660076335540153
COHFACE_s10_session2_natural,48,6,48.2,-0.1680651158094406,-0.8097958642788817
COHFACE_s10_session2_natural,48,7,48.233333333333334,-0.49996569752693176,-0.9024597801511088
COHFACE_s10_session2_natural,48,8,48.266666666666666,-0.7873339056968689,-0.9200976387170489
COHFACE_s10_session2_natural,48,9,48.3,-0.9917760491371155,-0.857141148716721
COHFACE_s10_session2_natural,48,10,48.333333333333336,-1.1011995077133179,-0.724116937399685
COHFACE_s10_session2_natural,48,11,48.36666666666667,-1.1687958240509033,-0.5391128466692569
COHFACE_s10_session2_natural,48,12,48.4,-1.2147849798202515,-0.3189666246918177
COHFACE_s10_session2_natural,48,13,48.43333333333333,-1.2559878826141357,-0.07548978044431222
COHFACE_s10_session2_natural,48,14,48.46666666666667,-1.3314802646636963,0.1822045260830701
COHFACE_s10_session2_natural,48,15,48.5,-1.4277359247207642,0.4426176344291647
COHFACE_s10_session2_natural,48,16,48.53333333333333,-1.4621526002883911,0.6887033053361327
COHFACE_s10_session2_natural,48,17,48.56666666666667,-0.834906816482544,0.8991757841487447
COHFACE_s10_session2_natural,48,18,48.6,0.6958776116371155,1.0532583774314614
COHFACE_s10_session2_natural,48,19,48.63333333333333,1.8338819742202759,1.1358164012533916
COHFACE_s10_session2_natural,48,20,48.666666666666664,1.884795904159546,1.1407447384008385
COHFACE_s10_session2_natural,48,21,48.7,1.3869277238845825,1.072256234578673
COHFACE_s10_session2_natural,48,22,48.733333333333334,0.8665967583656311,0.9440295097556537
COHFACE_s10_session2_natural,48,23,48.766666666666666,0.4572499990463257,0.775808495529082
COHFACE_s10_session2_natural,48,24,48.8,0.1817779242992401,0.5876708201099711
COHFACE_s10_session2_natural,48,25,48.833333333333336,0.1828068494796753,0.3937394975889013
COHFACE_s10_session2_natural,48,26,48.86666666666667,0.3234908878803253,0.19834730596678615
COHFACE_s10_session2_natural,48,27,48.9,0.34003448486328125,-0.0028038266543334803
COHFACE_s10_session2_natural,48,28,48.93333333333333,0.1601128876209259,-0.21641085623357412
COHFACE_s10_session2_natural,48,29,48.96666666666667,-0.14853882789611816,-0.44303839220155533
COHFACE_s10_session2_natural,48,30,49.0,-0.4838498830795288,-0.6703794554980086
COHFACE_s10_session2_natural,48,31,49.03333333333333,-0.7740851640701294,-0.8716807660816142
COHFACE_s10_session2_natural,48,32,49.06666666666667,-0.9817990064620972,-1.0105683161025942
COHFACE_s10_session2_natural,48,33,49.1,-1.1130956411361694,-1.051035914594965
COHFACE_s10_session2_natural,48,34,49.13333333333333,-1.1845070123672485,-0.9695282152710659
COHFACE_s10_session2_natural,48,35,49.166666666666664,-1.2261146306991577,-0.7652628818450375
COHFACE_s10_session2_natural,48,36,49.2,-1.274300217628479,-0.4652288671953469
COHFACE_s10_session2_natural,48,37,49.233333333333334,-1.341665267944336,-0.12161626347879195
COHFACE_s10_session2_natural,48,38,49.266666666666666,-1.429747462272644,0.1984609510724893
COHFACE_s10_session2_natural,48,39,49.3,-1.4404643774032593,0.42874171882125933
COHFACE_s10_session2_natural,48,40,49.333333333333336,-0.7120033502578735,0.5209670055502802
COHFACE_s10_session2_natural,48,41,49.36666666666667,0.8066884279251099,0.45833967115654106
COHFACE_s10_session2_natural,48,42,49.4,1.8196967840194702,0.2607723209088002
COHFACE_s10_session2_natural,48,43,49.43333333333333,1.7972687482833862,-0.020220714399134865
COHFACE_s10_session2_natural,48,44,49.46666666666667,1.2703365087509155,-0.3154739821896811
COHFACE_s10_session2_natural,48,45,49.5,0.7243173122406006,-0.5565350547349631
COHFACE_s10_session2_natural,48,46,49.53333333333333,0.28916671872138977,-0.6933193925103409
COHFACE_s10_session2_natural,48,47,49.56666666666667,0.042585235089063644,-0.7066076219043659
COHFACE_s10_session2_natural,48,48,49.6,0.10884049534797668,-0.6118223357737487
COHFACE_s10_session2_natural,48,49,49.63333333333333,0.2954442501068115,-0.452180567179645
COHFACE_s10_session2_natural,48,50,49.666666666666664,0.32743313908576965,-0.2825108772640644
COHFACE_s10_session2_natural,48,51,49.7,0.14480631053447723,-0.14898241939573878
COHFACE_s10_session2_natural,48,52,49.733333333333334,-0.1727588176727295,-0.07270334227649042
COHFACE_s10_session2_natural,48,53,49.766666666666666,-0.5142549276351929,-0.04421839086243818
COHFACE_s10_session2_natural,48,54,49.8,-0.7955074310302734,-0.030840120222000337
COHFACE_s10_session2_natural,48,55,49.833333333333336,-0.992932140827179,0.007525029712002726
COHFACE_s10_session2_natural,48,56,49.86666666666667,-1.1096158027648926,0.1019298426911995
COHFACE_s10_session2_natural,48,57,49.9,-1.1680675745010376,0.26410368806142526
COHFACE_s10_session2_natural,48,58,49.93333333333333,-1.2075247764587402,0.4844635261893029
COHFACE_s10_session2_natural,48,59,49.96666666666667,-1.2586699724197388,0.7361947196167813
COHFACE_s10_session2_natural,48,60,50.0,-1.3373878002166748,0.982185800933104
COHFACE_s10_session2_natural,48,61,50.03333333333333,-1.3332836627960205,1.1830070525546912
COHFACE_s10_session2_natural,48,62,50.06666666666667,-0.6375745534896851,1.3052930799647688
COHFACE_s10_session2_natural,48,63,50.1,0.788722813129425,1.3294981829092272
COHFACE_s10_session2_natural,48,64,50.13333333333333,1.735788106918335,1.2545986596369112
COHFACE_s10_session2_natural,48,65,50.166666666666664,1.7021921873092651,1.0970965303469205
COHFACE_s10_session2_natural,48,66,50.2,1.1767860651016235,0.8840227213667109
COHFACE_s10_session2_natural,48,67,50.233333333333334,0.6114602088928223,0.6430177927459687
COHFACE_s10_session2_natural,48,68,50.266666666666666,0.13580040633678436,0.3943592332361409
COHFACE_s10_session2_natural,48,69,50.3,-0.1094168871641159,0.14857204950572808
COHFACE_s10_session2_natural,48,70,50.333333333333336,0.0063881962560117245,-0.09038819989273604
COHFACE_s10_session2_natural,48,71,50.36666666666667,0.24239149689674377,-0.3197008690021158
COHFACE_s10_session2_natural,48,72,50.4,0.3056640625,-0.5338813194338249
COHFACE_s10_session2_natural,48,73,50.43333333333333,0.13447090983390808,-0.7246083196954811
COHFACE_s10_session2_natural,48,74,50.46666666666667,-0.1891983449459076,-0.8836004939055646
COHFACE_s10_session2_natural,48,75,50.5,-0.5402090549468994,-1.0063191708260588
COHFACE_s10_session2_natural,48,76,50.53333333333333,-0.8237043023109436,-1.0942460902645639
COHFACE_s10_session2_natural,48,77,50.56666666666667,-1.0078803300857544,-1.1545426971893828
COHFACE_s10_session2_natural,48,78,50.6,-1.1072343587875366,-1.1970634367043718
COHFACE_s10_session2_natural,48,79,50.63333333333333,-1.1637206077575684,-1.22942811722749
COHFACE_s10_session2_natural,48,80,50.666666666666664,-1.2157098054885864,-1.2512486821894975
COHFACE_s10_session2_natural,48,81,50.7,-1.2776644229888916,-1.2492777555232668
COHFACE_s10_session2_natural,48,82,50.733333333333334,-1.294878602027893,-1.196285170754907
COHFACE_s10_session2_natural,48,83,50.766666666666666,-0.6980493664741516,-1.056610102250067
COHFACE_s10_session2_natural,48,84,50.8,0.7354503870010376,-0.799281776201257
COHFACE_s10_session2_natural,48,85,50.833333333333336,1.8024249076843262,-0.41545589039247477
COHFACE_s10_session2_natural,48,86,50.86666666666667,1.8680442571640015,0.06741592971508727
COHFACE_s10_session2_natural,48,87,50.9,1.3805114030838013,0.5834094286838498
COHFACE_s10_session2_natural,48,88,50.93333333333333,0.8158792853355408,1.0424681637668103
COHFACE_s10_session2_natural,48,89,50.96666666666667,0.33424249291419983,1.357692124598243
COHFACE_s10_session2_natural,48,90,51.0,0.033614009618759155,1.474323395444959
COHFACE_s10_session2_natural,48,91,51.03333333333333,0.0795915350317955,1.3872096384858073
COHFACE_s10_session2_natural,48,92,51.06666666666667,0.2948431074619293,1.139407555373028
COHFACE_s10_session2_natural,48,93,51.1,0.3864744305610657,0.8041556926993788
COHFACE_s10_session2_natural,48,94,51.13333333333333,0.2447383552789688,0.4595472631352521
COHFACE_s10_session2_natural,48,95,51.166666666666664,-0.06482667475938797,0.16667882373245263
COHFACE_s10_session2_natural,48,96,51.2,-0.4186813235282898,-0.04178465009003532
COHFACE_s10_session2_natural,48,97,51.233333333333334,-0.7192288637161255,-0.16152128952392739
COHFACE_s10_session2_natural,48,98,51.266666666666666,-0.9222259521484375,-0.20817687838315374
COHFACE_s10_session2_natural,48,99,51.3,-1.0355454683303833,-0.20566657703914135
COHFACE_s10_session2_natural,48,100,51.333333333333336,-1.1041475534439087,-0.17575731222503238
COHFACE_s10_session2_natural,48,101,51.36666666666667,-1.1612929105758667,-0.13196177276303997
COHFACE_s10_session2_natural,48,102,51.4,-1.226299524307251,-0.07876445001847551
COHFACE_s10_session2_natural,48,103,51.43333333333333,-1.1791428327560425,-0.015172184048074473
COHFACE_s10_session2_natural,48,104,51.46666666666667,-0.3492468297481537,0.06001406956652247
COHFACE_s10_session2_natural,48,105,51.5,1.1816068887710571,0.14411902026159956
COHFACE_s10_session2_natural,48,106,51.53333333333333,2.105527400970459,0.22931893010330234
COHFACE_s10_session2_natural,48,107,51.56666666666667,2.030277729034424,0.3038917570663454
COHFACE_s10_session2_natural,48,108,51.6,1.510501742362976,0.35456486634162965
COHFACE_s10_session2_natural,48,109,51.63333333333333,0.9982633590698242,0.36872856391994696
COHFACE_s10_session2_natural,48,110,51.666666666666664,0.5950091481208801,0.3364063877522232
COHFACE_s10_session2_natural,48,111,51.7,0.3444044888019562,0.2526583863010587
COHFACE_s10_session2_natural,48,112,51.733333333333334,0.37389621138572693,0.12059074991828961
COHFACE_s10_session2_natural,48,113,51.766666666666666,0.510545551776886,-0.0462477090590885
COHFACE_s10_session2_natural,48,114,51.8,0.5052275657653809,-0.2242916868642275
COHFACE_s10_session2_natural,48,115,51.833333333333336,0.28760600090026855,-0.38465355108310034
COHFACE_s10_session2_natural,48,116,51.86666666666667,-0.05330049991607666,-0.5009597174450487
COHFACE_s10_session2_natural,48,117,51.9,-0.4100453555583954,-0.5569281765145809
COHFACE_s10_session2_natural,48,118,51.93333333333333,-0.7074368000030518,-0.550276826385648
COHFACE_s10_session2_natural,48,119,51.96666666666667,-0.9162142872810364,-0.4913901786444568
COHFACE_s10_session2_natural,48,120,52.0,-1.0450137853622437,-0.39742739295429935
COHFACE_s10_session2_natural,48,121,52.03333333333333,-1.107951045036316,-0.28449381363516724
COHFACE_s10_session2_natural,48,122,52.06666666666667,-1.147870659828186,-0.161610593761295
COHFACE_s10_session2_natural,48,123,52.1,-1.2095825672149658,-0.029659254028206326
COHFACE_s10_session2_natural,48,124,52.13333333333333,-1.2948323488235474,0.11396478517206009
COHFACE_s10_session2_natural,48,125,52.166666666666664,-1.2631093263626099,0.26735252735669174
COHFACE_s10_session2_natural,48,126,52.2,-0.38836875557899475,0.4171445344148467
COHFACE_s10_session2_natural,48,127,52.233333333333334,1.2463939189910889,0.5370350640557061
COHFACE_s10_session2_natural,48,128,52.266666666666666,2.2383615970611572,0.5938397614473759
COHFACE_s10_session2_natural,48,129,52.3,2.170198678970337,0.5594671151338594
COHFACE_s10_session2_natural,48,130,52.333333333333336,1.6580876111984253,0.42351254188852805
COHFACE_s10_session2_natural,48,131,52.36666666666667,1.1927632093429565,0.20019583115349798
COHFACE_s10_session2_natural,48,132,52.4,0.8446311354637146,-0.07388903911992281
COHFACE_s10_session2_natural,48,133,52.43333333333333,0.5749626159667969,-0.3501630436431697
COHFACE_s10_session2_natural,48,134,52.46666666666667,0.511736273765564,-0.5820316932289072
COHFACE_s10_session2_natural,48,135,52.5,0.5725810527801514,-0.7369540472109845
COHFACE_s10_session2_natural,48,136,52.53333333333333,0.5307770371437073,-0.8027232340420954
COHFACE_s10_session2_natural,48,137,52.56666666666667,0.3076871931552887,-0.7868664811087849
COHFACE_s10_session2_natural,48,138,52.6,-0.023924365639686584,-0.710515761457837
COHFACE_s10_session2_natural,48,139,52.63333333333333,-0.3652701675891876,-0.5993754253617743
COHFACE_s10_session2_natural,48,140,52.666666666666664,-0.6633899211883545,-0.4745810216724357
COHFACE_s10_session2_natural,48,141,52.7,-0.8797513842582703,-0.3460366037652417
COHFACE_s10_session2_natural,48,142,52.733333333333334,-1.0042964220046997,-0.21057569506504195
COHFACE_s10_session2_natural,48,143,52.766666666666666,-1.078991174697876,-0.05615557702253564
COHFACE_s10_session2_natural,48,144,52.8,-1.1347723007202148,0.1292389963138325
COHFACE_s10_session2_natural,48,145,52.833333333333336,-1.1956517696380615,0.3479217840420353
COHFACE_s10_session2_natural,48,146,52.86666666666667,-1.286600947380066,0.5868334235739322
COHFACE_s10_session2_natural,48,147,52.9,-1.3999204635620117,0.8188483349012571
COHFACE_s10_session2_natural,48,148,52.93333333333333,-1.2228543758392334,1.0103469747814284
COHFACE_s10_session2_natural,48,149,52.96666666666667,0.001232055015861988,1.1311044837568183
COHFACE_s10_session2_natural,48,150,53.0,1.5742136240005493,1.1618938644429853
COHFACE_s10_session2_natural,48,151,53.03333333333333,2.1856324672698975,1.0972826839467003
COHFACE_s10_session2_natural,48,152,53.06666666666667,1.8961371183395386,0.9443070369637673
COHFACE_s10_session2_natural,48,153,53.1,1.3490890264511108,0.7195119106956946
COHFACE_s10_session2_natural,48,154,53.13333333333333,0.9059498906135559,0.44601271528690273
COHFACE_s10_session2_natural,48,155,53.166666666666664,0.5644884705543518,0.1504632955144667
COHFACE_s10_session2_natural,48,156,53.2,0.3752719759941101,-0.1406562525673075
COHFACE_s10_session2_natural,48,157,53.233333333333334,0.4142898619174957,-0.40502607859431317
COHFACE_s10_session2_natural,48,158,53.266666666666666,0.47267216444015503,-0.6271621373118915
COHFACE_s10_session2_natural,48,159,53.3,0.3705204427242279,-0.7983180047240598
COHFACE_s10_session2_natural,48,160,53.333333333333336,0.09979990869760513,-0.9139351467397504
COHFACE_s10_session2_natural,48,161,53.36666666666667,-0.24820496141910553,-0.9707612064266601
COHFACE_s10_session2_natural,48,162,53.4,-0.5866836905479431,-0.9658311453516178
COHFACE_s10_session2_natural,48,163,53.43333333333333,-0.8566181063652039,-0.8980115337622291
COHFACE_s10_session2_natural,48,164,53.46666666666667,-1.0396957397460938,-0.7710241144691546
COHFACE_s10_session2_natural,48,165,53.5,-1.1464602947235107,-0.5960138052980062
COHFACE_s10_session2_natural,48,166,53.53333333333333,-1.2036864757537842,-0.3921960873262997
COHFACE_s10_session2_natural,48,167,53.56666666666667,-1.2437217235565186,-0.18502531863292146
COHFACE_s10_session2_natural,48,168,53.6,-1.295109748840332,-0.0018206480835314
COHFACE_s10_session2_natural,48,169,53.63333333333333,-1.371145486831665,0.13470587563543696
COHFACE_s10_session2_natural,48,170,53.666666666666664,-1.4739793539047241,0.21351184279161406
COHFACE_s10_session2_natural,48,171,53.7,-1.3358618021011353,0.24031170251806896
COHFACE_s10_session2_natural,48,172,53.733333333333334,-0.17672419548034668,0.23798912668981048
COHFACE_s10_session2_natural,48,173,53.766666666666666,1.4209860563278198,0.24077326774473146
COHFACE_s10_session2_natural,48,174,53.8,2.084151268005371,0.28279647880900927
COHFACE_s10_session2_natural,48,175,53.833333333333336,1.8084365129470825,0.3842212822703492
COHFACE_s10_session2_natural,48,176,53.86666666666667,1.2420239448547363,0.5400619570313782
COHFACE_s10_session2_natural,48,177,53.9,0.7585489749908447,0.7169379053716031
COHFACE_s10_session2_natural,48,178,53.93333333333333,0.4038735330104828,0.8606565624054971
COHFACE_s10_session2_natural,48,179,53.96666666666667,0.25299280881881714,0.9133243803546853
COHFACE_s10_session2_natural,48,180,54.0,0.35910987854003906,0.8342759716709078
COHFACE_s10_session2_natural,48,181,54.03333333333333,0.47716933488845825,0.6166889187205477
COHFACE_s10_session2_natural,48,182,54.06666666666667,0.4031914174556732,0.2928651039852085
COHFACE_s10_session2_natural,48,183,54.1,0.13565011322498322,-0.0743671216896407
COHFACE_s10_session2_natural,48,184,54.13333333333333,-0.21006569266319275,-0.41078880347885116
COHFACE_s10_session2_natural,48,185,54.166666666666664,-0.5432148575782776,-0.6530268842387635
COHFACE_s10_session2_natural,48,186,54.2,-0.8164903521537781,-0.7661964529321361
COHFACE_s10_session2_natural,48,187,54.233333333333334,-0.9915679693222046,-0.7517266338422596
COHFACE_s10_session2_natural,48,188,54.266666666666666,-1.087812066078186,-0.6433512570398988
COHFACE_s10_session2_natural,48,189,54.3,-1.1394890546798706,-0.4927065508711655
COHFACE_s10_session2_natural,48,190,54.333333333333336,-1.1735126972198486,-0.34958014861313275
COHFACE_s10_session2_natural,48,191,54.36666666666667,-1.2188889980316162,-0.2444400730952446
COHFACE_s10_session2_natural,48,192,54.4,-1.295803427696228,-0.1807567169355728
COHFACE_s10_session2_natural,48,193,54.43333333333333,-1.3972961902618408,-0.1405340669145755
COHFACE_s10_session2_natural,48,194,54.46666666666667,-1.3417346477508545,-0.09945878871526781
COHFACE_s10_session2_natural,48,195,54.5,-0.37720099091529846,-0.04272895945908792
COHFACE_s10_session2_natural,48,196,54.53333333333333,1.1858844757080078,0.02702553356983186
COHFACE_s10_session2_natural,48,197,54.56666666666667,1.9700572490692139,0.09271082129255895
COHFACE_s10_session2_natural,48,198,54.6,1.7913264036178589,0.1326541713245746
COHFACE_s10_session2_natural,48,199,54.63333333333333,1.2409025430679321,0.13027225682696247
COHFACE_s10_session2_natural,48,200,54.666666666666664,0.7212536931037903,0.07912396306552272
COHFACE_s10_session2_natural,48,201,54.7,0.3070860505104065,-0.016366439049547276
COHFACE_s10_session2_natural,48,202,54.733333333333334,0.13168475031852722,-0.14231235568594305
COHFACE_s10_session2_natural,48,203,54.766666666666666,0.27413761615753174,-0.2775423832253138
COHFACE_s10_session2_natural,48,204,54.8,0.4525447189807892,-0.39649243337172557
COHFACE_s10_session2_natural,48,205,54.833333333333336,0.4192841351032257,-0.47314853418127334
COHFACE_s10_session2_natural,48,206,54.86666666666667,0.18003223836421967,-0.4857855901534642
COHFACE_s10_session2_natural,48,207,54.9,-0.15932510793209076,-0.4215094974303373
COHFACE_s10_session2_natural,48,208,54.93333333333333,-0.5074108839035034,-0.27949399707339606
COHFACE_s10_session2_natural,48,209,54.96666666666667,-0.8035306334495544,-0.072057420750279
COHFACE_s10_session2_natural,48,210,55.0,-0.9869204759597778,0.1770658228331134
COHFACE_s10_session2_natural,48,211,55.03333333333333,-1.0757887363433838,0.4374134087541723
COHFACE_s10_session2_natural,48,212,55.06666666666667,-1.1254194974899292,0.6785167743037874
COHFACE_s10_session2_natural,48,213,55.1,-1.1541597843170166,0.8765464124492818
COHFACE_s10_session2_natural,48,214,55.13333333333333,-1.1752583980560303,1.0183078756130517
COHFACE_s10_session2_natural,48,215,55.166666666666664,-1.2292360067367554,1.100803809165358
COHFACE_s10_session2_natural,48,216,55.2,-1.3151909112930298,1.1265420056590325
COHFACE_s10_session2_natural,48,217,55.233333333333334,-1.325006127357483,1.097098147319139
COHFACE_s10_session2_natural,48,218,55.266666666666666,-0.6434358954429626,1.0088752698974697
COHFACE_s10_session2_natural,48,219,55.3,0.8492092490196228,0.8543244066094019
COHFACE_s10_session2_natural,48,220,55.333333333333336,1.8619632720947266,0.6289183007226774
COHFACE_s10_session2_natural,48,221,55.36666666666667,1.8638246059417725,0.34042638955854565
COHFACE_s10_session2_natural,48,222,55.4,1.334314227104187,0.014818007762644676
COHFACE_s10_session2_natural,48,223,55.43333333333333,0.7487338185310364,-0.3057806968383017
COHFACE_s10_session2_natural,48,224,55.46666666666667,0.2603108286857605,-0.5734218229461903
COHFACE_s10_session2_natural,48,225,55.5,0.0034401784650981426,-0.748930857944501
COHFACE_s10_session2_natural,48,226,55.53333333333333,0.13270209729671478,-0.8150183037849961
COHFACE_s10_session2_natural,48,227,55.56666666666667,0.38576921820640564,-0.7829114549385189
COHFACE_s10_session2_natural,48,228,55.6,0.4424867630004883,-0.6894382259666237
COHFACE_s10_session2_natural,48,229,55.63333333333333,0.2658368945121765,-0.584492137002375
COHFACE_s10_session2_natural,48,230,55.666666666666664,-0.03817890211939812,-0.5127277766861645
COHFACE_s10_session2_natural,48,231,55.7,-0.3778599500656128,-0.4966928262994117
COHFACE_s10_session2_natural,48,232,55.733333333333334,-0.6789392828941345,-0.5292456143114994
COHFACE_s10_session2_natural,48,233,55.766666666666666,-0.9048153162002563,-0.5793277180507411
COHFACE_s10_session2_natural,48,234,55.8,-1.0383894443511963,-0.607933232292044
COHFACE_s10_session2_natural,48,235,55.833333333333336,-1.0885982513427734,-0.5854077378058591
COHFACE_s10_session2_natural,48,236,55.86666666666667,-1.1046446561813354,-0.5013978382491211
COHFACE_s10_session2_natural,48,237,55.9,-1.1482985019683838,-0.36420039697605683
COHFACE_s10_session2_natural,48,238,55.93333333333333,-1.2308660745620728,-0.1929225047956102
COHFACE_s10_session2_natural,48,239,55.96666666666667,-1.2964508533477783,-0.009278731324839003
COHFACE_s10_session2_natural,49,0,49.0,-0.4838498830795288,-0.02628800793656326
COHFACE_s10_session2_natural,49,1,49.03333333333333,-0.7740851640701294,-0.18162833116077984
COHFACE_s10_session2_natural,49,2,49.06666666666667,-0.9817990064620972,-0.3006999446844587
COHFACE_s10_session2_natural,49,3,49.1,-1.1130956411361694,-0.3503476297955282
COHFACE_s10_session2_natural,49,4,49.13333333333333,-1.1845070123672485,-0.30721615265860425
COHFACE_s10_session2_natural,49,5,49.166666666666664,-1.2261146306991577,-0.16483042078115107
COHFACE_s10_session2_natural,49,6,49.2,-1.274300217628479,0.05940863531716415
COHFACE_s10_session2_natural,49,7,49.233333333333334,-1.341665267944336,0.32064937733042226
COHFACE_s10_session2_natural,49,8,49.266666666666666,-1.429747462272644,0.5510793084282147
COHFACE_s10_session2_natural,49,9,49.3,-1.4404643774032593,0.675405594050693
COHFACE_s10_session2_natural,49,10,49.333333333333336,-0.7120033502578735,0.6345850207931321
COHFACE_s10_session2_natural,49,11,49.36666666666667,0.8066884279251099,0.4089011837944667
COHFACE_s10_session2_natural,49,12,49.4,1.8196967840194702,0.02956881536907628
COHFACE_s10_session2_natural,49,13,49.43333333333333,1.7972687482833862,-0.427360059718847
COHFACE_s10_session2_natural,49,14,49.46666666666667,1.2703365087509155,-0.8620278004415223
COHFACE_s10_session2_natural,49,15,49.5,0.7243173122406006,-1.177435765763345
COHFACE_s10_session2_natural,49,16,49.53333333333333,0.28916671872138977,-1.303014120918734
COHFACE_s10_session2_natural,49,17,49.56666666666667,0.042585235089063644,-1.2106105282311017
COHFACE_s10_session2_natural,49,18,49.6,0.10884049534797668,-0.920956979274101
COHFACE_s10_session2_natural,49,19,49.63333333333333,0.2954442501068115,-0.49908272344839016
COHFACE_s10_session2_natural,49,20,49.666666666666664,0.32743313908576965,-0.03793621278597943
COHFACE_s10_session2_natural,49,21,49.7,0.14480631053447723,0.36717140679638377
COHFACE_s10_session2_natural,49,22,49.733333333333334,-0.1727588176727295,0.6453900364219758
COHFACE_s10_session2_natural,49,23,49.766666666666666,-0.5142549276351929,0.7678560756193651
COHFACE_s10_session2_natural,49,24,49.8,-0.7955074310302734,0.7490534652416571
COHFACE_s10_session2_natural,49,25,49.833333333333336,-0.992932140827179,0.6333062444357398
COHFACE_s10_session2_natural,49,26,49.86666666666667,-1.1096158027648926,0.4750570290119875
COHFACE_s10_session2_natural,49,27,49.9,-1.1680675745010376,0.3230195671184943
COHFACE_s10_session2_natural,49,28,49.93333333333333,-1.2075247764587402,0.21276964242972865
COHFACE_s10_session2_natural,49,29,49.96666666666667,-1.2586699724197388,0.1653384890840592
COHFACE_s10_session2_natural,49,30,50.0,-1.3373878002166748,0.18699861466300824
COHFACE_s10_session2_natural,49,31,50.03333333333333,-1.3332836627960205,0.2683593043994783
COHFACE_s10_session2_natural,49,32,50.06666666666667,-0.6375745534896851,0.38539616301114005
COHFACE_s10_session2_natural,49,33,50.1,0.788722813129425,0.5058006571691483
COHFACE_s10_session2_natural,49,34,50.13333333333333,1.735788106918335,0.5992970719440792
COHFACE_s10_session2_natural,49,35,50.166666666666664,1.7021921873092651,0.6458304445193683
COHFACE_s10_session2_natural,49,36,50.2,1.1767860651016235,0.6365884263296968
COHFACE_s10_session2_natural,49,37,50.233333333333334,0.6114602088928223,0.5686957506027643
COHFACE_s10_session2_natural,49,38,50.266666666666666,0.13580040633678436,0.4399350486126498
COHFACE_s10_session2_natural,49,39,50.3,-0.1094168871641159,0.249940957821196
COHFACE_s10_session2_natural,49,40,50.333333333333336,0.0063881962560117245,0.008049887951338337
COHFACE_s10_session2_natural,49,41,50.36666666666667,0.24239149689674377,-0.2590363204489601
COHFACE_s10_session2_natural,49,42,50.4,0.3056640625,-0.5080551987185266
COHFACE_s10_session2_natural,49,43,50.43333333333333,0.13447090983390808,-0.6916133199879811
COHFACE_s10_session2_natural,49,44,50.46666666666667,-0.1891983449459076,-0.7773289925198191
COHFACE_s10_session2_natural,49,45,50.5,-0.5402090549468994,-0.763514579848437
COHFACE_s10_session2_natural,49,46,50.53333333333333,-0.8237043023109436,-0.6826389566966091
COHFACE_s10_session2_natural,49,47,50.56666666666667,-1.0078803300857544,-0.590566652920223
COHFACE_s10_session2_natural,49,48,50.6,-1.1072343587875366,-0.5469211022337648
COHFACE_s10_session2_natural,49,49,50.63333333333333,-1.1637206077575684,-0.594710990612638
COHFACE_s10_session2_natural,49,50,50.666666666666664,-1.2157098054885864,-0.744393164593068
COHFACE_s10_session2_natural,49,51,50.7,-1.2776644229888916,-0.9643433502376607
COHFACE_s10_session2_natural,49,52,50.733333333333334,-1.294878602027893,-1.1807663046234151
COHFACE_s10_session2_natural,49,53,50.766666666666666,-0.6980493664741516,-1.2917311732910854
COHFACE_s10_session2_natural,49,54,50.8,0.7354503870010376,-1.1967957422773803
COHFACE_s10_session2_natural,49,55,50.833333333333336,1.8024249076843262,-0.8355881992514028
COHFACE_s10_session2_natural,49,56,50.86666666666667,1.8680442571640015,-0.2204542057632471
COHFACE_s10_session2_natural,49,57,50.9,1.3805114030838013,0.5534972247361318
COHFACE_s10_session2_natural,49,58,50.93333333333333,0.8158792853355408,1.3294293501948307
COHFACE_s10_session2_natural,49,59,50.96666666666667,0.33424249291419983,1.9351118960824436
COHFACE_s10_session2_natural,49,60,51.0,0.033614009618759155,2.236372862410458
COHFACE_s10_session2_natural,49,61,51.03333333333333,0.0795915350317955,2.17616875440816
COHFACE_s10_session2_natural,49,62,51.06666666666667,0.2948431074619293,1.7856467904609254
COHFACE_s10_session2_natural,49,63,51.1,0.3864744305610657,1.1669487984482467
COHFACE_s10_session2_natural,49,64,51.13333333333333,0.2447383552789688,0.458320810810852
COHFACE_s10_session2_natural,49,65,51.166666666666664,-0.06482667475938797,-0.2040518506932966
COHFACE_s10_session2_natural,49,66,51.2,-0.4186813235282898,-0.7160245940633649
COHFACE_s10_session2_natural,49,67,51.233333333333334,-0.7192288637161255,-1.0216947483389147
COHFACE_s10_session2_natural,49,68,51.266666666666666,-0.9222259521484375,-1.1150656907041638
COHFACE_s10_session2_natural,49,69,51.3,-1.0355454683303833,-1.0296627360260764
COHFACE_s10_session2_natural,49,70,51.333333333333336,-1.1041475534439087,-0.8210690210503144
COHFACE_s10_session2_natural,49,71,51.36666666666667,-1.1612929105758667,-0.5486893487993924
COHFACE_s10_session2_natural,49,72,51.4,-1.226299524307251,-0.26240356593883096
COHFACE_s10_session2_natural,49,73,51.43333333333333,-1.1791428327560425,0.003072675416019398
COHFACE_s10_session2_natural,49,74,51.46666666666667,-0.3492468297481537,0.227274214212251
COHFACE_s10_session2_natural,49,75,51.5,1.1816068887710571,0.4002049595475346
COHFACE_s10_session2_natural,49,76,51.53333333333333,2.105527400970459,0.5187998347402123
COHFACE_s10_session2_natural,49,77,51.56666666666667,2.030277729034424,0.5843833776254876
COHFACE_s10_session2_natural,49,78,51.6,1.510501742362976,0.6002257237622745
COHFACE_s10_session2_natural,49,79,51.63333333333333,0.9982633590698242,0.5687666315819224
COHFACE_s10_session2_natural,49,80,51.666666666666664,0.5950091481208801,0.4900440990621956
COHFACE_s10_session2_natural,49,81,51.7,0.3444044888019562,0.36354476709615674
COHFACE_s10_session2_natural,49,82,51.733333333333334,0.37389621138572693,0.1933396610988632
COHFACE_s10_session2_natural,49,83,51.766666666666666,0.510545551776886,-0.0069562660908775616
COHFACE_s10_session2_natural,49,84,51.8,0.5052275657653809,-0.21385767068271638
COHFACE_s10_session2_natural,49,85,51.833333333333336,0.28760600090026855,-0.4000288045948303
COHFACE_s10_session2_natural,49,86,51.86666666666667,-0.05330049991607666,-0.543423988859079
COHFACE_s10_session2_natural,49,87,51.9,-0.4100453555583954,-0.6335828316373305
COHFACE_s10_session2_natural,49,88,51.93333333333333,-0.7074368000030518,-0.671402720884581
COHFACE_s10_session2_natural,49,89,51.96666666666667,-0.9162142872810364,-0.6634587933798707
COHFACE_s10_session2_natural,49,90,52.0,-1.0450137853622437,-0.614957779630178
COHFACE_s10_session2_natural,49,91,52.03333333333333,-1.107951045036316,-0.5252482763999516
COHFACE_s10_session2_natural,49,92,52.06666666666667,-1.147870659828186,-0.38755753564867823
COHFACE_s10_session2_natural,49,93,52.1,-1.2095825672149658,-0.1927124612310049
COHFACE_s10_session2_natural,49,94,52.13333333333333,-1.2948323488235474,0.06371695809141766
COHFACE_s10_session2_natural,49,95,52.166666666666664,-1.2631093263626099,0.37198032512267015
COHFACE_s10_session2_natural,49,96,52.2,-0.38836875557899475,0.6998947623958505
COHFACE_s10_session2_natural,49,97,52.233333333333334,1.2463939189910889,0.9913665588061277
COHFACE_s10_session2_natural,49,98,52.266666666666666,2.2383615970611572,1.176175205170245
COHFACE_s10_session2_natural,49,99,52.3,2.170198678970337,1.1904486954500908
COHFACE_s10_session2_natural,49,100,52.333333333333336,1.6580876111984253,1.0004926148589286
COHFACE_s10_session2_natural,49,101,52.36666666666667,1.1927632093429565,0.6190415560687175
COHFACE_s10_session2_natural,49,102,52.4,0.8446311354637146,0.10590501498720052
COHFACE_s10_session2_natural,49,103,52.43333333333333,0.5749626159667969,-0.44756626906892666
COHFACE_s10_session2_natural,49,104,52.46666666666667,0.511736273765564,-0.9434693371289272
COHFACE_s10_session2_natural,49,105,52.5,0.5725810527801514,-1.3019209013920712
COHFACE_s10_session2_natural,49,106,52.53333333333333,0.5307770371437073,-1.4775234527417516
COHFACE_s10_session2_natural,49,107,52.56666666666667,0.3076871931552887,-1.4648526940857867
COHFACE_s10_session2_natural,49,108,52.6,-0.023924365639686584,-1.2939715312644822
COHFACE_s10_session2_natural,49,109,52.63333333333333,-0.3652701675891876,-1.018641181340999
COHFACE_s10_session2_natural,49,110,52.666666666666664,-0.6633899211883545,-0.7001547795020361
COHFACE_s10_session2_natural,49,111,52.7,-0.8797513842582703,-0.39035513691556173
COHFACE_s10_session2_natural,49,112,52.733333333333334,-1.0042964220046997,-0.11889312341623172
COHFACE_s10_session2_natural,49,113,52.766666666666666,-1.078991174697876,0.11033298871188625
COHFACE_s10_session2_natural,49,114,52.8,-1.1347723007202148,0.3122639259161741
COHFACE_s10_session2_natural,49,115,52.833333333333336,-1.1956517696380615,0.5071497570551816
COHFACE_s10_session2_natural,49,116,52.86666666666667,-1.286600947380066,0.7073697019576695
COHFACE_s10_session2_natural,49,117,52.9,-1.3999204635620117,0.910628328415319
COHFACE_s10_session2_natural,49,118,52.93333333333333,-1.2228543758392334,1.1011207297896
COHFACE_s10_session2_natural,49,119,52.96666666666667,0.001232055015861988,1.255533127465098
COHFACE_s10_session2_natural,49,120,53.0,1.5742136240005493,1.3490509055592061
COHFACE_s10_session2_natural,49,121,53.03333333333333,2.1856324672698975,1.3587677604811095
COHFACE_s10_session2_natural,49,122,53.06666666666667,1.8961371183395386,1.2659733840815373
COHFACE_s10_session2_natural,49,123,53.1,1.3490890264511108,1.0603835826192036
COHFACE_s10_session2_natural,49,124,53.13333333333333,0.9059498906135559,0.7463565544127441
COHFACE_s10_session2_natural,49,125,53.166666666666664,0.5644884705543518,0.3472777418902544
COHFACE_s10_session2_natural,49,126,53.2,0.3752719759941101,-0.09584411190600689
COHFACE_s10_session2_natural,49,127,53.233333333333334,0.4142898619174957,-0.5320006566334856
COHFACE_s10_session2_natural,49,128,53.266666666666666,0.47267216444015503,-0.9104040373815468
COHFACE_s10_session2_natural,49,129,53.3,0.3705204427242279,-1.1885457082298483
COHFACE_s10_session2_natural,49,130,53.333333333333336,0.09979990869760513,-1.3361750880801073
COHFACE_s10_session2_natural,49,131,53.36666666666667,-0.24820496141910553,-1.3369966360122214
COHFACE_s10_session2_natural,49,132,53.4,-0.5866836905479431,-1.1908431580808478
COHFACE_s10_session2_natural,49,133,53.43333333333333,-0.8566181063652039,-0.9168965583537786
COHFACE_s10_session2_natural,49,134,53.46666666666667,-1.0396957397460938,-0.5553810788928102
COHFACE_s10_session2_natural,49,135,53.5,-1.1464602947235107,-0.16410355895782386
COHFACE_s10_session2_natural,49,136,53.53333333333333,-1.2036864757537842,0.19134828930636472
COHFACE_s10_session2_natural,49,137,53.56666666666667,-1.2437217235565186,0.45116600762793013
COHFACE_s10_session2_natural,49,138,53.6,-1.295109748840332,0.5740834233737502
COHFACE_s10_session2_natural,49,139,53.63333333333333,-1.371145486831665,0.545800412129772
COHFACE_s10_session2_natural,49,140,53.666666666666664,-1.4739793539047241,0.3823347962500316
COHFACE_s10_session2_natural,49,141,53.7,-1.3358618021011353,0.12911851754997358
COHFACE_s10_session2_natural,49,142,53.733333333333334,-0.17672419548034668,-0.14465420143065694
COHFACE_s10_session2_natural,49,143,53.766666666666666,1.4209860563278198,-0.3585409312009584
COHFACE_s10_session2_natural,49,144,53.8,2.084151268005371,-0.44095025852599745
COHFACE_s10_session2_natural,49,145,53.833333333333336,1.8084365129470825,-0.352775157158011
COHFACE_s10_session2_natural,49,146,53.86666666666667,1.2420239448547363,-0.10523337524808923
COHFACE_s10_session2_natural,49,147,53.9,0.7585489749908447,0.2381434109939351
COHFACE_s10_session2_natural,49,148,53.93333333333333,0.4038735330104828,0.5791054887318756
COHFACE_s10_session2_natural,49,149,53.96666666666667,0.25299280881881714,0.8161186059478168
COHFACE_s10_session2_natural,49,150,54.0,0.35910987854003906,0.8773496385544437
COHFACE_s10_session2_natural,49,151,54.03333333333333,0.47716933488845825,0.7425917651029909
COHFACE_s10_session2_natural,49,152,54.06666666666667,0.4031914174556732,0.4470310213376094
COHFACE_s10_session2_natural,49,153,54.1,0.13565011322498322,0.06753024509694314
COHFACE_s10_session2_natural,49,154,54.13333333333333,-0.21006569266319275,-0.3019739164101416
COHFACE_s10_session2_natural,49,155,54.166666666666664,-0.5432148575782776,-0.5772514939212615
COHFACE_s10_session2_natural,49,156,54.2,-0.8164903521537781,-0.7053279894150073
COHFACE_s10_session2_natural,49,157,54.233333333333334,-0.9915679693222046,-0.6760095595845039
COHFACE_s10_session2_natural,49,158,54.266666666666666,-1.087812066078186,-0.5209310257485158
COHFACE_s10_session2_natural,49,159,54.3,-1.1394890546798706,-0.3004043737662048
COHFACE_s10_session2_natural,49,160,54.333333333333336,-1.1735126972198486,-0.08219907339267171
COHFACE_s10_session2_natural,49,161,54.36666666666667,-1.2188889980316162,0.08014606851252115
COHFACE_s10_session2_natural,49,162,54.4,-1.295803427696228,0.16119999449273079
COHFACE_s10_session2_natural,49,163,54.43333333333333,-1.3972961902618408,0.1649571211447529
COHFACE_s10_session2_natural,49,164,54.46666666666667,-1.3417346477508545,0.11538288436850093
COHFACE_s10_session2_natural,49,165,54.5,-0.37720099091529846,0.042948725300872334
COHFACE_s10_session2_natural,49,166,54.53333333333333,1.1858844757080078,-0.026241419821162175
COHFACE_s10_session2_natural,49,167,54.56666666666667,1.9700572490692139,-0.07601307796171498
COHFACE_s10_session2_natural,49,168,54.6,1.7913264036178589,-0.10145863226747807
COHFACE_s10_session2_natural,49,169,54.63333333333333,1.2409025430679321,-0.10813484752751813
COHFACE_s10_session2_natural,49,170,54.666666666666664,0.7212536931037903,-0.10939237858769103
COHFACE_s10_session2_natural,49,171,54.7,0.3070860505104065,-0.12073129664912637
COHFACE_s10_session2_natural,49,172,54.733333333333334,0.13168475031852722,-0.1517243038024961
COHFACE_s10_session2_natural,49,173,54.766666666666666,0.27413761615753174,-0.19905899491097642
COHFACE_s10_session2_natural,49,174,54.8,0.4525447189807892,-0.24526839403611483
COHFACE_s10_session2_natural,49,175,54.833333333333336,0.4192841351032257,-0.2650232391347287
COHFACE_s10_session2_natural,49,176,54.86666666666667,0.18003223836421967,-0.23576471038159785
COHFACE_s10_session2_natural,49,177,54.9,-0.15932510793209076,-0.1465119338695564
COHFACE_s10_session2_natural,49,178,54.93333333333333,-0.5074108839035034,-0.0008246573838913509
COHFACE_s10_session2_natural,49,179,54.96666666666667,-0.8035306334495544,0.18575910691677427
COHFACE_s10_session2_natural,49,180,55.0,-0.9869204759597778,0.39115628585959017
COHFACE_s10_session2_natural,49,181,55.03333333333333,-1.0757887363433838,0.5925782859375518
COHFACE_s10_session2_natural,49,182,55.06666666666667,-1.1254194974899292,0.7713606608747359
COHFACE_s10_session2_natural,49,183,55.1,-1.1541597843170166,0.9158047470991739
COHFACE_s10_session2_natural,49,184,55.13333333333333,-1.1752583980560303,1.020713461931114
COHFACE_s10_session2_natural,49,185,55.166666666666664,-1.2292360067367554,1.0827908853870938
COHFACE_s10_session2_natural,49,186,55.2,-1.3151909112930298,1.093499754558618
COHFACE_s10_session2_natural,49,187,55.233333333333334,-1.325006127357483,1.0338516075537225
COHFACE_s10_session2_natural,49,188,55.266666666666666,-0.6434358954429626,0.8763591420280805
COHFACE_s10_session2_natural,49,189,55.3,0.8492092490196228,0.5963602926540655
COHFACE_s10_session2_natural,49,190,55.333333333333336,1.8619632720947266,0.18896367058178057
COHFACE_s10_session2_natural,49,191,55.36666666666667,1.8638246059417725,-0.31706925193330154
COHFACE_s10_session2_natural,49,192,55.4,1.334314227104187,-0.8572025379146383
COHFACE_s10_session2_natural,49,193,55.43333333333333,0.7487338185310364,-1.3440140518577068
COHFACE_s10_session2_natural,49,194,55.46666666666667,0.2603108286857605,-1.690481231291953
COHFACE_s10_session2_natural,49,195,55.5,0.0034401784650981426,-1.8343405382076599
COHFACE_s10_session2_natural,49,196,55.53333333333333,0.13270209729671478,-1.7556249851289885
COHFACE_s10_session2_natural,49,197,55.56666666666667,0.38576921820640564,-1.4833926470618515
COHFACE_s10_session2_natural,49,198,55.6,0.4424867630004883,-1.0897656695577425
COHFACE_s10_session2_natural,49,199,55.63333333333333,0.2658368945121765,-0.6708601899536315
COHFACE_s10_session2_natural,49,200,55.666666666666664,-0.03817890211939812,-0.31780383653661337
COHFACE_s10_session2_natural,49,201,55.7,-0.3778599500656128,-0.08664666595739313
COHFACE_s10_session2_natural,49,202,55.733333333333334,-0.6789392828941345,0.0198816342557451
COHFACE_s10_session2_natural,49,203,55.766666666666666,-0.9048153162002563,0.048649367497350125
COHFACE_s10_session2_natural,49,204,55.8,-1.0383894443511963,0.07140666074204263
COHFACE_s10_session2_natural,49,205,55.833333333333336,-1.0885982513427734,0.15158702362551338
COHFACE_s10_session2_natural,49,206,55.86666666666667,-1.1046446561813354,0.318476258942947
COHFACE_s10_session2_natural,49,207,55.9,-1.1482985019683838,0.5588804485287533
COHFACE_s10_session2_natural,49,208,55.93333333333333,-1.2308660745620728,0.8264238282676205
COHFACE_s10_session2_natural,49,209,55.96666666666667,-1.2964508533477783,1.0605779960094877
COHFACE_s10_session2_natural,49,210,56.0,-0.8461092710494995,1.2056602490807358
COHFACE_s10_session2_natural,49,211,56.03333333333333,0.5535056591033936,1.2238248300105747
COHFACE_s10_session2_natural,49,212,56.06666666666667,1.7605630159378052,1.1016383224804804
COHFACE_s10_session2_natural,49,213,56.1,1.963976263999939,0.8524664861126242
COHFACE_s10_session2_natural,49,214,56.13333333333333,1.5188602209091187,0.5150189735319175
COHFACE_s10_session2_natural,49,215,56.166666666666664,0.91339510679245,0.1461538313816076
COHFACE_s10_session2_natural,49,216,56.2,0.3684394955635071,-0.19234246411419895
COHFACE_s10_session2_natural,49,217,56.233333333333334,-0.012768140994012356,-0.4491890967432551
COHFACE_s10_session2_natural,49,218,56.266666666666666,-0.004721785429865122,-0.5949021859779132
COHFACE_s10_session2_natural,49,219,56.3,0.27413761615753174,-0.6241687192309935
COHFACE_s10_session2_natural,49,220,56.333333333333336,0.44338852167129517,-0.5497761906623062
COHFACE_s10_session2_natural,49,221,56.36666666666667,0.34689006209373474,-0.39353506607057553
COHFACE_s10_session2_natural,49,222,56.4,0.0561576783657074,-0.18038727205405153
COHFACE_s10_session2_natural,49,223,56.43333333333333,-0.30741965770721436,0.06193238619324942
COHFACE_s10_session2_natural,49,224,56.46666666666667,-0.6384416222572327,0.3007503276927004
COHFACE_s10_session2_natural,49,225,56.5,-0.8788843154907227,0.49909236902818926
COHFACE_s10_session2_natural,49,226,56.53333333333333,-1.022539496421814,0.6210813905215778
COHFACE_s10_session2_natural,49,227,56.56666666666667,-1.1025290489196777,0.6390441742761441
COHFACE_s10_session2_natural,49,228,56.6,-1.1552002429962158,0.5376922385168034
COHFACE_s10_session2_natural,49,229,56.63333333333333,-1.2121837139129639,0.31401490322414266
COHFACE_s10_session2_natural,49,230,56.666666666666664,-1.2632827758789062,-0.02329598787482814
COHFACE_s10_session2_natural,49,231,56.7,-0.8868959546089172,-0.45011902329675696
COHFACE_s10_session2_natural,49,232,56.733333333333334,0.4792156219482422,-0.9199637950066869
COHFACE_s10_session2_natural,49,233,56.766666666666666,1.7958698272705078,-1.3612977882296757
COHFACE_s10_session2_natural,49,234,56.8,2.1132845878601074,-1.6863319805413968
COHFACE_s10_session2_natural,49,235,56.833333333333336,1.7103426456451416,-1.811757214462062
COHFACE_s10_session2_natural,49,236,56.86666666666667,1.1024266481399536,-1.6839970622614744
COHFACE_s10_session2_natural,49,237,56.9,0.539910078048706,-1.298046869557829
COHFACE_s10_session2_natural,49,238,56.93333333333333,0.11160354316234589,-0.7023419651508983
COHFACE_s10_session2_natural,49,239,56.96666666666667,0.04516330361366272,0.010912086240169911
COHFACE_s10_session2_natural,50,0,50.0,-1.3373878002166748,0.10312596286736664
COHFACE_s10_session2_natural,50,1,50.03333333333333,-1.3332836627960205,0.6589153495907395
COHFACE_s10_session2_natural,50,2,50.06666666666667,-0.6375745534896851,1.0993446235139035
COHFACE_s10_session2_natural,50,3,50.1,0.788722813129425,1.3435627121939366
COHFACE_s10_session2_natural,50,4,50.13333333333333,1.735788106918335,1.370818473254719
COHFACE_s10_session2_natural,50,5,50.166666666666664,1.7021921873092651,1.2229336297043834
COHFACE_s10_session2_natural,50,6,50.2,1.1767860651016235,0.9830260670815156
COHFACE_s10_session2_natural,50,7,50.233333333333334,0.6114602088928223,0.7390582533131917
COHFACE_s10_session2_natural,50,8,50.266666666666666,0.13580040633678436,0.5486540675479383
COHFACE_s10_session2_natural,50,9,50.3,-0.1094168871641159,0.42137153083914064
COHFACE_s10_session2_natural,50,10,50.333333333333336,0.0063881962560117245,0.32531463008498146
COHFACE_s10_session2_natural,50,11,50.36666666666667,0.24239149689674377,0.2123165952172015
COHFACE_s10_session2_natural,50,12,50.4,0.3056640625,0.04741435132390327
COHFACE_s10_session2_natural,50,13,50.43333333333333,0.13447090983390808,-0.17218278472018955
COHFACE_s10_session2_natural,50,14,50.46666666666667,-0.1891983449459076,-0.416583063042963
COHFACE_s10_session2_natural,50,15,50.5,-0.5402090549468994,-0.6394109231098326
COHFACE_s10_session2_natural,50,16,50.53333333333333,-0.8237043023109436,-0.8015292663957747
COHFACE_s10_session2_natural,50,17,50.56666666666667,-1.0078803300857544,-0.8904442683528216
COHFACE_s10_session2_natural,50,18,50.6,-1.1072343587875366,-0.9258693431280053
COHFACE_s10_session2_natural,50,19,50.63333333333333,-1.1637206077575684,-0.9480885144103661
COHFACE_s10_session2_natural,50,20,50.666666666666664,-1.2157098054885864,-0.9936006093472118
COHFACE_s10_session2_natural,50,21,50.7,-1.2776644229888916,-1.0692295136721148
COHFACE_s10_session2_natural,50,22,50.733333333333334,-1.294878602027893,-1.1384709480465094
COHFACE_s10_session2_natural,50,23,50.766666666666666,-0.6980493664741516,-1.1298719049654933
COHFACE_s10_session2_natural,50,24,50.8,0.7354503870010376,-0.9670553634834679
COHFACE_s10_session2_natural,50,25,50.833333333333336,1.8024249076843262,-0.6082618235698222
COHFACE_s10_session2_natural,50,26,50.86666666666667,1.8680442571640015,-0.0763267618959138
COHFACE_s10_session2_natural,50,27,50.9,1.3805114030838013,0.537458659036964
COHFACE_s10_session2_natural,50,28,50.93333333333333,0.8158792853355408,1.100138433076196
COHFACE_s10_session2_natural,50,29,50.96666666666667,0.33424249291419983,1.4838481097565714
COHFACE_s10_session2_natural,50,30,51.0,0.033614009618759155,1.6117114189835655
COHFACE_s10_session2_natural,50,31,51.03333333333333,0.0795915350317955,1.4822685366684962
COHFACE_s10_session2_natural,50,32,51.06666666666667,0.2948431074619293,1.162492757814663
COHFACE_s10_session2_natural,50,33,51.1,0.3864744305610657,0.7548849831646403
COHFACE_s10_session2_natural,50,34,51.13333333333333,0.2447383552789688,0.3562245324536162
COHFACE_s10_session2_natural,50,35,51.166666666666664,-0.06482667475938797,0.02785278807751632
COHFACE_s10_session2_natural,50,36,51.2,-0.4186813235282898,-0.21126274344896206
COHFACE_s10_session2_natural,50,37,51.233333333333334,-0.7192288637161255,-0.37089295261242405
COHFACE_s10_session2_natural,50,38,51.266666666666666,-0.9222259521484375,-0.4675873510985619
COHFACE_s10_session2_natural,50,39,51.3,-1.0355454683303833,-0.5085374133452877
COHFACE_s10_session2_natural,50,40,51.333333333333336,-1.1041475534439087,-0.4892783098201028
COHFACE_s10_session2_natural,50,41,51.36666666666667,-1.1612929105758667,-0.4036422462223558
COHFACE_s10_session2_natural,50,42,51.4,-1.226299524307251,-0.25714743130849144
COHFACE_s10_session2_natural,50,43,51.43333333333333,-1.1791428327560425,-0.07381234651801685
COHFACE_s10_session2_natural,50,44,51.46666666666667,-0.3492468297481537,0.10865654525100978
COHFACE_s10_session2_natural,50,45,51.5,1.1816068887710571,0.2528154618342586
COHFACE_s10_session2_natural,50,46,51.53333333333333,2.105527400970459,0.3365756025804417
COHFACE_s10_session2_natural,50,47,51.56666666666667,2.030277729034424,0.3607066230414023
COHFACE_s10_session2_natural,50,48,51.6,1.510501742362976,0.3442557014932136
COHFACE_s10_session2_natural,50,49,51.63333333333333,0.9982633590698242,0.3103769930052406
COHFACE_s10_session2_natural,50,50,51.666666666666664,0.5950091481208801,0.2710780163874595
COHFACE_s10_session2_natural,50,51,51.7,0.3444044888019562,0.22055509146688973
COHFACE_s10_session2_natural,50,52,51.733333333333334,0.37389621138572693,0.14174339467645672
COHFACE_s10_session2_natural,50,53,51.766666666666666,0.510545551776886,0.022431453587643705
COHFACE_s10_session2_natural,50,54,51.8,0.5052275657653809,-0.12916308117856126
COHFACE_s10_session2_natural,50,55,51.833333333333336,0.28760600090026855,-0.27999150976275394
COHFACE_s10_session2_natural,50,56,51.86666666666667,-0.05330049991607666,-0.3833928710017859
COHFACE_s10_session2_natural,50,57,51.9,-0.4100453555583954,-0.4012240058395444
COHFACE_s10_session2_natural,50,58,51.93333333333333,-0.7074368000030518,-0.32544031268819257
COHFACE_s10_session2_natural,50,59,51.96666666666667,-0.9162142872810364,-0.18685048911459767
COHFACE_s10_session2_natural,50,60,52.0,-1.0450137853622437,-0.044532736345748974
COHFACE_s10_session2_natural,50,61,52.03333333333333,-1.107951045036316,0.040671726161446056
COHFACE_s10_session2_natural,50,62,52.06666666666667,-1.147870659828186,0.03584766180272209
COHFACE_s10_session2_natural,50,63,52.1,-1.2095825672149658,-0.04696069371699386
COHFACE_s10_session2_natural,50,64,52.13333333333333,-1.2948323488235474,-0.15633867054844763
COHFACE_s10_session2_natural,50,65,52.166666666666664,-1.2631093263626099,-0.2278863305516355
COHFACE_s10_session2_natural,50,66,52.2,-0.38836875557899475,-0.2182396584472902
COHFACE_s10_session2_natural,50,67,52.233333333333334,1.2463939189910889,-0.12884612941199888
COHFACE_s10_session2_natural,50,68,52.266666666666666,2.2383615970611572,-0.006431420770518991
COHFACE_s10_session2_natural,50,69,52.3,2.170198678970337,0.08087252460410368
COHFACE_s10_session2_natural,50,70,52.333333333333336,1.6580876111984253,0.07963479265651756
COHFACE_s10_session2_natural,50,71,52.36666666666667,1.1927632093429565,-0.01962989009047997
COHFACE_s10_session2_natural,50,72,52.4,0.8446311354637146,-0.17577502825903366
COHFACE_s10_session2_natural,50,73,52.43333333333333,0.5749626159667969,-0.31672322286801297
COHFACE_s10_session2_natural,50,74,52.46666666666667,0.511736273765564,-0.3753709647139458
COHFACE_s10_session2_natural,50,75,52.5,0.5725810527801514,-0.32288451488825254
COHFACE_s10_session2_natural,50,76,52.53333333333333,0.5307770371437073,-0.18215022750707732
COHFACE_s10_session2_natural,50,77,52.56666666666667,0.3076871931552887,-0.014970194665633338
COHFACE_s10_session2_natural,50,78,52.6,-0.023924365639686584,0.10923136771117097
COHFACE_s10_session2_natural,50,79,52.63333333333333,-0.3652701675891876,0.1463382022816465
COHFACE_s10_session2_natural,50,80,52.666666666666664,-0.6633899211883545,0.09640156152414114
COHFACE_s10_session2_natural,50,81,52.7,-0.8797513842582703,0.0013240704584771518
COHFACE_s10_session2_natural,50,82,52.733333333333334,-1.0042964220046997,-0.0757978380758183
COHFACE_s10_session2_natural,50,83,52.766666666666666,-1.078991174697876,-0.07951020630467578
COHFACE_s10_session2_natural,50,84,52.8,-1.1347723007202148,0.01394589672230591
COHFACE_s10_session2_natural,50,85,52.833333333333336,-1.1956517696380615,0.18777798615163374
COHFACE_s10_session2_natural,50,86,52.86666666666667,-1.286600947380066,0.3943382806261302
COHFACE_s10_session2_natural,50,87,52.9,-1.3999204635620117,0.5779728184269068
COHFACE_s10_session2_natural,50,88,52.93333333333333,-1.2228543758392334,0.6990997698304102
COHFACE_s10_session2_natural,50,89,52.96666666666667,0.001232055015861988,0.7471144372991019
COHFACE_s10_session2_natural,50,90,53.0,1.5742136240005493,0.7362980626303147
COHFACE_s10_session2_natural,50,91,53.03333333333333,2.1856324672698975,0.688879985378472
COHFACE_s10_session2_natural,50,92,53.06666666666667,1.8961371183395386,0.6168974858934102
COHFACE_s10_session2_natural,50,93,53.1,1.3490890264511108,0.5147042167355866
COHFACE_s10_session2_natural,50,94,53.13333333333333,0.9059498906135559,0.3663490491766448
COHFACE_s10_session2_natural,50,95,53.166666666666664,0.5644884705543518,0.1620448513051204
COHFACE_s10_session2_natural,50,96,53.2,0.3752719759941101,-0.08764043076886321
COHFACE_s10_session2_natural,50,97,53.233333333333334,0.4142898619174957,-0.34941852894532255
COHFACE_s10_session2_natural,50,98,53.266666666666666,0.47267216444015503,-0.5785989088331642
COHFACE_s10_session2_natural,50,99,53.3,0.3705204427242279,-0.7375928497915953
COHFACE_s10_session2_natural,50,100,53.333333333333336,0.09979990869760513,-0.8112379497431897
COHFACE_s10_session2_natural,50,101,53.36666666666667,-0.24820496141910553,-0.8106674430547308
COHFACE_s10_session2_natural,50,102,53.4,-0.5866836905479431,-0.7638155547288884
COHFACE_s10_session2_natural,50,103,53.43333333333333,-0.8566181063652039,-0.69799377228294
COHFACE_s10_session2_natural,50,104,53.46666666666667,-1.0396957397460938,-0.6246172345647664
COHFACE_s10_session2_natural,50,105,53.5,-1.1464602947235107,-0.5353851759712748
COHFACE_s10_session2_natural,50,106,53.53333333333333,-1.2036864757537842,-0.41284211260155307
COHFACE_s10_session2_natural,50,107,53.56666666666667,-1.2437217235565186,-0.24946388083693727
COHFACE_s10_session2_natural,50,108,53.6,-1.295109748840332,-0.06315250071672318
COHFACE_s10_session2_natural,50,109,53.63333333333333,-1.371145486831665,0.10235928719548
COHFACE_s10_session2_natural,50,110,53.666666666666664,-1.4739793539047241,0.19544160414713552
COHFACE_s10_session2_natural,50,111,53.7,-1.3358618021011353,0.18492097616460484
COHFACE_s10_session2_natural,50,112,53.733333333333334,-0.17672419548034668,0.08353075907430739
COHFACE_s10_session2_natural,50,113,53.766666666666666,1.4209860563278198,-0.048121776323921214
COHFACE_s10_session2_natural,50,114,53.8,2.084151268005371,-0.12253462240414782
COHFACE_s10_session2_natural,50,115,53.833333333333336,1.8084365129470825,-0.06371701549422362
COHFACE_s10_session2_natural,50,116,53.86666666666667,1.2420239448547363,0.1546171455333353
COHFACE_s10_session2_natural,50,117,53.9,0.7585489749908447,0.4902918113625923
COHFACE_s10_session2_natural,50,118,53.93333333333333,0.4038735330104828,0.8440253280620157
COHFACE_s10_session2_natural,50,119,53.96666666666667,0.25299280881881714,1.09721723222287
COHFACE_s10_session2_natural,50,120,54.0,0.35910987854003906,1.1595869890188515
COHFACE_s10_session2_natural,50,121,54.03333333333333,0.47716933488845825,1.0050529841340359
COHFACE_s10_session2_natural,50,122,54.06666666666667,0.4031914174556732,0.6797719997689198
COHFACE_s10_session2_natural,50,123,54.1,0.13565011322498322,0.27963855533833876
COHFACE_s10_session2_natural,50,124,54.13333333333333,-0.21006569266319275,-0.090821636226858
COHFACE_s10_session2_natural,50,125,54.166666666666664,-0.5432148575782776,-0.3580870889473584
COHFACE_s10_session2_natural,50,126,54.2,-0.8164903521537781,-0.5003909959017182
COHFACE_s10_session2_natural,50,127,54.233333333333334,-0.9915679693222046,-0.5430275478048224
COHFACE_s10_session2_natural,50,128,54.266666666666666,-1.087812066078186,-0.5342446119637387
COHFACE_s10_session2_natural,50,129,54.3,-1.1394890546798706,-0.515975179710887
COHFACE_s10_session2_natural,50,130,54.333333333333336,-1.1735126972198486,-0.5041527814724982
COHFACE_s10_session2_natural,50,131,54.36666666666667,-1.2188889980316162,-0.4869096564358767
COHFACE_s10_session2_natural,50,132,54.4,-1.295803427696228,-0.43927074572547997
COHFACE_s10_session2_natural,50,133,54.43333333333333,-1.3972961902618408,-0.344640757460636
COHFACE_s10_session2_natural,50,134,54.46666666666667,-1.3417346477508545,-0.21028229563799147
COHFACE_s10_session2_natural,50,135,54.5,-0.37720099091529846,-0.06777068485365657
COHFACE_s10_session2_natural,50,136,54.53333333333333,1.1858844757080078,0.04161350837914233
COHFACE_s10_session2_natural,50,137,54.56666666666667,1.9700572490692139,0.08767347307046502
COHFACE_s10_session2_natural,50,138,54.6,1.7913264036178589,0.06590526212250532
COHFACE_s10_session2_natural,50,139,54.63333333333333,1.2409025430679321,-0.0024360154354705647
COHFACE_s10_session2_natural,50,140,54.666666666666664,0.7212536931037903,-0.08395551459764276
COHFACE_s10_session2_natural,50,141,54.7,0.3070860505104065,-0.15118008165879035
COHFACE_s10_session2_natural,50,142,54.733333333333334,0.13168475031852722,-0.19376802855688519
COHFACE_s10_session2_natural,50,143,54.766666666666666,0.27413761615753174,-0.21665472813272058
COHFACE_s10_session2_natural,50,144,54.8,0.4525447189807892,-0.22769884525529974
COHFACE_s10_session2_natural,50,145,54.833333333333336,0.4192841351032257,-0.22413093115645874
COHFACE_s10_session2_natural,50,146,54.86666666666667,0.18003223836421967,-0.18753316640351678
COHFACE_s10_session2_natural,50,147,54.9,-0.15932510793209076,-0.0916054684287986
COHFACE_s10_session2_natural,50,148,54.93333333333333,-0.5074108839035034,0.08084220068945686
COHFACE_s10_session2_natural,50,149,54.96666666666667,-0.8035306334495544,0.32122740971561925
COHFACE_s10_session2_natural,50,150,55.0,-0.9869204759597778,0.5894068518709095
COHFACE_s10_session2_natural,50,151,55.03333333333333,-1.0757887363433838,0.8243346674182341
COHFACE_s10_session2_natural,50,152,55.06666666666667,-1.1254194974899292,0.9678382926452894
COHFACE_s10_session2_natural,50,153,55.1,-1.1541597843170166,0.9901854097056533
COHFACE_s10_session2_natural,50,154,55.13333333333333,-1.1752583980560303,0.9038135581260013
COHFACE_s10_session2_natural,50,155,55.166666666666664,-1.2292360067367554,0.7567958365306267
COHFACE_s10_session2_natural,50,156,55.2,-1.3151909112930298,0.6081825927662309
COHFACE_s10_session2_natural,50,157,55.233333333333334,-1.325006127357483,0.49749313112095433
COHFACE_s10_session2_natural,50,158,55.266666666666666,-0.6434358954429626,0.4244439862580474
COHFACE_s10_session2_natural,50,159,55.3,0.8492092490196228,0.3501788898587102
COHFACE_s10_session2_natural,50,160,55.333333333333336,1.8619632720947266,0.21997749840946895
COHFACE_s10_session2_natural,50,161,55.36666666666667,1.8638246059417725,-0.004195521312019418
COHFACE_s10_session2_natural,50,162,55.4,1.334314227104187,-0.31840473805989955
COHFACE_s10_session2_natural,50,163,55.43333333333333,0.7487338185310364,-0.6721039470748709
COHFACE_s10_session2_natural,50,164,55.46666666666667,0.2603108286857605,-0.9865287290630966
COHFACE_s10_session2_natural,50,165,55.5,0.0034401784650981426,-1.1870091064880288
COHFACE_s10_session2_natural,50,166,55.53333333333333,0.13270209729671478,-1.2344247344664272
COHFACE_s10_session2_natural,50,167,55.56666666666667,0.38576921820640564,-1.1421002856912337
COHFACE_s10_session2_natural,50,168,55.6,0.4424867630004883,-0.9702783945870156
COHFACE_s10_session2_natural,50,169,55.63333333333333,0.2658368945121765,-0.7993676219715454
COHFACE_s10_session2_natural,50,170,55.666666666666664,-0.03817890211939812,-0.6930197745341135
COHFACE_s10_session2_natural,50,171,55.7,-0.3778599500656128,-0.6682278072112964
COHFACE_s10_session2_natural,50,172,55.733333333333334,-0.6789392828941345,-0.6879433910108657
COHFACE_s10_session2_natural,50,173,55.766666666666666,-0.9048153162002563,-0.6812112685914782
COHFACE_s10_session2_natural,50,174,55.8,-1.0383894443511963,-0.5806903856076111
COHFACE_s10_session2_natural,50,175,55.833333333333336,-1.0885982513427734,-0.35730838181843366
COHFACE_s10_session2_natural,50,176,55.86666666666667,-1.1046446561813354,-0.03401663433191801
COHFACE_s10_session2_natural,50,177,55.9,-1.1482985019683838,0.326853067804163
COHFACE_s10_session2_natural,50,178,55.93333333333333,-1.2308660745620728,0.6533761583563688
COHFACE_s10_session2_natural,50,179,55.96666666666667,-1.2964508533477783,0.8935237181474656
COHFACE_s10_session2_natural,50,180,56.0,-0.8461092710494995,1.0297217648558865
COHFACE_s10_session2_natural,50,181,56.03333333333333,0.5535056591033936,1.0743173685798015
COHFACE_s10_session2_natural,50,182,56.06666666666667,1.7605630159378052,1.052668628436599
COHFACE_s10_session2_natural,50,183,56.1,1.963976263999939,0.9858555136104143
COHFACE_s10_session2_natural,50,184,56.13333333333333,1.5188602209091187,0.8825796776053082
COHFACE_s10_session2_natural,50,185,56.166666666666664,0.91339510679245,0.7427062227793856
COHFACE_s10_session2_natural,50,186,56.2,0.3684394955635071,0.5680200162956727
COHFACE_s10_session2_natural,50,187,56.233333333333334,-0.012768140994012356,0.37223118008581324
COHFACE_s10_session2_natural,50,188,56.266666666666666,-0.004721785429865122,0.18310155051507349
COHFACE_s10_session2_natural,50,189,56.3,0.27413761615753174,0.0342088670152807
COHFACE_s10_session2_natural,50,190,56.333333333333336,0.44338852167129517,-0.04986632950029106
COHFACE_s10_session2_natural,50,191,56.36666666666667,0.34689006209373474,-0.06664001803354352
COHFACE_s10_session2_natural,50,192,56.4,0.0561576783657074,-0.03883623389687054
COHFACE_s10_session2_natural,50,193,56.43333333333333,-0.30741965770721436,-0.004219830451026333
COHFACE_s10_session2_natural,50,194,56.46666666666667,-0.6384416222572327,0.003443246752888974
COHFACE_s10_session2_natural,50,195,56.5,-0.8788843154907227,-0.02807620629719951
COHFACE_s10_session2_natural,50,196,56.53333333333333,-1.022539496421814,-0.08408875045472727
COHFACE_s10_session2_natural,50,197,56.56666666666667,-1.1025290489196777,-0.13414882318405022
COHFACE_s10_session2_natural,50,198,56.6,-1.1552002429962158,-0.15420221332211587
COHFACE_s10_session2_natural,50,199,56.63333333333333,-1.2121837139129639,-0.14647987517756972
COHFACE_s10_session2_natural,50,200,56.666666666666664,-1.2632827758789062,-0.14374412801628952
COHFACE_s10_session2_natural,50,201,56.7,-0.8868959546089172,-0.1927458517480193
COHFACE_s10_session2_natural,50,202,56.733333333333334,0.4792156219482422,-0.3244091583937258
COHFACE_s10_session2_natural,50,203,56.766666666666666,1.7958698272705078,-0.5275816776280442
COHFACE_s10_session2_natural,50,204,56.8,2.1132845878601074,-0.7428729232424991
COHFACE_s10_session2_natural,50,205,56.833333333333336,1.7103426456451416,-0.8830841429857454
COHFACE_s10_session2_natural,50,206,56.86666666666667,1.1024266481399536,-0.8722891929185588
COHFACE_s10_session2_natural,50,207,56.9,0.539910078048706,-0.6847315784927673
COHFACE_s10_session2_natural,50,208,56.93333333333333,0.11160354316234589,-0.3635071843144414
COHFACE_s10_session2_natural,50,209,56.96666666666667,0.04516330361366272,-0.007872375919580125
COHFACE_s10_session2_natural,50,210,57.0,0.30153682827949524,0.2672233834077476
COHFACE_s10_session2_natural,50,211,57.03333333333333,0.49106550216674805,0.3813354607174449
COHFACE_s10_session2_natural,50,212,57.06666666666667,0.4226136803627014,0.3233323677412398
COHFACE_s10_session2_natural,50,213,57.1,0.15181219577789307,0.15222453374749836
COHFACE_s10_session2_natural,50,214,57.13333333333333,-0.221221923828125,-0.035589826201311986
COHFACE_s10_session2_natural,50,215,57.166666666666664,-0.5769147276878357,-0.15352257176697268
COHFACE_s10_session2_natural,50,216,57.2,-0.8339009881019592,-0.1615059267715334
COHFACE_s10_session2_natural,50,217,57.233333333333334,-0.9885967969894409,-0.07557984647038257
COHFACE_s10_session2_natural,50,218,57.266666666666666,-1.0765286684036255,0.050730422809587394
COHFACE_s10_session2_natural,50,219,57.3,-1.1308878660202026,0.16008668016682678
COHFACE_s10_session2_natural,50,220,57.333333333333336,-1.1859406232833862,0.22078112985623924
COHFACE_s10_session2_natural,50,221,57.36666666666667,-1.187050461769104,0.23712147947167844
COHFACE_s10_session2_natural,50,222,57.4,-0.49879804253578186,0.23806258675871925
COHFACE_s10_session2_natural,50,223,57.43333333333333,1.0675359964370728,0.25370520525606693
COHFACE_s10_session2_natural,50,224,57.46666666666667,2.168025255203247,0.2946399278266424
COHFACE_s10_session2_natural,50,225,57.5,2.231448173522949,0.34549407834749873
COHFACE_s10_session2_natural,50,226,57.53333333333333,1.730631947517395,0.3744954873822484
COHFACE_s10_session2_natural,50,227,57.56666666666667,1.1402190923690796,0.35178541008642206
COHFACE_s10_session2_natural,50,228,57.6,0.6363276243209839,0.26586842705249136
COHFACE_s10_session2_natural,50,229,57.63333333333333,0.30611494183540344,0.13025254882712434
COHFACE_s10_session2_natural,50,230,57.666666666666664,0.32812678813934326,-0.021875657922100895
COHFACE_s10_session2_natural,50,231,57.7,0.5406384468078613,-0.15136642667980185
COHFACE_s10_session2_natural,50,232,57.733333333333334,0.6119458079338074,-0.22839375104320722
COHFACE_s10_session2_natural,50,233,57.766666666666666,0.451596736907959,-0.2427343256005037
COHFACE_s10_session2_natural,50,234,57.8,0.13308361172676086,-0.2055316773891894
COHFACE_s10_session2_natural,50,235,57.833333333333336,-0.253499835729599,-0.14290618198123353
COHFACE_s10_session2_natural,50,236,57.86666666666667,-0.5904987454414368,-0.08455471177307289
COHFACE_s10_session2_natural,50,237,57.9,-0.8249182105064392,-0.051828202538291054
COHFACE_s10_session2_natural,50,238,57.93333333333333,-0.9696254730224609,-0.049861433744868226
COHFACE_s10_session2_natural,50,239,57.96666666666667,-1.0415223836898804,-0.06675973884891696
