recording_id,measurement_id,sample_index,time_seconds,gt_signal,predicted_signal
COHFACE_s22_session3_natural,0,0,0.0,-6.863149166107178,-0.05995775125682165
COHFACE_s22_session3_natural,0,1,0.03333333333333333,-4.728399276733398,-0.07988836576529625
COHFACE_s22_session3_natural,0,2,0.06666666666666667,0.5025767683982849,-0.12302591132916361
COHFACE_s22_session3_natural,0,3,0.1,1.2474802732467651,-0.20473065114813468
COHFACE_s22_session3_natural,0,4,0.13333333333333333,0.44914692640304565,-0.3260620055094688
COHFACE_s22_session3_natural,0,5,0.16666666666666666,0.47495603561401367,-0.47329176729816697
COHFACE_s22_session3_natural,0,6,0.2,0.3616812825202942,-0.622142574183534
COHFACE_s22_session3_natural,0,7,0.23333333333333334,0.047467585653066635,-0.7448859814351838
COHFACE_s22_session3_natural,0,8,0.26666666666666666,-0.16708317399024963,-0.8175401201633987
COHFACE_s22_session3_natural,0,9,0.3,-0.32943248748779297,-0.8246849650928654
COHFACE_s22_session3_natural,0,10,0.3333333333333333,-0.47464606165885925,-0.7608908721821059
COHFACE_s22_session3_natural,0,11,0.36666666666666664,-0.5764431953430176,-0.6297139668604878
COHFACE_s22_session3_natural,0,12,0.4,-0.6482992768287659,-0.44241244283380243
COHFACE_s22_session3_natural,0,13,0.43333333333333335,-0.7077595591545105,-0.21767236436613044
COHFACE_s22_session3_natural,0,14,0.4666666666666667,-0.7809805274009705,0.018957825408684716
COHFACE_s22_session3_natural,0,15,0.5,-0.8374007344245911,0.2384773348885558
COHFACE_s22_session3_natural,0,16,0.5333333333333333,-0.6402835845947266,0.4150744486015565
COHFACE_s22_session3_natural,0,17,0.5666666666666667,0.16245467960834503,0.5330200405348735
COHFACE_s22_session3_natural,0,18,0.6,1.1530784368515015,0.5897250766608035
COHFACE_s22_session3_natural,0,19,0.6333333333333333,1.6654019355773926,0.593122652750367
COHFACE_s22_session3_natural,0,20,0.6666666666666666,1.720122218132019,0.5555984353912434
COHFACE_s22_session3_natural,0,21,0.7,1.6107933521270752,0.4891356071950696
COHFACE_s22_session3_natural,0,22,0.7333333333333333,1.5046284198760986,0.40482305460723567
COHFACE_s22_session3_natural,0,23,0.7666666666666667,1.3900259733200073,0.3157428430192302
COHFACE_s22_session3_natural,0,24,0.8,1.156838059425354,0.23887922223848163
COHFACE_s22_session3_natural,0,25,0.8333333333333334,0.8894530534744263,0.1920361216905319
COHFACE_s22_session3_natural,0,26,0.8666666666666667,0.7534340023994446,0.18606623556808752
COHFACE_s22_session3_natural,0,27,0.9,0.7391025424003601,0.21728945564367724
COHFACE_s22_session3_natural,0,28,0.9333333333333333,0.6988005638122559,0.26576650732927765
COHFACE_s22_session3_natural,0,29,0.9666666666666667,0.5409306287765503,0.3015033859380397
COHFACE_s22_session3_natural,0,30,1.0,0.30018606781959534,0.29529995619688254
COHFACE_s22_session3_natural,0,31,1.0333333333333334,0.04421662911772728,0.22815281455948716
COHFACE_s22_session3_natural,0,32,1.0666666666666667,-0.18869832158088684,0.09521294686822292
COHFACE_s22_session3_natural,0,33,1.1,-0.3768939971923828,-0.09532076194410156
COHFACE_s22_session3_natural,0,34,1.1333333333333333,-0.539565920829773,-0.3253311709824971
COHFACE_s22_session3_natural,0,35,1.1666666666666667,-0.675349235534668,-0.5693515541365249
COHFACE_s22_session3_natural,0,36,1.2,-0.764998733997345,-0.7964179498855776
COHFACE_s22_session3_natural,0,37,1.2333333333333334,-0.8250173330307007,-0.9728508513525967
COHFACE_s22_session3_natural,0,38,1.2666666666666666,-0.8688804507255554,-1.0670753525928491
COHFACE_s22_session3_natural,0,39,1.3,-0.907755434513092,-1.055831002765335
COHFACE_s22_session3_natural,0,40,1.3333333333333333,-0.9767452478408813,-0.930033392975809
COHFACE_s22_session3_natural,0,41,1.3666666666666667,-1.0864588022232056,-0.6984593864595324
COHFACE_s22_session3_natural,0,42,1.4,-1.1751405000686646,-0.3878976444549483
COHFACE_s22_session3_natural,0,43,1.4333333333333333,-1.0051352977752686,-0.039311988940586635
COHFACE_s22_session3_natural,0,44,1.4666666666666666,-0.15524572134017944,0.29928814454327946
COHFACE_s22_session3_natural,0,45,1.5,0.945476233959198,0.5818560530356814
COHFACE_s22_session3_natural,0,46,1.5333333333333334,1.4784222841262817,0.7736785600163656
COHFACE_s22_session3_natural,0,47,1.5666666666666667,1.436805009841919,0.8590773423470595
COHFACE_s22_session3_natural,0,48,1.6,1.223954200744629,0.8443191466705118
COHFACE_s22_session3_natural,0,49,1.6333333333333333,1.0611954927444458,0.7533226763917957
COHFACE_s22_session3_natural,0,50,1.6666666666666667,0.9318892359733582,0.6175150208572081
COHFACE_s22_session3_natural,0,51,1.7,0.7073870897293091,0.4648912124028815
COHFACE_s22_session3_natural,0,52,1.7333333333333334,0.45877569913864136,0.31343011067134735
COHFACE_s22_session3_natural,0,53,1.7666666666666666,0.3589887022972107,0.17075906543055464
COHFACE_s22_session3_natural,0,54,1.8,0.3943645656108856,0.038053463563203015
COHFACE_s22_session3_natural,0,55,1.8333333333333333,0.3941164016723633,-0.08544995954241796
COHFACE_s22_session3_natural,0,56,1.8666666666666667,0.2606782615184784,-0.19935546788136072
COHFACE_s22_session3_natural,0,57,1.9,0.04728146269917488,-0.3002460639271919
COHFACE_s22_session3_natural,0,58,1.9333333333333333,-0.16708317399024963,-0.3806547105354287
COHFACE_s22_session3_natural,0,59,1.9666666666666666,-0.3469901382923126,-0.4294688797423175
COHFACE_s22_session3_natural,0,60,2.0,-0.4906526803970337,-0.4346033490793551
COHFACE_s22_session3_natural,0,61,2.033333333333333,-0.5990633964538574,-0.3876965473464618
COHFACE_s22_session3_natural,0,62,2.066666666666667,-0.68161541223526,-0.2889359046568766
COHFACE_s22_session3_natural,0,63,2.1,-0.7407654523849487,-0.14923891175999804
COHFACE_s22_session3_natural,0,64,2.1333333333333333,-0.7788090705871582,0.012055461620916492
COHFACE_s22_session3_natural,0,65,2.1666666666666665,-0.8185402154922485,0.173194869459026
COHFACE_s22_session3_natural,0,66,2.2,-0.8630485534667969,0.3161377475311543
COHFACE_s22_session3_natural,0,67,2.2333333333333334,-0.9292340874671936,0.4289901633429762
COHFACE_s22_session3_natural,0,68,2.2666666666666666,-1.0280284881591797,0.5042276610914885
COHFACE_s22_session3_natural,0,69,2.3,-1.1411170959472656,0.5357449012071601
COHFACE_s22_session3_natural,0,70,2.3333333333333335,-1.217899203300476,0.5181683917665019
COHFACE_s22_session3_natural,0,71,2.3666666666666667,-1.0291203260421753,0.4492987689105963
COHFACE_s22_session3_natural,0,72,2.4,-0.18369780480861664,0.3335454402298112
COHFACE_s22_session3_natural,0,73,2.433333333333333,0.7978183031082153,0.18333033045333316
COHFACE_s22_session3_natural,0,74,2.466666666666667,1.1773737668991089,0.017356149600291575
COHFACE_s22_session3_natural,0,75,2.5,1.0396547317504883,-0.14295015395490962
COHFACE_s22_session3_natural,0,76,2.533333333333333,0.7784242033958435,-0.27705486273932817
COHFACE_s22_session3_natural,0,77,2.566666666666667,0.578428328037262,-0.3684808493926966
COHFACE_s22_session3_natural,0,78,2.6,0.3949601650238037,-0.4081196522490984
COHFACE_s22_session3_natural,0,79,2.6333333333333333,0.14910343289375305,-0.3976708368909547
COHFACE_s22_session3_natural,0,80,2.6666666666666665,-0.008592810481786728,-0.35107245335033554
COHFACE_s22_session3_natural,0,81,2.7,0.037044670432806015,-0.29112998800797546
COHFACE_s22_session3_natural,0,82,2.7333333333333334,0.15605203807353973,-0.24133175162880768
COHFACE_s22_session3_natural,0,83,2.7666666666666666,0.15669725835323334,-0.21675125529367745
COHFACE_s22_session3_natural,0,84,2.8,0.007302136160433292,-0.21933056519773156
COHFACE_s22_session3_natural,0,85,2.8333333333333335,-0.20116859674453735,-0.2402503620039404
COHFACE_s22_session3_natural,0,86,2.8666666666666667,-0.3957669138908386,-0.2670648281502273
COHFACE_s22_session3_natural,0,87,2.9,-0.5496910810470581,-0.2900182571652979
COHFACE_s22_session3_natural,0,88,2.933333333333333,-0.6637226939201355,-0.303435675316859
COHFACE_s22_session3_natural,0,89,2.966666666666667,-0.7408522963523865,-0.3025905908298662
COHFACE_s22_session3_natural,0,90,3.0,-0.7864029407501221,-0.280134579592051
COHFACE_s22_session3_natural,0,91,3.033333333333333,-0.8132915496826172,-0.22632073255945123
COHFACE_s22_session3_natural,0,92,3.066666666666667,-0.835911750793457,-0.13377524065193686
COHFACE_s22_session3_natural,0,93,3.1,-0.8680739402770996,-0.003442814358515177
COHFACE_s22_session3_natural,0,94,3.1333333333333333,-0.9245065450668335,0.15300718611572892
COHFACE_s22_session3_natural,0,95,3.1666666666666665,-1.008634328842163,0.31644521539803677
COHFACE_s22_session3_natural,0,96,3.2,-1.1006910800933838,0.4667125175449606
COHFACE_s22_session3_natural,0,97,3.2333333333333334,-1.1021924018859863,0.5874150841563518
COHFACE_s22_session3_natural,0,98,3.2666666666666666,-0.6324291229248047,0.6667500777759999
COHFACE_s22_session3_natural,0,99,3.3,0.3569909632205963,0.6960707084577682
COHFACE_s22_session3_natural,0,100,3.3333333333333335,1.0786786079406738,0.6692218027708431
COHFACE_s22_session3_natural,0,101,3.3666666666666667,1.176703691482544,0.5839285292566544
COHFACE_s22_session3_natural,0,102,3.4,0.9706401228904724,0.44393431785943627
COHFACE_s22_session3_natural,0,103,3.433333333333333,0.7522676587104797,0.2596515053289396
COHFACE_s22_session3_natural,0,104,3.466666666666667,0.5976982712745667,0.04665769223876761
COHFACE_s22_session3_natural,0,105,3.5,0.4226553440093994,-0.1765518431108852
COHFACE_s22_session3_natural,0,106,3.533333333333333,0.2016274780035019,-0.389868038314652
COHFACE_s22_session3_natural,0,107,3.566666666666667,0.09221167862415314,-0.5717461099286888
COHFACE_s22_session3_natural,0,108,3.6,0.14287449419498444,-0.6997822692807362
COHFACE_s22_session3_natural,0,109,3.6333333333333333,0.20878702402114868,-0.7533737567626206
COHFACE_s22_session3_natural,0,110,3.6666666666666665,0.15718118846416473,-0.7183479020803463
COHFACE_s22_session3_natural,0,111,3.7,-0.00848113652318716,-0.5915684353220484
COHFACE_s22_session3_natural,0,112,3.7333333333333334,-0.20124304294586182,-0.3834416451399826
COHFACE_s22_session3_natural,0,113,3.7666666666666666,-0.3711365759372711,-0.11751976451909218
COHFACE_s22_session3_natural,0,114,3.8,-0.5075154900550842,0.17240295155349575
COHFACE_s22_session3_natural,0,115,3.8333333333333335,-0.6177129745483398,0.44694837932300663
COHFACE_s22_session3_natural,0,116,3.8666666666666667,-0.6938871145248413,0.6671624550474404
COHFACE_s22_session3_natural,0,117,3.9,-0.7467586398124695,0.801653637515533
COHFACE_s22_session3_natural,0,118,3.933333333333333,-0.7857701182365417,0.8339003195677105
COHFACE_s22_session3_natural,0,119,3.966666666666667,-0.817907452583313,0.7672355695421818
COHFACE_s22_session3_natural,0,120,4.0,-0.8548963665962219,0.6240391361530243
COHFACE_s22_session3_natural,0,121,4.033333333333333,-0.8981763124465942,0.4375131740063301
COHFACE_s22_session3_natural,0,122,4.066666666666666,-0.9473997354507446,0.2392477020861409
COHFACE_s22_session3_natural,0,123,4.1,-1.0008543729782104,0.049401890860412453
COHFACE_s22_session3_natural,0,124,4.133333333333334,-1.0666676759719849,-0.12514772049517417
COHFACE_s22_session3_natural,0,125,4.166666666666667,-1.1556098461151123,-0.2848546986965894
COHFACE_s22_session3_natural,0,126,4.2,-1.209945559501648,-0.4292736055058821
COHFACE_s22_session3_natural,0,127,4.233333333333333,-0.9604284167289734,-0.553009367593602
COHFACE_s22_session3_natural,0,128,4.266666666666667,0.002376067452132702,-0.6478268375213464
COHFACE_s22_session3_natural,0,129,4.3,1.0824631452560425,-0.7075378959528774
COHFACE_s22_session3_natural,0,130,4.333333333333333,1.5137113332748413,-0.7308840282133807
COHFACE_s22_session3_natural,0,131,4.366666666666666,1.4257245063781738,-0.7201912679817492
COHFACE_s22_session3_natural,0,132,4.4,1.2147969007492065,-0.6772592771750969
COHFACE_s22_session3_natural,0,133,4.433333333333334,1.0456230640411377,-0.6002042220371618
COHFACE_s22_session3_natural,0,134,4.466666666666667,0.9016379714012146,-0.4844389669627747
COHFACE_s22_session3_natural,0,135,4.5,0.6897425651550293,-0.32789408355967187
COHFACE_s22_session3_natural,0,136,4.533333333333333,0.45711299777030945,-0.13694077523392892
COHFACE_s22_session3_natural,0,137,4.566666666666666,0.36024191975593567,0.07154241553979704
COHFACE_s22_session3_natural,0,138,4.6,0.3852817416191101,0.2736100950515521
COHFACE_s22_session3_natural,0,139,4.633333333333334,0.38440075516700745,0.4449693382167783
COHFACE_s22_session3_natural,0,140,4.666666666666667,0.28355905413627625,0.5673705837167168
COHFACE_s22_session3_natural,0,141,4.7,0.10285793989896774,0.632269068691628
COHFACE_s22_session3_natural,0,142,4.733333333333333,-0.09597159177064896,0.6413216204936265
COHFACE_s22_session3_natural,0,143,4.766666666666667,-0.2749231457710266,0.6044804898757222
COHFACE_s22_session3_natural,0,144,4.8,-0.41322529315948486,0.536486628743022
COHFACE_s22_session3_natural,0,145,4.833333333333333,-0.5218594074249268,0.4525196256714528
COHFACE_s22_session3_natural,0,146,4.866666666666666,-0.6039150357246399,0.3644270488990123
COHFACE_s22_session3_natural,0,147,4.9,-0.6620351672172546,0.2792819084697781
COHFACE_s22_session3_natural,0,148,4.933333333333334,-0.7206268906593323,0.20083022534137834
COHFACE_s22_session3_natural,0,149,4.966666666666667,-0.7745654582977295,0.13222678559795736
COHFACE_s22_session3_natural,0,150,5.0,-0.8262333273887634,0.0770545404245577
COHFACE_s22_session3_natural,0,151,5.033333333333333,-0.8861402869224548,0.03688366297504564
COHFACE_s22_session3_natural,0,152,5.066666666666666,-0.9557753205299377,0.0073158327891177065
COHFACE_s22_session3_natural,0,153,5.1,-1.0282517671585083,-0.02324696957929205
COHFACE_s22_session3_natural,0,154,5.133333333333334,-1.0929855108261108,-0.06987243660214829
COHFACE_s22_session3_natural,0,155,5.166666666666667,-1.1539348363876343,-0.14426721147252886
COHFACE_s22_session3_natural,0,156,5.2,-1.2033940553665161,-0.24899103532071198
COHFACE_s22_session3_natural,0,157,5.233333333333333,-1.2441922426223755,-0.37579735127985875
COHFACE_s22_session3_natural,0,158,5.266666666666667,-1.2794688940048218,-0.5079019395394192
COHFACE_s22_session3_natural,0,159,5.3,-1.3274266719818115,-0.6235368342504324
COHFACE_s22_session3_natural,0,160,5.333333333333333,-1.367790699005127,-0.6987079034472297
COHFACE_s22_session3_natural,0,161,5.366666666666666,-1.1332875490188599,-0.7095091199980309
COHFACE_s22_session3_natural,0,162,5.4,-0.1304292529821396,-0.6359893706021783
COHFACE_s22_session3_natural,0,163,5.433333333333334,1.091434359550476,-0.4685978937108778
COHFACE_s22_session3_natural,0,164,5.466666666666667,1.6380293369293213,-0.21504606516926372
COHFACE_s22_session3_natural,0,165,5.5,1.5928137302398682,0.09690229241607158
COHFACE_s22_session3_natural,0,166,5.533333333333333,1.3850626945495605,0.42394777415551554
COHFACE_s22_session3_natural,0,167,5.566666666666666,1.2142510414123535,0.7180967633378833
COHFACE_s22_session3_natural,0,168,5.6,1.0721147060394287,0.9386659918544414
COHFACE_s22_session3_natural,0,169,5.633333333333334,0.8588295578956604,1.0596693915658462
COHFACE_s22_session3_natural,0,170,5.666666666666667,0.5968049168586731,1.0706666507843203
COHFACE_s22_session3_natural,0,171,5.7,0.4576093256473541,0.9736893803651155
COHFACE_s22_session3_natural,0,172,5.733333333333333,0.45619478821754456,0.7800257870428793
COHFACE_s22_session3_natural,0,173,5.766666666666667,0.47151896357536316,0.5086763624205851
COHFACE_s22_session3_natural,0,174,5.8,0.39935266971588135,0.18576669866792184
COHFACE_s22_session3_natural,0,175,5.833333333333333,0.22914893925189972,-0.15681660591432914
COHFACE_s22_session3_natural,0,176,5.866666666666666,0.01980963535606861,-0.484309683024224
COHFACE_s22_session3_natural,0,177,5.9,-0.18079426884651184,-0.7626480238368145
COHFACE_s22_session3_natural,0,178,5.933333333333334,-0.34824338555336,-0.9615309689886781
COHFACE_s22_session3_natural,0,179,5.966666666666667,-0.4724622070789337,-1.0569686061095223
COHFACE_s22_session3_natural,0,180,6.0,-0.569382905960083,-1.034819657281143
COHFACE_s22_session3_natural,0,181,6.033333333333333,-0.6522078514099121,-0.8961818181891351
COHFACE_s22_session3_natural,0,182,6.066666666666666,-0.7104769349098206,-0.6621501555976422
COHFACE_s22_session3_natural,0,183,6.1,-0.7607923150062561,-0.37316600071297695
COHFACE_s22_session3_natural,0,184,6.133333333333334,-0.8197314143180847,-0.08037469303992154
COHFACE_s22_session3_natural,0,185,6.166666666666667,-0.8792164921760559,0.16834027935346754
COHFACE_s22_session3_natural,0,186,6.2,-0.9454640746116638,0.3408694960359551
COHFACE_s22_session3_natural,0,187,6.233333333333333,-1.0145903825759888,0.4258865430185288
COHFACE_s22_session3_natural,0,188,6.266666666666667,-1.0907272100448608,0.4298770986180319
COHFACE_s22_session3_natural,0,189,6.3,-1.1644941568374634,0.3706786862457525
COHFACE_s22_session3_natural,0,190,6.333333333333333,-1.224475622177124,0.27176766780070016
COHFACE_s22_session3_natural,0,191,6.366666666666666,-1.2718626260757446,0.15818765120438683
COHFACE_s22_session3_natural,0,192,6.4,-1.317003846168518,0.052936357669175614
COHFACE_s22_session3_natural,0,193,6.433333333333334,-1.3819608688354492,-0.02697520658822445
COHFACE_s22_session3_natural,0,194,6.466666666666667,-1.4466326236724854,-0.07389868013085872
COHFACE_s22_session3_natural,0,195,6.5,-1.3367700576782227,-0.09034033388812807
COHFACE_s22_session3_natural,0,196,6.533333333333333,-0.530023992061615,-0.08587092852983169
COHFACE_s22_session3_natural,0,197,6.566666666666666,0.7165195345878601,-0.07122142207901076
COHFACE_s22_session3_natural,0,198,6.6,1.4396342039108276,-0.05300339461565262
COHFACE_s22_session3_natural,0,199,6.633333333333334,1.4880014657974243,-0.03243485628375475
COHFACE_s22_session3_natural,0,200,6.666666666666667,1.2555580139160156,-0.008289255490733895
COHFACE_s22_session3_natural,0,201,6.7,1.0165382623672485,0.01901353461604776
COHFACE_s22_session3_natural,0,202,6.733333333333333,0.8422645926475525,0.045580729046016816
COHFACE_s22_session3_natural,0,203,6.766666666666667,0.6514259576797485,0.06555309877811541
COHFACE_s22_session3_natural,0,204,6.8,0.4184117317199707,0.07431920854017707
COHFACE_s22_session3_natural,0,205,6.833333333333333,0.2794022858142853,0.07087530223863228
COHFACE_s22_session3_natural,0,206,6.866666666666666,0.2945651412010193,0.05813294360174808
COHFACE_s22_session3_natural,0,207,6.9,0.3510350286960602,0.04188873918566347
COHFACE_s22_session3_natural,0,208,6.933333333333334,0.3106462061405182,0.029664984049303875
COHFACE_s22_session3_natural,0,209,6.966666666666667,0.15556812286376953,0.029664474527638828
COHFACE_s22_session3_natural,0,210,7.0,-0.04842324182391167,0.04899885166840305
COHFACE_s22_session3_natural,0,211,7.033333333333333,-0.24925050139427185,0.09075686587828614
COHFACE_s22_session3_natural,0,212,7.066666666666666,-0.4229905903339386,0.1514718213434585
COHFACE_s22_session3_natural,0,213,7.1,-0.5560564994812012,0.22157098853941964
COHFACE_s22_session3_natural,0,214,7.133333333333334,-0.6507064700126648,0.28948250519189755
COHFACE_s22_session3_natural,0,215,7.166666666666667,-0.7200188636779785,0.3469058245146213
COHFACE_s22_session3_natural,0,216,7.2,-0.7666738033294678,0.3913153548020712
COHFACE_s22_session3_natural,0,217,7.233333333333333,-0.8077698945999146,0.42351175873893154
COHFACE_s22_session3_natural,0,218,7.266666666666667,-0.8578495383262634,0.44202316897964544
COHFACE_s22_session3_natural,0,219,7.3,-0.9176944494247437,0.4391444742788224
COHFACE_s22_session3_natural,0,220,7.333333333333333,-0.9760627746582031,0.4026037121629372
COHFACE_s22_session3_natural,0,221,7.366666666666666,-1.0337238311767578,0.3225738553532945
COHFACE_s22_session3_natural,0,222,7.4,-1.107168197631836,0.19903822813099825
COHFACE_s22_session3_natural,0,223,7.433333333333334,-1.206409215927124,0.043676225355639794
COHFACE_s22_session3_natural,0,224,7.466666666666667,-1.2864174842834473,-0.12504146962982274
COHFACE_s22_session3_natural,0,225,7.5,-1.1147247552871704,-0.2893073855514834
COHFACE_s22_session3_natural,0,226,7.533333333333333,-0.2828519940376282,-0.43630303315281066
COHFACE_s22_session3_natural,0,227,7.566666666666666,0.7405542731285095,-0.5570057528005633
COHFACE_s22_session3_natural,0,228,7.6,1.1865806579589844,-0.6421086990429382
COHFACE_s22_session3_natural,0,229,7.633333333333334,1.100244164466858,-0.6801709564166285
COHFACE_s22_session3_natural,0,230,7.666666666666667,0.833926260471344,-0.6608561172917101
COHFACE_s22_session3_natural,0,231,7.7,0.5842849612236023,-0.5814964318011404
COHFACE_s22_session3_natural,0,232,7.733333333333333,0.3743128478527069,-0.4522454522382272
COHFACE_s22_session3_natural,0,233,7.766666666666667,0.14690716564655304,-0.2958267084305709
COHFACE_s22_session3_natural,0,234,7.8,-0.013357572257518768,-0.14162791765329455
COHFACE_s22_session3_natural,0,235,7.833333333333333,-0.01665816269814968,-0.01733538706846457
COHFACE_s22_session3_natural,0,236,7.866666666666666,0.08517620712518692,0.0582302775505823
COHFACE_s22_session3_natural,0,237,7.9,0.14183220267295837,0.07910747764826226
COHFACE_s22_session3_natural,0,238,7.933333333333334,0.06446686387062073,0.05272355268949395
COHFACE_s22_session3_natural,0,239,7.966666666666667,-0.10888855904340744,-0.0025636296576259897
COHFACE_s22_session3_natural,1,0,1.0,0.30018606781959534,-0.022739685794294907
COHFACE_s22_session3_natural,1,1,1.0333333333333334,0.04421662911772728,-0.13552256338078453
COHFACE_s22_session3_natural,1,2,1.0666666666666667,-0.18869832158088684,-0.27381528563993324
COHFACE_s22_session3_natural,1,3,1.1,-0.3768939971923828,-0.45452135915311986
COHFACE_s22_session3_natural,1,4,1.1333333333333333,-0.539565920829773,-0.6795411968023735
COHFACE_s22_session3_natural,1,5,1.1666666666666667,-0.675349235534668,-0.9342677069265259
COHFACE_s22_session3_natural,1,6,1.2,-0.764998733997345,-1.1901958194304072
COHFACE_s22_session3_natural,1,7,1.2333333333333334,-0.8250173330307007,-1.4100055261236353
COHFACE_s22_session3_natural,1,8,1.2666666666666666,-0.8688804507255554,-1.553752258508739
COHFACE_s22_session3_natural,1,9,1.3,-0.907755434513092,-1.5855907245191398
COHFACE_s22_session3_natural,1,10,1.3333333333333333,-0.9767452478408813,-1.4806081472372474
COHFACE_s22_session3_natural,1,11,1.3666666666666667,-1.0864588022232056,-1.2310559754546961
COHFACE_s22_session3_natural,1,12,1.4,-1.1751405000686646,-0.8510705467193039
COHFACE_s22_session3_natural,1,13,1.4333333333333333,-1.0051352977752686,-0.37853145449451303
COHFACE_s22_session3_natural,1,14,1.4666666666666666,-0.15524572134017944,0.1280097218801734
COHFACE_s22_session3_natural,1,15,1.5,0.945476233959198,0.5991022789531746
COHFACE_s22_session3_natural,1,16,1.5333333333333334,1.4784222841262817,0.9702587668771068
COHFACE_s22_session3_natural,1,17,1.5666666666666667,1.436805009841919,1.1994817996646523
COHFACE_s22_session3_natural,1,18,1.6,1.223954200744629,1.2790761115138145
COHFACE_s22_session3_natural,1,19,1.6333333333333333,1.0611954927444458,1.2353574680121058
COHFACE_s22_session3_natural,1,20,1.6666666666666667,0.9318892359733582,1.115599785759663
COHFACE_s22_session3_natural,1,21,1.7,0.7073870897293091,0.96821531486997
COHFACE_s22_session3_natural,1,22,1.7333333333333334,0.45877569913864136,0.8251490362776216
COHFACE_s22_session3_natural,1,23,1.7666666666666666,0.3589887022972107,0.69356761129875
COHFACE_s22_session3_natural,1,24,1.8,0.3943645656108856,0.5588602445634763
COHFACE_s22_session3_natural,1,25,1.8333333333333333,0.3941164016723633,0.39597261284436125
COHFACE_s22_session3_natural,1,26,1.8666666666666667,0.2606782615184784,0.18370884641523771
COHFACE_s22_session3_natural,1,27,1.9,0.04728146269917488,-0.08310438875372395
COHFACE_s22_session3_natural,1,28,1.9333333333333333,-0.16708317399024963,-0.38715931727600383
COHFACE_s22_session3_natural,1,29,1.9666666666666666,-0.3469901382923126,-0.6898790412967007
COHFACE_s22_session3_natural,1,30,2.0,-0.4906526803970337,-0.9407636199781984
COHFACE_s22_session3_natural,1,31,2.033333333333333,-0.5990633964538574,-1.0927307161197222
COHFACE_s22_session3_natural,1,32,2.066666666666667,-0.68161541223526,-1.1176490433322406
COHFACE_s22_session3_natural,1,33,2.1,-0.7407654523849487,-1.0148967871598225
COHFACE_s22_session3_natural,1,34,2.1333333333333333,-0.7788090705871582,-0.8092306187952719
COHFACE_s22_session3_natural,1,35,2.1666666666666665,-0.8185402154922485,-0.5402463088703843
COHFACE_s22_session3_natural,1,36,2.2,-0.8630485534667969,-0.2499116844952483
COHFACE_s22_session3_natural,1,37,2.2333333333333334,-0.9292340874671936,0.025787947188019706
COHFACE_s22_session3_natural,1,38,2.2666666666666666,-1.0280284881591797,0.2596286788820412
COHFACE_s22_session3_natural,1,39,2.3,-1.1411170959472656,0.4331596208248119
COHFACE_s22_session3_natural,1,40,2.3333333333333335,-1.217899203300476,0.53698979656613
COHFACE_s22_session3_natural,1,41,2.3666666666666667,-1.0291203260421753,0.5718596988755947
COHFACE_s22_session3_natural,1,42,2.4,-0.18369780480861664,0.5489761930840741
COHFACE_s22_session3_natural,1,43,2.433333333333333,0.7978183031082153,0.48806462615478213
COHFACE_s22_session3_natural,1,44,2.466666666666667,1.1773737668991089,0.41312700770959465
COHFACE_s22_session3_natural,1,45,2.5,1.0396547317504883,0.3472312163631372
COHFACE_s22_session3_natural,1,46,2.533333333333333,0.7784242033958435,0.3075463421456284
COHFACE_s22_session3_natural,1,47,2.566666666666667,0.578428328037262,0.301122899337019
COHFACE_s22_session3_natural,1,48,2.6,0.3949601650238037,0.32196533827920837
COHFACE_s22_session3_natural,1,49,2.6333333333333333,0.14910343289375305,0.35089499473564345
COHFACE_s22_session3_natural,1,50,2.6666666666666665,-0.008592810481786728,0.36035048615875187
COHFACE_s22_session3_natural,1,51,2.7,0.037044670432806015,0.3245899441508339
COHFACE_s22_session3_natural,1,52,2.7333333333333334,0.15605203807353973,0.2316105702822838
COHFACE_s22_session3_natural,1,53,2.7666666666666666,0.15669725835323334,0.09021123456099271
COHFACE_s22_session3_natural,1,54,2.8,0.007302136160433292,-0.072570561526559
COHFACE_s22_session3_natural,1,55,2.8333333333333335,-0.20116859674453735,-0.22291197563692755
COHFACE_s22_session3_natural,1,56,2.8666666666666667,-0.3957669138908386,-0.3343784818537689
COHFACE_s22_session3_natural,1,57,2.9,-0.5496910810470581,-0.39709422172632325
COHFACE_s22_session3_natural,1,58,2.933333333333333,-0.6637226939201355,-0.41777594480884894
COHFACE_s22_session3_natural,1,59,2.966666666666667,-0.7408522963523865,-0.41227961342621955
COHFACE_s22_session3_natural,1,60,3.0,-0.7864029407501221,-0.3961027699887469
COHFACE_s22_session3_natural,1,61,3.033333333333333,-0.8132915496826172,-0.37807908477978985
COHFACE_s22_session3_natural,1,62,3.066666666666667,-0.835911750793457,-0.3590725903579732
COHFACE_s22_session3_natural,1,63,3.1,-0.8680739402770996,-0.33397866681744454
COHFACE_s22_session3_natural,1,64,3.1333333333333333,-0.9245065450668335,-0.2945060036305917
COHFACE_s22_session3_natural,1,65,3.1666666666666665,-1.008634328842163,-0.23182672196462265
COHFACE_s22_session3_natural,1,66,3.2,-1.1006910800933838,-0.14004017391776852
COHFACE_s22_session3_natural,1,67,3.2333333333333334,-1.1021924018859863,-0.021088548113209656
COHFACE_s22_session3_natural,1,68,3.2666666666666666,-0.6324291229248047,0.11100346963832187
COHFACE_s22_session3_natural,1,69,3.3,0.3569909632205963,0.23065870468036873
COHFACE_s22_session3_natural,1,70,3.3333333333333335,1.0786786079406738,0.3082390533360621
COHFACE_s22_session3_natural,1,71,3.3666666666666667,1.176703691482544,0.3217766709134433
COHFACE_s22_session3_natural,1,72,3.4,0.9706401228904724,0.2660193357729196
COHFACE_s22_session3_natural,1,73,3.433333333333333,0.7522676587104797,0.1527026069593565
COHFACE_s22_session3_natural,1,74,3.466666666666667,0.5976982712745667,0.0025390030262400073
COHFACE_s22_session3_natural,1,75,3.5,0.4226553440093994,-0.1640721955740328
COHFACE_s22_session3_natural,1,76,3.533333333333333,0.2016274780035019,-0.3302726875349812
COHFACE_s22_session3_natural,1,77,3.566666666666667,0.09221167862415314,-0.47845789852905574
COHFACE_s22_session3_natural,1,78,3.6,0.14287449419498444,-0.5843670571254107
COHFACE_s22_session3_natural,1,79,3.6333333333333333,0.20878702402114868,-0.617763469444706
COHFACE_s22_session3_natural,1,80,3.6666666666666665,0.15718118846416473,-0.5524598812503559
COHFACE_s22_session3_natural,1,81,3.7,-0.00848113652318716,-0.3801804109528907
COHFACE_s22_session3_natural,1,82,3.7333333333333334,-0.20124304294586182,-0.11883179841894223
COHFACE_s22_session3_natural,1,83,3.7666666666666666,-0.3711365759372711,0.19089467855011605
COHFACE_s22_session3_natural,1,84,3.8,-0.5075154900550842,0.4985183802765687
COHFACE_s22_session3_natural,1,85,3.8333333333333335,-0.6177129745483398,0.7582854472398989
COHFACE_s22_session3_natural,1,86,3.8666666666666667,-0.6938871145248413,0.9382605297818997
COHFACE_s22_session3_natural,1,87,3.9,-0.7467586398124695,1.0227028004289773
COHFACE_s22_session3_natural,1,88,3.933333333333333,-0.7857701182365417,1.0108551984588665
COHFACE_s22_session3_natural,1,89,3.966666666666667,-0.817907452583313,0.9151806739006809
COHFACE_s22_session3_natural,1,90,4.0,-0.8548963665962219,0.7584623335113876
COHFACE_s22_session3_natural,1,91,4.033333333333333,-0.8981763124465942,0.5673262028045272
COHFACE_s22_session3_natural,1,92,4.066666666666666,-0.9473997354507446,0.3630131876452299
COHFACE_s22_session3_natural,1,93,4.1,-1.0008543729782104,0.15470608619166085
COHFACE_s22_session3_natural,1,94,4.133333333333334,-1.0666676759719849,-0.059193135462687084
COHFACE_s22_session3_natural,1,95,4.166666666666667,-1.1556098461151123,-0.2816594013297829
COHFACE_s22_session3_natural,1,96,4.2,-1.209945559501648,-0.5061812505681634
COHFACE_s22_session3_natural,1,97,4.233333333333333,-0.9604284167289734,-0.7132383587145837
COHFACE_s22_session3_natural,1,98,4.266666666666667,0.002376067452132702,-0.8773048633758217
COHFACE_s22_session3_natural,1,99,4.3,1.0824631452560425,-0.9791805969643549
COHFACE_s22_session3_natural,1,100,4.333333333333333,1.5137113332748413,-1.0144574926832526
COHFACE_s22_session3_natural,1,101,4.366666666666666,1.4257245063781738,-0.9919582026372152
COHFACE_s22_session3_natural,1,102,4.4,1.2147969007492065,-0.9236892294034544
COHFACE_s22_session3_natural,1,103,4.433333333333334,1.0456230640411377,-0.8143078736180748
COHFACE_s22_session3_natural,1,104,4.466666666666667,0.9016379714012146,-0.6583255473512166
COHFACE_s22_session3_natural,1,105,4.5,0.6897425651550293,-0.4473632012541705
COHFACE_s22_session3_natural,1,106,4.533333333333333,0.45711299777030945,-0.18205604610677492
COHFACE_s22_session3_natural,1,107,4.566666666666666,0.36024191975593567,0.12023279439457367
COHFACE_s22_session3_natural,1,108,4.6,0.3852817416191101,0.42700025092942995
COHFACE_s22_session3_natural,1,109,4.633333333333334,0.38440075516700745,0.6997734397995968
COHFACE_s22_session3_natural,1,110,4.666666666666667,0.28355905413627625,0.9050911936167003
COHFACE_s22_session3_natural,1,111,4.7,0.10285793989896774,1.0221845622786805
COHFACE_s22_session3_natural,1,112,4.733333333333333,-0.09597159177064896,1.045847877125825
COHFACE_s22_session3_natural,1,113,4.766666666666667,-0.2749231457710266,0.9857823062749986
COHFACE_s22_session3_natural,1,114,4.8,-0.41322529315948486,0.8634774562952943
COHFACE_s22_session3_natural,1,115,4.833333333333333,-0.5218594074249268,0.7066538502511999
COHFACE_s22_session3_natural,1,116,4.866666666666666,-0.6039150357246399,0.5420568069882781
COHFACE_s22_session3_natural,1,117,4.9,-0.6620351672172546,0.388994518019052
COHFACE_s22_session3_natural,1,118,4.933333333333334,-0.7206268906593323,0.2562133271355452
COHFACE_s22_session3_natural,1,119,4.966666666666667,-0.7745654582977295,0.14294291075646395
COHFACE_s22_session3_natural,1,120,5.0,-0.8262333273887634,0.042414544830003245
COHFACE_s22_session3_natural,1,121,5.033333333333333,-0.8861402869224548,-0.05484308968492562
COHFACE_s22_session3_natural,1,122,5.066666666666666,-0.9557753205299377,-0.15905961127047763
COHFACE_s22_session3_natural,1,123,5.1,-1.0282517671585083,-0.2797266913008878
COHFACE_s22_session3_natural,1,124,5.133333333333334,-1.0929855108261108,-0.423433428580293
COHFACE_s22_session3_natural,1,125,5.166666666666667,-1.1539348363876343,-0.5910031087923187
COHFACE_s22_session3_natural,1,126,5.2,-1.2033940553665161,-0.7747558496407573
COHFACE_s22_session3_natural,1,127,5.233333333333333,-1.2441922426223755,-0.9569976281499224
COHFACE_s22_session3_natural,1,128,5.266666666666667,-1.2794688940048218,-1.1107762629500046
COHFACE_s22_session3_natural,1,129,5.3,-1.3274266719818115,-1.2035401214254402
COHFACE_s22_session3_natural,1,130,5.333333333333333,-1.367790699005127,-1.2035496439172741
COHFACE_s22_session3_natural,1,131,5.366666666666666,-1.1332875490188599,-1.087941327122499
COHFACE_s22_session3_natural,1,132,5.4,-0.1304292529821396,-0.8504981830655781
COHFACE_s22_session3_natural,1,133,5.433333333333334,1.091434359550476,-0.5065508764227612
COHFACE_s22_session3_natural,1,134,5.466666666666667,1.6380293369293213,-0.09240219690856183
COHFACE_s22_session3_natural,1,135,5.5,1.5928137302398682,0.34185841712694653
COHFACE_s22_session3_natural,1,136,5.533333333333333,1.3850626945495605,0.7442327354668226
COHFACE_s22_session3_natural,1,137,5.566666666666666,1.2142510414123535,1.0726889619407995
COHFACE_s22_session3_natural,1,138,5.6,1.0721147060394287,1.3020061840998796
COHFACE_s22_session3_natural,1,139,5.633333333333334,0.8588295578956604,1.4233537373096334
COHFACE_s22_session3_natural,1,140,5.666666666666667,0.5968049168586731,1.4388002697643767
COHFACE_s22_session3_natural,1,141,5.7,0.4576093256473541,1.3554653510015737
COHFACE_s22_session3_natural,1,142,5.733333333333333,0.45619478821754456,1.1825435568040898
COHFACE_s22_session3_natural,1,143,5.766666666666667,0.47151896357536316,0.9312582355202825
COHFACE_s22_session3_natural,1,144,5.8,0.39935266971588135,0.616161903919609
COHFACE_s22_session3_natural,1,145,5.833333333333333,0.22914893925189972,0.25644176049247747
COHFACE_s22_session3_natural,1,146,5.866666666666666,0.01980963535606861,-0.1232913945727423
COHFACE_s22_session3_natural,1,147,5.9,-0.18079426884651184,-0.4929151299443415
COHFACE_s22_session3_natural,1,148,5.933333333333334,-0.34824338555336,-0.8180110927599995
COHFACE_s22_session3_natural,1,149,5.966666666666667,-0.4724622070789337,-1.0634736346344489
COHFACE_s22_session3_natural,1,150,6.0,-0.569382905960083,-1.2001422867714873
COHFACE_s22_session3_natural,1,151,6.033333333333333,-0.6522078514099121,-1.213154091964404
COHFACE_s22_session3_natural,1,152,6.066666666666666,-0.7104769349098206,-1.1081952383837188
COHFACE_s22_session3_natural,1,153,6.1,-0.7607923150062561,-0.9113995389538596
COHFACE_s22_session3_natural,1,154,6.133333333333334,-0.8197314143180847,-0.6618067115393556
COHFACE_s22_session3_natural,1,155,6.166666666666667,-0.8792164921760559,-0.399868712281342
COHFACE_s22_session3_natural,1,156,6.2,-0.9454640746116638,-0.15790909341815149
COHFACE_s22_session3_natural,1,157,6.233333333333333,-1.0145903825759888,0.043349533736126815
COHFACE_s22_session3_natural,1,158,6.266666666666667,-1.0907272100448608,0.19300966518863596
COHFACE_s22_session3_natural,1,159,6.3,-1.1644941568374634,0.287300343830311
COHFACE_s22_session3_natural,1,160,6.333333333333333,-1.224475622177124,0.32902220644256125
COHFACE_s22_session3_natural,1,161,6.366666666666666,-1.2718626260757446,0.32832223245783954
COHFACE_s22_session3_natural,1,162,6.4,-1.317003846168518,0.30167797331294943
COHFACE_s22_session3_natural,1,163,6.433333333333334,-1.3819608688354492,0.26725046813481723
COHFACE_s22_session3_natural,1,164,6.466666666666667,-1.4466326236724854,0.2385382181649879
COHFACE_s22_session3_natural,1,165,6.5,-1.3367700576782227,0.22067741737646607
COHFACE_s22_session3_natural,1,166,6.533333333333333,-0.530023992061615,0.21199212129738249
COHFACE_s22_session3_natural,1,167,6.566666666666666,0.7165195345878601,0.20917833569317645
COHFACE_s22_session3_natural,1,168,6.6,1.4396342039108276,0.211555155537929
COHFACE_s22_session3_natural,1,169,6.633333333333334,1.4880014657974243,0.22072265811760794
COHFACE_s22_session3_natural,1,170,6.666666666666667,1.2555580139160156,0.2363256293162861
COHFACE_s22_session3_natural,1,171,6.7,1.0165382623672485,0.25237053654404595
COHFACE_s22_session3_natural,1,172,6.733333333333333,0.8422645926475525,0.25806193479086714
COHFACE_s22_session3_natural,1,173,6.766666666666667,0.6514259576797485,0.24317483126583297
COHFACE_s22_session3_natural,1,174,6.8,0.4184117317199707,0.2040201846897766
COHFACE_s22_session3_natural,1,175,6.833333333333333,0.2794022858142853,0.1455108064964568
COHFACE_s22_session3_natural,1,176,6.866666666666666,0.2945651412010193,0.07837742340064999
COHFACE_s22_session3_natural,1,177,6.9,0.3510350286960602,0.014550712000756513
COHFACE_s22_session3_natural,1,178,6.933333333333334,0.3106462061405182,-0.03575644075006579
COHFACE_s22_session3_natural,1,179,6.966666666666667,0.15556812286376953,-0.06452614329666667
COHFACE_s22_session3_natural,1,180,7.0,-0.04842324182391167,-0.06636118446933381
COHFACE_s22_session3_natural,1,181,7.033333333333333,-0.24925050139427185,-0.041207517118934285
COHFACE_s22_session3_natural,1,182,7.066666666666666,-0.4229905903339386,0.002087581946547457
COHFACE_s22_session3_natural,1,183,7.1,-0.5560564994812012,0.04588219548102807
COHFACE_s22_session3_natural,1,184,7.133333333333334,-0.6507064700126648,0.07009534545753164
COHFACE_s22_session3_natural,1,185,7.166666666666667,-0.7200188636779785,0.062079895645947895
COHFACE_s22_session3_natural,1,186,7.2,-0.7666738033294678,0.023292248924977433
COHFACE_s22_session3_natural,1,187,7.233333333333333,-0.8077698945999146,-0.03262117717512061
COHFACE_s22_session3_natural,1,188,7.266666666666667,-0.8578495383262634,-0.08913650279614765
COHFACE_s22_session3_natural,1,189,7.3,-0.9176944494247437,-0.13659375993123182
COHFACE_s22_session3_natural,1,190,7.333333333333333,-0.9760627746582031,-0.17583072435846045
COHFACE_s22_session3_natural,1,191,7.366666666666666,-1.0337238311767578,-0.21446305563853518
COHFACE_s22_session3_natural,1,192,7.4,-1.107168197631836,-0.2598607829721352
COHFACE_s22_session3_natural,1,193,7.433333333333334,-1.206409215927124,-0.31447220014073923
COHFACE_s22_session3_natural,1,194,7.466666666666667,-1.2864174842834473,-0.376220052642614
COHFACE_s22_session3_natural,1,195,7.5,-1.1147247552871704,-0.44187637146190484
COHFACE_s22_session3_natural,1,196,7.533333333333333,-0.2828519940376282,-0.5085407279139403
COHFACE_s22_session3_natural,1,197,7.566666666666666,0.7405542731285095,-0.5701749901106293
COHFACE_s22_session3_natural,1,198,7.6,1.1865806579589844,-0.6116651202115341
COHFACE_s22_session3_natural,1,199,7.633333333333334,1.100244164466858,-0.6068909200060405
COHFACE_s22_session3_natural,1,200,7.666666666666667,0.833926260471344,-0.5254737919877721
COHFACE_s22_session3_natural,1,201,7.7,0.5842849612236023,-0.34666486232911975
COHFACE_s22_session3_natural,1,202,7.733333333333333,0.3743128478527069,-0.07303933330540584
COHFACE_s22_session3_natural,1,203,7.766666666666667,0.14690716564655304,0.26420604807475007
COHFACE_s22_session3_natural,1,204,7.8,-0.013357572257518768,0.6115056087327457
COHFACE_s22_session3_natural,1,205,7.833333333333333,-0.01665816269814968,0.9073520818896513
COHFACE_s22_session3_natural,1,206,7.866666666666666,0.08517620712518692,1.0985231459731177
COHFACE_s22_session3_natural,1,207,7.9,0.14183220267295837,1.1528352581104688
COHFACE_s22_session3_natural,1,208,7.933333333333334,0.06446686387062073,1.0659999447696895
COHFACE_s22_session3_natural,1,209,7.966666666666667,-0.10888855904340744,0.8620510667880981
COHFACE_s22_session3_natural,1,210,8.0,-0.3076932728290558,0.5869370404396318
COHFACE_s22_session3_natural,1,211,8.033333333333333,-0.47960934042930603,0.29560491460292243
COHFACE_s22_session3_natural,1,212,8.066666666666666,-0.6123402118682861,0.03596868808939965
COHFACE_s22_session3_natural,1,213,8.1,-0.7122513055801392,-0.1639323790639393
COHFACE_s22_session3_natural,1,214,8.133333333333333,-0.7719473242759705,-0.2998901286709489
COHFACE_s22_session3_natural,1,215,8.166666666666666,-0.8051393628120422,-0.3854697780168996
COHFACE_s22_session3_natural,1,216,8.2,-0.8353906273841858,-0.44064650909638137
COHFACE_s22_session3_natural,1,217,8.233333333333333,-0.8789807558059692,-0.48218802826683976
COHFACE_s22_session3_natural,1,218,8.266666666666667,-0.9450669884681702,-0.5194695167791956
COHFACE_s22_session3_natural,1,219,8.3,-0.9962385296821594,-0.5543273015001803
COHFACE_s22_session3_natural,1,220,8.333333333333334,-0.8221386075019836,-0.5817711314451993
COHFACE_s22_session3_natural,1,221,8.366666666666667,-0.07160182297229767,-0.5903689132370257
COHFACE_s22_session3_natural,1,222,8.4,0.8190611600875854,-0.5640618727707595
COHFACE_s22_session3_natural,1,223,8.433333333333334,1.1951298713684082,-0.4874755255858065
COHFACE_s22_session3_natural,1,224,8.466666666666667,1.099052906036377,-0.3534853392047532
COHFACE_s22_session3_natural,1,225,8.5,0.8535312414169312,-0.16876994071121817
COHFACE_s22_session3_natural,1,226,8.533333333333333,0.6462268829345703,0.04591719691140424
COHFACE_s22_session3_natural,1,227,8.566666666666666,0.46614620089530945,0.260389664570333
COHFACE_s22_session3_natural,1,228,8.6,0.2523895502090454,0.44154935872199436
COHFACE_s22_session3_natural,1,229,8.633333333333333,0.09407291561365128,0.5590946629205603
COHFACE_s22_session3_natural,1,230,8.666666666666666,0.09216204285621643,0.5903870914272499
COHFACE_s22_session3_natural,1,231,8.7,0.19357453286647797,0.5259918115008894
COHFACE_s22_session3_natural,1,232,8.733333333333333,0.23527860641479492,0.37553934237572795
COHFACE_s22_session3_natural,1,233,8.766666666666667,0.13567772507667542,0.1705433160679889
COHFACE_s22_session3_natural,1,234,8.8,-0.037814199924468994,-0.0397743793954322
COHFACE_s22_session3_natural,1,235,8.833333333333334,-0.21723724901676178,-0.2007071664129007
COHFACE_s22_session3_natural,1,236,8.866666666666667,-0.37418898940086365,-0.2686799877006294
COHFACE_s22_session3_natural,1,237,8.9,-0.4965713918209076,-0.22555060943962396
COHFACE_s22_session3_natural,1,238,8.933333333333334,-0.5833793878555298,-0.0848710939909141
COHFACE_s22_session3_natural,1,239,8.966666666666667,-0.6274286508560181,0.11186602629716458
COHFACE_s22_session3_natural,2,0,2.0,-0.4906526803970337,-0.0018972438723358145
COHFACE_s22_session3_natural,2,1,2.033333333333333,-0.5990633964538574,0.1933967296910277
COHFACE_s22_session3_natural,2,2,2.066666666666667,-0.68161541223526,0.3884285510585696
COHFACE_s22_session3_natural,2,3,2.1,-0.7407654523849487,0.5790430800190381
COHFACE_s22_session3_natural,2,4,2.1333333333333333,-0.7788090705871582,0.7541284178552684
COHFACE_s22_session3_natural,2,5,2.1666666666666665,-0.8185402154922485,0.8991227026873229
COHFACE_s22_session3_natural,2,6,2.2,-0.8630485534667969,1.0017088726234271
COHFACE_s22_session3_natural,2,7,2.2333333333333334,-0.9292340874671936,1.0549481225910917
COHFACE_s22_session3_natural,2,8,2.2666666666666666,-1.0280284881591797,1.0556749369722276
COHFACE_s22_session3_natural,2,9,2.3,-1.1411170959472656,1.0004873385197846
COHFACE_s22_session3_natural,2,10,2.3333333333333335,-1.217899203300476,0.8840611792937144
COHFACE_s22_session3_natural,2,11,2.3666666666666667,-1.0291203260421753,0.7027603355380647
COHFACE_s22_session3_natural,2,12,2.4,-0.18369780480861664,0.4617459468183767
COHFACE_s22_session3_natural,2,13,2.433333333333333,0.7978183031082153,0.18024848869653212
COHFACE_s22_session3_natural,2,14,2.466666666666667,1.1773737668991089,-0.109352867493435
COHFACE_s22_session3_natural,2,15,2.5,1.0396547317504883,-0.36884092278887065
COHFACE_s22_session3_natural,2,16,2.533333333333333,0.7784242033958435,-0.5642340841555081
COHFACE_s22_session3_natural,2,17,2.566666666666667,0.578428328037262,-0.6739187528921384
COHFACE_s22_session3_natural,2,18,2.6,0.3949601650238037,-0.6921181635005668
COHFACE_s22_session3_natural,2,19,2.6333333333333333,0.14910343289375305,-0.6280364487323233
COHFACE_s22_session3_natural,2,20,2.6666666666666665,-0.008592810481786728,-0.5027328732294215
COHFACE_s22_session3_natural,2,21,2.7,0.037044670432806015,-0.3452422020108438
COHFACE_s22_session3_natural,2,22,2.7333333333333334,0.15605203807353973,-0.1876930855759347
COHFACE_s22_session3_natural,2,23,2.7666666666666666,0.15669725835323334,-0.05879660822715531
COHFACE_s22_session3_natural,2,24,2.8,0.007302136160433292,0.022800569130514994
COHFACE_s22_session3_natural,2,25,2.8333333333333335,-0.20116859674453735,0.05197687806148341
COHFACE_s22_session3_natural,2,26,2.8666666666666667,-0.3957669138908386,0.03540210382547657
COHFACE_s22_session3_natural,2,27,2.9,-0.5496910810470581,-0.013982279423028855
COHFACE_s22_session3_natural,2,28,2.933333333333333,-0.6637226939201355,-0.08235229249968289
COHFACE_s22_session3_natural,2,29,2.966666666666667,-0.7408522963523865,-0.1570034612124228
COHFACE_s22_session3_natural,2,30,3.0,-0.7864029407501221,-0.22528610153773657
COHFACE_s22_session3_natural,2,31,3.033333333333333,-0.8132915496826172,-0.273759576057904
COHFACE_s22_session3_natural,2,32,3.066666666666667,-0.835911750793457,-0.2901466294558885
COHFACE_s22_session3_natural,2,33,3.1,-0.8680739402770996,-0.26727221445616867
COHFACE_s22_session3_natural,2,34,3.1333333333333333,-0.9245065450668335,-0.2054267653119562
COHFACE_s22_session3_natural,2,35,3.1666666666666665,-1.008634328842163,-0.11057711920111646
COHFACE_s22_session3_natural,2,36,3.2,-1.1006910800933838,0.009679149725835624
COHFACE_s22_session3_natural,2,37,3.2333333333333334,-1.1021924018859863,0.14779928513199395
COHFACE_s22_session3_natural,2,38,3.2666666666666666,-0.6324291229248047,0.29383557519992515
COHFACE_s22_session3_natural,2,39,3.3,0.3569909632205963,0.4319213639114669
COHFACE_s22_session3_natural,2,40,3.3333333333333335,1.0786786079406738,0.5403009875636199
COHFACE_s22_session3_natural,2,41,3.3666666666666667,1.176703691482544,0.5965124202929039
COHFACE_s22_session3_natural,2,42,3.4,0.9706401228904724,0.5845737293614871
COHFACE_s22_session3_natural,2,43,3.433333333333333,0.7522676587104797,0.4990894345915303
COHFACE_s22_session3_natural,2,44,3.466666666666667,0.5976982712745667,0.3443154995167794
COHFACE_s22_session3_natural,2,45,3.5,0.4226553440093994,0.1310049569485435
COHFACE_s22_session3_natural,2,46,3.533333333333333,0.2016274780035019,-0.12449807197526806
COHFACE_s22_session3_natural,2,47,3.566666666666667,0.09221167862415314,-0.39734664166300016
COHFACE_s22_session3_natural,2,48,3.6,0.14287449419498444,-0.6509823713643061
COHFACE_s22_session3_natural,2,49,3.6333333333333333,0.20878702402114868,-0.839458222808979
COHFACE_s22_session3_natural,2,50,3.6666666666666665,0.15718118846416473,-0.9177235336197979
COHFACE_s22_session3_natural,2,51,3.7,-0.00848113652318716,-0.8562185158011002
COHFACE_s22_session3_natural,2,52,3.7333333333333334,-0.20124304294586182,-0.6525041930293528
COHFACE_s22_session3_natural,2,53,3.7666666666666666,-0.3711365759372711,-0.33411976438808105
COHFACE_s22_session3_natural,2,54,3.8,-0.5075154900550842,0.047764013183671634
COHFACE_s22_session3_natural,2,55,3.8333333333333335,-0.6177129745483398,0.4298392041051923
COHFACE_s22_session3_natural,2,56,3.8666666666666667,-0.6938871145248413,0.7492044053810714
COHFACE_s22_session3_natural,2,57,3.9,-0.7467586398124695,0.9552793536238251
COHFACE_s22_session3_natural,2,58,3.933333333333333,-0.7857701182365417,1.0204537711945614
COHFACE_s22_session3_natural,2,59,3.966666666666667,-0.817907452583313,0.9471922919945334
COHFACE_s22_session3_natural,2,60,4.0,-0.8548963665962219,0.766997641608594
COHFACE_s22_session3_natural,2,61,4.033333333333333,-0.8981763124465942,0.5282423310887967
COHFACE_s22_session3_natural,2,62,4.066666666666666,-0.9473997354507446,0.27691034814383647
COHFACE_s22_session3_natural,2,63,4.1,-1.0008543729782104,0.04064079835227562
COHFACE_s22_session3_natural,2,64,4.133333333333334,-1.0666676759719849,-0.17454985591959635
COHFACE_s22_session3_natural,2,65,4.166666666666667,-1.1556098461151123,-0.37372132681175607
COHFACE_s22_session3_natural,2,66,4.2,-1.209945559501648,-0.557254546504359
COHFACE_s22_session3_natural,2,67,4.233333333333333,-0.9604284167289734,-0.7120215837758873
COHFACE_s22_session3_natural,2,68,4.266666666666667,0.002376067452132702,-0.8154355988124501
COHFACE_s22_session3_natural,2,69,4.3,1.0824631452560425,-0.8481333476234719
COHFACE_s22_session3_natural,2,70,4.333333333333333,1.5137113332748413,-0.8051550161111891
COHFACE_s22_session3_natural,2,71,4.366666666666666,1.4257245063781738,-0.6974929767892352
COHFACE_s22_session3_natural,2,72,4.4,1.2147969007492065,-0.5438055859836456
COHFACE_s22_session3_natural,2,73,4.433333333333334,1.0456230640411377,-0.3596905669719044
COHFACE_s22_session3_natural,2,74,4.466666666666667,0.9016379714012146,-0.1533424263519041
COHFACE_s22_session3_natural,2,75,4.5,0.6897425651550293,0.06927316619546708
COHFACE_s22_session3_natural,2,76,4.533333333333333,0.45711299777030945,0.2951668059722538
COHFACE_s22_session3_natural,2,77,4.566666666666666,0.36024191975593567,0.5001250284766172
COHFACE_s22_session3_natural,2,78,4.6,0.3852817416191101,0.6536530365775018
COHFACE_s22_session3_natural,2,79,4.633333333333334,0.38440075516700745,0.7293208552342966
COHFACE_s22_session3_natural,2,80,4.666666666666667,0.28355905413627625,0.7138327544730055
COHFACE_s22_session3_natural,2,81,4.7,0.10285793989896774,0.6108411967584123
COHFACE_s22_session3_natural,2,82,4.733333333333333,-0.09597159177064896,0.4400214312031337
COHFACE_s22_session3_natural,2,83,4.766666666666667,-0.2749231457710266,0.23391647214101244
COHFACE_s22_session3_natural,2,84,4.8,-0.41322529315948486,0.03320640806124665
COHFACE_s22_session3_natural,2,85,4.833333333333333,-0.5218594074249268,-0.12096081475439861
COHFACE_s22_session3_natural,2,86,4.866666666666666,-0.6039150357246399,-0.19747235195514357
COHFACE_s22_session3_natural,2,87,4.9,-0.6620351672172546,-0.1849639419701878
COHFACE_s22_session3_natural,2,88,4.933333333333334,-0.7206268906593323,-0.09537798729214245
COHFACE_s22_session3_natural,2,89,4.966666666666667,-0.7745654582977295,0.04149315906694154
COHFACE_s22_session3_natural,2,90,5.0,-0.8262333273887634,0.18953735145930167
COHFACE_s22_session3_natural,2,91,5.033333333333333,-0.8861402869224548,0.31699469387274737
COHFACE_s22_session3_natural,2,92,5.066666666666666,-0.9557753205299377,0.4011075852772705
COHFACE_s22_session3_natural,2,93,5.1,-1.0282517671585083,0.427006556347427
COHFACE_s22_session3_natural,2,94,5.133333333333334,-1.0929855108261108,0.38529969415276005
COHFACE_s22_session3_natural,2,95,5.166666666666667,-1.1539348363876343,0.2725565072374049
COHFACE_s22_session3_natural,2,96,5.2,-1.2033940553665161,0.09451652701826278
COHFACE_s22_session3_natural,2,97,5.233333333333333,-1.2441922426223755,-0.13189016631831613
COHFACE_s22_session3_natural,2,98,5.266666666666667,-1.2794688940048218,-0.38078973450192477
COHFACE_s22_session3_natural,2,99,5.3,-1.3274266719818115,-0.6230415292490675
COHFACE_s22_session3_natural,2,100,5.333333333333333,-1.367790699005127,-0.8315347275345558
COHFACE_s22_session3_natural,2,101,5.366666666666666,-1.1332875490188599,-0.9828899186232664
COHFACE_s22_session3_natural,2,102,5.4,-0.1304292529821396,-1.0561414231122102
COHFACE_s22_session3_natural,2,103,5.433333333333334,1.091434359550476,-1.0321913282230388
COHFACE_s22_session3_natural,2,104,5.466666666666667,1.6380293369293213,-0.8971666272791474
COHFACE_s22_session3_natural,2,105,5.5,1.5928137302398682,-0.6491251466180032
COHFACE_s22_session3_natural,2,106,5.533333333333333,1.3850626945495605,-0.3040930220491588
COHFACE_s22_session3_natural,2,107,5.566666666666666,1.2142510414123535,0.10287026096689503
COHFACE_s22_session3_natural,2,108,5.6,1.0721147060394287,0.5225655417095599
COHFACE_s22_session3_natural,2,109,5.633333333333334,0.8588295578956604,0.8999044890270166
COHFACE_s22_session3_natural,2,110,5.666666666666667,0.5968049168586731,1.182333957972237
COHFACE_s22_session3_natural,2,111,5.7,0.4576093256473541,1.3271412693891003
COHFACE_s22_session3_natural,2,112,5.733333333333333,0.45619478821754456,1.308146094321513
COHFACE_s22_session3_natural,2,113,5.766666666666667,0.47151896357536316,1.1219927009709163
COHFACE_s22_session3_natural,2,114,5.8,0.39935266971588135,0.7920327361245624
COHFACE_s22_session3_natural,2,115,5.833333333333333,0.22914893925189972,0.36661580714229036
COHFACE_s22_session3_natural,2,116,5.866666666666666,0.01980963535606861,-0.08928974830364651
COHFACE_s22_session3_natural,2,117,5.9,-0.18079426884651184,-0.5066649024491001
COHFACE_s22_session3_natural,2,118,5.933333333333334,-0.34824338555336,-0.8249035543833777
COHFACE_s22_session3_natural,2,119,5.966666666666667,-0.4724622070789337,-1.0011356140643748
COHFACE_s22_session3_natural,2,120,6.0,-0.569382905960083,-1.0163816057263062
COHFACE_s22_session3_natural,2,121,6.033333333333333,-0.6522078514099121,-0.8796076272601768
COHFACE_s22_session3_natural,2,122,6.066666666666666,-0.7104769349098206,-0.628280593824502
COHFACE_s22_session3_natural,2,123,6.1,-0.7607923150062561,-0.32182439807101104
COHFACE_s22_session3_natural,2,124,6.133333333333334,-0.8197314143180847,-0.026580224363093208
COHFACE_s22_session3_natural,2,125,6.166666666666667,-0.8792164921760559,0.20347679742419694
COHFACE_s22_session3_natural,2,126,6.2,-0.9454640746116638,0.3413736152526431
COHFACE_s22_session3_natural,2,127,6.233333333333333,-1.0145903825759888,0.38948191140802524
COHFACE_s22_session3_natural,2,128,6.266666666666667,-1.0907272100448608,0.36967002225785806
COHFACE_s22_session3_natural,2,129,6.3,-1.1644941568374634,0.3089204843918982
COHFACE_s22_session3_natural,2,130,6.333333333333333,-1.224475622177124,0.22886791602879006
COHFACE_s22_session3_natural,2,131,6.366666666666666,-1.2718626260757446,0.1427356682539912
COHFACE_s22_session3_natural,2,132,6.4,-1.317003846168518,0.057468682556918796
COHFACE_s22_session3_natural,2,133,6.433333333333334,-1.3819608688354492,-0.02335229985956993
COHFACE_s22_session3_natural,2,134,6.466666666666667,-1.4466326236724854,-0.09801818625963322
COHFACE_s22_session3_natural,2,135,6.5,-1.3367700576782227,-0.1654317060356566
COHFACE_s22_session3_natural,2,136,6.533333333333333,-0.530023992061615,-0.2221522539292177
COHFACE_s22_session3_natural,2,137,6.566666666666666,0.7165195345878601,-0.25836119202282193
COHFACE_s22_session3_natural,2,138,6.6,1.4396342039108276,-0.2567267977408562
COHFACE_s22_session3_natural,2,139,6.633333333333334,1.4880014657974243,-0.1981763188202526
COHFACE_s22_session3_natural,2,140,6.666666666666667,1.2555580139160156,-0.07362950660537347
COHFACE_s22_session3_natural,2,141,6.7,1.0165382623672485,0.10509291743522096
COHFACE_s22_session3_natural,2,142,6.733333333333333,0.8422645926475525,0.30328973539657667
COHFACE_s22_session3_natural,2,143,6.766666666666667,0.6514259576797485,0.47353118162218943
COHFACE_s22_session3_natural,2,144,6.8,0.4184117317199707,0.5729603956578955
COHFACE_s22_session3_natural,2,145,6.833333333333333,0.2794022858142853,0.5779977374903421
COHFACE_s22_session3_natural,2,146,6.866666666666666,0.2945651412010193,0.4895809456593971
COHFACE_s22_session3_natural,2,147,6.9,0.3510350286960602,0.32903550864389475
COHFACE_s22_session3_natural,2,148,6.933333333333334,0.3106462061405182,0.1295048850096121
COHFACE_s22_session3_natural,2,149,6.966666666666667,0.15556812286376953,-0.07218333071868163
COHFACE_s22_session3_natural,2,150,7.0,-0.04842324182391167,-0.24193289333846654
COHFACE_s22_session3_natural,2,151,7.033333333333333,-0.24925050139427185,-0.3544551583575084
COHFACE_s22_session3_natural,2,152,7.066666666666666,-0.4229905903339386,-0.39908616164578226
COHFACE_s22_session3_natural,2,153,7.1,-0.5560564994812012,-0.3824712970183374
COHFACE_s22_session3_natural,2,154,7.133333333333334,-0.6507064700126648,-0.3247206035712855
COHFACE_s22_session3_natural,2,155,7.166666666666667,-0.7200188636779785,-0.24907424465969544
COHFACE_s22_session3_natural,2,156,7.2,-0.7666738033294678,-0.17050317741849866
COHFACE_s22_session3_natural,2,157,7.233333333333333,-0.8077698945999146,-0.0909152936086938
COHFACE_s22_session3_natural,2,158,7.266666666666667,-0.8578495383262634,-0.004510301936654351
COHFACE_s22_session3_natural,2,159,7.3,-0.9176944494247437,0.0907491070097767
COHFACE_s22_session3_natural,2,160,7.333333333333333,-0.9760627746582031,0.18467287641852384
COHFACE_s22_session3_natural,2,161,7.366666666666666,-1.0337238311767578,0.25653971600085684
COHFACE_s22_session3_natural,2,162,7.4,-1.107168197631836,0.28566650674737376
COHFACE_s22_session3_natural,2,163,7.433333333333334,-1.206409215927124,0.26223800991460183
COHFACE_s22_session3_natural,2,164,7.466666666666667,-1.2864174842834473,0.1903949448441128
COHFACE_s22_session3_natural,2,165,7.5,-1.1147247552871704,0.08270304192316524
COHFACE_s22_session3_natural,2,166,7.533333333333333,-0.2828519940376282,-0.0476556443034353
COHFACE_s22_session3_natural,2,167,7.566666666666666,0.7405542731285095,-0.18954116316767372
COHFACE_s22_session3_natural,2,168,7.6,1.1865806579589844,-0.33015035804232945
COHFACE_s22_session3_natural,2,169,7.633333333333334,1.100244164466858,-0.4505195649421722
COHFACE_s22_session3_natural,2,170,7.666666666666667,0.833926260471344,-0.5263144057753638
COHFACE_s22_session3_natural,2,171,7.7,0.5842849612236023,-0.5350281227175643
COHFACE_s22_session3_natural,2,172,7.733333333333333,0.3743128478527069,-0.4653401004722172
COHFACE_s22_session3_natural,2,173,7.766666666666667,0.14690716564655304,-0.32281735469440975
COHFACE_s22_session3_natural,2,174,7.8,-0.013357572257518768,-0.12926355254227703
COHFACE_s22_session3_natural,2,175,7.833333333333333,-0.01665816269814968,0.08273477369076362
COHFACE_s22_session3_natural,2,176,7.866666666666666,0.08517620712518692,0.27700117438820887
COHFACE_s22_session3_natural,2,177,7.9,0.14183220267295837,0.4208026270620587
COHFACE_s22_session3_natural,2,178,7.933333333333334,0.06446686387062073,0.4913724952049735
COHFACE_s22_session3_natural,2,179,7.966666666666667,-0.10888855904340744,0.4815257371171315
COHFACE_s22_session3_natural,2,180,8.0,-0.3076932728290558,0.4022924181930294
COHFACE_s22_session3_natural,2,181,8.033333333333333,-0.47960934042930603,0.27985121111969363
COHFACE_s22_session3_natural,2,182,8.066666666666666,-0.6123402118682861,0.14649519603989408
COHFACE_s22_session3_natural,2,183,8.1,-0.7122513055801392,0.02927528967377388
COHFACE_s22_session3_natural,2,184,8.133333333333333,-0.7719473242759705,-0.057918621280742245
COHFACE_s22_session3_natural,2,185,8.166666666666666,-0.8051393628120422,-0.11487176863596676
COHFACE_s22_session3_natural,2,186,8.2,-0.8353906273841858,-0.14912494094085457
COHFACE_s22_session3_natural,2,187,8.233333333333333,-0.8789807558059692,-0.16841296056416047
COHFACE_s22_session3_natural,2,188,8.266666666666667,-0.9450669884681702,-0.17569607772180124
COHFACE_s22_session3_natural,2,189,8.3,-0.9962385296821594,-0.16791886613790352
COHFACE_s22_session3_natural,2,190,8.333333333333334,-0.8221386075019836,-0.13746743875661876
COHFACE_s22_session3_natural,2,191,8.366666666666667,-0.07160182297229767,-0.07515608463993684
COHFACE_s22_session3_natural,2,192,8.4,0.8190611600875854,0.02555354648805341
COHFACE_s22_session3_natural,2,193,8.433333333333334,1.1951298713684082,0.1634329272141757
COHFACE_s22_session3_natural,2,194,8.466666666666667,1.099052906036377,0.3253827238995296
COHFACE_s22_session3_natural,2,195,8.5,0.8535312414169312,0.4861564273095418
COHFACE_s22_session3_natural,2,196,8.533333333333333,0.6462268829345703,0.612994974107696
COHFACE_s22_session3_natural,2,197,8.566666666666666,0.46614620089530945,0.6733624420627654
COHFACE_s22_session3_natural,2,198,8.6,0.2523895502090454,0.6424962844073256
COHFACE_s22_session3_natural,2,199,8.633333333333333,0.09407291561365128,0.5083838318548594
COHFACE_s22_session3_natural,2,200,8.666666666666666,0.09216204285621643,0.27414070145562475
COHFACE_s22_session3_natural,2,201,8.7,0.19357453286647797,-0.040695470198093046
COHFACE_s22_session3_natural,2,202,8.733333333333333,0.23527860641479492,-0.39932980155286046
COHFACE_s22_session3_natural,2,203,8.766666666666667,0.13567772507667542,-0.7491340516784979
COHFACE_s22_session3_natural,2,204,8.8,-0.037814199924468994,-1.0286269930884675
COHFACE_s22_session3_natural,2,205,8.833333333333334,-0.21723724901676178,-1.1814007148099528
COHFACE_s22_session3_natural,2,206,8.866666666666667,-0.37418898940086365,-1.1731975300305235
COHFACE_s22_session3_natural,2,207,8.9,-0.4965713918209076,-1.0042028844178783
COHFACE_s22_session3_natural,2,208,8.933333333333334,-0.5833793878555298,-0.7097001460812248
COHFACE_s22_session3_natural,2,209,8.966666666666667,-0.6274286508560181,-0.3481677540536438
COHFACE_s22_session3_natural,2,210,9.0,-0.656674861907959,0.017168735598860313
COHFACE_s22_session3_natural,2,211,9.033333333333333,-0.6998679041862488,0.3343681597135442
COHFACE_s22_session3_natural,2,212,9.066666666666666,-0.7572559714317322,0.5706471487080672
COHFACE_s22_session3_natural,2,213,9.1,-0.7928799986839294,0.7122576072713827
COHFACE_s22_session3_natural,2,214,9.133333333333333,-0.5750410556793213,0.7602111999366827
COHFACE_s22_session3_natural,2,215,9.166666666666666,0.1993071436882019,0.7255193126149045
COHFACE_s22_session3_natural,2,216,9.2,1.0745714902877808,0.625061713716828
COHFACE_s22_session3_natural,2,217,9.233333333333333,1.4407881498336792,0.47743953611394274
COHFACE_s22_session3_natural,2,218,9.266666666666667,1.3600600957870483,0.2990782203144312
COHFACE_s22_session3_natural,2,219,9.3,1.1467502117156982,0.10258943309358512
COHFACE_s22_session3_natural,2,220,9.333333333333334,0.9709131121635437,-0.10080671561187406
COHFACE_s22_session3_natural,2,221,9.366666666666667,0.8295336961746216,-0.295717097209152
COHFACE_s22_session3_natural,2,222,9.4,0.6372557282447815,-0.45818854831463607
COHFACE_s22_session3_natural,2,223,9.433333333333334,0.4516409635543823,-0.5575183920394035
COHFACE_s22_session3_natural,2,224,9.466666666666667,0.3979381322860718,-0.565574233319941
COHFACE_s22_session3_natural,2,225,9.5,0.44033706188201904,-0.46943177864880276
COHFACE_s22_session3_natural,2,226,9.533333333333333,0.4486381709575653,-0.2801008470466662
COHFACE_s22_session3_natural,2,227,9.566666666666666,0.3492606282234192,-0.032083251440991604
COHFACE_s22_session3_natural,2,228,9.6,0.17496217787265778,0.2255794875266313
COHFACE_s22_session3_natural,2,229,9.633333333333333,-0.009994941763579845,0.44148503829918784
COHFACE_s22_session3_natural,2,230,9.666666666666666,-0.16890718042850494,0.5725837933181075
COHFACE_s22_session3_natural,2,231,9.7,-0.3057575821876526,0.5922655548847624
COHFACE_s22_session3_natural,2,232,9.733333333333333,-0.4092918932437897,0.49669368417269233
COHFACE_s22_session3_natural,2,233,9.766666666666667,-0.47922468185424805,0.3090808511031529
COHFACE_s22_session3_natural,2,234,9.8,-0.5269839763641357,0.07871395119823464
COHFACE_s22_session3_natural,2,235,9.833333333333334,-0.5587738752365112,-0.12917794504026556
COHFACE_s22_session3_natural,2,236,9.866666666666667,-0.6019048690795898,-0.25273519344555306
COHFACE_s22_session3_natural,2,237,9.9,-0.6615140438079834,-0.2558223149556076
COHFACE_s22_session3_natural,2,238,9.933333333333334,-0.7451207041740417,-0.1434227127548177
COHFACE_s22_session3_natural,2,239,9.966666666666667,-0.801578164100647,0.03815003262407676
COHFACE_s22_session3_natural,3,0,3.0,-0.7864029407501221,0.12176116724712022
COHFACE_s22_session3_natural,3,1,3.033333333333333,-0.8132915496826172,0.2154145314835829
COHFACE_s22_session3_natural,3,2,3.066666666666667,-0.835911750793457,0.30416522823132425
COHFACE_s22_session3_natural,3,3,3.1,-0.8680739402770996,0.3866424057527199
COHFACE_s22_session3_natural,3,4,3.1333333333333333,-0.9245065450668335,0.4588068047620821
COHFACE_s22_session3_natural,3,5,3.1666666666666665,-1.008634328842163,0.5128267400025069
COHFACE_s22_session3_natural,3,6,3.2,-1.1006910800933838,0.5372160052193182
COHFACE_s22_session3_natural,3,7,3.2333333333333334,-1.1021924018859863,0.5193489224550699
COHFACE_s22_session3_natural,3,8,3.2666666666666666,-0.6324291229248047,0.45003190158057327
COHFACE_s22_session3_natural,3,9,3.3,0.3569909632205963,0.328157800067019
COHFACE_s22_session3_natural,3,10,3.3333333333333335,1.0786786079406738,0.1630810427610332
COHFACE_s22_session3_natural,3,11,3.3666666666666667,1.176703691482544,-0.026885837770850383
COHFACE_s22_session3_natural,3,12,3.4,0.9706401228904724,-0.22012141471370197
COHFACE_s22_session3_natural,3,13,3.433333333333333,0.7522676587104797,-0.39965910100481183
COHFACE_s22_session3_natural,3,14,3.466666666666667,0.5976982712745667,-0.5592259375500995
COHFACE_s22_session3_natural,3,15,3.5,0.4226553440093994,-0.7026738747201962
COHFACE_s22_session3_natural,3,16,3.533333333333333,0.2016274780035019,-0.8353162115767242
COHFACE_s22_session3_natural,3,17,3.566666666666667,0.09221167862415314,-0.9512634290916524
COHFACE_s22_session3_natural,3,18,3.6,0.14287449419498444,-1.0252749474648999
COHFACE_s22_session3_natural,3,19,3.6333333333333333,0.20878702402114868,-1.0166621987628732
COHFACE_s22_session3_natural,3,20,3.6666666666666665,0.15718118846416473,-0.8855014601030172
COHFACE_s22_session3_natural,3,21,3.7,-0.00848113652318716,-0.6131701712931686
COHFACE_s22_session3_natural,3,22,3.7333333333333334,-0.20124304294586182,-0.21624558217049256
COHFACE_s22_session3_natural,3,23,3.7666666666666666,-0.3711365759372711,0.2534468851672375
COHFACE_s22_session3_natural,3,24,3.8,-0.5075154900550842,0.722217047884662
COHFACE_s22_session3_natural,3,25,3.8333333333333335,-0.6177129745483398,1.114506038038216
COHFACE_s22_session3_natural,3,26,3.8666666666666667,-0.6938871145248413,1.3713044686886267
COHFACE_s22_session3_natural,3,27,3.9,-0.7467586398124695,1.4619247122720622
COHFACE_s22_session3_natural,3,28,3.933333333333333,-0.7857701182365417,1.388309650698295
COHFACE_s22_session3_natural,3,29,3.966666666666667,-0.817907452583313,1.1827411751509012
COHFACE_s22_session3_natural,3,30,4.0,-0.8548963665962219,0.8984394982244577
COHFACE_s22_session3_natural,3,31,4.033333333333333,-0.8981763124465942,0.5929478483139325
COHFACE_s22_session3_natural,3,32,4.066666666666666,-0.9473997354507446,0.30929773139431077
COHFACE_s22_session3_natural,3,33,4.1,-1.0008543729782104,0.06436775819754086
COHFACE_s22_session3_natural,3,34,4.133333333333334,-1.0666676759719849,-0.14868451220067003
COHFACE_s22_session3_natural,3,35,4.166666666666667,-1.1556098461151123,-0.3457010110308984
COHFACE_s22_session3_natural,3,36,4.2,-1.209945559501648,-0.5349436480793895
COHFACE_s22_session3_natural,3,37,4.233333333333333,-0.9604284167289734,-0.7101840910473919
COHFACE_s22_session3_natural,3,38,4.266666666666667,0.002376067452132702,-0.8563921230007663
COHFACE_s22_session3_natural,3,39,4.3,1.0824631452560425,-0.9606756114216708
COHFACE_s22_session3_natural,3,40,4.333333333333333,1.5137113332748413,-1.0183206114769756
COHFACE_s22_session3_natural,3,41,4.366666666666666,1.4257245063781738,-1.0292974197441187
COHFACE_s22_session3_natural,3,42,4.4,1.2147969007492065,-0.989262710584957
COHFACE_s22_session3_natural,3,43,4.433333333333334,1.0456230640411377,-0.884265717814464
COHFACE_s22_session3_natural,3,44,4.466666666666667,0.9016379714012146,-0.6960431120488466
COHFACE_s22_session3_natural,3,45,4.5,0.6897425651550293,-0.41663325850674443
COHFACE_s22_session3_natural,3,46,4.533333333333333,0.45711299777030945,-0.06286738069553156
COHFACE_s22_session3_natural,3,47,4.566666666666666,0.36024191975593567,0.3200533492284083
COHFACE_s22_session3_natural,3,48,4.6,0.3852817416191101,0.6692183472470019
COHFACE_s22_session3_natural,3,49,4.633333333333334,0.38440075516700745,0.9228666896500377
COHFACE_s22_session3_natural,3,50,4.666666666666667,0.28355905413627625,1.0380193236508528
COHFACE_s22_session3_natural,3,51,4.7,0.10285793989896774,1.0006157086145098
COHFACE_s22_session3_natural,3,52,4.733333333333333,-0.09597159177064896,0.8273279744364798
COHFACE_s22_session3_natural,3,53,4.766666666666667,-0.2749231457710266,0.5611888435307845
COHFACE_s22_session3_natural,3,54,4.8,-0.41322529315948486,0.26216504293714643
COHFACE_s22_session3_natural,3,55,4.833333333333333,-0.5218594074249268,-0.007084637390914584
COHFACE_s22_session3_natural,3,56,4.866666666666666,-0.6039150357246399,-0.19731817784797326
COHFACE_s22_session3_natural,3,57,4.9,-0.6620351672172546,-0.284377576144227
COHFACE_s22_session3_natural,3,58,4.933333333333334,-0.7206268906593323,-0.2707921716343839
COHFACE_s22_session3_natural,3,59,4.966666666666667,-0.7745654582977295,-0.17730040679754974
COHFACE_s22_session3_natural,3,60,5.0,-0.8262333273887634,-0.0312353609922806
COHFACE_s22_session3_natural,3,61,5.033333333333333,-0.8861402869224548,0.13974504358795617
COHFACE_s22_session3_natural,3,62,5.066666666666666,-0.9557753205299377,0.30669237759512474
COHFACE_s22_session3_natural,3,63,5.1,-1.0282517671585083,0.43686626860068806
COHFACE_s22_session3_natural,3,64,5.133333333333334,-1.0929855108261108,0.49613757007598674
COHFACE_s22_session3_natural,3,65,5.166666666666667,-1.1539348363876343,0.45742236258095575
COHFACE_s22_session3_natural,3,66,5.2,-1.2033940553665161,0.31048801383071734
COHFACE_s22_session3_natural,3,67,5.233333333333333,-1.2441922426223755,0.0668457001232325
COHFACE_s22_session3_natural,3,68,5.266666666666667,-1.2794688940048218,-0.24292658977210765
COHFACE_s22_session3_natural,3,69,5.3,-1.3274266719818115,-0.5767882147497605
COHFACE_s22_session3_natural,3,70,5.333333333333333,-1.367790699005127,-0.8887295998934457
COHFACE_s22_session3_natural,3,71,5.366666666666666,-1.1332875490188599,-1.1331426152577453
COHFACE_s22_session3_natural,3,72,5.4,-0.1304292529821396,-1.2675237506957049
COHFACE_s22_session3_natural,3,73,5.433333333333334,1.091434359550476,-1.2573459257775907
COHFACE_s22_session3_natural,3,74,5.466666666666667,1.6380293369293213,-1.0844590771994884
COHFACE_s22_session3_natural,3,75,5.5,1.5928137302398682,-0.7556582319386935
COHFACE_s22_session3_natural,3,76,5.533333333333333,1.3850626945495605,-0.3056864887929297
COHFACE_s22_session3_natural,3,77,5.566666666666666,1.2142510414123535,0.20870594257454367
COHFACE_s22_session3_natural,3,78,5.6,1.0721147060394287,0.7213105337134241
COHFACE_s22_session3_natural,3,79,5.633333333333334,0.8588295578956604,1.1693564139719899
COHFACE_s22_session3_natural,3,80,5.666666666666667,0.5968049168586731,1.5020076088778331
COHFACE_s22_session3_natural,3,81,5.7,0.4576093256473541,1.6841252668181916
COHFACE_s22_session3_natural,3,82,5.733333333333333,0.45619478821754456,1.6977230038033906
COHFACE_s22_session3_natural,3,83,5.766666666666667,0.47151896357536316,1.5430595810746495
COHFACE_s22_session3_natural,3,84,5.8,0.39935266971588135,1.2388833149415595
COHFACE_s22_session3_natural,3,85,5.833333333333333,0.22914893925189972,0.819946230297813
COHFACE_s22_session3_natural,3,86,5.866666666666666,0.01980963535606861,0.3313454128200524
COHFACE_s22_session3_natural,3,87,5.9,-0.18079426884651184,-0.17818952196254068
COHFACE_s22_session3_natural,3,88,5.933333333333334,-0.34824338555336,-0.6611189107974211
COHFACE_s22_session3_natural,3,89,5.966666666666667,-0.4724622070789337,-1.0731344168684387
COHFACE_s22_session3_natural,3,90,6.0,-0.569382905960083,-1.3749593222733396
COHFACE_s22_session3_natural,3,91,6.033333333333333,-0.6522078514099121,-1.537280647493164
COHFACE_s22_session3_natural,3,92,6.066666666666666,-0.7104769349098206,-1.5484418330022518
COHFACE_s22_session3_natural,3,93,6.1,-0.7607923150062561,-1.4199147752579626
COHFACE_s22_session3_natural,3,94,6.133333333333334,-0.8197314143180847,-1.1840530098357844
COHFACE_s22_session3_natural,3,95,6.166666666666667,-0.8792164921760559,-0.883391986327456
COHFACE_s22_session3_natural,3,96,6.2,-0.9454640746116638,-0.5575211304596601
COHFACE_s22_session3_natural,3,97,6.233333333333333,-1.0145903825759888,-0.23564363915093173
COHFACE_s22_session3_natural,3,98,6.266666666666667,-1.0907272100448608,0.0626172954358159
COHFACE_s22_session3_natural,3,99,6.3,-1.1644941568374634,0.32249814899599694
COHFACE_s22_session3_natural,3,100,6.333333333333333,-1.224475622177124,0.5309590469732604
COHFACE_s22_session3_natural,3,101,6.366666666666666,-1.2718626260757446,0.6770647273730633
COHFACE_s22_session3_natural,3,102,6.4,-1.317003846168518,0.754242684763618
COHFACE_s22_session3_natural,3,103,6.433333333333334,-1.3819608688354492,0.7618704654809177
COHFACE_s22_session3_natural,3,104,6.466666666666667,-1.4466326236724854,0.7053252862691864
COHFACE_s22_session3_natural,3,105,6.5,-1.3367700576782227,0.5955614676237647
COHFACE_s22_session3_natural,3,106,6.533333333333333,-0.530023992061615,0.4492610123816331
COHFACE_s22_session3_natural,3,107,6.566666666666666,0.7165195345878601,0.2888581616094326
COHFACE_s22_session3_natural,3,108,6.6,1.4396342039108276,0.14021066558470427
COHFACE_s22_session3_natural,3,109,6.633333333333334,1.4880014657974243,0.02658794634808659
COHFACE_s22_session3_natural,3,110,6.666666666666667,1.2555580139160156,-0.03888725673804983
COHFACE_s22_session3_natural,3,111,6.7,1.0165382623672485,-0.05759217329968337
COHFACE_s22_session3_natural,3,112,6.733333333333333,0.8422645926475525,-0.04314151520327396
COHFACE_s22_session3_natural,3,113,6.766666666666667,0.6514259576797485,-0.013373208173773509
COHFACE_s22_session3_natural,3,114,6.8,0.4184117317199707,0.018663528385552144
COHFACE_s22_session3_natural,3,115,6.833333333333333,0.2794022858142853,0.04934309075804419
COHFACE_s22_session3_natural,3,116,6.866666666666666,0.2945651412010193,0.08259505137422885
COHFACE_s22_session3_natural,3,117,6.9,0.3510350286960602,0.12383695692348554
COHFACE_s22_session3_natural,3,118,6.933333333333334,0.3106462061405182,0.17424121784517055
COHFACE_s22_session3_natural,3,119,6.966666666666667,0.15556812286376953,0.2286353328875572
COHFACE_s22_session3_natural,3,120,7.0,-0.04842324182391167,0.27694372943904355
COHFACE_s22_session3_natural,3,121,7.033333333333333,-0.24925050139427185,0.3068552897819714
COHFACE_s22_session3_natural,3,122,7.066666666666666,-0.4229905903339386,0.30631339184479855
COHFACE_s22_session3_natural,3,123,7.1,-0.5560564994812012,0.2663151828718736
COHFACE_s22_session3_natural,3,124,7.133333333333334,-0.6507064700126648,0.1845016392949043
COHFACE_s22_session3_natural,3,125,7.166666666666667,-0.7200188636779785,0.06822327932452617
COHFACE_s22_session3_natural,3,126,7.2,-0.7666738033294678,-0.06573908056624304
COHFACE_s22_session3_natural,3,127,7.233333333333333,-0.8077698945999146,-0.1966309576425422
COHFACE_s22_session3_natural,3,128,7.266666666666667,-0.8578495383262634,-0.3084607913144264
COHFACE_s22_session3_natural,3,129,7.3,-0.9176944494247437,-0.39666163687856226
COHFACE_s22_session3_natural,3,130,7.333333333333333,-0.9760627746582031,-0.4675750916628991
COHFACE_s22_session3_natural,3,131,7.366666666666666,-1.0337238311767578,-0.5303749193950813
COHFACE_s22_session3_natural,3,132,7.4,-1.107168197631836,-0.5873965664867022
COHFACE_s22_session3_natural,3,133,7.433333333333334,-1.206409215927124,-0.630880000771935
COHFACE_s22_session3_natural,3,134,7.466666666666667,-1.2864174842834473,-0.6487967634127859
COHFACE_s22_session3_natural,3,135,7.5,-1.1147247552871704,-0.6344265845753453
COHFACE_s22_session3_natural,3,136,7.533333333333333,-0.2828519940376282,-0.5908119740770257
COHFACE_s22_session3_natural,3,137,7.566666666666666,0.7405542731285095,-0.5253668023632275
COHFACE_s22_session3_natural,3,138,7.6,1.1865806579589844,-0.4390675534197266
COHFACE_s22_session3_natural,3,139,7.633333333333334,1.100244164466858,-0.3205584813871034
COHFACE_s22_session3_natural,3,140,7.666666666666667,0.833926260471344,-0.15210233450382304
COHFACE_s22_session3_natural,3,141,7.7,0.5842849612236023,0.07527660353459979
COHFACE_s22_session3_natural,3,142,7.733333333333333,0.3743128478527069,0.3480214177964502
COHFACE_s22_session3_natural,3,143,7.766666666666667,0.14690716564655304,0.628115556155069
COHFACE_s22_session3_natural,3,144,7.8,-0.013357572257518768,0.8649293927401956
COHFACE_s22_session3_natural,3,145,7.833333333333333,-0.01665816269814968,1.0133177911292852
COHFACE_s22_session3_natural,3,146,7.866666666666666,0.08517620712518692,1.0478607539360398
COHFACE_s22_session3_natural,3,147,7.9,0.14183220267295837,0.9676552617703889
COHFACE_s22_session3_natural,3,148,7.933333333333334,0.06446686387062073,0.7928105480196523
COHFACE_s22_session3_natural,3,149,7.966666666666667,-0.10888855904340744,0.5571523823529774
COHFACE_s22_session3_natural,3,150,8.0,-0.3076932728290558,0.2997406619546075
COHFACE_s22_session3_natural,3,151,8.033333333333333,-0.47960934042930603,0.055403536101887335
COHFACE_s22_session3_natural,3,152,8.066666666666666,-0.6123402118682861,-0.15403187452824005
COHFACE_s22_session3_natural,3,153,8.1,-0.7122513055801392,-0.3235084078061698
COHFACE_s22_session3_natural,3,154,8.133333333333333,-0.7719473242759705,-0.46012851171637786
COHFACE_s22_session3_natural,3,155,8.166666666666666,-0.8051393628120422,-0.5718418222593241
COHFACE_s22_session3_natural,3,156,8.2,-0.8353906273841858,-0.6568206411387163
COHFACE_s22_session3_natural,3,157,8.233333333333333,-0.8789807558059692,-0.7015152111119618
COHFACE_s22_session3_natural,3,158,8.266666666666667,-0.9450669884681702,-0.6887150261713574
COHFACE_s22_session3_natural,3,159,8.3,-0.9962385296821594,-0.6090128449170412
COHFACE_s22_session3_natural,3,160,8.333333333333334,-0.8221386075019836,-0.46705882942067506
COHFACE_s22_session3_natural,3,161,8.366666666666667,-0.07160182297229767,-0.2787988701316485
COHFACE_s22_session3_natural,3,162,8.4,0.8190611600875854,-0.06327428736048325
COHFACE_s22_session3_natural,3,163,8.433333333333334,1.1951298713684082,0.16372016316770174
COHFACE_s22_session3_natural,3,164,8.466666666666667,1.099052906036377,0.3898760646678908
COHFACE_s22_session3_natural,3,165,8.5,0.8535312414169312,0.6022048122589525
COHFACE_s22_session3_natural,3,166,8.533333333333333,0.6462268829345703,0.7832770522409059
COHFACE_s22_session3_natural,3,167,8.566666666666666,0.46614620089530945,0.9112598223728775
COHFACE_s22_session3_natural,3,168,8.6,0.2523895502090454,0.9632694404170107
COHFACE_s22_session3_natural,3,169,8.633333333333333,0.09407291561365128,0.9193883161825086
COHFACE_s22_session3_natural,3,170,8.666666666666666,0.09216204285621643,0.7663421956272933
COHFACE_s22_session3_natural,3,171,8.7,0.19357453286647797,0.5021612967628952
COHFACE_s22_session3_natural,3,172,8.733333333333333,0.23527860641479492,0.14239148550492203
COHFACE_s22_session3_natural,3,173,8.766666666666667,0.13567772507667542,-0.27492072058503086
COHFACE_s22_session3_natural,3,174,8.8,-0.037814199924468994,-0.6907767585571375
COHFACE_s22_session3_natural,3,175,8.833333333333334,-0.21723724901676178,-1.0366756865993738
COHFACE_s22_session3_natural,3,176,8.866666666666667,-0.37418898940086365,-1.2527879563613256
COHFACE_s22_session3_natural,3,177,8.9,-0.4965713918209076,-1.3043261846246856
COHFACE_s22_session3_natural,3,178,8.933333333333334,-0.5833793878555298,-1.1887029257684332
COHFACE_s22_session3_natural,3,179,8.966666666666667,-0.6274286508560181,-0.9320783118702646
COHFACE_s22_session3_natural,3,180,9.0,-0.656674861907959,-0.5796990683517288
COHFACE_s22_session3_natural,3,181,9.033333333333333,-0.6998679041862488,-0.1860077186419442
COHFACE_s22_session3_natural,3,182,9.066666666666666,-0.7572559714317322,0.19270321856157993
COHFACE_s22_session3_natural,3,183,9.1,-0.7928799986839294,0.5044441524944413
COHFACE_s22_session3_natural,3,184,9.133333333333333,-0.5750410556793213,0.7087305631952888
COHFACE_s22_session3_natural,3,185,9.166666666666666,0.1993071436882019,0.7844352352381614
COHFACE_s22_session3_natural,3,186,9.2,1.0745714902877808,0.734521509553239
COHFACE_s22_session3_natural,3,187,9.233333333333333,1.4407881498336792,0.5836497464338938
COHFACE_s22_session3_natural,3,188,9.266666666666667,1.3600600957870483,0.36887168951863114
COHFACE_s22_session3_natural,3,189,9.3,1.1467502117156982,0.12852367461479725
COHFACE_s22_session3_natural,3,190,9.333333333333334,0.9709131121635437,-0.10461739630851821
COHFACE_s22_session3_natural,3,191,9.366666666666667,0.8295336961746216,-0.30362870115867446
COHFACE_s22_session3_natural,3,192,9.4,0.6372557282447815,-0.44449031956075835
COHFACE_s22_session3_natural,3,193,9.433333333333334,0.4516409635543823,-0.5055459631771086
COHFACE_s22_session3_natural,3,194,9.466666666666667,0.3979381322860718,-0.47170910782629494
COHFACE_s22_session3_natural,3,195,9.5,0.44033706188201904,-0.34061203663185263
COHFACE_s22_session3_natural,3,196,9.533333333333333,0.4486381709575653,-0.12603733437053993
COHFACE_s22_session3_natural,3,197,9.566666666666666,0.3492606282234192,0.1438341140292509
COHFACE_s22_session3_natural,3,198,9.6,0.17496217787265778,0.43204716951869915
COHFACE_s22_session3_natural,3,199,9.633333333333333,-0.009994941763579845,0.6990584826162657
COHFACE_s22_session3_natural,3,200,9.666666666666666,-0.16890718042850494,0.9075100659853225
COHFACE_s22_session3_natural,3,201,9.7,-0.3057575821876526,1.0261041436049907
COHFACE_s22_session3_natural,3,202,9.733333333333333,-0.4092918932437897,1.0338196428025674
COHFACE_s22_session3_natural,3,203,9.766666666666667,-0.47922468185424805,0.924292084951536
COHFACE_s22_session3_natural,3,204,9.8,-0.5269839763641357,0.7082068514462281
COHFACE_s22_session3_natural,3,205,9.833333333333334,-0.5587738752365112,0.4112213367490642
COHFACE_s22_session3_natural,3,206,9.866666666666667,-0.6019048690795898,0.06723081569775466
COHFACE_s22_session3_natural,3,207,9.9,-0.6615140438079834,-0.2898103971202739
COHFACE_s22_session3_natural,3,208,9.933333333333334,-0.7451207041740417,-0.6306453895117154
COHFACE_s22_session3_natural,3,209,9.966666666666667,-0.801578164100647,-0.9296008030683601
COHFACE_s22_session3_natural,3,210,10.0,-0.536439061164856,-1.1607295190121782
COHFACE_s22_session3_natural,3,211,10.033333333333333,0.3171481192111969,-1.2974286483902113
COHFACE_s22_session3_natural,3,212,10.066666666666666,1.195229172706604,-1.3183938246678695
COHFACE_s22_session3_natural,3,213,10.1,1.54777193069458,-1.216440797952476
COHFACE_s22_session3_natural,3,214,10.133333333333333,1.4888079166412354,-1.003493262904974
COHFACE_s22_session3_natural,3,215,10.166666666666666,1.3305658102035522,-0.7076562984848007
COHFACE_s22_session3_natural,3,216,10.2,1.1988648176193237,-0.3647402163227466
COHFACE_s22_session3_natural,3,217,10.233333333333333,1.0447421073913574,-0.010495228906029216
COHFACE_s22_session3_natural,3,218,10.266666666666667,0.8012429475784302,0.3228678611650398
COHFACE_s22_session3_natural,3,219,10.3,0.595564067363739,0.6075267148637862
COHFACE_s22_session3_natural,3,220,10.333333333333334,0.5500878691673279,0.8217713283174449
COHFACE_s22_session3_natural,3,221,10.366666666666667,0.5854637622833252,0.9536528097409492
COHFACE_s22_session3_natural,3,222,10.4,0.5648909211158752,1.0038179088235661
COHFACE_s22_session3_natural,3,223,10.433333333333334,0.4399276077747345,0.9838116337236641
COHFACE_s22_session3_natural,3,224,10.466666666666667,0.25859367847442627,0.90956918374243
COHFACE_s22_session3_natural,3,225,10.5,0.06678720563650131,0.7940731655583895
COHFACE_s22_session3_natural,3,226,10.533333333333333,-0.10550111532211304,0.6438880187074036
COHFACE_s22_session3_natural,3,227,10.566666666666666,-0.23769843578338623,0.4612119578358315
COHFACE_s22_session3_natural,3,228,10.6,-0.34890103340148926,0.24892277641342614
COHFACE_s22_session3_natural,3,229,10.633333333333333,-0.43646591901779175,0.014336849170959717
COHFACE_s22_session3_natural,3,230,10.666666666666666,-0.4958641231060028,-0.23046749483943715
COHFACE_s22_session3_natural,3,231,10.7,-0.5504355430603027,-0.4704170761823298
COHFACE_s22_session3_natural,3,232,10.733333333333333,-0.6093746423721313,-0.688556781000215
COHFACE_s22_session3_natural,3,233,10.766666666666667,-0.6694925427436829,-0.8654238724451124
COHFACE_s22_session3_natural,3,234,10.8,-0.7316081523895264,-0.9786606010557503
COHFACE_s22_session3_natural,3,235,10.833333333333334,-0.8005483150482178,-1.0059525965826657
COHFACE_s22_session3_natural,3,236,10.866666666666667,-0.8634456396102905,-0.9318285347061641
COHFACE_s22_session3_natural,3,237,10.9,-0.9276706576347351,-0.7552431802552477
COHFACE_s22_session3_natural,3,238,10.933333333333334,-0.9917343854904175,-0.4936894393158865
COHFACE_s22_session3_natural,3,239,10.966666666666667,-1.0675983428955078,-0.18146017383305693
COHFACE_s22_session3_natural,4,0,4.0,-0.8548963665962219,-0.11568390763802792
COHFACE_s22_session3_natural,4,1,4.033333333333333,-0.8981763124465942,-0.13754210483840257
COHFACE_s22_session3_natural,4,2,4.066666666666666,-0.9473997354507446,-0.19241974700227008
COHFACE_s22_session3_natural,4,3,4.1,-1.0008543729782104,-0.3027291698217102
COHFACE_s22_session3_natural,4,4,4.133333333333334,-1.0666676759719849,-0.4726783748699255
COHFACE_s22_session3_natural,4,5,4.166666666666667,-1.1556098461151123,-0.6868843769796449
COHFACE_s22_session3_natural,4,6,4.2,-1.209945559501648,-0.9156910873509145
COHFACE_s22_session3_natural,4,7,4.233333333333333,-0.9604284167289734,-1.1255307240290606
COHFACE_s22_session3_natural,4,8,4.266666666666667,0.002376067452132702,-1.2896252671605442
COHFACE_s22_session3_natural,4,9,4.3,1.0824631452560425,-1.393289784822244
COHFACE_s22_session3_natural,4,10,4.333333333333333,1.5137113332748413,-1.4309486748179037
COHFACE_s22_session3_natural,4,11,4.366666666666666,1.4257245063781738,-1.397441877183797
COHFACE_s22_session3_natural,4,12,4.4,1.2147969007492065,-1.280820440048547
COHFACE_s22_session3_natural,4,13,4.433333333333334,1.0456230640411377,-1.0637844443091742
COHFACE_s22_session3_natural,4,14,4.466666666666667,0.9016379714012146,-0.7350978413880581
COHFACE_s22_session3_natural,4,15,4.5,0.6897425651550293,-0.30449872342898426
COHFACE_s22_session3_natural,4,16,4.533333333333333,0.45711299777030945,0.18946435109648535
COHFACE_s22_session3_natural,4,17,4.566666666666666,0.36024191975593567,0.6856723725313424
COHFACE_s22_session3_natural,4,18,4.6,0.3852817416191101,1.1179966808153865
COHFACE_s22_session3_natural,4,19,4.633333333333334,0.38440075516700745,1.4339013403932535
COHFACE_s22_session3_natural,4,20,4.666666666666667,0.28355905413627625,1.6051927533694788
COHFACE_s22_session3_natural,4,21,4.7,0.10285793989896774,1.6292104352171817
COHFACE_s22_session3_natural,4,22,4.733333333333333,-0.09597159177064896,1.5245466644476469
COHFACE_s22_session3_natural,4,23,4.766666666666667,-0.2749231457710266,1.325707213441018
COHFACE_s22_session3_natural,4,24,4.8,-0.41322529315948486,1.0770060490042157
COHFACE_s22_session3_natural,4,25,4.833333333333333,-0.5218594074249268,0.8234035794252956
COHFACE_s22_session3_natural,4,26,4.866666666666666,-0.6039150357246399,0.5989852421446274
COHFACE_s22_session3_natural,4,27,4.9,-0.6620351672172546,0.4184000483705577
COHFACE_s22_session3_natural,4,28,4.933333333333334,-0.7206268906593323,0.2768552015538781
COHFACE_s22_session3_natural,4,29,4.966666666666667,-0.7745654582977295,0.15900881951541115
COHFACE_s22_session3_natural,4,30,5.0,-0.8262333273887634,0.05011953565548634
COHFACE_s22_session3_natural,4,31,5.033333333333333,-0.8861402869224548,-0.05897203981938324
COHFACE_s22_session3_natural,4,32,5.066666666666666,-0.9557753205299377,-0.1750992408726172
COHFACE_s22_session3_natural,4,33,5.1,-1.0282517671585083,-0.3084520232385031
COHFACE_s22_session3_natural,4,34,5.133333333333334,-1.0929855108261108,-0.47329038102901205
COHFACE_s22_session3_natural,4,35,5.166666666666667,-1.1539348363876343,-0.6812005703828523
COHFACE_s22_session3_natural,4,36,5.2,-1.2033940553665161,-0.9309815880479975
COHFACE_s22_session3_natural,4,37,5.233333333333333,-1.2441922426223755,-1.2021980344132441
COHFACE_s22_session3_natural,4,38,5.266666666666667,-1.2794688940048218,-1.456589310395228
COHFACE_s22_session3_natural,4,39,5.3,-1.3274266719818115,-1.646171495548338
COHFACE_s22_session3_natural,4,40,5.333333333333333,-1.367790699005127,-1.723702463261177
COHFACE_s22_session3_natural,4,41,5.366666666666666,-1.1332875490188599,-1.651789172382829
COHFACE_s22_session3_natural,4,42,5.4,-0.1304292529821396,-1.4098006390753015
COHFACE_s22_session3_natural,4,43,5.433333333333334,1.091434359550476,-0.9995778693258744
COHFACE_s22_session3_natural,4,44,5.466666666666667,1.6380293369293213,-0.44967249229567985
COHFACE_s22_session3_natural,4,45,5.5,1.5928137302398682,0.18467963329257023
COHFACE_s22_session3_natural,4,46,5.533333333333333,1.3850626945495605,0.8291215076647471
COHFACE_s22_session3_natural,4,47,5.566666666666666,1.2142510414123535,1.405194538162308
COHFACE_s22_session3_natural,4,48,5.6,1.0721147060394287,1.8472121865618514
COHFACE_s22_session3_natural,4,49,5.633333333333334,0.8588295578956604,2.113289022251317
COHFACE_s22_session3_natural,4,50,5.666666666666667,0.5968049168586731,2.187275906671568
COHFACE_s22_session3_natural,4,51,5.7,0.4576093256473541,2.0745101456013733
COHFACE_s22_session3_natural,4,52,5.733333333333333,0.45619478821754456,1.7961968757766706
COHFACE_s22_session3_natural,4,53,5.766666666666667,0.47151896357536316,1.3850492675815869
COHFACE_s22_session3_natural,4,54,5.8,0.39935266971588135,0.8819601970574369
COHFACE_s22_session3_natural,4,55,5.833333333333333,0.22914893925189972,0.3325299763095352
COHFACE_s22_session3_natural,4,56,5.866666666666666,0.01980963535606861,-0.21643703016382562
COHFACE_s22_session3_natural,4,57,5.9,-0.18079426884651184,-0.7191377301495769
COHFACE_s22_session3_natural,4,58,5.933333333333334,-0.34824338555336,-1.131367527555449
COHFACE_s22_session3_natural,4,59,5.966666666666667,-0.4724622070789337,-1.4117578058659277
COHFACE_s22_session3_natural,4,60,6.0,-0.569382905960083,-1.5273123051434145
COHFACE_s22_session3_natural,4,61,6.033333333333333,-0.6522078514099121,-1.4642469432024234
COHFACE_s22_session3_natural,4,62,6.066666666666666,-0.7104769349098206,-1.238929247432224
COHFACE_s22_session3_natural,4,63,6.1,-0.7607923150062561,-0.9001594280247335
COHFACE_s22_session3_natural,4,64,6.133333333333334,-0.8197314143180847,-0.5180868667270094
COHFACE_s22_session3_natural,4,65,6.166666666666667,-0.8792164921760559,-0.1638209703259443
COHFACE_s22_session3_natural,4,66,6.2,-0.9454640746116638,0.1096592644708763
COHFACE_s22_session3_natural,4,67,6.233333333333333,-1.0145903825759888,0.27590111756222546
COHFACE_s22_session3_natural,4,68,6.266666666666667,-1.0907272100448608,0.3319303585603642
COHFACE_s22_session3_natural,4,69,6.3,-1.1644941568374634,0.29073125814372835
COHFACE_s22_session3_natural,4,70,6.333333333333333,-1.224475622177124,0.17584123891059258
COHFACE_s22_session3_natural,4,71,6.366666666666666,-1.2718626260757446,0.018859562445101896
COHFACE_s22_session3_natural,4,72,6.4,-1.317003846168518,-0.14369479926493742
COHFACE_s22_session3_natural,4,73,6.433333333333334,-1.3819608688354492,-0.27708957320523125
COHFACE_s22_session3_natural,4,74,6.466666666666667,-1.4466326236724854,-0.35691160251784104
COHFACE_s22_session3_natural,4,75,6.5,-1.3367700576782227,-0.37412054251061316
COHFACE_s22_session3_natural,4,76,6.533333333333333,-0.530023992061615,-0.33294410705491173
COHFACE_s22_session3_natural,4,77,6.566666666666666,0.7165195345878601,-0.24322620941660197
COHFACE_s22_session3_natural,4,78,6.6,1.4396342039108276,-0.11321796272468382
COHFACE_s22_session3_natural,4,79,6.633333333333334,1.4880014657974243,0.05156248303138448
COHFACE_s22_session3_natural,4,80,6.666666666666667,1.2555580139160156,0.24315319974917685
COHFACE_s22_session3_natural,4,81,6.7,1.0165382623672485,0.44507135309126283
COHFACE_s22_session3_natural,4,82,6.733333333333333,0.8422645926475525,0.6316641690688465
COHFACE_s22_session3_natural,4,83,6.766666666666667,0.6514259576797485,0.7748451984617448
COHFACE_s22_session3_natural,4,84,6.8,0.4184117317199707,0.8539705368041329
COHFACE_s22_session3_natural,4,85,6.833333333333333,0.2794022858142853,0.8619453604771699
COHFACE_s22_session3_natural,4,86,6.866666666666666,0.2945651412010193,0.804161313610626
COHFACE_s22_session3_natural,4,87,6.9,0.3510350286960602,0.6928662808845311
COHFACE_s22_session3_natural,4,88,6.933333333333334,0.3106462061405182,0.5424955949776056
COHFACE_s22_session3_natural,4,89,6.966666666666667,0.15556812286376953,0.36906637185031865
COHFACE_s22_session3_natural,4,90,7.0,-0.04842324182391167,0.19122404964772724
COHFACE_s22_session3_natural,4,91,7.033333333333333,-0.24925050139427185,0.028185166697549807
COHFACE_s22_session3_natural,4,92,7.066666666666666,-0.4229905903339386,-0.1060390075021386
COHFACE_s22_session3_natural,4,93,7.1,-0.5560564994812012,-0.20744255493730918
COHFACE_s22_session3_natural,4,94,7.133333333333334,-0.6507064700126648,-0.2811590717245282
COHFACE_s22_session3_natural,4,95,7.166666666666667,-0.7200188636779785,-0.33526045821138406
COHFACE_s22_session3_natural,4,96,7.2,-0.7666738033294678,-0.37476037469076673
COHFACE_s22_session3_natural,4,97,7.233333333333333,-0.8077698945999146,-0.40153904844947924
COHFACE_s22_session3_natural,4,98,7.266666666666667,-0.8578495383262634,-0.4199128073240311
COHFACE_s22_session3_natural,4,99,7.3,-0.9176944494247437,-0.4412167226900458
COHFACE_s22_session3_natural,4,100,7.333333333333333,-0.9760627746582031,-0.48057338779543135
COHFACE_s22_session3_natural,4,101,7.366666666666666,-1.0337238311767578,-0.5456457815729648
COHFACE_s22_session3_natural,4,102,7.4,-1.107168197631836,-0.6256376273084283
COHFACE_s22_session3_natural,4,103,7.433333333333334,-1.206409215927124,-0.6909681120787159
COHFACE_s22_session3_natural,4,104,7.466666666666667,-1.2864174842834473,-0.7063015055671945
COHFACE_s22_session3_natural,4,105,7.5,-1.1147247552871704,-0.6488637011527516
COHFACE_s22_session3_natural,4,106,7.533333333333333,-0.2828519940376282,-0.5196662663584364
COHFACE_s22_session3_natural,4,107,7.566666666666666,0.7405542731285095,-0.3403501150245578
COHFACE_s22_session3_natural,4,108,7.6,1.1865806579589844,-0.13897304540831507
COHFACE_s22_session3_natural,4,109,7.633333333333334,1.100244164466858,0.06430291192805347
COHFACE_s22_session3_natural,4,110,7.666666666666667,0.833926260471344,0.2621106095884759
COHFACE_s22_session3_natural,4,111,7.7,0.5842849612236023,0.4539800060202076
COHFACE_s22_session3_natural,4,112,7.733333333333333,0.3743128478527069,0.6361885112879327
COHFACE_s22_session3_natural,4,113,7.766666666666667,0.14690716564655304,0.7958662843909319
COHFACE_s22_session3_natural,4,114,7.8,-0.013357572257518768,0.9128541705277083
COHFACE_s22_session3_natural,4,115,7.833333333333333,-0.01665816269814968,0.9663426974909843
COHFACE_s22_session3_natural,4,116,7.866666666666666,0.08517620712518692,0.9412536814818793
COHFACE_s22_session3_natural,4,117,7.9,0.14183220267295837,0.8316919091772924
COHFACE_s22_session3_natural,4,118,7.933333333333334,0.06446686387062073,0.6421067161258964
COHFACE_s22_session3_natural,4,119,7.966666666666667,-0.10888855904340744,0.38775861694297986
COHFACE_s22_session3_natural,4,120,8.0,-0.3076932728290558,0.09408074706147433
COHFACE_s22_session3_natural,4,121,8.033333333333333,-0.47960934042930603,-0.2070146237428326
COHFACE_s22_session3_natural,4,122,8.066666666666666,-0.6123402118682861,-0.48399901729127565
COHFACE_s22_session3_natural,4,123,8.1,-0.7122513055801392,-0.7125971135560752
COHFACE_s22_session3_natural,4,124,8.133333333333333,-0.7719473242759705,-0.8784613824163052
COHFACE_s22_session3_natural,4,125,8.166666666666666,-0.8051393628120422,-0.9742116162229929
COHFACE_s22_session3_natural,4,126,8.2,-0.8353906273841858,-0.9942372320171976
COHFACE_s22_session3_natural,4,127,8.233333333333333,-0.8789807558059692,-0.9327420124253727
COHFACE_s22_session3_natural,4,128,8.266666666666667,-0.9450669884681702,-0.787103557472258
COHFACE_s22_session3_natural,4,129,8.3,-0.9962385296821594,-0.5634896792759805
COHFACE_s22_session3_natural,4,130,8.333333333333334,-0.8221386075019836,-0.27990120033560273
COHFACE_s22_session3_natural,4,131,8.366666666666667,-0.07160182297229767,0.03590719456705975
COHFACE_s22_session3_natural,4,132,8.4,0.8190611600875854,0.35231609021399707
COHFACE_s22_session3_natural,4,133,8.433333333333334,1.1951298713684082,0.6399903492385617
COHFACE_s22_session3_natural,4,134,8.466666666666667,1.099052906036377,0.8756567047738762
COHFACE_s22_session3_natural,4,135,8.5,0.8535312414169312,1.0431442497722074
COHFACE_s22_session3_natural,4,136,8.533333333333333,0.6462268829345703,1.1325272825893855
COHFACE_s22_session3_natural,4,137,8.566666666666666,0.46614620089530945,1.138263194069547
COHFACE_s22_session3_natural,4,138,8.6,0.2523895502090454,1.0571522291584967
COHFACE_s22_session3_natural,4,139,8.633333333333333,0.09407291561365128,0.88725251844221
COHFACE_s22_session3_natural,4,140,8.666666666666666,0.09216204285621643,0.6292365536406934
COHFACE_s22_session3_natural,4,141,8.7,0.19357453286647797,0.2910524835642287
COHFACE_s22_session3_natural,4,142,8.733333333333333,0.23527860641479492,-0.10539801926295493
COHFACE_s22_session3_natural,4,143,8.766666666666667,0.13567772507667542,-0.5195961759365767
COHFACE_s22_session3_natural,4,144,8.8,-0.037814199924468994,-0.8949864618001594
COHFACE_s22_session3_natural,4,145,8.833333333333334,-0.21723724901676178,-1.1712277984198582
COHFACE_s22_session3_natural,4,146,8.866666666666667,-0.37418898940086365,-1.302093709890966
COHFACE_s22_session3_natural,4,147,8.9,-0.4965713918209076,-1.2701537097745408
COHFACE_s22_session3_natural,4,148,8.933333333333334,-0.5833793878555298,-1.0907844452645141
COHFACE_s22_session3_natural,4,149,8.966666666666667,-0.6274286508560181,-0.8044510865678756
COHFACE_s22_session3_natural,4,150,9.0,-0.656674861907959,-0.4627749077031196
COHFACE_s22_session3_natural,4,151,9.033333333333333,-0.6998679041862488,-0.11611424314994695
COHFACE_s22_session3_natural,4,152,9.066666666666666,-0.7572559714317322,0.1930638539272292
COHFACE_s22_session3_natural,4,153,9.1,-0.7928799986839294,0.43214286085362896
COHFACE_s22_session3_natural,4,154,9.133333333333333,-0.5750410556793213,0.5793713286853033
COHFACE_s22_session3_natural,4,155,9.166666666666666,0.1993071436882019,0.6259863266994514
COHFACE_s22_session3_natural,4,156,9.2,1.0745714902877808,0.5776803661712564
COHFACE_s22_session3_natural,4,157,9.233333333333333,1.4407881498336792,0.45228708013282015
COHFACE_s22_session3_natural,4,158,9.266666666666667,1.3600600957870483,0.2738891497594357
COHFACE_s22_session3_natural,4,159,9.3,1.1467502117156982,0.0675518928921853
COHFACE_s22_session3_natural,4,160,9.333333333333334,0.9709131121635437,-0.1413624583270546
COHFACE_s22_session3_natural,4,161,9.366666666666667,0.8295336961746216,-0.323914824384616
COHFACE_s22_session3_natural,4,162,9.4,0.6372557282447815,-0.4459585698795387
COHFACE_s22_session3_natural,4,163,9.433333333333334,0.4516409635543823,-0.47386468729312037
COHFACE_s22_session3_natural,4,164,9.466666666666667,0.3979381322860718,-0.3869252003839536
COHFACE_s22_session3_natural,4,165,9.5,0.44033706188201904,-0.18884514452285653
COHFACE_s22_session3_natural,4,166,9.533333333333333,0.4486381709575653,0.08994224244629737
COHFACE_s22_session3_natural,4,167,9.566666666666666,0.3492606282234192,0.4013465192003562
COHFACE_s22_session3_natural,4,168,9.6,0.17496217787265778,0.6942401595120631
COHFACE_s22_session3_natural,4,169,9.633333333333333,-0.009994941763579845,0.9256552509715998
COHFACE_s22_session3_natural,4,170,9.666666666666666,-0.16890718042850494,1.0643642278332106
COHFACE_s22_session3_natural,4,171,9.7,-0.3057575821876526,1.0899300118883644
COHFACE_s22_session3_natural,4,172,9.733333333333333,-0.4092918932437897,0.9929772096317943
COHFACE_s22_session3_natural,4,173,9.766666666666667,-0.47922468185424805,0.7790373794602737
COHFACE_s22_session3_natural,4,174,9.8,-0.5269839763641357,0.4724502310824148
COHFACE_s22_session3_natural,4,175,9.833333333333334,-0.5587738752365112,0.11446056387918611
COHFACE_s22_session3_natural,4,176,9.866666666666667,-0.6019048690795898,-0.24620061262660628
COHFACE_s22_session3_natural,4,177,9.9,-0.6615140438079834,-0.5656188975377842
COHFACE_s22_session3_natural,4,178,9.933333333333334,-0.7451207041740417,-0.8129117033259307
COHFACE_s22_session3_natural,4,179,9.966666666666667,-0.801578164100647,-0.9710186551610618
COHFACE_s22_session3_natural,4,180,10.0,-0.536439061164856,-1.0333594519407607
COHFACE_s22_session3_natural,4,181,10.033333333333333,0.3171481192111969,-1.002601509198932
COHFACE_s22_session3_natural,4,182,10.066666666666666,1.195229172706604,-0.8934550463072926
COHFACE_s22_session3_natural,4,183,10.1,1.54777193069458,-0.7348327237238094
COHFACE_s22_session3_natural,4,184,10.133333333333333,1.4888079166412354,-0.5650576914796942
COHFACE_s22_session3_natural,4,185,10.166666666666666,1.3305658102035522,-0.4190694506756205
COHFACE_s22_session3_natural,4,186,10.2,1.1988648176193237,-0.31475734349608536
COHFACE_s22_session3_natural,4,187,10.233333333333333,1.0447421073913574,-0.2482822225883804
COHFACE_s22_session3_natural,4,188,10.266666666666667,0.8012429475784302,-0.2013728742485769
COHFACE_s22_session3_natural,4,189,10.3,0.595564067363739,-0.1540935846736951
COHFACE_s22_session3_natural,4,190,10.333333333333334,0.5500878691673279,-0.09359710794092331
COHFACE_s22_session3_natural,4,191,10.366666666666667,0.5854637622833252,-0.014306976724578273
COHFACE_s22_session3_natural,4,192,10.4,0.5648909211158752,0.08704041811140398
COHFACE_s22_session3_natural,4,193,10.433333333333334,0.4399276077747345,0.21421310845761515
COHFACE_s22_session3_natural,4,194,10.466666666666667,0.25859367847442627,0.36861844140542016
COHFACE_s22_session3_natural,4,195,10.5,0.06678720563650131,0.5437216005375208
COHFACE_s22_session3_natural,4,196,10.533333333333333,-0.10550111532211304,0.7223653989267651
COHFACE_s22_session3_natural,4,197,10.566666666666666,-0.23769843578338623,0.8801020106353566
COHFACE_s22_session3_natural,4,198,10.6,-0.34890103340148926,0.992784120979425
COHFACE_s22_session3_natural,4,199,10.633333333333333,-0.43646591901779175,1.0435142301155809
COHFACE_s22_session3_natural,4,200,10.666666666666666,-0.4958641231060028,1.0250601936801926
COHFACE_s22_session3_natural,4,201,10.7,-0.5504355430603027,0.937611270388449
COHFACE_s22_session3_natural,4,202,10.733333333333333,-0.6093746423721313,0.7849906455257606
COHFACE_s22_session3_natural,4,203,10.766666666666667,-0.6694925427436829,0.572655175297805
COHFACE_s22_session3_natural,4,204,10.8,-0.7316081523895264,0.3080551234106461
COHFACE_s22_session3_natural,4,205,10.833333333333334,-0.8005483150482178,0.0015546192942347487
COHFACE_s22_session3_natural,4,206,10.866666666666667,-0.8634456396102905,-0.33323354213987333
COHFACE_s22_session3_natural,4,207,10.9,-0.9276706576347351,-0.6789279175542786
COHFACE_s22_session3_natural,4,208,10.933333333333334,-0.9917343854904175,-1.0126577340834815
COHFACE_s22_session3_natural,4,209,10.966666666666667,-1.0675983428955078,-1.3039556550886326
COHFACE_s22_session3_natural,4,210,11.0,-1.1305452585220337,-1.5152115959022543
COHFACE_s22_session3_natural,4,211,11.033333333333333,-0.947163999080658,-1.6074256804269982
COHFACE_s22_session3_natural,4,212,11.066666666666666,-0.07062157243490219,-1.5505581211291923
COHFACE_s22_session3_natural,4,213,11.1,1.0603517293930054,-1.3339304527362592
COHFACE_s22_session3_natural,4,214,11.133333333333333,1.6456853151321411,-0.9713580281217109
COHFACE_s22_session3_natural,4,215,11.166666666666666,1.6809742450714111,-0.4987277353449167
COHFACE_s22_session3_natural,4,216,11.2,1.5271122455596924,0.033591062048914135
COHFACE_s22_session3_natural,4,217,11.233333333333333,1.3893312215805054,0.5689294711569607
COHFACE_s22_session3_natural,4,218,11.266666666666667,1.2616628408432007,1.0508104558895905
COHFACE_s22_session3_natural,4,219,11.3,1.0456851720809937,1.4288239163287006
COHFACE_s22_session3_natural,4,220,11.333333333333334,0.7829284071922302,1.6653118865142784
COHFACE_s22_session3_natural,4,221,11.366666666666667,0.6529521346092224,1.7418036914472674
COHFACE_s22_session3_natural,4,222,11.4,0.6789101958274841,1.6617781546278152
COHFACE_s22_session3_natural,4,223,11.433333333333334,0.6964802145957947,1.4471951057514696
COHFACE_s22_session3_natural,4,224,11.466666666666667,0.6028228998184204,1.1305763318473234
COHFACE_s22_session3_natural,4,225,11.5,0.42898353934288025,0.7477770057050346
COHFACE_s22_session3_natural,4,226,11.533333333333333,0.22099673748016357,0.33506960777565203
COHFACE_s22_session3_natural,4,227,11.566666666666666,0.018271014094352722,-0.07053208910312006
COHFACE_s22_session3_natural,4,228,11.6,-0.14379292726516724,-0.4321686065827885
COHFACE_s22_session3_natural,4,229,11.633333333333333,-0.26715558767318726,-0.7184856710049021
COHFACE_s22_session3_natural,4,230,11.666666666666666,-0.36998260021209717,-0.9114086278302036
COHFACE_s22_session3_natural,4,231,11.7,-0.45603370666503906,-1.0105694828569038
COHFACE_s22_session3_natural,4,232,11.733333333333333,-0.5166479349136353,-1.0307204455838457
COHFACE_s22_session3_natural,4,233,11.766666666666667,-0.5756862759590149,-0.9937116339479706
COHFACE_s22_session3_natural,4,234,11.8,-0.6347494721412659,-0.9199022295201316
COHFACE_s22_session3_natural,4,235,11.833333333333334,-0.707424521446228,-0.8232949530306731
COHFACE_s22_session3_natural,4,236,11.866666666666667,-0.7875816822052002,-0.7113900071008749
COHFACE_s22_session3_natural,4,237,11.9,-0.8680739402770996,-0.5876736735320257
COHFACE_s22_session3_natural,4,238,11.933333333333334,-0.951779842376709,-0.45407903972027813
COHFACE_s22_session3_natural,4,239,11.966666666666667,-1.0284751653671265,-0.3122501324142733
COHFACE_s22_session3_natural,5,0,5.0,-0.8262333273887634,-0.09254054247259239
COHFACE_s22_session3_natural,5,1,5.033333333333333,-0.8861402869224548,-0.07391541533762715
COHFACE_s22_session3_natural,5,2,5.066666666666666,-0.9557753205299377,-0.0799483315323427
COHFACE_s22_session3_natural,5,3,5.1,-1.0282517671585083,-0.12973001852613147
COHFACE_s22_session3_natural,5,4,5.133333333333334,-1.0929855108261108,-0.23101812715801628
COHFACE_s22_session3_natural,5,5,5.166666666666667,-1.1539348363876343,-0.38022836042101527
COHFACE_s22_session3_natural,5,6,5.2,-1.2033940553665161,-0.5656309695640939
COHFACE_s22_session3_natural,5,7,5.233333333333333,-1.2441922426223755,-0.7713338403746268
COHFACE_s22_session3_natural,5,8,5.266666666666667,-1.2794688940048218,-0.979765780088151
COHFACE_s22_session3_natural,5,9,5.3,-1.3274266719818115,-1.171879861326272
COHFACE_s22_session3_natural,5,10,5.333333333333333,-1.367790699005127,-1.3260978682746232
COHFACE_s22_session3_natural,5,11,5.366666666666666,-1.1332875490188599,-1.417992474765256
COHFACE_s22_session3_natural,5,12,5.4,-0.1304292529821396,-1.422289208126919
COHFACE_s22_session3_natural,5,13,5.433333333333334,1.091434359550476,-1.3173488538944949
COHFACE_s22_session3_natural,5,14,5.466666666666667,1.6380293369293213,-1.0908173019276983
COHFACE_s22_session3_natural,5,15,5.5,1.5928137302398682,-0.7445600233889993
COHFACE_s22_session3_natural,5,16,5.533333333333333,1.3850626945495605,-0.2975852396388559
COHFACE_s22_session3_natural,5,17,5.566666666666666,1.2142510414123535,0.21347950795837997
COHFACE_s22_session3_natural,5,18,5.6,1.0721147060394287,0.7365673948648893
COHFACE_s22_session3_natural,5,19,5.633333333333334,0.8588295578956604,1.2094760754192202
COHFACE_s22_session3_natural,5,20,5.666666666666667,0.5968049168586731,1.568704229213589
COHFACE_s22_session3_natural,5,21,5.7,0.4576093256473541,1.7611246226259847
COHFACE_s22_session3_natural,5,22,5.733333333333333,0.45619478821754456,1.7558376040644093
COHFACE_s22_session3_natural,5,23,5.766666666666667,0.47151896357536316,1.552328906785991
COHFACE_s22_session3_natural,5,24,5.8,0.39935266971588135,1.1819129056223419
COHFACE_s22_session3_natural,5,25,5.833333333333333,0.22914893925189972,0.7018446703982351
COHFACE_s22_session3_natural,5,26,5.866666666666666,0.01980963535606861,0.1839870365933523
COHFACE_s22_session3_natural,5,27,5.9,-0.18079426884651184,-0.29856646621994065
COHFACE_s22_session3_natural,5,28,5.933333333333334,-0.34824338555336,-0.6834978576885624
COHFACE_s22_session3_natural,5,29,5.966666666666667,-0.4724622070789337,-0.9278795812849395
COHFACE_s22_session3_natural,5,30,6.0,-0.569382905960083,-1.0132309993361397
COHFACE_s22_session3_natural,5,31,6.033333333333333,-0.6522078514099121,-0.9473925044273392
COHFACE_s22_session3_natural,5,32,6.066666666666666,-0.7104769349098206,-0.7623645464839126
COHFACE_s22_session3_natural,5,33,6.1,-0.7607923150062561,-0.5066721630385511
COHFACE_s22_session3_natural,5,34,6.133333333333334,-0.8197314143180847,-0.23291213154974957
COHFACE_s22_session3_natural,5,35,6.166666666666667,-0.8792164921760559,0.015531906614481636
COHFACE_s22_session3_natural,5,36,6.2,-0.9454640746116638,0.21306838577847126
COHFACE_s22_session3_natural,5,37,6.233333333333333,-1.0145903825759888,0.3523789860413715
COHFACE_s22_session3_natural,5,38,6.266666666666667,-1.0907272100448608,0.4383696886010651
COHFACE_s22_session3_natural,5,39,6.3,-1.1644941568374634,0.48059430999322456
COHFACE_s22_session3_natural,5,40,6.333333333333333,-1.224475622177124,0.48799517303957246
COHFACE_s22_session3_natural,5,41,6.366666666666666,-1.2718626260757446,0.4664681647782034
COHFACE_s22_session3_natural,5,42,6.4,-1.317003846168518,0.41804332164448055
COHFACE_s22_session3_natural,5,43,6.433333333333334,-1.3819608688354492,0.3409781524278583
COHFACE_s22_session3_natural,5,44,6.466666666666667,-1.4466326236724854,0.23128326908018518
COHFACE_s22_session3_natural,5,45,6.5,-1.3367700576782227,0.08650236465093177
COHFACE_s22_session3_natural,5,46,6.533333333333333,-0.530023992061615,-0.08874292271974937
COHFACE_s22_session3_natural,5,47,6.566666666666666,0.7165195345878601,-0.27794006716425373
COHFACE_s22_session3_natural,5,48,6.6,1.4396342039108276,-0.4521094304366714
COHFACE_s22_session3_natural,5,49,6.633333333333334,1.4880014657974243,-0.575683878053291
COHFACE_s22_session3_natural,5,50,6.666666666666667,1.2555580139160156,-0.6176659775928905
COHFACE_s22_session3_natural,5,51,6.7,1.0165382623672485,-0.5635784395883812
COHFACE_s22_session3_natural,5,52,6.733333333333333,0.8422645926475525,-0.4227809537384199
COHFACE_s22_session3_natural,5,53,6.766666666666667,0.6514259576797485,-0.22748469382225717
COHFACE_s22_session3_natural,5,54,6.8,0.4184117317199707,-0.023210936759788418
COHFACE_s22_session3_natural,5,55,6.833333333333333,0.2794022858142853,0.14592924807104166
COHFACE_s22_session3_natural,5,56,6.866666666666666,0.2945651412010193,0.2514172289811244
COHFACE_s22_session3_natural,5,57,6.9,0.3510350286960602,0.288428923729795
COHFACE_s22_session3_natural,5,58,6.933333333333334,0.3106462061405182,0.27505987687253275
COHFACE_s22_session3_natural,5,59,6.966666666666667,0.15556812286376953,0.2435220579281695
COHFACE_s22_session3_natural,5,60,7.0,-0.04842324182391167,0.22686977705420752
COHFACE_s22_session3_natural,5,61,7.033333333333333,-0.24925050139427185,0.24611737454329116
COHFACE_s22_session3_natural,5,62,7.066666666666666,-0.4229905903339386,0.3025298652414699
COHFACE_s22_session3_natural,5,63,7.1,-0.5560564994812012,0.3779166277418486
COHFACE_s22_session3_natural,5,64,7.133333333333334,-0.6507064700126648,0.44219100635667874
COHFACE_s22_session3_natural,5,65,7.166666666666667,-0.7200188636779785,0.4643268161254037
COHFACE_s22_session3_natural,5,66,7.2,-0.7666738033294678,0.42207939198102384
COHFACE_s22_session3_natural,5,67,7.233333333333333,-0.8077698945999146,0.3073574967937378
COHFACE_s22_session3_natural,5,68,7.266666666666667,-0.8578495383262634,0.12662572520665147
COHFACE_s22_session3_natural,5,69,7.3,-0.9176944494247437,-0.10215463156041843
COHFACE_s22_session3_natural,5,70,7.333333333333333,-0.9760627746582031,-0.353701554585391
COHFACE_s22_session3_natural,5,71,7.366666666666666,-1.0337238311767578,-0.5990691524422231
COHFACE_s22_session3_natural,5,72,7.4,-1.107168197631836,-0.8087539522418536
COHFACE_s22_session3_natural,5,73,7.433333333333334,-1.206409215927124,-0.9562443777275396
COHFACE_s22_session3_natural,5,74,7.466666666666667,-1.2864174842834473,-1.0224206912646923
COHFACE_s22_session3_natural,5,75,7.5,-1.1147247552871704,-0.9995166756847984
COHFACE_s22_session3_natural,5,76,7.533333333333333,-0.2828519940376282,-0.8921265560129044
COHFACE_s22_session3_natural,5,77,7.566666666666666,0.7405542731285095,-0.7137201341188028
COHFACE_s22_session3_natural,5,78,7.6,1.1865806579589844,-0.4803477438217987
COHFACE_s22_session3_natural,5,79,7.633333333333334,1.100244164466858,-0.20579628657311044
COHFACE_s22_session3_natural,5,80,7.666666666666667,0.833926260471344,0.09831790829347435
COHFACE_s22_session3_natural,5,81,7.7,0.5842849612236023,0.41765888988805006
COHFACE_s22_session3_natural,5,82,7.733333333333333,0.3743128478527069,0.729459803515262
COHFACE_s22_session3_natural,5,83,7.766666666666667,0.14690716564655304,1.00115385367174
COHFACE_s22_session3_natural,5,84,7.8,-0.013357572257518768,1.195888871106398
COHFACE_s22_session3_natural,5,85,7.833333333333333,-0.01665816269814968,1.2828914041622794
COHFACE_s22_session3_natural,5,86,7.866666666666666,0.08517620712518692,1.2473078408157958
COHFACE_s22_session3_natural,5,87,7.9,0.14183220267295837,1.0943982024311896
COHFACE_s22_session3_natural,5,88,7.933333333333334,0.06446686387062073,0.8466832542170768
COHFACE_s22_session3_natural,5,89,7.966666666666667,-0.10888855904340744,0.536569014488098
COHFACE_s22_session3_natural,5,90,8.0,-0.3076932728290558,0.19814289121463155
COHFACE_s22_session3_natural,5,91,8.033333333333333,-0.47960934042930603,-0.13907757705804286
COHFACE_s22_session3_natural,5,92,8.066666666666666,-0.6123402118682861,-0.45281814174676077
COHFACE_s22_session3_natural,5,93,8.1,-0.7122513055801392,-0.7267438598677484
COHFACE_s22_session3_natural,5,94,8.133333333333333,-0.7719473242759705,-0.9464281868678979
COHFACE_s22_session3_natural,5,95,8.166666666666666,-0.8051393628120422,-1.095365135739573
COHFACE_s22_session3_natural,5,96,8.2,-0.8353906273841858,-1.1541986607903325
COHFACE_s22_session3_natural,5,97,8.233333333333333,-0.8789807558059692,-1.1049434441583101
COHFACE_s22_session3_natural,5,98,8.266666666666667,-0.9450669884681702,-0.9390680434546891
COHFACE_s22_session3_natural,5,99,8.3,-0.9962385296821594,-0.6655642343618119
COHFACE_s22_session3_natural,5,100,8.333333333333334,-0.8221386075019836,-0.314351157866773
COHFACE_s22_session3_natural,5,101,8.366666666666667,-0.07160182297229767,0.06777498790488512
COHFACE_s22_session3_natural,5,102,8.4,0.8190611600875854,0.42776350023650445
COHFACE_s22_session3_natural,5,103,8.433333333333334,1.1951298713684082,0.7193068398659636
COHFACE_s22_session3_natural,5,104,8.466666666666667,1.099052906036377,0.9129994302953486
COHFACE_s22_session3_natural,5,105,8.5,0.8535312414169312,0.9999568368488526
COHFACE_s22_session3_natural,5,106,8.533333333333333,0.6462268829345703,0.9881994337407383
COHFACE_s22_session3_natural,5,107,8.566666666666666,0.46614620089530945,0.894118687785002
COHFACE_s22_session3_natural,5,108,8.6,0.2523895502090454,0.7331497815174858
COHFACE_s22_session3_natural,5,109,8.633333333333333,0.09407291561365128,0.5139821630014175
COHFACE_s22_session3_natural,5,110,8.666666666666666,0.09216204285621643,0.23929613392812524
COHFACE_s22_session3_natural,5,111,8.7,0.19357453286647797,-0.08683916222672027
COHFACE_s22_session3_natural,5,112,8.733333333333333,0.23527860641479492,-0.44841908677766124
COHFACE_s22_session3_natural,5,113,8.766666666666667,0.13567772507667542,-0.8098891925953199
COHFACE_s22_session3_natural,5,114,8.8,-0.037814199924468994,-1.1171957953584895
COHFACE_s22_session3_natural,5,115,8.833333333333334,-0.21723724901676178,-1.3094766427692117
COHFACE_s22_session3_natural,5,116,8.866666666666667,-0.37418898940086365,-1.3376657871707718
COHFACE_s22_session3_natural,5,117,8.9,-0.4965713918209076,-1.1820155733013622
COHFACE_s22_session3_natural,5,118,8.933333333333334,-0.5833793878555298,-0.8605642405485869
COHFACE_s22_session3_natural,5,119,8.966666666666667,-0.6274286508560181,-0.4249468559004533
COHFACE_s22_session3_natural,5,120,9.0,-0.656674861907959,0.05384860214379414
COHFACE_s22_session3_natural,5,121,9.033333333333333,-0.6998679041862488,0.5030699230294708
COHFACE_s22_session3_natural,5,122,9.066666666666666,-0.7572559714317322,0.8627833296416666
COHFACE_s22_session3_natural,5,123,9.1,-0.7928799986839294,1.0943561988248673
COHFACE_s22_session3_natural,5,124,9.133333333333333,-0.5750410556793213,1.1828975784788522
COHFACE_s22_session3_natural,5,125,9.166666666666666,0.1993071436882019,1.135263699147335
COHFACE_s22_session3_natural,5,126,9.2,1.0745714902877808,0.9752439189998148
COHFACE_s22_session3_natural,5,127,9.233333333333333,1.4407881498336792,0.7370176052998761
COHFACE_s22_session3_natural,5,128,9.266666666666667,1.3600600957870483,0.4579014038495698
COHFACE_s22_session3_natural,5,129,9.3,1.1467502117156982,0.17186002955445426
COHFACE_s22_session3_natural,5,130,9.333333333333334,0.9709131121635437,-0.09445659331877343
COHFACE_s22_session3_natural,5,131,9.366666666666667,0.8295336961746216,-0.32219835967572336
COHFACE_s22_session3_natural,5,132,9.4,0.6372557282447815,-0.49829811992396006
COHFACE_s22_session3_natural,5,133,9.433333333333334,0.4516409635543823,-0.6132605571323556
COHFACE_s22_session3_natural,5,134,9.466666666666667,0.3979381322860718,-0.6604351611265874
COHFACE_s22_session3_natural,5,135,9.5,0.44033706188201904,-0.6367971062658915
COHFACE_s22_session3_natural,5,136,9.533333333333333,0.4486381709575653,-0.5442272387647045
COHFACE_s22_session3_natural,5,137,9.566666666666666,0.3492606282234192,-0.39037682072294166
COHFACE_s22_session3_natural,5,138,9.6,0.17496217787265778,-0.18893822026545445
COHFACE_s22_session3_natural,5,139,9.633333333333333,-0.009994941763579845,0.040401759219969455
COHFACE_s22_session3_natural,5,140,9.666666666666666,-0.16890718042850494,0.2724160344033152
COHFACE_s22_session3_natural,5,141,9.7,-0.3057575821876526,0.47800021721025066
COHFACE_s22_session3_natural,5,142,9.733333333333333,-0.4092918932437897,0.6279932681116508
COHFACE_s22_session3_natural,5,143,9.766666666666667,-0.47922468185424805,0.6991327942283294
COHFACE_s22_session3_natural,5,144,9.8,-0.5269839763641357,0.6803426771739525
COHFACE_s22_session3_natural,5,145,9.833333333333334,-0.5587738752365112,0.5763178784372559
COHFACE_s22_session3_natural,5,146,9.866666666666667,-0.6019048690795898,0.40599006168302537
COHFACE_s22_session3_natural,5,147,9.9,-0.6615140438079834,0.1960543770193132
COHFACE_s22_session3_natural,5,148,9.933333333333334,-0.7451207041740417,-0.02709717304694611
COHFACE_s22_session3_natural,5,149,9.966666666666667,-0.801578164100647,-0.24266005350418918
COHFACE_s22_session3_natural,5,150,10.0,-0.536439061164856,-0.4359689914507508
COHFACE_s22_session3_natural,5,151,10.033333333333333,0.3171481192111969,-0.5960085613739988
COHFACE_s22_session3_natural,5,152,10.066666666666666,1.195229172706604,-0.7132889133139378
COHFACE_s22_session3_natural,5,153,10.1,1.54777193069458,-0.7802380113942297
COHFACE_s22_session3_natural,5,154,10.133333333333333,1.4888079166412354,-0.7933564811635893
COHFACE_s22_session3_natural,5,155,10.166666666666666,1.3305658102035522,-0.7548406925572997
COHFACE_s22_session3_natural,5,156,10.2,1.1988648176193237,-0.6726834220540987
COHFACE_s22_session3_natural,5,157,10.233333333333333,1.0447421073913574,-0.5597920591015374
COHFACE_s22_session3_natural,5,158,10.266666666666667,0.8012429475784302,-0.4320318163583085
COHFACE_s22_session3_natural,5,159,10.3,0.595564067363739,-0.3043187733903319
COHFACE_s22_session3_natural,5,160,10.333333333333334,0.5500878691673279,-0.18533639076587288
COHFACE_s22_session3_natural,5,161,10.366666666666667,0.5854637622833252,-0.07366529690699855
COHFACE_s22_session3_natural,5,162,10.4,0.5648909211158752,0.041544607165873826
COHFACE_s22_session3_natural,5,163,10.433333333333334,0.4399276077747345,0.17437750116234543
COHFACE_s22_session3_natural,5,164,10.466666666666667,0.25859367847442627,0.3328215546232068
COHFACE_s22_session3_natural,5,165,10.5,0.06678720563650131,0.5110550183713558
COHFACE_s22_session3_natural,5,166,10.533333333333333,-0.10550111532211304,0.6877315867831687
COHFACE_s22_session3_natural,5,167,10.566666666666666,-0.23769843578338623,0.8317246222329248
COHFACE_s22_session3_natural,5,168,10.6,-0.34890103340148926,0.9129268750729966
COHFACE_s22_session3_natural,5,169,10.633333333333333,-0.43646591901779175,0.9130532722806177
COHFACE_s22_session3_natural,5,170,10.666666666666666,-0.4958641231060028,0.8314942160318887
COHFACE_s22_session3_natural,5,171,10.7,-0.5504355430603027,0.6840691565289881
COHFACE_s22_session3_natural,5,172,10.733333333333333,-0.6093746423721313,0.49637649280417906
COHFACE_s22_session3_natural,5,173,10.766666666666667,-0.6694925427436829,0.29557767804005675
COHFACE_s22_session3_natural,5,174,10.8,-0.7316081523895264,0.10358195641507408
COHFACE_s22_session3_natural,5,175,10.833333333333334,-0.8005483150482178,-0.06720624128735787
COHFACE_s22_session3_natural,5,176,10.866666666666667,-0.8634456396102905,-0.21493371102575015
COHFACE_s22_session3_natural,5,177,10.9,-0.9276706576347351,-0.3455838566220854
COHFACE_s22_session3_natural,5,178,10.933333333333334,-0.9917343854904175,-0.46711679023143615
COHFACE_s22_session3_natural,5,179,10.966666666666667,-1.0675983428955078,-0.5827733334790444
COHFACE_s22_session3_natural,5,180,11.0,-1.1305452585220337,-0.6865918253930324
COHFACE_s22_session3_natural,5,181,11.033333333333333,-0.947163999080658,-0.7631676142578123
COHFACE_s22_session3_natural,5,182,11.066666666666666,-0.07062157243490219,-0.7913642851048379
COHFACE_s22_session3_natural,5,183,11.1,1.0603517293930054,-0.749899205732611
COHFACE_s22_session3_natural,5,184,11.133333333333333,1.6456853151321411,-0.6228524555666719
COHFACE_s22_session3_natural,5,185,11.166666666666666,1.6809742450714111,-0.40445808168451436
COHFACE_s22_session3_natural,5,186,11.2,1.5271122455596924,-0.1033682254979377
COHFACE_s22_session3_natural,5,187,11.233333333333333,1.3893312215805054,0.25412157274803776
COHFACE_s22_session3_natural,5,188,11.266666666666667,1.2616628408432007,0.6241446996584831
COHFACE_s22_session3_natural,5,189,11.3,1.0456851720809937,0.9513735345884743
COHFACE_s22_session3_natural,5,190,11.333333333333334,0.7829284071922302,1.181447434991913
COHFACE_s22_session3_natural,5,191,11.366666666666667,0.6529521346092224,1.2758183637370901
COHFACE_s22_session3_natural,5,192,11.4,0.6789101958274841,1.222235090493923
COHFACE_s22_session3_natural,5,193,11.433333333333334,0.6964802145957947,1.035460448252562
COHFACE_s22_session3_natural,5,194,11.466666666666667,0.6028228998184204,0.7485593825359039
COHFACE_s22_session3_natural,5,195,11.5,0.42898353934288025,0.40076172125832804
COHFACE_s22_session3_natural,5,196,11.533333333333333,0.22099673748016357,0.028897435993229442
COHFACE_s22_session3_natural,5,197,11.566666666666666,0.018271014094352722,-0.3345169689924503
COHFACE_s22_session3_natural,5,198,11.6,-0.14379292726516724,-0.6591074037704537
COHFACE_s22_session3_natural,5,199,11.633333333333333,-0.26715558767318726,-0.9159143549184054
COHFACE_s22_session3_natural,5,200,11.666666666666666,-0.36998260021209717,-1.0815723876479015
COHFACE_s22_session3_natural,5,201,11.7,-0.45603370666503906,-1.1459794271829638
COHFACE_s22_session3_natural,5,202,11.733333333333333,-0.5166479349136353,-1.118374909324055
COHFACE_s22_session3_natural,5,203,11.766666666666667,-0.5756862759590149,-1.0267814203690833
COHFACE_s22_session3_natural,5,204,11.8,-0.6347494721412659,-0.9093919733777607
COHFACE_s22_session3_natural,5,205,11.833333333333334,-0.707424521446228,-0.8009458681544297
COHFACE_s22_session3_natural,5,206,11.866666666666667,-0.7875816822052002,-0.719538810104426
COHFACE_s22_session3_natural,5,207,11.9,-0.8680739402770996,-0.6591321646493187
COHFACE_s22_session3_natural,5,208,11.933333333333334,-0.951779842376709,-0.591104897958657
COHFACE_s22_session3_natural,5,209,11.966666666666667,-1.0284751653671265,-0.47531117657619226
COHFACE_s22_session3_natural,5,210,12.0,-1.086061716079712,-0.27783637067733385
COHFACE_s22_session3_natural,5,211,12.033333333333333,-1.132667064666748,0.010581136627385683
COHFACE_s22_session3_natural,5,212,12.066666666666666,-1.1714303493499756,0.3635607458467695
COHFACE_s22_session3_natural,5,213,12.1,-1.219549536705017,0.7222975561964566
COHFACE_s22_session3_natural,5,214,12.133333333333333,-1.2843577861785889,1.0140538718391923
COHFACE_s22_session3_natural,5,215,12.166666666666666,-1.2418471574783325,1.1792237221767035
COHFACE_s22_session3_natural,5,216,12.2,-0.6205296516418457,1.1947319261530456
COHFACE_s22_session3_natural,5,217,12.233333333333333,0.6108261942863464,1.0822903031591826
COHFACE_s22_session3_natural,5,218,12.266666666666667,1.5374234914779663,0.8977075878647935
COHFACE_s22_session3_natural,5,219,12.3,1.7697800397872925,0.7070818044888536
COHFACE_s22_session3_natural,5,220,12.333333333333334,1.6196155548095703,0.5612931582438487
COHFACE_s22_session3_natural,5,221,12.366666666666667,1.3997044563293457,0.4795713052784806
COHFACE_s22_session3_natural,5,222,12.4,1.2232469320297241,0.4474444220690156
COHFACE_s22_session3_natural,5,223,12.433333333333334,1.0351381301879883,0.42768000598864964
COHFACE_s22_session3_natural,5,224,12.466666666666667,0.7720711827278137,0.37826725720591664
COHFACE_s22_session3_natural,5,225,12.5,0.5948196053504944,0.2700825340262852
COHFACE_s22_session3_natural,5,226,12.533333333333333,0.6027235984802246,0.09805739735601432
COHFACE_s22_session3_natural,5,227,12.566666666666666,0.6630648374557495,-0.11745217873726788
COHFACE_s22_session3_natural,5,228,12.6,0.6223658323287964,-0.338784847537247
COHFACE_s22_session3_natural,5,229,12.633333333333333,0.46335434913635254,-0.524900770142909
COHFACE_s22_session3_natural,5,230,12.666666666666666,0.2413710504770279,-0.6453484276870308
COHFACE_s22_session3_natural,5,231,12.7,0.020070208236575127,-0.6888013756939628
COHFACE_s22_session3_natural,5,232,12.733333333333333,-0.16717003285884857,-0.6635472454058903
COHFACE_s22_session3_natural,5,233,12.766666666666667,-0.31082016229629517,-0.5911777061549357
COHFACE_s22_session3_natural,5,234,12.8,-0.42189866304397583,-0.49747407694464657
COHFACE_s22_session3_natural,5,235,12.833333333333334,-0.507962167263031,-0.40469215339961834
COHFACE_s22_session3_natural,5,236,12.866666666666667,-0.5710952281951904,-0.32730620792586496
COHFACE_s22_session3_natural,5,237,12.9,-0.6258155703544617,-0.2708759478982284
COHFACE_s22_session3_natural,5,238,12.933333333333334,-0.6759944558143616,-0.23289957766353286
COHFACE_s22_session3_natural,5,239,12.966666666666667,-0.736162006855011,-0.20491028595998165
COHFACE_s22_session3_natural,6,0,6.0,-0.569382905960083,-0.06875599039987683
COHFACE_s22_session3_natural,6,1,6.033333333333333,-0.6522078514099121,-0.15786179985983034
COHFACE_s22_session3_natural,6,2,6.066666666666666,-0.7104769349098206,-0.26027670063113517
COHFACE_s22_session3_natural,6,3,6.1,-0.7607923150062561,-0.37997956037574837
COHFACE_s22_session3_natural,6,4,6.133333333333334,-0.8197314143180847,-0.5093748870905485
COHFACE_s22_session3_natural,6,5,6.166666666666667,-0.8792164921760559,-0.6320181828930874
COHFACE_s22_session3_natural,6,6,6.2,-0.9454640746116638,-0.7296965140465943
COHFACE_s22_session3_natural,6,7,6.233333333333333,-1.0145903825759888,-0.7892603502871457
COHFACE_s22_session3_natural,6,8,6.266666666666667,-1.0907272100448608,-0.8056500019429784
COHFACE_s22_session3_natural,6,9,6.3,-1.1644941568374634,-0.7807707520353713
COHFACE_s22_session3_natural,6,10,6.333333333333333,-1.224475622177124,-0.7203441565376777
COHFACE_s22_session3_natural,6,11,6.366666666666666,-1.2718626260757446,-0.6313203319803348
COHFACE_s22_session3_natural,6,12,6.4,-1.317003846168518,-0.5211643291777037
COHFACE_s22_session3_natural,6,13,6.433333333333334,-1.3819608688354492,-0.398511748946921
COHFACE_s22_session3_natural,6,14,6.466666666666667,-1.4466326236724854,-0.2735599549907601
COHFACE_s22_session3_natural,6,15,6.5,-1.3367700576782227,-0.15660081221641822
COHFACE_s22_session3_natural,6,16,6.533333333333333,-0.530023992061615,-0.054269296805566775
COHFACE_s22_session3_natural,6,17,6.566666666666666,0.7165195345878601,0.03479369108060815
COHFACE_s22_session3_natural,6,18,6.6,1.4396342039108276,0.12127156080401226
COHFACE_s22_session3_natural,6,19,6.633333333333334,1.4880014657974243,0.22087612049652547
COHFACE_s22_session3_natural,6,20,6.666666666666667,1.2555580139160156,0.3461679390487737
COHFACE_s22_session3_natural,6,21,6.7,1.0165382623672485,0.4996264472567242
COHFACE_s22_session3_natural,6,22,6.733333333333333,0.8422645926475525,0.6717631713772055
COHFACE_s22_session3_natural,6,23,6.766666666666667,0.6514259576797485,0.8441061405567138
COHFACE_s22_session3_natural,6,24,6.8,0.4184117317199707,0.9943249700103359
COHFACE_s22_session3_natural,6,25,6.833333333333333,0.2794022858142853,1.100899755742796
COHFACE_s22_session3_natural,6,26,6.866666666666666,0.2945651412010193,1.1465491060331168
COHFACE_s22_session3_natural,6,27,6.9,0.3510350286960602,1.1211873893922444
COHFACE_s22_session3_natural,6,28,6.933333333333334,0.3106462061405182,1.0249960272813057
COHFACE_s22_session3_natural,6,29,6.966666666666667,0.15556812286376953,0.8703966360452681
COHFACE_s22_session3_natural,6,30,7.0,-0.04842324182391167,0.6800834035520759
COHFACE_s22_session3_natural,6,31,7.033333333333333,-0.24925050139427185,0.47956920838507955
COHFACE_s22_session3_natural,6,32,7.066666666666666,-0.4229905903339386,0.28727663838820905
COHFACE_s22_session3_natural,6,33,7.1,-0.5560564994812012,0.10857538796585889
COHFACE_s22_session3_natural,6,34,7.133333333333334,-0.6507064700126648,-0.061824187543568894
COHFACE_s22_session3_natural,6,35,7.166666666666667,-0.7200188636779785,-0.23075887336266493
COHFACE_s22_session3_natural,6,36,7.2,-0.7666738033294678,-0.3978001018810633
COHFACE_s22_session3_natural,6,37,7.233333333333333,-0.8077698945999146,-0.5537550791457682
COHFACE_s22_session3_natural,6,38,7.266666666666667,-0.8578495383262634,-0.6872788229475341
COHFACE_s22_session3_natural,6,39,7.3,-0.9176944494247437,-0.7934427749258924
COHFACE_s22_session3_natural,6,40,7.333333333333333,-0.9760627746582031,-0.8765898713507022
COHFACE_s22_session3_natural,6,41,7.366666666666666,-1.0337238311767578,-0.9446920553662438
COHFACE_s22_session3_natural,6,42,7.4,-1.107168197631836,-0.9999002605164506
COHFACE_s22_session3_natural,6,43,7.433333333333334,-1.206409215927124,-1.0337096481885144
COHFACE_s22_session3_natural,6,44,7.466666666666667,-1.2864174842834473,-1.0314785867315637
COHFACE_s22_session3_natural,6,45,7.5,-1.1147247552871704,-0.9830852854151797
COHFACE_s22_session3_natural,6,46,7.533333333333333,-0.2828519940376282,-0.890812022874728
COHFACE_s22_session3_natural,6,47,7.566666666666666,0.7405542731285095,-0.7672574931019256
COHFACE_s22_session3_natural,6,48,7.6,1.1865806579589844,-0.6247995498076987
COHFACE_s22_session3_natural,6,49,7.633333333333334,1.100244164466858,-0.46591436165956684
COHFACE_s22_session3_natural,6,50,7.666666666666667,0.833926260471344,-0.28305956005631405
COHFACE_s22_session3_natural,6,51,7.7,0.5842849612236023,-0.06880590649832437
COHFACE_s22_session3_natural,6,52,7.733333333333333,0.3743128478527069,0.17185183288667244
COHFACE_s22_session3_natural,6,53,7.766666666666667,0.14690716564655304,0.41703081064258224
COHFACE_s22_session3_natural,6,54,7.8,-0.013357572257518768,0.6344123701182411
COHFACE_s22_session3_natural,6,55,7.833333333333333,-0.01665816269814968,0.7932205670314838
COHFACE_s22_session3_natural,6,56,7.866666666666666,0.08517620712518692,0.8743090185552219
COHFACE_s22_session3_natural,6,57,7.9,0.14183220267295837,0.8746915311287382
COHFACE_s22_session3_natural,6,58,7.933333333333334,0.06446686387062073,0.8072488033652259
COHFACE_s22_session3_natural,6,59,7.966666666666667,-0.10888855904340744,0.6976060406926501
COHFACE_s22_session3_natural,6,60,8.0,-0.3076932728290558,0.5782050920688112
COHFACE_s22_session3_natural,6,61,8.033333333333333,-0.47960934042930603,0.4786623173457237
COHFACE_s22_session3_natural,6,62,8.066666666666666,-0.6123402118682861,0.4145694832642176
COHFACE_s22_session3_natural,6,63,8.1,-0.7122513055801392,0.3805113552384369
COHFACE_s22_session3_natural,6,64,8.133333333333333,-0.7719473242759705,0.3525290639713776
COHFACE_s22_session3_natural,6,65,8.166666666666666,-0.8051393628120422,0.30034739623857576
COHFACE_s22_session3_natural,6,66,8.2,-0.8353906273841858,0.20363782375891704
COHFACE_s22_session3_natural,6,67,8.233333333333333,-0.8789807558059692,0.06365716720583178
COHFACE_s22_session3_natural,6,68,8.266666666666667,-0.9450669884681702,-0.09585918967603704
COHFACE_s22_session3_natural,6,69,8.3,-0.9962385296821594,-0.23845395766131616
COHFACE_s22_session3_natural,6,70,8.333333333333334,-0.8221386075019836,-0.32944544070897197
COHFACE_s22_session3_natural,6,71,8.366666666666667,-0.07160182297229767,-0.34754781530688433
COHFACE_s22_session3_natural,6,72,8.4,0.8190611600875854,-0.2892666478518402
COHFACE_s22_session3_natural,6,73,8.433333333333334,1.1951298713684082,-0.16662264850364253
COHFACE_s22_session3_natural,6,74,8.466666666666667,1.099052906036377,-0.0014576924193535346
COHFACE_s22_session3_natural,6,75,8.5,0.8535312414169312,0.18042105696911895
COHFACE_s22_session3_natural,6,76,8.533333333333333,0.6462268829345703,0.3533149987384081
COHFACE_s22_session3_natural,6,77,8.566666666666666,0.46614620089530945,0.49348878866632384
COHFACE_s22_session3_natural,6,78,8.6,0.2523895502090454,0.5794937071461601
COHFACE_s22_session3_natural,6,79,8.633333333333333,0.09407291561365128,0.5923145837045225
COHFACE_s22_session3_natural,6,80,8.666666666666666,0.09216204285621643,0.5168835584181845
COHFACE_s22_session3_natural,6,81,8.7,0.19357453286647797,0.3458227325699686
COHFACE_s22_session3_natural,6,82,8.733333333333333,0.23527860641479492,0.084644414811686
COHFACE_s22_session3_natural,6,83,8.766666666666667,0.13567772507667542,-0.2441113865739519
COHFACE_s22_session3_natural,6,84,8.8,-0.037814199924468994,-0.6009380636003804
COHFACE_s22_session3_natural,6,85,8.833333333333334,-0.21723724901676178,-0.935295146480899
COHFACE_s22_session3_natural,6,86,8.866666666666667,-0.37418898940086365,-1.1959872280494508
COHFACE_s22_session3_natural,6,87,8.9,-0.4965713918209076,-1.3422345706339405
COHFACE_s22_session3_natural,6,88,8.933333333333334,-0.5833793878555298,-1.3519678425736943
COHFACE_s22_session3_natural,6,89,8.966666666666667,-0.6274286508560181,-1.2257577934179944
COHFACE_s22_session3_natural,6,90,9.0,-0.656674861907959,-0.9863322741197103
COHFACE_s22_session3_natural,6,91,9.033333333333333,-0.6998679041862488,-0.6742706706674211
COHFACE_s22_session3_natural,6,92,9.066666666666666,-0.7572559714317322,-0.34059425831291273
COHFACE_s22_session3_natural,6,93,9.1,-0.7928799986839294,-0.03712962321144145
COHFACE_s22_session3_natural,6,94,9.133333333333333,-0.5750410556793213,0.19391595775514728
COHFACE_s22_session3_natural,6,95,9.166666666666666,0.1993071436882019,0.32877867977726116
COHFACE_s22_session3_natural,6,96,9.2,1.0745714902877808,0.36635558562763815
COHFACE_s22_session3_natural,6,97,9.233333333333333,1.4407881498336792,0.32592050725368676
COHFACE_s22_session3_natural,6,98,9.266666666666667,1.3600600957870483,0.23951448802152817
COHFACE_s22_session3_natural,6,99,9.3,1.1467502117156982,0.14285609836902702
COHFACE_s22_session3_natural,6,100,9.333333333333334,0.9709131121635437,0.06853356738137621
COHFACE_s22_session3_natural,6,101,9.366666666666667,0.8295336961746216,0.04270003160275071
COHFACE_s22_session3_natural,6,102,9.4,0.6372557282447815,0.0836026265234499
COHFACE_s22_session3_natural,6,103,9.433333333333334,0.4516409635543823,0.1994293367484604
COHFACE_s22_session3_natural,6,104,9.466666666666667,0.3979381322860718,0.38495194152636186
COHFACE_s22_session3_natural,6,105,9.5,0.44033706188201904,0.6192276234466707
COHFACE_s22_session3_natural,6,106,9.533333333333333,0.4486381709575653,0.8674663606312758
COHFACE_s22_session3_natural,6,107,9.566666666666666,0.3492606282234192,1.088116265622761
COHFACE_s22_session3_natural,6,108,9.6,0.17496217787265778,1.242644158336876
COHFACE_s22_session3_natural,6,109,9.633333333333333,-0.009994941763579845,1.303754749515628
COHFACE_s22_session3_natural,6,110,9.666666666666666,-0.16890718042850494,1.2597063250738125
COHFACE_s22_session3_natural,6,111,9.7,-0.3057575821876526,1.1152837346258586
COHFACE_s22_session3_natural,6,112,9.733333333333333,-0.4092918932437897,0.8906560866793851
COHFACE_s22_session3_natural,6,113,9.766666666666667,-0.47922468185424805,0.6180753223080809
COHFACE_s22_session3_natural,6,114,9.8,-0.5269839763641357,0.33535113087853036
COHFACE_s22_session3_natural,6,115,9.833333333333334,-0.5587738752365112,0.07591531670484566
COHFACE_s22_session3_natural,6,116,9.866666666666667,-0.6019048690795898,-0.14191741228325186
COHFACE_s22_session3_natural,6,117,9.9,-0.6615140438079834,-0.32121180611531386
COHFACE_s22_session3_natural,6,118,9.933333333333334,-0.7451207041740417,-0.4830813479069254
COHFACE_s22_session3_natural,6,119,9.966666666666667,-0.801578164100647,-0.6532872702301027
COHFACE_s22_session3_natural,6,120,10.0,-0.536439061164856,-0.8455223977688283
COHFACE_s22_session3_natural,6,121,10.033333333333333,0.3171481192111969,-1.0515018651837666
COHFACE_s22_session3_natural,6,122,10.066666666666666,1.195229172706604,-1.243353770728174
COHFACE_s22_session3_natural,6,123,10.1,1.54777193069458,-1.3854757822233776
COHFACE_s22_session3_natural,6,124,10.133333333333333,1.4888079166412354,-1.4479761982671955
COHFACE_s22_session3_natural,6,125,10.166666666666666,1.3305658102035522,-1.4149444931944828
COHFACE_s22_session3_natural,6,126,10.2,1.1988648176193237,-1.28623908725569
COHFACE_s22_session3_natural,6,127,10.233333333333333,1.0447421073913574,-1.0758063765827344
COHFACE_s22_session3_natural,6,128,10.266666666666667,0.8012429475784302,-0.8089961952273014
COHFACE_s22_session3_natural,6,129,10.3,0.595564067363739,-0.5182989034190768
COHFACE_s22_session3_natural,6,130,10.333333333333334,0.5500878691673279,-0.23585753483702118
COHFACE_s22_session3_natural,6,131,10.366666666666667,0.5854637622833252,0.016360580194751125
COHFACE_s22_session3_natural,6,132,10.4,0.5648909211158752,0.23368214074247834
COHFACE_s22_session3_natural,6,133,10.433333333333334,0.4399276077747345,0.42709925117248465
COHFACE_s22_session3_natural,6,134,10.466666666666667,0.25859367847442627,0.6117583148938379
COHFACE_s22_session3_natural,6,135,10.5,0.06678720563650131,0.7916317873251708
COHFACE_s22_session3_natural,6,136,10.533333333333333,-0.10550111532211304,0.950144996471395
COHFACE_s22_session3_natural,6,137,10.566666666666666,-0.23769843578338623,1.0537621791282226
COHFACE_s22_session3_natural,6,138,10.6,-0.34890103340148926,1.0675523526823523
COHFACE_s22_session3_natural,6,139,10.633333333333333,-0.43646591901779175,0.9739482907332189
COHFACE_s22_session3_natural,6,140,10.666666666666666,-0.4958641231060028,0.7837451906786232
COHFACE_s22_session3_natural,6,141,10.7,-0.5504355430603027,0.5332758043543658
COHFACE_s22_session3_natural,6,142,10.733333333333333,-0.6093746423721313,0.2704663254258132
COHFACE_s22_session3_natural,6,143,10.766666666666667,-0.6694925427436829,0.03845804304484337
COHFACE_s22_session3_natural,6,144,10.8,-0.7316081523895264,-0.13561792783979665
COHFACE_s22_session3_natural,6,145,10.833333333333334,-0.8005483150482178,-0.24432163269625506
COHFACE_s22_session3_natural,6,146,10.866666666666667,-0.8634456396102905,-0.29758265146905905
COHFACE_s22_session3_natural,6,147,10.9,-0.9276706576347351,-0.31653831546938005
COHFACE_s22_session3_natural,6,148,10.933333333333334,-0.9917343854904175,-0.324389684490222
COHFACE_s22_session3_natural,6,149,10.966666666666667,-1.0675983428955078,-0.3353744598874118
COHFACE_s22_session3_natural,6,150,11.0,-1.1305452585220337,-0.3460217214202993
COHFACE_s22_session3_natural,6,151,11.033333333333333,-0.947163999080658,-0.33456072522364405
COHFACE_s22_session3_natural,6,152,11.066666666666666,-0.07062157243490219,-0.2708343349781389
COHFACE_s22_session3_natural,6,153,11.1,1.0603517293930054,-0.13252658494721564
COHFACE_s22_session3_natural,6,154,11.133333333333333,1.6456853151321411,0.08095557295542315
COHFACE_s22_session3_natural,6,155,11.166666666666666,1.6809742450714111,0.3444367056879934
COHFACE_s22_session3_natural,6,156,11.2,1.5271122455596924,0.6138970419415534
COHFACE_s22_session3_natural,6,157,11.233333333333333,1.3893312215805054,0.8394129997610815
COHFACE_s22_session3_natural,6,158,11.266666666666667,1.2616628408432007,0.9780674932217529
COHFACE_s22_session3_natural,6,159,11.3,1.0456851720809937,1.003301127900634
COHFACE_s22_session3_natural,6,160,11.333333333333334,0.7829284071922302,0.9096089932880981
COHFACE_s22_session3_natural,6,161,11.366666666666667,0.6529521346092224,0.7124481173264144
COHFACE_s22_session3_natural,6,162,11.4,0.6789101958274841,0.44337597894087544
COHFACE_s22_session3_natural,6,163,11.433333333333334,0.6964802145957947,0.14132174294085845
COHFACE_s22_session3_natural,6,164,11.466666666666667,0.6028228998184204,-0.15707181482621083
COHFACE_s22_session3_natural,6,165,11.5,0.42898353934288025,-0.42403467721531807
COHFACE_s22_session3_natural,6,166,11.533333333333333,0.22099673748016357,-0.6419524049546648
COHFACE_s22_session3_natural,6,167,11.566666666666666,0.018271014094352722,-0.800505826757121
COHFACE_s22_session3_natural,6,168,11.6,-0.14379292726516724,-0.8932658558167353
COHFACE_s22_session3_natural,6,169,11.633333333333333,-0.26715558767318726,-0.9171252145634795
COHFACE_s22_session3_natural,6,170,11.666666666666666,-0.36998260021209717,-0.8751958230847615
COHFACE_s22_session3_natural,6,171,11.7,-0.45603370666503906,-0.7807114770970185
COHFACE_s22_session3_natural,6,172,11.733333333333333,-0.5166479349136353,-0.65836637761561
COHFACE_s22_session3_natural,6,173,11.766666666666667,-0.5756862759590149,-0.5408319802041175
COHFACE_s22_session3_natural,6,174,11.8,-0.6347494721412659,-0.46081220847658044
COHFACE_s22_session3_natural,6,175,11.833333333333334,-0.707424521446228,-0.4411280671933625
COHFACE_s22_session3_natural,6,176,11.866666666666667,-0.7875816822052002,-0.4859031843917248
COHFACE_s22_session3_natural,6,177,11.9,-0.8680739402770996,-0.5756888381573841
COHFACE_s22_session3_natural,6,178,11.933333333333334,-0.951779842376709,-0.6691344142312563
COHFACE_s22_session3_natural,6,179,11.966666666666667,-1.0284751653671265,-0.7128020474182979
COHFACE_s22_session3_natural,6,180,12.0,-1.086061716079712,-0.6580034934051194
COHFACE_s22_session3_natural,6,181,12.033333333333333,-1.132667064666748,-0.4796032960211431
COHFACE_s22_session3_natural,6,182,12.066666666666666,-1.1714303493499756,-0.18863422743560398
COHFACE_s22_session3_natural,6,183,12.1,-1.219549536705017,0.16868685758796673
COHFACE_s22_session3_natural,6,184,12.133333333333333,-1.2843577861785889,0.5271150232415637
COHFACE_s22_session3_natural,6,185,12.166666666666666,-1.2418471574783325,0.8270413717445727
COHFACE_s22_session3_natural,6,186,12.2,-0.6205296516418457,1.0353665968424235
COHFACE_s22_session3_natural,6,187,12.233333333333333,0.6108261942863464,1.1519197258186538
COHFACE_s22_session3_natural,6,188,12.266666666666667,1.5374234914779663,1.1997856329856116
COHFACE_s22_session3_natural,6,189,12.3,1.7697800397872925,1.2072927166274492
COHFACE_s22_session3_natural,6,190,12.333333333333334,1.6196155548095703,1.1921912507950552
COHFACE_s22_session3_natural,6,191,12.366666666666667,1.3997044563293457,1.1549613441906654
COHFACE_s22_session3_natural,6,192,12.4,1.2232469320297241,1.0823657528196509
COHFACE_s22_session3_natural,6,193,12.433333333333334,1.0351381301879883,0.9576770800736489
COHFACE_s22_session3_natural,6,194,12.466666666666667,0.7720711827278137,0.7720873419044564
COHFACE_s22_session3_natural,6,195,12.5,0.5948196053504944,0.5323707377428817
COHFACE_s22_session3_natural,6,196,12.533333333333333,0.6027235984802246,0.2618057515255856
COHFACE_s22_session3_natural,6,197,12.566666666666666,0.6630648374557495,-0.006040139792453431
COHFACE_s22_session3_natural,6,198,12.6,0.6223658323287964,-0.23835490292812309
COHFACE_s22_session3_natural,6,199,12.633333333333333,0.46335434913635254,-0.4146419738642056
COHFACE_s22_session3_natural,6,200,12.666666666666666,0.2413710504770279,-0.5339106610118676
COHFACE_s22_session3_natural,6,201,12.7,0.020070208236575127,-0.613763213848142
COHFACE_s22_session3_natural,6,202,12.733333333333333,-0.16717003285884857,-0.6805329726976382
COHFACE_s22_session3_natural,6,203,12.766666666666667,-0.31082016229629517,-0.7541044459327484
COHFACE_s22_session3_natural,6,204,12.8,-0.42189866304397583,-0.8353474305438057
COHFACE_s22_session3_natural,6,205,12.833333333333334,-0.507962167263031,-0.9040805330825928
COHFACE_s22_session3_natural,6,206,12.866666666666667,-0.5710952281951904,-0.9293231737171068
COHFACE_s22_session3_natural,6,207,12.9,-0.6258155703544617,-0.8857513103795378
COHFACE_s22_session3_natural,6,208,12.933333333333334,-0.6759944558143616,-0.7667399580660545
COHFACE_s22_session3_natural,6,209,12.966666666666667,-0.736162006855011,-0.5873369752005788
COHFACE_s22_session3_natural,6,210,13.0,-0.8105989694595337,-0.3776295097241792
COHFACE_s22_session3_natural,6,211,13.033333333333333,-0.8860782384872437,-0.1723589300492302
COHFACE_s22_session3_natural,6,212,13.066666666666666,-0.9602919220924377,-0.00221308383875694
COHFACE_s22_session3_natural,6,213,13.1,-1.0389724969863892,0.11178855009821793
COHFACE_s22_session3_natural,6,214,13.133333333333333,-1.1190428733825684,0.16228946517940968
COHFACE_s22_session3_natural,6,215,13.166666666666666,-1.212005376815796,0.15879402218276448
COHFACE_s22_session3_natural,6,216,13.2,-1.2906115055084229,0.1277562682251364
COHFACE_s22_session3_natural,6,217,13.233333333333333,-1.1237083673477173,0.10583557911591746
COHFACE_s22_session3_natural,6,218,13.266666666666667,-0.24839432537555695,0.12592119341391894
COHFACE_s22_session3_natural,6,219,13.3,0.9163293242454529,0.20149707042328172
COHFACE_s22_session3_natural,6,220,13.333333333333334,1.5081896781921387,0.31860204269340864
COHFACE_s22_session3_natural,6,221,13.366666666666667,1.4772931337356567,0.4417787180367688
COHFACE_s22_session3_natural,6,222,13.4,1.1930204629898071,0.5313556374223611
COHFACE_s22_session3_natural,6,223,13.433333333333334,0.9068990349769592,0.5613625431207081
COHFACE_s22_session3_natural,6,224,13.466666666666667,0.6650377511978149,0.5273574844154912
COHFACE_s22_session3_natural,6,225,13.5,0.3993898928165436,0.4412623956608275
COHFACE_s22_session3_natural,6,226,13.533333333333333,0.20907242596149445,0.3200283572165168
COHFACE_s22_session3_natural,6,227,13.566666666666666,0.21536339819431305,0.1785478208459669
COHFACE_s22_session3_natural,6,228,13.6,0.34690308570861816,0.03128848135431122
COHFACE_s22_session3_natural,6,229,13.633333333333333,0.4199627637863159,-0.10220552990442773
COHFACE_s22_session3_natural,6,230,13.666666666666666,0.32562294602394104,-0.19681755094166642
COHFACE_s22_session3_natural,6,231,13.7,0.11834341287612915,-0.23070155662272496
COHFACE_s22_session3_natural,6,232,13.733333333333333,-0.11335552483797073,-0.1982971751344803
COHFACE_s22_session3_natural,6,233,13.766666666666667,-0.322148859500885,-0.11699745177641613
COHFACE_s22_session3_natural,6,234,13.8,-0.4795224964618683,-0.021509448996578223
COHFACE_s22_session3_natural,6,235,13.833333333333334,-0.5864442586898804,0.05072066150805703
COHFACE_s22_session3_natural,6,236,13.866666666666667,-0.6557566523551941,0.07410616655776103
COHFACE_s22_session3_natural,6,237,13.9,-0.7068537473678589,0.04209880011273162
COHFACE_s22_session3_natural,6,238,13.933333333333334,-0.731744647026062,-0.03428231948224204
COHFACE_s22_session3_natural,6,239,13.966666666666667,-0.7543524503707886,-0.13258559336509088
COHFACE_s22_session3_natural,7,0,7.0,-0.04842324182391167,0.024506341131045006
COHFACE_s22_session3_natural,7,1,7.033333333333333,-0.24925050139427185,0.30234128887236544
COHFACE_s22_session3_natural,7,2,7.066666666666666,-0.4229905903339386,0.5022819488482074
COHFACE_s22_session3_natural,7,3,7.1,-0.5560564994812012,0.5746723880087132
COHFACE_s22_session3_natural,7,4,7.133333333333334,-0.6507064700126648,0.5118988330474872
COHFACE_s22_session3_natural,7,5,7.166666666666667,-0.7200188636779785,0.34610631460979313
COHFACE_s22_session3_natural,7,6,7.2,-0.7666738033294678,0.13013440564973142
COHFACE_s22_session3_natural,7,7,7.233333333333333,-0.8077698945999146,-0.08842520354376691
COHFACE_s22_session3_natural,7,8,7.266666666666667,-0.8578495383262634,-0.2865635246818177
COHFACE_s22_session3_natural,7,9,7.3,-0.9176944494247437,-0.4687761822897019
COHFACE_s22_session3_natural,7,10,7.333333333333333,-0.9760627746582031,-0.652870469040325
COHFACE_s22_session3_natural,7,11,7.366666666666666,-1.0337238311767578,-0.8477295338888848
COHFACE_s22_session3_natural,7,12,7.4,-1.107168197631836,-1.037103658180797
COHFACE_s22_session3_natural,7,13,7.433333333333334,-1.206409215927124,-1.1800919539756598
COHFACE_s22_session3_natural,7,14,7.466666666666667,-1.2864174842834473,-1.2283141760193528
COHFACE_s22_session3_natural,7,15,7.5,-1.1147247552871704,-1.1491316787210446
COHFACE_s22_session3_natural,7,16,7.533333333333333,-0.2828519940376282,-0.9410418499926485
COHFACE_s22_session3_natural,7,17,7.566666666666666,0.7405542731285095,-0.6329407171248432
COHFACE_s22_session3_natural,7,18,7.6,1.1865806579589844,-0.26932933825479244
COHFACE_s22_session3_natural,7,19,7.633333333333334,1.100244164466858,0.10817886015082888
COHFACE_s22_session3_natural,7,20,7.666666666666667,0.833926260471344,0.4718116542509072
COHFACE_s22_session3_natural,7,21,7.7,0.5842849612236023,0.8061297521942865
COHFACE_s22_session3_natural,7,22,7.733333333333333,0.3743128478527069,1.0980077004458249
COHFACE_s22_session3_natural,7,23,7.766666666666667,0.14690716564655304,1.3270441388736427
COHFACE_s22_session3_natural,7,24,7.8,-0.013357572257518768,1.4631897833199232
COHFACE_s22_session3_natural,7,25,7.833333333333333,-0.01665816269814968,1.4727385380338114
COHFACE_s22_session3_natural,7,26,7.866666666666666,0.08517620712518692,1.329864038750095
COHFACE_s22_session3_natural,7,27,7.9,0.14183220267295837,1.0294912844627533
COHFACE_s22_session3_natural,7,28,7.933333333333334,0.06446686387062073,0.5970222573685012
COHFACE_s22_session3_natural,7,29,7.966666666666667,-0.10888855904340744,0.09040029040993945
COHFACE_s22_session3_natural,7,30,8.0,-0.3076932728290558,-0.40919201552523315
COHFACE_s22_session3_natural,7,31,8.033333333333333,-0.47960934042930603,-0.8178596324182235
COHFACE_s22_session3_natural,7,32,8.066666666666666,-0.6123402118682861,-1.0738128206029567
COHFACE_s22_session3_natural,7,33,8.1,-0.7122513055801392,-1.1551667808234443
COHFACE_s22_session3_natural,7,34,8.133333333333333,-0.7719473242759705,-1.0821929302582773
COHFACE_s22_session3_natural,7,35,8.166666666666666,-0.8051393628120422,-0.9036857587457255
COHFACE_s22_session3_natural,7,36,8.2,-0.8353906273841858,-0.6752629272796589
COHFACE_s22_session3_natural,7,37,8.233333333333333,-0.8789807558059692,-0.4404838532659944
COHFACE_s22_session3_natural,7,38,8.266666666666667,-0.9450669884681702,-0.22207738138826874
COHFACE_s22_session3_natural,7,39,8.3,-0.9962385296821594,-0.02398542583738907
COHFACE_s22_session3_natural,7,40,8.333333333333334,-0.8221386075019836,0.15987769565939955
COHFACE_s22_session3_natural,7,41,8.366666666666667,-0.07160182297229767,0.3358152964084656
COHFACE_s22_session3_natural,7,42,8.4,0.8190611600875854,0.5041293781360312
COHFACE_s22_session3_natural,7,43,8.433333333333334,1.1951298713684082,0.6583447000295521
COHFACE_s22_session3_natural,7,44,8.466666666666667,1.099052906036377,0.7884056776865146
COHFACE_s22_session3_natural,7,45,8.5,0.8535312414169312,0.8843962072284001
COHFACE_s22_session3_natural,7,46,8.533333333333333,0.6462268829345703,0.9378181389393669
COHFACE_s22_session3_natural,7,47,8.566666666666666,0.46614620089530945,0.939647512304122
COHFACE_s22_session3_natural,7,48,8.6,0.2523895502090454,0.8768104180692732
COHFACE_s22_session3_natural,7,49,8.633333333333333,0.09407291561365128,0.7306112662551889
COHFACE_s22_session3_natural,7,50,8.666666666666666,0.09216204285621643,0.48113353417888216
COHFACE_s22_session3_natural,7,51,8.7,0.19357453286647797,0.1190715339337459
COHFACE_s22_session3_natural,7,52,8.733333333333333,0.23527860641479492,-0.3390562526189366
COHFACE_s22_session3_natural,7,53,8.766666666666667,0.13567772507667542,-0.8410409012588282
COHFACE_s22_session3_natural,7,54,8.8,-0.037814199924468994,-1.3029216512064858
COHFACE_s22_session3_natural,7,55,8.833333333333334,-0.21723724901676178,-1.629114950881575
COHFACE_s22_session3_natural,7,56,8.866666666666667,-0.37418898940086365,-1.7421423836885783
COHFACE_s22_session3_natural,7,57,8.9,-0.4965713918209076,-1.6092548801579285
COHFACE_s22_session3_natural,7,58,8.933333333333334,-0.5833793878555298,-1.2542655931861324
COHFACE_s22_session3_natural,7,59,8.966666666666667,-0.6274286508560181,-0.7498804164998626
COHFACE_s22_session3_natural,7,60,9.0,-0.656674861907959,-0.19440370962851722
COHFACE_s22_session3_natural,7,61,9.033333333333333,-0.6998679041862488,0.31738030467403344
COHFACE_s22_session3_natural,7,62,9.066666666666666,-0.7572559714317322,0.7183941500645253
COHFACE_s22_session3_natural,7,63,9.1,-0.7928799986839294,0.9809519580090379
COHFACE_s22_session3_natural,7,64,9.133333333333333,-0.5750410556793213,1.1134860707380931
COHFACE_s22_session3_natural,7,65,9.166666666666666,0.1993071436882019,1.1452847222777174
COHFACE_s22_session3_natural,7,66,9.2,1.0745714902877808,1.106560273126453
COHFACE_s22_session3_natural,7,67,9.233333333333333,1.4407881498336792,1.012737726429991
COHFACE_s22_session3_natural,7,68,9.266666666666667,1.3600600957870483,0.8597343898636722
COHFACE_s22_session3_natural,7,69,9.3,1.1467502117156982,0.6320885994244686
COHFACE_s22_session3_natural,7,70,9.333333333333334,0.9709131121635437,0.32001160870201684
COHFACE_s22_session3_natural,7,71,9.366666666666667,0.8295336961746216,-0.06326764156371187
COHFACE_s22_session3_natural,7,72,9.4,0.6372557282447815,-0.47394245625638787
COHFACE_s22_session3_natural,7,73,9.433333333333334,0.4516409635543823,-0.8457649476281086
COHFACE_s22_session3_natural,7,74,9.466666666666667,0.3979381322860718,-1.1107912071181016
COHFACE_s22_session3_natural,7,75,9.5,0.44033706188201904,-1.2220013676921497
COHFACE_s22_session3_natural,7,76,9.533333333333333,0.4486381709575653,-1.1665500355153733
COHFACE_s22_session3_natural,7,77,9.566666666666666,0.3492606282234192,-0.9646430299243766
COHFACE_s22_session3_natural,7,78,9.6,0.17496217787265778,-0.6573704965719898
COHFACE_s22_session3_natural,7,79,9.633333333333333,-0.009994941763579845,-0.29173009872887945
COHFACE_s22_session3_natural,7,80,9.666666666666666,-0.16890718042850494,0.0901260893995799
COHFACE_s22_session3_natural,7,81,9.7,-0.3057575821876526,0.45493974524854297
COHFACE_s22_session3_natural,7,82,9.733333333333333,-0.4092918932437897,0.7769336778812751
COHFACE_s22_session3_natural,7,83,9.766666666666667,-0.47922468185424805,1.033849055610307
COHFACE_s22_session3_natural,7,84,9.8,-0.5269839763641357,1.2035599759179105
COHFACE_s22_session3_natural,7,85,9.833333333333334,-0.5587738752365112,1.2637446208258625
COHFACE_s22_session3_natural,7,86,9.866666666666667,-0.6019048690795898,1.1958474314714793
COHFACE_s22_session3_natural,7,87,9.9,-0.6615140438079834,0.9926565258944577
COHFACE_s22_session3_natural,7,88,9.933333333333334,-0.7451207041740417,0.6664886198991858
COHFACE_s22_session3_natural,7,89,9.966666666666667,-0.801578164100647,0.25333361096092466
COHFACE_s22_session3_natural,7,90,10.0,-0.536439061164856,-0.19121718765730286
COHFACE_s22_session3_natural,7,91,10.033333333333333,0.3171481192111969,-0.6049362894373558
COHFACE_s22_session3_natural,7,92,10.066666666666666,1.195229172706604,-0.9360535438513775
COHFACE_s22_session3_natural,7,93,10.1,1.54777193069458,-1.1561736093372603
COHFACE_s22_session3_natural,7,94,10.133333333333333,1.4888079166412354,-1.262390733038432
COHFACE_s22_session3_natural,7,95,10.166666666666666,1.3305658102035522,-1.2684154186997687
COHFACE_s22_session3_natural,7,96,10.2,1.1988648176193237,-1.1916866172381306
COHFACE_s22_session3_natural,7,97,10.233333333333333,1.0447421073913574,-1.0452377993566977
COHFACE_s22_session3_natural,7,98,10.266666666666667,0.8012429475784302,-0.8374101873112832
COHFACE_s22_session3_natural,7,99,10.3,0.595564067363739,-0.5757218158717298
COHFACE_s22_session3_natural,7,100,10.333333333333334,0.5500878691673279,-0.27001975272064965
COHFACE_s22_session3_natural,7,101,10.366666666666667,0.5854637622833252,0.06664081515705235
COHFACE_s22_session3_natural,7,102,10.4,0.5648909211158752,0.4178672857065581
COHFACE_s22_session3_natural,7,103,10.433333333333334,0.4399276077747345,0.7629188398573002
COHFACE_s22_session3_natural,7,104,10.466666666666667,0.25859367847442627,1.0756360680047317
COHFACE_s22_session3_natural,7,105,10.5,0.06678720563650131,1.3258001797159438
COHFACE_s22_session3_natural,7,106,10.533333333333333,-0.10550111532211304,1.4838631997052496
COHFACE_s22_session3_natural,7,107,10.566666666666666,-0.23769843578338623,1.5271697850082544
COHFACE_s22_session3_natural,7,108,10.6,-0.34890103340148926,1.4447449767136382
COHFACE_s22_session3_natural,7,109,10.633333333333333,-0.43646591901779175,1.2388866924223516
COHFACE_s22_session3_natural,7,110,10.666666666666666,-0.4958641231060028,0.9238657696775843
COHFACE_s22_session3_natural,7,111,10.7,-0.5504355430603027,0.5234887498817621
COHFACE_s22_session3_natural,7,112,10.733333333333333,-0.6093746423721313,0.06919059672920351
COHFACE_s22_session3_natural,7,113,10.766666666666667,-0.6694925427436829,-0.4011131017173412
COHFACE_s22_session3_natural,7,114,10.8,-0.7316081523895264,-0.8448166914839722
COHFACE_s22_session3_natural,7,115,10.833333333333334,-0.8005483150482178,-1.218685015521868
COHFACE_s22_session3_natural,7,116,10.866666666666667,-0.8634456396102905,-1.4851095701335018
COHFACE_s22_session3_natural,7,117,10.9,-0.9276706576347351,-1.6185223944415648
COHFACE_s22_session3_natural,7,118,10.933333333333334,-0.9917343854904175,-1.609577701787741
COHFACE_s22_session3_natural,7,119,10.966666666666667,-1.0675983428955078,-1.4659899365085634
COHFACE_s22_session3_natural,7,120,11.0,-1.1305452585220337,-1.2105375236526306
COHFACE_s22_session3_natural,7,121,11.033333333333333,-0.947163999080658,-0.8771656133355153
COHFACE_s22_session3_natural,7,122,11.066666666666666,-0.07062157243490219,-0.5052092901862472
COHFACE_s22_session3_natural,7,123,11.1,1.0603517293930054,-0.13180316411319717
COHFACE_s22_session3_natural,7,124,11.133333333333333,1.6456853151321411,0.2152472485906742
COHFACE_s22_session3_natural,7,125,11.166666666666666,1.6809742450714111,0.5203947745275517
COHFACE_s22_session3_natural,7,126,11.2,1.5271122455596924,0.7774153022623426
COHFACE_s22_session3_natural,7,127,11.233333333333333,1.3893312215805054,0.9829432200163868
COHFACE_s22_session3_natural,7,128,11.266666666666667,1.2616628408432007,1.1312506165753713
COHFACE_s22_session3_natural,7,129,11.3,1.0456851720809937,1.2138456893713743
COHFACE_s22_session3_natural,7,130,11.333333333333334,0.7829284071922302,1.2233094500818311
COHFACE_s22_session3_natural,7,131,11.366666666666667,0.6529521346092224,1.1573711377623905
COHFACE_s22_session3_natural,7,132,11.4,0.6789101958274841,1.0196242705808973
COHFACE_s22_session3_natural,7,133,11.433333333333334,0.6964802145957947,0.8165892560261394
COHFACE_s22_session3_natural,7,134,11.466666666666667,0.6028228998184204,0.5541400967361565
COHFACE_s22_session3_natural,7,135,11.5,0.42898353934288025,0.23751576673221034
COHFACE_s22_session3_natural,7,136,11.533333333333333,0.22099673748016357,-0.12270183826878311
COHFACE_s22_session3_natural,7,137,11.566666666666666,0.018271014094352722,-0.5008842188292645
COHFACE_s22_session3_natural,7,138,11.6,-0.14379292726516724,-0.8501131091028347
COHFACE_s22_session3_natural,7,139,11.633333333333333,-0.26715558767318726,-1.1070451702941588
COHFACE_s22_session3_natural,7,140,11.666666666666666,-0.36998260021209717,-1.2094310637043468
COHFACE_s22_session3_natural,7,141,11.7,-0.45603370666503906,-1.1199464542988615
COHFACE_s22_session3_natural,7,142,11.733333333333333,-0.5166479349136353,-0.8461389336578603
COHFACE_s22_session3_natural,7,143,11.766666666666667,-0.5756862759590149,-0.44718079214079853
COHFACE_s22_session3_natural,7,144,11.8,-0.6347494721412659,-0.02212372406145996
COHFACE_s22_session3_natural,7,145,11.833333333333334,-0.707424521446228,0.3189739241729731
COHFACE_s22_session3_natural,7,146,11.866666666666667,-0.7875816822052002,0.4917108519144703
COHFACE_s22_session3_natural,7,147,11.9,-0.8680739402770996,0.46740594140636993
COHFACE_s22_session3_natural,7,148,11.933333333333334,-0.951779842376709,0.2836099202760247
COHFACE_s22_session3_natural,7,149,11.966666666666667,-1.0284751653671265,0.02955557054146999
COHFACE_s22_session3_natural,7,150,12.0,-1.086061716079712,-0.18878900680571647
COHFACE_s22_session3_natural,7,151,12.033333333333333,-1.132667064666748,-0.2904322488666825
COHFACE_s22_session3_natural,7,152,12.066666666666666,-1.1714303493499756,-0.25023918987381116
COHFACE_s22_session3_natural,7,153,12.1,-1.219549536705017,-0.10517942549165074
COHFACE_s22_session3_natural,7,154,12.133333333333333,-1.2843577861785889,0.0668180955075575
COHFACE_s22_session3_natural,7,155,12.166666666666666,-1.2418471574783325,0.1850695917305042
COHFACE_s22_session3_natural,7,156,12.2,-0.6205296516418457,0.20277581576618248
COHFACE_s22_session3_natural,7,157,12.233333333333333,0.6108261942863464,0.12486262960496407
COHFACE_s22_session3_natural,7,158,12.266666666666667,1.5374234914779663,0.0005378453924778856
COHFACE_s22_session3_natural,7,159,12.3,1.7697800397872925,-0.1028837914252265
COHFACE_s22_session3_natural,7,160,12.333333333333334,1.6196155548095703,-0.13083381433388983
COHFACE_s22_session3_natural,7,161,12.366666666666667,1.3997044563293457,-0.06345279853295553
COHFACE_s22_session3_natural,7,162,12.4,1.2232469320297241,0.07865282930265546
COHFACE_s22_session3_natural,7,163,12.433333333333334,1.0351381301879883,0.2447543049115951
COHFACE_s22_session3_natural,7,164,12.466666666666667,0.7720711827278137,0.3752816655659045
COHFACE_s22_session3_natural,7,165,12.5,0.5948196053504944,0.425923439978019
COHFACE_s22_session3_natural,7,166,12.533333333333333,0.6027235984802246,0.3848234765696922
COHFACE_s22_session3_natural,7,167,12.566666666666666,0.6630648374557495,0.27500335804847514
COHFACE_s22_session3_natural,7,168,12.6,0.6223658323287964,0.1407208968291653
COHFACE_s22_session3_natural,7,169,12.633333333333333,0.46335434913635254,0.024620102829976225
COHFACE_s22_session3_natural,7,170,12.666666666666666,0.2413710504770279,-0.052563082673753016
COHFACE_s22_session3_natural,7,171,12.7,0.020070208236575127,-0.09921432948677207
COHFACE_s22_session3_natural,7,172,12.733333333333333,-0.16717003285884857,-0.14349886976166543
COHFACE_s22_session3_natural,7,173,12.766666666666667,-0.31082016229629517,-0.21293443008901056
COHFACE_s22_session3_natural,7,174,12.8,-0.42189866304397583,-0.3142461511663658
COHFACE_s22_session3_natural,7,175,12.833333333333334,-0.507962167263031,-0.424627300783625
COHFACE_s22_session3_natural,7,176,12.866666666666667,-0.5710952281951904,-0.49925742740162254
COHFACE_s22_session3_natural,7,177,12.9,-0.6258155703544617,-0.4912757686823394
COHFACE_s22_session3_natural,7,178,12.933333333333334,-0.6759944558143616,-0.3741744102927757
COHFACE_s22_session3_natural,7,179,12.966666666666667,-0.736162006855011,-0.15599327364662866
COHFACE_s22_session3_natural,7,180,13.0,-0.8105989694595337,0.12033141511153839
COHFACE_s22_session3_natural,7,181,13.033333333333333,-0.8860782384872437,0.38964201879156546
COHFACE_s22_session3_natural,7,182,13.066666666666666,-0.9602919220924377,0.5853131548030641
COHFACE_s22_session3_natural,7,183,13.1,-1.0389724969863892,0.66115927561222
COHFACE_s22_session3_natural,7,184,13.133333333333333,-1.1190428733825684,0.6066358663034284
COHFACE_s22_session3_natural,7,185,13.166666666666666,-1.212005376815796,0.44899871888756926
COHFACE_s22_session3_natural,7,186,13.2,-1.2906115055084229,0.24116830423521193
COHFACE_s22_session3_natural,7,187,13.233333333333333,-1.1237083673477173,0.040513554987770026
COHFACE_s22_session3_natural,7,188,13.266666666666667,-0.24839432537555695,-0.11193061554130943
COHFACE_s22_session3_natural,7,189,13.3,0.9163293242454529,-0.20262198322330127
COHFACE_s22_session3_natural,7,190,13.333333333333334,1.5081896781921387,-0.24295613257561963
COHFACE_s22_session3_natural,7,191,13.366666666666667,1.4772931337356567,-0.25612165247830504
COHFACE_s22_session3_natural,7,192,13.4,1.1930204629898071,-0.2618777387074686
COHFACE_s22_session3_natural,7,193,13.433333333333334,0.9068990349769592,-0.2680958791675728
COHFACE_s22_session3_natural,7,194,13.466666666666667,0.6650377511978149,-0.27269155115287486
COHFACE_s22_session3_natural,7,195,13.5,0.3993898928165436,-0.27222291663711784
COHFACE_s22_session3_natural,7,196,13.533333333333333,0.20907242596149445,-0.2688560391891277
COHFACE_s22_session3_natural,7,197,13.566666666666666,0.21536339819431305,-0.269028869610862
COHFACE_s22_session3_natural,7,198,13.6,0.34690308570861816,-0.27439771072290253
COHFACE_s22_session3_natural,7,199,13.633333333333333,0.4199627637863159,-0.27279420733885995
COHFACE_s22_session3_natural,7,200,13.666666666666666,0.32562294602394104,-0.23809296198273994
COHFACE_s22_session3_natural,7,201,13.7,0.11834341287612915,-0.14216797022528546
COHFACE_s22_session3_natural,7,202,13.733333333333333,-0.11335552483797073,0.026714979122188433
COHFACE_s22_session3_natural,7,203,13.766666666666667,-0.322148859500885,0.2501540595678484
COHFACE_s22_session3_natural,7,204,13.8,-0.4795224964618683,0.4794331517165943
COHFACE_s22_session3_natural,7,205,13.833333333333334,-0.5864442586898804,0.6503642659842377
COHFACE_s22_session3_natural,7,206,13.866666666666667,-0.6557566523551941,0.7070450321577627
COHFACE_s22_session3_natural,7,207,13.9,-0.7068537473678589,0.6243168164254366
COHFACE_s22_session3_natural,7,208,13.933333333333334,-0.731744647026062,0.41932774927439226
COHFACE_s22_session3_natural,7,209,13.966666666666667,-0.7543524503707886,0.147152509390061
COHFACE_s22_session3_natural,7,210,14.0,-0.7960813641548157,-0.11818847518335772
COHFACE_s22_session3_natural,7,211,14.033333333333333,-0.8673666715621948,-0.31008654517157813
COHFACE_s22_session3_natural,7,212,14.066666666666666,-0.9767452478408813,-0.392594187252579
COHFACE_s22_session3_natural,7,213,14.1,-1.050214409828186,-0.3708684012106549
COHFACE_s22_session3_natural,7,214,14.133333333333333,-0.7950390577316284,-0.2841388822127644
COHFACE_s22_session3_natural,7,215,14.166666666666666,0.15110115706920624,-0.18439721758022656
COHFACE_s22_session3_natural,7,216,14.2,1.1802152395248413,-0.11140482102457773
COHFACE_s22_session3_natural,7,217,14.233333333333333,1.5911263227462769,-0.0767521698281804
COHFACE_s22_session3_natural,7,218,14.266666666666667,1.4830381870269775,-0.06430782017944732
COHFACE_s22_session3_natural,7,219,14.3,1.2029595375061035,-0.045039049297927604
COHFACE_s22_session3_natural,7,220,14.333333333333334,0.9424362182617188,0.0032572215177726935
COHFACE_s22_session3_natural,7,221,14.366666666666667,0.6998180747032166,0.08241900832440639
COHFACE_s22_session3_natural,7,222,14.4,0.43006306886672974,0.17313638184310487
COHFACE_s22_session3_natural,7,223,14.433333333333334,0.27020779252052307,0.2461225166506001
COHFACE_s22_session3_natural,7,224,14.466666666666667,0.30572015047073364,0.27855744303980867
COHFACE_s22_session3_natural,7,225,14.5,0.42339983582496643,0.26684604003127343
COHFACE_s22_session3_natural,7,226,14.533333333333333,0.44980454444885254,0.2284489094165522
COHFACE_s22_session3_natural,7,227,14.566666666666666,0.3192947506904602,0.19082829482980374
COHFACE_s22_session3_natural,7,228,14.6,0.09679031372070312,0.17260342515175917
COHFACE_s22_session3_natural,7,229,14.633333333333333,-0.13103726506233215,0.16743567385039484
COHFACE_s22_session3_natural,7,230,14.666666666666666,-0.3241341710090637,0.14155934752541696
COHFACE_s22_session3_natural,7,231,14.7,-0.4730081558227539,0.04960860458842431
COHFACE_s22_session3_natural,7,232,14.733333333333333,-0.5858982801437378,-0.13741147453336314
COHFACE_s22_session3_natural,7,233,14.766666666666667,-0.6609184741973877,-0.4068991113664942
COHFACE_s22_session3_natural,7,234,14.8,-0.6995577216148376,-0.6975250162545767
COHFACE_s22_session3_natural,7,235,14.833333333333334,-0.7265331745147705,-0.9168111310814956
COHFACE_s22_session3_natural,7,236,14.866666666666667,-0.7665993571281433,-0.9766369893619931
COHFACE_s22_session3_natural,7,237,14.9,-0.8416815996170044,-0.8301043841216134
COHFACE_s22_session3_natural,7,238,14.933333333333334,-0.9323485493659973,-0.4930688274643744
COHFACE_s22_session3_natural,7,239,14.966666666666667,-0.8363708853721619,-0.04184765268277687
COHFACE_s22_session3_natural,8,0,8.0,-0.3076932728290558,0.06271719390625574
COHFACE_s22_session3_natural,8,1,8.033333333333333,-0.47960934042930603,-0.18340358278141922
COHFACE_s22_session3_natural,8,2,8.066666666666666,-0.6123402118682861,-0.3943201070855539
COHFACE_s22_session3_natural,8,3,8.1,-0.7122513055801392,-0.5429507621996377
COHFACE_s22_session3_natural,8,4,8.133333333333333,-0.7719473242759705,-0.6177748231811571
COHFACE_s22_session3_natural,8,5,8.166666666666666,-0.8051393628120422,-0.6254721357666679
COHFACE_s22_session3_natural,8,6,8.2,-0.8353906273841858,-0.5876454449175913
COHFACE_s22_session3_natural,8,7,8.233333333333333,-0.8789807558059692,-0.532458884123437
COHFACE_s22_session3_natural,8,8,8.266666666666667,-0.9450669884681702,-0.4845079625896308
COHFACE_s22_session3_natural,8,9,8.3,-0.9962385296821594,-0.45697874688636214
COHFACE_s22_session3_natural,8,10,8.333333333333334,-0.8221386075019836,-0.44856405383168063
COHFACE_s22_session3_natural,8,11,8.366666666666667,-0.07160182297229767,-0.44530360465061936
COHFACE_s22_session3_natural,8,12,8.4,0.8190611600875854,-0.42621709624085913
COHFACE_s22_session3_natural,8,13,8.433333333333334,1.1951298713684082,-0.3710257734996416
COHFACE_s22_session3_natural,8,14,8.466666666666667,1.099052906036377,-0.26769624711787016
COHFACE_s22_session3_natural,8,15,8.5,0.8535312414169312,-0.117549894814933
COHFACE_s22_session3_natural,8,16,8.533333333333333,0.6462268829345703,0.06321607352204311
COHFACE_s22_session3_natural,8,17,8.566666666666666,0.46614620089530945,0.24543194898866963
COHFACE_s22_session3_natural,8,18,8.6,0.2523895502090454,0.3916451515437702
COHFACE_s22_session3_natural,8,19,8.633333333333333,0.09407291561365128,0.4632806771335243
COHFACE_s22_session3_natural,8,20,8.666666666666666,0.09216204285621643,0.4301903493935496
COHFACE_s22_session3_natural,8,21,8.7,0.19357453286647797,0.2815538477609398
COHFACE_s22_session3_natural,8,22,8.733333333333333,0.23527860641479492,0.03488977659971355
COHFACE_s22_session3_natural,8,23,8.766666666666667,0.13567772507667542,-0.2617215489319217
COHFACE_s22_session3_natural,8,24,8.8,-0.037814199924468994,-0.53812169162245
COHFACE_s22_session3_natural,8,25,8.833333333333334,-0.21723724901676178,-0.7209806535191885
COHFACE_s22_session3_natural,8,26,8.866666666666667,-0.37418898940086365,-0.7570724876369601
COHFACE_s22_session3_natural,8,27,8.9,-0.4965713918209076,-0.6313106391250114
COHFACE_s22_session3_natural,8,28,8.933333333333334,-0.5833793878555298,-0.3715116383528315
COHFACE_s22_session3_natural,8,29,8.966666666666667,-0.6274286508560181,-0.037821568610610895
COHFACE_s22_session3_natural,8,30,9.0,-0.656674861907959,0.2982061141232403
COHFACE_s22_session3_natural,8,31,9.033333333333333,-0.6998679041862488,0.5756310035219685
COHFACE_s22_session3_natural,8,32,9.066666666666666,-0.7572559714317322,0.7587252380198815
COHFACE_s22_session3_natural,8,33,9.1,-0.7928799986839294,0.8401960562002974
COHFACE_s22_session3_natural,8,34,9.133333333333333,-0.5750410556793213,0.8344971255953424
COHFACE_s22_session3_natural,8,35,9.166666666666666,0.1993071436882019,0.7662629053882448
COHFACE_s22_session3_natural,8,36,9.2,1.0745714902877808,0.6593748744487901
COHFACE_s22_session3_natural,8,37,9.233333333333333,1.4407881498336792,0.5304044338692983
COHFACE_s22_session3_natural,8,38,9.266666666666667,1.3600600957870483,0.3877632598300763
COHFACE_s22_session3_natural,8,39,9.3,1.1467502117156982,0.23565402640310049
COHFACE_s22_session3_natural,8,40,9.333333333333334,0.9709131121635437,0.08016802531702019
COHFACE_s22_session3_natural,8,41,9.366666666666667,0.8295336961746216,-0.06606276046020959
COHFACE_s22_session3_natural,8,42,9.4,0.6372557282447815,-0.1838759436346358
COHFACE_s22_session3_natural,8,43,9.433333333333334,0.4516409635543823,-0.2530849652037885
COHFACE_s22_session3_natural,8,44,9.466666666666667,0.3979381322860718,-0.260582725183697
COHFACE_s22_session3_natural,8,45,9.5,0.44033706188201904,-0.2061154224439067
COHFACE_s22_session3_natural,8,46,9.533333333333333,0.4486381709575653,-0.1025984330068664
COHFACE_s22_session3_natural,8,47,9.566666666666666,0.3492606282234192,0.028350345219680436
COHFACE_s22_session3_natural,8,48,9.6,0.17496217787265778,0.16238365384536194
COHFACE_s22_session3_natural,8,49,9.633333333333333,-0.009994941763579845,0.27674735071431983
COHFACE_s22_session3_natural,8,50,9.666666666666666,-0.16890718042850494,0.35210857611494495
COHFACE_s22_session3_natural,8,51,9.7,-0.3057575821876526,0.3734250947865324
COHFACE_s22_session3_natural,8,52,9.733333333333333,-0.4092918932437897,0.33183778345375503
COHFACE_s22_session3_natural,8,53,9.766666666666667,-0.47922468185424805,0.22786926844364086
COHFACE_s22_session3_natural,8,54,9.8,-0.5269839763641357,0.07378285415796536
COHFACE_s22_session3_natural,8,55,9.833333333333334,-0.5587738752365112,-0.10795006213053704
COHFACE_s22_session3_natural,8,56,9.866666666666667,-0.6019048690795898,-0.29122413230069505
COHFACE_s22_session3_natural,8,57,9.9,-0.6615140438079834,-0.4554985427436006
COHFACE_s22_session3_natural,8,58,9.933333333333334,-0.7451207041740417,-0.592546795047721
COHFACE_s22_session3_natural,8,59,9.966666666666667,-0.801578164100647,-0.7063751355063346
COHFACE_s22_session3_natural,8,60,10.0,-0.536439061164856,-0.8061531242686785
COHFACE_s22_session3_natural,8,61,10.033333333333333,0.3171481192111969,-0.8964244443146595
COHFACE_s22_session3_natural,8,62,10.066666666666666,1.195229172706604,-0.9701273748421808
COHFACE_s22_session3_natural,8,63,10.1,1.54777193069458,-1.008160111531983
COHFACE_s22_session3_natural,8,64,10.133333333333333,1.4888079166412354,-0.9861450297845471
COHFACE_s22_session3_natural,8,65,10.166666666666666,1.3305658102035522,-0.8857590163341588
COHFACE_s22_session3_natural,8,66,10.2,1.1988648176193237,-0.705422193317295
COHFACE_s22_session3_natural,8,67,10.233333333333333,1.0447421073913574,-0.46466511051201953
COHFACE_s22_session3_natural,8,68,10.266666666666667,0.8012429475784302,-0.19895616128325955
COHFACE_s22_session3_natural,8,69,10.3,0.595564067363739,0.05353710684510045
COHFACE_s22_session3_natural,8,70,10.333333333333334,0.5500878691673279,0.26704683109449917
COHFACE_s22_session3_natural,8,71,10.366666666666667,0.5854637622833252,0.43726873650050985
COHFACE_s22_session3_natural,8,72,10.4,0.5648909211158752,0.5794522622091368
COHFACE_s22_session3_natural,8,73,10.433333333333334,0.4399276077747345,0.7163682323557176
COHFACE_s22_session3_natural,8,74,10.466666666666667,0.25859367847442627,0.8622709531833009
COHFACE_s22_session3_natural,8,75,10.5,0.06678720563650131,1.0111788051878683
COHFACE_s22_session3_natural,8,76,10.533333333333333,-0.10550111532211304,1.1358833280561365
COHFACE_s22_session3_natural,8,77,10.566666666666666,-0.23769843578338623,1.1986794493168986
COHFACE_s22_session3_natural,8,78,10.6,-0.34890103340148926,1.1683979563077547
COHFACE_s22_session3_natural,8,79,10.633333333333333,-0.43646591901779175,1.0349139738530748
COHFACE_s22_session3_natural,8,80,10.666666666666666,-0.4958641231060028,0.8142584327558907
COHFACE_s22_session3_natural,8,81,10.7,-0.5504355430603027,0.5428916037610977
COHFACE_s22_session3_natural,8,82,10.733333333333333,-0.6093746423721313,0.26489697920284394
COHFACE_s22_session3_natural,8,83,10.766666666666667,-0.6694925427436829,0.0182657116196991
COHFACE_s22_session3_natural,8,84,10.8,-0.7316081523895264,-0.17451722797798674
COHFACE_s22_session3_natural,8,85,10.833333333333334,-0.8005483150482178,-0.30924382926834315
COHFACE_s22_session3_natural,8,86,10.866666666666667,-0.8634456396102905,-0.3965574540587343
COHFACE_s22_session3_natural,8,87,10.9,-0.9276706576347351,-0.45453055758778294
COHFACE_s22_session3_natural,8,88,10.933333333333334,-0.9917343854904175,-0.5001198519059931
COHFACE_s22_session3_natural,8,89,10.966666666666667,-1.0675983428955078,-0.5423312809480254
COHFACE_s22_session3_natural,8,90,11.0,-1.1305452585220337,-0.5793449317440158
COHFACE_s22_session3_natural,8,91,11.033333333333333,-0.947163999080658,-0.6003105513929011
COHFACE_s22_session3_natural,8,92,11.066666666666666,-0.07062157243490219,-0.5902364551308071
COHFACE_s22_session3_natural,8,93,11.1,1.0603517293930054,-0.5351888550947513
COHFACE_s22_session3_natural,8,94,11.133333333333333,1.6456853151321411,-0.42610150908569816
COHFACE_s22_session3_natural,8,95,11.166666666666666,1.6809742450714111,-0.26141600219099104
COHFACE_s22_session3_natural,8,96,11.2,1.5271122455596924,-0.04942807177785843
COHFACE_s22_session3_natural,8,97,11.233333333333333,1.3893312215805054,0.18989301605739534
COHFACE_s22_session3_natural,8,98,11.266666666666667,1.2616628408432007,0.42554951687929077
COHFACE_s22_session3_natural,8,99,11.3,1.0456851720809937,0.6206671431511404
COHFACE_s22_session3_natural,8,100,11.333333333333334,0.7829284071922302,0.7416779117321721
COHFACE_s22_session3_natural,8,101,11.366666666666667,0.6529521346092224,0.7678161013472947
COHFACE_s22_session3_natural,8,102,11.4,0.6789101958274841,0.6960636156237295
COHFACE_s22_session3_natural,8,103,11.433333333333334,0.6964802145957947,0.5389488869093413
COHFACE_s22_session3_natural,8,104,11.466666666666667,0.6028228998184204,0.31718987493716416
COHFACE_s22_session3_natural,8,105,11.5,0.42898353934288025,0.052561112910744695
COHFACE_s22_session3_natural,8,106,11.533333333333333,0.22099673748016357,-0.23434483379421628
COHFACE_s22_session3_natural,8,107,11.566666666666666,0.018271014094352722,-0.5210473664995314
COHFACE_s22_session3_natural,8,108,11.6,-0.14379292726516724,-0.7790873408132848
COHFACE_s22_session3_natural,8,109,11.633333333333333,-0.26715558767318726,-0.9745728038507593
COHFACE_s22_session3_natural,8,110,11.666666666666666,-0.36998260021209717,-1.0755991509113187
COHFACE_s22_session3_natural,8,111,11.7,-0.45603370666503906,-1.0635805005096637
COHFACE_s22_session3_natural,8,112,11.733333333333333,-0.5166479349136353,-0.9425856602801019
COHFACE_s22_session3_natural,8,113,11.766666666666667,-0.5756862759590149,-0.7413843342628109
COHFACE_s22_session3_natural,8,114,11.8,-0.6347494721412659,-0.506167166895514
COHFACE_s22_session3_natural,8,115,11.833333333333334,-0.707424521446228,-0.28600058371965587
COHFACE_s22_session3_natural,8,116,11.866666666666667,-0.7875816822052002,-0.11623715294793499
COHFACE_s22_session3_natural,8,117,11.9,-0.8680739402770996,-0.006391468879363849
COHFACE_s22_session3_natural,8,118,11.933333333333334,-0.951779842376709,0.061973618946347266
COHFACE_s22_session3_natural,8,119,11.966666666666667,-1.0284751653671265,0.12522809204931643
COHFACE_s22_session3_natural,8,120,12.0,-1.086061716079712,0.21862001932526165
COHFACE_s22_session3_natural,8,121,12.033333333333333,-1.132667064666748,0.35626971248511147
COHFACE_s22_session3_natural,8,122,12.066666666666666,-1.1714303493499756,0.5203303326373557
COHFACE_s22_session3_natural,8,123,12.1,-1.219549536705017,0.6661704022491792
COHFACE_s22_session3_natural,8,124,12.133333333333333,-1.2843577861785889,0.742290714400608
COHFACE_s22_session3_natural,8,125,12.166666666666666,-1.2418471574783325,0.7153352355797579
COHFACE_s22_session3_natural,8,126,12.2,-0.6205296516418457,0.5873561809570369
COHFACE_s22_session3_natural,8,127,12.233333333333333,0.6108261942863464,0.3965868913484167
COHFACE_s22_session3_natural,8,128,12.266666666666667,1.5374234914779663,0.20215919088483808
COHFACE_s22_session3_natural,8,129,12.3,1.7697800397872925,0.06130076048020159
COHFACE_s22_session3_natural,8,130,12.333333333333334,1.6196155548095703,0.009513126155750186
COHFACE_s22_session3_natural,8,131,12.366666666666667,1.3997044563293457,0.0507491454930845
COHFACE_s22_session3_natural,8,132,12.4,1.2232469320297241,0.15930250714556332
COHFACE_s22_session3_natural,8,133,12.433333333333334,1.0351381301879883,0.2908015840044527
COHFACE_s22_session3_natural,8,134,12.466666666666667,0.7720711827278137,0.3975908750378504
COHFACE_s22_session3_natural,8,135,12.5,0.5948196053504944,0.44349809230366544
COHFACE_s22_session3_natural,8,136,12.533333333333333,0.6027235984802246,0.41371130086685637
COHFACE_s22_session3_natural,8,137,12.566666666666666,0.6630648374557495,0.31719249270668765
COHFACE_s22_session3_natural,8,138,12.6,0.6223658323287964,0.18164012586488099
COHFACE_s22_session3_natural,8,139,12.633333333333333,0.46335434913635254,0.04341171639555981
COHFACE_s22_session3_natural,8,140,12.666666666666666,0.2413710504770279,-0.0640472130514456
COHFACE_s22_session3_natural,8,141,12.7,0.020070208236575127,-0.11993240939332732
COHFACE_s22_session3_natural,8,142,12.733333333333333,-0.16717003285884857,-0.12161866631125076
COHFACE_s22_session3_natural,8,143,12.766666666666667,-0.31082016229629517,-0.08472120526768814
COHFACE_s22_session3_natural,8,144,12.8,-0.42189866304397583,-0.03735673001843827
COHFACE_s22_session3_natural,8,145,12.833333333333334,-0.507962167263031,-0.009811688442915342
COHFACE_s22_session3_natural,8,146,12.866666666666667,-0.5710952281951904,-0.023042643060293126
COHFACE_s22_session3_natural,8,147,12.9,-0.6258155703544617,-0.08071298112051631
COHFACE_s22_session3_natural,8,148,12.933333333333334,-0.6759944558143616,-0.16832112196251384
COHFACE_s22_session3_natural,8,149,12.966666666666667,-0.736162006855011,-0.25995667177624227
COHFACE_s22_session3_natural,8,150,13.0,-0.8105989694595337,-0.3299449405623279
COHFACE_s22_session3_natural,8,151,13.033333333333333,-0.8860782384872437,-0.36442827539555034
COHFACE_s22_session3_natural,8,152,13.066666666666666,-0.9602919220924377,-0.36766253513088065
COHFACE_s22_session3_natural,8,153,13.1,-1.0389724969863892,-0.35987274039954315
COHFACE_s22_session3_natural,8,154,13.133333333333333,-1.1190428733825684,-0.36735037300407886
COHFACE_s22_session3_natural,8,155,13.166666666666666,-1.212005376815796,-0.4093344047532819
COHFACE_s22_session3_natural,8,156,13.2,-1.2906115055084229,-0.4880465216845307
COHFACE_s22_session3_natural,8,157,13.233333333333333,-1.1237083673477173,-0.5867432392858138
COHFACE_s22_session3_natural,8,158,13.266666666666667,-0.24839432537555695,-0.6762802306853254
COHFACE_s22_session3_natural,8,159,13.3,0.9163293242454529,-0.7261786296053548
COHFACE_s22_session3_natural,8,160,13.333333333333334,1.5081896781921387,-0.7144032733645215
COHFACE_s22_session3_natural,8,161,13.366666666666667,1.4772931337356567,-0.6318542003179692
COHFACE_s22_session3_natural,8,162,13.4,1.1930204629898071,-0.4815669385011868
COHFACE_s22_session3_natural,8,163,13.433333333333334,0.9068990349769592,-0.27581540119753417
COHFACE_s22_session3_natural,8,164,13.466666666666667,0.6650377511978149,-0.03434192336760432
COHFACE_s22_session3_natural,8,165,13.5,0.3993898928165436,0.21593631493532686
COHFACE_s22_session3_natural,8,166,13.533333333333333,0.20907242596149445,0.44266536822187147
COHFACE_s22_session3_natural,8,167,13.566666666666666,0.21536339819431305,0.6143245949953361
COHFACE_s22_session3_natural,8,168,13.6,0.34690308570861816,0.7101291723604818
COHFACE_s22_session3_natural,8,169,13.633333333333333,0.4199627637863159,0.7283925300019103
COHFACE_s22_session3_natural,8,170,13.666666666666666,0.32562294602394104,0.6878944561169239
COHFACE_s22_session3_natural,8,171,13.7,0.11834341287612915,0.6204954059035155
COHFACE_s22_session3_natural,8,172,13.733333333333333,-0.11335552483797073,0.5581027277314634
COHFACE_s22_session3_natural,8,173,13.766666666666667,-0.322148859500885,0.5200781876976596
COHFACE_s22_session3_natural,8,174,13.8,-0.4795224964618683,0.5066615314300636
COHFACE_s22_session3_natural,8,175,13.833333333333334,-0.5864442586898804,0.5009192644392636
COHFACE_s22_session3_natural,8,176,13.866666666666667,-0.6557566523551941,0.47811992169260753
COHFACE_s22_session3_natural,8,177,13.9,-0.7068537473678589,0.41858044032432346
COHFACE_s22_session3_natural,8,178,13.933333333333334,-0.731744647026062,0.31857970498123833
COHFACE_s22_session3_natural,8,179,13.966666666666667,-0.7543524503707886,0.19424841110750915
COHFACE_s22_session3_natural,8,180,14.0,-0.7960813641548157,0.07564651305228665
COHFACE_s22_session3_natural,8,181,14.033333333333333,-0.8673666715621948,-0.0073309105376601165
COHFACE_s22_session3_natural,8,182,14.066666666666666,-0.9767452478408813,-0.040417227382973646
COHFACE_s22_session3_natural,8,183,14.1,-1.050214409828186,-0.03290568085840089
COHFACE_s22_session3_natural,8,184,14.133333333333333,-0.7950390577316284,-0.01273648593992436
COHFACE_s22_session3_natural,8,185,14.166666666666666,0.15110115706920624,-0.010872529992364724
COHFACE_s22_session3_natural,8,186,14.2,1.1802152395248413,-0.0438295786317808
COHFACE_s22_session3_natural,8,187,14.233333333333333,1.5911263227462769,-0.10469828343030745
COHFACE_s22_session3_natural,8,188,14.266666666666667,1.4830381870269775,-0.16775909788276377
COHFACE_s22_session3_natural,8,189,14.3,1.2029595375061035,-0.20352750291732866
COHFACE_s22_session3_natural,8,190,14.333333333333334,0.9424362182617188,-0.1952291549773253
COHFACE_s22_session3_natural,8,191,14.366666666666667,0.6998180747032166,-0.14756214024467676
COHFACE_s22_session3_natural,8,192,14.4,0.43006306886672974,-0.08386644581026731
COHFACE_s22_session3_natural,8,193,14.433333333333334,0.27020779252052307,-0.03452277326058701
COHFACE_s22_session3_natural,8,194,14.466666666666667,0.30572015047073364,-0.023246215090976935
COHFACE_s22_session3_natural,8,195,14.5,0.42339983582496643,-0.05765005299129503
COHFACE_s22_session3_natural,8,196,14.533333333333333,0.44980454444885254,-0.12732064112290828
COHFACE_s22_session3_natural,8,197,14.566666666666666,0.3192947506904602,-0.20915939592889055
COHFACE_s22_session3_natural,8,198,14.6,0.09679031372070312,-0.2776544044426998
COHFACE_s22_session3_natural,8,199,14.633333333333333,-0.13103726506233215,-0.3165276637552941
COHFACE_s22_session3_natural,8,200,14.666666666666666,-0.3241341710090637,-0.32715605427693484
COHFACE_s22_session3_natural,8,201,14.7,-0.4730081558227539,-0.3294463314657745
COHFACE_s22_session3_natural,8,202,14.733333333333333,-0.5858982801437378,-0.35363085357449675
COHFACE_s22_session3_natural,8,203,14.766666666666667,-0.6609184741973877,-0.42590544580322065
COHFACE_s22_session3_natural,8,204,14.8,-0.6995577216148376,-0.5545519816530229
COHFACE_s22_session3_natural,8,205,14.833333333333334,-0.7265331745147705,-0.7233045374256497
COHFACE_s22_session3_natural,8,206,14.866666666666667,-0.7665993571281433,-0.8945231538470525
COHFACE_s22_session3_natural,8,207,14.9,-0.8416815996170044,-1.0195823863198827
COHFACE_s22_session3_natural,8,208,14.933333333333334,-0.9323485493659973,-1.0515370378312092
COHFACE_s22_session3_natural,8,209,14.966666666666667,-0.8363708853721619,-0.9560497411555344
COHFACE_s22_session3_natural,8,210,15.0,-0.08732305467128754,-0.7189585011453394
COHFACE_s22_session3_natural,8,211,15.033333333333333,1.0824755430221558,-0.3505810654904138
COHFACE_s22_session3_natural,8,212,15.066666666666666,1.7883923053741455,0.11325570640263402
COHFACE_s22_session3_natural,8,213,15.1,1.847654104232788,0.6146929615249059
COHFACE_s22_session3_natural,8,214,15.133333333333333,1.6133990287780762,1.083536165853832
COHFACE_s22_session3_natural,8,215,15.166666666666666,1.363695740699768,1.4528674852864611
COHFACE_s22_session3_natural,8,216,15.2,1.1661814451217651,1.6761069587137167
COHFACE_s22_session3_natural,8,217,15.233333333333333,0.9448558688163757,1.7383616953417125
COHFACE_s22_session3_natural,8,218,15.266666666666667,0.6926336884498596,1.6567907218784306
COHFACE_s22_session3_natural,8,219,15.3,0.5584882497787476,1.470103190520349
COHFACE_s22_session3_natural,8,220,15.333333333333334,0.5738496780395508,1.2226709971013776
COHFACE_s22_session3_natural,8,221,15.366666666666667,0.6111984252929688,0.9507514080024001
COHFACE_s22_session3_natural,8,222,15.4,0.5383124947547913,0.6759183866634169
COHFACE_s22_session3_natural,8,223,15.433333333333334,0.34993067383766174,0.40641548141509515
COHFACE_s22_session3_natural,8,224,15.466666666666667,0.1143355593085289,0.14384968084090125
COHFACE_s22_session3_natural,8,225,15.5,-0.10984399169683456,-0.10876095758950519
COHFACE_s22_session3_natural,8,226,15.533333333333333,-0.3013899028301239,-0.34153594160182876
COHFACE_s22_session3_natural,8,227,15.566666666666666,-0.4525718092918396,-0.5375267288040989
COHFACE_s22_session3_natural,8,228,15.6,-0.5657721161842346,-0.678053329117861
COHFACE_s22_session3_natural,8,229,15.633333333333333,-0.6513268947601318,-0.7511408012267494
COHFACE_s22_session3_natural,8,230,15.666666666666666,-0.7162343859672546,-0.7586017584428463
COHFACE_s22_session3_natural,8,231,15.7,-0.7694656848907471,-0.7173810180291567
COHFACE_s22_session3_natural,8,232,15.733333333333333,-0.8287646174430847,-0.6534818331727512
COHFACE_s22_session3_natural,8,233,15.766666666666667,-0.8862271308898926,-0.5910254699346918
COHFACE_s22_session3_natural,8,234,15.8,-0.946394681930542,-0.5423832828986035
COHFACE_s22_session3_natural,8,235,15.833333333333334,-1.0202361345291138,-0.5051138742091204
COHFACE_s22_session3_natural,8,236,15.866666666666667,-1.1179633140563965,-0.46706591395008734
COHFACE_s22_session3_natural,8,237,15.9,-1.236635684967041,-0.41587208420719296
COHFACE_s22_session3_natural,8,238,15.933333333333334,-1.2087295055389404,-0.3470187573486019
COHFACE_s22_session3_natural,8,239,15.966666666666667,-0.4572000801563263,-0.2663669828478779
COHFACE_s22_session3_natural,9,0,9.0,-0.656674861907959,-0.1730816340844701
COHFACE_s22_session3_natural,9,1,9.033333333333333,-0.6998679041862488,0.13014419139180813
COHFACE_s22_session3_natural,9,2,9.066666666666666,-0.7572559714317322,0.3996463478547193
COHFACE_s22_session3_natural,9,3,9.1,-0.7928799986839294,0.6045784813611566
COHFACE_s22_session3_natural,9,4,9.133333333333333,-0.5750410556793213,0.722572793111932
COHFACE_s22_session3_natural,9,5,9.166666666666666,0.1993071436882019,0.7421154188636171
COHFACE_s22_session3_natural,9,6,9.2,1.0745714902877808,0.6627916172458326
COHFACE_s22_session3_natural,9,7,9.233333333333333,1.4407881498336792,0.4942386070397396
COHFACE_s22_session3_natural,9,8,9.266666666666667,1.3600600957870483,0.25508347894462674
COHFACE_s22_session3_natural,9,9,9.3,1.1467502117156982,-0.0274511235635279
COHFACE_s22_session3_natural,9,10,9.333333333333334,0.9709131121635437,-0.31749354824166237
COHFACE_s22_session3_natural,9,11,9.366666666666667,0.8295336961746216,-0.5715436129910247
COHFACE_s22_session3_natural,9,12,9.4,0.6372557282447815,-0.7432747661198382
COHFACE_s22_session3_natural,9,13,9.433333333333334,0.4516409635543823,-0.7936324723179717
COHFACE_s22_session3_natural,9,14,9.466666666666667,0.3979381322860718,-0.7034638962583067
COHFACE_s22_session3_natural,9,15,9.5,0.44033706188201904,-0.482133623033061
COHFACE_s22_session3_natural,9,16,9.533333333333333,0.4486381709575653,-0.16627081685236286
COHFACE_s22_session3_natural,9,17,9.566666666666666,0.3492606282234192,0.19186377265623136
COHFACE_s22_session3_natural,9,18,9.6,0.17496217787265778,0.5403197660466426
COHFACE_s22_session3_natural,9,19,9.633333333333333,-0.009994941763579845,0.8392253136332618
COHFACE_s22_session3_natural,9,20,9.666666666666666,-0.16890718042850494,1.0640826250334279
COHFACE_s22_session3_natural,9,21,9.7,-0.3057575821876526,1.2026486159609013
COHFACE_s22_session3_natural,9,22,9.733333333333333,-0.4092918932437897,1.2503595710692974
COHFACE_s22_session3_natural,9,23,9.766666666666667,-0.47922468185424805,1.2079064092878753
COHFACE_s22_session3_natural,9,24,9.8,-0.5269839763641357,1.0813175993390565
COHFACE_s22_session3_natural,9,25,9.833333333333334,-0.5587738752365112,0.8823821810415515
COHFACE_s22_session3_natural,9,26,9.866666666666667,-0.6019048690795898,0.6271141767050669
COHFACE_s22_session3_natural,9,27,9.9,-0.6615140438079834,0.3321497566038981
COHFACE_s22_session3_natural,9,28,9.933333333333334,-0.7451207041740417,0.011664888187038855
COHFACE_s22_session3_natural,9,29,9.966666666666667,-0.801578164100647,-0.32228110382310954
COHFACE_s22_session3_natural,9,30,10.0,-0.536439061164856,-0.6560972045392696
COHFACE_s22_session3_natural,9,31,10.033333333333333,0.3171481192111969,-0.971016626853826
COHFACE_s22_session3_natural,9,32,10.066666666666666,1.195229172706604,-1.2427200001281167
COHFACE_s22_session3_natural,9,33,10.1,1.54777193069458,-1.4446342271262642
COHFACE_s22_session3_natural,9,34,10.133333333333333,1.4888079166412354,-1.5524955212970428
COHFACE_s22_session3_natural,9,35,10.166666666666666,1.3305658102035522,-1.54786098627559
COHFACE_s22_session3_natural,9,36,10.2,1.1988648176193237,-1.4212379886478481
COHFACE_s22_session3_natural,9,37,10.233333333333333,1.0447421073913574,-1.1767243677425627
COHFACE_s22_session3_natural,9,38,10.266666666666667,0.8012429475784302,-0.8366421016187843
COHFACE_s22_session3_natural,9,39,10.3,0.595564067363739,-0.44114810471906096
COHFACE_s22_session3_natural,9,40,10.333333333333334,0.5500878691673279,-0.03951585819682425
COHFACE_s22_session3_natural,9,41,10.366666666666667,0.5854637622833252,0.3243139688012101
COHFACE_s22_session3_natural,9,42,10.4,0.5648909211158752,0.6240939414090024
COHFACE_s22_session3_natural,9,43,10.433333333333334,0.4399276077747345,0.8538708086930594
COHFACE_s22_session3_natural,9,44,10.466666666666667,0.25859367847442627,1.0195397845026812
COHFACE_s22_session3_natural,9,45,10.5,0.06678720563650131,1.1255194269557727
COHFACE_s22_session3_natural,9,46,10.533333333333333,-0.10550111532211304,1.1653686908027368
COHFACE_s22_session3_natural,9,47,10.566666666666666,-0.23769843578338623,1.1220175216783894
COHFACE_s22_session3_natural,9,48,10.6,-0.34890103340148926,0.9771007658185046
COHFACE_s22_session3_natural,9,49,10.633333333333333,-0.43646591901779175,0.7237689777049809
COHFACE_s22_session3_natural,9,50,10.666666666666666,-0.4958641231060028,0.3761846758007308
COHFACE_s22_session3_natural,9,51,10.7,-0.5504355430603027,-0.028631564788162308
COHFACE_s22_session3_natural,9,52,10.733333333333333,-0.6093746423721313,-0.43706579146021746
COHFACE_s22_session3_natural,9,53,10.766666666666667,-0.6694925427436829,-0.7905936469534071
COHFACE_s22_session3_natural,9,54,10.8,-0.7316081523895264,-1.0389114459345783
COHFACE_s22_session3_natural,9,55,10.833333333333334,-0.8005483150482178,-1.1508325959943246
COHFACE_s22_session3_natural,9,56,10.866666666666667,-0.8634456396102905,-1.1202435985494978
COHFACE_s22_session3_natural,9,57,10.9,-0.9276706576347351,-0.9656563654955512
COHFACE_s22_session3_natural,9,58,10.933333333333334,-0.9917343854904175,-0.7234386397496745
COHFACE_s22_session3_natural,9,59,10.966666666666667,-1.0675983428955078,-0.43687356310613396
COHFACE_s22_session3_natural,9,60,11.0,-1.1305452585220337,-0.14517806136904748
COHFACE_s22_session3_natural,9,61,11.033333333333333,-0.947163999080658,0.12358485270570747
COHFACE_s22_session3_natural,9,62,11.066666666666666,-0.07062157243490219,0.35475768270099456
COHFACE_s22_session3_natural,9,63,11.1,1.0603517293930054,0.5461240045162344
COHFACE_s22_session3_natural,9,64,11.133333333333333,1.6456853151321411,0.7048471075596044
COHFACE_s22_session3_natural,9,65,11.166666666666666,1.6809742450714111,0.8420038906985903
COHFACE_s22_session3_natural,9,66,11.2,1.5271122455596924,0.9650414139692651
COHFACE_s22_session3_natural,9,67,11.233333333333333,1.3893312215805054,1.0707508541332673
COHFACE_s22_session3_natural,9,68,11.266666666666667,1.2616628408432007,1.142860174206643
COHFACE_s22_session3_natural,9,69,11.3,1.0456851720809937,1.1570672683102743
COHFACE_s22_session3_natural,9,70,11.333333333333334,0.7829284071922302,1.0921735474826073
COHFACE_s22_session3_natural,9,71,11.366666666666667,0.6529521346092224,0.9416121319774635
COHFACE_s22_session3_natural,9,72,11.4,0.6789101958274841,0.7184330868130027
COHFACE_s22_session3_natural,9,73,11.433333333333334,0.6964802145957947,0.4502585493445307
COHFACE_s22_session3_natural,9,74,11.466666666666667,0.6028228998184204,0.1672819031696243
COHFACE_s22_session3_natural,9,75,11.5,0.42898353934288025,-0.10882358480869271
COHFACE_s22_session3_natural,9,76,11.533333333333333,0.22099673748016357,-0.36814527554109555
COHFACE_s22_session3_natural,9,77,11.566666666666666,0.018271014094352722,-0.6066826631273231
COHFACE_s22_session3_natural,9,78,11.6,-0.14379292726516724,-0.8165669363791448
COHFACE_s22_session3_natural,9,79,11.633333333333333,-0.26715558767318726,-0.980230672269919
COHFACE_s22_session3_natural,9,80,11.666666666666666,-0.36998260021209717,-1.0735727712871235
COHFACE_s22_session3_natural,9,81,11.7,-0.45603370666503906,-1.0771799884295357
COHFACE_s22_session3_natural,9,82,11.733333333333333,-0.5166479349136353,-0.9896070210565127
COHFACE_s22_session3_natural,9,83,11.766666666666667,-0.5756862759590149,-0.8351267278531062
COHFACE_s22_session3_natural,9,84,11.8,-0.6347494721412659,-0.6607002298609838
COHFACE_s22_session3_natural,9,85,11.833333333333334,-0.707424521446228,-0.5217194401257043
COHFACE_s22_session3_natural,9,86,11.866666666666667,-0.7875816822052002,-0.4611267348244239
COHFACE_s22_session3_natural,9,87,11.9,-0.8680739402770996,-0.49014487721722927
COHFACE_s22_session3_natural,9,88,11.933333333333334,-0.951779842376709,-0.579699887076491
COHFACE_s22_session3_natural,9,89,11.966666666666667,-1.0284751653671265,-0.6684305069956651
COHFACE_s22_session3_natural,9,90,12.0,-1.086061716079712,-0.6862084362514785
COHFACE_s22_session3_natural,9,91,12.033333333333333,-1.132667064666748,-0.584196382084387
COHFACE_s22_session3_natural,9,92,12.066666666666666,-1.1714303493499756,-0.3577594333700203
COHFACE_s22_session3_natural,9,93,12.1,-1.219549536705017,-0.05047948656252706
COHFACE_s22_session3_natural,9,94,12.133333333333333,-1.2843577861785889,0.2636509603794324
COHFACE_s22_session3_natural,9,95,12.166666666666666,-1.2418471574783325,0.51163403741466
COHFACE_s22_session3_natural,9,96,12.2,-0.6205296516418457,0.6511011212508376
COHFACE_s22_session3_natural,9,97,12.233333333333333,0.6108261942863464,0.6839654997218092
COHFACE_s22_session3_natural,9,98,12.266666666666667,1.5374234914779663,0.6490192476977544
COHFACE_s22_session3_natural,9,99,12.3,1.7697800397872925,0.5994543653118594
COHFACE_s22_session3_natural,9,100,12.333333333333334,1.6196155548095703,0.5775450142291059
COHFACE_s22_session3_natural,9,101,12.366666666666667,1.3997044563293457,0.598031077482311
COHFACE_s22_session3_natural,9,102,12.4,1.2232469320297241,0.645910334565097
COHFACE_s22_session3_natural,9,103,12.433333333333334,1.0351381301879883,0.6872505913330608
COHFACE_s22_session3_natural,9,104,12.466666666666667,0.7720711827278137,0.6867956896591677
COHFACE_s22_session3_natural,9,105,12.5,0.5948196053504944,0.6246665708903671
COHFACE_s22_session3_natural,9,106,12.533333333333333,0.6027235984802246,0.5057593819521279
COHFACE_s22_session3_natural,9,107,12.566666666666666,0.6630648374557495,0.3584714917346656
COHFACE_s22_session3_natural,9,108,12.6,0.6223658323287964,0.2231954231367377
COHFACE_s22_session3_natural,9,109,12.633333333333333,0.46335434913635254,0.1350518908012819
COHFACE_s22_session3_natural,9,110,12.666666666666666,0.2413710504770279,0.10846873006390019
COHFACE_s22_session3_natural,9,111,12.7,0.020070208236575127,0.13110213134909648
COHFACE_s22_session3_natural,9,112,12.733333333333333,-0.16717003285884857,0.17016318438982525
COHFACE_s22_session3_natural,9,113,12.766666666666667,-0.31082016229629517,0.18785381900919587
COHFACE_s22_session3_natural,9,114,12.8,-0.42189866304397583,0.1580917647355986
COHFACE_s22_session3_natural,9,115,12.833333333333334,-0.507962167263031,0.076514863070544
COHFACE_s22_session3_natural,9,116,12.866666666666667,-0.5710952281951904,-0.04008722285390437
COHFACE_s22_session3_natural,9,117,12.9,-0.6258155703544617,-0.16313167057464503
COHFACE_s22_session3_natural,9,118,12.933333333333334,-0.6759944558143616,-0.2649238424207933
COHFACE_s22_session3_natural,9,119,12.966666666666667,-0.736162006855011,-0.32898569257154725
COHFACE_s22_session3_natural,9,120,13.0,-0.8105989694595337,-0.3548821392106059
COHFACE_s22_session3_natural,9,121,13.033333333333333,-0.8860782384872437,-0.35708772580284914
COHFACE_s22_session3_natural,9,122,13.066666666666666,-0.9602919220924377,-0.3585709321451799
COHFACE_s22_session3_natural,9,123,13.1,-1.0389724969863892,-0.380671721712744
COHFACE_s22_session3_natural,9,124,13.133333333333333,-1.1190428733825684,-0.43281478334397583
COHFACE_s22_session3_natural,9,125,13.166666666666666,-1.212005376815796,-0.5069076923611847
COHFACE_s22_session3_natural,9,126,13.2,-1.2906115055084229,-0.5798018632387328
COHFACE_s22_session3_natural,9,127,13.233333333333333,-1.1237083673477173,-0.6233736910448366
COHFACE_s22_session3_natural,9,128,13.266666666666667,-0.24839432537555695,-0.6176896076125417
COHFACE_s22_session3_natural,9,129,13.3,0.9163293242454529,-0.560559339561149
COHFACE_s22_session3_natural,9,130,13.333333333333334,1.5081896781921387,-0.46801574175775895
COHFACE_s22_session3_natural,9,131,13.366666666666667,1.4772931337356567,-0.36489482027934045
COHFACE_s22_session3_natural,9,132,13.4,1.1930204629898071,-0.27070474827666574
COHFACE_s22_session3_natural,9,133,13.433333333333334,0.9068990349769592,-0.1894401624550197
COHFACE_s22_session3_natural,9,134,13.466666666666667,0.6650377511978149,-0.10999421717694613
COHFACE_s22_session3_natural,9,135,13.5,0.3993898928165436,-0.017090855282114813
COHFACE_s22_session3_natural,9,136,13.533333333333333,0.20907242596149445,0.09475792034111076
COHFACE_s22_session3_natural,9,137,13.566666666666666,0.21536339819431305,0.21414198802520232
COHFACE_s22_session3_natural,9,138,13.6,0.34690308570861816,0.3172068613701434
COHFACE_s22_session3_natural,9,139,13.633333333333333,0.4199627637863159,0.380208012797346
COHFACE_s22_session3_natural,9,140,13.666666666666666,0.32562294602394104,0.391926927319076
COHFACE_s22_session3_natural,9,141,13.7,0.11834341287612915,0.3589220216176204
COHFACE_s22_session3_natural,9,142,13.733333333333333,-0.11335552483797073,0.30204400515557506
COHFACE_s22_session3_natural,9,143,13.766666666666667,-0.322148859500885,0.24743427002463034
COHFACE_s22_session3_natural,9,144,13.8,-0.4795224964618683,0.21606818999432637
COHFACE_s22_session3_natural,9,145,13.833333333333334,-0.5864442586898804,0.21515570446305315
COHFACE_s22_session3_natural,9,146,13.866666666666667,-0.6557566523551941,0.23509191317212233
COHFACE_s22_session3_natural,9,147,13.9,-0.7068537473678589,0.25497874353670086
COHFACE_s22_session3_natural,9,148,13.933333333333334,-0.731744647026062,0.25554408913247045
COHFACE_s22_session3_natural,9,149,13.966666666666667,-0.7543524503707886,0.23270161528837402
COHFACE_s22_session3_natural,9,150,14.0,-0.7960813641548157,0.20249636280979955
COHFACE_s22_session3_natural,9,151,14.033333333333333,-0.8673666715621948,0.19221221240090158
COHFACE_s22_session3_natural,9,152,14.066666666666666,-0.9767452478408813,0.22192457776195704
COHFACE_s22_session3_natural,9,153,14.1,-1.050214409828186,0.2884184950026355
COHFACE_s22_session3_natural,9,154,14.133333333333333,-0.7950390577316284,0.36250522712291156
COHFACE_s22_session3_natural,9,155,14.166666666666666,0.15110115706920624,0.4022325205898502
COHFACE_s22_session3_natural,9,156,14.2,1.1802152395248413,0.3743066980734706
COHFACE_s22_session3_natural,9,157,14.233333333333333,1.5911263227462769,0.2711067787421241
COHFACE_s22_session3_natural,9,158,14.266666666666667,1.4830381870269775,0.11425215898614224
COHFACE_s22_session3_natural,9,159,14.3,1.2029595375061035,-0.05566313365205965
COHFACE_s22_session3_natural,9,160,14.333333333333334,0.9424362182617188,-0.1961071545281603
COHFACE_s22_session3_natural,9,161,14.366666666666667,0.6998180747032166,-0.2773643537595262
COHFACE_s22_session3_natural,9,162,14.4,0.43006306886672974,-0.2896765826125097
COHFACE_s22_session3_natural,9,163,14.433333333333334,0.27020779252052307,-0.24266925298683015
COHFACE_s22_session3_natural,9,164,14.466666666666667,0.30572015047073364,-0.15950956034579297
COHFACE_s22_session3_natural,9,165,14.5,0.42339983582496643,-0.06823105451725466
COHFACE_s22_session3_natural,9,166,14.533333333333333,0.44980454444885254,0.007661214316735184
COHFACE_s22_session3_natural,9,167,14.566666666666666,0.3192947506904602,0.056461642667386215
COHFACE_s22_session3_natural,9,168,14.6,0.09679031372070312,0.0795522722676898
COHFACE_s22_session3_natural,9,169,14.633333333333333,-0.13103726506233215,0.08462604797244354
COHFACE_s22_session3_natural,9,170,14.666666666666666,-0.3241341710090637,0.07427992821869349
COHFACE_s22_session3_natural,9,171,14.7,-0.4730081558227539,0.03786501703406859
COHFACE_s22_session3_natural,9,172,14.733333333333333,-0.5858982801437378,-0.04695953912697833
COHFACE_s22_session3_natural,9,173,14.766666666666667,-0.6609184741973877,-0.20283952554645088
COHFACE_s22_session3_natural,9,174,14.8,-0.6995577216148376,-0.4379053328576175
COHFACE_s22_session3_natural,9,175,14.833333333333334,-0.7265331745147705,-0.7359429369808986
COHFACE_s22_session3_natural,9,176,14.866666666666667,-0.7665993571281433,-1.056109970432934
COHFACE_s22_session3_natural,9,177,14.9,-0.8416815996170044,-1.341025663602751
COHFACE_s22_session3_natural,9,178,14.933333333333334,-0.9323485493659973,-1.5291668183836973
COHFACE_s22_session3_natural,9,179,14.966666666666667,-0.8363708853721619,-1.5678384668260446
COHFACE_s22_session3_natural,9,180,15.0,-0.08732305467128754,-1.4244750216031687
COHFACE_s22_session3_natural,9,181,15.033333333333333,1.0824755430221558,-1.0948520660642969
COHFACE_s22_session3_natural,9,182,15.066666666666666,1.7883923053741455,-0.6064896782601498
COHFACE_s22_session3_natural,9,183,15.1,1.847654104232788,-0.015418971649565995
COHFACE_s22_session3_natural,9,184,15.133333333333333,1.6133990287780762,0.604074757651921
COHFACE_s22_session3_natural,9,185,15.166666666666666,1.363695740699768,1.1744995238351312
COHFACE_s22_session3_natural,9,186,15.2,1.1661814451217651,1.6304864633018772
COHFACE_s22_session3_natural,9,187,15.233333333333333,0.9448558688163757,1.929559010048537
COHFACE_s22_session3_natural,9,188,15.266666666666667,0.6926336884498596,2.0556228068406006
COHFACE_s22_session3_natural,9,189,15.3,0.5584882497787476,2.015673721573142
COHFACE_s22_session3_natural,9,190,15.333333333333334,0.5738496780395508,1.8325992890315863
COHFACE_s22_session3_natural,9,191,15.366666666666667,0.6111984252929688,1.5374901933811624
COHFACE_s22_session3_natural,9,192,15.4,0.5383124947547913,1.1637456585273642
COHFACE_s22_session3_natural,9,193,15.433333333333334,0.34993067383766174,0.7435899163504834
COHFACE_s22_session3_natural,9,194,15.466666666666667,0.1143355593085289,0.3065739571484616
COHFACE_s22_session3_natural,9,195,15.5,-0.10984399169683456,-0.12050984059852775
COHFACE_s22_session3_natural,9,196,15.533333333333333,-0.3013899028301239,-0.5126704318514143
COHFACE_s22_session3_natural,9,197,15.566666666666666,-0.4525718092918396,-0.8454982580350062
COHFACE_s22_session3_natural,9,198,15.6,-0.5657721161842346,-1.0954658734484988
COHFACE_s22_session3_natural,9,199,15.633333333333333,-0.6513268947601318,-1.2431937136021785
COHFACE_s22_session3_natural,9,200,15.666666666666666,-0.7162343859672546,-1.2785101684112725
COHFACE_s22_session3_natural,9,201,15.7,-0.7694656848907471,-1.2038359090454545
COHFACE_s22_session3_natural,9,202,15.733333333333333,-0.8287646174430847,-1.0331865652019099
COHFACE_s22_session3_natural,9,203,15.766666666666667,-0.8862271308898926,-0.7873207241809024
COHFACE_s22_session3_natural,9,204,15.8,-0.946394681930542,-0.4886198151940602
COHFACE_s22_session3_natural,9,205,15.833333333333334,-1.0202361345291138,-0.15959628459603872
COHFACE_s22_session3_natural,9,206,15.866666666666667,-1.1179633140563965,0.1741716639079671
COHFACE_s22_session3_natural,9,207,15.9,-1.236635684967041,0.4799911040125517
COHFACE_s22_session3_natural,9,208,15.933333333333334,-1.2087295055389404,0.7180416713854462
COHFACE_s22_session3_natural,9,209,15.966666666666667,-0.4572000801563263,0.8484680448348214
COHFACE_s22_session3_natural,9,210,16.0,0.9348672032356262,0.8436724429902701
COHFACE_s22_session3_natural,9,211,16.033333333333335,1.88899827003479,0.6997813157848195
COHFACE_s22_session3_natural,9,212,16.066666666666666,2.0872695446014404,0.44114356940704386
COHFACE_s22_session3_natural,9,213,16.1,1.9114199876785278,0.11506212057829039
COHFACE_s22_session3_natural,9,214,16.133333333333333,1.684510588645935,-0.22163271941595405
COHFACE_s22_session3_natural,9,215,16.166666666666668,1.4986352920532227,-0.5189109947260858
COHFACE_s22_session3_natural,9,216,16.2,1.3064441680908203,-0.7459318318904802
COHFACE_s22_session3_natural,9,217,16.233333333333334,1.0241817235946655,-0.8941804585486204
COHFACE_s22_session3_natural,9,218,16.266666666666666,0.7834743857383728,-0.9704566769971825
COHFACE_s22_session3_natural,9,219,16.3,0.7052652835845947,-0.9839456215758471
COHFACE_s22_session3_natural,9,220,16.333333333333332,0.7193982601165771,-0.9347375052819042
COHFACE_s22_session3_natural,9,221,16.366666666666667,0.6853376626968384,-0.8107047237853611
COHFACE_s22_session3_natural,9,222,16.4,0.5363023281097412,-0.5955516325165552
COHFACE_s22_session3_natural,9,223,16.433333333333334,0.3080652952194214,-0.2846824050355766
COHFACE_s22_session3_natural,9,224,16.466666666666665,0.05555775389075279,0.09979284511123683
COHFACE_s22_session3_natural,9,225,16.5,-0.17089250683784485,0.5045199268408727
COHFACE_s22_session3_natural,9,226,16.533333333333335,-0.35083669424057007,0.8554767848418037
COHFACE_s22_session3_natural,9,227,16.566666666666666,-0.49240222573280334,1.0801400400180738
COHFACE_s22_session3_natural,9,228,16.6,-0.6093622446060181,1.131150983125354
COHFACE_s22_session3_natural,9,229,16.633333333333333,-0.6929937601089478,1.000571209809007
COHFACE_s22_session3_natural,9,230,16.666666666666668,-0.7639440298080444,0.7195100231100594
COHFACE_s22_session3_natural,9,231,16.7,-0.833454966545105,0.34592999617820863
COHFACE_s22_session3_natural,9,232,16.733333333333334,-0.904268741607666,-0.05160750763896436
COHFACE_s22_session3_natural,9,233,16.766666666666666,-0.9786436557769775,-0.40713142454201
COHFACE_s22_session3_natural,9,234,16.8,-1.0655509233474731,-0.6651786932247274
COHFACE_s22_session3_natural,9,235,16.833333333333332,-1.1518254280090332,-0.7857624842436631
COHFACE_s22_session3_natural,9,236,16.866666666666667,-1.2287936210632324,-0.7490979168112217
COHFACE_s22_session3_natural,9,237,16.9,-1.300103783607483,-0.5600330746922026
COHFACE_s22_session3_natural,9,238,16.933333333333334,-1.3755954504013062,-0.24956800459189266
COHFACE_s22_session3_natural,9,239,16.966666666666665,-1.4639793634414673,0.12916662932637318
COHFACE_s22_session3_natural,10,0,10.0,-0.536439061164856,-0.05830801439630216
COHFACE_s22_session3_natural,10,1,10.033333333333333,0.3171481192111969,-0.16744439640723882
COHFACE_s22_session3_natural,10,2,10.066666666666666,1.195229172706604,-0.29638130002927277
COHFACE_s22_session3_natural,10,3,10.1,1.54777193069458,-0.4502094845682036
COHFACE_s22_session3_natural,10,4,10.133333333333333,1.4888079166412354,-0.609224403728833
COHFACE_s22_session3_natural,10,5,10.166666666666666,1.3305658102035522,-0.7357106823773575
COHFACE_s22_session3_natural,10,6,10.2,1.1988648176193237,-0.7917269059895802
COHFACE_s22_session3_natural,10,7,10.233333333333333,1.0447421073913574,-0.7577014458399666
COHFACE_s22_session3_natural,10,8,10.266666666666667,0.8012429475784302,-0.6410309469588495
COHFACE_s22_session3_natural,10,9,10.3,0.595564067363739,-0.4697945195529122
COHFACE_s22_session3_natural,10,10,10.333333333333334,0.5500878691673279,-0.2756343697411757
COHFACE_s22_session3_natural,10,11,10.366666666666667,0.5854637622833252,-0.07655957783952673
COHFACE_s22_session3_natural,10,12,10.4,0.5648909211158752,0.12928621630958212
COHFACE_s22_session3_natural,10,13,10.433333333333334,0.4399276077747345,0.3546537231033344
COHFACE_s22_session3_natural,10,14,10.466666666666667,0.25859367847442627,0.6050066398595155
COHFACE_s22_session3_natural,10,15,10.5,0.06678720563650131,0.8635336201548409
COHFACE_s22_session3_natural,10,16,10.533333333333333,-0.10550111532211304,1.089398017711078
COHFACE_s22_session3_natural,10,17,10.566666666666666,-0.23769843578338623,1.2306039256526078
COHFACE_s22_session3_natural,10,18,10.6,-0.34890103340148926,1.2441701646702394
COHFACE_s22_session3_natural,10,19,10.633333333333333,-0.43646591901779175,1.1127859744487614
COHFACE_s22_session3_natural,10,20,10.666666666666666,-0.4958641231060028,0.8503531949808228
COHFACE_s22_session3_natural,10,21,10.7,-0.5504355430603027,0.49560234241545614
COHFACE_s22_session3_natural,10,22,10.733333333333333,-0.6093746423721313,0.09858312317324971
COHFACE_s22_session3_natural,10,23,10.766666666666667,-0.6694925427436829,-0.2933117522436375
COHFACE_s22_session3_natural,10,24,10.8,-0.7316081523895264,-0.6449258572959238
COHFACE_s22_session3_natural,10,25,10.833333333333334,-0.8005483150482178,-0.9367833386333504
COHFACE_s22_session3_natural,10,26,10.866666666666667,-0.8634456396102905,-1.1628539176970611
COHFACE_s22_session3_natural,10,27,10.9,-0.9276706576347351,-1.3242461312336362
COHFACE_s22_session3_natural,10,28,10.933333333333334,-0.9917343854904175,-1.421355508021881
COHFACE_s22_session3_natural,10,29,10.966666666666667,-1.0675983428955078,-1.4477986566037098
COHFACE_s22_session3_natural,10,30,11.0,-1.1305452585220337,-1.3894629441641226
COHFACE_s22_session3_natural,10,31,11.033333333333333,-0.947163999080658,-1.2300306117935726
COHFACE_s22_session3_natural,10,32,11.066666666666666,-0.07062157243490219,-0.9605930612769112
COHFACE_s22_session3_natural,10,33,11.1,1.0603517293930054,-0.5883451962258137
COHFACE_s22_session3_natural,10,34,11.133333333333333,1.6456853151321411,-0.1401967854714543
COHFACE_s22_session3_natural,10,35,11.166666666666666,1.6809742450714111,0.3397899564384408
COHFACE_s22_session3_natural,10,36,11.2,1.5271122455596924,0.7976189311220067
COHFACE_s22_session3_natural,10,37,11.233333333333333,1.3893312215805054,1.1790248898629563
COHFACE_s22_session3_natural,10,38,11.266666666666667,1.2616628408432007,1.440131505609855
COHFACE_s22_session3_natural,10,39,11.3,1.0456851720809937,1.5576008998083486
COHFACE_s22_session3_natural,10,40,11.333333333333334,0.7829284071922302,1.5349075773448078
COHFACE_s22_session3_natural,10,41,11.366666666666667,0.6529521346092224,1.400373107201569
COHFACE_s22_session3_natural,10,42,11.4,0.6789101958274841,1.1953222076397643
COHFACE_s22_session3_natural,10,43,11.433333333333334,0.6964802145957947,0.9564642830898449
COHFACE_s22_session3_natural,10,44,11.466666666666667,0.6028228998184204,0.7017477135934649
COHFACE_s22_session3_natural,10,45,11.5,0.42898353934288025,0.4288062005962902
COHFACE_s22_session3_natural,10,46,11.533333333333333,0.22099673748016357,0.1280484191842161
COHFACE_s22_session3_natural,10,47,11.566666666666666,0.018271014094352722,-0.1971834849333281
COHFACE_s22_session3_natural,10,48,11.6,-0.14379292726516724,-0.5165510786986446
COHFACE_s22_session3_natural,10,49,11.633333333333333,-0.26715558767318726,-0.7754062789264919
COHFACE_s22_session3_natural,10,50,11.666666666666666,-0.36998260021209717,-0.9150953555462362
COHFACE_s22_session3_natural,10,51,11.7,-0.45603370666503906,-0.9010678854259321
COHFACE_s22_session3_natural,10,52,11.733333333333333,-0.5166479349136353,-0.7442013176996842
COHFACE_s22_session3_natural,10,53,11.766666666666667,-0.5756862759590149,-0.5038292266875335
COHFACE_s22_session3_natural,10,54,11.8,-0.6347494721412659,-0.269613924018125
COHFACE_s22_session3_natural,10,55,11.833333333333334,-0.707424521446228,-0.1291049597148498
COHFACE_s22_session3_natural,10,56,11.866666666666667,-0.7875816822052002,-0.13413342831477057
COHFACE_s22_session3_natural,10,57,11.9,-0.8680739402770996,-0.2799218242693251
COHFACE_s22_session3_natural,10,58,11.933333333333334,-0.951779842376709,-0.5059829577095393
COHFACE_s22_session3_natural,10,59,11.966666666666667,-1.0284751653671265,-0.7192409699256218
COHFACE_s22_session3_natural,10,60,12.0,-1.086061716079712,-0.8304477268941046
COHFACE_s22_session3_natural,10,61,12.033333333333333,-1.132667064666748,-0.788859594185511
COHFACE_s22_session3_natural,10,62,12.066666666666666,-1.1714303493499756,-0.6003324427282756
COHFACE_s22_session3_natural,10,63,12.1,-1.219549536705017,-0.32094844247580256
COHFACE_s22_session3_natural,10,64,12.133333333333333,-1.2843577861785889,-0.029453995648156643
COHFACE_s22_session3_natural,10,65,12.166666666666666,-1.2418471574783325,0.20799969658865847
COHFACE_s22_session3_natural,10,66,12.2,-0.6205296516418457,0.36342817555335233
COHFACE_s22_session3_natural,10,67,12.233333333333333,0.6108261942863464,0.45087295609710576
COHFACE_s22_session3_natural,10,68,12.266666666666667,1.5374234914779663,0.5090341828948873
COHFACE_s22_session3_natural,10,69,12.3,1.7697800397872925,0.5746996640581548
COHFACE_s22_session3_natural,10,70,12.333333333333334,1.6196155548095703,0.6621013188042109
COHFACE_s22_session3_natural,10,71,12.366666666666667,1.3997044563293457,0.7576497785774142
COHFACE_s22_session3_natural,10,72,12.4,1.2232469320297241,0.8297742778703966
COHFACE_s22_session3_natural,10,73,12.433333333333334,1.0351381301879883,0.8459539832155708
COHFACE_s22_session3_natural,10,74,12.466666666666667,0.7720711827278137,0.7873955768507399
COHFACE_s22_session3_natural,10,75,12.5,0.5948196053504944,0.6552896841882228
COHFACE_s22_session3_natural,10,76,12.533333333333333,0.6027235984802246,0.46779909037263334
COHFACE_s22_session3_natural,10,77,12.566666666666666,0.6630648374557495,0.2511606843935602
COHFACE_s22_session3_natural,10,78,12.6,0.6223658323287964,0.030081038886566318
COHFACE_s22_session3_natural,10,79,12.633333333333333,0.46335434913635254,-0.17810002463742217
COHFACE_s22_session3_natural,10,80,12.666666666666666,0.2413710504770279,-0.3634496212542704
COHFACE_s22_session3_natural,10,81,12.7,0.020070208236575127,-0.5189386012037348
COHFACE_s22_session3_natural,10,82,12.733333333333333,-0.16717003285884857,-0.6354342482935856
COHFACE_s22_session3_natural,10,83,12.766666666666667,-0.31082016229629517,-0.7006130572496095
COHFACE_s22_session3_natural,10,84,12.8,-0.42189866304397583,-0.7034350543507741
COHFACE_s22_session3_natural,10,85,12.833333333333334,-0.507962167263031,-0.6416236576208418
COHFACE_s22_session3_natural,10,86,12.866666666666667,-0.5710952281951904,-0.5268681308262764
COHFACE_s22_session3_natural,10,87,12.9,-0.6258155703544617,-0.3833928130868006
COHFACE_s22_session3_natural,10,88,12.933333333333334,-0.6759944558143616,-0.23993822723801833
COHFACE_s22_session3_natural,10,89,12.966666666666667,-0.736162006855011,-0.11972030381983287
COHFACE_s22_session3_natural,10,90,13.0,-0.8105989694595337,-0.03405266945838614
COHFACE_s22_session3_natural,10,91,13.033333333333333,-0.8860782384872437,0.017576045269984002
COHFACE_s22_session3_natural,10,92,13.066666666666666,-0.9602919220924377,0.042857918735114034
COHFACE_s22_session3_natural,10,93,13.1,-1.0389724969863892,0.051892426994190013
COHFACE_s22_session3_natural,10,94,13.133333333333333,-1.1190428733825684,0.05502049642051715
COHFACE_s22_session3_natural,10,95,13.166666666666666,-1.212005376815796,0.062487163642926495
COHFACE_s22_session3_natural,10,96,13.2,-1.2906115055084229,0.08346631516471303
COHFACE_s22_session3_natural,10,97,13.233333333333333,-1.1237083673477173,0.12317026203934224
COHFACE_s22_session3_natural,10,98,13.266666666666667,-0.24839432537555695,0.17950945247183744
COHFACE_s22_session3_natural,10,99,13.3,0.9163293242454529,0.24253536641878548
COHFACE_s22_session3_natural,10,100,13.333333333333334,1.5081896781921387,0.29879746919479694
COHFACE_s22_session3_natural,10,101,13.366666666666667,1.4772931337356567,0.3391201162657945
COHFACE_s22_session3_natural,10,102,13.4,1.1930204629898071,0.3646002789530879
COHFACE_s22_session3_natural,10,103,13.433333333333334,0.9068990349769592,0.3853924345866277
COHFACE_s22_session3_natural,10,104,13.466666666666667,0.6650377511978149,0.41148490607526556
COHFACE_s22_session3_natural,10,105,13.5,0.3993898928165436,0.4409370370727225
COHFACE_s22_session3_natural,10,106,13.533333333333333,0.20907242596149445,0.4541246747548754
COHFACE_s22_session3_natural,10,107,13.566666666666666,0.21536339819431305,0.41978841007292195
COHFACE_s22_session3_natural,10,108,13.6,0.34690308570861816,0.3112064945901987
COHFACE_s22_session3_natural,10,109,13.633333333333333,0.4199627637863159,0.123723571996146
COHFACE_s22_session3_natural,10,110,13.666666666666666,0.32562294602394104,-0.11678881639554989
COHFACE_s22_session3_natural,10,111,13.7,0.11834341287612915,-0.3602370156787111
COHFACE_s22_session3_natural,10,112,13.733333333333333,-0.11335552483797073,-0.5508772251978922
COHFACE_s22_session3_natural,10,113,13.766666666666667,-0.322148859500885,-0.6491797860018453
COHFACE_s22_session3_natural,10,114,13.8,-0.4795224964618683,-0.6470036732771094
COHFACE_s22_session3_natural,10,115,13.833333333333334,-0.5864442586898804,-0.5697403310815017
COHFACE_s22_session3_natural,10,116,13.866666666666667,-0.6557566523551941,-0.46453913074906855
COHFACE_s22_session3_natural,10,117,13.9,-0.7068537473678589,-0.3792384480204051
COHFACE_s22_session3_natural,10,118,13.933333333333334,-0.731744647026062,-0.3408454975843795
COHFACE_s22_session3_natural,10,119,13.966666666666667,-0.7543524503707886,-0.3434811457277572
COHFACE_s22_session3_natural,10,120,14.0,-0.7960813641548157,-0.352343394837722
COHFACE_s22_session3_natural,10,121,14.033333333333333,-0.8673666715621948,-0.3228529581354365
COHFACE_s22_session3_natural,10,122,14.066666666666666,-0.9767452478408813,-0.22567823618790706
COHFACE_s22_session3_natural,10,123,14.1,-1.050214409828186,-0.06423454888669759
COHFACE_s22_session3_natural,10,124,14.133333333333333,-0.7950390577316284,0.12495339263393952
COHFACE_s22_session3_natural,10,125,14.166666666666666,0.15110115706920624,0.2891960158018078
COHFACE_s22_session3_natural,10,126,14.2,1.1802152395248413,0.38461536156903564
COHFACE_s22_session3_natural,10,127,14.233333333333333,1.5911263227462769,0.3959002493298471
COHFACE_s22_session3_natural,10,128,14.266666666666667,1.4830381870269775,0.34132077102881225
COHFACE_s22_session3_natural,10,129,14.3,1.2029595375061035,0.26199512040666867
COHFACE_s22_session3_natural,10,130,14.333333333333334,0.9424362182617188,0.20238048470184877
COHFACE_s22_session3_natural,10,131,14.366666666666667,0.6998180747032166,0.19223818903551904
COHFACE_s22_session3_natural,10,132,14.4,0.43006306886672974,0.2377438523446079
COHFACE_s22_session3_natural,10,133,14.433333333333334,0.27020779252052307,0.32361200578685634
COHFACE_s22_session3_natural,10,134,14.466666666666667,0.30572015047073364,0.42293983670589624
COHFACE_s22_session3_natural,10,135,14.5,0.42339983582496643,0.5091763679502582
COHFACE_s22_session3_natural,10,136,14.533333333333333,0.44980454444885254,0.5652664196278337
COHFACE_s22_session3_natural,10,137,14.566666666666666,0.3192947506904602,0.5868296834016756
COHFACE_s22_session3_natural,10,138,14.6,0.09679031372070312,0.5780239003543722
COHFACE_s22_session3_natural,10,139,14.633333333333333,-0.13103726506233215,0.5418792236896219
COHFACE_s22_session3_natural,10,140,14.666666666666666,-0.3241341710090637,0.4713585598869427
COHFACE_s22_session3_natural,10,141,14.7,-0.4730081558227539,0.34842299721072734
COHFACE_s22_session3_natural,10,142,14.733333333333333,-0.5858982801437378,0.1529368895468985
COHFACE_s22_session3_natural,10,143,14.766666666666667,-0.6609184741973877,-0.12398700509005857
COHFACE_s22_session3_natural,10,144,14.8,-0.6995577216148376,-0.4702899457441315
COHFACE_s22_session3_natural,10,145,14.833333333333334,-0.7265331745147705,-0.8518888728598059
COHFACE_s22_session3_natural,10,146,14.866666666666667,-0.7665993571281433,-1.219296049733089
COHFACE_s22_session3_natural,10,147,14.9,-0.8416815996170044,-1.5172278794126877
COHFACE_s22_session3_natural,10,148,14.933333333333334,-0.9323485493659973,-1.6935136674256905
COHFACE_s22_session3_natural,10,149,14.966666666666667,-0.8363708853721619,-1.7068615150790725
COHFACE_s22_session3_natural,10,150,15.0,-0.08732305467128754,-1.534532044649635
COHFACE_s22_session3_natural,10,151,15.033333333333333,1.0824755430221558,-1.1797082347679049
COHFACE_s22_session3_natural,10,152,15.066666666666666,1.7883923053741455,-0.6758841803807022
COHFACE_s22_session3_natural,10,153,15.1,1.847654104232788,-0.08454617690132216
COHFACE_s22_session3_natural,10,154,15.133333333333333,1.6133990287780762,0.5155756198748578
COHFACE_s22_session3_natural,10,155,15.166666666666666,1.363695740699768,1.0453766022202178
COHFACE_s22_session3_natural,10,156,15.2,1.1661814451217651,1.4425670847836831
COHFACE_s22_session3_natural,10,157,15.233333333333333,0.9448558688163757,1.6727898380859418
COHFACE_s22_session3_natural,10,158,15.266666666666667,0.6926336884498596,1.7312415360722762
COHFACE_s22_session3_natural,10,159,15.3,0.5584882497787476,1.6359141182118964
COHFACE_s22_session3_natural,10,160,15.333333333333334,0.5738496780395508,1.4169058209084888
COHFACE_s22_session3_natural,10,161,15.366666666666667,0.6111984252929688,1.1068950266457416
COHFACE_s22_session3_natural,10,162,15.4,0.5383124947547913,0.7360005601669423
COHFACE_s22_session3_natural,10,163,15.433333333333334,0.34993067383766174,0.3314908736704677
COHFACE_s22_session3_natural,10,164,15.466666666666667,0.1143355593085289,-0.0792542403325318
COHFACE_s22_session3_natural,10,165,15.5,-0.10984399169683456,-0.46526401096513875
COHFACE_s22_session3_natural,10,166,15.533333333333333,-0.3013899028301239,-0.7911282775963903
COHFACE_s22_session3_natural,10,167,15.566666666666666,-0.4525718092918396,-1.021151959097639
COHFACE_s22_session3_natural,10,168,15.6,-0.5657721161842346,-1.1284818558692906
COHFACE_s22_session3_natural,10,169,15.633333333333333,-0.6513268947601318,-1.1055694475131224
COHFACE_s22_session3_natural,10,170,15.666666666666666,-0.7162343859672546,-0.9694576610411912
COHFACE_s22_session3_natural,10,171,15.7,-0.7694656848907471,-0.7566600181777431
COHFACE_s22_session3_natural,10,172,15.733333333333333,-0.8287646174430847,-0.508812543786477
COHFACE_s22_session3_natural,10,173,15.766666666666667,-0.8862271308898926,-0.25724512757559087
COHFACE_s22_session3_natural,10,174,15.8,-0.946394681930542,-0.016335917032011024
COHFACE_s22_session3_natural,10,175,15.833333333333334,-1.0202361345291138,0.21012513297024296
COHFACE_s22_session3_natural,10,176,15.866666666666667,-1.1179633140563965,0.4151363216756965
COHFACE_s22_session3_natural,10,177,15.9,-1.236635684967041,0.5786963144312086
COHFACE_s22_session3_natural,10,178,15.933333333333334,-1.2087295055389404,0.6699784733922058
COHFACE_s22_session3_natural,10,179,15.966666666666667,-0.4572000801563263,0.6602867528306644
COHFACE_s22_session3_natural,10,180,16.0,0.9348672032356262,0.5383645065883057
COHFACE_s22_session3_natural,10,181,16.033333333333335,1.88899827003479,0.3187487272232914
COHFACE_s22_session3_natural,10,182,16.066666666666666,2.0872695446014404,0.03910520600550189
COHFACE_s22_session3_natural,10,183,16.1,1.9114199876785278,-0.2510265456461494
COHFACE_s22_session3_natural,10,184,16.133333333333333,1.684510588645935,-0.5045418520490624
COHFACE_s22_session3_natural,10,185,16.166666666666668,1.4986352920532227,-0.6886867485168068
COHFACE_s22_session3_natural,10,186,16.2,1.3064441680908203,-0.7904007114695131
COHFACE_s22_session3_natural,10,187,16.233333333333334,1.0241817235946655,-0.813090580531734
COHFACE_s22_session3_natural,10,188,16.266666666666666,0.7834743857383728,-0.7662619562658914
COHFACE_s22_session3_natural,10,189,16.3,0.7052652835845947,-0.6533725470400357
COHFACE_s22_session3_natural,10,190,16.333333333333332,0.7193982601165771,-0.46568938708302654
COHFACE_s22_session3_natural,10,191,16.366666666666667,0.6853376626968384,-0.18784888659925764
COHFACE_s22_session3_natural,10,192,16.4,0.5363023281097412,0.18623985684795877
COHFACE_s22_session3_natural,10,193,16.433333333333334,0.3080652952194214,0.6358946792426622
COHFACE_s22_session3_natural,10,194,16.466666666666665,0.05555775389075279,1.1056117746965615
COHFACE_s22_session3_natural,10,195,16.5,-0.17089250683784485,1.5132963778068973
COHFACE_s22_session3_natural,10,196,16.533333333333335,-0.35083669424057007,1.7731825677356376
COHFACE_s22_session3_natural,10,197,16.566666666666666,-0.49240222573280334,1.8238551922874966
COHFACE_s22_session3_natural,10,198,16.6,-0.6093622446060181,1.6486623794233677
COHFACE_s22_session3_natural,10,199,16.633333333333333,-0.6929937601089478,1.279421776464546
COHFACE_s22_session3_natural,10,200,16.666666666666668,-0.7639440298080444,0.7828749928125343
COHFACE_s22_session3_natural,10,201,16.7,-0.833454966545105,0.237466186987594
COHFACE_s22_session3_natural,10,202,16.733333333333334,-0.904268741607666,-0.289018917439159
COHFACE_s22_session3_natural,10,203,16.766666666666666,-0.9786436557769775,-0.7528104399339666
COHFACE_s22_session3_natural,10,204,16.8,-1.0655509233474731,-1.1355311132896848
COHFACE_s22_session3_natural,10,205,16.833333333333332,-1.1518254280090332,-1.435835212190908
COHFACE_s22_session3_natural,10,206,16.866666666666667,-1.2287936210632324,-1.656857572516658
COHFACE_s22_session3_natural,10,207,16.9,-1.300103783607483,-1.7956629013365362
COHFACE_s22_session3_natural,10,208,16.933333333333334,-1.3755954504013062,-1.8391610546555817
COHFACE_s22_session3_natural,10,209,16.966666666666665,-1.4639793634414673,-1.767772240599662
COHFACE_s22_session3_natural,10,210,17.0,-1.5277328491210938,-1.5647678590697967
COHFACE_s22_session3_natural,10,211,17.033333333333335,-1.149753212928772,-1.2270613545186075
COHFACE_s22_session3_natural,10,212,17.066666666666666,0.16280211508274078,-0.7730245574192675
COHFACE_s22_session3_natural,10,213,17.1,1.5617684125900269,-0.2442296971013295
COHFACE_s22_session3_natural,10,214,17.133333333333333,2.1301398277282715,0.299988442449689
COHFACE_s22_session3_natural,10,215,17.166666666666668,2.05706787109375,0.7940742745361533
COHFACE_s22_session3_natural,10,216,17.2,1.8045107126235962,1.1808033443648827
COHFACE_s22_session3_natural,10,217,17.233333333333334,1.5666571855545044,1.424449740333297
COHFACE_s22_session3_natural,10,218,17.266666666666666,1.3737215995788574,1.5181691533966382
COHFACE_s22_session3_natural,10,219,17.3,1.126983880996704,1.4828135441084893
COHFACE_s22_session3_natural,10,220,17.333333333333332,0.8408748507499695,1.357332655317275
COHFACE_s22_session3_natural,10,221,17.366666666666667,0.6757460832595825,1.184033191134719
COHFACE_s22_session3_natural,10,222,17.4,0.6662538051605225,0.9939947843229306
COHFACE_s22_session3_natural,10,223,17.433333333333334,0.6756095886230469,0.7982806413229045
COHFACE_s22_session3_natural,10,224,17.466666666666665,0.5774852633476257,0.588978092020416
COHFACE_s22_session3_natural,10,225,17.5,0.3738909959793091,0.3503617687528172
COHFACE_s22_session3_natural,10,226,17.533333333333335,0.11601066589355469,0.07542932213856632
COHFACE_s22_session3_natural,10,227,17.566666666666666,-0.13265033066272736,-0.22073192876305814
COHFACE_s22_session3_natural,10,228,17.6,-0.3426845073699951,-0.4990584731905832
COHFACE_s22_session3_natural,10,229,17.633333333333333,-0.5088431239128113,-0.7089330125132931
COHFACE_s22_session3_natural,10,230,17.666666666666668,-0.6361392140388489,-0.8091561438877952
COHFACE_s22_session3_natural,10,231,17.7,-0.7411004304885864,-0.786157675817061
COHFACE_s22_session3_natural,10,232,17.733333333333334,-0.8188504576683044,-0.6601339989783997
COHFACE_s22_session3_natural,10,233,17.766666666666666,-0.8768713474273682,-0.47710201301107935
COHFACE_s22_session3_natural,10,234,17.8,-0.9321004152297974,-0.29206399078451784
COHFACE_s22_session3_natural,10,235,17.833333333333332,-0.9977151155471802,-0.1516688019031689
COHFACE_s22_session3_natural,10,236,17.866666666666667,-1.0782073736190796,-0.08295758508534648
COHFACE_s22_session3_natural,10,237,17.9,-1.1663554906845093,-0.0902800360109282
COHFACE_s22_session3_natural,10,238,17.933333333333334,-1.252530574798584,-0.15854514788694166
COHFACE_s22_session3_natural,10,239,17.966666666666665,-1.337365746498108,-0.25943389875165035
COHFACE_s22_session3_natural,11,0,11.0,-1.1305452585220337,0.14836138242516975
COHFACE_s22_session3_natural,11,1,11.033333333333333,-0.947163999080658,-0.008924739853316094
COHFACE_s22_session3_natural,11,2,11.066666666666666,-0.07062157243490219,-0.1637609727427468
COHFACE_s22_session3_natural,11,3,11.1,1.0603517293930054,-0.3046409579648409
COHFACE_s22_session3_natural,11,4,11.133333333333333,1.6456853151321411,-0.4111646467062283
COHFACE_s22_session3_natural,11,5,11.166666666666666,1.6809742450714111,-0.46022991153636367
COHFACE_s22_session3_natural,11,6,11.2,1.5271122455596924,-0.4368994451168873
COHFACE_s22_session3_natural,11,7,11.233333333333333,1.3893312215805054,-0.3435109064315119
COHFACE_s22_session3_natural,11,8,11.266666666666667,1.2616628408432007,-0.20168381106634095
COHFACE_s22_session3_natural,11,9,11.3,1.0456851720809937,-0.04595064143999297
COHFACE_s22_session3_natural,11,10,11.333333333333334,0.7829284071922302,0.08806154058974475
COHFACE_s22_session3_natural,11,11,11.366666666666667,0.6529521346092224,0.17538059555951588
COHFACE_s22_session3_natural,11,12,11.4,0.6789101958274841,0.20776261471071897
COHFACE_s22_session3_natural,11,13,11.433333333333334,0.6964802145957947,0.19151738114713218
COHFACE_s22_session3_natural,11,14,11.466666666666667,0.6028228998184204,0.13957556697266052
COHFACE_s22_session3_natural,11,15,11.5,0.42898353934288025,0.0636726450974076
COHFACE_s22_session3_natural,11,16,11.533333333333333,0.22099673748016357,-0.028580978159131007
COHFACE_s22_session3_natural,11,17,11.566666666666666,0.018271014094352722,-0.1312966193813636
COHFACE_s22_session3_natural,11,18,11.6,-0.14379292726516724,-0.2361968821641561
COHFACE_s22_session3_natural,11,19,11.633333333333333,-0.26715558767318726,-0.33129401318884594
COHFACE_s22_session3_natural,11,20,11.666666666666666,-0.36998260021209717,-0.4039956614628675
COHFACE_s22_session3_natural,11,21,11.7,-0.45603370666503906,-0.44657390965650445
COHFACE_s22_session3_natural,11,22,11.733333333333333,-0.5166479349136353,-0.4605034753411228
COHFACE_s22_session3_natural,11,23,11.766666666666667,-0.5756862759590149,-0.4571725521460489
COHFACE_s22_session3_natural,11,24,11.8,-0.6347494721412659,-0.4543695924350267
COHFACE_s22_session3_natural,11,25,11.833333333333334,-0.707424521446228,-0.46945406672937057
COHFACE_s22_session3_natural,11,26,11.866666666666667,-0.7875816822052002,-0.5108648119391432
COHFACE_s22_session3_natural,11,27,11.9,-0.8680739402770996,-0.5704245133433571
COHFACE_s22_session3_natural,11,28,11.933333333333334,-0.951779842376709,-0.620091090909154
COHFACE_s22_session3_natural,11,29,11.966666666666667,-1.0284751653671265,-0.6168131361042998
COHFACE_s22_session3_natural,11,30,12.0,-1.086061716079712,-0.5164477496078298
COHFACE_s22_session3_natural,11,31,12.033333333333333,-1.132667064666748,-0.292894881999178
COHFACE_s22_session3_natural,11,32,12.066666666666666,-1.1714303493499756,0.04579496351713895
COHFACE_s22_session3_natural,11,33,12.1,-1.219549536705017,0.45314867915275
COHFACE_s22_session3_natural,11,34,12.133333333333333,-1.2843577861785889,0.855780487041625
COHFACE_s22_session3_natural,11,35,12.166666666666666,-1.2418471574783325,1.1767736298705391
COHFACE_s22_session3_natural,11,36,12.2,-0.6205296516418457,1.3607165189756667
COHFACE_s22_session3_natural,11,37,12.233333333333333,0.6108261942863464,1.3893555287858224
COHFACE_s22_session3_natural,11,38,12.266666666666667,1.5374234914779663,1.2822245377842028
COHFACE_s22_session3_natural,11,39,12.3,1.7697800397872925,1.0842401358341571
COHFACE_s22_session3_natural,11,40,12.333333333333334,1.6196155548095703,0.8472657361774081
COHFACE_s22_session3_natural,11,41,12.366666666666667,1.3997044563293457,0.6134029072212183
COHFACE_s22_session3_natural,11,42,12.4,1.2232469320297241,0.4052881015640936
COHFACE_s22_session3_natural,11,43,12.433333333333334,1.0351381301879883,0.22517490896660952
COHFACE_s22_session3_natural,11,44,12.466666666666667,0.7720711827278137,0.06177807580253229
COHFACE_s22_session3_natural,11,45,12.5,0.5948196053504944,-0.09834682276327832
COHFACE_s22_session3_natural,11,46,12.533333333333333,0.6027235984802246,-0.25993351398009684
COHFACE_s22_session3_natural,11,47,12.566666666666666,0.6630648374557495,-0.4137910829710181
COHFACE_s22_session3_natural,11,48,12.6,0.6223658323287964,-0.5397480377324341
COHFACE_s22_session3_natural,11,49,12.633333333333333,0.46335434913635254,-0.6160515007924647
COHFACE_s22_session3_natural,11,50,12.666666666666666,0.2413710504770279,-0.630088960067013
COHFACE_s22_session3_natural,11,51,12.7,0.020070208236575127,-0.5846387399775025
COHFACE_s22_session3_natural,11,52,12.733333333333333,-0.16717003285884857,-0.49648563849274646
COHFACE_s22_session3_natural,11,53,12.766666666666667,-0.31082016229629517,-0.38855682318608076
COHFACE_s22_session3_natural,11,54,12.8,-0.42189866304397583,-0.28021696279881275
COHFACE_s22_session3_natural,11,55,12.833333333333334,-0.507962167263031,-0.18107299089450782
COHFACE_s22_session3_natural,11,56,12.866666666666667,-0.5710952281951904,-0.09121553251466014
COHFACE_s22_session3_natural,11,57,12.9,-0.6258155703544617,-0.006940689186219592
COHFACE_s22_session3_natural,11,58,12.933333333333334,-0.6759944558143616,0.07195904925134361
COHFACE_s22_session3_natural,11,59,12.966666666666667,-0.736162006855011,0.13770831699966793
COHFACE_s22_session3_natural,11,60,13.0,-0.8105989694595337,0.1752173707318843
COHFACE_s22_session3_natural,11,61,13.033333333333333,-0.8860782384872437,0.16751528161958237
COHFACE_s22_session3_natural,11,62,13.066666666666666,-0.9602919220924377,0.10375240113966797
COHFACE_s22_session3_natural,11,63,13.1,-1.0389724969863892,-0.013482029349863287
COHFACE_s22_session3_natural,11,64,13.133333333333333,-1.1190428733825684,-0.16538600785892865
COHFACE_s22_session3_natural,11,65,13.166666666666666,-1.212005376815796,-0.32141285005710946
COHFACE_s22_session3_natural,11,66,13.2,-1.2906115055084229,-0.45006255961210373
COHFACE_s22_session3_natural,11,67,13.233333333333333,-1.1237083673477173,-0.5310299445285522
COHFACE_s22_session3_natural,11,68,13.266666666666667,-0.24839432537555695,-0.5621301835590681
COHFACE_s22_session3_natural,11,69,13.3,0.9163293242454529,-0.5566708741018614
COHFACE_s22_session3_natural,11,70,13.333333333333334,1.5081896781921387,-0.5322626068440481
COHFACE_s22_session3_natural,11,71,13.366666666666667,1.4772931337356567,-0.497431335468259
COHFACE_s22_session3_natural,11,72,13.4,1.1930204629898071,-0.4443910002532075
COHFACE_s22_session3_natural,11,73,13.433333333333334,0.9068990349769592,-0.3531846846391677
COHFACE_s22_session3_natural,11,74,13.466666666666667,0.6650377511978149,-0.2053750258030259
COHFACE_s22_session3_natural,11,75,13.5,0.3993898928165436,0.0007943872159044531
COHFACE_s22_session3_natural,11,76,13.533333333333333,0.20907242596149445,0.24298849158209204
COHFACE_s22_session3_natural,11,77,13.566666666666666,0.21536339819431305,0.4799297650298031
COHFACE_s22_session3_natural,11,78,13.6,0.34690308570861816,0.6667548055696269
COHFACE_s22_session3_natural,11,79,13.633333333333333,0.4199627637863159,0.7726153933614519
COHFACE_s22_session3_natural,11,80,13.666666666666666,0.32562294602394104,0.7917136783498441
COHFACE_s22_session3_natural,11,81,13.7,0.11834341287612915,0.7428420318338332
COHFACE_s22_session3_natural,11,82,13.733333333333333,-0.11335552483797073,0.6585804859276226
COHFACE_s22_session3_natural,11,83,13.766666666666667,-0.322148859500885,0.570121925762285
COHFACE_s22_session3_natural,11,84,13.8,-0.4795224964618683,0.49486320781956844
COHFACE_s22_session3_natural,11,85,13.833333333333334,-0.5864442586898804,0.4317016904543046
COHFACE_s22_session3_natural,11,86,13.866666666666667,-0.6557566523551941,0.3652041820520942
COHFACE_s22_session3_natural,11,87,13.9,-0.7068537473678589,0.27619574802708163
COHFACE_s22_session3_natural,11,88,13.933333333333334,-0.731744647026062,0.15400035269481097
COHFACE_s22_session3_natural,11,89,13.966666666666667,-0.7543524503707886,0.0049156155798081875
COHFACE_s22_session3_natural,11,90,14.0,-0.7960813641548157,-0.1473546913009718
COHFACE_s22_session3_natural,11,91,14.033333333333333,-0.8673666715621948,-0.27028092768983436
COHFACE_s22_session3_natural,11,92,14.066666666666666,-0.9767452478408813,-0.33633770357913667
COHFACE_s22_session3_natural,11,93,14.1,-1.050214409828186,-0.33501983478970343
COHFACE_s22_session3_natural,11,94,14.133333333333333,-0.7950390577316284,-0.2766716183907528
COHFACE_s22_session3_natural,11,95,14.166666666666666,0.15110115706920624,-0.1862716916917843
COHFACE_s22_session3_natural,11,96,14.2,1.1802152395248413,-0.09109265508716
COHFACE_s22_session3_natural,11,97,14.233333333333333,1.5911263227462769,-0.009422382598794032
COHFACE_s22_session3_natural,11,98,14.266666666666667,1.4830381870269775,0.05393724962408783
COHFACE_s22_session3_natural,11,99,14.3,1.2029595375061035,0.10436588696835776
COHFACE_s22_session3_natural,11,100,14.333333333333334,0.9424362182617188,0.14978597621088036
COHFACE_s22_session3_natural,11,101,14.366666666666667,0.6998180747032166,0.1936993216460907
COHFACE_s22_session3_natural,11,102,14.4,0.43006306886672974,0.2319968030956114
COHFACE_s22_session3_natural,11,103,14.433333333333334,0.27020779252052307,0.2538417684366187
COHFACE_s22_session3_natural,11,104,14.466666666666667,0.30572015047073364,0.24568793328428934
COHFACE_s22_session3_natural,11,105,14.5,0.42339983582496643,0.19713086519745032
COHFACE_s22_session3_natural,11,106,14.533333333333333,0.44980454444885254,0.10642754161318281
COHFACE_s22_session3_natural,11,107,14.566666666666666,0.3192947506904602,-0.0172314772498655
COHFACE_s22_session3_natural,11,108,14.6,0.09679031372070312,-0.15684910392162507
COHFACE_s22_session3_natural,11,109,14.633333333333333,-0.13103726506233215,-0.29549533852248844
COHFACE_s22_session3_natural,11,110,14.666666666666666,-0.3241341710090637,-0.4246585901194001
COHFACE_s22_session3_natural,11,111,14.7,-0.4730081558227539,-0.5475374708993949
COHFACE_s22_session3_natural,11,112,14.733333333333333,-0.5858982801437378,-0.6746615488178048
COHFACE_s22_session3_natural,11,113,14.766666666666667,-0.6609184741973877,-0.8140737592955932
COHFACE_s22_session3_natural,11,114,14.8,-0.6995577216148376,-0.9614670821771821
COHFACE_s22_session3_natural,11,115,14.833333333333334,-0.7265331745147705,-1.0955027398082882
COHFACE_s22_session3_natural,11,116,14.866666666666667,-0.7665993571281433,-1.1806232055916335
COHFACE_s22_session3_natural,11,117,14.9,-0.8416815996170044,-1.1762527187263605
COHFACE_s22_session3_natural,11,118,14.933333333333334,-0.9323485493659973,-1.0492934953663544
COHFACE_s22_session3_natural,11,119,14.966666666666667,-0.8363708853721619,-0.7861774310420002
COHFACE_s22_session3_natural,11,120,15.0,-0.08732305467128754,-0.40067594665946704
COHFACE_s22_session3_natural,11,121,15.033333333333333,1.0824755430221558,0.06559871691277451
COHFACE_s22_session3_natural,11,122,15.066666666666666,1.7883923053741455,0.551095260576484
COHFACE_s22_session3_natural,11,123,15.1,1.847654104232788,0.9887186848325629
COHFACE_s22_session3_natural,11,124,15.133333333333333,1.6133990287780762,1.3218853742238021
COHFACE_s22_session3_natural,11,125,15.166666666666666,1.363695740699768,1.516443109869647
COHFACE_s22_session3_natural,11,126,15.2,1.1661814451217651,1.5646827079440258
COHFACE_s22_session3_natural,11,127,15.233333333333333,0.9448558688163757,1.4814202254990056
COHFACE_s22_session3_natural,11,128,15.266666666666667,0.6926336884498596,1.2953759403786835
COHFACE_s22_session3_natural,11,129,15.3,0.5584882497787476,1.040209250201735
COHFACE_s22_session3_natural,11,130,15.333333333333334,0.5738496780395508,0.748296775363227
COHFACE_s22_session3_natural,11,131,15.366666666666667,0.6111984252929688,0.44791806548270946
COHFACE_s22_session3_natural,11,132,15.4,0.5383124947547913,0.16261245971573976
COHFACE_s22_session3_natural,11,133,15.433333333333334,0.34993067383766174,-0.08902902521936326
COHFACE_s22_session3_natural,11,134,15.466666666666667,0.1143355593085289,-0.29404317960553694
COHFACE_s22_session3_natural,11,135,15.5,-0.10984399169683456,-0.4458166361419776
COHFACE_s22_session3_natural,11,136,15.533333333333333,-0.3013899028301239,-0.5436564329311863
COHFACE_s22_session3_natural,11,137,15.566666666666666,-0.4525718092918396,-0.5905684317824406
COHFACE_s22_session3_natural,11,138,15.6,-0.5657721161842346,-0.5901936050933997
COHFACE_s22_session3_natural,11,139,15.633333333333333,-0.6513268947601318,-0.5448711665830559
COHFACE_s22_session3_natural,11,140,15.666666666666666,-0.7162343859672546,-0.4560488064078056
COHFACE_s22_session3_natural,11,141,15.7,-0.7694656848907471,-0.32654666443961256
COHFACE_s22_session3_natural,11,142,15.733333333333333,-0.8287646174430847,-0.16305650097187632
COHFACE_s22_session3_natural,11,143,15.766666666666667,-0.8862271308898926,0.02251613998333802
COHFACE_s22_session3_natural,11,144,15.8,-0.946394681930542,0.21306523141630815
COHFACE_s22_session3_natural,11,145,15.833333333333334,-1.0202361345291138,0.3871169688578867
COHFACE_s22_session3_natural,11,146,15.866666666666667,-1.1179633140563965,0.5205144406500755
COHFACE_s22_session3_natural,11,147,15.9,-1.236635684967041,0.5897570336815621
COHFACE_s22_session3_natural,11,148,15.933333333333334,-1.2087295055389404,0.5773327621315859
COHFACE_s22_session3_natural,11,149,15.966666666666667,-0.4572000801563263,0.47767810949525896
COHFACE_s22_session3_natural,11,150,16.0,0.9348672032356262,0.3007507260849293
COHFACE_s22_session3_natural,11,151,16.033333333333335,1.88899827003479,0.07050205601764438
COHFACE_s22_session3_natural,11,152,16.066666666666666,2.0872695446014404,-0.18168643633612688
COHFACE_s22_session3_natural,11,153,16.1,1.9114199876785278,-0.4256006714398299
COHFACE_s22_session3_natural,11,154,16.133333333333333,1.684510588645935,-0.6391307619711031
COHFACE_s22_session3_natural,11,155,16.166666666666668,1.4986352920532227,-0.8111428593250591
COHFACE_s22_session3_natural,11,156,16.2,1.3064441680908203,-0.939690376783831
COHFACE_s22_session3_natural,11,157,16.233333333333334,1.0241817235946655,-1.0265303733674345
COHFACE_s22_session3_natural,11,158,16.266666666666666,0.7834743857383728,-1.0701145319130139
COHFACE_s22_session3_natural,11,159,16.3,0.7052652835845947,-1.0602487681008177
COHFACE_s22_session3_natural,11,160,16.333333333333332,0.7193982601165771,-0.9780682916081979
COHFACE_s22_session3_natural,11,161,16.366666666666667,0.6853376626968384,-0.8033622008374336
COHFACE_s22_session3_natural,11,162,16.4,0.5363023281097412,-0.5272075910278974
COHFACE_s22_session3_natural,11,163,16.433333333333334,0.3080652952194214,-0.16388554051524146
COHFACE_s22_session3_natural,11,164,16.466666666666665,0.05555775389075279,0.24481837442903565
COHFACE_s22_session3_natural,11,165,16.5,-0.17089250683784485,0.636798843573888
COHFACE_s22_session3_natural,11,166,16.533333333333335,-0.35083669424057007,0.9466466985799376
COHFACE_s22_session3_natural,11,167,16.566666666666666,-0.49240222573280334,1.1256078548648107
COHFACE_s22_session3_natural,11,168,16.6,-0.6093622446060181,1.155567943537289
COHFACE_s22_session3_natural,11,169,16.633333333333333,-0.6929937601089478,1.0509982303391832
COHFACE_s22_session3_natural,11,170,16.666666666666668,-0.7639440298080444,0.8493836002597034
COHFACE_s22_session3_natural,11,171,16.7,-0.833454966545105,0.5963548908085494
COHFACE_s22_session3_natural,11,172,16.733333333333334,-0.904268741607666,0.33271562564312784
COHFACE_s22_session3_natural,11,173,16.766666666666666,-0.9786436557769775,0.0876212009399178
COHFACE_s22_session3_natural,11,174,16.8,-1.0655509233474731,-0.12166999242969968
COHFACE_s22_session3_natural,11,175,16.833333333333332,-1.1518254280090332,-0.28588041752184973
COHFACE_s22_session3_natural,11,176,16.866666666666667,-1.2287936210632324,-0.39911741121766714
COHFACE_s22_session3_natural,11,177,16.9,-1.300103783607483,-0.4564414167280706
COHFACE_s22_session3_natural,11,178,16.933333333333334,-1.3755954504013062,-0.4546728417659924
COHFACE_s22_session3_natural,11,179,16.966666666666665,-1.4639793634414673,-0.3954589393118708
COHFACE_s22_session3_natural,11,180,17.0,-1.5277328491210938,-0.2881719993785479
COHFACE_s22_session3_natural,11,181,17.033333333333335,-1.149753212928772,-0.15008977001813886
COHFACE_s22_session3_natural,11,182,17.066666666666666,0.16280211508274078,-0.0027043571427957753
COHFACE_s22_session3_natural,11,183,17.1,1.5617684125900269,0.13468026472940187
COHFACE_s22_session3_natural,11,184,17.133333333333333,2.1301398277282715,0.25089024506414553
COHFACE_s22_session3_natural,11,185,17.166666666666668,2.05706787109375,0.34493509681306944
COHFACE_s22_session3_natural,11,186,17.2,1.8045107126235962,0.4227926230712053
COHFACE_s22_session3_natural,11,187,17.233333333333334,1.5666571855545044,0.4906928074536597
COHFACE_s22_session3_natural,11,188,17.266666666666666,1.3737215995788574,0.5489023405506827
COHFACE_s22_session3_natural,11,189,17.3,1.126983880996704,0.58977868145552
COHFACE_s22_session3_natural,11,190,17.333333333333332,0.8408748507499695,0.6010884059078139
COHFACE_s22_session3_natural,11,191,17.366666666666667,0.6757460832595825,0.5721879679064487
COHFACE_s22_session3_natural,11,192,17.4,0.6662538051605225,0.49901650465400266
COHFACE_s22_session3_natural,11,193,17.433333333333334,0.6756095886230469,0.38506023880211404
COHFACE_s22_session3_natural,11,194,17.466666666666665,0.5774852633476257,0.23869168606226862
COHFACE_s22_session3_natural,11,195,17.5,0.3738909959793091,0.0698425316168293
COHFACE_s22_session3_natural,11,196,17.533333333333335,0.11601066589355469,-0.11130652981456604
COHFACE_s22_session3_natural,11,197,17.566666666666666,-0.13265033066272736,-0.2933659638678692
COHFACE_s22_session3_natural,11,198,17.6,-0.3426845073699951,-0.4625978124591439
COHFACE_s22_session3_natural,11,199,17.633333333333333,-0.5088431239128113,-0.6039860862489744
COHFACE_s22_session3_natural,11,200,17.666666666666668,-0.6361392140388489,-0.7048630022958525
COHFACE_s22_session3_natural,11,201,17.7,-0.7411004304885864,-0.7591205719918828
COHFACE_s22_session3_natural,11,202,17.733333333333334,-0.8188504576683044,-0.769577454183463
COHFACE_s22_session3_natural,11,203,17.766666666666666,-0.8768713474273682,-0.7473418899982095
COHFACE_s22_session3_natural,11,204,17.8,-0.9321004152297974,-0.7085958211194179
COHFACE_s22_session3_natural,11,205,17.833333333333332,-0.9977151155471802,-0.6698745117910277
COHFACE_s22_session3_natural,11,206,17.866666666666667,-1.0782073736190796,-0.6425139320708746
COHFACE_s22_session3_natural,11,207,17.9,-1.1663554906845093,-0.6269629529714376
COHFACE_s22_session3_natural,11,208,17.933333333333334,-1.252530574798584,-0.6090376855459325
COHFACE_s22_session3_natural,11,209,17.966666666666665,-1.337365746498108,-0.5614177004699249
COHFACE_s22_session3_natural,11,210,18.0,-1.4285290241241455,-0.45263401997650815
COHFACE_s22_session3_natural,11,211,18.033333333333335,-1.537758708000183,-0.2619468808529503
COHFACE_s22_session3_natural,11,212,18.066666666666666,-1.616662621498108,0.006323320546157463
COHFACE_s22_session3_natural,11,213,18.1,-1.278960108757019,0.3172804150898693
COHFACE_s22_session3_natural,11,214,18.133333333333333,0.014002582058310509,0.6133415863166708
COHFACE_s22_session3_natural,11,215,18.166666666666668,1.4199050664901733,0.8330992199655266
COHFACE_s22_session3_natural,11,216,18.2,1.9795411825180054,0.9328205551116412
COHFACE_s22_session3_natural,11,217,18.233333333333334,1.8811439275741577,0.9009835042915414
COHFACE_s22_session3_natural,11,218,18.266666666666666,1.5725263357162476,0.7602625531078069
COHFACE_s22_session3_natural,11,219,18.3,1.257270336151123,0.5575269636707234
COHFACE_s22_session3_natural,11,220,18.333333333333332,0.9952332973480225,0.34690679878134
COHFACE_s22_session3_natural,11,221,18.366666666666667,0.713690459728241,0.17264309545592615
COHFACE_s22_session3_natural,11,222,18.4,0.4654637575149536,0.057713764111763814
COHFACE_s22_session3_natural,11,223,18.433333333333334,0.3977644145488739,0.0016562444648803663
COHFACE_s22_session3_natural,11,224,18.466666666666665,0.47061315178871155,-0.012663619880831128
COHFACE_s22_session3_natural,11,225,18.5,0.5166476964950562,-0.007186657872176098
COHFACE_s22_session3_natural,11,226,18.533333333333335,0.4249880909919739,0.0023571530720937987
COHFACE_s22_session3_natural,11,227,18.566666666666666,0.20831552147865295,0.01147154625389826
COHFACE_s22_session3_natural,11,228,18.6,-0.05463976413011551,0.024452384427399117
COHFACE_s22_session3_natural,11,229,18.633333333333333,-0.31168872117996216,0.04724361278696315
COHFACE_s22_session3_natural,11,230,18.666666666666668,-0.5141662955284119,0.08049120461511937
COHFACE_s22_session3_natural,11,231,18.7,-0.6648643016815186,0.11687631384299607
COHFACE_s22_session3_natural,11,232,18.733333333333334,-0.773101270198822,0.14386346893423993
COHFACE_s22_session3_natural,11,233,18.766666666666666,-0.8521417379379272,0.14979626324825954
COHFACE_s22_session3_natural,11,234,18.8,-0.907755434513092,0.12960341264561065
COHFACE_s22_session3_natural,11,235,18.833333333333332,-0.9518046975135803,0.08691708404308938
COHFACE_s22_session3_natural,11,236,18.866666666666667,-1.0009536743164062,0.031647905094851284
COHFACE_s22_session3_natural,11,237,18.9,-1.0557236671447754,-0.025360190632299662
COHFACE_s22_session3_natural,11,238,18.933333333333334,-1.1295154094696045,-0.0774758084533084
COHFACE_s22_session3_natural,11,239,18.966666666666665,-1.2279995679855347,-0.12436445324172773
COHFACE_s22_session3_natural,12,0,12.0,-1.086061716079712,0.03959953768571141
COHFACE_s22_session3_natural,12,1,12.033333333333333,-1.132667064666748,0.254438509003053
COHFACE_s22_session3_natural,12,2,12.066666666666666,-1.1714303493499756,0.42553258726863913
COHFACE_s22_session3_natural,12,3,12.1,-1.219549536705017,0.5219441871228896
COHFACE_s22_session3_natural,12,4,12.133333333333333,-1.2843577861785889,0.5286772388915704
COHFACE_s22_session3_natural,12,5,12.166666666666666,-1.2418471574783325,0.45093149625945367
COHFACE_s22_session3_natural,12,6,12.2,-0.6205296516418457,0.31321629418036356
COHFACE_s22_session3_natural,12,7,12.233333333333333,0.6108261942863464,0.15253468831775283
COHFACE_s22_session3_natural,12,8,12.266666666666667,1.5374234914779663,0.0070491340652133125
COHFACE_s22_session3_natural,12,9,12.3,1.7697800397872925,-0.09597903912121815
COHFACE_s22_session3_natural,12,10,12.333333333333334,1.6196155548095703,-0.1478383068864857
COHFACE_s22_session3_natural,12,11,12.366666666666667,1.3997044563293457,-0.15806940760002616
COHFACE_s22_session3_natural,12,12,12.4,1.2232469320297241,-0.14726067327224684
COHFACE_s22_session3_natural,12,13,12.433333333333334,1.0351381301879883,-0.13772819126064945
COHFACE_s22_session3_natural,12,14,12.466666666666667,0.7720711827278137,-0.14645540665128584
COHFACE_s22_session3_natural,12,15,12.5,0.5948196053504944,-0.1812773226401189
COHFACE_s22_session3_natural,12,16,12.533333333333333,0.6027235984802246,-0.23851963528053555
COHFACE_s22_session3_natural,12,17,12.566666666666666,0.6630648374557495,-0.3010201064776251
COHFACE_s22_session3_natural,12,18,12.6,0.6223658323287964,-0.33912563050933703
COHFACE_s22_session3_natural,12,19,12.633333333333333,0.46335434913635254,-0.318647620541805
COHFACE_s22_session3_natural,12,20,12.666666666666666,0.2413710504770279,-0.21534400765725392
COHFACE_s22_session3_natural,12,21,12.7,0.020070208236575127,-0.02917957724679452
COHFACE_s22_session3_natural,12,22,12.733333333333333,-0.16717003285884857,0.210458432086619
COHFACE_s22_session3_natural,12,23,12.766666666666667,-0.31082016229629517,0.45304062466918676
COHFACE_s22_session3_natural,12,24,12.8,-0.42189866304397583,0.6448649445242619
COHFACE_s22_session3_natural,12,25,12.833333333333334,-0.507962167263031,0.7470968134666843
COHFACE_s22_session3_natural,12,26,12.866666666666667,-0.5710952281951904,0.7454808189666017
COHFACE_s22_session3_natural,12,27,12.9,-0.6258155703544617,0.6495522813316498
COHFACE_s22_session3_natural,12,28,12.933333333333334,-0.6759944558143616,0.48512834483638534
COHFACE_s22_session3_natural,12,29,12.966666666666667,-0.736162006855011,0.2855091111424361
COHFACE_s22_session3_natural,12,30,13.0,-0.8105989694595337,0.08392869447390523
COHFACE_s22_session3_natural,12,31,13.033333333333333,-0.8860782384872437,-0.09311675319192365
COHFACE_s22_session3_natural,12,32,13.066666666666666,-0.9602919220924377,-0.23126211080572526
COHFACE_s22_session3_natural,12,33,13.1,-1.0389724969863892,-0.32974824277804643
COHFACE_s22_session3_natural,12,34,13.133333333333333,-1.1190428733825684,-0.39665844579367227
COHFACE_s22_session3_natural,12,35,13.166666666666666,-1.212005376815796,-0.4393370458835879
COHFACE_s22_session3_natural,12,36,13.2,-1.2906115055084229,-0.45603376653353417
COHFACE_s22_session3_natural,12,37,13.233333333333333,-1.1237083673477173,-0.4355636289232981
COHFACE_s22_session3_natural,12,38,13.266666666666667,-0.24839432537555695,-0.36635307772752507
COHFACE_s22_session3_natural,12,39,13.3,0.9163293242454529,-0.24864697031017854
COHFACE_s22_session3_natural,12,40,13.333333333333334,1.5081896781921387,-0.10017770725812186
COHFACE_s22_session3_natural,12,41,13.366666666666667,1.4772931337356567,0.050101731689912624
COHFACE_s22_session3_natural,12,42,13.4,1.1930204629898071,0.17573636918280522
COHFACE_s22_session3_natural,12,43,13.433333333333334,0.9068990349769592,0.262966191369113
COHFACE_s22_session3_natural,12,44,13.466666666666667,0.6650377511978149,0.3099758337382325
COHFACE_s22_session3_natural,12,45,13.5,0.3993898928165436,0.31741240987474706
COHFACE_s22_session3_natural,12,46,13.533333333333333,0.20907242596149445,0.2795637812040838
COHFACE_s22_session3_natural,12,47,13.566666666666666,0.21536339819431305,0.1848844676187206
COHFACE_s22_session3_natural,12,48,13.6,0.34690308570861816,0.026462189433119645
COHFACE_s22_session3_natural,12,49,13.633333333333333,0.4199627637863159,-0.18557042941090526
COHFACE_s22_session3_natural,12,50,13.666666666666666,0.32562294602394104,-0.4196473250783057
COHFACE_s22_session3_natural,12,51,13.7,0.11834341287612915,-0.6306522029879462
COHFACE_s22_session3_natural,12,52,13.733333333333333,-0.11335552483797073,-0.7754076238703939
COHFACE_s22_session3_natural,12,53,13.766666666666667,-0.322148859500885,-0.8264919807877418
COHFACE_s22_session3_natural,12,54,13.8,-0.4795224964618683,-0.7784732596445798
COHFACE_s22_session3_natural,12,55,13.833333333333334,-0.5864442586898804,-0.6465909129045616
COHFACE_s22_session3_natural,12,56,13.866666666666667,-0.6557566523551941,-0.46010804139014677
COHFACE_s22_session3_natural,12,57,13.9,-0.7068537473678589,-0.25209693240359876
COHFACE_s22_session3_natural,12,58,13.933333333333334,-0.731744647026062,-0.047992649471803046
COHFACE_s22_session3_natural,12,59,13.966666666666667,-0.7543524503707886,0.14282209548094751
COHFACE_s22_session3_natural,12,60,14.0,-0.7960813641548157,0.327205292307604
COHFACE_s22_session3_natural,12,61,14.033333333333333,-0.8673666715621948,0.5181501486764148
COHFACE_s22_session3_natural,12,62,14.066666666666666,-0.9767452478408813,0.719396827587928
COHFACE_s22_session3_natural,12,63,14.1,-1.050214409828186,0.9148678869014272
COHFACE_s22_session3_natural,12,64,14.133333333333333,-0.7950390577316284,1.0707550582238115
COHFACE_s22_session3_natural,12,65,14.166666666666666,0.15110115706920624,1.1498837841087313
COHFACE_s22_session3_natural,12,66,14.2,1.1802152395248413,1.1296292304873756
COHFACE_s22_session3_natural,12,67,14.233333333333333,1.5911263227462769,1.0120749419010313
COHFACE_s22_session3_natural,12,68,14.266666666666667,1.4830381870269775,0.8205119776957622
COHFACE_s22_session3_natural,12,69,14.3,1.2029595375061035,0.5857634047077578
COHFACE_s22_session3_natural,12,70,14.333333333333334,0.9424362182617188,0.3324571152096565
COHFACE_s22_session3_natural,12,71,14.366666666666667,0.6998180747032166,0.07432139642198578
COHFACE_s22_session3_natural,12,72,14.4,0.43006306886672974,-0.18060146387432904
COHFACE_s22_session3_natural,12,73,14.433333333333334,0.27020779252052307,-0.42156044524874875
COHFACE_s22_session3_natural,12,74,14.466666666666667,0.30572015047073364,-0.6306536313802965
COHFACE_s22_session3_natural,12,75,14.5,0.42339983582496643,-0.7845721893817498
COHFACE_s22_session3_natural,12,76,14.533333333333333,0.44980454444885254,-0.8602890462617294
COHFACE_s22_session3_natural,12,77,14.566666666666666,0.3192947506904602,-0.8416345599695142
COHFACE_s22_session3_natural,12,78,14.6,0.09679031372070312,-0.7258824101472604
COHFACE_s22_session3_natural,12,79,14.633333333333333,-0.13103726506233215,-0.5303604272884327
COHFACE_s22_session3_natural,12,80,14.666666666666666,-0.3241341710090637,-0.29621853622182115
COHFACE_s22_session3_natural,12,81,14.7,-0.4730081558227539,-0.08374638391966059
COHFACE_s22_session3_natural,12,82,14.733333333333333,-0.5858982801437378,0.043994801907423824
COHFACE_s22_session3_natural,12,83,14.766666666666667,-0.6609184741973877,0.04489274244105639
COHFACE_s22_session3_natural,12,84,14.8,-0.6995577216148376,-0.08328431316308509
COHFACE_s22_session3_natural,12,85,14.833333333333334,-0.7265331745147705,-0.30089882150815594
COHFACE_s22_session3_natural,12,86,14.866666666666667,-0.7665993571281433,-0.5430058894402908
COHFACE_s22_session3_natural,12,87,14.9,-0.8416815996170044,-0.7438923466601286
COHFACE_s22_session3_natural,12,88,14.933333333333334,-0.9323485493659973,-0.855636913915945
COHFACE_s22_session3_natural,12,89,14.966666666666667,-0.8363708853721619,-0.8532983263328577
COHFACE_s22_session3_natural,12,90,15.0,-0.08732305467128754,-0.7298485499944786
COHFACE_s22_session3_natural,12,91,15.033333333333333,1.0824755430221558,-0.4901245769599038
COHFACE_s22_session3_natural,12,92,15.066666666666666,1.7883923053741455,-0.1503859333815028
COHFACE_s22_session3_natural,12,93,15.1,1.847654104232788,0.2575858141640026
COHFACE_s22_session3_natural,12,94,15.133333333333333,1.6133990287780762,0.6844127994749084
COHFACE_s22_session3_natural,12,95,15.166666666666666,1.363695740699768,1.0689571440270218
COHFACE_s22_session3_natural,12,96,15.2,1.1661814451217651,1.351905278358469
COHFACE_s22_session3_natural,12,97,15.233333333333333,0.9448558688163757,1.491076319048171
COHFACE_s22_session3_natural,12,98,15.266666666666667,0.6926336884498596,1.4716444735430618
COHFACE_s22_session3_natural,12,99,15.3,0.5584882497787476,1.307914079516762
COHFACE_s22_session3_natural,12,100,15.333333333333334,0.5738496780395508,1.0373368317622158
COHFACE_s22_session3_natural,12,101,15.366666666666667,0.6111984252929688,0.7096384788504947
COHFACE_s22_session3_natural,12,102,15.4,0.5383124947547913,0.37396736477087367
COHFACE_s22_session3_natural,12,103,15.433333333333334,0.34993067383766174,0.06692640821650943
COHFACE_s22_session3_natural,12,104,15.466666666666667,0.1143355593085289,-0.19460952360347622
COHFACE_s22_session3_natural,12,105,15.5,-0.10984399169683456,-0.4121905904228907
COHFACE_s22_session3_natural,12,106,15.533333333333333,-0.3013899028301239,-0.595898403644665
COHFACE_s22_session3_natural,12,107,15.566666666666666,-0.4525718092918396,-0.7509627386912585
COHFACE_s22_session3_natural,12,108,15.6,-0.5657721161842346,-0.8690088242896055
COHFACE_s22_session3_natural,12,109,15.633333333333333,-0.6513268947601318,-0.9299006291201044
COHFACE_s22_session3_natural,12,110,15.666666666666666,-0.7162343859672546,-0.913187693649024
COHFACE_s22_session3_natural,12,111,15.7,-0.7694656848907471,-0.8114731338206552
COHFACE_s22_session3_natural,12,112,15.733333333333333,-0.8287646174430847,-0.6368501018289253
COHFACE_s22_session3_natural,12,113,15.766666666666667,-0.8862271308898926,-0.41668871588236195
COHFACE_s22_session3_natural,12,114,15.8,-0.946394681930542,-0.1828472265918377
COHFACE_s22_session3_natural,12,115,15.833333333333334,-1.0202361345291138,0.037558818171906976
COHFACE_s22_session3_natural,12,116,15.866666666666667,-1.1179633140563965,0.2248488861877157
COHFACE_s22_session3_natural,12,117,15.9,-1.236635684967041,0.36438152795131584
COHFACE_s22_session3_natural,12,118,15.933333333333334,-1.2087295055389404,0.44413911852495414
COHFACE_s22_session3_natural,12,119,15.966666666666667,-0.4572000801563263,0.45596879041404015
COHFACE_s22_session3_natural,12,120,16.0,0.9348672032356262,0.3996305158227325
COHFACE_s22_session3_natural,12,121,16.033333333333335,1.88899827003479,0.28567516627608164
COHFACE_s22_session3_natural,12,122,16.066666666666666,2.0872695446014404,0.13438888473404764
COHFACE_s22_session3_natural,12,123,16.1,1.9114199876785278,-0.02858026343318698
COHFACE_s22_session3_natural,12,124,16.133333333333333,1.684510588645935,-0.1774113917551755
COHFACE_s22_session3_natural,12,125,16.166666666666668,1.4986352920532227,-0.2901775145811102
COHFACE_s22_session3_natural,12,126,16.2,1.3064441680908203,-0.35159096518007615
COHFACE_s22_session3_natural,12,127,16.233333333333334,1.0241817235946655,-0.3550288372382268
COHFACE_s22_session3_natural,12,128,16.266666666666666,0.7834743857383728,-0.3033772549441366
COHFACE_s22_session3_natural,12,129,16.3,0.7052652835845947,-0.20706874232168201
COHFACE_s22_session3_natural,12,130,16.333333333333332,0.7193982601165771,-0.07860004199668529
COHFACE_s22_session3_natural,12,131,16.366666666666667,0.6853376626968384,0.07407296621589994
COHFACE_s22_session3_natural,12,132,16.4,0.5363023281097412,0.24990328034272155
COHFACE_s22_session3_natural,12,133,16.433333333333334,0.3080652952194214,0.4488340572835416
COHFACE_s22_session3_natural,12,134,16.466666666666665,0.05555775389075279,0.660165505757214
COHFACE_s22_session3_natural,12,135,16.5,-0.17089250683784485,0.8539602732816421
COHFACE_s22_session3_natural,12,136,16.533333333333335,-0.35083669424057007,0.9837663970772508
COHFACE_s22_session3_natural,12,137,16.566666666666666,-0.49240222573280334,1.0017687699592306
COHFACE_s22_session3_natural,12,138,16.6,-0.6093622446060181,0.8785988381314594
COHFACE_s22_session3_natural,12,139,16.633333333333333,-0.6929937601089478,0.6163529954120635
COHFACE_s22_session3_natural,12,140,16.666666666666668,-0.7639440298080444,0.2481629221578873
COHFACE_s22_session3_natural,12,141,16.7,-0.833454966545105,-0.17366858640694738
COHFACE_s22_session3_natural,12,142,16.733333333333334,-0.904268741607666,-0.5932702028019419
COHFACE_s22_session3_natural,12,143,16.766666666666666,-0.9786436557769775,-0.9629214942089406
COHFACE_s22_session3_natural,12,144,16.8,-1.0655509233474731,-1.2477521098912432
COHFACE_s22_session3_natural,12,145,16.833333333333332,-1.1518254280090332,-1.4252472530132132
COHFACE_s22_session3_natural,12,146,16.866666666666667,-1.2287936210632324,-1.4833258516154537
COHFACE_s22_session3_natural,12,147,16.9,-1.300103783607483,-1.419318222405706
COHFACE_s22_session3_natural,12,148,16.933333333333334,-1.3755954504013062,-1.2395122587483494
COHFACE_s22_session3_natural,12,149,16.966666666666665,-1.4639793634414673,-0.9581390438332197
COHFACE_s22_session3_natural,12,150,17.0,-1.5277328491210938,-0.59653444352853
COHFACE_s22_session3_natural,12,151,17.033333333333335,-1.149753212928772,-0.1840948983180236
COHFACE_s22_session3_natural,12,152,17.066666666666666,0.16280211508274078,0.2401018353686064
COHFACE_s22_session3_natural,12,153,17.1,1.5617684125900269,0.6291312794022196
COHFACE_s22_session3_natural,12,154,17.133333333333333,2.1301398277282715,0.9365329127177399
COHFACE_s22_session3_natural,12,155,17.166666666666668,2.05706787109375,1.1292089260762272
COHFACE_s22_session3_natural,12,156,17.2,1.8045107126235962,1.1980825560808332
COHFACE_s22_session3_natural,12,157,17.233333333333334,1.5666571855545044,1.1594204841372928
COHFACE_s22_session3_natural,12,158,17.266666666666666,1.3737215995788574,1.0455626285456074
COHFACE_s22_session3_natural,12,159,17.3,1.126983880996704,0.8909275856755665
COHFACE_s22_session3_natural,12,160,17.333333333333332,0.8408748507499695,0.7216145525979326
COHFACE_s22_session3_natural,12,161,17.366666666666667,0.6757460832595825,0.5531847008245508
COHFACE_s22_session3_natural,12,162,17.4,0.6662538051605225,0.39440639139998696
COHFACE_s22_session3_natural,12,163,17.433333333333334,0.6756095886230469,0.25108717614525117
COHFACE_s22_session3_natural,12,164,17.466666666666665,0.5774852633476257,0.12690861521570707
COHFACE_s22_session3_natural,12,165,17.5,0.3738909959793091,0.02311100880604232
COHFACE_s22_session3_natural,12,166,17.533333333333335,0.11601066589355469,-0.059863967734436016
COHFACE_s22_session3_natural,12,167,17.566666666666666,-0.13265033066272736,-0.11867462722596407
COHFACE_s22_session3_natural,12,168,17.6,-0.3426845073699951,-0.14515051458891412
COHFACE_s22_session3_natural,12,169,17.633333333333333,-0.5088431239128113,-0.1303777443468953
COHFACE_s22_session3_natural,12,170,17.666666666666668,-0.6361392140388489,-0.07438413006891806
COHFACE_s22_session3_natural,12,171,17.7,-0.7411004304885864,0.004668421533704774
COHFACE_s22_session3_natural,12,172,17.733333333333334,-0.8188504576683044,0.06931008884029259
COHFACE_s22_session3_natural,12,173,17.766666666666666,-0.8768713474273682,0.07280822296674266
COHFACE_s22_session3_natural,12,174,17.8,-0.9321004152297974,-0.02371869657573224
COHFACE_s22_session3_natural,12,175,17.833333333333332,-0.9977151155471802,-0.23578962016547045
COHFACE_s22_session3_natural,12,176,17.866666666666667,-1.0782073736190796,-0.5483198909559969
COHFACE_s22_session3_natural,12,177,17.9,-1.1663554906845093,-0.9176988154892831
COHFACE_s22_session3_natural,12,178,17.933333333333334,-1.252530574798584,-1.2801847875225438
COHFACE_s22_session3_natural,12,179,17.966666666666665,-1.337365746498108,-1.5634733794174254
COHFACE_s22_session3_natural,12,180,18.0,-1.4285290241241455,-1.70069598987552
COHFACE_s22_session3_natural,12,181,18.033333333333335,-1.537758708000183,-1.646697820972385
COHFACE_s22_session3_natural,12,182,18.066666666666666,-1.616662621498108,-1.392978620511195
COHFACE_s22_session3_natural,12,183,18.1,-1.278960108757019,-0.9741920338466515
COHFACE_s22_session3_natural,12,184,18.133333333333333,0.014002582058310509,-0.4605749252724607
COHFACE_s22_session3_natural,12,185,18.166666666666668,1.4199050664901733,0.06279717441538885
COHFACE_s22_session3_natural,12,186,18.2,1.9795411825180054,0.5214435091078113
COHFACE_s22_session3_natural,12,187,18.233333333333334,1.8811439275741577,0.8700790374151296
COHFACE_s22_session3_natural,12,188,18.266666666666666,1.5725263357162476,1.0972025458177352
COHFACE_s22_session3_natural,12,189,18.3,1.257270336151123,1.2167904709972008
COHFACE_s22_session3_natural,12,190,18.333333333333332,0.9952332973480225,1.2545547751184385
COHFACE_s22_session3_natural,12,191,18.366666666666667,0.713690459728241,1.2368177252702373
COHFACE_s22_session3_natural,12,192,18.4,0.4654637575149536,1.1852417209263562
COHFACE_s22_session3_natural,12,193,18.433333333333334,0.3977644145488739,1.1153183469663612
COHFACE_s22_session3_natural,12,194,18.466666666666665,0.47061315178871155,1.0352980654681747
COHFACE_s22_session3_natural,12,195,18.5,0.5166476964950562,0.9448954193490103
COHFACE_s22_session3_natural,12,196,18.533333333333335,0.4249880909919739,0.8361455246129067
COHFACE_s22_session3_natural,12,197,18.566666666666666,0.20831552147865295,0.6983974674173921
COHFACE_s22_session3_natural,12,198,18.6,-0.05463976413011551,0.5252407955881473
COHFACE_s22_session3_natural,12,199,18.633333333333333,-0.31168872117996216,0.3185701428823702
COHFACE_s22_session3_natural,12,200,18.666666666666668,-0.5141662955284119,0.08796379875883363
COHFACE_s22_session3_natural,12,201,18.7,-0.6648643016815186,-0.15200037609442918
COHFACE_s22_session3_natural,12,202,18.733333333333334,-0.773101270198822,-0.38336026692712494
COHFACE_s22_session3_natural,12,203,18.766666666666666,-0.8521417379379272,-0.5851018920378753
COHFACE_s22_session3_natural,12,204,18.8,-0.907755434513092,-0.7346752436055584
COHFACE_s22_session3_natural,12,205,18.833333333333332,-0.9518046975135803,-0.8128788758488281
COHFACE_s22_session3_natural,12,206,18.866666666666667,-1.0009536743164062,-0.8109861139169423
COHFACE_s22_session3_natural,12,207,18.9,-1.0557236671447754,-0.7358534132363592
COHFACE_s22_session3_natural,12,208,18.933333333333334,-1.1295154094696045,-0.6090400062453541
COHFACE_s22_session3_natural,12,209,18.966666666666665,-1.2279995679855347,-0.4596559298427252
COHFACE_s22_session3_natural,12,210,19.0,-1.3583604097366333,-0.3150577613982876
COHFACE_s22_session3_natural,12,211,19.033333333333335,-1.4879767894744873,-0.1949217485007223
COHFACE_s22_session3_natural,12,212,19.066666666666666,-1.3812659978866577,-0.11107609818752628
COHFACE_s22_session3_natural,12,213,19.1,-0.4067482054233551,-0.07069555164053927
COHFACE_s22_session3_natural,12,214,19.133333333333333,1.0553139448165894,-0.07820197063120157
COHFACE_s22_session3_natural,12,215,19.166666666666668,1.8398617506027222,-0.13310732914631315
COHFACE_s22_session3_natural,12,216,19.2,1.8414747714996338,-0.22556069709032261
COHFACE_s22_session3_natural,12,217,19.233333333333334,1.5377460718154907,-0.334434463731325
COHFACE_s22_session3_natural,12,218,19.266666666666666,1.19173002243042,-0.43138071610089895
COHFACE_s22_session3_natural,12,219,19.3,0.8870707154273987,-0.48965660466499894
COHFACE_s22_session3_natural,12,220,19.333333333333332,0.5759590864181519,-0.49246262982341266
COHFACE_s22_session3_natural,12,221,19.366666666666667,0.3117009103298187,-0.43569070077740296
COHFACE_s22_session3_natural,12,222,19.4,0.243902325630188,-0.3247251373371134
COHFACE_s22_session3_natural,12,223,19.433333333333334,0.35895147919654846,-0.16961103294565685
COHFACE_s22_session3_natural,12,224,19.466666666666665,0.4670892357826233,0.01702453714615473
COHFACE_s22_session3_natural,12,225,19.5,0.4111156761646271,0.21869715754647573
COHFACE_s22_session3_natural,12,226,19.533333333333335,0.20551125705242157,0.4136617085692355
COHFACE_s22_session3_natural,12,227,19.566666666666666,-0.0534609816968441,0.5770107813646883
COHFACE_s22_session3_natural,12,228,19.6,-0.3070976734161377,0.6863611258172168
COHFACE_s22_session3_natural,12,229,19.633333333333333,-0.5150472521781921,0.7275489418089148
COHFACE_s22_session3_natural,12,230,19.666666666666668,-0.6754112839698792,0.6968257583910853
COHFACE_s22_session3_natural,12,231,19.7,-0.7907209992408752,0.5994239827292226
COHFACE_s22_session3_natural,12,232,19.733333333333334,-0.8537920117378235,0.4477252488735186
COHFACE_s22_session3_natural,12,233,19.766666666666666,-0.8863140344619751,0.2619789515101232
COHFACE_s22_session3_natural,12,234,19.8,-0.9159448742866516,0.07213176752697195
COHFACE_s22_session3_natural,12,235,19.833333333333332,-0.9610487818717957,-0.08422017271510274
COHFACE_s22_session3_natural,12,236,19.866666666666667,-1.0484771728515625,-0.170925461605954
COHFACE_s22_session3_natural,12,237,19.9,-1.1349005699157715,-0.16694790070714322
COHFACE_s22_session3_natural,12,238,19.933333333333334,-0.8971588015556335,-0.07745156280116017
COHFACE_s22_session3_natural,12,239,19.966666666666665,0.1601095348596573,0.06478204222862793
COHFACE_s22_session3_natural,13,0,13.0,-0.8105989694595337,0.04328549688053885
COHFACE_s22_session3_natural,13,1,13.033333333333333,-0.8860782384872437,0.004091816224736302
COHFACE_s22_session3_natural,13,2,13.066666666666666,-0.9602919220924377,-0.07744898449417854
COHFACE_s22_session3_natural,13,3,13.1,-1.0389724969863892,-0.22237213322459193
COHFACE_s22_session3_natural,13,4,13.133333333333333,-1.1190428733825684,-0.42084530773781115
COHFACE_s22_session3_natural,13,5,13.166666666666666,-1.212005376815796,-0.6340917731524455
COHFACE_s22_session3_natural,13,6,13.2,-1.2906115055084229,-0.8094064839842937
COHFACE_s22_session3_natural,13,7,13.233333333333333,-1.1237083673477173,-0.9020742715029515
COHFACE_s22_session3_natural,13,8,13.266666666666667,-0.24839432537555695,-0.8942051057894359
COHFACE_s22_session3_natural,13,9,13.3,0.9163293242454529,-0.8009771111752848
COHFACE_s22_session3_natural,13,10,13.333333333333334,1.5081896781921387,-0.6601400236221772
COHFACE_s22_session3_natural,13,11,13.366666666666667,1.4772931337356567,-0.5096872677729825
COHFACE_s22_session3_natural,13,12,13.4,1.1930204629898071,-0.36709215564891773
COHFACE_s22_session3_natural,13,13,13.433333333333334,0.9068990349769592,-0.22405962501284168
COHFACE_s22_session3_natural,13,14,13.466666666666667,0.6650377511978149,-0.06041386989930855
COHFACE_s22_session3_natural,13,15,13.5,0.3993898928165436,0.13297235487665948
COHFACE_s22_session3_natural,13,16,13.533333333333333,0.20907242596149445,0.3388986563948892
COHFACE_s22_session3_natural,13,17,13.566666666666666,0.21536339819431305,0.5175689928356377
COHFACE_s22_session3_natural,13,18,13.6,0.34690308570861816,0.6267543536626111
COHFACE_s22_session3_natural,13,19,13.633333333333333,0.4199627637863159,0.6441398670378052
COHFACE_s22_session3_natural,13,20,13.666666666666666,0.32562294602394104,0.5773096080104296
COHFACE_s22_session3_natural,13,21,13.7,0.11834341287612915,0.4565249853490218
COHFACE_s22_session3_natural,13,22,13.733333333333333,-0.11335552483797073,0.3171655612802199
COHFACE_s22_session3_natural,13,23,13.766666666666667,-0.322148859500885,0.18404107567179265
COHFACE_s22_session3_natural,13,24,13.8,-0.4795224964618683,0.06562130549011164
COHFACE_s22_session3_natural,13,25,13.833333333333334,-0.5864442586898804,-0.041761050135402586
COHFACE_s22_session3_natural,13,26,13.866666666666667,-0.6557566523551941,-0.14439335408341716
COHFACE_s22_session3_natural,13,27,13.9,-0.7068537473678589,-0.24160296047623417
COHFACE_s22_session3_natural,13,28,13.933333333333334,-0.731744647026062,-0.3202430630210503
COHFACE_s22_session3_natural,13,29,13.966666666666667,-0.7543524503707886,-0.3559082032819189
COHFACE_s22_session3_natural,13,30,14.0,-0.7960813641548157,-0.3217496467573589
COHFACE_s22_session3_natural,13,31,14.033333333333333,-0.8673666715621948,-0.2027507866956405
COHFACE_s22_session3_natural,13,32,14.066666666666666,-0.9767452478408813,-0.009325809675231092
COHFACE_s22_session3_natural,13,33,14.1,-1.050214409828186,0.21797469817955722
COHFACE_s22_session3_natural,13,34,14.133333333333333,-0.7950390577316284,0.4181918709800452
COHFACE_s22_session3_natural,13,35,14.166666666666666,0.15110115706920624,0.5323907228175508
COHFACE_s22_session3_natural,13,36,14.2,1.1802152395248413,0.5287397079254539
COHFACE_s22_session3_natural,13,37,14.233333333333333,1.5911263227462769,0.41679944062670776
COHFACE_s22_session3_natural,13,38,14.266666666666667,1.4830381870269775,0.24274644469219872
COHFACE_s22_session3_natural,13,39,14.3,1.2029595375061035,0.06801653625905871
COHFACE_s22_session3_natural,13,40,14.333333333333334,0.9424362182617188,-0.056636388196249915
COHFACE_s22_session3_natural,13,41,14.366666666666667,0.6998180747032166,-0.10803178646203358
COHFACE_s22_session3_natural,13,42,14.4,0.43006306886672974,-0.09235555652421712
COHFACE_s22_session3_natural,13,43,14.433333333333334,0.27020779252052307,-0.035567325560418146
COHFACE_s22_session3_natural,13,44,14.466666666666667,0.30572015047073364,0.029726930260631015
COHFACE_s22_session3_natural,13,45,14.5,0.42339983582496643,0.07532105324428029
COHFACE_s22_session3_natural,13,46,14.533333333333333,0.44980454444885254,0.08511651452704024
COHFACE_s22_session3_natural,13,47,14.566666666666666,0.3192947506904602,0.05946972296545663
COHFACE_s22_session3_natural,13,48,14.6,0.09679031372070312,0.013373289988407555
COHFACE_s22_session3_natural,13,49,14.633333333333333,-0.13103726506233215,-0.034321596196300326
COHFACE_s22_session3_natural,13,50,14.666666666666666,-0.3241341710090637,-0.07633352951776809
COHFACE_s22_session3_natural,13,51,14.7,-0.4730081558227539,-0.1259584551730369
COHFACE_s22_session3_natural,13,52,14.733333333333333,-0.5858982801437378,-0.2109428103844874
COHFACE_s22_session3_natural,13,53,14.766666666666667,-0.6609184741973877,-0.3539941738917058
COHFACE_s22_session3_natural,13,54,14.8,-0.6995577216148376,-0.5524085364671218
COHFACE_s22_session3_natural,13,55,14.833333333333334,-0.7265331745147705,-0.7710563510000638
COHFACE_s22_session3_natural,13,56,14.866666666666667,-0.7665993571281433,-0.9531591394921984
COHFACE_s22_session3_natural,13,57,14.9,-0.8416815996170044,-1.041121403295765
COHFACE_s22_session3_natural,13,58,14.933333333333334,-0.9323485493659973,-0.9955168709667009
COHFACE_s22_session3_natural,13,59,14.966666666666667,-0.8363708853721619,-0.8046158165574252
COHFACE_s22_session3_natural,13,60,15.0,-0.08732305467128754,-0.48402364038734746
COHFACE_s22_session3_natural,13,61,15.033333333333333,1.0824755430221558,-0.07066778108103039
COHFACE_s22_session3_natural,13,62,15.066666666666666,1.7883923053741455,0.3848281729997687
COHFACE_s22_session3_natural,13,63,15.1,1.847654104232788,0.8261428112795929
COHFACE_s22_session3_natural,13,64,15.133333333333333,1.6133990287780762,1.2000562850408971
COHFACE_s22_session3_natural,13,65,15.166666666666666,1.363695740699768,1.4654623901981672
COHFACE_s22_session3_natural,13,66,15.2,1.1661814451217651,1.5995766277634689
COHFACE_s22_session3_natural,13,67,15.233333333333333,0.9448558688163757,1.598022781631148
COHFACE_s22_session3_natural,13,68,15.266666666666667,0.6926336884498596,1.4691017152525352
COHFACE_s22_session3_natural,13,69,15.3,0.5584882497787476,1.2268193243731211
COHFACE_s22_session3_natural,13,70,15.333333333333334,0.5738496780395508,0.8878937795021716
COHFACE_s22_session3_natural,13,71,15.366666666666667,0.6111984252929688,0.4742026843598913
COHFACE_s22_session3_natural,13,72,15.4,0.5383124947547913,0.016771018650278677
COHFACE_s22_session3_natural,13,73,15.433333333333334,0.34993067383766174,-0.4445338055345657
COHFACE_s22_session3_natural,13,74,15.466666666666667,0.1143355593085289,-0.8675256471425005
COHFACE_s22_session3_natural,13,75,15.5,-0.10984399169683456,-1.216627337997516
COHFACE_s22_session3_natural,13,76,15.533333333333333,-0.3013899028301239,-1.4683149855646722
COHFACE_s22_session3_natural,13,77,15.566666666666666,-0.4525718092918396,-1.6102495691746024
COHFACE_s22_session3_natural,13,78,15.6,-0.5657721161842346,-1.6367902066884374
COHFACE_s22_session3_natural,13,79,15.633333333333333,-0.6513268947601318,-1.5463220366986616
COHFACE_s22_session3_natural,13,80,15.666666666666666,-0.7162343859672546,-1.3429336143447126
COHFACE_s22_session3_natural,13,81,15.7,-0.7694656848907471,-1.040003146744813
COHFACE_s22_session3_natural,13,82,15.733333333333333,-0.8287646174430847,-0.6613799714602344
COHFACE_s22_session3_natural,13,83,15.766666666666667,-0.8862271308898926,-0.23845502867747412
COHFACE_s22_session3_natural,13,84,15.8,-0.946394681930542,0.1941620626919891
COHFACE_s22_session3_natural,13,85,15.833333333333334,-1.0202361345291138,0.600683618696751
COHFACE_s22_session3_natural,13,86,15.866666666666667,-1.1179633140563965,0.9446221862636973
COHFACE_s22_session3_natural,13,87,15.9,-1.236635684967041,1.1920865029717211
COHFACE_s22_session3_natural,13,88,15.933333333333334,-1.2087295055389404,1.3196242441122674
COHFACE_s22_session3_natural,13,89,15.966666666666667,-0.4572000801563263,1.3226152636418256
COHFACE_s22_session3_natural,13,90,16.0,0.9348672032356262,1.2177442449699474
COHFACE_s22_session3_natural,13,91,16.033333333333335,1.88899827003479,1.0362348019915537
COHFACE_s22_session3_natural,13,92,16.066666666666666,2.0872695446014404,0.8111101558282773
COHFACE_s22_session3_natural,13,93,16.1,1.9114199876785278,0.5661741234934908
COHFACE_s22_session3_natural,13,94,16.133333333333333,1.684510588645935,0.3127148312044131
COHFACE_s22_session3_natural,13,95,16.166666666666668,1.4986352920532227,0.05416053765962939
COHFACE_s22_session3_natural,13,96,16.2,1.3064441680908203,-0.2060374815749594
COHFACE_s22_session3_natural,13,97,16.233333333333334,1.0241817235946655,-0.4586036548518135
COHFACE_s22_session3_natural,13,98,16.266666666666666,0.7834743857383728,-0.6863682509767486
COHFACE_s22_session3_natural,13,99,16.3,0.7052652835845947,-0.8643392226294973
COHFACE_s22_session3_natural,13,100,16.333333333333332,0.7193982601165771,-0.9611987430339114
COHFACE_s22_session3_natural,13,101,16.366666666666667,0.6853376626968384,-0.9441921734827032
COHFACE_s22_session3_natural,13,102,16.4,0.5363023281097412,-0.7895434982428846
COHFACE_s22_session3_natural,13,103,16.433333333333334,0.3080652952194214,-0.4966668347557407
COHFACE_s22_session3_natural,13,104,16.466666666666665,0.05555775389075279,-0.09893029445752882
COHFACE_s22_session3_natural,13,105,16.5,-0.17089250683784485,0.3377231731807541
COHFACE_s22_session3_natural,13,106,16.533333333333335,-0.35083669424057007,0.731081700783193
COHFACE_s22_session3_natural,13,107,16.566666666666666,-0.49240222573280334,1.0074266083672756
COHFACE_s22_session3_natural,13,108,16.6,-0.6093622446060181,1.1225788959235088
COHFACE_s22_session3_natural,13,109,16.633333333333333,-0.6929937601089478,1.0690658831076396
COHFACE_s22_session3_natural,13,110,16.666666666666668,-0.7639440298080444,0.8680528783152586
COHFACE_s22_session3_natural,13,111,16.7,-0.833454966545105,0.5538341058547361
COHFACE_s22_session3_natural,13,112,16.733333333333334,-0.904268741607666,0.16162687951575533
COHFACE_s22_session3_natural,13,113,16.766666666666666,-0.9786436557769775,-0.274981247699632
COHFACE_s22_session3_natural,13,114,16.8,-1.0655509233474731,-0.7187251036878802
COHFACE_s22_session3_natural,13,115,16.833333333333332,-1.1518254280090332,-1.1232041721460897
COHFACE_s22_session3_natural,13,116,16.866666666666667,-1.2287936210632324,-1.434560280347697
COHFACE_s22_session3_natural,13,117,16.9,-1.300103783607483,-1.602039105037964
COHFACE_s22_session3_natural,13,118,16.933333333333334,-1.3755954504013062,-1.5928694396952536
COHFACE_s22_session3_natural,13,119,16.966666666666665,-1.4639793634414673,-1.4039209187169353
COHFACE_s22_session3_natural,13,120,17.0,-1.5277328491210938,-1.0645366756611585
COHFACE_s22_session3_natural,13,121,17.033333333333335,-1.149753212928772,-0.6294518454578613
COHFACE_s22_session3_natural,13,122,17.066666666666666,0.16280211508274078,-0.1645512994010764
COHFACE_s22_session3_natural,13,123,17.1,1.5617684125900269,0.2696065136096171
COHFACE_s22_session3_natural,13,124,17.133333333333333,2.1301398277282715,0.6309119613798867
COHFACE_s22_session3_natural,13,125,17.166666666666668,2.05706787109375,0.9009533175667364
COHFACE_s22_session3_natural,13,126,17.2,1.8045107126235962,1.0808207666130623
COHFACE_s22_session3_natural,13,127,17.233333333333334,1.5666571855545044,1.1801968204850115
COHFACE_s22_session3_natural,13,128,17.266666666666666,1.3737215995788574,1.2063508115800539
COHFACE_s22_session3_natural,13,129,17.3,1.126983880996704,1.1600429453367644
COHFACE_s22_session3_natural,13,130,17.333333333333332,0.8408748507499695,1.0408008234487198
COHFACE_s22_session3_natural,13,131,17.366666666666667,0.6757460832595825,0.857249625057144
COHFACE_s22_session3_natural,13,132,17.4,0.6662538051605225,0.6338576617299413
COHFACE_s22_session3_natural,13,133,17.433333333333334,0.6756095886230469,0.4073770661528452
COHFACE_s22_session3_natural,13,134,17.466666666666665,0.5774852633476257,0.2140149668853949
COHFACE_s22_session3_natural,13,135,17.5,0.3738909959793091,0.07567162256490387
COHFACE_s22_session3_natural,13,136,17.533333333333335,0.11601066589355469,-0.005768318964019966
COHFACE_s22_session3_natural,13,137,17.566666666666666,-0.13265033066272736,-0.043219597158122555
COHFACE_s22_session3_natural,13,138,17.6,-0.3426845073699951,-0.05350031956165093
COHFACE_s22_session3_natural,13,139,17.633333333333333,-0.5088431239128113,-0.04954139204694324
COHFACE_s22_session3_natural,13,140,17.666666666666668,-0.6361392140388489,-0.040429808529711626
COHFACE_s22_session3_natural,13,141,17.7,-0.7411004304885864,-0.03688598868498166
COHFACE_s22_session3_natural,13,142,17.733333333333334,-0.8188504576683044,-0.05595991523484184
COHFACE_s22_session3_natural,13,143,17.766666666666666,-0.8768713474273682,-0.12013726098839496
COHFACE_s22_session3_natural,13,144,17.8,-0.9321004152297974,-0.2505734100058248
COHFACE_s22_session3_natural,13,145,17.833333333333332,-0.9977151155471802,-0.45773352655862287
COHFACE_s22_session3_natural,13,146,17.866666666666667,-1.0782073736190796,-0.7329156232828695
COHFACE_s22_session3_natural,13,147,17.9,-1.1663554906845093,-1.0431473489086904
COHFACE_s22_session3_natural,13,148,17.933333333333334,-1.252530574798584,-1.332211062786815
COHFACE_s22_session3_natural,13,149,17.966666666666665,-1.337365746498108,-1.530448732695168
COHFACE_s22_session3_natural,13,150,18.0,-1.4285290241241455,-1.573199815276066
COHFACE_s22_session3_natural,13,151,18.033333333333335,-1.537758708000183,-1.4229589093849255
COHFACE_s22_session3_natural,13,152,18.066666666666666,-1.616662621498108,-1.08640296227424
COHFACE_s22_session3_natural,13,153,18.1,-1.278960108757019,-0.6173134530370243
COHFACE_s22_session3_natural,13,154,18.133333333333333,0.014002582058310509,-0.10148144544600814
COHFACE_s22_session3_natural,13,155,18.166666666666668,1.4199050664901733,0.37168000036509763
COHFACE_s22_session3_natural,13,156,18.2,1.9795411825180054,0.7382554019644224
COHFACE_s22_session3_natural,13,157,18.233333333333334,1.8811439275741577,0.9759148052880783
COHFACE_s22_session3_natural,13,158,18.266666666666666,1.5725263357162476,1.1007885074860175
COHFACE_s22_session3_natural,13,159,18.3,1.257270336151123,1.1498528906850187
COHFACE_s22_session3_natural,13,160,18.333333333333332,0.9952332973480225,1.1601932817612985
COHFACE_s22_session3_natural,13,161,18.366666666666667,0.713690459728241,1.1554115737424075
COHFACE_s22_session3_natural,13,162,18.4,0.4654637575149536,1.1424096424712107
COHFACE_s22_session3_natural,13,163,18.433333333333334,0.3977644145488739,1.115098142842656
COHFACE_s22_session3_natural,13,164,18.466666666666665,0.47061315178871155,1.060216228357988
COHFACE_s22_session3_natural,13,165,18.5,0.5166476964950562,0.9628937769453102
COHFACE_s22_session3_natural,13,166,18.533333333333335,0.4249880909919739,0.8117444361797718
COHFACE_s22_session3_natural,13,167,18.566666666666666,0.20831552147865295,0.6032920695658323
COHFACE_s22_session3_natural,13,168,18.6,-0.05463976413011551,0.3441886499911643
COHFACE_s22_session3_natural,13,169,18.633333333333333,-0.31168872117996216,0.04961054668028916
COHFACE_s22_session3_natural,13,170,18.666666666666668,-0.5141662955284119,-0.261233768889258
COHFACE_s22_session3_natural,13,171,18.7,-0.6648643016815186,-0.5689264182199399
COHFACE_s22_session3_natural,13,172,18.733333333333334,-0.773101270198822,-0.8538480263748897
COHFACE_s22_session3_natural,13,173,18.766666666666666,-0.8521417379379272,-1.092767931770746
COHFACE_s22_session3_natural,13,174,18.8,-0.907755434513092,-1.256464781453501
COHFACE_s22_session3_natural,13,175,18.833333333333332,-0.9518046975135803,-1.3134681417370344
COHFACE_s22_session3_natural,13,176,18.866666666666667,-1.0009536743164062,-1.240675338154624
COHFACE_s22_session3_natural,13,177,18.9,-1.0557236671447754,-1.0358279888110464
COHFACE_s22_session3_natural,13,178,18.933333333333334,-1.1295154094696045,-0.7244676923506923
COHFACE_s22_session3_natural,13,179,18.966666666666665,-1.2279995679855347,-0.3568011392623782
COHFACE_s22_session3_natural,13,180,19.0,-1.3583604097366333,0.004090205483634995
COHFACE_s22_session3_natural,13,181,19.033333333333335,-1.4879767894744873,0.2970601721674275
COHFACE_s22_session3_natural,13,182,19.066666666666666,-1.3812659978866577,0.4758559857792149
COHFACE_s22_session3_natural,13,183,19.1,-0.4067482054233551,0.5183289930917852
COHFACE_s22_session3_natural,13,184,19.133333333333333,1.0553139448165894,0.4312258302636025
COHFACE_s22_session3_natural,13,185,19.166666666666668,1.8398617506027222,0.2492683852646073
COHFACE_s22_session3_natural,13,186,19.2,1.8414747714996338,0.026943049471335107
COHFACE_s22_session3_natural,13,187,19.233333333333334,1.5377460718154907,-0.17672586285024303
COHFACE_s22_session3_natural,13,188,19.266666666666666,1.19173002243042,-0.31619893434064966
COHFACE_s22_session3_natural,13,189,19.3,0.8870707154273987,-0.3726393743568187
COHFACE_s22_session3_natural,13,190,19.333333333333332,0.5759590864181519,-0.3551937727205877
COHFACE_s22_session3_natural,13,191,19.366666666666667,0.3117009103298187,-0.2890648846471101
COHFACE_s22_session3_natural,13,192,19.4,0.243902325630188,-0.1978218898760951
COHFACE_s22_session3_natural,13,193,19.433333333333334,0.35895147919654846,-0.09159639341107464
COHFACE_s22_session3_natural,13,194,19.466666666666665,0.4670892357826233,0.03218608112482855
COHFACE_s22_session3_natural,13,195,19.5,0.4111156761646271,0.17850333396016724
COHFACE_s22_session3_natural,13,196,19.533333333333335,0.20551125705242157,0.34409462061703877
COHFACE_s22_session3_natural,13,197,19.566666666666666,-0.0534609816968441,0.5144773725630122
COHFACE_s22_session3_natural,13,198,19.6,-0.3070976734161377,0.6693590960318805
COHFACE_s22_session3_natural,13,199,19.633333333333333,-0.5150472521781921,0.7906563683811247
COHFACE_s22_session3_natural,13,200,19.666666666666668,-0.6754112839698792,0.8670904005183573
COHFACE_s22_session3_natural,13,201,19.7,-0.7907209992408752,0.8937649891232115
COHFACE_s22_session3_natural,13,202,19.733333333333334,-0.8537920117378235,0.869308346463289
COHFACE_s22_session3_natural,13,203,19.766666666666666,-0.8863140344619751,0.7938717836542555
COHFACE_s22_session3_natural,13,204,19.8,-0.9159448742866516,0.6687235938545975
COHFACE_s22_session3_natural,13,205,19.833333333333332,-0.9610487818717957,0.4961857890792462
COHFACE_s22_session3_natural,13,206,19.866666666666667,-1.0484771728515625,0.2799163358848228
COHFACE_s22_session3_natural,13,207,19.9,-1.1349005699157715,0.0273471262755164
COHFACE_s22_session3_natural,13,208,19.933333333333334,-0.8971588015556335,-0.24511498885079083
COHFACE_s22_session3_natural,13,209,19.966666666666665,0.1601095348596573,-0.5072544478752791
COHFACE_s22_session3_natural,13,210,20.0,1.420091152191162,-0.7165462307967552
COHFACE_s22_session3_natural,13,211,20.033333333333335,1.9766004085540771,-0.8298721096704547
COHFACE_s22_session3_natural,13,212,20.066666666666666,1.8926711082458496,-0.8219809550887205
COHFACE_s22_session3_natural,13,213,20.1,1.5946005582809448,-0.7007149106276883
COHFACE_s22_session3_natural,13,214,20.133333333333333,1.3129708766937256,-0.5094213095531328
COHFACE_s22_session3_natural,13,215,20.166666666666668,1.0809741020202637,-0.31362228497972916
COHFACE_s22_session3_natural,13,216,20.2,0.8069631457328796,-0.1772963077374096
COHFACE_s22_session3_natural,13,217,20.233333333333334,0.5539096593856812,-0.1395850946874607
COHFACE_s22_session3_natural,13,218,20.266666666666666,0.4683672785758972,-0.20261292616477464
COHFACE_s22_session3_natural,13,219,20.3,0.5250232815742493,-0.3352626670327539
COHFACE_s22_session3_natural,13,220,20.333333333333332,0.5672733187675476,-0.48918343461993175
COHFACE_s22_session3_natural,13,221,20.366666666666667,0.4717671275138855,-0.6175937024888666
COHFACE_s22_session3_natural,13,222,20.4,0.25596314668655396,-0.6882597860140265
COHFACE_s22_session3_natural,13,223,20.433333333333334,0.0030709283892065287,-0.6873203163728318
COHFACE_s22_session3_natural,13,224,20.466666666666665,-0.23240011930465698,-0.6158554878652157
COHFACE_s22_session3_natural,13,225,20.5,-0.4258817136287689,-0.48329722415957
COHFACE_s22_session3_natural,13,226,20.533333333333335,-0.575289249420166,-0.3008944435958721
COHFACE_s22_session3_natural,13,227,20.566666666666666,-0.6854619383811951,-0.0774795975132449
COHFACE_s22_session3_natural,13,228,20.6,-0.7524167895317078,0.17973949690057373
COHFACE_s22_session3_natural,13,229,20.633333333333333,-0.7894801497459412,0.45834970833459443
COHFACE_s22_session3_natural,13,230,20.666666666666668,-0.8192226886749268,0.7326264948243338
COHFACE_s22_session3_natural,13,231,20.7,-0.8653193116188049,0.9626340885318904
COHFACE_s22_session3_natural,13,232,20.733333333333334,-0.9619297981262207,1.10497389570485
COHFACE_s22_session3_natural,13,233,20.766666666666666,-1.0408461093902588,1.1309444302621525
COHFACE_s22_session3_natural,13,234,20.8,-0.7393509149551392,1.0415879101517127
COHFACE_s22_session3_natural,13,235,20.833333333333332,0.37488365173339844,0.8696372979339958
COHFACE_s22_session3_natural,13,236,20.866666666666667,1.5943275690078735,0.6657133988999717
COHFACE_s22_session3_natural,13,237,20.9,2.1115400791168213,0.47550046606995416
COHFACE_s22_session3_natural,13,238,20.933333333333334,2.062453031539917,0.320094280124692
COHFACE_s22_session3_natural,13,239,20.966666666666665,1.8476665019989014,0.19004796999294174
COHFACE_s22_session3_natural,14,0,14.0,-0.7960813641548157,0.1090773002508606
COHFACE_s22_session3_natural,14,1,14.033333333333333,-0.8673666715621948,0.030401058451873353
COHFACE_s22_session3_natural,14,2,14.066666666666666,-0.9767452478408813,-0.05407032297690267
COHFACE_s22_session3_natural,14,3,14.1,-1.050214409828186,-0.14380477507876513
COHFACE_s22_session3_natural,14,4,14.133333333333333,-0.7950390577316284,-0.23336319913927447
COHFACE_s22_session3_natural,14,5,14.166666666666666,0.15110115706920624,-0.31319247766267416
COHFACE_s22_session3_natural,14,6,14.2,1.1802152395248413,-0.3721155131240879
COHFACE_s22_session3_natural,14,7,14.233333333333333,1.5911263227462769,-0.4004462569424398
COHFACE_s22_session3_natural,14,8,14.266666666666667,1.4830381870269775,-0.3929055091476231
COHFACE_s22_session3_natural,14,9,14.3,1.2029595375061035,-0.3507264559107296
COHFACE_s22_session3_natural,14,10,14.333333333333334,0.9424362182617188,-0.28205095191192936
COHFACE_s22_session3_natural,14,11,14.366666666666667,0.6998180747032166,-0.1998900410981326
COHFACE_s22_session3_natural,14,12,14.4,0.43006306886672974,-0.11823899659472399
COHFACE_s22_session3_natural,14,13,14.433333333333334,0.27020779252052307,-0.048194001814846225
COHFACE_s22_session3_natural,14,14,14.466666666666667,0.30572015047073364,0.00424472015281186
COHFACE_s22_session3_natural,14,15,14.5,0.42339983582496643,0.03826965993552355
COHFACE_s22_session3_natural,14,16,14.533333333333333,0.44980454444885254,0.05700648934577606
COHFACE_s22_session3_natural,14,17,14.566666666666666,0.3192947506904602,0.06567004970508612
COHFACE_s22_session3_natural,14,18,14.6,0.09679031372070312,0.06895187221678976
COHFACE_s22_session3_natural,14,19,14.633333333333333,-0.13103726506233215,0.06728195199753136
COHFACE_s22_session3_natural,14,20,14.666666666666666,-0.3241341710090637,0.05324386034488751
COHFACE_s22_session3_natural,14,21,14.7,-0.4730081558227539,0.011107437467145199
COHFACE_s22_session3_natural,14,22,14.733333333333333,-0.5858982801437378,-0.07810616778072225
COHFACE_s22_session3_natural,14,23,14.766666666666667,-0.6609184741973877,-0.22665905733705594
COHFACE_s22_session3_natural,14,24,14.8,-0.6995577216148376,-0.42960887060262354
COHFACE_s22_session3_natural,14,25,14.833333333333334,-0.7265331745147705,-0.659549865272349
COHFACE_s22_session3_natural,14,26,14.866666666666667,-0.7665993571281433,-0.8697810894282547
COHFACE_s22_session3_natural,14,27,14.9,-0.8416815996170044,-1.0048440603391906
COHFACE_s22_session3_natural,14,28,14.933333333333334,-0.9323485493659973,-1.0145553797709028
COHFACE_s22_session3_natural,14,29,14.966666666666667,-0.8363708853721619,-0.8671898818961904
COHFACE_s22_session3_natural,14,30,15.0,-0.08732305467128754,-0.5585786104711575
COHFACE_s22_session3_natural,14,31,15.033333333333333,1.0824755430221558,-0.11531199666555314
COHFACE_s22_session3_natural,14,32,15.066666666666666,1.7883923053741455,0.4087536609236576
COHFACE_s22_session3_natural,14,33,15.1,1.847654104232788,0.9424198181036602
COHFACE_s22_session3_natural,14,34,15.133333333333333,1.6133990287780762,1.411534437252056
COHFACE_s22_session3_natural,14,35,15.166666666666666,1.363695740699768,1.7540765303093806
COHFACE_s22_session3_natural,14,36,15.2,1.1661814451217651,1.9314164850627822
COHFACE_s22_session3_natural,14,37,15.233333333333333,0.9448558688163757,1.9325362238270996
COHFACE_s22_session3_natural,14,38,15.266666666666667,0.6926336884498596,1.7711176375012276
COHFACE_s22_session3_natural,14,39,15.3,0.5584882497787476,1.4782254948668068
COHFACE_s22_session3_natural,14,40,15.333333333333334,0.5738496780395508,1.093931949649204
COHFACE_s22_session3_natural,14,41,15.366666666666667,0.6111984252929688,0.6600337893108903
COHFACE_s22_session3_natural,14,42,15.4,0.5383124947547913,0.2145371044375876
COHFACE_s22_session3_natural,14,43,15.433333333333334,0.34993067383766174,-0.21200366630956205
COHFACE_s22_session3_natural,14,44,15.466666666666667,0.1143355593085289,-0.5978126156154442
COHFACE_s22_session3_natural,14,45,15.5,-0.10984399169683456,-0.9282437346295624
COHFACE_s22_session3_natural,14,46,15.533333333333333,-0.3013899028301239,-1.1916320964221927
COHFACE_s22_session3_natural,14,47,15.566666666666666,-0.4525718092918396,-1.3749912925096461
COHFACE_s22_session3_natural,14,48,15.6,-0.5657721161842346,-1.4629649154116084
COHFACE_s22_session3_natural,14,49,15.633333333333333,-0.6513268947601318,-1.4420944676976557
COHFACE_s22_session3_natural,14,50,15.666666666666666,-0.7162343859672546,-1.3087720621369399
COHFACE_s22_session3_natural,14,51,15.7,-0.7694656848907471,-1.0759909630684166
COHFACE_s22_session3_natural,14,52,15.733333333333333,-0.8287646174430847,-0.7740439461502451
COHFACE_s22_session3_natural,14,53,15.766666666666667,-0.8862271308898926,-0.4438174463372721
COHFACE_s22_session3_natural,14,54,15.8,-0.946394681930542,-0.12603500922510713
COHFACE_s22_session3_natural,14,55,15.833333333333334,-1.0202361345291138,0.1477912185143819
COHFACE_s22_session3_natural,14,56,15.866666666666667,-1.1179633140563965,0.35875060301510164
COHFACE_s22_session3_natural,14,57,15.9,-1.236635684967041,0.4983993482549673
COHFACE_s22_session3_natural,14,58,15.933333333333334,-1.2087295055389404,0.5643015952815631
COHFACE_s22_session3_natural,14,59,15.966666666666667,-0.4572000801563263,0.5568108367536132
COHFACE_s22_session3_natural,14,60,16.0,0.9348672032356262,0.4786795464843748
COHFACE_s22_session3_natural,14,61,16.033333333333335,1.88899827003479,0.3368263933254466
COHFACE_s22_session3_natural,14,62,16.066666666666666,2.0872695446014404,0.14473002956512565
COHFACE_s22_session3_natural,14,63,16.1,1.9114199876785278,-0.07608046166021243
COHFACE_s22_session3_natural,14,64,16.133333333333333,1.684510588645935,-0.2969923325947666
COHFACE_s22_session3_natural,14,65,16.166666666666668,1.4986352920532227,-0.4866155658409404
COHFACE_s22_session3_natural,14,66,16.2,1.3064441680908203,-0.6173816704804849
COHFACE_s22_session3_natural,14,67,16.233333333333334,1.0241817235946655,-0.6715539837613868
COHFACE_s22_session3_natural,14,68,16.266666666666666,0.7834743857383728,-0.6436896294123626
COHFACE_s22_session3_natural,14,69,16.3,0.7052652835845947,-0.5384429789450689
COHFACE_s22_session3_natural,14,70,16.333333333333332,0.7193982601165771,-0.365339258359929
COHFACE_s22_session3_natural,14,71,16.366666666666667,0.6853376626968384,-0.13422345481216014
COHFACE_s22_session3_natural,14,72,16.4,0.5363023281097412,0.14494768282992732
COHFACE_s22_session3_natural,14,73,16.433333333333334,0.3080652952194214,0.45717180356591114
COHFACE_s22_session3_natural,14,74,16.466666666666665,0.05555775389075279,0.7760082957834799
COHFACE_s22_session3_natural,14,75,16.5,-0.17089250683784485,1.0618638446863566
COHFACE_s22_session3_natural,14,76,16.533333333333335,-0.35083669424057007,1.2688067301829582
COHFACE_s22_session3_natural,14,77,16.566666666666666,-0.49240222573280334,1.3580310169689862
COHFACE_s22_session3_natural,14,78,16.6,-0.6093622446060181,1.3109047200285107
COHFACE_s22_session3_natural,14,79,16.633333333333333,-0.6929937601089478,1.134187185117165
COHFACE_s22_session3_natural,14,80,16.666666666666668,-0.7639440298080444,0.8553973987012808
COHFACE_s22_session3_natural,14,81,16.7,-0.833454966545105,0.5125398665026644
COHFACE_s22_session3_natural,14,82,16.733333333333334,-0.904268741607666,0.144282954164765
COHFACE_s22_session3_natural,14,83,16.766666666666666,-0.9786436557769775,-0.21556520571999305
COHFACE_s22_session3_natural,14,84,16.8,-1.0655509233474731,-0.5388992785590978
COHFACE_s22_session3_natural,14,85,16.833333333333332,-1.1518254280090332,-0.8017386493183395
COHFACE_s22_session3_natural,14,86,16.866666666666667,-1.2287936210632324,-0.983334825248035
COHFACE_s22_session3_natural,14,87,16.9,-1.300103783607483,-1.067849529634591
COHFACE_s22_session3_natural,14,88,16.933333333333334,-1.3755954504013062,-1.0480275224014264
COHFACE_s22_session3_natural,14,89,16.966666666666665,-1.4639793634414673,-0.9285273861103174
COHFACE_s22_session3_natural,14,90,17.0,-1.5277328491210938,-0.7268285248770484
COHFACE_s22_session3_natural,14,91,17.033333333333335,-1.149753212928772,-0.47110959956627335
COHFACE_s22_session3_natural,14,92,17.066666666666666,0.16280211508274078,-0.19570985296565524
COHFACE_s22_session3_natural,14,93,17.1,1.5617684125900269,0.06478099149276544
COHFACE_s22_session3_natural,14,94,17.133333333333333,2.1301398277282715,0.2817593002085987
COHFACE_s22_session3_natural,14,95,17.166666666666668,2.05706787109375,0.4378152485079528
COHFACE_s22_session3_natural,14,96,17.2,1.8045107126235962,0.528924557085502
COHFACE_s22_session3_natural,14,97,17.233333333333334,1.5666571855545044,0.5621797315188282
COHFACE_s22_session3_natural,14,98,17.266666666666666,1.3737215995788574,0.5500651898307272
COHFACE_s22_session3_natural,14,99,17.3,1.126983880996704,0.5046075047009067
COHFACE_s22_session3_natural,14,100,17.333333333333332,0.8408748507499695,0.4346055717393782
COHFACE_s22_session3_natural,14,101,17.366666666666667,0.6757460832595825,0.3465669948413199
COHFACE_s22_session3_natural,14,102,17.4,0.6662538051605225,0.24692413237758534
COHFACE_s22_session3_natural,14,103,17.433333333333334,0.6756095886230469,0.14239476417005054
COHFACE_s22_session3_natural,14,104,17.466666666666665,0.5774852633476257,0.03794746152323593
COHFACE_s22_session3_natural,14,105,17.5,0.3738909959793091,-0.06513616412488787
COHFACE_s22_session3_natural,14,106,17.533333333333335,0.11601066589355469,-0.16838067132607093
COHFACE_s22_session3_natural,14,107,17.566666666666666,-0.13265033066272736,-0.2722780375197108
COHFACE_s22_session3_natural,14,108,17.6,-0.3426845073699951,-0.37242252083751226
COHFACE_s22_session3_natural,14,109,17.633333333333333,-0.5088431239128113,-0.459288180842895
COHFACE_s22_session3_natural,14,110,17.666666666666668,-0.6361392140388489,-0.5226632429771518
COHFACE_s22_session3_natural,14,111,17.7,-0.7411004304885864,-0.5579946620990383
COHFACE_s22_session3_natural,14,112,17.733333333333334,-0.8188504576683044,-0.5701826762860233
COHFACE_s22_session3_natural,14,113,17.766666666666666,-0.8768713474273682,-0.5718995393954268
COHFACE_s22_session3_natural,14,114,17.8,-0.9321004152297974,-0.5771583187046941
COHFACE_s22_session3_natural,14,115,17.833333333333332,-0.9977151155471802,-0.5936669057280054
COHFACE_s22_session3_natural,14,116,17.866666666666667,-1.0782073736190796,-0.6174355527598787
COHFACE_s22_session3_natural,14,117,17.9,-1.1663554906845093,-0.6314105256242395
COHFACE_s22_session3_natural,14,118,17.933333333333334,-1.252530574798584,-0.6086312728751828
COHFACE_s22_session3_natural,14,119,17.966666666666665,-1.337365746498108,-0.5196857234083848
COHFACE_s22_session3_natural,14,120,18.0,-1.4285290241241455,-0.34323741206872554
COHFACE_s22_session3_natural,14,121,18.033333333333335,-1.537758708000183,-0.07673649592260834
COHFACE_s22_session3_natural,14,122,18.066666666666666,-1.616662621498108,0.2572155161123238
COHFACE_s22_session3_natural,14,123,18.1,-1.278960108757019,0.6131451249092484
COHFACE_s22_session3_natural,14,124,18.133333333333333,0.014002582058310509,0.9346410776999747
COHFACE_s22_session3_natural,14,125,18.166666666666668,1.4199050664901733,1.1718149141884373
COHFACE_s22_session3_natural,14,126,18.2,1.9795411825180054,1.2962018354686835
COHFACE_s22_session3_natural,14,127,18.233333333333334,1.8811439275741577,1.3057795578501021
COHFACE_s22_session3_natural,14,128,18.266666666666666,1.5725263357162476,1.2188515802195352
COHFACE_s22_session3_natural,14,129,18.3,1.257270336151123,1.062125555209842
COHFACE_s22_session3_natural,14,130,18.333333333333332,0.9952332973480225,0.8603189273320772
COHFACE_s22_session3_natural,14,131,18.366666666666667,0.713690459728241,0.6318043150411046
COHFACE_s22_session3_natural,14,132,18.4,0.4654637575149536,0.3901086799443602
COHFACE_s22_session3_natural,14,133,18.433333333333334,0.3977644145488739,0.14779140269665053
COHFACE_s22_session3_natural,14,134,18.466666666666665,0.47061315178871155,-0.08089940945373168
COHFACE_s22_session3_natural,14,135,18.5,0.5166476964950562,-0.2801484864199637
COHFACE_s22_session3_natural,14,136,18.533333333333335,0.4249880909919739,-0.4349142644248663
COHFACE_s22_session3_natural,14,137,18.566666666666666,0.20831552147865295,-0.533966751745996
COHFACE_s22_session3_natural,14,138,18.6,-0.05463976413011551,-0.5723595741998947
COHFACE_s22_session3_natural,14,139,18.633333333333333,-0.31168872117996216,-0.5526977232948715
COHFACE_s22_session3_natural,14,140,18.666666666666668,-0.5141662955284119,-0.4848088774750547
COHFACE_s22_session3_natural,14,141,18.7,-0.6648643016815186,-0.38360865154939866
COHFACE_s22_session3_natural,14,142,18.733333333333334,-0.773101270198822,-0.2655925065996087
COHFACE_s22_session3_natural,14,143,18.766666666666666,-0.8521417379379272,-0.14526904458701348
COHFACE_s22_session3_natural,14,144,18.8,-0.907755434513092,-0.03326801044088401
COHFACE_s22_session3_natural,14,145,18.833333333333332,-0.9518046975135803,0.06287936573597191
COHFACE_s22_session3_natural,14,146,18.866666666666667,-1.0009536743164062,0.13608321369684498
COHFACE_s22_session3_natural,14,147,18.9,-1.0557236671447754,0.17743745352805385
COHFACE_s22_session3_natural,14,148,18.933333333333334,-1.1295154094696045,0.1764688558461272
COHFACE_s22_session3_natural,14,149,18.966666666666665,-1.2279995679855347,0.12419751621393518
COHFACE_s22_session3_natural,14,150,19.0,-1.3583604097366333,0.01714128638435848
COHFACE_s22_session3_natural,14,151,19.033333333333335,-1.4879767894744873,-0.14022948211065486
COHFACE_s22_session3_natural,14,152,19.066666666666666,-1.3812659978866577,-0.33546387459135196
COHFACE_s22_session3_natural,14,153,19.1,-0.4067482054233551,-0.5494631719932583
COHFACE_s22_session3_natural,14,154,19.133333333333333,1.0553139448165894,-0.7579078682823824
COHFACE_s22_session3_natural,14,155,19.166666666666668,1.8398617506027222,-0.93276965123196
COHFACE_s22_session3_natural,14,156,19.2,1.8414747714996338,-1.0450515259685897
COHFACE_s22_session3_natural,14,157,19.233333333333334,1.5377460718154907,-1.0697011144086086
COHFACE_s22_session3_natural,14,158,19.266666666666666,1.19173002243042,-0.9919549980475441
COHFACE_s22_session3_natural,14,159,19.3,0.8870707154273987,-0.8125115457038904
COHFACE_s22_session3_natural,14,160,19.333333333333332,0.5759590864181519,-0.5485610436057146
COHFACE_s22_session3_natural,14,161,19.366666666666667,0.3117009103298187,-0.2295626527163497
COHFACE_s22_session3_natural,14,162,19.4,0.243902325630188,0.11017408542823881
COHFACE_s22_session3_natural,14,163,19.433333333333334,0.35895147919654846,0.43824693726190156
COHFACE_s22_session3_natural,14,164,19.466666666666665,0.4670892357826233,0.7277011769282402
COHFACE_s22_session3_natural,14,165,19.5,0.4111156761646271,0.9576209602859259
COHFACE_s22_session3_natural,14,166,19.533333333333335,0.20551125705242157,1.1127909920435262
COHFACE_s22_session3_natural,14,167,19.566666666666666,-0.0534609816968441,1.1841417131474428
COHFACE_s22_session3_natural,14,168,19.6,-0.3070976734161377,1.1699963703131395
COHFACE_s22_session3_natural,14,169,19.633333333333333,-0.5150472521781921,1.0767461092361394
COHFACE_s22_session3_natural,14,170,19.666666666666668,-0.6754112839698792,0.917760633982184
COHFACE_s22_session3_natural,14,171,19.7,-0.7907209992408752,0.7106939205558064
COHFACE_s22_session3_natural,14,172,19.733333333333334,-0.8537920117378235,0.4745547790124816
COHFACE_s22_session3_natural,14,173,19.766666666666666,-0.8863140344619751,0.22788051592471653
COHFACE_s22_session3_natural,14,174,19.8,-0.9159448742866516,-0.011902955421089103
COHFACE_s22_session3_natural,14,175,19.833333333333332,-0.9610487818717957,-0.22874399693373684
COHFACE_s22_session3_natural,14,176,19.866666666666667,-1.0484771728515625,-0.4081150837035284
COHFACE_s22_session3_natural,14,177,19.9,-1.1349005699157715,-0.5366057309466645
COHFACE_s22_session3_natural,14,178,19.933333333333334,-0.8971588015556335,-0.6011121221056572
COHFACE_s22_session3_natural,14,179,19.966666666666665,0.1601095348596573,-0.5890947979148204
COHFACE_s22_session3_natural,14,180,20.0,1.420091152191162,-0.4917711417955676
COHFACE_s22_session3_natural,14,181,20.033333333333335,1.9766004085540771,-0.3103640244299655
COHFACE_s22_session3_natural,14,182,20.066666666666666,1.8926711082458496,-0.06226751302478493
COHFACE_s22_session3_natural,14,183,20.1,1.5946005582809448,0.21764485582312187
COHFACE_s22_session3_natural,14,184,20.133333333333333,1.3129708766937256,0.4830926241401108
COHFACE_s22_session3_natural,14,185,20.166666666666668,1.0809741020202637,0.6879541018427113
COHFACE_s22_session3_natural,14,186,20.2,0.8069631457328796,0.7982031029407115
COHFACE_s22_session3_natural,14,187,20.233333333333334,0.5539096593856812,0.7989852103114768
COHFACE_s22_session3_natural,14,188,20.266666666666666,0.4683672785758972,0.6945472179400691
COHFACE_s22_session3_natural,14,189,20.3,0.5250232815742493,0.5027367881930175
COHFACE_s22_session3_natural,14,190,20.333333333333332,0.5672733187675476,0.2482963621028245
COHFACE_s22_session3_natural,14,191,20.366666666666667,0.4717671275138855,-0.04138405389889532
COHFACE_s22_session3_natural,14,192,20.4,0.25596314668655396,-0.3375321857137667
COHFACE_s22_session3_natural,14,193,20.433333333333334,0.0030709283892065287,-0.6106233084364208
COHFACE_s22_session3_natural,14,194,20.466666666666665,-0.23240011930465698,-0.8328373722002596
COHFACE_s22_session3_natural,14,195,20.5,-0.4258817136287689,-0.9826316757543819
COHFACE_s22_session3_natural,14,196,20.533333333333335,-0.575289249420166,-1.049407907601538
COHFACE_s22_session3_natural,14,197,20.566666666666666,-0.6854619383811951,-1.0357562300051741
COHFACE_s22_session3_natural,14,198,20.6,-0.7524167895317078,-0.9563976569727183
COHFACE_s22_session3_natural,14,199,20.633333333333333,-0.7894801497459412,-0.8346605724000461
COHFACE_s22_session3_natural,14,200,20.666666666666668,-0.8192226886749268,-0.6973770807277372
COHFACE_s22_session3_natural,14,201,20.7,-0.8653193116188049,-0.5685647878626345
COHFACE_s22_session3_natural,14,202,20.733333333333334,-0.9619297981262207,-0.4627950610832811
COHFACE_s22_session3_natural,14,203,20.766666666666666,-1.0408461093902588,-0.3803736175259884
COHFACE_s22_session3_natural,14,204,20.8,-0.7393509149551392,-0.30697387198157006
COHFACE_s22_session3_natural,14,205,20.833333333333332,0.37488365173339844,-0.21917553267916712
COHFACE_s22_session3_natural,14,206,20.866666666666667,1.5943275690078735,-0.09461223857252982
COHFACE_s22_session3_natural,14,207,20.9,2.1115400791168213,0.0772882690802997
COHFACE_s22_session3_natural,14,208,20.933333333333334,2.062453031539917,0.2888526641910214
COHFACE_s22_session3_natural,14,209,20.966666666666665,1.8476665019989014,0.5151697096830965
COHFACE_s22_session3_natural,14,210,21.0,1.6328303813934326,0.7221462639681867
COHFACE_s22_session3_natural,14,211,21.033333333333335,1.4408625364303589,0.8777297312930845
COHFACE_s22_session3_natural,14,212,21.066666666666666,1.1873996257781982,0.9610998143344133
COHFACE_s22_session3_natural,14,213,21.1,0.914021372795105,0.9663247190719361
COHFACE_s22_session3_natural,14,214,21.133333333333333,0.7664130330085754,0.9006461652713647
COHFACE_s22_session3_natural,14,215,21.166666666666668,0.7519698739051819,0.7802652930696675
COHFACE_s22_session3_natural,14,216,21.2,0.7391025424003601,0.626223448781903
COHFACE_s22_session3_natural,14,217,21.233333333333334,0.6172288656234741,0.46103337404900835
COHFACE_s22_session3_natural,14,218,21.266666666666666,0.39251574873924255,0.3054983908786492
COHFACE_s22_session3_natural,14,219,21.3,0.12973417341709137,0.17542498768146308
COHFACE_s22_session3_natural,14,220,21.333333333333332,-0.12380325794219971,0.0789935813918047
COHFACE_s22_session3_natural,14,221,21.366666666666667,-0.3386145830154419,0.01602500573353433
COHFACE_s22_session3_natural,14,222,21.4,-0.5017456412315369,-0.020461247281114744
COHFACE_s22_session3_natural,14,223,21.433333333333334,-0.6251206994056702,-0.04117964635777361
COHFACE_s22_session3_natural,14,224,21.466666666666665,-0.7124250531196594,-0.057135007681878174
COHFACE_s22_session3_natural,14,225,21.5,-0.771513044834137,-0.07668335686520686
COHFACE_s22_session3_natural,14,226,21.533333333333335,-0.8264567255973816,-0.10379754917779307
COHFACE_s22_session3_natural,14,227,21.566666666666666,-0.8868227601051331,-0.13813901006202495
COHFACE_s22_session3_natural,14,228,21.6,-0.9452779293060303,-0.17712665047543832
COHFACE_s22_session3_natural,14,229,21.633333333333333,-1.008026361465454,-0.21914765249416449
COHFACE_s22_session3_natural,14,230,21.666666666666668,-1.086434006690979,-0.2657721558333629
COHFACE_s22_session3_natural,14,231,21.7,-1.1917054653167725,-0.32077789690159614
COHFACE_s22_session3_natural,14,232,21.733333333333334,-1.317611813545227,-0.3857802260727365
COHFACE_s22_session3_natural,14,233,21.766666666666666,-1.29239821434021,-0.45497003117427126
COHFACE_s22_session3_natural,14,234,21.8,-0.522479772567749,-0.5127889639065601
COHFACE_s22_session3_natural,14,235,21.833333333333332,0.9336884021759033,-0.5371592818856331
COHFACE_s22_session3_natural,14,236,21.866666666666667,1.9423041343688965,-0.5076142255458865
COHFACE_s22_session3_natural,14,237,21.9,2.155874490737915,-0.41457141679951154
COHFACE_s22_session3_natural,14,238,21.933333333333334,2.0204758644104004,-0.26519378702490404
COHFACE_s22_session3_natural,14,239,21.966666666666665,1.831213116645813,-0.08302676735558452
COHFACE_s22_session3_natural,15,0,15.0,-0.08732305467128754,-0.045237159724252844
COHFACE_s22_session3_natural,15,1,15.033333333333333,1.0824755430221558,0.3368954760855923
COHFACE_s22_session3_natural,15,2,15.066666666666666,1.7883923053741455,0.6925879668119859
COHFACE_s22_session3_natural,15,3,15.1,1.847654104232788,0.9939490454768317
COHFACE_s22_session3_natural,15,4,15.133333333333333,1.6133990287780762,1.210873389766881
COHFACE_s22_session3_natural,15,5,15.166666666666666,1.363695740699768,1.3163479281596688
COHFACE_s22_session3_natural,15,6,15.2,1.1661814451217651,1.2935138152594854
COHFACE_s22_session3_natural,15,7,15.233333333333333,0.9448558688163757,1.1405798439158945
COHFACE_s22_session3_natural,15,8,15.266666666666667,0.6926336884498596,0.8718661664377522
COHFACE_s22_session3_natural,15,9,15.3,0.5584882497787476,0.5161080706547185
COHFACE_s22_session3_natural,15,10,15.333333333333334,0.5738496780395508,0.11386530404088566
COHFACE_s22_session3_natural,15,11,15.366666666666667,0.6111984252929688,-0.28576244748088075
COHFACE_s22_session3_natural,15,12,15.4,0.5383124947547913,-0.6309310165649239
COHFACE_s22_session3_natural,15,13,15.433333333333334,0.34993067383766174,-0.8766499984478907
COHFACE_s22_session3_natural,15,14,15.466666666666667,0.1143355593085289,-0.9957078226925364
COHFACE_s22_session3_natural,15,15,15.5,-0.10984399169683456,-0.9851915497718421
COHFACE_s22_session3_natural,15,16,15.533333333333333,-0.3013899028301239,-0.8641030949932333
COHFACE_s22_session3_natural,15,17,15.566666666666666,-0.4525718092918396,-0.6630849769297799
COHFACE_s22_session3_natural,15,18,15.6,-0.5657721161842346,-0.4131052057492242
COHFACE_s22_session3_natural,15,19,15.633333333333333,-0.6513268947601318,-0.140391465181415
COHFACE_s22_session3_natural,15,20,15.666666666666666,-0.7162343859672546,0.1316181044902776
COHFACE_s22_session3_natural,15,21,15.7,-0.7694656848907471,0.3791321110550959
COHFACE_s22_session3_natural,15,22,15.733333333333333,-0.8287646174430847,0.5792430616033275
COHFACE_s22_session3_natural,15,23,15.766666666666667,-0.8862271308898926,0.7155270879845157
COHFACE_s22_session3_natural,15,24,15.8,-0.946394681930542,0.7829428661355098
COHFACE_s22_session3_natural,15,25,15.833333333333334,-1.0202361345291138,0.7869227323774006
COHFACE_s22_session3_natural,15,26,15.866666666666667,-1.1179633140563965,0.7367686315693666
COHFACE_s22_session3_natural,15,27,15.9,-1.236635684967041,0.6389206701727658
COHFACE_s22_session3_natural,15,28,15.933333333333334,-1.2087295055389404,0.496076741185102
COHFACE_s22_session3_natural,15,29,15.966666666666667,-0.4572000801563263,0.3131222093122966
COHFACE_s22_session3_natural,15,30,16.0,0.9348672032356262,0.10434823430380173
COHFACE_s22_session3_natural,15,31,16.033333333333335,1.88899827003479,-0.10544088577945669
COHFACE_s22_session3_natural,15,32,16.066666666666666,2.0872695446014404,-0.28813164507066313
COHFACE_s22_session3_natural,15,33,16.1,1.9114199876785278,-0.4231309267670101
COHFACE_s22_session3_natural,15,34,16.133333333333333,1.684510588645935,-0.5049929668174685
COHFACE_s22_session3_natural,15,35,16.166666666666668,1.4986352920532227,-0.5438895010678845
COHFACE_s22_session3_natural,15,36,16.2,1.3064441680908203,-0.5594515086353662
COHFACE_s22_session3_natural,15,37,16.233333333333334,1.0241817235946655,-0.5713895852276472
COHFACE_s22_session3_natural,15,38,16.266666666666666,0.7834743857383728,-0.5903619532015194
COHFACE_s22_session3_natural,15,39,16.3,0.7052652835845947,-0.6115032104995033
COHFACE_s22_session3_natural,15,40,16.333333333333332,0.7193982601165771,-0.6127769408662661
COHFACE_s22_session3_natural,15,41,16.366666666666667,0.6853376626968384,-0.5603464051715409
COHFACE_s22_session3_natural,15,42,16.4,0.5363023281097412,-0.4217552723500545
COHFACE_s22_session3_natural,15,43,16.433333333333334,0.3080652952194214,-0.18384143803049716
COHFACE_s22_session3_natural,15,44,16.466666666666665,0.05555775389075279,0.13263556784722833
COHFACE_s22_session3_natural,15,45,16.5,-0.17089250683784485,0.4711548425084658
COHFACE_s22_session3_natural,15,46,16.533333333333335,-0.35083669424057007,0.754697974987797
COHFACE_s22_session3_natural,15,47,16.566666666666666,-0.49240222573280334,0.9128618805730486
COHFACE_s22_session3_natural,15,48,16.6,-0.6093622446060181,0.9075551732174606
COHFACE_s22_session3_natural,15,49,16.633333333333333,-0.6929937601089478,0.7438733066991832
COHFACE_s22_session3_natural,15,50,16.666666666666668,-0.7639440298080444,0.4619209582436552
COHFACE_s22_session3_natural,15,51,16.7,-0.833454966545105,0.11687715711908143
COHFACE_s22_session3_natural,15,52,16.733333333333334,-0.904268741607666,-0.23998194255207653
COHFACE_s22_session3_natural,15,53,16.766666666666666,-0.9786436557769775,-0.5698098183333162
COHFACE_s22_session3_natural,15,54,16.8,-1.0655509233474731,-0.8434921293375431
COHFACE_s22_session3_natural,15,55,16.833333333333332,-1.1518254280090332,-1.0346553610528373
COHFACE_s22_session3_natural,15,56,16.866666666666667,-1.2287936210632324,-1.1167378333265712
COHFACE_s22_session3_natural,15,57,16.9,-1.300103783607483,-1.067666621033759
COHFACE_s22_session3_natural,15,58,16.933333333333334,-1.3755954504013062,-0.8788528560412633
COHFACE_s22_session3_natural,15,59,16.966666666666665,-1.4639793634414673,-0.562110441038904
COHFACE_s22_session3_natural,15,60,17.0,-1.5277328491210938,-0.15098477673873503
COHFACE_s22_session3_natural,15,61,17.033333333333335,-1.149753212928772,0.30291750934100725
COHFACE_s22_session3_natural,15,62,17.066666666666666,0.16280211508274078,0.7374764555460888
COHFACE_s22_session3_natural,15,63,17.1,1.5617684125900269,1.0913587927077897
COHFACE_s22_session3_natural,15,64,17.133333333333333,2.1301398277282715,1.317716668484902
COHFACE_s22_session3_natural,15,65,17.166666666666668,2.05706787109375,1.3959081595177227
COHFACE_s22_session3_natural,15,66,17.2,1.8045107126235962,1.3351745910826684
COHFACE_s22_session3_natural,15,67,17.233333333333334,1.5666571855545044,1.1669581315843902
COHFACE_s22_session3_natural,15,68,17.266666666666666,1.3737215995788574,0.9295120081379479
COHFACE_s22_session3_natural,15,69,17.3,1.126983880996704,0.6540967133683142
COHFACE_s22_session3_natural,15,70,17.333333333333332,0.8408748507499695,0.36098045136572393
COHFACE_s22_session3_natural,15,71,17.366666666666667,0.6757460832595825,0.06600371764639
COHFACE_s22_session3_natural,15,72,17.4,0.6662538051605225,-0.2100846637000915
COHFACE_s22_session3_natural,15,73,17.433333333333334,0.6756095886230469,-0.43941055021658715
COHFACE_s22_session3_natural,15,74,17.466666666666665,0.5774852633476257,-0.5946429929740618
COHFACE_s22_session3_natural,15,75,17.5,0.3738909959793091,-0.6601892854594003
COHFACE_s22_session3_natural,15,76,17.533333333333335,0.11601066589355469,-0.6380762444789372
COHFACE_s22_session3_natural,15,77,17.566666666666666,-0.13265033066272736,-0.5448102549820354
COHFACE_s22_session3_natural,15,78,17.6,-0.3426845073699951,-0.403240458242907
COHFACE_s22_session3_natural,15,79,17.633333333333333,-0.5088431239128113,-0.2368178873831282
COHFACE_s22_session3_natural,15,80,17.666666666666668,-0.6361392140388489,-0.06953123908458061
COHFACE_s22_session3_natural,15,81,17.7,-0.7411004304885864,0.071842624520373
COHFACE_s22_session3_natural,15,82,17.733333333333334,-0.8188504576683044,0.15891811509632295
COHFACE_s22_session3_natural,15,83,17.766666666666666,-0.8768713474273682,0.16847340309417388
COHFACE_s22_session3_natural,15,84,17.8,-0.9321004152297974,0.0908404932539018
COHFACE_s22_session3_natural,15,85,17.833333333333332,-0.9977151155471802,-0.06628382812383093
COHFACE_s22_session3_natural,15,86,17.866666666666667,-1.0782073736190796,-0.2802345820704995
COHFACE_s22_session3_natural,15,87,17.9,-1.1663554906845093,-0.5181652606257015
COHFACE_s22_session3_natural,15,88,17.933333333333334,-1.252530574798584,-0.7405478586753126
COHFACE_s22_session3_natural,15,89,17.966666666666665,-1.337365746498108,-0.904026723982637
COHFACE_s22_session3_natural,15,90,18.0,-1.4285290241241455,-0.9674667478173214
COHFACE_s22_session3_natural,15,91,18.033333333333335,-1.537758708000183,-0.9035443536130325
COHFACE_s22_session3_natural,15,92,18.066666666666666,-1.616662621498108,-0.7124640692732022
COHFACE_s22_session3_natural,15,93,18.1,-1.278960108757019,-0.4294126924898816
COHFACE_s22_session3_natural,15,94,18.133333333333333,0.014002582058310509,-0.11824466278084139
COHFACE_s22_session3_natural,15,95,18.166666666666668,1.4199050664901733,0.14908157135716907
COHFACE_s22_session3_natural,15,96,18.2,1.9795411825180054,0.3187704133630445
COHFACE_s22_session3_natural,15,97,18.233333333333334,1.8811439275741577,0.3741552855126674
COHFACE_s22_session3_natural,15,98,18.266666666666666,1.5725263357162476,0.3383235815985735
COHFACE_s22_session3_natural,15,99,18.3,1.257270336151123,0.2606740476241218
COHFACE_s22_session3_natural,15,100,18.333333333333332,0.9952332973480225,0.19588211168095782
COHFACE_s22_session3_natural,15,101,18.366666666666667,0.713690459728241,0.18571908194400785
COHFACE_s22_session3_natural,15,102,18.4,0.4654637575149536,0.2493530494113459
COHFACE_s22_session3_natural,15,103,18.433333333333334,0.3977644145488739,0.38163915123649256
COHFACE_s22_session3_natural,15,104,18.466666666666665,0.47061315178871155,0.5568222530602245
COHFACE_s22_session3_natural,15,105,18.5,0.5166476964950562,0.73626429480577
COHFACE_s22_session3_natural,15,106,18.533333333333335,0.4249880909919739,0.879613608962842
COHFACE_s22_session3_natural,15,107,18.566666666666666,0.20831552147865295,0.9570917937905745
COHFACE_s22_session3_natural,15,108,18.6,-0.05463976413011551,0.957454493143322
COHFACE_s22_session3_natural,15,109,18.633333333333333,-0.31168872117996216,0.886515967678836
COHFACE_s22_session3_natural,15,110,18.666666666666668,-0.5141662955284119,0.7572707055038067
COHFACE_s22_session3_natural,15,111,18.7,-0.6648643016815186,0.5792770799583593
COHFACE_s22_session3_natural,15,112,18.733333333333334,-0.773101270198822,0.35559307432661164
COHFACE_s22_session3_natural,15,113,18.766666666666666,-0.8521417379379272,0.08958388817965869
COHFACE_s22_session3_natural,15,114,18.8,-0.907755434513092,-0.20420403066963774
COHFACE_s22_session3_natural,15,115,18.833333333333332,-0.9518046975135803,-0.4945465180113284
COHFACE_s22_session3_natural,15,116,18.866666666666667,-1.0009536743164062,-0.7386610361440599
COHFACE_s22_session3_natural,15,117,18.9,-1.0557236671447754,-0.8952897870159223
COHFACE_s22_session3_natural,15,118,18.933333333333334,-1.1295154094696045,-0.9381379306601034
COHFACE_s22_session3_natural,15,119,18.966666666666665,-1.2279995679855347,-0.8631521938946232
COHFACE_s22_session3_natural,15,120,19.0,-1.3583604097366333,-0.68861303336145
COHFACE_s22_session3_natural,15,121,19.033333333333335,-1.4879767894744873,-0.45106398647669826
COHFACE_s22_session3_natural,15,122,19.066666666666666,-1.3812659978866577,-0.1989771201753061
COHFACE_s22_session3_natural,15,123,19.1,-0.4067482054233551,0.016590014609123377
COHFACE_s22_session3_natural,15,124,19.133333333333333,1.0553139448165894,0.1543678020720842
COHFACE_s22_session3_natural,15,125,19.166666666666668,1.8398617506027222,0.19474872652388983
COHFACE_s22_session3_natural,15,126,19.2,1.8414747714996338,0.14503390212953882
COHFACE_s22_session3_natural,15,127,19.233333333333334,1.5377460718154907,0.033694396401026894
COHFACE_s22_session3_natural,15,128,19.266666666666666,1.19173002243042,-0.10432561120226566
COHFACE_s22_session3_natural,15,129,19.3,0.8870707154273987,-0.2427723360010626
COHFACE_s22_session3_natural,15,130,19.333333333333332,0.5759590864181519,-0.3701022715307447
COHFACE_s22_session3_natural,15,131,19.366666666666667,0.3117009103298187,-0.48293163462606786
COHFACE_s22_session3_natural,15,132,19.4,0.243902325630188,-0.5735125916183107
COHFACE_s22_session3_natural,15,133,19.433333333333334,0.35895147919654846,-0.6229439110163351
COHFACE_s22_session3_natural,15,134,19.466666666666665,0.4670892357826233,-0.6065711675428983
COHFACE_s22_session3_natural,15,135,19.5,0.4111156761646271,-0.507652117901168
COHFACE_s22_session3_natural,15,136,19.533333333333335,0.20551125705242157,-0.328925424231556
COHFACE_s22_session3_natural,15,137,19.566666666666666,-0.0534609816968441,-0.09380006114806534
COHFACE_s22_session3_natural,15,138,19.6,-0.3070976734161377,0.16250495145406815
COHFACE_s22_session3_natural,15,139,19.633333333333333,-0.5150472521781921,0.4044486643435543
COHFACE_s22_session3_natural,15,140,19.666666666666668,-0.6754112839698792,0.6035095208081865
COHFACE_s22_session3_natural,15,141,19.7,-0.7907209992408752,0.7402871771664136
COHFACE_s22_session3_natural,15,142,19.733333333333334,-0.8537920117378235,0.8046083780424635
COHFACE_s22_session3_natural,15,143,19.766666666666666,-0.8863140344619751,0.7964608350142934
COHFACE_s22_session3_natural,15,144,19.8,-0.9159448742866516,0.7266304491068541
COHFACE_s22_session3_natural,15,145,19.833333333333332,-0.9610487818717957,0.6140152510106316
COHFACE_s22_session3_natural,15,146,19.866666666666667,-1.0484771728515625,0.47997737297040466
COHFACE_s22_session3_natural,15,147,19.9,-1.1349005699157715,0.3440220543071852
COHFACE_s22_session3_natural,15,148,19.933333333333334,-0.8971588015556335,0.22394651821923894
COHFACE_s22_session3_natural,15,149,19.966666666666665,0.1601095348596573,0.13843890342212922
COHFACE_s22_session3_natural,15,150,20.0,1.420091152191162,0.10609340737282058
COHFACE_s22_session3_natural,15,151,20.033333333333335,1.9766004085540771,0.13690357831124514
COHFACE_s22_session3_natural,15,152,20.066666666666666,1.8926711082458496,0.2203993857379941
COHFACE_s22_session3_natural,15,153,20.1,1.5946005582809448,0.32070995666102187
COHFACE_s22_session3_natural,15,154,20.133333333333333,1.3129708766937256,0.3858497307059849
COHFACE_s22_session3_natural,15,155,20.166666666666668,1.0809741020202637,0.36874290342559846
COHFACE_s22_session3_natural,15,156,20.2,0.8069631457328796,0.24857889471331857
COHFACE_s22_session3_natural,15,157,20.233333333333334,0.5539096593856812,0.03988276073835375
COHFACE_s22_session3_natural,15,158,20.266666666666666,0.4683672785758972,-0.21530526274925882
COHFACE_s22_session3_natural,15,159,20.3,0.5250232815742493,-0.46591259884804187
COHFACE_s22_session3_natural,15,160,20.333333333333332,0.5672733187675476,-0.6692996964888898
COHFACE_s22_session3_natural,15,161,20.366666666666667,0.4717671275138855,-0.799241834481698
COHFACE_s22_session3_natural,15,162,20.4,0.25596314668655396,-0.8448141008536665
COHFACE_s22_session3_natural,15,163,20.433333333333334,0.0030709283892065287,-0.8067374725331125
COHFACE_s22_session3_natural,15,164,20.466666666666665,-0.23240011930465698,-0.6958091821177768
COHFACE_s22_session3_natural,15,165,20.5,-0.4258817136287689,-0.5324034196798006
COHFACE_s22_session3_natural,15,166,20.533333333333335,-0.575289249420166,-0.34372259911599357
COHFACE_s22_session3_natural,15,167,20.566666666666666,-0.6854619383811951,-0.15797820529712672
COHFACE_s22_session3_natural,15,168,20.6,-0.7524167895317078,0.0011852280893600445
COHFACE_s22_session3_natural,15,169,20.633333333333333,-0.7894801497459412,0.11588042195641889
COHFACE_s22_session3_natural,15,170,20.666666666666668,-0.8192226886749268,0.17103301168668197
COHFACE_s22_session3_natural,15,171,20.7,-0.8653193116188049,0.1525130554401505
COHFACE_s22_session3_natural,15,172,20.733333333333334,-0.9619297981262207,0.051493172790852554
COHFACE_s22_session3_natural,15,173,20.766666666666666,-1.0408461093902588,-0.12532808049761568
COHFACE_s22_session3_natural,15,174,20.8,-0.7393509149551392,-0.3468120759329922
COHFACE_s22_session3_natural,15,175,20.833333333333332,0.37488365173339844,-0.5587405059714533
COHFACE_s22_session3_natural,15,176,20.866666666666667,1.5943275690078735,-0.6983210642007449
COHFACE_s22_session3_natural,15,177,20.9,2.1115400791168213,-0.7156735624549203
COHFACE_s22_session3_natural,15,178,20.933333333333334,2.062453031539917,-0.5913689769028094
COHFACE_s22_session3_natural,15,179,20.966666666666665,1.8476665019989014,-0.34166119507390913
COHFACE_s22_session3_natural,15,180,21.0,1.6328303813934326,-0.010824833895095224
COHFACE_s22_session3_natural,15,181,21.033333333333335,1.4408625364303589,0.3433963416645067
COHFACE_s22_session3_natural,15,182,21.066666666666666,1.1873996257781982,0.6645198453961171
COHFACE_s22_session3_natural,15,183,21.1,0.914021372795105,0.9085434861370496
COHFACE_s22_session3_natural,15,184,21.133333333333333,0.7664130330085754,1.0503905710554307
COHFACE_s22_session3_natural,15,185,21.166666666666668,0.7519698739051819,1.085106112091806
COHFACE_s22_session3_natural,15,186,21.2,0.7391025424003601,1.0237305163756565
COHFACE_s22_session3_natural,15,187,21.233333333333334,0.6172288656234741,0.8853239266216897
COHFACE_s22_session3_natural,15,188,21.266666666666666,0.39251574873924255,0.6892056766175427
COHFACE_s22_session3_natural,15,189,21.3,0.12973417341709137,0.45221640713602695
COHFACE_s22_session3_natural,15,190,21.333333333333332,-0.12380325794219971,0.1925389253637303
COHFACE_s22_session3_natural,15,191,21.366666666666667,-0.3386145830154419,-0.06376900439175483
COHFACE_s22_session3_natural,15,192,21.4,-0.5017456412315369,-0.2807253926443568
COHFACE_s22_session3_natural,15,193,21.433333333333334,-0.6251206994056702,-0.41977011461355307
COHFACE_s22_session3_natural,15,194,21.466666666666665,-0.7124250531196594,-0.45394288552187645
COHFACE_s22_session3_natural,15,195,21.5,-0.771513044834137,-0.38010325538399314
COHFACE_s22_session3_natural,15,196,21.533333333333335,-0.8264567255973816,-0.2212470147655434
COHFACE_s22_session3_natural,15,197,21.566666666666666,-0.8868227601051331,-0.017658562682995115
COHFACE_s22_session3_natural,15,198,21.6,-0.9452779293060303,0.18728217216719764
COHFACE_s22_session3_natural,15,199,21.633333333333333,-1.008026361465454,0.35857953311427415
COHFACE_s22_session3_natural,15,200,21.666666666666668,-1.086434006690979,0.47428884980535113
COHFACE_s22_session3_natural,15,201,21.7,-1.1917054653167725,0.5247845399685728
COHFACE_s22_session3_natural,15,202,21.733333333333334,-1.317611813545227,0.5100311714262209
COHFACE_s22_session3_natural,15,203,21.766666666666666,-1.29239821434021,0.43681443272878057
COHFACE_s22_session3_natural,15,204,21.8,-0.522479772567749,0.3159318402497734
COHFACE_s22_session3_natural,15,205,21.833333333333332,0.9336884021759033,0.15913297211014982
COHFACE_s22_session3_natural,15,206,21.866666666666667,1.9423041343688965,-0.022847999504002924
COHFACE_s22_session3_natural,15,207,21.9,2.155874490737915,-0.2193108418617364
COHFACE_s22_session3_natural,15,208,21.933333333333334,2.0204758644104004,-0.4162168063876471
COHFACE_s22_session3_natural,15,209,21.966666666666665,1.831213116645813,-0.5939420128012907
COHFACE_s22_session3_natural,15,210,22.0,1.6596320867538452,-0.7298442161773038
COHFACE_s22_session3_natural,15,211,22.033333333333335,1.4662374258041382,-0.8062057959110037
COHFACE_s22_session3_natural,15,212,22.066666666666666,1.1800415515899658,-0.8196902325012553
COHFACE_s22_session3_natural,15,213,22.1,0.9269383549690247,-0.7859250140841689
COHFACE_s22_session3_natural,15,214,22.133333333333333,0.8358743190765381,-0.7345328826023562
COHFACE_s22_session3_natural,15,215,22.166666666666668,0.8266053795814514,-0.6955072387438709
COHFACE_s22_session3_natural,15,216,22.2,0.7685844898223877,-0.6840710612299147
COHFACE_s22_session3_natural,15,217,22.233333333333334,0.5979464650154114,-0.6930027746241214
COHFACE_s22_session3_natural,15,218,22.266666666666666,0.3462826609611511,-0.6965328067612713
COHFACE_s22_session3_natural,15,219,22.3,0.07635395228862762,-0.662382165353612
COHFACE_s22_session3_natural,15,220,22.333333333333332,-0.17213332653045654,-0.5642900881096262
COHFACE_s22_session3_natural,15,221,22.366666666666667,-0.3774275481700897,-0.3890973538177158
COHFACE_s22_session3_natural,15,222,22.4,-0.5329399108886719,-0.13823980347186257
COHFACE_s22_session3_natural,15,223,22.433333333333334,-0.6473438739776611,0.1724660366041302
COHFACE_s22_session3_natural,15,224,22.466666666666665,-0.7276002764701843,0.5124963026264588
COHFACE_s22_session3_natural,15,225,22.5,-0.7906837463378906,0.8377277063302688
COHFACE_s22_session3_natural,15,226,22.533333333333335,-0.8524519205093384,1.096547214897243
COHFACE_s22_session3_natural,15,227,22.566666666666666,-0.9168258309364319,1.2417881434912972
COHFACE_s22_session3_natural,15,228,22.6,-0.9856667518615723,1.2443208570280917
COHFACE_s22_session3_natural,15,229,22.633333333333333,-1.0632926225662231,1.101452624204398
COHFACE_s22_session3_natural,15,230,22.666666666666668,-1.1427053213119507,0.8359705127534542
COHFACE_s22_session3_natural,15,231,22.7,-1.226063847541809,0.48769345000549535
COHFACE_s22_session3_natural,15,232,22.733333333333334,-1.3249698877334595,0.10403061977130446
COHFACE_s22_session3_natural,15,233,22.766666666666666,-1.4443867206573486,-0.26486449799439754
COHFACE_s22_session3_natural,15,234,22.8,-1.4710396528244019,-0.5670639792922635
COHFACE_s22_session3_natural,15,235,22.833333333333332,-0.8588049411773682,-0.7519816500960351
COHFACE_s22_session3_natural,15,236,22.866666666666667,0.5746810436248779,-0.7802039871462301
COHFACE_s22_session3_natural,15,237,22.9,1.7325552701950073,-0.6379793360372007
COHFACE_s22_session3_natural,15,238,22.933333333333334,2.0483076572418213,-0.34831621165455773
COHFACE_s22_session3_natural,15,239,22.966666666666665,1.8976469039916992,0.02950666963640635
COHFACE_s22_session3_natural,16,0,16.0,0.9348672032356262,-0.07007912565481092
COHFACE_s22_session3_natural,16,1,16.033333333333335,1.88899827003479,0.08558622972963187
COHFACE_s22_session3_natural,16,2,16.066666666666666,2.0872695446014404,0.18907551034850037
COHFACE_s22_session3_natural,16,3,16.1,1.9114199876785278,0.20378201467574653
COHFACE_s22_session3_natural,16,4,16.133333333333333,1.684510588645935,0.12261647239439735
COHFACE_s22_session3_natural,16,5,16.166666666666668,1.4986352920532227,-0.035077209196145355
COHFACE_s22_session3_natural,16,6,16.2,1.3064441680908203,-0.23786614546058724
COHFACE_s22_session3_natural,16,7,16.233333333333334,1.0241817235946655,-0.458613146895517
COHFACE_s22_session3_natural,16,8,16.266666666666666,0.7834743857383728,-0.6822195543098284
COHFACE_s22_session3_natural,16,9,16.3,0.7052652835845947,-0.8995274060061245
COHFACE_s22_session3_natural,16,10,16.333333333333332,0.7193982601165771,-1.0917900276802055
COHFACE_s22_session3_natural,16,11,16.366666666666667,0.6853376626968384,-1.2179363181086769
COHFACE_s22_session3_natural,16,12,16.4,0.5363023281097412,-1.217314157779223
COHFACE_s22_session3_natural,16,13,16.433333333333334,0.3080652952194214,-1.0319532196728374
COHFACE_s22_session3_natural,16,14,16.466666666666665,0.05555775389075279,-0.6387392370081355
COHFACE_s22_session3_natural,16,15,16.5,-0.17089250683784485,-0.07312208543581358
COHFACE_s22_session3_natural,16,16,16.533333333333335,-0.35083669424057007,0.5706070680077848
COHFACE_s22_session3_natural,16,17,16.566666666666666,-0.49240222573280334,1.1646519307045928
COHFACE_s22_session3_natural,16,18,16.6,-0.6093622446060181,1.587258492959072
COHFACE_s22_session3_natural,16,19,16.633333333333333,-0.6929937601089478,1.75862693372696
COHFACE_s22_session3_natural,16,20,16.666666666666668,-0.7639440298080444,1.6591506985615063
COHFACE_s22_session3_natural,16,21,16.7,-0.833454966545105,1.32586184316336
COHFACE_s22_session3_natural,16,22,16.733333333333334,-0.904268741607666,0.832403948590695
COHFACE_s22_session3_natural,16,23,16.766666666666666,-0.9786436557769775,0.26322619717068335
COHFACE_s22_session3_natural,16,24,16.8,-1.0655509233474731,-0.30700679355166716
COHFACE_s22_session3_natural,16,25,16.833333333333332,-1.1518254280090332,-0.8222963962699612
COHFACE_s22_session3_natural,16,26,16.866666666666667,-1.2287936210632324,-1.2431371602048535
COHFACE_s22_session3_natural,16,27,16.9,-1.300103783607483,-1.5395281954725497
COHFACE_s22_session3_natural,16,28,16.933333333333334,-1.3755954504013062,-1.6862590973184666
COHFACE_s22_session3_natural,16,29,16.966666666666665,-1.4639793634414673,-1.664255418192521
COHFACE_s22_session3_natural,16,30,17.0,-1.5277328491210938,-1.4671183128584524
COHFACE_s22_session3_natural,16,31,17.033333333333335,-1.149753212928772,-1.1088132595881335
COHFACE_s22_session3_natural,16,32,17.066666666666666,0.16280211508274078,-0.6280631516355921
COHFACE_s22_session3_natural,16,33,17.1,1.5617684125900269,-0.08631732810026528
COHFACE_s22_session3_natural,16,34,17.133333333333333,2.1301398277282715,0.4420418364847397
COHFACE_s22_session3_natural,16,35,17.166666666666668,2.05706787109375,0.8856559163811445
COHFACE_s22_session3_natural,16,36,17.2,1.8045107126235962,1.1928223731845662
COHFACE_s22_session3_natural,16,37,17.233333333333334,1.5666571855545044,1.3419789434263492
COHFACE_s22_session3_natural,16,38,17.266666666666666,1.3737215995788574,1.3426772569785577
COHFACE_s22_session3_natural,16,39,17.3,1.126983880996704,1.22869898135453
COHFACE_s22_session3_natural,16,40,17.333333333333332,0.8408748507499695,1.0473076664066954
COHFACE_s22_session3_natural,16,41,17.366666666666667,0.6757460832595825,0.8478878992235689
COHFACE_s22_session3_natural,16,42,17.4,0.6662538051605225,0.6714748356192207
COHFACE_s22_session3_natural,16,43,17.433333333333334,0.6756095886230469,0.542147599223237
COHFACE_s22_session3_natural,16,44,17.466666666666665,0.5774852633476257,0.46244021465193685
COHFACE_s22_session3_natural,16,45,17.5,0.3738909959793091,0.415486472434954
COHFACE_s22_session3_natural,16,46,17.533333333333335,0.11601066589355469,0.3743676421129927
COHFACE_s22_session3_natural,16,47,17.566666666666666,-0.13265033066272736,0.3149725363793652
COHFACE_s22_session3_natural,16,48,17.6,-0.3426845073699951,0.22563869031533304
COHFACE_s22_session3_natural,16,49,17.633333333333333,-0.5088431239128113,0.10819419420292675
COHFACE_s22_session3_natural,16,50,17.666666666666668,-0.6361392140388489,-0.02905107646539959
COHFACE_s22_session3_natural,16,51,17.7,-0.7411004304885864,-0.18038386469028644
COHFACE_s22_session3_natural,16,52,17.733333333333334,-0.8188504576683044,-0.3476237230842062
COHFACE_s22_session3_natural,16,53,17.766666666666666,-0.8768713474273682,-0.5385196041354
COHFACE_s22_session3_natural,16,54,17.8,-0.9321004152297974,-0.7602331536746616
COHFACE_s22_session3_natural,16,55,17.833333333333332,-0.9977151155471802,-1.0114083221930188
COHFACE_s22_session3_natural,16,56,17.866666666666667,-1.0782073736190796,-1.275850145072551
COHFACE_s22_session3_natural,16,57,17.9,-1.1663554906845093,-1.5197367045651433
COHFACE_s22_session3_natural,16,58,17.933333333333334,-1.252530574798584,-1.6940346458597524
COHFACE_s22_session3_natural,16,59,17.966666666666665,-1.337365746498108,-1.7436148403530023
COHFACE_s22_session3_natural,16,60,18.0,-1.4285290241241455,-1.6229017404836485
COHFACE_s22_session3_natural,16,61,18.033333333333335,-1.537758708000183,-1.3142181227460092
COHFACE_s22_session3_natural,16,62,18.066666666666666,-1.616662621498108,-0.8409637441138819
COHFACE_s22_session3_natural,16,63,18.1,-1.278960108757019,-0.2674034022659813
COHFACE_s22_session3_natural,16,64,18.133333333333333,0.014002582058310509,0.31756917049033695
COHFACE_s22_session3_natural,16,65,18.166666666666668,1.4199050664901733,0.8267799016653498
COHFACE_s22_session3_natural,16,66,18.2,1.9795411825180054,1.1993674341063263
COHFACE_s22_session3_natural,16,67,18.233333333333334,1.8811439275741577,1.412688833412808
COHFACE_s22_session3_natural,16,68,18.266666666666666,1.5725263357162476,1.478405213697112
COHFACE_s22_session3_natural,16,69,18.3,1.257270336151123,1.4283494396490437
COHFACE_s22_session3_natural,16,70,18.333333333333332,0.9952332973480225,1.2992776136232413
COHFACE_s22_session3_natural,16,71,18.366666666666667,0.713690459728241,1.1231244096817996
COHFACE_s22_session3_natural,16,72,18.4,0.4654637575149536,0.9240419367409074
COHFACE_s22_session3_natural,16,73,18.433333333333334,0.3977644145488739,0.7193437260424923
COHFACE_s22_session3_natural,16,74,18.466666666666665,0.47061315178871155,0.5209158035617425
COHFACE_s22_session3_natural,16,75,18.5,0.5166476964950562,0.3356910563323696
COHFACE_s22_session3_natural,16,76,18.533333333333335,0.4249880909919739,0.16588133285477114
COHFACE_s22_session3_natural,16,77,18.566666666666666,0.20831552147865295,0.01019144930376118
COHFACE_s22_session3_natural,16,78,18.6,-0.05463976413011551,-0.13385867919020283
COHFACE_s22_session3_natural,16,79,18.633333333333333,-0.31168872117996216,-0.26758220616308426
COHFACE_s22_session3_natural,16,80,18.666666666666668,-0.5141662955284119,-0.3897402737587639
COHFACE_s22_session3_natural,16,81,18.7,-0.6648643016815186,-0.4961152064794553
COHFACE_s22_session3_natural,16,82,18.733333333333334,-0.773101270198822,-0.5793507974878794
COHFACE_s22_session3_natural,16,83,18.766666666666666,-0.8521417379379272,-0.6288923741978486
COHFACE_s22_session3_natural,16,84,18.8,-0.907755434513092,-0.6322123168667529
COHFACE_s22_session3_natural,16,85,18.833333333333332,-0.9518046975135803,-0.5786903653047936
COHFACE_s22_session3_natural,16,86,18.866666666666667,-1.0009536743164062,-0.4654172981431876
COHFACE_s22_session3_natural,16,87,18.9,-1.0557236671447754,-0.30173511224657174
COHFACE_s22_session3_natural,16,88,18.933333333333334,-1.1295154094696045,-0.10918252170220798
COHFACE_s22_session3_natural,16,89,18.966666666666665,-1.2279995679855347,0.08358326368774459
COHFACE_s22_session3_natural,16,90,19.0,-1.3583604097366333,0.2473425086990108
COHFACE_s22_session3_natural,16,91,19.033333333333335,-1.4879767894744873,0.356106774073811
COHFACE_s22_session3_natural,16,92,19.066666666666666,-1.3812659978866577,0.3881074948634575
COHFACE_s22_session3_natural,16,93,19.1,-0.4067482054233551,0.3278645082388609
COHFACE_s22_session3_natural,16,94,19.133333333333333,1.0553139448165894,0.17184791412064984
COHFACE_s22_session3_natural,16,95,19.166666666666668,1.8398617506027222,-0.06447436953246961
COHFACE_s22_session3_natural,16,96,19.2,1.8414747714996338,-0.3435888183657678
COHFACE_s22_session3_natural,16,97,19.233333333333334,1.5377460718154907,-0.6113197465883204
COHFACE_s22_session3_natural,16,98,19.266666666666666,1.19173002243042,-0.8104487740798905
COHFACE_s22_session3_natural,16,99,19.3,0.8870707154273987,-0.8971610045785987
COHFACE_s22_session3_natural,16,100,19.333333333333332,0.5759590864181519,-0.8527278616268121
COHFACE_s22_session3_natural,16,101,19.366666666666667,0.3117009103298187,-0.6855287678333295
COHFACE_s22_session3_natural,16,102,19.4,0.243902325630188,-0.42460157931911247
COHFACE_s22_session3_natural,16,103,19.433333333333334,0.35895147919654846,-0.11028381291741919
COHFACE_s22_session3_natural,16,104,19.466666666666665,0.4670892357826233,0.2134792384612874
COHFACE_s22_session3_natural,16,105,19.5,0.4111156761646271,0.5045964183754448
COHFACE_s22_session3_natural,16,106,19.533333333333335,0.20551125705242157,0.728032335015684
COHFACE_s22_session3_natural,16,107,19.566666666666666,-0.0534609816968441,0.8617044251476418
COHFACE_s22_session3_natural,16,108,19.6,-0.3070976734161377,0.9007487595898214
COHFACE_s22_session3_natural,16,109,19.633333333333333,-0.5150472521781921,0.8564029999049894
COHFACE_s22_session3_natural,16,110,19.666666666666668,-0.6754112839698792,0.7487630837737919
COHFACE_s22_session3_natural,16,111,19.7,-0.7907209992408752,0.5973570514653
COHFACE_s22_session3_natural,16,112,19.733333333333334,-0.8537920117378235,0.4154435944713826
COHFACE_s22_session3_natural,16,113,19.766666666666666,-0.8863140344619751,0.21151583971745314
COHFACE_s22_session3_natural,16,114,19.8,-0.9159448742866516,-0.0037108152240680993
COHFACE_s22_session3_natural,16,115,19.833333333333332,-0.9610487818717957,-0.21033194387858875
COHFACE_s22_session3_natural,16,116,19.866666666666667,-1.0484771728515625,-0.3772590998145568
COHFACE_s22_session3_natural,16,117,19.9,-1.1349005699157715,-0.466932146811596
COHFACE_s22_session3_natural,16,118,19.933333333333334,-0.8971588015556335,-0.44562494661489727
COHFACE_s22_session3_natural,16,119,19.966666666666665,0.1601095348596573,-0.2964526698461101
COHFACE_s22_session3_natural,16,120,20.0,1.420091152191162,-0.030981515577165837
COHFACE_s22_session3_natural,16,121,20.033333333333335,1.9766004085540771,0.3053689069587774
COHFACE_s22_session3_natural,16,122,20.066666666666666,1.8926711082458496,0.6384440270585354
COHFACE_s22_session3_natural,16,123,20.1,1.5946005582809448,0.882242610190109
COHFACE_s22_session3_natural,16,124,20.133333333333333,1.3129708766937256,0.9633379491832132
COHFACE_s22_session3_natural,16,125,20.166666666666668,1.0809741020202637,0.8439858830517232
COHFACE_s22_session3_natural,16,126,20.2,0.8069631457328796,0.5347255451033174
COHFACE_s22_session3_natural,16,127,20.233333333333334,0.5539096593856812,0.09143743252826404
COHFACE_s22_session3_natural,16,128,20.266666666666666,0.4683672785758972,-0.40168471470646766
COHFACE_s22_session3_natural,16,129,20.3,0.5250232815742493,-0.8560668507941946
COHFACE_s22_session3_natural,16,130,20.333333333333332,0.5672733187675476,-1.200197607890351
COHFACE_s22_session3_natural,16,131,20.366666666666667,0.4717671275138855,-1.39169365424379
COHFACE_s22_session3_natural,16,132,20.4,0.25596314668655396,-1.418900611477277
COHFACE_s22_session3_natural,16,133,20.433333333333334,0.0030709283892065287,-1.2957392861165413
COHFACE_s22_session3_natural,16,134,20.466666666666665,-0.23240011930465698,-1.0541130265235317
COHFACE_s22_session3_natural,16,135,20.5,-0.4258817136287689,-0.7360219073886844
COHFACE_s22_session3_natural,16,136,20.533333333333335,-0.575289249420166,-0.38583102061510877
COHFACE_s22_session3_natural,16,137,20.566666666666666,-0.6854619383811951,-0.043560248151187725
COHFACE_s22_session3_natural,16,138,20.6,-0.7524167895317078,0.2584190943508048
COHFACE_s22_session3_natural,16,139,20.633333333333333,-0.7894801497459412,0.493834275111846
COHFACE_s22_session3_natural,16,140,20.666666666666668,-0.8192226886749268,0.6391655704830791
COHFACE_s22_session3_natural,16,141,20.7,-0.8653193116188049,0.674344313334121
COHFACE_s22_session3_natural,16,142,20.733333333333334,-0.9619297981262207,0.5899681509132437
COHFACE_s22_session3_natural,16,143,20.766666666666666,-1.0408461093902588,0.3974252165289712
COHFACE_s22_session3_natural,16,144,20.8,-0.7393509149551392,0.1351928202088828
COHFACE_s22_session3_natural,16,145,20.833333333333332,0.37488365173339844,-0.13419317011111642
COHFACE_s22_session3_natural,16,146,20.866666666666667,1.5943275690078735,-0.33786191452398534
COHFACE_s22_session3_natural,16,147,20.9,2.1115400791168213,-0.4131792123469508
COHFACE_s22_session3_natural,16,148,20.933333333333334,2.062453031539917,-0.3273062195089156
COHFACE_s22_session3_natural,16,149,20.966666666666665,1.8476665019989014,-0.0876591626873552
COHFACE_s22_session3_natural,16,150,21.0,1.6328303813934326,0.26056570375715254
COHFACE_s22_session3_natural,16,151,21.033333333333335,1.4408625364303589,0.6478062681958628
COHFACE_s22_session3_natural,16,152,21.066666666666666,1.1873996257781982,0.9986766239034475
COHFACE_s22_session3_natural,16,153,21.1,0.914021372795105,1.2492575082307782
COHFACE_s22_session3_natural,16,154,21.133333333333333,0.7664130330085754,1.3586575219602628
COHFACE_s22_session3_natural,16,155,21.166666666666668,0.7519698739051819,1.3130126054471776
COHFACE_s22_session3_natural,16,156,21.2,0.7391025424003601,1.1222372534193321
COHFACE_s22_session3_natural,16,157,21.233333333333334,0.6172288656234741,0.8118077693437811
COHFACE_s22_session3_natural,16,158,21.266666666666666,0.39251574873924255,0.41380968886756053
COHFACE_s22_session3_natural,16,159,21.3,0.12973417341709137,-0.03819079809602818
COHFACE_s22_session3_natural,16,160,21.333333333333332,-0.12380325794219971,-0.5085024073804132
COHFACE_s22_session3_natural,16,161,21.366666666666667,-0.3386145830154419,-0.95541277209861
COHFACE_s22_session3_natural,16,162,21.4,-0.5017456412315369,-1.3299508226616308
COHFACE_s22_session3_natural,16,163,21.433333333333334,-0.6251206994056702,-1.5820354790526754
COHFACE_s22_session3_natural,16,164,21.466666666666665,-0.7124250531196594,-1.672722712444966
COHFACE_s22_session3_natural,16,165,21.5,-0.771513044834137,-1.5859322681311592
COHFACE_s22_session3_natural,16,166,21.533333333333335,-0.8264567255973816,-1.3334520929497855
COHFACE_s22_session3_natural,16,167,21.566666666666666,-0.8868227601051331,-0.9517129374436449
COHFACE_s22_session3_natural,16,168,21.6,-0.9452779293060303,-0.49325123464457177
COHFACE_s22_session3_natural,16,169,21.633333333333333,-1.008026361465454,-0.0169286751364688
COHFACE_s22_session3_natural,16,170,21.666666666666668,-1.086434006690979,0.42114547222190124
COHFACE_s22_session3_natural,16,171,21.7,-1.1917054653167725,0.7762013539201771
COHFACE_s22_session3_natural,16,172,21.733333333333334,-1.317611813545227,1.0224843112798814
COHFACE_s22_session3_natural,16,173,21.766666666666666,-1.29239821434021,1.1571721706916651
COHFACE_s22_session3_natural,16,174,21.8,-0.522479772567749,1.1966726583846374
COHFACE_s22_session3_natural,16,175,21.833333333333332,0.9336884021759033,1.164651402896991
COHFACE_s22_session3_natural,16,176,21.866666666666667,1.9423041343688965,1.0776930749410298
COHFACE_s22_session3_natural,16,177,21.9,2.155874490737915,0.9380078314703978
COHFACE_s22_session3_natural,16,178,21.933333333333334,2.0204758644104004,0.7382571623119187
COHFACE_s22_session3_natural,16,179,21.966666666666665,1.831213116645813,0.47473923468511586
COHFACE_s22_session3_natural,16,180,22.0,1.6596320867538452,0.15895362521940445
COHFACE_s22_session3_natural,16,181,22.033333333333335,1.4662374258041382,-0.18107761987040194
COHFACE_s22_session3_natural,16,182,22.066666666666666,1.1800415515899658,-0.5100504141296764
COHFACE_s22_session3_natural,16,183,22.1,0.9269383549690247,-0.7977737553581096
COHFACE_s22_session3_natural,16,184,22.133333333333333,0.8358743190765381,-1.0267574975138662
COHFACE_s22_session3_natural,16,185,22.166666666666668,0.8266053795814514,-1.191893753870128
COHFACE_s22_session3_natural,16,186,22.2,0.7685844898223877,-1.2941669507699578
COHFACE_s22_session3_natural,16,187,22.233333333333334,0.5979464650154114,-1.3328913505208198
COHFACE_s22_session3_natural,16,188,22.266666666666666,0.3462826609611511,-1.300824236338971
COHFACE_s22_session3_natural,16,189,22.3,0.07635395228862762,-1.184573983761876
COHFACE_s22_session3_natural,16,190,22.333333333333332,-0.17213332653045654,-0.9703074800148943
COHFACE_s22_session3_natural,16,191,22.366666666666667,-0.3774275481700897,-0.6527000457724429
COHFACE_s22_session3_natural,16,192,22.4,-0.5329399108886719,-0.24375436998209168
COHFACE_s22_session3_natural,16,193,22.433333333333334,-0.6473438739776611,0.2223081625141533
COHFACE_s22_session3_natural,16,194,22.466666666666665,-0.7276002764701843,0.6912077893307041
COHFACE_s22_session3_natural,16,195,22.5,-0.7906837463378906,1.0987593197188212
COHFACE_s22_session3_natural,16,196,22.533333333333335,-0.8524519205093384,1.3865480258876866
COHFACE_s22_session3_natural,16,197,22.566666666666666,-0.9168258309364319,1.5177107391690745
COHFACE_s22_session3_natural,16,198,22.6,-0.9856667518615723,1.4867212864321675
COHFACE_s22_session3_natural,16,199,22.633333333333333,-1.0632926225662231,1.31915987806723
COHFACE_s22_session3_natural,16,200,22.666666666666668,-1.1427053213119507,1.061542418656171
COHFACE_s22_session3_natural,16,201,22.7,-1.226063847541809,0.7658070542465729
COHFACE_s22_session3_natural,16,202,22.733333333333334,-1.3249698877334595,0.4757416041727591
COHFACE_s22_session3_natural,16,203,22.766666666666666,-1.4443867206573486,0.22104295659938286
COHFACE_s22_session3_natural,16,204,22.8,-1.4710396528244019,0.018982613989604318
COHFACE_s22_session3_natural,16,205,22.833333333333332,-0.8588049411773682,-0.12155478366382673
COHFACE_s22_session3_natural,16,206,22.866666666666667,0.5746810436248779,-0.19909464633253013
COHFACE_s22_session3_natural,16,207,22.9,1.7325552701950073,-0.22252328484113296
COHFACE_s22_session3_natural,16,208,22.933333333333334,2.0483076572418213,-0.21345052891760075
COHFACE_s22_session3_natural,16,209,22.966666666666665,1.8976469039916992,-0.20248369409431022
COHFACE_s22_session3_natural,16,210,23.0,1.6605627536773682,-0.21899268354807708
COHFACE_s22_session3_natural,16,211,23.033333333333335,1.451446771621704,-0.27982445004299594
COHFACE_s22_session3_natural,16,212,23.066666666666666,1.2352705001831055,-0.38332949034476854
COHFACE_s22_session3_natural,16,213,23.1,0.9435405731201172,-0.5113292937442057
COHFACE_s22_session3_natural,16,214,23.133333333333333,0.699011504650116,-0.6370153022255334
COHFACE_s22_session3_natural,16,215,23.166666666666668,0.6226760745048523,-0.7343548858723302
COHFACE_s22_session3_natural,16,216,23.2,0.647083044052124,-0.7853364916428501
COHFACE_s22_session3_natural,16,217,23.233333333333334,0.6098955869674683,-0.78342688068297
COHFACE_s22_session3_natural,16,218,23.266666666666666,0.44935786724090576,-0.7328731866081932
COHFACE_s22_session3_natural,16,219,23.3,0.20239679515361786,-0.6443213440417346
COHFACE_s22_session3_natural,16,220,23.333333333333332,-0.06691151112318039,-0.5285720785710835
COHFACE_s22_session3_natural,16,221,23.366666666666667,-0.3085990846157074,-0.39154433726307397
COHFACE_s22_session3_natural,16,222,23.4,-0.49482184648513794,-0.23339817243339656
COHFACE_s22_session3_natural,16,223,23.433333333333334,-0.6317715048789978,-0.0526203358344569
COHFACE_s22_session3_natural,16,224,23.466666666666665,-0.7261485457420349,0.14747765913230576
COHFACE_s22_session3_natural,16,225,23.5,-0.7986870408058167,0.35431898656531563
COHFACE_s22_session3_natural,16,226,23.533333333333335,-0.8492258191108704,0.5467016736361326
COHFACE_s22_session3_natural,16,227,23.566666666666666,-0.9026060104370117,0.6998058411785929
COHFACE_s22_session3_natural,16,228,23.6,-0.9598327875137329,0.7907478072244204
COHFACE_s22_session3_natural,16,229,23.633333333333333,-1.0234497785568237,0.801255684925519
COHFACE_s22_session3_natural,16,230,23.666666666666668,-1.0962364673614502,0.7181031397159559
COHFACE_s22_session3_natural,16,231,23.7,-1.1827342510223389,0.5355267259476603
COHFACE_s22_session3_natural,16,232,23.733333333333334,-1.2844693660736084,0.26274348649069185
COHFACE_s22_session3_natural,16,233,23.766666666666666,-1.4219650030136108,-0.06611155239090893
COHFACE_s22_session3_natural,16,234,23.8,-1.5057330131530762,-0.3884703926776985
COHFACE_s22_session3_natural,16,235,23.833333333333332,-1.0963605642318726,-0.624681900408875
COHFACE_s22_session3_natural,16,236,23.866666666666667,0.17270389199256897,-0.7033855757701591
COHFACE_s22_session3_natural,16,237,23.9,1.3892319202423096,-0.5896702590252051
COHFACE_s22_session3_natural,16,238,23.933333333333334,1.7719638347625732,-0.30215727056746916
COHFACE_s22_session3_natural,16,239,23.966666666666665,1.5834827423095703,0.08913640658776813
COHFACE_s22_session3_natural,17,0,17.0,-1.5277328491210938,0.060887379929723096
COHFACE_s22_session3_natural,17,1,17.033333333333335,-1.149753212928772,0.1100900137307337
COHFACE_s22_session3_natural,17,2,17.066666666666666,0.16280211508274078,0.1237927673781798
COHFACE_s22_session3_natural,17,3,17.1,1.5617684125900269,0.08152492548840991
COHFACE_s22_session3_natural,17,4,17.133333333333333,2.1301398277282715,-0.015174399703970361
COHFACE_s22_session3_natural,17,5,17.166666666666668,2.05706787109375,-0.14387121977353323
COHFACE_s22_session3_natural,17,6,17.2,1.8045107126235962,-0.27135202799863256
COHFACE_s22_session3_natural,17,7,17.233333333333334,1.5666571855545044,-0.36811341238256584
COHFACE_s22_session3_natural,17,8,17.266666666666666,1.3737215995788574,-0.42005519258587265
COHFACE_s22_session3_natural,17,9,17.3,1.126983880996704,-0.43140058567860684
COHFACE_s22_session3_natural,17,10,17.333333333333332,0.8408748507499695,-0.41776625687913066
COHFACE_s22_session3_natural,17,11,17.366666666666667,0.6757460832595825,-0.39411317222554965
COHFACE_s22_session3_natural,17,12,17.4,0.6662538051605225,-0.3653537089235368
COHFACE_s22_session3_natural,17,13,17.433333333333334,0.6756095886230469,-0.3253754280980985
COHFACE_s22_session3_natural,17,14,17.466666666666665,0.5774852633476257,-0.26409199030270564
COHFACE_s22_session3_natural,17,15,17.5,0.3738909959793091,-0.17668634502850214
COHFACE_s22_session3_natural,17,16,17.533333333333335,0.11601066589355469,-0.06873196322604802
COHFACE_s22_session3_natural,17,17,17.566666666666666,-0.13265033066272736,0.04521261266018755
COHFACE_s22_session3_natural,17,18,17.6,-0.3426845073699951,0.1471916855192757
COHFACE_s22_session3_natural,17,19,17.633333333333333,-0.5088431239128113,0.22125096132830624
COHFACE_s22_session3_natural,17,20,17.666666666666668,-0.6361392140388489,0.25613597616659467
COHFACE_s22_session3_natural,17,21,17.7,-0.7411004304885864,0.24587631623795367
COHFACE_s22_session3_natural,17,22,17.733333333333334,-0.8188504576683044,0.18998361564877875
COHFACE_s22_session3_natural,17,23,17.766666666666666,-0.8768713474273682,0.09387990137623137
COHFACE_s22_session3_natural,17,24,17.8,-0.9321004152297974,-0.03143379877376987
COHFACE_s22_session3_natural,17,25,17.833333333333332,-0.9977151155471802,-0.17143079023882768
COHFACE_s22_session3_natural,17,26,17.866666666666667,-1.0782073736190796,-0.31073517789189187
COHFACE_s22_session3_natural,17,27,17.9,-1.1663554906845093,-0.43391919524886813
COHFACE_s22_session3_natural,17,28,17.933333333333334,-1.252530574798584,-0.5235400364861205
COHFACE_s22_session3_natural,17,29,17.966666666666665,-1.337365746498108,-0.5579086330840827
COHFACE_s22_session3_natural,17,30,18.0,-1.4285290241241455,-0.5130434217900538
COHFACE_s22_session3_natural,17,31,18.033333333333335,-1.537758708000183,-0.37131160716985
COHFACE_s22_session3_natural,17,32,18.066666666666666,-1.616662621498108,-0.13377167058850803
COHFACE_s22_session3_natural,17,33,18.1,-1.278960108757019,0.17144953767274926
COHFACE_s22_session3_natural,17,34,18.133333333333333,0.014002582058310509,0.4919133520827214
COHFACE_s22_session3_natural,17,35,18.166666666666668,1.4199050664901733,0.7659162579018084
COHFACE_s22_session3_natural,17,36,18.2,1.9795411825180054,0.9430943921901692
COHFACE_s22_session3_natural,17,37,18.233333333333334,1.8811439275741577,1.0001173656249065
COHFACE_s22_session3_natural,17,38,18.266666666666666,1.5725263357162476,0.9446425137613249
COHFACE_s22_session3_natural,17,39,18.3,1.257270336151123,0.8079431776853618
COHFACE_s22_session3_natural,17,40,18.333333333333332,0.9952332973480225,0.6316733075129273
COHFACE_s22_session3_natural,17,41,18.366666666666667,0.713690459728241,0.4548991077093798
COHFACE_s22_session3_natural,17,42,18.4,0.4654637575149536,0.3050018743102713
COHFACE_s22_session3_natural,17,43,18.433333333333334,0.3977644145488739,0.19334170183904512
COHFACE_s22_session3_natural,17,44,18.466666666666665,0.47061315178871155,0.11570243704463705
COHFACE_s22_session3_natural,17,45,18.5,0.5166476964950562,0.05733151347238845
COHFACE_s22_session3_natural,17,46,18.533333333333335,0.4249880909919739,0.0010977100659902133
COHFACE_s22_session3_natural,17,47,18.566666666666666,0.20831552147865295,-0.0645107058193033
COHFACE_s22_session3_natural,17,48,18.6,-0.05463976413011551,-0.14137022123545104
COHFACE_s22_session3_natural,17,49,18.633333333333333,-0.31168872117996216,-0.22355932746256865
COHFACE_s22_session3_natural,17,50,18.666666666666668,-0.5141662955284119,-0.30307978713757894
COHFACE_s22_session3_natural,17,51,18.7,-0.6648643016815186,-0.3748502144822254
COHFACE_s22_session3_natural,17,52,18.733333333333334,-0.773101270198822,-0.4374104317842435
COHFACE_s22_session3_natural,17,53,18.766666666666666,-0.8521417379379272,-0.4895432246799356
COHFACE_s22_session3_natural,17,54,18.8,-0.907755434513092,-0.526490503490999
COHFACE_s22_session3_natural,17,55,18.833333333333332,-0.9518046975135803,-0.5397725607005062
COHFACE_s22_session3_natural,17,56,18.866666666666667,-1.0009536743164062,-0.5213384459813432
COHFACE_s22_session3_natural,17,57,18.9,-1.0557236671447754,-0.46905315942310793
COHFACE_s22_session3_natural,17,58,18.933333333333334,-1.1295154094696045,-0.3897202871553638
COHFACE_s22_session3_natural,17,59,18.966666666666665,-1.2279995679855347,-0.2979813833954922
COHFACE_s22_session3_natural,17,60,19.0,-1.3583604097366333,-0.21232250349709475
COHFACE_s22_session3_natural,17,61,19.033333333333335,-1.4879767894744873,-0.1505621308598293
COHFACE_s22_session3_natural,17,62,19.066666666666666,-1.3812659978866577,-0.1258873964481064
COHFACE_s22_session3_natural,17,63,19.1,-0.4067482054233551,-0.1431399181359312
COHFACE_s22_session3_natural,17,64,19.133333333333333,1.0553139448165894,-0.19578605164288349
COHFACE_s22_session3_natural,17,65,19.166666666666668,1.8398617506027222,-0.26556257492507823
COHFACE_s22_session3_natural,17,66,19.2,1.8414747714996338,-0.32676919485820405
COHFACE_s22_session3_natural,17,67,19.233333333333334,1.5377460718154907,-0.35488677291622284
COHFACE_s22_session3_natural,17,68,19.266666666666666,1.19173002243042,-0.33591654009945604
COHFACE_s22_session3_natural,17,69,19.3,0.8870707154273987,-0.27129202507905914
COHFACE_s22_session3_natural,17,70,19.333333333333332,0.5759590864181519,-0.17524766804863623
COHFACE_s22_session3_natural,17,71,19.366666666666667,0.3117009103298187,-0.06600944955645707
COHFACE_s22_session3_natural,17,72,19.4,0.243902325630188,0.043835733934486795
COHFACE_s22_session3_natural,17,73,19.433333333333334,0.35895147919654846,0.15184141890414085
COHFACE_s22_session3_natural,17,74,19.466666666666665,0.4670892357826233,0.2627213977039904
COHFACE_s22_session3_natural,17,75,19.5,0.4111156761646271,0.3806711499490795
COHFACE_s22_session3_natural,17,76,19.533333333333335,0.20551125705242157,0.5027342259061768
COHFACE_s22_session3_natural,17,77,19.566666666666666,-0.0534609816968441,0.6177555095996121
COHFACE_s22_session3_natural,17,78,19.6,-0.3070976734161377,0.7109851240588818
COHFACE_s22_session3_natural,17,79,19.633333333333333,-0.5150472521781921,0.7704760880985787
COHFACE_s22_session3_natural,17,80,19.666666666666668,-0.6754112839698792,0.7911803865612737
COHFACE_s22_session3_natural,17,81,19.7,-0.7907209992408752,0.7751670636247935
COHFACE_s22_session3_natural,17,82,19.733333333333334,-0.8537920117378235,0.7289626568502292
COHFACE_s22_session3_natural,17,83,19.766666666666666,-0.8863140344619751,0.6600869513586557
COHFACE_s22_session3_natural,17,84,19.8,-0.9159448742866516,0.5743798625886699
COHFACE_s22_session3_natural,17,85,19.833333333333332,-0.9610487818717957,0.47489222869844294
COHFACE_s22_session3_natural,17,86,19.866666666666667,-1.0484771728515625,0.36283359906527807
COHFACE_s22_session3_natural,17,87,19.9,-1.1349005699157715,0.24055350481448518
COHFACE_s22_session3_natural,17,88,19.933333333333334,-0.8971588015556335,0.1150754528762908
COHFACE_s22_session3_natural,17,89,19.966666666666665,0.1601095348596573,-0.0005900702488679634
COHFACE_s22_session3_natural,17,90,20.0,1.420091152191162,-0.09064986585629142
COHFACE_s22_session3_natural,17,91,20.033333333333335,1.9766004085540771,-0.14378750313087546
COHFACE_s22_session3_natural,17,92,20.066666666666666,1.8926711082458496,-0.1603925436284069
COHFACE_s22_session3_natural,17,93,20.1,1.5946005582809448,-0.15458219112110058
COHFACE_s22_session3_natural,17,94,20.133333333333333,1.3129708766937256,-0.1490755734531062
COHFACE_s22_session3_natural,17,95,20.166666666666668,1.0809741020202637,-0.16573497040084598
COHFACE_s22_session3_natural,17,96,20.2,0.8069631457328796,-0.21695665356354568
COHFACE_s22_session3_natural,17,97,20.233333333333334,0.5539096593856812,-0.30201857345909805
COHFACE_s22_session3_natural,17,98,20.266666666666666,0.4683672785758972,-0.409251357670856
COHFACE_s22_session3_natural,17,99,20.3,0.5250232815742493,-0.5217406310516173
COHFACE_s22_session3_natural,17,100,20.333333333333332,0.5672733187675476,-0.6230665149398121
COHFACE_s22_session3_natural,17,101,20.366666666666667,0.4717671275138855,-0.7006919174504698
COHFACE_s22_session3_natural,17,102,20.4,0.25596314668655396,-0.7468999970474048
COHFACE_s22_session3_natural,17,103,20.433333333333334,0.0030709283892065287,-0.7586261950661348
COHFACE_s22_session3_natural,17,104,20.466666666666665,-0.23240011930465698,-0.7370413978175675
COHFACE_s22_session3_natural,17,105,20.5,-0.4258817136287689,-0.6865944152663787
COHFACE_s22_session3_natural,17,106,20.533333333333335,-0.575289249420166,-0.6131337893453087
COHFACE_s22_session3_natural,17,107,20.566666666666666,-0.6854619383811951,-0.5217823293014161
COHFACE_s22_session3_natural,17,108,20.6,-0.7524167895317078,-0.416253669859924
COHFACE_s22_session3_natural,17,109,20.633333333333333,-0.7894801497459412,-0.30076592527991136
COHFACE_s22_session3_natural,17,110,20.666666666666668,-0.8192226886749268,-0.18336976707083294
COHFACE_s22_session3_natural,17,111,20.7,-0.8653193116188049,-0.07746566811874796
COHFACE_s22_session3_natural,17,112,20.733333333333334,-0.9619297981262207,0.0012391417683662153
COHFACE_s22_session3_natural,17,113,20.766666666666666,-1.0408461093902588,0.04207045779762611
COHFACE_s22_session3_natural,17,114,20.8,-0.7393509149551392,0.04712992695577547
COHFACE_s22_session3_natural,17,115,20.833333333333332,0.37488365173339844,0.03413878550321915
COHFACE_s22_session3_natural,17,116,20.866666666666667,1.5943275690078735,0.03144130803979586
COHFACE_s22_session3_natural,17,117,20.9,2.1115400791168213,0.06684112680921163
COHFACE_s22_session3_natural,17,118,20.933333333333334,2.062453031539917,0.15574632863410148
COHFACE_s22_session3_natural,17,119,20.966666666666665,1.8476665019989014,0.2945669928138451
COHFACE_s22_session3_natural,17,120,21.0,1.6328303813934326,0.4620898993288196
COHFACE_s22_session3_natural,17,121,21.033333333333335,1.4408625364303589,0.6273179250095953
COHFACE_s22_session3_natural,17,122,21.066666666666666,1.1873996257781982,0.7599096698220209
COHFACE_s22_session3_natural,17,123,21.1,0.914021372795105,0.8392350603704166
COHFACE_s22_session3_natural,17,124,21.133333333333333,0.7664130330085754,0.8591684714170503
COHFACE_s22_session3_natural,17,125,21.166666666666668,0.7519698739051819,0.8273844907299521
COHFACE_s22_session3_natural,17,126,21.2,0.7391025424003601,0.759777363215859
COHFACE_s22_session3_natural,17,127,21.233333333333334,0.6172288656234741,0.6725118951655348
COHFACE_s22_session3_natural,17,128,21.266666666666666,0.39251574873924255,0.5755621346078864
COHFACE_s22_session3_natural,17,129,21.3,0.12973417341709137,0.4711210613313929
COHFACE_s22_session3_natural,17,130,21.333333333333332,-0.12380325794219971,0.35749246256714384
COHFACE_s22_session3_natural,17,131,21.366666666666667,-0.3386145830154419,0.23563258958609845
COHFACE_s22_session3_natural,17,132,21.4,-0.5017456412315369,0.11372651158247585
COHFACE_s22_session3_natural,17,133,21.433333333333334,-0.6251206994056702,0.006398569168219643
COHFACE_s22_session3_natural,17,134,21.466666666666665,-0.7124250531196594,-0.07118083948627424
COHFACE_s22_session3_natural,17,135,21.5,-0.771513044834137,-0.11057174239119277
COHFACE_s22_session3_natural,17,136,21.533333333333335,-0.8264567255973816,-0.11427379271581188
COHFACE_s22_session3_natural,17,137,21.566666666666666,-0.8868227601051331,-0.09462146617887401
COHFACE_s22_session3_natural,17,138,21.6,-0.9452779293060303,-0.06854882053449159
COHFACE_s22_session3_natural,17,139,21.633333333333333,-1.008026361465454,-0.05153845792933717
COHFACE_s22_session3_natural,17,140,21.666666666666668,-1.086434006690979,-0.05353090253998656
COHFACE_s22_session3_natural,17,141,21.7,-1.1917054653167725,-0.07764799656318429
COHFACE_s22_session3_natural,17,142,21.733333333333334,-1.317611813545227,-0.12122408777780677
COHFACE_s22_session3_natural,17,143,21.766666666666666,-1.29239821434021,-0.17826139976756827
COHFACE_s22_session3_natural,17,144,21.8,-0.522479772567749,-0.24245812566559144
COHFACE_s22_session3_natural,17,145,21.833333333333332,0.9336884021759033,-0.30979185844390883
COHFACE_s22_session3_natural,17,146,21.866666666666667,1.9423041343688965,-0.37930838052450605
COHFACE_s22_session3_natural,17,147,21.9,2.155874490737915,-0.4512884217068517
COHFACE_s22_session3_natural,17,148,21.933333333333334,2.0204758644104004,-0.5237852948743073
COHFACE_s22_session3_natural,17,149,21.966666666666665,1.831213116645813,-0.5901504861311705
COHFACE_s22_session3_natural,17,150,22.0,1.6596320867538452,-0.6399193781206104
COHFACE_s22_session3_natural,17,151,22.033333333333335,1.4662374258041382,-0.6633400313945859
COHFACE_s22_session3_natural,17,152,22.066666666666666,1.1800415515899658,-0.6572182833419038
COHFACE_s22_session3_natural,17,153,22.1,0.9269383549690247,-0.6283588808940541
COHFACE_s22_session3_natural,17,154,22.133333333333333,0.8358743190765381,-0.5917851806073158
COHFACE_s22_session3_natural,17,155,22.166666666666668,0.8266053795814514,-0.5636861198515144
COHFACE_s22_session3_natural,17,156,22.2,0.7685844898223877,-0.552166413458867
COHFACE_s22_session3_natural,17,157,22.233333333333334,0.5979464650154114,-0.5505990632983548
COHFACE_s22_session3_natural,17,158,22.266666666666666,0.3462826609611511,-0.5375473066726753
COHFACE_s22_session3_natural,17,159,22.3,0.07635395228862762,-0.4840102829164548
COHFACE_s22_session3_natural,17,160,22.333333333333332,-0.17213332653045654,-0.3647893081634558
COHFACE_s22_session3_natural,17,161,22.366666666666667,-0.3774275481700897,-0.16879339802898394
COHFACE_s22_session3_natural,17,162,22.4,-0.5329399108886719,0.09551238231542936
COHFACE_s22_session3_natural,17,163,22.433333333333334,-0.6473438739776611,0.40045601298147826
COHFACE_s22_session3_natural,17,164,22.466666666666665,-0.7276002764701843,0.7044455548028206
COHFACE_s22_session3_natural,17,165,22.5,-0.7906837463378906,0.9609470772550096
COHFACE_s22_session3_natural,17,166,22.533333333333335,-0.8524519205093384,1.1297932127271941
COHFACE_s22_session3_natural,17,167,22.566666666666666,-0.9168258309364319,1.1883119082089337
COHFACE_s22_session3_natural,17,168,22.6,-0.9856667518615723,1.1378984669900443
COHFACE_s22_session3_natural,17,169,22.633333333333333,-1.0632926225662231,1.0020626147860707
COHFACE_s22_session3_natural,17,170,22.666666666666668,-1.1427053213119507,0.8163132087403512
COHFACE_s22_session3_natural,17,171,22.7,-1.226063847541809,0.6152406922456402
COHFACE_s22_session3_natural,17,172,22.733333333333334,-1.3249698877334595,0.42355166250485143
COHFACE_s22_session3_natural,17,173,22.766666666666666,-1.4443867206573486,0.2546761817321642
COHFACE_s22_session3_natural,17,174,22.8,-1.4710396528244019,0.11517145220338382
COHFACE_s22_session3_natural,17,175,22.833333333333332,-0.8588049411773682,0.009591568102232486
COHFACE_s22_session3_natural,17,176,22.866666666666667,0.5746810436248779,-0.05850270629494461
COHFACE_s22_session3_natural,17,177,22.9,1.7325552701950073,-0.08952604410512933
COHFACE_s22_session3_natural,17,178,22.933333333333334,2.0483076572418213,-0.09117168955198511
COHFACE_s22_session3_natural,17,179,22.966666666666665,1.8976469039916992,-0.07805198775508164
COHFACE_s22_session3_natural,17,180,23.0,1.6605627536773682,-0.06714285061750741
COHFACE_s22_session3_natural,17,181,23.033333333333335,1.451446771621704,-0.07193818028150725
COHFACE_s22_session3_natural,17,182,23.066666666666666,1.2352705001831055,-0.09830756501845615
COHFACE_s22_session3_natural,17,183,23.1,0.9435405731201172,-0.14312533552377646
COHFACE_s22_session3_natural,17,184,23.133333333333333,0.699011504650116,-0.19552300243383458
COHFACE_s22_session3_natural,17,185,23.166666666666668,0.6226760745048523,-0.24040379066480635
COHFACE_s22_session3_natural,17,186,23.2,0.647083044052124,-0.2636640649530521
COHFACE_s22_session3_natural,17,187,23.233333333333334,0.6098955869674683,-0.2578558035073465
COHFACE_s22_session3_natural,17,188,23.266666666666666,0.44935786724090576,-0.22607272190624897
COHFACE_s22_session3_natural,17,189,23.3,0.20239679515361786,-0.18172205845716735
COHFACE_s22_session3_natural,17,190,23.333333333333332,-0.06691151112318039,-0.14336403812176557
COHFACE_s22_session3_natural,17,191,23.366666666666667,-0.3085990846157074,-0.12649341021294921
COHFACE_s22_session3_natural,17,192,23.4,-0.49482184648513794,-0.1364262462033367
COHFACE_s22_session3_natural,17,193,23.433333333333334,-0.6317715048789978,-0.16628974691568502
COHFACE_s22_session3_natural,17,194,23.466666666666665,-0.7261485457420349,-0.20096248002286285
COHFACE_s22_session3_natural,17,195,23.5,-0.7986870408058167,-0.22412793390589805
COHFACE_s22_session3_natural,17,196,23.533333333333335,-0.8492258191108704,-0.22428029924877874
COHFACE_s22_session3_natural,17,197,23.566666666666666,-0.9026060104370117,-0.19718323097269871
COHFACE_s22_session3_natural,17,198,23.6,-0.9598327875137329,-0.14537779800684228
COHFACE_s22_session3_natural,17,199,23.633333333333333,-1.0234497785568237,-0.07705453922534686
COHFACE_s22_session3_natural,17,200,23.666666666666668,-1.0962364673614502,-0.005436454845845856
COHFACE_s22_session3_natural,17,201,23.7,-1.1827342510223389,0.05243195883621116
COHFACE_s22_session3_natural,17,202,23.733333333333334,-1.2844693660736084,0.07923092981942094
COHFACE_s22_session3_natural,17,203,23.766666666666666,-1.4219650030136108,0.06319009192892466
COHFACE_s22_session3_natural,17,204,23.8,-1.5057330131530762,0.003358123814032851
COHFACE_s22_session3_natural,17,205,23.833333333333332,-1.0963605642318726,-0.08909355705341779
COHFACE_s22_session3_natural,17,206,23.866666666666667,0.17270389199256897,-0.19398578108377051
COHFACE_s22_session3_natural,17,207,23.9,1.3892319202423096,-0.28695751760248567
COHFACE_s22_session3_natural,17,208,23.933333333333334,1.7719638347625732,-0.34345721437569693
COHFACE_s22_session3_natural,17,209,23.966666666666665,1.5834827423095703,-0.3420001262168021
COHFACE_s22_session3_natural,17,210,24.0,1.2600250244140625,-0.26875436045338574
COHFACE_s22_session3_natural,17,211,24.033333333333335,0.9648703336715698,-0.12430282407028254
COHFACE_s22_session3_natural,17,212,24.066666666666666,0.6825333833694458,0.07059084364211742
COHFACE_s22_session3_natural,17,213,24.1,0.3829738199710846,0.27595540728228174
COHFACE_s22_session3_natural,17,214,24.133333333333333,0.21820488572120667,0.4435207674152883
COHFACE_s22_session3_natural,17,215,24.166666666666668,0.2668699622154236,0.5343215850657573
COHFACE_s22_session3_natural,17,216,24.2,0.4008416533470154,0.5340293064892504
COHFACE_s22_session3_natural,17,217,24.233333333333334,0.4235735535621643,0.45711231606760344
COHFACE_s22_session3_natural,17,218,24.266666666666666,0.27603965997695923,0.3379048695188358
COHFACE_s22_session3_natural,17,219,24.3,0.0348484143614769,0.2147484680596803
COHFACE_s22_session3_natural,17,220,24.333333333333332,-0.22058747708797455,0.11609071448152582
COHFACE_s22_session3_natural,17,221,24.366666666666667,-0.4362798035144806,0.054178240261705035
COHFACE_s22_session3_natural,17,222,24.4,-0.6031457185745239,0.026314859211696386
COHFACE_s22_session3_natural,17,223,24.433333333333334,-0.7284192442893982,0.0200438873710826
COHFACE_s22_session3_natural,17,224,24.466666666666665,-0.809072732925415,0.019149272706684945
COHFACE_s22_session3_natural,17,225,24.5,-0.84633469581604,0.009529351245714756
COHFACE_s22_session3_natural,17,226,24.533333333333335,-0.8613610863685608,-0.015500653547350187
COHFACE_s22_session3_natural,17,227,24.566666666666666,-0.8791172504425049,-0.05202947214099882
COHFACE_s22_session3_natural,17,228,24.6,-0.9182155728340149,-0.08675832391093297
COHFACE_s22_session3_natural,17,229,24.633333333333333,-1.0065374374389648,-0.10345404856638726
COHFACE_s22_session3_natural,17,230,24.666666666666668,-1.131227731704712,-0.09208659292936053
COHFACE_s22_session3_natural,17,231,24.7,-1.1936038732528687,-0.05541567218861128
COHFACE_s22_session3_natural,17,232,24.733333333333334,-0.7457535266876221,-0.008568970927433686
COHFACE_s22_session3_natural,17,233,24.766666666666666,0.45779547095298767,0.028696946841427706
COHFACE_s22_session3_natural,17,234,24.8,1.5050379037857056,0.042407634797256795
COHFACE_s22_session3_natural,17,235,24.833333333333332,1.7794957160949707,0.030842974770982256
COHFACE_s22_session3_natural,17,236,24.866666666666667,1.571260690689087,0.0033589581565420376
COHFACE_s22_session3_natural,17,237,24.9,1.252952218055725,-0.02689199469617717
COHFACE_s22_session3_natural,17,238,24.933333333333334,0.9676745533943176,-0.05115916136184778
COHFACE_s22_session3_natural,17,239,24.966666666666665,0.6821983456611633,-0.06907327142151312
COHFACE_s22_session3_natural,18,0,18.0,-1.4285290241241455,-0.09322065907470789
COHFACE_s22_session3_natural,18,1,18.033333333333335,-1.537758708000183,0.002855299722454092
COHFACE_s22_session3_natural,18,2,18.066666666666666,-1.616662621498108,0.10204069034690422
COHFACE_s22_session3_natural,18,3,18.1,-1.278960108757019,0.20115053178306921
COHFACE_s22_session3_natural,18,4,18.133333333333333,0.014002582058310509,0.29183121154738473
COHFACE_s22_session3_natural,18,5,18.166666666666668,1.4199050664901733,0.3625226876644792
COHFACE_s22_session3_natural,18,6,18.2,1.9795411825180054,0.4027715437041212
COHFACE_s22_session3_natural,18,7,18.233333333333334,1.8811439275741577,0.4073890345190754
COHFACE_s22_session3_natural,18,8,18.266666666666666,1.5725263357162476,0.37804057406558383
COHFACE_s22_session3_natural,18,9,18.3,1.257270336151123,0.32169529417793263
COHFACE_s22_session3_natural,18,10,18.333333333333332,0.9952332973480225,0.24786530500581871
COHFACE_s22_session3_natural,18,11,18.366666666666667,0.713690459728241,0.16725059332066
COHFACE_s22_session3_natural,18,12,18.4,0.4654637575149536,0.09219964201133968
COHFACE_s22_session3_natural,18,13,18.433333333333334,0.3977644145488739,0.036850504621298415
COHFACE_s22_session3_natural,18,14,18.466666666666665,0.47061315178871155,0.014796242639245871
COHFACE_s22_session3_natural,18,15,18.5,0.5166476964950562,0.03435111221553398
COHFACE_s22_session3_natural,18,16,18.533333333333335,0.4249880909919739,0.09385304313805287
COHFACE_s22_session3_natural,18,17,18.566666666666666,0.20831552147865295,0.17996413291125155
COHFACE_s22_session3_natural,18,18,18.6,-0.05463976413011551,0.27018031847070395
COHFACE_s22_session3_natural,18,19,18.633333333333333,-0.31168872117996216,0.3385519181237128
COHFACE_s22_session3_natural,18,20,18.666666666666668,-0.5141662955284119,0.36274216069375154
COHFACE_s22_session3_natural,18,21,18.7,-0.6648643016815186,0.33056063550011505
COHFACE_s22_session3_natural,18,22,18.733333333333334,-0.773101270198822,0.24401320123965392
COHFACE_s22_session3_natural,18,23,18.766666666666666,-0.8521417379379272,0.11907085471079953
COHFACE_s22_session3_natural,18,24,18.8,-0.907755434513092,-0.019471226380931357
COHFACE_s22_session3_natural,18,25,18.833333333333332,-0.9518046975135803,-0.14655992824404226
COHFACE_s22_session3_natural,18,26,18.866666666666667,-1.0009536743164062,-0.24530522161944004
COHFACE_s22_session3_natural,18,27,18.9,-1.0557236671447754,-0.311220111776445
COHFACE_s22_session3_natural,18,28,18.933333333333334,-1.1295154094696045,-0.35028458943673635
COHFACE_s22_session3_natural,18,29,18.966666666666665,-1.2279995679855347,-0.37242567662763465
COHFACE_s22_session3_natural,18,30,19.0,-1.3583604097366333,-0.38492250959488217
COHFACE_s22_session3_natural,18,31,19.033333333333335,-1.4879767894744873,-0.39010606617868326
COHFACE_s22_session3_natural,18,32,19.066666666666666,-1.3812659978866577,-0.3880980079026355
COHFACE_s22_session3_natural,18,33,19.1,-0.4067482054233551,-0.38117336534945684
COHFACE_s22_session3_natural,18,34,19.133333333333333,1.0553139448165894,-0.37512044675056677
COHFACE_s22_session3_natural,18,35,19.166666666666668,1.8398617506027222,-0.3756512175718199
COHFACE_s22_session3_natural,18,36,19.2,1.8414747714996338,-0.3825645335270852
COHFACE_s22_session3_natural,18,37,19.233333333333334,1.5377460718154907,-0.3869689427949674
COHFACE_s22_session3_natural,18,38,19.266666666666666,1.19173002243042,-0.374799049573685
COHFACE_s22_session3_natural,18,39,19.3,0.8870707154273987,-0.33482373840369145
COHFACE_s22_session3_natural,18,40,19.333333333333332,0.5759590864181519,-0.26540915132761406
COHFACE_s22_session3_natural,18,41,19.366666666666667,0.3117009103298187,-0.17495368155416485
COHFACE_s22_session3_natural,18,42,19.4,0.243902325630188,-0.07617676040379102
COHFACE_s22_session3_natural,18,43,19.433333333333334,0.35895147919654846,0.02068654761380545
COHFACE_s22_session3_natural,18,44,19.466666666666665,0.4670892357826233,0.11084946996691614
COHFACE_s22_session3_natural,18,45,19.5,0.4111156761646271,0.1931837050391008
COHFACE_s22_session3_natural,18,46,19.533333333333335,0.20551125705242157,0.2666589105496667
COHFACE_s22_session3_natural,18,47,19.566666666666666,-0.0534609816968441,0.3286289514849829
COHFACE_s22_session3_natural,18,48,19.6,-0.3070976734161377,0.37572920897142886
COHFACE_s22_session3_natural,18,49,19.633333333333333,-0.5150472521781921,0.405300561857038
COHFACE_s22_session3_natural,18,50,19.666666666666668,-0.6754112839698792,0.41553666386209737
COHFACE_s22_session3_natural,18,51,19.7,-0.7907209992408752,0.40483237011703077
COHFACE_s22_session3_natural,18,52,19.733333333333334,-0.8537920117378235,0.37218891902776857
COHFACE_s22_session3_natural,18,53,19.766666666666666,-0.8863140344619751,0.3195345898203318
COHFACE_s22_session3_natural,18,54,19.8,-0.9159448742866516,0.25427204100063855
COHFACE_s22_session3_natural,18,55,19.833333333333332,-0.9610487818717957,0.18928320184136568
COHFACE_s22_session3_natural,18,56,19.866666666666667,-1.0484771728515625,0.13975030124612717
COHFACE_s22_session3_natural,18,57,19.9,-1.1349005699157715,0.11899861159942306
COHFACE_s22_session3_natural,18,58,19.933333333333334,-0.8971588015556335,0.13590843797936342
COHFACE_s22_session3_natural,18,59,19.966666666666665,0.1601095348596573,0.19412838261550414
COHFACE_s22_session3_natural,18,60,20.0,1.420091152191162,0.2907680850863115
COHFACE_s22_session3_natural,18,61,20.033333333333335,1.9766004085540771,0.4128695634059751
COHFACE_s22_session3_natural,18,62,20.066666666666666,1.8926711082458496,0.5342655495578016
COHFACE_s22_session3_natural,18,63,20.1,1.5946005582809448,0.6183516856720869
COHFACE_s22_session3_natural,18,64,20.133333333333333,1.3129708766937256,0.6293132238417576
COHFACE_s22_session3_natural,18,65,20.166666666666668,1.0809741020202637,0.5475204877271524
COHFACE_s22_session3_natural,18,66,20.2,0.8069631457328796,0.37979769977839806
COHFACE_s22_session3_natural,18,67,20.233333333333334,0.5539096593856812,0.15684133701534259
COHFACE_s22_session3_natural,18,68,20.266666666666666,0.4683672785758972,-0.08160491496444335
COHFACE_s22_session3_natural,18,69,20.3,0.5250232815742493,-0.30451355800653146
COHFACE_s22_session3_natural,18,70,20.333333333333332,0.5672733187675476,-0.49897734409331257
COHFACE_s22_session3_natural,18,71,20.366666666666667,0.4717671275138855,-0.6662056459289927
COHFACE_s22_session3_natural,18,72,20.4,0.25596314668655396,-0.8091889519053002
COHFACE_s22_session3_natural,18,73,20.433333333333334,0.0030709283892065287,-0.9226958380944374
COHFACE_s22_session3_natural,18,74,20.466666666666665,-0.23240011930465698,-0.9924641534728439
COHFACE_s22_session3_natural,18,75,20.5,-0.4258817136287689,-1.0021571915339609
COHFACE_s22_session3_natural,18,76,20.533333333333335,-0.575289249420166,-0.941701688792214
COHFACE_s22_session3_natural,18,77,20.566666666666666,-0.6854619383811951,-0.8118637554108515
COHFACE_s22_session3_natural,18,78,20.6,-0.7524167895317078,-0.6249253536083164
COHFACE_s22_session3_natural,18,79,20.633333333333333,-0.7894801497459412,-0.40420968055233775
COHFACE_s22_session3_natural,18,80,20.666666666666668,-0.8192226886749268,-0.18278909490894663
COHFACE_s22_session3_natural,18,81,20.7,-0.8653193116188049,0.0015253083286034044
COHFACE_s22_session3_natural,18,82,20.733333333333334,-0.9619297981262207,0.1165595996094
COHFACE_s22_session3_natural,18,83,20.766666666666666,-1.0408461093902588,0.14847264435847662
COHFACE_s22_session3_natural,18,84,20.8,-0.7393509149551392,0.11002342589655226
COHFACE_s22_session3_natural,18,85,20.833333333333332,0.37488365173339844,0.0383516856105649
COHFACE_s22_session3_natural,18,86,20.866666666666667,1.5943275690078735,-0.018389800307312652
COHFACE_s22_session3_natural,18,87,20.9,2.1115400791168213,-0.01978626768294548
COHFACE_s22_session3_natural,18,88,20.933333333333334,2.062453031539917,0.051494253683445755
COHFACE_s22_session3_natural,18,89,20.966666666666665,1.8476665019989014,0.18451603479195305
COHFACE_s22_session3_natural,18,90,21.0,1.6328303813934326,0.3461715936370763
COHFACE_s22_session3_natural,18,91,21.033333333333335,1.4408625364303589,0.49429293420988585
COHFACE_s22_session3_natural,18,92,21.066666666666666,1.1873996257781982,0.5916121218468439
COHFACE_s22_session3_natural,18,93,21.1,0.914021372795105,0.6159467797093844
COHFACE_s22_session3_natural,18,94,21.133333333333333,0.7664130330085754,0.5648274984277523
COHFACE_s22_session3_natural,18,95,21.166666666666668,0.7519698739051819,0.45460007851181
COHFACE_s22_session3_natural,18,96,21.2,0.7391025424003601,0.31424418429873363
COHFACE_s22_session3_natural,18,97,21.233333333333334,0.6172288656234741,0.17501121825502683
COHFACE_s22_session3_natural,18,98,21.266666666666666,0.39251574873924255,0.059777605763990556
COHFACE_s22_session3_natural,18,99,21.3,0.12973417341709137,-0.022334257935176426
COHFACE_s22_session3_natural,18,100,21.333333333333332,-0.12380325794219971,-0.07309086685614936
COHFACE_s22_session3_natural,18,101,21.366666666666667,-0.3386145830154419,-0.09651540046633464
COHFACE_s22_session3_natural,18,102,21.4,-0.5017456412315369,-0.09128641200670946
COHFACE_s22_session3_natural,18,103,21.433333333333334,-0.6251206994056702,-0.05037448627774929
COHFACE_s22_session3_natural,18,104,21.466666666666665,-0.7124250531196594,0.0317576415327694
COHFACE_s22_session3_natural,18,105,21.5,-0.771513044834137,0.15031545183968548
COHFACE_s22_session3_natural,18,106,21.533333333333335,-0.8264567255973816,0.2868995391909837
COHFACE_s22_session3_natural,18,107,21.566666666666666,-0.8868227601051331,0.41464116025612774
COHFACE_s22_session3_natural,18,108,21.6,-0.9452779293060303,0.5080822774238667
COHFACE_s22_session3_natural,18,109,21.633333333333333,-1.008026361465454,0.5510962042299404
COHFACE_s22_session3_natural,18,110,21.666666666666668,-1.086434006690979,0.5392075278016426
COHFACE_s22_session3_natural,18,111,21.7,-1.1917054653167725,0.47762102253052696
COHFACE_s22_session3_natural,18,112,21.733333333333334,-1.317611813545227,0.3779472702931316
COHFACE_s22_session3_natural,18,113,21.766666666666666,-1.29239821434021,0.2551008679792486
COHFACE_s22_session3_natural,18,114,21.8,-0.522479772567749,0.12402806948000374
COHFACE_s22_session3_natural,18,115,21.833333333333332,0.9336884021759033,-0.004110840951399977
COHFACE_s22_session3_natural,18,116,21.866666666666667,1.9423041343688965,-0.12496250509291101
COHFACE_s22_session3_natural,18,117,21.9,2.155874490737915,-0.240970916378375
COHFACE_s22_session3_natural,18,118,21.933333333333334,2.0204758644104004,-0.3578772291077451
COHFACE_s22_session3_natural,18,119,21.966666666666665,1.831213116645813,-0.47984821172580217
COHFACE_s22_session3_natural,18,120,22.0,1.6596320867538452,-0.6060732865826659
COHFACE_s22_session3_natural,18,121,22.033333333333335,1.4662374258041382,-0.7303018662683812
COHFACE_s22_session3_natural,18,122,22.066666666666666,1.1800415515899658,-0.8427489230974089
COHFACE_s22_session3_natural,18,123,22.1,0.9269383549690247,-0.9327011586713712
COHFACE_s22_session3_natural,18,124,22.133333333333333,0.8358743190765381,-0.9906359194083864
COHFACE_s22_session3_natural,18,125,22.166666666666668,0.8266053795814514,-1.0095721860885734
COHFACE_s22_session3_natural,18,126,22.2,0.7685844898223877,-0.9855352062982387
COHFACE_s22_session3_natural,18,127,22.233333333333334,0.5979464650154114,-0.9169509421151213
COHFACE_s22_session3_natural,18,128,22.266666666666666,0.3462826609611511,-0.8032821741840448
COHFACE_s22_session3_natural,18,129,22.3,0.07635395228862762,-0.6437955212486003
COHFACE_s22_session3_natural,18,130,22.333333333333332,-0.17213332653045654,-0.4373196962481039
COHFACE_s22_session3_natural,18,131,22.366666666666667,-0.3774275481700897,-0.1834858286932032
COHFACE_s22_session3_natural,18,132,22.4,-0.5329399108886719,0.11436772160000812
COHFACE_s22_session3_natural,18,133,22.433333333333334,-0.6473438739776611,0.4450050155993597
COHFACE_s22_session3_natural,18,134,22.466666666666665,-0.7276002764701843,0.7853110761512918
COHFACE_s22_session3_natural,18,135,22.5,-0.7906837463378906,1.0992232139713283
COHFACE_s22_session3_natural,18,136,22.533333333333335,-0.8524519205093384,1.3424218668411587
COHFACE_s22_session3_natural,18,137,22.566666666666666,-0.9168258309364319,1.4732720769498184
COHFACE_s22_session3_natural,18,138,22.6,-0.9856667518615723,1.4660971071646494
COHFACE_s22_session3_natural,18,139,22.633333333333333,-1.0632926225662231,1.3201447569337985
COHFACE_s22_session3_natural,18,140,22.666666666666668,-1.1427053213119507,1.0595947858199803
COHFACE_s22_session3_natural,18,141,22.7,-1.226063847541809,0.7251185641512624
COHFACE_s22_session3_natural,18,142,22.733333333333334,-1.3249698877334595,0.3620084607171875
COHFACE_s22_session3_natural,18,143,22.766666666666666,-1.4443867206573486,0.0107415142122618
COHFACE_s22_session3_natural,18,144,22.8,-1.4710396528244019,-0.29730897170999004
COHFACE_s22_session3_natural,18,145,22.833333333333332,-0.8588049411773682,-0.5402990096673045
COHFACE_s22_session3_natural,18,146,22.866666666666667,0.5746810436248779,-0.7052527536415119
COHFACE_s22_session3_natural,18,147,22.9,1.7325552701950073,-0.7878034014173286
COHFACE_s22_session3_natural,18,148,22.933333333333334,2.0483076572418213,-0.7917241462976297
COHFACE_s22_session3_natural,18,149,22.966666666666665,1.8976469039916992,-0.7271845523302127
COHFACE_s22_session3_natural,18,150,23.0,1.6605627536773682,-0.6084352369729351
COHFACE_s22_session3_natural,18,151,23.033333333333335,1.451446771621704,-0.4527349051671676
COHFACE_s22_session3_natural,18,152,23.066666666666666,1.2352705001831055,-0.2805696908801338
COHFACE_s22_session3_natural,18,153,23.1,0.9435405731201172,-0.1148426430563498
COHFACE_s22_session3_natural,18,154,23.133333333333333,0.699011504650116,0.023095761793996486
COHFACE_s22_session3_natural,18,155,23.166666666666668,0.6226760745048523,0.11986447860144143
COHFACE_s22_session3_natural,18,156,23.2,0.647083044052124,0.1750596525869487
COHFACE_s22_session3_natural,18,157,23.233333333333334,0.6098955869674683,0.20064793587470744
COHFACE_s22_session3_natural,18,158,23.266666666666666,0.44935786724090576,0.21409166800824586
COHFACE_s22_session3_natural,18,159,23.3,0.20239679515361786,0.22911294205835736
COHFACE_s22_session3_natural,18,160,23.333333333333332,-0.06691151112318039,0.2497532161622143
COHFACE_s22_session3_natural,18,161,23.366666666666667,-0.3085990846157074,0.2710278820655045
COHFACE_s22_session3_natural,18,162,23.4,-0.49482184648513794,0.28465839519217595
COHFACE_s22_session3_natural,18,163,23.433333333333334,-0.6317715048789978,0.284986842393175
COHFACE_s22_session3_natural,18,164,23.466666666666665,-0.7261485457420349,0.27105977904701717
COHFACE_s22_session3_natural,18,165,23.5,-0.7986870408058167,0.2448396910067541
COHFACE_s22_session3_natural,18,166,23.533333333333335,-0.8492258191108704,0.20898531789584548
COHFACE_s22_session3_natural,18,167,23.566666666666666,-0.9026060104370117,0.16717260307771092
COHFACE_s22_session3_natural,18,168,23.6,-0.9598327875137329,0.1255601831670814
COHFACE_s22_session3_natural,18,169,23.633333333333333,-1.0234497785568237,0.09126963452599678
COHFACE_s22_session3_natural,18,170,23.666666666666668,-1.0962364673614502,0.06678305868032569
COHFACE_s22_session3_natural,18,171,23.7,-1.1827342510223389,0.04437909683790316
COHFACE_s22_session3_natural,18,172,23.733333333333334,-1.2844693660736084,0.006302239405004988
COHFACE_s22_session3_natural,18,173,23.766666666666666,-1.4219650030136108,-0.06736812988250604
COHFACE_s22_session3_natural,18,174,23.8,-1.5057330131530762,-0.18739276064064003
COHFACE_s22_session3_natural,18,175,23.833333333333332,-1.0963605642318726,-0.3477271282225099
COHFACE_s22_session3_natural,18,176,23.866666666666667,0.17270389199256897,-0.5252604363643699
COHFACE_s22_session3_natural,18,177,23.9,1.3892319202423096,-0.6853397354820046
COHFACE_s22_session3_natural,18,178,23.933333333333334,1.7719638347625732,-0.7897390958153979
COHFACE_s22_session3_natural,18,179,23.966666666666665,1.5834827423095703,-0.8052032716275576
COHFACE_s22_session3_natural,18,180,24.0,1.2600250244140625,-0.7121687875948668
COHFACE_s22_session3_natural,18,181,24.033333333333335,0.9648703336715698,-0.5127859018561142
COHFACE_s22_session3_natural,18,182,24.066666666666666,0.6825333833694458,-0.23524865105390305
COHFACE_s22_session3_natural,18,183,24.1,0.3829738199710846,0.06970733424931921
COHFACE_s22_session3_natural,18,184,24.133333333333333,0.21820488572120667,0.34202004809297665
COHFACE_s22_session3_natural,18,185,24.166666666666668,0.2668699622154236,0.531654742794722
COHFACE_s22_session3_natural,18,186,24.2,0.4008416533470154,0.6151088214923739
COHFACE_s22_session3_natural,18,187,24.233333333333334,0.4235735535621643,0.6000872409417055
COHFACE_s22_session3_natural,18,188,24.266666666666666,0.27603965997695923,0.5166289099252498
COHFACE_s22_session3_natural,18,189,24.3,0.0348484143614769,0.40137411670248996
COHFACE_s22_session3_natural,18,190,24.333333333333332,-0.22058747708797455,0.28418465147771804
COHFACE_s22_session3_natural,18,191,24.366666666666667,-0.4362798035144806,0.182374604556304
COHFACE_s22_session3_natural,18,192,24.4,-0.6031457185745239,0.10149730171585206
COHFACE_s22_session3_natural,18,193,24.433333333333334,-0.7284192442893982,0.038254318575950394
COHFACE_s22_session3_natural,18,194,24.466666666666665,-0.809072732925415,-0.017022416010537476
COHFACE_s22_session3_natural,18,195,24.5,-0.84633469581604,-0.07721490112978675
COHFACE_s22_session3_natural,18,196,24.533333333333335,-0.8613610863685608,-0.15276012741621048
COHFACE_s22_session3_natural,18,197,24.566666666666666,-0.8791172504425049,-0.24463718383356628
COHFACE_s22_session3_natural,18,198,24.6,-0.9182155728340149,-0.34088173448667775
COHFACE_s22_session3_natural,18,199,24.633333333333333,-1.0065374374389648,-0.42104708573186683
COHFACE_s22_session3_natural,18,200,24.666666666666668,-1.131227731704712,-0.46686305792146127
COHFACE_s22_session3_natural,18,201,24.7,-1.1936038732528687,-0.47145578851143666
COHFACE_s22_session3_natural,18,202,24.733333333333334,-0.7457535266876221,-0.4401818795710608
COHFACE_s22_session3_natural,18,203,24.766666666666666,0.45779547095298767,-0.3826225659006291
COHFACE_s22_session3_natural,18,204,24.8,1.5050379037857056,-0.3022681174385788
COHFACE_s22_session3_natural,18,205,24.833333333333332,1.7794957160949707,-0.19237160595728753
COHFACE_s22_session3_natural,18,206,24.866666666666667,1.571260690689087,-0.04151932353697091
COHFACE_s22_session3_natural,18,207,24.9,1.252952218055725,0.1550131636058729
COHFACE_s22_session3_natural,18,208,24.933333333333334,0.9676745533943176,0.38610323496033283
COHFACE_s22_session3_natural,18,209,24.966666666666665,0.6821983456611633,0.6239554865879045
COHFACE_s22_session3_natural,18,210,25.0,0.3949229419231415,0.831722900783827
COHFACE_s22_session3_natural,18,211,25.033333333333335,0.27850890159606934,0.9745776203597979
COHFACE_s22_session3_natural,18,212,25.066666666666666,0.3683445155620575,1.0288644049894116
COHFACE_s22_session3_natural,18,213,25.1,0.49643468856811523,0.9869213612484493
COHFACE_s22_session3_natural,18,214,25.133333333333333,0.48250025510787964,0.8578395582351432
COHFACE_s22_session3_natural,18,215,25.166666666666668,0.30936816334724426,0.6649781275095024
COHFACE_s22_session3_natural,18,216,25.2,0.06775505095720291,0.44003441771646956
COHFACE_s22_session3_natural,18,217,25.233333333333334,-0.17186035215854645,0.2135949288145363
COHFACE_s22_session3_natural,18,218,25.266666666666666,-0.366049200296402,0.004850807865351432
COHFACE_s22_session3_natural,18,219,25.3,-0.5146626234054565,-0.18399113175809315
COHFACE_s22_session3_natural,18,220,25.333333333333332,-0.6162239909172058,-0.3637561132546034
COHFACE_s22_session3_natural,18,221,25.366666666666667,-0.6678298711776733,-0.545351037970162
COHFACE_s22_session3_natural,18,222,25.4,-0.699669361114502,-0.725599418436566
COHFACE_s22_session3_natural,18,223,25.433333333333334,-0.7458900213241577,-0.8819122554613092
COHFACE_s22_session3_natural,18,224,25.466666666666665,-0.827647864818573,-0.9796169805274069
COHFACE_s22_session3_natural,18,225,25.5,-0.894354522228241,-0.9868907602542112
COHFACE_s22_session3_natural,18,226,25.533333333333335,-0.6840970516204834,-0.8884270278780534
COHFACE_s22_session3_natural,18,227,25.566666666666666,0.2316926270723343,-0.6915589144241919
COHFACE_s22_session3_natural,18,228,25.6,1.3732253313064575,-0.42421050900224355
COHFACE_s22_session3_natural,18,229,25.633333333333333,1.910601019859314,-0.12810816553131338
COHFACE_s22_session3_natural,18,230,25.666666666666668,1.8506568670272827,0.14944725148775734
COHFACE_s22_session3_natural,18,231,25.7,1.6011520624160767,0.364452091503173
COHFACE_s22_session3_natural,18,232,25.733333333333334,1.3772083520889282,0.4862120925401105
COHFACE_s22_session3_natural,18,233,25.766666666666666,1.1738622188568115,0.5070417168844414
COHFACE_s22_session3_natural,18,234,25.8,0.9000248908996582,0.446487692225352
COHFACE_s22_session3_natural,18,235,25.833333333333332,0.6414124965667725,0.34485513820174285
COHFACE_s22_session3_natural,18,236,25.866666666666667,0.5533636808395386,0.2470553165711276
COHFACE_s22_session3_natural,18,237,25.9,0.6049447059631348,0.18459181814387335
COHFACE_s22_session3_natural,18,238,25.933333333333334,0.6254431009292603,0.1643477198604519
COHFACE_s22_session3_natural,18,239,25.966666666666665,0.503147542476654,0.16843240619834893
COHFACE_s22_session3_natural,19,0,19.0,-1.3583604097366333,-0.10870822614269589
COHFACE_s22_session3_natural,19,1,19.033333333333335,-1.4879767894744873,-0.08543664938542991
COHFACE_s22_session3_natural,19,2,19.066666666666666,-1.3812659978866577,-0.09920293735363503
COHFACE_s22_session3_natural,19,3,19.1,-0.4067482054233551,-0.1721825330329571
COHFACE_s22_session3_natural,19,4,19.133333333333333,1.0553139448165894,-0.301504623869762
COHFACE_s22_session3_natural,19,5,19.166666666666668,1.8398617506027222,-0.45816313339021303
COHFACE_s22_session3_natural,19,6,19.2,1.8414747714996338,-0.5958939682408836
COHFACE_s22_session3_natural,19,7,19.233333333333334,1.5377460718154907,-0.6672115168160854
COHFACE_s22_session3_natural,19,8,19.266666666666666,1.19173002243042,-0.6405731559581317
COHFACE_s22_session3_natural,19,9,19.3,0.8870707154273987,-0.5116795468543636
COHFACE_s22_session3_natural,19,10,19.333333333333332,0.5759590864181519,-0.30396876037298953
COHFACE_s22_session3_natural,19,11,19.366666666666667,0.3117009103298187,-0.058218139395880435
COHFACE_s22_session3_natural,19,12,19.4,0.243902325630188,0.18315516877596513
COHFACE_s22_session3_natural,19,13,19.433333333333334,0.35895147919654846,0.3889644331228049
COHFACE_s22_session3_natural,19,14,19.466666666666665,0.4670892357826233,0.5440230478407782
COHFACE_s22_session3_natural,19,15,19.5,0.4111156761646271,0.6462446164777925
COHFACE_s22_session3_natural,19,16,19.533333333333335,0.20551125705242157,0.7006736169987541
COHFACE_s22_session3_natural,19,17,19.566666666666666,-0.0534609816968441,0.7151323435104527
COHFACE_s22_session3_natural,19,18,19.6,-0.3070976734161377,0.6986978714504584
COHFACE_s22_session3_natural,19,19,19.633333333333333,-0.5150472521781921,0.6608591262033683
COHFACE_s22_session3_natural,19,20,19.666666666666668,-0.6754112839698792,0.6091573471769329
COHFACE_s22_session3_natural,19,21,19.7,-0.7907209992408752,0.545775445578306
COHFACE_s22_session3_natural,19,22,19.733333333333334,-0.8537920117378235,0.4660300260759485
COHFACE_s22_session3_natural,19,23,19.766666666666666,-0.8863140344619751,0.36133554444487304
COHFACE_s22_session3_natural,19,24,19.8,-0.9159448742866516,0.2257463315446121
COHFACE_s22_session3_natural,19,25,19.833333333333332,-0.9610487818717957,0.06221992217713662
COHFACE_s22_session3_natural,19,26,19.866666666666667,-1.0484771728515625,-0.11466796309808192
COHFACE_s22_session3_natural,19,27,19.9,-1.1349005699157715,-0.2802702154132727
COHFACE_s22_session3_natural,19,28,19.933333333333334,-0.8971588015556335,-0.4048031406229108
COHFACE_s22_session3_natural,19,29,19.966666666666665,0.1601095348596573,-0.4607027973759638
COHFACE_s22_session3_natural,19,30,20.0,1.420091152191162,-0.43159859967059544
COHFACE_s22_session3_natural,19,31,20.033333333333335,1.9766004085540771,-0.3209372717150701
COHFACE_s22_session3_natural,19,32,20.066666666666666,1.8926711082458496,-0.1559861516706153
COHFACE_s22_session3_natural,19,33,20.1,1.5946005582809448,0.01725430843122688
COHFACE_s22_session3_natural,19,34,20.133333333333333,1.3129708766937256,0.14855530325267513
COHFACE_s22_session3_natural,19,35,20.166666666666668,1.0809741020202637,0.20176582758159659
COHFACE_s22_session3_natural,19,36,20.2,0.8069631457328796,0.16799402017169
COHFACE_s22_session3_natural,19,37,20.233333333333334,0.5539096593856812,0.06666585274690257
COHFACE_s22_session3_natural,19,38,20.266666666666666,0.4683672785758972,-0.06600990916054736
COHFACE_s22_session3_natural,19,39,20.3,0.5250232815742493,-0.19468745709197421
COHFACE_s22_session3_natural,19,40,20.333333333333332,0.5672733187675476,-0.29925613690827607
COHFACE_s22_session3_natural,19,41,20.366666666666667,0.4717671275138855,-0.3791565764288662
COHFACE_s22_session3_natural,19,42,20.4,0.25596314668655396,-0.44712257975664066
COHFACE_s22_session3_natural,19,43,20.433333333333334,0.0030709283892065287,-0.5174996638336024
COHFACE_s22_session3_natural,19,44,20.466666666666665,-0.23240011930465698,-0.5959004331579906
COHFACE_s22_session3_natural,19,45,20.5,-0.4258817136287689,-0.6746841386795178
COHFACE_s22_session3_natural,19,46,20.533333333333335,-0.575289249420166,-0.7350095829364099
COHFACE_s22_session3_natural,19,47,20.566666666666666,-0.6854619383811951,-0.7535042912503557
COHFACE_s22_session3_natural,19,48,20.6,-0.7524167895317078,-0.7109661413585994
COHFACE_s22_session3_natural,19,49,20.633333333333333,-0.7894801497459412,-0.6007001085133055
COHFACE_s22_session3_natural,19,50,20.666666666666668,-0.8192226886749268,-0.4337367702520463
COHFACE_s22_session3_natural,19,51,20.7,-0.8653193116188049,-0.2380115526866537
COHFACE_s22_session3_natural,19,52,20.733333333333334,-0.9619297981262207,-0.05004248213280985
COHFACE_s22_session3_natural,19,53,20.766666666666666,-1.0408461093902588,0.09891189196031154
COHFACE_s22_session3_natural,19,54,20.8,-0.7393509149551392,0.19626062059221352
COHFACE_s22_session3_natural,19,55,20.833333333333332,0.37488365173339844,0.253857049896646
COHFACE_s22_session3_natural,19,56,20.866666666666667,1.5943275690078735,0.3023996375581393
COHFACE_s22_session3_natural,19,57,20.9,2.1115400791168213,0.37682759798523324
COHFACE_s22_session3_natural,19,58,20.933333333333334,2.062453031539917,0.499930851543069
COHFACE_s22_session3_natural,19,59,20.966666666666665,1.8476665019989014,0.671975264470942
COHFACE_s22_session3_natural,19,60,21.0,1.6328303813934326,0.870201409711758
COHFACE_s22_session3_natural,19,61,21.033333333333335,1.4408625364303589,1.0569102766747231
COHFACE_s22_session3_natural,19,62,21.066666666666666,1.1873996257781982,1.191949519555978
COHFACE_s22_session3_natural,19,63,21.1,0.914021372795105,1.244952795493861
COHFACE_s22_session3_natural,19,64,21.133333333333333,0.7664130330085754,1.2034094113238214
COHFACE_s22_session3_natural,19,65,21.166666666666668,0.7519698739051819,1.0741542920758582
COHFACE_s22_session3_natural,19,66,21.2,0.7391025424003601,0.8781610679362273
COHFACE_s22_session3_natural,19,67,21.233333333333334,0.6172288656234741,0.6412018845696199
COHFACE_s22_session3_natural,19,68,21.266666666666666,0.39251574873924255,0.38500816182219066
COHFACE_s22_session3_natural,19,69,21.3,0.12973417341709137,0.12348011773640413
COHFACE_s22_session3_natural,19,70,21.333333333333332,-0.12380325794219971,-0.13444548248426286
COHFACE_s22_session3_natural,19,71,21.366666666666667,-0.3386145830154419,-0.3781004867607077
COHFACE_s22_session3_natural,19,72,21.4,-0.5017456412315369,-0.5905508111919988
COHFACE_s22_session3_natural,19,73,21.433333333333334,-0.6251206994056702,-0.7510645890087525
COHFACE_s22_session3_natural,19,74,21.466666666666665,-0.7124250531196594,-0.843812640064324
COHFACE_s22_session3_natural,19,75,21.5,-0.771513044834137,-0.8666733417074578
COHFACE_s22_session3_natural,19,76,21.533333333333335,-0.8264567255973816,-0.8336533541108594
COHFACE_s22_session3_natural,19,77,21.566666666666666,-0.8868227601051331,-0.7689211862407468
COHFACE_s22_session3_natural,19,78,21.6,-0.9452779293060303,-0.6961703324548192
COHFACE_s22_session3_natural,19,79,21.633333333333333,-1.008026361465454,-0.6296469956952143
COHFACE_s22_session3_natural,19,80,21.666666666666668,-1.086434006690979,-0.5709053640897866
COHFACE_s22_session3_natural,19,81,21.7,-1.1917054653167725,-0.5112063643128067
COHFACE_s22_session3_natural,19,82,21.733333333333334,-1.317611813545227,-0.43725479554464175
COHFACE_s22_session3_natural,19,83,21.766666666666666,-1.29239821434021,-0.33803882113508005
COHFACE_s22_session3_natural,19,84,21.8,-0.522479772567749,-0.2112291965512932
COHFACE_s22_session3_natural,19,85,21.833333333333332,0.9336884021759033,-0.06745447225619484
COHFACE_s22_session3_natural,19,86,21.866666666666667,1.9423041343688965,0.07009683006574692
COHFACE_s22_session3_natural,19,87,21.9,2.155874490737915,0.172597057975071
COHFACE_s22_session3_natural,19,88,21.933333333333334,2.0204758644104004,0.2172780710257496
COHFACE_s22_session3_natural,19,89,21.966666666666665,1.831213116645813,0.19809579659189916
COHFACE_s22_session3_natural,19,90,22.0,1.6596320867538452,0.12864734311372567
COHFACE_s22_session3_natural,19,91,22.033333333333335,1.4662374258041382,0.034592327536593456
COHFACE_s22_session3_natural,19,92,22.066666666666666,1.1800415515899658,-0.06010405239159406
COHFACE_s22_session3_natural,19,93,22.1,0.9269383549690247,-0.14408059616141689
COHFACE_s22_session3_natural,19,94,22.133333333333333,0.8358743190765381,-0.21948608650637377
COHFACE_s22_session3_natural,19,95,22.166666666666668,0.8266053795814514,-0.29261504324918985
COHFACE_s22_session3_natural,19,96,22.2,0.7685844898223877,-0.3609924900096679
COHFACE_s22_session3_natural,19,97,22.233333333333334,0.5979464650154114,-0.40606318374270406
COHFACE_s22_session3_natural,19,98,22.266666666666666,0.3462826609611511,-0.3968553110163616
COHFACE_s22_session3_natural,19,99,22.3,0.07635395228862762,-0.30290209092153064
COHFACE_s22_session3_natural,19,100,22.333333333333332,-0.17213332653045654,-0.10914918447178418
COHFACE_s22_session3_natural,19,101,22.366666666666667,-0.3774275481700897,0.17503526750273654
COHFACE_s22_session3_natural,19,102,22.4,-0.5329399108886719,0.516271550914637
COHFACE_s22_session3_natural,19,103,22.433333333333334,-0.6473438739776611,0.8652710104767194
COHFACE_s22_session3_natural,19,104,22.466666666666665,-0.7276002764701843,1.1686658752134493
COHFACE_s22_session3_natural,19,105,22.5,-0.7906837463378906,1.3810543304048986
COHFACE_s22_session3_natural,19,106,22.533333333333335,-0.8524519205093384,1.4746824155418818
COHFACE_s22_session3_natural,19,107,22.566666666666666,-0.9168258309364319,1.44457654678748
COHFACE_s22_session3_natural,19,108,22.6,-0.9856667518615723,1.307233862661886
COHFACE_s22_session3_natural,19,109,22.633333333333333,-1.0632926225662231,1.0926247881493647
COHFACE_s22_session3_natural,19,110,22.666666666666668,-1.1427053213119507,0.8325844506695359
COHFACE_s22_session3_natural,19,111,22.7,-1.226063847541809,0.5511658934236756
COHFACE_s22_session3_natural,19,112,22.733333333333334,-1.3249698877334595,0.26162988265252385
COHFACE_s22_session3_natural,19,113,22.766666666666666,-1.4443867206573486,-0.029292418694326375
COHFACE_s22_session3_natural,19,114,22.8,-1.4710396528244019,-0.31388642868453176
COHFACE_s22_session3_natural,19,115,22.833333333333332,-0.8588049411773682,-0.57861804118494
COHFACE_s22_session3_natural,19,116,22.866666666666667,0.5746810436248779,-0.8054531955351861
COHFACE_s22_session3_natural,19,117,22.9,1.7325552701950073,-0.9781754570238723
COHFACE_s22_session3_natural,19,118,22.933333333333334,2.0483076572418213,-1.08925835209295
COHFACE_s22_session3_natural,19,119,22.966666666666665,1.8976469039916992,-1.1429482760946845
COHFACE_s22_session3_natural,19,120,23.0,1.6605627536773682,-1.153250653333568
COHFACE_s22_session3_natural,19,121,23.033333333333335,1.451446771621704,-1.1385294266475816
COHFACE_s22_session3_natural,19,122,23.066666666666666,1.2352705001831055,-1.1150627606243497
COHFACE_s22_session3_natural,19,123,23.1,0.9435405731201172,-1.0911579489475267
COHFACE_s22_session3_natural,19,124,23.133333333333333,0.699011504650116,-1.0632427244978295
COHFACE_s22_session3_natural,19,125,23.166666666666668,0.6226760745048523,-1.0157659079798516
COHFACE_s22_session3_natural,19,126,23.2,0.647083044052124,-0.9265233476313357
COHFACE_s22_session3_natural,19,127,23.233333333333334,0.6098955869674683,-0.776881774525046
COHFACE_s22_session3_natural,19,128,23.266666666666666,0.44935786724090576,-0.5626898769652464
COHFACE_s22_session3_natural,19,129,23.3,0.20239679515361786,-0.29956301963097115
COHFACE_s22_session3_natural,19,130,23.333333333333332,-0.06691151112318039,-0.018420263712153398
COHFACE_s22_session3_natural,19,131,23.366666666666667,-0.3085990846157074,0.2471591670456103
COHFACE_s22_session3_natural,19,132,23.4,-0.49482184648513794,0.4745790048296227
COHFACE_s22_session3_natural,19,133,23.433333333333334,-0.6317715048789978,0.6586596352990403
COHFACE_s22_session3_natural,19,134,23.466666666666665,-0.7261485457420349,0.8077785759245962
COHFACE_s22_session3_natural,19,135,23.5,-0.7986870408058167,0.9337069301814717
COHFACE_s22_session3_natural,19,136,23.533333333333335,-0.8492258191108704,1.0425503043839708
COHFACE_s22_session3_natural,19,137,23.566666666666666,-0.9026060104370117,1.131872452165343
COHFACE_s22_session3_natural,19,138,23.6,-0.9598327875137329,1.1932387042208479
COHFACE_s22_session3_natural,19,139,23.633333333333333,-1.0234497785568237,1.2157939625978804
COHFACE_s22_session3_natural,19,140,23.666666666666668,-1.0962364673614502,1.1884438439318012
COHFACE_s22_session3_natural,19,141,23.7,-1.1827342510223389,1.1018841235950274
COHFACE_s22_session3_natural,19,142,23.733333333333334,-1.2844693660736084,0.9521186914941387
COHFACE_s22_session3_natural,19,143,23.766666666666666,-1.4219650030136108,0.7445455969811109
COHFACE_s22_session3_natural,19,144,23.8,-1.5057330131530762,0.49550414139011595
COHFACE_s22_session3_natural,19,145,23.833333333333332,-1.0963605642318726,0.22908940839664851
COHFACE_s22_session3_natural,19,146,23.866666666666667,0.17270389199256897,-0.02909640976465954
COHFACE_s22_session3_natural,19,147,23.9,1.3892319202423096,-0.256882863541974
COHFACE_s22_session3_natural,19,148,23.933333333333334,1.7719638347625732,-0.43653792635356514
COHFACE_s22_session3_natural,19,149,23.966666666666665,1.5834827423095703,-0.5534384326626768
COHFACE_s22_session3_natural,19,150,24.0,1.2600250244140625,-0.5965007803482348
COHFACE_s22_session3_natural,19,151,24.033333333333335,0.9648703336715698,-0.5628490372665824
COHFACE_s22_session3_natural,19,152,24.066666666666666,0.6825333833694458,-0.46436558686978185
COHFACE_s22_session3_natural,19,153,24.1,0.3829738199710846,-0.3301556207879283
COHFACE_s22_session3_natural,19,154,24.133333333333333,0.21820488572120667,-0.20038079960388197
COHFACE_s22_session3_natural,19,155,24.166666666666668,0.2668699622154236,-0.11264058140848796
COHFACE_s22_session3_natural,19,156,24.2,0.4008416533470154,-0.08799080899929068
COHFACE_s22_session3_natural,19,157,24.233333333333334,0.4235735535621643,-0.12481539502652886
COHFACE_s22_session3_natural,19,158,24.266666666666666,0.27603965997695923,-0.20347683893538135
COHFACE_s22_session3_natural,19,159,24.3,0.0348484143614769,-0.2976327666863292
COHFACE_s22_session3_natural,19,160,24.333333333333332,-0.22058747708797455,-0.3850811460570331
COHFACE_s22_session3_natural,19,161,24.366666666666667,-0.4362798035144806,-0.45325220056086674
COHFACE_s22_session3_natural,19,162,24.4,-0.6031457185745239,-0.49936309336387197
COHFACE_s22_session3_natural,19,163,24.433333333333334,-0.7284192442893982,-0.5283372345823586
COHFACE_s22_session3_natural,19,164,24.466666666666665,-0.809072732925415,-0.5504456241186415
COHFACE_s22_session3_natural,19,165,24.5,-0.84633469581604,-0.5778324584589785
COHFACE_s22_session3_natural,19,166,24.533333333333335,-0.8613610863685608,-0.6185402806322288
COHFACE_s22_session3_natural,19,167,24.566666666666666,-0.8791172504425049,-0.6693710188966251
COHFACE_s22_session3_natural,19,168,24.6,-0.9182155728340149,-0.712552790591104
COHFACE_s22_session3_natural,19,169,24.633333333333333,-1.0065374374389648,-0.720948525375779
COHFACE_s22_session3_natural,19,170,24.666666666666668,-1.131227731704712,-0.6705901727055417
COHFACE_s22_session3_natural,19,171,24.7,-1.1936038732528687,-0.5529508419945225
COHFACE_s22_session3_natural,19,172,24.733333333333334,-0.7457535266876221,-0.37878762571116836
COHFACE_s22_session3_natural,19,173,24.766666666666666,0.45779547095298767,-0.17103758543186126
COHFACE_s22_session3_natural,19,174,24.8,1.5050379037857056,0.0480772062515011
COHFACE_s22_session3_natural,19,175,24.833333333333332,1.7794957160949707,0.2668191183731526
COHFACE_s22_session3_natural,19,176,24.866666666666667,1.571260690689087,0.484834664470096
COHFACE_s22_session3_natural,19,177,24.9,1.252952218055725,0.7061206513665558
COHFACE_s22_session3_natural,19,178,24.933333333333334,0.9676745533943176,0.9296886671142834
COHFACE_s22_session3_natural,19,179,24.966666666666665,0.6821983456611633,1.143793904881949
COHFACE_s22_session3_natural,19,180,25.0,0.3949229419231415,1.326256663100087
COHFACE_s22_session3_natural,19,181,25.033333333333335,0.27850890159606934,1.4498028858077816
COHFACE_s22_session3_natural,19,182,25.066666666666666,0.3683445155620575,1.4900438644491458
COHFACE_s22_session3_natural,19,183,25.1,0.49643468856811523,1.433787342126923
COHFACE_s22_session3_natural,19,184,25.133333333333333,0.48250025510787964,1.2850695120667808
COHFACE_s22_session3_natural,19,185,25.166666666666668,0.30936816334724426,1.0659618494649046
COHFACE_s22_session3_natural,19,186,25.2,0.06775505095720291,0.810203072462334
COHFACE_s22_session3_natural,19,187,25.233333333333334,-0.17186035215854645,0.5507981536186763
COHFACE_s22_session3_natural,19,188,25.266666666666666,-0.366049200296402,0.30692971927612955
COHFACE_s22_session3_natural,19,189,25.3,-0.5146626234054565,0.07766820046807567
COHFACE_s22_session3_natural,19,190,25.333333333333332,-0.6162239909172058,-0.15263277379644286
COHFACE_s22_session3_natural,19,191,25.366666666666667,-0.6678298711776733,-0.39923141873394685
COHFACE_s22_session3_natural,19,192,25.4,-0.699669361114502,-0.6613826431134393
COHFACE_s22_session3_natural,19,193,25.433333333333334,-0.7458900213241577,-0.916761960109799
COHFACE_s22_session3_natural,19,194,25.466666666666665,-0.827647864818573,-1.129429448358515
COHFACE_s22_session3_natural,19,195,25.5,-0.894354522228241,-1.265300905302789
COHFACE_s22_session3_natural,19,196,25.533333333333335,-0.6840970516204834,-1.304851128109144
COHFACE_s22_session3_natural,19,197,25.566666666666666,0.2316926270723343,-1.2461770096167395
COHFACE_s22_session3_natural,19,198,25.6,1.3732253313064575,-1.0994852462452982
COHFACE_s22_session3_natural,19,199,25.633333333333333,1.910601019859314,-0.8799878226965241
COHFACE_s22_session3_natural,19,200,25.666666666666668,1.8506568670272827,-0.6054311584254924
COHFACE_s22_session3_natural,19,201,25.7,1.6011520624160767,-0.2988362432757926
COHFACE_s22_session3_natural,19,202,25.733333333333334,1.3772083520889282,0.008298190823534328
COHFACE_s22_session3_natural,19,203,25.766666666666666,1.1738622188568115,0.2777323221725654
COHFACE_s22_session3_natural,19,204,25.8,0.9000248908996582,0.47207017345550883
COHFACE_s22_session3_natural,19,205,25.833333333333332,0.6414124965667725,0.5642987509072328
COHFACE_s22_session3_natural,19,206,25.866666666666667,0.5533636808395386,0.5448298162631193
COHFACE_s22_session3_natural,19,207,25.9,0.6049447059631348,0.42412434729246834
COHFACE_s22_session3_natural,19,208,25.933333333333334,0.6254431009292603,0.23116217385713572
COHFACE_s22_session3_natural,19,209,25.966666666666665,0.503147542476654,0.008428459098214068
COHFACE_s22_session3_natural,19,210,26.0,0.27989861369132996,-0.1965455279456471
COHFACE_s22_session3_natural,19,211,26.033333333333335,0.037205979228019714,-0.3426624095712703
COHFACE_s22_session3_natural,19,212,26.066666666666666,-0.1824817955493927,-0.4069451725088069
COHFACE_s22_session3_natural,19,213,26.1,-0.3586539030075073,-0.39127799210021313
COHFACE_s22_session3_natural,19,214,26.133333333333333,-0.49719181656837463,-0.3196207716876892
COHFACE_s22_session3_natural,19,215,26.166666666666668,-0.5998451113700867,-0.22558401971576023
COHFACE_s22_session3_natural,19,216,26.2,-0.6609929203987122,-0.13652227430134922
COHFACE_s22_session3_natural,19,217,26.233333333333334,-0.6947681307792664,-0.06321318445695254
COHFACE_s22_session3_natural,19,218,26.266666666666666,-0.7342014908790588,-0.0004551943145066112
COHFACE_s22_session3_natural,19,219,26.3,-0.7965652346611023,0.06351659958616522
COHFACE_s22_session3_natural,19,220,26.333333333333332,-0.8901357650756836,0.13635642604036205
COHFACE_s22_session3_natural,19,221,26.366666666666667,-1.0094656944274902,0.21685457115406132
COHFACE_s22_session3_natural,19,222,26.4,-0.9465063810348511,0.2974828567456212
COHFACE_s22_session3_natural,19,223,26.433333333333334,-0.17318803071975708,0.36994888612344173
COHFACE_s22_session3_natural,19,224,26.466666666666665,1.1078380346298218,0.42885480271097326
COHFACE_s22_session3_natural,19,225,26.5,1.9250441789627075,0.47184854735584925
COHFACE_s22_session3_natural,19,226,26.533333333333335,2.0548219680786133,0.49784067110332264
COHFACE_s22_session3_natural,19,227,26.566666666666666,1.8954133987426758,0.5053542164478966
COHFACE_s22_session3_natural,19,228,26.6,1.7057907581329346,0.49120085254534335
COHFACE_s22_session3_natural,19,229,26.633333333333333,1.544682264328003,0.448879509081251
COHFACE_s22_session3_natural,19,230,26.666666666666668,1.3424776792526245,0.3682511695998698
COHFACE_s22_session3_natural,19,231,26.7,1.0476207733154297,0.23949116911256518
COHFACE_s22_session3_natural,19,232,26.733333333333334,0.8142343759536743,0.061553442224629
COHFACE_s22_session3_natural,19,233,26.766666666666666,0.7408024668693542,-0.14925052972686012
COHFACE_s22_session3_natural,19,234,26.8,0.7289401888847351,-0.35697013544440076
COHFACE_s22_session3_natural,19,235,26.833333333333332,0.6447006464004517,-0.5138883646764492
COHFACE_s22_session3_natural,19,236,26.866666666666667,0.4360438287258148,-0.5765712679542647
COHFACE_s22_session3_natural,19,237,26.9,0.17045800387859344,-0.5230315081458105
COHFACE_s22_session3_natural,19,238,26.933333333333334,-0.08712451905012131,-0.36310360367293215
COHFACE_s22_session3_natural,19,239,26.966666666666665,-0.2969229221343994,-0.13741988961319798
COHFACE_s22_session3_natural,20,0,20.0,1.420091152191162,0.12594244646871192
COHFACE_s22_session3_natural,20,1,20.033333333333335,1.9766004085540771,0.37970118561494015
COHFACE_s22_session3_natural,20,2,20.066666666666666,1.8926711082458496,0.5984167158763306
COHFACE_s22_session3_natural,20,3,20.1,1.5946005582809448,0.7534346754251219
COHFACE_s22_session3_natural,20,4,20.133333333333333,1.3129708766937256,0.8223459209041797
COHFACE_s22_session3_natural,20,5,20.166666666666668,1.0809741020202637,0.7936198279007075
COHFACE_s22_session3_natural,20,6,20.2,0.8069631457328796,0.6702682143949235
COHFACE_s22_session3_natural,20,7,20.233333333333334,0.5539096593856812,0.46984156965132945
COHFACE_s22_session3_natural,20,8,20.266666666666666,0.4683672785758972,0.21931731568347348
COHFACE_s22_session3_natural,20,9,20.3,0.5250232815742493,-0.05337223413450275
COHFACE_s22_session3_natural,20,10,20.333333333333332,0.5672733187675476,-0.32607110522329713
COHFACE_s22_session3_natural,20,11,20.366666666666667,0.4717671275138855,-0.582595041831478
COHFACE_s22_session3_natural,20,12,20.4,0.25596314668655396,-0.8069196928776828
COHFACE_s22_session3_natural,20,13,20.433333333333334,0.0030709283892065287,-0.9775018161326188
COHFACE_s22_session3_natural,20,14,20.466666666666665,-0.23240011930465698,-1.0683052794312016
COHFACE_s22_session3_natural,20,15,20.5,-0.4258817136287689,-1.0578622841215235
COHFACE_s22_session3_natural,20,16,20.533333333333335,-0.575289249420166,-0.940764142436396
COHFACE_s22_session3_natural,20,17,20.566666666666666,-0.6854619383811951,-0.7335334511568663
COHFACE_s22_session3_natural,20,18,20.6,-0.7524167895317078,-0.47148978680763987
COHFACE_s22_session3_natural,20,19,20.633333333333333,-0.7894801497459412,-0.19963299421598937
COHFACE_s22_session3_natural,20,20,20.666666666666668,-0.8192226886749268,0.03748938714735683
COHFACE_s22_session3_natural,20,21,20.7,-0.8653193116188049,0.20422649349192465
COHFACE_s22_session3_natural,20,22,20.733333333333334,-0.9619297981262207,0.2805617564171693
COHFACE_s22_session3_natural,20,23,20.766666666666666,-1.0408461093902588,0.2673101733832226
COHFACE_s22_session3_natural,20,24,20.8,-0.7393509149551392,0.18764460540067868
COHFACE_s22_session3_natural,20,25,20.833333333333332,0.37488365173339844,0.08178169466864996
COHFACE_s22_session3_natural,20,26,20.866666666666667,1.5943275690078735,-0.0053056614452824105
COHFACE_s22_session3_natural,20,27,20.9,2.1115400791168213,-0.03857270909863043
COHFACE_s22_session3_natural,20,28,20.933333333333334,2.062453031539917,-0.003245747158807594
COHFACE_s22_session3_natural,20,29,20.966666666666665,1.8476665019989014,0.09368064325920732
COHFACE_s22_session3_natural,20,30,21.0,1.6328303813934326,0.22998801957716572
COHFACE_s22_session3_natural,20,31,21.033333333333335,1.4408625364303589,0.37772793235165586
COHFACE_s22_session3_natural,20,32,21.066666666666666,1.1873996257781982,0.5105278033932952
COHFACE_s22_session3_natural,20,33,21.1,0.914021372795105,0.6068319002821106
COHFACE_s22_session3_natural,20,34,21.133333333333333,0.7664130330085754,0.650649409169638
COHFACE_s22_session3_natural,20,35,21.166666666666668,0.7519698739051819,0.6324930526554394
COHFACE_s22_session3_natural,20,36,21.2,0.7391025424003601,0.5514600188618956
COHFACE_s22_session3_natural,20,37,21.233333333333334,0.6172288656234741,0.4169510936755757
COHFACE_s22_session3_natural,20,38,21.266666666666666,0.39251574873924255,0.24783800916888737
COHFACE_s22_session3_natural,20,39,21.3,0.12973417341709137,0.06847214523700466
COHFACE_s22_session3_natural,20,40,21.333333333333332,-0.12380325794219971,-0.09663384652584261
COHFACE_s22_session3_natural,20,41,21.366666666666667,-0.3386145830154419,-0.22679982884680291
COHFACE_s22_session3_natural,20,42,21.4,-0.5017456412315369,-0.30703039427656703
COHFACE_s22_session3_natural,20,43,21.433333333333334,-0.6251206994056702,-0.3290860675760782
COHFACE_s22_session3_natural,20,44,21.466666666666665,-0.7124250531196594,-0.29305926223768347
COHFACE_s22_session3_natural,20,45,21.5,-0.771513044834137,-0.20871037219726343
COHFACE_s22_session3_natural,20,46,21.533333333333335,-0.8264567255973816,-0.09410013405290281
COHFACE_s22_session3_natural,20,47,21.566666666666666,-0.8868227601051331,0.02987669147636767
COHFACE_s22_session3_natural,20,48,21.6,-0.9452779293060303,0.14661093656165233
COHFACE_s22_session3_natural,20,49,21.633333333333333,-1.008026361465454,0.24768546475096131
COHFACE_s22_session3_natural,20,50,21.666666666666668,-1.086434006690979,0.3310140351592614
COHFACE_s22_session3_natural,20,51,21.7,-1.1917054653167725,0.39539671871431603
COHFACE_s22_session3_natural,20,52,21.733333333333334,-1.317611813545227,0.43638723474797303
COHFACE_s22_session3_natural,20,53,21.766666666666666,-1.29239821434021,0.44680066011784386
COHFACE_s22_session3_natural,20,54,21.8,-0.522479772567749,0.4205926149170379
COHFACE_s22_session3_natural,20,55,21.833333333333332,0.9336884021759033,0.3558633972951724
COHFACE_s22_session3_natural,20,56,21.866666666666667,1.9423041343688965,0.25451341139096223
COHFACE_s22_session3_natural,20,57,21.9,2.155874490737915,0.11992226191136557
COHFACE_s22_session3_natural,20,58,21.933333333333334,2.0204758644104004,-0.044329740418451224
COHFACE_s22_session3_natural,20,59,21.966666666666665,1.831213116645813,-0.23326681699173166
COHFACE_s22_session3_natural,20,60,22.0,1.6596320867538452,-0.4384046669337641
COHFACE_s22_session3_natural,20,61,22.033333333333335,1.4662374258041382,-0.6474929488390936
COHFACE_s22_session3_natural,20,62,22.066666666666666,1.1800415515899658,-0.8468193271268943
COHFACE_s22_session3_natural,20,63,22.1,0.9269383549690247,-1.023842677645515
COHFACE_s22_session3_natural,20,64,22.133333333333333,0.8358743190765381,-1.1673293442553982
COHFACE_s22_session3_natural,20,65,22.166666666666668,0.8266053795814514,-1.2644649054830868
COHFACE_s22_session3_natural,20,66,22.2,0.7685844898223877,-1.2977448881647669
COHFACE_s22_session3_natural,20,67,22.233333333333334,0.5979464650154114,-1.245769774640225
COHFACE_s22_session3_natural,20,68,22.266666666666666,0.3462826609611511,-1.0897133818310065
COHFACE_s22_session3_natural,20,69,22.3,0.07635395228862762,-0.8229481773785035
COHFACE_s22_session3_natural,20,70,22.333333333333332,-0.17213332653045654,-0.4584244513344008
COHFACE_s22_session3_natural,20,71,22.366666666666667,-0.3774275481700897,-0.02934942218034298
COHFACE_s22_session3_natural,20,72,22.4,-0.5329399108886719,0.4169013715520909
COHFACE_s22_session3_natural,20,73,22.433333333333334,-0.6473438739776611,0.8279808547199737
COHFACE_s22_session3_natural,20,74,22.466666666666665,-0.7276002764701843,1.1554154020093435
COHFACE_s22_session3_natural,20,75,22.5,-0.7906837463378906,1.362048853819369
COHFACE_s22_session3_natural,20,76,22.533333333333335,-0.8524519205093384,1.4283288538466847
COHFACE_s22_session3_natural,20,77,22.566666666666666,-0.9168258309364319,1.356888766253733
COHFACE_s22_session3_natural,20,78,22.6,-0.9856667518615723,1.1732340117353321
COHFACE_s22_session3_natural,20,79,22.633333333333333,-1.0632926225662231,0.9201414522013036
COHFACE_s22_session3_natural,20,80,22.666666666666668,-1.1427053213119507,0.6459475193347983
COHFACE_s22_session3_natural,20,81,22.7,-1.226063847541809,0.39089440295806366
COHFACE_s22_session3_natural,20,82,22.733333333333334,-1.3249698877334595,0.17811759690422818
COHFACE_s22_session3_natural,20,83,22.766666666666666,-1.4443867206573486,0.013757207324189617
COHFACE_s22_session3_natural,20,84,22.8,-1.4710396528244019,-0.10563319728538162
COHFACE_s22_session3_natural,20,85,22.833333333333332,-0.8588049411773682,-0.18522360150197126
COHFACE_s22_session3_natural,20,86,22.866666666666667,0.5746810436248779,-0.2293602108963182
COHFACE_s22_session3_natural,20,87,22.9,1.7325552701950073,-0.24450069820035664
COHFACE_s22_session3_natural,20,88,22.933333333333334,2.0483076572418213,-0.24269574822727918
COHFACE_s22_session3_natural,20,89,22.966666666666665,1.8976469039916992,-0.24033455724769762
COHFACE_s22_session3_natural,20,90,23.0,1.6605627536773682,-0.251699896882004
COHFACE_s22_session3_natural,20,91,23.033333333333335,1.451446771621704,-0.281912010204049
COHFACE_s22_session3_natural,20,92,23.066666666666666,1.2352705001831055,-0.3242367474045069
COHFACE_s22_session3_natural,20,93,23.1,0.9435405731201172,-0.36319551525268645
COHFACE_s22_session3_natural,20,94,23.133333333333333,0.699011504650116,-0.381051308315533
COHFACE_s22_session3_natural,20,95,23.166666666666668,0.6226760745048523,-0.36381633086146675
COHFACE_s22_session3_natural,20,96,23.2,0.647083044052124,-0.3045281275511154
COHFACE_s22_session3_natural,20,97,23.233333333333334,0.6098955869674683,-0.2041731672562865
COHFACE_s22_session3_natural,20,98,23.266666666666666,0.44935786724090576,-0.07181193969019546
COHFACE_s22_session3_natural,20,99,23.3,0.20239679515361786,0.07554927437549454
COHFACE_s22_session3_natural,20,100,23.333333333333332,-0.06691151112318039,0.21474223320660352
COHFACE_s22_session3_natural,20,101,23.366666666666667,-0.3085990846157074,0.3215484550075059
COHFACE_s22_session3_natural,20,102,23.4,-0.49482184648513794,0.3782560039035061
COHFACE_s22_session3_natural,20,103,23.433333333333334,-0.6317715048789978,0.3799578883509837
COHFACE_s22_session3_natural,20,104,23.466666666666665,-0.7261485457420349,0.33586988447226934
COHFACE_s22_session3_natural,20,105,23.5,-0.7986870408058167,0.2648573912355665
COHFACE_s22_session3_natural,20,106,23.533333333333335,-0.8492258191108704,0.1879586467699779
COHFACE_s22_session3_natural,20,107,23.566666666666666,-0.9026060104370117,0.12186177535524302
COHFACE_s22_session3_natural,20,108,23.6,-0.9598327875137329,0.07503536011469002
COHFACE_s22_session3_natural,20,109,23.633333333333333,-1.0234497785568237,0.04576444148950658
COHFACE_s22_session3_natural,20,110,23.666666666666668,-1.0962364673614502,0.021751946009589514
COHFACE_s22_session3_natural,20,111,23.7,-1.1827342510223389,-0.017236569253176272
COHFACE_s22_session3_natural,20,112,23.733333333333334,-1.2844693660736084,-0.09212071548527051
COHFACE_s22_session3_natural,20,113,23.766666666666666,-1.4219650030136108,-0.21401434052898646
COHFACE_s22_session3_natural,20,114,23.8,-1.5057330131530762,-0.37594858909039897
COHFACE_s22_session3_natural,20,115,23.833333333333332,-1.0963605642318726,-0.552527632282971
COHFACE_s22_session3_natural,20,116,23.866666666666667,0.17270389199256897,-0.707645360437733
COHFACE_s22_session3_natural,20,117,23.9,1.3892319202423096,-0.8047347516492452
COHFACE_s22_session3_natural,20,118,23.933333333333334,1.7719638347625732,-0.8142781368457779
COHFACE_s22_session3_natural,20,119,23.966666666666665,1.5834827423095703,-0.717912289703212
COHFACE_s22_session3_natural,20,120,24.0,1.2600250244140625,-0.5121318713968621
COHFACE_s22_session3_natural,20,121,24.033333333333335,0.9648703336715698,-0.21364252866869562
COHFACE_s22_session3_natural,20,122,24.066666666666666,0.6825333833694458,0.13664280670773302
COHFACE_s22_session3_natural,20,123,24.1,0.3829738199710846,0.4775531073392774
COHFACE_s22_session3_natural,20,124,24.133333333333333,0.21820488572120667,0.7432650017096448
COHFACE_s22_session3_natural,20,125,24.166666666666668,0.2668699622154236,0.8860619663147237
COHFACE_s22_session3_natural,20,126,24.2,0.4008416533470154,0.8941571858142536
COHFACE_s22_session3_natural,20,127,24.233333333333334,0.4235735535621643,0.7930675595122471
COHFACE_s22_session3_natural,20,128,24.266666666666666,0.27603965997695923,0.6296303532312336
COHFACE_s22_session3_natural,20,129,24.3,0.0348484143614769,0.44943765006626835
COHFACE_s22_session3_natural,20,130,24.333333333333332,-0.22058747708797455,0.2812360819237216
COHFACE_s22_session3_natural,20,131,24.366666666666667,-0.4362798035144806,0.1348694325251521
COHFACE_s22_session3_natural,20,132,24.4,-0.6031457185745239,0.008875161711165258
COHFACE_s22_session3_natural,20,133,24.433333333333334,-0.7284192442893982,-0.1015633629892918
COHFACE_s22_session3_natural,20,134,24.466666666666665,-0.809072732925415,-0.20189037584343358
COHFACE_s22_session3_natural,20,135,24.5,-0.84633469581604,-0.298784739266094
COHFACE_s22_session3_natural,20,136,24.533333333333335,-0.8613610863685608,-0.3988057416294365
COHFACE_s22_session3_natural,20,137,24.566666666666666,-0.8791172504425049,-0.502868399567428
COHFACE_s22_session3_natural,20,138,24.6,-0.9182155728340149,-0.6006061068154868
COHFACE_s22_session3_natural,20,139,24.633333333333333,-1.0065374374389648,-0.6711282857043882
COHFACE_s22_session3_natural,20,140,24.666666666666668,-1.131227731704712,-0.6916358199194457
COHFACE_s22_session3_natural,20,141,24.7,-1.1936038732528687,-0.648127224434516
COHFACE_s22_session3_natural,20,142,24.733333333333334,-0.7457535266876221,-0.5403642914113524
COHFACE_s22_session3_natural,20,143,24.766666666666666,0.45779547095298767,-0.3779619476761317
COHFACE_s22_session3_natural,20,144,24.8,1.5050379037857056,-0.17206588456602134
COHFACE_s22_session3_natural,20,145,24.833333333333332,1.7794957160949707,0.06926480391760705
COHFACE_s22_session3_natural,20,146,24.866666666666667,1.571260690689087,0.3378771115453415
COHFACE_s22_session3_natural,20,147,24.9,1.252952218055725,0.6178928592333572
COHFACE_s22_session3_natural,20,148,24.933333333333334,0.9676745533943176,0.8810348766557482
COHFACE_s22_session3_natural,20,149,24.966666666666665,0.6821983456611633,1.0901095968008891
COHFACE_s22_session3_natural,20,150,25.0,0.3949229419231415,1.2093370663577694
COHFACE_s22_session3_natural,20,151,25.033333333333335,0.27850890159606934,1.2153080268214698
COHFACE_s22_session3_natural,20,152,25.066666666666666,0.3683445155620575,1.1032341745655043
COHFACE_s22_session3_natural,20,153,25.1,0.49643468856811523,0.887457493256662
COHFACE_s22_session3_natural,20,154,25.133333333333333,0.48250025510787964,0.5981763237437644
COHFACE_s22_session3_natural,20,155,25.166666666666668,0.30936816334724426,0.27608183696611144
COHFACE_s22_session3_natural,20,156,25.2,0.06775505095720291,-0.035547423994874816
COHFACE_s22_session3_natural,20,157,25.233333333333334,-0.17186035215854645,-0.3019466740547411
COHFACE_s22_session3_natural,20,158,25.266666666666666,-0.366049200296402,-0.5082002734685047
COHFACE_s22_session3_natural,20,159,25.3,-0.5146626234054565,-0.6640730684885817
COHFACE_s22_session3_natural,20,160,25.333333333333332,-0.6162239909172058,-0.7965596416627434
COHFACE_s22_session3_natural,20,161,25.366666666666667,-0.6678298711776733,-0.931273128849285
COHFACE_s22_session3_natural,20,162,25.4,-0.699669361114502,-1.0727865331473065
COHFACE_s22_session3_natural,20,163,25.433333333333334,-0.7458900213241577,-1.1969100635439711
COHFACE_s22_session3_natural,20,164,25.466666666666665,-0.827647864818573,-1.2602951101586395
COHFACE_s22_session3_natural,20,165,25.5,-0.894354522228241,-1.2210859186154084
COHFACE_s22_session3_natural,20,166,25.533333333333335,-0.6840970516204834,-1.0580258983764346
COHFACE_s22_session3_natural,20,167,25.566666666666666,0.2316926270723343,-0.778089861228661
COHFACE_s22_session3_natural,20,168,25.6,1.3732253313064575,-0.4115562446170939
COHFACE_s22_session3_natural,20,169,25.633333333333333,1.910601019859314,-0.0010386497072890017
COHFACE_s22_session3_natural,20,170,25.666666666666668,1.8506568670272827,0.4082707720793758
COHFACE_s22_session3_natural,20,171,25.7,1.6011520624160767,0.7743118851464731
COHFACE_s22_session3_natural,20,172,25.733333333333334,1.3772083520889282,1.0613750889301619
COHFACE_s22_session3_natural,20,173,25.766666666666666,1.1738622188568115,1.24326177100438
COHFACE_s22_session3_natural,20,174,25.8,0.9000248908996582,1.3062268938551667
COHFACE_s22_session3_natural,20,175,25.833333333333332,0.6414124965667725,1.2493369755348334
COHFACE_s22_session3_natural,20,176,25.866666666666667,0.5533636808395386,1.0812765731762555
COHFACE_s22_session3_natural,20,177,25.9,0.6049447059631348,0.8160530128042108
COHFACE_s22_session3_natural,20,178,25.933333333333334,0.6254431009292603,0.47173943580226146
COHFACE_s22_session3_natural,20,179,25.966666666666665,0.503147542476654,0.07404949412611951
COHFACE_s22_session3_natural,20,180,26.0,0.27989861369132996,-0.33870834255184473
COHFACE_s22_session3_natural,20,181,26.033333333333335,0.037205979228019714,-0.7156822481823225
COHFACE_s22_session3_natural,20,182,26.066666666666666,-0.1824817955493927,-1.0018717247059374
COHFACE_s22_session3_natural,20,183,26.1,-0.3586539030075073,-1.1520954176560585
COHFACE_s22_session3_natural,20,184,26.133333333333333,-0.49719181656837463,-1.1438458671807599
COHFACE_s22_session3_natural,20,185,26.166666666666668,-0.5998451113700867,-0.9830330737829842
COHFACE_s22_session3_natural,20,186,26.2,-0.6609929203987122,-0.7009935439781871
COHFACE_s22_session3_natural,20,187,26.233333333333334,-0.6947681307792664,-0.34572210702089634
COHFACE_s22_session3_natural,20,188,26.266666666666666,-0.7342014908790588,0.02815726703053989
COHFACE_s22_session3_natural,20,189,26.3,-0.7965652346611023,0.36794933151112924
COHFACE_s22_session3_natural,20,190,26.333333333333332,-0.8901357650756836,0.6301939057161722
COHFACE_s22_session3_natural,20,191,26.366666666666667,-1.0094656944274902,0.787757686292227
COHFACE_s22_session3_natural,20,192,26.4,-0.9465063810348511,0.8353494293026633
COHFACE_s22_session3_natural,20,193,26.433333333333334,-0.17318803071975708,0.7900120569843867
COHFACE_s22_session3_natural,20,194,26.466666666666665,1.1078380346298218,0.684790284915924
COHFACE_s22_session3_natural,20,195,26.5,1.9250441789627075,0.5577374691097572
COHFACE_s22_session3_natural,20,196,26.533333333333335,2.0548219680786133,0.44113790783972057
COHFACE_s22_session3_natural,20,197,26.566666666666666,1.8954133987426758,0.35510549696588056
COHFACE_s22_session3_natural,20,198,26.6,1.7057907581329346,0.3060980499811178
COHFACE_s22_session3_natural,20,199,26.633333333333333,1.544682264328003,0.2878244388639561
COHFACE_s22_session3_natural,20,200,26.666666666666668,1.3424776792526245,0.2823740728500456
COHFACE_s22_session3_natural,20,201,26.7,1.0476207733154297,0.2621254897763653
COHFACE_s22_session3_natural,20,202,26.733333333333334,0.8142343759536743,0.1949847985765212
COHFACE_s22_session3_natural,20,203,26.766666666666666,0.7408024668693542,0.05425723900917431
COHFACE_s22_session3_natural,20,204,26.8,0.7289401888847351,-0.16973712409697028
COHFACE_s22_session3_natural,20,205,26.833333333333332,0.6447006464004517,-0.46216639984156016
COHFACE_s22_session3_natural,20,206,26.866666666666667,0.4360438287258148,-0.78448864025392
COHFACE_s22_session3_natural,20,207,26.9,0.17045800387859344,-1.083027985369947
COHFACE_s22_session3_natural,20,208,26.933333333333334,-0.08712451905012131,-1.3010802162437123
COHFACE_s22_session3_natural,20,209,26.966666666666665,-0.2969229221343994,-1.3903142422421884
COHFACE_s22_session3_natural,20,210,27.0,-0.4565920829772949,-1.3204288405227473
COHFACE_s22_session3_natural,20,211,27.033333333333335,-0.5802401304244995,-1.087850287749366
COHFACE_s22_session3_natural,20,212,27.066666666666666,-0.6758827567100525,-0.7217638336149891
COHFACE_s22_session3_natural,20,213,27.1,-0.7397603988647461,-0.2824825383630216
COHFACE_s22_session3_natural,20,214,27.133333333333333,-0.7961185574531555,0.1518664847472884
COHFACE_s22_session3_natural,20,215,27.166666666666668,-0.8605421185493469,0.5081911693798365
COHFACE_s22_session3_natural,20,216,27.2,-0.9239854216575623,0.7410434696947349
COHFACE_s22_session3_natural,20,217,27.233333333333334,-0.9938313364982605,0.8431080477260268
COHFACE_s22_session3_natural,20,218,27.266666666666666,-1.0683799982070923,0.8386630953759954
COHFACE_s22_session3_natural,20,219,27.3,-1.140000343322754,0.7657949215664758
COHFACE_s22_session3_natural,20,220,27.333333333333332,-1.2180854082107544,0.659228327517715
COHFACE_s22_session3_natural,20,221,27.366666666666667,-1.3114945888519287,0.5429304230956745
COHFACE_s22_session3_natural,20,222,27.4,-1.407013177871704,0.4323687414664596
COHFACE_s22_session3_natural,20,223,27.433333333333334,-1.242517113685608,0.338867845470846
COHFACE_s22_session3_natural,20,224,27.466666666666665,-0.24060195684432983,0.2695053832837739
COHFACE_s22_session3_natural,20,225,27.5,1.177572250366211,0.22294974624868705
COHFACE_s22_session3_natural,20,226,27.533333333333335,1.9680014848709106,0.1874211978190557
COHFACE_s22_session3_natural,20,227,27.566666666666666,2.0574400424957275,0.14595564860548163
COHFACE_s22_session3_natural,20,228,27.6,1.9014437198638916,0.08663575468472164
COHFACE_s22_session3_natural,20,229,27.633333333333333,1.7428293228149414,0.009510381037377256
COHFACE_s22_session3_natural,20,230,27.666666666666668,1.5986456871032715,-0.07557086620366221
COHFACE_s22_session3_natural,20,231,27.7,1.3704334497451782,-0.15790344228893755
COHFACE_s22_session3_natural,20,232,27.733333333333334,1.0447421073913574,-0.23331112371146942
COHFACE_s22_session3_natural,20,233,27.766666666666666,0.8116286396980286,-0.3030420405251942
COHFACE_s22_session3_natural,20,234,27.8,0.7523173093795776,-0.36554487633690125
COHFACE_s22_session3_natural,20,235,27.833333333333332,0.7339779138565063,-0.409646759372618
COHFACE_s22_session3_natural,20,236,27.866666666666667,0.6259890794754028,-0.416566143446825
COHFACE_s22_session3_natural,20,237,27.9,0.4174066483974457,-0.37064506262461033
COHFACE_s22_session3_natural,20,238,27.933333333333334,0.15492288768291473,-0.2713645914669171
COHFACE_s22_session3_natural,20,239,27.966666666666665,-0.11311976611614227,-0.1378300273530708
COHFACE_s22_session3_natural,21,0,21.0,1.6328303813934326,-0.1686356752164388
COHFACE_s22_session3_natural,21,1,21.033333333333335,1.4408625364303589,-0.19833438620680968
COHFACE_s22_session3_natural,21,2,21.066666666666666,1.1873996257781982,-0.21437135860944592
COHFACE_s22_session3_natural,21,3,21.1,0.914021372795105,-0.20796352997153666
COHFACE_s22_session3_natural,21,4,21.133333333333333,0.7664130330085754,-0.17494561073788092
COHFACE_s22_session3_natural,21,5,21.166666666666668,0.7519698739051819,-0.11767077740665217
COHFACE_s22_session3_natural,21,6,21.2,0.7391025424003601,-0.04606758042040337
COHFACE_s22_session3_natural,21,7,21.233333333333334,0.6172288656234741,0.02259880664542808
COHFACE_s22_session3_natural,21,8,21.266666666666666,0.39251574873924255,0.06622029251929194
COHFACE_s22_session3_natural,21,9,21.3,0.12973417341709137,0.06353313363996266
COHFACE_s22_session3_natural,21,10,21.333333333333332,-0.12380325794219971,0.0024427893968781327
COHFACE_s22_session3_natural,21,11,21.366666666666667,-0.3386145830154419,-0.11196119159548518
COHFACE_s22_session3_natural,21,12,21.4,-0.5017456412315369,-0.2542235418920214
COHFACE_s22_session3_natural,21,13,21.433333333333334,-0.6251206994056702,-0.38350958308692
COHFACE_s22_session3_natural,21,14,21.466666666666665,-0.7124250531196594,-0.4558971062078916
COHFACE_s22_session3_natural,21,15,21.5,-0.771513044834137,-0.43870855454311064
COHFACE_s22_session3_natural,21,16,21.533333333333335,-0.8264567255973816,-0.3203463196997308
COHFACE_s22_session3_natural,21,17,21.566666666666666,-0.8868227601051331,-0.11204439450326288
COHFACE_s22_session3_natural,21,18,21.6,-0.9452779293060303,0.15687462817890194
COHFACE_s22_session3_natural,21,19,21.633333333333333,-1.008026361465454,0.446004879203939
COHFACE_s22_session3_natural,21,20,21.666666666666668,-1.086434006690979,0.7110790001530515
COHFACE_s22_session3_natural,21,21,21.7,-1.1917054653167725,0.9120300960182165
COHFACE_s22_session3_natural,21,22,21.733333333333334,-1.317611813545227,1.0213662717359737
COHFACE_s22_session3_natural,21,23,21.766666666666666,-1.29239821434021,1.029700905207484
COHFACE_s22_session3_natural,21,24,21.8,-0.522479772567749,0.9453703041677479
COHFACE_s22_session3_natural,21,25,21.833333333333332,0.9336884021759033,0.7882967202552509
COHFACE_s22_session3_natural,21,26,21.866666666666667,1.9423041343688965,0.5820487439879986
COHFACE_s22_session3_natural,21,27,21.9,2.155874490737915,0.3488849953425638
COHFACE_s22_session3_natural,21,28,21.933333333333334,2.0204758644104004,0.10918566799990168
COHFACE_s22_session3_natural,21,29,21.966666666666665,1.831213116645813,-0.11755355702640402
COHFACE_s22_session3_natural,21,30,22.0,1.6596320867538452,-0.3140204024058635
COHFACE_s22_session3_natural,21,31,22.033333333333335,1.4662374258041382,-0.4698364218085222
COHFACE_s22_session3_natural,21,32,22.066666666666666,1.1800415515899658,-0.5868510202674265
COHFACE_s22_session3_natural,21,33,22.1,0.9269383549690247,-0.6801026726483127
COHFACE_s22_session3_natural,21,34,22.133333333333333,0.8358743190765381,-0.7716564676564304
COHFACE_s22_session3_natural,21,35,22.166666666666668,0.8266053795814514,-0.879056747797989
COHFACE_s22_session3_natural,21,36,22.2,0.7685844898223877,-1.0038388137304541
COHFACE_s22_session3_natural,21,37,22.233333333333334,0.5979464650154114,-1.126019906421629
COHFACE_s22_session3_natural,21,38,22.266666666666666,0.3462826609611511,-1.207441457257814
COHFACE_s22_session3_natural,21,39,22.3,0.07635395228862762,-1.2025611415229889
COHFACE_s22_session3_natural,21,40,22.333333333333332,-0.17213332653045654,-1.072535929464368
COHFACE_s22_session3_natural,21,41,22.366666666666667,-0.3774275481700897,-0.7981318338987882
COHFACE_s22_session3_natural,21,42,22.4,-0.5329399108886719,-0.3883916855789386
COHFACE_s22_session3_natural,21,43,22.433333333333334,-0.6473438739776611,0.11660851377820822
COHFACE_s22_session3_natural,21,44,22.466666666666665,-0.7276002764701843,0.6500956736842093
COHFACE_s22_session3_natural,21,45,22.5,-0.7906837463378906,1.1304646062252832
COHFACE_s22_session3_natural,21,46,22.533333333333335,-0.8524519205093384,1.4789095636726466
COHFACE_s22_session3_natural,21,47,22.566666666666666,-0.9168258309364319,1.6382756344163956
COHFACE_s22_session3_natural,21,48,22.6,-0.9856667518615723,1.58709416564753
COHFACE_s22_session3_natural,21,49,22.633333333333333,-1.0632926225662231,1.3439227165115721
COHFACE_s22_session3_natural,21,50,22.666666666666668,-1.1427053213119507,0.9608331618374547
COHFACE_s22_session3_natural,21,51,22.7,-1.226063847541809,0.5092290644459184
COHFACE_s22_session3_natural,21,52,22.733333333333334,-1.3249698877334595,0.06364863930145988
COHFACE_s22_session3_natural,21,53,22.766666666666666,-1.4443867206573486,-0.3116206294346357
COHFACE_s22_session3_natural,21,54,22.8,-1.4710396528244019,-0.5716164509957297
COHFACE_s22_session3_natural,21,55,22.833333333333332,-0.8588049411773682,-0.6963349829055188
COHFACE_s22_session3_natural,21,56,22.866666666666667,0.5746810436248779,-0.69294523707941
COHFACE_s22_session3_natural,21,57,22.9,1.7325552701950073,-0.5927760879012497
COHFACE_s22_session3_natural,21,58,22.933333333333334,2.0483076572418213,-0.44177079847557404
COHFACE_s22_session3_natural,21,59,22.966666666666665,1.8976469039916992,-0.2864627130557964
COHFACE_s22_session3_natural,21,60,23.0,1.6605627536773682,-0.16130367592838565
COHFACE_s22_session3_natural,21,61,23.033333333333335,1.451446771621704,-0.0830893748785928
COHFACE_s22_session3_natural,21,62,23.066666666666666,1.2352705001831055,-0.052953585960647816
COHFACE_s22_session3_natural,21,63,23.1,0.9435405731201172,-0.061260217403430954
COHFACE_s22_session3_natural,21,64,23.133333333333333,0.699011504650116,-0.09095871747004561
COHFACE_s22_session3_natural,21,65,23.166666666666668,0.6226760745048523,-0.11909955814007363
COHFACE_s22_session3_natural,21,66,23.2,0.647083044052124,-0.11958528178833619
COHFACE_s22_session3_natural,21,67,23.233333333333334,0.6098955869674683,-0.06987966243400237
COHFACE_s22_session3_natural,21,68,23.266666666666666,0.44935786724090576,0.039483201978827986
COHFACE_s22_session3_natural,21,69,23.3,0.20239679515361786,0.1975445515017343
COHFACE_s22_session3_natural,21,70,23.333333333333332,-0.06691151112318039,0.37281559558797395
COHFACE_s22_session3_natural,21,71,23.366666666666667,-0.3085990846157074,0.5219067086464616
COHFACE_s22_session3_natural,21,72,23.4,-0.49482184648513794,0.6035387957455908
COHFACE_s22_session3_natural,21,73,23.433333333333334,-0.6317715048789978,0.5918002857508748
COHFACE_s22_session3_natural,21,74,23.466666666666665,-0.7261485457420349,0.4835897215152577
COHFACE_s22_session3_natural,21,75,23.5,-0.7986870408058167,0.29876489150346536
COHFACE_s22_session3_natural,21,76,23.533333333333335,-0.8492258191108704,0.07476055426977114
COHFACE_s22_session3_natural,21,77,23.566666666666666,-0.9026060104370117,-0.1418136281442818
COHFACE_s22_session3_natural,21,78,23.6,-0.9598327875137329,-0.3056147599525542
COHFACE_s22_session3_natural,21,79,23.633333333333333,-1.0234497785568237,-0.38462575308803354
COHFACE_s22_session3_natural,21,80,23.666666666666668,-1.0962364673614502,-0.37099465160111195
COHFACE_s22_session3_natural,21,81,23.7,-1.1827342510223389,-0.2854127650780028
COHFACE_s22_session3_natural,21,82,23.733333333333334,-1.2844693660736084,-0.1711555100290462
COHFACE_s22_session3_natural,21,83,23.766666666666666,-1.4219650030136108,-0.07894595801336013
COHFACE_s22_session3_natural,21,84,23.8,-1.5057330131530762,-0.04922556328569519
COHFACE_s22_session3_natural,21,85,23.833333333333332,-1.0963605642318726,-0.09973059947229161
COHFACE_s22_session3_natural,21,86,23.866666666666667,0.17270389199256897,-0.22196768102269257
COHFACE_s22_session3_natural,21,87,23.9,1.3892319202423096,-0.38481552768953026
COHFACE_s22_session3_natural,21,88,23.933333333333334,1.7719638347625732,-0.541952296916084
COHFACE_s22_session3_natural,21,89,23.966666666666665,1.5834827423095703,-0.6415804559406166
COHFACE_s22_session3_natural,21,90,24.0,1.2600250244140625,-0.6385879624988563
COHFACE_s22_session3_natural,21,91,24.033333333333335,0.9648703336715698,-0.5083050828393497
COHFACE_s22_session3_natural,21,92,24.066666666666666,0.6825333833694458,-0.2576391165823544
COHFACE_s22_session3_natural,21,93,24.1,0.3829738199710846,0.07265270294744644
COHFACE_s22_session3_natural,21,94,24.133333333333333,0.21820488572120667,0.41813115176466314
COHFACE_s22_session3_natural,21,95,24.166666666666668,0.2668699622154236,0.710481752572902
COHFACE_s22_session3_natural,21,96,24.2,0.4008416533470154,0.8981631811737314
COHFACE_s22_session3_natural,21,97,24.233333333333334,0.4235735535621643,0.9583279861710368
COHFACE_s22_session3_natural,21,98,24.266666666666666,0.27603965997695923,0.8963095547462344
COHFACE_s22_session3_natural,21,99,24.3,0.0348484143614769,0.736536371689798
COHFACE_s22_session3_natural,21,100,24.333333333333332,-0.22058747708797455,0.512048552299265
COHFACE_s22_session3_natural,21,101,24.366666666666667,-0.4362798035144806,0.2575378410606424
COHFACE_s22_session3_natural,21,102,24.4,-0.6031457185745239,0.0058345862819721
COHFACE_s22_session3_natural,21,103,24.433333333333334,-0.7284192442893982,-0.21510618943739596
COHFACE_s22_session3_natural,21,104,24.466666666666665,-0.809072732925415,-0.38594676731406685
COHFACE_s22_session3_natural,21,105,24.5,-0.84633469581604,-0.49868315995554396
COHFACE_s22_session3_natural,21,106,24.533333333333335,-0.8613610863685608,-0.5563870632673736
COHFACE_s22_session3_natural,21,107,24.566666666666666,-0.8791172504425049,-0.5700440321166371
COHFACE_s22_session3_natural,21,108,24.6,-0.9182155728340149,-0.5541989218813387
COHFACE_s22_session3_natural,21,109,24.633333333333333,-1.0065374374389648,-0.5231899545444643
COHFACE_s22_session3_natural,21,110,24.666666666666668,-1.131227731704712,-0.4885543881734084
COHFACE_s22_session3_natural,21,111,24.7,-1.1936038732528687,-0.45698276575496327
COHFACE_s22_session3_natural,21,112,24.733333333333334,-0.7457535266876221,-0.42815618363127467
COHFACE_s22_session3_natural,21,113,24.766666666666666,0.45779547095298767,-0.3930057946506793
COHFACE_s22_session3_natural,21,114,24.8,1.5050379037857056,-0.3343439522620391
COHFACE_s22_session3_natural,21,115,24.833333333333332,1.7794957160949707,-0.23169191409978473
COHFACE_s22_session3_natural,21,116,24.866666666666667,1.571260690689087,-0.0697781979710174
COHFACE_s22_session3_natural,21,117,24.9,1.252952218055725,0.15268125072932498
COHFACE_s22_session3_natural,21,118,24.933333333333334,0.9676745533943176,0.4183079898638309
COHFACE_s22_session3_natural,21,119,24.966666666666665,0.6821983456611633,0.6930170462147588
COHFACE_s22_session3_natural,21,120,25.0,0.3949229419231415,0.9335185506610237
COHFACE_s22_session3_natural,21,121,25.033333333333335,0.27850890159606934,1.0970503247940138
COHFACE_s22_session3_natural,21,122,25.066666666666666,0.3683445155620575,1.1508896448173411
COHFACE_s22_session3_natural,21,123,25.1,0.49643468856811523,1.0805965407764588
COHFACE_s22_session3_natural,21,124,25.133333333333333,0.48250025510787964,0.8952812045732909
COHFACE_s22_session3_natural,21,125,25.166666666666668,0.30936816334724426,0.6269725647071678
COHFACE_s22_session3_natural,21,126,25.2,0.06775505095720291,0.32212068140909406
COHFACE_s22_session3_natural,21,127,25.233333333333334,-0.17186035215854645,0.026845167175223384
COHFACE_s22_session3_natural,21,128,25.266666666666666,-0.366049200296402,-0.22812745787404673
COHFACE_s22_session3_natural,21,129,25.3,-0.5146626234054565,-0.4351086635269992
COHFACE_s22_session3_natural,21,130,25.333333333333332,-0.6162239909172058,-0.6049728976699857
COHFACE_s22_session3_natural,21,131,25.366666666666667,-0.6678298711776733,-0.7527420707269316
COHFACE_s22_session3_natural,21,132,25.4,-0.699669361114502,-0.8821979197580373
COHFACE_s22_session3_natural,21,133,25.433333333333334,-0.7458900213241577,-0.9796507221576323
COHFACE_s22_session3_natural,21,134,25.466666666666665,-0.827647864818573,-1.0204766513284844
COHFACE_s22_session3_natural,21,135,25.5,-0.894354522228241,-0.9831344056435853
COHFACE_s22_session3_natural,21,136,25.533333333333335,-0.6840970516204834,-0.8610568480161055
COHFACE_s22_session3_natural,21,137,25.566666666666666,0.2316926270723343,-0.6654534498611806
COHFACE_s22_session3_natural,21,138,25.6,1.3732253313064575,-0.419167471497443
COHFACE_s22_session3_natural,21,139,25.633333333333333,1.910601019859314,-0.14752842032647556
COHFACE_s22_session3_natural,21,140,25.666666666666668,1.8506568670272827,0.127688205714775
COHFACE_s22_session3_natural,21,141,25.7,1.6011520624160767,0.3892662729825773
COHFACE_s22_session3_natural,21,142,25.733333333333334,1.3772083520889282,0.6228715529208774
COHFACE_s22_session3_natural,21,143,25.766666666666666,1.1738622188568115,0.8158674331580907
COHFACE_s22_session3_natural,21,144,25.8,0.9000248908996582,0.9569738535639235
COHFACE_s22_session3_natural,21,145,25.833333333333332,0.6414124965667725,1.0350409233752642
COHFACE_s22_session3_natural,21,146,25.866666666666667,0.5533636808395386,1.0371356543427857
COHFACE_s22_session3_natural,21,147,25.9,0.6049447059631348,0.94899012619537
COHFACE_s22_session3_natural,21,148,25.933333333333334,0.6254431009292603,0.7603115818110056
COHFACE_s22_session3_natural,21,149,25.966666666666665,0.503147542476654,0.4736155736626538
COHFACE_s22_session3_natural,21,150,26.0,0.27989861369132996,0.11134986633342603
COHFACE_s22_session3_natural,21,151,26.033333333333335,0.037205979228019714,-0.2841077156942317
COHFACE_s22_session3_natural,21,152,26.066666666666666,-0.1824817955493927,-0.6584986837431128
COHFACE_s22_session3_natural,21,153,26.1,-0.3586539030075073,-0.9575899877622115
COHFACE_s22_session3_natural,21,154,26.133333333333333,-0.49719181656837463,-1.1375458105134229
COHFACE_s22_session3_natural,21,155,26.166666666666668,-0.5998451113700867,-1.1713247391116441
COHFACE_s22_session3_natural,21,156,26.2,-0.6609929203987122,-1.0526127022052976
COHFACE_s22_session3_natural,21,157,26.233333333333334,-0.6947681307792664,-0.7994501592565417
COHFACE_s22_session3_natural,21,158,26.266666666666666,-0.7342014908790588,-0.45592565093936377
COHFACE_s22_session3_natural,21,159,26.3,-0.7965652346611023,-0.08711190527604411
COHFACE_s22_session3_natural,21,160,26.333333333333332,-0.8901357650756836,0.23531692859159065
COHFACE_s22_session3_natural,21,161,26.366666666666667,-1.0094656944274902,0.45321590961971475
COHFACE_s22_session3_natural,21,162,26.4,-0.9465063810348511,0.5393410773381861
COHFACE_s22_session3_natural,21,163,26.433333333333334,-0.17318803071975708,0.5038480905362687
COHFACE_s22_session3_natural,21,164,26.466666666666665,1.1078380346298218,0.38781272783446785
COHFACE_s22_session3_natural,21,165,26.5,1.9250441789627075,0.2482793262850315
COHFACE_s22_session3_natural,21,166,26.533333333333335,2.0548219680786133,0.14153379985503062
COHFACE_s22_session3_natural,21,167,26.566666666666666,1.8954133987426758,0.10926599609775485
COHFACE_s22_session3_natural,21,168,26.6,1.7057907581329346,0.16918996719749035
COHFACE_s22_session3_natural,21,169,26.633333333333333,1.544682264328003,0.31028674228494196
COHFACE_s22_session3_natural,21,170,26.666666666666668,1.3424776792526245,0.493679379725864
COHFACE_s22_session3_natural,21,171,26.7,1.0476207733154297,0.6608063713626623
COHFACE_s22_session3_natural,21,172,26.733333333333334,0.8142343759536743,0.7486821717978753
COHFACE_s22_session3_natural,21,173,26.766666666666666,0.7408024668693542,0.7084354987454158
COHFACE_s22_session3_natural,21,174,26.8,0.7289401888847351,0.5206798122133014
COHFACE_s22_session3_natural,21,175,26.833333333333332,0.6447006464004517,0.20204384958762497
COHFACE_s22_session3_natural,21,176,26.866666666666667,0.4360438287258148,-0.19850179121896358
COHFACE_s22_session3_natural,21,177,26.9,0.17045800387859344,-0.610481965236574
COHFACE_s22_session3_natural,21,178,26.933333333333334,-0.08712451905012131,-0.955755055740794
COHFACE_s22_session3_natural,21,179,26.966666666666665,-0.2969229221343994,-1.163086561124071
COHFACE_s22_session3_natural,21,180,27.0,-0.4565920829772949,-1.1833132172087966
COHFACE_s22_session3_natural,21,181,27.033333333333335,-0.5802401304244995,-1.00406993922358
COHFACE_s22_session3_natural,21,182,27.066666666666666,-0.6758827567100525,-0.6589948703715953
COHFACE_s22_session3_natural,21,183,27.1,-0.7397603988647461,-0.2241457766206194
COHFACE_s22_session3_natural,21,184,27.133333333333333,-0.7961185574531555,0.2015112362011714
COHFACE_s22_session3_natural,21,185,27.166666666666668,-0.8605421185493469,0.5261494897594748
COHFACE_s22_session3_natural,21,186,27.2,-0.9239854216575623,0.6931623997126375
COHFACE_s22_session3_natural,21,187,27.233333333333334,-0.9938313364982605,0.6947743457396726
COHFACE_s22_session3_natural,21,188,27.266666666666666,-1.0683799982070923,0.5668832306078402
COHFACE_s22_session3_natural,21,189,27.3,-1.140000343322754,0.37089493593634787
COHFACE_s22_session3_natural,21,190,27.333333333333332,-1.2180854082107544,0.1728510682865191
COHFACE_s22_session3_natural,21,191,27.366666666666667,-1.3114945888519287,0.02752437994542216
COHFACE_s22_session3_natural,21,192,27.4,-1.407013177871704,-0.03112993498318943
COHFACE_s22_session3_natural,21,193,27.433333333333334,-1.242517113685608,0.004434348479592063
COHFACE_s22_session3_natural,21,194,27.466666666666665,-0.24060195684432983,0.11320324313295574
COHFACE_s22_session3_natural,21,195,27.5,1.177572250366211,0.24980152297977953
COHFACE_s22_session3_natural,21,196,27.533333333333335,1.9680014848709106,0.3574043479102869
COHFACE_s22_session3_natural,21,197,27.566666666666666,2.0574400424957275,0.3867581577127969
COHFACE_s22_session3_natural,21,198,27.6,1.9014437198638916,0.3131862864445114
COHFACE_s22_session3_natural,21,199,27.633333333333333,1.7428293228149414,0.14295816283811869
COHFACE_s22_session3_natural,21,200,27.666666666666668,1.5986456871032715,-0.0931194963268378
COHFACE_s22_session3_natural,21,201,27.7,1.3704334497451782,-0.35323166296920655
COHFACE_s22_session3_natural,21,202,27.733333333333334,1.0447421073913574,-0.596997695230507
COHFACE_s22_session3_natural,21,203,27.766666666666666,0.8116286396980286,-0.7917781133689137
COHFACE_s22_session3_natural,21,204,27.8,0.7523173093795776,-0.9131497882964192
COHFACE_s22_session3_natural,21,205,27.833333333333332,0.7339779138565063,-0.9435621158941494
COHFACE_s22_session3_natural,21,206,27.866666666666667,0.6259890794754028,-0.8730866098257561
COHFACE_s22_session3_natural,21,207,27.9,0.4174066483974457,-0.7030743032251282
COHFACE_s22_session3_natural,21,208,27.933333333333334,0.15492288768291473,-0.4500998030056485
COHFACE_s22_session3_natural,21,209,27.966666666666665,-0.11311976611614227,-0.14652910493979399
COHFACE_s22_session3_natural,21,210,28.0,-0.3501294255256653,0.16384421068682536
COHFACE_s22_session3_natural,21,211,28.033333333333335,-0.5311779379844666,0.43387180978293677
COHFACE_s22_session3_natural,21,212,28.066666666666666,-0.6663532853126526,0.622678334613042
COHFACE_s22_session3_natural,21,213,28.1,-0.7740070819854736,0.7050185261324426
COHFACE_s22_session3_natural,21,214,28.133333333333333,-0.8496972918510437,0.6785144929812287
COHFACE_s22_session3_natural,21,215,28.166666666666668,-0.9060183167457581,0.5663881812694875
COHFACE_s22_session3_natural,21,216,28.2,-0.961582362651825,0.4132543963076555
COHFACE_s22_session3_natural,21,217,28.233333333333334,-1.0323588848114014,0.2732650321419651
COHFACE_s22_session3_natural,21,218,28.266666666666666,-1.1095753908157349,0.19345737535628973
COHFACE_s22_session3_natural,21,219,28.3,-1.1909236907958984,0.19833214867393897
COHFACE_s22_session3_natural,21,220,28.333333333333332,-1.276962399482727,0.2819654284194983
COHFACE_s22_session3_natural,21,221,28.366666666666667,-1.3555437326431274,0.4107721430646502
COHFACE_s22_session3_natural,21,222,28.4,-1.4236525297164917,0.5350380744544746
COHFACE_s22_session3_natural,21,223,28.433333333333334,-1.4949005842208862,0.6038909395789696
COHFACE_s22_session3_natural,21,224,28.466666666666665,-1.5941293239593506,0.5786828640219555
COHFACE_s22_session3_natural,21,225,28.5,-1.6578330993652344,0.44238532479534814
COHFACE_s22_session3_natural,21,226,28.533333333333335,-1.273227572441101,0.20468560660955223
COHFACE_s22_session3_natural,21,227,28.566666666666666,0.04182184115052223,-0.09762399707237858
COHFACE_s22_session3_natural,21,228,28.6,1.434459924697876,-0.4068570884751661
COHFACE_s22_session3_natural,21,229,28.633333333333333,1.9821096658706665,-0.6586162769982516
COHFACE_s22_session3_natural,21,230,28.666666666666668,1.9002277851104736,-0.8010496933835268
COHFACE_s22_session3_natural,21,231,28.7,1.640908122062683,-0.8117410082899001
COHFACE_s22_session3_natural,21,232,28.733333333333334,1.4105244874954224,-0.7044548743946675
COHFACE_s22_session3_natural,21,233,28.766666666666666,1.211148977279663,-0.5225437310844531
COHFACE_s22_session3_natural,21,234,28.8,0.9423866271972656,-0.322581836550691
COHFACE_s22_session3_natural,21,235,28.833333333333332,0.6558681130409241,-0.15609707524216762
COHFACE_s22_session3_natural,21,236,28.866666666666667,0.5216482281684875,-0.056322349496284424
COHFACE_s22_session3_natural,21,237,28.9,0.5373074412345886,-0.03273677703058685
COHFACE_s22_session3_natural,21,238,28.933333333333334,0.5465267300605774,-0.07251194595256695
COHFACE_s22_session3_natural,21,239,28.966666666666665,0.4313783347606659,-0.14645873022411807
COHFACE_s22_session3_natural,22,0,22.0,1.6596320867538452,-0.009625167126149015
COHFACE_s22_session3_natural,22,1,22.033333333333335,1.4662374258041382,-0.2726496705625071
COHFACE_s22_session3_natural,22,2,22.066666666666666,1.1800415515899658,-0.5276187334179159
COHFACE_s22_session3_natural,22,3,22.1,0.9269383549690247,-0.7704007861076716
COHFACE_s22_session3_natural,22,4,22.133333333333333,0.8358743190765381,-1.0006677846341299
COHFACE_s22_session3_natural,22,5,22.166666666666668,0.8266053795814514,-1.2161162780433572
COHFACE_s22_session3_natural,22,6,22.2,0.7685844898223877,-1.4035262164278315
COHFACE_s22_session3_natural,22,7,22.233333333333334,0.5979464650154114,-1.5334872873270549
COHFACE_s22_session3_natural,22,8,22.266666666666666,0.3462826609611511,-1.5645067892443574
COHFACE_s22_session3_natural,22,9,22.3,0.07635395228862762,-1.4564858995959686
COHFACE_s22_session3_natural,22,10,22.333333333333332,-0.17213332653045654,-1.187409400739068
COHFACE_s22_session3_natural,22,11,22.366666666666667,-0.3774275481700897,-0.7651197953318727
COHFACE_s22_session3_natural,22,12,22.4,-0.5329399108886719,-0.2296864602894579
COHFACE_s22_session3_natural,22,13,22.433333333333334,-0.6473438739776611,0.35287443731524787
COHFACE_s22_session3_natural,22,14,22.466666666666665,-0.7276002764701843,0.9024164668455207
COHFACE_s22_session3_natural,22,15,22.5,-0.7906837463378906,1.3393725954648126
COHFACE_s22_session3_natural,22,16,22.533333333333335,-0.8524519205093384,1.6005134328243367
COHFACE_s22_session3_natural,22,17,22.566666666666666,-0.9168258309364319,1.6532079967824171
COHFACE_s22_session3_natural,22,18,22.6,-0.9856667518615723,1.5037776960179698
COHFACE_s22_session3_natural,22,19,22.633333333333333,-1.0632926225662231,1.1955093647028177
COHFACE_s22_session3_natural,22,20,22.666666666666668,-1.1427053213119507,0.795764422650581
COHFACE_s22_session3_natural,22,21,22.7,-1.226063847541809,0.37718728100564647
COHFACE_s22_session3_natural,22,22,22.733333333333334,-1.3249698877334595,0.0011531095767708531
COHFACE_s22_session3_natural,22,23,22.766666666666666,-1.4443867206573486,-0.2905644129161393
COHFACE_s22_session3_natural,22,24,22.8,-1.4710396528244019,-0.4764160219244074
COHFACE_s22_session3_natural,22,25,22.833333333333332,-0.8588049411773682,-0.5533973325912009
COHFACE_s22_session3_natural,22,26,22.866666666666667,0.5746810436248779,-0.5370522340888082
COHFACE_s22_session3_natural,22,27,22.9,1.7325552701950073,-0.4615784804368766
COHFACE_s22_session3_natural,22,28,22.933333333333334,2.0483076572418213,-0.37452974770255465
COHFACE_s22_session3_natural,22,29,22.966666666666665,1.8976469039916992,-0.3229688697014019
COHFACE_s22_session3_natural,22,30,23.0,1.6605627536773682,-0.33584799233841095
COHFACE_s22_session3_natural,22,31,23.033333333333335,1.451446771621704,-0.41272703866252797
COHFACE_s22_session3_natural,22,32,23.066666666666666,1.2352705001831055,-0.525329452842141
COHFACE_s22_session3_natural,22,33,23.1,0.9435405731201172,-0.629844185514112
COHFACE_s22_session3_natural,22,34,23.133333333333333,0.699011504650116,-0.6821136960608226
COHFACE_s22_session3_natural,22,35,23.166666666666668,0.6226760745048523,-0.6485347907938597
COHFACE_s22_session3_natural,22,36,23.2,0.647083044052124,-0.5111042931829979
COHFACE_s22_session3_natural,22,37,23.233333333333334,0.6098955869674683,-0.26988325819835124
COHFACE_s22_session3_natural,22,38,23.266666666666666,0.44935786724090576,0.054286356726210086
COHFACE_s22_session3_natural,22,39,23.3,0.20239679515361786,0.4182955783467172
COHFACE_s22_session3_natural,22,40,23.333333333333332,-0.06691151112318039,0.7613952721614297
COHFACE_s22_session3_natural,22,41,23.366666666666667,-0.3085990846157074,1.0190340637490207
COHFACE_s22_session3_natural,22,42,23.4,-0.49482184648513794,1.142113967079732
COHFACE_s22_session3_natural,22,43,23.433333333333334,-0.6317715048789978,1.1123581572753185
COHFACE_s22_session3_natural,22,44,23.466666666666665,-0.7261485457420349,0.946161688293448
COHFACE_s22_session3_natural,22,45,23.5,-0.7986870408058167,0.6864027505175878
COHFACE_s22_session3_natural,22,46,23.533333333333335,-0.8492258191108704,0.3883010235761408
COHFACE_s22_session3_natural,22,47,23.566666666666666,-0.9026060104370117,0.10643431202680359
COHFACE_s22_session3_natural,22,48,23.6,-0.9598327875137329,-0.11481952862227196
COHFACE_s22_session3_natural,22,49,23.633333333333333,-1.0234497785568237,-0.24932575464592663
COHFACE_s22_session3_natural,22,50,23.666666666666668,-1.0962364673614502,-0.2959267380991766
COHFACE_s22_session3_natural,22,51,23.7,-1.1827342510223389,-0.280086977020409
COHFACE_s22_session3_natural,22,52,23.733333333333334,-1.2844693660736084,-0.24644167226497765
COHFACE_s22_session3_natural,22,53,23.766666666666666,-1.4219650030136108,-0.24281144023060425
COHFACE_s22_session3_natural,22,54,23.8,-1.5057330131530762,-0.3021970629891791
COHFACE_s22_session3_natural,22,55,23.833333333333332,-1.0963605642318726,-0.43112255920619164
COHFACE_s22_session3_natural,22,56,23.866666666666667,0.17270389199256897,-0.6081289900266642
COHFACE_s22_session3_natural,22,57,23.9,1.3892319202423096,-0.7900656860680841
COHFACE_s22_session3_natural,22,58,23.933333333333334,1.7719638347625732,-0.9218101767639804
COHFACE_s22_session3_natural,22,59,23.966666666666665,1.5834827423095703,-0.947255273084381
COHFACE_s22_session3_natural,22,60,24.0,1.2600250244140625,-0.8222326533868791
COHFACE_s22_session3_natural,22,61,24.033333333333335,0.9648703336715698,-0.5296794601768844
COHFACE_s22_session3_natural,22,62,24.066666666666666,0.6825333833694458,-0.09306419857122308
COHFACE_s22_session3_natural,22,63,24.1,0.3829738199710846,0.4197830159522677
COHFACE_s22_session3_natural,22,64,24.133333333333333,0.21820488572120667,0.9088387470860007
COHFACE_s22_session3_natural,22,65,24.166666666666668,0.2668699622154236,1.2690999785998889
COHFACE_s22_session3_natural,22,66,24.2,0.4008416533470154,1.422658965647642
COHFACE_s22_session3_natural,22,67,24.233333333333334,0.4235735535621643,1.3414641933920337
COHFACE_s22_session3_natural,22,68,24.266666666666666,0.27603965997695923,1.051795785781573
COHFACE_s22_session3_natural,22,69,24.3,0.0348484143614769,0.621508041940033
COHFACE_s22_session3_natural,22,70,24.333333333333332,-0.22058747708797455,0.13854287124315556
COHFACE_s22_session3_natural,22,71,24.366666666666667,-0.4362798035144806,-0.30995383621974715
COHFACE_s22_session3_natural,22,72,24.4,-0.6031457185745239,-0.6534256231560857
COHFACE_s22_session3_natural,22,73,24.433333333333334,-0.7284192442893982,-0.8489637496515594
COHFACE_s22_session3_natural,22,74,24.466666666666665,-0.809072732925415,-0.888229582311858
COHFACE_s22_session3_natural,22,75,24.5,-0.84633469581604,-0.7981783286786237
COHFACE_s22_session3_natural,22,76,24.533333333333335,-0.8613610863685608,-0.6324850108021648
COHFACE_s22_session3_natural,22,77,24.566666666666666,-0.8791172504425049,-0.45387910454098707
COHFACE_s22_session3_natural,22,78,24.6,-0.9182155728340149,-0.3137868805822577
COHFACE_s22_session3_natural,22,79,24.633333333333333,-1.0065374374389648,-0.23852884035779404
COHFACE_s22_session3_natural,22,80,24.666666666666668,-1.131227731704712,-0.2268444587240219
COHFACE_s22_session3_natural,22,81,24.7,-1.1936038732528687,-0.2562019010078395
COHFACE_s22_session3_natural,22,82,24.733333333333334,-0.7457535266876221,-0.2918693008956164
COHFACE_s22_session3_natural,22,83,24.766666666666666,0.45779547095298767,-0.29482005555526053
COHFACE_s22_session3_natural,22,84,24.8,1.5050379037857056,-0.229244196160967
COHFACE_s22_session3_natural,22,85,24.833333333333332,1.7794957160949707,-0.07216280678061329
COHFACE_s22_session3_natural,22,86,24.866666666666667,1.571260690689087,0.17616217393220282
COHFACE_s22_session3_natural,22,87,24.9,1.252952218055725,0.4868626432931427
COHFACE_s22_session3_natural,22,88,24.933333333333334,0.9676745533943176,0.8074098242865806
COHFACE_s22_session3_natural,22,89,24.966666666666665,0.6821983456611633,1.0763985926801318
COHFACE_s22_session3_natural,22,90,25.0,0.3949229419231415,1.2411943641578596
COHFACE_s22_session3_natural,22,91,25.033333333333335,0.27850890159606934,1.2699282832905465
COHFACE_s22_session3_natural,22,92,25.066666666666666,0.3683445155620575,1.1546442294400054
COHFACE_s22_session3_natural,22,93,25.1,0.49643468856811523,0.9089361540081813
COHFACE_s22_session3_natural,22,94,25.133333333333333,0.48250025510787964,0.5648359614456183
COHFACE_s22_session3_natural,22,95,25.166666666666668,0.30936816334724426,0.1700581545082645
COHFACE_s22_session3_natural,22,96,25.2,0.06775505095720291,-0.21765477664714802
COHFACE_s22_session3_natural,22,97,25.233333333333334,-0.17186035215854645,-0.5425053450591919
COHFACE_s22_session3_natural,22,98,25.266666666666666,-0.366049200296402,-0.7669474053766742
COHFACE_s22_session3_natural,22,99,25.3,-0.5146626234054565,-0.8841890735429483
COHFACE_s22_session3_natural,22,100,25.333333333333332,-0.6162239909172058,-0.9179939744510133
COHFACE_s22_session3_natural,22,101,25.366666666666667,-0.6678298711776733,-0.907464254377335
COHFACE_s22_session3_natural,22,102,25.4,-0.699669361114502,-0.8847916845115378
COHFACE_s22_session3_natural,22,103,25.433333333333334,-0.7458900213241577,-0.8595578643711115
COHFACE_s22_session3_natural,22,104,25.466666666666665,-0.827647864818573,-0.8185200631988108
COHFACE_s22_session3_natural,22,105,25.5,-0.894354522228241,-0.7389950410484143
COHFACE_s22_session3_natural,22,106,25.533333333333335,-0.6840970516204834,-0.6053374823654509
COHFACE_s22_session3_natural,22,107,25.566666666666666,0.2316926270723343,-0.4174418536309098
COHFACE_s22_session3_natural,22,108,25.6,1.3732253313064575,-0.18775982418296752
COHFACE_s22_session3_natural,22,109,25.633333333333333,1.910601019859314,0.06768559262598481
COHFACE_s22_session3_natural,22,110,25.666666666666668,1.8506568670272827,0.335636657593871
COHFACE_s22_session3_natural,22,111,25.7,1.6011520624160767,0.6046910357565232
COHFACE_s22_session3_natural,22,112,25.733333333333334,1.3772083520889282,0.8598563074490002
COHFACE_s22_session3_natural,22,113,25.766666666666666,1.1738622188568115,1.0790062051857952
COHFACE_s22_session3_natural,22,114,25.8,0.9000248908996582,1.2344775640627734
COHFACE_s22_session3_natural,22,115,25.833333333333332,0.6414124965667725,1.2979542500393508
COHFACE_s22_session3_natural,22,116,25.866666666666667,0.5533636808395386,1.2457655906865654
COHFACE_s22_session3_natural,22,117,25.9,0.6049447059631348,1.0639645572537375
COHFACE_s22_session3_natural,22,118,25.933333333333334,0.6254431009292603,0.7540558808342158
COHFACE_s22_session3_natural,22,119,25.966666666666665,0.503147542476654,0.33880123528278616
COHFACE_s22_session3_natural,22,120,26.0,0.27989861369132996,-0.1357380710021353
COHFACE_s22_session3_natural,22,121,26.033333333333335,0.037205979228019714,-0.606285810907917
COHFACE_s22_session3_natural,22,122,26.066666666666666,-0.1824817955493927,-1.006234259667542
COHFACE_s22_session3_natural,22,123,26.1,-0.3586539030075073,-1.2814159475565678
COHFACE_s22_session3_natural,22,124,26.133333333333333,-0.49719181656837463,-1.400822104636084
COHFACE_s22_session3_natural,22,125,26.166666666666668,-0.5998451113700867,-1.359191187039216
COHFACE_s22_session3_natural,22,126,26.2,-0.6609929203987122,-1.1737328189450391
COHFACE_s22_session3_natural,22,127,26.233333333333334,-0.6947681307792664,-0.8796713554439002
COHFACE_s22_session3_natural,22,128,26.266666666666666,-0.7342014908790588,-0.5268317112878802
COHFACE_s22_session3_natural,22,129,26.3,-0.7965652346611023,-0.17507155989945883
COHFACE_s22_session3_natural,22,130,26.333333333333332,-0.8901357650756836,0.11543082102549894
COHFACE_s22_session3_natural,22,131,26.366666666666667,-1.0094656944274902,0.29984627512496703
COHFACE_s22_session3_natural,22,132,26.4,-0.9465063810348511,0.3646996925420366
COHFACE_s22_session3_natural,22,133,26.433333333333334,-0.17318803071975708,0.334875472209183
COHFACE_s22_session3_natural,22,134,26.466666666666665,1.1078380346298218,0.26571799668723384
COHFACE_s22_session3_natural,22,135,26.5,1.9250441789627075,0.22243659666063698
COHFACE_s22_session3_natural,22,136,26.533333333333335,2.0548219680786133,0.2559662970700538
COHFACE_s22_session3_natural,22,137,26.566666666666666,1.8954133987426758,0.38570694703010844
COHFACE_s22_session3_natural,22,138,26.6,1.7057907581329346,0.5946279512866077
COHFACE_s22_session3_natural,22,139,26.633333333333333,1.544682264328003,0.83563705132971
COHFACE_s22_session3_natural,22,140,26.666666666666668,1.3424776792526245,1.044729566522465
COHFACE_s22_session3_natural,22,141,26.7,1.0476207733154297,1.15667902246713
COHFACE_s22_session3_natural,22,142,26.733333333333334,0.8142343759536743,1.1205717431005522
COHFACE_s22_session3_natural,22,143,26.766666666666666,0.7408024668693542,0.9130022063754529
COHFACE_s22_session3_natural,22,144,26.8,0.7289401888847351,0.5458194309688016
COHFACE_s22_session3_natural,22,145,26.833333333333332,0.6447006464004517,0.06542840942381517
COHFACE_s22_session3_natural,22,146,26.866666666666667,0.4360438287258148,-0.45642925740624546
COHFACE_s22_session3_natural,22,147,26.9,0.17045800387859344,-0.9370684226635502
COHFACE_s22_session3_natural,22,148,26.933333333333334,-0.08712451905012131,-1.2981736320343544
COHFACE_s22_session3_natural,22,149,26.966666666666665,-0.2969229221343994,-1.4794428488838032
COHFACE_s22_session3_natural,22,150,27.0,-0.4565920829772949,-1.4500965968639692
COHFACE_s22_session3_natural,22,151,27.033333333333335,-0.5802401304244995,-1.2177618699588308
COHFACE_s22_session3_natural,22,152,27.066666666666666,-0.6758827567100525,-0.8316156730311136
COHFACE_s22_session3_natural,22,153,27.1,-0.7397603988647461,-0.37489604730193443
COHFACE_s22_session3_natural,22,154,27.133333333333333,-0.7961185574531555,0.05545485378373505
COHFACE_s22_session3_natural,22,155,27.166666666666668,-0.8605421185493469,0.3773666581485941
COHFACE_s22_session3_natural,22,156,27.2,-0.9239854216575623,0.5487645591352077
COHFACE_s22_session3_natural,22,157,27.233333333333334,-0.9938313364982605,0.5768596013456271
COHFACE_s22_session3_natural,22,158,27.266666666666666,-1.0683799982070923,0.507490540489542
COHFACE_s22_session3_natural,22,159,27.3,-1.140000343322754,0.4016806721718098
COHFACE_s22_session3_natural,22,160,27.333333333333332,-1.2180854082107544,0.31248598577010495
COHFACE_s22_session3_natural,22,161,27.366666666666667,-1.3114945888519287,0.27213494402579486
COHFACE_s22_session3_natural,22,162,27.4,-1.407013177871704,0.29020625773972514
COHFACE_s22_session3_natural,22,163,27.433333333333334,-1.242517113685608,0.35666275983690665
COHFACE_s22_session3_natural,22,164,27.466666666666665,-0.24060195684432983,0.44487943572352595
COHFACE_s22_session3_natural,22,165,27.5,1.177572250366211,0.5155754360889555
COHFACE_s22_session3_natural,22,166,27.533333333333335,1.9680014848709106,0.5255094763357616
COHFACE_s22_session3_natural,22,167,27.566666666666666,2.0574400424957275,0.4417791498199434
COHFACE_s22_session3_natural,22,168,27.6,1.9014437198638916,0.2559990393843617
COHFACE_s22_session3_natural,22,169,27.633333333333333,1.7428293228149414,-0.0103712975459494
COHFACE_s22_session3_natural,22,170,27.666666666666668,1.5986456871032715,-0.31328632553597535
COHFACE_s22_session3_natural,22,171,27.7,1.3704334497451782,-0.6012890210094081
COHFACE_s22_session3_natural,22,172,27.733333333333334,1.0447421073913574,-0.8295507250419478
COHFACE_s22_session3_natural,22,173,27.766666666666666,0.8116286396980286,-0.9663925555329461
COHFACE_s22_session3_natural,22,174,27.8,0.7523173093795776,-0.9931592686212776
COHFACE_s22_session3_natural,22,175,27.833333333333332,0.7339779138565063,-0.9033222674193345
COHFACE_s22_session3_natural,22,176,27.866666666666667,0.6259890794754028,-0.7047364937223343
COHFACE_s22_session3_natural,22,177,27.9,0.4174066483974457,-0.42309952934331235
COHFACE_s22_session3_natural,22,178,27.933333333333334,0.15492288768291473,-0.10105534519780841
COHFACE_s22_session3_natural,22,179,27.966666666666665,-0.11311976611614227,0.21042954318706888
COHFACE_s22_session3_natural,22,180,28.0,-0.3501294255256653,0.46527795375445424
COHFACE_s22_session3_natural,22,181,28.033333333333335,-0.5311779379844666,0.6328635800068102
COHFACE_s22_session3_natural,22,182,28.066666666666666,-0.6663532853126526,0.7016159213710267
COHFACE_s22_session3_natural,22,183,28.1,-0.7740070819854736,0.6772851383811516
COHFACE_s22_session3_natural,22,184,28.133333333333333,-0.8496972918510437,0.5800249758858259
COHFACE_s22_session3_natural,22,185,28.166666666666668,-0.9060183167457581,0.44214137443608065
COHFACE_s22_session3_natural,22,186,28.2,-0.961582362651825,0.3041201474295321
COHFACE_s22_session3_natural,22,187,28.233333333333334,-1.0323588848114014,0.2054012554501112
COHFACE_s22_session3_natural,22,188,28.266666666666666,-1.1095753908157349,0.17066175047815532
COHFACE_s22_session3_natural,22,189,28.3,-1.1909236907958984,0.19813533873462444
COHFACE_s22_session3_natural,22,190,28.333333333333332,-1.276962399482727,0.25796322642187325
COHFACE_s22_session3_natural,22,191,28.366666666666667,-1.3555437326431274,0.30349545048425774
COHFACE_s22_session3_natural,22,192,28.4,-1.4236525297164917,0.28975810649076017
COHFACE_s22_session3_natural,22,193,28.433333333333334,-1.4949005842208862,0.18864719046609482
COHFACE_s22_session3_natural,22,194,28.466666666666665,-1.5941293239593506,-0.005438106842738663
COHFACE_s22_session3_natural,22,195,28.5,-1.6578330993652344,-0.2775934416331351
COHFACE_s22_session3_natural,22,196,28.533333333333335,-1.273227572441101,-0.5956700631508359
COHFACE_s22_session3_natural,22,197,28.566666666666666,0.04182184115052223,-0.9111126383869282
COHFACE_s22_session3_natural,22,198,28.6,1.434459924697876,-1.1607768462523427
COHFACE_s22_session3_natural,22,199,28.633333333333333,1.9821096658706665,-1.2767290290536357
COHFACE_s22_session3_natural,22,200,28.666666666666668,1.9002277851104736,-1.2059958188484956
COHFACE_s22_session3_natural,22,201,28.7,1.640908122062683,-0.9330083456071923
COHFACE_s22_session3_natural,22,202,28.733333333333334,1.4105244874954224,-0.49231736601706216
COHFACE_s22_session3_natural,22,203,28.766666666666666,1.211148977279663,0.037283144731827415
COHFACE_s22_session3_natural,22,204,28.8,0.9423866271972656,0.5554548675059733
COHFACE_s22_session3_natural,22,205,28.833333333333332,0.6558681130409241,0.9687227745757157
COHFACE_s22_session3_natural,22,206,28.866666666666667,0.5216482281684875,1.2126363252102
COHFACE_s22_session3_natural,22,207,28.9,0.5373074412345886,1.2620895214067234
COHFACE_s22_session3_natural,22,208,28.933333333333334,0.5465267300605774,1.1315432448835605
COHFACE_s22_session3_natural,22,209,28.966666666666665,0.4313783347606659,0.869464788297694
COHFACE_s22_session3_natural,22,210,29.0,0.20079612731933594,0.5481511375816336
COHFACE_s22_session3_natural,22,211,29.033333333333335,-0.062370095402002335,0.24733883398365658
COHFACE_s22_session3_natural,22,212,29.066666666666666,-0.30755677819252014,0.032881181715009256
COHFACE_s22_session3_natural,22,213,29.1,-0.5025646090507507,-0.0627862945621304
COHFACE_s22_session3_natural,22,214,29.133333333333333,-0.645743191242218,-0.04973603150484769
COHFACE_s22_session3_natural,22,215,29.166666666666668,-0.754575788974762,0.025516113063792048
COHFACE_s22_session3_natural,22,216,29.2,-0.8332315683364868,0.09828571372589455
COHFACE_s22_session3_natural,22,217,29.233333333333334,-0.8893167972564697,0.10771070023695985
COHFACE_s22_session3_natural,22,218,29.266666666666666,-0.9395825862884521,0.0145723560912107
COHFACE_s22_session3_natural,22,219,29.3,-0.9939678311347961,-0.18858121695997992
COHFACE_s22_session3_natural,22,220,29.333333333333332,-1.059942364692688,-0.47506779040170205
COHFACE_s22_session3_natural,22,221,29.366666666666667,-1.133126139640808,-0.7888233653051797
COHFACE_s22_session3_natural,22,222,29.4,-1.207339882850647,-1.0565174899051257
COHFACE_s22_session3_natural,22,223,29.433333333333334,-1.2956243753433228,-1.2064705900474082
COHFACE_s22_session3_natural,22,224,29.466666666666665,-1.4050650596618652,-1.1898936165159997
COHFACE_s22_session3_natural,22,225,29.5,-1.537039041519165,-0.9964275340128677
COHFACE_s22_session3_natural,22,226,29.533333333333335,-1.616104245185852,-0.6570170448565462
COHFACE_s22_session3_natural,22,227,29.566666666666666,-1.222452998161316,-0.23312690582143436
COHFACE_s22_session3_natural,22,228,29.6,0.08614405244588852,0.20139210865899634
COHFACE_s22_session3_natural,22,229,29.633333333333333,1.3878669738769531,0.5768309749194791
COHFACE_s22_session3_natural,22,230,29.666666666666668,1.821311354637146,0.8381295809646407
COHFACE_s22_session3_natural,22,231,29.7,1.6455239057540894,0.9512923597861933
COHFACE_s22_session3_natural,22,232,29.733333333333334,1.3076726198196411,0.9092388597923439
COHFACE_s22_session3_natural,22,233,29.766666666666666,1.0135477781295776,0.7369441231891417
COHFACE_s22_session3_natural,22,234,29.8,0.7376134991645813,0.4908774535333959
COHFACE_s22_session3_natural,22,235,29.833333333333332,0.41719570755958557,0.24713964427094856
COHFACE_s22_session3_natural,22,236,29.866666666666667,0.20434488356113434,0.07851167223033788
COHFACE_s22_session3_natural,22,237,29.9,0.2261461466550827,0.028522967117791124
COHFACE_s22_session3_natural,22,238,29.933333333333334,0.3604776859283447,0.09438363383856721
COHFACE_s22_session3_natural,22,239,29.966666666666665,0.3955061137676239,0.22747897355512417
COHFACE_s22_session3_natural,23,0,23.0,1.6605627536773682,0.00329020773998077
COHFACE_s22_session3_natural,23,1,23.033333333333335,1.451446771621704,-0.21609904572080763
COHFACE_s22_session3_natural,23,2,23.066666666666666,1.2352705001831055,-0.44109252134559807
COHFACE_s22_session3_natural,23,3,23.1,0.9435405731201172,-0.6618664816429422
COHFACE_s22_session3_natural,23,4,23.133333333333333,0.699011504650116,-0.8512248647698504
COHFACE_s22_session3_natural,23,5,23.166666666666668,0.6226760745048523,-0.9684168510465697
COHFACE_s22_session3_natural,23,6,23.2,0.647083044052124,-0.9716152596761761
COHFACE_s22_session3_natural,23,7,23.233333333333334,0.6098955869674683,-0.8349136896153809
COHFACE_s22_session3_natural,23,8,23.266666666666666,0.44935786724090576,-0.5635258190509014
COHFACE_s22_session3_natural,23,9,23.3,0.20239679515361786,-0.20058449791208777
COHFACE_s22_session3_natural,23,10,23.333333333333332,-0.06691151112318039,0.17909097910504382
COHFACE_s22_session3_natural,23,11,23.366666666666667,-0.3085990846157074,0.4883478953697369
COHFACE_s22_session3_natural,23,12,23.4,-0.49482184648513794,0.6542523383864971
COHFACE_s22_session3_natural,23,13,23.433333333333334,-0.6317715048789978,0.6418727832931961
COHFACE_s22_session3_natural,23,14,23.466666666666665,-0.7261485457420349,0.466103297542969
COHFACE_s22_session3_natural,23,15,23.5,-0.7986870408058167,0.18740097124548125
COHFACE_s22_session3_natural,23,16,23.533333333333335,-0.8492258191108704,-0.1062338112240423
COHFACE_s22_session3_natural,23,17,23.566666666666666,-0.9026060104370117,-0.3243441515610916
COHFACE_s22_session3_natural,23,18,23.6,-0.9598327875137329,-0.39891751406517223
COHFACE_s22_session3_natural,23,19,23.633333333333333,-1.0234497785568237,-0.3033772637954501
COHFACE_s22_session3_natural,23,20,23.666666666666668,-1.0962364673614502,-0.06128879001356715
COHFACE_s22_session3_natural,23,21,23.7,-1.1827342510223389,0.25838112991650597
COHFACE_s22_session3_natural,23,22,23.733333333333334,-1.2844693660736084,0.5601253603892554
COHFACE_s22_session3_natural,23,23,23.766666666666666,-1.4219650030136108,0.7507258928779872
COHFACE_s22_session3_natural,23,24,23.8,-1.5057330131530762,0.76823820301896
COHFACE_s22_session3_natural,23,25,23.833333333333332,-1.0963605642318726,0.5999952728950837
COHFACE_s22_session3_natural,23,26,23.866666666666667,0.17270389199256897,0.2842321758631094
COHFACE_s22_session3_natural,23,27,23.9,1.3892319202423096,-0.10234078412794843
COHFACE_s22_session3_natural,23,28,23.933333333333334,1.7719638347625732,-0.46504968304886257
COHFACE_s22_session3_natural,23,29,23.966666666666665,1.5834827423095703,-0.7143527465379934
COHFACE_s22_session3_natural,23,30,24.0,1.2600250244140625,-0.7874496808380415
COHFACE_s22_session3_natural,23,31,24.033333333333335,0.9648703336715698,-0.6645575034621435
COHFACE_s22_session3_natural,23,32,24.066666666666666,0.6825333833694458,-0.37520985787031186
COHFACE_s22_session3_natural,23,33,24.1,0.3829738199710846,0.009096749417201773
COHFACE_s22_session3_natural,23,34,24.133333333333333,0.21820488572120667,0.3950581751709903
COHFACE_s22_session3_natural,23,35,24.166666666666668,0.2668699622154236,0.6940236836714799
COHFACE_s22_session3_natural,23,36,24.2,0.4008416533470154,0.8453544844820323
COHFACE_s22_session3_natural,23,37,24.233333333333334,0.4235735535621643,0.8288616515248693
COHFACE_s22_session3_natural,23,38,24.266666666666666,0.27603965997695923,0.663766182846732
COHFACE_s22_session3_natural,23,39,24.3,0.0348484143614769,0.3974604681362399
COHFACE_s22_session3_natural,23,40,24.333333333333332,-0.22058747708797455,0.09045053141251631
COHFACE_s22_session3_natural,23,41,24.366666666666667,-0.4362798035144806,-0.1972202860612061
COHFACE_s22_session3_natural,23,42,24.4,-0.6031457185745239,-0.416598979450964
COHFACE_s22_session3_natural,23,43,24.433333333333334,-0.7284192442893982,-0.5383948754279937
COHFACE_s22_session3_natural,23,44,24.466666666666665,-0.809072732925415,-0.5588197952984727
COHFACE_s22_session3_natural,23,45,24.5,-0.84633469581604,-0.4996153171957996
COHFACE_s22_session3_natural,23,46,24.533333333333335,-0.8613610863685608,-0.4000361005934334
COHFACE_s22_session3_natural,23,47,24.566666666666666,-0.8791172504425049,-0.3027495370474333
COHFACE_s22_session3_natural,23,48,24.6,-0.9182155728340149,-0.23997618893716252
COHFACE_s22_session3_natural,23,49,24.633333333333333,-1.0065374374389648,-0.22643030791103239
COHFACE_s22_session3_natural,23,50,24.666666666666668,-1.131227731704712,-0.2604701336284765
COHFACE_s22_session3_natural,23,51,24.7,-1.1936038732528687,-0.3291478587354329
COHFACE_s22_session3_natural,23,52,24.733333333333334,-0.7457535266876221,-0.41188003997092976
COHFACE_s22_session3_natural,23,53,24.766666666666666,0.45779547095298767,-0.4813046624273092
COHFACE_s22_session3_natural,23,54,24.8,1.5050379037857056,-0.5047328168618178
COHFACE_s22_session3_natural,23,55,24.833333333333332,1.7794957160949707,-0.4506542331209684
COHFACE_s22_session3_natural,23,56,24.866666666666667,1.571260690689087,-0.3003243965497191
COHFACE_s22_session3_natural,23,57,24.9,1.252952218055725,-0.058775717481349334
COHFACE_s22_session3_natural,23,58,24.933333333333334,0.9676745533943176,0.24189729571369095
COHFACE_s22_session3_natural,23,59,24.966666666666665,0.6821983456611633,0.5499871581235974
COHFACE_s22_session3_natural,23,60,25.0,0.3949229419231415,0.8085339852527497
COHFACE_s22_session3_natural,23,61,25.033333333333335,0.27850890159606934,0.9692553573234975
COHFACE_s22_session3_natural,23,62,25.066666666666666,0.3683445155620575,1.0016670159877343
COHFACE_s22_session3_natural,23,63,25.1,0.49643468856811523,0.8980579289799087
COHFACE_s22_session3_natural,23,64,25.133333333333333,0.48250025510787964,0.6763594744614647
COHFACE_s22_session3_natural,23,65,25.166666666666668,0.30936816334724426,0.3802854771430388
COHFACE_s22_session3_natural,23,66,25.2,0.06775505095720291,0.07299288314755085
COHFACE_s22_session3_natural,23,67,25.233333333333334,-0.17186035215854645,-0.17864535894638278
COHFACE_s22_session3_natural,23,68,25.266666666666666,-0.366049200296402,-0.32596667846841243
COHFACE_s22_session3_natural,23,69,25.3,-0.5146626234054565,-0.3567238775048299
COHFACE_s22_session3_natural,23,70,25.333333333333332,-0.6162239909172058,-0.29849368193779713
COHFACE_s22_session3_natural,23,71,25.366666666666667,-0.6678298711776733,-0.20333255301397332
COHFACE_s22_session3_natural,23,72,25.4,-0.699669361114502,-0.12177444240103848
COHFACE_s22_session3_natural,23,73,25.433333333333334,-0.7458900213241577,-0.0816476112271841
COHFACE_s22_session3_natural,23,74,25.466666666666665,-0.827647864818573,-0.0830256418605547
COHFACE_s22_session3_natural,23,75,25.5,-0.894354522228241,-0.10882940915144759
COHFACE_s22_session3_natural,23,76,25.533333333333335,-0.6840970516204834,-0.14045139435147444
COHFACE_s22_session3_natural,23,77,25.566666666666666,0.2316926270723343,-0.1665368834098404
COHFACE_s22_session3_natural,23,78,25.6,1.3732253313064575,-0.18128104370613826
COHFACE_s22_session3_natural,23,79,25.633333333333333,1.910601019859314,-0.17805586671647766
COHFACE_s22_session3_natural,23,80,25.666666666666668,1.8506568670272827,-0.1464879634737623
COHFACE_s22_session3_natural,23,81,25.7,1.6011520624160767,-0.07631084339662399
COHFACE_s22_session3_natural,23,82,25.733333333333334,1.3772083520889282,0.03521870419612142
COHFACE_s22_session3_natural,23,83,25.766666666666666,1.1738622188568115,0.17828245722650712
COHFACE_s22_session3_natural,23,84,25.8,0.9000248908996582,0.33085562381964256
COHFACE_s22_session3_natural,23,85,25.833333333333332,0.6414124965667725,0.4630141992759148
COHFACE_s22_session3_natural,23,86,25.866666666666667,0.5533636808395386,0.5424806887416431
COHFACE_s22_session3_natural,23,87,25.9,0.6049447059631348,0.540342973514807
COHFACE_s22_session3_natural,23,88,25.933333333333334,0.6254431009292603,0.4375361319094919
COHFACE_s22_session3_natural,23,89,25.966666666666665,0.503147542476654,0.23217013431608235
COHFACE_s22_session3_natural,23,90,26.0,0.27989861369132996,-0.0547276643601765
COHFACE_s22_session3_natural,23,91,26.033333333333335,0.037205979228019714,-0.37896331820262946
COHFACE_s22_session3_natural,23,92,26.066666666666666,-0.1824817955493927,-0.6804198844982005
COHFACE_s22_session3_natural,23,93,26.1,-0.3586539030075073,-0.8961811262534203
COHFACE_s22_session3_natural,23,94,26.133333333333333,-0.49719181656837463,-0.9755649042265941
COHFACE_s22_session3_natural,23,95,26.166666666666668,-0.5998451113700867,-0.8929794666630738
COHFACE_s22_session3_natural,23,96,26.2,-0.6609929203987122,-0.6558891963929606
COHFACE_s22_session3_natural,23,97,26.233333333333334,-0.6947681307792664,-0.30645166586944284
COHFACE_s22_session3_natural,23,98,26.266666666666666,-0.7342014908790588,0.08426821319752964
COHFACE_s22_session3_natural,23,99,26.3,-0.7965652346611023,0.4300816667833235
COHFACE_s22_session3_natural,23,100,26.333333333333332,-0.8901357650756836,0.650048142118177
COHFACE_s22_session3_natural,23,101,26.366666666666667,-1.0094656944274902,0.690985699794437
COHFACE_s22_session3_natural,23,102,26.4,-0.9465063810348511,0.5452077073594567
COHFACE_s22_session3_natural,23,103,26.433333333333334,-0.17318803071975708,0.25654042654468334
COHFACE_s22_session3_natural,23,104,26.466666666666665,1.1078380346298218,-0.08909217635773174
COHFACE_s22_session3_natural,23,105,26.5,1.9250441789627075,-0.3868809521923413
COHFACE_s22_session3_natural,23,106,26.533333333333335,2.0548219680786133,-0.5433733797842667
COHFACE_s22_session3_natural,23,107,26.566666666666666,1.8954133987426758,-0.5043881557301072
COHFACE_s22_session3_natural,23,108,26.6,1.7057907581329346,-0.27220149718204917
COHFACE_s22_session3_natural,23,109,26.633333333333333,1.544682264328003,0.09313974941387822
COHFACE_s22_session3_natural,23,110,26.666666666666668,1.3424776792526245,0.4895274108104708
COHFACE_s22_session3_natural,23,111,26.7,1.0476207733154297,0.8020033035923012
COHFACE_s22_session3_natural,23,112,26.733333333333334,0.8142343759536743,0.9369853692737691
COHFACE_s22_session3_natural,23,113,26.766666666666666,0.7408024668693542,0.8501615618750692
COHFACE_s22_session3_natural,23,114,26.8,0.7289401888847351,0.5583556528066109
COHFACE_s22_session3_natural,23,115,26.833333333333332,0.6447006464004517,0.13194731231196902
COHFACE_s22_session3_natural,23,116,26.866666666666667,0.4360438287258148,-0.32737412769009966
COHFACE_s22_session3_natural,23,117,26.9,0.17045800387859344,-0.7137232540029604
COHFACE_s22_session3_natural,23,118,26.933333333333334,-0.08712451905012131,-0.9404656685635718
COHFACE_s22_session3_natural,23,119,26.966666666666665,-0.2969229221343994,-0.9564605089678193
COHFACE_s22_session3_natural,23,120,27.0,-0.4565920829772949,-0.7555002149328657
COHFACE_s22_session3_natural,23,121,27.033333333333335,-0.5802401304244995,-0.37939899830575413
COHFACE_s22_session3_natural,23,122,27.066666666666666,-0.6758827567100525,0.08770702346689366
COHFACE_s22_session3_natural,23,123,27.1,-0.7397603988647461,0.5371481756105919
COHFACE_s22_session3_natural,23,124,27.133333333333333,-0.7961185574531555,0.8642221964518064
COHFACE_s22_session3_natural,23,125,27.166666666666668,-0.8605421185493469,0.998665638948576
COHFACE_s22_session3_natural,23,126,27.2,-0.9239854216575623,0.9242944758489744
COHFACE_s22_session3_natural,23,127,27.233333333333334,-0.9938313364982605,0.6787906636561385
COHFACE_s22_session3_natural,23,128,27.266666666666666,-1.0683799982070923,0.33533073169634514
COHFACE_s22_session3_natural,23,129,27.3,-1.140000343322754,-0.022859969267894357
COHFACE_s22_session3_natural,23,130,27.333333333333332,-1.2180854082107544,-0.3232957810384545
COHFACE_s22_session3_natural,23,131,27.366666666666667,-1.3114945888519287,-0.515336954211814
COHFACE_s22_session3_natural,23,132,27.4,-1.407013177871704,-0.5741743914671247
COHFACE_s22_session3_natural,23,133,27.433333333333334,-1.242517113685608,-0.5027409133713601
COHFACE_s22_session3_natural,23,134,27.466666666666665,-0.24060195684432983,-0.3325860568460303
COHFACE_s22_session3_natural,23,135,27.5,1.177572250366211,-0.11960837986270917
COHFACE_s22_session3_natural,23,136,27.533333333333335,1.9680014848709106,0.06948606789224764
COHFACE_s22_session3_natural,23,137,27.566666666666666,2.0574400424957275,0.17813506654885505
COHFACE_s22_session3_natural,23,138,27.6,1.9014437198638916,0.1789009462071403
COHFACE_s22_session3_natural,23,139,27.633333333333333,1.7428293228149414,0.07979392256004875
COHFACE_s22_session3_natural,23,140,27.666666666666668,1.5986456871032715,-0.08462052412414064
COHFACE_s22_session3_natural,23,141,27.7,1.3704334497451782,-0.26964215783067963
COHFACE_s22_session3_natural,23,142,27.733333333333334,1.0447421073913574,-0.43349514817629814
COHFACE_s22_session3_natural,23,143,27.766666666666666,0.8116286396980286,-0.5415515000327522
COHFACE_s22_session3_natural,23,144,27.8,0.7523173093795776,-0.5652501127603409
COHFACE_s22_session3_natural,23,145,27.833333333333332,0.7339779138565063,-0.4837745495284611
COHFACE_s22_session3_natural,23,146,27.866666666666667,0.6259890794754028,-0.29230468538120224
COHFACE_s22_session3_natural,23,147,27.9,0.4174066483974457,-0.01236369158087633
COHFACE_s22_session3_natural,23,148,27.933333333333334,0.15492288768291473,0.30475154384362163
COHFACE_s22_session3_natural,23,149,27.966666666666665,-0.11311976611614227,0.587526926658349
COHFACE_s22_session3_natural,23,150,28.0,-0.3501294255256653,0.7644081542938205
COHFACE_s22_session3_natural,23,151,28.033333333333335,-0.5311779379844666,0.7853681305063795
COHFACE_s22_session3_natural,23,152,28.066666666666666,-0.6663532853126526,0.6359344986337842
COHFACE_s22_session3_natural,23,153,28.1,-0.7740070819854736,0.34036292935696705
COHFACE_s22_session3_natural,23,154,28.133333333333333,-0.8496972918510437,-0.043879927474145444
COHFACE_s22_session3_natural,23,155,28.166666666666668,-0.9060183167457581,-0.43672875384437915
COHFACE_s22_session3_natural,23,156,28.2,-0.961582362651825,-0.7501568026198888
COHFACE_s22_session3_natural,23,157,28.233333333333334,-1.0323588848114014,-0.9073952707605717
COHFACE_s22_session3_natural,23,158,28.266666666666666,-1.1095753908157349,-0.8643085299995308
COHFACE_s22_session3_natural,23,159,28.3,-1.1909236907958984,-0.6257114410681377
COHFACE_s22_session3_natural,23,160,28.333333333333332,-1.276962399482727,-0.2480840640467695
COHFACE_s22_session3_natural,23,161,28.366666666666667,-1.3555437326431274,0.17521897091315125
COHFACE_s22_session3_natural,23,162,28.4,-1.4236525297164917,0.5414715517708528
COHFACE_s22_session3_natural,23,163,28.433333333333334,-1.4949005842208862,0.767599911371395
COHFACE_s22_session3_natural,23,164,28.466666666666665,-1.5941293239593506,0.8103242177707345
COHFACE_s22_session3_natural,23,165,28.5,-1.6578330993652344,0.6730440396488991
COHFACE_s22_session3_natural,23,166,28.533333333333335,-1.273227572441101,0.40117379121777563
COHFACE_s22_session3_natural,23,167,28.566666666666666,0.04182184115052223,0.0700558536792615
COHFACE_s22_session3_natural,23,168,28.6,1.434459924697876,-0.23188956016717757
COHFACE_s22_session3_natural,23,169,28.633333333333333,1.9821096658706665,-0.42369591886913555
COHFACE_s22_session3_natural,23,170,28.666666666666668,1.9002277851104736,-0.453363084250329
COHFACE_s22_session3_natural,23,171,28.7,1.640908122062683,-0.3142228953775459
COHFACE_s22_session3_natural,23,172,28.733333333333334,1.4105244874954224,-0.04864866028596845
COHFACE_s22_session3_natural,23,173,28.766666666666666,1.211148977279663,0.26476358424546564
COHFACE_s22_session3_natural,23,174,28.8,0.9423866271972656,0.5364653640755244
COHFACE_s22_session3_natural,23,175,28.833333333333332,0.6558681130409241,0.6931141390492579
COHFACE_s22_session3_natural,23,176,28.866666666666667,0.5216482281684875,0.6961980538013759
COHFACE_s22_session3_natural,23,177,28.9,0.5373074412345886,0.5475093866479506
COHFACE_s22_session3_natural,23,178,28.933333333333334,0.5465267300605774,0.28363380616040984
COHFACE_s22_session3_natural,23,179,28.966666666666665,0.4313783347606659,-0.03525655609843356
COHFACE_s22_session3_natural,23,180,29.0,0.20079612731933594,-0.33879531386446754
COHFACE_s22_session3_natural,23,181,29.033333333333335,-0.062370095402002335,-0.5610367421983894
COHFACE_s22_session3_natural,23,182,29.066666666666666,-0.30755677819252014,-0.6547925595694037
COHFACE_s22_session3_natural,23,183,29.1,-0.5025646090507507,-0.6023660102127394
COHFACE_s22_session3_natural,23,184,29.133333333333333,-0.645743191242218,-0.4195479966273272
COHFACE_s22_session3_natural,23,185,29.166666666666668,-0.754575788974762,-0.1519043186670839
COHFACE_s22_session3_natural,23,186,29.2,-0.8332315683364868,0.135301577321397
COHFACE_s22_session3_natural,23,187,29.233333333333334,-0.8893167972564697,0.3710723442295128
COHFACE_s22_session3_natural,23,188,29.266666666666666,-0.9395825862884521,0.4941909522198361
COHFACE_s22_session3_natural,23,189,29.3,-0.9939678311347961,0.46800209256971087
COHFACE_s22_session3_natural,23,190,29.333333333333332,-1.059942364692688,0.29122983775764616
COHFACE_s22_session3_natural,23,191,29.366666666666667,-1.133126139640808,0.0008616545247091805
COHFACE_s22_session3_natural,23,192,29.4,-1.207339882850647,-0.33564268853876383
COHFACE_s22_session3_natural,23,193,29.433333333333334,-1.2956243753433228,-0.6379559162668025
COHFACE_s22_session3_natural,23,194,29.466666666666665,-1.4050650596618652,-0.8348937563262997
COHFACE_s22_session3_natural,23,195,29.5,-1.537039041519165,-0.882969940238248
COHFACE_s22_session3_natural,23,196,29.533333333333335,-1.616104245185852,-0.7753811947821719
COHFACE_s22_session3_natural,23,197,29.566666666666666,-1.222452998161316,-0.5401431108197091
COHFACE_s22_session3_natural,23,198,29.6,0.08614405244588852,-0.2308392847783876
COHFACE_s22_session3_natural,23,199,29.633333333333333,1.3878669738769531,0.08526505619112236
COHFACE_s22_session3_natural,23,200,29.666666666666668,1.821311354637146,0.33974834119319464
COHFACE_s22_session3_natural,23,201,29.7,1.6455239057540894,0.47697308835479635
COHFACE_s22_session3_natural,23,202,29.733333333333334,1.3076726198196411,0.4691306935946122
COHFACE_s22_session3_natural,23,203,29.766666666666666,1.0135477781295776,0.3280729197265863
COHFACE_s22_session3_natural,23,204,29.8,0.7376134991645813,0.10673882180059896
COHFACE_s22_session3_natural,23,205,29.833333333333332,0.41719570755958557,-0.11464830513750075
COHFACE_s22_session3_natural,23,206,29.866666666666667,0.20434488356113434,-0.2545303482517432
COHFACE_s22_session3_natural,23,207,29.9,0.2261461466550827,-0.2574863107013454
COHFACE_s22_session3_natural,23,208,29.933333333333334,0.3604776859283447,-0.11157356810846765
COHFACE_s22_session3_natural,23,209,29.966666666666665,0.3955061137676239,0.1504233703525244
COHFACE_s22_session3_natural,23,210,30.0,0.2651948630809784,0.4636170847054527
COHFACE_s22_session3_natural,23,211,30.033333333333335,0.025442972779273987,0.7501984005809779
COHFACE_s22_session3_natural,23,212,30.066666666666666,-0.2449200302362442,0.9385847469203815
COHFACE_s22_session3_natural,23,213,30.1,-0.47524166107177734,0.9793927457782634
COHFACE_s22_session3_natural,23,214,30.133333333333333,-0.6537340879440308,0.8568601373339289
COHFACE_s22_session3_natural,23,215,30.166666666666668,-0.7905596494674683,0.5936534808469858
COHFACE_s22_session3_natural,23,216,30.2,-0.8806930780410767,0.24603480344632886
COHFACE_s22_session3_natural,23,217,30.233333333333334,-0.9321624636650085,-0.11172255615061823
COHFACE_s22_session3_natural,23,218,30.266666666666666,-0.9593985080718994,-0.4093133895330301
COHFACE_s22_session3_natural,23,219,30.3,-0.9789290428161621,-0.5996785116655278
COHFACE_s22_session3_natural,23,220,30.333333333333332,-1.015210747718811,-0.6671731258192625
COHFACE_s22_session3_natural,23,221,30.366666666666667,-1.082699179649353,-0.6226438817704536
COHFACE_s22_session3_natural,23,222,30.4,-1.1951301097869873,-0.49154446058318635
COHFACE_s22_session3_natural,23,223,30.433333333333334,-1.3255282640457153,-0.3043237077312729
COHFACE_s22_session3_natural,23,224,30.466666666666665,-1.2403581142425537,-0.09339289866385166
COHFACE_s22_session3_natural,23,225,30.5,-0.34901270270347595,0.10642889456087641
COHFACE_s22_session3_natural,23,226,30.533333333333335,1.0412057638168335,0.25976164181061584
COHFACE_s22_session3_natural,23,227,30.566666666666666,1.8390427827835083,0.33713528577843727
COHFACE_s22_session3_natural,23,228,30.6,1.8661547899246216,0.3225955292842588
COHFACE_s22_session3_natural,23,229,30.633333333333333,1.588396430015564,0.2167684222386212
COHFACE_s22_session3_natural,23,230,30.666666666666668,1.299048900604248,0.033846416910927456
COHFACE_s22_session3_natural,23,231,30.7,1.0577459335327148,-0.2034584413467425
COHFACE_s22_session3_natural,23,232,30.733333333333334,0.7812160849571228,-0.4660112940846091
COHFACE_s22_session3_natural,23,233,30.766666666666666,0.49013131856918335,-0.7165778290235725
COHFACE_s22_session3_natural,23,234,30.8,0.3552786409854889,-0.9089139958673049
COHFACE_s22_session3_natural,23,235,30.833333333333332,0.40869608521461487,-0.9935414417893351
COHFACE_s22_session3_natural,23,236,30.866666666666667,0.4820535480976105,-0.931409809399155
COHFACE_s22_session3_natural,23,237,30.9,0.4159921109676361,-0.709956973485256
COHFACE_s22_session3_natural,23,238,30.933333333333334,0.21403570473194122,-0.3530877194727922
COHFACE_s22_session3_natural,23,239,30.966666666666665,-0.04259137064218521,0.08079107314611407
COHFACE_s22_session3_natural,24,0,24.0,1.2600250244140625,0.04515508107011212
COHFACE_s22_session3_natural,24,1,24.033333333333335,0.9648703336715698,0.27269432320656833
COHFACE_s22_session3_natural,24,2,24.066666666666666,0.6825333833694458,0.44484666961307484
COHFACE_s22_session3_natural,24,3,24.1,0.3829738199710846,0.5219955954579978
COHFACE_s22_session3_natural,24,4,24.133333333333333,0.21820488572120667,0.48704063931000935
COHFACE_s22_session3_natural,24,5,24.166666666666668,0.2668699622154236,0.3473330579468395
COHFACE_s22_session3_natural,24,6,24.2,0.4008416533470154,0.12950693059021431
COHFACE_s22_session3_natural,24,7,24.233333333333334,0.4235735535621643,-0.12989346247224626
COHFACE_s22_session3_natural,24,8,24.266666666666666,0.27603965997695923,-0.39453878771073564
COHFACE_s22_session3_natural,24,9,24.3,0.0348484143614769,-0.6364282246212379
COHFACE_s22_session3_natural,24,10,24.333333333333332,-0.22058747708797455,-0.8396144522165957
COHFACE_s22_session3_natural,24,11,24.366666666666667,-0.4362798035144806,-0.9983659086154721
COHFACE_s22_session3_natural,24,12,24.4,-0.6031457185745239,-1.1114345759101596
COHFACE_s22_session3_natural,24,13,24.433333333333334,-0.7284192442893982,-1.1762246300812838
COHFACE_s22_session3_natural,24,14,24.466666666666665,-0.809072732925415,-1.1859282747395012
COHFACE_s22_session3_natural,24,15,24.5,-0.84633469581604,-1.1305430761999464
COHFACE_s22_session3_natural,24,16,24.533333333333335,-0.8613610863685608,-1.0013044069484989
COHFACE_s22_session3_natural,24,17,24.566666666666666,-0.8791172504425049,-0.7973566424632069
COHFACE_s22_session3_natural,24,18,24.6,-0.9182155728340149,-0.532444883178286
COHFACE_s22_session3_natural,24,19,24.633333333333333,-1.0065374374389648,-0.23793017686845425
COHFACE_s22_session3_natural,24,20,24.666666666666668,-1.131227731704712,0.04213376881146431
COHFACE_s22_session3_natural,24,21,24.7,-1.1936038732528687,0.2651479630344119
COHFACE_s22_session3_natural,24,22,24.733333333333334,-0.7457535266876221,0.4080739794804834
COHFACE_s22_session3_natural,24,23,24.766666666666666,0.45779547095298767,0.4795465295156664
COHFACE_s22_session3_natural,24,24,24.8,1.5050379037857056,0.5181522741031193
COHFACE_s22_session3_natural,24,25,24.833333333333332,1.7794957160949707,0.5764384430780498
COHFACE_s22_session3_natural,24,26,24.866666666666667,1.571260690689087,0.6978447452390482
COHFACE_s22_session3_natural,24,27,24.9,1.252952218055725,0.897160619478021
COHFACE_s22_session3_natural,24,28,24.933333333333334,0.9676745533943176,1.152648460816513
COHFACE_s22_session3_natural,24,29,24.966666666666665,0.6821983456611633,1.4119568892558771
COHFACE_s22_session3_natural,24,30,25.0,0.3949229419231415,1.6082418246049912
COHFACE_s22_session3_natural,24,31,25.033333333333335,0.27850890159606934,1.6801035819525798
COHFACE_s22_session3_natural,24,32,25.066666666666666,0.3683445155620575,1.5894181877930236
COHFACE_s22_session3_natural,24,33,25.1,0.49643468856811523,1.3329975832531809
COHFACE_s22_session3_natural,24,34,25.133333333333333,0.48250025510787964,0.9454051332429002
COHFACE_s22_session3_natural,24,35,25.166666666666668,0.30936816334724426,0.49149312722369237
COHFACE_s22_session3_natural,24,36,25.2,0.06775505095720291,0.04941169392627334
COHFACE_s22_session3_natural,24,37,25.233333333333334,-0.17186035215854645,-0.3119575671330467
COHFACE_s22_session3_natural,24,38,25.266666666666666,-0.366049200296402,-0.5540811089724206
COHFACE_s22_session3_natural,24,39,25.3,-0.5146626234054565,-0.6802476171761443
COHFACE_s22_session3_natural,24,40,25.333333333333332,-0.6162239909172058,-0.7318431585584059
COHFACE_s22_session3_natural,24,41,25.366666666666667,-0.6678298711776733,-0.7697500478820157
COHFACE_s22_session3_natural,24,42,25.4,-0.699669361114502,-0.848169914427073
COHFACE_s22_session3_natural,24,43,25.433333333333334,-0.7458900213241577,-0.9920756295142423
COHFACE_s22_session3_natural,24,44,25.466666666666665,-0.827647864818573,-1.1875140862682336
COHFACE_s22_session3_natural,24,45,25.5,-0.894354522228241,-1.387398296062889
COHFACE_s22_session3_natural,24,46,25.533333333333335,-0.6840970516204834,-1.5282381657431063
COHFACE_s22_session3_natural,24,47,25.566666666666666,0.2316926270723343,-1.5498616990950944
COHFACE_s22_session3_natural,24,48,25.6,1.3732253313064575,-1.4120900764576707
COHFACE_s22_session3_natural,24,49,25.633333333333333,1.910601019859314,-1.1060236449696346
COHFACE_s22_session3_natural,24,50,25.666666666666668,1.8506568670272827,-0.6590642017472642
COHFACE_s22_session3_natural,24,51,25.7,1.6011520624160767,-0.13216111111292939
COHFACE_s22_session3_natural,24,52,25.733333333333334,1.3772083520889282,0.39233066398858446
COHFACE_s22_session3_natural,24,53,25.766666666666666,1.1738622188568115,0.8309127519834035
COHFACE_s22_session3_natural,24,54,25.8,0.9000248908996582,1.1207820837687361
COHFACE_s22_session3_natural,24,55,25.833333333333332,0.6414124965667725,1.234168270691076
COHFACE_s22_session3_natural,24,56,25.866666666666667,0.5533636808395386,1.1799561870700022
COHFACE_s22_session3_natural,24,57,25.9,0.6049447059631348,0.9942532213378822
COHFACE_s22_session3_natural,24,58,25.933333333333334,0.6254431009292603,0.725969255319107
COHFACE_s22_session3_natural,24,59,25.966666666666665,0.503147542476654,0.42359777787948977
COHFACE_s22_session3_natural,24,60,26.0,0.27989861369132996,0.12659022030981912
COHFACE_s22_session3_natural,24,61,26.033333333333335,0.037205979228019714,-0.1381084294801766
COHFACE_s22_session3_natural,24,62,26.066666666666666,-0.1824817955493927,-0.3548185553714129
COHFACE_s22_session3_natural,24,63,26.1,-0.3586539030075073,-0.5140875742142007
COHFACE_s22_session3_natural,24,64,26.133333333333333,-0.49719181656837463,-0.6062348046889285
COHFACE_s22_session3_natural,24,65,26.166666666666668,-0.5998451113700867,-0.6174795044231441
COHFACE_s22_session3_natural,24,66,26.2,-0.6609929203987122,-0.5324692383512699
COHFACE_s22_session3_natural,24,67,26.233333333333334,-0.6947681307792664,-0.34396741634607086
COHFACE_s22_session3_natural,24,68,26.266666666666666,-0.7342014908790588,-0.06544326294481331
COHFACE_s22_session3_natural,24,69,26.3,-0.7965652346611023,0.2613829602345356
COHFACE_s22_session3_natural,24,70,26.333333333333332,-0.8901357650756836,0.5711756592814335
COHFACE_s22_session3_natural,24,71,26.366666666666667,-1.0094656944274902,0.7931240420020091
COHFACE_s22_session3_natural,24,72,26.4,-0.9465063810348511,0.875862203436366
COHFACE_s22_session3_natural,24,73,26.433333333333334,-0.17318803071975708,0.8075995324442337
COHFACE_s22_session3_natural,24,74,26.466666666666665,1.1078380346298218,0.6219181955492434
COHFACE_s22_session3_natural,24,75,26.5,1.9250441789627075,0.3866251900908877
COHFACE_s22_session3_natural,24,76,26.533333333333335,2.0548219680786133,0.1803550346740613
COHFACE_s22_session3_natural,24,77,26.566666666666666,1.8954133987426758,0.06610283271059174
COHFACE_s22_session3_natural,24,78,26.6,1.7057907581329346,0.07122509685011462
COHFACE_s22_session3_natural,24,79,26.633333333333333,1.544682264328003,0.18016196758206665
COHFACE_s22_session3_natural,24,80,26.666666666666668,1.3424776792526245,0.3410090872267042
COHFACE_s22_session3_natural,24,81,26.7,1.0476207733154297,0.48246999397105717
COHFACE_s22_session3_natural,24,82,26.733333333333334,0.8142343759536743,0.5353385193236357
COHFACE_s22_session3_natural,24,83,26.766666666666666,0.7408024668693542,0.4525638073808281
COHFACE_s22_session3_natural,24,84,26.8,0.7289401888847351,0.22321113893973382
COHFACE_s22_session3_natural,24,85,26.833333333333332,0.6447006464004517,-0.12278577442656986
COHFACE_s22_session3_natural,24,86,26.866666666666667,0.4360438287258148,-0.5206398727868188
COHFACE_s22_session3_natural,24,87,26.9,0.17045800387859344,-0.8868578755791809
COHFACE_s22_session3_natural,24,88,26.933333333333334,-0.08712451905012131,-1.1417703752764037
COHFACE_s22_session3_natural,24,89,26.966666666666665,-0.2969229221343994,-1.2321205670097441
COHFACE_s22_session3_natural,24,90,27.0,-0.4565920829772949,-1.14691612007193
COHFACE_s22_session3_natural,24,91,27.033333333333335,-0.5802401304244995,-0.9213006048327392
COHFACE_s22_session3_natural,24,92,27.066666666666666,-0.6758827567100525,-0.6261806727902429
COHFACE_s22_session3_natural,24,93,27.1,-0.7397603988647461,-0.34580527424977253
COHFACE_s22_session3_natural,24,94,27.133333333333333,-0.7961185574531555,-0.15061572451183267
COHFACE_s22_session3_natural,24,95,27.166666666666668,-0.8605421185493469,-0.07556244672333906
COHFACE_s22_session3_natural,24,96,27.2,-0.9239854216575623,-0.11223417396455834
COHFACE_s22_session3_natural,24,97,27.233333333333334,-0.9938313364982605,-0.21707168281209155
COHFACE_s22_session3_natural,24,98,27.266666666666666,-1.0683799982070923,-0.3306404406709802
COHFACE_s22_session3_natural,24,99,27.3,-1.140000343322754,-0.39857530026878335
COHFACE_s22_session3_natural,24,100,27.333333333333332,-1.2180854082107544,-0.3858898437803213
COHFACE_s22_session3_natural,24,101,27.366666666666667,-1.3114945888519287,-0.28144697433295573
COHFACE_s22_session3_natural,24,102,27.4,-1.407013177871704,-0.09488932528289473
COHFACE_s22_session3_natural,24,103,27.433333333333334,-1.242517113685608,0.14918231310261698
COHFACE_s22_session3_natural,24,104,27.466666666666665,-0.24060195684432983,0.4166154733950641
COHFACE_s22_session3_natural,24,105,27.5,1.177572250366211,0.6688602552404679
COHFACE_s22_session3_natural,24,106,27.533333333333335,1.9680014848709106,0.8696184411518965
COHFACE_s22_session3_natural,24,107,27.566666666666666,2.0574400424957275,0.9928816335116241
COHFACE_s22_session3_natural,24,108,27.6,1.9014437198638916,1.0285908358825224
COHFACE_s22_session3_natural,24,109,27.633333333333333,1.7428293228149414,0.9817848437280453
COHFACE_s22_session3_natural,24,110,27.666666666666668,1.5986456871032715,0.8662611353825617
COHFACE_s22_session3_natural,24,111,27.7,1.3704334497451782,0.6986054917603916
COHFACE_s22_session3_natural,24,112,27.733333333333334,1.0447421073913574,0.49706783728735215
COHFACE_s22_session3_natural,24,113,27.766666666666666,0.8116286396980286,0.28432926537800624
COHFACE_s22_session3_natural,24,114,27.8,0.7523173093795776,0.08927733712740031
COHFACE_s22_session3_natural,24,115,27.833333333333332,0.7339779138565063,-0.056565617538124426
COHFACE_s22_session3_natural,24,116,27.866666666666667,0.6259890794754028,-0.12796841275388757
COHFACE_s22_session3_natural,24,117,27.9,0.4174066483974457,-0.11588795409686961
COHFACE_s22_session3_natural,24,118,27.933333333333334,0.15492288768291473,-0.03302493168580966
COHFACE_s22_session3_natural,24,119,27.966666666666665,-0.11311976611614227,0.08778172618391103
COHFACE_s22_session3_natural,24,120,28.0,-0.3501294255256653,0.20155154595775837
COHFACE_s22_session3_natural,24,121,28.033333333333335,-0.5311779379844666,0.26260686030522407
COHFACE_s22_session3_natural,24,122,28.066666666666666,-0.6663532853126526,0.23663297955789184
COHFACE_s22_session3_natural,24,123,28.1,-0.7740070819854736,0.11102668934770706
COHFACE_s22_session3_natural,24,124,28.133333333333333,-0.8496972918510437,-0.09944516325115677
COHFACE_s22_session3_natural,24,125,28.166666666666668,-0.9060183167457581,-0.35479744820751596
COHFACE_s22_session3_natural,24,126,28.2,-0.961582362651825,-0.6006231918028936
COHFACE_s22_session3_natural,24,127,28.233333333333334,-1.0323588848114014,-0.7846368642747759
COHFACE_s22_session3_natural,24,128,28.266666666666666,-1.1095753908157349,-0.8731992267781677
COHFACE_s22_session3_natural,24,129,28.3,-1.1909236907958984,-0.8615679387928749
COHFACE_s22_session3_natural,24,130,28.333333333333332,-1.276962399482727,-0.7738502122335067
COHFACE_s22_session3_natural,24,131,28.366666666666667,-1.3555437326431274,-0.6527438524389902
COHFACE_s22_session3_natural,24,132,28.4,-1.4236525297164917,-0.5434018061390999
COHFACE_s22_session3_natural,24,133,28.433333333333334,-1.4949005842208862,-0.47806555452020577
COHFACE_s22_session3_natural,24,134,28.466666666666665,-1.5941293239593506,-0.4671998004853477
COHFACE_s22_session3_natural,24,135,28.5,-1.6578330993652344,-0.49916437261024216
COHFACE_s22_session3_natural,24,136,28.533333333333335,-1.273227572441101,-0.5461280578329323
COHFACE_s22_session3_natural,24,137,28.566666666666666,0.04182184115052223,-0.5722159405206249
COHFACE_s22_session3_natural,24,138,28.6,1.434459924697876,-0.5418893093799122
COHFACE_s22_session3_natural,24,139,28.633333333333333,1.9821096658706665,-0.4288441962970557
COHFACE_s22_session3_natural,24,140,28.666666666666668,1.9002277851104736,-0.2248948489815717
COHFACE_s22_session3_natural,24,141,28.7,1.640908122062683,0.0544194003525627
COHFACE_s22_session3_natural,24,142,28.733333333333334,1.4105244874954224,0.3718928681341528
COHFACE_s22_session3_natural,24,143,28.766666666666666,1.211148977279663,0.6797835109402655
COHFACE_s22_session3_natural,24,144,28.8,0.9423866271972656,0.9353514867513643
COHFACE_s22_session3_natural,24,145,28.833333333333332,0.6558681130409241,1.1126596407189857
COHFACE_s22_session3_natural,24,146,28.866666666666667,0.5216482281684875,1.20553929583378
COHFACE_s22_session3_natural,24,147,28.9,0.5373074412345886,1.2226981023705932
COHFACE_s22_session3_natural,24,148,28.933333333333334,0.5465267300605774,1.1795423402652847
COHFACE_s22_session3_natural,24,149,28.966666666666665,0.4313783347606659,1.0911010672895283
COHFACE_s22_session3_natural,24,150,29.0,0.20079612731933594,0.9681667957587331
COHFACE_s22_session3_natural,24,151,29.033333333333335,-0.062370095402002335,0.8167148811740892
COHFACE_s22_session3_natural,24,152,29.066666666666666,-0.30755677819252014,0.640033244160873
COHFACE_s22_session3_natural,24,153,29.1,-0.5025646090507507,0.44273394270513183
COHFACE_s22_session3_natural,24,154,29.133333333333333,-0.645743191242218,0.23478507154855413
COHFACE_s22_session3_natural,24,155,29.166666666666668,-0.754575788974762,0.032830047342980825
COHFACE_s22_session3_natural,24,156,29.2,-0.8332315683364868,-0.14317977250226377
COHFACE_s22_session3_natural,24,157,29.233333333333334,-0.8893167972564697,-0.27747293325498834
COHFACE_s22_session3_natural,24,158,29.266666666666666,-0.9395825862884521,-0.36647312592576703
COHFACE_s22_session3_natural,24,159,29.3,-0.9939678311347961,-0.42252960383441657
COHFACE_s22_session3_natural,24,160,29.333333333333332,-1.059942364692688,-0.470461552245278
COHFACE_s22_session3_natural,24,161,29.366666666666667,-1.133126139640808,-0.5377479428519776
COHFACE_s22_session3_natural,24,162,29.4,-1.207339882850647,-0.642355273433094
COHFACE_s22_session3_natural,24,163,29.433333333333334,-1.2956243753433228,-0.7832263841969727
COHFACE_s22_session3_natural,24,164,29.466666666666665,-1.4050650596618652,-0.9371530099352138
COHFACE_s22_session3_natural,24,165,29.5,-1.537039041519165,-1.0633197056418615
COHFACE_s22_session3_natural,24,166,29.533333333333335,-1.616104245185852,-1.114566770953526
COHFACE_s22_session3_natural,24,167,29.566666666666666,-1.222452998161316,-1.052635724483866
COHFACE_s22_session3_natural,24,168,29.6,0.08614405244588852,-0.8631834397474746
COHFACE_s22_session3_natural,24,169,29.633333333333333,1.3878669738769531,-0.5654438297423395
COHFACE_s22_session3_natural,24,170,29.666666666666668,1.821311354637146,-0.2117926171700505
COHFACE_s22_session3_natural,24,171,29.7,1.6455239057540894,0.12498663790026611
COHFACE_s22_session3_natural,24,172,29.733333333333334,1.3076726198196411,0.3742479205035619
COHFACE_s22_session3_natural,24,173,29.766666666666666,1.0135477781295776,0.4922747990118396
COHFACE_s22_session3_natural,24,174,29.8,0.7376134991645813,0.4790044753434018
COHFACE_s22_session3_natural,24,175,29.833333333333332,0.41719570755958557,0.3783574900379953
COHFACE_s22_session3_natural,24,176,29.866666666666667,0.20434488356113434,0.2607114292110653
COHFACE_s22_session3_natural,24,177,29.9,0.2261461466550827,0.1943636052569391
COHFACE_s22_session3_natural,24,178,29.933333333333334,0.3604776859283447,0.21804433133616782
COHFACE_s22_session3_natural,24,179,29.966666666666665,0.3955061137676239,0.3259422440721826
COHFACE_s22_session3_natural,24,180,30.0,0.2651948630809784,0.4706919223806295
COHFACE_s22_session3_natural,24,181,30.033333333333335,0.025442972779273987,0.5822141979411071
COHFACE_s22_session3_natural,24,182,30.066666666666666,-0.2449200302362442,0.5950665471155279
COHFACE_s22_session3_natural,24,183,30.1,-0.47524166107177734,0.47467889216303444
COHFACE_s22_session3_natural,24,184,30.133333333333333,-0.6537340879440308,0.2329629069827158
COHFACE_s22_session3_natural,24,185,30.166666666666668,-0.7905596494674683,-0.07308855239145348
COHFACE_s22_session3_natural,24,186,30.2,-0.8806930780410767,-0.3600046526850749
COHFACE_s22_session3_natural,24,187,30.233333333333334,-0.9321624636650085,-0.5469147389703262
COHFACE_s22_session3_natural,24,188,30.266666666666666,-0.9593985080718994,-0.5838953196057717
COHFACE_s22_session3_natural,24,189,30.3,-0.9789290428161621,-0.46844632031590805
COHFACE_s22_session3_natural,24,190,30.333333333333332,-1.015210747718811,-0.24380011652819358
COHFACE_s22_session3_natural,24,191,30.366666666666667,-1.082699179649353,0.01958659592594922
COHFACE_s22_session3_natural,24,192,30.4,-1.1951301097869873,0.25092239216741874
COHFACE_s22_session3_natural,24,193,30.433333333333334,-1.3255282640457153,0.4029164021611554
COHFACE_s22_session3_natural,24,194,30.466666666666665,-1.2403581142425537,0.46373463842859985
COHFACE_s22_session3_natural,24,195,30.5,-0.34901270270347595,0.45444117300767756
COHFACE_s22_session3_natural,24,196,30.533333333333335,1.0412057638168335,0.4154077067832922
COHFACE_s22_session3_natural,24,197,30.566666666666666,1.8390427827835083,0.3883581779025268
COHFACE_s22_session3_natural,24,198,30.6,1.8661547899246216,0.4002771167175682
COHFACE_s22_session3_natural,24,199,30.633333333333333,1.588396430015564,0.45341601566379564
COHFACE_s22_session3_natural,24,200,30.666666666666668,1.299048900604248,0.5240706412009252
COHFACE_s22_session3_natural,24,201,30.7,1.0577459335327148,0.5709950742834777
COHFACE_s22_session3_natural,24,202,30.733333333333334,0.7812160849571228,0.5511589543416934
COHFACE_s22_session3_natural,24,203,30.766666666666666,0.49013131856918335,0.4370158557950302
COHFACE_s22_session3_natural,24,204,30.8,0.3552786409854889,0.22778677191625135
COHFACE_s22_session3_natural,24,205,30.833333333333332,0.40869608521461487,-0.05044167460986841
COHFACE_s22_session3_natural,24,206,30.866666666666667,0.4820535480976105,-0.3550767776958048
COHFACE_s22_session3_natural,24,207,30.9,0.4159921109676361,-0.6416976532282024
COHFACE_s22_session3_natural,24,208,30.933333333333334,0.21403570473194122,-0.8759281372418923
COHFACE_s22_session3_natural,24,209,30.966666666666665,-0.04259137064218521,-1.0385129196114842
COHFACE_s22_session3_natural,24,210,31.0,-0.280146986246109,-1.1239747670643114
COHFACE_s22_session3_natural,24,211,31.033333333333335,-0.4788772761821747,-1.1359567582441077
COHFACE_s22_session3_natural,24,212,31.066666666666666,-0.6387697458267212,-1.0822170447401418
COHFACE_s22_session3_natural,24,213,31.1,-0.7568837404251099,-0.9706431466821063
COHFACE_s22_session3_natural,24,214,31.133333333333333,-0.8272384405136108,-0.8066831154810232
COHFACE_s22_session3_natural,24,215,31.166666666666668,-0.8671184778213501,-0.5929173819695178
COHFACE_s22_session3_natural,24,216,31.2,-0.8945034742355347,-0.33214870121018314
COHFACE_s22_session3_natural,24,217,31.233333333333334,-0.931207001209259,-0.03429497263141532
COHFACE_s22_session3_natural,24,218,31.266666666666666,-0.9966108202934265,0.27601389302764284
COHFACE_s22_session3_natural,24,219,31.3,-1.106349229812622,0.5569159921124102
COHFACE_s22_session3_natural,24,220,31.333333333333332,-1.199845314025879,0.7564588739246402
COHFACE_s22_session3_natural,24,221,31.366666666666667,-0.8831126689910889,0.829087204304458
COHFACE_s22_session3_natural,24,222,31.4,0.2979525923728943,0.7552990344972607
COHFACE_s22_session3_natural,24,223,31.433333333333334,1.5730102062225342,0.5550285466428517
COHFACE_s22_session3_natural,24,224,31.466666666666665,2.0825791358947754,0.2869977863010161
COHFACE_s22_session3_natural,24,225,31.5,1.9993075132369995,0.032369831263358725
COHFACE_s22_session3_natural,24,226,31.533333333333335,1.7651641368865967,-0.13145247157387446
COHFACE_s22_session3_natural,24,227,31.566666666666666,1.5468412637710571,-0.15626853389376866
COHFACE_s22_session3_natural,24,228,31.6,1.3589309453964233,-0.03781755169448955
COHFACE_s22_session3_natural,24,229,31.633333333333333,1.0985690355300903,0.18498180687364124
COHFACE_s22_session3_natural,24,230,31.666666666666668,0.8141350746154785,0.4445999927627853
COHFACE_s22_session3_natural,24,231,31.7,0.665248692035675,0.6670138000323995
COHFACE_s22_session3_natural,24,232,31.733333333333334,0.6618736982345581,0.7939702782177375
COHFACE_s22_session3_natural,24,233,31.766666666666666,0.6502968072891235,0.7989591042909595
COHFACE_s22_session3_natural,24,234,31.8,0.5225291848182678,0.6920482069145775
COHFACE_s22_session3_natural,24,235,31.833333333333332,0.28883254528045654,0.5118383541451332
COHFACE_s22_session3_natural,24,236,31.866666666666667,0.018171748146414757,0.3078406455254033
COHFACE_s22_session3_natural,24,237,31.9,-0.23893925547599792,0.1208348955943091
COHFACE_s22_session3_natural,24,238,31.933333333333334,-0.452311247587204,-0.030699626900634377
COHFACE_s22_session3_natural,24,239,31.966666666666665,-0.6089900135993958,-0.15309686670068703
COHFACE_s22_session3_natural,25,0,25.0,0.3949229419231415,0.01747599106337657
COHFACE_s22_session3_natural,25,1,25.033333333333335,0.27850890159606934,0.2460181152923016
COHFACE_s22_session3_natural,25,2,25.066666666666666,0.3683445155620575,0.38146031349387477
COHFACE_s22_session3_natural,25,3,25.1,0.49643468856811523,0.36855510170160904
COHFACE_s22_session3_natural,25,4,25.133333333333333,0.48250025510787964,0.208594905743977
COHFACE_s22_session3_natural,25,5,25.166666666666668,0.30936816334724426,-0.0422897708998631
COHFACE_s22_session3_natural,25,6,25.2,0.06775505095720291,-0.2980352167769325
COHFACE_s22_session3_natural,25,7,25.233333333333334,-0.17186035215854645,-0.4800453339805198
COHFACE_s22_session3_natural,25,8,25.266666666666666,-0.366049200296402,-0.5498437861154263
COHFACE_s22_session3_natural,25,9,25.3,-0.5146626234054565,-0.5214575775953342
COHFACE_s22_session3_natural,25,10,25.333333333333332,-0.6162239909172058,-0.4479808946705121
COHFACE_s22_session3_natural,25,11,25.366666666666667,-0.6678298711776733,-0.39036561417028093
COHFACE_s22_session3_natural,25,12,25.4,-0.699669361114502,-0.386324564845073
COHFACE_s22_session3_natural,25,13,25.433333333333334,-0.7458900213241577,-0.4360509595971058
COHFACE_s22_session3_natural,25,14,25.466666666666665,-0.827647864818573,-0.5088443652837688
COHFACE_s22_session3_natural,25,15,25.5,-0.894354522228241,-0.5614562644362336
COHFACE_s22_session3_natural,25,16,25.533333333333335,-0.6840970516204834,-0.5555535869598833
COHFACE_s22_session3_natural,25,17,25.566666666666666,0.2316926270723343,-0.4672366764685448
COHFACE_s22_session3_natural,25,18,25.6,1.3732253313064575,-0.2890742402505301
COHFACE_s22_session3_natural,25,19,25.633333333333333,1.910601019859314,-0.029223949374304718
COHFACE_s22_session3_natural,25,20,25.666666666666668,1.8506568670272827,0.2889024632388567
COHFACE_s22_session3_natural,25,21,25.7,1.6011520624160767,0.6269879786771089
COHFACE_s22_session3_natural,25,22,25.733333333333334,1.3772083520889282,0.9355558896613755
COHFACE_s22_session3_natural,25,23,25.766666666666666,1.1738622188568115,1.1631843313445933
COHFACE_s22_session3_natural,25,24,25.8,0.9000248908996582,1.2685006879847092
COHFACE_s22_session3_natural,25,25,25.833333333333332,0.6414124965667725,1.2293561456162376
COHFACE_s22_session3_natural,25,26,25.866666666666667,0.5533636808395386,1.0461223347823803
COHFACE_s22_session3_natural,25,27,25.9,0.6049447059631348,0.7403296369428602
COHFACE_s22_session3_natural,25,28,25.933333333333334,0.6254431009292603,0.3509323652883006
COHFACE_s22_session3_natural,25,29,25.966666666666665,0.503147542476654,-0.07129500302309336
COHFACE_s22_session3_natural,25,30,26.0,0.27989861369132996,-0.4721246006516163
COHFACE_s22_session3_natural,25,31,26.033333333333335,0.037205979228019714,-0.8044850941764595
COHFACE_s22_session3_natural,25,32,26.066666666666666,-0.1824817955493927,-1.0371924689806922
COHFACE_s22_session3_natural,25,33,26.1,-0.3586539030075073,-1.1564914786700056
COHFACE_s22_session3_natural,25,34,26.133333333333333,-0.49719181656837463,-1.1594661024874013
COHFACE_s22_session3_natural,25,35,26.166666666666668,-0.5998451113700867,-1.0450475809581585
COHFACE_s22_session3_natural,25,36,26.2,-0.6609929203987122,-0.8114394109157578
COHFACE_s22_session3_natural,25,37,26.233333333333334,-0.6947681307792664,-0.4647023907128412
COHFACE_s22_session3_natural,25,38,26.266666666666666,-0.7342014908790588,-0.03368053344234333
COHFACE_s22_session3_natural,25,39,26.3,-0.7965652346611023,0.42068992172093517
COHFACE_s22_session3_natural,25,40,26.333333333333332,-0.8901357650756836,0.8117257328428688
COHFACE_s22_session3_natural,25,41,26.366666666666667,-1.0094656944274902,1.049791696088254
COHFACE_s22_session3_natural,25,42,26.4,-0.9465063810348511,1.072433440196819
COHFACE_s22_session3_natural,25,43,26.433333333333334,-0.17318803071975708,0.8684706287363675
COHFACE_s22_session3_natural,25,44,26.466666666666665,1.1078380346298218,0.48626055441531185
COHFACE_s22_session3_natural,25,45,26.5,1.9250441789627075,0.02368925576782072
COHFACE_s22_session3_natural,25,46,26.533333333333335,2.0548219680786133,-0.3967526519501499
COHFACE_s22_session3_natural,25,47,26.566666666666666,1.8954133987426758,-0.6614217229799636
COHFACE_s22_session3_natural,25,48,26.6,1.7057907581329346,-0.6994673889937032
COHFACE_s22_session3_natural,25,49,26.633333333333333,1.544682264328003,-0.5075402951658148
COHFACE_s22_session3_natural,25,50,26.666666666666668,1.3424776792526245,-0.1546990335167497
COHFACE_s22_session3_natural,25,51,26.7,1.0476207733154297,0.23862750956250228
COHFACE_s22_session3_natural,25,52,26.733333333333334,0.8142343759536743,0.5425014500865972
COHFACE_s22_session3_natural,25,53,26.766666666666666,0.7408024668693542,0.6635301153201236
COHFACE_s22_session3_natural,25,54,26.8,0.7289401888847351,0.5751749789539291
COHFACE_s22_session3_natural,25,55,26.833333333333332,0.6447006464004517,0.3202604418585899
COHFACE_s22_session3_natural,25,56,26.866666666666667,0.4360438287258148,-0.011492634170503531
COHFACE_s22_session3_natural,25,57,26.9,0.17045800387859344,-0.3167477628287955
COHFACE_s22_session3_natural,25,58,26.933333333333334,-0.08712451905012131,-0.5083004447338758
COHFACE_s22_session3_natural,25,59,26.966666666666665,-0.2969229221343994,-0.534476885403338
COHFACE_s22_session3_natural,25,60,27.0,-0.4565920829772949,-0.3884855627469118
COHFACE_s22_session3_natural,25,61,27.033333333333335,-0.5802401304244995,-0.10985244928924592
COHFACE_s22_session3_natural,25,62,27.066666666666666,-0.6758827567100525,0.22282078283824133
COHFACE_s22_session3_natural,25,63,27.1,-0.7397603988647461,0.5103003663660893
COHFACE_s22_session3_natural,25,64,27.133333333333333,-0.7961185574531555,0.6609197243013385
COHFACE_s22_session3_natural,25,65,27.166666666666668,-0.8605421185493469,0.6199979622773308
COHFACE_s22_session3_natural,25,66,27.2,-0.9239854216575623,0.3879736582114461
COHFACE_s22_session3_natural,25,67,27.233333333333334,-0.9938313364982605,0.01856576911880913
COHFACE_s22_session3_natural,25,68,27.266666666666666,-1.0683799982070923,-0.40105708207530877
COHFACE_s22_session3_natural,25,69,27.3,-1.140000343322754,-0.7770214106837812
COHFACE_s22_session3_natural,25,70,27.333333333333332,-1.2180854082107544,-1.0310522740380599
COHFACE_s22_session3_natural,25,71,27.366666666666667,-1.3114945888519287,-1.11336027217963
COHFACE_s22_session3_natural,25,72,27.4,-1.407013177871704,-1.0075893406317113
COHFACE_s22_session3_natural,25,73,27.433333333333334,-1.242517113685608,-0.7313961449280441
COHFACE_s22_session3_natural,25,74,27.466666666666665,-0.24060195684432983,-0.3336999819002131
COHFACE_s22_session3_natural,25,75,27.5,1.177572250366211,0.11336803554049601
COHFACE_s22_session3_natural,25,76,27.533333333333335,1.9680014848709106,0.5291355946225171
COHFACE_s22_session3_natural,25,77,27.566666666666666,2.0574400424957275,0.8429152542716758
COHFACE_s22_session3_natural,25,78,27.6,1.9014437198638916,1.0095868181252903
COHFACE_s22_session3_natural,25,79,27.633333333333333,1.7428293228149414,1.0156915649425544
COHFACE_s22_session3_natural,25,80,27.666666666666668,1.5986456871032715,0.8751439561648289
COHFACE_s22_session3_natural,25,81,27.7,1.3704334497451782,0.6199716762568281
COHFACE_s22_session3_natural,25,82,27.733333333333334,1.0447421073913574,0.29296459246980266
COHFACE_s22_session3_natural,25,83,27.766666666666666,0.8116286396980286,-0.055074364302343914
COHFACE_s22_session3_natural,25,84,27.8,0.7523173093795776,-0.36704851069399547
COHFACE_s22_session3_natural,25,85,27.833333333333332,0.7339779138565063,-0.5861764901555134
COHFACE_s22_session3_natural,25,86,27.866666666666667,0.6259890794754028,-0.6689810740843957
COHFACE_s22_session3_natural,25,87,27.9,0.4174066483974457,-0.5995230348659336
COHFACE_s22_session3_natural,25,88,27.933333333333334,0.15492288768291473,-0.39720658654700586
COHFACE_s22_session3_natural,25,89,27.966666666666665,-0.11311976611614227,-0.11359522408826617
COHFACE_s22_session3_natural,25,90,28.0,-0.3501294255256653,0.180321179508468
COHFACE_s22_session3_natural,25,91,28.033333333333335,-0.5311779379844666,0.41110036177346826
COHFACE_s22_session3_natural,25,92,28.066666666666666,-0.6663532853126526,0.5196723636497369
COHFACE_s22_session3_natural,25,93,28.1,-0.7740070819854736,0.475990839533702
COHFACE_s22_session3_natural,25,94,28.133333333333333,-0.8496972918510437,0.2892993772262945
COHFACE_s22_session3_natural,25,95,28.166666666666668,-0.9060183167457581,0.009886260846857436
COHFACE_s22_session3_natural,25,96,28.2,-0.961582362651825,-0.28199867719810506
COHFACE_s22_session3_natural,25,97,28.233333333333334,-1.0323588848114014,-0.5002521839455585
COHFACE_s22_session3_natural,25,98,28.266666666666666,-1.1095753908157349,-0.5825990959352102
COHFACE_s22_session3_natural,25,99,28.3,-1.1909236907958984,-0.5128352462754796
COHFACE_s22_session3_natural,25,100,28.333333333333332,-1.276962399482727,-0.3244751272404012
COHFACE_s22_session3_natural,25,101,28.366666666666667,-1.3555437326431274,-0.08391313543466478
COHFACE_s22_session3_natural,25,102,28.4,-1.4236525297164917,0.13734289009494643
COHFACE_s22_session3_natural,25,103,28.433333333333334,-1.4949005842208862,0.286545220982089
COHFACE_s22_session3_natural,25,104,28.466666666666665,-1.5941293239593506,0.34009247892495514
COHFACE_s22_session3_natural,25,105,28.5,-1.6578330993652344,0.3010341088973808
COHFACE_s22_session3_natural,25,106,28.533333333333335,-1.273227572441101,0.19098440630168373
COHFACE_s22_session3_natural,25,107,28.566666666666666,0.04182184115052223,0.04330536044660896
COHFACE_s22_session3_natural,25,108,28.6,1.434459924697876,-0.10118856051449526
COHFACE_s22_session3_natural,25,109,28.633333333333333,1.9821096658706665,-0.1995530072810189
COHFACE_s22_session3_natural,25,110,28.666666666666668,1.9002277851104736,-0.21597992479547806
COHFACE_s22_session3_natural,25,111,28.7,1.640908122062683,-0.13331116751680505
COHFACE_s22_session3_natural,25,112,28.733333333333334,1.4105244874954224,0.03883836870160753
COHFACE_s22_session3_natural,25,113,28.766666666666666,1.211148977279663,0.2645815542204591
COHFACE_s22_session3_natural,25,114,28.8,0.9423866271972656,0.49120067157538766
COHFACE_s22_session3_natural,25,115,28.833333333333332,0.6558681130409241,0.6629127659309036
COHFACE_s22_session3_natural,25,116,28.866666666666667,0.5216482281684875,0.7336165778381896
COHFACE_s22_session3_natural,25,117,28.9,0.5373074412345886,0.6759377973972868
COHFACE_s22_session3_natural,25,118,28.933333333333334,0.5465267300605774,0.48658752189367577
COHFACE_s22_session3_natural,25,119,28.966666666666665,0.4313783347606659,0.18841466586279787
COHFACE_s22_session3_natural,25,120,29.0,0.20079612731933594,-0.17213854452122984
COHFACE_s22_session3_natural,25,121,29.033333333333335,-0.062370095402002335,-0.5336995674641019
COHFACE_s22_session3_natural,25,122,29.066666666666666,-0.30755677819252014,-0.8330814201886767
COHFACE_s22_session3_natural,25,123,29.1,-0.5025646090507507,-1.0181488608792237
COHFACE_s22_session3_natural,25,124,29.133333333333333,-0.645743191242218,-1.0566109980070495
COHFACE_s22_session3_natural,25,125,29.166666666666668,-0.754575788974762,-0.9401957928444202
COHFACE_s22_session3_natural,25,126,29.2,-0.8332315683364868,-0.6858074809710206
COHFACE_s22_session3_natural,25,127,29.233333333333334,-0.8893167972564697,-0.3347894052933802
COHFACE_s22_session3_natural,25,128,29.266666666666666,-0.9395825862884521,0.05080321896471483
COHFACE_s22_session3_natural,25,129,29.3,-0.9939678311347961,0.39736648234412797
COHFACE_s22_session3_natural,25,130,29.333333333333332,-1.059942364692688,0.6351957037106719
COHFACE_s22_session3_natural,25,131,29.366666666666667,-1.133126139640808,0.7170328666718411
COHFACE_s22_session3_natural,25,132,29.4,-1.207339882850647,0.6327612182903157
COHFACE_s22_session3_natural,25,133,29.433333333333334,-1.2956243753433228,0.4133831988275767
COHFACE_s22_session3_natural,25,134,29.466666666666665,-1.4050650596618652,0.1223912815268291
COHFACE_s22_session3_natural,25,135,29.5,-1.537039041519165,-0.16155025357474642
COHFACE_s22_session3_natural,25,136,29.533333333333335,-1.616104245185852,-0.3645093912118322
COHFACE_s22_session3_natural,25,137,29.566666666666666,-1.222452998161316,-0.43518518153924307
COHFACE_s22_session3_natural,25,138,29.6,0.08614405244588852,-0.3585342700475034
COHFACE_s22_session3_natural,25,139,29.633333333333333,1.3878669738769531,-0.1627314215042554
COHFACE_s22_session3_natural,25,140,29.666666666666668,1.821311354637146,0.08537146326110223
COHFACE_s22_session3_natural,25,141,29.7,1.6455239057540894,0.3001328347913396
COHFACE_s22_session3_natural,25,142,29.733333333333334,1.3076726198196411,0.4083412739580837
COHFACE_s22_session3_natural,25,143,29.766666666666666,1.0135477781295776,0.3789727624257216
COHFACE_s22_session3_natural,25,144,29.8,0.7376134991645813,0.2369416589828386
COHFACE_s22_session3_natural,25,145,29.833333333333332,0.41719570755958557,0.05317449803986876
COHFACE_s22_session3_natural,25,146,29.866666666666667,0.20434488356113434,-0.0850999334268519
COHFACE_s22_session3_natural,25,147,29.9,0.2261461466550827,-0.11033481152723994
COHFACE_s22_session3_natural,25,148,29.933333333333334,0.3604776859283447,-0.0011442770904346584
COHFACE_s22_session3_natural,25,149,29.966666666666665,0.3955061137676239,0.21078398721146394
COHFACE_s22_session3_natural,25,150,30.0,0.2651948630809784,0.45348149601077453
COHFACE_s22_session3_natural,25,151,30.033333333333335,0.025442972779273987,0.6396443548411498
COHFACE_s22_session3_natural,25,152,30.066666666666666,-0.2449200302362442,0.6945942825616156
COHFACE_s22_session3_natural,25,153,30.1,-0.47524166107177734,0.5798787194496191
COHFACE_s22_session3_natural,25,154,30.133333333333333,-0.6537340879440308,0.30635318772517683
COHFACE_s22_session3_natural,25,155,30.166666666666668,-0.7905596494674683,-0.06801912504822084
COHFACE_s22_session3_natural,25,156,30.2,-0.8806930780410767,-0.4565381179143805
COHFACE_s22_session3_natural,25,157,30.233333333333334,-0.9321624636650085,-0.7728138822752221
COHFACE_s22_session3_natural,25,158,30.266666666666666,-0.9593985080718994,-0.958889166134884
COHFACE_s22_session3_natural,25,159,30.3,-0.9789290428161621,-0.999860213622006
COHFACE_s22_session3_natural,25,160,30.333333333333332,-1.015210747718811,-0.9190697597232357
COHFACE_s22_session3_natural,25,161,30.366666666666667,-1.082699179649353,-0.7585864448581763
COHFACE_s22_session3_natural,25,162,30.4,-1.1951301097869873,-0.5575465883559526
COHFACE_s22_session3_natural,25,163,30.433333333333334,-1.3255282640457153,-0.3403378604281277
COHFACE_s22_session3_natural,25,164,30.466666666666665,-1.2403581142425537,-0.11759115768439368
COHFACE_s22_session3_natural,25,165,30.5,-0.34901270270347595,0.10619390115455517
COHFACE_s22_session3_natural,25,166,30.533333333333335,1.0412057638168335,0.32607492785191833
COHFACE_s22_session3_natural,25,167,30.566666666666666,1.8390427827835083,0.5339515358155598
COHFACE_s22_session3_natural,25,168,30.6,1.8661547899246216,0.7174001897318933
COHFACE_s22_session3_natural,25,169,30.633333333333333,1.588396430015564,0.8574508891731667
COHFACE_s22_session3_natural,25,170,30.666666666666668,1.299048900604248,0.9273445257127972
COHFACE_s22_session3_natural,25,171,30.7,1.0577459335327148,0.8973825827747028
COHFACE_s22_session3_natural,25,172,30.733333333333334,0.7812160849571228,0.7472638660561922
COHFACE_s22_session3_natural,25,173,30.766666666666666,0.49013131856918335,0.48032102251176223
COHFACE_s22_session3_natural,25,174,30.8,0.3552786409854889,0.13060126048587262
COHFACE_s22_session3_natural,25,175,30.833333333333332,0.40869608521461487,-0.24305712939581228
COHFACE_s22_session3_natural,25,176,30.866666666666667,0.4820535480976105,-0.5737738566986055
COHFACE_s22_session3_natural,25,177,30.9,0.4159921109676361,-0.8055199242281685
COHFACE_s22_session3_natural,25,178,30.933333333333334,0.21403570473194122,-0.905678936702099
COHFACE_s22_session3_natural,25,179,30.966666666666665,-0.04259137064218521,-0.8685352409051508
COHFACE_s22_session3_natural,25,180,31.0,-0.280146986246109,-0.7129534669588026
COHFACE_s22_session3_natural,25,181,31.033333333333335,-0.4788772761821747,-0.47828427142460767
COHFACE_s22_session3_natural,25,182,31.066666666666666,-0.6387697458267212,-0.21762321655566802
COHFACE_s22_session3_natural,25,183,31.1,-0.7568837404251099,0.015236050565941578
COHFACE_s22_session3_natural,25,184,31.133333333333333,-0.8272384405136108,0.18366780307294597
COHFACE_s22_session3_natural,25,185,31.166666666666668,-0.8671184778213501,0.28191831033768355
COHFACE_s22_session3_natural,25,186,31.2,-0.8945034742355347,0.33453337146367623
COHFACE_s22_session3_natural,25,187,31.233333333333334,-0.931207001209259,0.3787729601512393
COHFACE_s22_session3_natural,25,188,31.266666666666666,-0.9966108202934265,0.4387060589673157
COHFACE_s22_session3_natural,25,189,31.3,-1.106349229812622,0.5066169808261135
COHFACE_s22_session3_natural,25,190,31.333333333333332,-1.199845314025879,0.5438173399430569
COHFACE_s22_session3_natural,25,191,31.366666666666667,-0.8831126689910889,0.5013062265692088
COHFACE_s22_session3_natural,25,192,31.4,0.2979525923728943,0.3485670746981015
COHFACE_s22_session3_natural,25,193,31.433333333333334,1.5730102062225342,0.09401027352809856
COHFACE_s22_session3_natural,25,194,31.466666666666665,2.0825791358947754,-0.21366296238238258
COHFACE_s22_session3_natural,25,195,31.5,1.9993075132369995,-0.5024126110434657
COHFACE_s22_session3_natural,25,196,31.533333333333335,1.7651641368865967,-0.7020554707987176
COHFACE_s22_session3_natural,25,197,31.566666666666666,1.5468412637710571,-0.7655602917470499
COHFACE_s22_session3_natural,25,198,31.6,1.3589309453964233,-0.6794611901287223
COHFACE_s22_session3_natural,25,199,31.633333333333333,1.0985690355300903,-0.4634076108612613
COHFACE_s22_session3_natural,25,200,31.666666666666668,0.8141350746154785,-0.16234043108916335
COHFACE_s22_session3_natural,25,201,31.7,0.665248692035675,0.16541740305414732
COHFACE_s22_session3_natural,25,202,31.733333333333334,0.6618736982345581,0.4619470201026889
COHFACE_s22_session3_natural,25,203,31.766666666666666,0.6502968072891235,0.6828602593436595
COHFACE_s22_session3_natural,25,204,31.8,0.5225291848182678,0.8056341323614092
COHFACE_s22_session3_natural,25,205,31.833333333333332,0.28883254528045654,0.829482106898121
COHFACE_s22_session3_natural,25,206,31.866666666666667,0.018171748146414757,0.767550792382536
COHFACE_s22_session3_natural,25,207,31.9,-0.23893925547599792,0.6371675970320039
COHFACE_s22_session3_natural,25,208,31.933333333333334,-0.452311247587204,0.45460126035919757
COHFACE_s22_session3_natural,25,209,31.966666666666665,-0.6089900135993958,0.23636700972042668
COHFACE_s22_session3_natural,25,210,32.0,-0.7173510789871216,0.0027384945727380377
COHFACE_s22_session3_natural,25,211,32.03333333333333,-0.7938106060028076,-0.22294051990094188
COHFACE_s22_session3_natural,25,212,32.06666666666667,-0.8480470180511475,-0.420494018310038
COHFACE_s22_session3_natural,25,213,32.1,-0.8968113660812378,-0.5795309417447008
COHFACE_s22_session3_natural,25,214,32.13333333333333,-0.9380439519882202,-0.7001998528430752
COHFACE_s22_session3_natural,25,215,32.166666666666664,-0.9892775416374207,-0.7866189188708815
COHFACE_s22_session3_natural,25,216,32.2,-1.0707252025604248,-0.8378379406764768
COHFACE_s22_session3_natural,25,217,32.233333333333334,-1.1989022493362427,-0.8436780898931672
COHFACE_s22_session3_natural,25,218,32.266666666666666,-1.3034167289733887,-0.7890642800600968
COHFACE_s22_session3_natural,25,219,32.3,-1.0055819749832153,-0.6639776693775538
COHFACE_s22_session3_natural,25,220,32.333333333333336,0.17535924911499023,-0.4722254720992311
COHFACE_s22_session3_natural,25,221,32.36666666666667,1.4810776710510254,-0.23333402104755557
COHFACE_s22_session3_natural,25,222,32.4,2.0324747562408447,0.0230999897839202
COHFACE_s22_session3_natural,25,223,32.43333333333333,2.010996103286743,0.26644624986591736
COHFACE_s22_session3_natural,25,224,32.46666666666667,1.8305058479309082,0.4722785561257313
COHFACE_s22_session3_natural,25,225,32.5,1.64678955078125,0.6251094230100845
COHFACE_s22_session3_natural,25,226,32.53333333333333,1.4688928127288818,0.7172798457229111
COHFACE_s22_session3_natural,25,227,32.56666666666667,1.209039568901062,0.7462473009875719
COHFACE_s22_session3_natural,25,228,32.6,0.9135374426841736,0.71165417553562
COHFACE_s22_session3_natural,25,229,32.63333333333333,0.7421549558639526,0.6127129625090345
COHFACE_s22_session3_natural,25,230,32.666666666666664,0.7165443301200867,0.4474920049596735
COHFACE_s22_session3_natural,25,231,32.7,0.6986392736434937,0.216523629406651
COHFACE_s22_session3_natural,25,232,32.733333333333334,0.5810588598251343,-0.06886469201575554
COHFACE_s22_session3_natural,25,233,32.766666666666666,0.3577975034713745,-0.37742099083708885
COHFACE_s22_session3_natural,25,234,32.8,0.09116938710212708,-0.6554218034984733
COHFACE_s22_session3_natural,25,235,32.833333333333336,-0.17486314475536346,-0.8366164106115942
COHFACE_s22_session3_natural,25,236,32.86666666666667,-0.403534471988678,-0.8633305583501658
COHFACE_s22_session3_natural,25,237,32.9,-0.5762322545051575,-0.7096972837944592
COHFACE_s22_session3_natural,25,238,32.93333333333333,-0.6997562050819397,-0.39582042551375846
COHFACE_s22_session3_natural,25,239,32.96666666666667,-0.7904852032661438,0.01404696718999414
COHFACE_s22_session3_natural,26,0,26.0,0.27989861369132996,0.021652388143208204
COHFACE_s22_session3_natural,26,1,26.033333333333335,0.037205979228019714,-0.49567600115736227
COHFACE_s22_session3_natural,26,2,26.066666666666666,-0.1824817955493927,-0.9397617565399218
COHFACE_s22_session3_natural,26,3,26.1,-0.3586539030075073,-1.2406661758376654
COHFACE_s22_session3_natural,26,4,26.133333333333333,-0.49719181656837463,-1.3433248161483358
COHFACE_s22_session3_natural,26,5,26.166666666666668,-0.5998451113700867,-1.2213651447214848
COHFACE_s22_session3_natural,26,6,26.2,-0.6609929203987122,-0.8896092713444707
COHFACE_s22_session3_natural,26,7,26.233333333333334,-0.6947681307792664,-0.4080125951226813
COHFACE_s22_session3_natural,26,8,26.266666666666666,-0.7342014908790588,0.12732475215612152
COHFACE_s22_session3_natural,26,9,26.3,-0.7965652346611023,0.6049725279637448
COHFACE_s22_session3_natural,26,10,26.333333333333332,-0.8901357650756836,0.9249967561192172
COHFACE_s22_session3_natural,26,11,26.366666666666667,-1.0094656944274902,1.023884061197473
COHFACE_s22_session3_natural,26,12,26.4,-0.9465063810348511,0.8904454810776643
COHFACE_s22_session3_natural,26,13,26.433333333333334,-0.17318803071975708,0.5683938353936049
COHFACE_s22_session3_natural,26,14,26.466666666666665,1.1078380346298218,0.1448831457396355
COHFACE_s22_session3_natural,26,15,26.5,1.9250441789627075,-0.272172685459106
COHFACE_s22_session3_natural,26,16,26.533333333333335,2.0548219680786133,-0.5822874351638254
COHFACE_s22_session3_natural,26,17,26.566666666666666,1.8954133987426758,-0.7186517515737376
COHFACE_s22_session3_natural,26,18,26.6,1.7057907581329346,-0.665024480241384
COHFACE_s22_session3_natural,26,19,26.633333333333333,1.544682264328003,-0.4581707299683999
COHFACE_s22_session3_natural,26,20,26.666666666666668,1.3424776792526245,-0.17513345881983325
COHFACE_s22_session3_natural,26,21,26.7,1.0476207733154297,0.09056016933446134
COHFACE_s22_session3_natural,26,22,26.733333333333334,0.8142343759536743,0.2563240199286086
COHFACE_s22_session3_natural,26,23,26.766666666666666,0.7408024668693542,0.2732880852485978
COHFACE_s22_session3_natural,26,24,26.8,0.7289401888847351,0.13794175882749898
COHFACE_s22_session3_natural,26,25,26.833333333333332,0.6447006464004517,-0.10983847513141176
COHFACE_s22_session3_natural,26,26,26.866666666666667,0.4360438287258148,-0.40003530349207717
COHFACE_s22_session3_natural,26,27,26.9,0.17045800387859344,-0.6513857602296218
COHFACE_s22_session3_natural,26,28,26.933333333333334,-0.08712451905012131,-0.7901343277383212
COHFACE_s22_session3_natural,26,29,26.966666666666665,-0.2969229221343994,-0.7650449313181593
COHFACE_s22_session3_natural,26,30,27.0,-0.4565920829772949,-0.5575660425971746
COHFACE_s22_session3_natural,26,31,27.033333333333335,-0.5802401304244995,-0.18693660982546398
COHFACE_s22_session3_natural,26,32,27.066666666666666,-0.6758827567100525,0.2909335029386531
COHFACE_s22_session3_natural,26,33,27.1,-0.7397603988647461,0.7925945579217817
COHFACE_s22_session3_natural,26,34,27.133333333333333,-0.7961185574531555,1.2242324307626442
COHFACE_s22_session3_natural,26,35,27.166666666666668,-0.8605421185493469,1.503439314861186
COHFACE_s22_session3_natural,26,36,27.2,-0.9239854216575623,1.5791897508284052
COHFACE_s22_session3_natural,26,37,27.233333333333334,-0.9938313364982605,1.4433888681006202
COHFACE_s22_session3_natural,26,38,27.266666666666666,-1.0683799982070923,1.1304680145503292
COHFACE_s22_session3_natural,26,39,27.3,-1.140000343322754,0.7062123829628898
COHFACE_s22_session3_natural,26,40,27.333333333333332,-1.2180854082107544,0.2506183478206649
COHFACE_s22_session3_natural,26,41,27.366666666666667,-1.3114945888519287,-0.1597735803086862
COHFACE_s22_session3_natural,26,42,27.4,-1.407013177871704,-0.46671261157291405
COHFACE_s22_session3_natural,26,43,27.433333333333334,-1.242517113685608,-0.6408948661971906
COHFACE_s22_session3_natural,26,44,27.466666666666665,-0.24060195684432983,-0.6869376122855438
COHFACE_s22_session3_natural,26,45,27.5,1.177572250366211,-0.6403334114093251
COHFACE_s22_session3_natural,26,46,27.533333333333335,1.9680014848709106,-0.5551700804810955
COHFACE_s22_session3_natural,26,47,27.566666666666666,2.0574400424957275,-0.4851850480228097
COHFACE_s22_session3_natural,26,48,27.6,1.9014437198638916,-0.46525329062773557
COHFACE_s22_session3_natural,26,49,27.633333333333333,1.7428293228149414,-0.5015652358602057
COHFACE_s22_session3_natural,26,50,27.666666666666668,1.5986456871032715,-0.5742979563406654
COHFACE_s22_session3_natural,26,51,27.7,1.3704334497451782,-0.6496452628911856
COHFACE_s22_session3_natural,26,52,27.733333333333334,1.0447421073913574,-0.6936604138409305
COHFACE_s22_session3_natural,26,53,27.766666666666666,0.8116286396980286,-0.6811729797941103
COHFACE_s22_session3_natural,26,54,27.8,0.7523173093795776,-0.5981407410589116
COHFACE_s22_session3_natural,26,55,27.833333333333332,0.7339779138565063,-0.4406802074641279
COHFACE_s22_session3_natural,26,56,27.866666666666667,0.6259890794754028,-0.21477187200682743
COHFACE_s22_session3_natural,26,57,27.9,0.4174066483974457,0.062188357258733215
COHFACE_s22_session3_natural,26,58,27.933333333333334,0.15492288768291473,0.36010217170732933
COHFACE_s22_session3_natural,26,59,27.966666666666665,-0.11311976611614227,0.638185405791423
COHFACE_s22_session3_natural,26,60,28.0,-0.3501294255256653,0.8512533113092218
COHFACE_s22_session3_natural,26,61,28.033333333333335,-0.5311779379844666,0.9586363676171544
COHFACE_s22_session3_natural,26,62,28.066666666666666,-0.6663532853126526,0.9333916532866855
COHFACE_s22_session3_natural,26,63,28.1,-0.7740070819854736,0.7700026147730813
COHFACE_s22_session3_natural,26,64,28.133333333333333,-0.8496972918510437,0.4889162072394043
COHFACE_s22_session3_natural,26,65,28.166666666666668,-0.9060183167457581,0.1360896774696086
COHFACE_s22_session3_natural,26,66,28.2,-0.961582362651825,-0.22390919893386185
COHFACE_s22_session3_natural,26,67,28.233333333333334,-1.0323588848114014,-0.5212753769278968
COHFACE_s22_session3_natural,26,68,28.266666666666666,-1.1095753908157349,-0.6984237088349255
COHFACE_s22_session3_natural,26,69,28.3,-1.1909236907958984,-0.7264020067844414
COHFACE_s22_session3_natural,26,70,28.333333333333332,-1.276962399482727,-0.6136357517142405
COHFACE_s22_session3_natural,26,71,28.366666666666667,-1.3555437326431274,-0.4024351582639319
COHFACE_s22_session3_natural,26,72,28.4,-1.4236525297164917,-0.1544739844919677
COHFACE_s22_session3_natural,26,73,28.433333333333334,-1.4949005842208862,0.0681593556252526
COHFACE_s22_session3_natural,26,74,28.466666666666665,-1.5941293239593506,0.2188098250982971
COHFACE_s22_session3_natural,26,75,28.5,-1.6578330993652344,0.27470313487633496
COHFACE_s22_session3_natural,26,76,28.533333333333335,-1.273227572441101,0.2380681885274102
COHFACE_s22_session3_natural,26,77,28.566666666666666,0.04182184115052223,0.1324655816366336
COHFACE_s22_session3_natural,26,78,28.6,1.434459924697876,-0.0036846807582672655
COHFACE_s22_session3_natural,26,79,28.633333333333333,1.9821096658706665,-0.1258027273741264
COHFACE_s22_session3_natural,26,80,28.666666666666668,1.9002277851104736,-0.19342609599772
COHFACE_s22_session3_natural,26,81,28.7,1.640908122062683,-0.18015872842453406
COHFACE_s22_session3_natural,26,82,28.733333333333334,1.4105244874954224,-0.08054189881770395
COHFACE_s22_session3_natural,26,83,28.766666666666666,1.211148977279663,0.08843841808833879
COHFACE_s22_session3_natural,26,84,28.8,0.9423866271972656,0.2917796306660925
COHFACE_s22_session3_natural,26,85,28.833333333333332,0.6558681130409241,0.4853480586098133
COHFACE_s22_session3_natural,26,86,28.866666666666667,0.5216482281684875,0.6264725865859637
COHFACE_s22_session3_natural,26,87,28.9,0.5373074412345886,0.6835993700109158
COHFACE_s22_session3_natural,26,88,28.933333333333334,0.5465267300605774,0.6434668564462892
COHFACE_s22_session3_natural,26,89,28.966666666666665,0.4313783347606659,0.5149477502876547
COHFACE_s22_session3_natural,26,90,29.0,0.20079612731933594,0.32830523185196003
COHFACE_s22_session3_natural,26,91,29.033333333333335,-0.062370095402002335,0.12865463882490577
COHFACE_s22_session3_natural,26,92,29.066666666666666,-0.30755677819252014,-0.035732887325364636
COHFACE_s22_session3_natural,26,93,29.1,-0.5025646090507507,-0.12714535176275493
COHFACE_s22_session3_natural,26,94,29.133333333333333,-0.645743191242218,-0.12979368208152867
COHFACE_s22_session3_natural,26,95,29.166666666666668,-0.754575788974762,-0.05514411279915353
COHFACE_s22_session3_natural,26,96,29.2,-0.8332315683364868,0.06037659928985667
COHFACE_s22_session3_natural,26,97,29.233333333333334,-0.8893167972564697,0.16460495295433997
COHFACE_s22_session3_natural,26,98,29.266666666666666,-0.9395825862884521,0.20351210903965883
COHFACE_s22_session3_natural,26,99,29.3,-0.9939678311347961,0.13646904182396416
COHFACE_s22_session3_natural,26,100,29.333333333333332,-1.059942364692688,-0.050978515889506484
COHFACE_s22_session3_natural,26,101,29.366666666666667,-1.133126139640808,-0.3405673159307728
COHFACE_s22_session3_natural,26,102,29.4,-1.207339882850647,-0.6833527694936355
COHFACE_s22_session3_natural,26,103,29.433333333333334,-1.2956243753433228,-1.0102632805511118
COHFACE_s22_session3_natural,26,104,29.466666666666665,-1.4050650596618652,-1.248505950033224
COHFACE_s22_session3_natural,26,105,29.5,-1.537039041519165,-1.3394017380607128
COHFACE_s22_session3_natural,26,106,29.533333333333335,-1.616104245185852,-1.2530016367535974
COHFACE_s22_session3_natural,26,107,29.566666666666666,-1.222452998161316,-0.9959310245149596
COHFACE_s22_session3_natural,26,108,29.6,0.08614405244588852,-0.6107029265963366
COHFACE_s22_session3_natural,26,109,29.633333333333333,1.3878669738769531,-0.16671705238687645
COHFACE_s22_session3_natural,26,110,29.666666666666668,1.821311354637146,0.25507237816374434
COHFACE_s22_session3_natural,26,111,29.7,1.6455239057540894,0.5806302944946196
COHFACE_s22_session3_natural,26,112,29.733333333333334,1.3076726198196411,0.7606569031664777
COHFACE_s22_session3_natural,26,113,29.766666666666666,1.0135477781295776,0.7834899045038023
COHFACE_s22_session3_natural,26,114,29.8,0.7376134991645813,0.6786703816095704
COHFACE_s22_session3_natural,26,115,29.833333333333332,0.41719570755958557,0.5083207445516079
COHFACE_s22_session3_natural,26,116,29.866666666666667,0.20434488356113434,0.34754239033709533
COHFACE_s22_session3_natural,26,117,29.9,0.2261461466550827,0.2598129972488612
COHFACE_s22_session3_natural,26,118,29.933333333333334,0.3604776859283447,0.2760904824071348
COHFACE_s22_session3_natural,26,119,29.966666666666665,0.3955061137676239,0.3852714300224734
COHFACE_s22_session3_natural,26,120,30.0,0.2651948630809784,0.5390677996749618
COHFACE_s22_session3_natural,26,121,30.033333333333335,0.025442972779273987,0.6688788504584993
COHFACE_s22_session3_natural,26,122,30.066666666666666,-0.2449200302362442,0.7085745446229891
COHFACE_s22_session3_natural,26,123,30.1,-0.47524166107177734,0.6159070203029544
COHFACE_s22_session3_natural,26,124,30.133333333333333,-0.6537340879440308,0.3860741545077266
COHFACE_s22_session3_natural,26,125,30.166666666666668,-0.7905596494674683,0.053530247147418546
COHFACE_s22_session3_natural,26,126,30.2,-0.8806930780410767,-0.31803659355238295
COHFACE_s22_session3_natural,26,127,30.233333333333334,-0.9321624636650085,-0.6538895837011891
COHFACE_s22_session3_natural,26,128,30.266666666666666,-0.9593985080718994,-0.8885834514526387
COHFACE_s22_session3_natural,26,129,30.3,-0.9789290428161621,-0.9820689750722683
COHFACE_s22_session3_natural,26,130,30.333333333333332,-1.015210747718811,-0.926776005823793
COHFACE_s22_session3_natural,26,131,30.366666666666667,-1.082699179649353,-0.7443464456192532
COHFACE_s22_session3_natural,26,132,30.4,-1.1951301097869873,-0.47496493928978545
COHFACE_s22_session3_natural,26,133,30.433333333333334,-1.3255282640457153,-0.16493118731409487
COHFACE_s22_session3_natural,26,134,30.466666666666665,-1.2403581142425537,0.1425396831025909
COHFACE_s22_session3_natural,26,135,30.5,-0.34901270270347595,0.41162623454478175
COHFACE_s22_session3_natural,26,136,30.533333333333335,1.0412057638168335,0.6152368124071607
COHFACE_s22_session3_natural,26,137,30.566666666666666,1.8390427827835083,0.7363437168116369
COHFACE_s22_session3_natural,26,138,30.6,1.8661547899246216,0.7700703774348513
COHFACE_s22_session3_natural,26,139,30.633333333333333,1.588396430015564,0.7246920748919289
COHFACE_s22_session3_natural,26,140,30.666666666666668,1.299048900604248,0.6196653018765124
COHFACE_s22_session3_natural,26,141,30.7,1.0577459335327148,0.4806897463517939
COHFACE_s22_session3_natural,26,142,30.733333333333334,0.7812160849571228,0.33347061938954486
COHFACE_s22_session3_natural,26,143,30.766666666666666,0.49013131856918335,0.19819156338396077
COHFACE_s22_session3_natural,26,144,30.8,0.3552786409854889,0.08588266954896866
COHFACE_s22_session3_natural,26,145,30.833333333333332,0.40869608521461487,-0.003055162580141844
COHFACE_s22_session3_natural,26,146,30.866666666666667,0.4820535480976105,-0.07804882371403028
COHFACE_s22_session3_natural,26,147,30.9,0.4159921109676361,-0.1548118085245712
COHFACE_s22_session3_natural,26,148,30.933333333333334,0.21403570473194122,-0.2487856303341418
COHFACE_s22_session3_natural,26,149,30.966666666666665,-0.04259137064218521,-0.36691960845513566
COHFACE_s22_session3_natural,26,150,31.0,-0.280146986246109,-0.5016224682095847
COHFACE_s22_session3_natural,26,151,31.033333333333335,-0.4788772761821747,-0.63113468436005
COHFACE_s22_session3_natural,26,152,31.066666666666666,-0.6387697458267212,-0.7271804149470359
COHFACE_s22_session3_natural,26,153,31.1,-0.7568837404251099,-0.7660616913222588
COHFACE_s22_session3_natural,26,154,31.133333333333333,-0.8272384405136108,-0.7371695958605174
COHFACE_s22_session3_natural,26,155,31.166666666666668,-0.8671184778213501,-0.6448498022683733
COHFACE_s22_session3_natural,26,156,31.2,-0.8945034742355347,-0.5043485778511703
COHFACE_s22_session3_natural,26,157,31.233333333333334,-0.931207001209259,-0.33621069255315117
COHFACE_s22_session3_natural,26,158,31.266666666666666,-0.9966108202934265,-0.16294666829233967
COHFACE_s22_session3_natural,26,159,31.3,-1.106349229812622,-0.008085451834581987
COHFACE_s22_session3_natural,26,160,31.333333333333332,-1.199845314025879,0.10564593099732666
COHFACE_s22_session3_natural,26,161,31.366666666666667,-0.8831126689910889,0.16205332705654155
COHFACE_s22_session3_natural,26,162,31.4,0.2979525923728943,0.15987334337523146
COHFACE_s22_session3_natural,26,163,31.433333333333334,1.5730102062225342,0.11808690033629074
COHFACE_s22_session3_natural,26,164,31.466666666666665,2.0825791358947754,0.07213547403229131
COHFACE_s22_session3_natural,26,165,31.5,1.9993075132369995,0.06013903738221845
COHFACE_s22_session3_natural,26,166,31.533333333333335,1.7651641368865967,0.10568941713070057
COHFACE_s22_session3_natural,26,167,31.566666666666666,1.5468412637710571,0.2072998269091899
COHFACE_s22_session3_natural,26,168,31.6,1.3589309453964233,0.34041754272084096
COHFACE_s22_session3_natural,26,169,31.633333333333333,1.0985690355300903,0.46994544367921043
COHFACE_s22_session3_natural,26,170,31.666666666666668,0.8141350746154785,0.5657743287303478
COHFACE_s22_session3_natural,26,171,31.7,0.665248692035675,0.613562367947556
COHFACE_s22_session3_natural,26,172,31.733333333333334,0.6618736982345581,0.6168906157744718
COHFACE_s22_session3_natural,26,173,31.766666666666666,0.6502968072891235,0.5916193933356171
COHFACE_s22_session3_natural,26,174,31.8,0.5225291848182678,0.5559081956032391
COHFACE_s22_session3_natural,26,175,31.833333333333332,0.28883254528045654,0.5200387024408327
COHFACE_s22_session3_natural,26,176,31.866666666666667,0.018171748146414757,0.48003482102096534
COHFACE_s22_session3_natural,26,177,31.9,-0.23893925547599792,0.4180336869666132
COHFACE_s22_session3_natural,26,178,31.933333333333334,-0.452311247587204,0.3099933147779653
COHFACE_s22_session3_natural,26,179,31.966666666666665,-0.6089900135993958,0.13798101534217164
COHFACE_s22_session3_natural,26,180,32.0,-0.7173510789871216,-0.09856014821861553
COHFACE_s22_session3_natural,26,181,32.03333333333333,-0.7938106060028076,-0.37810379594275445
COHFACE_s22_session3_natural,26,182,32.06666666666667,-0.8480470180511475,-0.6607403218604114
COHFACE_s22_session3_natural,26,183,32.1,-0.8968113660812378,-0.8979004658940221
COHFACE_s22_session3_natural,26,184,32.13333333333333,-0.9380439519882202,-1.0441540776530818
COHFACE_s22_session3_natural,26,185,32.166666666666664,-0.9892775416374207,-1.0679314622262128
COHFACE_s22_session3_natural,26,186,32.2,-1.0707252025604248,-0.9592451881608444
COHFACE_s22_session3_natural,26,187,32.233333333333334,-1.1989022493362427,-0.7331153318507418
COHFACE_s22_session3_natural,26,188,32.266666666666666,-1.3034167289733887,-0.4275504666158073
COHFACE_s22_session3_natural,26,189,32.3,-1.0055819749832153,-0.0956260176615922
COHFACE_s22_session3_natural,26,190,32.333333333333336,0.17535924911499023,0.20695506554636514
COHFACE_s22_session3_natural,26,191,32.36666666666667,1.4810776710510254,0.43536086780371164
COHFACE_s22_session3_natural,26,192,32.4,2.0324747562408447,0.5658881868118835
COHFACE_s22_session3_natural,26,193,32.43333333333333,2.010996103286743,0.5998001285893177
COHFACE_s22_session3_natural,26,194,32.46666666666667,1.8305058479309082,0.5601962979981635
COHFACE_s22_session3_natural,26,195,32.5,1.64678955078125,0.48382862212120187
COHFACE_s22_session3_natural,26,196,32.53333333333333,1.4688928127288818,0.41061880869851974
COHFACE_s22_session3_natural,26,197,32.56666666666667,1.209039568901062,0.37300620144719837
COHFACE_s22_session3_natural,26,198,32.6,0.9135374426841736,0.3863676574841392
COHFACE_s22_session3_natural,26,199,32.63333333333333,0.7421549558639526,0.4419496551530029
COHFACE_s22_session3_natural,26,200,32.666666666666664,0.7165443301200867,0.5051196301074419
COHFACE_s22_session3_natural,26,201,32.7,0.6986392736434937,0.5222653744421631
COHFACE_s22_session3_natural,26,202,32.733333333333334,0.5810588598251343,0.4373291576657814
COHFACE_s22_session3_natural,26,203,32.766666666666666,0.3577975034713745,0.21392543729862593
COHFACE_s22_session3_natural,26,204,32.8,0.09116938710212708,-0.1459704442017048
COHFACE_s22_session3_natural,26,205,32.833333333333336,-0.17486314475536346,-0.5959693827158062
COHFACE_s22_session3_natural,26,206,32.86666666666667,-0.403534471988678,-1.0547899850748987
COHFACE_s22_session3_natural,26,207,32.9,-0.5762322545051575,-1.4267245677370874
COHFACE_s22_session3_natural,26,208,32.93333333333333,-0.6997562050819397,-1.6253449506977562
COHFACE_s22_session3_natural,26,209,32.96666666666667,-0.7904852032661438,-1.5941728988420516
COHFACE_s22_session3_natural,26,210,33.0,-0.852849006652832,-1.3208378591823524
COHFACE_s22_session3_natural,26,211,33.03333333333333,-0.9029286503791809,-0.8429278280399445
COHFACE_s22_session3_natural,26,212,33.06666666666667,-0.956197202205658,-0.2438016462960531
COHFACE_s22_session3_natural,26,213,33.1,-1.0107189416885376,0.3630869056491333
COHFACE_s22_session3_natural,26,214,33.13333333333333,-1.0766191482543945,0.8602948347224567
COHFACE_s22_session3_natural,26,215,33.166666666666664,-1.1616278886795044,1.157260416830849
COHFACE_s22_session3_natural,26,216,33.2,-1.282496452331543,1.2159825159938176
COHFACE_s22_session3_natural,26,217,33.233333333333334,-1.4039111137390137,1.0614277210825127
COHFACE_s22_session3_natural,26,218,33.266666666666666,-1.2336701154708862,0.7722473123459007
COHFACE_s22_session3_natural,26,219,33.3,-0.21626941859722137,0.4552701400569239
COHFACE_s22_session3_natural,26,220,33.333333333333336,1.170127272605896,0.21263158583035027
COHFACE_s22_session3_natural,26,221,33.36666666666667,1.905997633934021,0.1118497551854057
COHFACE_s22_session3_natural,26,222,33.4,1.9585837125778198,0.16742230031115615
COHFACE_s22_session3_natural,26,223,33.43333333333333,1.781294822692871,0.33878281457875964
COHFACE_s22_session3_natural,26,224,33.46666666666667,1.5750576257705688,0.5448570609777307
COHFACE_s22_session3_natural,26,225,33.5,1.3782134056091309,0.6908537507059188
COHFACE_s22_session3_natural,26,226,33.53333333333333,1.1098729372024536,0.699188459409414
COHFACE_s22_session3_natural,26,227,33.56666666666667,0.7990466952323914,0.5347542272937437
COHFACE_s22_session3_natural,26,228,33.6,0.6247110366821289,0.21609119562667056
COHFACE_s22_session3_natural,26,229,33.63333333333333,0.6053541898727417,-0.19152170630033055
COHFACE_s22_session3_natural,26,230,33.666666666666664,0.6045600175857544,-0.5985507067747444
COHFACE_s22_session3_natural,26,231,33.7,0.49971047043800354,-0.9207099536279945
COHFACE_s22_session3_natural,26,232,33.733333333333334,0.28044456243515015,-1.1040635771681955
COHFACE_s22_session3_natural,26,233,33.766666666666666,0.010466235689818859,-1.1365281982756958
COHFACE_s22_session3_natural,26,234,33.8,-0.2482082098722458,-1.0432677918684394
COHFACE_s22_session3_natural,26,235,33.833333333333336,-0.4671390652656555,-0.8706347159879056
COHFACE_s22_session3_natural,26,236,33.86666666666667,-0.6372435688972473,-0.6668887286942935
COHFACE_s22_session3_natural,26,237,33.9,-0.7595639228820801,-0.4671056345801452
COHFACE_s22_session3_natural,26,238,33.93333333333333,-0.8391255140304565,-0.28614993324756355
COHFACE_s22_session3_natural,26,239,33.96666666666667,-0.8946399688720703,-0.11993105678186367
COHFACE_s22_session3_natural,27,0,27.0,-0.4565920829772949,0.09010992809759401
COHFACE_s22_session3_natural,27,1,27.033333333333335,-0.5802401304244995,0.493150089009653
COHFACE_s22_session3_natural,27,2,27.066666666666666,-0.6758827567100525,0.8553661879901874
COHFACE_s22_session3_natural,27,3,27.1,-0.7397603988647461,1.1423058102444188
COHFACE_s22_session3_natural,27,4,27.133333333333333,-0.7961185574531555,1.3269473485703287
COHFACE_s22_session3_natural,27,5,27.166666666666668,-0.8605421185493469,1.3941727571159197
COHFACE_s22_session3_natural,27,6,27.2,-0.9239854216575623,1.3439445747072583
COHFACE_s22_session3_natural,27,7,27.233333333333334,-0.9938313364982605,1.1916329474329002
COHFACE_s22_session3_natural,27,8,27.266666666666666,-1.0683799982070923,0.9646059298517184
COHFACE_s22_session3_natural,27,9,27.3,-1.140000343322754,0.6957337732488672
COHFACE_s22_session3_natural,27,10,27.333333333333332,-1.2180854082107544,0.4165027657053747
COHFACE_s22_session3_natural,27,11,27.366666666666667,-1.3114945888519287,0.15259606922173224
COHFACE_s22_session3_natural,27,12,27.4,-1.407013177871704,-0.0778806671372495
COHFACE_s22_session3_natural,27,13,27.433333333333334,-1.242517113685608,-0.2654907782402159
COHFACE_s22_session3_natural,27,14,27.466666666666665,-0.24060195684432983,-0.41052407577207106
COHFACE_s22_session3_natural,27,15,27.5,1.177572250366211,-0.5220744585593469
COHFACE_s22_session3_natural,27,16,27.533333333333335,1.9680014848709106,-0.6129638282322071
COHFACE_s22_session3_natural,27,17,27.566666666666666,2.0574400424957275,-0.6913504527708182
COHFACE_s22_session3_natural,27,18,27.6,1.9014437198638916,-0.7538789603564127
COHFACE_s22_session3_natural,27,19,27.633333333333333,1.7428293228149414,-0.7858905690429545
COHFACE_s22_session3_natural,27,20,27.666666666666668,1.5986456871032715,-0.7695481318377199
COHFACE_s22_session3_natural,27,21,27.7,1.3704334497451782,-0.6947969341880773
COHFACE_s22_session3_natural,27,22,27.733333333333334,1.0447421073913574,-0.5660994351766409
COHFACE_s22_session3_natural,27,23,27.766666666666666,0.8116286396980286,-0.40089376924208237
COHFACE_s22_session3_natural,27,24,27.8,0.7523173093795776,-0.22130910328968925
COHFACE_s22_session3_natural,27,25,27.833333333333332,0.7339779138565063,-0.0449381611887077
COHFACE_s22_session3_natural,27,26,27.866666666666667,0.6259890794754028,0.11949042875406077
COHFACE_s22_session3_natural,27,27,27.9,0.4174066483974457,0.2697423736325983
COHFACE_s22_session3_natural,27,28,27.933333333333334,0.15492288768291473,0.40440460589153143
COHFACE_s22_session3_natural,27,29,27.966666666666665,-0.11311976611614227,0.5191779714655108
COHFACE_s22_session3_natural,27,30,28.0,-0.3501294255256653,0.6072052850578618
COHFACE_s22_session3_natural,27,31,28.033333333333335,-0.5311779379844666,0.6613271983229934
COHFACE_s22_session3_natural,27,32,28.066666666666666,-0.6663532853126526,0.6755174446707691
COHFACE_s22_session3_natural,27,33,28.1,-0.7740070819854736,0.6450255246211523
COHFACE_s22_session3_natural,27,34,28.133333333333333,-0.8496972918510437,0.566799170345757
COHFACE_s22_session3_natural,27,35,28.166666666666668,-0.9060183167457581,0.44152115742092873
COHFACE_s22_session3_natural,27,36,28.2,-0.961582362651825,0.2763070519832594
COHFACE_s22_session3_natural,27,37,28.233333333333334,-1.0323588848114014,0.08549993551071249
COHFACE_s22_session3_natural,27,38,28.266666666666666,-1.1095753908157349,-0.11181831671419859
COHFACE_s22_session3_natural,27,39,28.3,-1.1909236907958984,-0.2963535483380846
COHFACE_s22_session3_natural,27,40,28.333333333333332,-1.276962399482727,-0.45246417116189586
COHFACE_s22_session3_natural,27,41,28.366666666666667,-1.3555437326431274,-0.5695415985757927
COHFACE_s22_session3_natural,27,42,28.4,-1.4236525297164917,-0.6415025496253262
COHFACE_s22_session3_natural,27,43,28.433333333333334,-1.4949005842208862,-0.6665054527234295
COHFACE_s22_session3_natural,27,44,28.466666666666665,-1.5941293239593506,-0.6479497526986306
COHFACE_s22_session3_natural,27,45,28.5,-1.6578330993652344,-0.5954255471402669
COHFACE_s22_session3_natural,27,46,28.533333333333335,-1.273227572441101,-0.5230597361366256
COHFACE_s22_session3_natural,27,47,28.566666666666666,0.04182184115052223,-0.4442832168807439
COHFACE_s22_session3_natural,27,48,28.6,1.434459924697876,-0.3656549833161035
COHFACE_s22_session3_natural,27,49,28.633333333333333,1.9821096658706665,-0.28431393255504556
COHFACE_s22_session3_natural,27,50,28.666666666666668,1.9002277851104736,-0.19128896783229388
COHFACE_s22_session3_natural,27,51,28.7,1.640908122062683,-0.07844436702922983
COHFACE_s22_session3_natural,27,52,28.733333333333334,1.4105244874954224,0.05577790562417847
COHFACE_s22_session3_natural,27,53,28.766666666666666,1.211148977279663,0.2053840315376839
COHFACE_s22_session3_natural,27,54,28.8,0.9423866271972656,0.3600173356215951
COHFACE_s22_session3_natural,27,55,28.833333333333332,0.6558681130409241,0.5086228852730321
COHFACE_s22_session3_natural,27,56,28.866666666666667,0.5216482281684875,0.6408300337263695
COHFACE_s22_session3_natural,27,57,28.9,0.5373074412345886,0.7464986904513787
COHFACE_s22_session3_natural,27,58,28.933333333333334,0.5465267300605774,0.8158575607756444
COHFACE_s22_session3_natural,27,59,28.966666666666665,0.4313783347606659,0.8417662799595461
COHFACE_s22_session3_natural,27,60,29.0,0.20079612731933594,0.8227707465361201
COHFACE_s22_session3_natural,27,61,29.033333333333335,-0.062370095402002335,0.7639528617031722
COHFACE_s22_session3_natural,27,62,29.066666666666666,-0.30755677819252014,0.6742058395151338
COHFACE_s22_session3_natural,27,63,29.1,-0.5025646090507507,0.5616660014915632
COHFACE_s22_session3_natural,27,64,29.133333333333333,-0.645743191242218,0.4305178157853469
COHFACE_s22_session3_natural,27,65,29.166666666666668,-0.754575788974762,0.28110617142850786
COHFACE_s22_session3_natural,27,66,29.2,-0.8332315683364868,0.11239661002254321
COHFACE_s22_session3_natural,27,67,29.233333333333334,-0.8893167972564697,-0.07575072925850232
COHFACE_s22_session3_natural,27,68,29.266666666666666,-0.9395825862884521,-0.2816340972686474
COHFACE_s22_session3_natural,27,69,29.3,-0.9939678311347961,-0.501008293420537
COHFACE_s22_session3_natural,27,70,29.333333333333332,-1.059942364692688,-0.725296016009948
COHFACE_s22_session3_natural,27,71,29.366666666666667,-1.133126139640808,-0.9391762635115596
COHFACE_s22_session3_natural,27,72,29.4,-1.207339882850647,-1.11995901797577
COHFACE_s22_session3_natural,27,73,29.433333333333334,-1.2956243753433228,-1.2409684245955093
COHFACE_s22_session3_natural,27,74,29.466666666666665,-1.4050650596618652,-1.278350460832441
COHFACE_s22_session3_natural,27,75,29.5,-1.537039041519165,-1.2180631900599357
COHFACE_s22_session3_natural,27,76,29.533333333333335,-1.616104245185852,-1.0599439174551721
COHFACE_s22_session3_natural,27,77,29.566666666666666,-1.222452998161316,-0.817871607722741
COHFACE_s22_session3_natural,27,78,29.6,0.08614405244588852,-0.5169503175447097
COHFACE_s22_session3_natural,27,79,29.633333333333333,1.3878669738769531,-0.1893026375647227
COHFACE_s22_session3_natural,27,80,29.666666666666668,1.821311354637146,0.1304758343518521
COHFACE_s22_session3_natural,27,81,29.7,1.6455239057540894,0.4103174822275488
COHFACE_s22_session3_natural,27,82,29.733333333333334,1.3076726198196411,0.6268870428047391
COHFACE_s22_session3_natural,27,83,29.766666666666666,1.0135477781295776,0.7722519659200757
COHFACE_s22_session3_natural,27,84,29.8,0.7376134991645813,0.8571600275396575
COHFACE_s22_session3_natural,27,85,29.833333333333332,0.41719570755958557,0.9064537131564173
COHFACE_s22_session3_natural,27,86,29.866666666666667,0.20434488356113434,0.9466353854637479
COHFACE_s22_session3_natural,27,87,29.9,0.2261461466550827,0.9915316400454082
COHFACE_s22_session3_natural,27,88,29.933333333333334,0.3604776859283447,1.0340971422767256
COHFACE_s22_session3_natural,27,89,29.966666666666665,0.3955061137676239,1.049020634016344
COHFACE_s22_session3_natural,27,90,30.0,0.2651948630809784,1.0042366710033608
COHFACE_s22_session3_natural,27,91,30.033333333333335,0.025442972779273987,0.8746841972089462
COHFACE_s22_session3_natural,27,92,30.066666666666666,-0.2449200302362442,0.6520674176972419
COHFACE_s22_session3_natural,27,93,30.1,-0.47524166107177734,0.34811267925239203
COHFACE_s22_session3_natural,27,94,30.133333333333333,-0.6537340879440308,-0.007879922472313214
COHFACE_s22_session3_natural,27,95,30.166666666666668,-0.7905596494674683,-0.3752151010947537
COHFACE_s22_session3_natural,27,96,30.2,-0.8806930780410767,-0.7102108306850836
COHFACE_s22_session3_natural,27,97,30.233333333333334,-0.9321624636650085,-0.9756311310107232
COHFACE_s22_session3_natural,27,98,30.266666666666666,-0.9593985080718994,-1.1489281781999143
COHFACE_s22_session3_natural,27,99,30.3,-0.9789290428161621,-1.2260455536580224
COHFACE_s22_session3_natural,27,100,30.333333333333332,-1.015210747718811,-1.2184130236194022
COHFACE_s22_session3_natural,27,101,30.366666666666667,-1.082699179649353,-1.1440381757162077
COHFACE_s22_session3_natural,27,102,30.4,-1.1951301097869873,-1.017603884095552
COHFACE_s22_session3_natural,27,103,30.433333333333334,-1.3255282640457153,-0.845574311507294
COHFACE_s22_session3_natural,27,104,30.466666666666665,-1.2403581142425537,-0.6286978612945727
COHFACE_s22_session3_natural,27,105,30.5,-0.34901270270347595,-0.36917375270977404
COHFACE_s22_session3_natural,27,106,30.533333333333335,1.0412057638168335,-0.07734802026085118
COHFACE_s22_session3_natural,27,107,30.566666666666666,1.8390427827835083,0.22596835754645486
COHFACE_s22_session3_natural,27,108,30.6,1.8661547899246216,0.5122776888881131
COHFACE_s22_session3_natural,27,109,30.633333333333333,1.588396430015564,0.7513609888661235
COHFACE_s22_session3_natural,27,110,30.666666666666668,1.299048900604248,0.9179760112680901
COHFACE_s22_session3_natural,27,111,30.7,1.0577459335327148,0.9975067244494452
COHFACE_s22_session3_natural,27,112,30.733333333333334,0.7812160849571228,0.9892362217002487
COHFACE_s22_session3_natural,27,113,30.766666666666666,0.49013131856918335,0.9061097870693667
COHFACE_s22_session3_natural,27,114,30.8,0.3552786409854889,0.770497463432828
COHFACE_s22_session3_natural,27,115,30.833333333333332,0.40869608521461487,0.6069755345741784
COHFACE_s22_session3_natural,27,116,30.866666666666667,0.4820535480976105,0.4350597676859864
COHFACE_s22_session3_natural,27,117,30.9,0.4159921109676361,0.26557242594128005
COHFACE_s22_session3_natural,27,118,30.933333333333334,0.21403570473194122,0.10266082926948433
COHFACE_s22_session3_natural,27,119,30.966666666666665,-0.04259137064218521,-0.05013561456905069
COHFACE_s22_session3_natural,27,120,31.0,-0.280146986246109,-0.184732061256001
COHFACE_s22_session3_natural,27,121,31.033333333333335,-0.4788772761821747,-0.2890046670833926
COHFACE_s22_session3_natural,27,122,31.066666666666666,-0.6387697458267212,-0.3530150261854408
COHFACE_s22_session3_natural,27,123,31.1,-0.7568837404251099,-0.37599200618632717
COHFACE_s22_session3_natural,27,124,31.133333333333333,-0.8272384405136108,-0.3683787205337973
COHFACE_s22_session3_natural,27,125,31.166666666666668,-0.8671184778213501,-0.347123881462215
COHFACE_s22_session3_natural,27,126,31.2,-0.8945034742355347,-0.3277214837997898
COHFACE_s22_session3_natural,27,127,31.233333333333334,-0.931207001209259,-0.3188382572576324
COHFACE_s22_session3_natural,27,128,31.266666666666666,-0.9966108202934265,-0.322575700859591
COHFACE_s22_session3_natural,27,129,31.3,-1.106349229812622,-0.3383565501032863
COHFACE_s22_session3_natural,27,130,31.333333333333332,-1.199845314025879,-0.36558791621966036
COHFACE_s22_session3_natural,27,131,31.366666666666667,-0.8831126689910889,-0.40174509253777463
COHFACE_s22_session3_natural,27,132,31.4,0.2979525923728943,-0.4372152837896087
COHFACE_s22_session3_natural,27,133,31.433333333333334,1.5730102062225342,-0.4521631776231835
COHFACE_s22_session3_natural,27,134,31.466666666666665,2.0825791358947754,-0.4202773343540873
COHFACE_s22_session3_natural,27,135,31.5,1.9993075132369995,-0.3195324823443242
COHFACE_s22_session3_natural,27,136,31.533333333333335,1.7651641368865967,-0.14431490690328821
COHFACE_s22_session3_natural,27,137,31.566666666666666,1.5468412637710571,0.08864793166865043
COHFACE_s22_session3_natural,27,138,31.6,1.3589309453964233,0.3439849543116484
COHFACE_s22_session3_natural,27,139,31.633333333333333,1.0985690355300903,0.578347853284639
COHFACE_s22_session3_natural,27,140,31.666666666666668,0.8141350746154785,0.7525031133157366
COHFACE_s22_session3_natural,27,141,31.7,0.665248692035675,0.8403995890140261
COHFACE_s22_session3_natural,27,142,31.733333333333334,0.6618736982345581,0.8335917541772037
COHFACE_s22_session3_natural,27,143,31.766666666666666,0.6502968072891235,0.7412526437124459
COHFACE_s22_session3_natural,27,144,31.8,0.5225291848182678,0.5859562643045183
COHFACE_s22_session3_natural,27,145,31.833333333333332,0.28883254528045654,0.3956973315632472
COHFACE_s22_session3_natural,27,146,31.866666666666667,0.018171748146414757,0.19487783282475635
COHFACE_s22_session3_natural,27,147,31.9,-0.23893925547599792,-0.001271012466114124
COHFACE_s22_session3_natural,27,148,31.933333333333334,-0.452311247587204,-0.18599895125565863
COHFACE_s22_session3_natural,27,149,31.966666666666665,-0.6089900135993958,-0.35544001970008915
COHFACE_s22_session3_natural,27,150,32.0,-0.7173510789871216,-0.5030742026921101
COHFACE_s22_session3_natural,27,151,32.03333333333333,-0.7938106060028076,-0.619051909122052
COHFACE_s22_session3_natural,27,152,32.06666666666667,-0.8480470180511475,-0.6947508494274516
COHFACE_s22_session3_natural,27,153,32.1,-0.8968113660812378,-0.728075668607262
COHFACE_s22_session3_natural,27,154,32.13333333333333,-0.9380439519882202,-0.7241121949583094
COHFACE_s22_session3_natural,27,155,32.166666666666664,-0.9892775416374207,-0.6896687609025502
COHFACE_s22_session3_natural,27,156,32.2,-1.0707252025604248,-0.6260547460921264
COHFACE_s22_session3_natural,27,157,32.233333333333334,-1.1989022493362427,-0.5266888384804863
COHFACE_s22_session3_natural,27,158,32.266666666666666,-1.3034167289733887,-0.3820166585615519
COHFACE_s22_session3_natural,27,159,32.3,-1.0055819749832153,-0.18786606809433173
COHFACE_s22_session3_natural,27,160,32.333333333333336,0.17535924911499023,0.04929500573934295
COHFACE_s22_session3_natural,27,161,32.36666666666667,1.4810776710510254,0.31377782162945933
COHFACE_s22_session3_natural,27,162,32.4,2.0324747562408447,0.5863197133038501
COHFACE_s22_session3_natural,27,163,32.43333333333333,2.010996103286743,0.8481466587276617
COHFACE_s22_session3_natural,27,164,32.46666666666667,1.8305058479309082,1.0803882698497587
COHFACE_s22_session3_natural,27,165,32.5,1.64678955078125,1.2612330289187066
COHFACE_s22_session3_natural,27,166,32.53333333333333,1.4688928127288818,1.3658504968500362
COHFACE_s22_session3_natural,27,167,32.56666666666667,1.209039568901062,1.371885077498051
COHFACE_s22_session3_natural,27,168,32.6,0.9135374426841736,1.268101972227177
COHFACE_s22_session3_natural,27,169,32.63333333333333,0.7421549558639526,1.0602008859400052
COHFACE_s22_session3_natural,27,170,32.666666666666664,0.7165443301200867,0.7693132565221202
COHFACE_s22_session3_natural,27,171,32.7,0.6986392736434937,0.4238428815024138
COHFACE_s22_session3_natural,27,172,32.733333333333334,0.5810588598251343,0.0500129399547018
COHFACE_s22_session3_natural,27,173,32.766666666666666,0.3577975034713745,-0.3328236078465896
COHFACE_s22_session3_natural,27,174,32.8,0.09116938710212708,-0.7100321049114466
COHFACE_s22_session3_natural,27,175,32.833333333333336,-0.17486314475536346,-1.065749672319378
COHFACE_s22_session3_natural,27,176,32.86666666666667,-0.403534471988678,-1.3783333502383546
COHFACE_s22_session3_natural,27,177,32.9,-0.5762322545051575,-1.6206000063242756
COHFACE_s22_session3_natural,27,178,32.93333333333333,-0.6997562050819397,-1.7644676064778362
COHFACE_s22_session3_natural,27,179,32.96666666666667,-0.7904852032661438,-1.7872647599753626
COHFACE_s22_session3_natural,27,180,33.0,-0.852849006652832,-1.6777319433546465
COHFACE_s22_session3_natural,27,181,33.03333333333333,-0.9029286503791809,-1.440970821047884
COHFACE_s22_session3_natural,27,182,33.06666666666667,-0.956197202205658,-1.1008180489795325
COHFACE_s22_session3_natural,27,183,33.1,-1.0107189416885376,-0.6972508200876161
COHFACE_s22_session3_natural,27,184,33.13333333333333,-1.0766191482543945,-0.27806673847472924
COHFACE_s22_session3_natural,27,185,33.166666666666664,-1.1616278886795044,0.11261354029586172
COHFACE_s22_session3_natural,27,186,33.2,-1.282496452331543,0.44412633276394803
COHFACE_s22_session3_natural,27,187,33.233333333333334,-1.4039111137390137,0.7030642019694753
COHFACE_s22_session3_natural,27,188,33.266666666666666,-1.2336701154708862,0.8904180845829325
COHFACE_s22_session3_natural,27,189,33.3,-0.21626941859722137,1.0151922989536708
COHFACE_s22_session3_natural,27,190,33.333333333333336,1.170127272605896,1.088746862505054
COHFACE_s22_session3_natural,27,191,33.36666666666667,1.905997633934021,1.1221082731868843
COHFACE_s22_session3_natural,27,192,33.4,1.9585837125778198,1.1251784288489255
COHFACE_s22_session3_natural,27,193,33.43333333333333,1.781294822692871,1.1052718324410702
COHFACE_s22_session3_natural,27,194,33.46666666666667,1.5750576257705688,1.0642843297900253
COHFACE_s22_session3_natural,27,195,33.5,1.3782134056091309,0.996864293761179
COHFACE_s22_session3_natural,27,196,33.53333333333333,1.1098729372024536,0.8928583436218274
COHFACE_s22_session3_natural,27,197,33.56666666666667,0.7990466952323914,0.7445517280369411
COHFACE_s22_session3_natural,27,198,33.6,0.6247110366821289,0.5544869548098225
COHFACE_s22_session3_natural,27,199,33.63333333333333,0.6053541898727417,0.337745982883802
COHFACE_s22_session3_natural,27,200,33.666666666666664,0.6045600175857544,0.11638934576057197
COHFACE_s22_session3_natural,27,201,33.7,0.49971047043800354,-0.0902117761458258
COHFACE_s22_session3_natural,27,202,33.733333333333334,0.28044456243515015,-0.2724922316496848
COHFACE_s22_session3_natural,27,203,33.766666666666666,0.010466235689818859,-0.43082216314528865
COHFACE_s22_session3_natural,27,204,33.8,-0.2482082098722458,-0.5697437634376199
COHFACE_s22_session3_natural,27,205,33.833333333333336,-0.4671390652656555,-0.691512161642106
COHFACE_s22_session3_natural,27,206,33.86666666666667,-0.6372435688972473,-0.7934075383671086
COHFACE_s22_session3_natural,27,207,33.9,-0.7595639228820801,-0.8693417301844114
COHFACE_s22_session3_natural,27,208,33.93333333333333,-0.8391255140304565,-0.9129741626928113
COHFACE_s22_session3_natural,27,209,33.96666666666667,-0.8946399688720703,-0.9193432892283149
COHFACE_s22_session3_natural,27,210,34.0,-0.9328821301460266,-0.8846747311652328
COHFACE_s22_session3_natural,27,211,34.03333333333333,-0.9658756256103516,-0.8063942786705866
COHFACE_s22_session3_natural,27,212,34.06666666666667,-1.0149005651474,-0.684835762120587
COHFACE_s22_session3_natural,27,213,34.1,-1.093208909034729,-0.5258029462022755
COHFACE_s22_session3_natural,27,214,34.13333333333333,-1.2054537534713745,-0.3416652988881913
COHFACE_s22_session3_natural,27,215,34.166666666666664,-1.3488061428070068,-0.1493972947764622
COHFACE_s22_session3_natural,27,216,34.2,-1.3694161176681519,0.03366291242904976
COHFACE_s22_session3_natural,27,217,34.233333333333334,-0.7377254366874695,0.19391847756579947
COHFACE_s22_session3_natural,27,218,34.266666666666666,0.5628063082695007,0.32377979160314596
COHFACE_s22_session3_natural,27,219,34.3,1.5187366008758545,0.4221467664191241
COHFACE_s22_session3_natural,27,220,34.333333333333336,1.6959261894226074,0.4938895543901942
COHFACE_s22_session3_natural,27,221,34.36666666666667,1.4823060035705566,0.5484328263986603
COHFACE_s22_session3_natural,27,222,34.4,1.2238425016403198,0.5965646416418218
COHFACE_s22_session3_natural,27,223,34.43333333333333,0.9956799745559692,0.6449997164196375
COHFACE_s22_session3_natural,27,224,34.46666666666667,0.7201055288314819,0.6904997288960407
COHFACE_s22_session3_natural,27,225,34.5,0.415396511554718,0.7174048048477266
COHFACE_s22_session3_natural,27,226,34.53333333333333,0.2738434076309204,0.7017771002761811
COHFACE_s22_session3_natural,27,227,34.56666666666667,0.33346495032310486,0.6215192270698294
COHFACE_s22_session3_natural,27,228,34.6,0.4229903519153595,0.4670607062108452
COHFACE_s22_session3_natural,27,229,34.63333333333333,0.36874157190322876,0.24611553241496242
COHFACE_s22_session3_natural,27,230,34.666666666666664,0.16003507375717163,-0.019377857798743903
COHFACE_s22_session3_natural,27,231,34.7,-0.1015428900718689,-0.3002695678302529
COHFACE_s22_session3_natural,27,232,34.733333333333334,-0.3441486656665802,-0.5658404648447387
COHFACE_s22_session3_natural,27,233,34.766666666666666,-0.5481772422790527,-0.7858826879040594
COHFACE_s22_session3_natural,27,234,34.8,-0.6911448836326599,-0.9313915671295162
COHFACE_s22_session3_natural,27,235,34.833333333333336,-0.7883262038230896,-0.9775446599150557
COHFACE_s22_session3_natural,27,236,34.86666666666667,-0.8464587926864624,-0.9098043135609143
COHFACE_s22_session3_natural,27,237,34.9,-0.8669571876525879,-0.7301940424680743
COHFACE_s22_session3_natural,27,238,34.93333333333333,-0.8804324865341187,-0.4599794480627619
COHFACE_s22_session3_natural,27,239,34.96666666666667,-0.9141581058502197,-0.13703106388920716
COHFACE_s22_session3_natural,28,0,28.0,-0.3501294255256653,0.047724979411049355
COHFACE_s22_session3_natural,28,1,28.033333333333335,-0.5311779379844666,-0.03672428373909847
COHFACE_s22_session3_natural,28,2,28.066666666666666,-0.6663532853126526,-0.14263632183730074
COHFACE_s22_session3_natural,28,3,28.1,-0.7740070819854736,-0.27575668377576196
COHFACE_s22_session3_natural,28,4,28.133333333333333,-0.8496972918510437,-0.4209591784211832
COHFACE_s22_session3_natural,28,5,28.166666666666668,-0.9060183167457581,-0.5478859868875156
COHFACE_s22_session3_natural,28,6,28.2,-0.961582362651825,-0.6252253990747708
COHFACE_s22_session3_natural,28,7,28.233333333333334,-1.0323588848114014,-0.6350331303711679
COHFACE_s22_session3_natural,28,8,28.266666666666666,-1.1095753908157349,-0.5797304634422362
COHFACE_s22_session3_natural,28,9,28.3,-1.1909236907958984,-0.47946675638998315
COHFACE_s22_session3_natural,28,10,28.333333333333332,-1.276962399482727,-0.3619163577556374
COHFACE_s22_session3_natural,28,11,28.366666666666667,-1.3555437326431274,-0.24947760549481354
COHFACE_s22_session3_natural,28,12,28.4,-1.4236525297164917,-0.1504767479925162
COHFACE_s22_session3_natural,28,13,28.433333333333334,-1.4949005842208862,-0.059573070885684205
COHFACE_s22_session3_natural,28,14,28.466666666666665,-1.5941293239593506,0.03270259141133024
COHFACE_s22_session3_natural,28,15,28.5,-1.6578330993652344,0.12751934349697439
COHFACE_s22_session3_natural,28,16,28.533333333333335,-1.273227572441101,0.21138249945996537
COHFACE_s22_session3_natural,28,17,28.566666666666666,0.04182184115052223,0.261227984856477
COHFACE_s22_session3_natural,28,18,28.6,1.434459924697876,0.2579994910640912
COHFACE_s22_session3_natural,28,19,28.633333333333333,1.9821096658706665,0.19942476917134724
COHFACE_s22_session3_natural,28,20,28.666666666666668,1.9002277851104736,0.10391903061224403
COHFACE_s22_session3_natural,28,21,28.7,1.640908122062683,0.004035373034337784
COHFACE_s22_session3_natural,28,22,28.733333333333334,1.4105244874954224,-0.06601726375127656
COHFACE_s22_session3_natural,28,23,28.766666666666666,1.211148977279663,-0.08215782010396727
COHFACE_s22_session3_natural,28,24,28.8,0.9423866271972656,-0.03707914533675257
COHFACE_s22_session3_natural,28,25,28.833333333333332,0.6558681130409241,0.059070247942398936
COHFACE_s22_session3_natural,28,26,28.866666666666667,0.5216482281684875,0.1827381608024504
COHFACE_s22_session3_natural,28,27,28.9,0.5373074412345886,0.30411792818159805
COHFACE_s22_session3_natural,28,28,28.933333333333334,0.5465267300605774,0.39567828726946996
COHFACE_s22_session3_natural,28,29,28.966666666666665,0.4313783347606659,0.43989542134187376
COHFACE_s22_session3_natural,28,30,29.0,0.20079612731933594,0.4335416830597437
COHFACE_s22_session3_natural,28,31,29.033333333333335,-0.062370095402002335,0.386796261548109
COHFACE_s22_session3_natural,28,32,29.066666666666666,-0.30755677819252014,0.31808300899494124
COHFACE_s22_session3_natural,28,33,29.1,-0.5025646090507507,0.24758348453630435
COHFACE_s22_session3_natural,28,34,29.133333333333333,-0.645743191242218,0.19181706740680113
COHFACE_s22_session3_natural,28,35,29.166666666666668,-0.754575788974762,0.1597427780496611
COHFACE_s22_session3_natural,28,36,29.2,-0.8332315683364868,0.14984334513079872
COHFACE_s22_session3_natural,28,37,29.233333333333334,-0.8893167972564697,0.14848516649542748
COHFACE_s22_session3_natural,28,38,29.266666666666666,-0.9395825862884521,0.1314791513563504
COHFACE_s22_session3_natural,28,39,29.3,-0.9939678311347961,0.07060660291806893
COHFACE_s22_session3_natural,28,40,29.333333333333332,-1.059942364692688,-0.05616536771372682
COHFACE_s22_session3_natural,28,41,29.366666666666667,-1.133126139640808,-0.25509482223227126
COHFACE_s22_session3_natural,28,42,29.4,-1.207339882850647,-0.5119263083335878
COHFACE_s22_session3_natural,28,43,29.433333333333334,-1.2956243753433228,-0.793466094819309
COHFACE_s22_session3_natural,28,44,29.466666666666665,-1.4050650596618652,-1.0539576905676504
COHFACE_s22_session3_natural,28,45,29.5,-1.537039041519165,-1.2436209533567304
COHFACE_s22_session3_natural,28,46,29.533333333333335,-1.616104245185852,-1.317795261996271
COHFACE_s22_session3_natural,28,47,29.566666666666666,-1.222452998161316,-1.2463973685041598
COHFACE_s22_session3_natural,28,48,29.6,0.08614405244588852,-1.022894143272938
COHFACE_s22_session3_natural,28,49,29.633333333333333,1.3878669738769531,-0.6700995576937687
COHFACE_s22_session3_natural,28,50,29.666666666666668,1.821311354637146,-0.2388180325255195
COHFACE_s22_session3_natural,28,51,29.7,1.6455239057540894,0.20325210702378171
COHFACE_s22_session3_natural,28,52,29.733333333333334,1.3076726198196411,0.5904797134244097
COHFACE_s22_session3_natural,28,53,29.766666666666666,1.0135477781295776,0.8791887889050408
COHFACE_s22_session3_natural,28,54,29.8,0.7376134991645813,1.059368773129467
COHFACE_s22_session3_natural,28,55,29.833333333333332,0.41719570755958557,1.15202676956015
COHFACE_s22_session3_natural,28,56,29.866666666666667,0.20434488356113434,1.1932362139723685
COHFACE_s22_session3_natural,28,57,29.9,0.2261461466550827,1.2130590393967213
COHFACE_s22_session3_natural,28,58,29.933333333333334,0.3604776859283447,1.2199239688490446
COHFACE_s22_session3_natural,28,59,29.966666666666665,0.3955061137676239,1.1975195822303004
COHFACE_s22_session3_natural,28,60,30.0,0.2651948630809784,1.1141697628480447
COHFACE_s22_session3_natural,28,61,30.033333333333335,0.025442972779273987,0.9388869422409957
COHFACE_s22_session3_natural,28,62,30.066666666666666,-0.2449200302362442,0.6571307669314448
COHFACE_s22_session3_natural,28,63,30.1,-0.47524166107177734,0.2810108165632475
COHFACE_s22_session3_natural,28,64,30.133333333333333,-0.6537340879440308,-0.149521997666011
COHFACE_s22_session3_natural,28,65,30.166666666666668,-0.7905596494674683,-0.5757074392435511
COHFACE_s22_session3_natural,28,66,30.2,-0.8806930780410767,-0.9367848177735975
COHFACE_s22_session3_natural,28,67,30.233333333333334,-0.9321624636650085,-1.1883335674147215
COHFACE_s22_session3_natural,28,68,30.266666666666666,-0.9593985080718994,-1.3142881715652877
COHFACE_s22_session3_natural,28,69,30.3,-0.9789290428161621,-1.3269644127789129
COHFACE_s22_session3_natural,28,70,30.333333333333332,-1.015210747718811,-1.2551746662772973
COHFACE_s22_session3_natural,28,71,30.366666666666667,-1.082699179649353,-1.1270496171081386
COHFACE_s22_session3_natural,28,72,30.4,-1.1951301097869873,-0.9575943968569202
COHFACE_s22_session3_natural,28,73,30.433333333333334,-1.3255282640457153,-0.748030388108256
COHFACE_s22_session3_natural,28,74,30.466666666666665,-1.2403581142425537,-0.4954936811829686
COHFACE_s22_session3_natural,28,75,30.5,-0.34901270270347595,-0.20468445623970064
COHFACE_s22_session3_natural,28,76,30.533333333333335,1.0412057638168335,0.10649770467739829
COHFACE_s22_session3_natural,28,77,30.566666666666666,1.8390427827835083,0.4094162919648233
COHFACE_s22_session3_natural,28,78,30.6,1.8661547899246216,0.6717511036952182
COHFACE_s22_session3_natural,28,79,30.633333333333333,1.588396430015564,0.8642900433677411
COHFACE_s22_session3_natural,28,80,30.666666666666668,1.299048900604248,0.9655745047069981
COHFACE_s22_session3_natural,28,81,30.7,1.0577459335327148,0.9654673196542723
COHFACE_s22_session3_natural,28,82,30.733333333333334,0.7812160849571228,0.8681001247891895
COHFACE_s22_session3_natural,28,83,30.766666666666666,0.49013131856918335,0.6924462713693273
COHFACE_s22_session3_natural,28,84,30.8,0.3552786409854889,0.46851356106930914
COHFACE_s22_session3_natural,28,85,30.833333333333332,0.40869608521461487,0.22939851365740016
COHFACE_s22_session3_natural,28,86,30.866666666666667,0.4820535480976105,0.002456096257670984
COHFACE_s22_session3_natural,28,87,30.9,0.4159921109676361,-0.1957116777783436
COHFACE_s22_session3_natural,28,88,30.933333333333334,0.21403570473194122,-0.3574359657422161
COHFACE_s22_session3_natural,28,89,30.966666666666665,-0.04259137064218521,-0.4768554447468611
COHFACE_s22_session3_natural,28,90,31.0,-0.280146986246109,-0.5436768562152844
COHFACE_s22_session3_natural,28,91,31.033333333333335,-0.4788772761821747,-0.5440941524803353
COHFACE_s22_session3_natural,28,92,31.066666666666666,-0.6387697458267212,-0.46907206785332084
COHFACE_s22_session3_natural,28,93,31.1,-0.7568837404251099,-0.3235615959517482
COHFACE_s22_session3_natural,28,94,31.133333333333333,-0.8272384405136108,-0.12932875397922994
COHFACE_s22_session3_natural,28,95,31.166666666666668,-0.8671184778213501,0.08070758422909793
COHFACE_s22_session3_natural,28,96,31.2,-0.8945034742355347,0.27189517579312544
COHFACE_s22_session3_natural,28,97,31.233333333333334,-0.931207001209259,0.41408607383068474
COHFACE_s22_session3_natural,28,98,31.266666666666666,-0.9966108202934265,0.48258100542622506
COHFACE_s22_session3_natural,28,99,31.3,-1.106349229812622,0.45798667727236275
COHFACE_s22_session3_natural,28,100,31.333333333333332,-1.199845314025879,0.3303004166234507
COHFACE_s22_session3_natural,28,101,31.366666666666667,-0.8831126689910889,0.10781550092900906
COHFACE_s22_session3_natural,28,102,31.4,0.2979525923728943,-0.1749371346400441
COHFACE_s22_session3_natural,28,103,31.433333333333334,1.5730102062225342,-0.45826935173265776
COHFACE_s22_session3_natural,28,104,31.466666666666665,2.0825791358947754,-0.6709102358372758
COHFACE_s22_session3_natural,28,105,31.5,1.9993075132369995,-0.7517909534189989
COHFACE_s22_session3_natural,28,106,31.533333333333335,1.7651641368865967,-0.6706490626996315
COHFACE_s22_session3_natural,28,107,31.566666666666666,1.5468412637710571,-0.4384309178116351
COHFACE_s22_session3_natural,28,108,31.6,1.3589309453964233,-0.10361642958164514
COHFACE_s22_session3_natural,28,109,31.633333333333333,1.0985690355300903,0.2630006324343077
COHFACE_s22_session3_natural,28,110,31.666666666666668,0.8141350746154785,0.5885410540879014
COHFACE_s22_session3_natural,28,111,31.7,0.665248692035675,0.8163831026867906
COHFACE_s22_session3_natural,28,112,31.733333333333334,0.6618736982345581,0.9179878623692362
COHFACE_s22_session3_natural,28,113,31.766666666666666,0.6502968072891235,0.8961349727634876
COHFACE_s22_session3_natural,28,114,31.8,0.5225291848182678,0.7790689437119992
COHFACE_s22_session3_natural,28,115,31.833333333333332,0.28883254528045654,0.6071222456456317
COHFACE_s22_session3_natural,28,116,31.866666666666667,0.018171748146414757,0.41684333420950187
COHFACE_s22_session3_natural,28,117,31.9,-0.23893925547599792,0.22974354126226784
COHFACE_s22_session3_natural,28,118,31.933333333333334,-0.452311247587204,0.05059477292986891
COHFACE_s22_session3_natural,28,119,31.966666666666665,-0.6089900135993958,-0.12546668051326906
COHFACE_s22_session3_natural,28,120,32.0,-0.7173510789871216,-0.30326316569692047
COHFACE_s22_session3_natural,28,121,32.03333333333333,-0.7938106060028076,-0.48217867943587606
COHFACE_s22_session3_natural,28,122,32.06666666666667,-0.8480470180511475,-0.6566109259151057
COHFACE_s22_session3_natural,28,123,32.1,-0.8968113660812378,-0.8184977216317163
COHFACE_s22_session3_natural,28,124,32.13333333333333,-0.9380439519882202,-0.95819038647979
COHFACE_s22_session3_natural,28,125,32.166666666666664,-0.9892775416374207,-1.0633898924398435
COHFACE_s22_session3_natural,28,126,32.2,-1.0707252025604248,-1.1181834526727623
COHFACE_s22_session3_natural,28,127,32.233333333333334,-1.1989022493362427,-1.104276192783273
COHFACE_s22_session3_natural,28,128,32.266666666666666,-1.3034167289733887,-1.0052039064825582
COHFACE_s22_session3_natural,28,129,32.3,-1.0055819749832153,-0.8124101840673208
COHFACE_s22_session3_natural,28,130,32.333333333333336,0.17535924911499023,-0.5304710668160683
COHFACE_s22_session3_natural,28,131,32.36666666666667,1.4810776710510254,-0.1787252445314886
COHFACE_s22_session3_natural,28,132,32.4,2.0324747562408447,0.21154209208589525
COHFACE_s22_session3_natural,28,133,32.43333333333333,2.010996103286743,0.602989678353434
COHFACE_s22_session3_natural,28,134,32.46666666666667,1.8305058479309082,0.9589429440495566
COHFACE_s22_session3_natural,28,135,32.5,1.64678955078125,1.249152659974886
COHFACE_s22_session3_natural,28,136,32.53333333333333,1.4688928127288818,1.4535740404570203
COHFACE_s22_session3_natural,28,137,32.56666666666667,1.209039568901062,1.5634846347059421
COHFACE_s22_session3_natural,28,138,32.6,0.9135374426841736,1.5792873777066467
COHFACE_s22_session3_natural,28,139,32.63333333333333,0.7421549558639526,1.5054111486806898
COHFACE_s22_session3_natural,28,140,32.666666666666664,0.7165443301200867,1.3450978249668681
COHFACE_s22_session3_natural,28,141,32.7,0.6986392736434937,1.0989382660148128
COHFACE_s22_session3_natural,28,142,32.733333333333334,0.5810588598251343,0.7687223451740366
COHFACE_s22_session3_natural,28,143,32.766666666666666,0.3577975034713745,0.3642690334641204
COHFACE_s22_session3_natural,28,144,32.8,0.09116938710212708,-0.09138594810861181
COHFACE_s22_session3_natural,28,145,32.833333333333336,-0.17486314475536346,-0.5620756967400303
COHFACE_s22_session3_natural,28,146,32.86666666666667,-0.403534471988678,-1.0039151438617837
COHFACE_s22_session3_natural,28,147,32.9,-0.5762322545051575,-1.3729218917002468
COHFACE_s22_session3_natural,28,148,32.93333333333333,-0.6997562050819397,-1.6314599581304408
COHFACE_s22_session3_natural,28,149,32.96666666666667,-0.7904852032661438,-1.7522287400089813
COHFACE_s22_session3_natural,28,150,33.0,-0.852849006652832,-1.7207830135360231
COHFACE_s22_session3_natural,28,151,33.03333333333333,-0.9029286503791809,-1.5380844832345695
COHFACE_s22_session3_natural,28,152,33.06666666666667,-0.956197202205658,-1.2230064561376617
COHFACE_s22_session3_natural,28,153,33.1,-1.0107189416885376,-0.8128610792598382
COHFACE_s22_session3_natural,28,154,33.13333333333333,-1.0766191482543945,-0.359848290138826
COHFACE_s22_session3_natural,28,155,33.166666666666664,-1.1616278886795044,0.07714801646197117
COHFACE_s22_session3_natural,28,156,33.2,-1.282496452331543,0.44391463832212713
COHFACE_s22_session3_natural,28,157,33.233333333333334,-1.4039111137390137,0.7023825857552789
COHFACE_s22_session3_natural,28,158,33.266666666666666,-1.2336701154708862,0.8388134535546471
COHFACE_s22_session3_natural,28,159,33.3,-0.21626941859722137,0.8659522742340556
COHFACE_s22_session3_natural,28,160,33.333333333333336,1.170127272605896,0.8177746536695144
COHFACE_s22_session3_natural,28,161,33.36666666666667,1.905997633934021,0.737543525907728
COHFACE_s22_session3_natural,28,162,33.4,1.9585837125778198,0.6624849715952759
COHFACE_s22_session3_natural,28,163,33.43333333333333,1.781294822692871,0.6105864701463515
COHFACE_s22_session3_natural,28,164,33.46666666666667,1.5750576257705688,0.5754239327359926
COHFACE_s22_session3_natural,28,165,33.5,1.3782134056091309,0.5321918966545273
COHFACE_s22_session3_natural,28,166,33.53333333333333,1.1098729372024536,0.4526382218772547
COHFACE_s22_session3_natural,28,167,33.56666666666667,0.7990466952323914,0.3216434432788341
COHFACE_s22_session3_natural,28,168,33.6,0.6247110366821289,0.1470804589084735
COHFACE_s22_session3_natural,28,169,33.63333333333333,0.6053541898727417,-0.04210003820412565
COHFACE_s22_session3_natural,28,170,33.666666666666664,0.6045600175857544,-0.20865303673193075
COHFACE_s22_session3_natural,28,171,33.7,0.49971047043800354,-0.3240589867193397
COHFACE_s22_session3_natural,28,172,33.733333333333334,0.28044456243515015,-0.38066174434293787
COHFACE_s22_session3_natural,28,173,33.766666666666666,0.010466235689818859,-0.39261021058507334
COHFACE_s22_session3_natural,28,174,33.8,-0.2482082098722458,-0.38627905467882745
COHFACE_s22_session3_natural,28,175,33.833333333333336,-0.4671390652656555,-0.3866604830370242
COHFACE_s22_session3_natural,28,176,33.86666666666667,-0.6372435688972473,-0.4066247214417768
COHFACE_s22_session3_natural,28,177,33.9,-0.7595639228820801,-0.4427333565272518
COHFACE_s22_session3_natural,28,178,33.93333333333333,-0.8391255140304565,-0.4781721844938094
COHFACE_s22_session3_natural,28,179,33.96666666666667,-0.8946399688720703,-0.49126720735704726
COHFACE_s22_session3_natural,28,180,34.0,-0.9328821301460266,-0.4663690861484068
COHFACE_s22_session3_natural,28,181,34.03333333333333,-0.9658756256103516,-0.40252646830907407
COHFACE_s22_session3_natural,28,182,34.06666666666667,-1.0149005651474,-0.3151460727090605
COHFACE_s22_session3_natural,28,183,34.1,-1.093208909034729,-0.22844204382504246
COHFACE_s22_session3_natural,28,184,34.13333333333333,-1.2054537534713745,-0.16188124754798286
COHFACE_s22_session3_natural,28,185,34.166666666666664,-1.3488061428070068,-0.11832086806250974
COHFACE_s22_session3_natural,28,186,34.2,-1.3694161176681519,-0.0812383654098748
COHFACE_s22_session3_natural,28,187,34.233333333333334,-0.7377254366874695,-0.02306424371119205
COHFACE_s22_session3_natural,28,188,34.266666666666666,0.5628063082695007,0.08062010089985312
COHFACE_s22_session3_natural,28,189,34.3,1.5187366008758545,0.2399281831525746
COHFACE_s22_session3_natural,28,190,34.333333333333336,1.6959261894226074,0.44843096941551397
COHFACE_s22_session3_natural,28,191,34.36666666666667,1.4823060035705566,0.6888213670779606
COHFACE_s22_session3_natural,28,192,34.4,1.2238425016403198,0.9401848767313237
COHFACE_s22_session3_natural,28,193,34.43333333333333,0.9956799745559692,1.1806351664486259
COHFACE_s22_session3_natural,28,194,34.46666666666667,0.7201055288314819,1.384325450294343
COHFACE_s22_session3_natural,28,195,34.5,0.415396511554718,1.517627742305158
COHFACE_s22_session3_natural,28,196,34.53333333333333,0.2738434076309204,1.540693043749763
COHFACE_s22_session3_natural,28,197,34.56666666666667,0.33346495032310486,1.4169235869052714
COHFACE_s22_session3_natural,28,198,34.6,0.4229903519153595,1.1269508085088518
COHFACE_s22_session3_natural,28,199,34.63333333333333,0.36874157190322876,0.6800498882130582
COHFACE_s22_session3_natural,28,200,34.666666666666664,0.16003507375717163,0.11722195798901044
COHFACE_s22_session3_natural,28,201,34.7,-0.1015428900718689,-0.495514593981085
COHFACE_s22_session3_natural,28,202,34.733333333333334,-0.3441486656665802,-1.0812196537821137
COHFACE_s22_session3_natural,28,203,34.766666666666666,-0.5481772422790527,-1.5690597282237708
COHFACE_s22_session3_natural,28,204,34.8,-0.6911448836326599,-1.909417727860028
COHFACE_s22_session3_natural,28,205,34.833333333333336,-0.7883262038230896,-2.0829795352568103
COHFACE_s22_session3_natural,28,206,34.86666666666667,-0.8464587926864624,-2.10115269140023
COHFACE_s22_session3_natural,28,207,34.9,-0.8669571876525879,-1.997234678735952
COHFACE_s22_session3_natural,28,208,34.93333333333333,-0.8804324865341187,-1.8105321031950625
COHFACE_s22_session3_natural,28,209,34.96666666666667,-0.9141581058502197,-1.5692006286395142
COHFACE_s22_session3_natural,28,210,35.0,-0.9920693635940552,-1.2803281496633376
COHFACE_s22_session3_natural,28,211,35.03333333333333,-1.1191669702529907,-0.9336609176982561
COHFACE_s22_session3_natural,28,212,35.06666666666667,-1.2103426456451416,-0.5172391706819544
COHFACE_s22_session3_natural,28,213,35.1,-0.8946523666381836,-0.03523030562697008
COHFACE_s22_session3_natural,28,214,35.13333333333333,0.18210932612419128,0.48289041777367103
COHFACE_s22_session3_natural,28,215,35.166666666666664,1.2786993980407715,0.9868316952290851
COHFACE_s22_session3_natural,28,216,35.2,1.654495120048523,1.4203823788282333
COHFACE_s22_session3_natural,28,217,35.233333333333334,1.517433762550354,1.738232945909779
COHFACE_s22_session3_natural,28,218,35.266666666666666,1.2579900026321411,1.9170493635418657
COHFACE_s22_session3_natural,28,219,35.3,1.0149375200271606,1.9577171497058299
COHFACE_s22_session3_natural,28,220,35.333333333333336,0.7429118156433105,1.880024294071205
COHFACE_s22_session3_natural,28,221,35.36666666666667,0.4362547695636749,1.7132517992295107
COHFACE_s22_session3_natural,28,222,35.4,0.26463648676872253,1.4862959115458836
COHFACE_s22_session3_natural,28,223,35.43333333333333,0.3056457042694092,1.2202405097299005
COHFACE_s22_session3_natural,28,224,35.46666666666667,0.4160541594028473,0.9256174807778069
COHFACE_s22_session3_natural,28,225,35.5,0.4057180881500244,0.6054130977173626
COHFACE_s22_session3_natural,28,226,35.53333333333333,0.24565188586711884,0.2625625931066593
COHFACE_s22_session3_natural,28,227,35.56666666666667,0.0035548494197428226,-0.09210639540782904
COHFACE_s22_session3_natural,28,228,35.6,-0.24366679787635803,-0.43687806887971137
COHFACE_s22_session3_natural,28,229,35.63333333333333,-0.4465041756629944,-0.7440118547305398
COHFACE_s22_session3_natural,28,230,35.666666666666664,-0.6035676002502441,-0.9894315948157085
COHFACE_s22_session3_natural,28,231,35.7,-0.7074865698814392,-1.1602505957084588
COHFACE_s22_session3_natural,28,232,35.733333333333334,-0.7550349235534668,-1.2554517265987504
COHFACE_s22_session3_natural,28,233,35.766666666666666,-0.7783623933792114,-1.280889745211029
COHFACE_s22_session3_natural,28,234,35.8,-0.8224364519119263,-1.2437123350796566
COHFACE_s22_session3_natural,28,235,35.833333333333336,-0.8968982100486755,-1.1504538349000195
COHFACE_s22_session3_natural,28,236,35.86666666666667,-0.9761744141578674,-1.0085676157629677
COHFACE_s22_session3_natural,28,237,35.9,-0.8638675212860107,-0.8279150268428924
COHFACE_s22_session3_natural,28,238,35.93333333333333,-0.0734134241938591,-0.6200922254856349
COHFACE_s22_session3_natural,28,239,35.96666666666667,1.1173923015594482,-0.39670934877945224
COHFACE_s22_session3_natural,29,0,29.0,0.20079612731933594,0.032938341279351406
COHFACE_s22_session3_natural,29,1,29.033333333333335,-0.062370095402002335,0.001805154069470517
COHFACE_s22_session3_natural,29,2,29.066666666666666,-0.30755677819252014,-0.03769712802935216
COHFACE_s22_session3_natural,29,3,29.1,-0.5025646090507507,-0.083992053401985
COHFACE_s22_session3_natural,29,4,29.133333333333333,-0.645743191242218,-0.1265916404431049
COHFACE_s22_session3_natural,29,5,29.166666666666668,-0.754575788974762,-0.15114606140494832
COHFACE_s22_session3_natural,29,6,29.2,-0.8332315683364868,-0.1492207283293704
COHFACE_s22_session3_natural,29,7,29.233333333333334,-0.8893167972564697,-0.12685574140907965
COHFACE_s22_session3_natural,29,8,29.266666666666666,-0.9395825862884521,-0.10613866026508721
COHFACE_s22_session3_natural,29,9,29.3,-0.9939678311347961,-0.11781597042976062
COHFACE_s22_session3_natural,29,10,29.333333333333332,-1.059942364692688,-0.1878289818774448
COHFACE_s22_session3_natural,29,11,29.366666666666667,-1.133126139640808,-0.3238903108266071
COHFACE_s22_session3_natural,29,12,29.4,-1.207339882850647,-0.5082302554453986
COHFACE_s22_session3_natural,29,13,29.433333333333334,-1.2956243753433228,-0.6998062247360352
COHFACE_s22_session3_natural,29,14,29.466666666666665,-1.4050650596618652,-0.845274140009885
COHFACE_s22_session3_natural,29,15,29.5,-1.537039041519165,-0.8948718902806846
COHFACE_s22_session3_natural,29,16,29.533333333333335,-1.616104245185852,-0.8182125148218917
COHFACE_s22_session3_natural,29,17,29.566666666666666,-1.222452998161316,-0.6153233089452239
COHFACE_s22_session3_natural,29,18,29.6,0.08614405244588852,-0.3193084350890744
COHFACE_s22_session3_natural,29,19,29.633333333333333,1.3878669738769531,0.01096893347342493
COHFACE_s22_session3_natural,29,20,29.666666666666668,1.821311354637146,0.306686837949901
COHFACE_s22_session3_natural,29,21,29.7,1.6455239057540894,0.5089837919170463
COHFACE_s22_session3_natural,29,22,29.733333333333334,1.3076726198196411,0.5872716243445263
COHFACE_s22_session3_natural,29,23,29.766666666666666,1.0135477781295776,0.5500842119354458
COHFACE_s22_session3_natural,29,24,29.8,0.7376134991645813,0.44351294908484784
COHFACE_s22_session3_natural,29,25,29.833333333333332,0.41719570755958557,0.3355475197910043
COHFACE_s22_session3_natural,29,26,29.866666666666667,0.20434488356113434,0.2905578614371801
COHFACE_s22_session3_natural,29,27,29.9,0.2261461466550827,0.34372557690619354
COHFACE_s22_session3_natural,29,28,29.933333333333334,0.3604776859283447,0.48664649893676337
COHFACE_s22_session3_natural,29,29,29.966666666666665,0.3955061137676239,0.6709046280137215
COHFACE_s22_session3_natural,29,30,30.0,0.2651948630809784,0.8278467902791115
COHFACE_s22_session3_natural,29,31,30.033333333333335,0.025442972779273987,0.8952107043506609
COHFACE_s22_session3_natural,29,32,30.066666666666666,-0.2449200302362442,0.8391886384518635
COHFACE_s22_session3_natural,29,33,30.1,-0.47524166107177734,0.6639592139203736
COHFACE_s22_session3_natural,29,34,30.133333333333333,-0.6537340879440308,0.40683449642385155
COHFACE_s22_session3_natural,29,35,30.166666666666668,-0.7905596494674683,0.1227447170557592
COHFACE_s22_session3_natural,29,36,30.2,-0.8806930780410767,-0.13522410962447956
COHFACE_s22_session3_natural,29,37,30.233333333333334,-0.9321624636650085,-0.3320584998745264
COHFACE_s22_session3_natural,29,38,30.266666666666666,-0.9593985080718994,-0.4580030823059106
COHFACE_s22_session3_natural,29,39,30.3,-0.9789290428161621,-0.524292372061835
COHFACE_s22_session3_natural,29,40,30.333333333333332,-1.015210747718811,-0.5500986967188357
COHFACE_s22_session3_natural,29,41,30.366666666666667,-1.082699179649353,-0.5479000301779394
COHFACE_s22_session3_natural,29,42,30.4,-1.1951301097869873,-0.5156736541191007
COHFACE_s22_session3_natural,29,43,30.433333333333334,-1.3255282640457153,-0.44055065156601714
COHFACE_s22_session3_natural,29,44,30.466666666666665,-1.2403581142425537,-0.31123795140781296
COHFACE_s22_session3_natural,29,45,30.5,-0.34901270270347595,-0.1309461810058422
COHFACE_s22_session3_natural,29,46,30.533333333333335,1.0412057638168335,0.07698105680473748
COHFACE_s22_session3_natural,29,47,30.566666666666666,1.8390427827835083,0.2734317493779496
COHFACE_s22_session3_natural,29,48,30.6,1.8661547899246216,0.4150188448443638
COHFACE_s22_session3_natural,29,49,30.633333333333333,1.588396430015564,0.4670557704100864
COHFACE_s22_session3_natural,29,50,30.666666666666668,1.299048900604248,0.4132177596695922
COHFACE_s22_session3_natural,29,51,30.7,1.0577459335327148,0.2596055041944671
COHFACE_s22_session3_natural,29,52,30.733333333333334,0.7812160849571228,0.03282821687372092
COHFACE_s22_session3_natural,29,53,30.766666666666666,0.49013131856918335,-0.22708438639242684
COHFACE_s22_session3_natural,29,54,30.8,0.3552786409854889,-0.4769268010099469
COHFACE_s22_session3_natural,29,55,30.833333333333332,0.40869608521461487,-0.680675120393008
COHFACE_s22_session3_natural,29,56,30.866666666666667,0.4820535480976105,-0.8166860044990841
COHFACE_s22_session3_natural,29,57,30.9,0.4159921109676361,-0.8793786635351315
COHFACE_s22_session3_natural,29,58,30.933333333333334,0.21403570473194122,-0.8750655145657263
COHFACE_s22_session3_natural,29,59,30.966666666666665,-0.04259137064218521,-0.8143250964689768
COHFACE_s22_session3_natural,29,60,31.0,-0.280146986246109,-0.7054654163702747
COHFACE_s22_session3_natural,29,61,31.033333333333335,-0.4788772761821747,-0.5529579245259582
COHFACE_s22_session3_natural,29,62,31.066666666666666,-0.6387697458267212,-0.3608068691659421
COHFACE_s22_session3_natural,29,63,31.1,-0.7568837404251099,-0.1371962969697058
COHFACE_s22_session3_natural,29,64,31.133333333333333,-0.8272384405136108,0.1032135086473476
COHFACE_s22_session3_natural,29,65,31.166666666666668,-0.8671184778213501,0.3401896644495911
COHFACE_s22_session3_natural,29,66,31.2,-0.8945034742355347,0.5503309810978253
COHFACE_s22_session3_natural,29,67,31.233333333333334,-0.931207001209259,0.7090224494102579
COHFACE_s22_session3_natural,29,68,31.266666666666666,-0.9966108202934265,0.792074274534198
COHFACE_s22_session3_natural,29,69,31.3,-1.106349229812622,0.7793203724004493
COHFACE_s22_session3_natural,29,70,31.333333333333332,-1.199845314025879,0.6621392724256608
COHFACE_s22_session3_natural,29,71,31.366666666666667,-0.8831126689910889,0.4535639520214071
COHFACE_s22_session3_natural,29,72,31.4,0.2979525923728943,0.19526797381582364
COHFACE_s22_session3_natural,29,73,31.433333333333334,1.5730102062225342,-0.045929034654522936
COHFACE_s22_session3_natural,29,74,31.466666666666665,2.0825791358947754,-0.19561766869962166
COHFACE_s22_session3_natural,29,75,31.5,1.9993075132369995,-0.19900421452761408
COHFACE_s22_session3_natural,29,76,31.533333333333335,1.7651641368865967,-0.04566984789308441
COHFACE_s22_session3_natural,29,77,31.566666666666666,1.5468412637710571,0.22160542008960946
COHFACE_s22_session3_natural,29,78,31.6,1.3589309453964233,0.5200693909023332
COHFACE_s22_session3_natural,29,79,31.633333333333333,1.0985690355300903,0.7570728057836784
COHFACE_s22_session3_natural,29,80,31.666666666666668,0.8141350746154785,0.8637276970927933
COHFACE_s22_session3_natural,29,81,31.7,0.665248692035675,0.8178963539251072
COHFACE_s22_session3_natural,29,82,31.733333333333334,0.6618736982345581,0.6480029544011213
COHFACE_s22_session3_natural,29,83,31.766666666666666,0.6502968072891235,0.4177544391985307
COHFACE_s22_session3_natural,29,84,31.8,0.5225291848182678,0.19893568560195202
COHFACE_s22_session3_natural,29,85,31.833333333333332,0.28883254528045654,0.04313279422915441
COHFACE_s22_session3_natural,29,86,31.866666666666667,0.018171748146414757,-0.03671330562959974
COHFACE_s22_session3_natural,29,87,31.9,-0.23893925547599792,-0.06758700643412113
COHFACE_s22_session3_natural,29,88,31.933333333333334,-0.452311247587204,-0.09976162134061964
COHFACE_s22_session3_natural,29,89,31.966666666666665,-0.6089900135993958,-0.1795197539306674
COHFACE_s22_session3_natural,29,90,32.0,-0.7173510789871216,-0.3246676190333786
COHFACE_s22_session3_natural,29,91,32.03333333333333,-0.7938106060028076,-0.5155976435318954
COHFACE_s22_session3_natural,29,92,32.06666666666667,-0.8480470180511475,-0.7056997683054177
COHFACE_s22_session3_natural,29,93,32.1,-0.8968113660812378,-0.8439663903314603
COHFACE_s22_session3_natural,29,94,32.13333333333333,-0.9380439519882202,-0.8972328751312912
COHFACE_s22_session3_natural,29,95,32.166666666666664,-0.9892775416374207,-0.8616178885797736
COHFACE_s22_session3_natural,29,96,32.2,-1.0707252025604248,-0.7597129004651398
COHFACE_s22_session3_natural,29,97,32.233333333333334,-1.1989022493362427,-0.6271900031314414
COHFACE_s22_session3_natural,29,98,32.266666666666666,-1.3034167289733887,-0.49604730380767115
COHFACE_s22_session3_natural,29,99,32.3,-1.0055819749832153,-0.3815266628575418
COHFACE_s22_session3_natural,29,100,32.333333333333336,0.17535924911499023,-0.2774657859465849
COHFACE_s22_session3_natural,29,101,32.36666666666667,1.4810776710510254,-0.16167285587470903
COHFACE_s22_session3_natural,29,102,32.4,2.0324747562408447,-0.00945163582732532
COHFACE_s22_session3_natural,29,103,32.43333333333333,2.010996103286743,0.18999422946609645
COHFACE_s22_session3_natural,29,104,32.46666666666667,1.8305058479309082,0.42190787877867586
COHFACE_s22_session3_natural,29,105,32.5,1.64678955078125,0.6458657366735995
COHFACE_s22_session3_natural,29,106,32.53333333333333,1.4688928127288818,0.808927588574701
COHFACE_s22_session3_natural,29,107,32.56666666666667,1.209039568901062,0.8666773288759947
COHFACE_s22_session3_natural,29,108,32.6,0.9135374426841736,0.8016998177443434
COHFACE_s22_session3_natural,29,109,32.63333333333333,0.7421549558639526,0.6297450034142392
COHFACE_s22_session3_natural,29,110,32.666666666666664,0.7165443301200867,0.39079695802364234
COHFACE_s22_session3_natural,29,111,32.7,0.6986392736434937,0.1307456463014111
COHFACE_s22_session3_natural,29,112,32.733333333333334,0.5810588598251343,-0.11623732699202355
COHFACE_s22_session3_natural,29,113,32.766666666666666,0.3577975034713745,-0.33597001803005727
COHFACE_s22_session3_natural,29,114,32.8,0.09116938710212708,-0.5302542929224703
COHFACE_s22_session3_natural,29,115,32.833333333333336,-0.17486314475536346,-0.7043021686521228
COHFACE_s22_session3_natural,29,116,32.86666666666667,-0.403534471988678,-0.8534058145101588
COHFACE_s22_session3_natural,29,117,32.9,-0.5762322545051575,-0.9563534438854264
COHFACE_s22_session3_natural,29,118,32.93333333333333,-0.6997562050819397,-0.9789191036701816
COHFACE_s22_session3_natural,29,119,32.96666666666667,-0.7904852032661438,-0.8857575222953992
COHFACE_s22_session3_natural,29,120,33.0,-0.852849006652832,-0.6560167995147722
COHFACE_s22_session3_natural,29,121,33.03333333333333,-0.9029286503791809,-0.29699168540917337
COHFACE_s22_session3_natural,29,122,33.06666666666667,-0.956197202205658,0.14968511914137256
COHFACE_s22_session3_natural,29,123,33.1,-1.0107189416885376,0.613163641448324
COHFACE_s22_session3_natural,29,124,33.13333333333333,-1.0766191482543945,1.0100549375790153
COHFACE_s22_session3_natural,29,125,33.166666666666664,-1.1616278886795044,1.2680012473222686
COHFACE_s22_session3_natural,29,126,33.2,-1.282496452331543,1.347355501182219
COHFACE_s22_session3_natural,29,127,33.233333333333334,-1.4039111137390137,1.25212402346264
COHFACE_s22_session3_natural,29,128,33.266666666666666,-1.2336701154708862,1.0264013171878308
COHFACE_s22_session3_natural,29,129,33.3,-0.21626941859722137,0.739013912405059
COHFACE_s22_session3_natural,29,130,33.333333333333336,1.170127272605896,0.4626806446611129
COHFACE_s22_session3_natural,29,131,33.36666666666667,1.905997633934021,0.254165670236245
COHFACE_s22_session3_natural,29,132,33.4,1.9585837125778198,0.14032252301001524
COHFACE_s22_session3_natural,29,133,33.43333333333333,1.781294822692871,0.11310444550067567
COHFACE_s22_session3_natural,29,134,33.46666666666667,1.5750576257705688,0.13499781009125839
COHFACE_s22_session3_natural,29,135,33.5,1.3782134056091309,0.1540486202592268
COHFACE_s22_session3_natural,29,136,33.53333333333333,1.1098729372024536,0.12422713491369693
COHFACE_s22_session3_natural,29,137,33.56666666666667,0.7990466952323914,0.023835100496280074
COHFACE_s22_session3_natural,29,138,33.6,0.6247110366821289,-0.13578997489859002
COHFACE_s22_session3_natural,29,139,33.63333333333333,0.6053541898727417,-0.31572077904546697
COHFACE_s22_session3_natural,29,140,33.666666666666664,0.6045600175857544,-0.4672276076247627
COHFACE_s22_session3_natural,29,141,33.7,0.49971047043800354,-0.5539144820415298
COHFACE_s22_session3_natural,29,142,33.733333333333334,0.28044456243515015,-0.5676186013173562
COHFACE_s22_session3_natural,29,143,33.766666666666666,0.010466235689818859,-0.530469999441194
COHFACE_s22_session3_natural,29,144,33.8,-0.2482082098722458,-0.4829153704904201
COHFACE_s22_session3_natural,29,145,33.833333333333336,-0.4671390652656555,-0.4644976376704083
COHFACE_s22_session3_natural,29,146,33.86666666666667,-0.6372435688972473,-0.4964529732625637
COHFACE_s22_session3_natural,29,147,33.9,-0.7595639228820801,-0.5729808060867932
COHFACE_s22_session3_natural,29,148,33.93333333333333,-0.8391255140304565,-0.6638740524000941
COHFACE_s22_session3_natural,29,149,33.96666666666667,-0.8946399688720703,-0.7268860830228475
COHFACE_s22_session3_natural,29,150,34.0,-0.9328821301460266,-0.724859020871389
COHFACE_s22_session3_natural,29,151,34.03333333333333,-0.9658756256103516,-0.6410122778701269
COHFACE_s22_session3_natural,29,152,34.06666666666667,-1.0149005651474,-0.4863391815602878
COHFACE_s22_session3_natural,29,153,34.1,-1.093208909034729,-0.29589473117174164
COHFACE_s22_session3_natural,29,154,34.13333333333333,-1.2054537534713745,-0.11521545727658679
COHFACE_s22_session3_natural,29,155,34.166666666666664,-1.3488061428070068,0.017537532737402547
COHFACE_s22_session3_natural,29,156,34.2,-1.3694161176681519,0.08597755738535162
COHFACE_s22_session3_natural,29,157,34.233333333333334,-0.7377254366874695,0.10031667447398623
COHFACE_s22_session3_natural,29,158,34.266666666666666,0.5628063082695007,0.09144211633303104
COHFACE_s22_session3_natural,29,159,34.3,1.5187366008758545,0.09809612247559438
COHFACE_s22_session3_natural,29,160,34.333333333333336,1.6959261894226074,0.15299721495311128
COHFACE_s22_session3_natural,29,161,34.36666666666667,1.4823060035705566,0.27255062728070045
COHFACE_s22_session3_natural,29,162,34.4,1.2238425016403198,0.4521862453435018
COHFACE_s22_session3_natural,29,163,34.43333333333333,0.9956799745559692,0.6672572251361658
COHFACE_s22_session3_natural,29,164,34.46666666666667,0.7201055288314819,0.8787053524979191
COHFACE_s22_session3_natural,29,165,34.5,0.415396511554718,1.0424760512901212
COHFACE_s22_session3_natural,29,166,34.53333333333333,0.2738434076309204,1.120815443278756
COHFACE_s22_session3_natural,29,167,34.56666666666667,0.33346495032310486,1.0922875351398262
COHFACE_s22_session3_natural,29,168,34.6,0.4229903519153595,0.9567984681936182
COHFACE_s22_session3_natural,29,169,34.63333333333333,0.36874157190322876,0.7334894871830163
COHFACE_s22_session3_natural,29,170,34.666666666666664,0.16003507375717163,0.45293918104633696
COHFACE_s22_session3_natural,29,171,34.7,-0.1015428900718689,0.14793238546632437
COHFACE_s22_session3_natural,29,172,34.733333333333334,-0.3441486656665802,-0.1532329272966877
COHFACE_s22_session3_natural,29,173,34.766666666666666,-0.5481772422790527,-0.42930474792964557
COHFACE_s22_session3_natural,29,174,34.8,-0.6911448836326599,-0.6651085167625078
COHFACE_s22_session3_natural,29,175,34.833333333333336,-0.7883262038230896,-0.8487100018008465
COHFACE_s22_session3_natural,29,176,34.86666666666667,-0.8464587926864624,-0.9684208900677194
COHFACE_s22_session3_natural,29,177,34.9,-0.8669571876525879,-1.0110506250264357
COHFACE_s22_session3_natural,29,178,34.93333333333333,-0.8804324865341187,-0.9626009813752336
COHFACE_s22_session3_natural,29,179,34.96666666666667,-0.9141581058502197,-0.812244470263289
COHFACE_s22_session3_natural,29,180,35.0,-0.9920693635940552,-0.5593532745306318
COHFACE_s22_session3_natural,29,181,35.03333333333333,-1.1191669702529907,-0.22123889533791913
COHFACE_s22_session3_natural,29,182,35.06666666666667,-1.2103426456451416,0.16296612636778776
COHFACE_s22_session3_natural,29,183,35.1,-0.8946523666381836,0.536649740307306
COHFACE_s22_session3_natural,29,184,35.13333333333333,0.18210932612419128,0.8387430114810758
COHFACE_s22_session3_natural,29,185,35.166666666666664,1.2786993980407715,1.0207987703771133
COHFACE_s22_session3_natural,29,186,35.2,1.654495120048523,1.0608621040755497
COHFACE_s22_session3_natural,29,187,35.233333333333334,1.517433762550354,0.968215931715526
COHFACE_s22_session3_natural,29,188,35.266666666666666,1.2579900026321411,0.7775240683192651
COHFACE_s22_session3_natural,29,189,35.3,1.0149375200271606,0.5355779555764799
COHFACE_s22_session3_natural,29,190,35.333333333333336,0.7429118156433105,0.28618590033280633
COHFACE_s22_session3_natural,29,191,35.36666666666667,0.4362547695636749,0.05841875227966645
COHFACE_s22_session3_natural,29,192,35.4,0.26463648676872253,-0.13848679063478536
COHFACE_s22_session3_natural,29,193,35.43333333333333,0.3056457042694092,-0.3126627657437563
COHFACE_s22_session3_natural,29,194,35.46666666666667,0.4160541594028473,-0.4808247125798266
COHFACE_s22_session3_natural,29,195,35.5,0.4057180881500244,-0.6560832478162851
COHFACE_s22_session3_natural,29,196,35.53333333333333,0.24565188586711884,-0.8365006212710215
COHFACE_s22_session3_natural,29,197,35.56666666666667,0.0035548494197428226,-0.9992723428184886
COHFACE_s22_session3_natural,29,198,35.6,-0.24366679787635803,-1.1048725967757997
COHFACE_s22_session3_natural,29,199,35.63333333333333,-0.4465041756629944,-1.1120180116625387
COHFACE_s22_session3_natural,29,200,35.666666666666664,-0.6035676002502441,-0.9980483652514061
COHFACE_s22_session3_natural,29,201,35.7,-0.7074865698814392,-0.7743898145603941
COHFACE_s22_session3_natural,29,202,35.733333333333334,-0.7550349235534668,-0.48750243713297436
COHFACE_s22_session3_natural,29,203,35.766666666666666,-0.7783623933792114,-0.2027487013352992
COHFACE_s22_session3_natural,29,204,35.8,-0.8224364519119263,0.021601923711890302
COHFACE_s22_session3_natural,29,205,35.833333333333336,-0.8968982100486755,0.15717604926635143
COHFACE_s22_session3_natural,29,206,35.86666666666667,-0.9761744141578674,0.21439189588739552
COHFACE_s22_session3_natural,29,207,35.9,-0.8638675212860107,0.2343502220582665
COHFACE_s22_session3_natural,29,208,35.93333333333333,-0.0734134241938591,0.26807312479468703
COHFACE_s22_session3_natural,29,209,35.96666666666667,1.1173923015594482,0.3520973330094522
COHFACE_s22_session3_natural,29,210,36.0,1.7917797565460205,0.4906160988547339
COHFACE_s22_session3_natural,29,211,36.03333333333333,1.8211873769760132,0.6517766686386012
COHFACE_s22_session3_natural,29,212,36.06666666666667,1.6274452209472656,0.7800262118548382
COHFACE_s22_session3_natural,29,213,36.1,1.423366904258728,0.8196842000587325
COHFACE_s22_session3_natural,29,214,36.13333333333333,1.2423555850982666,0.7399237321945508
COHFACE_s22_session3_natural,29,215,36.166666666666664,0.9866715669631958,0.5502946675825674
COHFACE_s22_session3_natural,29,216,36.2,0.6909337639808655,0.2995874868119134
COHFACE_s22_session3_natural,29,217,36.233333333333334,0.5480157136917114,0.057887859943968945
COHFACE_s22_session3_natural,29,218,36.266666666666666,0.5647172331809998,-0.11076466104742375
COHFACE_s22_session3_natural,29,219,36.3,0.5836149454116821,-0.17304584572333612
COHFACE_s22_session3_natural,29,220,36.333333333333336,0.46986865997314453,-0.13705794009399147
COHFACE_s22_session3_natural,29,221,36.36666666666667,0.2373879998922348,-0.04434608937583526
COHFACE_s22_session3_natural,29,222,36.4,-0.020653612911701202,0.051952635512229846
COHFACE_s22_session3_natural,29,223,36.43333333333333,-0.2539035975933075,0.11115636659347383
COHFACE_s22_session3_natural,29,224,36.46666666666667,-0.43856289982795715,0.11977687083498965
COHFACE_s22_session3_natural,29,225,36.5,-0.5807364583015442,0.09150315251197111
COHFACE_s22_session3_natural,29,226,36.53333333333333,-0.6856604814529419,0.054695437404915254
COHFACE_s22_session3_natural,29,227,36.56666666666667,-0.7503073811531067,0.034937510488061305
COHFACE_s22_session3_natural,29,228,36.6,-0.794294536113739,0.0409888595175514
COHFACE_s22_session3_natural,29,229,36.63333333333333,-0.825910747051239,0.059792558188029636
COHFACE_s22_session3_natural,29,230,36.666666666666664,-0.8558890223503113,0.062210105485245124
COHFACE_s22_session3_natural,29,231,36.7,-0.9044424295425415,0.01709543548220691
COHFACE_s22_session3_natural,29,232,36.733333333333334,-0.9905059337615967,-0.09202514507060375
COHFACE_s22_session3_natural,29,233,36.766666666666666,-1.1167845726013184,-0.25491651963062745
COHFACE_s22_session3_natural,29,234,36.8,-1.179160714149475,-0.43325087675830054
COHFACE_s22_session3_natural,29,235,36.833333333333336,-0.7448973655700684,-0.571781620516289
COHFACE_s22_session3_natural,29,236,36.86666666666667,0.48174333572387695,-0.6183153037679606
COHFACE_s22_session3_natural,29,237,36.9,1.6222213506698608,-0.5443711800642881
COHFACE_s22_session3_natural,29,238,36.93333333333333,1.9974710941314697,-0.3578601245596104
COHFACE_s22_session3_natural,29,239,36.96666666666667,1.877098798751831,-0.10251658044684687
COHFACE_s22_session3_natural,30,0,30.0,0.2651948630809784,-0.10342171382880817
COHFACE_s22_session3_natural,30,1,30.033333333333335,0.025442972779273987,-0.19864142371116497
COHFACE_s22_session3_natural,30,2,30.066666666666666,-0.2449200302362442,-0.3344682933151304
COHFACE_s22_session3_natural,30,3,30.1,-0.47524166107177734,-0.5333094338528599
COHFACE_s22_session3_natural,30,4,30.133333333333333,-0.6537340879440308,-0.785025944249346
COHFACE_s22_session3_natural,30,5,30.166666666666668,-0.7905596494674683,-1.0468986684440071
COHFACE_s22_session3_natural,30,6,30.2,-0.8806930780410767,-1.2560154586283505
COHFACE_s22_session3_natural,30,7,30.233333333333334,-0.9321624636650085,-1.3496975139522707
COHFACE_s22_session3_natural,30,8,30.266666666666666,-0.9593985080718994,-1.286791705178873
COHFACE_s22_session3_natural,30,9,30.3,-0.9789290428161621,-1.0621883987052974
COHFACE_s22_session3_natural,30,10,30.333333333333332,-1.015210747718811,-0.7088654566212089
COHFACE_s22_session3_natural,30,11,30.366666666666667,-1.082699179649353,-0.2864668155072323
COHFACE_s22_session3_natural,30,12,30.4,-1.1951301097869873,0.13832472734140258
COHFACE_s22_session3_natural,30,13,30.433333333333334,-1.3255282640457153,0.510698803148945
COHFACE_s22_session3_natural,30,14,30.466666666666665,-1.2403581142425537,0.7987925984102974
COHFACE_s22_session3_natural,30,15,30.5,-0.34901270270347595,0.9948984711686178
COHFACE_s22_session3_natural,30,16,30.533333333333335,1.0412057638168335,1.1091457630760868
COHFACE_s22_session3_natural,30,17,30.566666666666666,1.8390427827835083,1.1596440339778706
COHFACE_s22_session3_natural,30,18,30.6,1.8661547899246216,1.1623629490988876
COHFACE_s22_session3_natural,30,19,30.633333333333333,1.588396430015564,1.1231240548385533
COHFACE_s22_session3_natural,30,20,30.666666666666668,1.299048900604248,1.0343135568980204
COHFACE_s22_session3_natural,30,21,30.7,1.0577459335327148,0.8786044477548537
COHFACE_s22_session3_natural,30,22,30.733333333333334,0.7812160849571228,0.6393188125084704
COHFACE_s22_session3_natural,30,23,30.766666666666666,0.49013131856918335,0.3132275493374512
COHFACE_s22_session3_natural,30,24,30.8,0.3552786409854889,-0.08071066688509268
COHFACE_s22_session3_natural,30,25,30.833333333333332,0.40869608521461487,-0.5017524630825528
COHFACE_s22_session3_natural,30,26,30.866666666666667,0.4820535480976105,-0.8970099041922486
COHFACE_s22_session3_natural,30,27,30.9,0.4159921109676361,-1.215288480255596
COHFACE_s22_session3_natural,30,28,30.933333333333334,0.21403570473194122,-1.4184639098675158
COHFACE_s22_session3_natural,30,29,30.966666666666665,-0.04259137064218521,-1.486386730819912
COHFACE_s22_session3_natural,30,30,31.0,-0.280146986246109,-1.4160608214624526
COHFACE_s22_session3_natural,30,31,31.033333333333335,-0.4788772761821747,-1.2187066327118357
COHFACE_s22_session3_natural,30,32,31.066666666666666,-0.6387697458267212,-0.9170990453795272
COHFACE_s22_session3_natural,30,33,31.1,-0.7568837404251099,-0.5427687723824505
COHFACE_s22_session3_natural,30,34,31.133333333333333,-0.8272384405136108,-0.131830887438215
COHFACE_s22_session3_natural,30,35,31.166666666666668,-0.8671184778213501,0.28007103823824
COHFACE_s22_session3_natural,30,36,31.2,-0.8945034742355347,0.6609761235432136
COHFACE_s22_session3_natural,30,37,31.233333333333334,-0.931207001209259,0.9816433275298424
COHFACE_s22_session3_natural,30,38,31.266666666666666,-0.9966108202934265,1.2120379508136547
COHFACE_s22_session3_natural,30,39,31.3,-1.106349229812622,1.3206051195437443
COHFACE_s22_session3_natural,30,40,31.333333333333332,-1.199845314025879,1.2809312988441335
COHFACE_s22_session3_natural,30,41,31.366666666666667,-0.8831126689910889,1.085111451506069
COHFACE_s22_session3_natural,30,42,31.4,0.2979525923728943,0.7567544920240195
COHFACE_s22_session3_natural,30,43,31.433333333333334,1.5730102062225342,0.3540952681170265
COHFACE_s22_session3_natural,30,44,31.466666666666665,2.0825791358947754,-0.04207928873840538
COHFACE_s22_session3_natural,30,45,31.5,1.9993075132369995,-0.35255983499495896
COHFACE_s22_session3_natural,30,46,31.533333333333335,1.7651641368865967,-0.5255016274146367
COHFACE_s22_session3_natural,30,47,31.566666666666666,1.5468412637710571,-0.5519809783238977
COHFACE_s22_session3_natural,30,48,31.6,1.3589309453964233,-0.46484386182256626
COHFACE_s22_session3_natural,30,49,31.633333333333333,1.0985690355300903,-0.3227160372719516
COHFACE_s22_session3_natural,30,50,31.666666666666668,0.8141350746154785,-0.18705128842213425
COHFACE_s22_session3_natural,30,51,31.7,0.665248692035675,-0.10131033835866575
COHFACE_s22_session3_natural,30,52,31.733333333333334,0.6618736982345581,-0.07856559052526592
COHFACE_s22_session3_natural,30,53,31.766666666666666,0.6502968072891235,-0.10024859541189785
COHFACE_s22_session3_natural,30,54,31.8,0.5225291848182678,-0.12653637363445647
COHFACE_s22_session3_natural,30,55,31.833333333333332,0.28883254528045654,-0.11619660708197335
COHFACE_s22_session3_natural,30,56,31.866666666666667,0.018171748146414757,-0.04908226937782259
COHFACE_s22_session3_natural,30,57,31.9,-0.23893925547599792,0.05915086940359103
COHFACE_s22_session3_natural,30,58,31.933333333333334,-0.452311247587204,0.15909052430058454
COHFACE_s22_session3_natural,30,59,31.966666666666665,-0.6089900135993958,0.18783746770638277
COHFACE_s22_session3_natural,30,60,32.0,-0.7173510789871216,0.09861883246267526
COHFACE_s22_session3_natural,30,61,32.03333333333333,-0.7938106060028076,-0.11502758133939107
COHFACE_s22_session3_natural,30,62,32.06666666666667,-0.8480470180511475,-0.41198947568560285
COHFACE_s22_session3_natural,30,63,32.1,-0.8968113660812378,-0.7157444189481069
COHFACE_s22_session3_natural,30,64,32.13333333333333,-0.9380439519882202,-0.9401337290610017
COHFACE_s22_session3_natural,30,65,32.166666666666664,-0.9892775416374207,-1.018304133930294
COHFACE_s22_session3_natural,30,66,32.2,-1.0707252025604248,-0.9239393470138604
COHFACE_s22_session3_natural,30,67,32.233333333333334,-1.1989022493362427,-0.6772763986356859
COHFACE_s22_session3_natural,30,68,32.266666666666666,-1.3034167289733887,-0.3343579189761454
COHFACE_s22_session3_natural,30,69,32.3,-1.0055819749832153,0.035542249862052885
COHFACE_s22_session3_natural,30,70,32.333333333333336,0.17535924911499023,0.3747284826307404
COHFACE_s22_session3_natural,30,71,32.36666666666667,1.4810776710510254,0.6537624553018713
COHFACE_s22_session3_natural,30,72,32.4,2.0324747562408447,0.8734553688060073
COHFACE_s22_session3_natural,30,73,32.43333333333333,2.010996103286743,1.052599232609025
COHFACE_s22_session3_natural,30,74,32.46666666666667,1.8305058479309082,1.2088685196566673
COHFACE_s22_session3_natural,30,75,32.5,1.64678955078125,1.343393583363524
COHFACE_s22_session3_natural,30,76,32.53333333333333,1.4688928127288818,1.4366146595172542
COHFACE_s22_session3_natural,30,77,32.56666666666667,1.209039568901062,1.4562277190055593
COHFACE_s22_session3_natural,30,78,32.6,0.9135374426841736,1.3715575373810174
COHFACE_s22_session3_natural,30,79,32.63333333333333,0.7421549558639526,1.166306696429001
COHFACE_s22_session3_natural,30,80,32.666666666666664,0.7165443301200867,0.8443707424674871
COHFACE_s22_session3_natural,30,81,32.7,0.6986392736434937,0.4283194310571279
COHFACE_s22_session3_natural,30,82,32.733333333333334,0.5810588598251343,-0.04654755208365681
COHFACE_s22_session3_natural,30,83,32.766666666666666,0.3577975034713745,-0.5391638437304745
COHFACE_s22_session3_natural,30,84,32.8,0.09116938710212708,-1.0086509403452073
COHFACE_s22_session3_natural,30,85,32.833333333333336,-0.17486314475536346,-1.4186682305835097
COHFACE_s22_session3_natural,30,86,32.86666666666667,-0.403534471988678,-1.7398906036945132
COHFACE_s22_session3_natural,30,87,32.9,-0.5762322545051575,-1.9502680997802155
COHFACE_s22_session3_natural,30,88,32.93333333333333,-0.6997562050819397,-2.0334078016587793
COHFACE_s22_session3_natural,30,89,32.96666666666667,-0.7904852032661438,-1.9769109541779166
COHFACE_s22_session3_natural,30,90,33.0,-0.852849006652832,-1.7735687811925962
COHFACE_s22_session3_natural,30,91,33.03333333333333,-0.9029286503791809,-1.4269104839366282
COHFACE_s22_session3_natural,30,92,33.06666666666667,-0.956197202205658,-0.9585371220958359
COHFACE_s22_session3_natural,30,93,33.1,-1.0107189416885376,-0.41166915079611577
COHFACE_s22_session3_natural,30,94,33.13333333333333,-1.0766191482543945,0.15325466904599264
COHFACE_s22_session3_natural,30,95,33.166666666666664,-1.1616278886795044,0.6703971783211083
COHFACE_s22_session3_natural,30,96,33.2,-1.282496452331543,1.0828641437137612
COHFACE_s22_session3_natural,30,97,33.233333333333334,-1.4039111137390137,1.3537282778171413
COHFACE_s22_session3_natural,30,98,33.266666666666666,-1.2336701154708862,1.470843327228342
COHFACE_s22_session3_natural,30,99,33.3,-0.21626941859722137,1.446096324341272
COHFACE_s22_session3_natural,30,100,33.333333333333336,1.170127272605896,1.3107335059283962
COHFACE_s22_session3_natural,30,101,33.36666666666667,1.905997633934021,1.1075718479693215
COHFACE_s22_session3_natural,30,102,33.4,1.9585837125778198,0.8806155631494221
COHFACE_s22_session3_natural,30,103,33.43333333333333,1.781294822692871,0.6638318956343411
COHFACE_s22_session3_natural,30,104,33.46666666666667,1.5750576257705688,0.4728208646315965
COHFACE_s22_session3_natural,30,105,33.5,1.3782134056091309,0.3036343185444707
COHFACE_s22_session3_natural,30,106,33.53333333333333,1.1098729372024536,0.14046226185641905
COHFACE_s22_session3_natural,30,107,33.56666666666667,0.7990466952323914,-0.030806346621072393
COHFACE_s22_session3_natural,30,108,33.6,0.6247110366821289,-0.21022901964657817
COHFACE_s22_session3_natural,30,109,33.63333333333333,0.6053541898727417,-0.37985249924727554
COHFACE_s22_session3_natural,30,110,33.666666666666664,0.6045600175857544,-0.5104469553561418
COHFACE_s22_session3_natural,30,111,33.7,0.49971047043800354,-0.5747097169149358
COHFACE_s22_session3_natural,30,112,33.733333333333334,0.28044456243515015,-0.5592304806150027
COHFACE_s22_session3_natural,30,113,33.766666666666666,0.010466235689818859,-0.4693144774529132
COHFACE_s22_session3_natural,30,114,33.8,-0.2482082098722458,-0.3263875451235634
COHFACE_s22_session3_natural,30,115,33.833333333333336,-0.4671390652656555,-0.16201634960802958
COHFACE_s22_session3_natural,30,116,33.86666666666667,-0.6372435688972473,-0.01194676124117666
COHFACE_s22_session3_natural,30,117,33.9,-0.7595639228820801,0.08958682818059656
COHFACE_s22_session3_natural,30,118,33.93333333333333,-0.8391255140304565,0.11646439256809224
COHFACE_s22_session3_natural,30,119,33.96666666666667,-0.8946399688720703,0.05796362681500484
COHFACE_s22_session3_natural,30,120,34.0,-0.9328821301460266,-0.07609461524020113
COHFACE_s22_session3_natural,30,121,34.03333333333333,-0.9658756256103516,-0.25589865894322317
COHFACE_s22_session3_natural,30,122,34.06666666666667,-1.0149005651474,-0.4388752993169088
COHFACE_s22_session3_natural,30,123,34.1,-1.093208909034729,-0.5810009156086242
COHFACE_s22_session3_natural,30,124,34.13333333333333,-1.2054537534713745,-0.6480640536872135
COHFACE_s22_session3_natural,30,125,34.166666666666664,-1.3488061428070068,-0.6236213939817672
COHFACE_s22_session3_natural,30,126,34.2,-1.3694161176681519,-0.5122209634828914
COHFACE_s22_session3_natural,30,127,34.233333333333334,-0.7377254366874695,-0.33753609307300886
COHFACE_s22_session3_natural,30,128,34.266666666666666,0.5628063082695007,-0.13501418147382158
COHFACE_s22_session3_natural,30,129,34.3,1.5187366008758545,0.06048497719706334
COHFACE_s22_session3_natural,30,130,34.333333333333336,1.6959261894226074,0.22849063544144546
COHFACE_s22_session3_natural,30,131,34.36666666666667,1.4823060035705566,0.3714516100907202
COHFACE_s22_session3_natural,30,132,34.4,1.2238425016403198,0.511535292649365
COHFACE_s22_session3_natural,30,133,34.43333333333333,0.9956799745559692,0.6746417416931717
COHFACE_s22_session3_natural,30,134,34.46666666666667,0.7201055288314819,0.8691129584802122
COHFACE_s22_session3_natural,30,135,34.5,0.415396511554718,1.0717709717918633
COHFACE_s22_session3_natural,30,136,34.53333333333333,0.2738434076309204,1.2306633430517455
COHFACE_s22_session3_natural,30,137,34.56666666666667,0.33346495032310486,1.2842336282814382
COHFACE_s22_session3_natural,30,138,34.6,0.4229903519153595,1.1869361091561812
COHFACE_s22_session3_natural,30,139,34.63333333333333,0.36874157190322876,0.9280373883301439
COHFACE_s22_session3_natural,30,140,34.666666666666664,0.16003507375717163,0.5356039090994543
COHFACE_s22_session3_natural,30,141,34.7,-0.1015428900718689,0.06638784095693416
COHFACE_s22_session3_natural,30,142,34.733333333333334,-0.3441486656665802,-0.411972933211086
COHFACE_s22_session3_natural,30,143,34.766666666666666,-0.5481772422790527,-0.8390494375597883
COHFACE_s22_session3_natural,30,144,34.8,-0.6911448836326599,-1.1746719100341474
COHFACE_s22_session3_natural,30,145,34.833333333333336,-0.7883262038230896,-1.4041866870587918
COHFACE_s22_session3_natural,30,146,34.86666666666667,-0.8464587926864624,-1.5349032051269043
COHFACE_s22_session3_natural,30,147,34.9,-0.8669571876525879,-1.5845150959953611
COHFACE_s22_session3_natural,30,148,34.93333333333333,-0.8804324865341187,-1.5653303988925829
COHFACE_s22_session3_natural,30,149,34.96666666666667,-0.9141581058502197,-1.471676878137082
COHFACE_s22_session3_natural,30,150,35.0,-0.9920693635940552,-1.2791138027743134
COHFACE_s22_session3_natural,30,151,35.03333333333333,-1.1191669702529907,-0.9593549402443274
COHFACE_s22_session3_natural,30,152,35.06666666666667,-1.2103426456451416,-0.5044501837105166
COHFACE_s22_session3_natural,30,153,35.1,-0.8946523666381836,0.05420787053159231
COHFACE_s22_session3_natural,30,154,35.13333333333333,0.18210932612419128,0.6446788068679093
COHFACE_s22_session3_natural,30,155,35.166666666666664,1.2786993980407715,1.1734845361230477
COHFACE_s22_session3_natural,30,156,35.2,1.654495120048523,1.5556552052018213
COHFACE_s22_session3_natural,30,157,35.233333333333334,1.517433762550354,1.7411025733714272
COHFACE_s22_session3_natural,30,158,35.266666666666666,1.2579900026321411,1.7263138682376202
COHFACE_s22_session3_natural,30,159,35.3,1.0149375200271606,1.549076395659345
COHFACE_s22_session3_natural,30,160,35.333333333333336,0.7429118156433105,1.2712083336339548
COHFACE_s22_session3_natural,30,161,35.36666666666667,0.4362547695636749,0.9571132927989622
COHFACE_s22_session3_natural,30,162,35.4,0.26463648676872253,0.6549786646331774
COHFACE_s22_session3_natural,30,163,35.43333333333333,0.3056457042694092,0.38538903369686994
COHFACE_s22_session3_natural,30,164,35.46666666666667,0.4160541594028473,0.14081802213982175
COHFACE_s22_session3_natural,30,165,35.5,0.4057180881500244,-0.10284118704953689
COHFACE_s22_session3_natural,30,166,35.53333333333333,0.24565188586711884,-0.366423561475696
COHFACE_s22_session3_natural,30,167,35.56666666666667,0.0035548494197428226,-0.6481858657227692
COHFACE_s22_session3_natural,30,168,35.6,-0.24366679787635803,-0.9154634856258362
COHFACE_s22_session3_natural,30,169,35.63333333333333,-0.4465041756629944,-1.1133354065885164
COHFACE_s22_session3_natural,30,170,35.666666666666664,-0.6035676002502441,-1.1872712449083473
COHFACE_s22_session3_natural,30,171,35.7,-0.7074865698814392,-1.1084999924861172
COHFACE_s22_session3_natural,30,172,35.733333333333334,-0.7550349235534668,-0.8890134384118514
COHFACE_s22_session3_natural,30,173,35.766666666666666,-0.7783623933792114,-0.5789066829865653
COHFACE_s22_session3_natural,30,174,35.8,-0.8224364519119263,-0.24865229949386786
COHFACE_s22_session3_natural,30,175,35.833333333333336,-0.8968982100486755,0.0340295182539268
COHFACE_s22_session3_natural,30,176,35.86666666666667,-0.9761744141578674,0.22322345014994704
COHFACE_s22_session3_natural,30,177,35.9,-0.8638675212860107,0.30473768285702313
COHFACE_s22_session3_natural,30,178,35.93333333333333,-0.0734134241938591,0.2955479199297849
COHFACE_s22_session3_natural,30,179,35.96666666666667,1.1173923015594482,0.23355151252544823
COHFACE_s22_session3_natural,30,180,36.0,1.7917797565460205,0.16043329195752437
COHFACE_s22_session3_natural,30,181,36.03333333333333,1.8211873769760132,0.10339109700462991
COHFACE_s22_session3_natural,30,182,36.06666666666667,1.6274452209472656,0.0641903230599335
COHFACE_s22_session3_natural,30,183,36.1,1.423366904258728,0.022496275732552543
COHFACE_s22_session3_natural,30,184,36.13333333333333,1.2423555850982666,-0.047118516848262064
COHFACE_s22_session3_natural,30,185,36.166666666666664,0.9866715669631958,-0.15385340051918858
COHFACE_s22_session3_natural,30,186,36.2,0.6909337639808655,-0.2778431334109474
COHFACE_s22_session3_natural,30,187,36.233333333333334,0.5480157136917114,-0.37417608750131776
COHFACE_s22_session3_natural,30,188,36.266666666666666,0.5647172331809998,-0.39219621320048825
COHFACE_s22_session3_natural,30,189,36.3,0.5836149454116821,-0.2994905817794884
COHFACE_s22_session3_natural,30,190,36.333333333333336,0.46986865997314453,-0.09770077786746167
COHFACE_s22_session3_natural,30,191,36.36666666666667,0.2373879998922348,0.17737989807351823
COHFACE_s22_session3_natural,30,192,36.4,-0.020653612911701202,0.46977891074222866
COHFACE_s22_session3_natural,30,193,36.43333333333333,-0.2539035975933075,0.7229350316862793
COHFACE_s22_session3_natural,30,194,36.46666666666667,-0.43856289982795715,0.8960580535410673
COHFACE_s22_session3_natural,30,195,36.5,-0.5807364583015442,0.9724642238600498
COHFACE_s22_session3_natural,30,196,36.53333333333333,-0.6856604814529419,0.9593324545121681
COHFACE_s22_session3_natural,30,197,36.56666666666667,-0.7503073811531067,0.880570060472056
COHFACE_s22_session3_natural,30,198,36.6,-0.794294536113739,0.7650491277962161
COHFACE_s22_session3_natural,30,199,36.63333333333333,-0.825910747051239,0.633485250749376
COHFACE_s22_session3_natural,30,200,36.666666666666664,-0.8558890223503113,0.489344172761663
COHFACE_s22_session3_natural,30,201,36.7,-0.9044424295425415,0.3190994286435712
COHFACE_s22_session3_natural,30,202,36.733333333333334,-0.9905059337615967,0.10250858349619048
COHFACE_s22_session3_natural,30,203,36.766666666666666,-1.1167845726013184,-0.17262774330203587
COHFACE_s22_session3_natural,30,204,36.8,-1.179160714149475,-0.4996352490881834
COHFACE_s22_session3_natural,30,205,36.833333333333336,-0.7448973655700684,-0.8517547607819531
COHFACE_s22_session3_natural,30,206,36.86666666666667,0.48174333572387695,-1.1895674318474876
COHFACE_s22_session3_natural,30,207,36.9,1.6222213506698608,-1.4708396650326803
COHFACE_s22_session3_natural,30,208,36.93333333333333,1.9974710941314697,-1.6570157476454828
COHFACE_s22_session3_natural,30,209,36.96666666666667,1.877098798751831,-1.7153414024969182
COHFACE_s22_session3_natural,30,210,37.0,1.6626100540161133,-1.62023813716873
COHFACE_s22_session3_natural,30,211,37.03333333333333,1.4858299493789673,-1.3582713643614528
COHFACE_s22_session3_natural,30,212,37.06666666666667,1.3105512857437134,-0.9370520721677792
COHFACE_s22_session3_natural,30,213,37.1,1.0321353673934937,-0.39303677107970825
COHFACE_s22_session3_natural,30,214,37.13333333333333,0.7486072182655334,0.20890692017615928
COHFACE_s22_session3_natural,30,215,37.166666666666664,0.6226140260696411,0.7875941912512653
COHFACE_s22_session3_natural,30,216,37.2,0.6262000203132629,1.2649838038079604
COHFACE_s22_session3_natural,30,217,37.233333333333334,0.5981450080871582,1.5836396769358414
COHFACE_s22_session3_natural,30,218,37.266666666666666,0.45335331559181213,1.7151933429708082
COHFACE_s22_session3_natural,30,219,37.3,0.23027808964252472,1.6595195767094606
COHFACE_s22_session3_natural,30,220,37.333333333333336,-0.011632828041911125,1.4392830673005248
COHFACE_s22_session3_natural,30,221,37.36666666666667,-0.22721347212791443,1.094547148607093
COHFACE_s22_session3_natural,30,222,37.4,-0.3943151533603668,0.6782467434507116
COHFACE_s22_session3_natural,30,223,37.43333333333333,-0.5265620946884155,0.2501453581643274
COHFACE_s22_session3_natural,30,224,37.46666666666667,-0.6249097585678101,-0.132096161967447
COHFACE_s22_session3_natural,30,225,37.5,-0.6994832158088684,-0.4228185690061105
COHFACE_s22_session3_natural,30,226,37.53333333333333,-0.7645768523216248,-0.5955304692574175
COHFACE_s22_session3_natural,30,227,37.56666666666667,-0.8233670592308044,-0.6448048387267749
COHFACE_s22_session3_natural,30,228,37.6,-0.889999270439148,-0.5834368404513143
COHFACE_s22_session3_natural,30,229,37.63333333333333,-0.9686053991317749,-0.43774547625070437
COHFACE_s22_session3_natural,30,230,37.666666666666664,-1.0493954420089722,-0.24349543739417884
COHFACE_s22_session3_natural,30,231,37.7,-1.1260783672332764,-0.04222211677832387
COHFACE_s22_session3_natural,30,232,37.733333333333334,-1.194807529449463,0.12467978189183343
COHFACE_s22_session3_natural,30,233,37.766666666666666,-1.265670895576477,0.22553211621288252
COHFACE_s22_session3_natural,30,234,37.8,-1.345815658569336,0.2480258999299685
COHFACE_s22_session3_natural,30,235,37.833333333333336,-1.435849905014038,0.20225451275353817
COHFACE_s22_session3_natural,30,236,37.86666666666667,-1.3767743110656738,0.11382112788642795
COHFACE_s22_session3_natural,30,237,37.9,-0.6060120463371277,0.010447486454222776
COHFACE_s22_session3_natural,30,238,37.93333333333333,0.7932024002075195,-0.09031811055385416
COHFACE_s22_session3_natural,30,239,37.96666666666667,1.739727258682251,-0.18565474220905756
COHFACE_s22_session3_natural,31,0,31.0,-0.280146986246109,-0.017297331854684437
COHFACE_s22_session3_natural,31,1,31.033333333333335,-0.4788772761821747,0.15510249936249212
COHFACE_s22_session3_natural,31,2,31.066666666666666,-0.6387697458267212,0.32102436948261687
COHFACE_s22_session3_natural,31,3,31.1,-0.7568837404251099,0.47606448832312204
COHFACE_s22_session3_natural,31,4,31.133333333333333,-0.8272384405136108,0.6219366688853253
COHFACE_s22_session3_natural,31,5,31.166666666666668,-0.8671184778213501,0.7630579281216014
COHFACE_s22_session3_natural,31,6,31.2,-0.8945034742355347,0.8995106660359877
COHFACE_s22_session3_natural,31,7,31.233333333333334,-0.931207001209259,1.0204928454370896
COHFACE_s22_session3_natural,31,8,31.266666666666666,-0.9966108202934265,1.1024285883641909
COHFACE_s22_session3_natural,31,9,31.3,-1.106349229812622,1.1139181251246695
COHFACE_s22_session3_natural,31,10,31.333333333333332,-1.199845314025879,1.0272997720890875
COHFACE_s22_session3_natural,31,11,31.366666666666667,-0.8831126689910889,0.8335145580589619
COHFACE_s22_session3_natural,31,12,31.4,0.2979525923728943,0.5535058901831097
COHFACE_s22_session3_natural,31,13,31.433333333333334,1.5730102062225342,0.23865086416531364
COHFACE_s22_session3_natural,31,14,31.466666666666665,2.0825791358947754,-0.04299231773306359
COHFACE_s22_session3_natural,31,15,31.5,1.9993075132369995,-0.23050698431004155
COHFACE_s22_session3_natural,31,16,31.533333333333335,1.7651641368865967,-0.29384890072692776
COHFACE_s22_session3_natural,31,17,31.566666666666666,1.5468412637710571,-0.24636389642784837
COHFACE_s22_session3_natural,31,18,31.6,1.3589309453964233,-0.14010139381671005
COHFACE_s22_session3_natural,31,19,31.633333333333333,1.0985690355300903,-0.04597737158374394
COHFACE_s22_session3_natural,31,20,31.666666666666668,0.8141350746154785,-0.02726205272395745
COHFACE_s22_session3_natural,31,21,31.7,0.665248692035675,-0.11698326369214841
COHFACE_s22_session3_natural,31,22,31.733333333333334,0.6618736982345581,-0.30738328406800763
COHFACE_s22_session3_natural,31,23,31.766666666666666,0.6502968072891235,-0.5544724534614639
COHFACE_s22_session3_natural,31,24,31.8,0.5225291848182678,-0.7953923038148071
COHFACE_s22_session3_natural,31,25,31.833333333333332,0.28883254528045654,-0.9719647449334919
COHFACE_s22_session3_natural,31,26,31.866666666666667,0.018171748146414757,-1.0513065019333971
COHFACE_s22_session3_natural,31,27,31.9,-0.23893925547599792,-1.0350699397701895
COHFACE_s22_session3_natural,31,28,31.933333333333334,-0.452311247587204,-0.953375236268831
COHFACE_s22_session3_natural,31,29,31.966666666666665,-0.6089900135993958,-0.8465744054359546
COHFACE_s22_session3_natural,31,30,32.0,-0.7173510789871216,-0.7444239345607494
COHFACE_s22_session3_natural,31,31,32.03333333333333,-0.7938106060028076,-0.653555200415374
COHFACE_s22_session3_natural,31,32,32.06666666666667,-0.8480470180511475,-0.5586106067425266
COHFACE_s22_session3_natural,31,33,32.1,-0.8968113660812378,-0.4342732221393312
COHFACE_s22_session3_natural,31,34,32.13333333333333,-0.9380439519882202,-0.26034345760856414
COHFACE_s22_session3_natural,31,35,32.166666666666664,-0.9892775416374207,-0.032224819440901276
COHFACE_s22_session3_natural,31,36,32.2,-1.0707252025604248,0.23662718631992588
COHFACE_s22_session3_natural,31,37,32.233333333333334,-1.1989022493362427,0.5191426119482896
COHFACE_s22_session3_natural,31,38,32.266666666666666,-1.3034167289733887,0.7827460688602388
COHFACE_s22_session3_natural,31,39,32.3,-1.0055819749832153,0.9981577635670992
COHFACE_s22_session3_natural,31,40,32.333333333333336,0.17535924911499023,1.1467058396240672
COHFACE_s22_session3_natural,31,41,32.36666666666667,1.4810776710510254,1.2242963893490262
COHFACE_s22_session3_natural,31,42,32.4,2.0324747562408447,1.2403055819063558
COHFACE_s22_session3_natural,31,43,32.43333333333333,2.010996103286743,1.2110718519967962
COHFACE_s22_session3_natural,31,44,32.46666666666667,1.8305058479309082,1.1507696092743214
COHFACE_s22_session3_natural,31,45,32.5,1.64678955078125,1.064619010992184
COHFACE_s22_session3_natural,31,46,32.53333333333333,1.4688928127288818,0.9481677476253607
COHFACE_s22_session3_natural,31,47,32.56666666666667,1.209039568901062,0.7926671931794088
COHFACE_s22_session3_natural,31,48,32.6,0.9135374426841736,0.5929861760685213
COHFACE_s22_session3_natural,31,49,32.63333333333333,0.7421549558639526,0.3531543117136609
COHFACE_s22_session3_natural,31,50,32.666666666666664,0.7165443301200867,0.08625517598949868
COHFACE_s22_session3_natural,31,51,32.7,0.6986392736434937,-0.1909316185423551
COHFACE_s22_session3_natural,31,52,32.733333333333334,0.5810588598251343,-0.46459033790340076
COHFACE_s22_session3_natural,31,53,32.766666666666666,0.3577975034713745,-0.7270225469748527
COHFACE_s22_session3_natural,31,54,32.8,0.09116938710212708,-0.9742056915321206
COHFACE_s22_session3_natural,31,55,32.833333333333336,-0.17486314475536346,-1.19972012740312
COHFACE_s22_session3_natural,31,56,32.86666666666667,-0.403534471988678,-1.389342317476099
COHFACE_s22_session3_natural,31,57,32.9,-0.5762322545051575,-1.519984051577203
COHFACE_s22_session3_natural,31,58,32.93333333333333,-0.6997562050819397,-1.5639007845191224
COHFACE_s22_session3_natural,31,59,32.96666666666667,-0.7904852032661438,-1.4965309636227033
COHFACE_s22_session3_natural,31,60,33.0,-0.852849006652832,-1.3055305470772047
COHFACE_s22_session3_natural,31,61,33.03333333333333,-0.9029286503791809,-0.9984366611667149
COHFACE_s22_session3_natural,31,62,33.06666666666667,-0.956197202205658,-0.6058003973301016
COHFACE_s22_session3_natural,31,63,33.1,-1.0107189416885376,-0.17697160238442514
COHFACE_s22_session3_natural,31,64,33.13333333333333,-1.0766191482543945,0.23154974125664698
COHFACE_s22_session3_natural,31,65,33.166666666666664,-1.1616278886795044,0.5712755121577798
COHFACE_s22_session3_natural,31,66,33.2,-1.282496452331543,0.8138623931048562
COHFACE_s22_session3_natural,31,67,33.233333333333334,-1.4039111137390137,0.9549195244603934
COHFACE_s22_session3_natural,31,68,33.266666666666666,-1.2336701154708862,1.0092085372462445
COHFACE_s22_session3_natural,31,69,33.3,-0.21626941859722137,1.0015735295061645
COHFACE_s22_session3_natural,31,70,33.333333333333336,1.170127272605896,0.9584252067552087
COHFACE_s22_session3_natural,31,71,33.36666666666667,1.905997633934021,0.9019377475830561
COHFACE_s22_session3_natural,31,72,33.4,1.9585837125778198,0.8464700859648268
COHFACE_s22_session3_natural,31,73,33.43333333333333,1.781294822692871,0.796113053279143
COHFACE_s22_session3_natural,31,74,33.46666666666667,1.5750576257705688,0.7436621864198525
COHFACE_s22_session3_natural,31,75,33.5,1.3782134056091309,0.6726309034037972
COHFACE_s22_session3_natural,31,76,33.53333333333333,1.1098729372024536,0.5632332824276253
COHFACE_s22_session3_natural,31,77,33.56666666666667,0.7990466952323914,0.40099523386588753
COHFACE_s22_session3_natural,31,78,33.6,0.6247110366821289,0.18454146548414546
COHFACE_s22_session3_natural,31,79,33.63333333333333,0.6053541898727417,-0.07131507724242686
COHFACE_s22_session3_natural,31,80,33.666666666666664,0.6045600175857544,-0.339157769273496
COHFACE_s22_session3_natural,31,81,33.7,0.49971047043800354,-0.5876686762206178
COHFACE_s22_session3_natural,31,82,33.733333333333334,0.28044456243515015,-0.7907536272432031
COHFACE_s22_session3_natural,31,83,33.766666666666666,0.010466235689818859,-0.9325295531573995
COHFACE_s22_session3_natural,31,84,33.8,-0.2482082098722458,-1.0075263007332165
COHFACE_s22_session3_natural,31,85,33.833333333333336,-0.4671390652656555,-1.0189487462792504
COHFACE_s22_session3_natural,31,86,33.86666666666667,-0.6372435688972473,-0.9772316640018771
COHFACE_s22_session3_natural,31,87,33.9,-0.7595639228820801,-0.8982003845528179
COHFACE_s22_session3_natural,31,88,33.93333333333333,-0.8391255140304565,-0.7988117176110896
COHFACE_s22_session3_natural,31,89,33.96666666666667,-0.8946399688720703,-0.6904034923211275
COHFACE_s22_session3_natural,31,90,34.0,-0.9328821301460266,-0.5731253522382205
COHFACE_s22_session3_natural,31,91,34.03333333333333,-0.9658756256103516,-0.43636033444932987
COHFACE_s22_session3_natural,31,92,34.06666666666667,-1.0149005651474,-0.26606586105218255
COHFACE_s22_session3_natural,31,93,34.1,-1.093208909034729,-0.05475650700145538
COHFACE_s22_session3_natural,31,94,34.13333333333333,-1.2054537534713745,0.1917811502340492
COHFACE_s22_session3_natural,31,95,34.166666666666664,-1.3488061428070068,0.454297630579794
COHFACE_s22_session3_natural,31,96,34.2,-1.3694161176681519,0.705308138936453
COHFACE_s22_session3_natural,31,97,34.233333333333334,-0.7377254366874695,0.9162576744336121
COHFACE_s22_session3_natural,31,98,34.266666666666666,0.5628063082695007,1.0643207175360812
COHFACE_s22_session3_natural,31,99,34.3,1.5187366008758545,1.1383808535147817
COHFACE_s22_session3_natural,31,100,34.333333333333336,1.6959261894226074,1.1432382360430098
COHFACE_s22_session3_natural,31,101,34.36666666666667,1.4823060035705566,1.0994086735013937
COHFACE_s22_session3_natural,31,102,34.4,1.2238425016403198,1.0359369763473703
COHFACE_s22_session3_natural,31,103,34.43333333333333,0.9956799745559692,0.976923267404351
COHFACE_s22_session3_natural,31,104,34.46666666666667,0.7201055288314819,0.9275949432932229
COHFACE_s22_session3_natural,31,105,34.5,0.415396511554718,0.8683377098137647
COHFACE_s22_session3_natural,31,106,34.53333333333333,0.2738434076309204,0.7618250035351013
COHFACE_s22_session3_natural,31,107,34.56666666666667,0.33346495032310486,0.5709281278962757
COHFACE_s22_session3_natural,31,108,34.6,0.4229903519153595,0.27825768151393837
COHFACE_s22_session3_natural,31,109,34.63333333333333,0.36874157190322876,-0.10312130728651774
COHFACE_s22_session3_natural,31,110,34.666666666666664,0.16003507375717163,-0.5326980269727436
COHFACE_s22_session3_natural,31,111,34.7,-0.1015428900718689,-0.9562986439164837
COHFACE_s22_session3_natural,31,112,34.733333333333334,-0.3441486656665802,-1.3231413783465593
COHFACE_s22_session3_natural,31,113,34.766666666666666,-0.5481772422790527,-1.5987912832101194
COHFACE_s22_session3_natural,31,114,34.8,-0.6911448836326599,-1.7698766825289773
COHFACE_s22_session3_natural,31,115,34.833333333333336,-0.7883262038230896,-1.8405175800605957
COHFACE_s22_session3_natural,31,116,34.86666666666667,-0.8464587926864624,-1.82347955945532
COHFACE_s22_session3_natural,31,117,34.9,-0.8669571876525879,-1.7303408078652496
COHFACE_s22_session3_natural,31,118,34.93333333333333,-0.8804324865341187,-1.56465524472636
COHFACE_s22_session3_natural,31,119,34.96666666666667,-0.9141581058502197,-1.3209362460781215
COHFACE_s22_session3_natural,31,120,35.0,-0.9920693635940552,-0.9905931301604616
COHFACE_s22_session3_natural,31,121,35.03333333333333,-1.1191669702529907,-0.5730431337937489
COHFACE_s22_session3_natural,31,122,35.06666666666667,-1.2103426456451416,-0.08651853647626254
COHFACE_s22_session3_natural,31,123,35.1,-0.8946523666381836,0.4282240923910188
COHFACE_s22_session3_natural,31,124,35.13333333333333,0.18210932612419128,0.9147631141969549
COHFACE_s22_session3_natural,31,125,35.166666666666664,1.2786993980407715,1.316120592233609
COHFACE_s22_session3_natural,31,126,35.2,1.654495120048523,1.591448627573288
COHFACE_s22_session3_natural,31,127,35.233333333333334,1.517433762550354,1.7270156012431728
COHFACE_s22_session3_natural,31,128,35.266666666666666,1.2579900026321411,1.7373427687663907
COHFACE_s22_session3_natural,31,129,35.3,1.0149375200271606,1.6569475650641592
COHFACE_s22_session3_natural,31,130,35.333333333333336,0.7429118156433105,1.52662803544182
COHFACE_s22_session3_natural,31,131,35.36666666666667,0.4362547695636749,1.3795233831221505
COHFACE_s22_session3_natural,31,132,35.4,0.26463648676872253,1.2315416081704957
COHFACE_s22_session3_natural,31,133,35.43333333333333,0.3056457042694092,1.0789617063094799
COHFACE_s22_session3_natural,31,134,35.46666666666667,0.4160541594028473,0.9038132414446379
COHFACE_s22_session3_natural,31,135,35.5,0.4057180881500244,0.6851690012906673
COHFACE_s22_session3_natural,31,136,35.53333333333333,0.24565188586711884,0.41205989328117637
COHFACE_s22_session3_natural,31,137,35.56666666666667,0.0035548494197428226,0.09244038852223943
COHFACE_s22_session3_natural,31,138,35.6,-0.24366679787635803,-0.2463683445899823
COHFACE_s22_session3_natural,31,139,35.63333333333333,-0.4465041756629944,-0.5668161729190431
COHFACE_s22_session3_natural,31,140,35.666666666666664,-0.6035676002502441,-0.8360241154304425
COHFACE_s22_session3_natural,31,141,35.7,-0.7074865698814392,-1.0389648247007748
COHFACE_s22_session3_natural,31,142,35.733333333333334,-0.7550349235534668,-1.1825204050678144
COHFACE_s22_session3_natural,31,143,35.766666666666666,-0.7783623933792114,-1.2877292714762152
COHFACE_s22_session3_natural,31,144,35.8,-0.8224364519119263,-1.3747755821802428
COHFACE_s22_session3_natural,31,145,35.833333333333336,-0.8968982100486755,-1.449646716625344
COHFACE_s22_session3_natural,31,146,35.86666666666667,-0.9761744141578674,-1.4993198251917736
COHFACE_s22_session3_natural,31,147,35.9,-0.8638675212860107,-1.496566875474892
COHFACE_s22_session3_natural,31,148,35.93333333333333,-0.0734134241938591,-1.4108526415630562
COHFACE_s22_session3_natural,31,149,35.96666666666667,1.1173923015594482,-1.2204610310691693
COHFACE_s22_session3_natural,31,150,36.0,1.7917797565460205,-0.9222282454192773
COHFACE_s22_session3_natural,31,151,36.03333333333333,1.8211873769760132,-0.5366484387866173
COHFACE_s22_session3_natural,31,152,36.06666666666667,1.6274452209472656,-0.10626237634658377
COHFACE_s22_session3_natural,31,153,36.1,1.423366904258728,0.3139869809304546
COHFACE_s22_session3_natural,31,154,36.13333333333333,1.2423555850982666,0.67252944886199
COHFACE_s22_session3_natural,31,155,36.166666666666664,0.9866715669631958,0.9371021459648161
COHFACE_s22_session3_natural,31,156,36.2,0.6909337639808655,1.1031839027256434
COHFACE_s22_session3_natural,31,157,36.233333333333334,0.5480157136917114,1.1902586977859209
COHFACE_s22_session3_natural,31,158,36.266666666666666,0.5647172331809998,1.2280916259073509
COHFACE_s22_session3_natural,31,159,36.3,0.5836149454116821,1.2409519279126073
COHFACE_s22_session3_natural,31,160,36.333333333333336,0.46986865997314453,1.2379317313225358
COHFACE_s22_session3_natural,31,161,36.36666666666667,0.2373879998922348,1.2128201675430883
COHFACE_s22_session3_natural,31,162,36.4,-0.020653612911701202,1.1511895279793427
COHFACE_s22_session3_natural,31,163,36.43333333333333,-0.2539035975933075,1.0393360743064752
COHFACE_s22_session3_natural,31,164,36.46666666666667,-0.43856289982795715,0.870954367449023
COHFACE_s22_session3_natural,31,165,36.5,-0.5807364583015442,0.6503719164735215
COHFACE_s22_session3_natural,31,166,36.53333333333333,-0.6856604814529419,0.39268122025208435
COHFACE_s22_session3_natural,31,167,36.56666666666667,-0.7503073811531067,0.12093620053600124
COHFACE_s22_session3_natural,31,168,36.6,-0.794294536113739,-0.13970134325421948
COHFACE_s22_session3_natural,31,169,36.63333333333333,-0.825910747051239,-0.36987285962852445
COHFACE_s22_session3_natural,31,170,36.666666666666664,-0.8558890223503113,-0.5626525667708845
COHFACE_s22_session3_natural,31,171,36.7,-0.9044424295425415,-0.7246127763851559
COHFACE_s22_session3_natural,31,172,36.733333333333334,-0.9905059337615967,-0.8695729450303744
COHFACE_s22_session3_natural,31,173,36.766666666666666,-1.1167845726013184,-1.0078577610055777
COHFACE_s22_session3_natural,31,174,36.8,-1.179160714149475,-1.1372092073882383
COHFACE_s22_session3_natural,31,175,36.833333333333336,-0.7448973655700684,-1.2407740507927019
COHFACE_s22_session3_natural,31,176,36.86666666666667,0.48174333572387695,-1.292821029586961
COHFACE_s22_session3_natural,31,177,36.9,1.6222213506698608,-1.2680498257435544
COHFACE_s22_session3_natural,31,178,36.93333333333333,1.9974710941314697,-1.1494429513783193
COHFACE_s22_session3_natural,31,179,36.96666666666667,1.877098798751831,-0.9323093536296487
COHFACE_s22_session3_natural,31,180,37.0,1.6626100540161133,-0.6255195270743442
COHFACE_s22_session3_natural,31,181,37.03333333333333,1.4858299493789673,-0.2518208347126025
COHFACE_s22_session3_natural,31,182,37.06666666666667,1.3105512857437134,0.15310631618208181
COHFACE_s22_session3_natural,31,183,37.1,1.0321353673934937,0.5451570951573668
COHFACE_s22_session3_natural,31,184,37.13333333333333,0.7486072182655334,0.8807194563618755
COHFACE_s22_session3_natural,31,185,37.166666666666664,0.6226140260696411,1.1271615286000725
COHFACE_s22_session3_natural,31,186,37.2,0.6262000203132629,1.269606823214522
COHFACE_s22_session3_natural,31,187,37.233333333333334,0.5981450080871582,1.3101330236178075
COHFACE_s22_session3_natural,31,188,37.266666666666666,0.45335331559181213,1.2605384351730902
COHFACE_s22_session3_natural,31,189,37.3,0.23027808964252472,1.1343016933184005
COHFACE_s22_session3_natural,31,190,37.333333333333336,-0.011632828041911125,0.9433577485378671
COHFACE_s22_session3_natural,31,191,37.36666666666667,-0.22721347212791443,0.7010077782011249
COHFACE_s22_session3_natural,31,192,37.4,-0.3943151533603668,0.42700748287127965
COHFACE_s22_session3_natural,31,193,37.43333333333333,-0.5265620946884155,0.14893823628613606
COHFACE_s22_session3_natural,31,194,37.46666666666667,-0.6249097585678101,-0.10281115877944531
COHFACE_s22_session3_natural,31,195,37.5,-0.6994832158088684,-0.3038662894691326
COHFACE_s22_session3_natural,31,196,37.53333333333333,-0.7645768523216248,-0.44307444428239046
COHFACE_s22_session3_natural,31,197,37.56666666666667,-0.8233670592308044,-0.5239537241687697
COHFACE_s22_session3_natural,31,198,37.6,-0.889999270439148,-0.5603441105043984
COHFACE_s22_session3_natural,31,199,37.63333333333333,-0.9686053991317749,-0.569859941521027
COHFACE_s22_session3_natural,31,200,37.666666666666664,-1.0493954420089722,-0.5691446788173719
COHFACE_s22_session3_natural,31,201,37.7,-1.1260783672332764,-0.5721488978825272
COHFACE_s22_session3_natural,31,202,37.733333333333334,-1.194807529449463,-0.5892033685086274
COHFACE_s22_session3_natural,31,203,37.766666666666666,-1.265670895576477,-0.6241798058253578
COHFACE_s22_session3_natural,31,204,37.8,-1.345815658569336,-0.6705323694967082
COHFACE_s22_session3_natural,31,205,37.833333333333336,-1.435849905014038,-0.7101976725643112
COHFACE_s22_session3_natural,31,206,37.86666666666667,-1.3767743110656738,-0.7181138192024655
COHFACE_s22_session3_natural,31,207,37.9,-0.6060120463371277,-0.6710639188456227
COHFACE_s22_session3_natural,31,208,37.93333333333333,0.7932024002075195,-0.5565677553104423
COHFACE_s22_session3_natural,31,209,37.96666666666667,1.739727258682251,-0.37765178903538443
COHFACE_s22_session3_natural,31,210,38.0,1.900848150253296,-0.1520660605796677
COHFACE_s22_session3_natural,31,211,38.03333333333333,1.7016091346740723,0.09264471918717809
COHFACE_s22_session3_natural,31,212,38.06666666666667,1.4794397354125977,0.3259831557891176
COHFACE_s22_session3_natural,31,213,38.1,1.3042106628417969,0.5216509718715359
COHFACE_s22_session3_natural,31,214,38.13333333333333,1.1001696586608887,0.6638787621530182
COHFACE_s22_session3_natural,31,215,38.166666666666664,0.8036501407623291,0.7514631542968605
COHFACE_s22_session3_natural,31,216,38.2,0.5645931363105774,0.7974602720174064
COHFACE_s22_session3_natural,31,217,38.233333333333334,0.5172929167747498,0.8231398728333722
COHFACE_s22_session3_natural,31,218,38.266666666666666,0.5571109652519226,0.8474293142672265
COHFACE_s22_session3_natural,31,219,38.3,0.5100961327552795,0.8762626623496571
COHFACE_s22_session3_natural,31,220,38.333333333333336,0.34169161319732666,0.8976118670870685
COHFACE_s22_session3_natural,31,221,38.36666666666667,0.11619678884744644,0.8857803543671082
COHFACE_s22_session3_natural,31,222,38.4,-0.11047681421041489,0.8133431330933891
COHFACE_s22_session3_natural,31,223,38.43333333333333,-0.3105471730232239,0.6645905392873418
COHFACE_s22_session3_natural,31,224,38.46666666666667,-0.4670398235321045,0.44384632083588704
COHFACE_s22_session3_natural,31,225,38.5,-0.5894842743873596,0.1753313661360225
COHFACE_s22_session3_natural,31,226,38.53333333333333,-0.687261164188385,-0.10426957393908315
COHFACE_s22_session3_natural,31,227,38.56666666666667,-0.7615988850593567,-0.35655877227966576
COHFACE_s22_session3_natural,31,228,38.6,-0.8248560428619385,-0.5515623515763014
COHFACE_s22_session3_natural,31,229,38.63333333333333,-0.8893912434577942,-0.6746043789122912
COHFACE_s22_session3_natural,31,230,38.666666666666664,-0.9559614062309265,-0.7280705240286646
COHFACE_s22_session3_natural,31,231,38.7,-1.0330909490585327,-0.7273873352443596
COHFACE_s22_session3_natural,31,232,38.733333333333334,-1.1159160137176514,-0.6930042826520075
COHFACE_s22_session3_natural,31,233,38.766666666666666,-1.194447636604309,-0.6422963340238048
COHFACE_s22_session3_natural,31,234,38.8,-1.269989013671875,-0.5851117234552481
COHFACE_s22_session3_natural,31,235,38.833333333333336,-1.3345366716384888,-0.5242023765925948
COHFACE_s22_session3_natural,31,236,38.86666666666667,-1.3986375331878662,-0.45868853811643323
COHFACE_s22_session3_natural,31,237,38.9,-1.4782612323760986,-0.387399522643672
COHFACE_s22_session3_natural,31,238,38.93333333333333,-1.5626744031906128,-0.3103578680436937
COHFACE_s22_session3_natural,31,239,38.96666666666667,-1.400734543800354,-0.22884111336731047
COHFACE_s22_session3_natural,32,0,32.0,-0.7173510789871216,0.04287908944099606
COHFACE_s22_session3_natural,32,1,32.03333333333333,-0.7938106060028076,-0.2273195284904736
COHFACE_s22_session3_natural,32,2,32.06666666666667,-0.8480470180511475,-0.48215340042801097
COHFACE_s22_session3_natural,32,3,32.1,-0.8968113660812378,-0.7051254051948679
COHFACE_s22_session3_natural,32,4,32.13333333333333,-0.9380439519882202,-0.8796629540638856
COHFACE_s22_session3_natural,32,5,32.166666666666664,-0.9892775416374207,-0.9911918035524856
COHFACE_s22_session3_natural,32,6,32.2,-1.0707252025604248,-1.0298273744812207
COHFACE_s22_session3_natural,32,7,32.233333333333334,-1.1989022493362427,-0.9926902192446597
COHFACE_s22_session3_natural,32,8,32.266666666666666,-1.3034167289733887,-0.8846841256882201
COHFACE_s22_session3_natural,32,9,32.3,-1.0055819749832153,-0.7168986054286929
COHFACE_s22_session3_natural,32,10,32.333333333333336,0.17535924911499023,-0.5030562312107666
COHFACE_s22_session3_natural,32,11,32.36666666666667,1.4810776710510254,-0.2560285557866654
COHFACE_s22_session3_natural,32,12,32.4,2.0324747562408447,0.012875878346265291
COHFACE_s22_session3_natural,32,13,32.43333333333333,2.010996103286743,0.29065353946558403
COHFACE_s22_session3_natural,32,14,32.46666666666667,1.8305058479309082,0.5575665326643793
COHFACE_s22_session3_natural,32,15,32.5,1.64678955078125,0.7849396484368698
COHFACE_s22_session3_natural,32,16,32.53333333333333,1.4688928127288818,0.9393126341328172
COHFACE_s22_session3_natural,32,17,32.56666666666667,1.209039568901062,0.9923036077031648
COHFACE_s22_session3_natural,32,18,32.6,0.9135374426841736,0.9311150945641464
COHFACE_s22_session3_natural,32,19,32.63333333333333,0.7421549558639526,0.7634627891739545
COHFACE_s22_session3_natural,32,20,32.666666666666664,0.7165443301200867,0.514207358760292
COHFACE_s22_session3_natural,32,21,32.7,0.6986392736434937,0.2162372108517813
COHFACE_s22_session3_natural,32,22,32.733333333333334,0.5810588598251343,-0.09885653317345477
COHFACE_s22_session3_natural,32,23,32.766666666666666,0.3577975034713745,-0.4057276914275111
COHFACE_s22_session3_natural,32,24,32.8,0.09116938710212708,-0.6850519858168067
COHFACE_s22_session3_natural,32,25,32.833333333333336,-0.17486314475536346,-0.9206888503872651
COHFACE_s22_session3_natural,32,26,32.86666666666667,-0.403534471988678,-1.0971673748623532
COHFACE_s22_session3_natural,32,27,32.9,-0.5762322545051575,-1.1986507788769252
COHFACE_s22_session3_natural,32,28,32.93333333333333,-0.6997562050819397,-1.2089778383104797
COHFACE_s22_session3_natural,32,29,32.96666666666667,-0.7904852032661438,-1.1127212617063136
COHFACE_s22_session3_natural,32,30,33.0,-0.852849006652832,-0.8988780336444802
COHFACE_s22_session3_natural,32,31,33.03333333333333,-0.9029286503791809,-0.568500416972009
COHFACE_s22_session3_natural,32,32,33.06666666666667,-0.956197202205658,-0.14364730335832362
COHFACE_s22_session3_natural,32,33,33.1,-1.0107189416885376,0.32873638348793993
COHFACE_s22_session3_natural,32,34,33.13333333333333,-1.0766191482543945,0.7834736262264618
COHFACE_s22_session3_natural,32,35,33.166666666666664,-1.1616278886795044,1.1539478897639128
COHFACE_s22_session3_natural,32,36,33.2,-1.282496452331543,1.391617132936528
COHFACE_s22_session3_natural,32,37,33.233333333333334,-1.4039111137390137,1.4784611185076988
COHFACE_s22_session3_natural,32,38,33.266666666666666,-1.2336701154708862,1.4274042527353203
COHFACE_s22_session3_natural,32,39,33.3,-0.21626941859722137,1.2729593899382035
COHFACE_s22_session3_natural,32,40,33.333333333333336,1.170127272605896,1.0579016872730649
COHFACE_s22_session3_natural,32,41,33.36666666666667,1.905997633934021,0.8210626590905056
COHFACE_s22_session3_natural,32,42,33.4,1.9585837125778198,0.588908669267944
COHFACE_s22_session3_natural,32,43,33.43333333333333,1.781294822692871,0.37184066230504953
COHFACE_s22_session3_natural,32,44,33.46666666666667,1.5750576257705688,0.16584113267728104
COHFACE_s22_session3_natural,32,45,33.5,1.3782134056091309,-0.040449309671944565
COHFACE_s22_session3_natural,32,46,33.53333333333333,1.1098729372024536,-0.25533249736749963
COHFACE_s22_session3_natural,32,47,33.56666666666667,0.7990466952323914,-0.4749405188344047
COHFACE_s22_session3_natural,32,48,33.6,0.6247110366821289,-0.6804603558709976
COHFACE_s22_session3_natural,32,49,33.63333333333333,0.6053541898727417,-0.8439241688215586
COHFACE_s22_session3_natural,32,50,33.666666666666664,0.6045600175857544,-0.9397582844421899
COHFACE_s22_session3_natural,32,51,33.7,0.49971047043800354,-0.9555502852493541
COHFACE_s22_session3_natural,32,52,33.733333333333334,0.28044456243515015,-0.8960700769906967
COHFACE_s22_session3_natural,32,53,33.766666666666666,0.010466235689818859,-0.7791079424642476
COHFACE_s22_session3_natural,32,54,33.8,-0.2482082098722458,-0.6270871748226966
COHFACE_s22_session3_natural,32,55,33.833333333333336,-0.4671390652656555,-0.46051676823211735
COHFACE_s22_session3_natural,32,56,33.86666666666667,-0.6372435688972473,-0.2964197971950597
COHFACE_s22_session3_natural,32,57,33.9,-0.7595639228820801,-0.15011408916596017
COHFACE_s22_session3_natural,32,58,33.93333333333333,-0.8391255140304565,-0.036468339991878165
COHFACE_s22_session3_natural,32,59,33.96666666666667,-0.8946399688720703,0.03175722370934381
COHFACE_s22_session3_natural,32,60,34.0,-0.9328821301460266,0.04744044441819652
COHFACE_s22_session3_natural,32,61,34.03333333333333,-0.9658756256103516,0.011599471798891824
COHFACE_s22_session3_natural,32,62,34.06666666666667,-1.0149005651474,-0.06647113747599924
COHFACE_s22_session3_natural,32,63,34.1,-1.093208909034729,-0.17039237344459138
COHFACE_s22_session3_natural,32,64,34.13333333333333,-1.2054537534713745,-0.27805378815488563
COHFACE_s22_session3_natural,32,65,34.166666666666664,-1.3488061428070068,-0.3635101535091475
COHFACE_s22_session3_natural,32,66,34.2,-1.3694161176681519,-0.4007638693296319
COHFACE_s22_session3_natural,32,67,34.233333333333334,-0.7377254366874695,-0.36983559126969157
COHFACE_s22_session3_natural,32,68,34.266666666666666,0.5628063082695007,-0.26312570708154404
COHFACE_s22_session3_natural,32,69,34.3,1.5187366008758545,-0.08845886115649555
COHFACE_s22_session3_natural,32,70,34.333333333333336,1.6959261894226074,0.13366341511370508
COHFACE_s22_session3_natural,32,71,34.36666666666667,1.4823060035705566,0.3775837433057757
COHFACE_s22_session3_natural,32,72,34.4,1.2238425016403198,0.6202571304359437
COHFACE_s22_session3_natural,32,73,34.43333333333333,0.9956799745559692,0.8443639382110012
COHFACE_s22_session3_natural,32,74,34.46666666666667,0.7201055288314819,1.0356543513429126
COHFACE_s22_session3_natural,32,75,34.5,0.415396511554718,1.178144520034591
COHFACE_s22_session3_natural,32,76,34.53333333333333,0.2738434076309204,1.2524094381507345
COHFACE_s22_session3_natural,32,77,34.56666666666667,0.33346495032310486,1.2396095077509377
COHFACE_s22_session3_natural,32,78,34.6,0.4229903519153595,1.1290519218235788
COHFACE_s22_session3_natural,32,79,34.63333333333333,0.36874157190322876,0.9241609071916003
COHFACE_s22_session3_natural,32,80,34.666666666666664,0.16003507375717163,0.6432378771093755
COHFACE_s22_session3_natural,32,81,34.7,-0.1015428900718689,0.31515254513006874
COHFACE_s22_session3_natural,32,82,34.733333333333334,-0.3441486656665802,-0.02740516135000878
COHFACE_s22_session3_natural,32,83,34.766666666666666,-0.5481772422790527,-0.35430569924704225
COHFACE_s22_session3_natural,32,84,34.8,-0.6911448836326599,-0.6424141648162568
COHFACE_s22_session3_natural,32,85,34.833333333333336,-0.7883262038230896,-0.8775941615430153
COHFACE_s22_session3_natural,32,86,34.86666666666667,-0.8464587926864624,-1.0539655989777017
COHFACE_s22_session3_natural,32,87,34.9,-0.8669571876525879,-1.1702791766838392
COHFACE_s22_session3_natural,32,88,34.93333333333333,-0.8804324865341187,-1.2244944903866246
COHFACE_s22_session3_natural,32,89,34.96666666666667,-0.9141581058502197,-1.209367104348183
COHFACE_s22_session3_natural,32,90,35.0,-0.9920693635940552,-1.1125215228350676
COHFACE_s22_session3_natural,32,91,35.03333333333333,-1.1191669702529907,-0.9226574989779334
COHFACE_s22_session3_natural,32,92,35.06666666666667,-1.2103426456451416,-0.6394924965578136
COHFACE_s22_session3_natural,32,93,35.1,-0.8946523666381836,-0.28181367107990835
COHFACE_s22_session3_natural,32,94,35.13333333333333,0.18210932612419128,0.11156730739547843
COHFACE_s22_session3_natural,32,95,35.166666666666664,1.2786993980407715,0.48938773472444974
COHFACE_s22_session3_natural,32,96,35.2,1.654495120048523,0.8008372435478984
COHFACE_s22_session3_natural,32,97,35.233333333333334,1.517433762550354,1.0080970215392422
COHFACE_s22_session3_natural,32,98,35.266666666666666,1.2579900026321411,1.0938765542334006
COHFACE_s22_session3_natural,32,99,35.3,1.0149375200271606,1.0623036051083163
COHFACE_s22_session3_natural,32,100,35.333333333333336,0.7429118156433105,0.9340692038219136
COHFACE_s22_session3_natural,32,101,35.36666666666667,0.4362547695636749,0.7381125471384743
COHFACE_s22_session3_natural,32,102,35.4,0.26463648676872253,0.5027038315371187
COHFACE_s22_session3_natural,32,103,35.43333333333333,0.3056457042694092,0.24892053906192935
COHFACE_s22_session3_natural,32,104,35.46666666666667,0.4160541594028473,-0.010910022766813115
COHFACE_s22_session3_natural,32,105,35.5,0.4057180881500244,-0.26903298153895333
COHFACE_s22_session3_natural,32,106,35.53333333333333,0.24565188586711884,-0.5147850498211693
COHFACE_s22_session3_natural,32,107,35.56666666666667,0.0035548494197428226,-0.7288225435396858
COHFACE_s22_session3_natural,32,108,35.6,-0.24366679787635803,-0.8838182878660754
COHFACE_s22_session3_natural,32,109,35.63333333333333,-0.4465041756629944,-0.9529189788815048
COHFACE_s22_session3_natural,32,110,35.666666666666664,-0.6035676002502441,-0.9222217996040765
COHFACE_s22_session3_natural,32,111,35.7,-0.7074865698814392,-0.8001045201106808
COHFACE_s22_session3_natural,32,112,35.733333333333334,-0.7550349235534668,-0.6170567975493516
COHFACE_s22_session3_natural,32,113,35.766666666666666,-0.7783623933792114,-0.4148403825472996
COHFACE_s22_session3_natural,32,114,35.8,-0.8224364519119263,-0.23056031376149952
COHFACE_s22_session3_natural,32,115,35.833333333333336,-0.8968982100486755,-0.08449563879166698
COHFACE_s22_session3_natural,32,116,35.86666666666667,-0.9761744141578674,0.022523884835790063
COHFACE_s22_session3_natural,32,117,35.9,-0.8638675212860107,0.10271829551531746
COHFACE_s22_session3_natural,32,118,35.93333333333333,-0.0734134241938591,0.1710212261701689
COHFACE_s22_session3_natural,32,119,35.96666666666667,1.1173923015594482,0.2364622037653068
COHFACE_s22_session3_natural,32,120,36.0,1.7917797565460205,0.298280457617147
COHFACE_s22_session3_natural,32,121,36.03333333333333,1.8211873769760132,0.34685228099405985
COHFACE_s22_session3_natural,32,122,36.06666666666667,1.6274452209472656,0.368437040316977
COHFACE_s22_session3_natural,32,123,36.1,1.423366904258728,0.352424691427327
COHFACE_s22_session3_natural,32,124,36.13333333333333,1.2423555850982666,0.29862855635562047
COHFACE_s22_session3_natural,32,125,36.166666666666664,0.9866715669631958,0.22110525492854294
COHFACE_s22_session3_natural,32,126,36.2,0.6909337639808655,0.1456835391646962
COHFACE_s22_session3_natural,32,127,36.233333333333334,0.5480157136917114,0.10120621740764316
COHFACE_s22_session3_natural,32,128,36.266666666666666,0.5647172331809998,0.10818669450460972
COHFACE_s22_session3_natural,32,129,36.3,0.5836149454116821,0.17063402467598032
COHFACE_s22_session3_natural,32,130,36.333333333333336,0.46986865997314453,0.2753786341776849
COHFACE_s22_session3_natural,32,131,36.36666666666667,0.2373879998922348,0.3989805274401797
COHFACE_s22_session3_natural,32,132,36.4,-0.020653612911701202,0.5178032086474652
COHFACE_s22_session3_natural,32,133,36.43333333333333,-0.2539035975933075,0.6153512916491417
COHFACE_s22_session3_natural,32,134,36.46666666666667,-0.43856289982795715,0.6837505171588885
COHFACE_s22_session3_natural,32,135,36.5,-0.5807364583015442,0.7205835873516524
COHFACE_s22_session3_natural,32,136,36.53333333333333,-0.6856604814529419,0.7246257672735698
COHFACE_s22_session3_natural,32,137,36.56666666666667,-0.7503073811531067,0.6933386307681443
COHFACE_s22_session3_natural,32,138,36.6,-0.794294536113739,0.6225943672368637
COHFACE_s22_session3_natural,32,139,36.63333333333333,-0.825910747051239,0.5075340031491955
COHFACE_s22_session3_natural,32,140,36.666666666666664,-0.8558890223503113,0.344015968963532
COHFACE_s22_session3_natural,32,141,36.7,-0.9044424295425415,0.13102682065357657
COHFACE_s22_session3_natural,32,142,36.733333333333334,-0.9905059337615967,-0.1262278224319845
COHFACE_s22_session3_natural,32,143,36.766666666666666,-1.1167845726013184,-0.4142154067140161
COHFACE_s22_session3_natural,32,144,36.8,-1.179160714149475,-0.7118649756242444
COHFACE_s22_session3_natural,32,145,36.833333333333336,-0.7448973655700684,-0.9946295032995647
COHFACE_s22_session3_natural,32,146,36.86666666666667,0.48174333572387695,-1.2397552389586197
COHFACE_s22_session3_natural,32,147,36.9,1.6222213506698608,-1.4294575685155648
COHFACE_s22_session3_natural,32,148,36.93333333333333,1.9974710941314697,-1.5501202028542684
COHFACE_s22_session3_natural,32,149,36.96666666666667,1.877098798751831,-1.5887710272123816
COHFACE_s22_session3_natural,32,150,37.0,1.6626100540161133,-1.5306364347772647
COHFACE_s22_session3_natural,32,151,37.03333333333333,1.4858299493789673,-1.3613934083397867
COHFACE_s22_session3_natural,32,152,37.06666666666667,1.3105512857437134,-1.074472304767858
COHFACE_s22_session3_natural,32,153,37.1,1.0321353673934937,-0.6798256080899724
COHFACE_s22_session3_natural,32,154,37.13333333333333,0.7486072182655334,-0.2089389341760225
COHFACE_s22_session3_natural,32,155,37.166666666666664,0.6226140260696411,0.2873852206347417
COHFACE_s22_session3_natural,32,156,37.2,0.6262000203132629,0.7479829100456864
COHFACE_s22_session3_natural,32,157,37.233333333333334,0.5981450080871582,1.113419897680235
COHFACE_s22_session3_natural,32,158,37.266666666666666,0.45335331559181213,1.337456411053869
COHFACE_s22_session3_natural,32,159,37.3,0.23027808964252472,1.3957213165914268
COHFACE_s22_session3_natural,32,160,37.333333333333336,-0.011632828041911125,1.2905824193326016
COHFACE_s22_session3_natural,32,161,37.36666666666667,-0.22721347212791443,1.0513382685992738
COHFACE_s22_session3_natural,32,162,37.4,-0.3943151533603668,0.7287753513129578
COHFACE_s22_session3_natural,32,163,37.43333333333333,-0.5265620946884155,0.3840787471344714
COHFACE_s22_session3_natural,32,164,37.46666666666667,-0.6249097585678101,0.07443209314224195
COHFACE_s22_session3_natural,32,165,37.5,-0.6994832158088684,-0.16006740718580456
COHFACE_s22_session3_natural,32,166,37.53333333333333,-0.7645768523216248,-0.303258589497187
COHFACE_s22_session3_natural,32,167,37.56666666666667,-0.8233670592308044,-0.3610895108289999
COHFACE_s22_session3_natural,32,168,37.6,-0.889999270439148,-0.3529406355734672
COHFACE_s22_session3_natural,32,169,37.63333333333333,-0.9686053991317749,-0.3012490834827509
COHFACE_s22_session3_natural,32,170,37.666666666666664,-1.0493954420089722,-0.22460826923778776
COHFACE_s22_session3_natural,32,171,37.7,-1.1260783672332764,-0.13627830006364178
COHFACE_s22_session3_natural,32,172,37.733333333333334,-1.194807529449463,-0.04586620939662754
COHFACE_s22_session3_natural,32,173,37.766666666666666,-1.265670895576477,0.03953077977676514
COHFACE_s22_session3_natural,32,174,37.8,-1.345815658569336,0.11581557871012008
COHFACE_s22_session3_natural,32,175,37.833333333333336,-1.435849905014038,0.18202499936004335
COHFACE_s22_session3_natural,32,176,37.86666666666667,-1.3767743110656738,0.2383324141854034
COHFACE_s22_session3_natural,32,177,37.9,-0.6060120463371277,0.28279371010553
COHFACE_s22_session3_natural,32,178,37.93333333333333,0.7932024002075195,0.30964735020244627
COHFACE_s22_session3_natural,32,179,37.96666666666667,1.739727258682251,0.3111000992689365
COHFACE_s22_session3_natural,32,180,38.0,1.900848150253296,0.28133676152440323
COHFACE_s22_session3_natural,32,181,38.03333333333333,1.7016091346740723,0.2195757868534621
COHFACE_s22_session3_natural,32,182,38.06666666666667,1.4794397354125977,0.13069590456684657
COHFACE_s22_session3_natural,32,183,38.1,1.3042106628417969,0.024565100675327294
COHFACE_s22_session3_natural,32,184,38.13333333333333,1.1001696586608887,-0.08465028583090463
COHFACE_s22_session3_natural,32,185,38.166666666666664,0.8036501407623291,-0.17958330039103695
COHFACE_s22_session3_natural,32,186,38.2,0.5645931363105774,-0.2425580344662922
COHFACE_s22_session3_natural,32,187,38.233333333333334,0.5172929167747498,-0.26065487765466033
COHFACE_s22_session3_natural,32,188,38.266666666666666,0.5571109652519226,-0.2308668694042761
COHFACE_s22_session3_natural,32,189,38.3,0.5100961327552795,-0.1617668141521398
COHFACE_s22_session3_natural,32,190,38.333333333333336,0.34169161319732666,-0.06957928247489514
COHFACE_s22_session3_natural,32,191,38.36666666666667,0.11619678884744644,0.029573532461725692
COHFACE_s22_session3_natural,32,192,38.4,-0.11047681421041489,0.12595907345074583
COHFACE_s22_session3_natural,32,193,38.43333333333333,-0.3105471730232239,0.21621993229805217
COHFACE_s22_session3_natural,32,194,38.46666666666667,-0.4670398235321045,0.2974461109991023
COHFACE_s22_session3_natural,32,195,38.5,-0.5894842743873596,0.3609921227951246
COHFACE_s22_session3_natural,32,196,38.53333333333333,-0.687261164188385,0.39194454170193416
COHFACE_s22_session3_natural,32,197,38.56666666666667,-0.7615988850593567,0.375287769133779
COHFACE_s22_session3_natural,32,198,38.6,-0.8248560428619385,0.30381788754344996
COHFACE_s22_session3_natural,32,199,38.63333333333333,-0.8893912434577942,0.18120005506428166
COHFACE_s22_session3_natural,32,200,38.666666666666664,-0.9559614062309265,0.018254381152953098
COHFACE_s22_session3_natural,32,201,38.7,-1.0330909490585327,-0.17351908415599046
COHFACE_s22_session3_natural,32,202,38.733333333333334,-1.1159160137176514,-0.38581267388900586
COHFACE_s22_session3_natural,32,203,38.766666666666666,-1.194447636604309,-0.6125048728351155
COHFACE_s22_session3_natural,32,204,38.8,-1.269989013671875,-0.8454717075189465
COHFACE_s22_session3_natural,32,205,38.833333333333336,-1.3345366716384888,-1.0706382403953703
COHFACE_s22_session3_natural,32,206,38.86666666666667,-1.3986375331878662,-1.2663403108543223
COHFACE_s22_session3_natural,32,207,38.9,-1.4782612323760986,-1.403992181355545
COHFACE_s22_session3_natural,32,208,38.93333333333333,-1.5626744031906128,-1.4507154496553665
COHFACE_s22_session3_natural,32,209,38.96666666666667,-1.400734543800354,-1.3744759724203353
COHFACE_s22_session3_natural,32,210,39.0,-0.406152606010437,-1.1524579926437153
COHFACE_s22_session3_natural,32,211,39.03333333333333,0.9979506731033325,-0.7816531314364079
COHFACE_s22_session3_natural,32,212,39.06666666666667,1.739466667175293,-0.287569582557729
COHFACE_s22_session3_natural,32,213,39.1,1.7402980327606201,0.2746259318628373
COHFACE_s22_session3_natural,32,214,39.13333333333333,1.4718458652496338,0.8299507067317389
COHFACE_s22_session3_natural,32,215,39.166666666666664,1.1938270330429077,1.302306010627656
COHFACE_s22_session3_natural,32,216,39.2,0.9733575582504272,1.6343188337227288
COHFACE_s22_session3_natural,32,217,39.233333333333334,0.7405170798301697,1.7994688547010167
COHFACE_s22_session3_natural,32,218,39.266666666666666,0.47437286376953125,1.8025760845782806
COHFACE_s22_session3_natural,32,219,39.3,0.3326460123062134,1.671384011487374
COHFACE_s22_session3_natural,32,220,39.333333333333336,0.36390236020088196,1.4451174620221057
COHFACE_s22_session3_natural,32,221,39.36666666666667,0.42472752928733826,1.1647365211593053
COHFACE_s22_session3_natural,32,222,39.4,0.36395198106765747,0.8664514616376929
COHFACE_s22_session3_natural,32,223,39.43333333333333,0.17759272456169128,0.577771002259468
COHFACE_s22_session3_natural,32,224,39.46666666666667,-0.06402038782835007,0.31538900333478853
COHFACE_s22_session3_natural,32,225,39.5,-0.29615360498428345,0.08533755090469895
COHFACE_s22_session3_natural,32,226,39.53333333333333,-0.481507807970047,-0.11397457634326727
COHFACE_s22_session3_natural,32,227,39.56666666666667,-0.620542049407959,-0.28655435371381016
COHFACE_s22_session3_natural,32,228,39.6,-0.724200427532196,-0.4340363645206726
COHFACE_s22_session3_natural,32,229,39.63333333333333,-0.8045933842658997,-0.5542607824369857
COHFACE_s22_session3_natural,32,230,39.666666666666664,-0.8627135753631592,-0.6439335268952554
COHFACE_s22_session3_natural,32,231,39.7,-0.9054102897644043,-0.7028544310286122
COHFACE_s22_session3_natural,32,232,39.733333333333334,-0.9559862613677979,-0.7356475236886281
COHFACE_s22_session3_natural,32,233,39.766666666666666,-1.0207695960998535,-0.7487749711989818
COHFACE_s22_session3_natural,32,234,39.8,-1.0858756303787231,-0.7449899920345447
COHFACE_s22_session3_natural,32,235,39.833333333333336,-1.1516392230987549,-0.7201881004283592
COHFACE_s22_session3_natural,32,236,39.86666666666667,-1.2289425134658813,-0.6658199511963183
COHFACE_s22_session3_natural,32,237,39.9,-1.3313353061676025,-0.5755635417725395
COHFACE_s22_session3_natural,32,238,39.93333333333333,-1.4536184072494507,-0.45174210380593155
COHFACE_s22_session3_natural,32,239,39.96666666666667,-1.5206725597381592,-0.30719739004888585
COHFACE_s22_session3_natural,33,0,33.0,-0.852849006652832,0.04317812272520321
COHFACE_s22_session3_natural,33,1,33.03333333333333,-0.9029286503791809,0.24737353519428903
COHFACE_s22_session3_natural,33,2,33.06666666666667,-0.956197202205658,0.3942127415455125
COHFACE_s22_session3_natural,33,3,33.1,-1.0107189416885376,0.4426364525468433
COHFACE_s22_session3_natural,33,4,33.13333333333333,-1.0766191482543945,0.37801945901530026
COHFACE_s22_session3_natural,33,5,33.166666666666664,-1.1616278886795044,0.21651793161141952
COHFACE_s22_session3_natural,33,6,33.2,-1.282496452331543,-0.000593082270630093
COHFACE_s22_session3_natural,33,7,33.233333333333334,-1.4039111137390137,-0.2217618427008965
COHFACE_s22_session3_natural,33,8,33.266666666666666,-1.2336701154708862,-0.402650907365159
COHFACE_s22_session3_natural,33,9,33.3,-0.21626941859722137,-0.5171712320977255
COHFACE_s22_session3_natural,33,10,33.333333333333336,1.170127272605896,-0.5571077038607138
COHFACE_s22_session3_natural,33,11,33.36666666666667,1.905997633934021,-0.5234406653263887
COHFACE_s22_session3_natural,33,12,33.4,1.9585837125778198,-0.41834739311352287
COHFACE_s22_session3_natural,33,13,33.43333333333333,1.781294822692871,-0.24571308940266734
COHFACE_s22_session3_natural,33,14,33.46666666666667,1.5750576257705688,-0.019859292272966386
COHFACE_s22_session3_natural,33,15,33.5,1.3782134056091309,0.22604573855811003
COHFACE_s22_session3_natural,33,16,33.53333333333333,1.1098729372024536,0.44160496079250994
COHFACE_s22_session3_natural,33,17,33.56666666666667,0.7990466952323914,0.5737264167558527
COHFACE_s22_session3_natural,33,18,33.6,0.6247110366821289,0.5870377794230811
COHFACE_s22_session3_natural,33,19,33.63333333333333,0.6053541898727417,0.47819016450439383
COHFACE_s22_session3_natural,33,20,33.666666666666664,0.6045600175857544,0.27649266078029433
COHFACE_s22_session3_natural,33,21,33.7,0.49971047043800354,0.03249082284896223
COHFACE_s22_session3_natural,33,22,33.733333333333334,0.28044456243515015,-0.19775276024044044
COHFACE_s22_session3_natural,33,23,33.766666666666666,0.010466235689818859,-0.3655966192825831
COHFACE_s22_session3_natural,33,24,33.8,-0.2482082098722458,-0.43854509392067453
COHFACE_s22_session3_natural,33,25,33.833333333333336,-0.4671390652656555,-0.40700778254530356
COHFACE_s22_session3_natural,33,26,33.86666666666667,-0.6372435688972473,-0.28872872930261656
COHFACE_s22_session3_natural,33,27,33.9,-0.7595639228820801,-0.12639141798286735
COHFACE_s22_session3_natural,33,28,33.93333333333333,-0.8391255140304565,0.025139735716043485
COHFACE_s22_session3_natural,33,29,33.96666666666667,-0.8946399688720703,0.11911867070930332
COHFACE_s22_session3_natural,33,30,34.0,-0.9328821301460266,0.13502781373156933
COHFACE_s22_session3_natural,33,31,34.03333333333333,-0.9658756256103516,0.08409833829598955
COHFACE_s22_session3_natural,33,32,34.06666666666667,-1.0149005651474,-0.0002571518341932281
COHFACE_s22_session3_natural,33,33,34.1,-1.093208909034729,-0.07992386508917648
COHFACE_s22_session3_natural,33,34,34.13333333333333,-1.2054537534713745,-0.12698971818160557
COHFACE_s22_session3_natural,33,35,34.166666666666664,-1.3488061428070068,-0.12978299820774422
COHFACE_s22_session3_natural,33,36,34.2,-1.3694161176681519,-0.09102376480222214
COHFACE_s22_session3_natural,33,37,34.233333333333334,-0.7377254366874695,-0.02299130339931282
COHFACE_s22_session3_natural,33,38,34.266666666666666,0.5628063082695007,0.05761953815419149
COHFACE_s22_session3_natural,33,39,34.3,1.5187366008758545,0.1359586148852575
COHFACE_s22_session3_natural,33,40,34.333333333333336,1.6959261894226074,0.20643186987357462
COHFACE_s22_session3_natural,33,41,34.36666666666667,1.4823060035705566,0.2774634231227069
COHFACE_s22_session3_natural,33,42,34.4,1.2238425016403198,0.36780316453240663
COHFACE_s22_session3_natural,33,43,34.43333333333333,0.9956799745559692,0.4923774193058346
COHFACE_s22_session3_natural,33,44,34.46666666666667,0.7201055288314819,0.6444008805670398
COHFACE_s22_session3_natural,33,45,34.5,0.415396511554718,0.7863551785167526
COHFACE_s22_session3_natural,33,46,34.53333333333333,0.2738434076309204,0.8587787273345415
COHFACE_s22_session3_natural,33,47,34.56666666666667,0.33346495032310486,0.8045981648612512
COHFACE_s22_session3_natural,33,48,34.6,0.4229903519153595,0.595806523420585
COHFACE_s22_session3_natural,33,49,34.63333333333333,0.36874157190322876,0.24720560035907704
COHFACE_s22_session3_natural,33,50,34.666666666666664,0.16003507375717163,-0.1889326460080094
COHFACE_s22_session3_natural,33,51,34.7,-0.1015428900718689,-0.6414148363867112
COHFACE_s22_session3_natural,33,52,34.733333333333334,-0.3441486656665802,-1.0408255083237545
COHFACE_s22_session3_natural,33,53,34.766666666666666,-0.5481772422790527,-1.334252406333175
COHFACE_s22_session3_natural,33,54,34.8,-0.6911448836326599,-1.4923291931665517
COHFACE_s22_session3_natural,33,55,34.833333333333336,-0.7883262038230896,-1.5109339119631562
COHFACE_s22_session3_natural,33,56,34.86666666666667,-0.8464587926864624,-1.4088823880583978
COHFACE_s22_session3_natural,33,57,34.9,-0.8669571876525879,-1.2203403918292914
COHFACE_s22_session3_natural,33,58,34.93333333333333,-0.8804324865341187,-0.9813092599145419
COHFACE_s22_session3_natural,33,59,34.96666666666667,-0.9141581058502197,-0.7144498684859838
COHFACE_s22_session3_natural,33,60,35.0,-0.9920693635940552,-0.4218280050010471
COHFACE_s22_session3_natural,33,61,35.03333333333333,-1.1191669702529907,-0.09319669656951499
COHFACE_s22_session3_natural,33,62,35.06666666666667,-1.2103426456451416,0.2740518639241117
COHFACE_s22_session3_natural,33,63,35.1,-0.8946523666381836,0.6577117068443192
COHFACE_s22_session3_natural,33,64,35.13333333333333,0.18210932612419128,1.0097060270927494
COHFACE_s22_session3_natural,33,65,35.166666666666664,1.2786993980407715,1.2731360917184698
COHFACE_s22_session3_natural,33,66,35.2,1.654495120048523,1.4068900069698402
COHFACE_s22_session3_natural,33,67,35.233333333333334,1.517433762550354,1.4027046417914661
COHFACE_s22_session3_natural,33,68,35.266666666666666,1.2579900026321411,1.2860903854503625
COHFACE_s22_session3_natural,33,69,35.3,1.0149375200271606,1.103362251780332
COHFACE_s22_session3_natural,33,70,35.333333333333336,0.7429118156433105,0.903417346743592
COHFACE_s22_session3_natural,33,71,35.36666666666667,0.4362547695636749,0.7225479887016075
COHFACE_s22_session3_natural,33,72,35.4,0.26463648676872253,0.5762431504615575
COHFACE_s22_session3_natural,33,73,35.43333333333333,0.3056457042694092,0.4581142602099887
COHFACE_s22_session3_natural,33,74,35.46666666666667,0.4160541594028473,0.34530571315340297
COHFACE_s22_session3_natural,33,75,35.5,0.4057180881500244,0.20984095344308062
COHFACE_s22_session3_natural,33,76,35.53333333333333,0.24565188586711884,0.03338949396010189
COHFACE_s22_session3_natural,33,77,35.56666666666667,0.0035548494197428226,-0.18049795721913992
COHFACE_s22_session3_natural,33,78,35.6,-0.24366679787635803,-0.4043376349670662
COHFACE_s22_session3_natural,33,79,35.63333333333333,-0.4465041756629944,-0.5987439407055615
COHFACE_s22_session3_natural,33,80,35.666666666666664,-0.6035676002502441,-0.7333592075961173
COHFACE_s22_session3_natural,33,81,35.7,-0.7074865698814392,-0.8039189964764369
COHFACE_s22_session3_natural,33,82,35.733333333333334,-0.7550349235534668,-0.8336196415642362
COHFACE_s22_session3_natural,33,83,35.766666666666666,-0.7783623933792114,-0.8567347543063389
COHFACE_s22_session3_natural,33,84,35.8,-0.8224364519119263,-0.8949386317103526
COHFACE_s22_session3_natural,33,85,35.833333333333336,-0.8968982100486755,-0.9421154099823754
COHFACE_s22_session3_natural,33,86,35.86666666666667,-0.9761744141578674,-0.9665726719528248
COHFACE_s22_session3_natural,33,87,35.9,-0.8638675212860107,-0.9273855861116529
COHFACE_s22_session3_natural,33,88,35.93333333333333,-0.0734134241938591,-0.7941621678249868
COHFACE_s22_session3_natural,33,89,35.96666666666667,1.1173923015594482,-0.5604465124401906
COHFACE_s22_session3_natural,33,90,36.0,1.7917797565460205,-0.24745005290314798
COHFACE_s22_session3_natural,33,91,36.03333333333333,1.8211873769760132,0.09985562504730552
COHFACE_s22_session3_natural,33,92,36.06666666666667,1.6274452209472656,0.42219460673420983
COHFACE_s22_session3_natural,33,93,36.1,1.423366904258728,0.6606251799941897
COHFACE_s22_session3_natural,33,94,36.13333333333333,1.2423555850982666,0.7745474708071071
COHFACE_s22_session3_natural,33,95,36.166666666666664,0.9866715669631958,0.757043233304331
COHFACE_s22_session3_natural,33,96,36.2,0.6909337639808655,0.6387440778835833
COHFACE_s22_session3_natural,33,97,36.233333333333334,0.5480157136917114,0.47491309414376626
COHFACE_s22_session3_natural,33,98,36.266666666666666,0.5647172331809998,0.32043140228449124
COHFACE_s22_session3_natural,33,99,36.3,0.5836149454116821,0.20624785035004164
COHFACE_s22_session3_natural,33,100,36.333333333333336,0.46986865997314453,0.13069335041371932
COHFACE_s22_session3_natural,33,101,36.36666666666667,0.2373879998922348,0.06972616263774746
COHFACE_s22_session3_natural,33,102,36.4,-0.020653612911701202,-0.001999614450524459
COHFACE_s22_session3_natural,33,103,36.43333333333333,-0.2539035975933075,-0.09319739685877934
COHFACE_s22_session3_natural,33,104,36.46666666666667,-0.43856289982795715,-0.19023228748091064
COHFACE_s22_session3_natural,33,105,36.5,-0.5807364583015442,-0.2632877779602199
COHFACE_s22_session3_natural,33,106,36.53333333333333,-0.6856604814529419,-0.27855855635444765
COHFACE_s22_session3_natural,33,107,36.56666666666667,-0.7503073811531067,-0.21085490361483664
COHFACE_s22_session3_natural,33,108,36.6,-0.794294536113739,-0.05392598026763973
COHFACE_s22_session3_natural,33,109,36.63333333333333,-0.825910747051239,0.1729177949310592
COHFACE_s22_session3_natural,33,110,36.666666666666664,-0.8558890223503113,0.42503154275624416
COHFACE_s22_session3_natural,33,111,36.7,-0.9044424295425415,0.64296276623838
COHFACE_s22_session3_natural,33,112,36.733333333333334,-0.9905059337615967,0.7718865948624134
COHFACE_s22_session3_natural,33,113,36.766666666666666,-1.1167845726013184,0.7818327051459567
COHFACE_s22_session3_natural,33,114,36.8,-1.179160714149475,0.6779644601525284
COHFACE_s22_session3_natural,33,115,36.833333333333336,-0.7448973655700684,0.4948408045599038
COHFACE_s22_session3_natural,33,116,36.86666666666667,0.48174333572387695,0.27854086925564775
COHFACE_s22_session3_natural,33,117,36.9,1.6222213506698608,0.06809045483988789
COHFACE_s22_session3_natural,33,118,36.93333333333333,1.9974710941314697,-0.11349916832139241
COHFACE_s22_session3_natural,33,119,36.96666666666667,1.877098798751831,-0.2564475404708405
COHFACE_s22_session3_natural,33,120,37.0,1.6626100540161133,-0.3561523737387393
COHFACE_s22_session3_natural,33,121,37.03333333333333,1.4858299493789673,-0.40860771938133317
COHFACE_s22_session3_natural,33,122,37.06666666666667,1.3105512857437134,-0.41225324832529775
COHFACE_s22_session3_natural,33,123,37.1,1.0321353673934937,-0.37199601568975593
COHFACE_s22_session3_natural,33,124,37.13333333333333,0.7486072182655334,-0.29975816685111634
COHFACE_s22_session3_natural,33,125,37.166666666666664,0.6226140260696411,-0.2104573148384028
COHFACE_s22_session3_natural,33,126,37.2,0.6262000203132629,-0.11787698763214251
COHFACE_s22_session3_natural,33,127,37.233333333333334,0.5981450080871582,-0.03558303824859716
COHFACE_s22_session3_natural,33,128,37.266666666666666,0.45335331559181213,0.01779276921683676
COHFACE_s22_session3_natural,33,129,37.3,0.23027808964252472,0.016075876402243845
COHFACE_s22_session3_natural,33,130,37.333333333333336,-0.011632828041911125,-0.06685331575650826
COHFACE_s22_session3_natural,33,131,37.36666666666667,-0.22721347212791443,-0.2397470097057819
COHFACE_s22_session3_natural,33,132,37.4,-0.3943151533603668,-0.47756688136031483
COHFACE_s22_session3_natural,33,133,37.43333333333333,-0.5265620946884155,-0.7197758393393278
COHFACE_s22_session3_natural,33,134,37.46666666666667,-0.6249097585678101,-0.8884542729409326
COHFACE_s22_session3_natural,33,135,37.5,-0.6994832158088684,-0.9180296521846288
COHFACE_s22_session3_natural,33,136,37.53333333333333,-0.7645768523216248,-0.7812171086311088
COHFACE_s22_session3_natural,33,137,37.56666666666667,-0.8233670592308044,-0.4986886693194551
COHFACE_s22_session3_natural,33,138,37.6,-0.889999270439148,-0.13007139757644756
COHFACE_s22_session3_natural,33,139,37.63333333333333,-0.9686053991317749,0.2463784081082636
COHFACE_s22_session3_natural,33,140,37.666666666666664,-1.0493954420089722,0.5550475069528059
COHFACE_s22_session3_natural,33,141,37.7,-1.1260783672332764,0.7386601415399928
COHFACE_s22_session3_natural,33,142,37.733333333333334,-1.194807529449463,0.7679939285206497
COHFACE_s22_session3_natural,33,143,37.766666666666666,-1.265670895576477,0.6474281235900097
COHFACE_s22_session3_natural,33,144,37.8,-1.345815658569336,0.4147253992127097
COHFACE_s22_session3_natural,33,145,37.833333333333336,-1.435849905014038,0.1312505039146884
COHFACE_s22_session3_natural,33,146,37.86666666666667,-1.3767743110656738,-0.1364487360242711
COHFACE_s22_session3_natural,33,147,37.9,-0.6060120463371277,-0.33575353494348315
COHFACE_s22_session3_natural,33,148,37.93333333333333,0.7932024002075195,-0.43822929303696695
COHFACE_s22_session3_natural,33,149,37.96666666666667,1.739727258682251,-0.4374302935649524
COHFACE_s22_session3_natural,33,150,38.0,1.900848150253296,-0.3399907325256857
COHFACE_s22_session3_natural,33,151,38.03333333333333,1.7016091346740723,-0.15967587791693327
COHFACE_s22_session3_natural,33,152,38.06666666666667,1.4794397354125977,0.08182004002791926
COHFACE_s22_session3_natural,33,153,38.1,1.3042106628417969,0.3521538693426817
COHFACE_s22_session3_natural,33,154,38.13333333333333,1.1001696586608887,0.6107159895736342
COHFACE_s22_session3_natural,33,155,38.166666666666664,0.8036501407623291,0.8180338971046353
COHFACE_s22_session3_natural,33,156,38.2,0.5645931363105774,0.9469491522630955
COHFACE_s22_session3_natural,33,157,38.233333333333334,0.5172929167747498,0.9879024916993979
COHFACE_s22_session3_natural,33,158,38.266666666666666,0.5571109652519226,0.9457284238460832
COHFACE_s22_session3_natural,33,159,38.3,0.5100961327552795,0.8325765290119724
COHFACE_s22_session3_natural,33,160,38.333333333333336,0.34169161319732666,0.6638954055840678
COHFACE_s22_session3_natural,33,161,38.36666666666667,0.11619678884744644,0.4601087679080679
COHFACE_s22_session3_natural,33,162,38.4,-0.11047681421041489,0.24948210050643096
COHFACE_s22_session3_natural,33,163,38.43333333333333,-0.3105471730232239,0.06504469487777852
COHFACE_s22_session3_natural,33,164,38.46666666666667,-0.4670398235321045,-0.06604410042726885
COHFACE_s22_session3_natural,33,165,38.5,-0.5894842743873596,-0.13434097810698611
COHFACE_s22_session3_natural,33,166,38.53333333333333,-0.687261164188385,-0.1523799231840117
COHFACE_s22_session3_natural,33,167,38.56666666666667,-0.7615988850593567,-0.14763929791057925
COHFACE_s22_session3_natural,33,168,38.6,-0.8248560428619385,-0.1491462043624269
COHFACE_s22_session3_natural,33,169,38.63333333333333,-0.8893912434577942,-0.17706487642700286
COHFACE_s22_session3_natural,33,170,38.666666666666664,-0.9559614062309265,-0.2405547263372817
COHFACE_s22_session3_natural,33,171,38.7,-1.0330909490585327,-0.34182754206063276
COHFACE_s22_session3_natural,33,172,38.733333333333334,-1.1159160137176514,-0.48089178510792396
COHFACE_s22_session3_natural,33,173,38.766666666666666,-1.194447636604309,-0.6570680867042379
COHFACE_s22_session3_natural,33,174,38.8,-1.269989013671875,-0.8670067029056883
COHFACE_s22_session3_natural,33,175,38.833333333333336,-1.3345366716384888,-1.1011497928164196
COHFACE_s22_session3_natural,33,176,38.86666666666667,-1.3986375331878662,-1.3400279935879922
COHFACE_s22_session3_natural,33,177,38.9,-1.4782612323760986,-1.5509422913644766
COHFACE_s22_session3_natural,33,178,38.93333333333333,-1.5626744031906128,-1.6868695623286007
COHFACE_s22_session3_natural,33,179,38.96666666666667,-1.400734543800354,-1.6913766875997056
COHFACE_s22_session3_natural,33,180,39.0,-0.406152606010437,-1.512751258201974
COHFACE_s22_session3_natural,33,181,39.03333333333333,0.9979506731033325,-1.1255687716977703
COHFACE_s22_session3_natural,33,182,39.06666666666667,1.739466667175293,-0.5504613023115522
COHFACE_s22_session3_natural,33,183,39.1,1.7402980327606201,0.14032045042447686
COHFACE_s22_session3_natural,33,184,39.13333333333333,1.4718458652496338,0.8381165990347832
COHFACE_s22_session3_natural,33,185,39.166666666666664,1.1938270330429077,1.4290601226768511
COHFACE_s22_session3_natural,33,186,39.2,0.9733575582504272,1.8273496872126358
COHFACE_s22_session3_natural,33,187,39.233333333333334,0.7405170798301697,1.9959274893118621
COHFACE_s22_session3_natural,33,188,39.266666666666666,0.47437286376953125,1.948170977121146
COHFACE_s22_session3_natural,33,189,39.3,0.3326460123062134,1.7344895462800018
COHFACE_s22_session3_natural,33,190,39.333333333333336,0.36390236020088196,1.4225637011352186
COHFACE_s22_session3_natural,33,191,39.36666666666667,0.42472752928733826,1.0786859901717236
COHFACE_s22_session3_natural,33,192,39.4,0.36395198106765747,0.7538288752198812
COHFACE_s22_session3_natural,33,193,39.43333333333333,0.17759272456169128,0.4754173061580091
COHFACE_s22_session3_natural,33,194,39.46666666666667,-0.06402038782835007,0.24576568878204078
COHFACE_s22_session3_natural,33,195,39.5,-0.29615360498428345,0.04853513511779779
COHFACE_s22_session3_natural,33,196,39.53333333333333,-0.481507807970047,-0.1374551426720931
COHFACE_s22_session3_natural,33,197,39.56666666666667,-0.620542049407959,-0.32228706276324093
COHFACE_s22_session3_natural,33,198,39.6,-0.724200427532196,-0.4960342089888992
COHFACE_s22_session3_natural,33,199,39.63333333333333,-0.8045933842658997,-0.6338364871708645
COHFACE_s22_session3_natural,33,200,39.666666666666664,-0.8627135753631592,-0.7122845951286337
COHFACE_s22_session3_natural,33,201,39.7,-0.9054102897644043,-0.7253962091515779
COHFACE_s22_session3_natural,33,202,39.733333333333334,-0.9559862613677979,-0.6884858000100134
COHFACE_s22_session3_natural,33,203,39.766666666666666,-1.0207695960998535,-0.627146817873125
COHFACE_s22_session3_natural,33,204,39.8,-1.0858756303787231,-0.5596917078680085
COHFACE_s22_session3_natural,33,205,39.833333333333336,-1.1516392230987549,-0.4861391302862032
COHFACE_s22_session3_natural,33,206,39.86666666666667,-1.2289425134658813,-0.3912178848651622
COHFACE_s22_session3_natural,33,207,39.9,-1.3313353061676025,-0.25827229080833697
COHFACE_s22_session3_natural,33,208,39.93333333333333,-1.4536184072494507,-0.08394687591130474
COHFACE_s22_session3_natural,33,209,39.96666666666667,-1.5206725597381592,0.11557160846708579
COHFACE_s22_session3_natural,33,210,40.0,-1.116772174835205,0.3087608919395943
COHFACE_s22_session3_natural,33,211,40.03333333333333,0.12532925605773926,0.4588341420970585
COHFACE_s22_session3_natural,33,212,40.06666666666667,1.2618862390518188,0.534469484884783
COHFACE_s22_session3_natural,33,213,40.1,1.5751320123672485,0.5189313254594904
COHFACE_s22_session3_natural,33,214,40.13333333333333,1.3647381067276,0.41680184809947807
COHFACE_s22_session3_natural,33,215,40.166666666666664,1.0374833345413208,0.2560913712860212
COHFACE_s22_session3_natural,33,216,40.2,0.7429738640785217,0.08156538718839788
COHFACE_s22_session3_natural,33,217,40.233333333333334,0.4703029692173004,-0.06228391866927953
COHFACE_s22_session3_natural,33,218,40.266666666666666,0.18794119358062744,-0.15195336510048574
COHFACE_s22_session3_natural,33,219,40.3,0.033210527151823044,-0.19636670073995796
COHFACE_s22_session3_natural,33,220,40.333333333333336,0.08974243700504303,-0.22940157617386212
COHFACE_s22_session3_natural,33,221,40.36666666666667,0.2289504110813141,-0.28569397220570447
COHFACE_s22_session3_natural,33,222,40.4,0.2574893534183502,-0.37429234043676557
COHFACE_s22_session3_natural,33,223,40.43333333333333,0.11709018796682358,-0.4676784492230286
COHFACE_s22_session3_natural,33,224,40.46666666666667,-0.10965786874294281,-0.51344804326882
COHFACE_s22_session3_natural,33,225,40.5,-0.3423122465610504,-0.46115450256679164
COHFACE_s22_session3_natural,33,226,40.53333333333333,-0.5427176356315613,-0.288852269783655
COHFACE_s22_session3_natural,33,227,40.56666666666667,-0.6956366896629333,-0.016391147002985475
COHFACE_s22_session3_natural,33,228,40.6,-0.8041218519210815,0.2981825393469466
COHFACE_s22_session3_natural,33,229,40.63333333333333,-0.8788690567016602,0.5745759431533786
COHFACE_s22_session3_natural,33,230,40.666666666666664,-0.9201016426086426,0.732251347783442
COHFACE_s22_session3_natural,33,231,40.7,-0.9412949085235596,0.7140212951190354
COHFACE_s22_session3_natural,33,232,40.733333333333334,-0.9609371423721313,0.5070543768655479
COHFACE_s22_session3_natural,33,233,40.766666666666666,-0.9974173307418823,0.154957141775795
COHFACE_s22_session3_natural,33,234,40.8,-1.0626474618911743,-0.24691719613867666
COHFACE_s22_session3_natural,33,235,40.833333333333336,-1.1695691347122192,-0.5769037799475304
COHFACE_s22_session3_natural,33,236,40.86666666666667,-1.2647403478622437,-0.7270166795724574
COHFACE_s22_session3_natural,33,237,40.9,-1.0673749446868896,-0.6419542563148551
COHFACE_s22_session3_natural,33,238,40.93333333333333,-0.0667998343706131,-0.3406428748730994
COHFACE_s22_session3_natural,33,239,40.96666666666667,1.1570490598678589,0.08838299301841739
COHFACE_s22_session3_natural,34,0,34.0,-0.9328821301460266,-0.05415217068654138
COHFACE_s22_session3_natural,34,1,34.03333333333333,-0.9658756256103516,-0.2634419598356557
COHFACE_s22_session3_natural,34,2,34.06666666666667,-1.0149005651474,-0.49149161425087934
COHFACE_s22_session3_natural,34,3,34.1,-1.093208909034729,-0.7444292839195713
COHFACE_s22_session3_natural,34,4,34.13333333333333,-1.2054537534713745,-1.0043316378014544
COHFACE_s22_session3_natural,34,5,34.166666666666664,-1.3488061428070068,-1.2321781585856133
COHFACE_s22_session3_natural,34,6,34.2,-1.3694161176681519,-1.380976008833816
COHFACE_s22_session3_natural,34,7,34.233333333333334,-0.7377254366874695,-1.4133246344805535
COHFACE_s22_session3_natural,34,8,34.266666666666666,0.5628063082695007,-1.3151719357934144
COHFACE_s22_session3_natural,34,9,34.3,1.5187366008758545,-1.0989718172407452
COHFACE_s22_session3_natural,34,10,34.333333333333336,1.6959261894226074,-0.795014804145336
COHFACE_s22_session3_natural,34,11,34.36666666666667,1.4823060035705566,-0.4365776021120432
COHFACE_s22_session3_natural,34,12,34.4,1.2238425016403198,-0.04854034687790398
COHFACE_s22_session3_natural,34,13,34.43333333333333,0.9956799745559692,0.35319944077853804
COHFACE_s22_session3_natural,34,14,34.46666666666667,0.7201055288314819,0.7523280158456104
COHFACE_s22_session3_natural,34,15,34.5,0.415396511554718,1.121230752315129
COHFACE_s22_session3_natural,34,16,34.53333333333333,0.2738434076309204,1.4181343049452269
COHFACE_s22_session3_natural,34,17,34.56666666666667,0.33346495032310486,1.5958113224806716
COHFACE_s22_session3_natural,34,18,34.6,0.4229903519153595,1.6169654560110718
COHFACE_s22_session3_natural,34,19,34.63333333333333,0.36874157190322876,1.4671164696288987
COHFACE_s22_session3_natural,34,20,34.666666666666664,0.16003507375717163,1.158853278380417
COHFACE_s22_session3_natural,34,21,34.7,-0.1015428900718689,0.7275805103546018
COHFACE_s22_session3_natural,34,22,34.733333333333334,-0.3441486656665802,0.22259133370756257
COHFACE_s22_session3_natural,34,23,34.766666666666666,-0.5481772422790527,-0.3026896001831826
COHFACE_s22_session3_natural,34,24,34.8,-0.6911448836326599,-0.7991487081279995
COHFACE_s22_session3_natural,34,25,34.833333333333336,-0.7883262038230896,-1.2280064223551537
COHFACE_s22_session3_natural,34,26,34.86666666666667,-0.8464587926864624,-1.5629342340409145
COHFACE_s22_session3_natural,34,27,34.9,-0.8669571876525879,-1.787026645265459
COHFACE_s22_session3_natural,34,28,34.93333333333333,-0.8804324865341187,-1.8860239992377108
COHFACE_s22_session3_natural,34,29,34.96666666666667,-0.9141581058502197,-1.8426581142646667
COHFACE_s22_session3_natural,34,30,35.0,-0.9920693635940552,-1.6381216566506418
COHFACE_s22_session3_natural,34,31,35.03333333333333,-1.1191669702529907,-1.2630709634502941
COHFACE_s22_session3_natural,34,32,35.06666666666667,-1.2103426456451416,-0.733261466020049
COHFACE_s22_session3_natural,34,33,35.1,-0.8946523666381836,-0.09954365751969962
COHFACE_s22_session3_natural,34,34,35.13333333333333,0.18210932612419128,0.5564412970021859
COHFACE_s22_session3_natural,34,35,35.166666666666664,1.2786993980407715,1.1416762059617573
COHFACE_s22_session3_natural,34,36,35.2,1.654495120048523,1.578023042286337
COHFACE_s22_session3_natural,34,37,35.233333333333334,1.517433762550354,1.822922162860389
COHFACE_s22_session3_natural,34,38,35.266666666666666,1.2579900026321411,1.8758745817768638
COHFACE_s22_session3_natural,34,39,35.3,1.0149375200271606,1.7700237510581804
COHFACE_s22_session3_natural,34,40,35.333333333333336,0.7429118156433105,1.5546754376934633
COHFACE_s22_session3_natural,34,41,35.36666666666667,0.4362547695636749,1.2769625239299185
COHFACE_s22_session3_natural,34,42,35.4,0.26463648676872253,0.9693181673089615
COHFACE_s22_session3_natural,34,43,35.43333333333333,0.3056457042694092,0.645986745216374
COHFACE_s22_session3_natural,34,44,35.46666666666667,0.4160541594028473,0.3084573647021675
COHFACE_s22_session3_natural,34,45,35.5,0.4057180881500244,-0.04318238531928475
COHFACE_s22_session3_natural,34,46,35.53333333333333,0.24565188586711884,-0.3983832398570593
COHFACE_s22_session3_natural,34,47,35.56666666666667,0.0035548494197428226,-0.7300257870162811
COHFACE_s22_session3_natural,34,48,35.6,-0.24366679787635803,-0.9984047260768942
COHFACE_s22_session3_natural,34,49,35.63333333333333,-0.4465041756629944,-1.1647365571099706
COHFACE_s22_session3_natural,34,50,35.666666666666664,-0.6035676002502441,-1.2076203570498136
COHFACE_s22_session3_natural,34,51,35.7,-0.7074865698814392,-1.133048487166033
COHFACE_s22_session3_natural,34,52,35.733333333333334,-0.7550349235534668,-0.971790803699867
COHFACE_s22_session3_natural,34,53,35.766666666666666,-0.7783623933792114,-0.7654071273571424
COHFACE_s22_session3_natural,34,54,35.8,-0.8224364519119263,-0.5490275862576316
COHFACE_s22_session3_natural,34,55,35.833333333333336,-0.8968982100486755,-0.34065673636035326
COHFACE_s22_session3_natural,34,56,35.86666666666667,-0.9761744141578674,-0.1417959639536851
COHFACE_s22_session3_natural,34,57,35.9,-0.8638675212860107,0.05310066966278409
COHFACE_s22_session3_natural,34,58,35.93333333333333,-0.0734134241938591,0.24507725583876847
COHFACE_s22_session3_natural,34,59,35.96666666666667,1.1173923015594482,0.4233793660117509
COHFACE_s22_session3_natural,34,60,36.0,1.7917797565460205,0.5652691915982861
COHFACE_s22_session3_natural,34,61,36.03333333333333,1.8211873769760132,0.642261699060088
COHFACE_s22_session3_natural,34,62,36.06666666666667,1.6274452209472656,0.6304261443345313
COHFACE_s22_session3_natural,34,63,36.1,1.423366904258728,0.5215278136509349
COHFACE_s22_session3_natural,34,64,36.13333333333333,1.2423555850982666,0.33049665468238837
COHFACE_s22_session3_natural,34,65,36.166666666666664,0.9866715669631958,0.09455121226702194
COHFACE_s22_session3_natural,34,66,36.2,0.6909337639808655,-0.137828675803884
COHFACE_s22_session3_natural,34,67,36.233333333333334,0.5480157136917114,-0.32449911750965454
COHFACE_s22_session3_natural,34,68,36.266666666666666,0.5647172331809998,-0.44517529384513904
COHFACE_s22_session3_natural,34,69,36.3,0.5836149454116821,-0.5056708478974087
COHFACE_s22_session3_natural,34,70,36.333333333333336,0.46986865997314453,-0.5275207660908684
COHFACE_s22_session3_natural,34,71,36.36666666666667,0.2373879998922348,-0.5288183745354733
COHFACE_s22_session3_natural,34,72,36.4,-0.020653612911701202,-0.50860541051622
COHFACE_s22_session3_natural,34,73,36.43333333333333,-0.2539035975933075,-0.44571816269212655
COHFACE_s22_session3_natural,34,74,36.46666666666667,-0.43856289982795715,-0.3133078726758761
COHFACE_s22_session3_natural,34,75,36.5,-0.5807364583015442,-0.09956482110018472
COHFACE_s22_session3_natural,34,76,36.53333333333333,-0.6856604814529419,0.17850719489008232
COHFACE_s22_session3_natural,34,77,36.56666666666667,-0.7503073811531067,0.47640190013217754
COHFACE_s22_session3_natural,34,78,36.6,-0.794294536113739,0.7369434483679708
COHFACE_s22_session3_natural,34,79,36.63333333333333,-0.825910747051239,0.9097502779091793
COHFACE_s22_session3_natural,34,80,36.666666666666664,-0.8558890223503113,0.9661418172488049
COHFACE_s22_session3_natural,34,81,36.7,-0.9044424295425415,0.9048793800529702
COHFACE_s22_session3_natural,34,82,36.733333333333334,-0.9905059337615967,0.7488694574745522
COHFACE_s22_session3_natural,34,83,36.766666666666666,-1.1167845726013184,0.5356266447067655
COHFACE_s22_session3_natural,34,84,36.8,-1.179160714149475,0.3050311396090201
COHFACE_s22_session3_natural,34,85,36.833333333333336,-0.7448973655700684,0.08804860423972136
COHFACE_s22_session3_natural,34,86,36.86666666666667,0.48174333572387695,-0.09967491334288062
COHFACE_s22_session3_natural,34,87,36.9,1.6222213506698608,-0.25636329606642
COHFACE_s22_session3_natural,34,88,36.93333333333333,1.9974710941314697,-0.3851460909755812
COHFACE_s22_session3_natural,34,89,36.96666666666667,1.877098798751831,-0.48256905550085943
COHFACE_s22_session3_natural,34,90,37.0,1.6626100540161133,-0.5326037351724203
COHFACE_s22_session3_natural,34,91,37.03333333333333,1.4858299493789673,-0.5120148562465534
COHFACE_s22_session3_natural,34,92,37.06666666666667,1.3105512857437134,-0.40526623474972934
COHFACE_s22_session3_natural,34,93,37.1,1.0321353673934937,-0.21966836685761673
COHFACE_s22_session3_natural,34,94,37.13333333333333,0.7486072182655334,0.009593350576230352
COHFACE_s22_session3_natural,34,95,37.166666666666664,0.6226140260696411,0.22866980724851813
COHFACE_s22_session3_natural,34,96,37.2,0.6262000203132629,0.38329614399056144
COHFACE_s22_session3_natural,34,97,37.233333333333334,0.5981450080871582,0.43569108144337176
COHFACE_s22_session3_natural,34,98,37.266666666666666,0.45335331559181213,0.3726850261175028
COHFACE_s22_session3_natural,34,99,37.3,0.23027808964252472,0.2045923137470537
COHFACE_s22_session3_natural,34,100,37.333333333333336,-0.011632828041911125,-0.04111234551637453
COHFACE_s22_session3_natural,34,101,37.36666666666667,-0.22721347212791443,-0.32696991504156847
COHFACE_s22_session3_natural,34,102,37.4,-0.3943151533603668,-0.6115596717756507
COHFACE_s22_session3_natural,34,103,37.43333333333333,-0.5265620946884155,-0.8545656833149659
COHFACE_s22_session3_natural,34,104,37.46666666666667,-0.6249097585678101,-1.021377441776861
COHFACE_s22_session3_natural,34,105,37.5,-0.6994832158088684,-1.0868790438746447
COHFACE_s22_session3_natural,34,106,37.53333333333333,-0.7645768523216248,-1.0377581573890864
COHFACE_s22_session3_natural,34,107,37.56666666666667,-0.8233670592308044,-0.8733222690972791
COHFACE_s22_session3_natural,34,108,37.6,-0.889999270439148,-0.6057622938695202
COHFACE_s22_session3_natural,34,109,37.63333333333333,-0.9686053991317749,-0.2607488883515583
COHFACE_s22_session3_natural,34,110,37.666666666666664,-1.0493954420089722,0.1223692583701467
COHFACE_s22_session3_natural,34,111,37.7,-1.1260783672332764,0.49339747624545094
COHFACE_s22_session3_natural,34,112,37.733333333333334,-1.194807529449463,0.7998744190449693
COHFACE_s22_session3_natural,34,113,37.766666666666666,-1.265670895576477,1.0008684425929582
COHFACE_s22_session3_natural,34,114,37.8,-1.345815658569336,1.080174961099873
COHFACE_s22_session3_natural,34,115,37.833333333333336,-1.435849905014038,1.0509591506941927
COHFACE_s22_session3_natural,34,116,37.86666666666667,-1.3767743110656738,0.9482589681745157
COHFACE_s22_session3_natural,34,117,37.9,-0.6060120463371277,0.8130858117573232
COHFACE_s22_session3_natural,34,118,37.93333333333333,0.7932024002075195,0.6763332917829263
COHFACE_s22_session3_natural,34,119,37.96666666666667,1.739727258682251,0.5498329343221111
COHFACE_s22_session3_natural,34,120,38.0,1.900848150253296,0.42696813561948743
COHFACE_s22_session3_natural,34,121,38.03333333333333,1.7016091346740723,0.2904099876845608
COHFACE_s22_session3_natural,34,122,38.06666666666667,1.4794397354125977,0.12293707608830562
COHFACE_s22_session3_natural,34,123,38.1,1.3042106628417969,-0.0821549395328815
COHFACE_s22_session3_natural,34,124,38.13333333333333,1.1001696586608887,-0.31414216112824545
COHFACE_s22_session3_natural,34,125,38.166666666666664,0.8036501407623291,-0.544272425950567
COHFACE_s22_session3_natural,34,126,38.2,0.5645931363105774,-0.7329346252522023
COHFACE_s22_session3_natural,34,127,38.233333333333334,0.5172929167747498,-0.8429370870148069
COHFACE_s22_session3_natural,34,128,38.266666666666666,0.5571109652519226,-0.8533262186911467
COHFACE_s22_session3_natural,34,129,38.3,0.5100961327552795,-0.7665539968909185
COHFACE_s22_session3_natural,34,130,38.333333333333336,0.34169161319732666,-0.6047528615370563
COHFACE_s22_session3_natural,34,131,38.36666666666667,0.11619678884744644,-0.397161600924161
COHFACE_s22_session3_natural,34,132,38.4,-0.11047681421041489,-0.16654340667162468
COHFACE_s22_session3_natural,34,133,38.43333333333333,-0.3105471730232239,0.07671416217417484
COHFACE_s22_session3_natural,34,134,38.46666666666667,-0.4670398235321045,0.32963471752405693
COHFACE_s22_session3_natural,34,135,38.5,-0.5894842743873596,0.5852359245497049
COHFACE_s22_session3_natural,34,136,38.53333333333333,-0.687261164188385,0.8231072712092653
COHFACE_s22_session3_natural,34,137,38.56666666666667,-0.7615988850593567,1.008681535314048
COHFACE_s22_session3_natural,34,138,38.6,-0.8248560428619385,1.101966497207036
COHFACE_s22_session3_natural,34,139,38.63333333333333,-0.8893912434577942,1.070826886583042
COHFACE_s22_session3_natural,34,140,38.666666666666664,-0.9559614062309265,0.9021888903466153
COHFACE_s22_session3_natural,34,141,38.7,-1.0330909490585327,0.6065402897805662
COHFACE_s22_session3_natural,34,142,38.733333333333334,-1.1159160137176514,0.21458834371132132
COHFACE_s22_session3_natural,34,143,38.766666666666666,-1.194447636604309,-0.2317105149208201
COHFACE_s22_session3_natural,34,144,38.8,-1.269989013671875,-0.6893508034157532
COHFACE_s22_session3_natural,34,145,38.833333333333336,-1.3345366716384888,-1.1210456929094226
COHFACE_s22_session3_natural,34,146,38.86666666666667,-1.3986375331878662,-1.4957838160364694
COHFACE_s22_session3_natural,34,147,38.9,-1.4782612323760986,-1.7839423136050345
COHFACE_s22_session3_natural,34,148,38.93333333333333,-1.5626744031906128,-1.9514773620004333
COHFACE_s22_session3_natural,34,149,38.96666666666667,-1.400734543800354,-1.9593285507093978
COHFACE_s22_session3_natural,34,150,39.0,-0.406152606010437,-1.772005914293448
COHFACE_s22_session3_natural,34,151,39.03333333333333,0.9979506731033325,-1.373902422474279
COHFACE_s22_session3_natural,34,152,39.06666666666667,1.739466667175293,-0.7858843712949687
COHFACE_s22_session3_natural,34,153,39.1,1.7402980327606201,-0.07222462445414304
COHFACE_s22_session3_natural,34,154,39.13333333333333,1.4718458652496338,0.6685357458145795
COHFACE_s22_session3_natural,34,155,39.166666666666664,1.1938270330429077,1.3272432814573119
COHFACE_s22_session3_natural,34,156,39.2,0.9733575582504272,1.8128324118472599
COHFACE_s22_session3_natural,34,157,39.233333333333334,0.7405170798301697,2.0739644616736594
COHFACE_s22_session3_natural,34,158,39.266666666666666,0.47437286376953125,2.10610587085458
COHFACE_s22_session3_natural,34,159,39.3,0.3326460123062134,1.944187079849123
COHFACE_s22_session3_natural,34,160,39.333333333333336,0.36390236020088196,1.6462187232484133
COHFACE_s22_session3_natural,34,161,39.36666666666667,0.42472752928733826,1.2746198957056354
COHFACE_s22_session3_natural,34,162,39.4,0.36395198106765747,0.8808254607347947
COHFACE_s22_session3_natural,34,163,39.43333333333333,0.17759272456169128,0.4967402707194741
COHFACE_s22_session3_natural,34,164,39.46666666666667,-0.06402038782835007,0.1347465661837145
COHFACE_s22_session3_natural,34,165,39.5,-0.29615360498428345,-0.20434070851487476
COHFACE_s22_session3_natural,34,166,39.53333333333333,-0.481507807970047,-0.5191500482686219
COHFACE_s22_session3_natural,34,167,39.56666666666667,-0.620542049407959,-0.7978400957361801
COHFACE_s22_session3_natural,34,168,39.6,-0.724200427532196,-1.0166113630529552
COHFACE_s22_session3_natural,34,169,39.63333333333333,-0.8045933842658997,-1.148557035244424
COHFACE_s22_session3_natural,34,170,39.666666666666664,-0.8627135753631592,-1.177786058020492
COHFACE_s22_session3_natural,34,171,39.7,-0.9054102897644043,-1.109336360187695
COHFACE_s22_session3_natural,34,172,39.733333333333334,-0.9559862613677979,-0.9677171229652589
COHFACE_s22_session3_natural,34,173,39.766666666666666,-1.0207695960998535,-0.784489077008298
COHFACE_s22_session3_natural,34,174,39.8,-1.0858756303787231,-0.5829254996163713
COHFACE_s22_session3_natural,34,175,39.833333333333336,-1.1516392230987549,-0.36995801051995986
COHFACE_s22_session3_natural,34,176,39.86666666666667,-1.2289425134658813,-0.14034965549722547
COHFACE_s22_session3_natural,34,177,39.9,-1.3313353061676025,0.11037677485512826
COHFACE_s22_session3_natural,34,178,39.93333333333333,-1.4536184072494507,0.37311395504077455
COHFACE_s22_session3_natural,34,179,39.96666666666667,-1.5206725597381592,0.6205506050479044
COHFACE_s22_session3_natural,34,180,40.0,-1.116772174835205,0.8130482046119702
COHFACE_s22_session3_natural,34,181,40.03333333333333,0.12532925605773926,0.9113184487038121
COHFACE_s22_session3_natural,34,182,40.06666666666667,1.2618862390518188,0.8901135355000744
COHFACE_s22_session3_natural,34,183,40.1,1.5751320123672485,0.748058689345002
COHFACE_s22_session3_natural,34,184,40.13333333333333,1.3647381067276,0.5102090381321962
COHFACE_s22_session3_natural,34,185,40.166666666666664,1.0374833345413208,0.22170353890453204
COHFACE_s22_session3_natural,34,186,40.2,0.7429738640785217,-0.06626933676924422
COHFACE_s22_session3_natural,34,187,40.233333333333334,0.4703029692173004,-0.313361233535639
COHFACE_s22_session3_natural,34,188,40.266666666666666,0.18794119358062744,-0.5021902725260067
COHFACE_s22_session3_natural,34,189,40.3,0.033210527151823044,-0.6387860158247796
COHFACE_s22_session3_natural,34,190,40.333333333333336,0.08974243700504303,-0.739889175394714
COHFACE_s22_session3_natural,34,191,40.36666666666667,0.2289504110813141,-0.8136407656318343
COHFACE_s22_session3_natural,34,192,40.4,0.2574893534183502,-0.8459594444290762
COHFACE_s22_session3_natural,34,193,40.43333333333333,0.11709018796682358,-0.8030879754807776
COHFACE_s22_session3_natural,34,194,40.46666666666667,-0.10965786874294281,-0.6506003415681645
COHFACE_s22_session3_natural,34,195,40.5,-0.3423122465610504,-0.3779150579526644
COHFACE_s22_session3_natural,34,196,40.53333333333333,-0.5427176356315613,-0.013495276271634694
COHFACE_s22_session3_natural,34,197,40.56666666666667,-0.6956366896629333,0.3784754148451906
COHFACE_s22_session3_natural,34,198,40.6,-0.8041218519210815,0.7181142431932964
COHFACE_s22_session3_natural,34,199,40.63333333333333,-0.8788690567016602,0.9360223037154939
COHFACE_s22_session3_natural,34,200,40.666666666666664,-0.9201016426086426,0.9941351144348036
COHFACE_s22_session3_natural,34,201,40.7,-0.9412949085235596,0.8945463517432153
COHFACE_s22_session3_natural,34,202,40.733333333333334,-0.9609371423721313,0.6752731906658183
COHFACE_s22_session3_natural,34,203,40.766666666666666,-0.9974173307418823,0.39604922569218726
COHFACE_s22_session3_natural,34,204,40.8,-1.0626474618911743,0.11948267557642973
COHFACE_s22_session3_natural,34,205,40.833333333333336,-1.1695691347122192,-0.10628438814968873
COHFACE_s22_session3_natural,34,206,40.86666666666667,-1.2647403478622437,-0.2577116484421924
COHFACE_s22_session3_natural,34,207,40.9,-1.0673749446868896,-0.33535773452478135
COHFACE_s22_session3_natural,34,208,40.93333333333333,-0.0667998343706131,-0.3536328737822943
COHFACE_s22_session3_natural,34,209,40.96666666666667,1.1570490598678589,-0.32667213670063927
COHFACE_s22_session3_natural,34,210,41.0,1.6817808151245117,-0.25904460691654596
COHFACE_s22_session3_natural,34,211,41.03333333333333,1.573258399963379,-0.14755428772192655
COHFACE_s22_session3_natural,34,212,41.06666666666667,1.2674450874328613,0.0073694518087627555
COHFACE_s22_session3_natural,34,213,41.1,0.9780106544494629,0.18952563378869752
COHFACE_s22_session3_natural,34,214,41.13333333333333,0.7366580963134766,0.3638070002788293
COHFACE_s22_session3_natural,34,215,41.166666666666664,0.4683796763420105,0.485810142520882
COHFACE_s22_session3_natural,34,216,41.2,0.24822039902210236,0.5191091157384521
COHFACE_s22_session3_natural,34,217,41.233333333333334,0.2234535664319992,0.4500558200574508
COHFACE_s22_session3_natural,34,218,41.266666666666666,0.34449589252471924,0.2924024850151528
COHFACE_s22_session3_natural,34,219,41.3,0.4105572998523712,0.08079346576438712
COHFACE_s22_session3_natural,34,220,41.333333333333336,0.3088718354701996,-0.14228379454240334
COHFACE_s22_session3_natural,34,221,41.36666666666667,0.09665382653474808,-0.3397505078344817
COHFACE_s22_session3_natural,34,222,41.4,-0.1320299208164215,-0.48872426505014005
COHFACE_s22_session3_natural,34,223,41.43333333333333,-0.33471840620040894,-0.5830734482853174
COHFACE_s22_session3_natural,34,224,41.46666666666667,-0.49819687008857727,-0.6300499629132267
COHFACE_s22_session3_natural,34,225,41.5,-0.6181472539901733,-0.6424258072318111
COHFACE_s22_session3_natural,34,226,41.53333333333333,-0.6983168721199036,-0.6285939242991078
COHFACE_s22_session3_natural,34,227,41.56666666666667,-0.7397355437278748,-0.5846725971644917
COHFACE_s22_session3_natural,34,228,41.6,-0.7667855024337769,-0.4938158335730921
COHFACE_s22_session3_natural,34,229,41.63333333333333,-0.7978929281234741,-0.33561501989588177
COHFACE_s22_session3_natural,34,230,41.666666666666664,-0.8667462468147278,-0.10191906156792864
COHFACE_s22_session3_natural,34,231,41.7,-0.9594977498054504,0.19028496263752748
COHFACE_s22_session3_natural,34,232,41.733333333333334,-0.9184513092041016,0.49767046886336697
COHFACE_s22_session3_natural,34,233,41.766666666666666,-0.26679572463035583,0.7629535242266506
COHFACE_s22_session3_natural,34,234,41.8,0.9289484620094299,0.9342539310640475
COHFACE_s22_session3_natural,34,235,41.833333333333336,1.7327165603637695,0.980911197231962
COHFACE_s22_session3_natural,34,236,41.86666666666667,1.8450980186462402,0.8989060128876308
COHFACE_s22_session3_natural,34,237,41.9,1.6149624586105347,0.7063016867238301
COHFACE_s22_session3_natural,34,238,41.93333333333333,1.342713475227356,0.4340591070490266
COHFACE_s22_session3_natural,34,239,41.96666666666667,1.1430028676986694,0.11808024621259577
COHFACE_s22_session3_natural,35,0,35.0,-0.9920693635940552,0.15897446539327792
COHFACE_s22_session3_natural,35,1,35.03333333333333,-1.1191669702529907,0.294363669644514
COHFACE_s22_session3_natural,35,2,35.06666666666667,-1.2103426456451416,0.42914345213317484
COHFACE_s22_session3_natural,35,3,35.1,-0.8946523666381836,0.5600027083829004
COHFACE_s22_session3_natural,35,4,35.13333333333333,0.18210932612419128,0.675587167777648
COHFACE_s22_session3_natural,35,5,35.166666666666664,1.2786993980407715,0.760837878631091
COHFACE_s22_session3_natural,35,6,35.2,1.654495120048523,0.8044631685394881
COHFACE_s22_session3_natural,35,7,35.233333333333334,1.517433762550354,0.8039374142840245
COHFACE_s22_session3_natural,35,8,35.266666666666666,1.2579900026321411,0.7650275989479329
COHFACE_s22_session3_natural,35,9,35.3,1.0149375200271606,0.6975683679759384
COHFACE_s22_session3_natural,35,10,35.333333333333336,0.7429118156433105,0.6114663693268121
COHFACE_s22_session3_natural,35,11,35.36666666666667,0.4362547695636749,0.5152849895872519
COHFACE_s22_session3_natural,35,12,35.4,0.26463648676872253,0.41616456971388116
COHFACE_s22_session3_natural,35,13,35.43333333333333,0.3056457042694092,0.31840058109790415
COHFACE_s22_session3_natural,35,14,35.46666666666667,0.4160541594028473,0.2207323221376391
COHFACE_s22_session3_natural,35,15,35.5,0.4057180881500244,0.11572068472156165
COHFACE_s22_session3_natural,35,16,35.53333333333333,0.24565188586711884,-0.005862517895468836
COHFACE_s22_session3_natural,35,17,35.56666666666667,0.0035548494197428226,-0.14701442723846694
COHFACE_s22_session3_natural,35,18,35.6,-0.24366679787635803,-0.29883724152315533
COHFACE_s22_session3_natural,35,19,35.63333333333333,-0.4465041756629944,-0.4431808297722592
COHFACE_s22_session3_natural,35,20,35.666666666666664,-0.6035676002502441,-0.5633059619860071
COHFACE_s22_session3_natural,35,21,35.7,-0.7074865698814392,-0.6551798713592377
COHFACE_s22_session3_natural,35,22,35.733333333333334,-0.7550349235534668,-0.730536622272815
COHFACE_s22_session3_natural,35,23,35.766666666666666,-0.7783623933792114,-0.8083654106042935
COHFACE_s22_session3_natural,35,24,35.8,-0.8224364519119263,-0.9001992040661368
COHFACE_s22_session3_natural,35,25,35.833333333333336,-0.8968982100486755,-0.999303212066809
COHFACE_s22_session3_natural,35,26,35.86666666666667,-0.9761744141578674,-1.0804329749203303
COHFACE_s22_session3_natural,35,27,35.9,-0.8638675212860107,-1.1092249383628487
COHFACE_s22_session3_natural,35,28,35.93333333333333,-0.0734134241938591,-1.0551114059299878
COHFACE_s22_session3_natural,35,29,35.96666666666667,1.1173923015594482,-0.9017076745205315
COHFACE_s22_session3_natural,35,30,36.0,1.7917797565460205,-0.6523910271006907
COHFACE_s22_session3_natural,35,31,36.03333333333333,1.8211873769760132,-0.3316999831127794
COHFACE_s22_session3_natural,35,32,36.06666666666667,1.6274452209472656,0.017555375921283423
COHFACE_s22_session3_natural,35,33,36.1,1.423366904258728,0.3429633199884455
COHFACE_s22_session3_natural,35,34,36.13333333333333,1.2423555850982666,0.5966689679120635
COHFACE_s22_session3_natural,35,35,36.166666666666664,0.9866715669631958,0.7505035306435016
COHFACE_s22_session3_natural,35,36,36.2,0.6909337639808655,0.8045848445210083
COHFACE_s22_session3_natural,35,37,36.233333333333334,0.5480157136917114,0.7839168052776516
COHFACE_s22_session3_natural,35,38,36.266666666666666,0.5647172331809998,0.7247119935238682
COHFACE_s22_session3_natural,35,39,36.3,0.5836149454116821,0.6587645678681009
COHFACE_s22_session3_natural,35,40,36.333333333333336,0.46986865997314453,0.6044853050797538
COHFACE_s22_session3_natural,35,41,36.36666666666667,0.2373879998922348,0.5675048093352479
COHFACE_s22_session3_natural,35,42,36.4,-0.020653612911701202,0.5467525059000212
COHFACE_s22_session3_natural,35,43,36.43333333333333,-0.2539035975933075,0.5393569743644292
COHFACE_s22_session3_natural,35,44,36.46666666666667,-0.43856289982795715,0.5415570488939556
COHFACE_s22_session3_natural,35,45,36.5,-0.5807364583015442,0.5480017421188259
COHFACE_s22_session3_natural,35,46,36.53333333333333,-0.6856604814529419,0.5526671491110728
COHFACE_s22_session3_natural,35,47,36.56666666666667,-0.7503073811531067,0.5514119991155287
COHFACE_s22_session3_natural,35,48,36.6,-0.794294536113739,0.5429320773977228
COHFACE_s22_session3_natural,35,49,36.63333333333333,-0.825910747051239,0.5254932777188003
COHFACE_s22_session3_natural,35,50,36.666666666666664,-0.8558890223503113,0.49163997789651437
COHFACE_s22_session3_natural,35,51,36.7,-0.9044424295425415,0.42673680984007323
COHFACE_s22_session3_natural,35,52,36.733333333333334,-0.9905059337615967,0.3149259350869129
COHFACE_s22_session3_natural,35,53,36.766666666666666,-1.1167845726013184,0.14972445916058066
COHFACE_s22_session3_natural,35,54,36.8,-1.179160714149475,-0.05843370603559345
COHFACE_s22_session3_natural,35,55,36.833333333333336,-0.7448973655700684,-0.2841892749935147
COHFACE_s22_session3_natural,35,56,36.86666666666667,0.48174333572387695,-0.4978680639753275
COHFACE_s22_session3_natural,35,57,36.9,1.6222213506698608,-0.6769020775296161
COHFACE_s22_session3_natural,35,58,36.93333333333333,1.9974710941314697,-0.8102793643496933
COHFACE_s22_session3_natural,35,59,36.96666666666667,1.877098798751831,-0.8944819201983017
COHFACE_s22_session3_natural,35,60,37.0,1.6626100540161133,-0.9264085429141982
COHFACE_s22_session3_natural,35,61,37.03333333333333,1.4858299493789673,-0.9007227258899102
COHFACE_s22_session3_natural,35,62,37.06666666666667,1.3105512857437134,-0.8141051348786554
COHFACE_s22_session3_natural,35,63,37.1,1.0321353673934937,-0.6722380763508173
COHFACE_s22_session3_natural,35,64,37.13333333333333,0.7486072182655334,-0.4932462012875793
COHFACE_s22_session3_natural,35,65,37.166666666666664,0.6226140260696411,-0.30467942810355864
COHFACE_s22_session3_natural,35,66,37.2,0.6262000203132629,-0.13653658719775708
COHFACE_s22_session3_natural,35,67,37.233333333333334,0.5981450080871582,-0.01524602532251862
COHFACE_s22_session3_natural,35,68,37.266666666666666,0.45335331559181213,0.03929711819642258
COHFACE_s22_session3_natural,35,69,37.3,0.23027808964252472,0.01575084435112465
COHFACE_s22_session3_natural,35,70,37.333333333333336,-0.011632828041911125,-0.08475926047216734
COHFACE_s22_session3_natural,35,71,37.36666666666667,-0.22721347212791443,-0.24326950944265213
COHFACE_s22_session3_natural,35,72,37.4,-0.3943151533603668,-0.4207741602151937
COHFACE_s22_session3_natural,35,73,37.43333333333333,-0.5265620946884155,-0.5644759631252335
COHFACE_s22_session3_natural,35,74,37.46666666666667,-0.6249097585678101,-0.6230274638915865
COHFACE_s22_session3_natural,35,75,37.5,-0.6994832158088684,-0.5646697685499393
COHFACE_s22_session3_natural,35,76,37.53333333333333,-0.7645768523216248,-0.3890186600924696
COHFACE_s22_session3_natural,35,77,37.56666666666667,-0.8233670592308044,-0.12633342140692186
COHFACE_s22_session3_natural,35,78,37.6,-0.889999270439148,0.1742483002867596
COHFACE_s22_session3_natural,35,79,37.63333333333333,-0.9686053991317749,0.46014171430611034
COHFACE_s22_session3_natural,35,80,37.666666666666664,-1.0493954420089722,0.6876446085739967
COHFACE_s22_session3_natural,35,81,37.7,-1.1260783672332764,0.8290114494819707
COHFACE_s22_session3_natural,35,82,37.733333333333334,-1.194807529449463,0.8755928265104715
COHFACE_s22_session3_natural,35,83,37.766666666666666,-1.265670895576477,0.8383540088135956
COHFACE_s22_session3_natural,35,84,37.8,-1.345815658569336,0.7447919982529241
COHFACE_s22_session3_natural,35,85,37.833333333333336,-1.435849905014038,0.6306406434720753
COHFACE_s22_session3_natural,35,86,37.86666666666667,-1.3767743110656738,0.5279961512176979
COHFACE_s22_session3_natural,35,87,37.9,-0.6060120463371277,0.4553227894821332
COHFACE_s22_session3_natural,35,88,37.93333333333333,0.7932024002075195,0.41475032040144283
COHFACE_s22_session3_natural,35,89,37.96666666666667,1.739727258682251,0.39741163542984165
COHFACE_s22_session3_natural,35,90,38.0,1.900848150253296,0.3915600176696489
COHFACE_s22_session3_natural,35,91,38.03333333333333,1.7016091346740723,0.38679057391305344
COHFACE_s22_session3_natural,35,92,38.06666666666667,1.4794397354125977,0.37312933022652445
COHFACE_s22_session3_natural,35,93,38.1,1.3042106628417969,0.3397280782317785
COHFACE_s22_session3_natural,35,94,38.13333333333333,1.1001696586608887,0.2776570864617717
COHFACE_s22_session3_natural,35,95,38.166666666666664,0.8036501407623291,0.18593754864451548
COHFACE_s22_session3_natural,35,96,38.2,0.5645931363105774,0.07514058272598734
COHFACE_s22_session3_natural,35,97,38.233333333333334,0.5172929167747498,-0.0364397423530242
COHFACE_s22_session3_natural,35,98,38.266666666666666,0.5571109652519226,-0.13251979734177677
COHFACE_s22_session3_natural,35,99,38.3,0.5100961327552795,-0.20697867918551974
COHFACE_s22_session3_natural,35,100,38.333333333333336,0.34169161319732666,-0.2637687265875836
COHFACE_s22_session3_natural,35,101,38.36666666666667,0.11619678884744644,-0.3088379406191779
COHFACE_s22_session3_natural,35,102,38.4,-0.11047681421041489,-0.34159734945879194
COHFACE_s22_session3_natural,35,103,38.43333333333333,-0.3105471730232239,-0.354316784490159
COHFACE_s22_session3_natural,35,104,38.46666666666667,-0.4670398235321045,-0.34039023772165633
COHFACE_s22_session3_natural,35,105,38.5,-0.5894842743873596,-0.303827606116628
COHFACE_s22_session3_natural,35,106,38.53333333333333,-0.687261164188385,-0.26087607837595206
COHFACE_s22_session3_natural,35,107,38.56666666666667,-0.7615988850593567,-0.23138144226463214
COHFACE_s22_session3_natural,35,108,38.6,-0.8248560428619385,-0.22687157373520517
COHFACE_s22_session3_natural,35,109,38.63333333333333,-0.8893912434577942,-0.24565555465826858
COHFACE_s22_session3_natural,35,110,38.666666666666664,-0.9559614062309265,-0.2785975731430112
COHFACE_s22_session3_natural,35,111,38.7,-1.0330909490585327,-0.31976251724456634
COHFACE_s22_session3_natural,35,112,38.733333333333334,-1.1159160137176514,-0.3729120648456153
COHFACE_s22_session3_natural,35,113,38.766666666666666,-1.194447636604309,-0.4491071479603097
COHFACE_s22_session3_natural,35,114,38.8,-1.269989013671875,-0.5578736267097915
COHFACE_s22_session3_natural,35,115,38.833333333333336,-1.3345366716384888,-0.6983916583472338
COHFACE_s22_session3_natural,35,116,38.86666666666667,-1.3986375331878662,-0.8551172330448245
COHFACE_s22_session3_natural,35,117,38.9,-1.4782612323760986,-0.9979651364521597
COHFACE_s22_session3_natural,35,118,38.93333333333333,-1.5626744031906128,-1.0856572623822012
COHFACE_s22_session3_natural,35,119,38.96666666666667,-1.400734543800354,-1.0723072329560452
COHFACE_s22_session3_natural,35,120,39.0,-0.406152606010437,-0.9187651671393345
COHFACE_s22_session3_natural,35,121,39.03333333333333,0.9979506731033325,-0.6083360811161705
COHFACE_s22_session3_natural,35,122,39.06666666666667,1.739466667175293,-0.1611043353827751
COHFACE_s22_session3_natural,35,123,39.1,1.7402980327606201,0.3624043747534443
COHFACE_s22_session3_natural,35,124,39.13333333333333,1.4718458652496338,0.8741045102439102
COHFACE_s22_session3_natural,35,125,39.166666666666664,1.1938270330429077,1.2845563476792596
COHFACE_s22_session3_natural,35,126,39.2,0.9733575582504272,1.530423673819462
COHFACE_s22_session3_natural,35,127,39.233333333333334,0.7405170798301697,1.5899298099310428
COHFACE_s22_session3_natural,35,128,39.266666666666666,0.47437286376953125,1.4816247397319549
COHFACE_s22_session3_natural,35,129,39.3,0.3326460123062134,1.2519960879989198
COHFACE_s22_session3_natural,35,130,39.333333333333336,0.36390236020088196,0.9605937809083266
COHFACE_s22_session3_natural,35,131,39.36666666666667,0.42472752928733826,0.6676894800609439
COHFACE_s22_session3_natural,35,132,39.4,0.36395198106765747,0.4244752678246565
COHFACE_s22_session3_natural,35,133,39.43333333333333,0.17759272456169128,0.264072176954223
COHFACE_s22_session3_natural,35,134,39.46666666666667,-0.06402038782835007,0.19424064443511185
COHFACE_s22_session3_natural,35,135,39.5,-0.29615360498428345,0.1959078073837342
COHFACE_s22_session3_natural,35,136,39.53333333333333,-0.481507807970047,0.23102024417748512
COHFACE_s22_session3_natural,35,137,39.56666666666667,-0.620542049407959,0.2581418975828371
COHFACE_s22_session3_natural,35,138,39.6,-0.724200427532196,0.24809015347417046
COHFACE_s22_session3_natural,35,139,39.63333333333333,-0.8045933842658997,0.19090730402383305
COHFACE_s22_session3_natural,35,140,39.666666666666664,-0.8627135753631592,0.0920928867183543
COHFACE_s22_session3_natural,35,141,39.7,-0.9054102897644043,-0.03592546032954278
COHFACE_s22_session3_natural,35,142,39.733333333333334,-0.9559862613677979,-0.17913741806635078
COHFACE_s22_session3_natural,35,143,39.766666666666666,-1.0207695960998535,-0.3211799228735709
COHFACE_s22_session3_natural,35,144,39.8,-1.0858756303787231,-0.44082076291334116
COHFACE_s22_session3_natural,35,145,39.833333333333336,-1.1516392230987549,-0.5146002909312405
COHFACE_s22_session3_natural,35,146,39.86666666666667,-1.2289425134658813,-0.5262233526204952
COHFACE_s22_session3_natural,35,147,39.9,-1.3313353061676025,-0.476757223918295
COHFACE_s22_session3_natural,35,148,39.93333333333333,-1.4536184072494507,-0.3874478583790199
COHFACE_s22_session3_natural,35,149,39.96666666666667,-1.5206725597381592,-0.29184436671694897
COHFACE_s22_session3_natural,35,150,40.0,-1.116772174835205,-0.2220577109758688
COHFACE_s22_session3_natural,35,151,40.03333333333333,0.12532925605773926,-0.1980636341001275
COHFACE_s22_session3_natural,35,152,40.06666666666667,1.2618862390518188,-0.2250411935327611
COHFACE_s22_session3_natural,35,153,40.1,1.5751320123672485,-0.29669274417249264
COHFACE_s22_session3_natural,35,154,40.13333333333333,1.3647381067276,-0.39935008933549543
COHFACE_s22_session3_natural,35,155,40.166666666666664,1.0374833345413208,-0.5141539700249661
COHFACE_s22_session3_natural,35,156,40.2,0.7429738640785217,-0.6194134604282784
COHFACE_s22_session3_natural,35,157,40.233333333333334,0.4703029692173004,-0.6964733819338274
COHFACE_s22_session3_natural,35,158,40.266666666666666,0.18794119358062744,-0.737598257743227
COHFACE_s22_session3_natural,35,159,40.3,0.033210527151823044,-0.7492371019142243
COHFACE_s22_session3_natural,35,160,40.333333333333336,0.08974243700504303,-0.7452310771715017
COHFACE_s22_session3_natural,35,161,40.36666666666667,0.2289504110813141,-0.7319950709414141
COHFACE_s22_session3_natural,35,162,40.4,0.2574893534183502,-0.6958258025370442
COHFACE_s22_session3_natural,35,163,40.43333333333333,0.11709018796682358,-0.6035562203683665
COHFACE_s22_session3_natural,35,164,40.46666666666667,-0.10965786874294281,-0.41894578219808654
COHFACE_s22_session3_natural,35,165,40.5,-0.3423122465610504,-0.12563650653226985
COHFACE_s22_session3_natural,35,166,40.53333333333333,-0.5427176356315613,0.2573839515254381
COHFACE_s22_session3_natural,35,167,40.56666666666667,-0.6956366896629333,0.6771255428047152
COHFACE_s22_session3_natural,35,168,40.6,-0.8041218519210815,1.0633833310900616
COHFACE_s22_session3_natural,35,169,40.63333333333333,-0.8788690567016602,1.3511254509544304
COHFACE_s22_session3_natural,35,170,40.666666666666664,-0.9201016426086426,1.4981700342322284
COHFACE_s22_session3_natural,35,171,40.7,-0.9412949085235596,1.4931687879509086
COHFACE_s22_session3_natural,35,172,40.733333333333334,-0.9609371423721313,1.3544125853152464
COHFACE_s22_session3_natural,35,173,40.766666666666666,-0.9974173307418823,1.1223894678654447
COHFACE_s22_session3_natural,35,174,40.8,-1.0626474618911743,0.8484726252331959
COHFACE_s22_session3_natural,35,175,40.833333333333336,-1.1695691347122192,0.5815981984290687
COHFACE_s22_session3_natural,35,176,40.86666666666667,-1.2647403478622437,0.3563373776258972
COHFACE_s22_session3_natural,35,177,40.9,-1.0673749446868896,0.1870869586840594
COHFACE_s22_session3_natural,35,178,40.93333333333333,-0.0667998343706131,0.07114164168665352
COHFACE_s22_session3_natural,35,179,40.96666666666667,1.1570490598678589,-0.0016595639708891045
COHFACE_s22_session3_natural,35,180,41.0,1.6817808151245117,-0.039896352672279076
COHFACE_s22_session3_natural,35,181,41.03333333333333,1.573258399963379,-0.048983099843492854
COHFACE_s22_session3_natural,35,182,41.06666666666667,1.2674450874328613,-0.03699074125095084
COHFACE_s22_session3_natural,35,183,41.1,0.9780106544494629,-0.02075510415794023
COHFACE_s22_session3_natural,35,184,41.13333333333333,0.7366580963134766,-0.024757967547657928
COHFACE_s22_session3_natural,35,185,41.166666666666664,0.4683796763420105,-0.07144839428413169
COHFACE_s22_session3_natural,35,186,41.2,0.24822039902210236,-0.1692424389615017
COHFACE_s22_session3_natural,35,187,41.233333333333334,0.2234535664319992,-0.3069928651491531
COHFACE_s22_session3_natural,35,188,41.266666666666666,0.34449589252471924,-0.4587355238399445
COHFACE_s22_session3_natural,35,189,41.3,0.4105572998523712,-0.5949504966927094
COHFACE_s22_session3_natural,35,190,41.333333333333336,0.3088718354701996,-0.6930401500457595
COHFACE_s22_session3_natural,35,191,41.36666666666667,0.09665382653474808,-0.7420878303956792
COHFACE_s22_session3_natural,35,192,41.4,-0.1320299208164215,-0.7424454177573343
COHFACE_s22_session3_natural,35,193,41.43333333333333,-0.33471840620040894,-0.7038205354674186
COHFACE_s22_session3_natural,35,194,41.46666666666667,-0.49819687008857727,-0.6433976062504344
COHFACE_s22_session3_natural,35,195,41.5,-0.6181472539901733,-0.5819920348077909
COHFACE_s22_session3_natural,35,196,41.53333333333333,-0.6983168721199036,-0.536395314241571
COHFACE_s22_session3_natural,35,197,41.56666666666667,-0.7397355437278748,-0.5102145357888155
COHFACE_s22_session3_natural,35,198,41.6,-0.7667855024337769,-0.48982222320363866
COHFACE_s22_session3_natural,35,199,41.63333333333333,-0.7978929281234741,-0.451023823299807
COHFACE_s22_session3_natural,35,200,41.666666666666664,-0.8667462468147278,-0.3742781240544433
COHFACE_s22_session3_natural,35,201,41.7,-0.9594977498054504,-0.25852014989174527
COHFACE_s22_session3_natural,35,202,41.733333333333334,-0.9184513092041016,-0.12340130559296468
COHFACE_s22_session3_natural,35,203,41.766666666666666,-0.26679572463035583,0.0023612442167436328
COHFACE_s22_session3_natural,35,204,41.8,0.9289484620094299,0.0984659190651854
COHFACE_s22_session3_natural,35,205,41.833333333333336,1.7327165603637695,0.1640068181217867
COHFACE_s22_session3_natural,35,206,41.86666666666667,1.8450980186462402,0.21552396082380526
COHFACE_s22_session3_natural,35,207,41.9,1.6149624586105347,0.2755962538906691
COHFACE_s22_session3_natural,35,208,41.93333333333333,1.342713475227356,0.36068753321538877
COHFACE_s22_session3_natural,35,209,41.96666666666667,1.1430028676986694,0.47503339021691293
COHFACE_s22_session3_natural,35,210,42.0,0.9376590847969055,0.6112833671760829
COHFACE_s22_session3_natural,35,211,42.03333333333333,0.6784634590148926,0.7541072401098199
COHFACE_s22_session3_natural,35,212,42.06666666666667,0.5097735524177551,0.8835647449631555
COHFACE_s22_session3_natural,35,213,42.1,0.5133719444274902,0.9781726289355354
COHFACE_s22_session3_natural,35,214,42.13333333333333,0.5712935924530029,1.0189664842890607
COHFACE_s22_session3_natural,35,215,42.166666666666664,0.5271946787834167,0.994347679519788
COHFACE_s22_session3_natural,35,216,42.2,0.35777267813682556,0.9030524364223159
COHFACE_s22_session3_natural,35,217,42.233333333333334,0.13215377926826477,0.7526363965534931
COHFACE_s22_session3_natural,35,218,42.266666666666666,-0.0922367125749588,0.5546082530762727
COHFACE_s22_session3_natural,35,219,42.3,-0.27739235758781433,0.3207887021295693
COHFACE_s22_session3_natural,35,220,42.333333333333336,-0.4216008484363556,0.06444441505945604
COHFACE_s22_session3_natural,35,221,42.36666666666667,-0.5299495458602905,-0.1950090186975369
COHFACE_s22_session3_natural,35,222,42.4,-0.609771728515625,-0.42935085169707393
COHFACE_s22_session3_natural,35,223,42.43333333333333,-0.6728179454803467,-0.6061582919462168
COHFACE_s22_session3_natural,35,224,42.46666666666667,-0.7171153426170349,-0.6998855313887613
COHFACE_s22_session3_natural,35,225,42.5,-0.7529006600379944,-0.7025953412231577
COHFACE_s22_session3_natural,35,226,42.53333333333333,-0.8043327927589417,-0.6272774004083019
COHFACE_s22_session3_natural,35,227,42.56666666666667,-0.8775165677070618,-0.5021827911552993
COHFACE_s22_session3_natural,35,228,42.6,-0.9774773120880127,-0.36120436635280884
COHFACE_s22_session3_natural,35,229,42.63333333333333,-1.0964722633361816,-0.2369603353124126
COHFACE_s22_session3_natural,35,230,42.666666666666664,-1.001251459121704,-0.15803107018337353
COHFACE_s22_session3_natural,35,231,42.7,-0.13325832784175873,-0.14607094525481382
COHFACE_s22_session3_natural,35,232,42.733333333333334,1.1760088205337524,-0.20896514164537286
COHFACE_s22_session3_natural,35,233,42.766666666666666,1.9149067401885986,-0.33197161693980237
COHFACE_s22_session3_natural,35,234,42.8,1.9662519693374634,-0.47424775530007873
COHFACE_s22_session3_natural,35,235,42.833333333333336,1.7523216009140015,-0.5776395210538033
COHFACE_s22_session3_natural,35,236,42.86666666666667,1.531330943107605,-0.5870108626866891
COHFACE_s22_session3_natural,35,237,42.9,1.3576281070709229,-0.47302284668583683
COHFACE_s22_session3_natural,35,238,42.93333333333333,1.1534630060195923,-0.24612088044971558
COHFACE_s22_session3_natural,35,239,42.96666666666667,0.8767222166061401,0.044802069680930916
COHFACE_s22_session3_natural,36,0,36.0,1.7917797565460205,-0.12941590454782606
COHFACE_s22_session3_natural,36,1,36.03333333333333,1.8211873769760132,-0.09614630044996632
COHFACE_s22_session3_natural,36,2,36.06666666666667,1.6274452209472656,-0.09305900754985524
COHFACE_s22_session3_natural,36,3,36.1,1.423366904258728,-0.14038695876201462
COHFACE_s22_session3_natural,36,4,36.13333333333333,1.2423555850982666,-0.2394555260406384
COHFACE_s22_session3_natural,36,5,36.166666666666664,0.9866715669631958,-0.3716249529943056
COHFACE_s22_session3_natural,36,6,36.2,0.6909337639808655,-0.5051710893576246
COHFACE_s22_session3_natural,36,7,36.233333333333334,0.5480157136917114,-0.6082349956680317
COHFACE_s22_session3_natural,36,8,36.266666666666666,0.5647172331809998,-0.6618277441624942
COHFACE_s22_session3_natural,36,9,36.3,0.5836149454116821,-0.6654240801694814
COHFACE_s22_session3_natural,36,10,36.333333333333336,0.46986865997314453,-0.6314384334373843
COHFACE_s22_session3_natural,36,11,36.36666666666667,0.2373879998922348,-0.5720564546838163
COHFACE_s22_session3_natural,36,12,36.4,-0.020653612911701202,-0.4877718879050613
COHFACE_s22_session3_natural,36,13,36.43333333333333,-0.2539035975933075,-0.3664657511780963
COHFACE_s22_session3_natural,36,14,36.46666666666667,-0.43856289982795715,-0.1940537323831454
COHFACE_s22_session3_natural,36,15,36.5,-0.5807364583015442,0.031085592786037147
COHFACE_s22_session3_natural,36,16,36.53333333333333,-0.6856604814529419,0.2902718423537806
COHFACE_s22_session3_natural,36,17,36.56666666666667,-0.7503073811531067,0.548482836097183
COHFACE_s22_session3_natural,36,18,36.6,-0.794294536113739,0.7665422445045387
COHFACE_s22_session3_natural,36,19,36.63333333333333,-0.825910747051239,0.9130932437359305
COHFACE_s22_session3_natural,36,20,36.666666666666664,-0.8558890223503113,0.9709530498541447
COHFACE_s22_session3_natural,36,21,36.7,-0.9044424295425415,0.9383595504745371
COHFACE_s22_session3_natural,36,22,36.733333333333334,-0.9905059337615967,0.827798154958244
COHFACE_s22_session3_natural,36,23,36.766666666666666,-1.1167845726013184,0.6632755047111598
COHFACE_s22_session3_natural,36,24,36.8,-1.179160714149475,0.4747305811625334
COHFACE_s22_session3_natural,36,25,36.833333333333336,-0.7448973655700684,0.28918612088659346
COHFACE_s22_session3_natural,36,26,36.86666666666667,0.48174333572387695,0.1223584639041669
COHFACE_s22_session3_natural,36,27,36.9,1.6222213506698608,-0.023139307758770003
COHFACE_s22_session3_natural,36,28,36.93333333333333,1.9974710941314697,-0.1503344764383744
COHFACE_s22_session3_natural,36,29,36.96666666666667,1.877098798751831,-0.25578661549358067
COHFACE_s22_session3_natural,36,30,37.0,1.6626100540161133,-0.322712094670613
COHFACE_s22_session3_natural,36,31,37.03333333333333,1.4858299493789673,-0.3269635658796361
COHFACE_s22_session3_natural,36,32,37.06666666666667,1.3105512857437134,-0.2535854460912485
COHFACE_s22_session3_natural,36,33,37.1,1.0321353673934937,-0.112378631455759
COHFACE_s22_session3_natural,36,34,37.13333333333333,0.7486072182655334,0.05938312431823524
COHFACE_s22_session3_natural,36,35,37.166666666666664,0.6226140260696411,0.21013261915940382
COHFACE_s22_session3_natural,36,36,37.2,0.6262000203132629,0.294786087111677
COHFACE_s22_session3_natural,36,37,37.233333333333334,0.5981450080871582,0.29001792888867245
COHFACE_s22_session3_natural,36,38,37.266666666666666,0.45335331559181213,0.19677209574131194
COHFACE_s22_session3_natural,36,39,37.3,0.23027808964252472,0.032767404465586
COHFACE_s22_session3_natural,36,40,37.333333333333336,-0.011632828041911125,-0.1769858188387916
COHFACE_s22_session3_natural,36,41,37.36666666666667,-0.22721347212791443,-0.40563067967548744
COHFACE_s22_session3_natural,36,42,37.4,-0.3943151533603668,-0.6258332781317727
COHFACE_s22_session3_natural,36,43,37.43333333333333,-0.5265620946884155,-0.81100169595806
COHFACE_s22_session3_natural,36,44,37.46666666666667,-0.6249097585678101,-0.9386900776175595
COHFACE_s22_session3_natural,36,45,37.5,-0.6994832158088684,-0.9945290982107012
COHFACE_s22_session3_natural,36,46,37.53333333333333,-0.7645768523216248,-0.9735968506953778
COHFACE_s22_session3_natural,36,47,37.56666666666667,-0.8233670592308044,-0.8785301334823251
COHFACE_s22_session3_natural,36,48,37.6,-0.889999270439148,-0.7174059571139682
COHFACE_s22_session3_natural,36,49,37.63333333333333,-0.9686053991317749,-0.5048847045414945
COHFACE_s22_session3_natural,36,50,37.666666666666664,-1.0493954420089722,-0.26556731259160454
COHFACE_s22_session3_natural,36,51,37.7,-1.1260783672332764,-0.033972303655625216
COHFACE_s22_session3_natural,36,52,37.733333333333334,-1.194807529449463,0.15344197831780515
COHFACE_s22_session3_natural,36,53,37.766666666666666,-1.265670895576477,0.2725013765486653
COHFACE_s22_session3_natural,36,54,37.8,-1.345815658569336,0.3234027839059071
COHFACE_s22_session3_natural,36,55,37.833333333333336,-1.435849905014038,0.3314883083593301
COHFACE_s22_session3_natural,36,56,37.86666666666667,-1.3767743110656738,0.33475592600492365
COHFACE_s22_session3_natural,36,57,37.9,-0.6060120463371277,0.36539871084996006
COHFACE_s22_session3_natural,36,58,37.93333333333333,0.7932024002075195,0.4362445889275135
COHFACE_s22_session3_natural,36,59,37.96666666666667,1.739727258682251,0.5386478592942189
COHFACE_s22_session3_natural,36,60,38.0,1.900848150253296,0.649812868448749
COHFACE_s22_session3_natural,36,61,38.03333333333333,1.7016091346740723,0.74243522625816
COHFACE_s22_session3_natural,36,62,38.06666666666667,1.4794397354125977,0.7921593550327382
COHFACE_s22_session3_natural,36,63,38.1,1.3042106628417969,0.7833286481524536
COHFACE_s22_session3_natural,36,64,38.13333333333333,1.1001696586608887,0.7141741679002743
COHFACE_s22_session3_natural,36,65,38.166666666666664,0.8036501407623291,0.5996383145535188
COHFACE_s22_session3_natural,36,66,38.2,0.5645931363105774,0.4680468363502385
COHFACE_s22_session3_natural,36,67,38.233333333333334,0.5172929167747498,0.3501554981299371
COHFACE_s22_session3_natural,36,68,38.266666666666666,0.5571109652519226,0.26512966754919054
COHFACE_s22_session3_natural,36,69,38.3,0.5100961327552795,0.21224300289782852
COHFACE_s22_session3_natural,36,70,38.333333333333336,0.34169161319732666,0.17457647637556875
COHFACE_s22_session3_natural,36,71,38.36666666666667,0.11619678884744644,0.1328591530451901
COHFACE_s22_session3_natural,36,72,38.4,-0.11047681421041489,0.07957177684236139
COHFACE_s22_session3_natural,36,73,38.43333333333333,-0.3105471730232239,0.02271455923825958
COHFACE_s22_session3_natural,36,74,38.46666666666667,-0.4670398235321045,-0.022795830384012093
COHFACE_s22_session3_natural,36,75,38.5,-0.5894842743873596,-0.04817128355733439
COHFACE_s22_session3_natural,36,76,38.53333333333333,-0.687261164188385,-0.057893121696296804
COHFACE_s22_session3_natural,36,77,38.56666666666667,-0.7615988850593567,-0.06652969131083061
COHFACE_s22_session3_natural,36,78,38.6,-0.8248560428619385,-0.08954772656651275
COHFACE_s22_session3_natural,36,79,38.63333333333333,-0.8893912434577942,-0.13637743748408754
COHFACE_s22_session3_natural,36,80,38.666666666666664,-0.9559614062309265,-0.20985619066827782
COHFACE_s22_session3_natural,36,81,38.7,-1.0330909490585327,-0.3096044147946766
COHFACE_s22_session3_natural,36,82,38.733333333333334,-1.1159160137176514,-0.43477227186471873
COHFACE_s22_session3_natural,36,83,38.766666666666666,-1.194447636604309,-0.5840104501863946
COHFACE_s22_session3_natural,36,84,38.8,-1.269989013671875,-0.7536917542749505
COHFACE_s22_session3_natural,36,85,38.833333333333336,-1.3345366716384888,-0.9362504280107967
COHFACE_s22_session3_natural,36,86,38.86666666666667,-1.3986375331878662,-1.1186954118538037
COHFACE_s22_session3_natural,36,87,38.9,-1.4782612323760986,-1.2802164455436191
COHFACE_s22_session3_natural,36,88,38.93333333333333,-1.5626744031906128,-1.3898515668139895
COHFACE_s22_session3_natural,36,89,38.96666666666667,-1.400734543800354,-1.4080314116828379
COHFACE_s22_session3_natural,36,90,39.0,-0.406152606010437,-1.2956424052901114
COHFACE_s22_session3_natural,36,91,39.03333333333333,0.9979506731033325,-1.0299662750571794
COHFACE_s22_session3_natural,36,92,39.06666666666667,1.739466667175293,-0.6207500296561861
COHFACE_s22_session3_natural,36,93,39.1,1.7402980327606201,-0.11671707521886934
COHFACE_s22_session3_natural,36,94,39.13333333333333,1.4718458652496338,0.4035438700817347
COHFACE_s22_session3_natural,36,95,39.166666666666664,1.1938270330429077,0.8541199086078848
COHFACE_s22_session3_natural,36,96,39.2,0.9733575582504272,1.167882976241259
COHFACE_s22_session3_natural,36,97,39.233333333333334,0.7405170798301697,1.3144030898833015
COHFACE_s22_session3_natural,36,98,39.266666666666666,0.47437286376953125,1.3032527212488552
COHFACE_s22_session3_natural,36,99,39.3,0.3326460123062134,1.1743269975590527
COHFACE_s22_session3_natural,36,100,39.333333333333336,0.36390236020088196,0.9817815992158636
COHFACE_s22_session3_natural,36,101,39.36666666666667,0.42472752928733826,0.7783592309434882
COHFACE_s22_session3_natural,36,102,39.4,0.36395198106765747,0.6039150498617875
COHFACE_s22_session3_natural,36,103,39.43333333333333,0.17759272456169128,0.4791014274329575
COHFACE_s22_session3_natural,36,104,39.46666666666667,-0.06402038782835007,0.4044579265494783
COHFACE_s22_session3_natural,36,105,39.5,-0.29615360498428345,0.3652598361090488
COHFACE_s22_session3_natural,36,106,39.53333333333333,-0.481507807970047,0.3412237459624453
COHFACE_s22_session3_natural,36,107,39.56666666666667,-0.620542049407959,0.31734454110047294
COHFACE_s22_session3_natural,36,108,39.6,-0.724200427532196,0.2898525594673303
COHFACE_s22_session3_natural,36,109,39.63333333333333,-0.8045933842658997,0.26322261022081134
COHFACE_s22_session3_natural,36,110,39.666666666666664,-0.8627135753631592,0.24089407694505907
COHFACE_s22_session3_natural,36,111,39.7,-0.9054102897644043,0.21777625214540713
COHFACE_s22_session3_natural,36,112,39.733333333333334,-0.9559862613677979,0.1810232843863984
COHFACE_s22_session3_natural,36,113,39.766666666666666,-1.0207695960998535,0.11867169549967763
COHFACE_s22_session3_natural,36,114,39.8,-1.0858756303787231,0.029335226619760815
COHFACE_s22_session3_natural,36,115,39.833333333333336,-1.1516392230987549,-0.07476372642239493
COHFACE_s22_session3_natural,36,116,39.86666666666667,-1.2289425134658813,-0.17371773803074225
COHFACE_s22_session3_natural,36,117,39.9,-1.3313353061676025,-0.25032648354615467
COHFACE_s22_session3_natural,36,118,39.93333333333333,-1.4536184072494507,-0.29801784299530376
COHFACE_s22_session3_natural,36,119,39.96666666666667,-1.5206725597381592,-0.3221946134633863
COHFACE_s22_session3_natural,36,120,40.0,-1.116772174835205,-0.33606672211483807
COHFACE_s22_session3_natural,36,121,40.03333333333333,0.12532925605773926,-0.35491982844852316
COHFACE_s22_session3_natural,36,122,40.06666666666667,1.2618862390518188,-0.3912477220109114
COHFACE_s22_session3_natural,36,123,40.1,1.5751320123672485,-0.45058332275062934
COHFACE_s22_session3_natural,36,124,40.13333333333333,1.3647381067276,-0.5280275082691923
COHFACE_s22_session3_natural,36,125,40.166666666666664,1.0374833345413208,-0.6075633517633955
COHFACE_s22_session3_natural,36,126,40.2,0.7429738640785217,-0.6670130941462451
COHFACE_s22_session3_natural,36,127,40.233333333333334,0.4703029692173004,-0.6886237212953755
COHFACE_s22_session3_natural,36,128,40.266666666666666,0.18794119358062744,-0.6697619321462912
COHFACE_s22_session3_natural,36,129,40.3,0.033210527151823044,-0.6254308822180197
COHFACE_s22_session3_natural,36,130,40.333333333333336,0.08974243700504303,-0.5784683520230355
COHFACE_s22_session3_natural,36,131,40.36666666666667,0.2289504110813141,-0.542106508779751
COHFACE_s22_session3_natural,36,132,40.4,0.2574893534183502,-0.5067223055534441
COHFACE_s22_session3_natural,36,133,40.43333333333333,0.11709018796682358,-0.44163105975925254
COHFACE_s22_session3_natural,36,134,40.46666666666667,-0.10965786874294281,-0.3126299072563685
COHFACE_s22_session3_natural,36,135,40.5,-0.3423122465610504,-0.1045902253344119
COHFACE_s22_session3_natural,36,136,40.53333333333333,-0.5427176356315613,0.16519910884469835
COHFACE_s22_session3_natural,36,137,40.56666666666667,-0.6956366896629333,0.4510578347907289
COHFACE_s22_session3_natural,36,138,40.6,-0.8041218519210815,0.6971381708955987
COHFACE_s22_session3_natural,36,139,40.63333333333333,-0.8788690567016602,0.85863522393876
COHFACE_s22_session3_natural,36,140,40.666666666666664,-0.9201016426086426,0.9154908069656801
COHFACE_s22_session3_natural,36,141,40.7,-0.9412949085235596,0.8748185131656158
COHFACE_s22_session3_natural,36,142,40.733333333333334,-0.9609371423721313,0.7646843623508294
COHFACE_s22_session3_natural,36,143,40.766666666666666,-0.9974173307418823,0.6240070666320148
COHFACE_s22_session3_natural,36,144,40.8,-1.0626474618911743,0.49139878299429446
COHFACE_s22_session3_natural,36,145,40.833333333333336,-1.1695691347122192,0.3941747752215221
COHFACE_s22_session3_natural,36,146,40.86666666666667,-1.2647403478622437,0.3405064178033609
COHFACE_s22_session3_natural,36,147,40.9,-1.0673749446868896,0.31941150359314174
COHFACE_s22_session3_natural,36,148,40.93333333333333,-0.0667998343706131,0.31058192982654603
COHFACE_s22_session3_natural,36,149,40.96666666666667,1.1570490598678589,0.2994231208138959
COHFACE_s22_session3_natural,36,150,41.0,1.6817808151245117,0.28693930632958276
COHFACE_s22_session3_natural,36,151,41.03333333333333,1.573258399963379,0.28598025982709213
COHFACE_s22_session3_natural,36,152,41.06666666666667,1.2674450874328613,0.3061011126260402
COHFACE_s22_session3_natural,36,153,41.1,0.9780106544494629,0.3392693261691366
COHFACE_s22_session3_natural,36,154,41.13333333333333,0.7366580963134766,0.35816679478908936
COHFACE_s22_session3_natural,36,155,41.166666666666664,0.4683796763420105,0.32893665226588203
COHFACE_s22_session3_natural,36,156,41.2,0.24822039902210236,0.22912616205646363
COHFACE_s22_session3_natural,36,157,41.233333333333334,0.2234535664319992,0.05826149899230668
COHFACE_s22_session3_natural,36,158,41.266666666666666,0.34449589252471924,-0.16423840615967586
COHFACE_s22_session3_natural,36,159,41.3,0.4105572998523712,-0.40913460506759847
COHFACE_s22_session3_natural,36,160,41.333333333333336,0.3088718354701996,-0.647241139470482
COHFACE_s22_session3_natural,36,161,41.36666666666667,0.09665382653474808,-0.854465412882978
COHFACE_s22_session3_natural,36,162,41.4,-0.1320299208164215,-1.0130373259504764
COHFACE_s22_session3_natural,36,163,41.43333333333333,-0.33471840620040894,-1.112320851438395
COHFACE_s22_session3_natural,36,164,41.46666666666667,-0.49819687008857727,-1.1499489266815308
COHFACE_s22_session3_natural,36,165,41.5,-0.6181472539901733,-1.130711776216421
COHFACE_s22_session3_natural,36,166,41.53333333333333,-0.6983168721199036,-1.0614436605316797
COHFACE_s22_session3_natural,36,167,41.56666666666667,-0.7397355437278748,-0.944449693984567
COHFACE_s22_session3_natural,36,168,41.6,-0.7667855024337769,-0.7755165204923853
COHFACE_s22_session3_natural,36,169,41.63333333333333,-0.7978929281234741,-0.5507036191398543
COHFACE_s22_session3_natural,36,170,41.666666666666664,-0.8667462468147278,-0.2785994811245248
COHFACE_s22_session3_natural,36,171,41.7,-0.9594977498054504,0.01168086477997323
COHFACE_s22_session3_natural,36,172,41.733333333333334,-0.9184513092041016,0.2750944851322884
COHFACE_s22_session3_natural,36,173,41.766666666666666,-0.26679572463035583,0.4676690057905755
COHFACE_s22_session3_natural,36,174,41.8,0.9289484620094299,0.5661831756716413
COHFACE_s22_session3_natural,36,175,41.833333333333336,1.7327165603637695,0.5780067963448415
COHFACE_s22_session3_natural,36,176,41.86666666666667,1.8450980186462402,0.5354740548650986
COHFACE_s22_session3_natural,36,177,41.9,1.6149624586105347,0.47953130659943943
COHFACE_s22_session3_natural,36,178,41.93333333333333,1.342713475227356,0.4428858012755499
COHFACE_s22_session3_natural,36,179,41.96666666666667,1.1430028676986694,0.440850724336152
COHFACE_s22_session3_natural,36,180,42.0,0.9376590847969055,0.4713907419891734
COHFACE_s22_session3_natural,36,181,42.03333333333333,0.6784634590148926,0.520554456599562
COHFACE_s22_session3_natural,36,182,42.06666666666667,0.5097735524177551,0.5693637270175614
COHFACE_s22_session3_natural,36,183,42.1,0.5133719444274902,0.6005908027981705
COHFACE_s22_session3_natural,36,184,42.13333333333333,0.5712935924530029,0.6045220365817486
COHFACE_s22_session3_natural,36,185,42.166666666666664,0.5271946787834167,0.5817633656527904
COHFACE_s22_session3_natural,36,186,42.2,0.35777267813682556,0.5408046241009816
COHFACE_s22_session3_natural,36,187,42.233333333333334,0.13215377926826477,0.4904419771121003
COHFACE_s22_session3_natural,36,188,42.266666666666666,-0.0922367125749588,0.4316196167333273
COHFACE_s22_session3_natural,36,189,42.3,-0.27739235758781433,0.35535980782482923
COHFACE_s22_session3_natural,36,190,42.333333333333336,-0.4216008484363556,0.24982377583645002
COHFACE_s22_session3_natural,36,191,42.36666666666667,-0.5299495458602905,0.11240761672802792
COHFACE_s22_session3_natural,36,192,42.4,-0.609771728515625,-0.042359578250870736
COHFACE_s22_session3_natural,36,193,42.43333333333333,-0.6728179454803467,-0.18636276769730822
COHFACE_s22_session3_natural,36,194,42.46666666666667,-0.7171153426170349,-0.2911685927421508
COHFACE_s22_session3_natural,36,195,42.5,-0.7529006600379944,-0.34157705360752566
COHFACE_s22_session3_natural,36,196,42.53333333333333,-0.8043327927589417,-0.34088257353721985
COHFACE_s22_session3_natural,36,197,42.56666666666667,-0.8775165677070618,-0.30639944015344767
COHFACE_s22_session3_natural,36,198,42.6,-0.9774773120880127,-0.26036351682305914
COHFACE_s22_session3_natural,36,199,42.63333333333333,-1.0964722633361816,-0.22273518714731244
COHFACE_s22_session3_natural,36,200,42.666666666666664,-1.001251459121704,-0.20851033696474208
COHFACE_s22_session3_natural,36,201,42.7,-0.13325832784175873,-0.22743641761143946
COHFACE_s22_session3_natural,36,202,42.733333333333334,1.1760088205337524,-0.28305616718198706
COHFACE_s22_session3_natural,36,203,42.766666666666666,1.9149067401885986,-0.3706379718405042
COHFACE_s22_session3_natural,36,204,42.8,1.9662519693374634,-0.4765770558477423
COHFACE_s22_session3_natural,36,205,42.833333333333336,1.7523216009140015,-0.5817568637728504
COHFACE_s22_session3_natural,36,206,42.86666666666667,1.531330943107605,-0.6675553409542007
COHFACE_s22_session3_natural,36,207,42.9,1.3576281070709229,-0.7199873667797207
COHFACE_s22_session3_natural,36,208,42.93333333333333,1.1534630060195923,-0.7289629021009503
COHFACE_s22_session3_natural,36,209,42.96666666666667,0.8767222166061401,-0.6845325063071153
COHFACE_s22_session3_natural,36,210,43.0,0.6809947490692139,-0.5758226092673331
COHFACE_s22_session3_natural,36,211,43.03333333333333,0.6495398879051208,-0.3969655596262252
COHFACE_s22_session3_natural,36,212,43.06666666666667,0.666886568069458,-0.1575873481162324
COHFACE_s22_session3_natural,36,213,43.1,0.5979464650154114,0.11056956164242954
COHFACE_s22_session3_natural,36,214,43.13333333333333,0.4277799427509308,0.35849389043786606
COHFACE_s22_session3_natural,36,215,43.166666666666664,0.20048591494560242,0.5365533582285616
COHFACE_s22_session3_natural,36,216,43.2,-0.03342168405652046,0.6147097418066496
COHFACE_s22_session3_natural,36,217,43.233333333333334,-0.22686603665351868,0.5947986769534718
COHFACE_s22_session3_natural,36,218,43.266666666666666,-0.3762611746788025,0.5083339155571094
COHFACE_s22_session3_natural,36,219,43.3,-0.4981348514556885,0.40208494908519415
COHFACE_s22_session3_natural,36,220,43.333333333333336,-0.591097354888916,0.31965215523276885
COHFACE_s22_session3_natural,36,221,43.36666666666667,-0.6579653024673462,0.28741585182911467
COHFACE_s22_session3_natural,36,222,43.4,-0.7189145088195801,0.3087842980490328
COHFACE_s22_session3_natural,36,223,43.43333333333333,-0.7867751717567444,0.3660522907275893
COHFACE_s22_session3_natural,36,224,43.46666666666667,-0.85787433385849,0.4277569658030655
COHFACE_s22_session3_natural,36,225,43.5,-0.9299041628837585,0.4597418748014676
COHFACE_s22_session3_natural,36,226,43.53333333333333,-1.0087708234786987,0.43746293698101807
COHFACE_s22_session3_natural,36,227,43.56666666666667,-1.0849201679229736,0.3553095510679306
COHFACE_s22_session3_natural,36,228,43.6,-1.1528428792953491,0.2279678236184217
COHFACE_s22_session3_natural,36,229,43.63333333333333,-1.2242894172668457,0.08184669590735559
COHFACE_s22_session3_natural,36,230,43.666666666666664,-1.3165446519851685,-0.05888714786404292
COHFACE_s22_session3_natural,36,231,43.7,-1.4037373065948486,-0.18262479958610134
COHFACE_s22_session3_natural,36,232,43.733333333333334,-1.2141271829605103,-0.29033060283094003
COHFACE_s22_session3_natural,36,233,43.766666666666666,-0.16171041131019592,-0.3861168788679763
COHFACE_s22_session3_natural,36,234,43.8,1.2621468305587769,-0.4662029753031267
COHFACE_s22_session3_natural,36,235,43.833333333333336,1.995336890220642,-0.5151755989343917
COHFACE_s22_session3_natural,36,236,43.86666666666667,2.0204386711120605,-0.5125392520043753
COHFACE_s22_session3_natural,36,237,43.9,1.7985919713974,-0.44490737113857753
COHFACE_s22_session3_natural,36,238,43.93333333333333,1.5677987337112427,-0.31594300361615796
COHFACE_s22_session3_natural,36,239,43.96666666666667,1.382109522819519,-0.14832318790889493
COHFACE_s22_session3_natural,37,0,37.0,1.6626100540161133,0.17174831573797908
COHFACE_s22_session3_natural,37,1,37.03333333333333,1.4858299493789673,0.03491489136460019
COHFACE_s22_session3_natural,37,2,37.06666666666667,1.3105512857437134,-0.09887424722643222
COHFACE_s22_session3_natural,37,3,37.1,1.0321353673934937,-0.2212481955674977
COHFACE_s22_session3_natural,37,4,37.13333333333333,0.7486072182655334,-0.32530033361360017
COHFACE_s22_session3_natural,37,5,37.166666666666664,0.6226140260696411,-0.4056705166070942
COHFACE_s22_session3_natural,37,6,37.2,0.6262000203132629,-0.45926054288936125
COHFACE_s22_session3_natural,37,7,37.233333333333334,0.5981450080871582,-0.4880269705655044
COHFACE_s22_session3_natural,37,8,37.266666666666666,0.45335331559181213,-0.5022621391894774
COHFACE_s22_session3_natural,37,9,37.3,0.23027808964252472,-0.5200377235499204
COHFACE_s22_session3_natural,37,10,37.333333333333336,-0.011632828041911125,-0.5601007033300427
COHFACE_s22_session3_natural,37,11,37.36666666666667,-0.22721347212791443,-0.6307522157349977
COHFACE_s22_session3_natural,37,12,37.4,-0.3943151533603668,-0.7219414860476242
COHFACE_s22_session3_natural,37,13,37.43333333333333,-0.5265620946884155,-0.8071520763563247
COHFACE_s22_session3_natural,37,14,37.46666666666667,-0.6249097585678101,-0.8547612511199013
COHFACE_s22_session3_natural,37,15,37.5,-0.6994832158088684,-0.8415507867404094
COHFACE_s22_session3_natural,37,16,37.53333333333333,-0.7645768523216248,-0.7603133761205291
COHFACE_s22_session3_natural,37,17,37.56666666666667,-0.8233670592308044,-0.6187470293341447
COHFACE_s22_session3_natural,37,18,37.6,-0.889999270439148,-0.4333301847577721
COHFACE_s22_session3_natural,37,19,37.63333333333333,-0.9686053991317749,-0.2243654134137708
COHFACE_s22_session3_natural,37,20,37.666666666666664,-1.0493954420089722,-0.014928683740163979
COHFACE_s22_session3_natural,37,21,37.7,-1.1260783672332764,0.16904679671240258
COHFACE_s22_session3_natural,37,22,37.733333333333334,-1.194807529449463,0.30243384689728325
COHFACE_s22_session3_natural,37,23,37.766666666666666,-1.265670895576477,0.3697668604796847
COHFACE_s22_session3_natural,37,24,37.8,-1.345815658569336,0.37428329423839246
COHFACE_s22_session3_natural,37,25,37.833333333333336,-1.435849905014038,0.33938042988233347
COHFACE_s22_session3_natural,37,26,37.86666666666667,-1.3767743110656738,0.2995909267954309
COHFACE_s22_session3_natural,37,27,37.9,-0.6060120463371277,0.2860276450636161
COHFACE_s22_session3_natural,37,28,37.93333333333333,0.7932024002075195,0.31493609632410574
COHFACE_s22_session3_natural,37,29,37.96666666666667,1.739727258682251,0.3850630957690735
COHFACE_s22_session3_natural,37,30,38.0,1.900848150253296,0.48266609862510657
COHFACE_s22_session3_natural,37,31,38.03333333333333,1.7016091346740723,0.5883903759474919
COHFACE_s22_session3_natural,37,32,38.06666666666667,1.4794397354125977,0.6818553904621975
COHFACE_s22_session3_natural,37,33,38.1,1.3042106628417969,0.7443200186234269
COHFACE_s22_session3_natural,37,34,38.13333333333333,1.1001696586608887,0.7618912480452941
COHFACE_s22_session3_natural,37,35,38.166666666666664,0.8036501407623291,0.7299447845516573
COHFACE_s22_session3_natural,37,36,38.2,0.5645931363105774,0.6559784500967737
COHFACE_s22_session3_natural,37,37,38.233333333333334,0.5172929167747498,0.5572165611582581
COHFACE_s22_session3_natural,37,38,38.266666666666666,0.5571109652519226,0.45292626414354514
COHFACE_s22_session3_natural,37,39,38.3,0.5100961327552795,0.35613655166711505
COHFACE_s22_session3_natural,37,40,38.333333333333336,0.34169161319732666,0.27048920592560033
COHFACE_s22_session3_natural,37,41,38.36666666666667,0.11619678884744644,0.19392768179740036
COHFACE_s22_session3_natural,37,42,38.4,-0.11047681421041489,0.12474470930824298
COHFACE_s22_session3_natural,37,43,38.43333333333333,-0.3105471730232239,0.06347924634939146
COHFACE_s22_session3_natural,37,44,38.46666666666667,-0.4670398235321045,0.009266128325333106
COHFACE_s22_session3_natural,37,45,38.5,-0.5894842743873596,-0.04427376527397935
COHFACE_s22_session3_natural,37,46,38.53333333333333,-0.687261164188385,-0.1077375932246364
COHFACE_s22_session3_natural,37,47,38.56666666666667,-0.7615988850593567,-0.1886930946492405
COHFACE_s22_session3_natural,37,48,38.6,-0.8248560428619385,-0.2844775536580062
COHFACE_s22_session3_natural,37,49,38.63333333333333,-0.8893912434577942,-0.38223656383714694
COHFACE_s22_session3_natural,37,50,38.666666666666664,-0.9559614062309265,-0.46709053059432665
COHFACE_s22_session3_natural,37,51,38.7,-1.0330909490585327,-0.532133432497775
COHFACE_s22_session3_natural,37,52,38.733333333333334,-1.1159160137176514,-0.5830975195556516
COHFACE_s22_session3_natural,37,53,38.766666666666666,-1.194447636604309,-0.6353031637976687
COHFACE_s22_session3_natural,37,54,38.8,-1.269989013671875,-0.705912551771832
COHFACE_s22_session3_natural,37,55,38.833333333333336,-1.3345366716384888,-0.8062609632785652
COHFACE_s22_session3_natural,37,56,38.86666666666667,-1.3986375331878662,-0.9364564432688539
COHFACE_s22_session3_natural,37,57,38.9,-1.4782612323760986,-1.0816694512741807
COHFACE_s22_session3_natural,37,58,38.93333333333333,-1.5626744031906128,-1.2102876676478274
COHFACE_s22_session3_natural,37,59,38.96666666666667,-1.400734543800354,-1.2766311457241923
COHFACE_s22_session3_natural,37,60,39.0,-0.406152606010437,-1.2312981325160446
COHFACE_s22_session3_natural,37,61,39.03333333333333,0.9979506731033325,-1.0386477818150879
COHFACE_s22_session3_natural,37,62,39.06666666666667,1.739466667175293,-0.6949888105733684
COHFACE_s22_session3_natural,37,63,39.1,1.7402980327606201,-0.23753952660303024
COHFACE_s22_session3_natural,37,64,39.13333333333333,1.4718458652496338,0.2628599323209253
COHFACE_s22_session3_natural,37,65,39.166666666666664,1.1938270330429077,0.7237121780278706
COHFACE_s22_session3_natural,37,66,39.2,0.9733575582504272,1.0768008917338967
COHFACE_s22_session3_natural,37,67,39.233333333333334,0.7405170798301697,1.2851955784706313
COHFACE_s22_session3_natural,37,68,39.266666666666666,0.47437286376953125,1.3458393781548075
COHFACE_s22_session3_natural,37,69,39.3,0.3326460123062134,1.281875996366863
COHFACE_s22_session3_natural,37,70,39.333333333333336,0.36390236020088196,1.1322106967719372
COHFACE_s22_session3_natural,37,71,39.36666666666667,0.42472752928733826,0.9425574440445363
COHFACE_s22_session3_natural,37,72,39.4,0.36395198106765747,0.7573411962862446
COHFACE_s22_session3_natural,37,73,39.43333333333333,0.17759272456169128,0.6103959296229471
COHFACE_s22_session3_natural,37,74,39.46666666666667,-0.06402038782835007,0.5158579688539309
COHFACE_s22_session3_natural,37,75,39.5,-0.29615360498428345,0.464540521401465
COHFACE_s22_session3_natural,37,76,39.53333333333333,-0.481507807970047,0.43022334912708415
COHFACE_s22_session3_natural,37,77,39.56666666666667,-0.620542049407959,0.384356077778248
COHFACE_s22_session3_natural,37,78,39.6,-0.724200427532196,0.31085637192939974
COHFACE_s22_session3_natural,37,79,39.63333333333333,-0.8045933842658997,0.21159375220829355
COHFACE_s22_session3_natural,37,80,39.666666666666664,-0.8627135753631592,0.10031241469711183
COHFACE_s22_session3_natural,37,81,39.7,-0.9054102897644043,-0.008348570019941198
COHFACE_s22_session3_natural,37,82,39.733333333333334,-0.9559862613677979,-0.10548444247787085
COHFACE_s22_session3_natural,37,83,39.766666666666666,-1.0207695960998535,-0.18613862809498036
COHFACE_s22_session3_natural,37,84,39.8,-1.0858756303787231,-0.24343342336740023
COHFACE_s22_session3_natural,37,85,39.833333333333336,-1.1516392230987549,-0.26682488308686003
COHFACE_s22_session3_natural,37,86,39.86666666666667,-1.2289425134658813,-0.24805577705208595
COHFACE_s22_session3_natural,37,87,39.9,-1.3313353061676025,-0.1903913977447119
COHFACE_s22_session3_natural,37,88,39.93333333333333,-1.4536184072494507,-0.11308573181406964
COHFACE_s22_session3_natural,37,89,39.96666666666667,-1.5206725597381592,-0.04642232875438624
COHFACE_s22_session3_natural,37,90,40.0,-1.116772174835205,-0.020183633687897756
COHFACE_s22_session3_natural,37,91,40.03333333333333,0.12532925605773926,-0.053130162973975374
COHFACE_s22_session3_natural,37,92,40.06666666666667,1.2618862390518188,-0.14869547670258446
COHFACE_s22_session3_natural,37,93,40.1,1.5751320123672485,-0.2963589065569559
COHFACE_s22_session3_natural,37,94,40.13333333333333,1.3647381067276,-0.47510557339277126
COHFACE_s22_session3_natural,37,95,40.166666666666664,1.0374833345413208,-0.6568172191117466
COHFACE_s22_session3_natural,37,96,40.2,0.7429738640785217,-0.8109360787390514
COHFACE_s22_session3_natural,37,97,40.233333333333334,0.4703029692173004,-0.9124751216051601
COHFACE_s22_session3_natural,37,98,40.266666666666666,0.18794119358062744,-0.9513242044602843
COHFACE_s22_session3_natural,37,99,40.3,0.033210527151823044,-0.9364713157322265
COHFACE_s22_session3_natural,37,100,40.333333333333336,0.08974243700504303,-0.8898105069762761
COHFACE_s22_session3_natural,37,101,40.36666666666667,0.2289504110813141,-0.8308911330839149
COHFACE_s22_session3_natural,37,102,40.4,0.2574893534183502,-0.7617139419256908
COHFACE_s22_session3_natural,37,103,40.43333333333333,0.11709018796682358,-0.6626020823526366
COHFACE_s22_session3_natural,37,104,40.46666666666667,-0.10965786874294281,-0.5031871886780603
COHFACE_s22_session3_natural,37,105,40.5,-0.3423122465610504,-0.26215269525278523
COHFACE_s22_session3_natural,37,106,40.53333333333333,-0.5427176356315613,0.056342677752945346
COHFACE_s22_session3_natural,37,107,40.56666666666667,-0.6956366896629333,0.41899809343501837
COHFACE_s22_session3_natural,37,108,40.6,-0.8041218519210815,0.7731051724085928
COHFACE_s22_session3_natural,37,109,40.63333333333333,-0.8788690567016602,1.0627562411753415
COHFACE_s22_session3_natural,37,110,40.666666666666664,-0.9201016426086426,1.2438806261804494
COHFACE_s22_session3_natural,37,111,40.7,-0.9412949085235596,1.294396135026316
COHFACE_s22_session3_natural,37,112,40.733333333333334,-0.9609371423721313,1.219094399430063
COHFACE_s22_session3_natural,37,113,40.766666666666666,-0.9974173307418823,1.0492001253045493
COHFACE_s22_session3_natural,37,114,40.8,-1.0626474618911743,0.8350935562189982
COHFACE_s22_session3_natural,37,115,40.833333333333336,-1.1695691347122192,0.6315245880390611
COHFACE_s22_session3_natural,37,116,40.86666666666667,-1.2647403478622437,0.4795611476066212
COHFACE_s22_session3_natural,37,117,40.9,-1.0673749446868896,0.3938759166068847
COHFACE_s22_session3_natural,37,118,40.93333333333333,-0.0667998343706131,0.362458673685485
COHFACE_s22_session3_natural,37,119,40.96666666666667,1.1570490598678589,0.3585866537940564
COHFACE_s22_session3_natural,37,120,41.0,1.6817808151245117,0.3567433602376271
COHFACE_s22_session3_natural,37,121,41.03333333333333,1.573258399963379,0.3420816204067686
COHFACE_s22_session3_natural,37,122,41.06666666666667,1.2674450874328613,0.30957008356797955
COHFACE_s22_session3_natural,37,123,41.1,0.9780106544494629,0.2576055882326556
COHFACE_s22_session3_natural,37,124,41.13333333333333,0.7366580963134766,0.18369987657847037
COHFACE_s22_session3_natural,37,125,41.166666666666664,0.4683796763420105,0.08580816896034384
COHFACE_s22_session3_natural,37,126,41.2,0.24822039902210236,-0.03365453335208123
COHFACE_s22_session3_natural,37,127,41.233333333333334,0.2234535664319992,-0.16681524992854313
COHFACE_s22_session3_natural,37,128,41.266666666666666,0.34449589252471924,-0.3043103153081293
COHFACE_s22_session3_natural,37,129,41.3,0.4105572998523712,-0.4405826683856928
COHFACE_s22_session3_natural,37,130,41.333333333333336,0.3088718354701996,-0.5754610647312618
COHFACE_s22_session3_natural,37,131,41.36666666666667,0.09665382653474808,-0.7104203522634116
COHFACE_s22_session3_natural,37,132,41.4,-0.1320299208164215,-0.8428446776323791
COHFACE_s22_session3_natural,37,133,41.43333333333333,-0.33471840620040894,-0.9634230794214783
COHFACE_s22_session3_natural,37,134,41.46666666666667,-0.49819687008857727,-1.0585877373139758
COHFACE_s22_session3_natural,37,135,41.5,-0.6181472539901733,-1.1152277762807745
COHFACE_s22_session3_natural,37,136,41.53333333333333,-0.6983168721199036,-1.1234548105682542
COHFACE_s22_session3_natural,37,137,41.56666666666667,-0.7397355437278748,-1.0759498240448686
COHFACE_s22_session3_natural,37,138,41.6,-0.7667855024337769,-0.9667672861379696
COHFACE_s22_session3_natural,37,139,41.63333333333333,-0.7978929281234741,-0.7937290351447589
COHFACE_s22_session3_natural,37,140,41.666666666666664,-0.8667462468147278,-0.5645732382739537
COHFACE_s22_session3_natural,37,141,41.7,-0.9594977498054504,-0.30184024082753014
COHFACE_s22_session3_natural,37,142,41.733333333333334,-0.9184513092041016,-0.0404862239754062
COHFACE_s22_session3_natural,37,143,41.766666666666666,-0.26679572463035583,0.18313024847774131
COHFACE_s22_session3_natural,37,144,41.8,0.9289484620094299,0.34510726974949435
COHFACE_s22_session3_natural,37,145,41.833333333333336,1.7327165603637695,0.44190222390771405
COHFACE_s22_session3_natural,37,146,41.86666666666667,1.8450980186462402,0.48811135539349265
COHFACE_s22_session3_natural,37,147,41.9,1.6149624586105347,0.5074079523727765
COHFACE_s22_session3_natural,37,148,41.93333333333333,1.342713475227356,0.5233122591854893
COHFACE_s22_session3_natural,37,149,41.96666666666667,1.1430028676986694,0.5540244711956535
COHFACE_s22_session3_natural,37,150,42.0,0.9376590847969055,0.6103410335548658
COHFACE_s22_session3_natural,37,151,42.03333333333333,0.6784634590148926,0.6934103168697949
COHFACE_s22_session3_natural,37,152,42.06666666666667,0.5097735524177551,0.7923149840732966
COHFACE_s22_session3_natural,37,153,42.1,0.5133719444274902,0.8851279469058613
COHFACE_s22_session3_natural,37,154,42.13333333333333,0.5712935924530029,0.9457204398959534
COHFACE_s22_session3_natural,37,155,42.166666666666664,0.5271946787834167,0.9537479588033844
COHFACE_s22_session3_natural,37,156,42.2,0.35777267813682556,0.9018747965496935
COHFACE_s22_session3_natural,37,157,42.233333333333334,0.13215377926826477,0.7958012295723269
COHFACE_s22_session3_natural,37,158,42.266666666666666,-0.0922367125749588,0.6484022087456397
COHFACE_s22_session3_natural,37,159,42.3,-0.27739235758781433,0.4738174103460938
COHFACE_s22_session3_natural,37,160,42.333333333333336,-0.4216008484363556,0.28607309405539805
COHFACE_s22_session3_natural,37,161,42.36666666666667,-0.5299495458602905,0.10144004109861446
COHFACE_s22_session3_natural,37,162,42.4,-0.609771728515625,-0.06069173893989971
COHFACE_s22_session3_natural,37,163,42.43333333333333,-0.6728179454803467,-0.18285615039385839
COHFACE_s22_session3_natural,37,164,42.46666666666667,-0.7171153426170349,-0.2588202564653205
COHFACE_s22_session3_natural,37,165,42.5,-0.7529006600379944,-0.29989004562136995
COHFACE_s22_session3_natural,37,166,42.53333333333333,-0.8043327927589417,-0.33157425330271567
COHFACE_s22_session3_natural,37,167,42.56666666666667,-0.8775165677070618,-0.38072306854117455
COHFACE_s22_session3_natural,37,168,42.6,-0.9774773120880127,-0.4610877975919382
COHFACE_s22_session3_natural,37,169,42.63333333333333,-1.0964722633361816,-0.5671051735624838
COHFACE_s22_session3_natural,37,170,42.666666666666664,-1.001251459121704,-0.6790114526879952
COHFACE_s22_session3_natural,37,171,42.7,-0.13325832784175873,-0.7737570695106668
COHFACE_s22_session3_natural,37,172,42.733333333333334,1.1760088205337524,-0.8335469499568454
COHFACE_s22_session3_natural,37,173,42.766666666666666,1.9149067401885986,-0.8480253762887056
COHFACE_s22_session3_natural,37,174,42.8,1.9662519693374634,-0.812611219047251
COHFACE_s22_session3_natural,37,175,42.833333333333336,1.7523216009140015,-0.7281215276895687
COHFACE_s22_session3_natural,37,176,42.86666666666667,1.531330943107605,-0.603095383522638
COHFACE_s22_session3_natural,37,177,42.9,1.3576281070709229,-0.4550077013700114
COHFACE_s22_session3_natural,37,178,42.93333333333333,1.1534630060195923,-0.30599431897452
COHFACE_s22_session3_natural,37,179,42.96666666666667,0.8767222166061401,-0.1736326043672338
COHFACE_s22_session3_natural,37,180,43.0,0.6809947490692139,-0.0634925223955173
COHFACE_s22_session3_natural,37,181,43.03333333333333,0.6495398879051208,0.029392331221314263
COHFACE_s22_session3_natural,37,182,43.06666666666667,0.666886568069458,0.11067015392001779
COHFACE_s22_session3_natural,37,183,43.1,0.5979464650154114,0.1770366399946184
COHFACE_s22_session3_natural,37,184,43.13333333333333,0.4277799427509308,0.21544787988814404
COHFACE_s22_session3_natural,37,185,43.166666666666664,0.20048591494560242,0.21243719793901863
COHFACE_s22_session3_natural,37,186,43.2,-0.03342168405652046,0.16650522685483005
COHFACE_s22_session3_natural,37,187,43.233333333333334,-0.22686603665351868,0.09410942937112765
COHFACE_s22_session3_natural,37,188,43.266666666666666,-0.3762611746788025,0.025264840155940438
COHFACE_s22_session3_natural,37,189,43.3,-0.4981348514556885,-0.007528585330293514
COHFACE_s22_session3_natural,37,190,43.333333333333336,-0.591097354888916,0.019798634008164815
COHFACE_s22_session3_natural,37,191,43.36666666666667,-0.6579653024673462,0.11661628884561692
COHFACE_s22_session3_natural,37,192,43.4,-0.7189145088195801,0.2760413173820695
COHFACE_s22_session3_natural,37,193,43.43333333333333,-0.7867751717567444,0.47595498328709374
COHFACE_s22_session3_natural,37,194,43.46666666666667,-0.85787433385849,0.682062479479813
COHFACE_s22_session3_natural,37,195,43.5,-0.9299041628837585,0.8545252235835603
COHFACE_s22_session3_natural,37,196,43.53333333333333,-1.0087708234786987,0.9584921438197644
COHFACE_s22_session3_natural,37,197,43.56666666666667,-1.0849201679229736,0.975207541544824
COHFACE_s22_session3_natural,37,198,43.6,-1.1528428792953491,0.9078099098618259
COHFACE_s22_session3_natural,37,199,43.63333333333333,-1.2242894172668457,0.7777079000943755
COHFACE_s22_session3_natural,37,200,43.666666666666664,-1.3165446519851685,0.6134416878055792
COHFACE_s22_session3_natural,37,201,43.7,-1.4037373065948486,0.43903062048742664
COHFACE_s22_session3_natural,37,202,43.733333333333334,-1.2141271829605103,0.2682410777920815
COHFACE_s22_session3_natural,37,203,43.766666666666666,-0.16171041131019592,0.10611193804167593
COHFACE_s22_session3_natural,37,204,43.8,1.2621468305587769,-0.04608141069577445
COHFACE_s22_session3_natural,37,205,43.833333333333336,1.995336890220642,-0.1874445716129141
COHFACE_s22_session3_natural,37,206,43.86666666666667,2.0204386711120605,-0.31722879795875036
COHFACE_s22_session3_natural,37,207,43.9,1.7985919713974,-0.4353416007243509
COHFACE_s22_session3_natural,37,208,43.93333333333333,1.5677987337112427,-0.5409563127856847
COHFACE_s22_session3_natural,37,209,43.96666666666667,1.382109522819519,-0.6296325473330822
COHFACE_s22_session3_natural,37,210,44.0,1.1472340822219849,-0.6923329692644923
COHFACE_s22_session3_natural,37,211,44.03333333333333,0.8543626070022583,-0.7191463768095715
COHFACE_s22_session3_natural,37,212,44.06666666666667,0.6765030026435852,-0.7060327995730621
COHFACE_s22_session3_natural,37,213,44.1,0.664429783821106,-0.659124546449132
COHFACE_s22_session3_natural,37,214,44.13333333333333,0.6840223670005798,-0.5924220861444458
COHFACE_s22_session3_natural,37,215,44.166666666666664,0.6124392747879028,-0.5200288195399787
COHFACE_s22_session3_natural,37,216,44.2,0.43404608964920044,-0.4489084216102636
COHFACE_s22_session3_natural,37,217,44.233333333333334,0.1966269612312317,-0.37811920566634294
COHFACE_s22_session3_natural,37,218,44.266666666666666,-0.043459948152303696,-0.30485285816879704
COHFACE_s22_session3_natural,37,219,44.3,-0.24102383852005005,-0.23151804325838182
COHFACE_s22_session3_natural,37,220,44.333333333333336,-0.4037950336933136,-0.16718169626516433
COHFACE_s22_session3_natural,37,221,44.36666666666667,-0.5383499264717102,-0.12141993481155239
COHFACE_s22_session3_natural,37,222,44.4,-0.6339677572250366,-0.09525296115025222
COHFACE_s22_session3_natural,37,223,44.43333333333333,-0.7055012583732605,-0.0767507183052131
COHFACE_s22_session3_natural,37,224,44.46666666666667,-0.7648622393608093,-0.04529845275356769
COHFACE_s22_session3_natural,37,225,44.5,-0.8215802907943726,0.01807674240587402
COHFACE_s22_session3_natural,37,226,44.53333333333333,-0.8902846574783325,0.12093275608010358
COHFACE_s22_session3_natural,37,227,44.56666666666667,-0.9726132750511169,0.2556765591372871
COHFACE_s22_session3_natural,37,228,44.6,-1.055798053741455,0.40243116929191514
COHFACE_s22_session3_natural,37,229,44.63333333333333,-1.1409558057785034,0.5350725156455939
COHFACE_s22_session3_natural,37,230,44.666666666666664,-1.221435546875,0.6273047274730511
COHFACE_s22_session3_natural,37,231,44.7,-1.2937383651733398,0.6582318869295137
COHFACE_s22_session3_natural,37,232,44.733333333333334,-1.3873709440231323,0.6180468049084167
COHFACE_s22_session3_natural,37,233,44.766666666666666,-1.4955706596374512,0.5131161583795864
COHFACE_s22_session3_natural,37,234,44.8,-1.466460943222046,0.3674588329957964
COHFACE_s22_session3_natural,37,235,44.833333333333336,-0.721073567867279,0.21745335680172093
COHFACE_s22_session3_natural,37,236,44.86666666666667,0.7373281121253967,0.10003213464886675
COHFACE_s22_session3_natural,37,237,44.9,1.7629306316375732,0.038999206609101465
COHFACE_s22_session3_natural,37,238,44.93333333333333,1.9456790685653687,0.03583714870755158
COHFACE_s22_session3_natural,37,239,44.96666666666667,1.7053192853927612,0.0693878853444132
COHFACE_s22_session3_natural,38,0,38.0,1.900848150253296,0.06518181663372336
COHFACE_s22_session3_natural,38,1,38.03333333333333,1.7016091346740723,0.1236432703804335
COHFACE_s22_session3_natural,38,2,38.06666666666667,1.4794397354125977,0.16841496349376134
COHFACE_s22_session3_natural,38,3,38.1,1.3042106628417969,0.19156427368852738
COHFACE_s22_session3_natural,38,4,38.13333333333333,1.1001696586608887,0.19498853560649684
COHFACE_s22_session3_natural,38,5,38.166666666666664,0.8036501407623291,0.18903460632713182
COHFACE_s22_session3_natural,38,6,38.2,0.5645931363105774,0.1865988785309613
COHFACE_s22_session3_natural,38,7,38.233333333333334,0.5172929167747498,0.19554844719463607
COHFACE_s22_session3_natural,38,8,38.266666666666666,0.5571109652519226,0.21386560719754774
COHFACE_s22_session3_natural,38,9,38.3,0.5100961327552795,0.23101133767588564
COHFACE_s22_session3_natural,38,10,38.333333333333336,0.34169161319732666,0.23536084515903272
COHFACE_s22_session3_natural,38,11,38.36666666666667,0.11619678884744644,0.2232458114728018
COHFACE_s22_session3_natural,38,12,38.4,-0.11047681421041489,0.2031433079066599
COHFACE_s22_session3_natural,38,13,38.43333333333333,-0.3105471730232239,0.19100142603233797
COHFACE_s22_session3_natural,38,14,38.46666666666667,-0.4670398235321045,0.19885481041622224
COHFACE_s22_session3_natural,38,15,38.5,-0.5894842743873596,0.22422581645204362
COHFACE_s22_session3_natural,38,16,38.53333333333333,-0.687261164188385,0.247938173401939
COHFACE_s22_session3_natural,38,17,38.56666666666667,-0.7615988850593567,0.2426056246962048
COHFACE_s22_session3_natural,38,18,38.6,-0.8248560428619385,0.18670988999795537
COHFACE_s22_session3_natural,38,19,38.63333333333333,-0.8893912434577942,0.07543621432549029
COHFACE_s22_session3_natural,38,20,38.666666666666664,-0.9559614062309265,-0.07769944419878155
COHFACE_s22_session3_natural,38,21,38.7,-1.0330909490585327,-0.24816505331081962
COHFACE_s22_session3_natural,38,22,38.733333333333334,-1.1159160137176514,-0.4118559375891367
COHFACE_s22_session3_natural,38,23,38.766666666666666,-1.194447636604309,-0.5548225091909449
COHFACE_s22_session3_natural,38,24,38.8,-1.269989013671875,-0.6771505958788518
COHFACE_s22_session3_natural,38,25,38.833333333333336,-1.3345366716384888,-0.7895669681858912
COHFACE_s22_session3_natural,38,26,38.86666666666667,-1.3986375331878662,-0.9037841781430213
COHFACE_s22_session3_natural,38,27,38.9,-1.4782612323760986,-1.0201163687680206
COHFACE_s22_session3_natural,38,28,38.93333333333333,-1.5626744031906128,-1.1184133037867448
COHFACE_s22_session3_natural,38,29,38.96666666666667,-1.400734543800354,-1.158586863592443
COHFACE_s22_session3_natural,38,30,39.0,-0.406152606010437,-1.0931854390827629
COHFACE_s22_session3_natural,38,31,39.03333333333333,0.9979506731033325,-0.8881001199570281
COHFACE_s22_session3_natural,38,32,39.06666666666667,1.739466667175293,-0.5420670249320921
COHFACE_s22_session3_natural,38,33,39.1,1.7402980327606201,-0.09464667568724854
COHFACE_s22_session3_natural,38,34,39.13333333333333,1.4718458652496338,0.382777415797999
COHFACE_s22_session3_natural,38,35,39.166666666666664,1.1938270330429077,0.8098557316105336
COHFACE_s22_session3_natural,38,36,39.2,0.9733575582504272,1.1232242789579192
COHFACE_s22_session3_natural,38,37,39.233333333333334,0.7405170798301697,1.2933891086388842
COHFACE_s22_session3_natural,38,38,39.266666666666666,0.47437286376953125,1.3266753469728907
COHFACE_s22_session3_natural,38,39,39.3,0.3326460123062134,1.2548753144775797
COHFACE_s22_session3_natural,38,40,39.333333333333336,0.36390236020088196,1.1196531360152506
COHFACE_s22_session3_natural,38,41,39.36666666666667,0.42472752928733826,0.9583154157250605
COHFACE_s22_session3_natural,38,42,39.4,0.36395198106765747,0.7947800449950103
COHFACE_s22_session3_natural,38,43,39.43333333333333,0.17759272456169128,0.6369399636645664
COHFACE_s22_session3_natural,38,44,39.46666666666667,-0.06402038782835007,0.4801912652236136
COHFACE_s22_session3_natural,38,45,39.5,-0.29615360498428345,0.3157476101327237
COHFACE_s22_session3_natural,38,46,39.53333333333333,-0.481507807970047,0.14053625917907472
COHFACE_s22_session3_natural,38,47,39.56666666666667,-0.620542049407959,-0.03607551756792823
COHFACE_s22_session3_natural,38,48,39.6,-0.724200427532196,-0.19297200054439181
COHFACE_s22_session3_natural,38,49,39.63333333333333,-0.8045933842658997,-0.30609664945384707
COHFACE_s22_session3_natural,38,50,39.666666666666664,-0.8627135753631592,-0.3607110711906743
COHFACE_s22_session3_natural,38,51,39.7,-0.9054102897644043,-0.3593438346127166
COHFACE_s22_session3_natural,38,52,39.733333333333334,-0.9559862613677979,-0.31997660142830564
COHFACE_s22_session3_natural,38,53,39.766666666666666,-1.0207695960998535,-0.2653904048291868
COHFACE_s22_session3_natural,38,54,39.8,-1.0858756303787231,-0.2107564253185409
COHFACE_s22_session3_natural,38,55,39.833333333333336,-1.1516392230987549,-0.15793527334025614
COHFACE_s22_session3_natural,38,56,39.86666666666667,-1.2289425134658813,-0.10007615220744229
COHFACE_s22_session3_natural,38,57,39.9,-1.3313353061676025,-0.03287767865704744
COHFACE_s22_session3_natural,38,58,39.93333333333333,-1.4536184072494507,0.03538089533824515
COHFACE_s22_session3_natural,38,59,39.96666666666667,-1.5206725597381592,0.08186473363184152
COHFACE_s22_session3_natural,38,60,40.0,-1.116772174835205,0.07683966428643942
COHFACE_s22_session3_natural,38,61,40.03333333333333,0.12532925605773926,-0.0030801430643127284
COHFACE_s22_session3_natural,38,62,40.06666666666667,1.2618862390518188,-0.1626358180268073
COHFACE_s22_session3_natural,38,63,40.1,1.5751320123672485,-0.38220169538455145
COHFACE_s22_session3_natural,38,64,40.13333333333333,1.3647381067276,-0.6213683307119761
COHFACE_s22_session3_natural,38,65,40.166666666666664,1.0374833345413208,-0.8309565726254198
COHFACE_s22_session3_natural,38,66,40.2,0.7429738640785217,-0.9692689976205294
COHFACE_s22_session3_natural,38,67,40.233333333333334,0.4703029692173004,-1.0162412237099256
COHFACE_s22_session3_natural,38,68,40.266666666666666,0.18794119358062744,-0.9790912952096392
COHFACE_s22_session3_natural,38,69,40.3,0.033210527151823044,-0.885969027877193
COHFACE_s22_session3_natural,38,70,40.333333333333336,0.08974243700504303,-0.7696392161949986
COHFACE_s22_session3_natural,38,71,40.36666666666667,0.2289504110813141,-0.6489267691909086
COHFACE_s22_session3_natural,38,72,40.4,0.2574893534183502,-0.5181305412253697
COHFACE_s22_session3_natural,38,73,40.43333333333333,0.11709018796682358,-0.35127792825160337
COHFACE_s22_session3_natural,38,74,40.46666666666667,-0.10965786874294281,-0.11965774708007162
COHFACE_s22_session3_natural,38,75,40.5,-0.3423122465610504,0.18701804590479587
COHFACE_s22_session3_natural,38,76,40.53333333333333,-0.5427176356315613,0.5476328612087796
COHFACE_s22_session3_natural,38,77,40.56666666666667,-0.6956366896629333,0.9119086152588735
COHFACE_s22_session3_natural,38,78,40.6,-0.8041218519210815,1.2164113289264948
COHFACE_s22_session3_natural,38,79,40.63333333333333,-0.8788690567016602,1.4061189904609186
COHFACE_s22_session3_natural,38,80,40.666666666666664,-0.9201016426086426,1.4522103457110356
COHFACE_s22_session3_natural,38,81,40.7,-0.9412949085235596,1.360027178993809
COHFACE_s22_session3_natural,38,82,40.733333333333334,-0.9609371423721313,1.1656026037280696
COHFACE_s22_session3_natural,38,83,40.766666666666666,-0.9974173307418823,0.9228068409513026
COHFACE_s22_session3_natural,38,84,40.8,-1.0626474618911743,0.6855573285554277
COHFACE_s22_session3_natural,38,85,40.833333333333336,-1.1695691347122192,0.491022364295383
COHFACE_s22_session3_natural,38,86,40.86666666666667,-1.2647403478622437,0.35020084933746165
COHFACE_s22_session3_natural,38,87,40.9,-1.0673749446868896,0.25016575299823757
COHFACE_s22_session3_natural,38,88,40.93333333333333,-0.0667998343706131,0.16700577151284884
COHFACE_s22_session3_natural,38,89,40.96666666666667,1.1570490598678589,0.0825122237861424
COHFACE_s22_session3_natural,38,90,41.0,1.6817808151245117,-0.005197182171352887
COHFACE_s22_session3_natural,38,91,41.03333333333333,1.573258399963379,-0.08362501351979333
COHFACE_s22_session3_natural,38,92,41.06666666666667,1.2674450874328613,-0.13834252810363912
COHFACE_s22_session3_natural,38,93,41.1,0.9780106544494629,-0.16648087269114725
COHFACE_s22_session3_natural,38,94,41.13333333333333,0.7366580963134766,-0.18159498773329377
COHFACE_s22_session3_natural,38,95,41.166666666666664,0.4683796763420105,-0.20679509202572602
COHFACE_s22_session3_natural,38,96,41.2,0.24822039902210236,-0.26137763800869457
COHFACE_s22_session3_natural,38,97,41.233333333333334,0.2234535664319992,-0.35018485985672126
COHFACE_s22_session3_natural,38,98,41.266666666666666,0.34449589252471924,-0.4618006201735213
COHFACE_s22_session3_natural,38,99,41.3,0.4105572998523712,-0.5751493898064634
COHFACE_s22_session3_natural,38,100,41.333333333333336,0.3088718354701996,-0.6695666652730567
COHFACE_s22_session3_natural,38,101,41.36666666666667,0.09665382653474808,-0.7329078995691508
COHFACE_s22_session3_natural,38,102,41.4,-0.1320299208164215,-0.7646895961959383
COHFACE_s22_session3_natural,38,103,41.43333333333333,-0.33471840620040894,-0.7741678238788817
COHFACE_s22_session3_natural,38,104,41.46666666666667,-0.49819687008857727,-0.7747967164975225
COHFACE_s22_session3_natural,38,105,41.5,-0.6181472539901733,-0.7769797556593765
COHFACE_s22_session3_natural,38,106,41.53333333333333,-0.6983168721199036,-0.78148450581161
COHFACE_s22_session3_natural,38,107,41.56666666666667,-0.7397355437278748,-0.7764403774557338
COHFACE_s22_session3_natural,38,108,41.6,-0.7667855024337769,-0.7405958062976312
COHFACE_s22_session3_natural,38,109,41.63333333333333,-0.7978929281234741,-0.6530959505336056
COHFACE_s22_session3_natural,38,110,41.666666666666664,-0.8667462468147278,-0.5057021917883676
COHFACE_s22_session3_natural,38,111,41.7,-0.9594977498054504,-0.3104829150401174
COHFACE_s22_session3_natural,38,112,41.733333333333334,-0.9184513092041016,-0.0976283362595446
COHFACE_s22_session3_natural,38,113,41.766666666666666,-0.26679572463035583,0.09649474903148406
COHFACE_s22_session3_natural,38,114,41.8,0.9289484620094299,0.2450174502104969
COHFACE_s22_session3_natural,38,115,41.833333333333336,1.7327165603637695,0.3416275013189308
COHFACE_s22_session3_natural,38,116,41.86666666666667,1.8450980186462402,0.401710455385091
COHFACE_s22_session3_natural,38,117,41.9,1.6149624586105347,0.453989647610743
COHFACE_s22_session3_natural,38,118,41.93333333333333,1.342713475227356,0.527438606867194
COHFACE_s22_session3_natural,38,119,41.96666666666667,1.1430028676986694,0.639350853679331
COHFACE_s22_session3_natural,38,120,42.0,0.9376590847969055,0.7887079498178531
COHFACE_s22_session3_natural,38,121,42.03333333333333,0.6784634590148926,0.9563305650542377
COHFACE_s22_session3_natural,38,122,42.06666666666667,0.5097735524177551,1.1113170028849004
COHFACE_s22_session3_natural,38,123,42.1,0.5133719444274902,1.2215960572393998
COHFACE_s22_session3_natural,38,124,42.13333333333333,0.5712935924530029,1.2645920939855346
COHFACE_s22_session3_natural,38,125,42.166666666666664,0.5271946787834167,1.2333740767906867
COHFACE_s22_session3_natural,38,126,42.2,0.35777267813682556,1.135585417511187
COHFACE_s22_session3_natural,38,127,42.233333333333334,0.13215377926826477,0.9863166031802201
COHFACE_s22_session3_natural,38,128,42.266666666666666,-0.0922367125749588,0.7997063295011343
COHFACE_s22_session3_natural,38,129,42.3,-0.27739235758781433,0.5846975671110685
COHFACE_s22_session3_natural,38,130,42.333333333333336,-0.4216008484363556,0.34705357295309025
COHFACE_s22_session3_natural,38,131,42.36666666666667,-0.5299495458602905,0.09495687010780919
COHFACE_s22_session3_natural,38,132,42.4,-0.609771728515625,-0.15711116943092263
COHFACE_s22_session3_natural,38,133,42.43333333333333,-0.6728179454803467,-0.3900443184228266
COHFACE_s22_session3_natural,38,134,42.46666666666667,-0.7171153426170349,-0.5865262230026234
COHFACE_s22_session3_natural,38,135,42.5,-0.7529006600379944,-0.7374186772296085
COHFACE_s22_session3_natural,38,136,42.53333333333333,-0.8043327927589417,-0.8434781021532068
COHFACE_s22_session3_natural,38,137,42.56666666666667,-0.8775165677070618,-0.9115868434669567
COHFACE_s22_session3_natural,38,138,42.6,-0.9774773120880127,-0.9490813778543249
COHFACE_s22_session3_natural,38,139,42.63333333333333,-1.0964722633361816,-0.9608309929769903
COHFACE_s22_session3_natural,38,140,42.666666666666664,-1.001251459121704,-0.9502706171963663
COHFACE_s22_session3_natural,38,141,42.7,-0.13325832784175873,-0.9214768434245069
COHFACE_s22_session3_natural,38,142,42.733333333333334,1.1760088205337524,-0.878882835018844
COHFACE_s22_session3_natural,38,143,42.766666666666666,1.9149067401885986,-0.8242932879549241
COHFACE_s22_session3_natural,38,144,42.8,1.9662519693374634,-0.7544014879494731
COHFACE_s22_session3_natural,38,145,42.833333333333336,1.7523216009140015,-0.6624694651867311
COHFACE_s22_session3_natural,38,146,42.86666666666667,1.531330943107605,-0.5441981112744116
COHFACE_s22_session3_natural,38,147,42.9,1.3576281070709229,-0.40362382639044486
COHFACE_s22_session3_natural,38,148,42.93333333333333,1.1534630060195923,-0.2542490079999123
COHFACE_s22_session3_natural,38,149,42.96666666666667,0.8767222166061401,-0.11402447417296221
COHFACE_s22_session3_natural,38,150,43.0,0.6809947490692139,0.002403092563065071
COHFACE_s22_session3_natural,38,151,43.03333333333333,0.6495398879051208,0.08864999171623116
COHFACE_s22_session3_natural,38,152,43.06666666666667,0.666886568069458,0.14584960859691307
COHFACE_s22_session3_natural,38,153,43.1,0.5979464650154114,0.17804186583230974
COHFACE_s22_session3_natural,38,154,43.13333333333333,0.4277799427509308,0.18829477522637392
COHFACE_s22_session3_natural,38,155,43.166666666666664,0.20048591494560242,0.17896302680171303
COHFACE_s22_session3_natural,38,156,43.2,-0.03342168405652046,0.15542390871710035
COHFACE_s22_session3_natural,38,157,43.233333333333334,-0.22686603665351868,0.12947561421673243
COHFACE_s22_session3_natural,38,158,43.266666666666666,-0.3762611746788025,0.11914978963936926
COHFACE_s22_session3_natural,38,159,43.3,-0.4981348514556885,0.14456327940495836
COHFACE_s22_session3_natural,38,160,43.333333333333336,-0.591097354888916,0.22170809565552213
COHFACE_s22_session3_natural,38,161,43.36666666666667,-0.6579653024673462,0.3566353309943901
COHFACE_s22_session3_natural,38,162,43.4,-0.7189145088195801,0.5417817417007912
COHFACE_s22_session3_natural,38,163,43.43333333333333,-0.7867751717567444,0.7553809573029051
COHFACE_s22_session3_natural,38,164,43.46666666666667,-0.85787433385849,0.9646313126808653
COHFACE_s22_session3_natural,38,165,43.5,-0.9299041628837585,1.1327295432552453
COHFACE_s22_session3_natural,38,166,43.53333333333333,-1.0087708234786987,1.2282682688924407
COHFACE_s22_session3_natural,38,167,43.56666666666667,-1.0849201679229736,1.2336871838614067
COHFACE_s22_session3_natural,38,168,43.6,-1.1528428792953491,1.1490281514061498
COHFACE_s22_session3_natural,38,169,43.63333333333333,-1.2242894172668457,0.9891905091968501
COHFACE_s22_session3_natural,38,170,43.666666666666664,-1.3165446519851685,0.7765514733663823
COHFACE_s22_session3_natural,38,171,43.7,-1.4037373065948486,0.5333569315530147
COHFACE_s22_session3_natural,38,172,43.733333333333334,-1.2141271829605103,0.2775019478014049
COHFACE_s22_session3_natural,38,173,43.766666666666666,-0.16171041131019592,0.022280745602078808
COHFACE_s22_session3_natural,38,174,43.8,1.2621468305587769,-0.22195298560531143
COHFACE_s22_session3_natural,38,175,43.833333333333336,1.995336890220642,-0.4465557237672939
COHFACE_s22_session3_natural,38,176,43.86666666666667,2.0204386711120605,-0.6441581356975804
COHFACE_s22_session3_natural,38,177,43.9,1.7985919713974,-0.8078355294481802
COHFACE_s22_session3_natural,38,178,43.93333333333333,1.5677987337112427,-0.9296438484036157
COHFACE_s22_session3_natural,38,179,43.96666666666667,1.382109522819519,-1.0002929985598412
COHFACE_s22_session3_natural,38,180,44.0,1.1472340822219849,-1.01209254677822
COHFACE_s22_session3_natural,38,181,44.03333333333333,0.8543626070022583,-0.9648194782213557
COHFACE_s22_session3_natural,38,182,44.06666666666667,0.6765030026435852,-0.8703446492749349
COHFACE_s22_session3_natural,38,183,44.1,0.664429783821106,-0.7510198506030181
COHFACE_s22_session3_natural,38,184,44.13333333333333,0.6840223670005798,-0.6312305589737727
COHFACE_s22_session3_natural,38,185,44.166666666666664,0.6124392747879028,-0.5273010614222864
COHFACE_s22_session3_natural,38,186,44.2,0.43404608964920044,-0.44274091002984967
COHFACE_s22_session3_natural,38,187,44.233333333333334,0.1966269612312317,-0.37205929260832304
COHFACE_s22_session3_natural,38,188,44.266666666666666,-0.043459948152303696,-0.3096591031499285
COHFACE_s22_session3_natural,38,189,44.3,-0.24102383852005005,-0.25627053285049306
COHFACE_s22_session3_natural,38,190,44.333333333333336,-0.4037950336933136,-0.21775089759375127
COHFACE_s22_session3_natural,38,191,44.36666666666667,-0.5383499264717102,-0.19759341516746542
COHFACE_s22_session3_natural,38,192,44.4,-0.6339677572250366,-0.1898332849543652
COHFACE_s22_session3_natural,38,193,44.43333333333333,-0.7055012583732605,-0.1789872517507662
COHFACE_s22_session3_natural,38,194,44.46666666666667,-0.7648622393608093,-0.1478891076786898
COHFACE_s22_session3_natural,38,195,44.5,-0.8215802907943726,-0.08769678033313386
COHFACE_s22_session3_natural,38,196,44.53333333333333,-0.8902846574783325,-0.002485335324871874
COHFACE_s22_session3_natural,38,197,44.56666666666667,-0.9726132750511169,0.0949758632149908
COHFACE_s22_session3_natural,38,198,44.6,-1.055798053741455,0.19257106368087787
COHFACE_s22_session3_natural,38,199,44.63333333333333,-1.1409558057785034,0.2857449041578945
COHFACE_s22_session3_natural,38,200,44.666666666666664,-1.221435546875,0.37729970684578934
COHFACE_s22_session3_natural,38,201,44.7,-1.2937383651733398,0.4715281866897574
COHFACE_s22_session3_natural,38,202,44.733333333333334,-1.3873709440231323,0.5678239991988937
COHFACE_s22_session3_natural,38,203,44.766666666666666,-1.4955706596374512,0.6582772788429293
COHFACE_s22_session3_natural,38,204,44.8,-1.466460943222046,0.7302405067787642
COHFACE_s22_session3_natural,38,205,44.833333333333336,-0.721073567867279,0.771587186249928
COHFACE_s22_session3_natural,38,206,44.86666666666667,0.7373281121253967,0.775664484193129
COHFACE_s22_session3_natural,38,207,44.9,1.7629306316375732,0.7440539821697684
COHFACE_s22_session3_natural,38,208,44.93333333333333,1.9456790685653687,0.6864052203178137
COHFACE_s22_session3_natural,38,209,44.96666666666667,1.7053192853927612,0.6171835330457321
COHFACE_s22_session3_natural,38,210,45.0,1.3973841667175293,0.5496705326904173
COHFACE_s22_session3_natural,38,211,45.03333333333333,1.1422460079193115,0.48896075795910166
COHFACE_s22_session3_natural,38,212,45.06666666666667,0.9037349820137024,0.42777935014875984
COHFACE_s22_session3_natural,38,213,45.1,0.6273539662361145,0.34909116365730475
COHFACE_s22_session3_natural,38,214,45.13333333333333,0.4522986114025116,0.23589863386501142
COHFACE_s22_session3_natural,38,215,45.166666666666664,0.46689069271087646,0.0833669436384635
COHFACE_s22_session3_natural,38,216,45.2,0.5530534386634827,-0.09456631962813508
COHFACE_s22_session3_natural,38,217,45.233333333333334,0.5382256507873535,-0.26948428313789247
COHFACE_s22_session3_natural,38,218,45.266666666666666,0.3733574151992798,-0.4117369739424202
COHFACE_s22_session3_natural,38,219,45.3,0.12303373217582703,-0.5042808693755096
COHFACE_s22_session3_natural,38,220,45.333333333333336,-0.13062778115272522,-0.548680625645986
COHFACE_s22_session3_natural,38,221,45.36666666666667,-0.3414064347743988,-0.5605791875915993
COHFACE_s22_session3_natural,38,222,45.4,-0.5023040175437927,-0.5589265252042672
COHFACE_s22_session3_natural,38,223,45.43333333333333,-0.6164597272872925,-0.5563020330039246
COHFACE_s22_session3_natural,38,224,45.46666666666667,-0.6978081464767456,-0.5548382066487753
COHFACE_s22_session3_natural,38,225,45.5,-0.7558786869049072,-0.5474509288555252
COHFACE_s22_session3_natural,38,226,45.53333333333333,-0.7958704233169556,-0.5219607097910762
COHFACE_s22_session3_natural,38,227,45.56666666666667,-0.8411356210708618,-0.46641527337122657
COHFACE_s22_session3_natural,38,228,45.6,-0.8940567374229431,-0.37509088345157054
COHFACE_s22_session3_natural,38,229,45.63333333333333,-0.9507871866226196,-0.25425768285893874
COHFACE_s22_session3_natural,38,230,45.666666666666664,-1.0202361345291138,-0.12483489516423878
COHFACE_s22_session3_natural,38,231,45.7,-1.0996487140655518,-0.018206365214083024
COHFACE_s22_session3_natural,38,232,45.733333333333334,-1.2027983665466309,0.03587953831871052
COHFACE_s22_session3_natural,38,233,45.766666666666666,-1.3337053060531616,0.02503234454403452
COHFACE_s22_session3_natural,38,234,45.8,-1.3798390626907349,-0.03530872323771442
COHFACE_s22_session3_natural,38,235,45.833333333333336,-0.8468930721282959,-0.10473889780628279
COHFACE_s22_session3_natural,38,236,45.86666666666667,0.48356735706329346,-0.13474743739478057
COHFACE_s22_session3_natural,38,237,45.9,1.5726380348205566,-0.09142359517570361
COHFACE_s22_session3_natural,38,238,45.93333333333333,1.826957106590271,0.02781078878155043
COHFACE_s22_session3_natural,38,239,45.96666666666667,1.600097417831421,0.1917975998819484
COHFACE_s22_session3_natural,39,0,39.0,-0.406152606010437,-0.06740457279229269
COHFACE_s22_session3_natural,39,1,39.03333333333333,0.9979506731033325,0.0661087890312638
COHFACE_s22_session3_natural,39,2,39.06666666666667,1.739466667175293,0.18231931424360798
COHFACE_s22_session3_natural,39,3,39.1,1.7402980327606201,0.26601292265267834
COHFACE_s22_session3_natural,39,4,39.13333333333333,1.4718458652496338,0.3071376727192714
COHFACE_s22_session3_natural,39,5,39.166666666666664,1.1938270330429077,0.30444934262538703
COHFACE_s22_session3_natural,39,6,39.2,0.9733575582504272,0.26714731505857076
COHFACE_s22_session3_natural,39,7,39.233333333333334,0.7405170798301697,0.21209740997146667
COHFACE_s22_session3_natural,39,8,39.266666666666666,0.47437286376953125,0.15723941862353905
COHFACE_s22_session3_natural,39,9,39.3,0.3326460123062134,0.11491773204501603
COHFACE_s22_session3_natural,39,10,39.333333333333336,0.36390236020088196,0.08917923291278232
COHFACE_s22_session3_natural,39,11,39.36666666666667,0.42472752928733826,0.07819702964925272
COHFACE_s22_session3_natural,39,12,39.4,0.36395198106765747,0.07903056920373942
COHFACE_s22_session3_natural,39,13,39.43333333333333,0.17759272456169128,0.09043428932139483
COHFACE_s22_session3_natural,39,14,39.46666666666667,-0.06402038782835007,0.11196122298618613
COHFACE_s22_session3_natural,39,15,39.5,-0.29615360498428345,0.14127436121945494
COHFACE_s22_session3_natural,39,16,39.53333333333333,-0.481507807970047,0.1727335138278925
COHFACE_s22_session3_natural,39,17,39.56666666666667,-0.620542049407959,0.19859179085849374
COHFACE_s22_session3_natural,39,18,39.6,-0.724200427532196,0.21152637902410962
COHFACE_s22_session3_natural,39,19,39.63333333333333,-0.8045933842658997,0.20631311633879632
COHFACE_s22_session3_natural,39,20,39.666666666666664,-0.8627135753631592,0.18014083770357656
COHFACE_s22_session3_natural,39,21,39.7,-0.9054102897644043,0.13307482963204453
COHFACE_s22_session3_natural,39,22,39.733333333333334,-0.9559862613677979,0.06996169777868966
COHFACE_s22_session3_natural,39,23,39.766666666666666,-1.0207695960998535,0.0027936061057799427
COHFACE_s22_session3_natural,39,24,39.8,-1.0858756303787231,-0.049611594649026286
COHFACE_s22_session3_natural,39,25,39.833333333333336,-1.1516392230987549,-0.06721331882800452
COHFACE_s22_session3_natural,39,26,39.86666666666667,-1.2289425134658813,-0.03838261971002308
COHFACE_s22_session3_natural,39,27,39.9,-1.3313353061676025,0.03179595619047934
COHFACE_s22_session3_natural,39,28,39.93333333333333,-1.4536184072494507,0.12054911157352877
COHFACE_s22_session3_natural,39,29,39.96666666666667,-1.5206725597381592,0.1957608014382952
COHFACE_s22_session3_natural,39,30,40.0,-1.116772174835205,0.22928039372159273
COHFACE_s22_session3_natural,39,31,40.03333333333333,0.12532925605773926,0.20733976387038042
COHFACE_s22_session3_natural,39,32,40.06666666666667,1.2618862390518188,0.1328861289269499
COHFACE_s22_session3_natural,39,33,40.1,1.5751320123672485,0.020670512863110696
COHFACE_s22_session3_natural,39,34,40.13333333333333,1.3647381067276,-0.10983602537450854
COHFACE_s22_session3_natural,39,35,40.166666666666664,1.0374833345413208,-0.2391824792143546
COHFACE_s22_session3_natural,39,36,40.2,0.7429738640785217,-0.35018516294808677
COHFACE_s22_session3_natural,39,37,40.233333333333334,0.4703029692173004,-0.43057390974725457
COHFACE_s22_session3_natural,39,38,40.266666666666666,0.18794119358062744,-0.47699989051237546
COHFACE_s22_session3_natural,39,39,40.3,0.033210527151823044,-0.4973120649528123
COHFACE_s22_session3_natural,39,40,40.333333333333336,0.08974243700504303,-0.5068341449880791
COHFACE_s22_session3_natural,39,41,40.36666666666667,0.2289504110813141,-0.5180025030561519
COHFACE_s22_session3_natural,39,42,40.4,0.2574893534183502,-0.5289646506698715
COHFACE_s22_session3_natural,39,43,40.43333333333333,0.11709018796682358,-0.5199144024651675
COHFACE_s22_session3_natural,39,44,40.46666666666667,-0.10965786874294281,-0.4620719399874654
COHFACE_s22_session3_natural,39,45,40.5,-0.3423122465610504,-0.33563121191177797
COHFACE_s22_session3_natural,39,46,40.53333333333333,-0.5427176356315613,-0.14581023302027474
COHFACE_s22_session3_natural,39,47,40.56666666666667,-0.6956366896629333,0.07376049984040166
COHFACE_s22_session3_natural,39,48,40.6,-0.8041218519210815,0.27276203716629305
COHFACE_s22_session3_natural,39,49,40.63333333333333,-0.8788690567016602,0.40387890146978217
COHFACE_s22_session3_natural,39,50,40.666666666666664,-0.9201016426086426,0.4399543512825366
COHFACE_s22_session3_natural,39,51,40.7,-0.9412949085235596,0.38163246043438637
COHFACE_s22_session3_natural,39,52,40.733333333333334,-0.9609371423721313,0.254868961064836
COHFACE_s22_session3_natural,39,53,40.766666666666666,-0.9974173307418823,0.10200412403042329
COHFACE_s22_session3_natural,39,54,40.8,-1.0626474618911743,-0.02986973623900454
COHFACE_s22_session3_natural,39,55,40.833333333333336,-1.1695691347122192,-0.1010452655727805
COHFACE_s22_session3_natural,39,56,40.86666666666667,-1.2647403478622437,-0.08953052248998548
COHFACE_s22_session3_natural,39,57,40.9,-1.0673749446868896,0.003709802719590211
COHFACE_s22_session3_natural,39,58,40.93333333333333,-0.0667998343706131,0.1572375333735086
COHFACE_s22_session3_natural,39,59,40.96666666666667,1.1570490598678589,0.3386549310593884
COHFACE_s22_session3_natural,39,60,41.0,1.6817808151245117,0.516011706493453
COHFACE_s22_session3_natural,39,61,41.03333333333333,1.573258399963379,0.6647068998713855
COHFACE_s22_session3_natural,39,62,41.06666666666667,1.2674450874328613,0.7676349800640624
COHFACE_s22_session3_natural,39,63,41.1,0.9780106544494629,0.8119713420071911
COHFACE_s22_session3_natural,39,64,41.13333333333333,0.7366580963134766,0.7879158150836195
COHFACE_s22_session3_natural,39,65,41.166666666666664,0.4683796763420105,0.6917346323093445
COHFACE_s22_session3_natural,39,66,41.2,0.24822039902210236,0.5302935711347875
COHFACE_s22_session3_natural,39,67,41.233333333333334,0.2234535664319992,0.32192501429860737
COHFACE_s22_session3_natural,39,68,41.266666666666666,0.34449589252471924,0.09153179888473811
COHFACE_s22_session3_natural,39,69,41.3,0.4105572998523712,-0.13708494616081346
COHFACE_s22_session3_natural,39,70,41.333333333333336,0.3088718354701996,-0.34652818943241875
COHFACE_s22_session3_natural,39,71,41.36666666666667,0.09665382653474808,-0.5258273428119563
COHFACE_s22_session3_natural,39,72,41.4,-0.1320299208164215,-0.6668729524386976
COHFACE_s22_session3_natural,39,73,41.43333333333333,-0.33471840620040894,-0.7617660023184932
COHFACE_s22_session3_natural,39,74,41.46666666666667,-0.49819687008857727,-0.8039690671658686
COHFACE_s22_session3_natural,39,75,41.5,-0.6181472539901733,-0.7920447788029831
COHFACE_s22_session3_natural,39,76,41.53333333333333,-0.6983168721199036,-0.7320691199053478
COHFACE_s22_session3_natural,39,77,41.56666666666667,-0.7397355437278748,-0.635971921035203
COHFACE_s22_session3_natural,39,78,41.6,-0.7667855024337769,-0.5172658618640497
COHFACE_s22_session3_natural,39,79,41.63333333333333,-0.7978929281234741,-0.38825756048847104
COHFACE_s22_session3_natural,39,80,41.666666666666664,-0.8667462468147278,-0.2606657061572466
COHFACE_s22_session3_natural,39,81,41.7,-0.9594977498054504,-0.1474012657971685
COHFACE_s22_session3_natural,39,82,41.733333333333334,-0.9184513092041016,-0.061691824708228524
COHFACE_s22_session3_natural,39,83,41.766666666666666,-0.26679572463035583,-0.012189687217626748
COHFACE_s22_session3_natural,39,84,41.8,0.9289484620094299,0.002843676982478954
COHFACE_s22_session3_natural,39,85,41.833333333333336,1.7327165603637695,-0.0028632501399431815
COHFACE_s22_session3_natural,39,86,41.86666666666667,1.8450980186462402,-0.008474248293095519
COHFACE_s22_session3_natural,39,87,41.9,1.6149624586105347,0.005244866889695068
COHFACE_s22_session3_natural,39,88,41.93333333333333,1.342713475227356,0.0485742838516312
COHFACE_s22_session3_natural,39,89,41.96666666666667,1.1430028676986694,0.12064130173131543
COHFACE_s22_session3_natural,39,90,42.0,0.9376590847969055,0.21227247141078073
COHFACE_s22_session3_natural,39,91,42.03333333333333,0.6784634590148926,0.3106724954091289
COHFACE_s22_session3_natural,39,92,42.06666666666667,0.5097735524177551,0.40276243731604855
COHFACE_s22_session3_natural,39,93,42.1,0.5133719444274902,0.47641162481566407
COHFACE_s22_session3_natural,39,94,42.13333333333333,0.5712935924530029,0.5210186616094434
COHFACE_s22_session3_natural,39,95,42.166666666666664,0.5271946787834167,0.5289066899067439
COHFACE_s22_session3_natural,39,96,42.2,0.35777267813682556,0.4969386056719005
COHFACE_s22_session3_natural,39,97,42.233333333333334,0.13215377926826477,0.4267032417826563
COHFACE_s22_session3_natural,39,98,42.266666666666666,-0.0922367125749588,0.32347904385326726
COHFACE_s22_session3_natural,39,99,42.3,-0.27739235758781433,0.19609673302202654
COHFACE_s22_session3_natural,39,100,42.333333333333336,-0.4216008484363556,0.0586571543290772
COHFACE_s22_session3_natural,39,101,42.36666666666667,-0.5299495458602905,-0.06799882650982045
COHFACE_s22_session3_natural,39,102,42.4,-0.609771728515625,-0.15880932634040135
COHFACE_s22_session3_natural,39,103,42.43333333333333,-0.6728179454803467,-0.19263746722640615
COHFACE_s22_session3_natural,39,104,42.46666666666667,-0.7171153426170349,-0.16258725983265407
COHFACE_s22_session3_natural,39,105,42.5,-0.7529006600379944,-0.08160607227042936
COHFACE_s22_session3_natural,39,106,42.53333333333333,-0.8043327927589417,0.021393948290101283
COHFACE_s22_session3_natural,39,107,42.56666666666667,-0.8775165677070618,0.11339503521163692
COHFACE_s22_session3_natural,39,108,42.6,-0.9774773120880127,0.1699074261710077
COHFACE_s22_session3_natural,39,109,42.63333333333333,-1.0964722633361816,0.1808187990716093
COHFACE_s22_session3_natural,39,110,42.666666666666664,-1.001251459121704,0.14777298568919164
COHFACE_s22_session3_natural,39,111,42.7,-0.13325832784175873,0.07793803724217913
COHFACE_s22_session3_natural,39,112,42.733333333333334,1.1760088205337524,-0.019690732172924878
COHFACE_s22_session3_natural,39,113,42.766666666666666,1.9149067401885986,-0.13344125023747402
COHFACE_s22_session3_natural,39,114,42.8,1.9662519693374634,-0.24697668611948412
COHFACE_s22_session3_natural,39,115,42.833333333333336,1.7523216009140015,-0.3410278912794661
COHFACE_s22_session3_natural,39,116,42.86666666666667,1.531330943107605,-0.39943171774170266
COHFACE_s22_session3_natural,39,117,42.9,1.3576281070709229,-0.4149904689230882
COHFACE_s22_session3_natural,39,118,42.93333333333333,1.1534630060195923,-0.39036688467744457
COHFACE_s22_session3_natural,39,119,42.96666666666667,0.8767222166061401,-0.33360139386251075
COHFACE_s22_session3_natural,39,120,43.0,0.6809947490692139,-0.25281337562724465
COHFACE_s22_session3_natural,39,121,43.03333333333333,0.6495398879051208,-0.15547179966359817
COHFACE_s22_session3_natural,39,122,43.06666666666667,0.666886568069458,-0.05284794670576015
COHFACE_s22_session3_natural,39,123,43.1,0.5979464650154114,0.03555518826821891
COHFACE_s22_session3_natural,39,124,43.13333333333333,0.4277799427509308,0.0840435562282113
COHFACE_s22_session3_natural,39,125,43.166666666666664,0.20048591494560242,0.0710419972124312
COHFACE_s22_session3_natural,39,126,43.2,-0.03342168405652046,-0.007812656419146226
COHFACE_s22_session3_natural,39,127,43.233333333333334,-0.22686603665351868,-0.13292146599207588
COHFACE_s22_session3_natural,39,128,43.266666666666666,-0.3762611746788025,-0.265677931530884
COHFACE_s22_session3_natural,39,129,43.3,-0.4981348514556885,-0.3627041583672085
COHFACE_s22_session3_natural,39,130,43.333333333333336,-0.591097354888916,-0.39135892604459244
COHFACE_s22_session3_natural,39,131,43.36666666666667,-0.6579653024673462,-0.3387979878590209
COHFACE_s22_session3_natural,39,132,43.4,-0.7189145088195801,-0.21234198674857593
COHFACE_s22_session3_natural,39,133,43.43333333333333,-0.7867751717567444,-0.03434789601157338
COHFACE_s22_session3_natural,39,134,43.46666666666667,-0.85787433385849,0.16429998461585255
COHFACE_s22_session3_natural,39,135,43.5,-0.9299041628837585,0.35045158897119333
COHFACE_s22_session3_natural,39,136,43.53333333333333,-1.0087708234786987,0.4952370913419578
COHFACE_s22_session3_natural,39,137,43.56666666666667,-1.0849201679229736,0.580894500130472
COHFACE_s22_session3_natural,39,138,43.6,-1.1528428792953491,0.6052421445679501
COHFACE_s22_session3_natural,39,139,43.63333333333333,-1.2242894172668457,0.5802830289871012
COHFACE_s22_session3_natural,39,140,43.666666666666664,-1.3165446519851685,0.5247596379575662
COHFACE_s22_session3_natural,39,141,43.7,-1.4037373065948486,0.4549454663205651
COHFACE_s22_session3_natural,39,142,43.733333333333334,-1.2141271829605103,0.37919818858645105
COHFACE_s22_session3_natural,39,143,43.766666666666666,-0.16171041131019592,0.298947232381039
COHFACE_s22_session3_natural,39,144,43.8,1.2621468305587769,0.21407878393062338
COHFACE_s22_session3_natural,39,145,43.833333333333336,1.995336890220642,0.12784015949941244
COHFACE_s22_session3_natural,39,146,43.86666666666667,2.0204386711120605,0.04766179314203445
COHFACE_s22_session3_natural,39,147,43.9,1.7985919713974,-0.017928211778397478
COHFACE_s22_session3_natural,39,148,43.93333333333333,1.5677987337112427,-0.06318440786529378
COHFACE_s22_session3_natural,39,149,43.96666666666667,1.382109522819519,-0.0868872838770201
COHFACE_s22_session3_natural,39,150,44.0,1.1472340822219849,-0.09191699311630766
COHFACE_s22_session3_natural,39,151,44.03333333333333,0.8543626070022583,-0.0846313913150393
COHFACE_s22_session3_natural,39,152,44.06666666666667,0.6765030026435852,-0.07467476234554785
COHFACE_s22_session3_natural,39,153,44.1,0.664429783821106,-0.07367740389940643
COHFACE_s22_session3_natural,39,154,44.13333333333333,0.6840223670005798,-0.09165856408624798
COHFACE_s22_session3_natural,39,155,44.166666666666664,0.6124392747879028,-0.1324237423277792
COHFACE_s22_session3_natural,39,156,44.2,0.43404608964920044,-0.19126239840700665
COHFACE_s22_session3_natural,39,157,44.233333333333334,0.1966269612312317,-0.2574897719823334
COHFACE_s22_session3_natural,39,158,44.266666666666666,-0.043459948152303696,-0.3207271445663315
COHFACE_s22_session3_natural,39,159,44.3,-0.24102383852005005,-0.37643434739627546
COHFACE_s22_session3_natural,39,160,44.333333333333336,-0.4037950336933136,-0.4263709829304594
COHFACE_s22_session3_natural,39,161,44.36666666666667,-0.5383499264717102,-0.473518833486141
COHFACE_s22_session3_natural,39,162,44.4,-0.6339677572250366,-0.5157613360638407
COHFACE_s22_session3_natural,39,163,44.43333333333333,-0.7055012583732605,-0.5439090836683148
COHFACE_s22_session3_natural,39,164,44.46666666666667,-0.7648622393608093,-0.5456718508489604
COHFACE_s22_session3_natural,39,165,44.5,-0.8215802907943726,-0.5118376608189064
COHFACE_s22_session3_natural,39,166,44.53333333333333,-0.8902846574783325,-0.4393347008048207
COHFACE_s22_session3_natural,39,167,44.56666666666667,-0.9726132750511169,-0.3292640030042873
COHFACE_s22_session3_natural,39,168,44.6,-1.055798053741455,-0.1834586812621059
COHFACE_s22_session3_natural,39,169,44.63333333333333,-1.1409558057785034,-0.0048861925184895925
COHFACE_s22_session3_natural,39,170,44.666666666666664,-1.221435546875,0.1973629179240887
COHFACE_s22_session3_natural,39,171,44.7,-1.2937383651733398,0.4034599362729038
COHFACE_s22_session3_natural,39,172,44.733333333333334,-1.3873709440231323,0.5841576544030261
COHFACE_s22_session3_natural,39,173,44.766666666666666,-1.4955706596374512,0.7090665855119319
COHFACE_s22_session3_natural,39,174,44.8,-1.466460943222046,0.7573891413355903
COHFACE_s22_session3_natural,39,175,44.833333333333336,-0.721073567867279,0.7247980061220095
COHFACE_s22_session3_natural,39,176,44.86666666666667,0.7373281121253967,0.6236066766740471
COHFACE_s22_session3_natural,39,177,44.9,1.7629306316375732,0.47818223962002554
COHFACE_s22_session3_natural,39,178,44.93333333333333,1.9456790685653687,0.31908941125605
COHFACE_s22_session3_natural,39,179,44.96666666666667,1.7053192853927612,0.1775032485269782
COHFACE_s22_session3_natural,39,180,45.0,1.3973841667175293,0.0788675836610479
COHFACE_s22_session3_natural,39,181,45.03333333333333,1.1422460079193115,0.035059126882804964
COHFACE_s22_session3_natural,39,182,45.06666666666667,0.9037349820137024,0.0380710707577507
COHFACE_s22_session3_natural,39,183,45.1,0.6273539662361145,0.06106520504677813
COHFACE_s22_session3_natural,39,184,45.13333333333333,0.4522986114025116,0.07009319189048546
COHFACE_s22_session3_natural,39,185,45.166666666666664,0.46689069271087646,0.042407316012148234
COHFACE_s22_session3_natural,39,186,45.2,0.5530534386634827,-0.01978272012301046
COHFACE_s22_session3_natural,39,187,45.233333333333334,0.5382256507873535,-0.090596381279216
COHFACE_s22_session3_natural,39,188,45.266666666666666,0.3733574151992798,-0.13688239468158364
COHFACE_s22_session3_natural,39,189,45.3,0.12303373217582703,-0.13853894726578397
COHFACE_s22_session3_natural,39,190,45.333333333333336,-0.13062778115272522,-0.09939810267044387
COHFACE_s22_session3_natural,39,191,45.36666666666667,-0.3414064347743988,-0.04282665283305745
COHFACE_s22_session3_natural,39,192,45.4,-0.5023040175437927,0.002968135209268925
COHFACE_s22_session3_natural,39,193,45.43333333333333,-0.6164597272872925,0.01895907020777645
COHFACE_s22_session3_natural,39,194,45.46666666666667,-0.6978081464767456,0.0007018631179881761
COHFACE_s22_session3_natural,39,195,45.5,-0.7558786869049072,-0.04493958625671898
COHFACE_s22_session3_natural,39,196,45.53333333333333,-0.7958704233169556,-0.10615016866330348
COHFACE_s22_session3_natural,39,197,45.56666666666667,-0.8411356210708618,-0.17023831266635409
COHFACE_s22_session3_natural,39,198,45.6,-0.8940567374229431,-0.22490162436162156
COHFACE_s22_session3_natural,39,199,45.63333333333333,-0.9507871866226196,-0.25986757861530946
COHFACE_s22_session3_natural,39,200,45.666666666666664,-1.0202361345291138,-0.2705316909246754
COHFACE_s22_session3_natural,39,201,45.7,-1.0996487140655518,-0.2611356303570766
COHFACE_s22_session3_natural,39,202,45.733333333333334,-1.2027983665466309,-0.2435080966011043
COHFACE_s22_session3_natural,39,203,45.766666666666666,-1.3337053060531616,-0.23029200986995005
COHFACE_s22_session3_natural,39,204,45.8,-1.3798390626907349,-0.22677920661531628
COHFACE_s22_session3_natural,39,205,45.833333333333336,-0.8468930721282959,-0.22773479529826576
COHFACE_s22_session3_natural,39,206,45.86666666666667,0.48356735706329346,-0.22183539615184475
COHFACE_s22_session3_natural,39,207,45.9,1.5726380348205566,-0.2000805232599202
COHFACE_s22_session3_natural,39,208,45.93333333333333,1.826957106590271,-0.1614447150924432
COHFACE_s22_session3_natural,39,209,45.96666666666667,1.600097417831421,-0.1116637650719993
COHFACE_s22_session3_natural,39,210,46.0,1.2726813554763794,-0.05739680986884902
COHFACE_s22_session3_natural,39,211,46.03333333333333,0.9899721741676331,-0.0019274315308944203
COHFACE_s22_session3_natural,39,212,46.06666666666667,0.7177355289459229,0.05402718261533152
COHFACE_s22_session3_natural,39,213,46.1,0.427196741104126,0.1085835068076618
COHFACE_s22_session3_natural,39,214,46.13333333333333,0.28388166427612305,0.1571704162029766
COHFACE_s22_session3_natural,39,215,46.166666666666664,0.3470892012119293,0.19581165180123491
COHFACE_s22_session3_natural,39,216,46.2,0.4669155180454254,0.22587692150821018
COHFACE_s22_session3_natural,39,217,46.233333333333334,0.4659973084926605,0.25413468704201697
COHFACE_s22_session3_natural,39,218,46.266666666666666,0.30986449122428894,0.2862019250641625
COHFACE_s22_session3_natural,39,219,46.3,0.07080747187137604,0.3184885116864651
COHFACE_s22_session3_natural,39,220,46.333333333333336,-0.16934147477149963,0.3364784002449725
COHFACE_s22_session3_natural,39,221,46.36666666666667,-0.36601197719573975,0.3228539929080089
COHFACE_s22_session3_natural,39,222,46.4,-0.5210280418395996,0.2703962749329399
COHFACE_s22_session3_natural,39,223,46.43333333333333,-0.6409908533096313,0.18953928389953084
COHFACE_s22_session3_natural,39,224,46.46666666666667,-0.7235055565834045,0.1042233635273122
COHFACE_s22_session3_natural,39,225,46.5,-0.7752355337142944,0.0386630401717228
COHFACE_s22_session3_natural,39,226,46.53333333333333,-0.8005483150482178,0.0043293077598182
COHFACE_s22_session3_natural,39,227,46.56666666666667,-0.825141429901123,-0.004002163258875247
COHFACE_s22_session3_natural,39,228,46.6,-0.8586560487747192,-0.001518423383457263
COHFACE_s22_session3_natural,39,229,46.63333333333333,-0.9119866490364075,-0.0022427761425796904
COHFACE_s22_session3_natural,39,230,46.666666666666664,-0.9958539009094238,-0.012019507521498276
COHFACE_s22_session3_natural,39,231,46.7,-1.1171443462371826,-0.02956400577521151
COHFACE_s22_session3_natural,39,232,46.733333333333334,-1.2091017961502075,-0.05215542228666708
COHFACE_s22_session3_natural,39,233,46.766666666666666,-0.9223102927207947,-0.07908583206712143
COHFACE_s22_session3_natural,39,234,46.8,0.24178051948547363,-0.10978913793307608
COHFACE_s22_session3_natural,39,235,46.833333333333336,1.548640489578247,-0.13982413436655228
COHFACE_s22_session3_natural,39,236,46.86666666666667,2.0867111682891846,-0.1600177035009585
COHFACE_s22_session3_natural,39,237,46.9,1.9977068901062012,-0.1609041239082033
COHFACE_s22_session3_natural,39,238,46.93333333333333,1.7127765417099,-0.1393609779541398
COHFACE_s22_session3_natural,39,239,46.96666666666667,1.4402669668197632,-0.10196132496761624
COHFACE_s22_session3_natural,40,0,40.0,-1.116772174835205,-0.016095058358913988
COHFACE_s22_session3_natural,40,1,40.03333333333333,0.12532925605773926,-0.09248845415767319
COHFACE_s22_session3_natural,40,2,40.06666666666667,1.2618862390518188,-0.19739701998866688
COHFACE_s22_session3_natural,40,3,40.1,1.5751320123672485,-0.344020052770542
COHFACE_s22_session3_natural,40,4,40.13333333333333,1.3647381067276,-0.5237761886446164
COHFACE_s22_session3_natural,40,5,40.166666666666664,1.0374833345413208,-0.7083655063296024
COHFACE_s22_session3_natural,40,6,40.2,0.7429738640785217,-0.8616221421620539
COHFACE_s22_session3_natural,40,7,40.233333333333334,0.4703029692173004,-0.9562452041491409
COHFACE_s22_session3_natural,40,8,40.266666666666666,0.18794119358062744,-0.9867606043704269
COHFACE_s22_session3_natural,40,9,40.3,0.033210527151823044,-0.9705548631534593
COHFACE_s22_session3_natural,40,10,40.333333333333336,0.08974243700504303,-0.934896824475703
COHFACE_s22_session3_natural,40,11,40.36666666666667,0.2289504110813141,-0.8967671313082838
COHFACE_s22_session3_natural,40,12,40.4,0.2574893534183502,-0.8485460410151288
COHFACE_s22_session3_natural,40,13,40.43333333333333,0.11709018796682358,-0.7604503296089623
COHFACE_s22_session3_natural,40,14,40.46666666666667,-0.10965786874294281,-0.5995380527450243
COHFACE_s22_session3_natural,40,15,40.5,-0.3423122465610504,-0.353370583428957
COHFACE_s22_session3_natural,40,16,40.53333333333333,-0.5427176356315613,-0.04318804828030566
COHFACE_s22_session3_natural,40,17,40.56666666666667,-0.6956366896629333,0.281518770273949
COHFACE_s22_session3_natural,40,18,40.6,-0.8041218519210815,0.5629787273146956
COHFACE_s22_session3_natural,40,19,40.63333333333333,-0.8788690567016602,0.7572107535090348
COHFACE_s22_session3_natural,40,20,40.666666666666664,-0.9201016426086426,0.8469688506795063
COHFACE_s22_session3_natural,40,21,40.7,-0.9412949085235596,0.8420700061664151
COHFACE_s22_session3_natural,40,22,40.733333333333334,-0.9609371423721313,0.7709102967830633
COHFACE_s22_session3_natural,40,23,40.766666666666666,-0.9974173307418823,0.6693392684589348
COHFACE_s22_session3_natural,40,24,40.8,-1.0626474618911743,0.5704983755769034
COHFACE_s22_session3_natural,40,25,40.833333333333336,-1.1695691347122192,0.4964153542348348
COHFACE_s22_session3_natural,40,26,40.86666666666667,-1.2647403478622437,0.45275600047484926
COHFACE_s22_session3_natural,40,27,40.9,-1.0673749446868896,0.4297284448574169
COHFACE_s22_session3_natural,40,28,40.93333333333333,-0.0667998343706131,0.4106398370233744
COHFACE_s22_session3_natural,40,29,40.96666666666667,1.1570490598678589,0.38456700658163645
COHFACE_s22_session3_natural,40,30,41.0,1.6817808151245117,0.35457426400665626
COHFACE_s22_session3_natural,40,31,41.03333333333333,1.573258399963379,0.33409032369012714
COHFACE_s22_session3_natural,40,32,41.06666666666667,1.2674450874328613,0.33318933565552955
COHFACE_s22_session3_natural,40,33,41.1,0.9780106544494629,0.3454909458518724
COHFACE_s22_session3_natural,40,34,41.13333333333333,0.7366580963134766,0.34649623860646894
COHFACE_s22_session3_natural,40,35,41.166666666666664,0.4683796763420105,0.30573031521662025
COHFACE_s22_session3_natural,40,36,41.2,0.24822039902210236,0.20471495373922827
COHFACE_s22_session3_natural,40,37,41.233333333333334,0.2234535664319992,0.04839723937416437
COHFACE_s22_session3_natural,40,38,41.266666666666666,0.34449589252471924,-0.13727988418814618
COHFACE_s22_session3_natural,40,39,41.3,0.4105572998523712,-0.31919137419019467
COHFACE_s22_session3_natural,40,40,41.333333333333336,0.3088718354701996,-0.47282845302749743
COHFACE_s22_session3_natural,40,41,41.36666666666667,0.09665382653474808,-0.5906939773541504
COHFACE_s22_session3_natural,40,42,41.4,-0.1320299208164215,-0.6800225740991239
COHFACE_s22_session3_natural,40,43,41.43333333333333,-0.33471840620040894,-0.7534740405892173
COHFACE_s22_session3_natural,40,44,41.46666666666667,-0.49819687008857727,-0.8191694522542985
COHFACE_s22_session3_natural,40,45,41.5,-0.6181472539901733,-0.8747502352661958
COHFACE_s22_session3_natural,40,46,41.53333333333333,-0.6983168721199036,-0.9068102425545966
COHFACE_s22_session3_natural,40,47,41.56666666666667,-0.7397355437278748,-0.8949166999585912
COHFACE_s22_session3_natural,40,48,41.6,-0.7667855024337769,-0.8193135929937369
COHFACE_s22_session3_natural,40,49,41.63333333333333,-0.7978929281234741,-0.6709507182985889
COHFACE_s22_session3_natural,40,50,41.666666666666664,-0.8667462468147278,-0.46006244029573473
COHFACE_s22_session3_natural,40,51,41.7,-0.9594977498054504,-0.21770391907875203
COHFACE_s22_session3_natural,40,52,41.733333333333334,-0.9184513092041016,0.013265532949322187
COHFACE_s22_session3_natural,40,53,41.766666666666666,-0.26679572463035583,0.19521607625367374
COHFACE_s22_session3_natural,40,54,41.8,0.9289484620094299,0.311761106042715
COHFACE_s22_session3_natural,40,55,41.833333333333336,1.7327165603637695,0.37271884054172333
COHFACE_s22_session3_natural,40,56,41.86666666666667,1.8450980186462402,0.40501293079263967
COHFACE_s22_session3_natural,40,57,41.9,1.6149624586105347,0.435932831427406
COHFACE_s22_session3_natural,40,58,41.93333333333333,1.342713475227356,0.47945702472999124
COHFACE_s22_session3_natural,40,59,41.96666666666667,1.1430028676986694,0.5329366127486167
COHFACE_s22_session3_natural,40,60,42.0,0.9376590847969055,0.5833262116164466
COHFACE_s22_session3_natural,40,61,42.03333333333333,0.6784634590148926,0.6162644091402116
COHFACE_s22_session3_natural,40,62,42.06666666666667,0.5097735524177551,0.6222087071443249
COHFACE_s22_session3_natural,40,63,42.1,0.5133719444274902,0.5984184181016854
COHFACE_s22_session3_natural,40,64,42.13333333333333,0.5712935924530029,0.5484606172298635
COHFACE_s22_session3_natural,40,65,42.166666666666664,0.5271946787834167,0.48058488282862455
COHFACE_s22_session3_natural,40,66,42.2,0.35777267813682556,0.40460043105381993
COHFACE_s22_session3_natural,40,67,42.233333333333334,0.13215377926826477,0.3269697487938209
COHFACE_s22_session3_natural,40,68,42.266666666666666,-0.0922367125749588,0.2466690846889058
COHFACE_s22_session3_natural,40,69,42.3,-0.27739235758781433,0.15613603675336346
COHFACE_s22_session3_natural,40,70,42.333333333333336,-0.4216008484363556,0.048770134381733464
COHFACE_s22_session3_natural,40,71,42.36666666666667,-0.5299495458602905,-0.07128879478336374
COHFACE_s22_session3_natural,40,72,42.4,-0.609771728515625,-0.18517240437066707
COHFACE_s22_session3_natural,40,73,42.43333333333333,-0.6728179454803467,-0.2666010250493498
COHFACE_s22_session3_natural,40,74,42.46666666666667,-0.7171153426170349,-0.2973595042444799
COHFACE_s22_session3_natural,40,75,42.5,-0.7529006600379944,-0.2803113973993371
COHFACE_s22_session3_natural,40,76,42.53333333333333,-0.8043327927589417,-0.2401004769213405
COHFACE_s22_session3_natural,40,77,42.56666666666667,-0.8775165677070618,-0.21019735810588125
COHFACE_s22_session3_natural,40,78,42.6,-0.9774773120880127,-0.21489894137490673
COHFACE_s22_session3_natural,40,79,42.63333333333333,-1.0964722633361816,-0.25817778662268365
COHFACE_s22_session3_natural,40,80,42.666666666666664,-1.001251459121704,-0.3248451851130265
COHFACE_s22_session3_natural,40,81,42.7,-0.13325832784175873,-0.3902094641859063
COHFACE_s22_session3_natural,40,82,42.733333333333334,1.1760088205337524,-0.4306543937536668
COHFACE_s22_session3_natural,40,83,42.766666666666666,1.9149067401885986,-0.43029450714879475
COHFACE_s22_session3_natural,40,84,42.8,1.9662519693374634,-0.3838593673030813
COHFACE_s22_session3_natural,40,85,42.833333333333336,1.7523216009140015,-0.29807393343875976
COHFACE_s22_session3_natural,40,86,42.86666666666667,1.531330943107605,-0.19133081886308603
COHFACE_s22_session3_natural,40,87,42.9,1.3576281070709229,-0.0889520703580872
COHFACE_s22_session3_natural,40,88,42.93333333333333,1.1534630060195923,-0.013387097161260518
COHFACE_s22_session3_natural,40,89,42.96666666666667,0.8767222166061401,0.026380124858235054
COHFACE_s22_session3_natural,40,90,43.0,0.6809947490692139,0.03901339824845957
COHFACE_s22_session3_natural,40,91,43.03333333333333,0.6495398879051208,0.0441092718891732
COHFACE_s22_session3_natural,40,92,43.06666666666667,0.666886568069458,0.05782681494117622
COHFACE_s22_session3_natural,40,93,43.1,0.5979464650154114,0.08056016731871614
COHFACE_s22_session3_natural,40,94,43.13333333333333,0.4277799427509308,0.09563638659457678
COHFACE_s22_session3_natural,40,95,43.166666666666664,0.20048591494560242,0.08061685726322071
COHFACE_s22_session3_natural,40,96,43.2,-0.03342168405652046,0.023913156628078816
COHFACE_s22_session3_natural,40,97,43.233333333333334,-0.22686603665351868,-0.06435487233858721
COHFACE_s22_session3_natural,40,98,43.266666666666666,-0.3762611746788025,-0.1540054305888214
COHFACE_s22_session3_natural,40,99,43.3,-0.4981348514556885,-0.20729000071788076
COHFACE_s22_session3_natural,40,100,43.333333333333336,-0.591097354888916,-0.19456174742057153
COHFACE_s22_session3_natural,40,101,43.36666666666667,-0.6579653024673462,-0.10521998741017509
COHFACE_s22_session3_natural,40,102,43.4,-0.7189145088195801,0.04931843524044228
COHFACE_s22_session3_natural,40,103,43.43333333333333,-0.7867751717567444,0.23926454508441503
COHFACE_s22_session3_natural,40,104,43.46666666666667,-0.85787433385849,0.42451879300066847
COHFACE_s22_session3_natural,40,105,43.5,-0.9299041628837585,0.5658600035972463
COHFACE_s22_session3_natural,40,106,43.53333333333333,-1.0087708234786987,0.6372417490244658
COHFACE_s22_session3_natural,40,107,43.56666666666667,-1.0849201679229736,0.6348862690866196
COHFACE_s22_session3_natural,40,108,43.6,-1.1528428792953491,0.577708601899592
COHFACE_s22_session3_natural,40,109,43.63333333333333,-1.2242894172668457,0.4967677102591162
COHFACE_s22_session3_natural,40,110,43.666666666666664,-1.3165446519851685,0.41869670710783463
COHFACE_s22_session3_natural,40,111,43.7,-1.4037373065948486,0.35318535918296584
COHFACE_s22_session3_natural,40,112,43.733333333333334,-1.2141271829605103,0.2921334212183747
COHFACE_s22_session3_natural,40,113,43.766666666666666,-0.16171041131019592,0.22001197835172004
COHFACE_s22_session3_natural,40,114,43.8,1.2621468305587769,0.12742433942549805
COHFACE_s22_session3_natural,40,115,43.833333333333336,1.995336890220642,0.018428731978200386
COHFACE_s22_session3_natural,40,116,43.86666666666667,2.0204386711120605,-0.09202726022827931
COHFACE_s22_session3_natural,40,117,43.9,1.7985919713974,-0.18677461665999312
COHFACE_s22_session3_natural,40,118,43.93333333333333,1.5677987337112427,-0.25454380679440863
COHFACE_s22_session3_natural,40,119,43.96666666666667,1.382109522819519,-0.29329503485695907
COHFACE_s22_session3_natural,40,120,44.0,1.1472340822219849,-0.3089874231722711
COHFACE_s22_session3_natural,40,121,44.03333333333333,0.8543626070022583,-0.31257761410848656
COHFACE_s22_session3_natural,40,122,44.06666666666667,0.6765030026435852,-0.31697900583965605
COHFACE_s22_session3_natural,40,123,44.1,0.664429783821106,-0.33364225728109853
COHFACE_s22_session3_natural,40,124,44.13333333333333,0.6840223670005798,-0.36845892811112174
COHFACE_s22_session3_natural,40,125,44.166666666666664,0.6124392747879028,-0.4185180754308581
COHFACE_s22_session3_natural,40,126,44.2,0.43404608964920044,-0.4725049931878145
COHFACE_s22_session3_natural,40,127,44.233333333333334,0.1966269612312317,-0.5161459096916118
COHFACE_s22_session3_natural,40,128,44.266666666666666,-0.043459948152303696,-0.540192073020833
COHFACE_s22_session3_natural,40,129,44.3,-0.24102383852005005,-0.545354851057645
COHFACE_s22_session3_natural,40,130,44.333333333333336,-0.4037950336933136,-0.5397142570221345
COHFACE_s22_session3_natural,40,131,44.36666666666667,-0.5383499264717102,-0.5294750835839692
COHFACE_s22_session3_natural,40,132,44.4,-0.6339677572250366,-0.510051492596765
COHFACE_s22_session3_natural,40,133,44.43333333333333,-0.7055012583732605,-0.4654992892224225
COHFACE_s22_session3_natural,40,134,44.46666666666667,-0.7648622393608093,-0.37791099702712794
COHFACE_s22_session3_natural,40,135,44.5,-0.8215802907943726,-0.2401284613567566
COHFACE_s22_session3_natural,40,136,44.53333333333333,-0.8902846574783325,-0.06230220362006465
COHFACE_s22_session3_natural,40,137,44.56666666666667,-0.9726132750511169,0.13252890997066832
COHFACE_s22_session3_natural,40,138,44.6,-1.055798053741455,0.3201018587063597
COHFACE_s22_session3_natural,40,139,44.63333333333333,-1.1409558057785034,0.48494208612828227
COHFACE_s22_session3_natural,40,140,44.666666666666664,-1.221435546875,0.622573057309643
COHFACE_s22_session3_natural,40,141,44.7,-1.2937383651733398,0.7346387966952553
COHFACE_s22_session3_natural,40,142,44.733333333333334,-1.3873709440231323,0.8221857992725128
COHFACE_s22_session3_natural,40,143,44.766666666666666,-1.4955706596374512,0.8819701806038417
COHFACE_s22_session3_natural,40,144,44.8,-1.466460943222046,0.906873044511514
COHFACE_s22_session3_natural,40,145,44.833333333333336,-0.721073567867279,0.8884729556813695
COHFACE_s22_session3_natural,40,146,44.86666666666667,0.7373281121253967,0.8202220128661372
COHFACE_s22_session3_natural,40,147,44.9,1.7629306316375732,0.7013112485241512
COHFACE_s22_session3_natural,40,148,44.93333333333333,1.9456790685653687,0.5409827978938768
COHFACE_s22_session3_natural,40,149,44.96666666666667,1.7053192853927612,0.36078129451052426
COHFACE_s22_session3_natural,40,150,45.0,1.3973841667175293,0.19066697896807858
COHFACE_s22_session3_natural,40,151,45.03333333333333,1.1422460079193115,0.057451070808546716
COHFACE_s22_session3_natural,40,152,45.06666666666667,0.9037349820137024,-0.029274975137412337
COHFACE_s22_session3_natural,40,153,45.1,0.6273539662361145,-0.08373931611540728
COHFACE_s22_session3_natural,40,154,45.13333333333333,0.4522986114025116,-0.1360727554330664
COHFACE_s22_session3_natural,40,155,45.166666666666664,0.46689069271087646,-0.2125986605481319
COHFACE_s22_session3_natural,40,156,45.2,0.5530534386634827,-0.3170431925496096
COHFACE_s22_session3_natural,40,157,45.233333333333334,0.5382256507873535,-0.4265549023374442
COHFACE_s22_session3_natural,40,158,45.266666666666666,0.3733574151992798,-0.5057596092381694
COHFACE_s22_session3_natural,40,159,45.3,0.12303373217582703,-0.5287655500046717
COHFACE_s22_session3_natural,40,160,45.333333333333336,-0.13062778115272522,-0.49430699533936584
COHFACE_s22_session3_natural,40,161,45.36666666666667,-0.3414064347743988,-0.4253754614568588
COHFACE_s22_session3_natural,40,162,45.4,-0.5023040175437927,-0.3561713567046789
COHFACE_s22_session3_natural,40,163,45.43333333333333,-0.6164597272872925,-0.31662339992033633
COHFACE_s22_session3_natural,40,164,45.46666666666667,-0.6978081464767456,-0.32264197543879575
COHFACE_s22_session3_natural,40,165,45.5,-0.7558786869049072,-0.3733570985794855
COHFACE_s22_session3_natural,40,166,45.53333333333333,-0.7958704233169556,-0.45241395076839275
COHFACE_s22_session3_natural,40,167,45.56666666666667,-0.8411356210708618,-0.531258083378549
COHFACE_s22_session3_natural,40,168,45.6,-0.8940567374229431,-0.5755908041459201
COHFACE_s22_session3_natural,40,169,45.63333333333333,-0.9507871866226196,-0.5566361082084873
COHFACE_s22_session3_natural,40,170,45.666666666666664,-1.0202361345291138,-0.4642691196692404
COHFACE_s22_session3_natural,40,171,45.7,-1.0996487140655518,-0.3142491307350787
COHFACE_s22_session3_natural,40,172,45.733333333333334,-1.2027983665466309,-0.14278135662915276
COHFACE_s22_session3_natural,40,173,45.766666666666666,-1.3337053060531616,0.010975450684912309
COHFACE_s22_session3_natural,40,174,45.8,-1.3798390626907349,0.12471707839091888
COHFACE_s22_session3_natural,40,175,45.833333333333336,-0.8468930721282959,0.2023273181207878
COHFACE_s22_session3_natural,40,176,45.86666666666667,0.48356735706329346,0.26687544793598317
COHFACE_s22_session3_natural,40,177,45.9,1.5726380348205566,0.34274018371861087
COHFACE_s22_session3_natural,40,178,45.93333333333333,1.826957106590271,0.43916449046073175
COHFACE_s22_session3_natural,40,179,45.96666666666667,1.600097417831421,0.5452089102897543
COHFACE_s22_session3_natural,40,180,46.0,1.2726813554763794,0.6366098713076646
COHFACE_s22_session3_natural,40,181,46.03333333333333,0.9899721741676331,0.6872630063438033
COHFACE_s22_session3_natural,40,182,46.06666666666667,0.7177355289459229,0.6785199371430176
COHFACE_s22_session3_natural,40,183,46.1,0.427196741104126,0.604613807662595
COHFACE_s22_session3_natural,40,184,46.13333333333333,0.28388166427612305,0.4754463526572657
COHFACE_s22_session3_natural,40,185,46.166666666666664,0.3470892012119293,0.3166664975560358
COHFACE_s22_session3_natural,40,186,46.2,0.4669155180454254,0.1641836583508472
COHFACE_s22_session3_natural,40,187,46.233333333333334,0.4659973084926605,0.05128475808419209
COHFACE_s22_session3_natural,40,188,46.266666666666666,0.30986449122428894,-0.006948329305337225
COHFACE_s22_session3_natural,40,189,46.3,0.07080747187137604,-0.021773770452650748
COHFACE_s22_session3_natural,40,190,46.333333333333336,-0.16934147477149963,-0.023930513009502108
COHFACE_s22_session3_natural,40,191,46.36666666666667,-0.36601197719573975,-0.04404104139555876
COHFACE_s22_session3_natural,40,192,46.4,-0.5210280418395996,-0.09263131428591538
COHFACE_s22_session3_natural,40,193,46.43333333333333,-0.6409908533096313,-0.15375215191094213
COHFACE_s22_session3_natural,40,194,46.46666666666667,-0.7235055565834045,-0.19638736312199595
COHFACE_s22_session3_natural,40,195,46.5,-0.7752355337142944,-0.19497341608108615
COHFACE_s22_session3_natural,40,196,46.53333333333333,-0.8005483150482178,-0.1449698467557854
COHFACE_s22_session3_natural,40,197,46.56666666666667,-0.825141429901123,-0.06424455105620688
COHFACE_s22_session3_natural,40,198,46.6,-0.8586560487747192,0.018368577820903443
COHFACE_s22_session3_natural,40,199,46.63333333333333,-0.9119866490364075,0.07792897896286735
COHFACE_s22_session3_natural,40,200,46.666666666666664,-0.9958539009094238,0.10241668889156573
COHFACE_s22_session3_natural,40,201,46.7,-1.1171443462371826,0.0927251239367523
COHFACE_s22_session3_natural,40,202,46.733333333333334,-1.2091017961502075,0.05647632602819727
COHFACE_s22_session3_natural,40,203,46.766666666666666,-0.9223102927207947,0.0008646820262306221
COHFACE_s22_session3_natural,40,204,46.8,0.24178051948547363,-0.07188725644263237
COHFACE_s22_session3_natural,40,205,46.833333333333336,1.548640489578247,-0.1653982309550646
COHFACE_s22_session3_natural,40,206,46.86666666666667,2.0867111682891846,-0.2860724213039553
COHFACE_s22_session3_natural,40,207,46.9,1.9977068901062012,-0.4362721933143448
COHFACE_s22_session3_natural,40,208,46.93333333333333,1.7127765417099,-0.6058402452943783
COHFACE_s22_session3_natural,40,209,46.96666666666667,1.4402669668197632,-0.766705691540364
COHFACE_s22_session3_natural,40,210,47.0,1.2311757802963257,-0.8759789242905547
COHFACE_s22_session3_natural,40,211,47.03333333333333,0.9829987287521362,-0.8894436182377045
COHFACE_s22_session3_natural,40,212,47.06666666666667,0.724721372127533,-0.7804268923639172
COHFACE_s22_session3_natural,40,213,47.1,0.620392918586731,-0.5538420930830668
COHFACE_s22_session3_natural,40,214,47.13333333333333,0.6658443212509155,-0.24660894226496288
COHFACE_s22_session3_natural,40,215,47.166666666666664,0.693216860294342,0.08658471704627536
COHFACE_s22_session3_natural,40,216,47.2,0.5824981927871704,0.3939297537061296
COHFACE_s22_session3_natural,40,217,47.233333333333334,0.36083751916885376,0.6416293644933863
COHFACE_s22_session3_natural,40,218,47.266666666666666,0.1041732132434845,0.8168454707786418
COHFACE_s22_session3_natural,40,219,47.3,-0.12495722621679306,0.9206892640425379
COHFACE_s22_session3_natural,40,220,47.333333333333336,-0.30502551794052124,0.9586297527182209
COHFACE_s22_session3_natural,40,221,47.36666666666667,-0.4423970580101013,0.9346402996690699
COHFACE_s22_session3_natural,40,222,47.4,-0.547569215297699,0.8505052338882536
COHFACE_s22_session3_natural,40,223,47.43333333333333,-0.6261630058288574,0.7080372498580658
COHFACE_s22_session3_natural,40,224,47.46666666666667,-0.687360405921936,0.512463608342924
COHFACE_s22_session3_natural,40,225,47.5,-0.7404304146766663,0.2769254021066723
COHFACE_s22_session3_natural,40,226,47.53333333333333,-0.7928304076194763,0.027075302334783124
COHFACE_s22_session3_natural,40,227,47.56666666666667,-0.8455033302307129,-0.19805764326023317
COHFACE_s22_session3_natural,40,228,47.6,-0.9233525991439819,-0.35380951243468256
COHFACE_s22_session3_natural,40,229,47.63333333333333,-1.0441094636917114,-0.4069776105266108
COHFACE_s22_session3_natural,40,230,47.666666666666664,-1.1719887256622314,-0.35461174691587594
COHFACE_s22_session3_natural,40,231,47.7,-1.083716630935669,-0.2316329919495874
COHFACE_s22_session3_natural,40,232,47.733333333333334,-0.19994017481803894,-0.0988706933958787
COHFACE_s22_session3_natural,40,233,47.766666666666666,1.1666778326034546,-0.015245726494706823
COHFACE_s22_session3_natural,40,234,47.8,1.9630506038665771,-0.009555105693816061
COHFACE_s22_session3_natural,40,235,47.833333333333336,2.040688991546631,-0.06920083723086677
COHFACE_s22_session3_natural,40,236,47.86666666666667,1.8093374967575073,-0.15222625521917518
COHFACE_s22_session3_natural,40,237,47.9,1.541406512260437,-0.21398375006635248
COHFACE_s22_session3_natural,40,238,47.93333333333333,1.3467957973480225,-0.23193509514240404
COHFACE_s22_session3_natural,40,239,47.96666666666667,1.1424694061279297,-0.2149969540815857
COHFACE_s22_session3_natural,41,0,41.0,1.6817808151245117,0.08384840483408626
COHFACE_s22_session3_natural,41,1,41.03333333333333,1.573258399963379,0.10566340206217452
COHFACE_s22_session3_natural,41,2,41.06666666666667,1.2674450874328613,0.111821755334675
COHFACE_s22_session3_natural,41,3,41.1,0.9780106544494629,0.09261427886579641
COHFACE_s22_session3_natural,41,4,41.13333333333333,0.7366580963134766,0.04293486685601111
COHFACE_s22_session3_natural,41,5,41.166666666666664,0.4683796763420105,-0.03675870714316542
COHFACE_s22_session3_natural,41,6,41.2,0.24822039902210236,-0.1404479865785873
COHFACE_s22_session3_natural,41,7,41.233333333333334,0.2234535664319992,-0.2572477380140174
COHFACE_s22_session3_natural,41,8,41.266666666666666,0.34449589252471924,-0.3727732458288838
COHFACE_s22_session3_natural,41,9,41.3,0.4105572998523712,-0.47136009638210064
COHFACE_s22_session3_natural,41,10,41.333333333333336,0.3088718354701996,-0.5389104717008478
COHFACE_s22_session3_natural,41,11,41.36666666666667,0.09665382653474808,-0.5656967231464536
COHFACE_s22_session3_natural,41,12,41.4,-0.1320299208164215,-0.5485592975240243
COHFACE_s22_session3_natural,41,13,41.43333333333333,-0.33471840620040894,-0.49211235925566504
COHFACE_s22_session3_natural,41,14,41.46666666666667,-0.49819687008857727,-0.4083107281387742
COHFACE_s22_session3_natural,41,15,41.5,-0.6181472539901733,-0.31354829409521706
COHFACE_s22_session3_natural,41,16,41.53333333333333,-0.6983168721199036,-0.22319569718238358
COHFACE_s22_session3_natural,41,17,41.56666666666667,-0.7397355437278748,-0.1454482539759336
COHFACE_s22_session3_natural,41,18,41.6,-0.7667855024337769,-0.07837672186704998
COHFACE_s22_session3_natural,41,19,41.63333333333333,-0.7978929281234741,-0.013237601958123254
COHFACE_s22_session3_natural,41,20,41.666666666666664,-0.8667462468147278,0.05747554120736923
COHFACE_s22_session3_natural,41,21,41.7,-0.9594977498054504,0.13290351396193395
COHFACE_s22_session3_natural,41,22,41.733333333333334,-0.9184513092041016,0.2027546143925851
COHFACE_s22_session3_natural,41,23,41.766666666666666,-0.26679572463035583,0.25300168930680617
COHFACE_s22_session3_natural,41,24,41.8,0.9289484620094299,0.2743476559255393
COHFACE_s22_session3_natural,41,25,41.833333333333336,1.7327165603637695,0.2678358532974013
COHFACE_s22_session3_natural,41,26,41.86666666666667,1.8450980186462402,0.24445559001820877
COHFACE_s22_session3_natural,41,27,41.9,1.6149624586105347,0.21980997574774874
COHFACE_s22_session3_natural,41,28,41.93333333333333,1.342713475227356,0.20759500275333562
COHFACE_s22_session3_natural,41,29,41.96666666666667,1.1430028676986694,0.21535677380135443
COHFACE_s22_session3_natural,41,30,42.0,0.9376590847969055,0.24352626108592587
COHFACE_s22_session3_natural,41,31,42.03333333333333,0.6784634590148926,0.2865756919190706
COHFACE_s22_session3_natural,41,32,42.06666666666667,0.5097735524177551,0.3350370917930794
COHFACE_s22_session3_natural,41,33,42.1,0.5133719444274902,0.37795064459836264
COHFACE_s22_session3_natural,41,34,42.13333333333333,0.5712935924530029,0.4053976229507671
COHFACE_s22_session3_natural,41,35,42.166666666666664,0.5271946787834167,0.41040003464434394
COHFACE_s22_session3_natural,41,36,42.2,0.35777267813682556,0.3896025525176521
COHFACE_s22_session3_natural,41,37,42.233333333333334,0.13215377926826477,0.3428591990515396
COHFACE_s22_session3_natural,41,38,42.266666666666666,-0.0922367125749588,0.2725370304367143
COHFACE_s22_session3_natural,41,39,42.3,-0.27739235758781433,0.1832998888197168
COHFACE_s22_session3_natural,41,40,42.333333333333336,-0.4216008484363556,0.08220990311209733
COHFACE_s22_session3_natural,41,41,42.36666666666667,-0.5299495458602905,-0.021884454717728728
COHFACE_s22_session3_natural,41,42,42.4,-0.609771728515625,-0.12049534756485004
COHFACE_s22_session3_natural,41,43,42.43333333333333,-0.6728179454803467,-0.2086343490223666
COHFACE_s22_session3_natural,41,44,42.46666666666667,-0.7171153426170349,-0.2868244201423899
COHFACE_s22_session3_natural,41,45,42.5,-0.7529006600379944,-0.35970388278568133
COHFACE_s22_session3_natural,41,46,42.53333333333333,-0.8043327927589417,-0.43098994873681756
COHFACE_s22_session3_natural,41,47,42.56666666666667,-0.8775165677070618,-0.4975820312227922
COHFACE_s22_session3_natural,41,48,42.6,-0.9774773120880127,-0.5472486553185959
COHFACE_s22_session3_natural,41,49,42.63333333333333,-1.0964722633361816,-0.5627230894818208
COHFACE_s22_session3_natural,41,50,42.666666666666664,-1.001251459121704,-0.5304782549911037
COHFACE_s22_session3_natural,41,51,42.7,-0.13325832784175873,-0.4486367978827493
COHFACE_s22_session3_natural,41,52,42.733333333333334,1.1760088205337524,-0.3288214513384301
COHFACE_s22_session3_natural,41,53,42.766666666666666,1.9149067401885986,-0.1909040433863073
COHFACE_s22_session3_natural,41,54,42.8,1.9662519693374634,-0.05447871738440881
COHFACE_s22_session3_natural,41,55,42.833333333333336,1.7523216009140015,0.06726864911967677
COHFACE_s22_session3_natural,41,56,42.86666666666667,1.531330943107605,0.16828573958740473
COHFACE_s22_session3_natural,41,57,42.9,1.3576281070709229,0.24635020445639152
COHFACE_s22_session3_natural,41,58,42.93333333333333,1.1534630060195923,0.2994193779863358
COHFACE_s22_session3_natural,41,59,42.96666666666667,0.8767222166061401,0.3243302317207214
COHFACE_s22_session3_natural,41,60,43.0,0.6809947490692139,0.3176702558574625
COHFACE_s22_session3_natural,41,61,43.03333333333333,0.6495398879051208,0.27687603532350963
COHFACE_s22_session3_natural,41,62,43.06666666666667,0.666886568069458,0.2006432140780186
COHFACE_s22_session3_natural,41,63,43.1,0.5979464650154114,0.08956214302772336
COHFACE_s22_session3_natural,41,64,43.13333333333333,0.4277799427509308,-0.05201925018935904
COHFACE_s22_session3_natural,41,65,43.166666666666664,0.20048591494560242,-0.21335136444936928
COHFACE_s22_session3_natural,41,66,43.2,-0.03342168405652046,-0.37564767304984636
COHFACE_s22_session3_natural,41,67,43.233333333333334,-0.22686603665351868,-0.5133426516192784
COHFACE_s22_session3_natural,41,68,43.266666666666666,-0.3762611746788025,-0.5987935942602246
COHFACE_s22_session3_natural,41,69,43.3,-0.4981348514556885,-0.6091055998762368
COHFACE_s22_session3_natural,41,70,43.333333333333336,-0.591097354888916,-0.5325698551312431
COHFACE_s22_session3_natural,41,71,43.36666666666667,-0.6579653024673462,-0.37239251645161886
COHFACE_s22_session3_natural,41,72,43.4,-0.7189145088195801,-0.14675290526427176
COHFACE_s22_session3_natural,41,73,43.43333333333333,-0.7867751717567444,0.11438238716643152
COHFACE_s22_session3_natural,41,74,43.46666666666667,-0.85787433385849,0.3747440178663761
COHFACE_s22_session3_natural,41,75,43.5,-0.9299041628837585,0.5985344192629201
COHFACE_s22_session3_natural,41,76,43.53333333333333,-1.0087708234786987,0.7571964442545085
COHFACE_s22_session3_natural,41,77,43.56666666666667,-1.0849201679229736,0.8345539468173025
COHFACE_s22_session3_natural,41,78,43.6,-1.1528428792953491,0.8289100250420873
COHFACE_s22_session3_natural,41,79,43.63333333333333,-1.2242894172668457,0.7517058943195453
COHFACE_s22_session3_natural,41,80,43.666666666666664,-1.3165446519851685,0.6237585919423505
COHFACE_s22_session3_natural,41,81,43.7,-1.4037373065948486,0.4706956463677816
COHFACE_s22_session3_natural,41,82,43.733333333333334,-1.2141271829605103,0.3184155375259716
COHFACE_s22_session3_natural,41,83,43.766666666666666,-0.16171041131019592,0.18848068063760104
COHFACE_s22_session3_natural,41,84,43.8,1.2621468305587769,0.09363303839600941
COHFACE_s22_session3_natural,41,85,43.833333333333336,1.995336890220642,0.03475804737712498
COHFACE_s22_session3_natural,41,86,43.86666666666667,2.0204386711120605,0.0012891296273283065
COHFACE_s22_session3_natural,41,87,43.9,1.7985919713974,-0.02389539878437838
COHFACE_s22_session3_natural,41,88,43.93333333333333,1.5677987337112427,-0.056552725403231044
COHFACE_s22_session3_natural,41,89,43.96666666666667,1.382109522819519,-0.10397670519599833
COHFACE_s22_session3_natural,41,90,44.0,1.1472340822219849,-0.16274330954881033
COHFACE_s22_session3_natural,41,91,44.03333333333333,0.8543626070022583,-0.22252365899598844
COHFACE_s22_session3_natural,41,92,44.06666666666667,0.6765030026435852,-0.2728727320375832
COHFACE_s22_session3_natural,41,93,44.1,0.664429783821106,-0.30791367625652805
COHFACE_s22_session3_natural,41,94,44.13333333333333,0.6840223670005798,-0.326385014645453
COHFACE_s22_session3_natural,41,95,44.166666666666664,0.6124392747879028,-0.32877797358133964
COHFACE_s22_session3_natural,41,96,44.2,0.43404608964920044,-0.3152184109911583
COHFACE_s22_session3_natural,41,97,44.233333333333334,0.1966269612312317,-0.2863436081266604
COHFACE_s22_session3_natural,41,98,44.266666666666666,-0.043459948152303696,-0.24628389551922586
COHFACE_s22_session3_natural,41,99,44.3,-0.24102383852005005,-0.20470403016729657
COHFACE_s22_session3_natural,41,100,44.333333333333336,-0.4037950336933136,-0.17545813797366114
COHFACE_s22_session3_natural,41,101,44.36666666666667,-0.5383499264717102,-0.1719019116742671
COHFACE_s22_session3_natural,41,102,44.4,-0.6339677572250366,-0.20121689278017912
COHFACE_s22_session3_natural,41,103,44.43333333333333,-0.7055012583732605,-0.26081667542946835
COHFACE_s22_session3_natural,41,104,44.46666666666667,-0.7648622393608093,-0.3386890099878309
COHFACE_s22_session3_natural,41,105,44.5,-0.8215802907943726,-0.41716125424788353
COHFACE_s22_session3_natural,41,106,44.53333333333333,-0.8902846574783325,-0.47760124649405467
COHFACE_s22_session3_natural,41,107,44.56666666666667,-0.9726132750511169,-0.5036551505203142
COHFACE_s22_session3_natural,41,108,44.6,-1.055798053741455,-0.4828616707572719
COHFACE_s22_session3_natural,41,109,44.63333333333333,-1.1409558057785034,-0.40825810152600656
COHFACE_s22_session3_natural,41,110,44.666666666666664,-1.221435546875,-0.2807886938031975
COHFACE_s22_session3_natural,41,111,44.7,-1.2937383651733398,-0.11128162937208495
COHFACE_s22_session3_natural,41,112,44.733333333333334,-1.3873709440231323,0.0800642724220451
COHFACE_s22_session3_natural,41,113,44.766666666666666,-1.4955706596374512,0.26757949903667294
COHFACE_s22_session3_natural,41,114,44.8,-1.466460943222046,0.42612350467168814
COHFACE_s22_session3_natural,41,115,44.833333333333336,-0.721073567867279,0.5367350349054194
COHFACE_s22_session3_natural,41,116,44.86666666666667,0.7373281121253967,0.5903931768349402
COHFACE_s22_session3_natural,41,117,44.9,1.7629306316375732,0.5897342322743006
COHFACE_s22_session3_natural,41,118,44.93333333333333,1.9456790685653687,0.5486516666787797
COHFACE_s22_session3_natural,41,119,44.96666666666667,1.7053192853927612,0.48902532445975916
COHFACE_s22_session3_natural,41,120,45.0,1.3973841667175293,0.4339927709816807
COHFACE_s22_session3_natural,41,121,45.03333333333333,1.1422460079193115,0.3991351351483783
COHFACE_s22_session3_natural,41,122,45.06666666666667,0.9037349820137024,0.38578873259081176
COHFACE_s22_session3_natural,41,123,45.1,0.6273539662361145,0.38124609496708817
COHFACE_s22_session3_natural,41,124,45.13333333333333,0.4522986114025116,0.36694564572137994
COHFACE_s22_session3_natural,41,125,45.166666666666664,0.46689069271087646,0.3302625725880434
COHFACE_s22_session3_natural,41,126,45.2,0.5530534386634827,0.27241292682859014
COHFACE_s22_session3_natural,41,127,45.233333333333334,0.5382256507873535,0.20701167088503866
COHFACE_s22_session3_natural,41,128,45.266666666666666,0.3733574151992798,0.15026651797425808
COHFACE_s22_session3_natural,41,129,45.3,0.12303373217582703,0.1097431537509032
COHFACE_s22_session3_natural,41,130,45.333333333333336,-0.13062778115272522,0.07939190873503482
COHFACE_s22_session3_natural,41,131,45.36666666666667,-0.3414064347743988,0.043883018121574864
COHFACE_s22_session3_natural,41,132,45.4,-0.5023040175437927,-0.011266054194125314
COHFACE_s22_session3_natural,41,133,45.43333333333333,-0.6164597272872925,-0.09081654720788275
COHFACE_s22_session3_natural,41,134,45.46666666666667,-0.6978081464767456,-0.1871698482006613
COHFACE_s22_session3_natural,41,135,45.5,-0.7558786869049072,-0.28406810944854016
COHFACE_s22_session3_natural,41,136,45.53333333333333,-0.7958704233169556,-0.36334446029136336
COHFACE_s22_session3_natural,41,137,45.56666666666667,-0.8411356210708618,-0.41104702881831756
COHFACE_s22_session3_natural,41,138,45.6,-0.8940567374229431,-0.4209837122510752
COHFACE_s22_session3_natural,41,139,45.63333333333333,-0.9507871866226196,-0.39556585902309155
COHFACE_s22_session3_natural,41,140,45.666666666666664,-1.0202361345291138,-0.34438666901828724
COHFACE_s22_session3_natural,41,141,45.7,-1.0996487140655518,-0.2808625769218117
COHFACE_s22_session3_natural,41,142,45.733333333333334,-1.2027983665466309,-0.21763905734333433
COHFACE_s22_session3_natural,41,143,45.766666666666666,-1.3337053060531616,-0.16233188630942724
COHFACE_s22_session3_natural,41,144,45.8,-1.3798390626907349,-0.11570512982122808
COHFACE_s22_session3_natural,41,145,45.833333333333336,-0.8468930721282959,-0.07357320844496568
COHFACE_s22_session3_natural,41,146,45.86666666666667,0.48356735706329346,-0.03150423803288564
COHFACE_s22_session3_natural,41,147,45.9,1.5726380348205566,0.010538779267466589
COHFACE_s22_session3_natural,41,148,45.93333333333333,1.826957106590271,0.04646763265592506
COHFACE_s22_session3_natural,41,149,45.96666666666667,1.600097417831421,0.06616260890936033
COHFACE_s22_session3_natural,41,150,46.0,1.2726813554763794,0.059833743441693676
COHFACE_s22_session3_natural,41,151,46.03333333333333,0.9899721741676331,0.021954551252716205
COHFACE_s22_session3_natural,41,152,46.06666666666667,0.7177355289459229,-0.04689437254867663
COHFACE_s22_session3_natural,41,153,46.1,0.427196741104126,-0.1400206720255155
COHFACE_s22_session3_natural,41,154,46.13333333333333,0.28388166427612305,-0.2452738690695697
COHFACE_s22_session3_natural,41,155,46.166666666666664,0.3470892012119293,-0.3459135197788101
COHFACE_s22_session3_natural,41,156,46.2,0.4669155180454254,-0.42276491648838743
COHFACE_s22_session3_natural,41,157,46.233333333333334,0.4659973084926605,-0.45884860278204687
COHFACE_s22_session3_natural,41,158,46.266666666666666,0.30986449122428894,-0.4453871862426901
COHFACE_s22_session3_natural,41,159,46.3,0.07080747187137604,-0.38561905134337066
COHFACE_s22_session3_natural,41,160,46.333333333333336,-0.16934147477149963,-0.29299900418329067
COHFACE_s22_session3_natural,41,161,46.36666666666667,-0.36601197719573975,-0.18366999987681812
COHFACE_s22_session3_natural,41,162,46.4,-0.5210280418395996,-0.06754289617811865
COHFACE_s22_session3_natural,41,163,46.43333333333333,-0.6409908533096313,0.055862164501261656
COHFACE_s22_session3_natural,41,164,46.46666666666667,-0.7235055565834045,0.19365338341344893
COHFACE_s22_session3_natural,41,165,46.5,-0.7752355337142944,0.35026653140827657
COHFACE_s22_session3_natural,41,166,46.53333333333333,-0.8005483150482178,0.5189440707860948
COHFACE_s22_session3_natural,41,167,46.56666666666667,-0.825141429901123,0.679869818011521
COHFACE_s22_session3_natural,41,168,46.6,-0.8586560487747192,0.8062182195281671
COHFACE_s22_session3_natural,41,169,46.63333333333333,-0.9119866490364075,0.8742645420899535
COHFACE_s22_session3_natural,41,170,46.666666666666664,-0.9958539009094238,0.8718572404920661
COHFACE_s22_session3_natural,41,171,46.7,-1.1171443462371826,0.8014504565406974
COHFACE_s22_session3_natural,41,172,46.733333333333334,-1.2091017961502075,0.6775259865165553
COHFACE_s22_session3_natural,41,173,46.766666666666666,-0.9223102927207947,0.5208241181805475
COHFACE_s22_session3_natural,41,174,46.8,0.24178051948547363,0.3519546035452081
COHFACE_s22_session3_natural,41,175,46.833333333333336,1.548640489578247,0.18617789501112691
COHFACE_s22_session3_natural,41,176,46.86666666666667,2.0867111682891846,0.03103956664357332
COHFACE_s22_session3_natural,41,177,46.9,1.9977068901062012,-0.11192974872873739
COHFACE_s22_session3_natural,41,178,46.93333333333333,1.7127765417099,-0.24226164459829005
COHFACE_s22_session3_natural,41,179,46.96666666666667,1.4402669668197632,-0.3554637912568157
COHFACE_s22_session3_natural,41,180,47.0,1.2311757802963257,-0.4414186560677469
COHFACE_s22_session3_natural,41,181,47.03333333333333,0.9829987287521362,-0.4877263365518989
COHFACE_s22_session3_natural,41,182,47.06666666666667,0.724721372127533,-0.48577922067992635
COHFACE_s22_session3_natural,41,183,47.1,0.620392918586731,-0.43530288340613826
COHFACE_s22_session3_natural,41,184,47.13333333333333,0.6658443212509155,-0.34468778192133975
COHFACE_s22_session3_natural,41,185,47.166666666666664,0.693216860294342,-0.22790817630595914
COHFACE_s22_session3_natural,41,186,47.2,0.5824981927871704,-0.10104121904165646
COHFACE_s22_session3_natural,41,187,47.233333333333334,0.36083751916885376,0.019217591431356953
COHFACE_s22_session3_natural,41,188,47.266666666666666,0.1041732132434845,0.11539531232164074
COHFACE_s22_session3_natural,41,189,47.3,-0.12495722621679306,0.1698752100571891
COHFACE_s22_session3_natural,41,190,47.333333333333336,-0.30502551794052124,0.168036795348511
COHFACE_s22_session3_natural,41,191,47.36666666666667,-0.4423970580101013,0.10307575897255454
COHFACE_s22_session3_natural,41,192,47.4,-0.547569215297699,-0.02025040384470842
COHFACE_s22_session3_natural,41,193,47.43333333333333,-0.6261630058288574,-0.18540964047572628
COHFACE_s22_session3_natural,41,194,47.46666666666667,-0.687360405921936,-0.36751930463919374
COHFACE_s22_session3_natural,41,195,47.5,-0.7404304146766663,-0.5382942643823877
COHFACE_s22_session3_natural,41,196,47.53333333333333,-0.7928304076194763,-0.6703185557273476
COHFACE_s22_session3_natural,41,197,47.56666666666667,-0.8455033302307129,-0.7401188303892835
COHFACE_s22_session3_natural,41,198,47.6,-0.9233525991439819,-0.731169562468583
COHFACE_s22_session3_natural,41,199,47.63333333333333,-1.0441094636917114,-0.6378434655219215
COHFACE_s22_session3_natural,41,200,47.666666666666664,-1.1719887256622314,-0.4692210797188818
COHFACE_s22_session3_natural,41,201,47.7,-1.083716630935669,-0.24975281037782596
COHFACE_s22_session3_natural,41,202,47.733333333333334,-0.19994017481803894,-0.014284527965975943
COHFACE_s22_session3_natural,41,203,47.766666666666666,1.1666778326034546,0.20208272662325355
COHFACE_s22_session3_natural,41,204,47.8,1.9630506038665771,0.3752770797034916
COHFACE_s22_session3_natural,41,205,47.833333333333336,2.040688991546631,0.49909786992580707
COHFACE_s22_session3_natural,41,206,47.86666666666667,1.8093374967575073,0.5839138389752603
COHFACE_s22_session3_natural,41,207,47.9,1.541406512260437,0.6477183072705686
COHFACE_s22_session3_natural,41,208,47.93333333333333,1.3467957973480225,0.704070702213043
COHFACE_s22_session3_natural,41,209,47.96666666666667,1.1424694061279297,0.7531558773349599
COHFACE_s22_session3_natural,41,210,48.0,0.8648847937583923,0.7806129416065808
COHFACE_s22_session3_natural,41,211,48.03333333333333,0.6817516684532166,0.7646502313662817
COHFACE_s22_session3_natural,41,212,48.06666666666667,0.6671720147132874,0.6874226034716332
COHFACE_s22_session3_natural,41,213,48.1,0.6981180906295776,0.5445471426411159
COHFACE_s22_session3_natural,41,214,48.13333333333333,0.6338186264038086,0.34832289603131145
COHFACE_s22_session3_natural,41,215,48.166666666666664,0.44319096207618713,0.1238832009865529
COHFACE_s22_session3_natural,41,216,48.2,0.19104325771331787,-0.09943139645327036
COHFACE_s22_session3_natural,41,217,48.233333333333334,-0.05486311390995979,-0.29748971464273966
COHFACE_s22_session3_natural,41,218,48.266666666666666,-0.253953218460083,-0.4572504212339262
COHFACE_s22_session3_natural,41,219,48.3,-0.40872111916542053,-0.5763974280642526
COHFACE_s22_session3_natural,41,220,48.333333333333336,-0.5410301089286804,-0.6574951920688534
COHFACE_s22_session3_natural,41,221,48.36666666666667,-0.641586422920227,-0.7008659231928374
COHFACE_s22_session3_natural,41,222,48.4,-0.7086405158042908,-0.7014103039329185
COHFACE_s22_session3_natural,41,223,48.43333333333333,-0.7591916918754578,-0.6519072450018917
COHFACE_s22_session3_natural,41,224,48.46666666666667,-0.8125346302986145,-0.550204757804591
COHFACE_s22_session3_natural,41,225,48.5,-0.8688556551933289,-0.4044926320457129
COHFACE_s22_session3_natural,41,226,48.53333333333333,-0.9488887190818787,-0.23264142102233104
COHFACE_s22_session3_natural,41,227,48.56666666666667,-1.0619773864746094,-0.056433074279297016
COHFACE_s22_session3_natural,41,228,48.6,-1.1984431743621826,0.10483620269978096
COHFACE_s22_session3_natural,41,229,48.63333333333333,-1.2063347101211548,0.2372423595834245
COHFACE_s22_session3_natural,41,230,48.666666666666664,-0.5431395173072815,0.3314175829663001
COHFACE_s22_session3_natural,41,231,48.7,0.7890952825546265,0.38127821702121834
COHFACE_s22_session3_natural,41,232,48.733333333333334,1.7577440738677979,0.38501784374788195
COHFACE_s22_session3_natural,41,233,48.766666666666666,1.9687336683273315,0.3478889578985454
COHFACE_s22_session3_natural,41,234,48.8,1.7812824249267578,0.28380587444906075
COHFACE_s22_session3_natural,41,235,48.833333333333336,1.5291595458984375,0.21301499704924842
COHFACE_s22_session3_natural,41,236,48.86666666666667,1.3185173273086548,0.1557984009061657
COHFACE_s22_session3_natural,41,237,48.9,1.0993258953094482,0.12506945915426565
COHFACE_s22_session3_natural,41,238,48.93333333333333,0.8118395805358887,0.12151454369626041
COHFACE_s22_session3_natural,41,239,48.96666666666667,0.6047337651252747,0.13357304180732804
COHFACE_s22_session3_natural,42,0,42.0,0.9376590847969055,-0.018848984892139653
COHFACE_s22_session3_natural,42,1,42.03333333333333,0.6784634590148926,0.07103472182878949
COHFACE_s22_session3_natural,42,2,42.06666666666667,0.5097735524177551,0.13793822807107198
COHFACE_s22_session3_natural,42,3,42.1,0.5133719444274902,0.1642235237426988
COHFACE_s22_session3_natural,42,4,42.13333333333333,0.5712935924530029,0.142414753494122
COHFACE_s22_session3_natural,42,5,42.166666666666664,0.5271946787834167,0.07690730751751534
COHFACE_s22_session3_natural,42,6,42.2,0.35777267813682556,-0.018163318197700784
COHFACE_s22_session3_natural,42,7,42.233333333333334,0.13215377926826477,-0.1245085943256839
COHFACE_s22_session3_natural,42,8,42.266666666666666,-0.0922367125749588,-0.2261827062851726
COHFACE_s22_session3_natural,42,9,42.3,-0.27739235758781433,-0.3135259722649917
COHFACE_s22_session3_natural,42,10,42.333333333333336,-0.4216008484363556,-0.38273298758594326
COHFACE_s22_session3_natural,42,11,42.36666666666667,-0.5299495458602905,-0.43222136573001296
COHFACE_s22_session3_natural,42,12,42.4,-0.609771728515625,-0.45903861783919486
COHFACE_s22_session3_natural,42,13,42.43333333333333,-0.6728179454803467,-0.4580890108177326
COHFACE_s22_session3_natural,42,14,42.46666666666667,-0.7171153426170349,-0.4242974973072492
COHFACE_s22_session3_natural,42,15,42.5,-0.7529006600379944,-0.35559426213297224
COHFACE_s22_session3_natural,42,16,42.53333333333333,-0.8043327927589417,-0.2548345490520606
COHFACE_s22_session3_natural,42,17,42.56666666666667,-0.8775165677070618,-0.13022994425172188
COHFACE_s22_session3_natural,42,18,42.6,-0.9774773120880127,0.005471683575816979
COHFACE_s22_session3_natural,42,19,42.63333333333333,-1.0964722633361816,0.13702925947824485
COHFACE_s22_session3_natural,42,20,42.666666666666664,-1.001251459121704,0.25005062021783814
COHFACE_s22_session3_natural,42,21,42.7,-0.13325832784175873,0.33507147436156165
COHFACE_s22_session3_natural,42,22,42.733333333333334,1.1760088205337524,0.3906501419367792
COHFACE_s22_session3_natural,42,23,42.766666666666666,1.9149067401885986,0.4233035044236203
COHFACE_s22_session3_natural,42,24,42.8,1.9662519693374634,0.4433553591100903
COHFACE_s22_session3_natural,42,25,42.833333333333336,1.7523216009140015,0.458281306386601
COHFACE_s22_session3_natural,42,26,42.86666666666667,1.531330943107605,0.46735668876584785
COHFACE_s22_session3_natural,42,27,42.9,1.3576281070709229,0.461425054053162
COHFACE_s22_session3_natural,42,28,42.93333333333333,1.1534630060195923,0.4286813054220381
COHFACE_s22_session3_natural,42,29,42.96666666666667,0.8767222166061401,0.3631530404521976
COHFACE_s22_session3_natural,42,30,43.0,0.6809947490692139,0.2699734338136367
COHFACE_s22_session3_natural,42,31,43.03333333333333,0.6495398879051208,0.16309768055936494
COHFACE_s22_session3_natural,42,32,43.06666666666667,0.666886568069458,0.05660261264389105
COHFACE_s22_session3_natural,42,33,43.1,0.5979464650154114,-0.044208592331368986
COHFACE_s22_session3_natural,42,34,43.13333333333333,0.4277799427509308,-0.14529871512075332
COHFACE_s22_session3_natural,42,35,43.166666666666664,0.20048591494560242,-0.2578092608020945
COHFACE_s22_session3_natural,42,36,43.2,-0.03342168405652046,-0.3872424967755822
COHFACE_s22_session3_natural,42,37,43.233333333333334,-0.22686603665351868,-0.5250560885370097
COHFACE_s22_session3_natural,42,38,43.266666666666666,-0.3762611746788025,-0.6479953552500111
COHFACE_s22_session3_natural,42,39,43.3,-0.4981348514556885,-0.7254862861633916
COHFACE_s22_session3_natural,42,40,43.333333333333336,-0.591097354888916,-0.7309935537673211
COHFACE_s22_session3_natural,42,41,43.36666666666667,-0.6579653024673462,-0.6519199651482579
COHFACE_s22_session3_natural,42,42,43.4,-0.7189145088195801,-0.4945350509844176
COHFACE_s22_session3_natural,42,43,43.43333333333333,-0.7867751717567444,-0.2831700039586489
COHFACE_s22_session3_natural,42,44,43.46666666666667,-0.85787433385849,-0.05432916331268289
COHFACE_s22_session3_natural,42,45,43.5,-0.9299041628837585,0.1529525792899227
COHFACE_s22_session3_natural,42,46,43.53333333333333,-1.0087708234786987,0.3079829502749442
COHFACE_s22_session3_natural,42,47,43.56666666666667,-1.0849201679229736,0.39678387061617565
COHFACE_s22_session3_natural,42,48,43.6,-1.1528428792953491,0.4243771237835438
COHFACE_s22_session3_natural,42,49,43.63333333333333,-1.2242894172668457,0.40979427716439576
COHFACE_s22_session3_natural,42,50,43.666666666666664,-1.3165446519851685,0.37650278971592605
COHFACE_s22_session3_natural,42,51,43.7,-1.4037373065948486,0.3433576211296041
COHFACE_s22_session3_natural,42,52,43.733333333333334,-1.2141271829605103,0.3199976588558909
COHFACE_s22_session3_natural,42,53,43.766666666666666,-0.16171041131019592,0.307210248504806
COHFACE_s22_session3_natural,42,54,43.8,1.2621468305587769,0.3000526455716666
COHFACE_s22_session3_natural,42,55,43.833333333333336,1.995336890220642,0.2911709067322609
COHFACE_s22_session3_natural,42,56,43.86666666666667,2.0204386711120605,0.2734803791406135
COHFACE_s22_session3_natural,42,57,43.9,1.7985919713974,0.24274437856130957
COHFACE_s22_session3_natural,42,58,43.93333333333333,1.5677987337112427,0.19985673060925493
COHFACE_s22_session3_natural,42,59,43.96666666666667,1.382109522819519,0.15117486620951687
COHFACE_s22_session3_natural,42,60,44.0,1.1472340822219849,0.10537499219445169
COHFACE_s22_session3_natural,42,61,44.03333333333333,0.8543626070022583,0.06764426200728661
COHFACE_s22_session3_natural,42,62,44.06666666666667,0.6765030026435852,0.03502826521199024
COHFACE_s22_session3_natural,42,63,44.1,0.664429783821106,-0.0029253569937593813
COHFACE_s22_session3_natural,42,64,44.13333333333333,0.6840223670005798,-0.057904388057853806
COHFACE_s22_session3_natural,42,65,44.166666666666664,0.6124392747879028,-0.13520475168186868
COHFACE_s22_session3_natural,42,66,44.2,0.43404608964920044,-0.23011490124451797
COHFACE_s22_session3_natural,42,67,44.233333333333334,0.1966269612312317,-0.3306812806880733
COHFACE_s22_session3_natural,42,68,44.266666666666666,-0.043459948152303696,-0.4244358918898579
COHFACE_s22_session3_natural,42,69,44.3,-0.24102383852005005,-0.5037995801345884
COHFACE_s22_session3_natural,42,70,44.333333333333336,-0.4037950336933136,-0.566273521100838
COHFACE_s22_session3_natural,42,71,44.36666666666667,-0.5383499264717102,-0.6099843549088546
COHFACE_s22_session3_natural,42,72,44.4,-0.6339677572250366,-0.6291989397991128
COHFACE_s22_session3_natural,42,73,44.43333333333333,-0.7055012583732605,-0.614542408148925
COHFACE_s22_session3_natural,42,74,44.46666666666667,-0.7648622393608093,-0.5582308261584701
COHFACE_s22_session3_natural,42,75,44.5,-0.8215802907943726,-0.4598563490934105
COHFACE_s22_session3_natural,42,76,44.53333333333333,-0.8902846574783325,-0.32765721999732206
COHFACE_s22_session3_natural,42,77,44.56666666666667,-0.9726132750511169,-0.17401193696889267
COHFACE_s22_session3_natural,42,78,44.6,-1.055798053741455,-0.008927411299459816
COHFACE_s22_session3_natural,42,79,44.63333333333333,-1.1409558057785034,0.1628945438070511
COHFACE_s22_session3_natural,42,80,44.666666666666664,-1.221435546875,0.3391430094546682
COHFACE_s22_session3_natural,42,81,44.7,-1.2937383651733398,0.513912759190651
COHFACE_s22_session3_natural,42,82,44.733333333333334,-1.3873709440231323,0.6736462896629303
COHFACE_s22_session3_natural,42,83,44.766666666666666,-1.4955706596374512,0.7982643557860685
COHFACE_s22_session3_natural,42,84,44.8,-1.466460943222046,0.8668914751750972
COHFACE_s22_session3_natural,42,85,44.833333333333336,-0.721073567867279,0.8648314322339394
COHFACE_s22_session3_natural,42,86,44.86666666666667,0.7373281121253967,0.7887341035132246
COHFACE_s22_session3_natural,42,87,44.9,1.7629306316375732,0.6487642496850256
COHFACE_s22_session3_natural,42,88,44.93333333333333,1.9456790685653687,0.4676802283952422
COHFACE_s22_session3_natural,42,89,44.96666666666667,1.7053192853927612,0.2765887558101276
COHFACE_s22_session3_natural,42,90,45.0,1.3973841667175293,0.10693826108875021
COHFACE_s22_session3_natural,42,91,45.03333333333333,1.1422460079193115,-0.02011809421577743
COHFACE_s22_session3_natural,42,92,45.06666666666667,0.9037349820137024,-0.10250884601366701
COHFACE_s22_session3_natural,42,93,45.1,0.6273539662361145,-0.15808099865364506
COHFACE_s22_session3_natural,42,94,45.13333333333333,0.4522986114025116,-0.21459475980018775
COHFACE_s22_session3_natural,42,95,45.166666666666664,0.46689069271087646,-0.2927704360302285
COHFACE_s22_session3_natural,42,96,45.2,0.5530534386634827,-0.3921738280911147
COHFACE_s22_session3_natural,42,97,45.233333333333334,0.5382256507873535,-0.4894603395310033
COHFACE_s22_session3_natural,42,98,45.266666666666666,0.3733574151992798,-0.550737762478489
COHFACE_s22_session3_natural,42,99,45.3,0.12303373217582703,-0.5504604723546999
COHFACE_s22_session3_natural,42,100,45.333333333333336,-0.13062778115272522,-0.4854863290870857
COHFACE_s22_session3_natural,42,101,45.36666666666667,-0.3414064347743988,-0.37662412958155755
COHFACE_s22_session3_natural,42,102,45.4,-0.5023040175437927,-0.25814195493207964
COHFACE_s22_session3_natural,42,103,45.43333333333333,-0.6164597272872925,-0.16241347520673596
COHFACE_s22_session3_natural,42,104,45.46666666666667,-0.6978081464767456,-0.10784450568258648
COHFACE_s22_session3_natural,42,105,45.5,-0.7558786869049072,-0.09445623358929037
COHFACE_s22_session3_natural,42,106,45.53333333333333,-0.7958704233169556,-0.10678776306087776
COHFACE_s22_session3_natural,42,107,45.56666666666667,-0.8411356210708618,-0.12118724479562396
COHFACE_s22_session3_natural,42,108,45.6,-0.8940567374229431,-0.11476591596700776
COHFACE_s22_session3_natural,42,109,45.63333333333333,-0.9507871866226196,-0.07395337254720832
COHFACE_s22_session3_natural,42,110,45.666666666666664,-1.0202361345291138,0.00012187036264864771
COHFACE_s22_session3_natural,42,111,45.7,-1.0996487140655518,0.09243660881825408
COHFACE_s22_session3_natural,42,112,45.733333333333334,-1.2027983665466309,0.18162373882302751
COHFACE_s22_session3_natural,42,113,45.766666666666666,-1.3337053060531616,0.25075150692518766
COHFACE_s22_session3_natural,42,114,45.8,-1.3798390626907349,0.29507805142484955
COHFACE_s22_session3_natural,42,115,45.833333333333336,-0.8468930721282959,0.32186179765998135
COHFACE_s22_session3_natural,42,116,45.86666666666667,0.48356735706329346,0.34270600581271704
COHFACE_s22_session3_natural,42,117,45.9,1.5726380348205566,0.3641658794593362
COHFACE_s22_session3_natural,42,118,45.93333333333333,1.826957106590271,0.3830971546069125
COHFACE_s22_session3_natural,42,119,45.96666666666667,1.600097417831421,0.38914172381524204
COHFACE_s22_session3_natural,42,120,46.0,1.2726813554763794,0.37108907139685027
COHFACE_s22_session3_natural,42,121,46.03333333333333,0.9899721741676331,0.32167621716562717
COHFACE_s22_session3_natural,42,122,46.06666666666667,0.7177355289459229,0.23874959728497833
COHFACE_s22_session3_natural,42,123,46.1,0.427196741104126,0.12509225427289597
COHFACE_s22_session3_natural,42,124,46.13333333333333,0.28388166427612305,-0.010489848778731534
COHFACE_s22_session3_natural,42,125,46.166666666666664,0.3470892012119293,-0.15154632760190606
COHFACE_s22_session3_natural,42,126,46.2,0.4669155180454254,-0.2755452049006842
COHFACE_s22_session3_natural,42,127,46.233333333333334,0.4659973084926605,-0.3612197740684896
COHFACE_s22_session3_natural,42,128,46.266666666666666,0.30986449122428894,-0.3988518335607708
COHFACE_s22_session3_natural,42,129,46.3,0.07080747187137604,-0.3962233251825478
COHFACE_s22_session3_natural,42,130,46.333333333333336,-0.16934147477149963,-0.37464665806732245
COHFACE_s22_session3_natural,42,131,46.36666666666667,-0.36601197719573975,-0.35622980962088696
COHFACE_s22_session3_natural,42,132,46.4,-0.5210280418395996,-0.35027982220501325
COHFACE_s22_session3_natural,42,133,46.43333333333333,-0.6409908533096313,-0.34805598615304234
COHFACE_s22_session3_natural,42,134,46.46666666666667,-0.7235055565834045,-0.3292505334722924
COHFACE_s22_session3_natural,42,135,46.5,-0.7752355337142944,-0.27536923397650453
COHFACE_s22_session3_natural,42,136,46.53333333333333,-0.8005483150482178,-0.18099178929876503
COHFACE_s22_session3_natural,42,137,46.56666666666667,-0.825141429901123,-0.05626172071992769
COHFACE_s22_session3_natural,42,138,46.6,-0.8586560487747192,0.07919815274120023
COHFACE_s22_session3_natural,42,139,46.63333333333333,-0.9119866490364075,0.20520621246730902
COHFACE_s22_session3_natural,42,140,46.666666666666664,-0.9958539009094238,0.3071058980443019
COHFACE_s22_session3_natural,42,141,46.7,-1.1171443462371826,0.3773182186026989
COHFACE_s22_session3_natural,42,142,46.733333333333334,-1.2091017961502075,0.41423270558177583
COHFACE_s22_session3_natural,42,143,46.766666666666666,-0.9223102927207947,0.4208381881935325
COHFACE_s22_session3_natural,42,144,46.8,0.24178051948547363,0.40336018526757683
COHFACE_s22_session3_natural,42,145,46.833333333333336,1.548640489578247,0.36874121410696925
COHFACE_s22_session3_natural,42,146,46.86666666666667,2.0867111682891846,0.3213323428341016
COHFACE_s22_session3_natural,42,147,46.9,1.9977068901062012,0.26120811202694394
COHFACE_s22_session3_natural,42,148,46.93333333333333,1.7127765417099,0.18593642003024352
COHFACE_s22_session3_natural,42,149,46.96666666666667,1.4402669668197632,0.09494496806958393
COHFACE_s22_session3_natural,42,150,47.0,1.2311757802963257,-0.006649062604637543
COHFACE_s22_session3_natural,42,151,47.03333333333333,0.9829987287521362,-0.10768606748530592
COHFACE_s22_session3_natural,42,152,47.06666666666667,0.724721372127533,-0.1942653523633385
COHFACE_s22_session3_natural,42,153,47.1,0.620392918586731,-0.2541130667871032
COHFACE_s22_session3_natural,42,154,47.13333333333333,0.6658443212509155,-0.27923047164620896
COHFACE_s22_session3_natural,42,155,47.166666666666664,0.693216860294342,-0.2663122889531176
COHFACE_s22_session3_natural,42,156,47.2,0.5824981927871704,-0.21695879981311483
COHFACE_s22_session3_natural,42,157,47.233333333333334,0.36083751916885376,-0.1395508783548326
COHFACE_s22_session3_natural,42,158,47.266666666666666,0.1041732132434845,-0.05131768741994992
COHFACE_s22_session3_natural,42,159,47.3,-0.12495722621679306,0.02327832375144053
COHFACE_s22_session3_natural,42,160,47.333333333333336,-0.30502551794052124,0.05960598561946902
COHFACE_s22_session3_natural,42,161,47.36666666666667,-0.4423970580101013,0.04245786318802139
COHFACE_s22_session3_natural,42,162,47.4,-0.547569215297699,-0.02761236950475638
COHFACE_s22_session3_natural,42,163,47.43333333333333,-0.6261630058288574,-0.13522128692775948
COHFACE_s22_session3_natural,42,164,47.46666666666667,-0.687360405921936,-0.2568558386133263
COHFACE_s22_session3_natural,42,165,47.5,-0.7404304146766663,-0.3677944756563173
COHFACE_s22_session3_natural,42,166,47.53333333333333,-0.7928304076194763,-0.4452018232850293
COHFACE_s22_session3_natural,42,167,47.56666666666667,-0.8455033302307129,-0.46834101203670925
COHFACE_s22_session3_natural,42,168,47.6,-0.9233525991439819,-0.4203617289996012
COHFACE_s22_session3_natural,42,169,47.63333333333333,-1.0441094636917114,-0.29466929764647765
COHFACE_s22_session3_natural,42,170,47.666666666666664,-1.1719887256622314,-0.10307100561265232
COHFACE_s22_session3_natural,42,171,47.7,-1.083716630935669,0.1215828978547937
COHFACE_s22_session3_natural,42,172,47.733333333333334,-0.19994017481803894,0.3336242839685242
COHFACE_s22_session3_natural,42,173,47.766666666666666,1.1666778326034546,0.49175884898353844
COHFACE_s22_session3_natural,42,174,47.8,1.9630506038665771,0.5760585404555996
COHFACE_s22_session3_natural,42,175,47.833333333333336,2.040688991546631,0.5943652064603798
COHFACE_s22_session3_natural,42,176,47.86666666666667,1.8093374967575073,0.5744214671272806
COHFACE_s22_session3_natural,42,177,47.9,1.541406512260437,0.5470640991332572
COHFACE_s22_session3_natural,42,178,47.93333333333333,1.3467957973480225,0.5302249112894514
COHFACE_s22_session3_natural,42,179,47.96666666666667,1.1424694061279297,0.5216838774362668
COHFACE_s22_session3_natural,42,180,48.0,0.8648847937583923,0.5029030731788081
COHFACE_s22_session3_natural,42,181,48.03333333333333,0.6817516684532166,0.45046451559746215
COHFACE_s22_session3_natural,42,182,48.06666666666667,0.6671720147132874,0.34861969851330216
COHFACE_s22_session3_natural,42,183,48.1,0.6981180906295776,0.19705933306315662
COHFACE_s22_session3_natural,42,184,48.13333333333333,0.6338186264038086,0.011162699479287108
COHFACE_s22_session3_natural,42,185,48.166666666666664,0.44319096207618713,-0.1844083525205605
COHFACE_s22_session3_natural,42,186,48.2,0.19104325771331787,-0.3655042467910233
COHFACE_s22_session3_natural,42,187,48.233333333333334,-0.05486311390995979,-0.5172552487006054
COHFACE_s22_session3_natural,42,188,48.266666666666666,-0.253953218460083,-0.6374004885656296
COHFACE_s22_session3_natural,42,189,48.3,-0.40872111916542053,-0.7320830410186603
COHFACE_s22_session3_natural,42,190,48.333333333333336,-0.5410301089286804,-0.8066410188774826
COHFACE_s22_session3_natural,42,191,48.36666666666667,-0.641586422920227,-0.8576430286863465
COHFACE_s22_session3_natural,42,192,48.4,-0.7086405158042908,-0.8719502167781192
COHFACE_s22_session3_natural,42,193,48.43333333333333,-0.7591916918754578,-0.8338889753363455
COHFACE_s22_session3_natural,42,194,48.46666666666667,-0.8125346302986145,-0.7356549467225677
COHFACE_s22_session3_natural,42,195,48.5,-0.8688556551933289,-0.5834699030906781
COHFACE_s22_session3_natural,42,196,48.53333333333333,-0.9488887190818787,-0.39527185427905326
COHFACE_s22_session3_natural,42,197,48.56666666666667,-1.0619773864746094,-0.19215696641396302
COHFACE_s22_session3_natural,42,198,48.6,-1.1984431743621826,0.009653678022645376
COHFACE_s22_session3_natural,42,199,48.63333333333333,-1.2063347101211548,0.20062243462887622
COHFACE_s22_session3_natural,42,200,48.666666666666664,-0.5431395173072815,0.37394515478006723
COHFACE_s22_session3_natural,42,201,48.7,0.7890952825546265,0.5214575381527238
COHFACE_s22_session3_natural,42,202,48.733333333333334,1.7577440738677979,0.6340152284317302
COHFACE_s22_session3_natural,42,203,48.766666666666666,1.9687336683273315,0.705830246037705
COHFACE_s22_session3_natural,42,204,48.8,1.7812824249267578,0.7382373454854444
COHFACE_s22_session3_natural,42,205,48.833333333333336,1.5291595458984375,0.7388432521756334
COHFACE_s22_session3_natural,42,206,48.86666666666667,1.3185173273086548,0.716532133375351
COHFACE_s22_session3_natural,42,207,48.9,1.0993258953094482,0.6767328514004961
COHFACE_s22_session3_natural,42,208,48.93333333333333,0.8118395805358887,0.62073185112346
COHFACE_s22_session3_natural,42,209,48.96666666666667,0.6047337651252747,0.5488944129104475
COHFACE_s22_session3_natural,42,210,49.0,0.5899803638458252,0.46426779937160556
COHFACE_s22_session3_natural,42,211,49.03333333333333,0.6362630724906921,0.37293887229827327
COHFACE_s22_session3_natural,42,212,49.06666666666667,0.5802274942398071,0.28077413477859886
COHFACE_s22_session3_natural,42,213,49.1,0.4008416533470154,0.18961902207028844
COHFACE_s22_session3_natural,42,214,49.13333333333333,0.15646150708198547,0.09645936418568485
COHFACE_s22_session3_natural,42,215,49.166666666666664,-0.08602018654346466,-0.0036341440762154825
COHFACE_s22_session3_natural,42,216,49.2,-0.292952299118042,-0.11337583301276141
COHFACE_s22_session3_natural,42,217,49.233333333333334,-0.45259663462638855,-0.2315114830738776
COHFACE_s22_session3_natural,42,218,49.266666666666666,-0.5780686736106873,-0.35434145488147917
COHFACE_s22_session3_natural,42,219,49.3,-0.6768134236335754,-0.47800411045235197
COHFACE_s22_session3_natural,42,220,49.333333333333336,-0.7474410533905029,-0.5983445320116179
COHFACE_s22_session3_natural,42,221,49.36666666666667,-0.8030547499656677,-0.7077833249578062
COHFACE_s22_session3_natural,42,222,49.4,-0.8595494627952576,-0.7922212815136872
COHFACE_s22_session3_natural,42,223,49.43333333333333,-0.9145675897598267,-0.8321444319552438
COHFACE_s22_session3_natural,42,224,49.46666666666667,-0.980616569519043,-0.809088668857778
COHFACE_s22_session3_natural,42,225,49.5,-1.059446096420288,-0.7141841063435008
COHFACE_s22_session3_natural,42,226,49.53333333333333,-1.1522845029830933,-0.5535091063479888
COHFACE_s22_session3_natural,42,227,49.56666666666667,-1.2815037965774536,-0.3468723622114864
COHFACE_s22_session3_natural,42,228,49.6,-1.412373423576355,-0.12104499440647126
COHFACE_s22_session3_natural,42,229,49.63333333333333,-1.3561394214630127,0.09805808187949189
COHFACE_s22_session3_natural,42,230,49.666666666666664,-0.5343296527862549,0.289939917250134
COHFACE_s22_session3_natural,42,231,49.7,0.8918354511260986,0.4399172181160294
COHFACE_s22_session3_natural,42,232,49.733333333333334,1.8030588626861572,0.5381529967823088
COHFACE_s22_session3_natural,42,233,49.766666666666666,1.9263471364974976,0.5805436634526221
COHFACE_s22_session3_natural,42,234,49.8,1.6952934265136719,0.5710554418526202
COHFACE_s22_session3_natural,42,235,49.833333333333336,1.4282805919647217,0.5219981437871295
COHFACE_s22_session3_natural,42,236,49.86666666666667,1.2143378257751465,0.4501336705218885
COHFACE_s22_session3_natural,42,237,49.9,0.9816214442253113,0.37028335962850173
COHFACE_s22_session3_natural,42,238,49.93333333333333,0.6901644468307495,0.29010563483482876
COHFACE_s22_session3_natural,42,239,49.96666666666667,0.5280136466026306,0.20887572457550735
COHFACE_s22_session3_natural,43,0,43.0,0.6809947490692139,-0.15902467144534396
COHFACE_s22_session3_natural,43,1,43.03333333333333,0.6495398879051208,-0.01840672964814464
COHFACE_s22_session3_natural,43,2,43.06666666666667,0.666886568069458,0.0920291296523804
COHFACE_s22_session3_natural,43,3,43.1,0.5979464650154114,0.14611543851706507
COHFACE_s22_session3_natural,43,4,43.13333333333333,0.4277799427509308,0.13052835347130626
COHFACE_s22_session3_natural,43,5,43.166666666666664,0.20048591494560242,0.04800659849783754
COHFACE_s22_session3_natural,43,6,43.2,-0.03342168405652046,-0.08290255015209294
COHFACE_s22_session3_natural,43,7,43.233333333333334,-0.22686603665351868,-0.23131624570062295
COHFACE_s22_session3_natural,43,8,43.266666666666666,-0.3762611746788025,-0.3598687000917289
COHFACE_s22_session3_natural,43,9,43.3,-0.4981348514556885,-0.4320973006030533
COHFACE_s22_session3_natural,43,10,43.333333333333336,-0.591097354888916,-0.4204810486764535
COHFACE_s22_session3_natural,43,11,43.36666666666667,-0.6579653024673462,-0.31376355681437357
COHFACE_s22_session3_natural,43,12,43.4,-0.7189145088195801,-0.1214345829189585
COHFACE_s22_session3_natural,43,13,43.43333333333333,-0.7867751717567444,0.1268618749295258
COHFACE_s22_session3_natural,43,14,43.46666666666667,-0.85787433385849,0.3879286315578653
COHFACE_s22_session3_natural,43,15,43.5,-0.9299041628837585,0.6161909110616224
COHFACE_s22_session3_natural,43,16,43.53333333333333,-1.0087708234786987,0.7757455740725862
COHFACE_s22_session3_natural,43,17,43.56666666666667,-1.0849201679229736,0.8488842677125973
COHFACE_s22_session3_natural,43,18,43.6,-1.1528428792953491,0.8382450215057922
COHFACE_s22_session3_natural,43,19,43.63333333333333,-1.2242894172668457,0.7626302389267942
COHFACE_s22_session3_natural,43,20,43.666666666666664,-1.3165446519851685,0.6490747429229372
COHFACE_s22_session3_natural,43,21,43.7,-1.4037373065948486,0.5246542152808963
COHFACE_s22_session3_natural,43,22,43.733333333333334,-1.2141271829605103,0.4105297318915942
COHFACE_s22_session3_natural,43,23,43.766666666666666,-0.16171041131019592,0.3189082139757583
COHFACE_s22_session3_natural,43,24,43.8,1.2621468305587769,0.2523437054489454
COHFACE_s22_session3_natural,43,25,43.833333333333336,1.995336890220642,0.20469180661350694
COHFACE_s22_session3_natural,43,26,43.86666666666667,2.0204386711120605,0.16363822200926412
COHFACE_s22_session3_natural,43,27,43.9,1.7985919713974,0.11483943336481744
COHFACE_s22_session3_natural,43,28,43.93333333333333,1.5677987337112427,0.04671827005324365
COHFACE_s22_session3_natural,43,29,43.96666666666667,1.382109522819519,-0.04605875237991707
COHFACE_s22_session3_natural,43,30,44.0,1.1472340822219849,-0.16206760757973582
COHFACE_s22_session3_natural,43,31,44.03333333333333,0.8543626070022583,-0.2955001331801639
COHFACE_s22_session3_natural,43,32,44.06666666666667,0.6765030026435852,-0.4393790427284549
COHFACE_s22_session3_natural,43,33,44.1,0.664429783821106,-0.5870937529541237
COHFACE_s22_session3_natural,43,34,44.13333333333333,0.6840223670005798,-0.731434753981708
COHFACE_s22_session3_natural,43,35,44.166666666666664,0.6124392747879028,-0.8625372976177096
COHFACE_s22_session3_natural,43,36,44.2,0.43404608964920044,-0.9669664078767559
COHFACE_s22_session3_natural,43,37,44.233333333333334,0.1966269612312317,-1.0294471314937386
COHFACE_s22_session3_natural,43,38,44.266666666666666,-0.043459948152303696,-1.0372651000727975
COHFACE_s22_session3_natural,43,39,44.3,-0.24102383852005005,-0.9856677458167485
COHFACE_s22_session3_natural,43,40,44.333333333333336,-0.4037950336933136,-0.8813485361774703
COHFACE_s22_session3_natural,43,41,44.36666666666667,-0.5383499264717102,-0.7414312290988049
COHFACE_s22_session3_natural,43,42,44.4,-0.6339677572250366,-0.5876567489035905
COHFACE_s22_session3_natural,43,43,44.43333333333333,-0.7055012583732605,-0.4383021643598143
COHFACE_s22_session3_natural,43,44,44.46666666666667,-0.7648622393608093,-0.30180166449906054
COHFACE_s22_session3_natural,43,45,44.5,-0.8215802907943726,-0.17512557179125146
COHFACE_s22_session3_natural,43,46,44.53333333333333,-0.8902846574783325,-0.04722236954962242
COHFACE_s22_session3_natural,43,47,44.56666666666667,-0.9726132750511169,0.09475847592768742
COHFACE_s22_session3_natural,43,48,44.6,-1.055798053741455,0.25946147430265576
COHFACE_s22_session3_natural,43,49,44.63333333333333,-1.1409558057785034,0.44760649802222274
COHFACE_s22_session3_natural,43,50,44.666666666666664,-1.221435546875,0.6511980391418313
COHFACE_s22_session3_natural,43,51,44.7,-1.2937383651733398,0.8551395267742505
COHFACE_s22_session3_natural,43,52,44.733333333333334,-1.3873709440231323,1.0401686677290218
COHFACE_s22_session3_natural,43,53,44.766666666666666,-1.4955706596374512,1.1861594395142436
COHFACE_s22_session3_natural,43,54,44.8,-1.466460943222046,1.2753746682964717
COHFACE_s22_session3_natural,43,55,44.833333333333336,-0.721073567867279,1.2955498440234332
COHFACE_s22_session3_natural,43,56,44.86666666666667,0.7373281121253967,1.2424274907800412
COHFACE_s22_session3_natural,43,57,44.9,1.7629306316375732,1.1211062365599347
COHFACE_s22_session3_natural,43,58,44.93333333333333,1.9456790685653687,0.9457916212106481
COHFACE_s22_session3_natural,43,59,44.96666666666667,1.7053192853927612,0.7376890044395904
COHFACE_s22_session3_natural,43,60,45.0,1.3973841667175293,0.5206204182179244
COHFACE_s22_session3_natural,43,61,45.03333333333333,1.1422460079193115,0.31470805238280314
COHFACE_s22_session3_natural,43,62,45.06666666666667,0.9037349820137024,0.13058748266800752
COHFACE_s22_session3_natural,43,63,45.1,0.6273539662361145,-0.03219815552224595
COHFACE_s22_session3_natural,43,64,45.13333333333333,0.4522986114025116,-0.18084057616867943
COHFACE_s22_session3_natural,43,65,45.166666666666664,0.46689069271087646,-0.32112657219703306
COHFACE_s22_session3_natural,43,66,45.2,0.5530534386634827,-0.4508719700142294
COHFACE_s22_session3_natural,43,67,45.233333333333334,0.5382256507873535,-0.5598237147567744
COHFACE_s22_session3_natural,43,68,45.266666666666666,0.3733574151992798,-0.6363977127746806
COHFACE_s22_session3_natural,43,69,45.3,0.12303373217582703,-0.6765153003487618
COHFACE_s22_session3_natural,43,70,45.333333333333336,-0.13062778115272522,-0.6881879188552177
COHFACE_s22_session3_natural,43,71,45.36666666666667,-0.3414064347743988,-0.6884477626175984
COHFACE_s22_session3_natural,43,72,45.4,-0.5023040175437927,-0.6946543597250003
COHFACE_s22_session3_natural,43,73,45.43333333333333,-0.6164597272872925,-0.7159200581757192
COHFACE_s22_session3_natural,43,74,45.46666666666667,-0.6978081464767456,-0.7495535529873788
COHFACE_s22_session3_natural,43,75,45.5,-0.7558786869049072,-0.7835017886672815
COHFACE_s22_session3_natural,43,76,45.53333333333333,-0.7958704233169556,-0.8021747390063673
COHFACE_s22_session3_natural,43,77,45.56666666666667,-0.8411356210708618,-0.791999023376181
COHFACE_s22_session3_natural,43,78,45.6,-0.8940567374229431,-0.7446829338231101
COHFACE_s22_session3_natural,43,79,45.63333333333333,-0.9507871866226196,-0.6583824175655995
COHFACE_s22_session3_natural,43,80,45.666666666666664,-1.0202361345291138,-0.5376506725552365
COHFACE_s22_session3_natural,43,81,45.7,-1.0996487140655518,-0.39233341880078704
COHFACE_s22_session3_natural,43,82,45.733333333333334,-1.2027983665466309,-0.23485196485935242
COHFACE_s22_session3_natural,43,83,45.766666666666666,-1.3337053060531616,-0.07590779204704634
COHFACE_s22_session3_natural,43,84,45.8,-1.3798390626907349,0.07950633881080023
COHFACE_s22_session3_natural,43,85,45.833333333333336,-0.8468930721282959,0.23288181661184248
COHFACE_s22_session3_natural,43,86,45.86666666666667,0.48356735706329346,0.38840494535785236
COHFACE_s22_session3_natural,43,87,45.9,1.5726380348205566,0.5465012960544988
COHFACE_s22_session3_natural,43,88,45.93333333333333,1.826957106590271,0.6990523552910509
COHFACE_s22_session3_natural,43,89,45.96666666666667,1.600097417831421,0.8298244061424893
COHFACE_s22_session3_natural,43,90,46.0,1.2726813554763794,0.9196523774409554
COHFACE_s22_session3_natural,43,91,46.03333333333333,0.9899721741676331,0.9526797878982526
COHFACE_s22_session3_natural,43,92,46.06666666666667,0.7177355289459229,0.9206598697030061
COHFACE_s22_session3_natural,43,93,46.1,0.427196741104126,0.8250460280991602
COHFACE_s22_session3_natural,43,94,46.13333333333333,0.28388166427612305,0.6778670583222437
COHFACE_s22_session3_natural,43,95,46.166666666666664,0.3470892012119293,0.5013371663944379
COHFACE_s22_session3_natural,43,96,46.2,0.4669155180454254,0.3244225297071891
COHFACE_s22_session3_natural,43,97,46.233333333333334,0.4659973084926605,0.17508360893312003
COHFACE_s22_session3_natural,43,98,46.266666666666666,0.30986449122428894,0.07053810227772589
COHFACE_s22_session3_natural,43,99,46.3,0.07080747187137604,0.011080979601045838
COHFACE_s22_session3_natural,43,100,46.333333333333336,-0.16934147477149963,-0.018042891546380828
COHFACE_s22_session3_natural,43,101,46.36666666666667,-0.36601197719573975,-0.03711537954706027
COHFACE_s22_session3_natural,43,102,46.4,-0.5210280418395996,-0.06048185981911246
COHFACE_s22_session3_natural,43,103,46.43333333333333,-0.6409908533096313,-0.09038046460271829
COHFACE_s22_session3_natural,43,104,46.46666666666667,-0.7235055565834045,-0.11935874965601022
COHFACE_s22_session3_natural,43,105,46.5,-0.7752355337142944,-0.13839199431956467
COHFACE_s22_session3_natural,43,106,46.53333333333333,-0.8005483150482178,-0.14418304591423337
COHFACE_s22_session3_natural,43,107,46.56666666666667,-0.825141429901123,-0.14049927128976242
COHFACE_s22_session3_natural,43,108,46.6,-0.8586560487747192,-0.13367936781695283
COHFACE_s22_session3_natural,43,109,46.63333333333333,-0.9119866490364075,-0.1270433111485828
COHFACE_s22_session3_natural,43,110,46.666666666666664,-0.9958539009094238,-0.11902539104494375
COHFACE_s22_session3_natural,43,111,46.7,-1.1171443462371826,-0.10621490964314839
COHFACE_s22_session3_natural,43,112,46.733333333333334,-1.2091017961502075,-0.08851316197402932
COHFACE_s22_session3_natural,43,113,46.766666666666666,-0.9223102927207947,-0.07226284803328836
COHFACE_s22_session3_natural,43,114,46.8,0.24178051948547363,-0.06923949621965411
COHFACE_s22_session3_natural,43,115,46.833333333333336,1.548640489578247,-0.09247444914708815
COHFACE_s22_session3_natural,43,116,46.86666666666667,2.0867111682891846,-0.1513162643340256
COHFACE_s22_session3_natural,43,117,46.9,1.9977068901062012,-0.24771304659873472
COHFACE_s22_session3_natural,43,118,46.93333333333333,1.7127765417099,-0.3745821963285695
COHFACE_s22_session3_natural,43,119,46.96666666666667,1.4402669668197632,-0.5162709049231738
COHFACE_s22_session3_natural,43,120,47.0,1.2311757802963257,-0.6508322890083731
COHFACE_s22_session3_natural,43,121,47.03333333333333,0.9829987287521362,-0.7537833854918411
COHFACE_s22_session3_natural,43,122,47.06666666666667,0.724721372127533,-0.8027404859579077
COHFACE_s22_session3_natural,43,123,47.1,0.620392918586731,-0.7819869608324255
COHFACE_s22_session3_natural,43,124,47.13333333333333,0.6658443212509155,-0.685950563751868
COHFACE_s22_session3_natural,43,125,47.166666666666664,0.693216860294342,-0.5207902882850599
COHFACE_s22_session3_natural,43,126,47.2,0.5824981927871704,-0.3037021836540834
COHFACE_s22_session3_natural,43,127,47.233333333333334,0.36083751916885376,-0.060063548894210166
COHFACE_s22_session3_natural,43,128,47.266666666666666,0.1041732132434845,0.1809460934070306
COHFACE_s22_session3_natural,43,129,47.3,-0.12495722621679306,0.3912236126902262
COHFACE_s22_session3_natural,43,130,47.333333333333336,-0.30502551794052124,0.5480041275002434
COHFACE_s22_session3_natural,43,131,47.36666666666667,-0.4423970580101013,0.6367035018939308
COHFACE_s22_session3_natural,43,132,47.4,-0.547569215297699,0.6522073175017413
COHFACE_s22_session3_natural,43,133,47.43333333333333,-0.6261630058288574,0.5991963529668903
COHFACE_s22_session3_natural,43,134,47.46666666666667,-0.687360405921936,0.4923713310490718
COHFACE_s22_session3_natural,43,135,47.5,-0.7404304146766663,0.3566871432153891
COHFACE_s22_session3_natural,43,136,47.53333333333333,-0.7928304076194763,0.22613084332214572
COHFACE_s22_session3_natural,43,137,47.56666666666667,-0.8455033302307129,0.13869647788240633
COHFACE_s22_session3_natural,43,138,47.6,-0.9233525991439819,0.12650024273431332
COHFACE_s22_session3_natural,43,139,47.63333333333333,-1.0441094636917114,0.2034646890990288
COHFACE_s22_session3_natural,43,140,47.666666666666664,-1.1719887256622314,0.35667010569702906
COHFACE_s22_session3_natural,43,141,47.7,-1.083716630935669,0.5475496124245945
COHFACE_s22_session3_natural,43,142,47.733333333333334,-0.19994017481803894,0.7240273179681936
COHFACE_s22_session3_natural,43,143,47.766666666666666,1.1666778326034546,0.8383141720415499
COHFACE_s22_session3_natural,43,144,47.8,1.9630506038665771,0.8622490349463869
COHFACE_s22_session3_natural,43,145,47.833333333333336,2.040688991546631,0.7938893608520182
COHFACE_s22_session3_natural,43,146,47.86666666666667,1.8093374967575073,0.6537199267845282
COHFACE_s22_session3_natural,43,147,47.9,1.541406512260437,0.4735858330575944
COHFACE_s22_session3_natural,43,148,47.93333333333333,1.3467957973480225,0.2839665943580171
COHFACE_s22_session3_natural,43,149,47.96666666666667,1.1424694061279297,0.10484521291723885
COHFACE_s22_session3_natural,43,150,48.0,0.8648847937583923,-0.05706366773708622
COHFACE_s22_session3_natural,43,151,48.03333333333333,0.6817516684532166,-0.20511722073511976
COHFACE_s22_session3_natural,43,152,48.06666666666667,0.6671720147132874,-0.3463560959565349
COHFACE_s22_session3_natural,43,153,48.1,0.6981180906295776,-0.485557760197626
COHFACE_s22_session3_natural,43,154,48.13333333333333,0.6338186264038086,-0.622581014162758
COHFACE_s22_session3_natural,43,155,48.166666666666664,0.44319096207618713,-0.7537630696517115
COHFACE_s22_session3_natural,43,156,48.2,0.19104325771331787,-0.8756173889823966
COHFACE_s22_session3_natural,43,157,48.233333333333334,-0.05486311390995979,-0.9875175892124851
COHFACE_s22_session3_natural,43,158,48.266666666666666,-0.253953218460083,-1.090579666700998
COHFACE_s22_session3_natural,43,159,48.3,-0.40872111916542053,-1.1827630390184232
COHFACE_s22_session3_natural,43,160,48.333333333333336,-0.5410301089286804,-1.2538050377538952
COHFACE_s22_session3_natural,43,161,48.36666666666667,-0.641586422920227,-1.2847096399018156
COHFACE_s22_session3_natural,43,162,48.4,-0.7086405158042908,-1.253429292850342
COHFACE_s22_session3_natural,43,163,48.43333333333333,-0.7591916918754578,-1.1437730819297458
COHFACE_s22_session3_natural,43,164,48.46666666666667,-0.8125346302986145,-0.9523079098494585
COHFACE_s22_session3_natural,43,165,48.5,-0.8688556551933289,-0.6895150984722239
COHFACE_s22_session3_natural,43,166,48.53333333333333,-0.9488887190818787,-0.37549114024886
COHFACE_s22_session3_natural,43,167,48.56666666666667,-1.0619773864746094,-0.03393100273016831
COHFACE_s22_session3_natural,43,168,48.6,-1.1984431743621826,0.3116065269371678
COHFACE_s22_session3_natural,43,169,48.63333333333333,-1.2063347101211548,0.638027682370241
COHFACE_s22_session3_natural,43,170,48.666666666666664,-0.5431395173072815,0.9221406015714436
COHFACE_s22_session3_natural,43,171,48.7,0.7890952825546265,1.1426461282442666
COHFACE_s22_session3_natural,43,172,48.733333333333334,1.7577440738677979,1.285093180120389
COHFACE_s22_session3_natural,43,173,48.766666666666666,1.9687336683273315,1.3465694465690579
COHFACE_s22_session3_natural,43,174,48.8,1.7812824249267578,1.3364870024833488
COHFACE_s22_session3_natural,43,175,48.833333333333336,1.5291595458984375,1.272604324215062
COHFACE_s22_session3_natural,43,176,48.86666666666667,1.3185173273086548,1.174805447431797
COHFACE_s22_session3_natural,43,177,48.9,1.0993258953094482,1.0602981846704969
COHFACE_s22_session3_natural,43,178,48.93333333333333,0.8118395805358887,0.9418491218524675
COHFACE_s22_session3_natural,43,179,48.96666666666667,0.6047337651252747,0.8277538589766511
COHFACE_s22_session3_natural,43,180,49.0,0.5899803638458252,0.7213342587070758
COHFACE_s22_session3_natural,43,181,49.03333333333333,0.6362630724906921,0.6194373870160896
COHFACE_s22_session3_natural,43,182,49.06666666666667,0.5802274942398071,0.5120127420103188
COHFACE_s22_session3_natural,43,183,49.1,0.4008416533470154,0.3854251713433641
COHFACE_s22_session3_natural,43,184,49.13333333333333,0.15646150708198547,0.22937082336574519
COHFACE_s22_session3_natural,43,185,49.166666666666664,-0.08602018654346466,0.04357737014345316
COHFACE_s22_session3_natural,43,186,49.2,-0.292952299118042,-0.16058465094822602
COHFACE_s22_session3_natural,43,187,49.233333333333334,-0.45259663462638855,-0.365533309870923
COHFACE_s22_session3_natural,43,188,49.266666666666666,-0.5780686736106873,-0.5566635135060015
COHFACE_s22_session3_natural,43,189,49.3,-0.6768134236335754,-0.7287460594521016
COHFACE_s22_session3_natural,43,190,49.333333333333336,-0.7474410533905029,-0.8848429291776164
COHFACE_s22_session3_natural,43,191,49.36666666666667,-0.8030547499656677,-1.028551452792173
COHFACE_s22_session3_natural,43,192,49.4,-0.8595494627952576,-1.155430309856594
COHFACE_s22_session3_natural,43,193,49.43333333333333,-0.9145675897598267,-1.2501785845549989
COHFACE_s22_session3_natural,43,194,49.46666666666667,-0.980616569519043,-1.2917327992804246
COHFACE_s22_session3_natural,43,195,49.5,-1.059446096420288,-1.2628048657652184
COHFACE_s22_session3_natural,43,196,49.53333333333333,-1.1522845029830933,-1.1579889187175316
COHFACE_s22_session3_natural,43,197,49.56666666666667,-1.2815037965774536,-0.986218181535031
COHFACE_s22_session3_natural,43,198,49.6,-1.412373423576355,-0.7671485007740905
COHFACE_s22_session3_natural,43,199,49.63333333333333,-1.3561394214630127,-0.5243353320884964
COHFACE_s22_session3_natural,43,200,49.666666666666664,-0.5343296527862549,-0.2789897934916917
COHFACE_s22_session3_natural,43,201,49.7,0.8918354511260986,-0.046721516479523786
COHFACE_s22_session3_natural,43,202,49.733333333333334,1.8030588626861572,0.16259476766256248
COHFACE_s22_session3_natural,43,203,49.766666666666666,1.9263471364974976,0.3431843203778618
COHFACE_s22_session3_natural,43,204,49.8,1.6952934265136719,0.4913063101892638
COHFACE_s22_session3_natural,43,205,49.833333333333336,1.4282805919647217,0.6035594505088142
COHFACE_s22_session3_natural,43,206,49.86666666666667,1.2143378257751465,0.6763450646129958
COHFACE_s22_session3_natural,43,207,49.9,0.9816214442253113,0.7071945278788386
COHFACE_s22_session3_natural,43,208,49.93333333333333,0.6901644468307495,0.6976884022602783
COHFACE_s22_session3_natural,43,209,49.96666666666667,0.5280136466026306,0.6562129757348896
COHFACE_s22_session3_natural,43,210,50.0,0.5594561100006104,0.5980132059507164
COHFACE_s22_session3_natural,43,211,50.03333333333333,0.6248599290847778,0.541091233293067
COHFACE_s22_session3_natural,43,212,50.06666666666667,0.5652011036872864,0.4993361060083123
COHFACE_s22_session3_natural,43,213,50.1,0.3662971556186676,0.4766036748587893
COHFACE_s22_session3_natural,43,214,50.13333333333333,0.10608407855033875,0.4652092691849767
COHFACE_s22_session3_natural,43,215,50.166666666666664,-0.13782456517219543,0.44978048722553776
COHFACE_s22_session3_natural,43,216,50.2,-0.3355373442173004,0.41444396072840767
COHFACE_s22_session3_natural,43,217,50.233333333333334,-0.48148298263549805,0.3496813131000046
COHFACE_s22_session3_natural,43,218,50.266666666666666,-0.5857121348381042,0.25575851532260585
COHFACE_s22_session3_natural,43,219,50.3,-0.6630774736404419,0.1417901751160426
COHFACE_s22_session3_natural,43,220,50.333333333333336,-0.7098441123962402,0.021782480827212417
COHFACE_s22_session3_natural,43,221,50.36666666666667,-0.7549480199813843,-0.08998521537652009
COHFACE_s22_session3_natural,43,222,50.4,-0.7996177077293396,-0.182519978243487
COHFACE_s22_session3_natural,43,223,50.43333333333333,-0.8586312532424927,-0.2500473859844522
COHFACE_s22_session3_natural,43,224,50.46666666666667,-0.9433794617652893,-0.29224099440821066
COHFACE_s22_session3_natural,43,225,50.5,-1.0678216218948364,-0.31277556516073085
COHFACE_s22_session3_natural,43,226,50.53333333333333,-1.2114346027374268,-0.3166690837549556
COHFACE_s22_session3_natural,43,227,50.56666666666667,-1.2375662326812744,-0.30766736896606
COHFACE_s22_session3_natural,43,228,50.6,-0.6765155792236328,-0.28738224687973046
COHFACE_s22_session3_natural,43,229,50.63333333333333,0.5486981868743896,-0.25699874128697936
COHFACE_s22_session3_natural,43,230,50.666666666666664,1.4712750911712646,-0.22015594059006202
COHFACE_s22_session3_natural,43,231,50.7,1.6342076063156128,-0.18416006724022618
COHFACE_s22_session3_natural,43,232,50.733333333333334,1.3941580057144165,-0.1577531928426409
COHFACE_s22_session3_natural,43,233,50.766666666666666,1.1013485193252563,-0.1463658138024943
COHFACE_s22_session3_natural,43,234,50.8,0.8538662791252136,-0.14796689737331087
COHFACE_s22_session3_natural,43,235,50.833333333333336,0.5751525163650513,-0.15267943354578498
COHFACE_s22_session3_natural,43,236,50.86666666666667,0.2992306351661682,-0.14706507823737586
COHFACE_s22_session3_natural,43,237,50.9,0.21386200189590454,-0.12098900747532801
COHFACE_s22_session3_natural,43,238,50.93333333333333,0.3228435218334198,-0.07329162926969761
COHFACE_s22_session3_natural,43,239,50.96666666666667,0.4362547695636749,-0.013107688984741543
COHFACE_s22_session3_natural,44,0,44.0,1.1472340822219849,0.05115762282330781
COHFACE_s22_session3_natural,44,1,44.03333333333333,0.8543626070022583,0.18449228547282676
COHFACE_s22_session3_natural,44,2,44.06666666666667,0.6765030026435852,0.27007298769098287
COHFACE_s22_session3_natural,44,3,44.1,0.664429783821106,0.2759768644893799
COHFACE_s22_session3_natural,44,4,44.13333333333333,0.6840223670005798,0.1930565177917418
COHFACE_s22_session3_natural,44,5,44.166666666666664,0.6124392747879028,0.036288230613740376
COHFACE_s22_session3_natural,44,6,44.2,0.43404608964920044,-0.1617366257588021
COHFACE_s22_session3_natural,44,7,44.233333333333334,0.1966269612312317,-0.36197805278584444
COHFACE_s22_session3_natural,44,8,44.266666666666666,-0.043459948152303696,-0.530155836928307
COHFACE_s22_session3_natural,44,9,44.3,-0.24102383852005005,-0.6441149020891673
COHFACE_s22_session3_natural,44,10,44.333333333333336,-0.4037950336933136,-0.6955064848845285
COHFACE_s22_session3_natural,44,11,44.36666666666667,-0.5383499264717102,-0.6866428148838586
COHFACE_s22_session3_natural,44,12,44.4,-0.6339677572250366,-0.6257124297192019
COHFACE_s22_session3_natural,44,13,44.43333333333333,-0.7055012583732605,-0.5236864599233393
COHFACE_s22_session3_natural,44,14,44.46666666666667,-0.7648622393608093,-0.3936920224596172
COHFACE_s22_session3_natural,44,15,44.5,-0.8215802907943726,-0.2508171474841343
COHFACE_s22_session3_natural,44,16,44.53333333333333,-0.8902846574783325,-0.10995932912462918
COHFACE_s22_session3_natural,44,17,44.56666666666667,-0.9726132750511169,0.01835962049086432
COHFACE_s22_session3_natural,44,18,44.6,-1.055798053741455,0.13131692370349518
COHFACE_s22_session3_natural,44,19,44.63333333333333,-1.1409558057785034,0.23273144276653782
COHFACE_s22_session3_natural,44,20,44.666666666666664,-1.221435546875,0.32706687593412975
COHFACE_s22_session3_natural,44,21,44.7,-1.2937383651733398,0.4118368090846842
COHFACE_s22_session3_natural,44,22,44.733333333333334,-1.3873709440231323,0.47323282415111795
COHFACE_s22_session3_natural,44,23,44.766666666666666,-1.4955706596374512,0.48822490824143533
COHFACE_s22_session3_natural,44,24,44.8,-1.466460943222046,0.4330877518121292
COHFACE_s22_session3_natural,44,25,44.833333333333336,-0.721073567867279,0.2951050780909076
COHFACE_s22_session3_natural,44,26,44.86666666666667,0.7373281121253967,0.08255464748283964
COHFACE_s22_session3_natural,44,27,44.9,1.7629306316375732,-0.17159310554011556
COHFACE_s22_session3_natural,44,28,44.93333333333333,1.9456790685653687,-0.4148436746839221
COHFACE_s22_session3_natural,44,29,44.96666666666667,1.7053192853927612,-0.5887796037404542
COHFACE_s22_session3_natural,44,30,45.0,1.3973841667175293,-0.6473824474915698
COHFACE_s22_session3_natural,44,31,45.03333333333333,1.1422460079193115,-0.5736165733640269
COHFACE_s22_session3_natural,44,32,45.06666666666667,0.9037349820137024,-0.3868154284484381
COHFACE_s22_session3_natural,44,33,45.1,0.6273539662361145,-0.1359047944732086
COHFACE_s22_session3_natural,44,34,45.13333333333333,0.4522986114025116,0.12022712494563476
COHFACE_s22_session3_natural,44,35,45.166666666666664,0.46689069271087646,0.33663097967543487
COHFACE_s22_session3_natural,44,36,45.2,0.5530534386634827,0.49806060721518175
COHFACE_s22_session3_natural,44,37,45.233333333333334,0.5382256507873535,0.6177131281368985
COHFACE_s22_session3_natural,44,38,45.266666666666666,0.3733574151992798,0.7203590731378127
COHFACE_s22_session3_natural,44,39,45.3,0.12303373217582703,0.8209479654857238
COHFACE_s22_session3_natural,44,40,45.333333333333336,-0.13062778115272522,0.9115626458497574
COHFACE_s22_session3_natural,44,41,45.36666666666667,-0.3414064347743988,0.9633945173490611
COHFACE_s22_session3_natural,44,42,45.4,-0.5023040175437927,0.9411103188949066
COHFACE_s22_session3_natural,44,43,45.43333333333333,-0.6164597272872925,0.8205433184635829
COHFACE_s22_session3_natural,44,44,45.46666666666667,-0.6978081464767456,0.6005628430490052
COHFACE_s22_session3_natural,44,45,45.5,-0.7558786869049072,0.30473823793515775
COHFACE_s22_session3_natural,44,46,45.53333333333333,-0.7958704233169556,-0.025956347019893692
COHFACE_s22_session3_natural,44,47,45.56666666666667,-0.8411356210708618,-0.3447626975343428
COHFACE_s22_session3_natural,44,48,45.6,-0.8940567374229431,-0.610370592840859
COHFACE_s22_session3_natural,44,49,45.63333333333333,-0.9507871866226196,-0.7949524540200921
COHFACE_s22_session3_natural,44,50,45.666666666666664,-1.0202361345291138,-0.8880359052964266
COHFACE_s22_session3_natural,44,51,45.7,-1.0996487140655518,-0.8960733229701531
COHFACE_s22_session3_natural,44,52,45.733333333333334,-1.2027983665466309,-0.8377601745579087
COHFACE_s22_session3_natural,44,53,45.766666666666666,-1.3337053060531616,-0.7360969824170767
COHFACE_s22_session3_natural,44,54,45.8,-1.3798390626907349,-0.6102380331229539
COHFACE_s22_session3_natural,44,55,45.833333333333336,-0.8468930721282959,-0.4711002988905162
COHFACE_s22_session3_natural,44,56,45.86666666666667,0.48356735706329346,-0.32269250853100867
COHFACE_s22_session3_natural,44,57,45.9,1.5726380348205566,-0.16763282138050786
COHFACE_s22_session3_natural,44,58,45.93333333333333,1.826957106590271,-0.013033547728761728
COHFACE_s22_session3_natural,44,59,45.96666666666667,1.600097417831421,0.12682398205070333
COHFACE_s22_session3_natural,44,60,46.0,1.2726813554763794,0.23226481414435116
COHFACE_s22_session3_natural,44,61,46.03333333333333,0.9899721741676331,0.2832435022358343
COHFACE_s22_session3_natural,44,62,46.06666666666667,0.7177355289459229,0.26550637467462157
COHFACE_s22_session3_natural,44,63,46.1,0.427196741104126,0.17602972744129525
COHFACE_s22_session3_natural,44,64,46.13333333333333,0.28388166427612305,0.02620005973858429
COHFACE_s22_session3_natural,44,65,46.166666666666664,0.3470892012119293,-0.15855448750286344
COHFACE_s22_session3_natural,44,66,46.2,0.4669155180454254,-0.3434016129161742
COHFACE_s22_session3_natural,44,67,46.233333333333334,0.4659973084926605,-0.4924562861377251
COHFACE_s22_session3_natural,44,68,46.266666666666666,0.30986449122428894,-0.5784733801295388
COHFACE_s22_session3_natural,44,69,46.3,0.07080747187137604,-0.5901394345085839
COHFACE_s22_session3_natural,44,70,46.333333333333336,-0.16934147477149963,-0.5334627903377926
COHFACE_s22_session3_natural,44,71,46.36666666666667,-0.36601197719573975,-0.4261391082840236
COHFACE_s22_session3_natural,44,72,46.4,-0.5210280418395996,-0.2875004475940841
COHFACE_s22_session3_natural,44,73,46.43333333333333,-0.6409908533096313,-0.12943306732616475
COHFACE_s22_session3_natural,44,74,46.46666666666667,-0.7235055565834045,0.046623988761096254
COHFACE_s22_session3_natural,44,75,46.5,-0.7752355337142944,0.24496051164184296
COHFACE_s22_session3_natural,44,76,46.53333333333333,-0.8005483150482178,0.46630192076827365
COHFACE_s22_session3_natural,44,77,46.56666666666667,-0.825141429901123,0.6998878018415495
COHFACE_s22_session3_natural,44,78,46.6,-0.8586560487747192,0.9216382936432677
COHFACE_s22_session3_natural,44,79,46.63333333333333,-0.9119866490364075,1.0992629665706348
COHFACE_s22_session3_natural,44,80,46.666666666666664,-0.9958539009094238,1.2015428014202771
COHFACE_s22_session3_natural,44,81,46.7,-1.1171443462371826,1.20749630649667
COHFACE_s22_session3_natural,44,82,46.733333333333334,-1.2091017961502075,1.1120055703222755
COHFACE_s22_session3_natural,44,83,46.766666666666666,-0.9223102927207947,0.9264454583503162
COHFACE_s22_session3_natural,44,84,46.8,0.24178051948547363,0.6745618698499384
COHFACE_s22_session3_natural,44,85,46.833333333333336,1.548640489578247,0.3852209774285156
COHFACE_s22_session3_natural,44,86,46.86666666666667,2.0867111682891846,0.08490948351991458
COHFACE_s22_session3_natural,44,87,46.9,1.9977068901062012,-0.20665798168922297
COHFACE_s22_session3_natural,44,88,46.93333333333333,1.7127765417099,-0.4756587087579566
COHFACE_s22_session3_natural,44,89,46.96666666666667,1.4402669668197632,-0.708941847663316
COHFACE_s22_session3_natural,44,90,47.0,1.2311757802963257,-0.8889623763208593
COHFACE_s22_session3_natural,44,91,47.03333333333333,0.9829987287521362,-0.9938984570483348
COHFACE_s22_session3_natural,44,92,47.06666666666667,0.724721372127533,-1.0039532923198131
COHFACE_s22_session3_natural,44,93,47.1,0.620392918586731,-0.9099539092926471
COHFACE_s22_session3_natural,44,94,47.13333333333333,0.6658443212509155,-0.718999988585231
COHFACE_s22_session3_natural,44,95,47.166666666666664,0.693216860294342,-0.4543361245409492
COHFACE_s22_session3_natural,44,96,47.2,0.5824981927871704,-0.15036009817807874
COHFACE_s22_session3_natural,44,97,47.233333333333334,0.36083751916885376,0.15398171302879807
COHFACE_s22_session3_natural,44,98,47.266666666666666,0.1041732132434845,0.42059428565173684
COHFACE_s22_session3_natural,44,99,47.3,-0.12495722621679306,0.6158002260783879
COHFACE_s22_session3_natural,44,100,47.333333333333336,-0.30502551794052124,0.7132566200077711
COHFACE_s22_session3_natural,44,101,47.36666666666667,-0.4423970580101013,0.6972733583932788
COHFACE_s22_session3_natural,44,102,47.4,-0.547569215297699,0.5657635382276975
COHFACE_s22_session3_natural,44,103,47.43333333333333,-0.6261630058288574,0.33114605624979954
COHFACE_s22_session3_natural,44,104,47.46666666666667,-0.687360405921936,0.019095237798847753
COHFACE_s22_session3_natural,44,105,47.5,-0.7404304146766663,-0.33326937844922594
COHFACE_s22_session3_natural,44,106,47.53333333333333,-0.7928304076194763,-0.6789634273925217
COHFACE_s22_session3_natural,44,107,47.56666666666667,-0.8455033302307129,-0.9640930155988753
COHFACE_s22_session3_natural,44,108,47.6,-0.9233525991439819,-1.1350664619517807
COHFACE_s22_session3_natural,44,109,47.63333333333333,-1.0441094636917114,-1.151119437676533
COHFACE_s22_session3_natural,44,110,47.666666666666664,-1.1719887256622314,-0.9986989638914704
COHFACE_s22_session3_natural,44,111,47.7,-1.083716630935669,-0.7005979730110744
COHFACE_s22_session3_natural,44,112,47.733333333333334,-0.19994017481803894,-0.31340355911149226
COHFACE_s22_session3_natural,44,113,47.766666666666666,1.1666778326034546,0.08806401862954412
COHFACE_s22_session3_natural,44,114,47.8,1.9630506038665771,0.4338502611729095
COHFACE_s22_session3_natural,44,115,47.833333333333336,2.040688991546631,0.6796890565477074
COHFACE_s22_session3_natural,44,116,47.86666666666667,1.8093374967575073,0.8166493035869424
COHFACE_s22_session3_natural,44,117,47.9,1.541406512260437,0.8660860922117902
COHFACE_s22_session3_natural,44,118,47.93333333333333,1.3467957973480225,0.8631840022796408
COHFACE_s22_session3_natural,44,119,47.96666666666667,1.1424694061279297,0.8373661234863498
COHFACE_s22_session3_natural,44,120,48.0,0.8648847937583923,0.7987869306331086
COHFACE_s22_session3_natural,44,121,48.03333333333333,0.6817516684532166,0.7367304080658373
COHFACE_s22_session3_natural,44,122,48.06666666666667,0.6671720147132874,0.6296069813261148
COHFACE_s22_session3_natural,44,123,48.1,0.6981180906295776,0.46037146598407835
COHFACE_s22_session3_natural,44,124,48.13333333333333,0.6338186264038086,0.22861834788247432
COHFACE_s22_session3_natural,44,125,48.166666666666664,0.44319096207618713,-0.04691499784841662
COHFACE_s22_session3_natural,44,126,48.2,0.19104325771331787,-0.3353312647049233
COHFACE_s22_session3_natural,44,127,48.233333333333334,-0.05486311390995979,-0.604269131698172
COHFACE_s22_session3_natural,44,128,48.266666666666666,-0.253953218460083,-0.8276166105933072
COHFACE_s22_session3_natural,44,129,48.3,-0.40872111916542053,-0.9870230767362239
COHFACE_s22_session3_natural,44,130,48.333333333333336,-0.5410301089286804,-1.068822520042013
COHFACE_s22_session3_natural,44,131,48.36666666666667,-0.641586422920227,-1.0610539985670138
COHFACE_s22_session3_natural,44,132,48.4,-0.7086405158042908,-0.9547485992004879
COHFACE_s22_session3_natural,44,133,48.43333333333333,-0.7591916918754578,-0.7498497614724005
COHFACE_s22_session3_natural,44,134,48.46666666666667,-0.8125346302986145,-0.4615284297044317
COHFACE_s22_session3_natural,44,135,48.5,-0.8688556551933289,-0.12115097905973829
COHFACE_s22_session3_natural,44,136,48.53333333333333,-0.9488887190818787,0.23038415995205475
COHFACE_s22_session3_natural,44,137,48.56666666666667,-1.0619773864746094,0.5537135106802183
COHFACE_s22_session3_natural,44,138,48.6,-1.1984431743621826,0.8201585119731799
COHFACE_s22_session3_natural,44,139,48.63333333333333,-1.2063347101211548,1.0141898552440811
COHFACE_s22_session3_natural,44,140,48.666666666666664,-0.5431395173072815,1.1295200057650012
COHFACE_s22_session3_natural,44,141,48.7,0.7890952825546265,1.16346200184529
COHFACE_s22_session3_natural,44,142,48.733333333333334,1.7577440738677979,1.114253962377283
COHFACE_s22_session3_natural,44,143,48.766666666666666,1.9687336683273315,0.9827460276905372
COHFACE_s22_session3_natural,44,144,48.8,1.7812824249267578,0.7763287579273809
COHFACE_s22_session3_natural,44,145,48.833333333333336,1.5291595458984375,0.5116696340800562
COHFACE_s22_session3_natural,44,146,48.86666666666667,1.3185173273086548,0.21422769946565928
COHFACE_s22_session3_natural,44,147,48.9,1.0993258953094482,-0.08516924922963705
COHFACE_s22_session3_natural,44,148,48.93333333333333,0.8118395805358887,-0.3552053705747249
COHFACE_s22_session3_natural,44,149,48.96666666666667,0.6047337651252747,-0.5690089567543724
COHFACE_s22_session3_natural,44,150,49.0,0.5899803638458252,-0.708211688908709
COHFACE_s22_session3_natural,44,151,49.03333333333333,0.6362630724906921,-0.765502885536906
COHFACE_s22_session3_natural,44,152,49.06666666666667,0.5802274942398071,-0.7450667658838025
COHFACE_s22_session3_natural,44,153,49.1,0.4008416533470154,-0.6604684845389109
COHFACE_s22_session3_natural,44,154,49.13333333333333,0.15646150708198547,-0.530329554079286
COHFACE_s22_session3_natural,44,155,49.166666666666664,-0.08602018654346466,-0.37342704455986614
COHFACE_s22_session3_natural,44,156,49.2,-0.292952299118042,-0.20582910172192798
COHFACE_s22_session3_natural,44,157,49.233333333333334,-0.45259663462638855,-0.04186160879832297
COHFACE_s22_session3_natural,44,158,49.266666666666666,-0.5780686736106873,0.1022069783778413
COHFACE_s22_session3_natural,44,159,49.3,-0.6768134236335754,0.20558108356203897
COHFACE_s22_session3_natural,44,160,49.333333333333336,-0.7474410533905029,0.2451978350029425
COHFACE_s22_session3_natural,44,161,49.36666666666667,-0.8030547499656677,0.20333619229005007
COHFACE_s22_session3_natural,44,162,49.4,-0.8595494627952576,0.0766925761304963
COHFACE_s22_session3_natural,44,163,49.43333333333333,-0.9145675897598267,-0.1188011050250309
COHFACE_s22_session3_natural,44,164,49.46666666666667,-0.980616569519043,-0.350493255065995
COHFACE_s22_session3_natural,44,165,49.5,-1.059446096420288,-0.5773937330468397
COHFACE_s22_session3_natural,44,166,49.53333333333333,-1.1522845029830933,-0.7602362399021838
COHFACE_s22_session3_natural,44,167,49.56666666666667,-1.2815037965774536,-0.8692177489561563
COHFACE_s22_session3_natural,44,168,49.6,-1.412373423576355,-0.8875135076547598
COHFACE_s22_session3_natural,44,169,49.63333333333333,-1.3561394214630127,-0.8110627886299242
COHFACE_s22_session3_natural,44,170,49.666666666666664,-0.5343296527862549,-0.6464425466340047
COHFACE_s22_session3_natural,44,171,49.7,0.8918354511260986,-0.4085230662279171
COHFACE_s22_session3_natural,44,172,49.733333333333334,1.8030588626861572,-0.11856280349687567
COHFACE_s22_session3_natural,44,173,49.766666666666666,1.9263471364974976,0.1975365237467497
COHFACE_s22_session3_natural,44,174,49.8,1.6952934265136719,0.5112647499883841
COHFACE_s22_session3_natural,44,175,49.833333333333336,1.4282805919647217,0.7940256038627254
COHFACE_s22_session3_natural,44,176,49.86666666666667,1.2143378257751465,1.020202756727301
COHFACE_s22_session3_natural,44,177,49.9,0.9816214442253113,1.1706540652237645
COHFACE_s22_session3_natural,44,178,49.93333333333333,0.6901644468307495,1.2360071812726081
COHFACE_s22_session3_natural,44,179,49.96666666666667,0.5280136466026306,1.218400768014923
COHFACE_s22_session3_natural,44,180,50.0,0.5594561100006104,1.1300501017158064
COHFACE_s22_session3_natural,44,181,50.03333333333333,0.6248599290847778,0.9883040576388804
COHFACE_s22_session3_natural,44,182,50.06666666666667,0.5652011036872864,0.8095123483977082
COHFACE_s22_session3_natural,44,183,50.1,0.3662971556186676,0.6053891138612351
COHFACE_s22_session3_natural,44,184,50.13333333333333,0.10608407855033875,0.3837369182605324
COHFACE_s22_session3_natural,44,185,50.166666666666664,-0.13782456517219543,0.15217405835318107
COHFACE_s22_session3_natural,44,186,50.2,-0.3355373442173004,-0.0782693396013211
COHFACE_s22_session3_natural,44,187,50.233333333333334,-0.48148298263549805,-0.29230618413068843
COHFACE_s22_session3_natural,44,188,50.266666666666666,-0.5857121348381042,-0.47291631614590535
COHFACE_s22_session3_natural,44,189,50.3,-0.6630774736404419,-0.605860710336994
COHFACE_s22_session3_natural,44,190,50.333333333333336,-0.7098441123962402,-0.6839771637326482
COHFACE_s22_session3_natural,44,191,50.36666666666667,-0.7549480199813843,-0.7093777758701504
COHFACE_s22_session3_natural,44,192,50.4,-0.7996177077293396,-0.6925522488799237
COHFACE_s22_session3_natural,44,193,50.43333333333333,-0.8586312532424927,-0.6483767187174174
COHFACE_s22_session3_natural,44,194,50.46666666666667,-0.9433794617652893,-0.5900144093106159
COHFACE_s22_session3_natural,44,195,50.5,-1.0678216218948364,-0.522845569129659
COHFACE_s22_session3_natural,44,196,50.53333333333333,-1.2114346027374268,-0.44158091329470023
COHFACE_s22_session3_natural,44,197,50.56666666666667,-1.2375662326812744,-0.3332946289046644
COHFACE_s22_session3_natural,44,198,50.6,-0.6765155792236328,-0.18648155959526325
COHFACE_s22_session3_natural,44,199,50.63333333333333,0.5486981868743896,-0.0025514391849068285
COHFACE_s22_session3_natural,44,200,50.666666666666664,1.4712750911712646,0.19632396453305717
COHFACE_s22_session3_natural,44,201,50.7,1.6342076063156128,0.3683446552230556
COHFACE_s22_session3_natural,44,202,50.733333333333334,1.3941580057144165,0.463269102594318
COHFACE_s22_session3_natural,44,203,50.766666666666666,1.1013485193252563,0.43947651451363207
COHFACE_s22_session3_natural,44,204,50.8,0.8538662791252136,0.279747258696178
COHFACE_s22_session3_natural,44,205,50.833333333333336,0.5751525163650513,-0.0004576463045627005
COHFACE_s22_session3_natural,44,206,50.86666666666667,0.2992306351661682,-0.35438526441485496
COHFACE_s22_session3_natural,44,207,50.9,0.21386200189590454,-0.7132938422028985
COHFACE_s22_session3_natural,44,208,50.93333333333333,0.3228435218334198,-1.0006449397226036
COHFACE_s22_session3_natural,44,209,50.96666666666667,0.4362547695636749,-1.1485491763602484
COHFACE_s22_session3_natural,44,210,51.0,0.3835694193840027,-1.113777122949871
COHFACE_s22_session3_natural,44,211,51.03333333333333,0.1785481721162796,-0.8897263138843021
COHFACE_s22_session3_natural,44,212,51.06666666666667,-0.06895886361598969,-0.5100612050776523
COHFACE_s22_session3_natural,44,213,51.1,-0.29823818802833557,-0.04108396913552098
COHFACE_s22_session3_natural,44,214,51.13333333333333,-0.4786539077758789,0.43608900559538044
COHFACE_s22_session3_natural,44,215,51.166666666666664,-0.6059251427650452,0.8476292321714121
COHFACE_s22_session3_natural,44,216,51.2,-0.6957235336303711,1.1448036366780987
COHFACE_s22_session3_natural,44,217,51.233333333333334,-0.7473914623260498,1.310710511930254
COHFACE_s22_session3_natural,44,218,51.266666666666666,-0.77290278673172,1.3550302500426583
COHFACE_s22_session3_natural,44,219,51.3,-0.7949273586273193,1.3017500874776078
COHFACE_s22_session3_natural,44,220,51.333333333333336,-0.8315068483352661,1.1767836818426538
COHFACE_s22_session3_natural,44,221,51.36666666666667,-0.8985733389854431,1.0003996193168905
COHFACE_s22_session3_natural,44,222,51.4,-1.0081504583358765,0.7857112949654018
COHFACE_s22_session3_natural,44,223,51.43333333333333,-1.1160151958465576,0.5415382447397532
COHFACE_s22_session3_natural,44,224,51.46666666666667,-0.9780604839324951,0.2769732851238778
COHFACE_s22_session3_natural,44,225,51.5,-0.08415894955396652,0.005443938442333679
COHFACE_s22_session3_natural,44,226,51.53333333333333,1.1515398025512695,-0.2532426919494274
COHFACE_s22_session3_natural,44,227,51.56666666666667,1.774817705154419,-0.4739431410501713
COHFACE_s22_session3_natural,44,228,51.6,1.7312896251678467,-0.6309118069778515
COHFACE_s22_session3_natural,44,229,51.63333333333333,1.4558764696121216,-0.7055213448300004
COHFACE_s22_session3_natural,44,230,51.666666666666664,1.206979751586914,-0.6940877823614163
COHFACE_s22_session3_natural,44,231,51.7,1.0187716484069824,-0.6115979034686216
COHFACE_s22_session3_natural,44,232,51.733333333333334,0.7702471613883972,-0.48836312699910256
COHFACE_s22_session3_natural,44,233,51.766666666666666,0.5064978003501892,-0.3601867801167544
COHFACE_s22_session3_natural,44,234,51.8,0.41703441739082336,-0.2565535243364906
COHFACE_s22_session3_natural,44,235,51.833333333333336,0.48630958795547485,-0.1927092069116631
COHFACE_s22_session3_natural,44,236,51.86666666666667,0.5354337692260742,-0.16890733678928993
COHFACE_s22_session3_natural,44,237,51.9,0.4319242835044861,-0.17564813345521943
COHFACE_s22_session3_natural,44,238,51.93333333333333,0.2140481173992157,-0.2006776320961459
COHFACE_s22_session3_natural,44,239,51.96666666666667,-0.02538115158677101,-0.23352250489555365
COHFACE_s22_session3_natural,45,0,45.0,1.3973841667175293,0.03438864984663417
COHFACE_s22_session3_natural,45,1,45.03333333333333,1.1422460079193115,0.161707669068109
COHFACE_s22_session3_natural,45,2,45.06666666666667,0.9037349820137024,0.2624465487822626
COHFACE_s22_session3_natural,45,3,45.1,0.6273539662361145,0.32014066024886695
COHFACE_s22_session3_natural,45,4,45.13333333333333,0.4522986114025116,0.33108835659270663
COHFACE_s22_session3_natural,45,5,45.166666666666664,0.46689069271087646,0.3048338826704959
COHFACE_s22_session3_natural,45,6,45.2,0.5530534386634827,0.2604377598595824
COHFACE_s22_session3_natural,45,7,45.233333333333334,0.5382256507873535,0.22024277182820626
COHFACE_s22_session3_natural,45,8,45.266666666666666,0.3733574151992798,0.20263301432757128
COHFACE_s22_session3_natural,45,9,45.3,0.12303373217582703,0.21514465093295618
COHFACE_s22_session3_natural,45,10,45.333333333333336,-0.13062778115272522,0.25056497460531496
COHFACE_s22_session3_natural,45,11,45.36666666666667,-0.3414064347743988,0.2889375322805947
COHFACE_s22_session3_natural,45,12,45.4,-0.5023040175437927,0.30554091713026915
COHFACE_s22_session3_natural,45,13,45.43333333333333,-0.6164597272872925,0.2810772159080685
COHFACE_s22_session3_natural,45,14,45.46666666666667,-0.6978081464767456,0.2089355226338806
COHFACE_s22_session3_natural,45,15,45.5,-0.7558786869049072,0.09664539542144483
COHFACE_s22_session3_natural,45,16,45.53333333333333,-0.7958704233169556,-0.03724038796585684
COHFACE_s22_session3_natural,45,17,45.56666666666667,-0.8411356210708618,-0.16772222010899446
COHFACE_s22_session3_natural,45,18,45.6,-0.8940567374229431,-0.2684797598009552
COHFACE_s22_session3_natural,45,19,45.63333333333333,-0.9507871866226196,-0.3187290319155087
COHFACE_s22_session3_natural,45,20,45.666666666666664,-1.0202361345291138,-0.31108793986913374
COHFACE_s22_session3_natural,45,21,45.7,-1.0996487140655518,-0.2564045885134943
COHFACE_s22_session3_natural,45,22,45.733333333333334,-1.2027983665466309,-0.18124936430678634
COHFACE_s22_session3_natural,45,23,45.766666666666666,-1.3337053060531616,-0.11757139274495312
COHFACE_s22_session3_natural,45,24,45.8,-1.3798390626907349,-0.0893840413037986
COHFACE_s22_session3_natural,45,25,45.833333333333336,-0.8468930721282959,-0.10374800727505265
COHFACE_s22_session3_natural,45,26,45.86666666666667,0.48356735706329346,-0.15026789825865233
COHFACE_s22_session3_natural,45,27,45.9,1.5726380348205566,-0.2076579982066847
COHFACE_s22_session3_natural,45,28,45.93333333333333,1.826957106590271,-0.2523266679426049
COHFACE_s22_session3_natural,45,29,45.96666666666667,1.600097417831421,-0.2646460719945739
COHFACE_s22_session3_natural,45,30,46.0,1.2726813554763794,-0.2324050354893837
COHFACE_s22_session3_natural,45,31,46.03333333333333,0.9899721741676331,-0.15348776875933498
COHFACE_s22_session3_natural,45,32,46.06666666666667,0.7177355289459229,-0.038200361898843065
COHFACE_s22_session3_natural,45,33,46.1,0.427196741104126,0.09144493248571313
COHFACE_s22_session3_natural,45,34,46.13333333333333,0.28388166427612305,0.20840709351439715
COHFACE_s22_session3_natural,45,35,46.166666666666664,0.3470892012119293,0.2920512654669071
COHFACE_s22_session3_natural,45,36,46.2,0.4669155180454254,0.3374127443605749
COHFACE_s22_session3_natural,45,37,46.233333333333334,0.4659973084926605,0.3545545170453293
COHFACE_s22_session3_natural,45,38,46.266666666666666,0.30986449122428894,0.35746405409657234
COHFACE_s22_session3_natural,45,39,46.3,0.07080747187137604,0.3508037352828831
COHFACE_s22_session3_natural,45,40,46.333333333333336,-0.16934147477149963,0.32511131715511365
COHFACE_s22_session3_natural,45,41,46.36666666666667,-0.36601197719573975,0.2647624970277652
COHFACE_s22_session3_natural,45,42,46.4,-0.5210280418395996,0.1626961895552506
COHFACE_s22_session3_natural,45,43,46.43333333333333,-0.6409908533096313,0.030322245192288405
COHFACE_s22_session3_natural,45,44,46.46666666666667,-0.7235055565834045,-0.10466288355212358
COHFACE_s22_session3_natural,45,45,46.5,-0.7752355337142944,-0.21050515079901302
COHFACE_s22_session3_natural,45,46,46.53333333333333,-0.8005483150482178,-0.26538735315518447
COHFACE_s22_session3_natural,45,47,46.56666666666667,-0.825141429901123,-0.26515282975655596
COHFACE_s22_session3_natural,45,48,46.6,-0.8586560487747192,-0.2220131690887722
COHFACE_s22_session3_natural,45,49,46.63333333333333,-0.9119866490364075,-0.1573486669758089
COHFACE_s22_session3_natural,45,50,46.666666666666664,-0.9958539009094238,-0.09395693902831975
COHFACE_s22_session3_natural,45,51,46.7,-1.1171443462371826,-0.05102224605097928
COHFACE_s22_session3_natural,45,52,46.733333333333334,-1.2091017961502075,-0.041192724211634
COHFACE_s22_session3_natural,45,53,46.766666666666666,-0.9223102927207947,-0.06779010197029225
COHFACE_s22_session3_natural,45,54,46.8,0.24178051948547363,-0.12288589549655941
COHFACE_s22_session3_natural,45,55,46.833333333333336,1.548640489578247,-0.1891686851485272
COHFACE_s22_session3_natural,45,56,46.86666666666667,2.0867111682891846,-0.2461485481501342
COHFACE_s22_session3_natural,45,57,46.9,1.9977068901062012,-0.27723877079040726
COHFACE_s22_session3_natural,45,58,46.93333333333333,1.7127765417099,-0.27345359427771126
COHFACE_s22_session3_natural,45,59,46.96666666666667,1.4402669668197632,-0.2326519794926137
COHFACE_s22_session3_natural,45,60,47.0,1.2311757802963257,-0.15750921755536645
COHFACE_s22_session3_natural,45,61,47.03333333333333,0.9829987287521362,-0.05592326964842512
COHFACE_s22_session3_natural,45,62,47.06666666666667,0.724721372127533,0.05707738676414376
COHFACE_s22_session3_natural,45,63,47.1,0.620392918586731,0.16092561076874698
COHFACE_s22_session3_natural,45,64,47.13333333333333,0.6658443212509155,0.23749375281852117
COHFACE_s22_session3_natural,45,65,47.166666666666664,0.693216860294342,0.28186207263141433
COHFACE_s22_session3_natural,45,66,47.2,0.5824981927871704,0.30742059111424985
COHFACE_s22_session3_natural,45,67,47.233333333333334,0.36083751916885376,0.338772946635094
COHFACE_s22_session3_natural,45,68,47.266666666666666,0.1041732132434845,0.3947242406144289
COHFACE_s22_session3_natural,45,69,47.3,-0.12495722621679306,0.4720848059574428
COHFACE_s22_session3_natural,45,70,47.333333333333336,-0.30502551794052124,0.5416303038671775
COHFACE_s22_session3_natural,45,71,47.36666666666667,-0.4423970580101013,0.5599164396427014
COHFACE_s22_session3_natural,45,72,47.4,-0.547569215297699,0.4902150786473361
COHFACE_s22_session3_natural,45,73,47.43333333333333,-0.6261630058288574,0.3205401946219887
COHFACE_s22_session3_natural,45,74,47.46666666666667,-0.687360405921936,0.07043124452935305
COHFACE_s22_session3_natural,45,75,47.5,-0.7404304146766663,-0.21426439181240034
COHFACE_s22_session3_natural,45,76,47.53333333333333,-0.7928304076194763,-0.47474463807705614
COHFACE_s22_session3_natural,45,77,47.56666666666667,-0.8455033302307129,-0.655982710080649
COHFACE_s22_session3_natural,45,78,47.6,-0.9233525991439819,-0.7224939242547749
COHFACE_s22_session3_natural,45,79,47.63333333333333,-1.0441094636917114,-0.6690576020356994
COHFACE_s22_session3_natural,45,80,47.666666666666664,-1.1719887256622314,-0.5225436288275346
COHFACE_s22_session3_natural,45,81,47.7,-1.083716630935669,-0.33274386261519545
COHFACE_s22_session3_natural,45,82,47.733333333333334,-0.19994017481803894,-0.15421955384280459
COHFACE_s22_session3_natural,45,83,47.766666666666666,1.1666778326034546,-0.025863717608786932
COHFACE_s22_session3_natural,45,84,47.8,1.9630506038665771,0.04286171621196203
COHFACE_s22_session3_natural,45,85,47.833333333333336,2.040688991546631,0.07244187002050312
COHFACE_s22_session3_natural,45,86,47.86666666666667,1.8093374967575073,0.1005695492790782
COHFACE_s22_session3_natural,45,87,47.9,1.541406512260437,0.16270880214616376
COHFACE_s22_session3_natural,45,88,47.93333333333333,1.3467957973480225,0.274916869659944
COHFACE_s22_session3_natural,45,89,47.96666666666667,1.1424694061279297,0.4256350903344197
COHFACE_s22_session3_natural,45,90,48.0,0.8648847937583923,0.5784937165908982
COHFACE_s22_session3_natural,45,91,48.03333333333333,0.6817516684532166,0.6840910146362217
COHFACE_s22_session3_natural,45,92,48.06666666666667,0.6671720147132874,0.6967945290412002
COHFACE_s22_session3_natural,45,93,48.1,0.6981180906295776,0.5915598082829691
COHFACE_s22_session3_natural,45,94,48.13333333333333,0.6338186264038086,0.37458587277598115
COHFACE_s22_session3_natural,45,95,48.166666666666664,0.44319096207618713,0.08262253631426261
COHFACE_s22_session3_natural,45,96,48.2,0.19104325771331787,-0.22941774159361208
COHFACE_s22_session3_natural,45,97,48.233333333333334,-0.05486311390995979,-0.5069933230828544
COHFACE_s22_session3_natural,45,98,48.266666666666666,-0.253953218460083,-0.7121926924638796
COHFACE_s22_session3_natural,45,99,48.3,-0.40872111916542053,-0.8311258774040444
COHFACE_s22_session3_natural,45,100,48.333333333333336,-0.5410301089286804,-0.8711653506708263
COHFACE_s22_session3_natural,45,101,48.36666666666667,-0.641586422920227,-0.8520089157775493
COHFACE_s22_session3_natural,45,102,48.4,-0.7086405158042908,-0.7963816241045096
COHFACE_s22_session3_natural,45,103,48.43333333333333,-0.7591916918754578,-0.7238770016813395
COHFACE_s22_session3_natural,45,104,48.46666666666667,-0.8125346302986145,-0.6472324867268962
COHFACE_s22_session3_natural,45,105,48.5,-0.8688556551933289,-0.5688082217485612
COHFACE_s22_session3_natural,45,106,48.53333333333333,-0.9488887190818787,-0.4781229691826456
COHFACE_s22_session3_natural,45,107,48.56666666666667,-1.0619773864746094,-0.3544766192930177
COHFACE_s22_session3_natural,45,108,48.6,-1.1984431743621826,-0.17700320601314903
COHFACE_s22_session3_natural,45,109,48.63333333333333,-1.2063347101211548,0.06119197011785571
COHFACE_s22_session3_natural,45,110,48.666666666666664,-0.5431395173072815,0.34314649057150165
COHFACE_s22_session3_natural,45,111,48.7,0.7890952825546265,0.6300512436453338
COHFACE_s22_session3_natural,45,112,48.733333333333334,1.7577440738677979,0.8754503308109833
COHFACE_s22_session3_natural,45,113,48.766666666666666,1.9687336683273315,1.04369765086123
COHFACE_s22_session3_natural,45,114,48.8,1.7812824249267578,1.1222653387077497
COHFACE_s22_session3_natural,45,115,48.833333333333336,1.5291595458984375,1.1219672165473882
COHFACE_s22_session3_natural,45,116,48.86666666666667,1.3185173273086548,1.06702819392969
COHFACE_s22_session3_natural,45,117,48.9,1.0993258953094482,0.9823895378137871
COHFACE_s22_session3_natural,45,118,48.93333333333333,0.8118395805358887,0.8850480036945213
COHFACE_s22_session3_natural,45,119,48.96666666666667,0.6047337651252747,0.7816510310155034
COHFACE_s22_session3_natural,45,120,49.0,0.5899803638458252,0.6704433993880714
COHFACE_s22_session3_natural,45,121,49.03333333333333,0.6362630724906921,0.5446261891972506
COHFACE_s22_session3_natural,45,122,49.06666666666667,0.5802274942398071,0.39600083281476134
COHFACE_s22_session3_natural,45,123,49.1,0.4008416533470154,0.21940050889656865
COHFACE_s22_session3_natural,45,124,49.13333333333333,0.15646150708198547,0.017483012731429937
COHFACE_s22_session3_natural,45,125,49.166666666666664,-0.08602018654346466,-0.19664366053558824
COHFACE_s22_session3_natural,45,126,49.2,-0.292952299118042,-0.40194675400225316
COHFACE_s22_session3_natural,45,127,49.233333333333334,-0.45259663462638855,-0.5776361598317769
COHFACE_s22_session3_natural,45,128,49.266666666666666,-0.5780686736106873,-0.7131657931999289
COHFACE_s22_session3_natural,45,129,49.3,-0.6768134236335754,-0.8136803267940044
COHFACE_s22_session3_natural,45,130,49.333333333333336,-0.7474410533905029,-0.8964476533422637
COHFACE_s22_session3_natural,45,131,49.36666666666667,-0.8030547499656677,-0.9793914959193549
COHFACE_s22_session3_natural,45,132,49.4,-0.8595494627952576,-1.0684456445018498
COHFACE_s22_session3_natural,45,133,49.43333333333333,-0.9145675897598267,-1.1517006068301516
COHFACE_s22_session3_natural,45,134,49.46666666666667,-0.980616569519043,-1.2036583758873731
COHFACE_s22_session3_natural,45,135,49.5,-1.059446096420288,-1.1962442527657682
COHFACE_s22_session3_natural,45,136,49.53333333333333,-1.1522845029830933,-1.1097386451255857
COHFACE_s22_session3_natural,45,137,49.56666666666667,-1.2815037965774536,-0.9383724620683569
COHFACE_s22_session3_natural,45,138,49.6,-1.412373423576355,-0.6901716848993391
COHFACE_s22_session3_natural,45,139,49.63333333333333,-1.3561394214630127,-0.384261028752665
COHFACE_s22_session3_natural,45,140,49.666666666666664,-0.5343296527862549,-0.04825514019091344
COHFACE_s22_session3_natural,45,141,49.7,0.8918354511260986,0.28442281643030143
COHFACE_s22_session3_natural,45,142,49.733333333333334,1.8030588626861572,0.5788743492455528
COHFACE_s22_session3_natural,45,143,49.766666666666666,1.9263471364974976,0.8051906977409916
COHFACE_s22_session3_natural,45,144,49.8,1.6952934265136719,0.9451252442899942
COHFACE_s22_session3_natural,45,145,49.833333333333336,1.4282805919647217,0.9958588318314879
COHFACE_s22_session3_natural,45,146,49.86666666666667,1.2143378257751465,0.9692213293987093
COHFACE_s22_session3_natural,45,147,49.9,0.9816214442253113,0.8873197047942134
COHFACE_s22_session3_natural,45,148,49.93333333333333,0.6901644468307495,0.7768282190121759
COHFACE_s22_session3_natural,45,149,49.96666666666667,0.5280136466026306,0.6634957123920279
COHFACE_s22_session3_natural,45,150,50.0,0.5594561100006104,0.5668685743206754
COHFACE_s22_session3_natural,45,151,50.03333333333333,0.6248599290847778,0.4952730215106717
COHFACE_s22_session3_natural,45,152,50.06666666666667,0.5652011036872864,0.443342118309956
COHFACE_s22_session3_natural,45,153,50.1,0.3662971556186676,0.39520000842914577
COHFACE_s22_session3_natural,45,154,50.13333333333333,0.10608407855033875,0.33312644601315083
COHFACE_s22_session3_natural,45,155,50.166666666666664,-0.13782456517219543,0.24711850157573578
COHFACE_s22_session3_natural,45,156,50.2,-0.3355373442173004,0.13965450473738833
COHFACE_s22_session3_natural,45,157,50.233333333333334,-0.48148298263549805,0.023046518479722215
COHFACE_s22_session3_natural,45,158,50.266666666666666,-0.5857121348381042,-0.08822454354289808
COHFACE_s22_session3_natural,45,159,50.3,-0.6630774736404419,-0.18472744227480128
COHFACE_s22_session3_natural,45,160,50.333333333333336,-0.7098441123962402,-0.26462455121735945
COHFACE_s22_session3_natural,45,161,50.36666666666667,-0.7549480199813843,-0.3312101190155113
COHFACE_s22_session3_natural,45,162,50.4,-0.7996177077293396,-0.3883081205453064
COHFACE_s22_session3_natural,45,163,50.43333333333333,-0.8586312532424927,-0.4367180021091271
COHFACE_s22_session3_natural,45,164,50.46666666666667,-0.9433794617652893,-0.4726294524415866
COHFACE_s22_session3_natural,45,165,50.5,-1.0678216218948364,-0.4870814814745748
COHFACE_s22_session3_natural,45,166,50.53333333333333,-1.2114346027374268,-0.46630957469165807
COHFACE_s22_session3_natural,45,167,50.56666666666667,-1.2375662326812744,-0.39442990289628777
COHFACE_s22_session3_natural,45,168,50.6,-0.6765155792236328,-0.2596280378703994
COHFACE_s22_session3_natural,45,169,50.63333333333333,0.5486981868743896,-0.06262091666949608
COHFACE_s22_session3_natural,45,170,50.666666666666664,1.4712750911712646,0.17658357936954197
COHFACE_s22_session3_natural,45,171,50.7,1.6342076063156128,0.41825173705143137
COHFACE_s22_session3_natural,45,172,50.733333333333334,1.3941580057144165,0.610834948526471
COHFACE_s22_session3_natural,45,173,50.766666666666666,1.1013485193252563,0.7050559933719364
COHFACE_s22_session3_natural,45,174,50.8,0.8538662791252136,0.6689282944420538
COHFACE_s22_session3_natural,45,175,50.833333333333336,0.5751525163650513,0.49813566793924835
COHFACE_s22_session3_natural,45,176,50.86666666666667,0.2992306351661682,0.21852285581409314
COHFACE_s22_session3_natural,45,177,50.9,0.21386200189590454,-0.1194016333731205
COHFACE_s22_session3_natural,45,178,50.93333333333333,0.3228435218334198,-0.45196619356093637
COHFACE_s22_session3_natural,45,179,50.96666666666667,0.4362547695636749,-0.717211917563073
COHFACE_s22_session3_natural,45,180,51.0,0.3835694193840027,-0.8704207762605378
COHFACE_s22_session3_natural,45,181,51.03333333333333,0.1785481721162796,-0.8966592760645117
COHFACE_s22_session3_natural,45,182,51.06666666666667,-0.06895886361598969,-0.8151994144655226
COHFACE_s22_session3_natural,45,183,51.1,-0.29823818802833557,-0.6717283738072234
COHFACE_s22_session3_natural,45,184,51.13333333333333,-0.4786539077758789,-0.5197049915660957
COHFACE_s22_session3_natural,45,185,51.166666666666664,-0.6059251427650452,-0.39881846201605203
COHFACE_s22_session3_natural,45,186,51.2,-0.6957235336303711,-0.32121232015630474
COHFACE_s22_session3_natural,45,187,51.233333333333334,-0.7473914623260498,-0.27225733368630894
COHFACE_s22_session3_natural,45,188,51.266666666666666,-0.77290278673172,-0.22390642604292638
COHFACE_s22_session3_natural,45,189,51.3,-0.7949273586273193,-0.15163169679890706
COHFACE_s22_session3_natural,45,190,51.333333333333336,-0.8315068483352661,-0.04585938713929508
COHFACE_s22_session3_natural,45,191,51.36666666666667,-0.8985733389854431,0.08613765292054765
COHFACE_s22_session3_natural,45,192,51.4,-1.0081504583358765,0.22649800943804976
COHFACE_s22_session3_natural,45,193,51.43333333333333,-1.1160151958465576,0.3565141149493756
COHFACE_s22_session3_natural,45,194,51.46666666666667,-0.9780604839324951,0.4646514502564523
COHFACE_s22_session3_natural,45,195,51.5,-0.08415894955396652,0.5494678879234303
COHFACE_s22_session3_natural,45,196,51.53333333333333,1.1515398025512695,0.6170900853147481
COHFACE_s22_session3_natural,45,197,51.56666666666667,1.774817705154419,0.6754472464554067
COHFACE_s22_session3_natural,45,198,51.6,1.7312896251678467,0.7283623259438855
COHFACE_s22_session3_natural,45,199,51.63333333333333,1.4558764696121216,0.772067703975581
COHFACE_s22_session3_natural,45,200,51.666666666666664,1.206979751586914,0.7955441537114777
COHFACE_s22_session3_natural,45,201,51.7,1.0187716484069824,0.784735959911392
COHFACE_s22_session3_natural,45,202,51.733333333333334,0.7702471613883972,0.7293121181157328
COHFACE_s22_session3_natural,45,203,51.766666666666666,0.5064978003501892,0.6292639885040505
COHFACE_s22_session3_natural,45,204,51.8,0.41703441739082336,0.4977634773933574
COHFACE_s22_session3_natural,45,205,51.833333333333336,0.48630958795547485,0.35764651998941005
COHFACE_s22_session3_natural,45,206,51.86666666666667,0.5354337692260742,0.23210194497132566
COHFACE_s22_session3_natural,45,207,51.9,0.4319242835044861,0.1339025127707439
COHFACE_s22_session3_natural,45,208,51.93333333333333,0.2140481173992157,0.059197358969248826
COHFACE_s22_session3_natural,45,209,51.96666666666667,-0.02538115158677101,-0.010271211447573085
COHFACE_s22_session3_natural,45,210,52.0,-0.23864145576953888,-0.09786383006139142
COHFACE_s22_session3_natural,45,211,52.03333333333333,-0.41028454899787903,-0.22110560969922916
COHFACE_s22_session3_natural,45,212,52.06666666666667,-0.5436358451843262,-0.3843272698065814
COHFACE_s22_session3_natural,45,213,52.1,-0.6395514607429504,-0.5769554346795859
COHFACE_s22_session3_natural,45,214,52.13333333333333,-0.7045333981513977,-0.7766492494886904
COHFACE_s22_session3_natural,45,215,52.166666666666664,-0.7484957575798035,-0.9552102081286404
COHFACE_s22_session3_natural,45,216,52.2,-0.793066143989563,-1.085283009316192
COHFACE_s22_session3_natural,45,217,52.233333333333334,-0.8432946801185608,-1.1464470095586534
COHFACE_s22_session3_natural,45,218,52.266666666666666,-0.9019607901573181,-1.1296191503029116
COHFACE_s22_session3_natural,45,219,52.3,-0.9621034860610962,-1.0387427536457323
COHFACE_s22_session3_natural,45,220,52.333333333333336,-1.0381659269332886,-0.8890032923259102
COHFACE_s22_session3_natural,45,221,52.36666666666667,-1.1379530429840088,-0.7017684935246584
COHFACE_s22_session3_natural,45,222,52.4,-1.2585238218307495,-0.49799189606624816
COHFACE_s22_session3_natural,45,223,52.43333333333333,-1.3099186420440674,-0.29291875637008424
COHFACE_s22_session3_natural,45,224,52.46666666666667,-0.8293726444244385,-0.09450808276537664
COHFACE_s22_session3_natural,45,225,52.5,0.5064108967781067,0.09415225802843667
COHFACE_s22_session3_natural,45,226,52.53333333333333,1.724241852760315,0.2708202844668007
COHFACE_s22_session3_natural,45,227,52.56666666666667,2.116515636444092,0.43152783885708657
COHFACE_s22_session3_natural,45,228,52.6,1.9803601503372192,0.5702851524300739
COHFACE_s22_session3_natural,45,229,52.63333333333333,1.7234476804733276,0.679607889673108
COHFACE_s22_session3_natural,45,230,52.666666666666664,1.5166271924972534,0.7508532523481805
COHFACE_s22_session3_natural,45,231,52.7,1.3458279371261597,0.7752646302889001
COHFACE_s22_session3_natural,45,232,52.733333333333334,1.094859004020691,0.7472331226922281
COHFACE_s22_session3_natural,45,233,52.766666666666666,0.8105987310409546,0.6694095805237839
COHFACE_s22_session3_natural,45,234,52.8,0.6704229712486267,0.5562497970757365
COHFACE_s22_session3_natural,45,235,52.833333333333336,0.6811808943748474,0.431975620187377
COHFACE_s22_session3_natural,45,236,52.86666666666667,0.6689339280128479,0.32258215615763886
COHFACE_s22_session3_natural,45,237,52.9,0.5411787629127502,0.24593164625995997
COHFACE_s22_session3_natural,45,238,52.93333333333333,0.3137110471725464,0.20503876667887555
COHFACE_s22_session3_natural,45,239,52.96666666666667,0.05761752277612686,0.1875427847554344
COHFACE_s22_session3_natural,46,0,46.0,1.2726813554763794,-0.06742967183215716
COHFACE_s22_session3_natural,46,1,46.03333333333333,0.9899721741676331,-0.18157816347341996
COHFACE_s22_session3_natural,46,2,46.06666666666667,0.7177355289459229,-0.33033951231781655
COHFACE_s22_session3_natural,46,3,46.1,0.427196741104126,-0.5300901303911161
COHFACE_s22_session3_natural,46,4,46.13333333333333,0.28388166427612305,-0.7653796107826114
COHFACE_s22_session3_natural,46,5,46.166666666666664,0.3470892012119293,-0.992042492755613
COHFACE_s22_session3_natural,46,6,46.2,0.4669155180454254,-1.153768113862306
COHFACE_s22_session3_natural,46,7,46.233333333333334,0.4659973084926605,-1.2050481991496877
COHFACE_s22_session3_natural,46,8,46.266666666666666,0.30986449122428894,-1.130155993653547
COHFACE_s22_session3_natural,46,9,46.3,0.07080747187137604,-0.9491150263084481
COHFACE_s22_session3_natural,46,10,46.333333333333336,-0.16934147477149963,-0.7074568499252141
COHFACE_s22_session3_natural,46,11,46.36666666666667,-0.36601197719573975,-0.4547652524205614
COHFACE_s22_session3_natural,46,12,46.4,-0.5210280418395996,-0.22354019268007502
COHFACE_s22_session3_natural,46,13,46.43333333333333,-0.6409908533096313,-0.019954309372008615
COHFACE_s22_session3_natural,46,14,46.46666666666667,-0.7235055565834045,0.16959794525965474
COHFACE_s22_session3_natural,46,15,46.5,-0.7752355337142944,0.36200525899310404
COHFACE_s22_session3_natural,46,16,46.53333333333333,-0.8005483150482178,0.5617533484488088
COHFACE_s22_session3_natural,46,17,46.56666666666667,-0.825141429901123,0.7547089070611719
COHFACE_s22_session3_natural,46,18,46.6,-0.8586560487747192,0.9132331446554801
COHFACE_s22_session3_natural,46,19,46.63333333333333,-0.9119866490364075,1.0078416457892325
COHFACE_s22_session3_natural,46,20,46.666666666666664,-0.9958539009094238,1.0182179440641421
COHFACE_s22_session3_natural,46,21,46.7,-1.1171443462371826,0.9385429715634703
COHFACE_s22_session3_natural,46,22,46.733333333333334,-1.2091017961502075,0.7764265105907249
COHFACE_s22_session3_natural,46,23,46.766666666666666,-0.9223102927207947,0.5480596634828158
COHFACE_s22_session3_natural,46,24,46.8,0.24178051948547363,0.2727809805595942
COHFACE_s22_session3_natural,46,25,46.833333333333336,1.548640489578247,-0.030795322140294578
COHFACE_s22_session3_natural,46,26,46.86666666666667,2.0867111682891846,-0.34583613842589
COHFACE_s22_session3_natural,46,27,46.9,1.9977068901062012,-0.6550686054947349
COHFACE_s22_session3_natural,46,28,46.93333333333333,1.7127765417099,-0.9362541990758577
COHFACE_s22_session3_natural,46,29,46.96666666666667,1.4402669668197632,-1.158394509394659
COHFACE_s22_session3_natural,46,30,47.0,1.2311757802963257,-1.2831039938719409
COHFACE_s22_session3_natural,46,31,47.03333333333333,0.9829987287521362,-1.2738501170597472
COHFACE_s22_session3_natural,46,32,47.06666666666667,0.724721372127533,-1.110447745440353
COHFACE_s22_session3_natural,46,33,47.1,0.620392918586731,-0.8013457061501185
COHFACE_s22_session3_natural,46,34,47.13333333333333,0.6658443212509155,-0.38622263994702805
COHFACE_s22_session3_natural,46,35,47.166666666666664,0.693216860294342,0.07349872107078131
COHFACE_s22_session3_natural,46,36,47.2,0.5824981927871704,0.51165853624493
COHFACE_s22_session3_natural,46,37,47.233333333333334,0.36083751916885376,0.8734540664455104
COHFACE_s22_session3_natural,46,38,47.266666666666666,0.1041732132434845,1.1241398684667163
COHFACE_s22_session3_natural,46,39,47.3,-0.12495722621679306,1.249143522105856
COHFACE_s22_session3_natural,46,40,47.333333333333336,-0.30502551794052124,1.2487249218641066
COHFACE_s22_session3_natural,46,41,47.36666666666667,-0.4423970580101013,1.131527114016343
COHFACE_s22_session3_natural,46,42,47.4,-0.547569215297699,0.9099260570115417
COHFACE_s22_session3_natural,46,43,47.43333333333333,-0.6261630058288574,0.598340265937558
COHFACE_s22_session3_natural,46,44,47.46666666666667,-0.687360405921936,0.2151592822983633
COHFACE_s22_session3_natural,46,45,47.5,-0.7404304146766663,-0.21181236904890585
COHFACE_s22_session3_natural,46,46,47.53333333333333,-0.7928304076194763,-0.6390556872472344
COHFACE_s22_session3_natural,46,47,47.56666666666667,-0.8455033302307129,-1.0056853514918078
COHFACE_s22_session3_natural,46,48,47.6,-0.9233525991439819,-1.2420750753637146
COHFACE_s22_session3_natural,46,49,47.63333333333333,-1.0441094636917114,-1.2896206017140452
COHFACE_s22_session3_natural,46,50,47.666666666666664,-1.1719887256622314,-1.1242722543449417
COHFACE_s22_session3_natural,46,51,47.7,-1.083716630935669,-0.7712328600791782
COHFACE_s22_session3_natural,46,52,47.733333333333334,-0.19994017481803894,-0.3012627781813006
COHFACE_s22_session3_natural,46,53,47.766666666666666,1.1666778326034546,0.19141721810562495
COHFACE_s22_session3_natural,46,54,47.8,1.9630506038665771,0.6196911042417682
COHFACE_s22_session3_natural,46,55,47.833333333333336,2.040688991546631,0.9284271741840197
COHFACE_s22_session3_natural,46,56,47.86666666666667,1.8093374967575073,1.1035435095632966
COHFACE_s22_session3_natural,46,57,47.9,1.541406512260437,1.1639868282409873
COHFACE_s22_session3_natural,46,58,47.93333333333333,1.3467957973480225,1.143303166187216
COHFACE_s22_session3_natural,46,59,47.96666666666667,1.1424694061279297,1.0707633868411193
COHFACE_s22_session3_natural,46,60,48.0,0.8648847937583923,0.9599737438731535
COHFACE_s22_session3_natural,46,61,48.03333333333333,0.6817516684532166,0.8080088829869434
COHFACE_s22_session3_natural,46,62,48.06666666666667,0.6671720147132874,0.6034235764545652
COHFACE_s22_session3_natural,46,63,48.1,0.6981180906295776,0.3382296339132219
COHFACE_s22_session3_natural,46,64,48.13333333333333,0.6338186264038086,0.0174929416213732
COHFACE_s22_session3_natural,46,65,48.166666666666664,0.44319096207618713,-0.3383750832167752
COHFACE_s22_session3_natural,46,66,48.2,0.19104325771331787,-0.699298702855896
COHFACE_s22_session3_natural,46,67,48.233333333333334,-0.05486311390995979,-1.0351856650968745
COHFACE_s22_session3_natural,46,68,48.266666666666666,-0.253953218460083,-1.3233811076559212
COHFACE_s22_session3_natural,46,69,48.3,-0.40872111916542053,-1.5494449443250948
COHFACE_s22_session3_natural,46,70,48.333333333333336,-0.5410301089286804,-1.70144433739353
COHFACE_s22_session3_natural,46,71,48.36666666666667,-0.641586422920227,-1.7628246365702789
COHFACE_s22_session3_natural,46,72,48.4,-0.7086405158042908,-1.7107632023420933
COHFACE_s22_session3_natural,46,73,48.43333333333333,-0.7591916918754578,-1.5238039676034922
COHFACE_s22_session3_natural,46,74,48.46666666666667,-0.8125346302986145,-1.1957443912360741
COHFACE_s22_session3_natural,46,75,48.5,-0.8688556551933289,-0.7472797821985828
COHFACE_s22_session3_natural,46,76,48.53333333333333,-0.9488887190818787,-0.22732827536528777
COHFACE_s22_session3_natural,46,77,48.56666666666667,-1.0619773864746094,0.29803164775708224
COHFACE_s22_session3_natural,46,78,48.6,-1.1984431743621826,0.7635606642350355
COHFACE_s22_session3_natural,46,79,48.63333333333333,-1.2063347101211548,1.120753705854912
COHFACE_s22_session3_natural,46,80,48.666666666666664,-0.5431395173072815,1.345458004851289
COHFACE_s22_session3_natural,46,81,48.7,0.7890952825546265,1.4368439700775182
COHFACE_s22_session3_natural,46,82,48.733333333333334,1.7577440738677979,1.4111544801128018
COHFACE_s22_session3_natural,46,83,48.766666666666666,1.9687336683273315,1.294153098019844
COHFACE_s22_session3_natural,46,84,48.8,1.7812824249267578,1.1147093138175197
COHFACE_s22_session3_natural,46,85,48.833333333333336,1.5291595458984375,0.9003779406036446
COHFACE_s22_session3_natural,46,86,48.86666666666667,1.3185173273086548,0.6752214762315013
COHFACE_s22_session3_natural,46,87,48.9,1.0993258953094482,0.45983974677374834
COHFACE_s22_session3_natural,46,88,48.93333333333333,0.8118395805358887,0.27269686722504377
COHFACE_s22_session3_natural,46,89,48.96666666666667,0.6047337651252747,0.13075810116273473
COHFACE_s22_session3_natural,46,90,49.0,0.5899803638458252,0.047347104635362236
COHFACE_s22_session3_natural,46,91,49.03333333333333,0.6362630724906921,0.02706764708247665
COHFACE_s22_session3_natural,46,92,49.06666666666667,0.5802274942398071,0.06096144340782324
COHFACE_s22_session3_natural,46,93,49.1,0.4008416533470154,0.1265512270934773
COHFACE_s22_session3_natural,46,94,49.13333333333333,0.15646150708198547,0.1947140977291818
COHFACE_s22_session3_natural,46,95,49.166666666666664,-0.08602018654346466,0.2402614499128359
COHFACE_s22_session3_natural,46,96,49.2,-0.292952299118042,0.24963874008497805
COHFACE_s22_session3_natural,46,97,49.233333333333334,-0.45259663462638855,0.22053968000696303
COHFACE_s22_session3_natural,46,98,49.266666666666666,-0.5780686736106873,0.1542816075992348
COHFACE_s22_session3_natural,46,99,49.3,-0.6768134236335754,0.0475243426909556
COHFACE_s22_session3_natural,46,100,49.333333333333336,-0.7474410533905029,-0.10961534513454366
COHFACE_s22_session3_natural,46,101,49.36666666666667,-0.8030547499656677,-0.32684059756589284
COHFACE_s22_session3_natural,46,102,49.4,-0.8595494627952576,-0.6025981497549807
COHFACE_s22_session3_natural,46,103,49.43333333333333,-0.9145675897598267,-0.9161788067254477
COHFACE_s22_session3_natural,46,104,49.46666666666667,-0.980616569519043,-1.2281642008173654
COHFACE_s22_session3_natural,46,105,49.5,-1.059446096420288,-1.4889482210189016
COHFACE_s22_session3_natural,46,106,49.53333333333333,-1.1522845029830933,-1.650863517405514
COHFACE_s22_session3_natural,46,107,49.56666666666667,-1.2815037965774536,-1.6787585961521134
COHFACE_s22_session3_natural,46,108,49.6,-1.412373423576355,-1.5563203529520109
COHFACE_s22_session3_natural,46,109,49.63333333333333,-1.3561394214630127,-1.2884180101920146
COHFACE_s22_session3_natural,46,110,49.666666666666664,-0.5343296527862549,-0.9007507216972849
COHFACE_s22_session3_natural,46,111,49.7,0.8918354511260986,-0.4369012769634951
COHFACE_s22_session3_natural,46,112,49.733333333333334,1.8030588626861572,0.04860753250682625
COHFACE_s22_session3_natural,46,113,49.766666666666666,1.9263471364974976,0.5016496638476172
COHFACE_s22_session3_natural,46,114,49.8,1.6952934265136719,0.8807009608428764
COHFACE_s22_session3_natural,46,115,49.833333333333336,1.4282805919647217,1.1639857387304322
COHFACE_s22_session3_natural,46,116,49.86666666666667,1.2143378257751465,1.3483785609460743
COHFACE_s22_session3_natural,46,117,49.9,0.9816214442253113,1.442192504839179
COHFACE_s22_session3_natural,46,118,49.93333333333333,0.6901644468307495,1.4571304157750005
COHFACE_s22_session3_natural,46,119,49.96666666666667,0.5280136466026306,1.4035996687991288
COHFACE_s22_session3_natural,46,120,50.0,0.5594561100006104,1.2896604664147158
COHFACE_s22_session3_natural,46,121,50.03333333333333,0.6248599290847778,1.1212381986874382
COHFACE_s22_session3_natural,46,122,50.06666666666667,0.5652011036872864,0.9024018339997967
COHFACE_s22_session3_natural,46,123,50.1,0.3662971556186676,0.6367138514151436
COHFACE_s22_session3_natural,46,124,50.13333333333333,0.10608407855033875,0.3304401650425437
COHFACE_s22_session3_natural,46,125,50.166666666666664,-0.13782456517219543,-0.003484915023650406
COHFACE_s22_session3_natural,46,126,50.2,-0.3355373442173004,-0.34302115902760877
COHFACE_s22_session3_natural,46,127,50.233333333333334,-0.48148298263549805,-0.6580628474861988
COHFACE_s22_session3_natural,46,128,50.266666666666666,-0.5857121348381042,-0.9154293083352424
COHFACE_s22_session3_natural,46,129,50.3,-0.6630774736404419,-1.0862835968085987
COHFACE_s22_session3_natural,46,130,50.333333333333336,-0.7098441123962402,-1.1529044120856209
COHFACE_s22_session3_natural,46,131,50.36666666666667,-0.7549480199813843,-1.1118484376404452
COHFACE_s22_session3_natural,46,132,50.4,-0.7996177077293396,-0.9725999802342522
COHFACE_s22_session3_natural,46,133,50.43333333333333,-0.8586312532424927,-0.7532575311021189
COHFACE_s22_session3_natural,46,134,50.46666666666667,-0.9433794617652893,-0.4758697037649709
COHFACE_s22_session3_natural,46,135,50.5,-1.0678216218948364,-0.1633789870797606
COHFACE_s22_session3_natural,46,136,50.53333333333333,-1.2114346027374268,0.16141414521008812
COHFACE_s22_session3_natural,46,137,50.56666666666667,-1.2375662326812744,0.4756411366752826
COHFACE_s22_session3_natural,46,138,50.6,-0.6765155792236328,0.75583545285792
COHFACE_s22_session3_natural,46,139,50.63333333333333,0.5486981868743896,0.9777549301797764
COHFACE_s22_session3_natural,46,140,50.666666666666664,1.4712750911712646,1.117266145141803
COHFACE_s22_session3_natural,46,141,50.7,1.6342076063156128,1.1528693450735394
COHFACE_s22_session3_natural,46,142,50.733333333333334,1.3941580057144165,1.0696411157702719
COHFACE_s22_session3_natural,46,143,50.766666666666666,1.1013485193252563,0.8635186783206356
COHFACE_s22_session3_natural,46,144,50.8,0.8538662791252136,0.5446993342208358
COHFACE_s22_session3_natural,46,145,50.833333333333336,0.5751525163650513,0.13932066458299538
COHFACE_s22_session3_natural,46,146,50.86666666666667,0.2992306351661682,-0.3110271201895844
COHFACE_s22_session3_natural,46,147,50.9,0.21386200189590454,-0.7522924083761591
COHFACE_s22_session3_natural,46,148,50.93333333333333,0.3228435218334198,-1.1238996244172033
COHFACE_s22_session3_natural,46,149,50.96666666666667,0.4362547695636749,-1.368134892819916
COHFACE_s22_session3_natural,46,150,51.0,0.3835694193840027,-1.4428183907206868
COHFACE_s22_session3_natural,46,151,51.03333333333333,0.1785481721162796,-1.3346593487004328
COHFACE_s22_session3_natural,46,152,51.06666666666667,-0.06895886361598969,-1.0672797511008556
COHFACE_s22_session3_natural,46,153,51.1,-0.29823818802833557,-0.6976324068004024
COHFACE_s22_session3_natural,46,154,51.13333333333333,-0.4786539077758789,-0.299889478474593
COHFACE_s22_session3_natural,46,155,51.166666666666664,-0.6059251427650452,0.05679233915928829
COHFACE_s22_session3_natural,46,156,51.2,-0.6957235336303711,0.32649817617661
COHFACE_s22_session3_natural,46,157,51.233333333333334,-0.7473914623260498,0.4930891742081872
COHFACE_s22_session3_natural,46,158,51.266666666666666,-0.77290278673172,0.5644548451493343
COHFACE_s22_session3_natural,46,159,51.3,-0.7949273586273193,0.5604138692462042
COHFACE_s22_session3_natural,46,160,51.333333333333336,-0.8315068483352661,0.5016958288176473
COHFACE_s22_session3_natural,46,161,51.36666666666667,-0.8985733389854431,0.4043653295643881
COHFACE_s22_session3_natural,46,162,51.4,-1.0081504583358765,0.2796984354170509
COHFACE_s22_session3_natural,46,163,51.43333333333333,-1.1160151958465576,0.13698597882391234
COHFACE_s22_session3_natural,46,164,51.46666666666667,-0.9780604839324951,-0.01295851057461935
COHFACE_s22_session3_natural,46,165,51.5,-0.08415894955396652,-0.15468297029832928
COHFACE_s22_session3_natural,46,166,51.53333333333333,1.1515398025512695,-0.26661075406974555
COHFACE_s22_session3_natural,46,167,51.56666666666667,1.774817705154419,-0.32308076440855316
COHFACE_s22_session3_natural,46,168,51.6,1.7312896251678467,-0.30111878421610544
COHFACE_s22_session3_natural,46,169,51.63333333333333,1.4558764696121216,-0.19038037032713326
COHFACE_s22_session3_natural,46,170,51.666666666666664,1.206979751586914,-0.0011966190209763954
COHFACE_s22_session3_natural,46,171,51.7,1.0187716484069824,0.2351806201340121
COHFACE_s22_session3_natural,46,172,51.733333333333334,0.7702471613883972,0.47618422458665083
COHFACE_s22_session3_natural,46,173,51.766666666666666,0.5064978003501892,0.6833372316299642
COHFACE_s22_session3_natural,46,174,51.8,0.41703441739082336,0.8353638459260929
COHFACE_s22_session3_natural,46,175,51.833333333333336,0.48630958795547485,0.9317568012656443
COHFACE_s22_session3_natural,46,176,51.86666666666667,0.5354337692260742,0.9851264506873534
COHFACE_s22_session3_natural,46,177,51.9,0.4319242835044861,1.0073370216640203
COHFACE_s22_session3_natural,46,178,51.93333333333333,0.2140481173992157,0.9978821251254673
COHFACE_s22_session3_natural,46,179,51.96666666666667,-0.02538115158677101,0.9411177803582993
COHFACE_s22_session3_natural,46,180,52.0,-0.23864145576953888,0.813149198524053
COHFACE_s22_session3_natural,46,181,52.03333333333333,-0.41028454899787903,0.5938490299206204
COHFACE_s22_session3_natural,46,182,52.06666666666667,-0.5436358451843262,0.27817872359225093
COHFACE_s22_session3_natural,46,183,52.1,-0.6395514607429504,-0.11749188015259995
COHFACE_s22_session3_natural,46,184,52.13333333333333,-0.7045333981513977,-0.556457072672728
COHFACE_s22_session3_natural,46,185,52.166666666666664,-0.7484957575798035,-0.9901355720214647
COHFACE_s22_session3_natural,46,186,52.2,-0.793066143989563,-1.3706768194008245
COHFACE_s22_session3_natural,46,187,52.233333333333334,-0.8432946801185608,-1.6622152585759309
COHFACE_s22_session3_natural,46,188,52.266666666666666,-0.9019607901573181,-1.8458955203559688
COHFACE_s22_session3_natural,46,189,52.3,-0.9621034860610962,-1.9169884118740084
COHFACE_s22_session3_natural,46,190,52.333333333333336,-1.0381659269332886,-1.8765234341148715
COHFACE_s22_session3_natural,46,191,52.36666666666667,-1.1379530429840088,-1.7231113541224312
COHFACE_s22_session3_natural,46,192,52.4,-1.2585238218307495,-1.4512753079018992
COHFACE_s22_session3_natural,46,193,52.43333333333333,-1.3099186420440674,-1.0591366834335405
COHFACE_s22_session3_natural,46,194,52.46666666666667,-0.8293726444244385,-0.5616372294699234
COHFACE_s22_session3_natural,46,195,52.5,0.5064108967781067,-0.0003528389808431266
COHFACE_s22_session3_natural,46,196,52.53333333333333,1.724241852760315,0.5582814096328925
COHFACE_s22_session3_natural,46,197,52.56666666666667,2.116515636444092,1.0380514799193437
COHFACE_s22_session3_natural,46,198,52.6,1.9803601503372192,1.3749042965253202
COHFACE_s22_session3_natural,46,199,52.63333333333333,1.7234476804733276,1.5351266526001734
COHFACE_s22_session3_natural,46,200,52.666666666666664,1.5166271924972534,1.5219631775061488
COHFACE_s22_session3_natural,46,201,52.7,1.3458279371261597,1.369639220326221
COHFACE_s22_session3_natural,46,202,52.733333333333334,1.094859004020691,1.1293503974965309
COHFACE_s22_session3_natural,46,203,52.766666666666666,0.8105987310409546,0.8536736429761423
COHFACE_s22_session3_natural,46,204,52.8,0.6704229712486267,0.5843607262622946
COHFACE_s22_session3_natural,46,205,52.833333333333336,0.6811808943748474,0.34591789885724494
COHFACE_s22_session3_natural,46,206,52.86666666666667,0.6689339280128479,0.14570651987177238
COHFACE_s22_session3_natural,46,207,52.9,0.5411787629127502,-0.019948465719957675
COHFACE_s22_session3_natural,46,208,52.93333333333333,0.3137110471725464,-0.15608624667871504
COHFACE_s22_session3_natural,46,209,52.96666666666667,0.05761752277612686,-0.26058928347211235
COHFACE_s22_session3_natural,46,210,53.0,-0.17498722672462463,-0.322344266853044
COHFACE_s22_session3_natural,46,211,53.03333333333333,-0.3588400185108185,-0.3284640735004586
COHFACE_s22_session3_natural,46,212,53.06666666666667,-0.49945011734962463,-0.2761948189970584
COHFACE_s22_session3_natural,46,213,53.1,-0.6075754761695862,-0.1805069913409036
COHFACE_s22_session3_natural,46,214,53.13333333333333,-0.6896931529045105,-0.07077297308457418
COHFACE_s22_session3_natural,46,215,53.166666666666664,-0.7618346214294434,0.02257452439528379
COHFACE_s22_session3_natural,46,216,53.2,-0.8283923864364624,0.08351556953535054
COHFACE_s22_session3_natural,46,217,53.233333333333334,-0.8983996510505676,0.11833290652021332
COHFACE_s22_session3_natural,46,218,53.266666666666666,-0.9782838225364685,0.1507720388044986
COHFACE_s22_session3_natural,46,219,53.3,-1.070688009262085,0.20681886170155747
COHFACE_s22_session3_natural,46,220,53.333333333333336,-1.1591463088989258,0.29703386386687763
COHFACE_s22_session3_natural,46,221,53.36666666666667,-1.2439937591552734,0.4056206172349835
COHFACE_s22_session3_natural,46,222,53.4,-1.3355789184570312,0.4922560069244624
COHFACE_s22_session3_natural,46,223,53.43333333333333,-1.4092341661453247,0.5067917347673195
COHFACE_s22_session3_natural,46,224,53.46666666666667,-1.4643515348434448,0.4108626278470447
COHFACE_s22_session3_natural,46,225,53.5,-1.504095196723938,0.19692960367688106
COHFACE_s22_session3_natural,46,226,53.53333333333333,-1.5446949005126953,-0.10397040145803481
COHFACE_s22_session3_natural,46,227,53.56666666666667,-1.6161911487579346,-0.4297406487912808
COHFACE_s22_session3_natural,46,228,53.6,-1.629281759262085,-0.7072487009230527
COHFACE_s22_session3_natural,46,229,53.63333333333333,-1.0147764682769775,-0.8765848475804647
COHFACE_s22_session3_natural,46,230,53.666666666666664,0.5639851093292236,-0.9096610857210323
COHFACE_s22_session3_natural,46,231,53.7,1.9084420204162598,-0.8161571060349905
COHFACE_s22_session3_natural,46,232,53.733333333333334,2.293978214263916,-0.6357685795105185
COHFACE_s22_session3_natural,46,233,53.766666666666666,2.132373332977295,-0.42169626692203643
COHFACE_s22_session3_natural,46,234,53.8,1.8557318449020386,-0.22334502404447343
COHFACE_s22_session3_natural,46,235,53.833333333333336,1.620360016822815,-0.0748653035837463
COHFACE_s22_session3_natural,46,236,53.86666666666667,1.4264813661575317,0.008459070300713642
COHFACE_s22_session3_natural,46,237,53.9,1.1656975746154785,0.028246143580414156
COHFACE_s22_session3_natural,46,238,53.93333333333333,0.8739179968833923,-0.0012288904778452996
COHFACE_s22_session3_natural,46,239,53.96666666666667,0.7276372909545898,-0.057655215908804416
COHFACE_s22_session3_natural,47,0,47.0,1.2311757802963257,0.1687728127555144
COHFACE_s22_session3_natural,47,1,47.03333333333333,0.9829987287521362,-0.25943382179518565
COHFACE_s22_session3_natural,47,2,47.06666666666667,0.724721372127533,-0.6410336389840051
COHFACE_s22_session3_natural,47,3,47.1,0.620392918586731,-0.9249574257939935
COHFACE_s22_session3_natural,47,4,47.13333333333333,0.6658443212509155,-1.0686007392231072
COHFACE_s22_session3_natural,47,5,47.166666666666664,0.693216860294342,-1.0460737933446747
COHFACE_s22_session3_natural,47,6,47.2,0.5824981927871704,-0.8571880072191367
COHFACE_s22_session3_natural,47,7,47.233333333333334,0.36083751916885376,-0.5340704968624259
COHFACE_s22_session3_natural,47,8,47.266666666666666,0.1041732132434845,-0.141313729154425
COHFACE_s22_session3_natural,47,9,47.3,-0.12495722621679306,0.23387324398708345
COHFACE_s22_session3_natural,47,10,47.333333333333336,-0.30502551794052124,0.5016183152764125
COHFACE_s22_session3_natural,47,11,47.36666666666667,-0.4423970580101013,0.5940820158615642
COHFACE_s22_session3_natural,47,12,47.4,-0.547569215297699,0.4851457498135035
COHFACE_s22_session3_natural,47,13,47.43333333333333,-0.6261630058288574,0.19659403446073692
COHFACE_s22_session3_natural,47,14,47.46666666666667,-0.687360405921936,-0.21005114025288055
COHFACE_s22_session3_natural,47,15,47.5,-0.7404304146766663,-0.6496869904486743
COHFACE_s22_session3_natural,47,16,47.53333333333333,-0.7928304076194763,-1.030996977924161
COHFACE_s22_session3_natural,47,17,47.56666666666667,-0.8455033302307129,-1.2724393084468886
COHFACE_s22_session3_natural,47,18,47.6,-0.9233525991439819,-1.3173943790168823
COHFACE_s22_session3_natural,47,19,47.63333333333333,-1.0441094636917114,-1.148179149092405
COHFACE_s22_session3_natural,47,20,47.666666666666664,-1.1719887256622314,-0.7948695876412278
COHFACE_s22_session3_natural,47,21,47.7,-1.083716630935669,-0.3325470328662397
COHFACE_s22_session3_natural,47,22,47.733333333333334,-0.19994017481803894,0.1366912896082963
COHFACE_s22_session3_natural,47,23,47.766666666666666,1.1666778326034546,0.513897228224741
COHFACE_s22_session3_natural,47,24,47.8,1.9630506038665771,0.7357024438960669
COHFACE_s22_session3_natural,47,25,47.833333333333336,2.040688991546631,0.7958909538695887
COHFACE_s22_session3_natural,47,26,47.86666666666667,1.8093374967575073,0.7456865588612528
COHFACE_s22_session3_natural,47,27,47.9,1.541406512260437,0.670703387995477
COHFACE_s22_session3_natural,47,28,47.93333333333333,1.3467957973480225,0.6533240046015859
COHFACE_s22_session3_natural,47,29,47.96666666666667,1.1424694061279297,0.7367492880879531
COHFACE_s22_session3_natural,47,30,48.0,0.8648847937583923,0.9065632034511822
COHFACE_s22_session3_natural,47,31,48.03333333333333,0.6817516684532166,1.0975683757326284
COHFACE_s22_session3_natural,47,32,48.06666666666667,0.6671720147132874,1.2219505995470672
COHFACE_s22_session3_natural,47,33,48.1,0.6981180906295776,1.205430103105298
COHFACE_s22_session3_natural,47,34,48.13333333333333,0.6338186264038086,1.015545913351732
COHFACE_s22_session3_natural,47,35,48.166666666666664,0.44319096207618713,0.6711656832474215
COHFACE_s22_session3_natural,47,36,48.2,0.19104325771331787,0.2317742370958224
COHFACE_s22_session3_natural,47,37,48.233333333333334,-0.05486311390995979,-0.22585519602146606
COHFACE_s22_session3_natural,47,38,48.266666666666666,-0.253953218460083,-0.6317845335172716
COHFACE_s22_session3_natural,47,39,48.3,-0.40872111916542053,-0.9382867903909357
COHFACE_s22_session3_natural,47,40,48.333333333333336,-0.5410301089286804,-1.1238379888056444
COHFACE_s22_session3_natural,47,41,48.36666666666667,-0.641586422920227,-1.1895753133097897
COHFACE_s22_session3_natural,47,42,48.4,-0.7086405158042908,-1.1538184616150446
COHFACE_s22_session3_natural,47,43,48.43333333333333,-0.7591916918754578,-1.0472015286053264
COHFACE_s22_session3_natural,47,44,48.46666666666667,-0.8125346302986145,-0.9065775437848572
COHFACE_s22_session3_natural,47,45,48.5,-0.8688556551933289,-0.7650205707865395
COHFACE_s22_session3_natural,47,46,48.53333333333333,-0.9488887190818787,-0.6396642720634123
COHFACE_s22_session3_natural,47,47,48.56666666666667,-1.0619773864746094,-0.5240140627079519
COHFACE_s22_session3_natural,47,48,48.6,-1.1984431743621826,-0.39114218649515015
COHFACE_s22_session3_natural,47,49,48.63333333333333,-1.2063347101211548,-0.20840185160812744
COHFACE_s22_session3_natural,47,50,48.666666666666664,-0.5431395173072815,0.04312880584566887
COHFACE_s22_session3_natural,47,51,48.7,0.7890952825546265,0.35469769010183794
COHFACE_s22_session3_natural,47,52,48.733333333333334,1.7577440738677979,0.6882142370407047
COHFACE_s22_session3_natural,47,53,48.766666666666666,1.9687336683273315,0.9867231054992166
COHFACE_s22_session3_natural,47,54,48.8,1.7812824249267578,1.1916451189810693
COHFACE_s22_session3_natural,47,55,48.833333333333336,1.5291595458984375,1.25996277457762
COHFACE_s22_session3_natural,47,56,48.86666666666667,1.3185173273086548,1.1761455853766463
COHFACE_s22_session3_natural,47,57,48.9,1.0993258953094482,0.9562670917548383
COHFACE_s22_session3_natural,47,58,48.93333333333333,0.8118395805358887,0.6438336855367897
COHFACE_s22_session3_natural,47,59,48.96666666666667,0.6047337651252747,0.298487194801259
COHFACE_s22_session3_natural,47,60,49.0,0.5899803638458252,-0.019422691149220475
COHFACE_s22_session3_natural,47,61,49.03333333333333,0.6362630724906921,-0.26383067667391225
COHFACE_s22_session3_natural,47,62,49.06666666666667,0.5802274942398071,-0.4126790743631472
COHFACE_s22_session3_natural,47,63,49.1,0.4008416533470154,-0.4693405747152967
COHFACE_s22_session3_natural,47,64,49.13333333333333,0.15646150708198547,-0.4562607796613392
COHFACE_s22_session3_natural,47,65,49.166666666666664,-0.08602018654346466,-0.4047461795807018
COHFACE_s22_session3_natural,47,66,49.2,-0.292952299118042,-0.3459521039419866
COHFACE_s22_session3_natural,47,67,49.233333333333334,-0.45259663462638855,-0.30609192752324105
COHFACE_s22_session3_natural,47,68,49.266666666666666,-0.5780686736106873,-0.3049222154106271
COHFACE_s22_session3_natural,47,69,49.3,-0.6768134236335754,-0.35409988495007777
COHFACE_s22_session3_natural,47,70,49.333333333333336,-0.7474410533905029,-0.4534372837213497
COHFACE_s22_session3_natural,47,71,49.36666666666667,-0.8030547499656677,-0.5868502859652294
COHFACE_s22_session3_natural,47,72,49.4,-0.8595494627952576,-0.7224138361392064
COHFACE_s22_session3_natural,47,73,49.43333333333333,-0.9145675897598267,-0.8197486598113836
COHFACE_s22_session3_natural,47,74,49.46666666666667,-0.980616569519043,-0.8431353861726484
COHFACE_s22_session3_natural,47,75,49.5,-1.059446096420288,-0.7742092366947909
COHFACE_s22_session3_natural,47,76,49.53333333333333,-1.1522845029830933,-0.6177382523931826
COHFACE_s22_session3_natural,47,77,49.56666666666667,-1.2815037965774536,-0.3979344633560893
COHFACE_s22_session3_natural,47,78,49.6,-1.412373423576355,-0.14816596208430116
COHFACE_s22_session3_natural,47,79,49.63333333333333,-1.3561394214630127,0.09996897495355175
COHFACE_s22_session3_natural,47,80,49.666666666666664,-0.5343296527862549,0.3234812587664235
COHFACE_s22_session3_natural,47,81,49.7,0.8918354511260986,0.5097293158155288
COHFACE_s22_session3_natural,47,82,49.733333333333334,1.8030588626861572,0.6549706961537095
COHFACE_s22_session3_natural,47,83,49.766666666666666,1.9263471364974976,0.7620638827329413
COHFACE_s22_session3_natural,47,84,49.8,1.6952934265136719,0.8380300065392381
COHFACE_s22_session3_natural,47,85,49.833333333333336,1.4282805919647217,0.8909069460257275
COHFACE_s22_session3_natural,47,86,49.86666666666667,1.2143378257751465,0.9260747439654065
COHFACE_s22_session3_natural,47,87,49.9,0.9816214442253113,0.9436316447434822
COHFACE_s22_session3_natural,47,88,49.93333333333333,0.6901644468307495,0.9383501874431497
COHFACE_s22_session3_natural,47,89,49.96666666666667,0.5280136466026306,0.9020368142853779
COHFACE_s22_session3_natural,47,90,50.0,0.5594561100006104,0.8262807779430221
COHFACE_s22_session3_natural,47,91,50.03333333333333,0.6248599290847778,0.7039561151582719
COHFACE_s22_session3_natural,47,92,50.06666666666667,0.5652011036872864,0.5306613240645486
COHFACE_s22_session3_natural,47,93,50.1,0.3662971556186676,0.30859546285821676
COHFACE_s22_session3_natural,47,94,50.13333333333333,0.10608407855033875,0.052365809380222325
COHFACE_s22_session3_natural,47,95,50.166666666666664,-0.13782456517219543,-0.20789932016072055
COHFACE_s22_session3_natural,47,96,50.2,-0.3355373442173004,-0.43127492216385505
COHFACE_s22_session3_natural,47,97,50.233333333333334,-0.48148298263549805,-0.579588029090355
COHFACE_s22_session3_natural,47,98,50.266666666666666,-0.5857121348381042,-0.6344470125194673
COHFACE_s22_session3_natural,47,99,50.3,-0.6630774736404419,-0.6084749984108624
COHFACE_s22_session3_natural,47,100,50.333333333333336,-0.7098441123962402,-0.5432736318701628
COHFACE_s22_session3_natural,47,101,50.36666666666667,-0.7549480199813843,-0.49334825463907317
COHFACE_s22_session3_natural,47,102,50.4,-0.7996177077293396,-0.502904785722142
COHFACE_s22_session3_natural,47,103,50.43333333333333,-0.8586312532424927,-0.5862373633637403
COHFACE_s22_session3_natural,47,104,50.46666666666667,-0.9433794617652893,-0.7200068502720396
COHFACE_s22_session3_natural,47,105,50.5,-1.0678216218948364,-0.8497122892398562
COHFACE_s22_session3_natural,47,106,50.53333333333333,-1.2114346027374268,-0.9072839665231325
COHFACE_s22_session3_natural,47,107,50.56666666666667,-1.2375662326812744,-0.8338694576506245
COHFACE_s22_session3_natural,47,108,50.6,-0.6765155792236328,-0.6013242599850294
COHFACE_s22_session3_natural,47,109,50.63333333333333,0.5486981868743896,-0.226373523678875
COHFACE_s22_session3_natural,47,110,50.666666666666664,1.4712750911712646,0.22770643936227114
COHFACE_s22_session3_natural,47,111,50.7,1.6342076063156128,0.6643675952018783
COHFACE_s22_session3_natural,47,112,50.733333333333334,1.3941580057144165,0.9793351238624795
COHFACE_s22_session3_natural,47,113,50.766666666666666,1.1013485193252563,1.0904279479029202
COHFACE_s22_session3_natural,47,114,50.8,0.8538662791252136,0.9615281418554646
COHFACE_s22_session3_natural,47,115,50.833333333333336,0.5751525163650513,0.6130677198467211
COHFACE_s22_session3_natural,47,116,50.86666666666667,0.2992306351661682,0.11726027870233721
COHFACE_s22_session3_natural,47,117,50.9,0.21386200189590454,-0.4184986747133616
COHFACE_s22_session3_natural,47,118,50.93333333333333,0.3228435218334198,-0.8751286414594103
COHFACE_s22_session3_natural,47,119,50.96666666666667,0.4362547695636749,-1.148233095225342
COHFACE_s22_session3_natural,47,120,51.0,0.3835694193840027,-1.1736449770384474
COHFACE_s22_session3_natural,47,121,51.03333333333333,0.1785481721162796,-0.9466759060182073
COHFACE_s22_session3_natural,47,122,51.06666666666667,-0.06895886361598969,-0.5272154161009699
COHFACE_s22_session3_natural,47,123,51.1,-0.29823818802833557,-0.024524464567056647
COHFACE_s22_session3_natural,47,124,51.13333333333333,-0.4786539077758789,0.43627072204872236
COHFACE_s22_session3_natural,47,125,51.166666666666664,-0.6059251427650452,0.7539821516971922
COHFACE_s22_session3_natural,47,126,51.2,-0.6957235336303711,0.8807653865626612
COHFACE_s22_session3_natural,47,127,51.233333333333334,-0.7473914623260498,0.8290268750435039
COHFACE_s22_session3_natural,47,128,51.266666666666666,-0.77290278673172,0.655722773245469
COHFACE_s22_session3_natural,47,129,51.3,-0.7949273586273193,0.4348943987044738
COHFACE_s22_session3_natural,47,130,51.333333333333336,-0.8315068483352661,0.2319058749886715
COHFACE_s22_session3_natural,47,131,51.36666666666667,-0.8985733389854431,0.08812252870472367
COHFACE_s22_session3_natural,47,132,51.4,-1.0081504583358765,0.017876037482194435
COHFACE_s22_session3_natural,47,133,51.43333333333333,-1.1160151958465576,0.014381701717384336
COHFACE_s22_session3_natural,47,134,51.46666666666667,-0.9780604839324951,0.059388891146484685
COHFACE_s22_session3_natural,47,135,51.5,-0.08415894955396652,0.13211161774530333
COHFACE_s22_session3_natural,47,136,51.53333333333333,1.1515398025512695,0.21484494843558824
COHFACE_s22_session3_natural,47,137,51.56666666666667,1.774817705154419,0.29466284910318036
COHFACE_s22_session3_natural,47,138,51.6,1.7312896251678467,0.36223099458404306
COHFACE_s22_session3_natural,47,139,51.63333333333333,1.4558764696121216,0.40965296586711125
COHFACE_s22_session3_natural,47,140,51.666666666666664,1.206979751586914,0.42926606223526986
COHFACE_s22_session3_natural,47,141,51.7,1.0187716484069824,0.4146710115302667
COHFACE_s22_session3_natural,47,142,51.733333333333334,0.7702471613883972,0.36415532561153857
COHFACE_s22_session3_natural,47,143,51.766666666666666,0.5064978003501892,0.28469483438949944
COHFACE_s22_session3_natural,47,144,51.8,0.41703441739082336,0.19265263886315895
COHFACE_s22_session3_natural,47,145,51.833333333333336,0.48630958795547485,0.10812770004815656
COHFACE_s22_session3_natural,47,146,51.86666666666667,0.5354337692260742,0.04476474107281806
COHFACE_s22_session3_natural,47,147,51.9,0.4319242835044861,0.0015736053551412734
COHFACE_s22_session3_natural,47,148,51.93333333333333,0.2140481173992157,-0.03687520758136101
COHFACE_s22_session3_natural,47,149,51.96666666666667,-0.02538115158677101,-0.0910554052831477
COHFACE_s22_session3_natural,47,150,52.0,-0.23864145576953888,-0.17418227743441775
COHFACE_s22_session3_natural,47,151,52.03333333333333,-0.41028454899787903,-0.2857393282602091
COHFACE_s22_session3_natural,47,152,52.06666666666667,-0.5436358451843262,-0.41451883272688816
COHFACE_s22_session3_natural,47,153,52.1,-0.6395514607429504,-0.5474730289905453
COHFACE_s22_session3_natural,47,154,52.13333333333333,-0.7045333981513977,-0.6774880417615333
COHFACE_s22_session3_natural,47,155,52.166666666666664,-0.7484957575798035,-0.8050480426463537
COHFACE_s22_session3_natural,47,156,52.2,-0.793066143989563,-0.9330549557930562
COHFACE_s22_session3_natural,47,157,52.233333333333334,-0.8432946801185608,-1.0583157743567992
COHFACE_s22_session3_natural,47,158,52.266666666666666,-0.9019607901573181,-1.165400640045652
COHFACE_s22_session3_natural,47,159,52.3,-0.9621034860610962,-1.2273218590109551
COHFACE_s22_session3_natural,47,160,52.333333333333336,-1.0381659269332886,-1.2132382471853798
COHFACE_s22_session3_natural,47,161,52.36666666666667,-1.1379530429840088,-1.099070643375995
COHFACE_s22_session3_natural,47,162,52.4,-1.2585238218307495,-0.8755644775172644
COHFACE_s22_session3_natural,47,163,52.43333333333333,-1.3099186420440674,-0.5507124597640426
COHFACE_s22_session3_natural,47,164,52.46666666666667,-0.8293726444244385,-0.14767577238391025
COHFACE_s22_session3_natural,47,165,52.5,0.5064108967781067,0.29846747616407077
COHFACE_s22_session3_natural,47,166,52.53333333333333,1.724241852760315,0.7436261338616499
COHFACE_s22_session3_natural,47,167,52.56666666666667,2.116515636444092,1.1384637678042322
COHFACE_s22_session3_natural,47,168,52.6,1.9803601503372192,1.4343834071402546
COHFACE_s22_session3_natural,47,169,52.63333333333333,1.7234476804733276,1.5914108462902852
COHFACE_s22_session3_natural,47,170,52.666666666666664,1.5166271924972534,1.5864666067821194
COHFACE_s22_session3_natural,47,171,52.7,1.3458279371261597,1.4202258592902235
COHFACE_s22_session3_natural,47,172,52.733333333333334,1.094859004020691,1.1207274419719575
COHFACE_s22_session3_natural,47,173,52.766666666666666,0.8105987310409546,0.7416592440052041
COHFACE_s22_session3_natural,47,174,52.8,0.6704229712486267,0.35336881317147745
COHFACE_s22_session3_natural,47,175,52.833333333333336,0.6811808943748474,0.026956228434198995
COHFACE_s22_session3_natural,47,176,52.86666666666667,0.6689339280128479,-0.1836983701963491
COHFACE_s22_session3_natural,47,177,52.9,0.5411787629127502,-0.2546401860274216
COHFACE_s22_session3_natural,47,178,52.93333333333333,0.3137110471725464,-0.19475286211790718
COHFACE_s22_session3_natural,47,179,52.96666666666667,0.05761752277612686,-0.03991603908801244
COHFACE_s22_session3_natural,47,180,53.0,-0.17498722672462463,0.15696982627434505
COHFACE_s22_session3_natural,47,181,53.03333333333333,-0.3588400185108185,0.3363232838871425
COHFACE_s22_session3_natural,47,182,53.06666666666667,-0.49945011734962463,0.44268023548736646
COHFACE_s22_session3_natural,47,183,53.1,-0.6075754761695862,0.4375377615590187
COHFACE_s22_session3_natural,47,184,53.13333333333333,-0.6896931529045105,0.312021510793722
COHFACE_s22_session3_natural,47,185,53.166666666666664,-0.7618346214294434,0.09288575299511784
COHFACE_s22_session3_natural,47,186,53.2,-0.8283923864364624,-0.16356044473236295
COHFACE_s22_session3_natural,47,187,53.233333333333334,-0.8983996510505676,-0.3890688666220449
COHFACE_s22_session3_natural,47,188,53.266666666666666,-0.9782838225364685,-0.5257537625365309
COHFACE_s22_session3_natural,47,189,53.3,-1.070688009262085,-0.5440307162384688
COHFACE_s22_session3_natural,47,190,53.333333333333336,-1.1591463088989258,-0.4504872641131858
COHFACE_s22_session3_natural,47,191,53.36666666666667,-1.2439937591552734,-0.28518440472384743
COHFACE_s22_session3_natural,47,192,53.4,-1.3355789184570312,-0.11072998607039607
COHFACE_s22_session3_natural,47,193,53.43333333333333,-1.4092341661453247,0.004229106792458027
COHFACE_s22_session3_natural,47,194,53.46666666666667,-1.4643515348434448,0.0045120583411085505
COHFACE_s22_session3_natural,47,195,53.5,-1.504095196723938,-0.13307307185810854
COHFACE_s22_session3_natural,47,196,53.53333333333333,-1.5446949005126953,-0.38862120162118785
COHFACE_s22_session3_natural,47,197,53.56666666666667,-1.6161911487579346,-0.7019047828456947
COHFACE_s22_session3_natural,47,198,53.6,-1.629281759262085,-0.9905903772798692
COHFACE_s22_session3_natural,47,199,53.63333333333333,-1.0147764682769775,-1.177821280320822
COHFACE_s22_session3_natural,47,200,53.666666666666664,0.5639851093292236,-1.2174808810852127
COHFACE_s22_session3_natural,47,201,53.7,1.9084420204162598,-1.1058880421343606
COHFACE_s22_session3_natural,47,202,53.733333333333334,2.293978214263916,-0.8757330059215704
COHFACE_s22_session3_natural,47,203,53.766666666666666,2.132373332977295,-0.5773038049804307
COHFACE_s22_session3_natural,47,204,53.8,1.8557318449020386,-0.2577129649504305
COHFACE_s22_session3_natural,47,205,53.833333333333336,1.620360016822815,0.05204292754629152
COHFACE_s22_session3_natural,47,206,53.86666666666667,1.4264813661575317,0.33862988693965157
COHFACE_s22_session3_natural,47,207,53.9,1.1656975746154785,0.5995562465088929
COHFACE_s22_session3_natural,47,208,53.93333333333333,0.8739179968833923,0.8335834492215347
COHFACE_s22_session3_natural,47,209,53.96666666666667,0.7276372909545898,1.0331691539936323
COHFACE_s22_session3_natural,47,210,54.0,0.7265950441360474,1.1820411045807717
COHFACE_s22_session3_natural,47,211,54.03333333333333,0.7204281091690063,1.2589090986995424
COHFACE_s22_session3_natural,47,212,54.06666666666667,0.5964822769165039,1.2457034986956037
COHFACE_s22_session3_natural,47,213,54.1,0.3688284158706665,1.1364749994628829
COHFACE_s22_session3_natural,47,214,54.13333333333333,0.10764751583337784,0.9424397905489432
COHFACE_s22_session3_natural,47,215,54.166666666666664,-0.13410209119319916,0.6902742745995253
COHFACE_s22_session3_natural,47,216,54.2,-0.33862701058387756,0.41420081517553997
COHFACE_s22_session3_natural,47,217,54.233333333333334,-0.4907643496990204,0.1458755587601301
COHFACE_s22_session3_natural,47,218,54.266666666666666,-0.6091885566711426,-0.09254753663416512
COHFACE_s22_session3_natural,47,219,54.3,-0.7010838985443115,-0.28887330535344913
COHFACE_s22_session3_natural,47,220,54.333333333333336,-0.7647505402565002,-0.4362394953593842
COHFACE_s22_session3_natural,47,221,54.36666666666667,-0.8298193216323853,-0.5286266993751619
COHFACE_s22_session3_natural,47,222,54.4,-0.9004594087600708,-0.5614068513975051
COHFACE_s22_session3_natural,47,223,54.43333333333333,-0.9776758551597595,-0.5372874999444447
COHFACE_s22_session3_natural,47,224,54.46666666666667,-1.066977858543396,-0.4723060713886559
COHFACE_s22_session3_natural,47,225,54.5,-1.1640474796295166,-0.3946859878981145
COHFACE_s22_session3_natural,47,226,54.53333333333333,-1.261886477470398,-0.33399373133719473
COHFACE_s22_session3_natural,47,227,54.56666666666667,-1.3636959791183472,-0.3058333615634079
COHFACE_s22_session3_natural,47,228,54.6,-1.4350805282592773,-0.3022582084513209
COHFACE_s22_session3_natural,47,229,54.63333333333333,-1.4955706596374512,-0.2957099147204276
COHFACE_s22_session3_natural,47,230,54.666666666666664,-1.5603044033050537,-0.2551842381139478
COHFACE_s22_session3_natural,47,231,54.7,-1.6458468437194824,-0.1646706021783565
COHFACE_s22_session3_natural,47,232,54.733333333333334,-1.6835802793502808,-0.032717146123393916
COHFACE_s22_session3_natural,47,233,54.766666666666666,-1.1878713369369507,0.11174309787673528
COHFACE_s22_session3_natural,47,234,54.8,0.31905898451805115,0.2333687477268946
COHFACE_s22_session3_natural,47,235,54.833333333333336,1.7647298574447632,0.30507036171448876
COHFACE_s22_session3_natural,47,236,54.86666666666667,2.25185227394104,0.31587594139323205
COHFACE_s22_session3_natural,47,237,54.9,2.1060307025909424,0.27032500096023726
COHFACE_s22_session3_natural,47,238,54.93333333333333,1.7857990264892578,0.18277974785823012
COHFACE_s22_session3_natural,47,239,54.96666666666667,1.488187551498413,0.07158843907733846
COHFACE_s22_session3_natural,48,0,48.0,0.8648847937583923,-0.11480590991901451
COHFACE_s22_session3_natural,48,1,48.03333333333333,0.6817516684532166,-0.4314393395447502
COHFACE_s22_session3_natural,48,2,48.06666666666667,0.6671720147132874,-0.7352412878245803
COHFACE_s22_session3_natural,48,3,48.1,0.6981180906295776,-1.012833317736573
COHFACE_s22_session3_natural,48,4,48.13333333333333,0.6338186264038086,-1.2511599192147154
COHFACE_s22_session3_natural,48,5,48.166666666666664,0.44319096207618713,-1.4409050179718081
COHFACE_s22_session3_natural,48,6,48.2,0.19104325771331787,-1.5796382351965148
COHFACE_s22_session3_natural,48,7,48.233333333333334,-0.05486311390995979,-1.6721015635554815
COHFACE_s22_session3_natural,48,8,48.266666666666666,-0.253953218460083,-1.726946078707772
COHFACE_s22_session3_natural,48,9,48.3,-0.40872111916542053,-1.7513743581354706
COHFACE_s22_session3_natural,48,10,48.333333333333336,-0.5410301089286804,-1.745943497128497
COHFACE_s22_session3_natural,48,11,48.36666666666667,-0.641586422920227,-1.7017407199672923
COHFACE_s22_session3_natural,48,12,48.4,-0.7086405158042908,-1.6019047789335488
COHFACE_s22_session3_natural,48,13,48.43333333333333,-0.7591916918754578,-1.4278848252483676
COHFACE_s22_session3_natural,48,14,48.46666666666667,-0.8125346302986145,-1.1676908743254009
COHFACE_s22_session3_natural,48,15,48.5,-0.8688556551933289,-0.8217952297261569
COHFACE_s22_session3_natural,48,16,48.53333333333333,-0.9488887190818787,-0.4045213384545476
COHFACE_s22_session3_natural,48,17,48.56666666666667,-1.0619773864746094,0.05782861197103591
COHFACE_s22_session3_natural,48,18,48.6,-1.1984431743621826,0.529793500955421
COHFACE_s22_session3_natural,48,19,48.63333333333333,-1.2063347101211548,0.9700133539963021
COHFACE_s22_session3_natural,48,20,48.666666666666664,-0.5431395173072815,1.3368271651611783
COHFACE_s22_session3_natural,48,21,48.7,0.7890952825546265,1.5975054978462413
COHFACE_s22_session3_natural,48,22,48.733333333333334,1.7577440738677979,1.738046519924096
COHFACE_s22_session3_natural,48,23,48.766666666666666,1.9687336683273315,1.7673875166285467
COHFACE_s22_session3_natural,48,24,48.8,1.7812824249267578,1.712505137707663
COHFACE_s22_session3_natural,48,25,48.833333333333336,1.5291595458984375,1.606670807665412
COHFACE_s22_session3_natural,48,26,48.86666666666667,1.3185173273086548,1.4770338416539484
COHFACE_s22_session3_natural,48,27,48.9,1.0993258953094482,1.3375303740561415
COHFACE_s22_session3_natural,48,28,48.93333333333333,0.8118395805358887,1.1895419105773395
COHFACE_s22_session3_natural,48,29,48.96666666666667,0.6047337651252747,1.02824254013792
COHFACE_s22_session3_natural,48,30,49.0,0.5899803638458252,0.8498964040687963
COHFACE_s22_session3_natural,48,31,49.03333333333333,0.6362630724906921,0.6558479652833373
COHFACE_s22_session3_natural,48,32,49.06666666666667,0.5802274942398071,0.4519975494245534
COHFACE_s22_session3_natural,48,33,49.1,0.4008416533470154,0.2457518692815557
COHFACE_s22_session3_natural,48,34,49.13333333333333,0.15646150708198547,0.04346995950672518
COHFACE_s22_session3_natural,48,35,49.166666666666664,-0.08602018654346466,-0.15005496469704915
COHFACE_s22_session3_natural,48,36,49.2,-0.292952299118042,-0.3310296167665549
COHFACE_s22_session3_natural,48,37,49.233333333333334,-0.45259663462638855,-0.49695914924089346
COHFACE_s22_session3_natural,48,38,49.266666666666666,-0.5780686736106873,-0.6481221666232506
COHFACE_s22_session3_natural,48,39,49.3,-0.6768134236335754,-0.788312458082355
COHFACE_s22_session3_natural,48,40,49.333333333333336,-0.7474410533905029,-0.9227783994659083
COHFACE_s22_session3_natural,48,41,49.36666666666667,-0.8030547499656677,-1.0536029781304017
COHFACE_s22_session3_natural,48,42,49.4,-0.8595494627952576,-1.1757229950433539
COHFACE_s22_session3_natural,48,43,49.43333333333333,-0.9145675897598267,-1.2772461944563474
COHFACE_s22_session3_natural,48,44,49.46666666666667,-0.980616569519043,-1.3444085753533876
COHFACE_s22_session3_natural,48,45,49.5,-1.059446096420288,-1.3674535167037376
COHFACE_s22_session3_natural,48,46,49.53333333333333,-1.1522845029830933,-1.342763319723441
COHFACE_s22_session3_natural,48,47,49.56666666666667,-1.2815037965774536,-1.2695574488859873
COHFACE_s22_session3_natural,48,48,49.6,-1.412373423576355,-1.1442559486378805
COHFACE_s22_session3_natural,48,49,49.63333333333333,-1.3561394214630127,-0.9583089040284714
COHFACE_s22_session3_natural,48,50,49.666666666666664,-0.5343296527862549,-0.7032620872296481
COHFACE_s22_session3_natural,48,51,49.7,0.8918354511260986,-0.38119933769322034
COHFACE_s22_session3_natural,48,52,49.733333333333334,1.8030588626861572,-0.01343272935111143
COHFACE_s22_session3_natural,48,53,49.766666666666666,1.9263471364974976,0.3598853047505632
COHFACE_s22_session3_natural,48,54,49.8,1.6952934265136719,0.6905035465168786
COHFACE_s22_session3_natural,48,55,49.833333333333336,1.4282805919647217,0.9374805056412816
COHFACE_s22_session3_natural,48,56,49.86666666666667,1.2143378257751465,1.0794912553924576
COHFACE_s22_session3_natural,48,57,49.9,0.9816214442253113,1.1191182430868991
COHFACE_s22_session3_natural,48,58,49.93333333333333,0.6901644468307495,1.0787467440758889
COHFACE_s22_session3_natural,48,59,49.96666666666667,0.5280136466026306,0.9909711953035312
COHFACE_s22_session3_natural,48,60,50.0,0.5594561100006104,0.8873093371779315
COHFACE_s22_session3_natural,48,61,50.03333333333333,0.6248599290847778,0.7887957958873856
COHFACE_s22_session3_natural,48,62,50.06666666666667,0.5652011036872864,0.7018149749161724
COHFACE_s22_session3_natural,48,63,50.1,0.3662971556186676,0.6209539181753773
COHFACE_s22_session3_natural,48,64,50.13333333333333,0.10608407855033875,0.5369383633197125
COHFACE_s22_session3_natural,48,65,50.166666666666664,-0.13782456517219543,0.44465358987783676
COHFACE_s22_session3_natural,48,66,50.2,-0.3355373442173004,0.34669028651705835
COHFACE_s22_session3_natural,48,67,50.233333333333334,-0.48148298263549805,0.2510721091448405
COHFACE_s22_session3_natural,48,68,50.266666666666666,-0.5857121348381042,0.16531198057426483
COHFACE_s22_session3_natural,48,69,50.3,-0.6630774736404419,0.09084564303733404
COHFACE_s22_session3_natural,48,70,50.333333333333336,-0.7098441123962402,0.021420151923558322
COHFACE_s22_session3_natural,48,71,50.36666666666667,-0.7549480199813843,-0.05349277734317195
COHFACE_s22_session3_natural,48,72,50.4,-0.7996177077293396,-0.1422911553675348
COHFACE_s22_session3_natural,48,73,50.43333333333333,-0.8586312532424927,-0.24539826156835667
COHFACE_s22_session3_natural,48,74,50.46666666666667,-0.9433794617652893,-0.35251149248486974
COHFACE_s22_session3_natural,48,75,50.5,-1.0678216218948364,-0.4436468495337412
COHFACE_s22_session3_natural,48,76,50.53333333333333,-1.2114346027374268,-0.4938592222587466
COHFACE_s22_session3_natural,48,77,50.56666666666667,-1.2375662326812744,-0.4810426771567133
COHFACE_s22_session3_natural,48,78,50.6,-0.6765155792236328,-0.39495144019654266
COHFACE_s22_session3_natural,48,79,50.63333333333333,0.5486981868743896,-0.2441436690766494
COHFACE_s22_session3_natural,48,80,50.666666666666664,1.4712750911712646,-0.05734467931931679
COHFACE_s22_session3_natural,48,81,50.7,1.6342076063156128,0.12240633693365756
COHFACE_s22_session3_natural,48,82,50.733333333333334,1.3941580057144165,0.2490988509179389
COHFACE_s22_session3_natural,48,83,50.766666666666666,1.1013485193252563,0.2863170412246037
COHFACE_s22_session3_natural,48,84,50.8,0.8538662791252136,0.21685213555536192
COHFACE_s22_session3_natural,48,85,50.833333333333336,0.5751525163650513,0.04710244071872448
COHFACE_s22_session3_natural,48,86,50.86666666666667,0.2992306351661682,-0.19402912690071084
COHFACE_s22_session3_natural,48,87,50.9,0.21386200189590454,-0.46084783751888314
COHFACE_s22_session3_natural,48,88,50.93333333333333,0.3228435218334198,-0.699889516007085
COHFACE_s22_session3_natural,48,89,50.96666666666667,0.4362547695636749,-0.8609236279776207
COHFACE_s22_session3_natural,48,90,51.0,0.3835694193840027,-0.9084080210034707
COHFACE_s22_session3_natural,48,91,51.03333333333333,0.1785481721162796,-0.8310416614130065
COHFACE_s22_session3_natural,48,92,51.06666666666667,-0.06895886361598969,-0.6460502721870671
COHFACE_s22_session3_natural,48,93,51.1,-0.29823818802833557,-0.3953412890824541
COHFACE_s22_session3_natural,48,94,51.13333333333333,-0.4786539077758789,-0.13365310687036167
COHFACE_s22_session3_natural,48,95,51.166666666666664,-0.6059251427650452,0.08722854703276599
COHFACE_s22_session3_natural,48,96,51.2,-0.6957235336303711,0.23186588722674537
COHFACE_s22_session3_natural,48,97,51.233333333333334,-0.7473914623260498,0.28722257056122613
COHFACE_s22_session3_natural,48,98,51.266666666666666,-0.77290278673172,0.26092004539125124
COHFACE_s22_session3_natural,48,99,51.3,-0.7949273586273193,0.17519032637314627
COHFACE_s22_session3_natural,48,100,51.333333333333336,-0.8315068483352661,0.06033480146293695
COHFACE_s22_session3_natural,48,101,51.36666666666667,-0.8985733389854431,-0.05078079465979493
COHFACE_s22_session3_natural,48,102,51.4,-1.0081504583358765,-0.12770615657233228
COHFACE_s22_session3_natural,48,103,51.43333333333333,-1.1160151958465576,-0.14753630399123416
COHFACE_s22_session3_natural,48,104,51.46666666666667,-0.9780604839324951,-0.09937135914458194
COHFACE_s22_session3_natural,48,105,51.5,-0.08415894955396652,0.01392887704413689
COHFACE_s22_session3_natural,48,106,51.53333333333333,1.1515398025512695,0.17796139695482535
COHFACE_s22_session3_natural,48,107,51.56666666666667,1.774817705154419,0.3718845472669369
COHFACE_s22_session3_natural,48,108,51.6,1.7312896251678467,0.5733343999947641
COHFACE_s22_session3_natural,48,109,51.63333333333333,1.4558764696121216,0.760684769928921
COHFACE_s22_session3_natural,48,110,51.666666666666664,1.206979751586914,0.9134484504597572
COHFACE_s22_session3_natural,48,111,51.7,1.0187716484069824,1.0137846391355303
COHFACE_s22_session3_natural,48,112,51.733333333333334,0.7702471613883972,1.0502990115378827
COHFACE_s22_session3_natural,48,113,51.766666666666666,0.5064978003501892,1.0220137340188744
COHFACE_s22_session3_natural,48,114,51.8,0.41703441739082336,0.9392894579512798
COHFACE_s22_session3_natural,48,115,51.833333333333336,0.48630958795547485,0.8201977598478764
COHFACE_s22_session3_natural,48,116,51.86666666666667,0.5354337692260742,0.683730072659942
COHFACE_s22_session3_natural,48,117,51.9,0.4319242835044861,0.5431999139315166
COHFACE_s22_session3_natural,48,118,51.93333333333333,0.2140481173992157,0.40293111331457937
COHFACE_s22_session3_natural,48,119,51.96666666666667,-0.02538115158677101,0.2591883636353886
COHFACE_s22_session3_natural,48,120,52.0,-0.23864145576953888,0.10386525598350292
COHFACE_s22_session3_natural,48,121,52.03333333333333,-0.41028454899787903,-0.07143522696646537
COHFACE_s22_session3_natural,48,122,52.06666666666667,-0.5436358451843262,-0.27210087107130043
COHFACE_s22_session3_natural,48,123,52.1,-0.6395514607429504,-0.4978458207536503
COHFACE_s22_session3_natural,48,124,52.13333333333333,-0.7045333981513977,-0.740821524552674
COHFACE_s22_session3_natural,48,125,52.166666666666664,-0.7484957575798035,-0.9855065649743028
COHFACE_s22_session3_natural,48,126,52.2,-0.793066143989563,-1.2111625891266038
COHFACE_s22_session3_natural,48,127,52.233333333333334,-0.8432946801185608,-1.3964546402857076
COHFACE_s22_session3_natural,48,128,52.266666666666666,-0.9019607901573181,-1.524615504781184
COHFACE_s22_session3_natural,48,129,52.3,-0.9621034860610962,-1.5867943354799576
COHFACE_s22_session3_natural,48,130,52.333333333333336,-1.0381659269332886,-1.5814485005040662
COHFACE_s22_session3_natural,48,131,52.36666666666667,-1.1379530429840088,-1.5096248781168056
COHFACE_s22_session3_natural,48,132,52.4,-1.2585238218307495,-1.3692930398733236
COHFACE_s22_session3_natural,48,133,52.43333333333333,-1.3099186420440674,-1.1537362944745024
COHFACE_s22_session3_natural,48,134,52.46666666666667,-0.8293726444244385,-0.8570172281741991
COHFACE_s22_session3_natural,48,135,52.5,0.5064108967781067,-0.4845286369205486
COHFACE_s22_session3_natural,48,136,52.53333333333333,1.724241852760315,-0.06190505563108564
COHFACE_s22_session3_natural,48,137,52.56666666666667,2.116515636444092,0.36483135649586856
COHFACE_s22_session3_natural,48,138,52.6,1.9803601503372192,0.7398274036534758
COHFACE_s22_session3_natural,48,139,52.63333333333333,1.7234476804733276,1.0139396009878352
COHFACE_s22_session3_natural,48,140,52.666666666666664,1.5166271924972534,1.159496162885796
COHFACE_s22_session3_natural,48,141,52.7,1.3458279371261597,1.177334385648037
COHFACE_s22_session3_natural,48,142,52.733333333333334,1.094859004020691,1.0947710431797781
COHFACE_s22_session3_natural,48,143,52.766666666666666,0.8105987310409546,0.956875529931794
COHFACE_s22_session3_natural,48,144,52.8,0.6704229712486267,0.814123436716406
COHFACE_s22_session3_natural,48,145,52.833333333333336,0.6811808943748474,0.7090865255683749
COHFACE_s22_session3_natural,48,146,52.86666666666667,0.6689339280128479,0.6654540532440018
COHFACE_s22_session3_natural,48,147,52.9,0.5411787629127502,0.6831792173553858
COHFACE_s22_session3_natural,48,148,52.93333333333333,0.3137110471725464,0.7418489883178655
COHFACE_s22_session3_natural,48,149,52.96666666666667,0.05761752277612686,0.8106005449985477
COHFACE_s22_session3_natural,48,150,53.0,-0.17498722672462463,0.8592731624113056
COHFACE_s22_session3_natural,48,151,53.03333333333333,-0.3588400185108185,0.8653614366988596
COHFACE_s22_session3_natural,48,152,53.06666666666667,-0.49945011734962463,0.8155876623522665
COHFACE_s22_session3_natural,48,153,53.1,-0.6075754761695862,0.7051789571680833
COHFACE_s22_session3_natural,48,154,53.13333333333333,-0.6896931529045105,0.5379657335788119
COHFACE_s22_session3_natural,48,155,53.166666666666664,-0.7618346214294434,0.32732980891310315
COHFACE_s22_session3_natural,48,156,53.2,-0.8283923864364624,0.09548244320414068
COHFACE_s22_session3_natural,48,157,53.233333333333334,-0.8983996510505676,-0.1310946428649399
COHFACE_s22_session3_natural,48,158,53.266666666666666,-0.9782838225364685,-0.3291857117607086
COHFACE_s22_session3_natural,48,159,53.3,-1.070688009262085,-0.48583606155972553
COHFACE_s22_session3_natural,48,160,53.333333333333336,-1.1591463088989258,-0.6015581533919561
COHFACE_s22_session3_natural,48,161,53.36666666666667,-1.2439937591552734,-0.6887078670685595
COHFACE_s22_session3_natural,48,162,53.4,-1.3355789184570312,-0.765903499498328
COHFACE_s22_session3_natural,48,163,53.43333333333333,-1.4092341661453247,-0.8502838095788047
COHFACE_s22_session3_natural,48,164,53.46666666666667,-1.4643515348434448,-0.9497563113393559
COHFACE_s22_session3_natural,48,165,53.5,-1.504095196723938,-1.0578121255574224
COHFACE_s22_session3_natural,48,166,53.53333333333333,-1.5446949005126953,-1.153765064409174
COHFACE_s22_session3_natural,48,167,53.56666666666667,-1.6161911487579346,-1.2097283918677275
COHFACE_s22_session3_natural,48,168,53.6,-1.629281759262085,-1.2018121235545958
COHFACE_s22_session3_natural,48,169,53.63333333333333,-1.0147764682769775,-1.1199102601048039
COHFACE_s22_session3_natural,48,170,53.666666666666664,0.5639851093292236,-0.9710180487641743
COHFACE_s22_session3_natural,48,171,53.7,1.9084420204162598,-0.7746375884204078
COHFACE_s22_session3_natural,48,172,53.733333333333334,2.293978214263916,-0.5529657204695926
COHFACE_s22_session3_natural,48,173,53.766666666666666,2.132373332977295,-0.3211638211071831
COHFACE_s22_session3_natural,48,174,53.8,1.8557318449020386,-0.08294382068883821
COHFACE_s22_session3_natural,48,175,53.833333333333336,1.620360016822815,0.16615324944976767
COHFACE_s22_session3_natural,48,176,53.86666666666667,1.4264813661575317,0.42977152755322673
COHFACE_s22_session3_natural,48,177,53.9,1.1656975746154785,0.7012424109091239
COHFACE_s22_session3_natural,48,178,53.93333333333333,0.8739179968833923,0.9588384764274426
COHFACE_s22_session3_natural,48,179,53.96666666666667,0.7276372909545898,1.1684575931271373
COHFACE_s22_session3_natural,48,180,54.0,0.7265950441360474,1.2929897100033558
COHFACE_s22_session3_natural,48,181,54.03333333333333,0.7204281091690063,1.3049425705247273
COHFACE_s22_session3_natural,48,182,54.06666666666667,0.5964822769165039,1.1977712577679298
COHFACE_s22_session3_natural,48,183,54.1,0.3688284158706665,0.9915403211385547
COHFACE_s22_session3_natural,48,184,54.13333333333333,0.10764751583337784,0.7297752681709858
COHFACE_s22_session3_natural,48,185,54.166666666666664,-0.13410209119319916,0.4671679888649087
COHFACE_s22_session3_natural,48,186,54.2,-0.33862701058387756,0.25198132247188976
COHFACE_s22_session3_natural,48,187,54.233333333333334,-0.4907643496990204,0.11026960629112584
COHFACE_s22_session3_natural,48,188,54.266666666666666,-0.6091885566711426,0.03896286147536895
COHFACE_s22_session3_natural,48,189,54.3,-0.7010838985443115,0.010988059773649562
COHFACE_s22_session3_natural,48,190,54.333333333333336,-0.7647505402565002,-0.010330257875621304
COHFACE_s22_session3_natural,48,191,54.36666666666667,-0.8298193216323853,-0.054877817465375144
COHFACE_s22_session3_natural,48,192,54.4,-0.9004594087600708,-0.1349696271265304
COHFACE_s22_session3_natural,48,193,54.43333333333333,-0.9776758551597595,-0.2438823519425932
COHFACE_s22_session3_natural,48,194,54.46666666666667,-1.066977858543396,-0.36184988291703984
COHFACE_s22_session3_natural,48,195,54.5,-1.1640474796295166,-0.46445696364541805
COHFACE_s22_session3_natural,48,196,54.53333333333333,-1.261886477470398,-0.5295615961428027
COHFACE_s22_session3_natural,48,197,54.56666666666667,-1.3636959791183472,-0.5420675106028978
COHFACE_s22_session3_natural,48,198,54.6,-1.4350805282592773,-0.49748871596423994
COHFACE_s22_session3_natural,48,199,54.63333333333333,-1.4955706596374512,-0.4043123458027881
COHFACE_s22_session3_natural,48,200,54.666666666666664,-1.5603044033050537,-0.283230401546319
COHFACE_s22_session3_natural,48,201,54.7,-1.6458468437194824,-0.16135924268284088
COHFACE_s22_session3_natural,48,202,54.733333333333334,-1.6835802793502808,-0.0628007357283984
COHFACE_s22_session3_natural,48,203,54.766666666666666,-1.1878713369369507,-0.00026595515444764175
COHFACE_s22_session3_natural,48,204,54.8,0.31905898451805115,0.027576774524842976
COHFACE_s22_session3_natural,48,205,54.833333333333336,1.7647298574447632,0.03189914986088174
COHFACE_s22_session3_natural,48,206,54.86666666666667,2.25185227394104,0.025932171463154744
COHFACE_s22_session3_natural,48,207,54.9,2.1060307025909424,0.01881706903753548
COHFACE_s22_session3_natural,48,208,54.93333333333333,1.7857990264892578,0.014202719476305883
COHFACE_s22_session3_natural,48,209,54.96666666666667,1.488187551498413,0.012691008365523556
COHFACE_s22_session3_natural,48,210,55.0,1.2551857233047485,0.014675695330277475
COHFACE_s22_session3_natural,48,211,55.03333333333333,0.9772909879684448,0.02081021488312848
COHFACE_s22_session3_natural,48,212,55.06666666666667,0.6859332323074341,0.030496183309831143
COHFACE_s22_session3_natural,48,213,55.1,0.5490332245826721,0.04109222943226524
COHFACE_s22_session3_natural,48,214,55.13333333333333,0.5735394358634949,0.049537837525789274
COHFACE_s22_session3_natural,48,215,55.166666666666664,0.5950056910514832,0.055180196552636285
COHFACE_s22_session3_natural,48,216,55.2,0.49260056018829346,0.060778169111832335
COHFACE_s22_session3_natural,48,217,55.233333333333334,0.2836335003376007,0.06958694924332176
COHFACE_s22_session3_natural,48,218,55.266666666666666,0.020008167251944542,0.07967667638571631
COHFACE_s22_session3_natural,48,219,55.3,-0.23797141015529633,0.07978483659177402
COHFACE_s22_session3_natural,48,220,55.333333333333336,-0.4565920829772949,0.05137380594178025
COHFACE_s22_session3_natural,48,221,55.36666666666667,-0.623520016670227,-0.021859829691383056
COHFACE_s22_session3_natural,48,222,55.4,-0.7459396719932556,-0.1413755507879438
COHFACE_s22_session3_natural,48,223,55.43333333333333,-0.8307003378868103,-0.28593089316368503
COHFACE_s22_session3_natural,48,224,55.46666666666667,-0.8931881785392761,-0.4145012504282605
COHFACE_s22_session3_natural,48,225,55.5,-0.951680600643158,-0.48003577824783317
COHFACE_s22_session3_natural,48,226,55.53333333333333,-1.0089694261550903,-0.44785423034755284
COHFACE_s22_session3_natural,48,227,55.56666666666667,-1.0769665241241455,-0.30977219989231325
COHFACE_s22_session3_natural,48,228,55.6,-1.1590222120285034,-0.08752495622658577
COHFACE_s22_session3_natural,48,229,55.63333333333333,-1.2507810592651367,0.17512471281485448
COHFACE_s22_session3_natural,48,230,55.666666666666664,-1.3445252180099487,0.4267611532596983
COHFACE_s22_session3_natural,48,231,55.7,-1.435676097869873,0.6224935020141226
COHFACE_s22_session3_natural,48,232,55.733333333333334,-1.5330559015274048,0.7336201778141692
COHFACE_s22_session3_natural,48,233,55.766666666666666,-1.6563441753387451,0.7518523230621437
COHFACE_s22_session3_natural,48,234,55.8,-1.6947600841522217,0.6884946768768998
COHFACE_s22_session3_natural,48,235,55.833333333333336,-1.0779343843460083,0.5689672860561118
COHFACE_s22_session3_natural,48,236,55.86666666666667,0.52674800157547,0.4236946197280173
COHFACE_s22_session3_natural,48,237,55.9,1.8465001583099365,0.2779012190428272
COHFACE_s22_session3_natural,48,238,55.93333333333333,2.168729543685913,0.14408803422873354
COHFACE_s22_session3_natural,48,239,55.96666666666667,1.927997350692749,0.02048211585831781
COHFACE_s22_session3_natural,49,0,49.0,0.5899803638458252,0.21147368931591834
COHFACE_s22_session3_natural,49,1,49.03333333333333,0.6362630724906921,-0.06826734948306601
COHFACE_s22_session3_natural,49,2,49.06666666666667,0.5802274942398071,-0.37917819969794764
COHFACE_s22_session3_natural,49,3,49.1,0.4008416533470154,-0.7248713470822269
COHFACE_s22_session3_natural,49,4,49.13333333333333,0.15646150708198547,-1.0765256568889991
COHFACE_s22_session3_natural,49,5,49.166666666666664,-0.08602018654346466,-1.3780926036724541
COHFACE_s22_session3_natural,49,6,49.2,-0.292952299118042,-1.5660304806926542
COHFACE_s22_session3_natural,49,7,49.233333333333334,-0.45259663462638855,-1.5952622548503874
COHFACE_s22_session3_natural,49,8,49.266666666666666,-0.5780686736106873,-1.4596096374246386
COHFACE_s22_session3_natural,49,9,49.3,-0.6768134236335754,-1.1968396353258988
COHFACE_s22_session3_natural,49,10,49.333333333333336,-0.7474410533905029,-0.8757252320912966
COHFACE_s22_session3_natural,49,11,49.36666666666667,-0.8030547499656677,-0.5716164134697385
COHFACE_s22_session3_natural,49,12,49.4,-0.8595494627952576,-0.34277797707134794
COHFACE_s22_session3_natural,49,13,49.43333333333333,-0.9145675897598267,-0.2180519366041655
COHFACE_s22_session3_natural,49,14,49.46666666666667,-0.980616569519043,-0.197834942775348
COHFACE_s22_session3_natural,49,15,49.5,-1.059446096420288,-0.26223254884631203
COHFACE_s22_session3_natural,49,16,49.53333333333333,-1.1522845029830933,-0.37904717884657557
COHFACE_s22_session3_natural,49,17,49.56666666666667,-1.2815037965774536,-0.5085002372522083
COHFACE_s22_session3_natural,49,18,49.6,-1.412373423576355,-0.6062276628893046
COHFACE_s22_session3_natural,49,19,49.63333333333333,-1.3561394214630127,-0.6281753872983828
COHFACE_s22_session3_natural,49,20,49.666666666666664,-0.5343296527862549,-0.5397745059660654
COHFACE_s22_session3_natural,49,21,49.7,0.8918354511260986,-0.32775709642262035
COHFACE_s22_session3_natural,49,22,49.733333333333334,1.8030588626861572,-0.008663441946977365
COHFACE_s22_session3_natural,49,23,49.766666666666666,1.9263471364974976,0.37225814916451666
COHFACE_s22_session3_natural,49,24,49.8,1.6952934265136719,0.7528542369215269
COHFACE_s22_session3_natural,49,25,49.833333333333336,1.4282805919647217,1.0714349627651878
COHFACE_s22_session3_natural,49,26,49.86666666666667,1.2143378257751465,1.2825051948515118
COHFACE_s22_session3_natural,49,27,49.9,0.9816214442253113,1.365926209782445
COHFACE_s22_session3_natural,49,28,49.93333333333333,0.6901644468307495,1.3283209231269
COHFACE_s22_session3_natural,49,29,49.96666666666667,0.5280136466026306,1.1979654488578484
COHFACE_s22_session3_natural,49,30,50.0,0.5594561100006104,1.014749916482926
COHFACE_s22_session3_natural,49,31,50.03333333333333,0.6248599290847778,0.8172798118934695
COHFACE_s22_session3_natural,49,32,50.06666666666667,0.5652011036872864,0.631320805655474
COHFACE_s22_session3_natural,49,33,50.1,0.3662971556186676,0.46494872420012573
COHFACE_s22_session3_natural,49,34,50.13333333333333,0.10608407855033875,0.3130717651592563
COHFACE_s22_session3_natural,49,35,50.166666666666664,-0.13782456517219543,0.16840896225631988
COHFACE_s22_session3_natural,49,36,50.2,-0.3355373442173004,0.031261262552314706
COHFACE_s22_session3_natural,49,37,50.233333333333334,-0.48148298263549805,-0.08925477745527187
COHFACE_s22_session3_natural,49,38,50.266666666666666,-0.5857121348381042,-0.18349006135171586
COHFACE_s22_session3_natural,49,39,50.3,-0.6630774736404419,-0.25268424773491355
COHFACE_s22_session3_natural,49,40,50.333333333333336,-0.7098441123962402,-0.3146472773449094
COHFACE_s22_session3_natural,49,41,50.36666666666667,-0.7549480199813843,-0.39846960847755364
COHFACE_s22_session3_natural,49,42,50.4,-0.7996177077293396,-0.5299972347524184
COHFACE_s22_session3_natural,49,43,50.43333333333333,-0.8586312532424927,-0.7151328951071143
COHFACE_s22_session3_natural,49,44,50.46666666666667,-0.9433794617652893,-0.9285557488221668
COHFACE_s22_session3_natural,49,45,50.5,-1.0678216218948364,-1.1130152962561055
COHFACE_s22_session3_natural,49,46,50.53333333333333,-1.2114346027374268,-1.1916604165370328
COHFACE_s22_session3_natural,49,47,50.56666666666667,-1.2375662326812744,-1.0922779254227555
COHFACE_s22_session3_natural,49,48,50.6,-0.6765155792236328,-0.7769747381066706
COHFACE_s22_session3_natural,49,49,50.63333333333333,0.5486981868743896,-0.2659875631774147
COHFACE_s22_session3_natural,49,50,50.666666666666664,1.4712750911712646,0.3564070099350914
COHFACE_s22_session3_natural,49,51,50.7,1.6342076063156128,0.9599576538639861
COHFACE_s22_session3_natural,49,52,50.733333333333334,1.3941580057144165,1.4054125202804477
COHFACE_s22_session3_natural,49,53,50.766666666666666,1.1013485193252563,1.5859670887410793
COHFACE_s22_session3_natural,49,54,50.8,0.8538662791252136,1.457452907931484
COHFACE_s22_session3_natural,49,55,50.833333333333336,0.5751525163650513,1.0479337828023914
COHFACE_s22_session3_natural,49,56,50.86666666666667,0.2992306351661682,0.44675464617720106
COHFACE_s22_session3_natural,49,57,50.9,0.21386200189590454,-0.21984865800296494
COHFACE_s22_session3_natural,49,58,50.93333333333333,0.3228435218334198,-0.8177475469487805
COHFACE_s22_session3_natural,49,59,50.96666666666667,0.4362547695636749,-1.2321855041070902
COHFACE_s22_session3_natural,49,60,51.0,0.3835694193840027,-1.3902192698066325
COHFACE_s22_session3_natural,49,61,51.03333333333333,0.1785481721162796,-1.2760644353605295
COHFACE_s22_session3_natural,49,62,51.06666666666667,-0.06895886361598969,-0.9352424656620083
COHFACE_s22_session3_natural,49,63,51.1,-0.29823818802833557,-0.46307849044183813
COHFACE_s22_session3_natural,49,64,51.13333333333333,-0.4786539077758789,0.022218593413872993
COHFACE_s22_session3_natural,49,65,51.166666666666664,-0.6059251427650452,0.41378908115246815
COHFACE_s22_session3_natural,49,66,51.2,-0.6957235336303711,0.6439708894259242
COHFACE_s22_session3_natural,49,67,51.233333333333334,-0.7473914623260498,0.6945019286855632
COHFACE_s22_session3_natural,49,68,51.266666666666666,-0.77290278673172,0.5885197267614554
COHFACE_s22_session3_natural,49,69,51.3,-0.7949273586273193,0.37374410359643656
COHFACE_s22_session3_natural,49,70,51.333333333333336,-0.8315068483352661,0.10709567457841174
COHFACE_s22_session3_natural,49,71,51.36666666666667,-0.8985733389854431,-0.15512040648571238
COHFACE_s22_session3_natural,49,72,51.4,-1.0081504583358765,-0.3634535758413768
COHFACE_s22_session3_natural,49,73,51.43333333333333,-1.1160151958465576,-0.4814857715801554
COHFACE_s22_session3_natural,49,74,51.46666666666667,-0.9780604839324951,-0.4922319296628472
COHFACE_s22_session3_natural,49,75,51.5,-0.08415894955396652,-0.4014380434641146
COHFACE_s22_session3_natural,49,76,51.53333333333333,1.1515398025512695,-0.23471358270241746
COHFACE_s22_session3_natural,49,77,51.56666666666667,1.774817705154419,-0.029098898709725533
COHFACE_s22_session3_natural,49,78,51.6,1.7312896251678467,0.17667284755055074
COHFACE_s22_session3_natural,49,79,51.63333333333333,1.4558764696121216,0.3486808072923067
COHFACE_s22_session3_natural,49,80,51.666666666666664,1.206979751586914,0.46030171019238153
COHFACE_s22_session3_natural,49,81,51.7,1.0187716484069824,0.4939783557614724
COHFACE_s22_session3_natural,49,82,51.733333333333334,0.7702471613883972,0.44581533605437457
COHFACE_s22_session3_natural,49,83,51.766666666666666,0.5064978003501892,0.3323233040265096
COHFACE_s22_session3_natural,49,84,51.8,0.41703441739082336,0.19320582989838916
COHFACE_s22_session3_natural,49,85,51.833333333333336,0.48630958795547485,0.0833051010699424
COHFACE_s22_session3_natural,49,86,51.86666666666667,0.5354337692260742,0.05334601375452056
COHFACE_s22_session3_natural,49,87,51.9,0.4319242835044861,0.1277857928193228
COHFACE_s22_session3_natural,49,88,51.93333333333333,0.2140481173992157,0.29159949197992246
COHFACE_s22_session3_natural,49,89,51.96666666666667,-0.02538115158677101,0.49337693337294447
COHFACE_s22_session3_natural,49,90,52.0,-0.23864145576953888,0.6625733500112584
COHFACE_s22_session3_natural,49,91,52.03333333333333,-0.41028454899787903,0.7318933842859187
COHFACE_s22_session3_natural,49,92,52.06666666666667,-0.5436358451843262,0.6565981202799285
COHFACE_s22_session3_natural,49,93,52.1,-0.6395514607429504,0.4268361049301508
COHFACE_s22_session3_natural,49,94,52.13333333333333,-0.7045333981513977,0.07117134859086709
COHFACE_s22_session3_natural,49,95,52.166666666666664,-0.7484957575798035,-0.3499609713626183
COHFACE_s22_session3_natural,49,96,52.2,-0.793066143989563,-0.7600870357841174
COHFACE_s22_session3_natural,49,97,52.233333333333334,-0.8432946801185608,-1.0874339536219926
COHFACE_s22_session3_natural,49,98,52.266666666666666,-0.9019607901573181,-1.2832099573375846
COHFACE_s22_session3_natural,49,99,52.3,-0.9621034860610962,-1.330273089002793
COHFACE_s22_session3_natural,49,100,52.333333333333336,-1.0381659269332886,-1.2394172533375583
COHFACE_s22_session3_natural,49,101,52.36666666666667,-1.1379530429840088,-1.0368394490890964
COHFACE_s22_session3_natural,49,102,52.4,-1.2585238218307495,-0.7509044555447908
COHFACE_s22_session3_natural,49,103,52.43333333333333,-1.3099186420440674,-0.4060808815656215
COHFACE_s22_session3_natural,49,104,52.46666666666667,-0.8293726444244385,-0.02653860904434569
COHFACE_s22_session3_natural,49,105,52.5,0.5064108967781067,0.35524950738819244
COHFACE_s22_session3_natural,49,106,52.53333333333333,1.724241852760315,0.693702937629372
COHFACE_s22_session3_natural,49,107,52.56666666666667,2.116515636444092,0.9357920955686907
COHFACE_s22_session3_natural,49,108,52.6,1.9803601503372192,1.0362431579155675
COHFACE_s22_session3_natural,49,109,52.63333333333333,1.7234476804733276,0.9744012316936653
COHFACE_s22_session3_natural,49,110,52.666666666666664,1.5166271924972534,0.7639901731537563
COHFACE_s22_session3_natural,49,111,52.7,1.3458279371261597,0.4515660451713769
COHFACE_s22_session3_natural,49,112,52.733333333333334,1.094859004020691,0.10526838478157066
COHFACE_s22_session3_natural,49,113,52.766666666666666,0.8105987310409546,-0.20128078849025335
COHFACE_s22_session3_natural,49,114,52.8,0.6704229712486267,-0.40551723315050087
COHFACE_s22_session3_natural,49,115,52.833333333333336,0.6811808943748474,-0.469892149402116
COHFACE_s22_session3_natural,49,116,52.86666666666667,0.6689339280128479,-0.3901318570876826
COHFACE_s22_session3_natural,49,117,52.9,0.5411787629127502,-0.1948209818059123
COHFACE_s22_session3_natural,49,118,52.93333333333333,0.3137110471725464,0.06401869228512379
COHFACE_s22_session3_natural,49,119,52.96666666666667,0.05761752277612686,0.32559329248486435
COHFACE_s22_session3_natural,49,120,53.0,-0.17498722672462463,0.5340099464373088
COHFACE_s22_session3_natural,49,121,53.03333333333333,-0.3588400185108185,0.6466013591101177
COHFACE_s22_session3_natural,49,122,53.06666666666667,-0.49945011734962463,0.6380238004870892
COHFACE_s22_session3_natural,49,123,53.1,-0.6075754761695862,0.5042594466367226
COHFACE_s22_session3_natural,49,124,53.13333333333333,-0.6896931529045105,0.2672371636326335
COHFACE_s22_session3_natural,49,125,53.166666666666664,-0.7618346214294434,-0.02434016942622085
COHFACE_s22_session3_natural,49,126,53.2,-0.8283923864364624,-0.3028855676540425
COHFACE_s22_session3_natural,49,127,53.233333333333334,-0.8983996510505676,-0.4991671592306057
COHFACE_s22_session3_natural,49,128,53.266666666666666,-0.9782838225364685,-0.5639939233667688
COHFACE_s22_session3_natural,49,129,53.3,-1.070688009262085,-0.4861205033532667
COHFACE_s22_session3_natural,49,130,53.333333333333336,-1.1591463088989258,-0.29887665337173974
COHFACE_s22_session3_natural,49,131,53.36666666666667,-1.2439937591552734,-0.07215771334796725
COHFACE_s22_session3_natural,49,132,53.4,-1.3355789184570312,0.10820114405756902
COHFACE_s22_session3_natural,49,133,53.43333333333333,-1.4092341661453247,0.16720273854280507
COHFACE_s22_session3_natural,49,134,53.46666666666667,-1.4643515348434448,0.06518692520203132
COHFACE_s22_session3_natural,49,135,53.5,-1.504095196723938,-0.1874949964828199
COHFACE_s22_session3_natural,49,136,53.53333333333333,-1.5446949005126953,-0.5301449676550453
COHFACE_s22_session3_natural,49,137,53.56666666666667,-1.6161911487579346,-0.8665385366979497
COHFACE_s22_session3_natural,49,138,53.6,-1.629281759262085,-1.0921491015020872
COHFACE_s22_session3_natural,49,139,53.63333333333333,-1.0147764682769775,-1.1266926537489084
COHFACE_s22_session3_natural,49,140,53.666666666666664,0.5639851093292236,-0.9404866087182037
COHFACE_s22_session3_natural,49,141,53.7,1.9084420204162598,-0.563324543975276
COHFACE_s22_session3_natural,49,142,53.733333333333334,2.293978214263916,-0.07216694420569346
COHFACE_s22_session3_natural,49,143,53.766666666666666,2.132373332977295,0.4357773040544173
COHFACE_s22_session3_natural,49,144,53.8,1.8557318449020386,0.8719788437115626
COHFACE_s22_session3_natural,49,145,53.833333333333336,1.620360016822815,1.1761494349088342
COHFACE_s22_session3_natural,49,146,53.86666666666667,1.4264813661575317,1.3219696335274376
COHFACE_s22_session3_natural,49,147,53.9,1.1656975746154785,1.3119525771709952
COHFACE_s22_session3_natural,49,148,53.93333333333333,0.8739179968833923,1.1677803860626892
COHFACE_s22_session3_natural,49,149,53.96666666666667,0.7276372909545898,0.9214698804351884
COHFACE_s22_session3_natural,49,150,54.0,0.7265950441360474,0.609783424253037
COHFACE_s22_session3_natural,49,151,54.03333333333333,0.7204281091690063,0.2718436071491471
COHFACE_s22_session3_natural,49,152,54.06666666666667,0.5964822769165039,-0.05108356255509568
COHFACE_s22_session3_natural,49,153,54.1,0.3688284158706665,-0.3154758772224841
COHFACE_s22_session3_natural,49,154,54.13333333333333,0.10764751583337784,-0.47833301252945504
COHFACE_s22_session3_natural,49,155,54.166666666666664,-0.13410209119319916,-0.5058226755890167
COHFACE_s22_session3_natural,49,156,54.2,-0.33862701058387756,-0.38708559327075687
COHFACE_s22_session3_natural,49,157,54.233333333333334,-0.4907643496990204,-0.1472573078461209
COHFACE_s22_session3_natural,49,158,54.266666666666666,-0.6091885566711426,0.1491612835155498
COHFACE_s22_session3_natural,49,159,54.3,-0.7010838985443115,0.41090444364903983
COHFACE_s22_session3_natural,49,160,54.333333333333336,-0.7647505402565002,0.5468574352403193
COHFACE_s22_session3_natural,49,161,54.36666666666667,-0.8298193216323853,0.4969193895867412
COHFACE_s22_session3_natural,49,162,54.4,-0.9004594087600708,0.2528824687240023
COHFACE_s22_session3_natural,49,163,54.43333333333333,-0.9776758551597595,-0.13994775276384522
COHFACE_s22_session3_natural,49,164,54.46666666666667,-1.066977858543396,-0.5990270056137071
COHFACE_s22_session3_natural,49,165,54.5,-1.1640474796295166,-1.0288812173616135
COHFACE_s22_session3_natural,49,166,54.53333333333333,-1.261886477470398,-1.3434514850779804
COHFACE_s22_session3_natural,49,167,54.56666666666667,-1.3636959791183472,-1.4820010483987482
COHFACE_s22_session3_natural,49,168,54.6,-1.4350805282592773,-1.4189427362845886
COHFACE_s22_session3_natural,49,169,54.63333333333333,-1.4955706596374512,-1.1686483572126767
COHFACE_s22_session3_natural,49,170,54.666666666666664,-1.5603044033050537,-0.7836771554288793
COHFACE_s22_session3_natural,49,171,54.7,-1.6458468437194824,-0.3434514797095434
COHFACE_s22_session3_natural,49,172,54.733333333333334,-1.6835802793502808,0.06637172063914687
COHFACE_s22_session3_natural,49,173,54.766666666666666,-1.1878713369369507,0.3778539756232518
COHFACE_s22_session3_natural,49,174,54.8,0.31905898451805115,0.558611259313863
COHFACE_s22_session3_natural,49,175,54.833333333333336,1.7647298574447632,0.6163093608317427
COHFACE_s22_session3_natural,49,176,54.86666666666667,2.25185227394104,0.5898166859725714
COHFACE_s22_session3_natural,49,177,54.9,2.1060307025909424,0.5332865669150948
COHFACE_s22_session3_natural,49,178,54.93333333333333,1.7857990264892578,0.49983211466560373
COHFACE_s22_session3_natural,49,179,54.96666666666667,1.488187551498413,0.5278908492132737
COHFACE_s22_session3_natural,49,180,55.0,1.2551857233047485,0.6306937629757866
COHFACE_s22_session3_natural,49,181,55.03333333333333,0.9772909879684448,0.7901548655565616
COHFACE_s22_session3_natural,49,182,55.06666666666667,0.6859332323074341,0.9594867719318503
COHFACE_s22_session3_natural,49,183,55.1,0.5490332245826721,1.0780365757365002
COHFACE_s22_session3_natural,49,184,55.13333333333333,0.5735394358634949,1.0944115024658199
COHFACE_s22_session3_natural,49,185,55.166666666666664,0.5950056910514832,0.9864399566006906
COHFACE_s22_session3_natural,49,186,55.2,0.49260056018829346,0.7667193349321033
COHFACE_s22_session3_natural,49,187,55.233333333333334,0.2836335003376007,0.4708616930370765
COHFACE_s22_session3_natural,49,188,55.266666666666666,0.020008167251944542,0.1365322241499594
COHFACE_s22_session3_natural,49,189,55.3,-0.23797141015529633,-0.21278702385013465
COHFACE_s22_session3_natural,49,190,55.333333333333336,-0.4565920829772949,-0.569154688756965
COHFACE_s22_session3_natural,49,191,55.36666666666667,-0.623520016670227,-0.9267023646464566
COHFACE_s22_session3_natural,49,192,55.4,-0.7459396719932556,-1.2631028897901628
COHFACE_s22_session3_natural,49,193,55.43333333333333,-0.8307003378868103,-1.5294709075226411
COHFACE_s22_session3_natural,49,194,55.46666666666667,-0.8931881785392761,-1.6579548926305765
COHFACE_s22_session3_natural,49,195,55.5,-0.951680600643158,-1.586383879101975
COHFACE_s22_session3_natural,49,196,55.53333333333333,-1.0089694261550903,-1.2890570801081866
COHFACE_s22_session3_natural,49,197,55.56666666666667,-1.0769665241241455,-0.7980616492401948
COHFACE_s22_session3_natural,49,198,55.6,-1.1590222120285034,-0.2034436820532554
COHFACE_s22_session3_natural,49,199,55.63333333333333,-1.2507810592651367,0.369321187556692
COHFACE_s22_session3_natural,49,200,55.666666666666664,-1.3445252180099487,0.7956002091955029
COHFACE_s22_session3_natural,49,201,55.7,-1.435676097869873,0.9876055240711302
COHFACE_s22_session3_natural,49,202,55.733333333333334,-1.5330559015274048,0.9185831467286403
COHFACE_s22_session3_natural,49,203,55.766666666666666,-1.6563441753387451,0.6295102555434862
COHFACE_s22_session3_natural,49,204,55.8,-1.6947600841522217,0.21726164850391289
COHFACE_s22_session3_natural,49,205,55.833333333333336,-1.0779343843460083,-0.19290942623811314
COHFACE_s22_session3_natural,49,206,55.86666666666667,0.52674800157547,-0.48304965518212506
COHFACE_s22_session3_natural,49,207,55.9,1.8465001583099365,-0.5752101549704106
COHFACE_s22_session3_natural,49,208,55.93333333333333,2.168729543685913,-0.4504216780451043
COHFACE_s22_session3_natural,49,209,55.96666666666667,1.927997350692749,-0.14841035365621058
COHFACE_s22_session3_natural,49,210,56.0,1.5544723272323608,0.24945178913229174
COHFACE_s22_session3_natural,49,211,56.03333333333333,1.2105036973953247,0.6454787806674952
COHFACE_s22_session3_natural,49,212,56.06666666666667,0.9108821153640747,0.9503273105645652
COHFACE_s22_session3_natural,49,213,56.1,0.5974252820014954,1.10153375953131
COHFACE_s22_session3_natural,49,214,56.13333333333333,0.36804670095443726,1.074257728539189
COHFACE_s22_session3_natural,49,215,56.166666666666664,0.34131938219070435,0.8841547494747856
COHFACE_s22_session3_natural,49,216,56.2,0.42957913875579834,0.5818475774279022
COHFACE_s22_session3_natural,49,217,56.233333333333334,0.4414786398410797,0.2387495603483035
COHFACE_s22_session3_natural,49,218,56.266666666666666,0.3053727149963379,-0.073075563137938
COHFACE_s22_session3_natural,49,219,56.3,0.06328808516263962,-0.30087974114775706
COHFACE_s22_session3_natural,49,220,56.333333333333336,-0.21221192181110382,-0.4240463775083159
COHFACE_s22_session3_natural,49,221,56.36666666666667,-0.46869009733200073,-0.4551877736898079
COHFACE_s22_session3_natural,49,222,56.4,-0.6789352297782898,-0.4294365356903884
COHFACE_s22_session3_natural,49,223,56.43333333333333,-0.8377730250358582,-0.38670197284824437
COHFACE_s22_session3_natural,49,224,56.46666666666667,-0.957524836063385,-0.35484714989201754
COHFACE_s22_session3_natural,49,225,56.5,-1.0372973680496216,-0.3411516366676767
COHFACE_s22_session3_natural,49,226,56.53333333333333,-1.0865083932876587,-0.334798629277171
COHFACE_s22_session3_natural,49,227,56.56666666666667,-1.1254454851150513,-0.3173833960723556
COHFACE_s22_session3_natural,49,228,56.6,-1.1682538986206055,-0.2750811450653576
COHFACE_s22_session3_natural,49,229,56.63333333333333,-1.2251828908920288,-0.20643197024503102
COHFACE_s22_session3_natural,49,230,56.666666666666664,-1.2945200204849243,-0.12286942973314859
COHFACE_s22_session3_natural,49,231,56.7,-1.3854972124099731,-0.04298036976173343
COHFACE_s22_session3_natural,49,232,56.733333333333334,-1.516453742980957,0.01600179822623961
COHFACE_s22_session3_natural,49,233,56.766666666666666,-1.667474389076233,0.045421409145124
COHFACE_s22_session3_natural,49,234,56.8,-1.6512444019317627,0.048152816709412016
COHFACE_s22_session3_natural,49,235,56.833333333333336,-0.8016650676727295,0.03634815615978788
COHFACE_s22_session3_natural,49,236,56.86666666666667,0.8350678086280823,0.025323930478079907
COHFACE_s22_session3_natural,49,237,56.9,1.847132921218872,0.026523478711715887
COHFACE_s22_session3_natural,49,238,56.93333333333333,1.8977584838867188,0.04272818261484805
COHFACE_s22_session3_natural,49,239,56.96666666666667,1.5446326732635498,0.06742089424575086
COHFACE_s22_session3_natural,50,0,50.0,0.5594561100006104,0.043454085506144775
COHFACE_s22_session3_natural,50,1,50.03333333333333,0.6248599290847778,0.32598188474477
COHFACE_s22_session3_natural,50,2,50.06666666666667,0.5652011036872864,0.5629111732432556
COHFACE_s22_session3_natural,50,3,50.1,0.3662971556186676,0.7233804057582941
COHFACE_s22_session3_natural,50,4,50.13333333333333,0.10608407855033875,0.7957611092725173
COHFACE_s22_session3_natural,50,5,50.166666666666664,-0.13782456517219543,0.7889782030758743
COHFACE_s22_session3_natural,50,6,50.2,-0.3355373442173004,0.726670198067653
COHFACE_s22_session3_natural,50,7,50.233333333333334,-0.48148298263549805,0.6366857524606999
COHFACE_s22_session3_natural,50,8,50.266666666666666,-0.5857121348381042,0.5399949616372356
COHFACE_s22_session3_natural,50,9,50.3,-0.6630774736404419,0.4430411728934128
COHFACE_s22_session3_natural,50,10,50.333333333333336,-0.7098441123962402,0.3366818146969491
COHFACE_s22_session3_natural,50,11,50.36666666666667,-0.7549480199813843,0.2027000842690482
COHFACE_s22_session3_natural,50,12,50.4,-0.7996177077293396,0.025415904531451372
COHFACE_s22_session3_natural,50,13,50.43333333333333,-0.8586312532424927,-0.19670407381819793
COHFACE_s22_session3_natural,50,14,50.46666666666667,-0.9433794617652893,-0.4444233349741393
COHFACE_s22_session3_natural,50,15,50.5,-1.0678216218948364,-0.6788000659697264
COHFACE_s22_session3_natural,50,16,50.53333333333333,-1.2114346027374268,-0.8498443803274955
COHFACE_s22_session3_natural,50,17,50.56666666666667,-1.2375662326812744,-0.9103820118095433
COHFACE_s22_session3_natural,50,18,50.6,-0.6765155792236328,-0.8312967618678807
COHFACE_s22_session3_natural,50,19,50.63333333333333,0.5486981868743896,-0.6136821730075143
COHFACE_s22_session3_natural,50,20,50.666666666666664,1.4712750911712646,-0.2936349575134216
COHFACE_s22_session3_natural,50,21,50.7,1.6342076063156128,0.06305652881407728
COHFACE_s22_session3_natural,50,22,50.733333333333334,1.3941580057144165,0.37608960240878564
COHFACE_s22_session3_natural,50,23,50.766666666666666,1.1013485193252563,0.5719238291961698
COHFACE_s22_session3_natural,50,24,50.8,0.8538662791252136,0.6048023256764499
COHFACE_s22_session3_natural,50,25,50.833333333333336,0.5751525163650513,0.4707971876312177
COHFACE_s22_session3_natural,50,26,50.86666666666667,0.2992306351661682,0.2103317679252415
COHFACE_s22_session3_natural,50,27,50.9,0.21386200189590454,-0.10181947905492798
COHFACE_s22_session3_natural,50,28,50.93333333333333,0.3228435218334198,-0.37659434138026704
COHFACE_s22_session3_natural,50,29,50.96666666666667,0.4362547695636749,-0.5355276029562884
COHFACE_s22_session3_natural,50,30,51.0,0.3835694193840027,-0.5333857524847773
COHFACE_s22_session3_natural,50,31,51.03333333333333,0.1785481721162796,-0.37121978569093234
COHFACE_s22_session3_natural,50,32,51.06666666666667,-0.06895886361598969,-0.09460874188323716
COHFACE_s22_session3_natural,50,33,51.1,-0.29823818802833557,0.22314265683851756
COHFACE_s22_session3_natural,50,34,51.13333333333333,-0.4786539077758789,0.5064606482394447
COHFACE_s22_session3_natural,50,35,51.166666666666664,-0.6059251427650452,0.7008553659552406
COHFACE_s22_session3_natural,50,36,51.2,-0.6957235336303711,0.7846268663293112
COHFACE_s22_session3_natural,50,37,51.233333333333334,-0.7473914623260498,0.765728910763842
COHFACE_s22_session3_natural,50,38,51.266666666666666,-0.77290278673172,0.6684589862843751
COHFACE_s22_session3_natural,50,39,51.3,-0.7949273586273193,0.5189394173254068
COHFACE_s22_session3_natural,50,40,51.333333333333336,-0.8315068483352661,0.3364609134104145
COHFACE_s22_session3_natural,50,41,51.36666666666667,-0.8985733389854431,0.13252475341403613
COHFACE_s22_session3_natural,50,42,51.4,-1.0081504583358765,-0.08475247580381041
COHFACE_s22_session3_natural,50,43,51.43333333333333,-1.1160151958465576,-0.3047186595894669
COHFACE_s22_session3_natural,50,44,51.46666666666667,-0.9780604839324951,-0.5100318446446709
COHFACE_s22_session3_natural,50,45,51.5,-0.08415894955396652,-0.6761817926040232
COHFACE_s22_session3_natural,50,46,51.53333333333333,1.1515398025512695,-0.7753422211103783
COHFACE_s22_session3_natural,50,47,51.56666666666667,1.774817705154419,-0.7838899898182821
COHFACE_s22_session3_natural,50,48,51.6,1.7312896251678467,-0.6912801149985094
COHFACE_s22_session3_natural,50,49,51.63333333333333,1.4558764696121216,-0.5067085541252669
COHFACE_s22_session3_natural,50,50,51.666666666666664,1.206979751586914,-0.2601007199160246
COHFACE_s22_session3_natural,50,51,51.7,1.0187716484069824,0.004258726559809196
COHFACE_s22_session3_natural,50,52,51.733333333333334,0.7702471613883972,0.2401398511627012
COHFACE_s22_session3_natural,50,53,51.766666666666666,0.5064978003501892,0.41337768071246084
COHFACE_s22_session3_natural,50,54,51.8,0.41703441739082336,0.5113554744894457
COHFACE_s22_session3_natural,50,55,51.833333333333336,0.48630958795547485,0.5433134283577722
COHFACE_s22_session3_natural,50,56,51.86666666666667,0.5354337692260742,0.5314769120301557
COHFACE_s22_session3_natural,50,57,51.9,0.4319242835044861,0.49789333118459617
COHFACE_s22_session3_natural,50,58,51.93333333333333,0.2140481173992157,0.4537371878956185
COHFACE_s22_session3_natural,50,59,51.96666666666667,-0.02538115158677101,0.3957758671592039
COHFACE_s22_session3_natural,50,60,52.0,-0.23864145576953888,0.3102598191795517
COHFACE_s22_session3_natural,50,61,52.03333333333333,-0.41028454899787903,0.18101649246448595
COHFACE_s22_session3_natural,50,62,52.06666666666667,-0.5436358451843262,-0.0019095662539365733
COHFACE_s22_session3_natural,50,63,52.1,-0.6395514607429504,-0.2356098333375928
COHFACE_s22_session3_natural,50,64,52.13333333333333,-0.7045333981513977,-0.501554615010239
COHFACE_s22_session3_natural,50,65,52.166666666666664,-0.7484957575798035,-0.7678582943515698
COHFACE_s22_session3_natural,50,66,52.2,-0.793066143989563,-0.9958712181031438
COHFACE_s22_session3_natural,50,67,52.233333333333334,-0.8432946801185608,-1.1487018259148138
COHFACE_s22_session3_natural,50,68,52.266666666666666,-0.9019607901573181,-1.1990477288266521
COHFACE_s22_session3_natural,50,69,52.3,-0.9621034860610962,-1.1343872249879707
COHFACE_s22_session3_natural,50,70,52.333333333333336,-1.0381659269332886,-0.9582442505848048
COHFACE_s22_session3_natural,50,71,52.36666666666667,-1.1379530429840088,-0.6873146771809848
COHFACE_s22_session3_natural,50,72,52.4,-1.2585238218307495,-0.34604193676419037
COHFACE_s22_session3_natural,50,73,52.43333333333333,-1.3099186420440674,0.03848245179813344
COHFACE_s22_session3_natural,50,74,52.46666666666667,-0.8293726444244385,0.4389233480095056
COHFACE_s22_session3_natural,50,75,52.5,0.5064108967781067,0.8270743669714601
COHFACE_s22_session3_natural,50,76,52.53333333333333,1.724241852760315,1.1720759851984126
COHFACE_s22_session3_natural,50,77,52.56666666666667,2.116515636444092,1.4401979427496434
COHFACE_s22_session3_natural,50,78,52.6,1.9803601503372192,1.5977795928939822
COHFACE_s22_session3_natural,50,79,52.63333333333333,1.7234476804733276,1.6170168200210258
COHFACE_s22_session3_natural,50,80,52.666666666666664,1.5166271924972534,1.4830307721838099
COHFACE_s22_session3_natural,50,81,52.7,1.3458279371261597,1.2001548823079295
COHFACE_s22_session3_natural,50,82,52.733333333333334,1.094859004020691,0.7952602652646438
COHFACE_s22_session3_natural,50,83,52.766666666666666,0.8105987310409546,0.31637742618197234
COHFACE_s22_session3_natural,50,84,52.8,0.6704229712486267,-0.17392164912791713
COHFACE_s22_session3_natural,50,85,52.833333333333336,0.6811808943748474,-0.609278280574555
COHFACE_s22_session3_natural,50,86,52.86666666666667,0.6689339280128479,-0.9319183317268029
COHFACE_s22_session3_natural,50,87,52.9,0.5411787629127502,-1.103539432987534
COHFACE_s22_session3_natural,50,88,52.93333333333333,0.3137110471725464,-1.1121335621962132
COHFACE_s22_session3_natural,50,89,52.96666666666667,0.05761752277612686,-0.9734617338257198
COHFACE_s22_session3_natural,50,90,53.0,-0.17498722672462463,-0.7272800206115791
COHFACE_s22_session3_natural,50,91,53.03333333333333,-0.3588400185108185,-0.4291375525234237
COHFACE_s22_session3_natural,50,92,53.06666666666667,-0.49945011734962463,-0.1386453772487726
COHFACE_s22_session3_natural,50,93,53.1,-0.6075754761695862,0.09418699932116717
COHFACE_s22_session3_natural,50,94,53.13333333333333,-0.6896931529045105,0.2411050029572622
COHFACE_s22_session3_natural,50,95,53.166666666666664,-0.7618346214294434,0.3016715034254803
COHFACE_s22_session3_natural,50,96,53.2,-0.8283923864364624,0.3001668002790767
COHFACE_s22_session3_natural,50,97,53.233333333333334,-0.8983996510505676,0.2740033740802326
COHFACE_s22_session3_natural,50,98,53.266666666666666,-0.9782838225364685,0.2582213877250073
COHFACE_s22_session3_natural,50,99,53.3,-1.070688009262085,0.27217478479853735
COHFACE_s22_session3_natural,50,100,53.333333333333336,-1.1591463088989258,0.3127757246763978
COHFACE_s22_session3_natural,50,101,53.36666666666667,-1.2439937591552734,0.3556130446769685
COHFACE_s22_session3_natural,50,102,53.4,-1.3355789184570312,0.36315310516692473
COHFACE_s22_session3_natural,50,103,53.43333333333333,-1.4092341661453247,0.29797260197491793
COHFACE_s22_session3_natural,50,104,53.46666666666667,-1.4643515348434448,0.13760501956093693
COHFACE_s22_session3_natural,50,105,53.5,-1.504095196723938,-0.1138589653826572
COHFACE_s22_session3_natural,50,106,53.53333333333333,-1.5446949005126953,-0.4226519598212426
COHFACE_s22_session3_natural,50,107,53.56666666666667,-1.6161911487579346,-0.7334760089768104
COHFACE_s22_session3_natural,50,108,53.6,-1.629281759262085,-0.9863883571262213
COHFACE_s22_session3_natural,50,109,53.63333333333333,-1.0147764682769775,-1.1351617634183238
COHFACE_s22_session3_natural,50,110,53.666666666666664,0.5639851093292236,-1.1592336534152188
COHFACE_s22_session3_natural,50,111,53.7,1.9084420204162598,-1.0650296571128435
COHFACE_s22_session3_natural,50,112,53.733333333333334,2.293978214263916,-0.8779593578550424
COHFACE_s22_session3_natural,50,113,53.766666666666666,2.132373332977295,-0.6303192179130149
COHFACE_s22_session3_natural,50,114,53.8,1.8557318449020386,-0.3506939325732548
COHFACE_s22_session3_natural,50,115,53.833333333333336,1.620360016822815,-0.05842246226131871
COHFACE_s22_session3_natural,50,116,53.86666666666667,1.4264813661575317,0.23563991259674374
COHFACE_s22_session3_natural,50,117,53.9,1.1656975746154785,0.5230580002866493
COHFACE_s22_session3_natural,50,118,53.93333333333333,0.8739179968833923,0.7897010651735237
COHFACE_s22_session3_natural,50,119,53.96666666666667,0.7276372909545898,1.0104182396423742
COHFACE_s22_session3_natural,50,120,54.0,0.7265950441360474,1.1510830239571035
COHFACE_s22_session3_natural,50,121,54.03333333333333,0.7204281091690063,1.179430512547327
COHFACE_s22_session3_natural,50,122,54.06666666666667,0.5964822769165039,1.0807440874619667
COHFACE_s22_session3_natural,50,123,54.1,0.3688284158706665,0.8702068888961408
COHFACE_s22_session3_natural,50,124,54.13333333333333,0.10764751583337784,0.5939471839348459
COHFACE_s22_session3_natural,50,125,54.166666666666664,-0.13410209119319916,0.3159974797135059
COHFACE_s22_session3_natural,50,126,54.2,-0.33862701058387756,0.09604082045388372
COHFACE_s22_session3_natural,50,127,54.233333333333334,-0.4907643496990204,-0.03178277498311631
COHFACE_s22_session3_natural,50,128,54.266666666666666,-0.6091885566711426,-0.0691468494133762
COHFACE_s22_session3_natural,50,129,54.3,-0.7010838985443115,-0.048631908222993125
COHFACE_s22_session3_natural,50,130,54.333333333333336,-0.7647505402565002,-0.016821764738567134
COHFACE_s22_session3_natural,50,131,54.36666666666667,-0.8298193216323853,-0.01399262181563462
COHFACE_s22_session3_natural,50,132,54.4,-0.9004594087600708,-0.05970644425978997
COHFACE_s22_session3_natural,50,133,54.43333333333333,-0.9776758551597595,-0.14943431688587233
COHFACE_s22_session3_natural,50,134,54.46666666666667,-1.066977858543396,-0.26077836549405226
COHFACE_s22_session3_natural,50,135,54.5,-1.1640474796295166,-0.36362608281988346
COHFACE_s22_session3_natural,50,136,54.53333333333333,-1.261886477470398,-0.4294092201982232
COHFACE_s22_session3_natural,50,137,54.56666666666667,-1.3636959791183472,-0.43804378601871635
COHFACE_s22_session3_natural,50,138,54.6,-1.4350805282592773,-0.3830761507803022
COHFACE_s22_session3_natural,50,139,54.63333333333333,-1.4955706596374512,-0.2747746232409463
COHFACE_s22_session3_natural,50,140,54.666666666666664,-1.5603044033050537,-0.13897899706732766
COHFACE_s22_session3_natural,50,141,54.7,-1.6458468437194824,-0.009803836446890797
COHFACE_s22_session3_natural,50,142,54.733333333333334,-1.6835802793502808,0.08191474944659194
COHFACE_s22_session3_natural,50,143,54.766666666666666,-1.1878713369369507,0.11894476762856904
COHFACE_s22_session3_natural,50,144,54.8,0.31905898451805115,0.10181155637154768
COHFACE_s22_session3_natural,50,145,54.833333333333336,1.7647298574447632,0.04572753207840846
COHFACE_s22_session3_natural,50,146,54.86666666666667,2.25185227394104,-0.02680298932268482
COHFACE_s22_session3_natural,50,147,54.9,2.1060307025909424,-0.09345997018304066
COHFACE_s22_session3_natural,50,148,54.93333333333333,1.7857990264892578,-0.13717585934605375
COHFACE_s22_session3_natural,50,149,54.96666666666667,1.488187551498413,-0.1488357633818505
COHFACE_s22_session3_natural,50,150,55.0,1.2551857233047485,-0.12848239397730135
COHFACE_s22_session3_natural,50,151,55.03333333333333,0.9772909879684448,-0.08508482764272872
COHFACE_s22_session3_natural,50,152,55.06666666666667,0.6859332323074341,-0.034024346199451744
COHFACE_s22_session3_natural,50,153,55.1,0.5490332245826721,0.008126581059272815
COHFACE_s22_session3_natural,50,154,55.13333333333333,0.5735394358634949,0.0300212331220208
COHFACE_s22_session3_natural,50,155,55.166666666666664,0.5950056910514832,0.029834971739162663
COHFACE_s22_session3_natural,50,156,55.2,0.49260056018829346,0.01436871644791506
COHFACE_s22_session3_natural,50,157,55.233333333333334,0.2836335003376007,-0.007333452570021966
COHFACE_s22_session3_natural,50,158,55.266666666666666,0.020008167251944542,-0.03220751351228614
COHFACE_s22_session3_natural,50,159,55.3,-0.23797141015529633,-0.06744392007957659
COHFACE_s22_session3_natural,50,160,55.333333333333336,-0.4565920829772949,-0.1268007448660909
COHFACE_s22_session3_natural,50,161,55.36666666666667,-0.623520016670227,-0.21978162488553865
COHFACE_s22_session3_natural,50,162,55.4,-0.7459396719932556,-0.339486631028046
COHFACE_s22_session3_natural,50,163,55.43333333333333,-0.8307003378868103,-0.4567828139987482
COHFACE_s22_session3_natural,50,164,55.46666666666667,-0.8931881785392761,-0.5256014656184543
COHFACE_s22_session3_natural,50,165,55.5,-0.951680600643158,-0.4984109909498111
COHFACE_s22_session3_natural,50,166,55.53333333333333,-1.0089694261550903,-0.34561237799564276
COHFACE_s22_session3_natural,50,167,55.56666666666667,-1.0769665241241455,-0.07053348023596681
COHFACE_s22_session3_natural,50,168,55.6,-1.1590222120285034,0.2862591006066395
COHFACE_s22_session3_natural,50,169,55.63333333333333,-1.2507810592651367,0.6551194529753338
COHFACE_s22_session3_natural,50,170,55.666666666666664,-1.3445252180099487,0.9552652588332762
COHFACE_s22_session3_natural,50,171,55.7,-1.435676097869873,1.1167349812844012
COHFACE_s22_session3_natural,50,172,55.733333333333334,-1.5330559015274048,1.0994739324467662
COHFACE_s22_session3_natural,50,173,55.766666666666666,-1.6563441753387451,0.9038187662462449
COHFACE_s22_session3_natural,50,174,55.8,-1.6947600841522217,0.569719680620695
COHFACE_s22_session3_natural,50,175,55.833333333333336,-1.0779343843460083,0.16568855564795873
COHFACE_s22_session3_natural,50,176,55.86666666666667,0.52674800157547,-0.22871749056193455
COHFACE_s22_session3_natural,50,177,55.9,1.8465001583099365,-0.5416803984034132
COHFACE_s22_session3_natural,50,178,55.93333333333333,2.168729543685913,-0.7241398236440975
COHFACE_s22_session3_natural,50,179,55.96666666666667,1.927997350692749,-0.7577566109489524
COHFACE_s22_session3_natural,50,180,56.0,1.5544723272323608,-0.6552154349115472
COHFACE_s22_session3_natural,50,181,56.03333333333333,1.2105036973953247,-0.45415450816202857
COHFACE_s22_session3_natural,50,182,56.06666666666667,0.9108821153640747,-0.20628373394204924
COHFACE_s22_session3_natural,50,183,56.1,0.5974252820014954,0.03643419993718222
COHFACE_s22_session3_natural,50,184,56.13333333333333,0.36804670095443726,0.2350396257417041
COHFACE_s22_session3_natural,50,185,56.166666666666664,0.34131938219070435,0.3716115865028293
COHFACE_s22_session3_natural,50,186,56.2,0.42957913875579834,0.44887901217704035
COHFACE_s22_session3_natural,50,187,56.233333333333334,0.4414786398410797,0.48181278276310124
COHFACE_s22_session3_natural,50,188,56.266666666666666,0.3053727149963379,0.4853696229558163
COHFACE_s22_session3_natural,50,189,56.3,0.06328808516263962,0.4645559089340961
COHFACE_s22_session3_natural,50,190,56.333333333333336,-0.21221192181110382,0.41200778248336006
COHFACE_s22_session3_natural,50,191,56.36666666666667,-0.46869009733200073,0.31433079440074774
COHFACE_s22_session3_natural,50,192,56.4,-0.6789352297782898,0.16325994427426094
COHFACE_s22_session3_natural,50,193,56.43333333333333,-0.8377730250358582,-0.0352201297911482
COHFACE_s22_session3_natural,50,194,56.46666666666667,-0.957524836063385,-0.25902657245593946
COHFACE_s22_session3_natural,50,195,56.5,-1.0372973680496216,-0.47592253636494697
COHFACE_s22_session3_natural,50,196,56.53333333333333,-1.0865083932876587,-0.6533693358188654
COHFACE_s22_session3_natural,50,197,56.56666666666667,-1.1254454851150513,-0.7670930393106061
COHFACE_s22_session3_natural,50,198,56.6,-1.1682538986206055,-0.8054192732493117
COHFACE_s22_session3_natural,50,199,56.63333333333333,-1.2251828908920288,-0.7695165153973448
COHFACE_s22_session3_natural,50,200,56.666666666666664,-1.2945200204849243,-0.6708799242203037
COHFACE_s22_session3_natural,50,201,56.7,-1.3854972124099731,-0.5269994711085624
COHFACE_s22_session3_natural,50,202,56.733333333333334,-1.516453742980957,-0.355882859284784
COHFACE_s22_session3_natural,50,203,56.766666666666666,-1.667474389076233,-0.17078909640163858
COHFACE_s22_session3_natural,50,204,56.8,-1.6512444019317627,0.022391059681208948
COHFACE_s22_session3_natural,50,205,56.833333333333336,-0.8016650676727295,0.22307239360672315
COHFACE_s22_session3_natural,50,206,56.86666666666667,0.8350678086280823,0.4298739917877102
COHFACE_s22_session3_natural,50,207,56.9,1.847132921218872,0.6338151520850456
COHFACE_s22_session3_natural,50,208,56.93333333333333,1.8977584838867188,0.8144516486216391
COHFACE_s22_session3_natural,50,209,56.96666666666667,1.5446326732635498,0.9409918586561516
COHFACE_s22_session3_natural,50,210,57.0,1.1252715587615967,0.9785265924426513
COHFACE_s22_session3_natural,50,211,57.03333333333333,0.720465362071991,0.8979209651634903
COHFACE_s22_session3_natural,50,212,57.06666666666667,0.31765687465667725,0.6866847012120078
COHFACE_s22_session3_natural,50,213,57.1,0.005850372835993767,0.3573807398413288
COHFACE_s22_session3_natural,50,214,57.13333333333333,-0.04545767232775688,-0.049841726109064496
COHFACE_s22_session3_natural,50,215,57.166666666666664,0.13701780140399933,-0.4727660721675876
COHFACE_s22_session3_natural,50,216,57.2,0.30513694882392883,-0.8403041385331903
COHFACE_s22_session3_natural,50,217,57.233333333333334,0.27860817313194275,-1.089769553374797
COHFACE_s22_session3_natural,50,218,57.266666666666666,0.07069580256938934,-1.1822148245339053
COHFACE_s22_session3_natural,50,219,57.3,-0.20461808145046234,-1.1102659882070869
COHFACE_s22_session3_natural,50,220,57.333333333333336,-0.4862477481365204,-0.8966199065426594
COHFACE_s22_session3_natural,50,221,57.36666666666667,-0.7356532216072083,-0.5855224976025203
COHFACE_s22_session3_natural,50,222,57.4,-0.9221241474151611,-0.2312178219779598
COHFACE_s22_session3_natural,50,223,57.43333333333333,-1.0502516031265259,0.11318562312311584
COHFACE_s22_session3_natural,50,224,57.46666666666667,-1.1362282037734985,0.40415635419136803
COHFACE_s22_session3_natural,50,225,57.5,-1.1914076805114746,0.6124062486589992
COHFACE_s22_session3_natural,50,226,57.53333333333333,-1.2133082151412964,0.7238614925077993
COHFACE_s22_session3_natural,50,227,57.56666666666667,-1.2188546657562256,0.7379221037003078
COHFACE_s22_session3_natural,50,228,57.6,-1.2408792972564697,0.6644115176682376
COHFACE_s22_session3_natural,50,229,57.63333333333333,-1.3045955896377563,0.5205231702245715
COHFACE_s22_session3_natural,50,230,57.666666666666664,-1.4216424226760864,0.3285547243150018
COHFACE_s22_session3_natural,50,231,57.7,-1.4995909929275513,0.11439815660784439
COHFACE_s22_session3_natural,50,232,57.733333333333334,-1.0222338438034058,-0.09404048965198261
COHFACE_s22_session3_natural,50,233,57.766666666666666,0.4910743236541748,-0.2694182696379684
COHFACE_s22_session3_natural,50,234,57.8,1.8731902837753296,-0.38860263416487967
COHFACE_s22_session3_natural,50,235,57.833333333333336,2.2198638916015625,-0.43639816161200057
COHFACE_s22_session3_natural,50,236,57.86666666666667,1.9531488418579102,-0.40800975396475886
COHFACE_s22_session3_natural,50,237,57.9,1.5331425666809082,-0.30946168065933394
COHFACE_s22_session3_natural,50,238,57.93333333333333,1.1242293119430542,-0.156194648289357
COHFACE_s22_session3_natural,50,239,57.96666666666667,0.7335436344146729,0.029345226840263583
