recording_id,measurement_id,sample_index,time_seconds,gt_signal,predicted_signal
COHFACE_s29_session0_lamp,0,0,0.0,-2.9917619228363037,-0.0558635384272162
COHFACE_s29_session0_lamp,0,1,0.03333333333333333,-2.290492296218872,0.09127244167854326
COHFACE_s29_session0_lamp,0,2,0.06666666666666667,-0.610999345779419,0.21876519337586894
COHFACE_s29_session0_lamp,0,3,0.1,-0.4477340579032898,0.3125670983491665
COHFACE_s29_session0_lamp,0,4,0.13333333333333333,-0.7628329992294312,0.36907678810487826
COHFACE_s29_session0_lamp,0,5,0.16666666666666666,-0.7525694370269775,0.3942759907673141
COHFACE_s29_session0_lamp,0,6,0.2,-0.7592424154281616,0.3986350283117718
COHFACE_s29_session0_lamp,0,7,0.23333333333333334,-0.8409236669540405,0.3909369171461152
COHFACE_s29_session0_lamp,0,8,0.26666666666666666,-0.9052304625511169,0.37440670841952034
COHFACE_s29_session0_lamp,0,9,0.3,-0.9702023863792419,0.3467377087676024
COHFACE_s29_session0_lamp,0,10,0.3333333333333333,-1.0362234115600586,0.3034678689013687
COHFACE_s29_session0_lamp,0,11,0.36666666666666664,-1.0840263366699219,0.24254995105147234
COHFACE_s29_session0_lamp,0,12,0.4,-1.1130270957946777,0.16734938403475047
COHFACE_s29_session0_lamp,0,13,0.43333333333333335,-1.1446775197982788,0.08633583016600217
COHFACE_s29_session0_lamp,0,14,0.4666666666666667,-1.1879327297210693,0.01012073494985587
COHFACE_s29_session0_lamp,0,15,0.5,-1.1405082941055298,-0.05177289934604947
COHFACE_s29_session0_lamp,0,16,0.5333333333333333,-0.48741480708122253,-0.0924898696512339
COHFACE_s29_session0_lamp,0,17,0.5666666666666667,0.9004643559455872,-0.10761032740443385
COHFACE_s29_session0_lamp,0,18,0.6,2.0386383533477783,-0.09423922386985194
COHFACE_s29_session0_lamp,0,19,0.6333333333333333,2.284942150115967,-0.05071126611129655
COHFACE_s29_session0_lamp,0,20,0.6666666666666666,2.0028293132781982,0.02253031123715747
COHFACE_s29_session0_lamp,0,21,0.7,1.7297580242156982,0.12133481275248154
COHFACE_s29_session0_lamp,0,22,0.7333333333333333,1.63689386844635,0.2366191339488028
COHFACE_s29_session0_lamp,0,23,0.7666666666666667,1.6175997257232666,0.35453685969815646
COHFACE_s29_session0_lamp,0,24,0.8,1.4846655130386353,0.4583332757932796
COHFACE_s29_session0_lamp,0,25,0.8333333333333334,1.1768505573272705,0.5312232713359872
COHFACE_s29_session0_lamp,0,26,0.8666666666666667,0.8774389624595642,0.5590570103629244
COHFACE_s29_session0_lamp,0,27,0.9,0.6965828537940979,0.5318834716767529
COHFACE_s29_session0_lamp,0,28,0.9333333333333333,0.552179217338562,0.4445797922032564
COHFACE_s29_session0_lamp,0,29,0.9666666666666667,0.37053900957107544,0.29716791068899917
COHFACE_s29_session0_lamp,0,30,1.0,0.15089984238147736,0.09467177932755787
COHFACE_s29_session0_lamp,0,31,1.0333333333333334,-0.08436717838048935,-0.15403649001811145
COHFACE_s29_session0_lamp,0,32,1.0666666666666667,-0.2900656461715698,-0.4377849366994306
COHFACE_s29_session0_lamp,0,33,1.1,-0.45302265882492065,-0.7432694717383581
COHFACE_s29_session0_lamp,0,34,1.1333333333333333,-0.5795705318450928,-1.0527995259431442
COHFACE_s29_session0_lamp,0,35,1.1666666666666667,-0.6713748574256897,-1.3407314694330048
COHFACE_s29_session0_lamp,0,36,1.2,-0.7343891859054565,-1.5715193626498805
COHFACE_s29_session0_lamp,0,37,1.2333333333333334,-0.791201114654541,-1.7023828966698975
COHFACE_s29_session0_lamp,0,38,1.2666666666666666,-0.8517496585845947,-1.6916341628687956
COHFACE_s29_session0_lamp,0,39,1.3,-0.9204798340797424,-1.5109739968807336
COHFACE_s29_session0_lamp,0,40,1.3333333333333333,-0.9928547143936157,-1.1579941473446622
COHFACE_s29_session0_lamp,0,41,1.3666666666666667,-1.06342351436615,-0.6639348717190162
COHFACE_s29_session0_lamp,0,42,1.4,-1.1295093297958374,-0.09180731296194014
COHFACE_s29_session0_lamp,0,43,1.4333333333333333,-1.1857264041900635,0.4770713956949544
COHFACE_s29_session0_lamp,0,44,1.4666666666666666,-1.2195398807525635,0.9642304802189116
COHFACE_s29_session0_lamp,0,45,1.5,-1.239385724067688,1.3141276169204612
COHFACE_s29_session0_lamp,0,46,1.5333333333333334,-1.2584203481674194,1.5045421536392654
COHFACE_s29_session0_lamp,0,47,1.5666666666666667,-1.289000153541565,1.5438763686899704
COHFACE_s29_session0_lamp,0,48,1.6,-1.3154702186584473,1.4590262213046041
COHFACE_s29_session0_lamp,0,49,1.6333333333333333,-1.0711562633514404,1.2816672524226842
COHFACE_s29_session0_lamp,0,50,1.6666666666666667,-0.07148635387420654,1.0395874050829896
COHFACE_s29_session0_lamp,0,51,1.7,1.231558918952942,0.7556335560706262
COHFACE_s29_session0_lamp,0,52,1.7333333333333334,1.9052660465240479,0.45323690633149893
COHFACE_s29_session0_lamp,0,53,1.7666666666666666,1.8631898164749146,0.16404675315533768
COHFACE_s29_session0_lamp,0,54,1.8,1.614382266998291,-0.06987794978693798
COHFACE_s29_session0_lamp,0,55,1.8333333333333333,1.4884616136550903,-0.20509796617009424
COHFACE_s29_session0_lamp,0,56,1.8666666666666667,1.4741531610488892,-0.2144434269618901
COHFACE_s29_session0_lamp,0,57,1.9,1.411128044128418,-0.1028090104410348
COHFACE_s29_session0_lamp,0,58,1.9333333333333333,1.1775805950164795,0.0892304756974933
COHFACE_s29_session0_lamp,0,59,1.9666666666666666,0.8620436191558838,0.2969553932307571
COHFACE_s29_session0_lamp,0,60,2.0,0.6369320154190063,0.45249521515169566
COHFACE_s29_session0_lamp,0,61,2.033333333333333,0.4943614900112152,0.5054212129227936
COHFACE_s29_session0_lamp,0,62,2.066666666666667,0.33472469449043274,0.43545771184829885
COHFACE_s29_session0_lamp,0,63,2.1,0.13480693101882935,0.25489060191258184
COHFACE_s29_session0_lamp,0,64,2.1333333333333333,-0.08292336016893387,0.0015311516598505894
COHFACE_s29_session0_lamp,0,65,2.1666666666666665,-0.2773524522781372,-0.27512677777142863
COHFACE_s29_session0_lamp,0,66,2.2,-0.4349019229412079,-0.529972466071766
COHFACE_s29_session0_lamp,0,67,2.2333333333333334,-0.5630666613578796,-0.7347537113995222
COHFACE_s29_session0_lamp,0,68,2.2666666666666666,-0.6534433364868164,-0.8822550427795874
COHFACE_s29_session0_lamp,0,69,2.3,-0.720113217830658,-0.9809783794299215
COHFACE_s29_session0_lamp,0,70,2.3333333333333335,-0.7788772583007812,-1.0436072477884577
COHFACE_s29_session0_lamp,0,71,2.3666666666666667,-0.8356188535690308,-1.0756652227654535
COHFACE_s29_session0_lamp,0,72,2.4,-0.8908247351646423,-1.0706412188031662
COHFACE_s29_session0_lamp,0,73,2.433333333333333,-0.9495887756347656,-1.0141933638274674
COHFACE_s29_session0_lamp,0,74,2.466666666666667,-1.0114513635635376,-0.8945955322117393
COHFACE_s29_session0_lamp,0,75,2.5,-1.071967363357544,-0.7127508525149133
COHFACE_s29_session0_lamp,0,76,2.533333333333333,-1.1212519407272339,-0.48545131797183083
COHFACE_s29_session0_lamp,0,77,2.566666666666667,-1.160332441329956,-0.23967422802207192
COHFACE_s29_session0_lamp,0,78,2.6,-1.1890466213226318,-0.0010536409369766575
COHFACE_s29_session0_lamp,0,79,2.6333333333333333,-1.206107497215271,0.21672595780674378
COHFACE_s29_session0_lamp,0,80,2.6666666666666665,-1.2269212007522583,0.4150677507612666
COHFACE_s29_session0_lamp,0,81,2.7,-1.2370171546936035,0.6036961464731717
COHFACE_s29_session0_lamp,0,82,2.7333333333333334,-1.2360655069351196,0.7875476989424889
COHFACE_s29_session0_lamp,0,83,2.7666666666666666,-1.2387422323226929,0.9551749910235716
COHFACE_s29_session0_lamp,0,84,2.8,-1.2614322900772095,1.0763136027323712
COHFACE_s29_session0_lamp,0,85,2.8333333333333335,-1.272966742515564,1.1117011776071042
COHFACE_s29_session0_lamp,0,86,2.8666666666666667,-1.0400248765945435,1.0316723968923611
COHFACE_s29_session0_lamp,0,87,2.9,-0.12409117072820663,0.8346263603468185
COHFACE_s29_session0_lamp,0,88,2.933333333333333,1.0892155170440674,0.5551059690293991
COHFACE_s29_session0_lamp,0,89,2.966666666666667,1.7800052165985107,0.25564216542272483
COHFACE_s29_session0_lamp,0,90,3.0,1.8226492404937744,0.005226029378083493
COHFACE_s29_session0_lamp,0,91,3.033333333333333,1.6266303062438965,-0.14526765597179897
COHFACE_s29_session0_lamp,0,92,3.066666666666667,1.5206258296966553,-0.17914348892871576
COHFACE_s29_session0_lamp,0,93,3.1,1.534728765487671,-0.11477089662310502
COHFACE_s29_session0_lamp,0,94,3.1333333333333333,1.5276719331741333,0.007625101482195173
COHFACE_s29_session0_lamp,0,95,3.1666666666666665,1.3476485013961792,0.14520537338383632
COHFACE_s29_session0_lamp,0,96,3.2,1.0675636529922485,0.2668869621860202
COHFACE_s29_session0_lamp,0,97,3.2333333333333334,0.8532617092132568,0.35583013404580005
COHFACE_s29_session0_lamp,0,98,3.2666666666666666,0.7137464880943298,0.4021570729249692
COHFACE_s29_session0_lamp,0,99,3.3,0.5607826113700867,0.3949023598923059
COHFACE_s29_session0_lamp,0,100,3.3333333333333335,0.362335741519928,0.32085646293282216
COHFACE_s29_session0_lamp,0,101,3.3666666666666667,0.14660082757472992,0.17083430168065172
COHFACE_s29_session0_lamp,0,102,3.4,-0.046368204057216644,-0.05241844614947577
COHFACE_s29_session0_lamp,0,103,3.433333333333333,-0.210428386926651,-0.3310410640289783
COHFACE_s29_session0_lamp,0,104,3.466666666666667,-0.3447577655315399,-0.6347989418713621
COHFACE_s29_session0_lamp,0,105,3.5,-0.45315244793891907,-0.9263261064221721
COHFACE_s29_session0_lamp,0,106,3.533333333333333,-0.5321245789527893,-1.1663170983997826
COHFACE_s29_session0_lamp,0,107,3.566666666666667,-0.5916835069656372,-1.3192773218460483
COHFACE_s29_session0_lamp,0,108,3.6,-0.6563093662261963,-1.3607714216851639
COHFACE_s29_session0_lamp,0,109,3.6333333333333333,-0.7234713435173035,-1.2846141996947305
COHFACE_s29_session0_lamp,0,110,3.6666666666666665,-0.7941266298294067,-1.1061007653033303
COHFACE_s29_session0_lamp,0,111,3.7,-0.8521011471748352,-0.8576750440330785
COHFACE_s29_session0_lamp,0,112,3.7333333333333334,-0.9108489751815796,-0.5770586450059942
COHFACE_s29_session0_lamp,0,113,3.7666666666666666,-0.9563103914260864,-0.2929599558721946
COHFACE_s29_session0_lamp,0,114,3.8,-0.9896371960639954,-0.01660453264088923
COHFACE_s29_session0_lamp,0,115,3.8333333333333335,-1.0210011005401611,0.2549757170903893
COHFACE_s29_session0_lamp,0,116,3.8666666666666667,-1.0515214204788208,0.5256895875389371
COHFACE_s29_session0_lamp,0,117,3.9,-1.068771481513977,0.7864744271363666
COHFACE_s29_session0_lamp,0,118,3.933333333333333,-1.0742764472961426,1.0111022445341895
COHFACE_s29_session0_lamp,0,119,3.966666666666667,-1.0893040895462036,1.1653656139869122
COHFACE_s29_session0_lamp,0,120,4.0,-1.1203110218048096,1.2231514583260408
COHFACE_s29_session0_lamp,0,121,4.033333333333333,-1.1286170482635498,1.178042228937921
COHFACE_s29_session0_lamp,0,122,4.066666666666666,-0.8683833479881287,1.0441886866520131
COHFACE_s29_session0_lamp,0,123,4.1,0.04885905236005783,0.8490893508804109
COHFACE_s29_session0_lamp,0,124,4.133333333333334,1.1886606216430664,0.6250115407866932
COHFACE_s29_session0_lamp,0,125,4.166666666666667,1.8141052722930908,0.40346364096908804
COHFACE_s29_session0_lamp,0,126,4.2,1.8302252292633057,0.21208531411961992
COHFACE_s29_session0_lamp,0,127,4.233333333333333,1.6112836599349976,0.07087064071905474
COHFACE_s29_session0_lamp,0,128,4.266666666666667,1.4680263996124268,-0.012820886958438476
COHFACE_s29_session0_lamp,0,129,4.3,1.4603314399719238,-0.047222676986727476
COHFACE_s29_session0_lamp,0,130,4.333333333333333,1.4389013051986694,-0.05351071441130409
COHFACE_s29_session0_lamp,0,131,4.366666666666666,1.2758252620697021,-0.05717764301534195
COHFACE_s29_session0_lamp,0,132,4.4,1.0772809982299805,-0.07709373743905834
COHFACE_s29_session0_lamp,0,133,4.433333333333334,0.9462556838989258,-0.11811702621897886
COHFACE_s29_session0_lamp,0,134,4.466666666666667,0.832242488861084,-0.17186838675991398
COHFACE_s29_session0_lamp,0,135,4.5,0.6716485619544983,-0.22562114379749512
COHFACE_s29_session0_lamp,0,136,4.533333333333333,0.4663340747356415,-0.2735315203503068
COHFACE_s29_session0_lamp,0,137,4.566666666666666,0.2617117166519165,-0.3221849632090968
COHFACE_s29_session0_lamp,0,138,4.6,0.0710841566324234,-0.386269439588748
COHFACE_s29_session0_lamp,0,139,4.633333333333334,-0.09665858000516891,-0.4773638210594008
COHFACE_s29_session0_lamp,0,140,4.666666666666667,-0.22295232117176056,-0.5939967008806533
COHFACE_s29_session0_lamp,0,141,4.7,-0.31188517808914185,-0.7201085685632558
COHFACE_s29_session0_lamp,0,142,4.733333333333333,-0.37139004468917847,-0.8321620746894998
COHFACE_s29_session0_lamp,0,143,4.766666666666667,-0.42054483294487,-0.9088389691972205
COHFACE_s29_session0_lamp,0,144,4.8,-0.4776000678539276,-0.9371174731132443
COHFACE_s29_session0_lamp,0,145,4.833333333333333,-0.542701780796051,-0.9126603699374611
COHFACE_s29_session0_lamp,0,146,4.866666666666666,-0.6096474528312683,-0.8361697237373696
COHFACE_s29_session0_lamp,0,147,4.9,-0.6770581603050232,-0.7088424344241918
COHFACE_s29_session0_lamp,0,148,4.933333333333334,-0.7434685230255127,-0.5296690094362452
COHFACE_s29_session0_lamp,0,149,4.966666666666667,-0.7930613160133362,-0.2960693771426465
COHFACE_s29_session0_lamp,0,150,5.0,-0.8328447937965393,-0.008019633710132784
COHFACE_s29_session0_lamp,0,151,5.033333333333333,-0.8762891888618469,0.32574272105294416
COHFACE_s29_session0_lamp,0,152,5.066666666666666,-0.9218533635139465,0.6825772961040293
COHFACE_s29_session0_lamp,0,153,5.1,-0.9301647543907166,1.0256206910145471
COHFACE_s29_session0_lamp,0,154,5.133333333333334,-0.551543116569519,1.310399469687776
COHFACE_s29_session0_lamp,0,155,5.166666666666667,0.5050144195556641,1.4969704921317466
COHFACE_s29_session0_lamp,0,156,5.2,1.5966508388519287,1.5625852660071597
COHFACE_s29_session0_lamp,0,157,5.233333333333333,2.018284320831299,1.508713753730198
COHFACE_s29_session0_lamp,0,158,5.266666666666667,1.874902606010437,1.3588366183461225
COHFACE_s29_session0_lamp,0,159,5.3,1.6354230642318726,1.1482306971209497
COHFACE_s29_session0_lamp,0,160,5.333333333333333,1.5367240905761719,0.9110612725181151
COHFACE_s29_session0_lamp,0,161,5.366666666666666,1.5309866666793823,0.6708595311688436
COHFACE_s29_session0_lamp,0,162,5.4,1.4358676671981812,0.43750312921571455
COHFACE_s29_session0_lamp,0,163,5.433333333333334,1.177358865737915,0.20995309953639826
COHFACE_s29_session0_lamp,0,164,5.466666666666667,0.9304330945014954,-0.01787402783469262
COHFACE_s29_session0_lamp,0,165,5.5,0.7765283584594727,-0.2507152304877492
COHFACE_s29_session0_lamp,0,166,5.533333333333333,0.641696035861969,-0.4871492913533418
COHFACE_s29_session0_lamp,0,167,5.566666666666666,0.4657338261604309,-0.7178403028828646
COHFACE_s29_session0_lamp,0,168,5.6,0.24409927427768707,-0.927379162535137
COHFACE_s29_session0_lamp,0,169,5.633333333333334,0.015640368685126305,-1.0988868948228625
COHFACE_s29_session0_lamp,0,170,5.666666666666667,-0.17493312060832977,-1.2190970622858162
COHFACE_s29_session0_lamp,0,171,5.7,-0.325171560049057,-1.281229823840807
COHFACE_s29_session0_lamp,0,172,5.733333333333333,-0.4354102313518524,-1.2843016581991682
COHFACE_s29_session0_lamp,0,173,5.766666666666667,-0.5126086473464966,-1.2298173222528768
COHFACE_s29_session0_lamp,0,174,5.8,-0.5677658319473267,-1.118602667254525
COHFACE_s29_session0_lamp,0,175,5.833333333333333,-0.6252482533454895,-0.9507256965868726
COHFACE_s29_session0_lamp,0,176,5.866666666666666,-0.6904473304748535,-0.7296642845021873
COHFACE_s29_session0_lamp,0,177,5.9,-0.75676029920578,-0.46875242152992636
COHFACE_s29_session0_lamp,0,178,5.933333333333334,-0.8278157711029053,-0.19517987363422973
COHFACE_s29_session0_lamp,0,179,5.966666666666667,-0.8990874886512756,0.05314343284254386
COHFACE_s29_session0_lamp,0,180,6.0,-0.9648975729942322,0.23877626331427124
COHFACE_s29_session0_lamp,0,181,6.033333333333333,-1.014441728591919,0.3396654060635947
COHFACE_s29_session0_lamp,0,182,6.066666666666666,-1.0437614917755127,0.3602265115470768
COHFACE_s29_session0_lamp,0,183,6.1,-1.0639209747314453,0.331943472215078
COHFACE_s29_session0_lamp,0,184,6.133333333333334,-1.0810251235961914,0.3018093390083036
COHFACE_s29_session0_lamp,0,185,6.166666666666667,-1.113984227180481,0.3132315615874799
COHFACE_s29_session0_lamp,0,186,6.2,-1.114989995956421,0.3881461711655792
COHFACE_s29_session0_lamp,0,187,6.233333333333333,-0.7247691750526428,0.5187628693478606
COHFACE_s29_session0_lamp,0,188,6.266666666666667,0.3938294053077698,0.6725939233083275
COHFACE_s29_session0_lamp,0,189,6.3,1.5634429454803467,0.8077854424091425
COHFACE_s29_session0_lamp,0,190,6.333333333333333,2.008345127105713,0.8908297823891064
COHFACE_s29_session0_lamp,0,191,6.366666666666666,1.8689650297164917,0.9081173508080825
COHFACE_s29_session0_lamp,0,192,6.4,1.649228572845459,0.8667966219840131
COHFACE_s29_session0_lamp,0,193,6.433333333333334,1.5902915000915527,0.7864170453987613
COHFACE_s29_session0_lamp,0,194,6.466666666666667,1.6082500219345093,0.6872502475594261
COHFACE_s29_session0_lamp,0,195,6.5,1.5243948698043823,0.5817709043881194
COHFACE_s29_session0_lamp,0,196,6.533333333333333,1.243060827255249,0.4726245663439756
COHFACE_s29_session0_lamp,0,197,6.566666666666666,0.8969764709472656,0.3561467142542246
COHFACE_s29_session0_lamp,0,198,6.6,0.6560099124908447,0.22801021293477006
COHFACE_s29_session0_lamp,0,199,6.633333333333334,0.4974275827407837,0.08771828303022786
COHFACE_s29_session0_lamp,0,200,6.666666666666667,0.32783544063568115,-0.05950663538942522
COHFACE_s29_session0_lamp,0,201,6.7,0.12036872655153275,-0.20317080312778943
COHFACE_s29_session0_lamp,0,202,6.733333333333333,-0.10260149836540222,-0.3296078706585345
COHFACE_s29_session0_lamp,0,203,6.766666666666667,-0.300637423992157,-0.42530023365967595
COHFACE_s29_session0_lamp,0,204,6.8,-0.45696479082107544,-0.4808398800409718
COHFACE_s29_session0_lamp,0,205,6.833333333333333,-0.5829881429672241,-0.4943308595355283
COHFACE_s29_session0_lamp,0,206,6.866666666666666,-0.6887277364730835,-0.4726339724921896
COHFACE_s29_session0_lamp,0,207,6.9,-0.7713120579719543,-0.4293974311845433
COHFACE_s29_session0_lamp,0,208,6.933333333333334,-0.8517009615898132,-0.38042918811363186
COHFACE_s29_session0_lamp,0,209,6.966666666666667,-0.9241083264350891,-0.3387148247318728
COHFACE_s29_session0_lamp,0,210,7.0,-0.9953962564468384,-0.3119297804590114
COHFACE_s29_session0_lamp,0,211,7.033333333333333,-1.0641642808914185,-0.3037436660791605
COHFACE_s29_session0_lamp,0,212,7.066666666666666,-1.135890245437622,-0.3171928979347257
COHFACE_s29_session0_lamp,0,213,7.1,-1.205172061920166,-0.3565451744199202
COHFACE_s29_session0_lamp,0,214,7.133333333333334,-1.2624706029891968,-0.4253543809032303
COHFACE_s29_session0_lamp,0,215,7.166666666666667,-1.3085213899612427,-0.5216249223916457
COHFACE_s29_session0_lamp,0,216,7.2,-1.347266674041748,-0.6335556823120341
COHFACE_s29_session0_lamp,0,217,7.233333333333333,-1.3765215873718262,-0.7394271198219625
COHFACE_s29_session0_lamp,0,218,7.266666666666667,-1.3984439373016357,-0.8127377835391457
COHFACE_s29_session0_lamp,0,219,7.3,-1.413341760635376,-0.8305320171889586
COHFACE_s29_session0_lamp,0,220,7.333333333333333,-1.4332199096679688,-0.7810427024896447
COHFACE_s29_session0_lamp,0,221,7.366666666666666,-1.4610093832015991,-0.666806397741877
COHFACE_s29_session0_lamp,0,222,7.4,-1.4611338376998901,-0.5011344161936476
COHFACE_s29_session0_lamp,0,223,7.433333333333334,-1.1474624872207642,-0.2994476182006107
COHFACE_s29_session0_lamp,0,224,7.466666666666667,-0.24502600729465485,-0.07120187417873464
COHFACE_s29_session0_lamp,0,225,7.5,0.7182077169418335,0.18114484083538215
COHFACE_s29_session0_lamp,0,226,7.533333333333333,1.1397438049316406,0.4546398648581135
COHFACE_s29_session0_lamp,0,227,7.566666666666666,1.1012797355651855,0.7352305529701357
COHFACE_s29_session0_lamp,0,228,7.6,0.9795879125595093,0.9926378109264222
COHFACE_s29_session0_lamp,0,229,7.633333333333334,0.9691458940505981,1.1860936409491791
COHFACE_s29_session0_lamp,0,230,7.666666666666667,1.0197877883911133,1.2786324816136718
COHFACE_s29_session0_lamp,0,231,7.7,1.002040147781372,1.2517614059981945
COHFACE_s29_session0_lamp,0,232,7.733333333333333,0.824790894985199,1.1130404447741127
COHFACE_s29_session0_lamp,0,233,7.766666666666667,0.5796550512313843,0.894176036388498
COHFACE_s29_session0_lamp,0,234,7.8,0.3943377137184143,0.6418218294827315
COHFACE_s29_session0_lamp,0,235,7.833333333333333,0.2628364861011505,0.4051249979297601
COHFACE_s29_session0_lamp,0,236,7.866666666666666,0.12010916322469711,0.22349521387455887
COHFACE_s29_session0_lamp,0,237,7.9,-0.05172169581055641,0.11699897688098705
COHFACE_s29_session0_lamp,0,238,7.933333333333334,-0.23036068677902222,0.0815572250365079
COHFACE_s29_session0_lamp,0,239,7.966666666666667,-0.38947293162345886,0.09085726604030314
COHFACE_s29_session0_lamp,1,0,1.0,0.15089984238147736,-0.20363369122792704
COHFACE_s29_session0_lamp,1,1,1.0333333333333334,-0.08436717838048935,-0.28398556511651335
COHFACE_s29_session0_lamp,1,2,1.0666666666666667,-0.2900656461715698,-0.39761765175586516
COHFACE_s29_session0_lamp,1,3,1.1,-0.45302265882492065,-0.5662750269013412
COHFACE_s29_session0_lamp,1,4,1.1333333333333333,-0.5795705318450928,-0.7877479206226631
COHFACE_s29_session0_lamp,1,5,1.1666666666666667,-0.6713748574256897,-1.0335848774786893
COHFACE_s29_session0_lamp,1,6,1.2,-0.7343891859054565,-1.254961101534334
COHFACE_s29_session0_lamp,1,7,1.2333333333333334,-0.791201114654541,-1.394699229012179
COHFACE_s29_session0_lamp,1,8,1.2666666666666666,-0.8517496585845947,-1.4018188140470345
COHFACE_s29_session0_lamp,1,9,1.3,-0.9204798340797424,-1.2449759419606161
COHFACE_s29_session0_lamp,1,10,1.3333333333333333,-0.9928547143936157,-0.9220307406342778
COHFACE_s29_session0_lamp,1,11,1.3666666666666667,-1.06342351436615,-0.4636029248322467
COHFACE_s29_session0_lamp,1,12,1.4,-1.1295093297958374,0.07134092058230357
COHFACE_s29_session0_lamp,1,13,1.4333333333333333,-1.1857264041900635,0.6084118280494025
COHFACE_s29_session0_lamp,1,14,1.4666666666666666,-1.2195398807525635,1.076224101452893
COHFACE_s29_session0_lamp,1,15,1.5,-1.239385724067688,1.423803831683546
COHFACE_s29_session0_lamp,1,16,1.5333333333333334,-1.2584203481674194,1.6299743445610304
COHFACE_s29_session0_lamp,1,17,1.5666666666666667,-1.289000153541565,1.7012532408680947
COHFACE_s29_session0_lamp,1,18,1.6,-1.3154702186584473,1.6607217683530444
COHFACE_s29_session0_lamp,1,19,1.6333333333333333,-1.0711562633514404,1.5346156818476229
COHFACE_s29_session0_lamp,1,20,1.6666666666666667,-0.07148635387420654,1.3431930579237636
COHFACE_s29_session0_lamp,1,21,1.7,1.231558918952942,1.0992060404620516
COHFACE_s29_session0_lamp,1,22,1.7333333333333334,1.9052660465240479,0.8136094539452733
COHFACE_s29_session0_lamp,1,23,1.7666666666666666,1.8631898164749146,0.504249860210173
COHFACE_s29_session0_lamp,1,24,1.8,1.614382266998291,0.20012441870007056
COHFACE_s29_session0_lamp,1,25,1.8333333333333333,1.4884616136550903,-0.06440054046576038
COHFACE_s29_session0_lamp,1,26,1.8666666666666667,1.4741531610488892,-0.26308486697199057
COHFACE_s29_session0_lamp,1,27,1.9,1.411128044128418,-0.3897424954214865
COHFACE_s29_session0_lamp,1,28,1.9333333333333333,1.1775805950164795,-0.4602850378150511
COHFACE_s29_session0_lamp,1,29,1.9666666666666666,0.8620436191558838,-0.5037115453708156
COHFACE_s29_session0_lamp,1,30,2.0,0.6369320154190063,-0.5479936924869808
COHFACE_s29_session0_lamp,1,31,2.033333333333333,0.4943614900112152,-0.6091069606648526
COHFACE_s29_session0_lamp,1,32,2.066666666666667,0.33472469449043274,-0.6879595191270086
COHFACE_s29_session0_lamp,1,33,2.1,0.13480693101882935,-0.7743846290580658
COHFACE_s29_session0_lamp,1,34,2.1333333333333333,-0.08292336016893387,-0.8541103388362247
COHFACE_s29_session0_lamp,1,35,2.1666666666666665,-0.2773524522781372,-0.914704847571731
COHFACE_s29_session0_lamp,1,36,2.2,-0.4349019229412079,-0.9485193805664933
COHFACE_s29_session0_lamp,1,37,2.2333333333333334,-0.5630666613578796,-0.9527422280585578
COHFACE_s29_session0_lamp,1,38,2.2666666666666666,-0.6534433364868164,-0.9276531374047208
COHFACE_s29_session0_lamp,1,39,2.3,-0.720113217830658,-0.8743061914961796
COHFACE_s29_session0_lamp,1,40,2.3333333333333335,-0.7788772583007812,-0.7928580993465352
COHFACE_s29_session0_lamp,1,41,2.3666666666666667,-0.8356188535690308,-0.6825081362165069
COHFACE_s29_session0_lamp,1,42,2.4,-0.8908247351646423,-0.5432307898660385
COHFACE_s29_session0_lamp,1,43,2.433333333333333,-0.9495887756347656,-0.37837087455615326
COHFACE_s29_session0_lamp,1,44,2.466666666666667,-1.0114513635635376,-0.19633471723876944
COHFACE_s29_session0_lamp,1,45,2.5,-1.071967363357544,-0.009759734081012814
COHFACE_s29_session0_lamp,1,46,2.533333333333333,-1.1212519407272339,0.16810660607856906
COHFACE_s29_session0_lamp,1,47,2.566666666666667,-1.160332441329956,0.3282685365906693
COHFACE_s29_session0_lamp,1,48,2.6,-1.1890466213226318,0.4693891463891222
COHFACE_s29_session0_lamp,1,49,2.6333333333333333,-1.206107497215271,0.5974323108559224
COHFACE_s29_session0_lamp,1,50,2.6666666666666665,-1.2269212007522583,0.7211189193401629
COHFACE_s29_session0_lamp,1,51,2.7,-1.2370171546936035,0.8449694569644393
COHFACE_s29_session0_lamp,1,52,2.7333333333333334,-1.2360655069351196,0.9629529078083201
COHFACE_s29_session0_lamp,1,53,2.7666666666666666,-1.2387422323226929,1.055899203226436
COHFACE_s29_session0_lamp,1,54,2.8,-1.2614322900772095,1.0950274934167943
COHFACE_s29_session0_lamp,1,55,2.8333333333333335,-1.272966742515564,1.0519029422679629
COHFACE_s29_session0_lamp,1,56,2.8666666666666667,-1.0400248765945435,0.9119782828690778
COHFACE_s29_session0_lamp,1,57,2.9,-0.12409117072820663,0.6859219142827895
COHFACE_s29_session0_lamp,1,58,2.933333333333333,1.0892155170440674,0.4121452106126161
COHFACE_s29_session0_lamp,1,59,2.966666666666667,1.7800052165985107,0.1469922591185955
COHFACE_s29_session0_lamp,1,60,3.0,1.8226492404937744,-0.05458431549809588
COHFACE_s29_session0_lamp,1,61,3.033333333333333,1.6266303062438965,-0.15927375267433086
COHFACE_s29_session0_lamp,1,62,3.066666666666667,1.5206258296966553,-0.16681256213626175
COHFACE_s29_session0_lamp,1,63,3.1,1.534728765487671,-0.10681680856634193
COHFACE_s29_session0_lamp,1,64,3.1333333333333333,1.5276719331741333,-0.022561142227832207
COHFACE_s29_session0_lamp,1,65,3.1666666666666665,1.3476485013961792,0.0495129205759382
COHFACE_s29_session0_lamp,1,66,3.2,1.0675636529922485,0.0925021333854016
COHFACE_s29_session0_lamp,1,67,3.2333333333333334,0.8532617092132568,0.10663816725703758
COHFACE_s29_session0_lamp,1,68,3.2666666666666666,0.7137464880943298,0.09593856653961383
COHFACE_s29_session0_lamp,1,69,3.3,0.5607826113700867,0.056380399035804094
COHFACE_s29_session0_lamp,1,70,3.3333333333333335,0.362335741519928,-0.024802821130931716
COHFACE_s29_session0_lamp,1,71,3.3666666666666667,0.14660082757472992,-0.1592802663118079
COHFACE_s29_session0_lamp,1,72,3.4,-0.046368204057216644,-0.34608622996837685
COHFACE_s29_session0_lamp,1,73,3.433333333333333,-0.210428386926651,-0.5675417111006458
COHFACE_s29_session0_lamp,1,74,3.466666666666667,-0.3447577655315399,-0.7945374935157296
COHFACE_s29_session0_lamp,1,75,3.5,-0.45315244793891907,-0.9958186723932873
COHFACE_s29_session0_lamp,1,76,3.533333333333333,-0.5321245789527893,-1.145250171977029
COHFACE_s29_session0_lamp,1,77,3.566666666666667,-0.5916835069656372,-1.225063602969343
COHFACE_s29_session0_lamp,1,78,3.6,-0.6563093662261963,-1.2264880795688047
COHFACE_s29_session0_lamp,1,79,3.6333333333333333,-0.7234713435173035,-1.149705971290344
COHFACE_s29_session0_lamp,1,80,3.6666666666666665,-0.7941266298294067,-1.0034252067483445
COHFACE_s29_session0_lamp,1,81,3.7,-0.8521011471748352,-0.8027392905824302
COHFACE_s29_session0_lamp,1,82,3.7333333333333334,-0.9108489751815796,-0.5643335464513531
COHFACE_s29_session0_lamp,1,83,3.7666666666666666,-0.9563103914260864,-0.30057851163053073
COHFACE_s29_session0_lamp,1,84,3.8,-0.9896371960639954,-0.016658459348582424
COHFACE_s29_session0_lamp,1,85,3.8333333333333335,-1.0210011005401611,0.28570839934787384
COHFACE_s29_session0_lamp,1,86,3.8666666666666667,-1.0515214204788208,0.5992728798720457
COHFACE_s29_session0_lamp,1,87,3.9,-1.068771481513977,0.9035322599995301
COHFACE_s29_session0_lamp,1,88,3.933333333333333,-1.0742764472961426,1.165474642006905
COHFACE_s29_session0_lamp,1,89,3.966666666666667,-1.0893040895462036,1.3504963425808652
COHFACE_s29_session0_lamp,1,90,4.0,-1.1203110218048096,1.4368901456147034
COHFACE_s29_session0_lamp,1,91,4.033333333333333,-1.1286170482635498,1.4238238890774486
COHFACE_s29_session0_lamp,1,92,4.066666666666666,-0.8683833479881287,1.328255334386515
COHFACE_s29_session0_lamp,1,93,4.1,0.04885905236005783,1.1749502658464754
COHFACE_s29_session0_lamp,1,94,4.133333333333334,1.1886606216430664,0.9875500107502974
COHFACE_s29_session0_lamp,1,95,4.166666666666667,1.8141052722930908,0.7855518172214612
COHFACE_s29_session0_lamp,1,96,4.2,1.8302252292633057,0.5856534335806032
COHFACE_s29_session0_lamp,1,97,4.233333333333333,1.6112836599349976,0.40224688704897305
COHFACE_s29_session0_lamp,1,98,4.266666666666667,1.4680263996124268,0.24427359175508204
COHFACE_s29_session0_lamp,1,99,4.3,1.4603314399719238,0.11068145841440287
COHFACE_s29_session0_lamp,1,100,4.333333333333333,1.4389013051986694,-0.01094131942348975
COHFACE_s29_session0_lamp,1,101,4.366666666666666,1.2758252620697021,-0.13972921454403903
COHFACE_s29_session0_lamp,1,102,4.4,1.0772809982299805,-0.29217495918318714
COHFACE_s29_session0_lamp,1,103,4.433333333333334,0.9462556838989258,-0.47293106589808864
COHFACE_s29_session0_lamp,1,104,4.466666666666667,0.832242488861084,-0.6713084525625668
COHFACE_s29_session0_lamp,1,105,4.5,0.6716485619544983,-0.8658432892752187
COHFACE_s29_session0_lamp,1,106,4.533333333333333,0.4663340747356415,-1.0340187647865708
COHFACE_s29_session0_lamp,1,107,4.566666666666666,0.2617117166519165,-1.1608977164685153
COHFACE_s29_session0_lamp,1,108,4.6,0.0710841566324234,-1.241866511960895
COHFACE_s29_session0_lamp,1,109,4.633333333333334,-0.09665858000516891,-1.2792657073908007
COHFACE_s29_session0_lamp,1,110,4.666666666666667,-0.22295232117176056,-1.2766398421300273
COHFACE_s29_session0_lamp,1,111,4.7,-0.31188517808914185,-1.2349560272587075
COHFACE_s29_session0_lamp,1,112,4.733333333333333,-0.37139004468917847,-1.1523492375951117
COHFACE_s29_session0_lamp,1,113,4.766666666666667,-0.42054483294487,-1.025912480809903
COHFACE_s29_session0_lamp,1,114,4.8,-0.4776000678539276,-0.8535745907652771
COHFACE_s29_session0_lamp,1,115,4.833333333333333,-0.542701780796051,-0.635299265080567
COHFACE_s29_session0_lamp,1,116,4.866666666666666,-0.6096474528312683,-0.3736433696516267
COHFACE_s29_session0_lamp,1,117,4.9,-0.6770581603050232,-0.07391016243497114
COHFACE_s29_session0_lamp,1,118,4.933333333333334,-0.7434685230255127,0.25569907663002617
COHFACE_s29_session0_lamp,1,119,4.966666666666667,-0.7930613160133362,0.6034147227334334
COHFACE_s29_session0_lamp,1,120,5.0,-0.8328447937965393,0.9524841668040493
COHFACE_s29_session0_lamp,1,121,5.033333333333333,-0.8762891888618469,1.2797473399300399
COHFACE_s29_session0_lamp,1,122,5.066666666666666,-0.9218533635139465,1.5561034404000589
COHFACE_s29_session0_lamp,1,123,5.1,-0.9301647543907166,1.7506730432328954
COHFACE_s29_session0_lamp,1,124,5.133333333333334,-0.551543116569519,1.8383437012487325
COHFACE_s29_session0_lamp,1,125,5.166666666666667,0.5050144195556641,1.8076948262303096
COHFACE_s29_session0_lamp,1,126,5.2,1.5966508388519287,1.6652001630001705
COHFACE_s29_session0_lamp,1,127,5.233333333333333,2.018284320831299,1.433202900372839
COHFACE_s29_session0_lamp,1,128,5.266666666666667,1.874902606010437,1.1427018666602446
COHFACE_s29_session0_lamp,1,129,5.3,1.6354230642318726,0.8247898181662401
COHFACE_s29_session0_lamp,1,130,5.333333333333333,1.5367240905761719,0.5044992987048735
COHFACE_s29_session0_lamp,1,131,5.366666666666666,1.5309866666793823,0.1985061265902544
COHFACE_s29_session0_lamp,1,132,5.4,1.4358676671981812,-0.08427890697264065
COHFACE_s29_session0_lamp,1,133,5.433333333333334,1.177358865737915,-0.3410825597010557
COHFACE_s29_session0_lamp,1,134,5.466666666666667,0.9304330945014954,-0.5735547835587945
COHFACE_s29_session0_lamp,1,135,5.5,0.7765283584594727,-0.785740962642708
COHFACE_s29_session0_lamp,1,136,5.533333333333333,0.641696035861969,-0.9814988614455668
COHFACE_s29_session0_lamp,1,137,5.566666666666666,0.4657338261604309,-1.1618412269198826
COHFACE_s29_session0_lamp,1,138,5.6,0.24409927427768707,-1.3230628652071676
COHFACE_s29_session0_lamp,1,139,5.633333333333334,0.015640368685126305,-1.4562663754765952
COHFACE_s29_session0_lamp,1,140,5.666666666666667,-0.17493312060832977,-1.5483171448275874
COHFACE_s29_session0_lamp,1,141,5.7,-0.325171560049057,-1.5837073849704315
COHFACE_s29_session0_lamp,1,142,5.733333333333333,-0.4354102313518524,-1.5466683732538415
COHFACE_s29_session0_lamp,1,143,5.766666666666667,-0.5126086473464966,-1.423434392648377
COHFACE_s29_session0_lamp,1,144,5.8,-0.5677658319473267,-1.205472275922998
COHFACE_s29_session0_lamp,1,145,5.833333333333333,-0.6252482533454895,-0.894433627297034
COHFACE_s29_session0_lamp,1,146,5.866666666666666,-0.6904473304748535,-0.5078029263447184
COHFACE_s29_session0_lamp,1,147,5.9,-0.75676029920578,-0.08181429590169816
COHFACE_s29_session0_lamp,1,148,5.933333333333334,-0.8278157711029053,0.3325991406761244
COHFACE_s29_session0_lamp,1,149,5.966666666666667,-0.8990874886512756,0.682267342385663
COHFACE_s29_session0_lamp,1,150,6.0,-0.9648975729942322,0.9283359840234187
COHFACE_s29_session0_lamp,1,151,6.033333333333333,-1.014441728591919,1.0585461421974218
COHFACE_s29_session0_lamp,1,152,6.066666666666666,-1.0437614917755127,1.0885632036684474
COHFACE_s29_session0_lamp,1,153,6.1,-1.0639209747314453,1.051817829282464
COHFACE_s29_session0_lamp,1,154,6.133333333333334,-1.0810251235961914,0.9836272895315452
COHFACE_s29_session0_lamp,1,155,6.166666666666667,-1.113984227180481,0.907899961556623
COHFACE_s29_session0_lamp,1,156,6.2,-1.114989995956421,0.8321363821582015
COHFACE_s29_session0_lamp,1,157,6.233333333333333,-0.7247691750526428,0.7512317347750395
COHFACE_s29_session0_lamp,1,158,6.266666666666667,0.3938294053077698,0.6563693151789424
COHFACE_s29_session0_lamp,1,159,6.3,1.5634429454803467,0.543752395480768
COHFACE_s29_session0_lamp,1,160,6.333333333333333,2.008345127105713,0.4189775581325197
COHFACE_s29_session0_lamp,1,161,6.366666666666666,1.8689650297164917,0.29549089518029004
COHFACE_s29_session0_lamp,1,162,6.4,1.649228572845459,0.18844800729895803
COHFACE_s29_session0_lamp,1,163,6.433333333333334,1.5902915000915527,0.10735554186430164
COHFACE_s29_session0_lamp,1,164,6.466666666666667,1.6082500219345093,0.051394543001702396
COHFACE_s29_session0_lamp,1,165,6.5,1.5243948698043823,0.009933760639646
COHFACE_s29_session0_lamp,1,166,6.533333333333333,1.243060827255249,-0.03209734557198758
COHFACE_s29_session0_lamp,1,167,6.566666666666666,0.8969764709472656,-0.08699091942166612
COHFACE_s29_session0_lamp,1,168,6.6,0.6560099124908447,-0.15909473044709535
COHFACE_s29_session0_lamp,1,169,6.633333333333334,0.4974275827407837,-0.24409856954352085
COHFACE_s29_session0_lamp,1,170,6.666666666666667,0.32783544063568115,-0.33219926709958625
COHFACE_s29_session0_lamp,1,171,6.7,0.12036872655153275,-0.4123669692985768
COHFACE_s29_session0_lamp,1,172,6.733333333333333,-0.10260149836540222,-0.475132256068788
COHFACE_s29_session0_lamp,1,173,6.766666666666667,-0.300637423992157,-0.5131973082528389
COHFACE_s29_session0_lamp,1,174,6.8,-0.45696479082107544,-0.5209694638179446
COHFACE_s29_session0_lamp,1,175,6.833333333333333,-0.5829881429672241,-0.49464491813805356
COHFACE_s29_session0_lamp,1,176,6.866666666666666,-0.6887277364730835,-0.43358490769837027
COHFACE_s29_session0_lamp,1,177,6.9,-0.7713120579719543,-0.34232534535381526
COHFACE_s29_session0_lamp,1,178,6.933333333333334,-0.8517009615898132,-0.23177044721589019
COHFACE_s29_session0_lamp,1,179,6.966666666666667,-0.9241083264350891,-0.11841147506034586
COHFACE_s29_session0_lamp,1,180,7.0,-0.9953962564468384,-0.0214787086089432
COHFACE_s29_session0_lamp,1,181,7.033333333333333,-1.0641642808914185,0.041126317606389545
COHFACE_s29_session0_lamp,1,182,7.066666666666666,-1.135890245437622,0.057061637194734734
COHFACE_s29_session0_lamp,1,183,7.1,-1.205172061920166,0.022943974598560495
COHFACE_s29_session0_lamp,1,184,7.133333333333334,-1.2624706029891968,-0.05419213081684425
COHFACE_s29_session0_lamp,1,185,7.166666666666667,-1.3085213899612427,-0.1581785740716905
COHFACE_s29_session0_lamp,1,186,7.2,-1.347266674041748,-0.2673987600593631
COHFACE_s29_session0_lamp,1,187,7.233333333333333,-1.3765215873718262,-0.3594630695908339
COHFACE_s29_session0_lamp,1,188,7.266666666666667,-1.3984439373016357,-0.4154275012276148
COHFACE_s29_session0_lamp,1,189,7.3,-1.413341760635376,-0.42275426259220356
COHFACE_s29_session0_lamp,1,190,7.333333333333333,-1.4332199096679688,-0.37673212920391375
COHFACE_s29_session0_lamp,1,191,7.366666666666666,-1.4610093832015991,-0.2802022923454196
COHFACE_s29_session0_lamp,1,192,7.4,-1.4611338376998901,-0.1414965963745335
COHFACE_s29_session0_lamp,1,193,7.433333333333334,-1.1474624872207642,0.02882830154655261
COHFACE_s29_session0_lamp,1,194,7.466666666666667,-0.24502600729465485,0.22064652602229262
COHFACE_s29_session0_lamp,1,195,7.5,0.7182077169418335,0.42428502099176624
COHFACE_s29_session0_lamp,1,196,7.533333333333333,1.1397438049316406,0.627776019380562
COHFACE_s29_session0_lamp,1,197,7.566666666666666,1.1012797355651855,0.8138964549732728
COHFACE_s29_session0_lamp,1,198,7.6,0.9795879125595093,0.960671927010272
COHFACE_s29_session0_lamp,1,199,7.633333333333334,0.9691458940505981,1.0468819215414713
COHFACE_s29_session0_lamp,1,200,7.666666666666667,1.0197877883911133,1.0596113054824619
COHFACE_s29_session0_lamp,1,201,7.7,1.002040147781372,0.998452280583114
COHFACE_s29_session0_lamp,1,202,7.733333333333333,0.824790894985199,0.8735551472737036
COHFACE_s29_session0_lamp,1,203,7.766666666666667,0.5796550512313843,0.6995402353569301
COHFACE_s29_session0_lamp,1,204,7.8,0.3943377137184143,0.48982991889291133
COHFACE_s29_session0_lamp,1,205,7.833333333333333,0.2628364861011505,0.2548511903816925
COHFACE_s29_session0_lamp,1,206,7.866666666666666,0.12010916322469711,0.004206176471943491
COHFACE_s29_session0_lamp,1,207,7.9,-0.05172169581055641,-0.24986924764469554
COHFACE_s29_session0_lamp,1,208,7.933333333333334,-0.23036068677902222,-0.49069241681939857
COHFACE_s29_session0_lamp,1,209,7.966666666666667,-0.38947293162345886,-0.6984346427454272
COHFACE_s29_session0_lamp,1,210,8.0,-0.5229100584983826,-0.8544158428186156
COHFACE_s29_session0_lamp,1,211,8.033333333333333,-0.6384751796722412,-0.9467618794068889
COHFACE_s29_session0_lamp,1,212,8.066666666666666,-0.7328804731369019,-0.9744430667963005
COHFACE_s29_session0_lamp,1,213,8.1,-0.8050715327262878,-0.9468241219920579
COHFACE_s29_session0_lamp,1,214,8.133333333333333,-0.8781872391700745,-0.8782670445397656
COHFACE_s29_session0_lamp,1,215,8.166666666666666,-0.9444299340248108,-0.7808115927995835
COHFACE_s29_session0_lamp,1,216,8.2,-1.0071738958358765,-0.6600495522859331
COHFACE_s29_session0_lamp,1,217,8.233333333333333,-1.0738492012023926,-0.5176803546648415
COHFACE_s29_session0_lamp,1,218,8.266666666666667,-1.1372637748718262,-0.3590636083603207
COHFACE_s29_session0_lamp,1,219,8.3,-1.1941567659378052,-0.19949974014831157
COHFACE_s29_session0_lamp,1,220,8.333333333333334,-1.2354382276535034,-0.06307289118073957
COHFACE_s29_session0_lamp,1,221,8.366666666666667,-1.2698627710342407,0.027287863790472155
COHFACE_s29_session0_lamp,1,222,8.4,-1.2981281280517578,0.06347700657329064
COHFACE_s29_session0_lamp,1,223,8.433333333333334,-1.3231596946716309,0.060848835850326854
COHFACE_s29_session0_lamp,1,224,8.466666666666667,-1.3402800559997559,0.054893616765593053
COHFACE_s29_session0_lamp,1,225,8.5,-1.3523768186569214,0.08578626753896017
COHFACE_s29_session0_lamp,1,226,8.533333333333333,-1.3592065572738647,0.17850877603950416
COHFACE_s29_session0_lamp,1,227,8.566666666666666,-1.3630350828170776,0.32963779064362464
COHFACE_s29_session0_lamp,1,228,8.6,-1.3653550148010254,0.5078863460763186
COHFACE_s29_session0_lamp,1,229,8.633333333333333,-1.366068720817566,0.6673721527757781
COHFACE_s29_session0_lamp,1,230,8.666666666666666,-1.360163688659668,0.7660549629966142
COHFACE_s29_session0_lamp,1,231,8.7,-1.1346843242645264,0.7803666437159451
COHFACE_s29_session0_lamp,1,232,8.733333333333333,-0.4177112579345703,0.7107817349319351
COHFACE_s29_session0_lamp,1,233,8.766666666666667,0.43039536476135254,0.5784562788941826
COHFACE_s29_session0_lamp,1,234,8.8,0.8933966755867004,0.41638338308035033
COHFACE_s29_session0_lamp,1,235,8.833333333333334,0.9478130340576172,0.2590478057711159
COHFACE_s29_session0_lamp,1,236,8.866666666666667,0.8790666460990906,0.1334979948003595
COHFACE_s29_session0_lamp,1,237,8.9,0.881537914276123,0.05341381616096032
COHFACE_s29_session0_lamp,1,238,8.933333333333334,0.9714494943618774,0.016911729376368645
COHFACE_s29_session0_lamp,1,239,8.966666666666667,1.0287210941314697,0.008391841892757938
COHFACE_s29_session0_lamp,2,0,2.0,0.6369320154190063,-0.04826106592883425
COHFACE_s29_session0_lamp,2,1,2.033333333333333,0.4943614900112152,0.45907211969052925
COHFACE_s29_session0_lamp,2,2,2.066666666666667,0.33472469449043274,0.8826539900518066
COHFACE_s29_session0_lamp,2,3,2.1,0.13480693101882935,1.1633180706385928
COHFACE_s29_session0_lamp,2,4,2.1333333333333333,-0.08292336016893387,1.2819342044446498
COHFACE_s29_session0_lamp,2,5,2.1666666666666665,-0.2773524522781372,1.2621786925030478
COHFACE_s29_session0_lamp,2,6,2.2,-0.4349019229412079,1.1561754810132554
COHFACE_s29_session0_lamp,2,7,2.2333333333333334,-0.5630666613578796,1.0181310163892274
COHFACE_s29_session0_lamp,2,8,2.2666666666666666,-0.6534433364868164,0.8789132532620505
COHFACE_s29_session0_lamp,2,9,2.3,-0.720113217830658,0.7357374695095816
COHFACE_s29_session0_lamp,2,10,2.3333333333333335,-0.7788772583007812,0.5631602825456204
COHFACE_s29_session0_lamp,2,11,2.3666666666666667,-0.8356188535690308,0.338558708315472
COHFACE_s29_session0_lamp,2,12,2.4,-0.8908247351646423,0.06537137384010636
COHFACE_s29_session0_lamp,2,13,2.433333333333333,-0.9495887756347656,-0.22133059082597137
COHFACE_s29_session0_lamp,2,14,2.466666666666667,-1.0114513635635376,-0.46921805877581674
COHFACE_s29_session0_lamp,2,15,2.5,-1.071967363357544,-0.631564255585825
COHFACE_s29_session0_lamp,2,16,2.533333333333333,-1.1212519407272339,-0.6840567689378755
COHFACE_s29_session0_lamp,2,17,2.566666666666667,-1.160332441329956,-0.6278760989889153
COHFACE_s29_session0_lamp,2,18,2.6,-1.1890466213226318,-0.4809373573869466
COHFACE_s29_session0_lamp,2,19,2.6333333333333333,-1.206107497215271,-0.26571147691323577
COHFACE_s29_session0_lamp,2,20,2.6666666666666665,-1.2269212007522583,-0.002581021100710781
COHFACE_s29_session0_lamp,2,21,2.7,-1.2370171546936035,0.28752272194136724
COHFACE_s29_session0_lamp,2,22,2.7333333333333334,-1.2360655069351196,0.5750403301201726
COHFACE_s29_session0_lamp,2,23,2.7666666666666666,-1.2387422323226929,0.8166052900560737
COHFACE_s29_session0_lamp,2,24,2.8,-1.2614322900772095,0.9592314783988803
COHFACE_s29_session0_lamp,2,25,2.8333333333333335,-1.272966742515564,0.9543757479521443
COHFACE_s29_session0_lamp,2,26,2.8666666666666667,-1.0400248765945435,0.7767127038958068
COHFACE_s29_session0_lamp,2,27,2.9,-0.12409117072820663,0.4393252691729584
COHFACE_s29_session0_lamp,2,28,2.933333333333333,1.0892155170440674,-0.0027287856407277877
COHFACE_s29_session0_lamp,2,29,2.966666666666667,1.7800052165985107,-0.46424745062171635
COHFACE_s29_session0_lamp,2,30,3.0,1.8226492404937744,-0.8537257900662343
COHFACE_s29_session0_lamp,2,31,3.033333333333333,1.6266303062438965,-1.099658887751265
COHFACE_s29_session0_lamp,2,32,3.066666666666667,1.5206258296966553,-1.168386021540341
COHFACE_s29_session0_lamp,2,33,3.1,1.534728765487671,-1.0667370714446265
COHFACE_s29_session0_lamp,2,34,3.1333333333333333,1.5276719331741333,-0.8304002856375675
COHFACE_s29_session0_lamp,2,35,3.1666666666666665,1.3476485013961792,-0.5062260241535367
COHFACE_s29_session0_lamp,2,36,3.2,1.0675636529922485,-0.13945110540279623
COHFACE_s29_session0_lamp,2,37,3.2333333333333334,0.8532617092132568,0.22776258800588695
COHFACE_s29_session0_lamp,2,38,3.2666666666666666,0.7137464880943298,0.5501086581643756
COHFACE_s29_session0_lamp,2,39,3.3,0.5607826113700867,0.7759286456132652
COHFACE_s29_session0_lamp,2,40,3.3333333333333335,0.362335741519928,0.8550752923347151
COHFACE_s29_session0_lamp,2,41,3.3666666666666667,0.14660082757472992,0.7561188434295617
COHFACE_s29_session0_lamp,2,42,3.4,-0.046368204057216644,0.4822842051342851
COHFACE_s29_session0_lamp,2,43,3.433333333333333,-0.210428386926651,0.07519015725394668
COHFACE_s29_session0_lamp,2,44,3.466666666666667,-0.3447577655315399,-0.3953600373733733
COHFACE_s29_session0_lamp,2,45,3.5,-0.45315244793891907,-0.8481354009448496
COHFACE_s29_session0_lamp,2,46,3.533333333333333,-0.5321245789527893,-1.2059379618199102
COHFACE_s29_session0_lamp,2,47,3.566666666666667,-0.5916835069656372,-1.407200732332643
COHFACE_s29_session0_lamp,2,48,3.6,-0.6563093662261963,-1.414893302373016
COHFACE_s29_session0_lamp,2,49,3.6333333333333333,-0.7234713435173035,-1.2236172331234212
COHFACE_s29_session0_lamp,2,50,3.6666666666666665,-0.7941266298294067,-0.8630410596464774
COHFACE_s29_session0_lamp,2,51,3.7,-0.8521011471748352,-0.39384962150226144
COHFACE_s29_session0_lamp,2,52,3.7333333333333334,-0.9108489751815796,0.10612751246345531
COHFACE_s29_session0_lamp,2,53,3.7666666666666666,-0.9563103914260864,0.5627147171366728
COHFACE_s29_session0_lamp,2,54,3.8,-0.9896371960639954,0.9242765856495855
COHFACE_s29_session0_lamp,2,55,3.8333333333333335,-1.0210011005401611,1.1690176341383602
COHFACE_s29_session0_lamp,2,56,3.8666666666666667,-1.0515214204788208,1.2980115085129835
COHFACE_s29_session0_lamp,2,57,3.9,-1.068771481513977,1.3208525324219655
COHFACE_s29_session0_lamp,2,58,3.933333333333333,-1.0742764472961426,1.2452494676773938
COHFACE_s29_session0_lamp,2,59,3.966666666666667,-1.0893040895462036,1.0774224819389964
COHFACE_s29_session0_lamp,2,60,4.0,-1.1203110218048096,0.8299115074052212
COHFACE_s29_session0_lamp,2,61,4.033333333333333,-1.1286170482635498,0.5274521362740299
COHFACE_s29_session0_lamp,2,62,4.066666666666666,-0.8683833479881287,0.20600644803993878
COHFACE_s29_session0_lamp,2,63,4.1,0.04885905236005783,-0.09242457553439264
COHFACE_s29_session0_lamp,2,64,4.133333333333334,1.1886606216430664,-0.3251354432718962
COHFACE_s29_session0_lamp,2,65,4.166666666666667,1.8141052722930908,-0.4537936694587632
COHFACE_s29_session0_lamp,2,66,4.2,1.8302252292633057,-0.45172434839248987
COHFACE_s29_session0_lamp,2,67,4.233333333333333,1.6112836599349976,-0.3144079410593985
COHFACE_s29_session0_lamp,2,68,4.266666666666667,1.4680263996124268,-0.06916362596477588
COHFACE_s29_session0_lamp,2,69,4.3,1.4603314399719238,0.22352050424784678
COHFACE_s29_session0_lamp,2,70,4.333333333333333,1.4389013051986694,0.4821453053322642
COHFACE_s29_session0_lamp,2,71,4.366666666666666,1.2758252620697021,0.6278343955533711
COHFACE_s29_session0_lamp,2,72,4.4,1.0772809982299805,0.6102056032645318
COHFACE_s29_session0_lamp,2,73,4.433333333333334,0.9462556838989258,0.4236800043226882
COHFACE_s29_session0_lamp,2,74,4.466666666666667,0.832242488861084,0.10666146440840855
COHFACE_s29_session0_lamp,2,75,4.5,0.6716485619544983,-0.27526992786296123
COHFACE_s29_session0_lamp,2,76,4.533333333333333,0.4663340747356415,-0.6528546655894739
COHFACE_s29_session0_lamp,2,77,4.566666666666666,0.2617117166519165,-0.9715322050036809
COHFACE_s29_session0_lamp,2,78,4.6,0.0710841566324234,-1.1977605657669577
COHFACE_s29_session0_lamp,2,79,4.633333333333334,-0.09665858000516891,-1.3147469806287218
COHFACE_s29_session0_lamp,2,80,4.666666666666667,-0.22295232117176056,-1.3151004482953386
COHFACE_s29_session0_lamp,2,81,4.7,-0.31188517808914185,-1.1978136381115894
COHFACE_s29_session0_lamp,2,82,4.733333333333333,-0.37139004468917847,-0.9712918602237465
COHFACE_s29_session0_lamp,2,83,4.766666666666667,-0.42054483294487,-0.6583272644688132
COHFACE_s29_session0_lamp,2,84,4.8,-0.4776000678539276,-0.2977993894926744
COHFACE_s29_session0_lamp,2,85,4.833333333333333,-0.542701780796051,0.05949425592192599
COHFACE_s29_session0_lamp,2,86,4.866666666666666,-0.6096474528312683,0.36041686121524763
COHFACE_s29_session0_lamp,2,87,4.9,-0.6770581603050232,0.5618886263011349
COHFACE_s29_session0_lamp,2,88,4.933333333333334,-0.7434685230255127,0.642306518532804
COHFACE_s29_session0_lamp,2,89,4.966666666666667,-0.7930613160133362,0.6077693338015043
COHFACE_s29_session0_lamp,2,90,5.0,-0.8328447937965393,0.48963628686382143
COHFACE_s29_session0_lamp,2,91,5.033333333333333,-0.8762891888618469,0.33310328325442073
COHFACE_s29_session0_lamp,2,92,5.066666666666666,-0.9218533635139465,0.18162940512818881
COHFACE_s29_session0_lamp,2,93,5.1,-0.9301647543907166,0.0652229820332599
COHFACE_s29_session0_lamp,2,94,5.133333333333334,-0.551543116569519,-0.0016306881105227294
COHFACE_s29_session0_lamp,2,95,5.166666666666667,0.5050144195556641,-0.01312754695211918
COHFACE_s29_session0_lamp,2,96,5.2,1.5966508388519287,0.036487932468733136
COHFACE_s29_session0_lamp,2,97,5.233333333333333,2.018284320831299,0.15506627086493735
COHFACE_s29_session0_lamp,2,98,5.266666666666667,1.874902606010437,0.3456263059575358
COHFACE_s29_session0_lamp,2,99,5.3,1.6354230642318726,0.5954959022739839
COHFACE_s29_session0_lamp,2,100,5.333333333333333,1.5367240905761719,0.8701244265570445
COHFACE_s29_session0_lamp,2,101,5.366666666666666,1.5309866666793823,1.117240717883298
COHFACE_s29_session0_lamp,2,102,5.4,1.4358676671981812,1.280040697540325
COHFACE_s29_session0_lamp,2,103,5.433333333333334,1.177358865737915,1.3125420127012295
COHFACE_s29_session0_lamp,2,104,5.466666666666667,0.9304330945014954,1.1902448990285506
COHFACE_s29_session0_lamp,2,105,5.5,0.7765283584594727,0.9135229428308366
COHFACE_s29_session0_lamp,2,106,5.533333333333333,0.641696035861969,0.505651235077868
COHFACE_s29_session0_lamp,2,107,5.566666666666666,0.4657338261604309,0.00873441664097776
COHFACE_s29_session0_lamp,2,108,5.6,0.24409927427768707,-0.5213577559069916
COHFACE_s29_session0_lamp,2,109,5.633333333333334,0.015640368685126305,-1.02207959379767
COHFACE_s29_session0_lamp,2,110,5.666666666666667,-0.17493312060832977,-1.4334430284054747
COHFACE_s29_session0_lamp,2,111,5.7,-0.325171560049057,-1.7071303705272303
COHFACE_s29_session0_lamp,2,112,5.733333333333333,-0.4354102313518524,-1.8124764993087679
COHFACE_s29_session0_lamp,2,113,5.766666666666667,-0.5126086473464966,-1.7381020309143356
COHFACE_s29_session0_lamp,2,114,5.8,-0.5677658319473267,-1.490931511344711
COHFACE_s29_session0_lamp,2,115,5.833333333333333,-0.6252482533454895,-1.0956710073322675
COHFACE_s29_session0_lamp,2,116,5.866666666666666,-0.6904473304748535,-0.5959267299033861
COHFACE_s29_session0_lamp,2,117,5.9,-0.75676029920578,-0.05466423708200017
COHFACE_s29_session0_lamp,2,118,5.933333333333334,-0.8278157711029053,0.4502826749027819
COHFACE_s29_session0_lamp,2,119,5.966666666666667,-0.8990874886512756,0.8383448324004392
COHFACE_s29_session0_lamp,2,120,6.0,-0.9648975729942322,1.0440013616274384
COHFACE_s29_session0_lamp,2,121,6.033333333333333,-1.014441728591919,1.0341982676119472
COHFACE_s29_session0_lamp,2,122,6.066666666666666,-1.0437614917755127,0.8191123956541936
COHFACE_s29_session0_lamp,2,123,6.1,-1.0639209747314453,0.45227918002735984
COHFACE_s29_session0_lamp,2,124,6.133333333333334,-1.0810251235961914,0.018813866062995066
COHFACE_s29_session0_lamp,2,125,6.166666666666667,-1.113984227180481,-0.38612316166621596
COHFACE_s29_session0_lamp,2,126,6.2,-1.114989995956421,-0.6821750706605697
COHFACE_s29_session0_lamp,2,127,6.233333333333333,-0.7247691750526428,-0.8229639517429305
COHFACE_s29_session0_lamp,2,128,6.266666666666667,0.3938294053077698,-0.8023922744614713
COHFACE_s29_session0_lamp,2,129,6.3,1.5634429454803467,-0.6465418720785678
COHFACE_s29_session0_lamp,2,130,6.333333333333333,2.008345127105713,-0.3964097027794913
COHFACE_s29_session0_lamp,2,131,6.366666666666666,1.8689650297164917,-0.09094714867824635
COHFACE_s29_session0_lamp,2,132,6.4,1.649228572845459,0.24101282923099368
COHFACE_s29_session0_lamp,2,133,6.433333333333334,1.5902915000915527,0.5772196501876466
COHFACE_s29_session0_lamp,2,134,6.466666666666667,1.6082500219345093,0.8919209985819149
COHFACE_s29_session0_lamp,2,135,6.5,1.5243948698043823,1.1487631504465363
COHFACE_s29_session0_lamp,2,136,6.533333333333333,1.243060827255249,1.3039341084327583
COHFACE_s29_session0_lamp,2,137,6.566666666666666,0.8969764709472656,1.3195162158241773
COHFACE_s29_session0_lamp,2,138,6.6,0.6560099124908447,1.1797082167652613
COHFACE_s29_session0_lamp,2,139,6.633333333333334,0.4974275827407837,0.9004543022594647
COHFACE_s29_session0_lamp,2,140,6.666666666666667,0.32783544063568115,0.5276296451743749
COHFACE_s29_session0_lamp,2,141,6.7,0.12036872655153275,0.1256988723778426
COHFACE_s29_session0_lamp,2,142,6.733333333333333,-0.10260149836540222,-0.23769071894853222
COHFACE_s29_session0_lamp,2,143,6.766666666666667,-0.300637423992157,-0.506058724158112
COHFACE_s29_session0_lamp,2,144,6.8,-0.45696479082107544,-0.6443579829987438
COHFACE_s29_session0_lamp,2,145,6.833333333333333,-0.5829881429672241,-0.6440424092453256
COHFACE_s29_session0_lamp,2,146,6.866666666666666,-0.6887277364730835,-0.5227104977289266
COHFACE_s29_session0_lamp,2,147,6.9,-0.7713120579719543,-0.3185774063872426
COHFACE_s29_session0_lamp,2,148,6.933333333333334,-0.8517009615898132,-0.08100974631128482
COHFACE_s29_session0_lamp,2,149,6.966666666666667,-0.9241083264350891,0.14020645269882298
COHFACE_s29_session0_lamp,2,150,7.0,-0.9953962564468384,0.3033235794529584
COHFACE_s29_session0_lamp,2,151,7.033333333333333,-1.0641642808914185,0.37850169639460857
COHFACE_s29_session0_lamp,2,152,7.066666666666666,-1.135890245437622,0.34807624604854076
COHFACE_s29_session0_lamp,2,153,7.1,-1.205172061920166,0.20653602483979688
COHFACE_s29_session0_lamp,2,154,7.133333333333334,-1.2624706029891968,-0.0376262342608612
COHFACE_s29_session0_lamp,2,155,7.166666666666667,-1.3085213899612427,-0.3592039953565404
COHFACE_s29_session0_lamp,2,156,7.2,-1.347266674041748,-0.7159107669177057
COHFACE_s29_session0_lamp,2,157,7.233333333333333,-1.3765215873718262,-1.0531813736278968
COHFACE_s29_session0_lamp,2,158,7.266666666666667,-1.3984439373016357,-1.3142911494692258
COHFACE_s29_session0_lamp,2,159,7.3,-1.413341760635376,-1.452831762831032
COHFACE_s29_session0_lamp,2,160,7.333333333333333,-1.4332199096679688,-1.4430396108349348
COHFACE_s29_session0_lamp,2,161,7.366666666666666,-1.4610093832015991,-1.2841938328009685
COHFACE_s29_session0_lamp,2,162,7.4,-1.4611338376998901,-0.9978138779069977
COHFACE_s29_session0_lamp,2,163,7.433333333333334,-1.1474624872207642,-0.6195603116796391
COHFACE_s29_session0_lamp,2,164,7.466666666666667,-0.24502600729465485,-0.19007755235346305
COHFACE_s29_session0_lamp,2,165,7.5,0.7182077169418335,0.25094434814245253
COHFACE_s29_session0_lamp,2,166,7.533333333333333,1.1397438049316406,0.6658384934499895
COHFACE_s29_session0_lamp,2,167,7.566666666666666,1.1012797355651855,1.017354636502396
COHFACE_s29_session0_lamp,2,168,7.6,0.9795879125595093,1.2690407974401656
COHFACE_s29_session0_lamp,2,169,7.633333333333334,0.9691458940505981,1.3907748831988438
COHFACE_s29_session0_lamp,2,170,7.666666666666667,1.0197877883911133,1.3674753079992445
COHFACE_s29_session0_lamp,2,171,7.7,1.002040147781372,1.2053399738524146
COHFACE_s29_session0_lamp,2,172,7.733333333333333,0.824790894985199,0.9317038192698603
COHFACE_s29_session0_lamp,2,173,7.766666666666667,0.5796550512313843,0.5891861754628344
COHFACE_s29_session0_lamp,2,174,7.8,0.3943377137184143,0.2276051024229213
COHFACE_s29_session0_lamp,2,175,7.833333333333333,0.2628364861011505,-0.10320292059102129
COHFACE_s29_session0_lamp,2,176,7.866666666666666,0.12010916322469711,-0.3587451360360775
COHFACE_s29_session0_lamp,2,177,7.9,-0.05172169581055641,-0.5044006496696474
COHFACE_s29_session0_lamp,2,178,7.933333333333334,-0.23036068677902222,-0.5201899324104201
COHFACE_s29_session0_lamp,2,179,7.966666666666667,-0.38947293162345886,-0.4057386960472699
COHFACE_s29_session0_lamp,2,180,8.0,-0.5229100584983826,-0.1842171854802928
COHFACE_s29_session0_lamp,2,181,8.033333333333333,-0.6384751796722412,0.09712322398185745
COHFACE_s29_session0_lamp,2,182,8.066666666666666,-0.7328804731369019,0.3730170987839574
COHFACE_s29_session0_lamp,2,183,8.1,-0.8050715327262878,0.5747421023342065
COHFACE_s29_session0_lamp,2,184,8.133333333333333,-0.8781872391700745,0.650647420148335
COHFACE_s29_session0_lamp,2,185,8.166666666666666,-0.9444299340248108,0.5846426953026284
COHFACE_s29_session0_lamp,2,186,8.2,-1.0071738958358765,0.4021677458371188
COHFACE_s29_session0_lamp,2,187,8.233333333333333,-1.0738492012023926,0.15806213564391763
COHFACE_s29_session0_lamp,2,188,8.266666666666667,-1.1372637748718262,-0.0878135248474261
COHFACE_s29_session0_lamp,2,189,8.3,-1.1941567659378052,-0.2928750287768675
COHFACE_s29_session0_lamp,2,190,8.333333333333334,-1.2354382276535034,-0.44016930943384475
COHFACE_s29_session0_lamp,2,191,8.366666666666667,-1.2698627710342407,-0.5311391381431624
COHFACE_s29_session0_lamp,2,192,8.4,-1.2981281280517578,-0.5707654361998309
COHFACE_s29_session0_lamp,2,193,8.433333333333334,-1.3231596946716309,-0.5564978722949404
COHFACE_s29_session0_lamp,2,194,8.466666666666667,-1.3402800559997559,-0.4784553267587456
COHFACE_s29_session0_lamp,2,195,8.5,-1.3523768186569214,-0.3302015963031816
COHFACE_s29_session0_lamp,2,196,8.533333333333333,-1.3592065572738647,-0.12218200540885632
COHFACE_s29_session0_lamp,2,197,8.566666666666666,-1.3630350828170776,0.11195154093265801
COHFACE_s29_session0_lamp,2,198,8.6,-1.3653550148010254,0.321256852060783
COHFACE_s29_session0_lamp,2,199,8.633333333333333,-1.366068720817566,0.4530964175660221
COHFACE_s29_session0_lamp,2,200,8.666666666666666,-1.360163688659668,0.4702634087714272
COHFACE_s29_session0_lamp,2,201,8.7,-1.1346843242645264,0.3614251210206253
COHFACE_s29_session0_lamp,2,202,8.733333333333333,-0.4177112579345703,0.1418209343074295
COHFACE_s29_session0_lamp,2,203,8.766666666666667,0.43039536476135254,-0.15310398893413762
COHFACE_s29_session0_lamp,2,204,8.8,0.8933966755867004,-0.4764581664586551
COHFACE_s29_session0_lamp,2,205,8.833333333333334,0.9478130340576172,-0.7778486115907899
COHFACE_s29_session0_lamp,2,206,8.866666666666667,0.8790666460990906,-1.0096540674281755
COHFACE_s29_session0_lamp,2,207,8.9,0.881537914276123,-1.1323855413429849
COHFACE_s29_session0_lamp,2,208,8.933333333333334,0.9714494943618774,-1.1201562564466243
COHFACE_s29_session0_lamp,2,209,8.966666666666667,1.0287210941314697,-0.9661803039446704
COHFACE_s29_session0_lamp,2,210,9.0,0.9365652799606323,-0.6864775959995335
COHFACE_s29_session0_lamp,2,211,9.033333333333333,0.7728187441825867,-0.31893712918067163
COHFACE_s29_session0_lamp,2,212,9.066666666666666,0.6520785689353943,0.0841822055175321
COHFACE_s29_session0_lamp,2,213,9.1,0.5595983862876892,0.4690021595435703
COHFACE_s29_session0_lamp,2,214,9.133333333333333,0.4482998251914978,0.792711521208678
COHFACE_s29_session0_lamp,2,215,9.166666666666666,0.30920636653900146,1.0297577525969919
COHFACE_s29_session0_lamp,2,216,9.2,0.1569995880126953,1.1689590258162457
COHFACE_s29_session0_lamp,2,217,9.233333333333333,0.009491964243352413,1.2050393537976352
COHFACE_s29_session0_lamp,2,218,9.266666666666667,-0.1214468702673912,1.1318905638911925
COHFACE_s29_session0_lamp,2,219,9.3,-0.2295549511909485,0.9437382822409229
COHFACE_s29_session0_lamp,2,220,9.333333333333334,-0.31915292143821716,0.644692671341173
COHFACE_s29_session0_lamp,2,221,9.366666666666667,-0.39172789454460144,0.26031716505839053
COHFACE_s29_session0_lamp,2,222,9.4,-0.45054060220718384,-0.15843881835686108
COHFACE_s29_session0_lamp,2,223,9.433333333333334,-0.5120841264724731,-0.5446537317472867
COHFACE_s29_session0_lamp,2,224,9.466666666666667,-0.5819769501686096,-0.8341202421083269
COHFACE_s29_session0_lamp,2,225,9.5,-0.6413357853889465,-0.9821789474031609
COHFACE_s29_session0_lamp,2,226,9.533333333333333,-0.6878841519355774,-0.9701146210887259
COHFACE_s29_session0_lamp,2,227,9.566666666666666,-0.7402293682098389,-0.8015081487272496
COHFACE_s29_session0_lamp,2,228,9.6,-0.7892219424247742,-0.4962592569539233
COHFACE_s29_session0_lamp,2,229,9.633333333333333,-0.8162543773651123,-0.08961213968333674
COHFACE_s29_session0_lamp,2,230,9.666666666666666,-0.8326284885406494,0.364483854519619
COHFACE_s29_session0_lamp,2,231,9.7,-0.849683940410614,0.7940723232603414
COHFACE_s29_session0_lamp,2,232,9.733333333333333,-0.8637436032295227,1.1218104041687036
COHFACE_s29_session0_lamp,2,233,9.766666666666667,-0.8773274421691895,1.2883058778287897
COHFACE_s29_session0_lamp,2,234,9.8,-0.8952535390853882,1.2740436762262728
COHFACE_s29_session0_lamp,2,235,9.833333333333334,-0.8475533723831177,1.1051510354549143
COHFACE_s29_session0_lamp,2,236,9.866666666666667,-0.43224138021469116,0.8381825973987187
COHFACE_s29_session0_lamp,2,237,9.9,0.37292373180389404,0.5328210469755184
COHFACE_s29_session0_lamp,2,238,9.933333333333334,1.0438244342803955,0.22771234753526112
COHFACE_s29_session0_lamp,2,239,9.966666666666667,1.2591321468353271,-0.06849287926833703
COHFACE_s29_session0_lamp,3,0,3.0,1.8226492404937744,0.10506939673180088
COHFACE_s29_session0_lamp,3,1,3.033333333333333,1.6266303062438965,0.32565712504914507
COHFACE_s29_session0_lamp,3,2,3.066666666666667,1.5206258296966553,0.552642599925694
COHFACE_s29_session0_lamp,3,3,3.1,1.534728765487671,0.7926087061059307
COHFACE_s29_session0_lamp,3,4,3.1333333333333333,1.5276719331741333,1.0443226507557852
COHFACE_s29_session0_lamp,3,5,3.1666666666666665,1.3476485013961792,1.2978280666288364
COHFACE_s29_session0_lamp,3,6,3.2,1.0675636529922485,1.5341129610555448
COHFACE_s29_session0_lamp,3,7,3.2333333333333334,0.8532617092132568,1.724483135065751
COHFACE_s29_session0_lamp,3,8,3.2666666666666666,0.7137464880943298,1.8310044281028963
COHFACE_s29_session0_lamp,3,9,3.3,0.5607826113700867,1.8111262574572142
COHFACE_s29_session0_lamp,3,10,3.3333333333333335,0.362335741519928,1.6286901198568364
COHFACE_s29_session0_lamp,3,11,3.3666666666666667,0.14660082757472992,1.2692046270444164
COHFACE_s29_session0_lamp,3,12,3.4,-0.046368204057216644,0.7519317225844089
COHFACE_s29_session0_lamp,3,13,3.433333333333333,-0.210428386926651,0.13095234404116693
COHFACE_s29_session0_lamp,3,14,3.466666666666667,-0.3447577655315399,-0.5156802249438585
COHFACE_s29_session0_lamp,3,15,3.5,-0.45315244793891907,-1.1024230009201714
COHFACE_s29_session0_lamp,3,16,3.533333333333333,-0.5321245789527893,-1.5517300585289953
COHFACE_s29_session0_lamp,3,17,3.566666666666667,-0.5916835069656372,-1.8059220029153706
COHFACE_s29_session0_lamp,3,18,3.6,-0.6563093662261963,-1.8355266446008478
COHFACE_s29_session0_lamp,3,19,3.6333333333333333,-0.7234713435173035,-1.6441926481605893
COHFACE_s29_session0_lamp,3,20,3.6666666666666665,-0.7941266298294067,-1.2690908941451668
COHFACE_s29_session0_lamp,3,21,3.7,-0.8521011471748352,-0.77508226776612
COHFACE_s29_session0_lamp,3,22,3.7333333333333334,-0.9108489751815796,-0.24208995038361758
COHFACE_s29_session0_lamp,3,23,3.7666666666666666,-0.9563103914260864,0.25174977738423293
COHFACE_s29_session0_lamp,3,24,3.8,-0.9896371960639954,0.6451706243141854
COHFACE_s29_session0_lamp,3,25,3.8333333333333335,-1.0210011005401611,0.9010181790850148
COHFACE_s29_session0_lamp,3,26,3.8666666666666667,-1.0515214204788208,1.0043911269457213
COHFACE_s29_session0_lamp,3,27,3.9,-1.068771481513977,0.9564606344121924
COHFACE_s29_session0_lamp,3,28,3.933333333333333,-1.0742764472961426,0.770863912959916
COHFACE_s29_session0_lamp,3,29,3.966666666666667,-1.0893040895462036,0.47559213767981384
COHFACE_s29_session0_lamp,3,30,4.0,-1.1203110218048096,0.11597717237751583
COHFACE_s29_session0_lamp,3,31,4.033333333333333,-1.1286170482635498,-0.2485958477970378
COHFACE_s29_session0_lamp,3,32,4.066666666666666,-0.8683833479881287,-0.5561051992656812
COHFACE_s29_session0_lamp,3,33,4.1,0.04885905236005783,-0.7556904027303603
COHFACE_s29_session0_lamp,3,34,4.133333333333334,1.1886606216430664,-0.8165302061375606
COHFACE_s29_session0_lamp,3,35,4.166666666666667,1.8141052722930908,-0.7293238802843713
COHFACE_s29_session0_lamp,3,36,4.2,1.8302252292633057,-0.504049115093841
COHFACE_s29_session0_lamp,3,37,4.233333333333333,1.6112836599349976,-0.16930646159833007
COHFACE_s29_session0_lamp,3,38,4.266666666666667,1.4680263996124268,0.22613512667292052
COHFACE_s29_session0_lamp,3,39,4.3,1.4603314399719238,0.6146448298674453
COHFACE_s29_session0_lamp,3,40,4.333333333333333,1.4389013051986694,0.9194021881778185
COHFACE_s29_session0_lamp,3,41,4.366666666666666,1.2758252620697021,1.0728914879306466
COHFACE_s29_session0_lamp,3,42,4.4,1.0772809982299805,1.0379286266873906
COHFACE_s29_session0_lamp,3,43,4.433333333333334,0.9462556838989258,0.8211290816149236
COHFACE_s29_session0_lamp,3,44,4.466666666666667,0.832242488861084,0.4709065541356183
COHFACE_s29_session0_lamp,3,45,4.5,0.6716485619544983,0.05980847459760169
COHFACE_s29_session0_lamp,3,46,4.533333333333333,0.4663340747356415,-0.33989450370067886
COHFACE_s29_session0_lamp,3,47,4.566666666666666,0.2617117166519165,-0.6746367008317613
COHFACE_s29_session0_lamp,3,48,4.6,0.0710841566324234,-0.9143462352317681
COHFACE_s29_session0_lamp,3,49,4.633333333333334,-0.09665858000516891,-1.0457591466606906
COHFACE_s29_session0_lamp,3,50,4.666666666666667,-0.22295232117176056,-1.063546332730853
COHFACE_s29_session0_lamp,3,51,4.7,-0.31188517808914185,-0.9678266949412897
COHFACE_s29_session0_lamp,3,52,4.733333333333333,-0.37139004468917847,-0.7687656664600727
COHFACE_s29_session0_lamp,3,53,4.766666666666667,-0.42054483294487,-0.4916842399411849
COHFACE_s29_session0_lamp,3,54,4.8,-0.4776000678539276,-0.17615636598272907
COHFACE_s29_session0_lamp,3,55,4.833333333333333,-0.542701780796051,0.1319826642764987
COHFACE_s29_session0_lamp,3,56,4.866666666666666,-0.6096474528312683,0.3916652872768607
COHFACE_s29_session0_lamp,3,57,4.9,-0.6770581603050232,0.5749696363322534
COHFACE_s29_session0_lamp,3,58,4.933333333333334,-0.7434685230255127,0.6692907387647997
COHFACE_s29_session0_lamp,3,59,4.966666666666667,-0.7930613160133362,0.673821584027914
COHFACE_s29_session0_lamp,3,60,5.0,-0.8328447937965393,0.5942341520305424
COHFACE_s29_session0_lamp,3,61,5.033333333333333,-0.8762891888618469,0.44018978307129786
COHFACE_s29_session0_lamp,3,62,5.066666666666666,-0.9218533635139465,0.22792154832452982
COHFACE_s29_session0_lamp,3,63,5.1,-0.9301647543907166,-0.014166320539594098
COHFACE_s29_session0_lamp,3,64,5.133333333333334,-0.551543116569519,-0.2425653760132064
COHFACE_s29_session0_lamp,3,65,5.166666666666667,0.5050144195556641,-0.4039527618326808
COHFACE_s29_session0_lamp,3,66,5.2,1.5966508388519287,-0.44945985654127746
COHFACE_s29_session0_lamp,3,67,5.233333333333333,2.018284320831299,-0.35238832474875964
COHFACE_s29_session0_lamp,3,68,5.266666666666667,1.874902606010437,-0.12052734526724415
COHFACE_s29_session0_lamp,3,69,5.3,1.6354230642318726,0.20373664312507478
COHFACE_s29_session0_lamp,3,70,5.333333333333333,1.5367240905761719,0.5558116575901336
COHFACE_s29_session0_lamp,3,71,5.366666666666666,1.5309866666793823,0.8672693427705147
COHFACE_s29_session0_lamp,3,72,5.4,1.4358676671981812,1.081104470050301
COHFACE_s29_session0_lamp,3,73,5.433333333333334,1.177358865737915,1.158346284209151
COHFACE_s29_session0_lamp,3,74,5.466666666666667,0.9304330945014954,1.0778023124832867
COHFACE_s29_session0_lamp,3,75,5.5,0.7765283584594727,0.8353202967619566
COHFACE_s29_session0_lamp,3,76,5.533333333333333,0.641696035861969,0.446530098958631
COHFACE_s29_session0_lamp,3,77,5.566666666666666,0.4657338261604309,-0.04912312861828736
COHFACE_s29_session0_lamp,3,78,5.6,0.24409927427768707,-0.588962763677377
COHFACE_s29_session0_lamp,3,79,5.633333333333334,0.015640368685126305,-1.0963398089261587
COHFACE_s29_session0_lamp,3,80,5.666666666666667,-0.17493312060832977,-1.4964870786805984
COHFACE_s29_session0_lamp,3,81,5.7,-0.325171560049057,-1.7318191124075604
COHFACE_s29_session0_lamp,3,82,5.733333333333333,-0.4354102313518524,-1.7700729259325405
COHFACE_s29_session0_lamp,3,83,5.766666666666667,-0.5126086473464966,-1.6039925134304138
COHFACE_s29_session0_lamp,3,84,5.8,-0.5677658319473267,-1.247046595728802
COHFACE_s29_session0_lamp,3,85,5.833333333333333,-0.6252482533454895,-0.731472517715691
COHFACE_s29_session0_lamp,3,86,5.866666666666666,-0.6904473304748535,-0.11105540177837678
COHFACE_s29_session0_lamp,3,87,5.9,-0.75676029920578,0.5355634716850717
COHFACE_s29_session0_lamp,3,88,5.933333333333334,-0.8278157711029053,1.1093412669664675
COHFACE_s29_session0_lamp,3,89,5.966666666666667,-0.8990874886512756,1.508620304725305
COHFACE_s29_session0_lamp,3,90,6.0,-0.9648975729942322,1.6566898800134437
COHFACE_s29_session0_lamp,3,91,6.033333333333333,-1.014441728591919,1.5270879263439912
COHFACE_s29_session0_lamp,3,92,6.066666666666666,-1.0437614917755127,1.1538389723815652
COHFACE_s29_session0_lamp,3,93,6.1,-1.0639209747314453,0.6211127358733562
COHFACE_s29_session0_lamp,3,94,6.133333333333334,-1.0810251235961914,0.03730250272308065
COHFACE_s29_session0_lamp,3,95,6.166666666666667,-1.113984227180481,-0.494347675079677
COHFACE_s29_session0_lamp,3,96,6.2,-1.114989995956421,-0.8968547616593736
COHFACE_s29_session0_lamp,3,97,6.233333333333333,-0.7247691750526428,-1.1270040482015742
COHFACE_s29_session0_lamp,3,98,6.266666666666667,0.3938294053077698,-1.1715199840042447
COHFACE_s29_session0_lamp,3,99,6.3,1.5634429454803467,-1.038821038903077
COHFACE_s29_session0_lamp,3,100,6.333333333333333,2.008345127105713,-0.753001802831082
COHFACE_s29_session0_lamp,3,101,6.366666666666666,1.8689650297164917,-0.3525898414064151
COHFACE_s29_session0_lamp,3,102,6.4,1.649228572845459,0.10832159445249374
COHFACE_s29_session0_lamp,3,103,6.433333333333334,1.5902915000915527,0.5617248148966052
COHFACE_s29_session0_lamp,3,104,6.466666666666667,1.6082500219345093,0.9341706416705471
COHFACE_s29_session0_lamp,3,105,6.5,1.5243948698043823,1.1616692970378675
COHFACE_s29_session0_lamp,3,106,6.533333333333333,1.243060827255249,1.2055659582539793
COHFACE_s29_session0_lamp,3,107,6.566666666666666,0.8969764709472656,1.0621151126548944
COHFACE_s29_session0_lamp,3,108,6.6,0.6560099124908447,0.7617335264221914
COHFACE_s29_session0_lamp,3,109,6.633333333333334,0.4974275827407837,0.3595674222571688
COHFACE_s29_session0_lamp,3,110,6.666666666666667,0.32783544063568115,-0.07719355945348103
COHFACE_s29_session0_lamp,3,111,6.7,0.12036872655153275,-0.4802147543372122
COHFACE_s29_session0_lamp,3,112,6.733333333333333,-0.10260149836540222,-0.7878740781459885
COHFACE_s29_session0_lamp,3,113,6.766666666666667,-0.300637423992157,-0.9520984128923119
COHFACE_s29_session0_lamp,3,114,6.8,-0.45696479082107544,-0.9458195241960693
COHFACE_s29_session0_lamp,3,115,6.833333333333333,-0.5829881429672241,-0.7698239412903998
COHFACE_s29_session0_lamp,3,116,6.866666666666666,-0.6887277364730835,-0.4555197979099785
COHFACE_s29_session0_lamp,3,117,6.9,-0.7713120579719543,-0.06041848241359289
COHFACE_s29_session0_lamp,3,118,6.933333333333334,-0.8517009615898132,0.34393957415505233
COHFACE_s29_session0_lamp,3,119,6.966666666666667,-0.9241083264350891,0.6878714277955823
COHFACE_s29_session0_lamp,3,120,7.0,-0.9953962564468384,0.9169978722958017
COHFACE_s29_session0_lamp,3,121,7.033333333333333,-1.0641642808914185,0.9984781634620169
COHFACE_s29_session0_lamp,3,122,7.066666666666666,-1.135890245437622,0.920451347790276
COHFACE_s29_session0_lamp,3,123,7.1,-1.205172061920166,0.6893091561446539
COHFACE_s29_session0_lamp,3,124,7.133333333333334,-1.2624706029891968,0.32870242073565664
COHFACE_s29_session0_lamp,3,125,7.166666666666667,-1.3085213899612427,-0.11981610129013792
COHFACE_s29_session0_lamp,3,126,7.2,-1.347266674041748,-0.597827649492781
COHFACE_s29_session0_lamp,3,127,7.233333333333333,-1.3765215873718262,-1.0361712767624225
COHFACE_s29_session0_lamp,3,128,7.266666666666667,-1.3984439373016357,-1.3666281148074508
COHFACE_s29_session0_lamp,3,129,7.3,-1.413341760635376,-1.5359675460678603
COHFACE_s29_session0_lamp,3,130,7.333333333333333,-1.4332199096679688,-1.517313913303013
COHFACE_s29_session0_lamp,3,131,7.366666666666666,-1.4610093832015991,-1.3146050341364244
COHFACE_s29_session0_lamp,3,132,7.4,-1.4611338376998901,-0.9588084767800986
COHFACE_s29_session0_lamp,3,133,7.433333333333334,-1.1474624872207642,-0.49834219689253717
COHFACE_s29_session0_lamp,3,134,7.466666666666667,-0.24502600729465485,0.011077283360348068
COHFACE_s29_session0_lamp,3,135,7.5,0.7182077169418335,0.5125493418310983
COHFACE_s29_session0_lamp,3,136,7.533333333333333,1.1397438049316406,0.9498000296481371
COHFACE_s29_session0_lamp,3,137,7.566666666666666,1.1012797355651855,1.268959492468825
COHFACE_s29_session0_lamp,3,138,7.6,0.9795879125595093,1.4251947461199739
COHFACE_s29_session0_lamp,3,139,7.633333333333334,0.9691458940505981,1.3946838163546746
COHFACE_s29_session0_lamp,3,140,7.666666666666667,1.0197877883911133,1.1858865350251215
COHFACE_s29_session0_lamp,3,141,7.7,1.002040147781372,0.8417025532599373
COHFACE_s29_session0_lamp,3,142,7.733333333333333,0.824790894985199,0.4292589593200901
COHFACE_s29_session0_lamp,3,143,7.766666666666667,0.5796550512313843,0.021903165073875262
COHFACE_s29_session0_lamp,3,144,7.8,0.3943377137184143,-0.31821497570658847
COHFACE_s29_session0_lamp,3,145,7.833333333333333,0.2628364861011505,-0.5503661183174451
COHFACE_s29_session0_lamp,3,146,7.866666666666666,0.12010916322469711,-0.6566608997637482
COHFACE_s29_session0_lamp,3,147,7.9,-0.05172169581055641,-0.6376586580840681
COHFACE_s29_session0_lamp,3,148,7.933333333333334,-0.23036068677902222,-0.5067888244237437
COHFACE_s29_session0_lamp,3,149,7.966666666666667,-0.38947293162345886,-0.2871000534769097
COHFACE_s29_session0_lamp,3,150,8.0,-0.5229100584983826,-0.01142449911552969
COHFACE_s29_session0_lamp,3,151,8.033333333333333,-0.6384751796722412,0.2760399768935137
COHFACE_s29_session0_lamp,3,152,8.066666666666666,-0.7328804731369019,0.5213424267140665
COHFACE_s29_session0_lamp,3,153,8.1,-0.8050715327262878,0.6697070340551997
COHFACE_s29_session0_lamp,3,154,8.133333333333333,-0.8781872391700745,0.6811525553467551
COHFACE_s29_session0_lamp,3,155,8.166666666666666,-0.9444299340248108,0.5460805670120762
COHFACE_s29_session0_lamp,3,156,8.2,-1.0071738958358765,0.2913664468169958
COHFACE_s29_session0_lamp,3,157,8.233333333333333,-1.0738492012023926,-0.02845096452849438
COHFACE_s29_session0_lamp,3,158,8.266666666666667,-1.1372637748718262,-0.3507379239526413
COHFACE_s29_session0_lamp,3,159,8.3,-1.1941567659378052,-0.6237411361282083
COHFACE_s29_session0_lamp,3,160,8.333333333333334,-1.2354382276535034,-0.815219091140117
COHFACE_s29_session0_lamp,3,161,8.366666666666667,-1.2698627710342407,-0.9091042123895691
COHFACE_s29_session0_lamp,3,162,8.4,-1.2981281280517578,-0.8965644673230168
COHFACE_s29_session0_lamp,3,163,8.433333333333334,-1.3231596946716309,-0.7706458920972441
COHFACE_s29_session0_lamp,3,164,8.466666666666667,-1.3402800559997559,-0.5299100119773432
COHFACE_s29_session0_lamp,3,165,8.5,-1.3523768186569214,-0.18905106840894978
COHFACE_s29_session0_lamp,3,166,8.533333333333333,-1.3592065572738647,0.2116234625660609
COHFACE_s29_session0_lamp,3,167,8.566666666666666,-1.3630350828170776,0.6066236189143537
COHFACE_s29_session0_lamp,3,168,8.6,-1.3653550148010254,0.9188015423791603
COHFACE_s29_session0_lamp,3,169,8.633333333333333,-1.366068720817566,1.0810916918760451
COHFACE_s29_session0_lamp,3,170,8.666666666666666,-1.360163688659668,1.0564182674599385
COHFACE_s29_session0_lamp,3,171,8.7,-1.1346843242645264,0.8467995814099624
COHFACE_s29_session0_lamp,3,172,8.733333333333333,-0.4177112579345703,0.48933956394799755
COHFACE_s29_session0_lamp,3,173,8.766666666666667,0.43039536476135254,0.043767839598253984
COHFACE_s29_session0_lamp,3,174,8.8,0.8933966755867004,-0.4214826373824392
COHFACE_s29_session0_lamp,3,175,8.833333333333334,0.9478130340576172,-0.8399149820776338
COHFACE_s29_session0_lamp,3,176,8.866666666666667,0.8790666460990906,-1.1534688069784562
COHFACE_s29_session0_lamp,3,177,8.9,0.881537914276123,-1.3169654826950283
COHFACE_s29_session0_lamp,3,178,8.933333333333334,0.9714494943618774,-1.3030884671796512
COHFACE_s29_session0_lamp,3,179,8.966666666666667,1.0287210941314697,-1.108472847177033
COHFACE_s29_session0_lamp,3,180,9.0,0.9365652799606323,-0.7583603658849855
COHFACE_s29_session0_lamp,3,181,9.033333333333333,0.7728187441825867,-0.3055706635252358
COHFACE_s29_session0_lamp,3,182,9.066666666666666,0.6520785689353943,0.17894824136096787
COHFACE_s29_session0_lamp,3,183,9.1,0.5595983862876892,0.622484638856003
COHFACE_s29_session0_lamp,3,184,9.133333333333333,0.4482998251914978,0.9677715873213268
COHFACE_s29_session0_lamp,3,185,9.166666666666666,0.30920636653900146,1.1833062538256345
COHFACE_s29_session0_lamp,3,186,9.2,0.1569995880126953,1.2622089620785675
COHFACE_s29_session0_lamp,3,187,9.233333333333333,0.009491964243352413,1.2118806378743439
COHFACE_s29_session0_lamp,3,188,9.266666666666667,-0.1214468702673912,1.0431380418437548
COHFACE_s29_session0_lamp,3,189,9.3,-0.2295549511909485,0.767818040717199
COHFACE_s29_session0_lamp,3,190,9.333333333333334,-0.31915292143821716,0.40625888012079603
COHFACE_s29_session0_lamp,3,191,9.366666666666667,-0.39172789454460144,-0.0031556181884987
COHFACE_s29_session0_lamp,3,192,9.4,-0.45054060220718384,-0.4030775962739057
COHFACE_s29_session0_lamp,3,193,9.433333333333334,-0.5120841264724731,-0.7294565317053285
COHFACE_s29_session0_lamp,3,194,9.466666666666667,-0.5819769501686096,-0.9305488040608558
COHFACE_s29_session0_lamp,3,195,9.5,-0.6413357853889465,-0.9802396414556994
COHFACE_s29_session0_lamp,3,196,9.533333333333333,-0.6878841519355774,-0.8783989479738417
COHFACE_s29_session0_lamp,3,197,9.566666666666666,-0.7402293682098389,-0.6419027180460128
COHFACE_s29_session0_lamp,3,198,9.6,-0.7892219424247742,-0.29679344650668804
COHFACE_s29_session0_lamp,3,199,9.633333333333333,-0.8162543773651123,0.12052087562622557
COHFACE_s29_session0_lamp,3,200,9.666666666666666,-0.8326284885406494,0.5553088945767312
COHFACE_s29_session0_lamp,3,201,9.7,-0.849683940410614,0.9309912113887905
COHFACE_s29_session0_lamp,3,202,9.733333333333333,-0.8637436032295227,1.1606212136486043
COHFACE_s29_session0_lamp,3,203,9.766666666666667,-0.8773274421691895,1.173621506248181
COHFACE_s29_session0_lamp,3,204,9.8,-0.8952535390853882,0.9451117348996362
COHFACE_s29_session0_lamp,3,205,9.833333333333334,-0.8475533723831177,0.510419220365496
COHFACE_s29_session0_lamp,3,206,9.866666666666667,-0.43224138021469116,-0.044070791948864076
COHFACE_s29_session0_lamp,3,207,9.9,0.37292373180389404,-0.6083716696231842
COHFACE_s29_session0_lamp,3,208,9.933333333333334,1.0438244342803955,-1.0805653706465645
COHFACE_s29_session0_lamp,3,209,9.966666666666667,1.2591321468353271,-1.3892136366604335
COHFACE_s29_session0_lamp,3,210,10.0,1.1736600399017334,-1.5005627870778229
COHFACE_s29_session0_lamp,3,211,10.033333333333333,1.0524818897247314,-1.4133678543720885
COHFACE_s29_session0_lamp,3,212,10.066666666666666,1.0206962823867798,-1.1489822628139275
COHFACE_s29_session0_lamp,3,213,10.1,1.0319709777832031,-0.7437279519992053
COHFACE_s29_session0_lamp,3,214,10.133333333333333,0.957341194152832,-0.24619262921236382
COHFACE_s29_session0_lamp,3,215,10.166666666666666,0.831739604473114,0.2826744114543635
COHFACE_s29_session0_lamp,3,216,10.2,0.7444074153900146,0.7711607440780819
COHFACE_s29_session0_lamp,3,217,10.233333333333333,0.6776185035705566,1.1440243701634663
COHFACE_s29_session0_lamp,3,218,10.266666666666667,0.5715707540512085,1.336552869062789
COHFACE_s29_session0_lamp,3,219,10.3,0.4141456186771393,1.3122113002144793
COHFACE_s29_session0_lamp,3,220,10.333333333333334,0.23128333687782288,1.0763362576201658
COHFACE_s29_session0_lamp,3,221,10.366666666666667,0.05518590658903122,0.6781959376597975
COHFACE_s29_session0_lamp,3,222,10.4,-0.09763194620609283,0.19941894960700976
COHFACE_s29_session0_lamp,3,223,10.433333333333334,-0.22136789560317993,-0.26628396339530214
COHFACE_s29_session0_lamp,3,224,10.466666666666667,-0.3111281096935272,-0.6343670626276381
COHFACE_s29_session0_lamp,3,225,10.5,-0.3699299991130829,-0.8455916674127562
COHFACE_s29_session0_lamp,3,226,10.533333333333333,-0.4185440242290497,-0.8745160713767861
COHFACE_s29_session0_lamp,3,227,10.566666666666666,-0.4704837203025818,-0.7306445851617693
COHFACE_s29_session0_lamp,3,228,10.6,-0.5331141352653503,-0.4535616021192027
COHFACE_s29_session0_lamp,3,229,10.633333333333333,-0.5949983596801758,-0.10333418182371315
COHFACE_s29_session0_lamp,3,230,10.666666666666666,-0.6577207446098328,0.2523190404135864
COHFACE_s29_session0_lamp,3,231,10.7,-0.7187343239784241,0.5518832000560527
COHFACE_s29_session0_lamp,3,232,10.733333333333333,-0.7695329785346985,0.75201698549523
COHFACE_s29_session0_lamp,3,233,10.766666666666667,-0.8054500818252563,0.8346164765944141
COHFACE_s29_session0_lamp,3,234,10.8,-0.8394149541854858,0.8068830930419568
COHFACE_s29_session0_lamp,3,235,10.833333333333334,-0.876402735710144,0.6943933129077849
COHFACE_s29_session0_lamp,3,236,10.866666666666667,-0.8783494830131531,0.5298071915161849
COHFACE_s29_session0_lamp,3,237,10.9,-0.6094257235527039,0.34158214787137575
COHFACE_s29_session0_lamp,3,238,10.933333333333334,0.2241777926683426,0.14678244731047735
COHFACE_s29_session0_lamp,3,239,10.966666666666667,1.2382858991622925,-0.04980142511895027
COHFACE_s29_session0_lamp,4,0,4.0,-1.1203110218048096,0.05683214027183033
COHFACE_s29_session0_lamp,4,1,4.033333333333333,-1.1286170482635498,0.39288871351371074
COHFACE_s29_session0_lamp,4,2,4.066666666666666,-0.8683833479881287,0.6556341775165097
COHFACE_s29_session0_lamp,4,3,4.1,0.04885905236005783,0.8001269846097616
COHFACE_s29_session0_lamp,4,4,4.133333333333334,1.1886606216430664,0.8277719241011711
COHFACE_s29_session0_lamp,4,5,4.166666666666667,1.8141052722930908,0.7865300580804254
COHFACE_s29_session0_lamp,4,6,4.2,1.8302252292633057,0.7502032845389438
COHFACE_s29_session0_lamp,4,7,4.233333333333333,1.6112836599349976,0.7836623059877544
COHFACE_s29_session0_lamp,4,8,4.266666666666667,1.4680263996124268,0.9091726658863226
COHFACE_s29_session0_lamp,4,9,4.3,1.4603314399719238,1.0910111554025514
COHFACE_s29_session0_lamp,4,10,4.333333333333333,1.4389013051986694,1.2487929308027481
COHFACE_s29_session0_lamp,4,11,4.366666666666666,1.2758252620697021,1.2956397638893062
COHFACE_s29_session0_lamp,4,12,4.4,1.0772809982299805,1.1819767686430387
COHFACE_s29_session0_lamp,4,13,4.433333333333334,0.9462556838989258,0.9203869856450249
COHFACE_s29_session0_lamp,4,14,4.466666666666667,0.832242488861084,0.5775791112963863
COHFACE_s29_session0_lamp,4,15,4.5,0.6716485619544983,0.23903261094173034
COHFACE_s29_session0_lamp,4,16,4.533333333333333,0.4663340747356415,-0.03253792293942631
COHFACE_s29_session0_lamp,4,17,4.566666666666666,0.2617117166519165,-0.22120443283756003
COHFACE_s29_session0_lamp,4,18,4.6,0.0710841566324234,-0.3525076573504146
COHFACE_s29_session0_lamp,4,19,4.633333333333334,-0.09665858000516891,-0.46563287109094786
COHFACE_s29_session0_lamp,4,20,4.666666666666667,-0.22295232117176056,-0.5836078120930229
COHFACE_s29_session0_lamp,4,21,4.7,-0.31188517808914185,-0.7012554330667975
COHFACE_s29_session0_lamp,4,22,4.733333333333333,-0.37139004468917847,-0.7953768041367737
COHFACE_s29_session0_lamp,4,23,4.766666666666667,-0.42054483294487,-0.8453678573667321
COHFACE_s29_session0_lamp,4,24,4.8,-0.4776000678539276,-0.8483042121891198
COHFACE_s29_session0_lamp,4,25,4.833333333333333,-0.542701780796051,-0.8198015360286434
COHFACE_s29_session0_lamp,4,26,4.866666666666666,-0.6096474528312683,-0.7825046374106561
COHFACE_s29_session0_lamp,4,27,4.9,-0.6770581603050232,-0.7511919825133742
COHFACE_s29_session0_lamp,4,28,4.933333333333334,-0.7434685230255127,-0.7240566287709177
COHFACE_s29_session0_lamp,4,29,4.966666666666667,-0.7930613160133362,-0.6846675000626662
COHFACE_s29_session0_lamp,4,30,5.0,-0.8328447937965393,-0.6121294427222032
COHFACE_s29_session0_lamp,4,31,5.033333333333333,-0.8762891888618469,-0.49237810258424497
COHFACE_s29_session0_lamp,4,32,5.066666666666666,-0.9218533635139465,-0.3239416367542257
COHFACE_s29_session0_lamp,4,33,5.1,-0.9301647543907166,-0.11598179385866898
COHFACE_s29_session0_lamp,4,34,5.133333333333334,-0.551543116569519,0.11822318704772433
COHFACE_s29_session0_lamp,4,35,5.166666666666667,0.5050144195556641,0.3665820519233441
COHFACE_s29_session0_lamp,4,36,5.2,1.5966508388519287,0.6183754999687707
COHFACE_s29_session0_lamp,4,37,5.233333333333333,2.018284320831299,0.8600508162518858
COHFACE_s29_session0_lamp,4,38,5.266666666666667,1.874902606010437,1.0712488652572396
COHFACE_s29_session0_lamp,4,39,5.3,1.6354230642318726,1.2258430102156628
COHFACE_s29_session0_lamp,4,40,5.333333333333333,1.5367240905761719,1.2987580264942333
COHFACE_s29_session0_lamp,4,41,5.366666666666666,1.5309866666793823,1.2744020030055772
COHFACE_s29_session0_lamp,4,42,5.4,1.4358676671981812,1.1507706192166065
COHFACE_s29_session0_lamp,4,43,5.433333333333334,1.177358865737915,0.936413489610881
COHFACE_s29_session0_lamp,4,44,5.466666666666667,0.9304330945014954,0.6435517199174405
COHFACE_s29_session0_lamp,4,45,5.5,0.7765283584594727,0.2841741885534949
COHFACE_s29_session0_lamp,4,46,5.533333333333333,0.641696035861969,-0.12687203705232422
COHFACE_s29_session0_lamp,4,47,5.566666666666666,0.4657338261604309,-0.5643011420262568
COHFACE_s29_session0_lamp,4,48,5.6,0.24409927427768707,-0.9875172942114031
COHFACE_s29_session0_lamp,4,49,5.633333333333334,0.015640368685126305,-1.3447796361713775
COHFACE_s29_session0_lamp,4,50,5.666666666666667,-0.17493312060832977,-1.5864575924982123
COHFACE_s29_session0_lamp,4,51,5.7,-0.325171560049057,-1.6804922253899113
COHFACE_s29_session0_lamp,4,52,5.733333333333333,-0.4354102313518524,-1.6209279468766409
COHFACE_s29_session0_lamp,4,53,5.766666666666667,-0.5126086473464966,-1.4245737255321242
COHFACE_s29_session0_lamp,4,54,5.8,-0.5677658319473267,-1.118952533320548
COHFACE_s29_session0_lamp,4,55,5.833333333333333,-0.6252482533454895,-0.730724676129372
COHFACE_s29_session0_lamp,4,56,5.866666666666666,-0.6904473304748535,-0.28294937841743095
COHFACE_s29_session0_lamp,4,57,5.9,-0.75676029920578,0.1974658239562147
COHFACE_s29_session0_lamp,4,58,5.933333333333334,-0.8278157711029053,0.66918604623502
COHFACE_s29_session0_lamp,4,59,5.966666666666667,-0.8990874886512756,1.0734579102964443
COHFACE_s29_session0_lamp,4,60,6.0,-0.9648975729942322,1.3451221135411915
COHFACE_s29_session0_lamp,4,61,6.033333333333333,-1.014441728591919,1.4347350485689787
COHFACE_s29_session0_lamp,4,62,6.066666666666666,-1.0437614917755127,1.3307254831491877
COHFACE_s29_session0_lamp,4,63,6.1,-1.0639209747314453,1.0686673985350867
COHFACE_s29_session0_lamp,4,64,6.133333333333334,-1.0810251235961914,0.7208403918768367
COHFACE_s29_session0_lamp,4,65,6.166666666666667,-1.113984227180481,0.36981187907034224
COHFACE_s29_session0_lamp,4,66,6.2,-1.114989995956421,0.07877147062224907
COHFACE_s29_session0_lamp,4,67,6.233333333333333,-0.7247691750526428,-0.12647725554751388
COHFACE_s29_session0_lamp,4,68,6.266666666666667,0.3938294053077698,-0.25538622023424584
COHFACE_s29_session0_lamp,4,69,6.3,1.5634429454803467,-0.33362232902562394
COHFACE_s29_session0_lamp,4,70,6.333333333333333,2.008345127105713,-0.38055475572624403
COHFACE_s29_session0_lamp,4,71,6.366666666666666,1.8689650297164917,-0.39802475748561755
COHFACE_s29_session0_lamp,4,72,6.4,1.649228572845459,-0.37574992619459624
COHFACE_s29_session0_lamp,4,73,6.433333333333334,1.5902915000915527,-0.30652199947505765
COHFACE_s29_session0_lamp,4,74,6.466666666666667,1.6082500219345093,-0.19884966859527717
COHFACE_s29_session0_lamp,4,75,6.5,1.5243948698043823,-0.07817667254990315
COHFACE_s29_session0_lamp,4,76,6.533333333333333,1.243060827255249,0.023448471058832923
COHFACE_s29_session0_lamp,4,77,6.566666666666666,0.8969764709472656,0.08173819666903592
COHFACE_s29_session0_lamp,4,78,6.6,0.6560099124908447,0.0895009313130991
COHFACE_s29_session0_lamp,4,79,6.633333333333334,0.4974275827407837,0.056549215272516065
COHFACE_s29_session0_lamp,4,80,6.666666666666667,0.32783544063568115,0.0028049786977543834
COHFACE_s29_session0_lamp,4,81,6.7,0.12036872655153275,-0.04902356939071857
COHFACE_s29_session0_lamp,4,82,6.733333333333333,-0.10260149836540222,-0.07718639782628145
COHFACE_s29_session0_lamp,4,83,6.766666666666667,-0.300637423992157,-0.06221222047387095
COHFACE_s29_session0_lamp,4,84,6.8,-0.45696479082107544,0.010301510998023573
COHFACE_s29_session0_lamp,4,85,6.833333333333333,-0.5829881429672241,0.14335839416189003
COHFACE_s29_session0_lamp,4,86,6.866666666666666,-0.6887277364730835,0.3214348644570246
COHFACE_s29_session0_lamp,4,87,6.9,-0.7713120579719543,0.5086721123455307
COHFACE_s29_session0_lamp,4,88,6.933333333333334,-0.8517009615898132,0.6568197292573076
COHFACE_s29_session0_lamp,4,89,6.966666666666667,-0.9241083264350891,0.7211861232250475
COHFACE_s29_session0_lamp,4,90,7.0,-0.9953962564468384,0.6763938319013297
COHFACE_s29_session0_lamp,4,91,7.033333333333333,-1.0641642808914185,0.5228406842860834
COHFACE_s29_session0_lamp,4,92,7.066666666666666,-1.135890245437622,0.2813756546450054
COHFACE_s29_session0_lamp,4,93,7.1,-1.205172061920166,-0.018210698093126736
COHFACE_s29_session0_lamp,4,94,7.133333333333334,-1.2624706029891968,-0.34665267673100425
COHFACE_s29_session0_lamp,4,95,7.166666666666667,-1.3085213899612427,-0.6777396187032497
COHFACE_s29_session0_lamp,4,96,7.2,-1.347266674041748,-0.9847520107398772
COHFACE_s29_session0_lamp,4,97,7.233333333333333,-1.3765215873718262,-1.2360332396755054
COHFACE_s29_session0_lamp,4,98,7.266666666666667,-1.3984439373016357,-1.395523344305456
COHFACE_s29_session0_lamp,4,99,7.3,-1.413341760635376,-1.430687443803586
COHFACE_s29_session0_lamp,4,100,7.333333333333333,-1.4332199096679688,-1.3248573097554532
COHFACE_s29_session0_lamp,4,101,7.366666666666666,-1.4610093832015991,-1.0869212360526819
COHFACE_s29_session0_lamp,4,102,7.4,-1.4611338376998901,-0.7514572821974116
COHFACE_s29_session0_lamp,4,103,7.433333333333334,-1.1474624872207642,-0.36754133655832694
COHFACE_s29_session0_lamp,4,104,7.466666666666667,-0.24502600729465485,0.017986547818015345
COHFACE_s29_session0_lamp,4,105,7.5,0.7182077169418335,0.37281435846286365
COHFACE_s29_session0_lamp,4,106,7.533333333333333,1.1397438049316406,0.6801859740069722
COHFACE_s29_session0_lamp,4,107,7.566666666666666,1.1012797355651855,0.9302025655197356
COHFACE_s29_session0_lamp,4,108,7.6,0.9795879125595093,1.1103574762412638
COHFACE_s29_session0_lamp,4,109,7.633333333333334,0.9691458940505981,1.2043577685850937
COHFACE_s29_session0_lamp,4,110,7.666666666666667,1.0197877883911133,1.200081643584951
COHFACE_s29_session0_lamp,4,111,7.7,1.002040147781372,1.099065579731127
COHFACE_s29_session0_lamp,4,112,7.733333333333333,0.824790894985199,0.9192436098632359
COHFACE_s29_session0_lamp,4,113,7.766666666666667,0.5796550512313843,0.6888085780946399
COHFACE_s29_session0_lamp,4,114,7.8,0.3943377137184143,0.43601804558109686
COHFACE_s29_session0_lamp,4,115,7.833333333333333,0.2628364861011505,0.18235223172839674
COHFACE_s29_session0_lamp,4,116,7.866666666666666,0.12010916322469711,-0.0569754212680465
COHFACE_s29_session0_lamp,4,117,7.9,-0.05172169581055641,-0.2673255719800846
COHFACE_s29_session0_lamp,4,118,7.933333333333334,-0.23036068677902222,-0.4300201328330531
COHFACE_s29_session0_lamp,4,119,7.966666666666667,-0.38947293162345886,-0.5244091360763964
COHFACE_s29_session0_lamp,4,120,8.0,-0.5229100584983826,-0.5372061541196692
COHFACE_s29_session0_lamp,4,121,8.033333333333333,-0.6384751796722412,-0.47359758899670773
COHFACE_s29_session0_lamp,4,122,8.066666666666666,-0.7328804731369019,-0.3616156419903456
COHFACE_s29_session0_lamp,4,123,8.1,-0.8050715327262878,-0.24396845249223717
COHFACE_s29_session0_lamp,4,124,8.133333333333333,-0.8781872391700745,-0.15927111243877154
COHFACE_s29_session0_lamp,4,125,8.166666666666666,-0.9444299340248108,-0.12272136616092354
COHFACE_s29_session0_lamp,4,126,8.2,-1.0071738958358765,-0.11888887018558232
COHFACE_s29_session0_lamp,4,127,8.233333333333333,-1.0738492012023926,-0.11295184297789691
COHFACE_s29_session0_lamp,4,128,8.266666666666667,-1.1372637748718262,-0.073977925456508
COHFACE_s29_session0_lamp,4,129,8.3,-1.1941567659378052,0.005210209722723939
COHFACE_s29_session0_lamp,4,130,8.333333333333334,-1.2354382276535034,0.10443175974976249
COHFACE_s29_session0_lamp,4,131,8.366666666666667,-1.2698627710342407,0.1903985484093832
COHFACE_s29_session0_lamp,4,132,8.4,-1.2981281280517578,0.23906800453799332
COHFACE_s29_session0_lamp,4,133,8.433333333333334,-1.3231596946716309,0.25154176627792374
COHFACE_s29_session0_lamp,4,134,8.466666666666667,-1.3402800559997559,0.25311436563570716
COHFACE_s29_session0_lamp,4,135,8.5,-1.3523768186569214,0.2756760794287242
COHFACE_s29_session0_lamp,4,136,8.533333333333333,-1.3592065572738647,0.3345549121676317
COHFACE_s29_session0_lamp,4,137,8.566666666666666,-1.3630350828170776,0.41479658637646255
COHFACE_s29_session0_lamp,4,138,8.6,-1.3653550148010254,0.47564571816031975
COHFACE_s29_session0_lamp,4,139,8.633333333333333,-1.366068720817566,0.4702591136912037
COHFACE_s29_session0_lamp,4,140,8.666666666666666,-1.360163688659668,0.36849125977622715
COHFACE_s29_session0_lamp,4,141,8.7,-1.1346843242645264,0.16972627327894024
COHFACE_s29_session0_lamp,4,142,8.733333333333333,-0.4177112579345703,-0.09952821854928544
COHFACE_s29_session0_lamp,4,143,8.766666666666667,0.43039536476135254,-0.39868646431569743
COHFACE_s29_session0_lamp,4,144,8.8,0.8933966755867004,-0.6873305648729987
COHFACE_s29_session0_lamp,4,145,8.833333333333334,0.9478130340576172,-0.933166154447892
COHFACE_s29_session0_lamp,4,146,8.866666666666667,0.8790666460990906,-1.1122344770992236
COHFACE_s29_session0_lamp,4,147,8.9,0.881537914276123,-1.2055265894949163
COHFACE_s29_session0_lamp,4,148,8.933333333333334,0.9714494943618774,-1.1976915429885693
COHFACE_s29_session0_lamp,4,149,8.966666666666667,1.0287210941314697,-1.0806199890506047
COHFACE_s29_session0_lamp,4,150,9.0,0.9365652799606323,-0.8597115222663515
COHFACE_s29_session0_lamp,4,151,9.033333333333333,0.7728187441825867,-0.5573767456933637
COHFACE_s29_session0_lamp,4,152,9.066666666666666,0.6520785689353943,-0.20939873593266864
COHFACE_s29_session0_lamp,4,153,9.1,0.5595983862876892,0.14548347273976647
COHFACE_s29_session0_lamp,4,154,9.133333333333333,0.4482998251914978,0.4771451762694094
COHFACE_s29_session0_lamp,4,155,9.166666666666666,0.30920636653900146,0.769282511372184
COHFACE_s29_session0_lamp,4,156,9.2,0.1569995880126953,1.0143096044286493
COHFACE_s29_session0_lamp,4,157,9.233333333333333,0.009491964243352413,1.201371931116227
COHFACE_s29_session0_lamp,4,158,9.266666666666667,-0.1214468702673912,1.3073364307020494
COHFACE_s29_session0_lamp,4,159,9.3,-0.2295549511909485,1.3002239182063748
COHFACE_s29_session0_lamp,4,160,9.333333333333334,-0.31915292143821716,1.155684243837939
COHFACE_s29_session0_lamp,4,161,9.366666666666667,-0.39172789454460144,0.8762980614232072
COHFACE_s29_session0_lamp,4,162,9.4,-0.45054060220718384,0.49949254003624943
COHFACE_s29_session0_lamp,4,163,9.433333333333334,-0.5120841264724731,0.08680885082347567
COHFACE_s29_session0_lamp,4,164,9.466666666666667,-0.5819769501686096,-0.2986984633177278
COHFACE_s29_session0_lamp,4,165,9.5,-0.6413357853889465,-0.6111524651303671
COHFACE_s29_session0_lamp,4,166,9.533333333333333,-0.6878841519355774,-0.8256048952686855
COHFACE_s29_session0_lamp,4,167,9.566666666666666,-0.7402293682098389,-0.9291273277976386
COHFACE_s29_session0_lamp,4,168,9.6,-0.7892219424247742,-0.9117567977259954
COHFACE_s29_session0_lamp,4,169,9.633333333333333,-0.8162543773651123,-0.7687891500823422
COHFACE_s29_session0_lamp,4,170,9.666666666666666,-0.8326284885406494,-0.5140355628174267
COHFACE_s29_session0_lamp,4,171,9.7,-0.849683940410614,-0.19168712925683115
COHFACE_s29_session0_lamp,4,172,9.733333333333333,-0.8637436032295227,0.1268319214036809
COHFACE_s29_session0_lamp,4,173,9.766666666666667,-0.8773274421691895,0.36470651020447337
COHFACE_s29_session0_lamp,4,174,9.8,-0.8952535390853882,0.4702566036865904
COHFACE_s29_session0_lamp,4,175,9.833333333333334,-0.8475533723831177,0.4386842882035272
COHFACE_s29_session0_lamp,4,176,9.866666666666667,-0.43224138021469116,0.3121249514834684
COHFACE_s29_session0_lamp,4,177,9.9,0.37292373180389404,0.15786217147772685
COHFACE_s29_session0_lamp,4,178,9.933333333333334,1.0438244342803955,0.03692559851100244
COHFACE_s29_session0_lamp,4,179,9.966666666666667,1.2591321468353271,-0.019986332879224578
COHFACE_s29_session0_lamp,4,180,10.0,1.1736600399017334,-0.017689698700315653
COHFACE_s29_session0_lamp,4,181,10.033333333333333,1.0524818897247314,0.017254251129447753
COHFACE_s29_session0_lamp,4,182,10.066666666666666,1.0206962823867798,0.05874255566611085
COHFACE_s29_session0_lamp,4,183,10.1,1.0319709777832031,0.09752617075108468
COHFACE_s29_session0_lamp,4,184,10.133333333333333,0.957341194152832,0.14253618107590368
COHFACE_s29_session0_lamp,4,185,10.166666666666666,0.831739604473114,0.20782858536540771
COHFACE_s29_session0_lamp,4,186,10.2,0.7444074153900146,0.29459551881003887
COHFACE_s29_session0_lamp,4,187,10.233333333333333,0.6776185035705566,0.3805689515352326
COHFACE_s29_session0_lamp,4,188,10.266666666666667,0.5715707540512085,0.42465101790549786
COHFACE_s29_session0_lamp,4,189,10.3,0.4141456186771393,0.38514551489205084
COHFACE_s29_session0_lamp,4,190,10.333333333333334,0.23128333687782288,0.240977110572571
COHFACE_s29_session0_lamp,4,191,10.366666666666667,0.05518590658903122,0.0033276246652004363
COHFACE_s29_session0_lamp,4,192,10.4,-0.09763194620609283,-0.28779582041907387
COHFACE_s29_session0_lamp,4,193,10.433333333333334,-0.22136789560317993,-0.5779841502867714
COHFACE_s29_session0_lamp,4,194,10.466666666666667,-0.3111281096935272,-0.815337684530908
COHFACE_s29_session0_lamp,4,195,10.5,-0.3699299991130829,-0.9629202931281763
COHFACE_s29_session0_lamp,4,196,10.533333333333333,-0.4185440242290497,-1.00408567878325
COHFACE_s29_session0_lamp,4,197,10.566666666666666,-0.4704837203025818,-0.9417764842734447
COHFACE_s29_session0_lamp,4,198,10.6,-0.5331141352653503,-0.7943370619526874
COHFACE_s29_session0_lamp,4,199,10.633333333333333,-0.5949983596801758,-0.5896940540125091
COHFACE_s29_session0_lamp,4,200,10.666666666666666,-0.6577207446098328,-0.35848613797469214
COHFACE_s29_session0_lamp,4,201,10.7,-0.7187343239784241,-0.12656767615162198
COHFACE_s29_session0_lamp,4,202,10.733333333333333,-0.7695329785346985,0.09125835338767192
COHFACE_s29_session0_lamp,4,203,10.766666666666667,-0.8054500818252563,0.2930167086273062
COHFACE_s29_session0_lamp,4,204,10.8,-0.8394149541854858,0.4843318732201387
COHFACE_s29_session0_lamp,4,205,10.833333333333334,-0.876402735710144,0.6673783563869958
COHFACE_s29_session0_lamp,4,206,10.866666666666667,-0.8783494830131531,0.8301711972420239
COHFACE_s29_session0_lamp,4,207,10.9,-0.6094257235527039,0.9443576815950283
COHFACE_s29_session0_lamp,4,208,10.933333333333334,0.2241777926683426,0.9756348177685301
COHFACE_s29_session0_lamp,4,209,10.966666666666667,1.2382858991622925,0.9024972634977738
COHFACE_s29_session0_lamp,4,210,11.0,1.7946650981903076,0.731640242421057
COHFACE_s29_session0_lamp,4,211,11.033333333333333,1.8293492794036865,0.4987295309419616
COHFACE_s29_session0_lamp,4,212,11.066666666666666,1.7122808694839478,0.25304134300204795
COHFACE_s29_session0_lamp,4,213,11.1,1.6728163957595825,0.0356601840037261
COHFACE_s29_session0_lamp,4,214,11.133333333333333,1.720516562461853,-0.13559705360527705
COHFACE_s29_session0_lamp,4,215,11.166666666666666,1.7213655710220337,-0.2667961435031024
COHFACE_s29_session0_lamp,4,216,11.2,1.5462793111801147,-0.3758964270835591
COHFACE_s29_session0_lamp,4,217,11.233333333333333,1.2725645303726196,-0.4771504434052817
COHFACE_s29_session0_lamp,4,218,11.266666666666667,1.0526225566864014,-0.5712822226929984
COHFACE_s29_session0_lamp,4,219,11.3,0.9002588987350464,-0.6457482733386725
COHFACE_s29_session0_lamp,4,220,11.333333333333334,0.73537677526474,-0.6830412648819216
COHFACE_s29_session0_lamp,4,221,11.366666666666667,0.5402933359146118,-0.671050673340664
COHFACE_s29_session0_lamp,4,222,11.4,0.3285546600818634,-0.6095711549112439
COHFACE_s29_session0_lamp,4,223,11.433333333333334,0.12985359132289886,-0.5100971359767742
COHFACE_s29_session0_lamp,4,224,11.466666666666667,-0.03071329928934574,-0.3897841143599548
COHFACE_s29_session0_lamp,4,225,11.5,-0.16649730503559113,-0.26315639298956056
COHFACE_s29_session0_lamp,4,226,11.533333333333333,-0.2748163044452667,-0.13595522040590438
COHFACE_s29_session0_lamp,4,227,11.566666666666666,-0.35634076595306396,-0.004495178818232707
COHFACE_s29_session0_lamp,4,228,11.6,-0.4348856806755066,0.1385460715327496
COHFACE_s29_session0_lamp,4,229,11.633333333333333,-0.511640727519989,0.2945347295343398
COHFACE_s29_session0_lamp,4,230,11.666666666666666,-0.587043821811676,0.45143690754938026
COHFACE_s29_session0_lamp,4,231,11.7,-0.658320963382721,0.5844522882564068
COHFACE_s29_session0_lamp,4,232,11.733333333333333,-0.7322694659233093,0.6658377800217224
COHFACE_s29_session0_lamp,4,233,11.766666666666667,-0.7953217029571533,0.6785714339177332
COHFACE_s29_session0_lamp,4,234,11.8,-0.849683940410614,0.6252318282267184
COHFACE_s29_session0_lamp,4,235,11.833333333333334,-0.8949506878852844,0.5262750897740673
COHFACE_s29_session0_lamp,4,236,11.866666666666667,-0.9258279204368591,0.4093615134427255
COHFACE_s29_session0_lamp,4,237,11.9,-0.9429807066917419,0.2970278833167844
COHFACE_s29_session0_lamp,4,238,11.933333333333334,-0.9592845439910889,0.1990943353090353
COHFACE_s29_session0_lamp,4,239,11.966666666666667,-0.9872470498085022,0.11186601510647123
COHFACE_s29_session0_lamp,5,0,5.0,-0.8328447937965393,0.19726142500575558
COHFACE_s29_session0_lamp,5,1,5.033333333333333,-0.8762891888618469,0.6591202723052483
COHFACE_s29_session0_lamp,5,2,5.066666666666666,-0.9218533635139465,1.0542806825929056
COHFACE_s29_session0_lamp,5,3,5.1,-0.9301647543907166,1.340141559048896
COHFACE_s29_session0_lamp,5,4,5.133333333333334,-0.551543116569519,1.5080922637771736
COHFACE_s29_session0_lamp,5,5,5.166666666666667,0.5050144195556641,1.5842284660475119
COHFACE_s29_session0_lamp,5,6,5.2,1.5966508388519287,1.615404444574289
COHFACE_s29_session0_lamp,5,7,5.233333333333333,2.018284320831299,1.6457987579499378
COHFACE_s29_session0_lamp,5,8,5.266666666666667,1.874902606010437,1.694304830733543
COHFACE_s29_session0_lamp,5,9,5.3,1.6354230642318726,1.7436428682346083
COHFACE_s29_session0_lamp,5,10,5.333333333333333,1.5367240905761719,1.747488821014342
COHFACE_s29_session0_lamp,5,11,5.366666666666666,1.5309866666793823,1.6529102534587088
COHFACE_s29_session0_lamp,5,12,5.4,1.4358676671981812,1.4259623970328956
COHFACE_s29_session0_lamp,5,13,5.433333333333334,1.177358865737915,1.066166893124323
COHFACE_s29_session0_lamp,5,14,5.466666666666667,0.9304330945014954,0.6040623054701998
COHFACE_s29_session0_lamp,5,15,5.5,0.7765283584594727,0.08726593590735432
COHFACE_s29_session0_lamp,5,16,5.533333333333333,0.641696035861969,-0.4348897346876812
COHFACE_s29_session0_lamp,5,17,5.566666666666666,0.4657338261604309,-0.9210535046521603
COHFACE_s29_session0_lamp,5,18,5.6,0.24409927427768707,-1.340812237591334
COHFACE_s29_session0_lamp,5,19,5.633333333333334,0.015640368685126305,-1.6738690543705879
COHFACE_s29_session0_lamp,5,20,5.666666666666667,-0.17493312060832977,-1.908121950240672
COHFACE_s29_session0_lamp,5,21,5.7,-0.325171560049057,-2.0370597274897504
COHFACE_s29_session0_lamp,5,22,5.733333333333333,-0.4354102313518524,-2.056128305123799
COHFACE_s29_session0_lamp,5,23,5.766666666666667,-0.5126086473464966,-1.9591630388688408
COHFACE_s29_session0_lamp,5,24,5.8,-0.5677658319473267,-1.737943684393103
COHFACE_s29_session0_lamp,5,25,5.833333333333333,-0.6252482533454895,-1.387739098105249
COHFACE_s29_session0_lamp,5,26,5.866666666666666,-0.6904473304748535,-0.9181433441919514
COHFACE_s29_session0_lamp,5,27,5.9,-0.75676029920578,-0.3636761538083088
COHFACE_s29_session0_lamp,5,28,5.933333333333334,-0.8278157711029053,0.21378450970547044
COHFACE_s29_session0_lamp,5,29,5.966666666666667,-0.8990874886512756,0.7358624459264966
COHFACE_s29_session0_lamp,5,30,6.0,-0.9648975729942322,1.129433276426548
COHFACE_s29_session0_lamp,5,31,6.033333333333333,-1.014441728591919,1.349608291793907
COHFACE_s29_session0_lamp,5,32,6.066666666666666,-1.0437614917755127,1.392610559810143
COHFACE_s29_session0_lamp,5,33,6.1,-1.0639209747314453,1.292283182933548
COHFACE_s29_session0_lamp,5,34,6.133333333333334,-1.0810251235961914,1.1028360057647644
COHFACE_s29_session0_lamp,5,35,6.166666666666667,-1.113984227180481,0.8773090848104653
COHFACE_s29_session0_lamp,5,36,6.2,-1.114989995956421,0.651842350021467
COHFACE_s29_session0_lamp,5,37,6.233333333333333,-0.7247691750526428,0.44116344406768004
COHFACE_s29_session0_lamp,5,38,6.266666666666667,0.3938294053077698,0.24449183780245023
COHFACE_s29_session0_lamp,5,39,6.3,1.5634429454803467,0.05649912937101212
COHFACE_s29_session0_lamp,5,40,6.333333333333333,2.008345127105713,-0.1232238418783899
COHFACE_s29_session0_lamp,5,41,6.366666666666666,1.8689650297164917,-0.2866358638552837
COHFACE_s29_session0_lamp,5,42,6.4,1.649228572845459,-0.42020261812115206
COHFACE_s29_session0_lamp,5,43,6.433333333333334,1.5902915000915527,-0.5114306985683111
COHFACE_s29_session0_lamp,5,44,6.466666666666667,1.6082500219345093,-0.5547349946367257
COHFACE_s29_session0_lamp,5,45,6.5,1.5243948698043823,-0.5534226831748726
COHFACE_s29_session0_lamp,5,46,6.533333333333333,1.243060827255249,-0.5170769259445571
COHFACE_s29_session0_lamp,5,47,6.566666666666666,0.8969764709472656,-0.4562958767349214
COHFACE_s29_session0_lamp,5,48,6.6,0.6560099124908447,-0.37821447612030823
COHFACE_s29_session0_lamp,5,49,6.633333333333334,0.4974275827407837,-0.2854220583189833
COHFACE_s29_session0_lamp,5,50,6.666666666666667,0.32783544063568115,-0.17812479302202328
COHFACE_s29_session0_lamp,5,51,6.7,0.12036872655153275,-0.05707981750614414
COHFACE_s29_session0_lamp,5,52,6.733333333333333,-0.10260149836540222,0.07503801437049848
COHFACE_s29_session0_lamp,5,53,6.766666666666667,-0.300637423992157,0.21422587026108472
COHFACE_s29_session0_lamp,5,54,6.8,-0.45696479082107544,0.3562635635446267
COHFACE_s29_session0_lamp,5,55,6.833333333333333,-0.5829881429672241,0.49660625302500205
COHFACE_s29_session0_lamp,5,56,6.866666666666666,-0.6887277364730835,0.6286674525230826
COHFACE_s29_session0_lamp,5,57,6.9,-0.7713120579719543,0.7417456699340361
COHFACE_s29_session0_lamp,5,58,6.933333333333334,-0.8517009615898132,0.82034371761856
COHFACE_s29_session0_lamp,5,59,6.966666666666667,-0.9241083264350891,0.8458375649768628
COHFACE_s29_session0_lamp,5,60,7.0,-0.9953962564468384,0.8001636122377536
COHFACE_s29_session0_lamp,5,61,7.033333333333333,-1.0641642808914185,0.6704010259183191
COHFACE_s29_session0_lamp,5,62,7.066666666666666,-1.135890245437622,0.45320024798490866
COHFACE_s29_session0_lamp,5,63,7.1,-1.205172061920166,0.15815592487619265
COHFACE_s29_session0_lamp,5,64,7.133333333333334,-1.2624706029891968,-0.19111282286030096
COHFACE_s29_session0_lamp,5,65,7.166666666666667,-1.3085213899612427,-0.559281961055896
COHFACE_s29_session0_lamp,5,66,7.2,-1.347266674041748,-0.9048239454424966
COHFACE_s29_session0_lamp,5,67,7.233333333333333,-1.3765215873718262,-1.1870993082793728
COHFACE_s29_session0_lamp,5,68,7.266666666666667,-1.3984439373016357,-1.3732588962293066
COHFACE_s29_session0_lamp,5,69,7.3,-1.413341760635376,-1.4436646743736266
COHFACE_s29_session0_lamp,5,70,7.333333333333333,-1.4332199096679688,-1.3947596514754528
COHFACE_s29_session0_lamp,5,71,7.366666666666666,-1.4610093832015991,-1.2383693418225739
COHFACE_s29_session0_lamp,5,72,7.4,-1.4611338376998901,-0.9970063015375372
COHFACE_s29_session0_lamp,5,73,7.433333333333334,-1.1474624872207642,-0.6964634936074676
COHFACE_s29_session0_lamp,5,74,7.466666666666667,-0.24502600729465485,-0.3592093349920296
COHFACE_s29_session0_lamp,5,75,7.5,0.7182077169418335,-0.00246345230702987
COHFACE_s29_session0_lamp,5,76,7.533333333333333,1.1397438049316406,0.35811213417400045
COHFACE_s29_session0_lamp,5,77,7.566666666666666,1.1012797355651855,0.7025473461415377
COHFACE_s29_session0_lamp,5,78,7.6,0.9795879125595093,1.004289351592206
COHFACE_s29_session0_lamp,5,79,7.633333333333334,0.9691458940505981,1.2348946260666571
COHFACE_s29_session0_lamp,5,80,7.666666666666667,1.0197877883911133,1.3728973351515823
COHFACE_s29_session0_lamp,5,81,7.7,1.002040147781372,1.4100425455841918
COHFACE_s29_session0_lamp,5,82,7.733333333333333,0.824790894985199,1.3505948695476904
COHFACE_s29_session0_lamp,5,83,7.766666666666667,0.5796550512313843,1.205438364522359
COHFACE_s29_session0_lamp,5,84,7.8,0.3943377137184143,0.9864583126903369
COHFACE_s29_session0_lamp,5,85,7.833333333333333,0.2628364861011505,0.7057053349925572
COHFACE_s29_session0_lamp,5,86,7.866666666666666,0.12010916322469711,0.3792788623954247
COHFACE_s29_session0_lamp,5,87,7.9,-0.05172169581055641,0.031735762581128216
COHFACE_s29_session0_lamp,5,88,7.933333333333334,-0.23036068677902222,-0.30356023036444846
COHFACE_s29_session0_lamp,5,89,7.966666666666667,-0.38947293162345886,-0.5899548552845763
COHFACE_s29_session0_lamp,5,90,8.0,-0.5229100584983826,-0.7971753688481055
COHFACE_s29_session0_lamp,5,91,8.033333333333333,-0.6384751796722412,-0.9108143324550607
COHFACE_s29_session0_lamp,5,92,8.066666666666666,-0.7328804731369019,-0.9365483376076594
COHFACE_s29_session0_lamp,5,93,8.1,-0.8050715327262878,-0.8960224161282959
COHFACE_s29_session0_lamp,5,94,8.133333333333333,-0.8781872391700745,-0.815700781727789
COHFACE_s29_session0_lamp,5,95,8.166666666666666,-0.9444299340248108,-0.7144221891959595
COHFACE_s29_session0_lamp,5,96,8.2,-1.0071738958358765,-0.5969648757642686
COHFACE_s29_session0_lamp,5,97,8.233333333333333,-1.0738492012023926,-0.45765243755223883
COHFACE_s29_session0_lamp,5,98,8.266666666666667,-1.1372637748718262,-0.29111762763662435
COHFACE_s29_session0_lamp,5,99,8.3,-1.1941567659378052,-0.1022066694896135
COHFACE_s29_session0_lamp,5,100,8.333333333333334,-1.2354382276535034,0.0919416009100658
COHFACE_s29_session0_lamp,5,101,8.366666666666667,-1.2698627710342407,0.26887204955724453
COHFACE_s29_session0_lamp,5,102,8.4,-1.2981281280517578,0.4120975953772506
COHFACE_s29_session0_lamp,5,103,8.433333333333334,-1.3231596946716309,0.5190911898305267
COHFACE_s29_session0_lamp,5,104,8.466666666666667,-1.3402800559997559,0.6001313498176291
COHFACE_s29_session0_lamp,5,105,8.5,-1.3523768186569214,0.6679166937223574
COHFACE_s29_session0_lamp,5,106,8.533333333333333,-1.3592065572738647,0.7245860666837878
COHFACE_s29_session0_lamp,5,107,8.566666666666666,-1.3630350828170776,0.7553237234787264
COHFACE_s29_session0_lamp,5,108,8.6,-1.3653550148010254,0.7333909949274466
COHFACE_s29_session0_lamp,5,109,8.633333333333333,-1.366068720817566,0.6335912999267046
COHFACE_s29_session0_lamp,5,110,8.666666666666666,-1.360163688659668,0.44569755483407564
COHFACE_s29_session0_lamp,5,111,8.7,-1.1346843242645264,0.18002703355780156
COHFACE_s29_session0_lamp,5,112,8.733333333333333,-0.4177112579345703,-0.13641629889498177
COHFACE_s29_session0_lamp,5,113,8.766666666666667,0.43039536476135254,-0.46851541234559513
COHFACE_s29_session0_lamp,5,114,8.8,0.8933966755867004,-0.7803361144604096
COHFACE_s29_session0_lamp,5,115,8.833333333333334,0.9478130340576172,-1.0383853200624047
COHFACE_s29_session0_lamp,5,116,8.866666666666667,0.8790666460990906,-1.2122418433197841
COHFACE_s29_session0_lamp,5,117,8.9,0.881537914276123,-1.2760919931220873
COHFACE_s29_session0_lamp,5,118,8.933333333333334,0.9714494943618774,-1.2135625907994836
COHFACE_s29_session0_lamp,5,119,8.966666666666667,1.0287210941314697,-1.024856414875175
COHFACE_s29_session0_lamp,5,120,9.0,0.9365652799606323,-0.7319502586532556
COHFACE_s29_session0_lamp,5,121,9.033333333333333,0.7728187441825867,-0.37694176833478993
COHFACE_s29_session0_lamp,5,122,9.066666666666666,0.6520785689353943,-0.011550703623736036
COHFACE_s29_session0_lamp,5,123,9.1,0.5595983862876892,0.31907153762190504
COHFACE_s29_session0_lamp,5,124,9.133333333333333,0.4482998251914978,0.5906376821033587
COHFACE_s29_session0_lamp,5,125,9.166666666666666,0.30920636653900146,0.8039383644112729
COHFACE_s29_session0_lamp,5,126,9.2,0.1569995880126953,0.9753857665734856
COHFACE_s29_session0_lamp,5,127,9.233333333333333,0.009491964243352413,1.1182938586669449
COHFACE_s29_session0_lamp,5,128,9.266666666666667,-0.1214468702673912,1.2262117074124506
COHFACE_s29_session0_lamp,5,129,9.3,-0.2295549511909485,1.2698408925203075
COHFACE_s29_session0_lamp,5,130,9.333333333333334,-0.31915292143821716,1.210756032340739
COHFACE_s29_session0_lamp,5,131,9.366666666666667,-0.39172789454460144,1.0239020563224888
COHFACE_s29_session0_lamp,5,132,9.4,-0.45054060220718384,0.7147576320690451
COHFACE_s29_session0_lamp,5,133,9.433333333333334,-0.5120841264724731,0.32079355127668463
COHFACE_s29_session0_lamp,5,134,9.466666666666667,-0.5819769501686096,-0.10172827761948491
COHFACE_s29_session0_lamp,5,135,9.5,-0.6413357853889465,-0.49527465330058973
COHFACE_s29_session0_lamp,5,136,9.533333333333333,-0.6878841519355774,-0.8131308398099293
COHFACE_s29_session0_lamp,5,137,9.566666666666666,-0.7402293682098389,-1.0236873429501288
COHFACE_s29_session0_lamp,5,138,9.6,-0.7892219424247742,-1.1109035852211924
COHFACE_s29_session0_lamp,5,139,9.633333333333333,-0.8162543773651123,-1.0756566974050847
COHFACE_s29_session0_lamp,5,140,9.666666666666666,-0.8326284885406494,-0.9381773178650975
COHFACE_s29_session0_lamp,5,141,9.7,-0.849683940410614,-0.7371484418034336
COHFACE_s29_session0_lamp,5,142,9.733333333333333,-0.8637436032295227,-0.5212332164863553
COHFACE_s29_session0_lamp,5,143,9.766666666666667,-0.8773274421691895,-0.33376136935801276
COHFACE_s29_session0_lamp,5,144,9.8,-0.8952535390853882,-0.19723933389999518
COHFACE_s29_session0_lamp,5,145,9.833333333333334,-0.8475533723831177,-0.10639357999684926
COHFACE_s29_session0_lamp,5,146,9.866666666666667,-0.43224138021469116,-0.03429366040705714
COHFACE_s29_session0_lamp,5,147,9.9,0.37292373180389404,0.05134968498463158
COHFACE_s29_session0_lamp,5,148,9.933333333333334,1.0438244342803955,0.1703393261697857
COHFACE_s29_session0_lamp,5,149,9.966666666666667,1.2591321468353271,0.3200003926209991
COHFACE_s29_session0_lamp,5,150,10.0,1.1736600399017334,0.4779179054174881
COHFACE_s29_session0_lamp,5,151,10.033333333333333,1.0524818897247314,0.6150865169104474
COHFACE_s29_session0_lamp,5,152,10.066666666666666,1.0206962823867798,0.711325387125341
COHFACE_s29_session0_lamp,5,153,10.1,1.0319709777832031,0.7637392339580844
COHFACE_s29_session0_lamp,5,154,10.133333333333333,0.957341194152832,0.7835173858704141
COHFACE_s29_session0_lamp,5,155,10.166666666666666,0.831739604473114,0.7836057144769114
COHFACE_s29_session0_lamp,5,156,10.2,0.7444074153900146,0.7654031593085964
COHFACE_s29_session0_lamp,5,157,10.233333333333333,0.6776185035705566,0.7134220492413288
COHFACE_s29_session0_lamp,5,158,10.266666666666667,0.5715707540512085,0.6021458719152677
COHFACE_s29_session0_lamp,5,159,10.3,0.4141456186771393,0.4115677425084287
COHFACE_s29_session0_lamp,5,160,10.333333333333334,0.23128333687782288,0.14170712096154647
COHFACE_s29_session0_lamp,5,161,10.366666666666667,0.05518590658903122,-0.1832117257540877
COHFACE_s29_session0_lamp,5,162,10.4,-0.09763194620609283,-0.522617589550057
COHFACE_s29_session0_lamp,5,163,10.433333333333334,-0.22136789560317993,-0.8331804537696148
COHFACE_s29_session0_lamp,5,164,10.466666666666667,-0.3111281096935272,-1.0801699300057392
COHFACE_s29_session0_lamp,5,165,10.5,-0.3699299991130829,-1.242433423266904
COHFACE_s29_session0_lamp,5,166,10.533333333333333,-0.4185440242290497,-1.3115440575131339
COHFACE_s29_session0_lamp,5,167,10.566666666666666,-0.4704837203025818,-1.2882943403296732
COHFACE_s29_session0_lamp,5,168,10.6,-0.5331141352653503,-1.1795377619669374
COHFACE_s29_session0_lamp,5,169,10.633333333333333,-0.5949983596801758,-0.9965842146655352
COHFACE_s29_session0_lamp,5,170,10.666666666666666,-0.6577207446098328,-0.7546608507127283
COHFACE_s29_session0_lamp,5,171,10.7,-0.7187343239784241,-0.47216513066197696
COHFACE_s29_session0_lamp,5,172,10.733333333333333,-0.7695329785346985,-0.1686925880364754
COHFACE_s29_session0_lamp,5,173,10.766666666666667,-0.8054500818252563,0.1379227017647354
COHFACE_s29_session0_lamp,5,174,10.8,-0.8394149541854858,0.43375447201048895
COHFACE_s29_session0_lamp,5,175,10.833333333333334,-0.876402735710144,0.7080328177485264
COHFACE_s29_session0_lamp,5,176,10.866666666666667,-0.8783494830131531,0.9492895769776115
COHFACE_s29_session0_lamp,5,177,10.9,-0.6094257235527039,1.1410603294579476
COHFACE_s29_session0_lamp,5,178,10.933333333333334,0.2241777926683426,1.2613190085465935
COHFACE_s29_session0_lamp,5,179,10.966666666666667,1.2382858991622925,1.2879122692633682
COHFACE_s29_session0_lamp,5,180,11.0,1.7946650981903076,1.2074972718376809
COHFACE_s29_session0_lamp,5,181,11.033333333333333,1.8293492794036865,1.0224414982984034
COHFACE_s29_session0_lamp,5,182,11.066666666666666,1.7122808694839478,0.7520761707362659
COHFACE_s29_session0_lamp,5,183,11.1,1.6728163957595825,0.4287428574347214
COHFACE_s29_session0_lamp,5,184,11.133333333333333,1.720516562461853,0.091076985885667
COHFACE_s29_session0_lamp,5,185,11.166666666666666,1.7213655710220337,-0.22324404222949995
COHFACE_s29_session0_lamp,5,186,11.2,1.5462793111801147,-0.48377464340523385
COHFACE_s29_session0_lamp,5,187,11.233333333333333,1.2725645303726196,-0.6715258521544791
COHFACE_s29_session0_lamp,5,188,11.266666666666667,1.0526225566864014,-0.7803363666590897
COHFACE_s29_session0_lamp,5,189,11.3,0.9002588987350464,-0.8151086936242325
COHFACE_s29_session0_lamp,5,190,11.333333333333334,0.73537677526474,-0.787630944096028
COHFACE_s29_session0_lamp,5,191,11.366666666666667,0.5402933359146118,-0.7117217039219971
COHFACE_s29_session0_lamp,5,192,11.4,0.3285546600818634,-0.5997150828202011
COHFACE_s29_session0_lamp,5,193,11.433333333333334,0.12985359132289886,-0.4613529467606207
COHFACE_s29_session0_lamp,5,194,11.466666666666667,-0.03071329928934574,-0.3043448342498011
COHFACE_s29_session0_lamp,5,195,11.5,-0.16649730503559113,-0.13471635620941477
COHFACE_s29_session0_lamp,5,196,11.533333333333333,-0.2748163044452667,0.04415016022201955
COHFACE_s29_session0_lamp,5,197,11.566666666666666,-0.35634076595306396,0.23253177922858562
COHFACE_s29_session0_lamp,5,198,11.6,-0.4348856806755066,0.43226737865692255
COHFACE_s29_session0_lamp,5,199,11.633333333333333,-0.511640727519989,0.6398296427897774
COHFACE_s29_session0_lamp,5,200,11.666666666666666,-0.587043821811676,0.8379189693039106
COHFACE_s29_session0_lamp,5,201,11.7,-0.658320963382721,0.9925708792797211
COHFACE_s29_session0_lamp,5,202,11.733333333333333,-0.7322694659233093,1.060414645796845
COHFACE_s29_session0_lamp,5,203,11.766666666666667,-0.7953217029571533,1.0039696275741943
COHFACE_s29_session0_lamp,5,204,11.8,-0.849683940410614,0.8069628839008084
COHFACE_s29_session0_lamp,5,205,11.833333333333334,-0.8949506878852844,0.48152158872882367
COHFACE_s29_session0_lamp,5,206,11.866666666666667,-0.9258279204368591,0.06521995673345053
COHFACE_s29_session0_lamp,5,207,11.9,-0.9429807066917419,-0.3880133407786479
COHFACE_s29_session0_lamp,5,208,11.933333333333334,-0.9592845439910889,-0.8187246011135757
COHFACE_s29_session0_lamp,5,209,11.966666666666667,-0.9872470498085022,-1.1728066286726457
COHFACE_s29_session0_lamp,5,210,12.0,-1.0088610649108887,-1.4116613110211544
COHFACE_s29_session0_lamp,5,211,12.033333333333333,-0.8464610576629639,-1.5194808143655854
COHFACE_s29_session0_lamp,5,212,12.066666666666666,-0.09194859117269516,-1.5040396594498129
COHFACE_s29_session0_lamp,5,213,12.1,1.030981421470642,-1.38860002398777
COHFACE_s29_session0_lamp,5,214,12.133333333333333,1.751204490661621,-1.1971605638651062
COHFACE_s29_session0_lamp,5,215,12.166666666666666,1.838817834854126,-0.9407252664441846
COHFACE_s29_session0_lamp,5,216,12.2,1.6786079406738281,-0.6142230921368579
COHFACE_s29_session0_lamp,5,217,12.233333333333333,1.5931953191757202,-0.20864485272683508
COHFACE_s29_session0_lamp,5,218,12.266666666666667,1.6225584745407104,0.2678115498727356
COHFACE_s29_session0_lamp,5,219,12.3,1.6323083639144897,0.7738861411715887
COHFACE_s29_session0_lamp,5,220,12.333333333333334,1.4747533798217773,1.2370147743571533
COHFACE_s29_session0_lamp,5,221,12.366666666666667,1.1792622804641724,1.5744888893903377
COHFACE_s29_session0_lamp,5,222,12.4,0.919061005115509,1.723872542490467
COHFACE_s29_session0_lamp,5,223,12.433333333333334,0.7434934973716736,1.666709394553901
COHFACE_s29_session0_lamp,5,224,12.466666666666667,0.5906972885131836,1.4335259503391755
COHFACE_s29_session0_lamp,5,225,12.5,0.4047851264476776,1.0889389726373446
COHFACE_s29_session0_lamp,5,226,12.533333333333333,0.19994647800922394,0.7063999645971498
COHFACE_s29_session0_lamp,5,227,12.566666666666666,0.005863486789166927,0.3459610842188825
COHFACE_s29_session0_lamp,5,228,12.6,-0.15611478686332703,0.043408792137075464
COHFACE_s29_session0_lamp,5,229,12.633333333333333,-0.29175278544425964,-0.18916034241702287
COHFACE_s29_session0_lamp,5,230,12.666666666666666,-0.39702191948890686,-0.35605928310959123
COHFACE_s29_session0_lamp,5,231,12.7,-0.4759615659713745,-0.46919377614452706
COHFACE_s29_session0_lamp,5,232,12.733333333333333,-0.5477957129478455,-0.5411898334122759
COHFACE_s29_session0_lamp,5,233,12.766666666666667,-0.616055428981781,-0.5817844505402385
COHFACE_s29_session0_lamp,5,234,12.8,-0.6809353828430176,-0.5970582808973249
COHFACE_s29_session0_lamp,5,235,12.833333333333334,-0.7458099722862244,-0.5902496793834859
COHFACE_s29_session0_lamp,5,236,12.866666666666667,-0.8106683492660522,-0.5629521467206383
COHFACE_s29_session0_lamp,5,237,12.9,-0.8713575005531311,-0.5160813491463726
COHFACE_s29_session0_lamp,5,238,12.933333333333334,-0.9225292801856995,-0.4505931317529531
COHFACE_s29_session0_lamp,5,239,12.966666666666667,-0.961188018321991,-0.36816182469191755
COHFACE_s29_session0_lamp,6,0,6.0,-0.9648975729942322,-0.18590572543988068
COHFACE_s29_session0_lamp,6,1,6.033333333333333,-1.014441728591919,0.06464175104787678
COHFACE_s29_session0_lamp,6,2,6.066666666666666,-1.0437614917755127,0.26876855325309906
COHFACE_s29_session0_lamp,6,3,6.1,-1.0639209747314453,0.39347732738793517
COHFACE_s29_session0_lamp,6,4,6.133333333333334,-1.0810251235961914,0.43433507309513836
COHFACE_s29_session0_lamp,6,5,6.166666666666667,-1.113984227180481,0.415380539853785
COHFACE_s29_session0_lamp,6,6,6.2,-1.114989995956421,0.3773140443586421
COHFACE_s29_session0_lamp,6,7,6.233333333333333,-0.7247691750526428,0.35927429617673756
COHFACE_s29_session0_lamp,6,8,6.266666666666667,0.3938294053077698,0.38233062582901656
COHFACE_s29_session0_lamp,6,9,6.3,1.5634429454803467,0.4420085261264438
COHFACE_s29_session0_lamp,6,10,6.333333333333333,2.008345127105713,0.5137045237020227
COHFACE_s29_session0_lamp,6,11,6.366666666666666,1.8689650297164917,0.568620182313425
COHFACE_s29_session0_lamp,6,12,6.4,1.649228572845459,0.5908107689284279
COHFACE_s29_session0_lamp,6,13,6.433333333333334,1.5902915000915527,0.5844985909377268
COHFACE_s29_session0_lamp,6,14,6.466666666666667,1.6082500219345093,0.5680972661826179
COHFACE_s29_session0_lamp,6,15,6.5,1.5243948698043823,0.5607567659166087
COHFACE_s29_session0_lamp,6,16,6.533333333333333,1.243060827255249,0.5705913379534171
COHFACE_s29_session0_lamp,6,17,6.566666666666666,0.8969764709472656,0.5905486543050107
COHFACE_s29_session0_lamp,6,18,6.6,0.6560099124908447,0.6022343864125704
COHFACE_s29_session0_lamp,6,19,6.633333333333334,0.4974275827407837,0.5840708710885666
COHFACE_s29_session0_lamp,6,20,6.666666666666667,0.32783544063568115,0.5197904222231164
COHFACE_s29_session0_lamp,6,21,6.7,0.12036872655153275,0.40470359081534896
COHFACE_s29_session0_lamp,6,22,6.733333333333333,-0.10260149836540222,0.24812419844047057
COHFACE_s29_session0_lamp,6,23,6.766666666666667,-0.300637423992157,0.07099503303063683
COHFACE_s29_session0_lamp,6,24,6.8,-0.45696479082107544,-0.10082038636521586
COHFACE_s29_session0_lamp,6,25,6.833333333333333,-0.5829881429672241,-0.24520321737145326
COHFACE_s29_session0_lamp,6,26,6.866666666666666,-0.6887277364730835,-0.3507490080881044
COHFACE_s29_session0_lamp,6,27,6.9,-0.7713120579719543,-0.4188699682301614
COHFACE_s29_session0_lamp,6,28,6.933333333333334,-0.8517009615898132,-0.46031925814643904
COHFACE_s29_session0_lamp,6,29,6.966666666666667,-0.9241083264350891,-0.4885738032755978
COHFACE_s29_session0_lamp,6,30,7.0,-0.9953962564468384,-0.5143074183979375
COHFACE_s29_session0_lamp,6,31,7.033333333333333,-1.0641642808914185,-0.5439419765508805
COHFACE_s29_session0_lamp,6,32,7.066666666666666,-1.135890245437622,-0.5814541290854992
COHFACE_s29_session0_lamp,6,33,7.1,-1.205172061920166,-0.6298704041622413
COHFACE_s29_session0_lamp,6,34,7.133333333333334,-1.2624706029891968,-0.690009246010086
COHFACE_s29_session0_lamp,6,35,7.166666666666667,-1.3085213899612427,-0.7573429154383682
COHFACE_s29_session0_lamp,6,36,7.2,-1.347266674041748,-0.8200347375504294
COHFACE_s29_session0_lamp,6,37,7.233333333333333,-1.3765215873718262,-0.860779594007843
COHFACE_s29_session0_lamp,6,38,7.266666666666667,-1.3984439373016357,-0.8625482671948748
COHFACE_s29_session0_lamp,6,39,7.3,-1.413341760635376,-0.815583548017145
COHFACE_s29_session0_lamp,6,40,7.333333333333333,-1.4332199096679688,-0.721840706729514
COHFACE_s29_session0_lamp,6,41,7.366666666666666,-1.4610093832015991,-0.5939134908082276
COHFACE_s29_session0_lamp,6,42,7.4,-1.4611338376998901,-0.4479537405133076
COHFACE_s29_session0_lamp,6,43,7.433333333333334,-1.1474624872207642,-0.2938202039140987
COHFACE_s29_session0_lamp,6,44,7.466666666666667,-0.24502600729465485,-0.1289818583098525
COHFACE_s29_session0_lamp,6,45,7.5,0.7182077169418335,0.05827543545008685
COHFACE_s29_session0_lamp,6,46,7.533333333333333,1.1397438049316406,0.2772683341573912
COHFACE_s29_session0_lamp,6,47,7.566666666666666,1.1012797355651855,0.5226955245152382
COHFACE_s29_session0_lamp,6,48,7.6,0.9795879125595093,0.7706057822589589
COHFACE_s29_session0_lamp,6,49,7.633333333333334,0.9691458940505981,0.9858459723330438
COHFACE_s29_session0_lamp,6,50,7.666666666666667,1.0197877883911133,1.1360425249810209
COHFACE_s29_session0_lamp,6,51,7.7,1.002040147781372,1.202901074970602
COHFACE_s29_session0_lamp,6,52,7.733333333333333,0.824790894985199,1.1849566458131737
COHFACE_s29_session0_lamp,6,53,7.766666666666667,0.5796550512313843,1.0929049480975126
COHFACE_s29_session0_lamp,6,54,7.8,0.3943377137184143,0.9430426534608162
COHFACE_s29_session0_lamp,6,55,7.833333333333333,0.2628364861011505,0.7537399930308202
COHFACE_s29_session0_lamp,6,56,7.866666666666666,0.12010916322469711,0.5457160206425743
COHFACE_s29_session0_lamp,6,57,7.9,-0.05172169581055641,0.3429933332450345
COHFACE_s29_session0_lamp,6,58,7.933333333333334,-0.23036068677902222,0.17087974984703444
COHFACE_s29_session0_lamp,6,59,7.966666666666667,-0.38947293162345886,0.049853621838693685
COHFACE_s29_session0_lamp,6,60,8.0,-0.5229100584983826,-0.012397217471728993
COHFACE_s29_session0_lamp,6,61,8.033333333333333,-0.6384751796722412,-0.02625484218353124
COHFACE_s29_session0_lamp,6,62,8.066666666666666,-0.7328804731369019,-0.01840434994089208
COHFACE_s29_session0_lamp,6,63,8.1,-0.8050715327262878,-0.021885549206034242
COHFACE_s29_session0_lamp,6,64,8.133333333333333,-0.8781872391700745,-0.06192783323292442
COHFACE_s29_session0_lamp,6,65,8.166666666666666,-0.9444299340248108,-0.14501738107829465
COHFACE_s29_session0_lamp,6,66,8.2,-1.0071738958358765,-0.2575488317676357
COHFACE_s29_session0_lamp,6,67,8.233333333333333,-1.0738492012023926,-0.37500769905628495
COHFACE_s29_session0_lamp,6,68,8.266666666666667,-1.1372637748718262,-0.47606388044610837
COHFACE_s29_session0_lamp,6,69,8.3,-1.1941567659378052,-0.5528420000797021
COHFACE_s29_session0_lamp,6,70,8.333333333333334,-1.2354382276535034,-0.6115009312189084
COHFACE_s29_session0_lamp,6,71,8.366666666666667,-1.2698627710342407,-0.6637293941118001
COHFACE_s29_session0_lamp,6,72,8.4,-1.2981281280517578,-0.7152840149460813
COHFACE_s29_session0_lamp,6,73,8.433333333333334,-1.3231596946716309,-0.7589832633899963
COHFACE_s29_session0_lamp,6,74,8.466666666666667,-1.3402800559997559,-0.7761350959683456
COHFACE_s29_session0_lamp,6,75,8.5,-1.3523768186569214,-0.7450028139135794
COHFACE_s29_session0_lamp,6,76,8.533333333333333,-1.3592065572738647,-0.6511990636722247
COHFACE_s29_session0_lamp,6,77,8.566666666666666,-1.3630350828170776,-0.494574110098414
COHFACE_s29_session0_lamp,6,78,8.6,-1.3653550148010254,-0.28982755516017183
COHFACE_s29_session0_lamp,6,79,8.633333333333333,-1.366068720817566,-0.061670209831777414
COHFACE_s29_session0_lamp,6,80,8.666666666666666,-1.360163688659668,0.16230901022065305
COHFACE_s29_session0_lamp,6,81,8.7,-1.1346843242645264,0.35774517261473004
COHFACE_s29_session0_lamp,6,82,8.733333333333333,-0.4177112579345703,0.5067930150516657
COHFACE_s29_session0_lamp,6,83,8.766666666666667,0.43039536476135254,0.5988125845879197
COHFACE_s29_session0_lamp,6,84,8.8,0.8933966755867004,0.6298104306444037
COHFACE_s29_session0_lamp,6,85,8.833333333333334,0.9478130340576172,0.6020709586166954
COHFACE_s29_session0_lamp,6,86,8.866666666666667,0.8790666460990906,0.5246409562433791
COHFACE_s29_session0_lamp,6,87,8.9,0.881537914276123,0.41398981542487534
COHFACE_s29_session0_lamp,6,88,8.933333333333334,0.9714494943618774,0.2929662276189074
COHFACE_s29_session0_lamp,6,89,8.966666666666667,1.0287210941314697,0.1865068572609651
COHFACE_s29_session0_lamp,6,90,9.0,0.9365652799606323,0.11485059874694652
COHFACE_s29_session0_lamp,6,91,9.033333333333333,0.7728187441825867,0.08741712141607336
COHFACE_s29_session0_lamp,6,92,9.066666666666666,0.6520785689353943,0.10083936635686044
COHFACE_s29_session0_lamp,6,93,9.1,0.5595983862876892,0.14251476383053185
COHFACE_s29_session0_lamp,6,94,9.133333333333333,0.4482998251914978,0.19768078512051887
COHFACE_s29_session0_lamp,6,95,9.166666666666666,0.30920636653900146,0.25547558546427807
COHFACE_s29_session0_lamp,6,96,9.2,0.1569995880126953,0.3096222640971208
COHFACE_s29_session0_lamp,6,97,9.233333333333333,0.009491964243352413,0.3530579582492608
COHFACE_s29_session0_lamp,6,98,9.266666666666667,-0.1214468702673912,0.3712448342795662
COHFACE_s29_session0_lamp,6,99,9.3,-0.2295549511909485,0.3412677460841886
COHFACE_s29_session0_lamp,6,100,9.333333333333334,-0.31915292143821716,0.24002832374003064
COHFACE_s29_session0_lamp,6,101,9.366666666666667,-0.39172789454460144,0.05756733313843631
COHFACE_s29_session0_lamp,6,102,9.4,-0.45054060220718384,-0.19349613551172934
COHFACE_s29_session0_lamp,6,103,9.433333333333334,-0.5120841264724731,-0.479467839520095
COHFACE_s29_session0_lamp,6,104,9.466666666666667,-0.5819769501686096,-0.7566182926920656
COHFACE_s29_session0_lamp,6,105,9.5,-0.6413357853889465,-0.9833730450616208
COHFACE_s29_session0_lamp,6,106,9.533333333333333,-0.6878841519355774,-1.1265824675864318
COHFACE_s29_session0_lamp,6,107,9.566666666666666,-0.7402293682098389,-1.1618098335190434
COHFACE_s29_session0_lamp,6,108,9.6,-0.7892219424247742,-1.0732692522607077
COHFACE_s29_session0_lamp,6,109,9.633333333333333,-0.8162543773651123,-0.8587229222296654
COHFACE_s29_session0_lamp,6,110,9.666666666666666,-0.8326284885406494,-0.5384455121342688
COHFACE_s29_session0_lamp,6,111,9.7,-0.849683940410614,-0.16085173940714217
COHFACE_s29_session0_lamp,6,112,9.733333333333333,-0.8637436032295227,0.20343602321906273
COHFACE_s29_session0_lamp,6,113,9.766666666666667,-0.8773274421691895,0.4811977831626418
COHFACE_s29_session0_lamp,6,114,9.8,-0.8952535390853882,0.6226541124515533
COHFACE_s29_session0_lamp,6,115,9.833333333333334,-0.8475533723831177,0.6208914623891391
COHFACE_s29_session0_lamp,6,116,9.866666666666667,-0.43224138021469116,0.5141688228554284
COHFACE_s29_session0_lamp,6,117,9.9,0.37292373180389404,0.36956788951168257
COHFACE_s29_session0_lamp,6,118,9.933333333333334,1.0438244342803955,0.25606263379112515
COHFACE_s29_session0_lamp,6,119,9.966666666666667,1.2591321468353271,0.21976775756427439
COHFACE_s29_session0_lamp,6,120,10.0,1.1736600399017334,0.2715441621234953
COHFACE_s29_session0_lamp,6,121,10.033333333333333,1.0524818897247314,0.3900578451896716
COHFACE_s29_session0_lamp,6,122,10.066666666666666,1.0206962823867798,0.5363996466159522
COHFACE_s29_session0_lamp,6,123,10.1,1.0319709777832031,0.6721714893548463
COHFACE_s29_session0_lamp,6,124,10.133333333333333,0.957341194152832,0.7724920357813094
COHFACE_s29_session0_lamp,6,125,10.166666666666666,0.831739604473114,0.8286809498080707
COHFACE_s29_session0_lamp,6,126,10.2,0.7444074153900146,0.8411724450599317
COHFACE_s29_session0_lamp,6,127,10.233333333333333,0.6776185035705566,0.8088491927301765
COHFACE_s29_session0_lamp,6,128,10.266666666666667,0.5715707540512085,0.7232994369147411
COHFACE_s29_session0_lamp,6,129,10.3,0.4141456186771393,0.5728895381502426
COHFACE_s29_session0_lamp,6,130,10.333333333333334,0.23128333687782288,0.35337831761296196
COHFACE_s29_session0_lamp,6,131,10.366666666666667,0.05518590658903122,0.0763318996662568
COHFACE_s29_session0_lamp,6,132,10.4,-0.09763194620609283,-0.23087608743175986
COHFACE_s29_session0_lamp,6,133,10.433333333333334,-0.22136789560317993,-0.5329353294130482
COHFACE_s29_session0_lamp,6,134,10.466666666666667,-0.3111281096935272,-0.7973091964960718
COHFACE_s29_session0_lamp,6,135,10.5,-0.3699299991130829,-1.0024776769389205
COHFACE_s29_session0_lamp,6,136,10.533333333333333,-0.4185440242290497,-1.1409083621592186
COHFACE_s29_session0_lamp,6,137,10.566666666666666,-0.4704837203025818,-1.2169397467690402
COHFACE_s29_session0_lamp,6,138,10.6,-0.5331141352653503,-1.24152792302592
COHFACE_s29_session0_lamp,6,139,10.633333333333333,-0.5949983596801758,-1.2262952949134909
COHFACE_s29_session0_lamp,6,140,10.666666666666666,-0.6577207446098328,-1.1791027903024474
COHFACE_s29_session0_lamp,6,141,10.7,-0.7187343239784241,-1.102438334647756
COHFACE_s29_session0_lamp,6,142,10.733333333333333,-0.7695329785346985,-0.994407490016975
COHFACE_s29_session0_lamp,6,143,10.766666666666667,-0.8054500818252563,-0.851032325856689
COHFACE_s29_session0_lamp,6,144,10.8,-0.8394149541854858,-0.6686801258414505
COHFACE_s29_session0_lamp,6,145,10.833333333333334,-0.876402735710144,-0.44625852244748276
COHFACE_s29_session0_lamp,6,146,10.866666666666667,-0.8783494830131531,-0.18732957123141591
COHFACE_s29_session0_lamp,6,147,10.9,-0.6094257235527039,0.09803832745934148
COHFACE_s29_session0_lamp,6,148,10.933333333333334,0.2241777926683426,0.3926961278826685
COHFACE_s29_session0_lamp,6,149,10.966666666666667,1.2382858991622925,0.6741581160854224
COHFACE_s29_session0_lamp,6,150,11.0,1.7946650981903076,0.9183741978898796
COHFACE_s29_session0_lamp,6,151,11.033333333333333,1.8293492794036865,1.1041787953869089
COHFACE_s29_session0_lamp,6,152,11.066666666666666,1.7122808694839478,1.21751021581188
COHFACE_s29_session0_lamp,6,153,11.1,1.6728163957595825,1.25491704547166
COHFACE_s29_session0_lamp,6,154,11.133333333333333,1.720516562461853,1.2249619639572944
COHFACE_s29_session0_lamp,6,155,11.166666666666666,1.7213655710220337,1.1456879000589815
COHFACE_s29_session0_lamp,6,156,11.2,1.5462793111801147,1.0381478921704557
COHFACE_s29_session0_lamp,6,157,11.233333333333333,1.2725645303726196,0.9188364133512698
COHFACE_s29_session0_lamp,6,158,11.266666666666667,1.0526225566864014,0.7951699937956797
COHFACE_s29_session0_lamp,6,159,11.3,0.9002588987350464,0.666594192520912
COHFACE_s29_session0_lamp,6,160,11.333333333333334,0.73537677526474,0.530120793370868
COHFACE_s29_session0_lamp,6,161,11.366666666666667,0.5402933359146118,0.3859349128360516
COHFACE_s29_session0_lamp,6,162,11.4,0.3285546600818634,0.23879007805369135
COHFACE_s29_session0_lamp,6,163,11.433333333333334,0.12985359132289886,0.09440172079360316
COHFACE_s29_session0_lamp,6,164,11.466666666666667,-0.03071329928934574,-0.045408720078950304
COHFACE_s29_session0_lamp,6,165,11.5,-0.16649730503559113,-0.1834775393986414
COHFACE_s29_session0_lamp,6,166,11.533333333333333,-0.2748163044452667,-0.3220862955514914
COHFACE_s29_session0_lamp,6,167,11.566666666666666,-0.35634076595306396,-0.45572633737410423
COHFACE_s29_session0_lamp,6,168,11.6,-0.4348856806755066,-0.5691003254508122
COHFACE_s29_session0_lamp,6,169,11.633333333333333,-0.511640727519989,-0.6446976551049692
COHFACE_s29_session0_lamp,6,170,11.666666666666666,-0.587043821811676,-0.6761144145873887
COHFACE_s29_session0_lamp,6,171,11.7,-0.658320963382721,-0.6772172617814328
COHFACE_s29_session0_lamp,6,172,11.733333333333333,-0.7322694659233093,-0.679418450367072
COHFACE_s29_session0_lamp,6,173,11.766666666666667,-0.7953217029571533,-0.7175397320541342
COHFACE_s29_session0_lamp,6,174,11.8,-0.849683940410614,-0.8123691984306181
COHFACE_s29_session0_lamp,6,175,11.833333333333334,-0.8949506878852844,-0.9596018189814534
COHFACE_s29_session0_lamp,6,176,11.866666666666667,-0.9258279204368591,-1.1296108166165204
COHFACE_s29_session0_lamp,6,177,11.9,-0.9429807066917419,-1.2759781559131966
COHFACE_s29_session0_lamp,6,178,11.933333333333334,-0.9592845439910889,-1.3483655510214627
COHFACE_s29_session0_lamp,6,179,11.966666666666667,-0.9872470498085022,-1.3062281610196673
COHFACE_s29_session0_lamp,6,180,12.0,-1.0088610649108887,-1.1306774560952264
COHFACE_s29_session0_lamp,6,181,12.033333333333333,-0.8464610576629639,-0.8314523806775315
COHFACE_s29_session0_lamp,6,182,12.066666666666666,-0.09194859117269516,-0.4455771943466345
COHFACE_s29_session0_lamp,6,183,12.1,1.030981421470642,-0.02590923808390466
COHFACE_s29_session0_lamp,6,184,12.133333333333333,1.751204490661621,0.3777017001463378
COHFACE_s29_session0_lamp,6,185,12.166666666666666,1.838817834854126,0.7364564741001871
COHFACE_s29_session0_lamp,6,186,12.2,1.6786079406738281,1.049246218281893
COHFACE_s29_session0_lamp,6,187,12.233333333333333,1.5931953191757202,1.3321474518557035
COHFACE_s29_session0_lamp,6,188,12.266666666666667,1.6225584745407104,1.5964428368643375
COHFACE_s29_session0_lamp,6,189,12.3,1.6323083639144897,1.8296887450062727
COHFACE_s29_session0_lamp,6,190,12.333333333333334,1.4747533798217773,1.9925854365103783
COHFACE_s29_session0_lamp,6,191,12.366666666666667,1.1792622804641724,2.034170411889024
COHFACE_s29_session0_lamp,6,192,12.4,0.919061005115509,1.9168124732000613
COHFACE_s29_session0_lamp,6,193,12.433333333333334,0.7434934973716736,1.6371308526263428
COHFACE_s29_session0_lamp,6,194,12.466666666666667,0.5906972885131836,1.2319103945985137
COHFACE_s29_session0_lamp,6,195,12.5,0.4047851264476776,0.766764230475433
COHFACE_s29_session0_lamp,6,196,12.533333333333333,0.19994647800922394,0.3142616814160495
COHFACE_s29_session0_lamp,6,197,12.566666666666666,0.005863486789166927,-0.06765852955832358
COHFACE_s29_session0_lamp,6,198,12.6,-0.15611478686332703,-0.3487184428549673
COHFACE_s29_session0_lamp,6,199,12.633333333333333,-0.29175278544425964,-0.5283128168959985
COHFACE_s29_session0_lamp,6,200,12.666666666666666,-0.39702191948890686,-0.6286360746691325
COHFACE_s29_session0_lamp,6,201,12.7,-0.4759615659713745,-0.6831665442716219
COHFACE_s29_session0_lamp,6,202,12.733333333333333,-0.5477957129478455,-0.725019941050546
COHFACE_s29_session0_lamp,6,203,12.766666666666667,-0.616055428981781,-0.7786374650258079
COHFACE_s29_session0_lamp,6,204,12.8,-0.6809353828430176,-0.8563753159005945
COHFACE_s29_session0_lamp,6,205,12.833333333333334,-0.7458099722862244,-0.9594695829296391
COHFACE_s29_session0_lamp,6,206,12.866666666666667,-0.8106683492660522,-1.0812743460757923
COHFACE_s29_session0_lamp,6,207,12.9,-0.8713575005531311,-1.2102364315465053
COHFACE_s29_session0_lamp,6,208,12.933333333333334,-0.9225292801856995,-1.3309860375550584
COHFACE_s29_session0_lamp,6,209,12.966666666666667,-0.961188018321991,-1.423744732560774
COHFACE_s29_session0_lamp,6,210,13.0,-0.9963696002960205,-1.4639993022727058
COHFACE_s29_session0_lamp,6,211,13.033333333333333,-1.0264627933502197,-1.4248400079682488
COHFACE_s29_session0_lamp,6,212,13.066666666666666,-1.0420743227005005,-1.2829728850597777
COHFACE_s29_session0_lamp,6,213,13.1,-1.0526137351989746,-1.0270253773884488
COHFACE_s29_session0_lamp,6,214,13.133333333333333,-1.0526947975158691,-0.6648196999618778
COHFACE_s29_session0_lamp,6,215,13.166666666666666,-1.0592325925827026,-0.22585752852846175
COHFACE_s29_session0_lamp,6,216,13.2,-1.0780184268951416,0.2432180383836691
COHFACE_s29_session0_lamp,6,217,13.233333333333333,-1.078926920890808,0.689222541323634
COHFACE_s29_session0_lamp,6,218,13.266666666666667,-0.7930018305778503,1.0647199013446822
COHFACE_s29_session0_lamp,6,219,13.3,0.15174342691898346,1.3366457974765062
COHFACE_s29_session0_lamp,6,220,13.333333333333334,1.3146893978118896,1.4886157013436176
COHFACE_s29_session0_lamp,6,221,13.366666666666667,1.9118579626083374,1.5184368021833776
COHFACE_s29_session0_lamp,6,222,13.4,1.8897138833999634,1.434711371444572
COHFACE_s29_session0_lamp,6,223,13.433333333333334,1.7014062404632568,1.2555383033247822
COHFACE_s29_session0_lamp,6,224,13.466666666666667,1.6259976625442505,1.0090602338416172
COHFACE_s29_session0_lamp,6,225,13.5,1.656691074371338,0.7327859012726661
COHFACE_s29_session0_lamp,6,226,13.533333333333333,1.6321028470993042,0.4686630720221352
COHFACE_s29_session0_lamp,6,227,13.566666666666666,1.426804542541504,0.25362731905201974
COHFACE_s29_session0_lamp,6,228,13.6,1.123288631439209,0.10884497969733507
COHFACE_s29_session0_lamp,6,229,13.633333333333333,0.8912553191184998,0.03278494082160884
COHFACE_s29_session0_lamp,6,230,13.666666666666666,0.7402976155281067,0.0022286212864980857
COHFACE_s29_session0_lamp,6,231,13.7,0.5861549377441406,-0.01806331391543715
COHFACE_s29_session0_lamp,6,232,13.733333333333333,0.3982798159122467,-0.06034950992971521
COHFACE_s29_session0_lamp,6,233,13.766666666666667,0.1944037228822708,-0.13987094367487463
COHFACE_s29_session0_lamp,6,234,13.8,0.0007587430882267654,-0.2484773549477411
COHFACE_s29_session0_lamp,6,235,13.833333333333334,-0.15576329827308655,-0.359340031080541
COHFACE_s29_session0_lamp,6,236,13.866666666666667,-0.27332380414009094,-0.44023572794446425
COHFACE_s29_session0_lamp,6,237,13.9,-0.36793461441993713,-0.4683987090322273
COHFACE_s29_session0_lamp,6,238,13.933333333333334,-0.446998655796051,-0.440107326558877
COHFACE_s29_session0_lamp,6,239,13.966666666666667,-0.5138145685195923,-0.37161397900335497
COHFACE_s29_session0_lamp,7,0,7.0,-0.9953962564468384,-0.18620470638717546
COHFACE_s29_session0_lamp,7,1,7.033333333333333,-1.0641642808914185,-0.06505005006982217
COHFACE_s29_session0_lamp,7,2,7.066666666666666,-1.135890245437622,0.006799034072101888
COHFACE_s29_session0_lamp,7,3,7.1,-1.205172061920166,-0.0065374297747383
COHFACE_s29_session0_lamp,7,4,7.133333333333334,-1.2624706029891968,-0.11264222077985836
COHFACE_s29_session0_lamp,7,5,7.166666666666667,-1.3085213899612427,-0.28878406990469074
COHFACE_s29_session0_lamp,7,6,7.2,-1.347266674041748,-0.49038345808028067
COHFACE_s29_session0_lamp,7,7,7.233333333333333,-1.3765215873718262,-0.6664893064666557
COHFACE_s29_session0_lamp,7,8,7.266666666666667,-1.3984439373016357,-0.7762593664038421
COHFACE_s29_session0_lamp,7,9,7.3,-1.413341760635376,-0.8004891000695967
COHFACE_s29_session0_lamp,7,10,7.333333333333333,-1.4332199096679688,-0.7442327483632971
COHFACE_s29_session0_lamp,7,11,7.366666666666666,-1.4610093832015991,-0.629867314393583
COHFACE_s29_session0_lamp,7,12,7.4,-1.4611338376998901,-0.48376850522538584
COHFACE_s29_session0_lamp,7,13,7.433333333333334,-1.1474624872207642,-0.3229116868163376
COHFACE_s29_session0_lamp,7,14,7.466666666666667,-0.24502600729465485,-0.14855830391741331
COHFACE_s29_session0_lamp,7,15,7.5,0.7182077169418335,0.049052670020364106
COHFACE_s29_session0_lamp,7,16,7.533333333333333,1.1397438049316406,0.27785765532080353
COHFACE_s29_session0_lamp,7,17,7.566666666666666,1.1012797355651855,0.5314711324156386
COHFACE_s29_session0_lamp,7,18,7.6,0.9795879125595093,0.7855407380175873
COHFACE_s29_session0_lamp,7,19,7.633333333333334,0.9691458940505981,1.005599052274959
COHFACE_s29_session0_lamp,7,20,7.666666666666667,1.0197877883911133,1.1611342817339076
COHFACE_s29_session0_lamp,7,21,7.7,1.002040147781372,1.2365654651382905
COHFACE_s29_session0_lamp,7,22,7.733333333333333,0.824790894985199,1.2329337210047135
COHFACE_s29_session0_lamp,7,23,7.766666666666667,0.5796550512313843,1.1611770769494203
COHFACE_s29_session0_lamp,7,24,7.8,0.3943377137184143,1.033154984403357
COHFACE_s29_session0_lamp,7,25,7.833333333333333,0.2628364861011505,0.8569087906167496
COHFACE_s29_session0_lamp,7,26,7.866666666666666,0.12010916322469711,0.6383793300991019
COHFACE_s29_session0_lamp,7,27,7.9,-0.05172169581055641,0.3867316729706314
COHFACE_s29_session0_lamp,7,28,7.933333333333334,-0.23036068677902222,0.11836521825507224
COHFACE_s29_session0_lamp,7,29,7.966666666666667,-0.38947293162345886,-0.14383434200251352
COHFACE_s29_session0_lamp,7,30,8.0,-0.5229100584983826,-0.37609523719598936
COHFACE_s29_session0_lamp,7,31,8.033333333333333,-0.6384751796722412,-0.5611758258423797
COHFACE_s29_session0_lamp,7,32,8.066666666666666,-0.7328804731369019,-0.6933435143024541
COHFACE_s29_session0_lamp,7,33,8.1,-0.8050715327262878,-0.7780366205167514
COHFACE_s29_session0_lamp,7,34,8.133333333333333,-0.8781872391700745,-0.8265653278228674
COHFACE_s29_session0_lamp,7,35,8.166666666666666,-0.9444299340248108,-0.8492414019265363
COHFACE_s29_session0_lamp,7,36,8.2,-1.0071738958358765,-0.8511567449418121
COHFACE_s29_session0_lamp,7,37,8.233333333333333,-1.0738492012023926,-0.8329105627861391
COHFACE_s29_session0_lamp,7,38,8.266666666666667,-1.1372637748718262,-0.7950720931189906
COHFACE_s29_session0_lamp,7,39,8.3,-1.1941567659378052,-0.7425756722872693
COHFACE_s29_session0_lamp,7,40,8.333333333333334,-1.2354382276535034,-0.6854554098130108
COHFACE_s29_session0_lamp,7,41,8.366666666666667,-1.2698627710342407,-0.6348222094697666
COHFACE_s29_session0_lamp,7,42,8.4,-1.2981281280517578,-0.595991732503892
COHFACE_s29_session0_lamp,7,43,8.433333333333334,-1.3231596946716309,-0.5627054294621405
COHFACE_s29_session0_lamp,7,44,8.466666666666667,-1.3402800559997559,-0.5164577473369575
COHFACE_s29_session0_lamp,7,45,8.5,-1.3523768186569214,-0.4326020282447378
COHFACE_s29_session0_lamp,7,46,8.533333333333333,-1.3592065572738647,-0.2910270330890901
COHFACE_s29_session0_lamp,7,47,8.566666666666666,-1.3630350828170776,-0.08631337247157995
COHFACE_s29_session0_lamp,7,48,8.6,-1.3653550148010254,0.16752967858073292
COHFACE_s29_session0_lamp,7,49,8.633333333333333,-1.366068720817566,0.4397650019690294
COHFACE_s29_session0_lamp,7,50,8.666666666666666,-1.360163688659668,0.69146463849992
COHFACE_s29_session0_lamp,7,51,8.7,-1.1346843242645264,0.886023252463324
COHFACE_s29_session0_lamp,7,52,8.733333333333333,-0.4177112579345703,0.9979324193160845
COHFACE_s29_session0_lamp,7,53,8.766666666666667,0.43039536476135254,1.0178375990354385
COHFACE_s29_session0_lamp,7,54,8.8,0.8933966755867004,0.9536836455412486
COHFACE_s29_session0_lamp,7,55,8.833333333333334,0.9478130340576172,0.828620684671382
COHFACE_s29_session0_lamp,7,56,8.866666666666667,0.8790666460990906,0.676208968707277
COHFACE_s29_session0_lamp,7,57,8.9,0.881537914276123,0.533056059530084
COHFACE_s29_session0_lamp,7,58,8.933333333333334,0.9714494943618774,0.4293094817651715
COHFACE_s29_session0_lamp,7,59,8.966666666666667,1.0287210941314697,0.3789551331543719
COHFACE_s29_session0_lamp,7,60,9.0,0.9365652799606323,0.37389480363471533
COHFACE_s29_session0_lamp,7,61,9.033333333333333,0.7728187441825867,0.38596775538488026
COHFACE_s29_session0_lamp,7,62,9.066666666666666,0.6520785689353943,0.37794702843301353
COHFACE_s29_session0_lamp,7,63,9.1,0.5595983862876892,0.31960481915890826
COHFACE_s29_session0_lamp,7,64,9.133333333333333,0.4482998251914978,0.2013270249343611
COHFACE_s29_session0_lamp,7,65,9.166666666666666,0.30920636653900146,0.0381125069188735
COHFACE_s29_session0_lamp,7,66,9.2,0.1569995880126953,-0.13842160712354928
COHFACE_s29_session0_lamp,7,67,9.233333333333333,0.009491964243352413,-0.2959135272393079
COHFACE_s29_session0_lamp,7,68,9.266666666666667,-0.1214468702673912,-0.41655166723406856
COHFACE_s29_session0_lamp,7,69,9.3,-0.2295549511909485,-0.5036760096719952
COHFACE_s29_session0_lamp,7,70,9.333333333333334,-0.31915292143821716,-0.5766077837637608
COHFACE_s29_session0_lamp,7,71,9.366666666666667,-0.39172789454460144,-0.6574572588110656
COHFACE_s29_session0_lamp,7,72,9.4,-0.45054060220718384,-0.7581248335739931
COHFACE_s29_session0_lamp,7,73,9.433333333333334,-0.5120841264724731,-0.8745309259031344
COHFACE_s29_session0_lamp,7,74,9.466666666666667,-0.5819769501686096,-0.9888624184832648
COHFACE_s29_session0_lamp,7,75,9.5,-0.6413357853889465,-1.0753054527943735
COHFACE_s29_session0_lamp,7,76,9.533333333333333,-0.6878841519355774,-1.1052224738411498
COHFACE_s29_session0_lamp,7,77,9.566666666666666,-0.7402293682098389,-1.051740988250399
COHFACE_s29_session0_lamp,7,78,9.6,-0.7892219424247742,-0.8961533229840553
COHFACE_s29_session0_lamp,7,79,9.633333333333333,-0.8162543773651123,-0.6369236998489587
COHFACE_s29_session0_lamp,7,80,9.666666666666666,-0.8326284885406494,-0.29764354432794754
COHFACE_s29_session0_lamp,7,81,9.7,-0.849683940410614,0.07271725358162394
COHFACE_s29_session0_lamp,7,82,9.733333333333333,-0.8637436032295227,0.41171047916451975
COHFACE_s29_session0_lamp,7,83,9.766666666666667,-0.8773274421691895,0.6649204356313597
COHFACE_s29_session0_lamp,7,84,9.8,-0.8952535390853882,0.8070139134037556
COHFACE_s29_session0_lamp,7,85,9.833333333333334,-0.8475533723831177,0.8504077294339206
COHFACE_s29_session0_lamp,7,86,9.866666666666667,-0.43224138021469116,0.8362579607716368
COHFACE_s29_session0_lamp,7,87,9.9,0.37292373180389404,0.8127142428838512
COHFACE_s29_session0_lamp,7,88,9.933333333333334,1.0438244342803955,0.8120655407632983
COHFACE_s29_session0_lamp,7,89,9.966666666666667,1.2591321468353271,0.8382286567119378
COHFACE_s29_session0_lamp,7,90,10.0,1.1736600399017334,0.8698297604458898
COHFACE_s29_session0_lamp,7,91,10.033333333333333,1.0524818897247314,0.8757047863184698
COHFACE_s29_session0_lamp,7,92,10.066666666666666,1.0206962823867798,0.8335453796348556
COHFACE_s29_session0_lamp,7,93,10.1,1.0319709777832031,0.7415734662984587
COHFACE_s29_session0_lamp,7,94,10.133333333333333,0.957341194152832,0.6177108772928187
COHFACE_s29_session0_lamp,7,95,10.166666666666666,0.831739604473114,0.48787154819269807
COHFACE_s29_session0_lamp,7,96,10.2,0.7444074153900146,0.3707533698168158
COHFACE_s29_session0_lamp,7,97,10.233333333333333,0.6776185035705566,0.2679089812636485
COHFACE_s29_session0_lamp,7,98,10.266666666666667,0.5715707540512085,0.164309478109772
COHFACE_s29_session0_lamp,7,99,10.3,0.4141456186771393,0.038293756201949615
COHFACE_s29_session0_lamp,7,100,10.333333333333334,0.23128333687782288,-0.12555227791331283
COHFACE_s29_session0_lamp,7,101,10.366666666666667,0.05518590658903122,-0.3279834155275292
COHFACE_s29_session0_lamp,7,102,10.4,-0.09763194620609283,-0.5545322375547969
COHFACE_s29_session0_lamp,7,103,10.433333333333334,-0.22136789560317993,-0.781093658532174
COHFACE_s29_session0_lamp,7,104,10.466666666666667,-0.3111281096935272,-0.9817816086063728
COHFACE_s29_session0_lamp,7,105,10.5,-0.3699299991130829,-1.135735291616212
COHFACE_s29_session0_lamp,7,106,10.533333333333333,-0.4185440242290497,-1.2308834914005211
COHFACE_s29_session0_lamp,7,107,10.566666666666666,-0.4704837203025818,-1.2641128496492182
COHFACE_s29_session0_lamp,7,108,10.6,-0.5331141352653503,-1.2387340796861794
COHFACE_s29_session0_lamp,7,109,10.633333333333333,-0.5949983596801758,-1.161052678019109
COHFACE_s29_session0_lamp,7,110,10.666666666666666,-0.6577207446098328,-1.037770815517288
COHFACE_s29_session0_lamp,7,111,10.7,-0.7187343239784241,-0.8750574668799624
COHFACE_s29_session0_lamp,7,112,10.733333333333333,-0.7695329785346985,-0.6790183076087658
COHFACE_s29_session0_lamp,7,113,10.766666666666667,-0.8054500818252563,-0.4566250886144135
COHFACE_s29_session0_lamp,7,114,10.8,-0.8394149541854858,-0.2162440325074369
COHFACE_s29_session0_lamp,7,115,10.833333333333334,-0.876402735710144,0.032536600798872675
COHFACE_s29_session0_lamp,7,116,10.866666666666667,-0.8783494830131531,0.27953653251908744
COHFACE_s29_session0_lamp,7,117,10.9,-0.6094257235527039,0.5145991368969949
COHFACE_s29_session0_lamp,7,118,10.933333333333334,0.2241777926683426,0.7278644931323742
COHFACE_s29_session0_lamp,7,119,10.966666666666667,1.2382858991622925,0.9097619984631757
COHFACE_s29_session0_lamp,7,120,11.0,1.7946650981903076,1.051178040208244
COHFACE_s29_session0_lamp,7,121,11.033333333333333,1.8293492794036865,1.1443888641732158
COHFACE_s29_session0_lamp,7,122,11.066666666666666,1.7122808694839478,1.1850009581871148
COHFACE_s29_session0_lamp,7,123,11.1,1.6728163957595825,1.1741888735905808
COHFACE_s29_session0_lamp,7,124,11.133333333333333,1.720516562461853,1.1194674142565146
COHFACE_s29_session0_lamp,7,125,11.166666666666666,1.7213655710220337,1.0324672893317317
COHFACE_s29_session0_lamp,7,126,11.2,1.5462793111801147,0.9242425579820053
COHFACE_s29_session0_lamp,7,127,11.233333333333333,1.2725645303726196,0.8008038858779978
COHFACE_s29_session0_lamp,7,128,11.266666666666667,1.0526225566864014,0.6618147419704823
COHFACE_s29_session0_lamp,7,129,11.3,0.9002588987350464,0.5034800823062562
COHFACE_s29_session0_lamp,7,130,11.333333333333334,0.73537677526474,0.32387792166326673
COHFACE_s29_session0_lamp,7,131,11.366666666666667,0.5402933359146118,0.12726227752563687
COHFACE_s29_session0_lamp,7,132,11.4,0.3285546600818634,-0.07549708755430237
COHFACE_s29_session0_lamp,7,133,11.433333333333334,0.12985359132289886,-0.2705637811056567
COHFACE_s29_session0_lamp,7,134,11.466666666666667,-0.03071329928934574,-0.44622743421543015
COHFACE_s29_session0_lamp,7,135,11.5,-0.16649730503559113,-0.5958439391599335
COHFACE_s29_session0_lamp,7,136,11.533333333333333,-0.2748163044452667,-0.7169340220521435
COHFACE_s29_session0_lamp,7,137,11.566666666666666,-0.35634076595306396,-0.8079389010734986
COHFACE_s29_session0_lamp,7,138,11.6,-0.4348856806755066,-0.8660545911456633
COHFACE_s29_session0_lamp,7,139,11.633333333333333,-0.511640727519989,-0.8886241873591602
COHFACE_s29_session0_lamp,7,140,11.666666666666666,-0.587043821811676,-0.877259326575522
COHFACE_s29_session0_lamp,7,141,11.7,-0.658320963382721,-0.8411361075673971
COHFACE_s29_session0_lamp,7,142,11.733333333333333,-0.7322694659233093,-0.7962677586181408
COHFACE_s29_session0_lamp,7,143,11.766666666666667,-0.7953217029571533,-0.7603265870200321
COHFACE_s29_session0_lamp,7,144,11.8,-0.849683940410614,-0.7454226152591318
COHFACE_s29_session0_lamp,7,145,11.833333333333334,-0.8949506878852844,-0.752237188554335
COHFACE_s29_session0_lamp,7,146,11.866666666666667,-0.9258279204368591,-0.7677218111577999
COHFACE_s29_session0_lamp,7,147,11.9,-0.9429807066917419,-0.7669454884920687
COHFACE_s29_session0_lamp,7,148,11.933333333333334,-0.9592845439910889,-0.7190763700451126
COHFACE_s29_session0_lamp,7,149,11.966666666666667,-0.9872470498085022,-0.5969657120715048
COHFACE_s29_session0_lamp,7,150,12.0,-1.0088610649108887,-0.38812031599057323
COHFACE_s29_session0_lamp,7,151,12.033333333333333,-0.8464610576629639,-0.10273685550539417
COHFACE_s29_session0_lamp,7,152,12.066666666666666,-0.09194859117269516,0.22616514860565745
COHFACE_s29_session0_lamp,7,153,12.1,1.030981421470642,0.5529473855747098
COHFACE_s29_session0_lamp,7,154,12.133333333333333,1.751204490661621,0.8368193757369604
COHFACE_s29_session0_lamp,7,155,12.166666666666666,1.838817834854126,1.0580605832040098
COHFACE_s29_session0_lamp,7,156,12.2,1.6786079406738281,1.2231883640041457
COHFACE_s29_session0_lamp,7,157,12.233333333333333,1.5931953191757202,1.3546990126099845
COHFACE_s29_session0_lamp,7,158,12.266666666666667,1.6225584745407104,1.471198701465332
COHFACE_s29_session0_lamp,7,159,12.3,1.6323083639144897,1.5706434560855391
COHFACE_s29_session0_lamp,7,160,12.333333333333334,1.4747533798217773,1.6269028402882257
COHFACE_s29_session0_lamp,7,161,12.366666666666667,1.1792622804641724,1.6010717347434817
COHFACE_s29_session0_lamp,7,162,12.4,0.919061005115509,1.4608127725237874
COHFACE_s29_session0_lamp,7,163,12.433333333333334,0.7434934973716736,1.1975118551298092
COHFACE_s29_session0_lamp,7,164,12.466666666666667,0.5906972885131836,0.8329545942036913
COHFACE_s29_session0_lamp,7,165,12.5,0.4047851264476776,0.4130806754269353
COHFACE_s29_session0_lamp,7,166,12.533333333333333,0.19994647800922394,-0.0070432889602957995
COHFACE_s29_session0_lamp,7,167,12.566666666666666,0.005863486789166927,-0.37940099091740087
COHFACE_s29_session0_lamp,7,168,12.6,-0.15611478686332703,-0.6740781353551097
COHFACE_s29_session0_lamp,7,169,12.633333333333333,-0.29175278544425964,-0.8828463672539816
COHFACE_s29_session0_lamp,7,170,12.666666666666666,-0.39702191948890686,-1.0161815050630874
COHFACE_s29_session0_lamp,7,171,12.7,-0.4759615659713745,-1.096168130696954
COHFACE_s29_session0_lamp,7,172,12.733333333333333,-0.5477957129478455,-1.1480451600475428
COHFACE_s29_session0_lamp,7,173,12.766666666666667,-0.616055428981781,-1.1927002806309022
COHFACE_s29_session0_lamp,7,174,12.8,-0.6809353828430176,-1.241635135605931
COHFACE_s29_session0_lamp,7,175,12.833333333333334,-0.7458099722862244,-1.295117806091322
COHFACE_s29_session0_lamp,7,176,12.866666666666667,-0.8106683492660522,-1.3435301821828638
COHFACE_s29_session0_lamp,7,177,12.9,-0.8713575005531311,-1.371221218022847
COHFACE_s29_session0_lamp,7,178,12.933333333333334,-0.9225292801856995,-1.361485746122512
COHFACE_s29_session0_lamp,7,179,12.966666666666667,-0.961188018321991,-1.3009079104223382
COHFACE_s29_session0_lamp,7,180,13.0,-0.9963696002960205,-1.1816031071276634
COHFACE_s29_session0_lamp,7,181,13.033333333333333,-1.0264627933502197,-1.0009634498878073
COHFACE_s29_session0_lamp,7,182,13.066666666666666,-1.0420743227005005,-0.7599681815049649
COHFACE_s29_session0_lamp,7,183,13.1,-1.0526137351989746,-0.46202440675638085
COHFACE_s29_session0_lamp,7,184,13.133333333333333,-1.0526947975158691,-0.11389779538753153
COHFACE_s29_session0_lamp,7,185,13.166666666666666,-1.0592325925827026,0.2713068389458028
COHFACE_s29_session0_lamp,7,186,13.2,-1.0780184268951416,0.6710617533951327
COHFACE_s29_session0_lamp,7,187,13.233333333333333,-1.078926920890808,1.0531113572502073
COHFACE_s29_session0_lamp,7,188,13.266666666666667,-0.7930018305778503,1.3798897999450257
COHFACE_s29_session0_lamp,7,189,13.3,0.15174342691898346,1.6169411456594163
COHFACE_s29_session0_lamp,7,190,13.333333333333334,1.3146893978118896,1.7417270808697896
COHFACE_s29_session0_lamp,7,191,13.366666666666667,1.9118579626083374,1.7486848546659568
COHFACE_s29_session0_lamp,7,192,13.4,1.8897138833999634,1.6491536398104587
COHFACE_s29_session0_lamp,7,193,13.433333333333334,1.7014062404632568,1.4678541204828577
COHFACE_s29_session0_lamp,7,194,13.466666666666667,1.6259976625442505,1.2380154801835772
COHFACE_s29_session0_lamp,7,195,13.5,1.656691074371338,0.9958573258470109
COHFACE_s29_session0_lamp,7,196,13.533333333333333,1.6321028470993042,0.7742804565773385
COHFACE_s29_session0_lamp,7,197,13.566666666666666,1.426804542541504,0.5961516839160912
COHFACE_s29_session0_lamp,7,198,13.6,1.123288631439209,0.4688820558483225
COHFACE_s29_session0_lamp,7,199,13.633333333333333,0.8912553191184998,0.3826911431322185
COHFACE_s29_session0_lamp,7,200,13.666666666666666,0.7402976155281067,0.314035976636813
COHFACE_s29_session0_lamp,7,201,13.7,0.5861549377441406,0.2336630606042271
COHFACE_s29_session0_lamp,7,202,13.733333333333333,0.3982798159122467,0.11678242034499707
COHFACE_s29_session0_lamp,7,203,13.766666666666667,0.1944037228822708,-0.048258236598702285
COHFACE_s29_session0_lamp,7,204,13.8,0.0007587430882267654,-0.25620442201220783
COHFACE_s29_session0_lamp,7,205,13.833333333333334,-0.15576329827308655,-0.4875028309644617
COHFACE_s29_session0_lamp,7,206,13.866666666666667,-0.27332380414009094,-0.715693034203077
COHFACE_s29_session0_lamp,7,207,13.9,-0.36793461441993713,-0.91586541979651
COHFACE_s29_session0_lamp,7,208,13.933333333333334,-0.446998655796051,-1.0708040689189529
COHFACE_s29_session0_lamp,7,209,13.966666666666667,-0.5138145685195923,-1.1733409341904488
COHFACE_s29_session0_lamp,7,210,14.0,-0.5775805711746216,-1.2252306091792204
COHFACE_s29_session0_lamp,7,211,14.033333333333333,-0.635225236415863,-1.2338595114506161
COHFACE_s29_session0_lamp,7,212,14.066666666666666,-0.6908637285232544,-1.2084029064467297
COHFACE_s29_session0_lamp,7,213,14.1,-0.7516988515853882,-1.1568180317735144
COHFACE_s29_session0_lamp,7,214,14.133333333333333,-0.8096950054168701,-1.0844732542767885
COHFACE_s29_session0_lamp,7,215,14.166666666666666,-0.8529609441757202,-0.9943508405263662
COHFACE_s29_session0_lamp,7,216,14.2,-0.8913114070892334,-0.8879039790303058
COHFACE_s29_session0_lamp,7,217,14.233333333333333,-0.9180734753608704,-0.7654612298410167
COHFACE_s29_session0_lamp,7,218,14.266666666666667,-0.9386870861053467,-0.6258782337936077
COHFACE_s29_session0_lamp,7,219,14.3,-0.9444245100021362,-0.4663056581453002
COHFACE_s29_session0_lamp,7,220,14.333333333333334,-0.9451329112052917,-0.28345291662987054
COHFACE_s29_session0_lamp,7,221,14.366666666666667,-0.9622154235839844,-0.07690318202505321
COHFACE_s29_session0_lamp,7,222,14.4,-0.9663089513778687,0.14686110599635388
COHFACE_s29_session0_lamp,7,223,14.433333333333334,-0.6626957058906555,0.372591917059036
COHFACE_s29_session0_lamp,7,224,14.466666666666667,0.27359214425086975,0.5790813338620324
COHFACE_s29_session0_lamp,7,225,14.5,1.344241738319397,0.7464975613401149
COHFACE_s29_session0_lamp,7,226,14.533333333333333,1.8257261514663696,0.8644807299410953
COHFACE_s29_session0_lamp,7,227,14.566666666666666,1.7083008289337158,0.9356411396767954
COHFACE_s29_session0_lamp,7,228,14.6,1.4285025596618652,0.9715423314279322
COHFACE_s29_session0_lamp,7,229,14.633333333333333,1.269968867301941,0.9832653582597205
COHFACE_s29_session0_lamp,7,230,14.666666666666666,1.2507990598678589,0.9727866093488428
COHFACE_s29_session0_lamp,7,231,14.7,1.1833937168121338,0.9314259394601785
COHFACE_s29_session0_lamp,7,232,14.733333333333333,0.9841032028198242,0.8469091385970493
COHFACE_s29_session0_lamp,7,233,14.766666666666667,0.7974015474319458,0.7145802419851435
COHFACE_s29_session0_lamp,7,234,14.8,0.6820635795593262,0.5453613292383601
COHFACE_s29_session0_lamp,7,235,14.833333333333334,0.5651195049285889,0.3649903235847604
COHFACE_s29_session0_lamp,7,236,14.866666666666667,0.3950839638710022,0.20455154676786277
COHFACE_s29_session0_lamp,7,237,14.9,0.19364666938781738,0.08747594715422266
COHFACE_s29_session0_lamp,7,238,14.933333333333334,-0.016637401655316353,0.01971078820145311
COHFACE_s29_session0_lamp,7,239,14.966666666666667,-0.19823431968688965,-0.012269631119389668
COHFACE_s29_session0_lamp,8,0,8.0,-0.5229100584983826,-0.030907737558101826
COHFACE_s29_session0_lamp,8,1,8.033333333333333,-0.6384751796722412,0.5695337715891966
COHFACE_s29_session0_lamp,8,2,8.066666666666666,-0.7328804731369019,1.0888220798504873
COHFACE_s29_session0_lamp,8,3,8.1,-0.8050715327262878,1.464115244308984
COHFACE_s29_session0_lamp,8,4,8.133333333333333,-0.8781872391700745,1.6642442772353085
COHFACE_s29_session0_lamp,8,5,8.166666666666666,-0.9444299340248108,1.6944254920213258
COHFACE_s29_session0_lamp,8,6,8.2,-1.0071738958358765,1.5893630612979235
COHFACE_s29_session0_lamp,8,7,8.233333333333333,-1.0738492012023926,1.3970166011374272
COHFACE_s29_session0_lamp,8,8,8.266666666666667,-1.1372637748718262,1.1594140656630663
COHFACE_s29_session0_lamp,8,9,8.3,-1.1941567659378052,0.8986474016872678
COHFACE_s29_session0_lamp,8,10,8.333333333333334,-1.2354382276535034,0.6151163491332023
COHFACE_s29_session0_lamp,8,11,8.366666666666667,-1.2698627710342407,0.29978517409555494
COHFACE_s29_session0_lamp,8,12,8.4,-1.2981281280517578,-0.046220157008959845
COHFACE_s29_session0_lamp,8,13,8.433333333333334,-1.3231596946716309,-0.39677955709200813
COHFACE_s29_session0_lamp,8,14,8.466666666666667,-1.3402800559997559,-0.7002782990927129
COHFACE_s29_session0_lamp,8,15,8.5,-1.3523768186569214,-0.8946470884134727
COHFACE_s29_session0_lamp,8,16,8.533333333333333,-1.3592065572738647,-0.9307519931777472
COHFACE_s29_session0_lamp,8,17,8.566666666666666,-1.3630350828170776,-0.793143082211272
COHFACE_s29_session0_lamp,8,18,8.6,-1.3653550148010254,-0.5094463357224162
COHFACE_s29_session0_lamp,8,19,8.633333333333333,-1.366068720817566,-0.14549452471196292
COHFACE_s29_session0_lamp,8,20,8.666666666666666,-1.360163688659668,0.21117721421253044
COHFACE_s29_session0_lamp,8,21,8.7,-1.1346843242645264,0.4736761257527789
COHFACE_s29_session0_lamp,8,22,8.733333333333333,-0.4177112579345703,0.5775557441573795
COHFACE_s29_session0_lamp,8,23,8.766666666666667,0.43039536476135254,0.4966673542570613
COHFACE_s29_session0_lamp,8,24,8.8,0.8933966755867004,0.24918923002751403
COHFACE_s29_session0_lamp,8,25,8.833333333333334,0.9478130340576172,-0.10778463086041357
COHFACE_s29_session0_lamp,8,26,8.866666666666667,0.8790666460990906,-0.4935966770724047
COHFACE_s29_session0_lamp,8,27,8.9,0.881537914276123,-0.8248644388404982
COHFACE_s29_session0_lamp,8,28,8.933333333333334,0.9714494943618774,-1.0358220600103796
COHFACE_s29_session0_lamp,8,29,8.966666666666667,1.0287210941314697,-1.0924726845094193
COHFACE_s29_session0_lamp,8,30,9.0,0.9365652799606323,-0.996752182705469
COHFACE_s29_session0_lamp,8,31,9.033333333333333,0.7728187441825867,-0.7799244391802159
COHFACE_s29_session0_lamp,8,32,9.066666666666666,0.6520785689353943,-0.4879260338045766
COHFACE_s29_session0_lamp,8,33,9.1,0.5595983862876892,-0.1645637410161483
COHFACE_s29_session0_lamp,8,34,9.133333333333333,0.4482998251914978,0.15998153941616536
COHFACE_s29_session0_lamp,8,35,9.166666666666666,0.30920636653900146,0.469898777605906
COHFACE_s29_session0_lamp,8,36,9.2,0.1569995880126953,0.75411389039549
COHFACE_s29_session0_lamp,8,37,9.233333333333333,0.009491964243352413,0.9930899701800473
COHFACE_s29_session0_lamp,8,38,9.266666666666667,-0.1214468702673912,1.1517446768675517
COHFACE_s29_session0_lamp,8,39,9.3,-0.2295549511909485,1.1852618480856019
COHFACE_s29_session0_lamp,8,40,9.333333333333334,-0.31915292143821716,1.0569092400893145
COHFACE_s29_session0_lamp,8,41,9.366666666666667,-0.39172789454460144,0.7590232839279084
COHFACE_s29_session0_lamp,8,42,9.4,-0.45054060220718384,0.32521786246914375
COHFACE_s29_session0_lamp,8,43,9.433333333333334,-0.5120841264724731,-0.1737043396878447
COHFACE_s29_session0_lamp,8,44,9.466666666666667,-0.5819769501686096,-0.6478840395244044
COHFACE_s29_session0_lamp,8,45,9.5,-0.6413357853889465,-1.0108745890206967
COHFACE_s29_session0_lamp,8,46,9.533333333333333,-0.6878841519355774,-1.1974119252072108
COHFACE_s29_session0_lamp,8,47,9.566666666666666,-0.7402293682098389,-1.173528531992125
COHFACE_s29_session0_lamp,8,48,9.6,-0.7892219424247742,-0.9412253063355913
COHFACE_s29_session0_lamp,8,49,9.633333333333333,-0.8162543773651123,-0.5404708211663442
COHFACE_s29_session0_lamp,8,50,9.666666666666666,-0.8326284885406494,-0.04762658557194692
COHFACE_s29_session0_lamp,8,51,9.7,-0.849683940410614,0.4342240480535224
COHFACE_s29_session0_lamp,8,52,9.733333333333333,-0.8637436032295227,0.7966218913097083
COHFACE_s29_session0_lamp,8,53,9.766666666666667,-0.8773274421691895,0.9558546005796164
COHFACE_s29_session0_lamp,8,54,9.8,-0.8952535390853882,0.8806509695063008
COHFACE_s29_session0_lamp,8,55,9.833333333333334,-0.8475533723831177,0.6037093277221808
COHFACE_s29_session0_lamp,8,56,9.866666666666667,-0.43224138021469116,0.21062786106603715
COHFACE_s29_session0_lamp,8,57,9.9,0.37292373180389404,-0.188745999486608
COHFACE_s29_session0_lamp,8,58,9.933333333333334,1.0438244342803955,-0.49422207537700297
COHFACE_s29_session0_lamp,8,59,9.966666666666667,1.2591321468353271,-0.6417333226304073
COHFACE_s29_session0_lamp,8,60,10.0,1.1736600399017334,-0.6146063579303841
COHFACE_s29_session0_lamp,8,61,10.033333333333333,1.0524818897247314,-0.4387353847267749
COHFACE_s29_session0_lamp,8,62,10.066666666666666,1.0206962823867798,-0.16634861356952263
COHFACE_s29_session0_lamp,8,63,10.1,1.0319709777832031,0.1439174315810011
COHFACE_s29_session0_lamp,8,64,10.133333333333333,0.957341194152832,0.44267913328051034
COHFACE_s29_session0_lamp,8,65,10.166666666666666,0.831739604473114,0.6960136610387658
COHFACE_s29_session0_lamp,8,66,10.2,0.7444074153900146,0.8821542857456532
COHFACE_s29_session0_lamp,8,67,10.233333333333333,0.6776185035705566,0.9838274198136064
COHFACE_s29_session0_lamp,8,68,10.266666666666667,0.5715707540512085,0.9837310040013351
COHFACE_s29_session0_lamp,8,69,10.3,0.4141456186771393,0.8678076799861023
COHFACE_s29_session0_lamp,8,70,10.333333333333334,0.23128333687782288,0.6340619432304495
COHFACE_s29_session0_lamp,8,71,10.366666666666667,0.05518590658903122,0.29986090581829555
COHFACE_s29_session0_lamp,8,72,10.4,-0.09763194620609283,-0.09754628699134946
COHFACE_s29_session0_lamp,8,73,10.433333333333334,-0.22136789560317993,-0.5073047988573
COHFACE_s29_session0_lamp,8,74,10.466666666666667,-0.3111281096935272,-0.8746832883906007
COHFACE_s29_session0_lamp,8,75,10.5,-0.3699299991130829,-1.1507481371927746
COHFACE_s29_session0_lamp,8,76,10.533333333333333,-0.4185440242290497,-1.3000361305772183
COHFACE_s29_session0_lamp,8,77,10.566666666666666,-0.4704837203025818,-1.3057385162367485
COHFACE_s29_session0_lamp,8,78,10.6,-0.5331141352653503,-1.1722666858602822
COHFACE_s29_session0_lamp,8,79,10.633333333333333,-0.5949983596801758,-0.9249009008062025
COHFACE_s29_session0_lamp,8,80,10.666666666666666,-0.6577207446098328,-0.6063909580655982
COHFACE_s29_session0_lamp,8,81,10.7,-0.7187343239784241,-0.2706404077426657
COHFACE_s29_session0_lamp,8,82,10.733333333333333,-0.7695329785346985,0.026333088227481503
COHFACE_s29_session0_lamp,8,83,10.766666666666667,-0.8054500818252563,0.2373951807298164
COHFACE_s29_session0_lamp,8,84,10.8,-0.8394149541854858,0.33502115191221876
COHFACE_s29_session0_lamp,8,85,10.833333333333334,-0.876402735710144,0.318350043999562
COHFACE_s29_session0_lamp,8,86,10.866666666666667,-0.8783494830131531,0.21365036968497592
COHFACE_s29_session0_lamp,8,87,10.9,-0.6094257235527039,0.06746386649645814
COHFACE_s29_session0_lamp,8,88,10.933333333333334,0.2241777926683426,-0.0655556780252976
COHFACE_s29_session0_lamp,8,89,10.966666666666667,1.2382858991622925,-0.13648733685433623
COHFACE_s29_session0_lamp,8,90,11.0,1.7946650981903076,-0.11431169930237495
COHFACE_s29_session0_lamp,8,91,11.033333333333333,1.8293492794036865,0.006287238952840846
COHFACE_s29_session0_lamp,8,92,11.066666666666666,1.7122808694839478,0.20411480085110975
COHFACE_s29_session0_lamp,8,93,11.1,1.6728163957595825,0.4390745646030511
COHFACE_s29_session0_lamp,8,94,11.133333333333333,1.720516562461853,0.6659572148345773
COHFACE_s29_session0_lamp,8,95,11.166666666666666,1.7213655710220337,0.8483026280686554
COHFACE_s29_session0_lamp,8,96,11.2,1.5462793111801147,0.9655196546083046
COHFACE_s29_session0_lamp,8,97,11.233333333333333,1.2725645303726196,1.0104064747938108
COHFACE_s29_session0_lamp,8,98,11.266666666666667,1.0526225566864014,0.9809604528991256
COHFACE_s29_session0_lamp,8,99,11.3,0.9002588987350464,0.8743989059320847
COHFACE_s29_session0_lamp,8,100,11.333333333333334,0.73537677526474,0.688746915426232
COHFACE_s29_session0_lamp,8,101,11.366666666666667,0.5402933359146118,0.4305949905306821
COHFACE_s29_session0_lamp,8,102,11.4,0.3285546600818634,0.12222911234573575
COHFACE_s29_session0_lamp,8,103,11.433333333333334,0.12985359132289886,-0.1984067346236596
COHFACE_s29_session0_lamp,8,104,11.466666666666667,-0.03071329928934574,-0.48556810939865513
COHFACE_s29_session0_lamp,8,105,11.5,-0.16649730503559113,-0.6962974725557486
COHFACE_s29_session0_lamp,8,106,11.533333333333333,-0.2748163044452667,-0.7984066277784218
COHFACE_s29_session0_lamp,8,107,11.566666666666666,-0.35634076595306396,-0.7747501096653737
COHFACE_s29_session0_lamp,8,108,11.6,-0.4348856806755066,-0.6266744767020827
COHFACE_s29_session0_lamp,8,109,11.633333333333333,-0.511640727519989,-0.37902073054065444
COHFACE_s29_session0_lamp,8,110,11.666666666666666,-0.587043821811676,-0.08387127884796125
COHFACE_s29_session0_lamp,8,111,11.7,-0.658320963382721,0.18381059654551257
COHFACE_s29_session0_lamp,8,112,11.733333333333333,-0.7322694659233093,0.3429538856984843
COHFACE_s29_session0_lamp,8,113,11.766666666666667,-0.7953217029571533,0.3319645486465189
COHFACE_s29_session0_lamp,8,114,11.8,-0.849683940410614,0.13206532955455266
COHFACE_s29_session0_lamp,8,115,11.833333333333334,-0.8949506878852844,-0.22324062871330147
COHFACE_s29_session0_lamp,8,116,11.866666666666667,-0.9258279204368591,-0.6564383718131708
COHFACE_s29_session0_lamp,8,117,11.9,-0.9429807066917419,-1.0669356666761565
COHFACE_s29_session0_lamp,8,118,11.933333333333334,-0.9592845439910889,-1.3566866764384713
COHFACE_s29_session0_lamp,8,119,11.966666666666667,-0.9872470498085022,-1.454185773210161
COHFACE_s29_session0_lamp,8,120,12.0,-1.0088610649108887,-1.332122730865113
COHFACE_s29_session0_lamp,8,121,12.033333333333333,-0.8464610576629639,-1.01436564629084
COHFACE_s29_session0_lamp,8,122,12.066666666666666,-0.09194859117269516,-0.5686462778845419
COHFACE_s29_session0_lamp,8,123,12.1,1.030981421470642,-0.08465615321089473
COHFACE_s29_session0_lamp,8,124,12.133333333333333,1.751204490661621,0.3563274805835036
COHFACE_s29_session0_lamp,8,125,12.166666666666666,1.838817834854126,0.7079441517197022
COHFACE_s29_session0_lamp,8,126,12.2,1.6786079406738281,0.9679174910432773
COHFACE_s29_session0_lamp,8,127,12.233333333333333,1.5931953191757202,1.163969983409176
COHFACE_s29_session0_lamp,8,128,12.266666666666667,1.6225584745407104,1.324566700058868
COHFACE_s29_session0_lamp,8,129,12.3,1.6323083639144897,1.452694195185881
COHFACE_s29_session0_lamp,8,130,12.333333333333334,1.4747533798217773,1.518581764477602
COHFACE_s29_session0_lamp,8,131,12.366666666666667,1.1792622804641724,1.4751607415731611
COHFACE_s29_session0_lamp,8,132,12.4,0.919061005115509,1.286797633853212
COHFACE_s29_session0_lamp,8,133,12.433333333333334,0.7434934973716736,0.9549136571992615
COHFACE_s29_session0_lamp,8,134,12.466666666666667,0.5906972885131836,0.5267507599951828
COHFACE_s29_session0_lamp,8,135,12.5,0.4047851264476776,0.08323122236917226
COHFACE_s29_session0_lamp,8,136,12.533333333333333,0.19994647800922394,-0.2874116998906096
COHFACE_s29_session0_lamp,8,137,12.566666666666666,0.005863486789166927,-0.5178927214677921
COHFACE_s29_session0_lamp,8,138,12.6,-0.15611478686332703,-0.5815215105199536
COHFACE_s29_session0_lamp,8,139,12.633333333333333,-0.29175278544425964,-0.4984245492353522
COHFACE_s29_session0_lamp,8,140,12.666666666666666,-0.39702191948890686,-0.32825192359689565
COHFACE_s29_session0_lamp,8,141,12.7,-0.4759615659713745,-0.15213899918849522
COHFACE_s29_session0_lamp,8,142,12.733333333333333,-0.5477957129478455,-0.04885900760323207
COHFACE_s29_session0_lamp,8,143,12.766666666666667,-0.616055428981781,-0.0720560466980776
COHFACE_s29_session0_lamp,8,144,12.8,-0.6809353828430176,-0.23621766709070577
COHFACE_s29_session0_lamp,8,145,12.833333333333334,-0.7458099722862244,-0.5162615401511728
COHFACE_s29_session0_lamp,8,146,12.866666666666667,-0.8106683492660522,-0.85908909147765
COHFACE_s29_session0_lamp,8,147,12.9,-0.8713575005531311,-1.2000381268623928
COHFACE_s29_session0_lamp,8,148,12.933333333333334,-0.9225292801856995,-1.4771849246794615
COHFACE_s29_session0_lamp,8,149,12.966666666666667,-0.961188018321991,-1.6403692213725671
COHFACE_s29_session0_lamp,8,150,13.0,-0.9963696002960205,-1.6556562672414326
COHFACE_s29_session0_lamp,8,151,13.033333333333333,-1.0264627933502197,-1.507554956480211
COHFACE_s29_session0_lamp,8,152,13.066666666666666,-1.0420743227005005,-1.200566563805041
COHFACE_s29_session0_lamp,8,153,13.1,-1.0526137351989746,-0.7598275384216394
COHFACE_s29_session0_lamp,8,154,13.133333333333333,-1.0526947975158691,-0.22939543494985243
COHFACE_s29_session0_lamp,8,155,13.166666666666666,-1.0592325925827026,0.33294903342940896
COHFACE_s29_session0_lamp,8,156,13.2,-1.0780184268951416,0.8639027466958943
COHFACE_s29_session0_lamp,8,157,13.233333333333333,-1.078926920890808,1.3039252876088605
COHFACE_s29_session0_lamp,8,158,13.266666666666667,-0.7930018305778503,1.6056112355700247
COHFACE_s29_session0_lamp,8,159,13.3,0.15174342691898346,1.7400052752642938
COHFACE_s29_session0_lamp,8,160,13.333333333333334,1.3146893978118896,1.7004690097414612
COHFACE_s29_session0_lamp,8,161,13.366666666666667,1.9118579626083374,1.5039503073570102
COHFACE_s29_session0_lamp,8,162,13.4,1.8897138833999634,1.1893969121842196
COHFACE_s29_session0_lamp,8,163,13.433333333333334,1.7014062404632568,0.813026361344264
COHFACE_s29_session0_lamp,8,164,13.466666666666667,1.6259976625442505,0.4404817300598992
COHFACE_s29_session0_lamp,8,165,13.5,1.656691074371338,0.13631636358630722
COHFACE_s29_session0_lamp,8,166,13.533333333333333,1.6321028470993042,-0.04834348510635459
COHFACE_s29_session0_lamp,8,167,13.566666666666666,1.426804542541504,-0.08808810523238034
COHFACE_s29_session0_lamp,8,168,13.6,1.123288631439209,0.008058497289555475
COHFACE_s29_session0_lamp,8,169,13.633333333333333,0.8912553191184998,0.19565074205245275
COHFACE_s29_session0_lamp,8,170,13.666666666666666,0.7402976155281067,0.4038977411869176
COHFACE_s29_session0_lamp,8,171,13.7,0.5861549377441406,0.5535504517039703
COHFACE_s29_session0_lamp,8,172,13.733333333333333,0.3982798159122467,0.5787595394619265
COHFACE_s29_session0_lamp,8,173,13.766666666666667,0.1944037228822708,0.4458983429254991
COHFACE_s29_session0_lamp,8,174,13.8,0.0007587430882267654,0.1626588653081575
COHFACE_s29_session0_lamp,8,175,13.833333333333334,-0.15576329827308655,-0.22578047468791956
COHFACE_s29_session0_lamp,8,176,13.866666666666667,-0.27332380414009094,-0.6511132057992515
COHFACE_s29_session0_lamp,8,177,13.9,-0.36793461441993713,-1.0403290315460405
COHFACE_s29_session0_lamp,8,178,13.933333333333334,-0.446998655796051,-1.3319183744597398
COHFACE_s29_session0_lamp,8,179,13.966666666666667,-0.5138145685195923,-1.486477079297711
COHFACE_s29_session0_lamp,8,180,14.0,-0.5775805711746216,-1.4910563410423046
COHFACE_s29_session0_lamp,8,181,14.033333333333333,-0.635225236415863,-1.3580431077277073
COHFACE_s29_session0_lamp,8,182,14.066666666666666,-0.6908637285232544,-1.1198109702434582
COHFACE_s29_session0_lamp,8,183,14.1,-0.7516988515853882,-0.8205350108311639
COHFACE_s29_session0_lamp,8,184,14.133333333333333,-0.8096950054168701,-0.5068888099697474
COHFACE_s29_session0_lamp,8,185,14.166666666666666,-0.8529609441757202,-0.2196508193225249
COHFACE_s29_session0_lamp,8,186,14.2,-0.8913114070892334,0.011974151304751511
COHFACE_s29_session0_lamp,8,187,14.233333333333333,-0.9180734753608704,0.1725903161320109
COHFACE_s29_session0_lamp,8,188,14.266666666666667,-0.9386870861053467,0.2602195118731388
COHFACE_s29_session0_lamp,8,189,14.3,-0.9444245100021362,0.28475912773271883
COHFACE_s29_session0_lamp,8,190,14.333333333333334,-0.9451329112052917,0.2658416552925478
COHFACE_s29_session0_lamp,8,191,14.366666666666667,-0.9622154235839844,0.2294553498925865
COHFACE_s29_session0_lamp,8,192,14.4,-0.9663089513778687,0.20281094638516367
COHFACE_s29_session0_lamp,8,193,14.433333333333334,-0.6626957058906555,0.20838765475541193
COHFACE_s29_session0_lamp,8,194,14.466666666666667,0.27359214425086975,0.25958193957038456
COHFACE_s29_session0_lamp,8,195,14.5,1.344241738319397,0.3601899175090441
COHFACE_s29_session0_lamp,8,196,14.533333333333333,1.8257261514663696,0.5074910867961951
COHFACE_s29_session0_lamp,8,197,14.566666666666666,1.7083008289337158,0.6956819920126415
COHFACE_s29_session0_lamp,8,198,14.6,1.4285025596618652,0.9154333894939196
COHFACE_s29_session0_lamp,8,199,14.633333333333333,1.269968867301941,1.1480706985964684
COHFACE_s29_session0_lamp,8,200,14.666666666666666,1.2507990598678589,1.3582524080620015
COHFACE_s29_session0_lamp,8,201,14.7,1.1833937168121338,1.492551896680794
COHFACE_s29_session0_lamp,8,202,14.733333333333333,0.9841032028198242,1.4893157427174275
COHFACE_s29_session0_lamp,8,203,14.766666666666667,0.7974015474319458,1.2986412426377936
COHFACE_s29_session0_lamp,8,204,14.8,0.6820635795593262,0.9045118623004453
COHFACE_s29_session0_lamp,8,205,14.833333333333334,0.5651195049285889,0.33862049506163605
COHFACE_s29_session0_lamp,8,206,14.866666666666667,0.3950839638710022,-0.3209855133440294
COHFACE_s29_session0_lamp,8,207,14.9,0.19364666938781738,-0.9666385695553281
COHFACE_s29_session0_lamp,8,208,14.933333333333334,-0.016637401655316353,-1.487884950760546
COHFACE_s29_session0_lamp,8,209,14.966666666666667,-0.19823431968688965,-1.8003215868486422
COHFACE_s29_session0_lamp,8,210,15.0,-0.3396746516227722,-1.867860150161298
COHFACE_s29_session0_lamp,8,211,15.033333333333333,-0.4423535466194153,-1.711202570668706
COHFACE_s29_session0_lamp,8,212,15.066666666666666,-0.503404974937439,-1.3985503791256384
COHFACE_s29_session0_lamp,8,213,15.1,-0.5472603440284729,-1.0204740716695955
COHFACE_s29_session0_lamp,8,214,15.133333333333333,-0.5924621820449829,-0.6583907201205963
COHFACE_s29_session0_lamp,8,215,15.166666666666666,-0.6440125107765198,-0.36045586902549237
COHFACE_s29_session0_lamp,8,216,15.2,-0.6998348832130432,-0.13567892812538004
COHFACE_s29_session0_lamp,8,217,15.233333333333333,-0.7606753706932068,0.0324934554314576
COHFACE_s29_session0_lamp,8,218,15.266666666666667,-0.8233329057693481,0.1628795458419461
COHFACE_s29_session0_lamp,8,219,15.3,-0.8770354390144348,0.2584575326642596
COHFACE_s29_session0_lamp,8,220,15.333333333333334,-0.9124712347984314,0.30380464640291494
COHFACE_s29_session0_lamp,8,221,15.366666666666667,-0.9453059434890747,0.27810233786138855
COHFACE_s29_session0_lamp,8,222,15.4,-0.9786706566810608,0.174731383883449
COHFACE_s29_session0_lamp,8,223,15.433333333333334,-1.0074442625045776,0.015413787241310985
COHFACE_s29_session0_lamp,8,224,15.466666666666667,-0.9234594106674194,-0.14945075526053334
COHFACE_s29_session0_lamp,8,225,15.5,-0.2547488212585449,-0.25502366244278635
COHFACE_s29_session0_lamp,8,226,15.533333333333333,0.967442512512207,-0.24451661019384904
COHFACE_s29_session0_lamp,8,227,15.566666666666666,1.8761030435562134,-0.09034630875709597
COHFACE_s29_session0_lamp,8,228,15.6,2.0317275524139404,0.19412440353343627
COHFACE_s29_session0_lamp,8,229,15.633333333333333,1.8044203519821167,0.5560856466804684
COHFACE_s29_session0_lamp,8,230,15.666666666666666,1.6197303533554077,0.9174482281537166
COHFACE_s29_session0_lamp,8,231,15.7,1.58388352394104,1.197400863986546
COHFACE_s29_session0_lamp,8,232,15.733333333333333,1.5830345153808594,1.3362582421011397
COHFACE_s29_session0_lamp,8,233,15.766666666666667,1.4459257125854492,1.312522040703652
COHFACE_s29_session0_lamp,8,234,15.8,1.1415390968322754,1.1468936312985933
COHFACE_s29_session0_lamp,8,235,15.833333333333334,0.8502604961395264,0.8915706046766141
COHFACE_s29_session0_lamp,8,236,15.866666666666667,0.6723569631576538,0.6090791032281173
COHFACE_s29_session0_lamp,8,237,15.9,0.5273963212966919,0.3492438011092068
COHFACE_s29_session0_lamp,8,238,15.933333333333334,0.34743788838386536,0.13338179362737632
COHFACE_s29_session0_lamp,8,239,15.966666666666667,0.13699159026145935,-0.048358512998435854
COHFACE_s29_session0_lamp,9,0,9.0,0.9365652799606323,0.029805987750647193
COHFACE_s29_session0_lamp,9,1,9.033333333333333,0.7728187441825867,0.6841285420072672
COHFACE_s29_session0_lamp,9,2,9.066666666666666,0.6520785689353943,1.2455117416201495
COHFACE_s29_session0_lamp,9,3,9.1,0.5595983862876892,1.6447646086590755
COHFACE_s29_session0_lamp,9,4,9.133333333333333,0.4482998251914978,1.844836059756964
COHFACE_s29_session0_lamp,9,5,9.166666666666666,0.30920636653900146,1.8494831365570386
COHFACE_s29_session0_lamp,9,6,9.2,0.1569995880126953,1.700078590042043
COHFACE_s29_session0_lamp,9,7,9.233333333333333,0.009491964243352413,1.45894218096228
COHFACE_s29_session0_lamp,9,8,9.266666666666667,-0.1214468702673912,1.1850876063016422
COHFACE_s29_session0_lamp,9,9,9.3,-0.2295549511909485,0.9138316270089977
COHFACE_s29_session0_lamp,9,10,9.333333333333334,-0.31915292143821716,0.6506611923998323
COHFACE_s29_session0_lamp,9,11,9.366666666666667,-0.39172789454460144,0.381662251590519
COHFACE_s29_session0_lamp,9,12,9.4,-0.45054060220718384,0.09235325646983589
COHFACE_s29_session0_lamp,9,13,9.433333333333334,-0.5120841264724731,-0.21732294263413005
COHFACE_s29_session0_lamp,9,14,9.466666666666667,-0.5819769501686096,-0.5279199037155631
COHFACE_s29_session0_lamp,9,15,9.5,-0.6413357853889465,-0.802944166993439
COHFACE_s29_session0_lamp,9,16,9.533333333333333,-0.6878841519355774,-0.9947217072570909
COHFACE_s29_session0_lamp,9,17,9.566666666666666,-0.7402293682098389,-1.0532891920025134
COHFACE_s29_session0_lamp,9,18,9.6,-0.7892219424247742,-0.9407184829683197
COHFACE_s29_session0_lamp,9,19,9.633333333333333,-0.8162543773651123,-0.6506043537033523
COHFACE_s29_session0_lamp,9,20,9.666666666666666,-0.8326284885406494,-0.22506350067516612
COHFACE_s29_session0_lamp,9,21,9.7,-0.849683940410614,0.243283921187064
COHFACE_s29_session0_lamp,9,22,9.733333333333333,-0.8637436032295227,0.6326316791981136
COHFACE_s29_session0_lamp,9,23,9.766666666666667,-0.8773274421691895,0.8324950757275691
COHFACE_s29_session0_lamp,9,24,9.8,-0.8952535390853882,0.7861071955869308
COHFACE_s29_session0_lamp,9,25,9.833333333333334,-0.8475533723831177,0.5133662679509543
COHFACE_s29_session0_lamp,9,26,9.866666666666667,-0.43224138021469116,0.10266052502385528
COHFACE_s29_session0_lamp,9,27,9.9,0.37292373180389404,-0.3238054486959247
COHFACE_s29_session0_lamp,9,28,9.933333333333334,1.0438244342803955,-0.654414101459733
COHFACE_s29_session0_lamp,9,29,9.966666666666667,1.2591321468353271,-0.8228920589133768
COHFACE_s29_session0_lamp,9,30,10.0,1.1736600399017334,-0.82060622663125
COHFACE_s29_session0_lamp,9,31,10.033333333333333,1.0524818897247314,-0.6848264902265934
COHFACE_s29_session0_lamp,9,32,10.066666666666666,1.0206962823867798,-0.47169413263549254
COHFACE_s29_session0_lamp,9,33,10.1,1.0319709777832031,-0.22832187434994414
COHFACE_s29_session0_lamp,9,34,10.133333333333333,0.957341194152832,0.02222360309825705
COHFACE_s29_session0_lamp,9,35,10.166666666666666,0.831739604473114,0.27660754349755273
COHFACE_s29_session0_lamp,9,36,10.2,0.7444074153900146,0.5323425768060699
COHFACE_s29_session0_lamp,9,37,10.233333333333333,0.6776185035705566,0.7678362511707968
COHFACE_s29_session0_lamp,9,38,10.266666666666667,0.5715707540512085,0.9355719985883916
COHFACE_s29_session0_lamp,9,39,10.3,0.4141456186771393,0.9748230436394435
COHFACE_s29_session0_lamp,9,40,10.333333333333334,0.23128333687782288,0.8383868012769184
COHFACE_s29_session0_lamp,9,41,10.366666666666667,0.05518590658903122,0.5191465573551534
COHFACE_s29_session0_lamp,9,42,10.4,-0.09763194620609283,0.06218577062869982
COHFACE_s29_session0_lamp,9,43,10.433333333333334,-0.22136789560317993,-0.4441448368136331
COHFACE_s29_session0_lamp,9,44,10.466666666666667,-0.3111281096935272,-0.8943575966819372
COHFACE_s29_session0_lamp,9,45,10.5,-0.3699299991130829,-1.1977998960137135
COHFACE_s29_session0_lamp,9,46,10.533333333333333,-0.4185440242290497,-1.3039772082493044
COHFACE_s29_session0_lamp,9,47,10.566666666666666,-0.4704837203025818,-1.212972116633725
COHFACE_s29_session0_lamp,9,48,10.6,-0.5331141352653503,-0.9691229357389418
COHFACE_s29_session0_lamp,9,49,10.633333333333333,-0.5949983596801758,-0.6421383072133835
COHFACE_s29_session0_lamp,9,50,10.666666666666666,-0.6577207446098328,-0.3036709081871198
COHFACE_s29_session0_lamp,9,51,10.7,-0.7187343239784241,-0.007944862551676115
COHFACE_s29_session0_lamp,9,52,10.733333333333333,-0.7695329785346985,0.217667578523994
COHFACE_s29_session0_lamp,9,53,10.766666666666667,-0.8054500818252563,0.3708266752030552
COHFACE_s29_session0_lamp,9,54,10.8,-0.8394149541854858,0.4643661130287797
COHFACE_s29_session0_lamp,9,55,10.833333333333334,-0.876402735710144,0.5141721538146433
COHFACE_s29_session0_lamp,9,56,10.866666666666667,-0.8783494830131531,0.5303901740591253
COHFACE_s29_session0_lamp,9,57,10.9,-0.6094257235527039,0.51520045381435
COHFACE_s29_session0_lamp,9,58,10.933333333333334,0.2241777926683426,0.4671693808522467
COHFACE_s29_session0_lamp,9,59,10.966666666666667,1.2382858991622925,0.3891057054658081
COHFACE_s29_session0_lamp,9,60,11.0,1.7946650981903076,0.29448553578219955
COHFACE_s29_session0_lamp,9,61,11.033333333333333,1.8293492794036865,0.20811846646953272
COHFACE_s29_session0_lamp,9,62,11.066666666666666,1.7122808694839478,0.1598671961564138
COHFACE_s29_session0_lamp,9,63,11.1,1.6728163957595825,0.1736967726700417
COHFACE_s29_session0_lamp,9,64,11.133333333333333,1.720516562461853,0.2560660967457337
COHFACE_s29_session0_lamp,9,65,11.166666666666666,1.7213655710220337,0.38808848766691845
COHFACE_s29_session0_lamp,9,66,11.2,1.5462793111801147,0.525752172368222
COHFACE_s29_session0_lamp,9,67,11.233333333333333,1.2725645303726196,0.6108168858701332
COHFACE_s29_session0_lamp,9,68,11.266666666666667,1.0526225566864014,0.5908680489174265
COHFACE_s29_session0_lamp,9,69,11.3,0.9002588987350464,0.44153148494425704
COHFACE_s29_session0_lamp,9,70,11.333333333333334,0.73537677526474,0.18012568140415275
COHFACE_s29_session0_lamp,9,71,11.366666666666667,0.5402933359146118,-0.13784650470967874
COHFACE_s29_session0_lamp,9,72,11.4,0.3285546600818634,-0.4392016375362396
COHFACE_s29_session0_lamp,9,73,11.433333333333334,0.12985359132289886,-0.6607432009463846
COHFACE_s29_session0_lamp,9,74,11.466666666666667,-0.03071329928934574,-0.7704006931041416
COHFACE_s29_session0_lamp,9,75,11.5,-0.16649730503559113,-0.771807599984942
COHFACE_s29_session0_lamp,9,76,11.533333333333333,-0.2748163044452667,-0.6911799080996748
COHFACE_s29_session0_lamp,9,77,11.566666666666666,-0.35634076595306396,-0.5554817885143706
COHFACE_s29_session0_lamp,9,78,11.6,-0.4348856806755066,-0.37690616207763233
COHFACE_s29_session0_lamp,9,79,11.633333333333333,-0.511640727519989,-0.15500068250295995
COHFACE_s29_session0_lamp,9,80,11.666666666666666,-0.587043821811676,0.10542329638534709
COHFACE_s29_session0_lamp,9,81,11.7,-0.658320963382721,0.3748287007261557
COHFACE_s29_session0_lamp,9,82,11.733333333333333,-0.7322694659233093,0.5935657510894385
COHFACE_s29_session0_lamp,9,83,11.766666666666667,-0.7953217029571533,0.6869056488097383
COHFACE_s29_session0_lamp,9,84,11.8,-0.849683940410614,0.59413108737352
COHFACE_s29_session0_lamp,9,85,11.833333333333334,-0.8949506878852844,0.2974111083530542
COHFACE_s29_session0_lamp,9,86,11.866666666666667,-0.9258279204368591,-0.16273540076082965
COHFACE_s29_session0_lamp,9,87,11.9,-0.9429807066917419,-0.6917804266847504
COHFACE_s29_session0_lamp,9,88,11.933333333333334,-0.9592845439910889,-1.164553834115227
COHFACE_s29_session0_lamp,9,89,11.966666666666667,-0.9872470498085022,-1.4609712382374385
COHFACE_s29_session0_lamp,9,90,12.0,-1.0088610649108887,-1.5029118868930906
COHFACE_s29_session0_lamp,9,91,12.033333333333333,-0.8464610576629639,-1.279119144695765
COHFACE_s29_session0_lamp,9,92,12.066666666666666,-0.09194859117269516,-0.8475069312941735
COHFACE_s29_session0_lamp,9,93,12.1,1.030981421470642,-0.31218849014805916
COHFACE_s29_session0_lamp,9,94,12.133333333333333,1.751204490661621,0.2160273581198788
COHFACE_s29_session0_lamp,9,95,12.166666666666666,1.838817834854126,0.65803002539218
COHFACE_s29_session0_lamp,9,96,12.2,1.6786079406738281,0.9856928076378831
COHFACE_s29_session0_lamp,9,97,12.233333333333333,1.5931953191757202,1.2138193347613877
COHFACE_s29_session0_lamp,9,98,12.266666666666667,1.6225584745407104,1.3719701078737734
COHFACE_s29_session0_lamp,9,99,12.3,1.6323083639144897,1.4745315393126746
COHFACE_s29_session0_lamp,9,100,12.333333333333334,1.4747533798217773,1.5066112626518267
COHFACE_s29_session0_lamp,9,101,12.366666666666667,1.1792622804641724,1.4325459004845202
COHFACE_s29_session0_lamp,9,102,12.4,0.919061005115509,1.2205356607172055
COHFACE_s29_session0_lamp,9,103,12.433333333333334,0.7434934973716736,0.8686067131927958
COHFACE_s29_session0_lamp,9,104,12.466666666666667,0.5906972885131836,0.4176509062507915
COHFACE_s29_session0_lamp,9,105,12.5,0.4047851264476776,-0.05500880336745154
COHFACE_s29_session0_lamp,9,106,12.533333333333333,0.19994647800922394,-0.4582877593838668
COHFACE_s29_session0_lamp,9,107,12.566666666666666,0.005863486789166927,-0.7162837007986276
COHFACE_s29_session0_lamp,9,108,12.6,-0.15611478686332703,-0.7924924655798415
COHFACE_s29_session0_lamp,9,109,12.633333333333333,-0.29175278544425964,-0.7013410650160915
COHFACE_s29_session0_lamp,9,110,12.666666666666666,-0.39702191948890686,-0.5034503683942819
COHFACE_s29_session0_lamp,9,111,12.7,-0.4759615659713745,-0.28592169234699416
COHFACE_s29_session0_lamp,9,112,12.733333333333333,-0.5477957129478455,-0.13402183638429638
COHFACE_s29_session0_lamp,9,113,12.766666666666667,-0.616055428981781,-0.10427183426501138
COHFACE_s29_session0_lamp,9,114,12.8,-0.6809353828430176,-0.2090468604428992
COHFACE_s29_session0_lamp,9,115,12.833333333333334,-0.7458099722862244,-0.4181668941899754
COHFACE_s29_session0_lamp,9,116,12.866666666666667,-0.8106683492660522,-0.674989696097277
COHFACE_s29_session0_lamp,9,117,12.9,-0.8713575005531311,-0.9180675748080572
COHFACE_s29_session0_lamp,9,118,12.933333333333334,-0.9225292801856995,-1.0985809028651663
COHFACE_s29_session0_lamp,9,119,12.966666666666667,-0.961188018321991,-1.1878246309418907
COHFACE_s29_session0_lamp,9,120,13.0,-0.9963696002960205,-1.1747371820314267
COHFACE_s29_session0_lamp,9,121,13.033333333333333,-1.0264627933502197,-1.0580020642902326
COHFACE_s29_session0_lamp,9,122,13.066666666666666,-1.0420743227005005,-0.8389633908150407
COHFACE_s29_session0_lamp,9,123,13.1,-1.0526137351989746,-0.5202082218121866
COHFACE_s29_session0_lamp,9,124,13.133333333333333,-1.0526947975158691,-0.11108857242319377
COHFACE_s29_session0_lamp,9,125,13.166666666666666,-1.0592325925827026,0.36272247670387286
COHFACE_s29_session0_lamp,9,126,13.2,-1.0780184268951416,0.8516013500109124
COHFACE_s29_session0_lamp,9,127,13.233333333333333,-1.078926920890808,1.2828734440458889
COHFACE_s29_session0_lamp,9,128,13.266666666666667,-0.7930018305778503,1.5742838820399612
COHFACE_s29_session0_lamp,9,129,13.3,0.15174342691898346,1.658116973590183
COHFACE_s29_session0_lamp,9,130,13.333333333333334,1.3146893978118896,1.506826406779979
COHFACE_s29_session0_lamp,9,131,13.366666666666667,1.9118579626083374,1.1479766061404095
COHFACE_s29_session0_lamp,9,132,13.4,1.8897138833999634,0.6607519505028967
COHFACE_s29_session0_lamp,9,133,13.433333333333334,1.7014062404632568,0.1549074407425309
COHFACE_s29_session0_lamp,9,134,13.466666666666667,1.6259976625442505,-0.2598405395330008
COHFACE_s29_session0_lamp,9,135,13.5,1.656691074371338,-0.503121019006995
COHFACE_s29_session0_lamp,9,136,13.533333333333333,1.6321028470993042,-0.5425978986226044
COHFACE_s29_session0_lamp,9,137,13.566666666666666,1.426804542541504,-0.39738905332770524
COHFACE_s29_session0_lamp,9,138,13.6,1.123288631439209,-0.12721202952630944
COHFACE_s29_session0_lamp,9,139,13.633333333333333,0.8912553191184998,0.1873759835048166
COHFACE_s29_session0_lamp,9,140,13.666666666666666,0.7402976155281067,0.46662797753732493
COHFACE_s29_session0_lamp,9,141,13.7,0.5861549377441406,0.6491610825405931
COHFACE_s29_session0_lamp,9,142,13.733333333333333,0.3982798159122467,0.7020002917007081
COHFACE_s29_session0_lamp,9,143,13.766666666666667,0.1944037228822708,0.6222417060832789
COHFACE_s29_session0_lamp,9,144,13.8,0.0007587430882267654,0.43122338736138954
COHFACE_s29_session0_lamp,9,145,13.833333333333334,-0.15576329827308655,0.16390956804828738
COHFACE_s29_session0_lamp,9,146,13.866666666666667,-0.27332380414009094,-0.14174506828952024
COHFACE_s29_session0_lamp,9,147,13.9,-0.36793461441993713,-0.45077570867067573
COHFACE_s29_session0_lamp,9,148,13.933333333333334,-0.446998655796051,-0.7315014871381488
COHFACE_s29_session0_lamp,9,149,13.966666666666667,-0.5138145685195923,-0.9534146148075872
COHFACE_s29_session0_lamp,9,150,14.0,-0.5775805711746216,-1.087320589435942
COHFACE_s29_session0_lamp,9,151,14.033333333333333,-0.635225236415863,-1.1103704104951237
COHFACE_s29_session0_lamp,9,152,14.066666666666666,-0.6908637285232544,-1.0148995892695523
COHFACE_s29_session0_lamp,9,153,14.1,-0.7516988515853882,-0.816578412636001
COHFACE_s29_session0_lamp,9,154,14.133333333333333,-0.8096950054168701,-0.5561300274047325
COHFACE_s29_session0_lamp,9,155,14.166666666666666,-0.8529609441757202,-0.2909825128502579
COHFACE_s29_session0_lamp,9,156,14.2,-0.8913114070892334,-0.0781970474609646
COHFACE_s29_session0_lamp,9,157,14.233333333333333,-0.9180734753608704,0.04483315158839608
COHFACE_s29_session0_lamp,9,158,14.266666666666667,-0.9386870861053467,0.07321422269340053
COHFACE_s29_session0_lamp,9,159,14.3,-0.9444245100021362,0.03453471819177488
COHFACE_s29_session0_lamp,9,160,14.333333333333334,-0.9451329112052917,-0.024359475873438476
COHFACE_s29_session0_lamp,9,161,14.366666666666667,-0.9622154235839844,-0.05775580710097288
COHFACE_s29_session0_lamp,9,162,14.4,-0.9663089513778687,-0.0392753254823563
COHFACE_s29_session0_lamp,9,163,14.433333333333334,-0.6626957058906555,0.03044248454122738
COHFACE_s29_session0_lamp,9,164,14.466666666666667,0.27359214425086975,0.13013488611262033
COHFACE_s29_session0_lamp,9,165,14.5,1.344241738319397,0.2351045804381971
COHFACE_s29_session0_lamp,9,166,14.533333333333333,1.8257261514663696,0.3357273668236329
COHFACE_s29_session0_lamp,9,167,14.566666666666666,1.7083008289337158,0.4458804442426609
COHFACE_s29_session0_lamp,9,168,14.6,1.4285025596618652,0.5943603452003127
COHFACE_s29_session0_lamp,9,169,14.633333333333333,1.269968867301941,0.8018479208555573
COHFACE_s29_session0_lamp,9,170,14.666666666666666,1.2507990598678589,1.0557940820179998
COHFACE_s29_session0_lamp,9,171,14.7,1.1833937168121338,1.2991147392536735
COHFACE_s29_session0_lamp,9,172,14.733333333333333,0.9841032028198242,1.4422318805122074
COHFACE_s29_session0_lamp,9,173,14.766666666666667,0.7974015474319458,1.395362332820387
COHFACE_s29_session0_lamp,9,174,14.8,0.6820635795593262,1.1065772259838254
COHFACE_s29_session0_lamp,9,175,14.833333333333334,0.5651195049285889,0.5879345191143699
COHFACE_s29_session0_lamp,9,176,14.866666666666667,0.3950839638710022,-0.0812726166293614
COHFACE_s29_session0_lamp,9,177,14.9,0.19364666938781738,-0.7743674920379217
COHFACE_s29_session0_lamp,9,178,14.933333333333334,-0.016637401655316353,-1.35266739414036
COHFACE_s29_session0_lamp,9,179,14.966666666666667,-0.19823431968688965,-1.7050835893455014
COHFACE_s29_session0_lamp,9,180,15.0,-0.3396746516227722,-1.77955342274428
COHFACE_s29_session0_lamp,9,181,15.033333333333333,-0.4423535466194153,-1.5957173190582283
COHFACE_s29_session0_lamp,9,182,15.066666666666666,-0.503404974937439,-1.2336934411742415
COHFACE_s29_session0_lamp,9,183,15.1,-0.5472603440284729,-0.8023300266132809
COHFACE_s29_session0_lamp,9,184,15.133333333333333,-0.5924621820449829,-0.39933138834153853
COHFACE_s29_session0_lamp,9,185,15.166666666666666,-0.6440125107765198,-0.08049968556496141
COHFACE_s29_session0_lamp,9,186,15.2,-0.6998348832130432,0.14789016521831663
COHFACE_s29_session0_lamp,9,187,15.233333333333333,-0.7606753706932068,0.3110992361725055
COHFACE_s29_session0_lamp,9,188,15.266666666666667,-0.8233329057693481,0.43461193409561405
COHFACE_s29_session0_lamp,9,189,15.3,-0.8770354390144348,0.5196959366734668
COHFACE_s29_session0_lamp,9,190,15.333333333333334,-0.9124712347984314,0.5405646092616094
COHFACE_s29_session0_lamp,9,191,15.366666666666667,-0.9453059434890747,0.463730206321654
COHFACE_s29_session0_lamp,9,192,15.4,-0.9786706566810608,0.2770364416649584
COHFACE_s29_session0_lamp,9,193,15.433333333333334,-1.0074442625045776,0.010710950537437711
COHFACE_s29_session0_lamp,9,194,15.466666666666667,-0.9234594106674194,-0.2624688812749429
COHFACE_s29_session0_lamp,9,195,15.5,-0.2547488212585449,-0.4495575689234414
COHFACE_s29_session0_lamp,9,196,15.533333333333333,0.967442512512207,-0.4725112647211796
COHFACE_s29_session0_lamp,9,197,15.566666666666666,1.8761030435562134,-0.30000887136070215
COHFACE_s29_session0_lamp,9,198,15.6,2.0317275524139404,0.03793858454549639
COHFACE_s29_session0_lamp,9,199,15.633333333333333,1.8044203519821167,0.45859960537874667
COHFACE_s29_session0_lamp,9,200,15.666666666666666,1.6197303533554077,0.8546915538340161
COHFACE_s29_session0_lamp,9,201,15.7,1.58388352394104,1.1305382314158523
COHFACE_s29_session0_lamp,9,202,15.733333333333333,1.5830345153808594,1.2312841796851353
COHFACE_s29_session0_lamp,9,203,15.766666666666667,1.4459257125854492,1.1537290289149416
COHFACE_s29_session0_lamp,9,204,15.8,1.1415390968322754,0.9368480814612961
COHFACE_s29_session0_lamp,9,205,15.833333333333334,0.8502604961395264,0.6397655407339735
COHFACE_s29_session0_lamp,9,206,15.866666666666667,0.6723569631576538,0.31902901259136757
COHFACE_s29_session0_lamp,9,207,15.9,0.5273963212966919,0.014605660942580454
COHFACE_s29_session0_lamp,9,208,15.933333333333334,0.34743788838386536,-0.2522370624578534
COHFACE_s29_session0_lamp,9,209,15.966666666666667,0.13699159026145935,-0.47235311837111427
COHFACE_s29_session0_lamp,9,210,16.0,-0.07686688750982285,-0.6399898541618109
COHFACE_s29_session0_lamp,9,211,16.033333333333335,-0.25015777349472046,-0.7477402162418625
COHFACE_s29_session0_lamp,9,212,16.066666666666666,-0.38993799686431885,-0.7873092946271242
COHFACE_s29_session0_lamp,9,213,16.1,-0.4958992600440979,-0.7543320946921828
COHFACE_s29_session0_lamp,9,214,16.133333333333333,-0.5726272463798523,-0.6538119988985193
COHFACE_s29_session0_lamp,9,215,16.166666666666668,-0.6374694108963013,-0.5035887554418403
COHFACE_s29_session0_lamp,9,216,16.2,-0.6982936859130859,-0.3350480347352331
COHFACE_s29_session0_lamp,9,217,16.233333333333334,-0.7595776319503784,-0.19071380562532692
COHFACE_s29_session0_lamp,9,218,16.266666666666666,-0.8236411213874817,-0.11700898911923538
COHFACE_s29_session0_lamp,9,219,16.3,-0.8860552310943604,-0.15068382396610033
COHFACE_s29_session0_lamp,9,220,16.333333333333332,-0.9488371014595032,-0.3016533812260757
COHFACE_s29_session0_lamp,9,221,16.366666666666667,-0.9998466968536377,-0.5404627515287157
COHFACE_s29_session0_lamp,9,222,16.4,-1.0363423824310303,-0.8001487240664173
COHFACE_s29_session0_lamp,9,223,16.433333333333334,-1.061601161956787,-0.9963850524077226
COHFACE_s29_session0_lamp,9,224,16.466666666666665,-1.0740817785263062,-1.0583424631020297
COHFACE_s29_session0_lamp,9,225,16.5,-1.0847833156585693,-0.9545583590050721
COHFACE_s29_session0_lamp,9,226,16.533333333333335,-1.1089011430740356,-0.7005607318542665
COHFACE_s29_session0_lamp,9,227,16.566666666666666,-1.0991674661636353,-0.34548412636154036
COHFACE_s29_session0_lamp,9,228,16.6,-0.706129252910614,0.05393206356424307
COHFACE_s29_session0_lamp,9,229,16.633333333333333,0.4072185456752777,0.4573476240674612
COHFACE_s29_session0_lamp,9,230,16.666666666666668,1.5901238918304443,0.8496753992552707
COHFACE_s29_session0_lamp,9,231,16.7,2.0559804439544678,1.2306427321469446
COHFACE_s29_session0_lamp,9,232,16.733333333333334,1.9191256761550903,1.5931853587863014
COHFACE_s29_session0_lamp,9,233,16.766666666666666,1.6898881196975708,1.9059952540019593
COHFACE_s29_session0_lamp,9,234,16.8,1.6164425611495972,2.112234746650098
COHFACE_s29_session0_lamp,9,235,16.833333333333332,1.6333574056625366,2.1460261638118947
COHFACE_s29_session0_lamp,9,236,16.866666666666667,1.568526029586792,1.9583011366075171
COHFACE_s29_session0_lamp,9,237,16.9,1.3090060949325562,1.5393230989175748
COHFACE_s29_session0_lamp,9,238,16.933333333333334,0.9808154106140137,0.9281203312527341
COHFACE_s29_session0_lamp,9,239,16.966666666666665,0.7529134750366211,0.20630032935456916
COHFACE_s29_session0_lamp,10,0,10.0,1.1736600399017334,0.1496508138397527
COHFACE_s29_session0_lamp,10,1,10.033333333333333,1.0524818897247314,0.46855532113205794
COHFACE_s29_session0_lamp,10,2,10.066666666666666,1.0206962823867798,0.7378283799688953
COHFACE_s29_session0_lamp,10,3,10.1,1.0319709777832031,0.9236463812620521
COHFACE_s29_session0_lamp,10,4,10.133333333333333,0.957341194152832,1.0124263871372174
COHFACE_s29_session0_lamp,10,5,10.166666666666666,0.831739604473114,1.010355354108401
COHFACE_s29_session0_lamp,10,6,10.2,0.7444074153900146,0.9351261715592897
COHFACE_s29_session0_lamp,10,7,10.233333333333333,0.6776185035705566,0.8050397256848792
COHFACE_s29_session0_lamp,10,8,10.266666666666667,0.5715707540512085,0.6314954164533342
COHFACE_s29_session0_lamp,10,9,10.3,0.4141456186771393,0.4183001603285108
COHFACE_s29_session0_lamp,10,10,10.333333333333334,0.23128333687782288,0.1675475702891867
COHFACE_s29_session0_lamp,10,11,10.366666666666667,0.05518590658903122,-0.1117819712961251
COHFACE_s29_session0_lamp,10,12,10.4,-0.09763194620609283,-0.3986261765702846
COHFACE_s29_session0_lamp,10,13,10.433333333333334,-0.22136789560317993,-0.6625605979916719
COHFACE_s29_session0_lamp,10,14,10.466666666666667,-0.3111281096935272,-0.8732201923786493
COHFACE_s29_session0_lamp,10,15,10.5,-0.3699299991130829,-1.0103733701292301
COHFACE_s29_session0_lamp,10,16,10.533333333333333,-0.4185440242290497,-1.0690302185077647
COHFACE_s29_session0_lamp,10,17,10.566666666666666,-0.4704837203025818,-1.0578380230339772
COHFACE_s29_session0_lamp,10,18,10.6,-0.5331141352653503,-0.9924220705627913
COHFACE_s29_session0_lamp,10,19,10.633333333333333,-0.5949983596801758,-0.8871304527737179
COHFACE_s29_session0_lamp,10,20,10.666666666666666,-0.6577207446098328,-0.7491048720523952
COHFACE_s29_session0_lamp,10,21,10.7,-0.7187343239784241,-0.5774592865554226
COHFACE_s29_session0_lamp,10,22,10.733333333333333,-0.7695329785346985,-0.3677366789457477
COHFACE_s29_session0_lamp,10,23,10.766666666666667,-0.8054500818252563,-0.11916471899319772
COHFACE_s29_session0_lamp,10,24,10.8,-0.8394149541854858,0.1589789720635472
COHFACE_s29_session0_lamp,10,25,10.833333333333334,-0.876402735710144,0.44510640754072645
COHFACE_s29_session0_lamp,10,26,10.866666666666667,-0.8783494830131531,0.7086687551202568
COHFACE_s29_session0_lamp,10,27,10.9,-0.6094257235527039,0.9181088005006527
COHFACE_s29_session0_lamp,10,28,10.933333333333334,0.2241777926683426,1.0499460673230772
COHFACE_s29_session0_lamp,10,29,10.966666666666667,1.2382858991622925,1.0946861305584155
COHFACE_s29_session0_lamp,10,30,11.0,1.7946650981903076,1.0569717064836412
COHFACE_s29_session0_lamp,10,31,11.033333333333333,1.8293492794036865,0.9507767939405057
COHFACE_s29_session0_lamp,10,32,11.066666666666666,1.7122808694839478,0.7933512387041297
COHFACE_s29_session0_lamp,10,33,11.1,1.6728163957595825,0.601772764323485
COHFACE_s29_session0_lamp,10,34,11.133333333333333,1.720516562461853,0.392959970633706
COHFACE_s29_session0_lamp,10,35,11.166666666666666,1.7213655710220337,0.18465706039733681
COHFACE_s29_session0_lamp,10,36,11.2,1.5462793111801147,-0.005701478234189849
COHFACE_s29_session0_lamp,10,37,11.233333333333333,1.2725645303726196,-0.1649021037662106
COHFACE_s29_session0_lamp,10,38,11.266666666666667,1.0526225566864014,-0.2879333701913914
COHFACE_s29_session0_lamp,10,39,11.3,0.9002588987350464,-0.37824407874132226
COHFACE_s29_session0_lamp,10,40,11.333333333333334,0.73537677526474,-0.44317740091746166
COHFACE_s29_session0_lamp,10,41,11.366666666666667,0.5402933359146118,-0.4876244082237757
COHFACE_s29_session0_lamp,10,42,11.4,0.3285546600818634,-0.5108360280948978
COHFACE_s29_session0_lamp,10,43,11.433333333333334,0.12985359132289886,-0.5089318890960672
COHFACE_s29_session0_lamp,10,44,11.466666666666667,-0.03071329928934574,-0.48031809481130844
COHFACE_s29_session0_lamp,10,45,11.5,-0.16649730503559113,-0.42817860864995677
COHFACE_s29_session0_lamp,10,46,11.533333333333333,-0.2748163044452667,-0.35709359637408433
COHFACE_s29_session0_lamp,10,47,11.566666666666666,-0.35634076595306396,-0.26696247907056175
COHFACE_s29_session0_lamp,10,48,11.6,-0.4348856806755066,-0.15118357463428547
COHFACE_s29_session0_lamp,10,49,11.633333333333333,-0.511640727519989,-0.003648664297842991
COHFACE_s29_session0_lamp,10,50,11.666666666666666,-0.587043821811676,0.16858735071794634
COHFACE_s29_session0_lamp,10,51,11.7,-0.658320963382721,0.33646404841493077
COHFACE_s29_session0_lamp,10,52,11.733333333333333,-0.7322694659233093,0.45237037736703156
COHFACE_s29_session0_lamp,10,53,11.766666666666667,-0.7953217029571533,0.46666438467423815
COHFACE_s29_session0_lamp,10,54,11.8,-0.849683940410614,0.349245362986733
COHFACE_s29_session0_lamp,10,55,11.833333333333334,-0.8949506878852844,0.10499746370057442
COHFACE_s29_session0_lamp,10,56,11.866666666666667,-0.9258279204368591,-0.22330820219032324
COHFACE_s29_session0_lamp,10,57,11.9,-0.9429807066917419,-0.5641634350797217
COHFACE_s29_session0_lamp,10,58,11.933333333333334,-0.9592845439910889,-0.8350742500553827
COHFACE_s29_session0_lamp,10,59,11.966666666666667,-0.9872470498085022,-0.9650457854990662
COHFACE_s29_session0_lamp,10,60,12.0,-1.0088610649108887,-0.9164706405135948
COHFACE_s29_session0_lamp,10,61,12.033333333333333,-0.8464610576629639,-0.6989680551348387
COHFACE_s29_session0_lamp,10,62,12.066666666666666,-0.09194859117269516,-0.3677902520840568
COHFACE_s29_session0_lamp,10,63,12.1,1.030981421470642,-0.004215388690278571
COHFACE_s29_session0_lamp,10,64,12.133333333333333,1.751204490661621,0.31564821172464785
COHFACE_s29_session0_lamp,10,65,12.166666666666666,1.838817834854126,0.5492807757702068
COHFACE_s29_session0_lamp,10,66,12.2,1.6786079406738281,0.6983064152610647
COHFACE_s29_session0_lamp,10,67,12.233333333333333,1.5931953191757202,0.7951885247740518
COHFACE_s29_session0_lamp,10,68,12.266666666666667,1.6225584745407104,0.8749538892194152
COHFACE_s29_session0_lamp,10,69,12.3,1.6323083639144897,0.9502766000828181
COHFACE_s29_session0_lamp,10,70,12.333333333333334,1.4747533798217773,1.004275252391834
COHFACE_s29_session0_lamp,10,71,12.366666666666667,1.1792622804641724,1.0026189870892077
COHFACE_s29_session0_lamp,10,72,12.4,0.919061005115509,0.9150917444754729
COHFACE_s29_session0_lamp,10,73,12.433333333333334,0.7434934973716736,0.7330894483527698
COHFACE_s29_session0_lamp,10,74,12.466666666666667,0.5906972885131836,0.474420642693837
COHFACE_s29_session0_lamp,10,75,12.5,0.4047851264476776,0.17551234258205586
COHFACE_s29_session0_lamp,10,76,12.533333333333333,0.19994647800922394,-0.12242448720207048
COHFACE_s29_session0_lamp,10,77,12.566666666666666,0.005863486789166927,-0.3855836977357677
COHFACE_s29_session0_lamp,10,78,12.6,-0.15611478686332703,-0.5938775554492949
COHFACE_s29_session0_lamp,10,79,12.633333333333333,-0.29175278544425964,-0.7414033836164554
COHFACE_s29_session0_lamp,10,80,12.666666666666666,-0.39702191948890686,-0.8329389781818288
COHFACE_s29_session0_lamp,10,81,12.7,-0.4759615659713745,-0.8783684824408358
COHFACE_s29_session0_lamp,10,82,12.733333333333333,-0.5477957129478455,-0.8870196366811669
COHFACE_s29_session0_lamp,10,83,12.766666666666667,-0.616055428981781,-0.8641872187354408
COHFACE_s29_session0_lamp,10,84,12.8,-0.6809353828430176,-0.8116936708996629
COHFACE_s29_session0_lamp,10,85,12.833333333333334,-0.7458099722862244,-0.7323567656506548
COHFACE_s29_session0_lamp,10,86,12.866666666666667,-0.8106683492660522,-0.6351996695250716
COHFACE_s29_session0_lamp,10,87,12.9,-0.8713575005531311,-0.5367063859151218
COHFACE_s29_session0_lamp,10,88,12.933333333333334,-0.9225292801856995,-0.45541406951781593
COHFACE_s29_session0_lamp,10,89,12.966666666666667,-0.961188018321991,-0.4016530916720232
COHFACE_s29_session0_lamp,10,90,13.0,-0.9963696002960205,-0.36832609511599973
COHFACE_s29_session0_lamp,10,91,13.033333333333333,-1.0264627933502197,-0.3291151002094789
COHFACE_s29_session0_lamp,10,92,13.066666666666666,-1.0420743227005005,-0.24653956588356923
COHFACE_s29_session0_lamp,10,93,13.1,-1.0526137351989746,-0.08687137693189446
COHFACE_s29_session0_lamp,10,94,13.133333333333333,-1.0526947975158691,0.1642601579004563
COHFACE_s29_session0_lamp,10,95,13.166666666666666,-1.0592325925827026,0.49170763412421037
COHFACE_s29_session0_lamp,10,96,13.2,-1.0780184268951416,0.8499659698909031
COHFACE_s29_session0_lamp,10,97,13.233333333333333,-1.078926920890808,1.1725097621464684
COHFACE_s29_session0_lamp,10,98,13.266666666666667,-0.7930018305778503,1.3893307345357924
COHFACE_s29_session0_lamp,10,99,13.3,0.15174342691898346,1.4478716707538148
COHFACE_s29_session0_lamp,10,100,13.333333333333334,1.3146893978118896,1.3301296244373508
COHFACE_s29_session0_lamp,10,101,13.366666666666667,1.9118579626083374,1.0590518049638558
COHFACE_s29_session0_lamp,10,102,13.4,1.8897138833999634,0.6917184354410141
COHFACE_s29_session0_lamp,10,103,13.433333333333334,1.7014062404632568,0.30249489344374414
COHFACE_s29_session0_lamp,10,104,13.466666666666667,1.6259976625442505,-0.03722844823714646
COHFACE_s29_session0_lamp,10,105,13.5,1.656691074371338,-0.2759465343766714
COHFACE_s29_session0_lamp,10,106,13.533333333333333,1.6321028470993042,-0.39116319197585286
COHFACE_s29_session0_lamp,10,107,13.566666666666666,1.426804542541504,-0.389679098094576
COHFACE_s29_session0_lamp,10,108,13.6,1.123288631439209,-0.3009808193234262
COHFACE_s29_session0_lamp,10,109,13.633333333333333,0.8912553191184998,-0.1671478534074511
COHFACE_s29_session0_lamp,10,110,13.666666666666666,0.7402976155281067,-0.03241346028409854
COHFACE_s29_session0_lamp,10,111,13.7,0.5861549377441406,0.06573920398560816
COHFACE_s29_session0_lamp,10,112,13.733333333333333,0.3982798159122467,0.10315421917365616
COHFACE_s29_session0_lamp,10,113,13.766666666666667,0.1944037228822708,0.0726657773239602
COHFACE_s29_session0_lamp,10,114,13.8,0.0007587430882267654,-0.016116628065728965
COHFACE_s29_session0_lamp,10,115,13.833333333333334,-0.15576329827308655,-0.14133230210447184
COHFACE_s29_session0_lamp,10,116,13.866666666666667,-0.27332380414009094,-0.27613452338576167
COHFACE_s29_session0_lamp,10,117,13.9,-0.36793461441993713,-0.3957439562800935
COHFACE_s29_session0_lamp,10,118,13.933333333333334,-0.446998655796051,-0.4822957346454726
COHFACE_s29_session0_lamp,10,119,13.966666666666667,-0.5138145685195923,-0.5272774880197332
COHFACE_s29_session0_lamp,10,120,14.0,-0.5775805711746216,-0.5319302759366065
COHFACE_s29_session0_lamp,10,121,14.033333333333333,-0.635225236415863,-0.5056360338986313
COHFACE_s29_session0_lamp,10,122,14.066666666666666,-0.6908637285232544,-0.4622983908140482
COHFACE_s29_session0_lamp,10,123,14.1,-0.7516988515853882,-0.415456074441854
COHFACE_s29_session0_lamp,10,124,14.133333333333333,-0.8096950054168701,-0.37385231085533216
COHFACE_s29_session0_lamp,10,125,14.166666666666666,-0.8529609441757202,-0.3393381110493284
COHFACE_s29_session0_lamp,10,126,14.2,-0.8913114070892334,-0.3077713394431597
COHFACE_s29_session0_lamp,10,127,14.233333333333333,-0.9180734753608704,-0.27191941006890585
COHFACE_s29_session0_lamp,10,128,14.266666666666667,-0.9386870861053467,-0.22458298208058708
COHFACE_s29_session0_lamp,10,129,14.3,-0.9444245100021362,-0.1606509008563563
COHFACE_s29_session0_lamp,10,130,14.333333333333334,-0.9451329112052917,-0.07804040166010572
COHFACE_s29_session0_lamp,10,131,14.366666666666667,-0.9622154235839844,0.0217194574110251
COHFACE_s29_session0_lamp,10,132,14.4,-0.9663089513778687,0.13291416275891052
COHFACE_s29_session0_lamp,10,133,14.433333333333334,-0.6626957058906555,0.24582024813317646
COHFACE_s29_session0_lamp,10,134,14.466666666666667,0.27359214425086975,0.3489355212895163
COHFACE_s29_session0_lamp,10,135,14.5,1.344241738319397,0.4336754174080009
COHFACE_s29_session0_lamp,10,136,14.533333333333333,1.8257261514663696,0.49972507646225833
COHFACE_s29_session0_lamp,10,137,14.566666666666666,1.7083008289337158,0.5572388015831606
COHFACE_s29_session0_lamp,10,138,14.6,1.4285025596618652,0.6222911390299567
COHFACE_s29_session0_lamp,10,139,14.633333333333333,1.269968867301941,0.7055582025172642
COHFACE_s29_session0_lamp,10,140,14.666666666666666,1.2507990598678589,0.7997559448809921
COHFACE_s29_session0_lamp,10,141,14.7,1.1833937168121338,0.874235541233193
COHFACE_s29_session0_lamp,10,142,14.733333333333333,0.9841032028198242,0.8819780803016568
COHFACE_s29_session0_lamp,10,143,14.766666666666667,0.7974015474319458,0.7771444842767461
COHFACE_s29_session0_lamp,10,144,14.8,0.6820635795593262,0.5352138870937111
COHFACE_s29_session0_lamp,10,145,14.833333333333334,0.5651195049285889,0.16654319108608412
COHFACE_s29_session0_lamp,10,146,14.866666666666667,0.3950839638710022,-0.2816405438830587
COHFACE_s29_session0_lamp,10,147,14.9,0.19364666938781738,-0.7345462640092529
COHFACE_s29_session0_lamp,10,148,14.933333333333334,-0.016637401655316353,-1.1076926184045959
COHFACE_s29_session0_lamp,10,149,14.966666666666667,-0.19823431968688965,-1.3295688225504312
COHFACE_s29_session0_lamp,10,150,15.0,-0.3396746516227722,-1.3632295278402098
COHFACE_s29_session0_lamp,10,151,15.033333333333333,-0.4423535466194153,-1.2189811616262192
COHFACE_s29_session0_lamp,10,152,15.066666666666666,-0.503404974937439,-0.951235796496514
COHFACE_s29_session0_lamp,10,153,15.1,-0.5472603440284729,-0.638202256424593
COHFACE_s29_session0_lamp,10,154,15.133333333333333,-0.5924621820449829,-0.35192842640165045
COHFACE_s29_session0_lamp,10,155,15.166666666666666,-0.6440125107765198,-0.1327311011396979
COHFACE_s29_session0_lamp,10,156,15.2,-0.6998348832130432,0.019083825020307442
COHFACE_s29_session0_lamp,10,157,15.233333333333333,-0.7606753706932068,0.13065723387381328
COHFACE_s29_session0_lamp,10,158,15.266666666666667,-0.8233329057693481,0.23223851780060256
COHFACE_s29_session0_lamp,10,159,15.3,-0.8770354390144348,0.3368792702792729
COHFACE_s29_session0_lamp,10,160,15.333333333333334,-0.9124712347984314,0.4353444013744061
COHFACE_s29_session0_lamp,10,161,15.366666666666667,-0.9453059434890747,0.5062715279323987
COHFACE_s29_session0_lamp,10,162,15.4,-0.9786706566810608,0.5326229311399729
COHFACE_s29_session0_lamp,10,163,15.433333333333334,-1.0074442625045776,0.5134920305358066
COHFACE_s29_session0_lamp,10,164,15.466666666666667,-0.9234594106674194,0.4652054666160086
COHFACE_s29_session0_lamp,10,165,15.5,-0.2547488212585449,0.41304570106262195
COHFACE_s29_session0_lamp,10,166,15.533333333333333,0.967442512512207,0.37972842949179514
COHFACE_s29_session0_lamp,10,167,15.566666666666666,1.8761030435562134,0.3767916894235526
COHFACE_s29_session0_lamp,10,168,15.6,2.0317275524139404,0.40147771644831864
COHFACE_s29_session0_lamp,10,169,15.633333333333333,1.8044203519821167,0.43835612561660664
COHFACE_s29_session0_lamp,10,170,15.666666666666666,1.6197303533554077,0.46444930966198733
COHFACE_s29_session0_lamp,10,171,15.7,1.58388352394104,0.4570903116698344
COHFACE_s29_session0_lamp,10,172,15.733333333333333,1.5830345153808594,0.4026659575656581
COHFACE_s29_session0_lamp,10,173,15.766666666666667,1.4459257125854492,0.30274890423307727
COHFACE_s29_session0_lamp,10,174,15.8,1.1415390968322754,0.17419900488630427
COHFACE_s29_session0_lamp,10,175,15.833333333333334,0.8502604961395264,0.04242856838634058
COHFACE_s29_session0_lamp,10,176,15.866666666666667,0.6723569631576538,-0.06905020349247212
COHFACE_s29_session0_lamp,10,177,15.9,0.5273963212966919,-0.14746110827473677
COHFACE_s29_session0_lamp,10,178,15.933333333333334,0.34743788838386536,-0.1940631584832337
COHFACE_s29_session0_lamp,10,179,15.966666666666667,0.13699159026145935,-0.2213739939208751
COHFACE_s29_session0_lamp,10,180,16.0,-0.07686688750982285,-0.2464116441715069
COHFACE_s29_session0_lamp,10,181,16.033333333333335,-0.25015777349472046,-0.2830437711820455
COHFACE_s29_session0_lamp,10,182,16.066666666666666,-0.38993799686431885,-0.3362442797671811
COHFACE_s29_session0_lamp,10,183,16.1,-0.4958992600440979,-0.400022490706818
COHFACE_s29_session0_lamp,10,184,16.133333333333333,-0.5726272463798523,-0.4595533379892181
COHFACE_s29_session0_lamp,10,185,16.166666666666668,-0.6374694108963013,-0.4970539834471036
COHFACE_s29_session0_lamp,10,186,16.2,-0.6982936859130859,-0.5001528165342581
COHFACE_s29_session0_lamp,10,187,16.233333333333334,-0.7595776319503784,-0.47010236613064377
COHFACE_s29_session0_lamp,10,188,16.266666666666666,-0.8236411213874817,-0.42542915610176385
COHFACE_s29_session0_lamp,10,189,16.3,-0.8860552310943604,-0.3969696348309242
COHFACE_s29_session0_lamp,10,190,16.333333333333332,-0.9488371014595032,-0.4143509943275487
COHFACE_s29_session0_lamp,10,191,16.366666666666667,-0.9998466968536377,-0.48975790539301994
COHFACE_s29_session0_lamp,10,192,16.4,-1.0363423824310303,-0.6081597345953742
COHFACE_s29_session0_lamp,10,193,16.433333333333334,-1.061601161956787,-0.7304869779147952
COHFACE_s29_session0_lamp,10,194,16.466666666666665,-1.0740817785263062,-0.8080966367727993
COHFACE_s29_session0_lamp,10,195,16.5,-1.0847833156585693,-0.7999886515225423
COHFACE_s29_session0_lamp,10,196,16.533333333333335,-1.1089011430740356,-0.6843874561787093
COHFACE_s29_session0_lamp,10,197,16.566666666666666,-1.0991674661636353,-0.4614898716564457
COHFACE_s29_session0_lamp,10,198,16.6,-0.706129252910614,-0.1493040059943934
COHFACE_s29_session0_lamp,10,199,16.633333333333333,0.4072185456752777,0.22290504583551476
COHFACE_s29_session0_lamp,10,200,16.666666666666668,1.5901238918304443,0.6193371603846703
COHFACE_s29_session0_lamp,10,201,16.7,2.0559804439544678,0.9990888617257343
COHFACE_s29_session0_lamp,10,202,16.733333333333334,1.9191256761550903,1.3165702258284162
COHFACE_s29_session0_lamp,10,203,16.766666666666666,1.6898881196975708,1.5252207566083276
COHFACE_s29_session0_lamp,10,204,16.8,1.6164425611495972,1.5872681506980924
COHFACE_s29_session0_lamp,10,205,16.833333333333332,1.6333574056625366,1.4876156921486143
COHFACE_s29_session0_lamp,10,206,16.866666666666667,1.568526029586792,1.2449844761923246
COHFACE_s29_session0_lamp,10,207,16.9,1.3090060949325562,0.9121908788115065
COHFACE_s29_session0_lamp,10,208,16.933333333333334,0.9808154106140137,0.561987487061426
COHFACE_s29_session0_lamp,10,209,16.966666666666665,0.7529134750366211,0.2628290044604337
COHFACE_s29_session0_lamp,10,210,17.0,0.6005120277404785,0.05538677655690681
COHFACE_s29_session0_lamp,10,211,17.033333333333335,0.4390096366405487,-0.058704912066689915
COHFACE_s29_session0_lamp,10,212,17.066666666666666,0.24415335059165955,-0.11063266623190027
COHFACE_s29_session0_lamp,10,213,17.1,0.03218211606144905,-0.1448595615687973
COHFACE_s29_session0_lamp,10,214,17.133333333333333,-0.15606071054935455,-0.19718082167733253
COHFACE_s29_session0_lamp,10,215,17.166666666666668,-0.3177739977836609,-0.28141980100464176
COHFACE_s29_session0_lamp,10,216,17.2,-0.44348371028900146,-0.38926755590779405
COHFACE_s29_session0_lamp,10,217,17.233333333333334,-0.530956506729126,-0.49974046951058765
COHFACE_s29_session0_lamp,10,218,17.266666666666666,-0.5995028614997864,-0.5907640576443868
COHFACE_s29_session0_lamp,10,219,17.3,-0.6601703763008118,-0.6466711743787685
COHFACE_s29_session0_lamp,10,220,17.333333333333332,-0.7165550589561462,-0.6597923728460984
COHFACE_s29_session0_lamp,10,221,17.366666666666667,-0.7774713039398193,-0.6285930229807045
COHFACE_s29_session0_lamp,10,222,17.4,-0.8430975079536438,-0.5563122250934153
COHFACE_s29_session0_lamp,10,223,17.433333333333334,-0.9030241966247559,-0.4520271106598946
COHFACE_s29_session0_lamp,10,224,17.466666666666665,-0.9620153307914734,-0.33219038932497386
COHFACE_s29_session0_lamp,10,225,17.5,-1.0065898895263672,-0.2187203212771688
COHFACE_s29_session0_lamp,10,226,17.533333333333335,-1.038483738899231,-0.1320257956888704
COHFACE_s29_session0_lamp,10,227,17.566666666666666,-1.0564098358154297,-0.08198337096423688
COHFACE_s29_session0_lamp,10,228,17.6,-1.0686579942703247,-0.06284871675393836
COHFACE_s29_session0_lamp,10,229,17.633333333333333,-1.0744926929473877,-0.05641816386569194
COHFACE_s29_session0_lamp,10,230,17.666666666666668,-1.082782506942749,-0.041957214974923135
COHFACE_s29_session0_lamp,10,231,17.7,-1.110431432723999,-0.0065431171359075085
COHFACE_s29_session0_lamp,10,232,17.733333333333334,-1.0209362506866455,0.050094643641864875
COHFACE_s29_session0_lamp,10,233,17.766666666666666,-0.3190177381038666,0.1177003264816106
COHFACE_s29_session0_lamp,10,234,17.8,0.9774789214134216,0.18166260978150622
COHFACE_s29_session0_lamp,10,235,17.833333333333332,1.9431569576263428,0.22893991642448977
COHFACE_s29_session0_lamp,10,236,17.866666666666667,2.1104941368103027,0.2514256446275313
COHFACE_s29_session0_lamp,10,237,17.9,1.8676509857177734,0.247026274757201
COHFACE_s29_session0_lamp,10,238,17.933333333333334,1.6802842617034912,0.2193811449731105
COHFACE_s29_session0_lamp,10,239,17.966666666666665,1.6595138311386108,0.17658929466653744
COHFACE_s29_session0_lamp,11,0,11.0,1.7946650981903076,0.03065887345637181
COHFACE_s29_session0_lamp,11,1,11.033333333333333,1.8293492794036865,0.5664468635266738
COHFACE_s29_session0_lamp,11,2,11.066666666666666,1.7122808694839478,1.0137363642615518
COHFACE_s29_session0_lamp,11,3,11.1,1.6728163957595825,1.307253645100154
COHFACE_s29_session0_lamp,11,4,11.133333333333333,1.720516562461853,1.41772126482175
COHFACE_s29_session0_lamp,11,5,11.166666666666666,1.7213655710220337,1.3587220456058346
COHFACE_s29_session0_lamp,11,6,11.2,1.5462793111801147,1.1805247308583906
COHFACE_s29_session0_lamp,11,7,11.233333333333333,1.2725645303726196,0.9515428653009663
COHFACE_s29_session0_lamp,11,8,11.266666666666667,1.0526225566864014,0.7340612307210311
COHFACE_s29_session0_lamp,11,9,11.3,0.9002588987350464,0.5645458424400733
COHFACE_s29_session0_lamp,11,10,11.333333333333334,0.73537677526474,0.447521874210244
COHFACE_s29_session0_lamp,11,11,11.366666666666667,0.5402933359146118,0.36473110752040644
COHFACE_s29_session0_lamp,11,12,11.4,0.3285546600818634,0.2915575425561078
COHFACE_s29_session0_lamp,11,13,11.433333333333334,0.12985359132289886,0.20937393633598655
COHFACE_s29_session0_lamp,11,14,11.466666666666667,-0.03071329928934574,0.10959256539435128
COHFACE_s29_session0_lamp,11,15,11.5,-0.16649730503559113,-0.00615412737310091
COHFACE_s29_session0_lamp,11,16,11.533333333333333,-0.2748163044452667,-0.12491996479954047
COHFACE_s29_session0_lamp,11,17,11.566666666666666,-0.35634076595306396,-0.22176025577884695
COHFACE_s29_session0_lamp,11,18,11.6,-0.4348856806755066,-0.2654102640650654
COHFACE_s29_session0_lamp,11,19,11.633333333333333,-0.511640727519989,-0.2334586727802309
COHFACE_s29_session0_lamp,11,20,11.666666666666666,-0.587043821811676,-0.1306557337246662
COHFACE_s29_session0_lamp,11,21,11.7,-0.658320963382721,0.002585857409487603
COHFACE_s29_session0_lamp,11,22,11.733333333333333,-0.7322694659233093,0.10015033392377778
COHFACE_s29_session0_lamp,11,23,11.766666666666667,-0.7953217029571533,0.09567573740099704
COHFACE_s29_session0_lamp,11,24,11.8,-0.849683940410614,-0.049222309512603375
COHFACE_s29_session0_lamp,11,25,11.833333333333334,-0.8949506878852844,-0.32787057425034616
COHFACE_s29_session0_lamp,11,26,11.866666666666667,-0.9258279204368591,-0.6888061798430347
COHFACE_s29_session0_lamp,11,27,11.9,-0.9429807066917419,-1.0506841458737972
COHFACE_s29_session0_lamp,11,28,11.933333333333334,-0.9592845439910889,-1.3257912337752629
COHFACE_s29_session0_lamp,11,29,11.966666666666667,-0.9872470498085022,-1.4460631494513922
COHFACE_s29_session0_lamp,11,30,12.0,-1.0088610649108887,-1.3843158046524506
COHFACE_s29_session0_lamp,11,31,12.033333333333333,-0.8464610576629639,-1.1624909387375546
COHFACE_s29_session0_lamp,11,32,12.066666666666666,-0.09194859117269516,-0.8415272611094875
COHFACE_s29_session0_lamp,11,33,12.1,1.030981421470642,-0.49463322644774316
COHFACE_s29_session0_lamp,11,34,12.133333333333333,1.751204490661621,-0.17463995758548775
COHFACE_s29_session0_lamp,11,35,12.166666666666666,1.838817834854126,0.10830179476776054
COHFACE_s29_session0_lamp,11,36,12.2,1.6786079406738281,0.38488226230176026
COHFACE_s29_session0_lamp,11,37,12.233333333333333,1.5931953191757202,0.6988013463781203
COHFACE_s29_session0_lamp,11,38,12.266666666666667,1.6225584745407104,1.067656463265816
COHFACE_s29_session0_lamp,11,39,12.3,1.6323083639144897,1.4565548854345471
COHFACE_s29_session0_lamp,11,40,12.333333333333334,1.4747533798217773,1.7819907030352722
COHFACE_s29_session0_lamp,11,41,12.366666666666667,1.1792622804641724,1.9456066110104304
COHFACE_s29_session0_lamp,11,42,12.4,0.919061005115509,1.879750796618956
COHFACE_s29_session0_lamp,11,43,12.433333333333334,0.7434934973716736,1.5801839979195134
COHFACE_s29_session0_lamp,11,44,12.466666666666667,0.5906972885131836,1.1098034875745841
COHFACE_s29_session0_lamp,11,45,12.5,0.4047851264476776,0.5738904266234625
COHFACE_s29_session0_lamp,11,46,12.533333333333333,0.19994647800922394,0.08121639215456568
COHFACE_s29_session0_lamp,11,47,12.566666666666666,0.005863486789166927,-0.29051493131630834
COHFACE_s29_session0_lamp,11,48,12.6,-0.15611478686332703,-0.5123953173189804
COHFACE_s29_session0_lamp,11,49,12.633333333333333,-0.29175278544425964,-0.6027628239684706
COHFACE_s29_session0_lamp,11,50,12.666666666666666,-0.39702191948890686,-0.6113075682344985
COHFACE_s29_session0_lamp,11,51,12.7,-0.4759615659713745,-0.5967176933287774
COHFACE_s29_session0_lamp,11,52,12.733333333333333,-0.5477957129478455,-0.6056656606491448
COHFACE_s29_session0_lamp,11,53,12.766666666666667,-0.616055428981781,-0.6592965064007071
COHFACE_s29_session0_lamp,11,54,12.8,-0.6809353828430176,-0.7508729821167983
COHFACE_s29_session0_lamp,11,55,12.833333333333334,-0.7458099722862244,-0.8544645405396749
COHFACE_s29_session0_lamp,11,56,12.866666666666667,-0.8106683492660522,-0.9399360632710809
COHFACE_s29_session0_lamp,11,57,12.9,-0.8713575005531311,-0.9867863160412633
COHFACE_s29_session0_lamp,11,58,12.933333333333334,-0.9225292801856995,-0.9907561396247099
COHFACE_s29_session0_lamp,11,59,12.966666666666667,-0.961188018321991,-0.9611766991004796
COHFACE_s29_session0_lamp,11,60,13.0,-0.9963696002960205,-0.9111319020266248
COHFACE_s29_session0_lamp,11,61,13.033333333333333,-1.0264627933502197,-0.8454715701991437
COHFACE_s29_session0_lamp,11,62,13.066666666666666,-1.0420743227005005,-0.7530113542567943
COHFACE_s29_session0_lamp,11,63,13.1,-1.0526137351989746,-0.6080534425022578
COHFACE_s29_session0_lamp,11,64,13.133333333333333,-1.0526947975158691,-0.3824387782832917
COHFACE_s29_session0_lamp,11,65,13.166666666666666,-1.0592325925827026,-0.0639881017364788
COHFACE_s29_session0_lamp,11,66,13.2,-1.0780184268951416,0.32727101644627093
COHFACE_s29_session0_lamp,11,67,13.233333333333333,-1.078926920890808,0.7347802022545954
COHFACE_s29_session0_lamp,11,68,13.266666666666667,-0.7930018305778503,1.07880436953103
COHFACE_s29_session0_lamp,11,69,13.3,0.15174342691898346,1.2844990632673208
COHFACE_s29_session0_lamp,11,70,13.333333333333334,1.3146893978118896,1.3119526694245223
COHFACE_s29_session0_lamp,11,71,13.366666666666667,1.9118579626083374,1.1724881730683556
COHFACE_s29_session0_lamp,11,72,13.4,1.8897138833999634,0.9233206430193143
COHFACE_s29_session0_lamp,11,73,13.433333333333334,1.7014062404632568,0.6448165056039681
COHFACE_s29_session0_lamp,11,74,13.466666666666667,1.6259976625442505,0.4121300340729178
COHFACE_s29_session0_lamp,11,75,13.5,1.656691074371338,0.2732122600518915
COHFACE_s29_session0_lamp,11,76,13.533333333333333,1.6321028470993042,0.24009649991426169
COHFACE_s29_session0_lamp,11,77,13.566666666666666,1.426804542541504,0.2933911429661305
COHFACE_s29_session0_lamp,11,78,13.6,1.123288631439209,0.3945541717109631
COHFACE_s29_session0_lamp,11,79,13.633333333333333,0.8912553191184998,0.4991897548991678
COHFACE_s29_session0_lamp,11,80,13.666666666666666,0.7402976155281067,0.5672738014803609
COHFACE_s29_session0_lamp,11,81,13.7,0.5861549377441406,0.5699523209320666
COHFACE_s29_session0_lamp,11,82,13.733333333333333,0.3982798159122467,0.49417256990464453
COHFACE_s29_session0_lamp,11,83,13.766666666666667,0.1944037228822708,0.3451058120847712
COHFACE_s29_session0_lamp,11,84,13.8,0.0007587430882267654,0.14407431873551385
COHFACE_s29_session0_lamp,11,85,13.833333333333334,-0.15576329827308655,-0.07954525737180453
COHFACE_s29_session0_lamp,11,86,13.866666666666667,-0.27332380414009094,-0.29915985665902267
COHFACE_s29_session0_lamp,11,87,13.9,-0.36793461441993713,-0.4979218920250796
COHFACE_s29_session0_lamp,11,88,13.933333333333334,-0.446998655796051,-0.6681059992925591
COHFACE_s29_session0_lamp,11,89,13.966666666666667,-0.5138145685195923,-0.8052611994233856
COHFACE_s29_session0_lamp,11,90,14.0,-0.5775805711746216,-0.9029676212125287
COHFACE_s29_session0_lamp,11,91,14.033333333333333,-0.635225236415863,-0.9527008659673593
COHFACE_s29_session0_lamp,11,92,14.066666666666666,-0.6908637285232544,-0.9487092576736438
COHFACE_s29_session0_lamp,11,93,14.1,-0.7516988515853882,-0.8938765214468486
COHFACE_s29_session0_lamp,11,94,14.133333333333333,-0.8096950054168701,-0.8022360536953275
COHFACE_s29_session0_lamp,11,95,14.166666666666666,-0.8529609441757202,-0.6961669540170995
COHFACE_s29_session0_lamp,11,96,14.2,-0.8913114070892334,-0.5989588048294499
COHFACE_s29_session0_lamp,11,97,14.233333333333333,-0.9180734753608704,-0.5255371884745031
COHFACE_s29_session0_lamp,11,98,14.266666666666667,-0.9386870861053467,-0.4754550906413606
COHFACE_s29_session0_lamp,11,99,14.3,-0.9444245100021362,-0.431953181221263
COHFACE_s29_session0_lamp,11,100,14.333333333333334,-0.9451329112052917,-0.3685241200184108
COHFACE_s29_session0_lamp,11,101,14.366666666666667,-0.9622154235839844,-0.26084988926767655
COHFACE_s29_session0_lamp,11,102,14.4,-0.9663089513778687,-0.09890832259770774
COHFACE_s29_session0_lamp,11,103,14.433333333333334,-0.6626957058906555,0.10681951459423601
COHFACE_s29_session0_lamp,11,104,14.466666666666667,0.27359214425086975,0.32889024285113916
COHFACE_s29_session0_lamp,11,105,14.5,1.344241738319397,0.5353678966246731
COHFACE_s29_session0_lamp,11,106,14.533333333333333,1.8257261514663696,0.7052888774047708
COHFACE_s29_session0_lamp,11,107,14.566666666666666,1.7083008289337158,0.8384070119235236
COHFACE_s29_session0_lamp,11,108,14.6,1.4285025596618652,0.952309172923014
COHFACE_s29_session0_lamp,11,109,14.633333333333333,1.269968867301941,1.0668278310453885
COHFACE_s29_session0_lamp,11,110,14.666666666666666,1.2507990598678589,1.1845118882954395
COHFACE_s29_session0_lamp,11,111,14.7,1.1833937168121338,1.2798745052278906
COHFACE_s29_session0_lamp,11,112,14.733333333333333,0.9841032028198242,1.3050209031668547
COHFACE_s29_session0_lamp,11,113,14.766666666666667,0.7974015474319458,1.2092041811509389
COHFACE_s29_session0_lamp,11,114,14.8,0.6820635795593262,0.9622190092821522
COHFACE_s29_session0_lamp,11,115,14.833333333333334,0.5651195049285889,0.5706270382713993
COHFACE_s29_session0_lamp,11,116,14.866666666666667,0.3950839638710022,0.08109682105872609
COHFACE_s29_session0_lamp,11,117,14.9,0.19364666938781738,-0.42866056469801694
COHFACE_s29_session0_lamp,11,118,14.933333333333334,-0.016637401655316353,-0.8682018779863977
COHFACE_s29_session0_lamp,11,119,14.966666666666667,-0.19823431968688965,-1.1580960738591612
COHFACE_s29_session0_lamp,11,120,15.0,-0.3396746516227722,-1.2536264996130648
COHFACE_s29_session0_lamp,11,121,15.033333333333333,-0.4423535466194153,-1.1607118398939111
COHFACE_s29_session0_lamp,11,122,15.066666666666666,-0.503404974937439,-0.9361057017466912
COHFACE_s29_session0_lamp,11,123,15.1,-0.5472603440284729,-0.6683490568400384
COHFACE_s29_session0_lamp,11,124,15.133333333333333,-0.5924621820449829,-0.4447798416633986
COHFACE_s29_session0_lamp,11,125,15.166666666666666,-0.6440125107765198,-0.318497801753212
COHFACE_s29_session0_lamp,11,126,15.2,-0.6998348832130432,-0.2915136952063072
COHFACE_s29_session0_lamp,11,127,15.233333333333333,-0.7606753706932068,-0.322837233725434
COHFACE_s29_session0_lamp,11,128,15.266666666666667,-0.8233329057693481,-0.35574756988117245
COHFACE_s29_session0_lamp,11,129,15.3,-0.8770354390144348,-0.347596852967086
COHFACE_s29_session0_lamp,11,130,15.333333333333334,-0.9124712347984314,-0.2866000971319745
COHFACE_s29_session0_lamp,11,131,15.366666666666667,-0.9453059434890747,-0.18991760163237456
COHFACE_s29_session0_lamp,11,132,15.4,-0.9786706566810608,-0.08767816495249883
COHFACE_s29_session0_lamp,11,133,15.433333333333334,-1.0074442625045776,-0.003439169797708288
COHFACE_s29_session0_lamp,11,134,15.466666666666667,-0.9234594106674194,0.05851023933264526
COHFACE_s29_session0_lamp,11,135,15.5,-0.2547488212585449,0.11366020567230223
COHFACE_s29_session0_lamp,11,136,15.533333333333333,0.967442512512207,0.18729045260176644
COHFACE_s29_session0_lamp,11,137,15.566666666666666,1.8761030435562134,0.30048778108089286
COHFACE_s29_session0_lamp,11,138,15.6,2.0317275524139404,0.45887897594397836
COHFACE_s29_session0_lamp,11,139,15.633333333333333,1.8044203519821167,0.6479146854433814
COHFACE_s29_session0_lamp,11,140,15.666666666666666,1.6197303533554077,0.835457557215308
COHFACE_s29_session0_lamp,11,141,15.7,1.58388352394104,0.9803098055417198
COHFACE_s29_session0_lamp,11,142,15.733333333333333,1.5830345153808594,1.0440493636556736
COHFACE_s29_session0_lamp,11,143,15.766666666666667,1.4459257125854492,1.0027215128061844
COHFACE_s29_session0_lamp,11,144,15.8,1.1415390968322754,0.8545832871870499
COHFACE_s29_session0_lamp,11,145,15.833333333333334,0.8502604961395264,0.6211298058778701
COHFACE_s29_session0_lamp,11,146,15.866666666666667,0.6723569631576538,0.3412875253839123
COHFACE_s29_session0_lamp,11,147,15.9,0.5273963212966919,0.06116140800255438
COHFACE_s29_session0_lamp,11,148,15.933333333333334,0.34743788838386536,-0.17754963894050219
COHFACE_s29_session0_lamp,11,149,15.966666666666667,0.13699159026145935,-0.34775641692151815
COHFACE_s29_session0_lamp,11,150,16.0,-0.07686688750982285,-0.44337632770633956
COHFACE_s29_session0_lamp,11,151,16.033333333333335,-0.25015777349472046,-0.47968008629794523
COHFACE_s29_session0_lamp,11,152,16.066666666666666,-0.38993799686431885,-0.48623721460381863
COHFACE_s29_session0_lamp,11,153,16.1,-0.4958992600440979,-0.4934506162943199
COHFACE_s29_session0_lamp,11,154,16.133333333333333,-0.5726272463798523,-0.5172429716738787
COHFACE_s29_session0_lamp,11,155,16.166666666666668,-0.6374694108963013,-0.549556547167963
COHFACE_s29_session0_lamp,11,156,16.2,-0.6982936859130859,-0.5621721341300664
COHFACE_s29_session0_lamp,11,157,16.233333333333334,-0.7595776319503784,-0.5251363714386652
COHFACE_s29_session0_lamp,11,158,16.266666666666666,-0.8236411213874817,-0.43041591505750104
COHFACE_s29_session0_lamp,11,159,16.3,-0.8860552310943604,-0.3050468165779944
COHFACE_s29_session0_lamp,11,160,16.333333333333332,-0.9488371014595032,-0.2031119659231071
COHFACE_s29_session0_lamp,11,161,16.366666666666667,-0.9998466968536377,-0.1793240493543733
COHFACE_s29_session0_lamp,11,162,16.4,-1.0363423824310303,-0.25950318127222277
COHFACE_s29_session0_lamp,11,163,16.433333333333334,-1.061601161956787,-0.42549272855977405
COHFACE_s29_session0_lamp,11,164,16.466666666666665,-1.0740817785263062,-0.62179752740137
COHFACE_s29_session0_lamp,11,165,16.5,-1.0847833156585693,-0.777727940468563
COHFACE_s29_session0_lamp,11,166,16.533333333333335,-1.1089011430740356,-0.83255238353071
COHFACE_s29_session0_lamp,11,167,16.566666666666666,-1.0991674661636353,-0.753148759766552
COHFACE_s29_session0_lamp,11,168,16.6,-0.706129252910614,-0.5395762671124746
COHFACE_s29_session0_lamp,11,169,16.633333333333333,0.4072185456752777,-0.22014054851024026
COHFACE_s29_session0_lamp,11,170,16.666666666666668,1.5901238918304443,0.15869798763085993
COHFACE_s29_session0_lamp,11,171,16.7,2.0559804439544678,0.5424075641150643
COHFACE_s29_session0_lamp,11,172,16.733333333333334,1.9191256761550903,0.8767466900584926
COHFACE_s29_session0_lamp,11,173,16.766666666666666,1.6898881196975708,1.1159371106982645
COHFACE_s29_session0_lamp,11,174,16.8,1.6164425611495972,1.2320918686154003
COHFACE_s29_session0_lamp,11,175,16.833333333333332,1.6333574056625366,1.2240775837115845
COHFACE_s29_session0_lamp,11,176,16.866666666666667,1.568526029586792,1.1204678025276036
COHFACE_s29_session0_lamp,11,177,16.9,1.3090060949325562,0.9714759398266495
COHFACE_s29_session0_lamp,11,178,16.933333333333334,0.9808154106140137,0.8302717549067435
COHFACE_s29_session0_lamp,11,179,16.966666666666665,0.7529134750366211,0.7312611532198517
COHFACE_s29_session0_lamp,11,180,17.0,0.6005120277404785,0.6764081273618497
COHFACE_s29_session0_lamp,11,181,17.033333333333335,0.4390096366405487,0.6376289535050673
COHFACE_s29_session0_lamp,11,182,17.066666666666666,0.24415335059165955,0.5746931098762937
COHFACE_s29_session0_lamp,11,183,17.1,0.03218211606144905,0.4588752485818819
COHFACE_s29_session0_lamp,11,184,17.133333333333333,-0.15606071054935455,0.2886711553446182
COHFACE_s29_session0_lamp,11,185,17.166666666666668,-0.3177739977836609,0.08850232330220177
COHFACE_s29_session0_lamp,11,186,17.2,-0.44348371028900146,-0.10752666590580995
COHFACE_s29_session0_lamp,11,187,17.233333333333334,-0.530956506729126,-0.2752660491339072
COHFACE_s29_session0_lamp,11,188,17.266666666666666,-0.5995028614997864,-0.4112533085542249
COHFACE_s29_session0_lamp,11,189,17.3,-0.6601703763008118,-0.529366677065215
COHFACE_s29_session0_lamp,11,190,17.333333333333332,-0.7165550589561462,-0.6474647518680565
COHFACE_s29_session0_lamp,11,191,17.366666666666667,-0.7774713039398193,-0.7735377441606189
COHFACE_s29_session0_lamp,11,192,17.4,-0.8430975079536438,-0.8996647450902696
COHFACE_s29_session0_lamp,11,193,17.433333333333334,-0.9030241966247559,-1.0061398698446273
COHFACE_s29_session0_lamp,11,194,17.466666666666665,-0.9620153307914734,-1.0719339532586152
COHFACE_s29_session0_lamp,11,195,17.5,-1.0065898895263672,-1.0848436201436817
COHFACE_s29_session0_lamp,11,196,17.533333333333335,-1.038483738899231,-1.0463351482529146
COHFACE_s29_session0_lamp,11,197,17.566666666666666,-1.0564098358154297,-0.9699711180210122
COHFACE_s29_session0_lamp,11,198,17.6,-1.0686579942703247,-0.87533072930571
COHFACE_s29_session0_lamp,11,199,17.633333333333333,-1.0744926929473877,-0.7802688646615861
COHFACE_s29_session0_lamp,11,200,17.666666666666668,-1.082782506942749,-0.6937219594652836
COHFACE_s29_session0_lamp,11,201,17.7,-1.110431432723999,-0.6105205493426659
COHFACE_s29_session0_lamp,11,202,17.733333333333334,-1.0209362506866455,-0.5098329419895796
COHFACE_s29_session0_lamp,11,203,17.766666666666666,-0.3190177381038666,-0.3594044018366043
COHFACE_s29_session0_lamp,11,204,17.8,0.9774789214134216,-0.1271240667411976
COHFACE_s29_session0_lamp,11,205,17.833333333333332,1.9431569576263428,0.20185462062409465
COHFACE_s29_session0_lamp,11,206,17.866666666666667,2.1104941368103027,0.6094130955519008
COHFACE_s29_session0_lamp,11,207,17.9,1.8676509857177734,1.039876482502615
COHFACE_s29_session0_lamp,11,208,17.933333333333334,1.6802842617034912,1.412673515559724
COHFACE_s29_session0_lamp,11,209,17.966666666666665,1.6595138311386108,1.6495422272217226
COHFACE_s29_session0_lamp,11,210,18.0,1.6648834943771362,1.7043290520363583
COHFACE_s29_session0_lamp,11,211,18.033333333333335,1.510145902633667,1.5802801257127155
COHFACE_s29_session0_lamp,11,212,18.066666666666666,1.1866868734359741,1.3259001439837355
COHFACE_s29_session0_lamp,11,213,18.1,0.8961383104324341,1.0120896145245033
COHFACE_s29_session0_lamp,11,214,18.133333333333333,0.7065976858139038,0.7031024980773712
COHFACE_s29_session0_lamp,11,215,18.166666666666668,0.5527632236480713,0.4361264803295617
COHFACE_s29_session0_lamp,11,216,18.2,0.3757789433002472,0.21777878314780547
COHFACE_s29_session0_lamp,11,217,18.233333333333334,0.16155275702476501,0.03538914258428816
COHFACE_s29_session0_lamp,11,218,18.266666666666666,-0.05286269262433052,-0.12657114235989453
COHFACE_s29_session0_lamp,11,219,18.3,-0.23158279061317444,-0.27506669090161345
COHFACE_s29_session0_lamp,11,220,18.333333333333332,-0.3691999614238739,-0.4063567988101917
COHFACE_s29_session0_lamp,11,221,18.366666666666667,-0.47309014201164246,-0.5107063313825062
COHFACE_s29_session0_lamp,11,222,18.4,-0.5471467971801758,-0.5790555354781068
COHFACE_s29_session0_lamp,11,223,18.433333333333334,-0.606916606426239,-0.6080198583569878
COHFACE_s29_session0_lamp,11,224,18.466666666666665,-0.6553954482078552,-0.6016411329688209
COHFACE_s29_session0_lamp,11,225,18.5,-0.7053343653678894,-0.5698037702143196
COHFACE_s29_session0_lamp,11,226,18.533333333333335,-0.7667534947395325,-0.5241814942552372
COHFACE_s29_session0_lamp,11,227,18.566666666666666,-0.832590639591217,-0.4734624471761824
COHFACE_s29_session0_lamp,11,228,18.6,-0.8875153064727783,-0.42038814917067235
COHFACE_s29_session0_lamp,11,229,18.633333333333333,-0.9338851571083069,-0.3626390699355334
COHFACE_s29_session0_lamp,11,230,18.666666666666668,-0.9758749604225159,-0.29720715225895117
COHFACE_s29_session0_lamp,11,231,18.7,-1.0006524324417114,-0.22520628421416095
COHFACE_s29_session0_lamp,11,232,18.733333333333334,-1.007395625114441,-0.15333927432014832
COHFACE_s29_session0_lamp,11,233,18.766666666666666,-1.0131818056106567,-0.09052674790229712
COHFACE_s29_session0_lamp,11,234,18.8,-1.031232237815857,-0.04226722642286011
COHFACE_s29_session0_lamp,11,235,18.833333333333332,-1.0539331436157227,-0.007371737402508271
COHFACE_s29_session0_lamp,11,236,18.866666666666667,-0.9698346853256226,0.020512711235299075
COHFACE_s29_session0_lamp,11,237,18.9,-0.32377639412879944,0.04814456573763059
COHFACE_s29_session0_lamp,11,238,18.933333333333334,0.8869562745094299,0.07821420025927776
COHFACE_s29_session0_lamp,11,239,18.966666666666665,1.7925777435302734,0.10785677054313868
COHFACE_s29_session0_lamp,12,0,12.0,-1.0088610649108887,0.0029909349360746195
COHFACE_s29_session0_lamp,12,1,12.033333333333333,-0.8464610576629639,0.34994634732047475
COHFACE_s29_session0_lamp,12,2,12.066666666666666,-0.09194859117269516,0.6660615599214003
COHFACE_s29_session0_lamp,12,3,12.1,1.030981421470642,0.9263639871528107
COHFACE_s29_session0_lamp,12,4,12.133333333333333,1.751204490661621,1.119571156536681
COHFACE_s29_session0_lamp,12,5,12.166666666666666,1.838817834854126,1.2499979836817212
COHFACE_s29_session0_lamp,12,6,12.2,1.6786079406738281,1.3338719706406241
COHFACE_s29_session0_lamp,12,7,12.233333333333333,1.5931953191757202,1.3909251452195412
COHFACE_s29_session0_lamp,12,8,12.266666666666667,1.6225584745407104,1.4341064022337286
COHFACE_s29_session0_lamp,12,9,12.3,1.6323083639144897,1.4615388839244328
COHFACE_s29_session0_lamp,12,10,12.333333333333334,1.4747533798217773,1.4552418019606084
COHFACE_s29_session0_lamp,12,11,12.366666666666667,1.1792622804641724,1.388841754883039
COHFACE_s29_session0_lamp,12,12,12.4,0.919061005115509,1.2412751959004593
COHFACE_s29_session0_lamp,12,13,12.433333333333334,0.7434934973716736,1.0092973497231534
COHFACE_s29_session0_lamp,12,14,12.466666666666667,0.5906972885131836,0.7122163162213824
COHFACE_s29_session0_lamp,12,15,12.5,0.4047851264476776,0.3867761330893796
COHFACE_s29_session0_lamp,12,16,12.533333333333333,0.19994647800922394,0.07516028842105127
COHFACE_s29_session0_lamp,12,17,12.566666666666666,0.005863486789166927,-0.18810469411267358
COHFACE_s29_session0_lamp,12,18,12.6,-0.15611478686332703,-0.38508173108975935
COHFACE_s29_session0_lamp,12,19,12.633333333333333,-0.29175278544425964,-0.5166879700196962
COHFACE_s29_session0_lamp,12,20,12.666666666666666,-0.39702191948890686,-0.5988406618361425
COHFACE_s29_session0_lamp,12,21,12.7,-0.4759615659713745,-0.655050484679609
COHFACE_s29_session0_lamp,12,22,12.733333333333333,-0.5477957129478455,-0.708548251428974
COHFACE_s29_session0_lamp,12,23,12.766666666666667,-0.616055428981781,-0.776343201864886
COHFACE_s29_session0_lamp,12,24,12.8,-0.6809353828430176,-0.8663449144667956
COHFACE_s29_session0_lamp,12,25,12.833333333333334,-0.7458099722862244,-0.9773474279474427
COHFACE_s29_session0_lamp,12,26,12.866666666666667,-0.8106683492660522,-1.1007086990930532
COHFACE_s29_session0_lamp,12,27,12.9,-0.8713575005531311,-1.2224159305755466
COHFACE_s29_session0_lamp,12,28,12.933333333333334,-0.9225292801856995,-1.3249248285461872
COHFACE_s29_session0_lamp,12,29,12.966666666666667,-0.961188018321991,-1.3889636277263349
COHFACE_s29_session0_lamp,12,30,13.0,-0.9963696002960205,-1.3957026937776458
COHFACE_s29_session0_lamp,12,31,13.033333333333333,-1.0264627933502197,-1.329402003015712
COHFACE_s29_session0_lamp,12,32,13.066666666666666,-1.0420743227005005,-1.180289320252346
COHFACE_s29_session0_lamp,12,33,13.1,-1.0526137351989746,-0.947168498892431
COHFACE_s29_session0_lamp,12,34,13.133333333333333,-1.0526947975158691,-0.639127682836076
COHFACE_s29_session0_lamp,12,35,13.166666666666666,-1.0592325925827026,-0.2757319802722496
COHFACE_s29_session0_lamp,12,36,13.2,-1.0780184268951416,0.11471529610747715
COHFACE_s29_session0_lamp,12,37,13.233333333333333,-1.078926920890808,0.4988267886766368
COHFACE_s29_session0_lamp,12,38,13.266666666666667,-0.7930018305778503,0.8431035312264027
COHFACE_s29_session0_lamp,12,39,13.3,0.15174342691898346,1.119206975825154
COHFACE_s29_session0_lamp,12,40,13.333333333333334,1.3146893978118896,1.3084680203716537
COHFACE_s29_session0_lamp,12,41,13.366666666666667,1.9118579626083374,1.4047435431928676
COHFACE_s29_session0_lamp,12,42,13.4,1.8897138833999634,1.4149477921415727
COHFACE_s29_session0_lamp,12,43,13.433333333333334,1.7014062404632568,1.357005001410334
COHFACE_s29_session0_lamp,12,44,13.466666666666667,1.6259976625442505,1.2556493234150505
COHFACE_s29_session0_lamp,12,45,13.5,1.656691074371338,1.1369939970578171
COHFACE_s29_session0_lamp,12,46,13.533333333333333,1.6321028470993042,1.0228196378407899
COHFACE_s29_session0_lamp,12,47,13.566666666666666,1.426804542541504,0.9255682627062105
COHFACE_s29_session0_lamp,12,48,13.6,1.123288631439209,0.8453954914934514
COHFACE_s29_session0_lamp,12,49,13.633333333333333,0.8912553191184998,0.7706631050354531
COHFACE_s29_session0_lamp,12,50,13.666666666666666,0.7402976155281067,0.6822880925600493
COHFACE_s29_session0_lamp,12,51,13.7,0.5861549377441406,0.5607782000755297
COHFACE_s29_session0_lamp,12,52,13.733333333333333,0.3982798159122467,0.3934905768165729
COHFACE_s29_session0_lamp,12,53,13.766666666666667,0.1944037228822708,0.17938171457898225
COHFACE_s29_session0_lamp,12,54,13.8,0.0007587430882267654,-0.0704662957234419
COHFACE_s29_session0_lamp,12,55,13.833333333333334,-0.15576329827308655,-0.3363273289927196
COHFACE_s29_session0_lamp,12,56,13.866666666666667,-0.27332380414009094,-0.5952365074323256
COHFACE_s29_session0_lamp,12,57,13.9,-0.36793461441993713,-0.8257673030680253
COHFACE_s29_session0_lamp,12,58,13.933333333333334,-0.446998655796051,-1.0109529579941097
COHFACE_s29_session0_lamp,12,59,13.966666666666667,-0.5138145685195923,-1.1397271780858733
COHFACE_s29_session0_lamp,12,60,14.0,-0.5775805711746216,-1.2076225702056516
COHFACE_s29_session0_lamp,12,61,14.033333333333333,-0.635225236415863,-1.2169392256391747
COHFACE_s29_session0_lamp,12,62,14.066666666666666,-0.6908637285232544,-1.1761992484387085
COHFACE_s29_session0_lamp,12,63,14.1,-0.7516988515853882,-1.0986670221961876
COHFACE_s29_session0_lamp,12,64,14.133333333333333,-0.8096950054168701,-0.9998653467665644
COHFACE_s29_session0_lamp,12,65,14.166666666666666,-0.8529609441757202,-0.8943339493715398
COHFACE_s29_session0_lamp,12,66,14.2,-0.8913114070892334,-0.7923094179045644
COHFACE_s29_session0_lamp,12,67,14.233333333333333,-0.9180734753608704,-0.697290229145413
COHFACE_s29_session0_lamp,12,68,14.266666666666667,-0.9386870861053467,-0.6053491768124473
COHFACE_s29_session0_lamp,12,69,14.3,-0.9444245100021362,-0.506601742426478
COHFACE_s29_session0_lamp,12,70,14.333333333333334,-0.9451329112052917,-0.38860927097580805
COHFACE_s29_session0_lamp,12,71,14.366666666666667,-0.9622154235839844,-0.2408456269096673
COHFACE_s29_session0_lamp,12,72,14.4,-0.9663089513778687,-0.05884804905591916
COHFACE_s29_session0_lamp,12,73,14.433333333333334,-0.6626957058906555,0.1534974879039941
COHFACE_s29_session0_lamp,12,74,14.466666666666667,0.27359214425086975,0.3847112258603082
COHFACE_s29_session0_lamp,12,75,14.5,1.344241738319397,0.6196178680691972
COHFACE_s29_session0_lamp,12,76,14.533333333333333,1.8257261514663696,0.8448786195760684
COHFACE_s29_session0_lamp,12,77,14.566666666666666,1.7083008289337158,1.053125101143141
COHFACE_s29_session0_lamp,12,78,14.6,1.4285025596618652,1.242395376616816
COHFACE_s29_session0_lamp,12,79,14.633333333333333,1.269968867301941,1.4100177206064852
COHFACE_s29_session0_lamp,12,80,14.666666666666666,1.2507990598678589,1.5446699924342029
COHFACE_s29_session0_lamp,12,81,14.7,1.1833937168121338,1.6229053726783458
COHFACE_s29_session0_lamp,12,82,14.733333333333333,0.9841032028198242,1.6138836897692512
COHFACE_s29_session0_lamp,12,83,14.766666666666667,0.7974015474319458,1.49065101199688
COHFACE_s29_session0_lamp,12,84,14.8,0.6820635795593262,1.242376047777717
COHFACE_s29_session0_lamp,12,85,14.833333333333334,0.5651195049285889,0.8817280502802883
COHFACE_s29_session0_lamp,12,86,14.866666666666667,0.3950839638710022,0.4446257174079664
COHFACE_s29_session0_lamp,12,87,14.9,0.19364666938781738,-0.016844209400314267
COHFACE_s29_session0_lamp,12,88,14.933333333333334,-0.016637401655316353,-0.4457968654126012
COHFACE_s29_session0_lamp,12,89,14.966666666666667,-0.19823431968688965,-0.7932855698875961
COHFACE_s29_session0_lamp,12,90,15.0,-0.3396746516227722,-1.0291941698729465
COHFACE_s29_session0_lamp,12,91,15.033333333333333,-0.4423535466194153,-1.1480825312343266
COHFACE_s29_session0_lamp,12,92,15.066666666666666,-0.503404974937439,-1.1678824361886022
COHFACE_s29_session0_lamp,12,93,15.1,-0.5472603440284729,-1.121681768789173
COHFACE_s29_session0_lamp,12,94,15.133333333333333,-0.5924621820449829,-1.0456665279541484
COHFACE_s29_session0_lamp,12,95,15.166666666666666,-0.6440125107765198,-0.9680554596298779
COHFACE_s29_session0_lamp,12,96,15.2,-0.6998348832130432,-0.903283132266325
COHFACE_s29_session0_lamp,12,97,15.233333333333333,-0.7606753706932068,-0.8528301049218112
COHFACE_s29_session0_lamp,12,98,15.266666666666667,-0.8233329057693481,-0.8104727925102426
COHFACE_s29_session0_lamp,12,99,15.3,-0.8770354390144348,-0.7678736125829259
COHFACE_s29_session0_lamp,12,100,15.333333333333334,-0.9124712347984314,-0.7176645471925239
COHFACE_s29_session0_lamp,12,101,15.366666666666667,-0.9453059434890747,-0.6537681467072063
COHFACE_s29_session0_lamp,12,102,15.4,-0.9786706566810608,-0.5703071166827066
COHFACE_s29_session0_lamp,12,103,15.433333333333334,-1.0074442625045776,-0.4607132063742048
COHFACE_s29_session0_lamp,12,104,15.466666666666667,-0.9234594106674194,-0.31819805188151057
COHFACE_s29_session0_lamp,12,105,15.5,-0.2547488212585449,-0.13787387052381525
COHFACE_s29_session0_lamp,12,106,15.533333333333333,0.967442512512207,0.08025399082893979
COHFACE_s29_session0_lamp,12,107,15.566666666666666,1.8761030435562134,0.328881370167043
COHFACE_s29_session0_lamp,12,108,15.6,2.0317275524139404,0.5928877331134287
COHFACE_s29_session0_lamp,12,109,15.633333333333333,1.8044203519821167,0.8511252390497096
COHFACE_s29_session0_lamp,12,110,15.666666666666666,1.6197303533554077,1.079865338360837
COHFACE_s29_session0_lamp,12,111,15.7,1.58388352394104,1.2566853872258146
COHFACE_s29_session0_lamp,12,112,15.733333333333333,1.5830345153808594,1.3638055775698656
COHFACE_s29_session0_lamp,12,113,15.766666666666667,1.4459257125854492,1.3904405498562806
COHFACE_s29_session0_lamp,12,114,15.8,1.1415390968322754,1.3340563225733775
COHFACE_s29_session0_lamp,12,115,15.833333333333334,0.8502604961395264,1.2005719371381818
COHFACE_s29_session0_lamp,12,116,15.866666666666667,0.6723569631576538,1.003706966800113
COHFACE_s29_session0_lamp,12,117,15.9,0.5273963212966919,0.7636599058984639
COHFACE_s29_session0_lamp,12,118,15.933333333333334,0.34743788838386536,0.5049817920008983
COHFACE_s29_session0_lamp,12,119,15.966666666666667,0.13699159026145935,0.25325245483631886
COHFACE_s29_session0_lamp,12,120,16.0,-0.07686688750982285,0.030465176909365215
COHFACE_s29_session0_lamp,12,121,16.033333333333335,-0.25015777349472046,-0.14994908756553266
COHFACE_s29_session0_lamp,12,122,16.066666666666666,-0.38993799686431885,-0.28632053177266314
COHFACE_s29_session0_lamp,12,123,16.1,-0.4958992600440979,-0.3879929693224109
COHFACE_s29_session0_lamp,12,124,16.133333333333333,-0.5726272463798523,-0.4703323734855765
COHFACE_s29_session0_lamp,12,125,16.166666666666668,-0.6374694108963013,-0.5478387270100435
COHFACE_s29_session0_lamp,12,126,16.2,-0.6982936859130859,-0.6291327316722369
COHFACE_s29_session0_lamp,12,127,16.233333333333334,-0.7595776319503784,-0.7163104093643334
COHFACE_s29_session0_lamp,12,128,16.266666666666666,-0.8236411213874817,-0.8076776620964881
COHFACE_s29_session0_lamp,12,129,16.3,-0.8860552310943604,-0.9003932345006543
COHFACE_s29_session0_lamp,12,130,16.333333333333332,-0.9488371014595032,-0.9905242708051516
COHFACE_s29_session0_lamp,12,131,16.366666666666667,-0.9998466968536377,-1.0710255311551853
COHFACE_s29_session0_lamp,12,132,16.4,-1.0363423824310303,-1.1302370662788435
COHFACE_s29_session0_lamp,12,133,16.433333333333334,-1.061601161956787,-1.1531284074934427
COHFACE_s29_session0_lamp,12,134,16.466666666666665,-1.0740817785263062,-1.1251573062407625
COHFACE_s29_session0_lamp,12,135,16.5,-1.0847833156585693,-1.0364689756236403
COHFACE_s29_session0_lamp,12,136,16.533333333333335,-1.1089011430740356,-0.8841057163183544
COHFACE_s29_session0_lamp,12,137,16.566666666666666,-1.0991674661636353,-0.6715128680234212
COHFACE_s29_session0_lamp,12,138,16.6,-0.706129252910614,-0.4064128841297272
COHFACE_s29_session0_lamp,12,139,16.633333333333333,0.4072185456752777,-0.0990711316708639
COHFACE_s29_session0_lamp,12,140,16.666666666666668,1.5901238918304443,0.23735781371464074
COHFACE_s29_session0_lamp,12,141,16.7,2.0559804439544678,0.5843865327661748
COHFACE_s29_session0_lamp,12,142,16.733333333333334,1.9191256761550903,0.9158805261714006
COHFACE_s29_session0_lamp,12,143,16.766666666666666,1.6898881196975708,1.1992073257445868
COHFACE_s29_session0_lamp,12,144,16.8,1.6164425611495972,1.401816182625834
COHFACE_s29_session0_lamp,12,145,16.833333333333332,1.6333574056625366,1.5016512301288019
COHFACE_s29_session0_lamp,12,146,16.866666666666667,1.568526029586792,1.496106794714838
COHFACE_s29_session0_lamp,12,147,16.9,1.3090060949325562,1.4037305148344992
COHFACE_s29_session0_lamp,12,148,16.933333333333334,0.9808154106140137,1.2569219605934607
COHFACE_s29_session0_lamp,12,149,16.966666666666665,0.7529134750366211,1.089316559798574
COHFACE_s29_session0_lamp,12,150,17.0,0.6005120277404785,0.92426681610777
COHFACE_s29_session0_lamp,12,151,17.033333333333335,0.4390096366405487,0.7696286800326386
COHFACE_s29_session0_lamp,12,152,17.066666666666666,0.24415335059165955,0.6202172319437241
COHFACE_s29_session0_lamp,12,153,17.1,0.03218211606144905,0.4652851072203328
COHFACE_s29_session0_lamp,12,154,17.133333333333333,-0.15606071054935455,0.29641014331785887
COHFACE_s29_session0_lamp,12,155,17.166666666666668,-0.3177739977836609,0.11192027874590417
COHFACE_s29_session0_lamp,12,156,17.2,-0.44348371028900146,-0.08337323352206297
COHFACE_s29_session0_lamp,12,157,17.233333333333334,-0.530956506729126,-0.28154317175722754
COHFACE_s29_session0_lamp,12,158,17.266666666666666,-0.5995028614997864,-0.4750543224678345
COHFACE_s29_session0_lamp,12,159,17.3,-0.6601703763008118,-0.6581286646985091
COHFACE_s29_session0_lamp,12,160,17.333333333333332,-0.7165550589561462,-0.8257639737965919
COHFACE_s29_session0_lamp,12,161,17.366666666666667,-0.7774713039398193,-0.9720360369136127
COHFACE_s29_session0_lamp,12,162,17.4,-0.8430975079536438,-1.0895664172359438
COHFACE_s29_session0_lamp,12,163,17.433333333333334,-0.9030241966247559,-1.1708604733495922
COHFACE_s29_session0_lamp,12,164,17.466666666666665,-0.9620153307914734,-1.210700435915249
COHFACE_s29_session0_lamp,12,165,17.5,-1.0065898895263672,-1.2080391448128869
COHFACE_s29_session0_lamp,12,166,17.533333333333335,-1.038483738899231,-1.1663353200934048
COHFACE_s29_session0_lamp,12,167,17.566666666666666,-1.0564098358154297,-1.092348991284692
COHFACE_s29_session0_lamp,12,168,17.6,-1.0686579942703247,-0.9941262565401696
COHFACE_s29_session0_lamp,12,169,17.633333333333333,-1.0744926929473877,-0.8788994932683584
COHFACE_s29_session0_lamp,12,170,17.666666666666668,-1.082782506942749,-0.7511846906040365
COHFACE_s29_session0_lamp,12,171,17.7,-1.110431432723999,-0.6111270314055257
COHFACE_s29_session0_lamp,12,172,17.733333333333334,-1.0209362506866455,-0.4535223296331983
COHFACE_s29_session0_lamp,12,173,17.766666666666666,-0.3190177381038666,-0.26852969815191363
COHFACE_s29_session0_lamp,12,174,17.8,0.9774789214134216,-0.04510234413432211
COHFACE_s29_session0_lamp,12,175,17.833333333333332,1.9431569576263428,0.22299574426219979
COHFACE_s29_session0_lamp,12,176,17.866666666666667,2.1104941368103027,0.5307209833067317
COHFACE_s29_session0_lamp,12,177,17.9,1.8676509857177734,0.8581910335478271
COHFACE_s29_session0_lamp,12,178,17.933333333333334,1.6802842617034912,1.172528217247705
COHFACE_s29_session0_lamp,12,179,17.966666666666665,1.6595138311386108,1.4351171919715568
COHFACE_s29_session0_lamp,12,180,18.0,1.6648834943771362,1.6117072376678085
COHFACE_s29_session0_lamp,12,181,18.033333333333335,1.510145902633667,1.6815006966445125
COHFACE_s29_session0_lamp,12,182,18.066666666666666,1.1866868734359741,1.6419600741540434
COHFACE_s29_session0_lamp,12,183,18.1,0.8961383104324341,1.5079143601035039
COHFACE_s29_session0_lamp,12,184,18.133333333333333,0.7065976858139038,1.3056360016781394
COHFACE_s29_session0_lamp,12,185,18.166666666666668,0.5527632236480713,1.0643680323769804
COHFACE_s29_session0_lamp,12,186,18.2,0.3757789433002472,0.8087973693976285
COHFACE_s29_session0_lamp,12,187,18.233333333333334,0.16155275702476501,0.5552546639589219
COHFACE_s29_session0_lamp,12,188,18.266666666666666,-0.05286269262433052,0.3119786967264111
COHFACE_s29_session0_lamp,12,189,18.3,-0.23158279061317444,0.08163711074650926
COHFACE_s29_session0_lamp,12,190,18.333333333333332,-0.3691999614238739,-0.13583728686140223
COHFACE_s29_session0_lamp,12,191,18.366666666666667,-0.47309014201164246,-0.34093146313970235
COHFACE_s29_session0_lamp,12,192,18.4,-0.5471467971801758,-0.5328383281879545
COHFACE_s29_session0_lamp,12,193,18.433333333333334,-0.606916606426239,-0.708424997728542
COHFACE_s29_session0_lamp,12,194,18.466666666666665,-0.6553954482078552,-0.8622531745440268
COHFACE_s29_session0_lamp,12,195,18.5,-0.7053343653678894,-0.9879321916305818
COHFACE_s29_session0_lamp,12,196,18.533333333333335,-0.7667534947395325,-1.0803672693019424
COHFACE_s29_session0_lamp,12,197,18.566666666666666,-0.832590639591217,-1.1377207763063133
COHFACE_s29_session0_lamp,12,198,18.6,-0.8875153064727783,-1.1618815524412967
COHFACE_s29_session0_lamp,12,199,18.633333333333333,-0.9338851571083069,-1.1570508485423807
COHFACE_s29_session0_lamp,12,200,18.666666666666668,-0.9758749604225159,-1.1272144228873993
COHFACE_s29_session0_lamp,12,201,18.7,-1.0006524324417114,-1.073946717382472
COHFACE_s29_session0_lamp,12,202,18.733333333333334,-1.007395625114441,-0.9957176951680722
COHFACE_s29_session0_lamp,12,203,18.766666666666666,-1.0131818056106567,-0.8891118930023306
COHFACE_s29_session0_lamp,12,204,18.8,-1.031232237815857,-0.7516890445768938
COHFACE_s29_session0_lamp,12,205,18.833333333333332,-1.0539331436157227,-0.5854526957174151
COHFACE_s29_session0_lamp,12,206,18.866666666666667,-0.9698346853256226,-0.398982543465285
COHFACE_s29_session0_lamp,12,207,18.9,-0.32377639412879944,-0.20604503037866317
COHFACE_s29_session0_lamp,12,208,18.933333333333334,0.8869562745094299,-0.019850752016280074
COHFACE_s29_session0_lamp,12,209,18.966666666666665,1.7925777435302734,0.15479842733279914
COHFACE_s29_session0_lamp,12,210,19.0,1.9363703727722168,0.3260863976521177
COHFACE_s29_session0_lamp,12,211,19.033333333333335,1.6528517007827759,0.5115282069189602
COHFACE_s29_session0_lamp,12,212,19.066666666666666,1.3860909938812256,0.7264982339800425
COHFACE_s29_session0_lamp,12,213,19.1,1.3025332689285278,0.9713016703058239
COHFACE_s29_session0_lamp,12,214,19.133333333333333,1.2865592241287231,1.2245455647374024
COHFACE_s29_session0_lamp,12,215,19.166666666666668,1.1291017532348633,1.4468367431801175
COHFACE_s29_session0_lamp,12,216,19.2,0.8921961784362793,1.5928839727242459
COHFACE_s29_session0_lamp,12,217,19.233333333333334,0.736236572265625,1.625938044406817
COHFACE_s29_session0_lamp,12,218,19.266666666666666,0.6323517560958862,1.5285669789720886
COHFACE_s29_session0_lamp,12,219,19.3,0.4947237968444824,1.3067257739896954
COHFACE_s29_session0_lamp,12,220,19.333333333333332,0.3006353974342346,0.9872296834005353
COHFACE_s29_session0_lamp,12,221,19.366666666666667,0.0822778195142746,0.6106853542003883
COHFACE_s29_session0_lamp,12,222,19.4,-0.12391272187232971,0.22251263391357518
COHFACE_s29_session0_lamp,12,223,19.433333333333334,-0.2941321134567261,-0.13565085789159517
COHFACE_s29_session0_lamp,12,224,19.466666666666665,-0.4190523326396942,-0.43251909143702416
COHFACE_s29_session0_lamp,12,225,19.5,-0.502144992351532,-0.650665697045628
COHFACE_s29_session0_lamp,12,226,19.533333333333335,-0.5580971240997314,-0.7864992618273065
COHFACE_s29_session0_lamp,12,227,19.566666666666666,-0.6017469763755798,-0.8469900540832138
COHFACE_s29_session0_lamp,12,228,19.6,-0.6468190550804138,-0.8444307438750709
COHFACE_s29_session0_lamp,12,229,19.633333333333333,-0.7089412212371826,-0.7912697174106179
COHFACE_s29_session0_lamp,12,230,19.666666666666668,-0.7765790224075317,-0.697045182020105
COHFACE_s29_session0_lamp,12,231,19.7,-0.8322932124137878,-0.5686564222370232
COHFACE_s29_session0_lamp,12,232,19.733333333333334,-0.8859416842460632,-0.413858523977811
COHFACE_s29_session0_lamp,12,233,19.766666666666666,-0.9472526907920837,-0.2461133086320869
COHFACE_s29_session0_lamp,12,234,19.8,-1.0043836832046509,-0.08742109941900118
COHFACE_s29_session0_lamp,12,235,19.833333333333332,-1.0532572269439697,0.03401906112285253
COHFACE_s29_session0_lamp,12,236,19.866666666666667,-0.9747880101203918,0.09181305086027276
COHFACE_s29_session0_lamp,12,237,19.9,-0.30774837732315063,0.07190432422979859
COHFACE_s29_session0_lamp,12,238,19.933333333333334,0.8502551317214966,-0.019694747871885056
COHFACE_s29_session0_lamp,12,239,19.966666666666665,1.645032286643982,-0.15637828431244263
COHFACE_s29_session0_lamp,13,0,13.0,-0.9963696002960205,-0.13185337254806545
COHFACE_s29_session0_lamp,13,1,13.033333333333333,-1.0264627933502197,-0.053374125516693745
COHFACE_s29_session0_lamp,13,2,13.066666666666666,-1.0420743227005005,0.03072424972396482
COHFACE_s29_session0_lamp,13,3,13.1,-1.0526137351989746,0.12290771813225497
COHFACE_s29_session0_lamp,13,4,13.133333333333333,-1.0526947975158691,0.22625657003743938
COHFACE_s29_session0_lamp,13,5,13.166666666666666,-1.0592325925827026,0.34375044359220847
COHFACE_s29_session0_lamp,13,6,13.2,-1.0780184268951416,0.47667112524439975
COHFACE_s29_session0_lamp,13,7,13.233333333333333,-1.078926920890808,0.6227990082533339
COHFACE_s29_session0_lamp,13,8,13.266666666666667,-0.7930018305778503,0.7748897619131073
COHFACE_s29_session0_lamp,13,9,13.3,0.15174342691898346,0.9198995353267287
COHFACE_s29_session0_lamp,13,10,13.333333333333334,1.3146893978118896,1.0403341515153528
COHFACE_s29_session0_lamp,13,11,13.366666666666667,1.9118579626083374,1.1187936056905408
COHFACE_s29_session0_lamp,13,12,13.4,1.8897138833999634,1.1440317923385719
COHFACE_s29_session0_lamp,13,13,13.433333333333334,1.7014062404632568,1.1147622417210428
COHFACE_s29_session0_lamp,13,14,13.466666666666667,1.6259976625442505,1.0389275185983171
COHFACE_s29_session0_lamp,13,15,13.5,1.656691074371338,0.9294168694636095
COHFACE_s29_session0_lamp,13,16,13.533333333333333,1.6321028470993042,0.7990493626149222
COHFACE_s29_session0_lamp,13,17,13.566666666666666,1.426804542541504,0.6572546774391904
COHFACE_s29_session0_lamp,13,18,13.6,1.123288631439209,0.5092428718821304
COHFACE_s29_session0_lamp,13,19,13.633333333333333,0.8912553191184998,0.35689615630419447
COHFACE_s29_session0_lamp,13,20,13.666666666666666,0.7402976155281067,0.20009277015756777
COHFACE_s29_session0_lamp,13,21,13.7,0.5861549377441406,0.03769132986881519
COHFACE_s29_session0_lamp,13,22,13.733333333333333,0.3982798159122467,-0.13172245584960834
COHFACE_s29_session0_lamp,13,23,13.766666666666667,0.1944037228822708,-0.3088646761843126
COHFACE_s29_session0_lamp,13,24,13.8,0.0007587430882267654,-0.49255319277572684
COHFACE_s29_session0_lamp,13,25,13.833333333333334,-0.15576329827308655,-0.6787880979871382
COHFACE_s29_session0_lamp,13,26,13.866666666666667,-0.27332380414009094,-0.8604799596327218
COHFACE_s29_session0_lamp,13,27,13.9,-0.36793461441993713,-1.0278143311870918
COHFACE_s29_session0_lamp,13,28,13.933333333333334,-0.446998655796051,-1.1692257335063017
COHFACE_s29_session0_lamp,13,29,13.966666666666667,-0.5138145685195923,-1.2730634561233989
COHFACE_s29_session0_lamp,13,30,14.0,-0.5775805711746216,-1.3298276243971328
COHFACE_s29_session0_lamp,13,31,14.033333333333333,-0.635225236415863,-1.3344343701595354
COHFACE_s29_session0_lamp,13,32,14.066666666666666,-0.6908637285232544,-1.2876951982539164
COHFACE_s29_session0_lamp,13,33,14.1,-0.7516988515853882,-1.1963040879585045
COHFACE_s29_session0_lamp,13,34,14.133333333333333,-0.8096950054168701,-1.0711095527239922
COHFACE_s29_session0_lamp,13,35,14.166666666666666,-0.8529609441757202,-0.924025152188735
COHFACE_s29_session0_lamp,13,36,14.2,-0.8913114070892334,-0.7643549055339697
COHFACE_s29_session0_lamp,13,37,14.233333333333333,-0.9180734753608704,-0.5956531426157414
COHFACE_s29_session0_lamp,13,38,14.266666666666667,-0.9386870861053467,-0.41449359726630775
COHFACE_s29_session0_lamp,13,39,14.3,-0.9444245100021362,-0.21225532755761023
COHFACE_s29_session0_lamp,13,40,14.333333333333334,-0.9451329112052917,0.02006151084214414
COHFACE_s29_session0_lamp,13,41,14.366666666666667,-0.9622154235839844,0.2855259495736595
COHFACE_s29_session0_lamp,13,42,14.4,-0.9663089513778687,0.5762100498718715
COHFACE_s29_session0_lamp,13,43,14.433333333333334,-0.6626957058906555,0.8721574664808699
COHFACE_s29_session0_lamp,13,44,14.466666666666667,0.27359214425086975,1.1456990051404716
COHFACE_s29_session0_lamp,13,45,14.5,1.344241738319397,1.369772916906115
COHFACE_s29_session0_lamp,13,46,14.533333333333333,1.8257261514663696,1.5263322028948325
COHFACE_s29_session0_lamp,13,47,14.566666666666666,1.7083008289337158,1.6103845539169028
COHFACE_s29_session0_lamp,13,48,14.6,1.4285025596618652,1.6276275496842936
COHFACE_s29_session0_lamp,13,49,14.633333333333333,1.269968867301941,1.5874576321557066
COHFACE_s29_session0_lamp,13,50,14.666666666666666,1.2507990598678589,1.4957931418267174
COHFACE_s29_session0_lamp,13,51,14.7,1.1833937168121338,1.3519548263696193
COHFACE_s29_session0_lamp,13,52,14.733333333333333,0.9841032028198242,1.150931023808456
COHFACE_s29_session0_lamp,13,53,14.766666666666667,0.7974015474319458,0.8890350730994886
COHFACE_s29_session0_lamp,13,54,14.8,0.6820635795593262,0.5695885749870958
COHFACE_s29_session0_lamp,13,55,14.833333333333334,0.5651195049285889,0.20610510468023854
COHFACE_s29_session0_lamp,13,56,14.866666666666667,0.3950839638710022,-0.17772112403240076
COHFACE_s29_session0_lamp,13,57,14.9,0.19364666938781738,-0.5506858614992076
COHFACE_s29_session0_lamp,13,58,14.933333333333334,-0.016637401655316353,-0.8789000710619803
COHFACE_s29_session0_lamp,13,59,14.966666666666667,-0.19823431968688965,-1.1324450017918435
COHFACE_s29_session0_lamp,13,60,15.0,-0.3396746516227722,-1.2926812538631887
COHFACE_s29_session0_lamp,13,61,15.033333333333333,-0.4423535466194153,-1.3576375768548277
COHFACE_s29_session0_lamp,13,62,15.066666666666666,-0.503404974937439,-1.3424013325607713
COHFACE_s29_session0_lamp,13,63,15.1,-0.5472603440284729,-1.2730615332012676
COHFACE_s29_session0_lamp,13,64,15.133333333333333,-0.5924621820449829,-1.1762963496280374
COHFACE_s29_session0_lamp,13,65,15.166666666666666,-0.6440125107765198,-1.069754376613349
COHFACE_s29_session0_lamp,13,66,15.2,-0.6998348832130432,-0.958418709398133
COHFACE_s29_session0_lamp,13,67,15.233333333333333,-0.7606753706932068,-0.8386623709560277
COHFACE_s29_session0_lamp,13,68,15.266666666666667,-0.8233329057693481,-0.706626406884564
COHFACE_s29_session0_lamp,13,69,15.3,-0.8770354390144348,-0.5647237637391761
COHFACE_s29_session0_lamp,13,70,15.333333333333334,-0.9124712347984314,-0.4219194539098878
COHFACE_s29_session0_lamp,13,71,15.366666666666667,-0.9453059434890747,-0.2881323654267657
COHFACE_s29_session0_lamp,13,72,15.4,-0.9786706566810608,-0.16700570221867453
COHFACE_s29_session0_lamp,13,73,15.433333333333334,-1.0074442625045776,-0.05203802210295152
COHFACE_s29_session0_lamp,13,74,15.466666666666667,-0.9234594106674194,0.0714782877799665
COHFACE_s29_session0_lamp,13,75,15.5,-0.2547488212585449,0.21988811464032273
COHFACE_s29_session0_lamp,13,76,15.533333333333333,0.967442512512207,0.40334311653748683
COHFACE_s29_session0_lamp,13,77,15.566666666666666,1.8761030435562134,0.620110204871948
COHFACE_s29_session0_lamp,13,78,15.6,2.0317275524139404,0.8549646508826583
COHFACE_s29_session0_lamp,13,79,15.633333333333333,1.8044203519821167,1.0818605534299772
COHFACE_s29_session0_lamp,13,80,15.666666666666666,1.6197303533554077,1.2698784878121192
COHFACE_s29_session0_lamp,13,81,15.7,1.58388352394104,1.390713481957089
COHFACE_s29_session0_lamp,13,82,15.733333333333333,1.5830345153808594,1.4254305508143676
COHFACE_s29_session0_lamp,13,83,15.766666666666667,1.4459257125854492,1.3683109338960882
COHFACE_s29_session0_lamp,13,84,15.8,1.1415390968322754,1.2267314825354014
COHFACE_s29_session0_lamp,13,85,15.833333333333334,0.8502604961395264,1.01773252658205
COHFACE_s29_session0_lamp,13,86,15.866666666666667,0.6723569631576538,0.7632939877226093
COHFACE_s29_session0_lamp,13,87,15.9,0.5273963212966919,0.48641506758696856
COHFACE_s29_session0_lamp,13,88,15.933333333333334,0.34743788838386536,0.20878073487989535
COHFACE_s29_session0_lamp,13,89,15.966666666666667,0.13699159026145935,-0.050622746417407216
COHFACE_s29_session0_lamp,13,90,16.0,-0.07686688750982285,-0.2768568363472316
COHFACE_s29_session0_lamp,13,91,16.033333333333335,-0.25015777349472046,-0.4605327556756754
COHFACE_s29_session0_lamp,13,92,16.066666666666666,-0.38993799686431885,-0.5988240269097079
COHFACE_s29_session0_lamp,13,93,16.1,-0.4958992600440979,-0.6951170112112243
COHFACE_s29_session0_lamp,13,94,16.133333333333333,-0.5726272463798523,-0.7570249542993371
COHFACE_s29_session0_lamp,13,95,16.166666666666668,-0.6374694108963013,-0.7935617562338143
COHFACE_s29_session0_lamp,13,96,16.2,-0.6982936859130859,-0.8130217395126295
COHFACE_s29_session0_lamp,13,97,16.233333333333334,-0.7595776319503784,-0.8226365666301525
COHFACE_s29_session0_lamp,13,98,16.266666666666666,-0.8236411213874817,-0.8293909549375891
COHFACE_s29_session0_lamp,13,99,16.3,-0.8860552310943604,-0.8400762320243471
COHFACE_s29_session0_lamp,13,100,16.333333333333332,-0.9488371014595032,-0.8592103309961985
COHFACE_s29_session0_lamp,13,101,16.366666666666667,-0.9998466968536377,-0.8854873435193821
COHFACE_s29_session0_lamp,13,102,16.4,-1.0363423824310303,-0.90931699365614
COHFACE_s29_session0_lamp,13,103,16.433333333333334,-1.061601161956787,-0.9139811824804038
COHFACE_s29_session0_lamp,13,104,16.466666666666665,-1.0740817785263062,-0.8805808620229579
COHFACE_s29_session0_lamp,13,105,16.5,-1.0847833156585693,-0.794325392533025
COHFACE_s29_session0_lamp,13,106,16.533333333333335,-1.1089011430740356,-0.6490402255401961
COHFACE_s29_session0_lamp,13,107,16.566666666666666,-1.0991674661636353,-0.448066425110527
COHFACE_s29_session0_lamp,13,108,16.6,-0.706129252910614,-0.20180211938412954
COHFACE_s29_session0_lamp,13,109,16.633333333333333,0.4072185456752777,0.07603878024606764
COHFACE_s29_session0_lamp,13,110,16.666666666666668,1.5901238918304443,0.3706873345888548
COHFACE_s29_session0_lamp,13,111,16.7,2.0559804439544678,0.6655983180148222
COHFACE_s29_session0_lamp,13,112,16.733333333333334,1.9191256761550903,0.9401021203051216
COHFACE_s29_session0_lamp,13,113,16.766666666666666,1.6898881196975708,1.1690261744873085
COHFACE_s29_session0_lamp,13,114,16.8,1.6164425611495972,1.3273158946536974
COHFACE_s29_session0_lamp,13,115,16.833333333333332,1.6333574056625366,1.3990704238497107
COHFACE_s29_session0_lamp,13,116,16.866666666666667,1.568526029586792,1.3858941267599376
COHFACE_s29_session0_lamp,13,117,16.9,1.3090060949325562,1.3080867874508681
COHFACE_s29_session0_lamp,13,118,16.933333333333334,0.9808154106140137,1.196134548492169
COHFACE_s29_session0_lamp,13,119,16.966666666666665,0.7529134750366211,1.076438833331438
COHFACE_s29_session0_lamp,13,120,17.0,0.6005120277404785,0.9594496700458539
COHFACE_s29_session0_lamp,13,121,17.033333333333335,0.4390096366405487,0.8373185218776951
COHFACE_s29_session0_lamp,13,122,17.066666666666666,0.24415335059165955,0.6922067346181565
COHFACE_s29_session0_lamp,13,123,17.1,0.03218211606144905,0.5096452057293234
COHFACE_s29_session0_lamp,13,124,17.133333333333333,-0.15606071054935455,0.288529798212918
COHFACE_s29_session0_lamp,13,125,17.166666666666668,-0.3177739977836609,0.042188200255462834
COHFACE_s29_session0_lamp,13,126,17.2,-0.44348371028900146,-0.20854693651620893
COHFACE_s29_session0_lamp,13,127,17.233333333333334,-0.530956506729126,-0.4443628732630277
COHFACE_s29_session0_lamp,13,128,17.266666666666666,-0.5995028614997864,-0.653015624460142
COHFACE_s29_session0_lamp,13,129,17.3,-0.6601703763008118,-0.8297235353691826
COHFACE_s29_session0_lamp,13,130,17.333333333333332,-0.7165550589561462,-0.9742820347660304
COHFACE_s29_session0_lamp,13,131,17.366666666666667,-0.7774713039398193,-1.0879019875879679
COHFACE_s29_session0_lamp,13,132,17.4,-0.8430975079536438,-1.1715529466086971
COHFACE_s29_session0_lamp,13,133,17.433333333333334,-0.9030241966247559,-1.225737625282509
COHFACE_s29_session0_lamp,13,134,17.466666666666665,-0.9620153307914734,-1.250795523458226
COHFACE_s29_session0_lamp,13,135,17.5,-1.0065898895263672,-1.2470573902843458
COHFACE_s29_session0_lamp,13,136,17.533333333333335,-1.038483738899231,-1.214680347701408
COHFACE_s29_session0_lamp,13,137,17.566666666666666,-1.0564098358154297,-1.153374780261592
COHFACE_s29_session0_lamp,13,138,17.6,-1.0686579942703247,-1.0623420421653653
COHFACE_s29_session0_lamp,13,139,17.633333333333333,-1.0744926929473877,-0.9404754077151121
COHFACE_s29_session0_lamp,13,140,17.666666666666668,-1.082782506942749,-0.7864388476160317
COHFACE_s29_session0_lamp,13,141,17.7,-1.110431432723999,-0.598275165792371
COHFACE_s29_session0_lamp,13,142,17.733333333333334,-1.0209362506866455,-0.37298789124396714
COHFACE_s29_session0_lamp,13,143,17.766666666666666,-0.3190177381038666,-0.10734134832560344
COHFACE_s29_session0_lamp,13,144,17.8,0.9774789214134216,0.19907246553777705
COHFACE_s29_session0_lamp,13,145,17.833333333333332,1.9431569576263428,0.5389891506690435
COHFACE_s29_session0_lamp,13,146,17.866666666666667,2.1104941368103027,0.8934316469287717
COHFACE_s29_session0_lamp,13,147,17.9,1.8676509857177734,1.2317707192409126
COHFACE_s29_session0_lamp,13,148,17.933333333333334,1.6802842617034912,1.5173212617113077
COHFACE_s29_session0_lamp,13,149,17.966666666666665,1.6595138311386108,1.7166676695516734
COHFACE_s29_session0_lamp,13,150,18.0,1.6648834943771362,1.8085685259559354
COHFACE_s29_session0_lamp,13,151,18.033333333333335,1.510145902633667,1.7884786417291352
COHFACE_s29_session0_lamp,13,152,18.066666666666666,1.1866868734359741,1.6673870544838256
COHFACE_s29_session0_lamp,13,153,18.1,0.8961383104324341,1.4666274975273421
COHFACE_s29_session0_lamp,13,154,18.133333333333333,0.7065976858139038,1.2114791904467743
COHFACE_s29_session0_lamp,13,155,18.166666666666668,0.5527632236480713,0.9258465806464569
COHFACE_s29_session0_lamp,13,156,18.2,0.3757789433002472,0.6291891702013469
COHFACE_s29_session0_lamp,13,157,18.233333333333334,0.16155275702476501,0.3357210306653948
COHFACE_s29_session0_lamp,13,158,18.266666666666666,-0.05286269262433052,0.05501195985345998
COHFACE_s29_session0_lamp,13,159,18.3,-0.23158279061317444,-0.20702238559424246
COHFACE_s29_session0_lamp,13,160,18.333333333333332,-0.3691999614238739,-0.4471117365566353
COHFACE_s29_session0_lamp,13,161,18.366666666666667,-0.47309014201164246,-0.663401766241557
COHFACE_s29_session0_lamp,13,162,18.4,-0.5471467971801758,-0.8540017347116747
COHFACE_s29_session0_lamp,13,163,18.433333333333334,-0.606916606426239,-1.0158481950486729
COHFACE_s29_session0_lamp,13,164,18.466666666666665,-0.6553954482078552,-1.1445469085873663
COHFACE_s29_session0_lamp,13,165,18.5,-0.7053343653678894,-1.2354166980125902
COHFACE_s29_session0_lamp,13,166,18.533333333333335,-0.7667534947395325,-1.2852814792545475
COHFACE_s29_session0_lamp,13,167,18.566666666666666,-0.832590639591217,-1.2940931199563273
COHFACE_s29_session0_lamp,13,168,18.6,-0.8875153064727783,-1.2655065662055967
COHFACE_s29_session0_lamp,13,169,18.633333333333333,-0.9338851571083069,-1.2059621182061937
COHFACE_s29_session0_lamp,13,170,18.666666666666668,-0.9758749604225159,-1.122394044238686
COHFACE_s29_session0_lamp,13,171,18.7,-1.0006524324417114,-1.0192384019156149
COHFACE_s29_session0_lamp,13,172,18.733333333333334,-1.007395625114441,-0.895885305682844
COHFACE_s29_session0_lamp,13,173,18.766666666666666,-1.0131818056106567,-0.7460248833001375
COHFACE_s29_session0_lamp,13,174,18.8,-1.031232237815857,-0.5601669326551637
COHFACE_s29_session0_lamp,13,175,18.833333333333332,-1.0539331436157227,-0.33138582250538473
COHFACE_s29_session0_lamp,13,176,18.866666666666667,-0.9698346853256226,-0.06212579589028783
COHFACE_s29_session0_lamp,13,177,18.9,-0.32377639412879944,0.23186917414719427
COHFACE_s29_session0_lamp,13,178,18.933333333333334,0.8869562745094299,0.5240291566267049
COHFACE_s29_session0_lamp,13,179,18.966666666666665,1.7925777435302734,0.7860215000442506
COHFACE_s29_session0_lamp,13,180,19.0,1.9363703727722168,0.9987905935798621
COHFACE_s29_session0_lamp,13,181,19.033333333333335,1.6528517007827759,1.1588091876104236
COHFACE_s29_session0_lamp,13,182,19.066666666666666,1.3860909938812256,1.275792772421858
COHFACE_s29_session0_lamp,13,183,19.1,1.3025332689285278,1.3635914357361771
COHFACE_s29_session0_lamp,13,184,19.133333333333333,1.2865592241287231,1.4296019005499017
COHFACE_s29_session0_lamp,13,185,19.166666666666668,1.1291017532348633,1.4682377682901442
COHFACE_s29_session0_lamp,13,186,19.2,0.8921961784362793,1.4614523301579274
COHFACE_s29_session0_lamp,13,187,19.233333333333334,0.736236572265625,1.3857845776225357
COHFACE_s29_session0_lamp,13,188,19.266666666666666,0.6323517560958862,1.222663886397935
COHFACE_s29_session0_lamp,13,189,19.3,0.4947237968444824,0.9675952118699932
COHFACE_s29_session0_lamp,13,190,19.333333333333332,0.3006353974342346,0.6344768201226678
COHFACE_s29_session0_lamp,13,191,19.366666666666667,0.0822778195142746,0.25350727516648197
COHFACE_s29_session0_lamp,13,192,19.4,-0.12391272187232971,-0.13595727333896726
COHFACE_s29_session0_lamp,13,193,19.433333333333334,-0.2941321134567261,-0.49443100919992067
COHFACE_s29_session0_lamp,13,194,19.466666666666665,-0.4190523326396942,-0.7903487480560053
COHFACE_s29_session0_lamp,13,195,19.5,-0.502144992351532,-1.0054709795250987
COHFACE_s29_session0_lamp,13,196,19.533333333333335,-0.5580971240997314,-1.1366458855642843
COHFACE_s29_session0_lamp,13,197,19.566666666666666,-0.6017469763755798,-1.193461032510929
COHFACE_s29_session0_lamp,13,198,19.6,-0.6468190550804138,-1.1925038497568405
COHFACE_s29_session0_lamp,13,199,19.633333333333333,-0.7089412212371826,-1.1503933932081367
COHFACE_s29_session0_lamp,13,200,19.666666666666668,-0.7765790224075317,-1.0784833184777347
COHFACE_s29_session0_lamp,13,201,19.7,-0.8322932124137878,-0.981546736816218
COHFACE_s29_session0_lamp,13,202,19.733333333333334,-0.8859416842460632,-0.860852580265047
COHFACE_s29_session0_lamp,13,203,19.766666666666666,-0.9472526907920837,-0.7195878345142249
COHFACE_s29_session0_lamp,13,204,19.8,-1.0043836832046509,-0.566876189923781
COHFACE_s29_session0_lamp,13,205,19.833333333333332,-1.0532572269439697,-0.4171196159266725
COHFACE_s29_session0_lamp,13,206,19.866666666666667,-0.9747880101203918,-0.28433918099757793
COHFACE_s29_session0_lamp,13,207,19.9,-0.30774837732315063,-0.17487801492704586
COHFACE_s29_session0_lamp,13,208,19.933333333333334,0.8502551317214966,-0.08365632065775294
COHFACE_s29_session0_lamp,13,209,19.966666666666665,1.645032286643982,0.0027694035882052364
COHFACE_s29_session0_lamp,13,210,20.0,1.7405624389648438,0.09810341033379039
COHFACE_s29_session0_lamp,13,211,20.033333333333335,1.5087887048721313,0.2087873869263306
COHFACE_s29_session0_lamp,13,212,20.066666666666666,1.343225121498108,0.3318387418527306
COHFACE_s29_session0_lamp,13,213,20.1,1.3159818649291992,0.45837882178109723
COHFACE_s29_session0_lamp,13,214,20.133333333333333,1.2949788570404053,0.5788909506990385
COHFACE_s29_session0_lamp,13,215,20.166666666666668,1.1171780824661255,0.6855973255457898
COHFACE_s29_session0_lamp,13,216,20.2,0.8244988918304443,0.770942765787701
COHFACE_s29_session0_lamp,13,217,20.233333333333334,0.5918977856636047,0.8253428449426755
COHFACE_s29_session0_lamp,13,218,20.266666666666666,0.45024654269218445,0.8380596658432372
COHFACE_s29_session0_lamp,13,219,20.3,0.3134513199329376,0.8019819224037864
COHFACE_s29_session0_lamp,13,220,20.333333333333332,0.13924653828144073,0.7189214030770795
COHFACE_s29_session0_lamp,13,221,20.366666666666667,-0.06643027812242508,0.6006849337433441
COHFACE_s29_session0_lamp,13,222,20.4,-0.26472577452659607,0.46434171132063884
COHFACE_s29_session0_lamp,13,223,20.433333333333334,-0.4210206866264343,0.3247899592062234
COHFACE_s29_session0_lamp,13,224,20.466666666666665,-0.5436102151870728,0.18977157393123617
COHFACE_s29_session0_lamp,13,225,20.5,-0.6371989846229553,0.06053502668076359
COHFACE_s29_session0_lamp,13,226,20.533333333333335,-0.6986451745033264,-0.06303947846306616
COHFACE_s29_session0_lamp,13,227,20.566666666666666,-0.7516826391220093,-0.17740438231590913
COHFACE_s29_session0_lamp,13,228,20.6,-0.807634711265564,-0.2746197549115161
COHFACE_s29_session0_lamp,13,229,20.633333333333333,-0.8678858280181885,-0.3466196819811517
COHFACE_s29_session0_lamp,13,230,20.666666666666668,-0.9270175695419312,-0.3910776839789843
COHFACE_s29_session0_lamp,13,231,20.7,-0.9848514795303345,-0.4139547884937428
COHFACE_s29_session0_lamp,13,232,20.733333333333334,-1.039267897605896,-0.42619748383095263
COHFACE_s29_session0_lamp,13,233,20.766666666666666,-1.0757310390472412,-0.4364856063930293
COHFACE_s29_session0_lamp,13,234,20.8,-1.0997244119644165,-0.44509336149490275
COHFACE_s29_session0_lamp,13,235,20.833333333333332,-1.1251507997512817,-0.44334899327733646
COHFACE_s29_session0_lamp,13,236,20.866666666666667,-1.1465107202529907,-0.4190327266876
COHFACE_s29_session0_lamp,13,237,20.9,-1.1732295751571655,-0.36395801254545623
COHFACE_s29_session0_lamp,13,238,20.933333333333334,-1.0868436098098755,-0.2792631816147446
COHFACE_s29_session0_lamp,13,239,20.966666666666665,-0.41783562302589417,-0.17604163300610864
COHFACE_s29_session0_lamp,14,0,14.0,-0.5775805711746216,-0.18532957826164798
COHFACE_s29_session0_lamp,14,1,14.033333333333333,-0.635225236415863,-0.11596098973370261
COHFACE_s29_session0_lamp,14,2,14.066666666666666,-0.6908637285232544,-0.06876817771386202
COHFACE_s29_session0_lamp,14,3,14.1,-0.7516988515853882,-0.06223696939964578
COHFACE_s29_session0_lamp,14,4,14.133333333333333,-0.8096950054168701,-0.10285090751396322
COHFACE_s29_session0_lamp,14,5,14.166666666666666,-0.8529609441757202,-0.18354544385330307
COHFACE_s29_session0_lamp,14,6,14.2,-0.8913114070892334,-0.2857993512597048
COHFACE_s29_session0_lamp,14,7,14.233333333333333,-0.9180734753608704,-0.3839706987258769
COHFACE_s29_session0_lamp,14,8,14.266666666666667,-0.9386870861053467,-0.45028652493846055
COHFACE_s29_session0_lamp,14,9,14.3,-0.9444245100021362,-0.4596921457468632
COHFACE_s29_session0_lamp,14,10,14.333333333333334,-0.9451329112052917,-0.394317296709115
COHFACE_s29_session0_lamp,14,11,14.366666666666667,-0.9622154235839844,-0.24739018292668033
COHFACE_s29_session0_lamp,14,12,14.4,-0.9663089513778687,-0.026205772759036745
COHFACE_s29_session0_lamp,14,13,14.433333333333334,-0.6626957058906555,0.24694848421400795
COHFACE_s29_session0_lamp,14,14,14.466666666666667,0.27359214425086975,0.5377778178992241
COHFACE_s29_session0_lamp,14,15,14.5,1.344241738319397,0.8079019902033131
COHFACE_s29_session0_lamp,14,16,14.533333333333333,1.8257261514663696,1.0256512940939577
COHFACE_s29_session0_lamp,14,17,14.566666666666666,1.7083008289337158,1.1746986837512048
COHFACE_s29_session0_lamp,14,18,14.6,1.4285025596618652,1.255524183532334
COHFACE_s29_session0_lamp,14,19,14.633333333333333,1.269968867301941,1.2784260083326058
COHFACE_s29_session0_lamp,14,20,14.666666666666666,1.2507990598678589,1.2521971184631662
COHFACE_s29_session0_lamp,14,21,14.7,1.1833937168121338,1.1755688861609859
COHFACE_s29_session0_lamp,14,22,14.733333333333333,0.9841032028198242,1.0365011773785322
COHFACE_s29_session0_lamp,14,23,14.766666666666667,0.7974015474319458,0.8194030421768012
COHFACE_s29_session0_lamp,14,24,14.8,0.6820635795593262,0.5161482939901691
COHFACE_s29_session0_lamp,14,25,14.833333333333334,0.5651195049285889,0.13528779172289657
COHFACE_s29_session0_lamp,14,26,14.866666666666667,0.3950839638710022,-0.2947748330357979
COHFACE_s29_session0_lamp,14,27,14.9,0.19364666938781738,-0.7299634781593197
COHFACE_s29_session0_lamp,14,28,14.933333333333334,-0.016637401655316353,-1.1205232452624356
COHFACE_s29_session0_lamp,14,29,14.966666666666667,-0.19823431968688965,-1.4233788965064307
COHFACE_s29_session0_lamp,14,30,15.0,-0.3396746516227722,-1.612723924403846
COHFACE_s29_session0_lamp,14,31,15.033333333333333,-0.4423535466194153,-1.6851533088726909
COHFACE_s29_session0_lamp,14,32,15.066666666666666,-0.503404974937439,-1.6571818873022812
COHFACE_s29_session0_lamp,14,33,15.1,-0.5472603440284729,-1.5558174368552429
COHFACE_s29_session0_lamp,14,34,15.133333333333333,-0.5924621820449829,-1.4063554390387427
COHFACE_s29_session0_lamp,14,35,15.166666666666666,-0.6440125107765198,-1.22345010404839
COHFACE_s29_session0_lamp,14,36,15.2,-0.6998348832130432,-1.009960113116448
COHFACE_s29_session0_lamp,14,37,15.233333333333333,-0.7606753706932068,-0.7637308093920109
COHFACE_s29_session0_lamp,14,38,15.266666666666667,-0.8233329057693481,-0.487785229443187
COHFACE_s29_session0_lamp,14,39,15.3,-0.8770354390144348,-0.19718788389003036
COHFACE_s29_session0_lamp,14,40,15.333333333333334,-0.9124712347984314,0.08229283344795217
COHFACE_s29_session0_lamp,14,41,15.366666666666667,-0.9453059434890747,0.323585287307389
COHFACE_s29_session0_lamp,14,42,15.4,-0.9786706566810608,0.5103670895783256
COHFACE_s29_session0_lamp,14,43,15.433333333333334,-1.0074442625045776,0.6444475781763804
COHFACE_s29_session0_lamp,14,44,15.466666666666667,-0.9234594106674194,0.7441866711854709
COHFACE_s29_session0_lamp,14,45,15.5,-0.2547488212585449,0.8350888066378922
COHFACE_s29_session0_lamp,14,46,15.533333333333333,0.967442512512207,0.9376897391937854
COHFACE_s29_session0_lamp,14,47,15.566666666666666,1.8761030435562134,1.0584227703482665
COHFACE_s29_session0_lamp,14,48,15.6,2.0317275524139404,1.1867009496510668
COHFACE_s29_session0_lamp,14,49,15.633333333333333,1.8044203519821167,1.2983013187815653
COHFACE_s29_session0_lamp,14,50,15.666666666666666,1.6197303533554077,1.363275603690666
COHFACE_s29_session0_lamp,14,51,15.7,1.58388352394104,1.3557051944184282
COHFACE_s29_session0_lamp,14,52,15.733333333333333,1.5830345153808594,1.2619164926200683
COHFACE_s29_session0_lamp,14,53,15.766666666666667,1.4459257125854492,1.084129209037907
COHFACE_s29_session0_lamp,14,54,15.8,1.1415390968322754,0.8386254903937227
COHFACE_s29_session0_lamp,14,55,15.833333333333334,0.8502604961395264,0.5501480713523772
COHFACE_s29_session0_lamp,14,56,15.866666666666667,0.6723569631576538,0.24558435103101647
COHFACE_s29_session0_lamp,14,57,15.9,0.5273963212966919,-0.050577500515974975
COHFACE_s29_session0_lamp,14,58,15.933333333333334,0.34743788838386536,-0.31840657784382687
COHFACE_s29_session0_lamp,14,59,15.966666666666667,0.13699159026145935,-0.5432994499958655
COHFACE_s29_session0_lamp,14,60,16.0,-0.07686688750982285,-0.7165302278870691
COHFACE_s29_session0_lamp,14,61,16.033333333333335,-0.25015777349472046,-0.8358193053773502
COHFACE_s29_session0_lamp,14,62,16.066666666666666,-0.38993799686431885,-0.9052217196444652
COHFACE_s29_session0_lamp,14,63,16.1,-0.4958992600440979,-0.9334671369808156
COHFACE_s29_session0_lamp,14,64,16.133333333333333,-0.5726272463798523,-0.9307027165394424
COHFACE_s29_session0_lamp,14,65,16.166666666666668,-0.6374694108963013,-0.9050245605079791
COHFACE_s29_session0_lamp,14,66,16.2,-0.6982936859130859,-0.8611680029461274
COHFACE_s29_session0_lamp,14,67,16.233333333333334,-0.7595776319503784,-0.802708161286192
COHFACE_s29_session0_lamp,14,68,16.266666666666666,-0.8236411213874817,-0.7360492074667607
COHFACE_s29_session0_lamp,14,69,16.3,-0.8860552310943604,-0.672217734315738
COHFACE_s29_session0_lamp,14,70,16.333333333333332,-0.9488371014595032,-0.6236514908733212
COHFACE_s29_session0_lamp,14,71,16.366666666666667,-0.9998466968536377,-0.5970677096492357
COHFACE_s29_session0_lamp,14,72,16.4,-1.0363423824310303,-0.5871542780028998
COHFACE_s29_session0_lamp,14,73,16.433333333333334,-1.061601161956787,-0.5760835875550677
COHFACE_s29_session0_lamp,14,74,16.466666666666665,-1.0740817785263062,-0.53994008810631
COHFACE_s29_session0_lamp,14,75,16.5,-1.0847833156585693,-0.45844115340069186
COHFACE_s29_session0_lamp,14,76,16.533333333333335,-1.1089011430740356,-0.3226127632496166
COHFACE_s29_session0_lamp,14,77,16.566666666666666,-1.0991674661636353,-0.13675093047031933
COHFACE_s29_session0_lamp,14,78,16.6,-0.706129252910614,0.08560616908714153
COHFACE_s29_session0_lamp,14,79,16.633333333333333,0.4072185456752777,0.3285109954854088
COHFACE_s29_session0_lamp,14,80,16.666666666666668,1.5901238918304443,0.5782379741747199
COHFACE_s29_session0_lamp,14,81,16.7,2.0559804439544678,0.8223014932153984
COHFACE_s29_session0_lamp,14,82,16.733333333333334,1.9191256761550903,1.0442291532574695
COHFACE_s29_session0_lamp,14,83,16.766666666666666,1.6898881196975708,1.2197889725665219
COHFACE_s29_session0_lamp,14,84,16.8,1.6164425611495972,1.3204077342935099
COHFACE_s29_session0_lamp,14,85,16.833333333333332,1.6333574056625366,1.3245793701357358
COHFACE_s29_session0_lamp,14,86,16.866666666666667,1.568526029586792,1.2311054508774106
COHFACE_s29_session0_lamp,14,87,16.9,1.3090060949325562,1.0647295138131068
COHFACE_s29_session0_lamp,14,88,16.933333333333334,0.9808154106140137,0.8686332566619557
COHFACE_s29_session0_lamp,14,89,16.966666666666665,0.7529134750366211,0.6865099390102688
COHFACE_s29_session0_lamp,14,90,17.0,0.6005120277404785,0.543708799129634
COHFACE_s29_session0_lamp,14,91,17.033333333333335,0.4390096366405487,0.437970915331433
COHFACE_s29_session0_lamp,14,92,17.066666666666666,0.24415335059165955,0.3447613927741867
COHFACE_s29_session0_lamp,14,93,17.1,0.03218211606144905,0.23359898453547887
COHFACE_s29_session0_lamp,14,94,17.133333333333333,-0.15606071054935455,0.08543233901614357
COHFACE_s29_session0_lamp,14,95,17.166666666666668,-0.3177739977836609,-0.09877811341346691
COHFACE_s29_session0_lamp,14,96,17.2,-0.44348371028900146,-0.30143888722673895
COHFACE_s29_session0_lamp,14,97,17.233333333333334,-0.530956506729126,-0.49910412872274157
COHFACE_s29_session0_lamp,14,98,17.266666666666666,-0.5995028614997864,-0.673067252784538
COHFACE_s29_session0_lamp,14,99,17.3,-0.6601703763008118,-0.8144162211855682
COHFACE_s29_session0_lamp,14,100,17.333333333333332,-0.7165550589561462,-0.9228533431596795
COHFACE_s29_session0_lamp,14,101,17.366666666666667,-0.7774713039398193,-1.002264133134214
COHFACE_s29_session0_lamp,14,102,17.4,-0.8430975079536438,-1.056702962274691
COHFACE_s29_session0_lamp,14,103,17.433333333333334,-0.9030241966247559,-1.0886624902876052
COHFACE_s29_session0_lamp,14,104,17.466666666666665,-0.9620153307914734,-1.0991573213745536
COHFACE_s29_session0_lamp,14,105,17.5,-1.0065898895263672,-1.0880525001732968
COHFACE_s29_session0_lamp,14,106,17.533333333333335,-1.038483738899231,-1.0537807630508842
COHFACE_s29_session0_lamp,14,107,17.566666666666666,-1.0564098358154297,-0.9929835381903788
COHFACE_s29_session0_lamp,14,108,17.6,-1.0686579942703247,-0.9011542871787385
COHFACE_s29_session0_lamp,14,109,17.633333333333333,-1.0744926929473877,-0.7745988747448731
COHFACE_s29_session0_lamp,14,110,17.666666666666668,-1.082782506942749,-0.6126009434918802
COHFACE_s29_session0_lamp,14,111,17.7,-1.110431432723999,-0.4179337564285378
COHFACE_s29_session0_lamp,14,112,17.733333333333334,-1.0209362506866455,-0.19476257984345097
COHFACE_s29_session0_lamp,14,113,17.766666666666666,-0.3190177381038666,0.0548210953277117
COHFACE_s29_session0_lamp,14,114,17.8,0.9774789214134216,0.33242952385571467
COHFACE_s29_session0_lamp,14,115,17.833333333333332,1.9431569576263428,0.6403111131180068
COHFACE_s29_session0_lamp,14,116,17.866666666666667,2.1104941368103027,0.9739505809262808
COHFACE_s29_session0_lamp,14,117,17.9,1.8676509857177734,1.3144107702137342
COHFACE_s29_session0_lamp,14,118,17.933333333333334,1.6802842617034912,1.6257292230246572
COHFACE_s29_session0_lamp,14,119,17.966666666666665,1.6595138311386108,1.8606325344660664
COHFACE_s29_session0_lamp,14,120,18.0,1.6648834943771362,1.9736181847301624
COHFACE_s29_session0_lamp,14,121,18.033333333333335,1.510145902633667,1.936295065165737
COHFACE_s29_session0_lamp,14,122,18.066666666666666,1.1866868734359741,1.7480596109788613
COHFACE_s29_session0_lamp,14,123,18.1,0.8961383104324341,1.4370048725259754
COHFACE_s29_session0_lamp,14,124,18.133333333333333,0.7065976858139038,1.0507482218647188
COHFACE_s29_session0_lamp,14,125,18.166666666666668,0.5527632236480713,0.6416670308954915
COHFACE_s29_session0_lamp,14,126,18.2,0.3757789433002472,0.2529688607531807
COHFACE_s29_session0_lamp,14,127,18.233333333333334,0.16155275702476501,-0.08940105088610434
COHFACE_s29_session0_lamp,14,128,18.266666666666666,-0.05286269262433052,-0.3774329267875163
COHFACE_s29_session0_lamp,14,129,18.3,-0.23158279061317444,-0.6160559396661788
COHFACE_s29_session0_lamp,14,130,18.333333333333332,-0.3691999614238739,-0.815857235586218
COHFACE_s29_session0_lamp,14,131,18.366666666666667,-0.47309014201164246,-0.9866585638427202
COHFACE_s29_session0_lamp,14,132,18.4,-0.5471467971801758,-1.133737041215291
COHFACE_s29_session0_lamp,14,133,18.433333333333334,-0.606916606426239,-1.2569521510405863
COHFACE_s29_session0_lamp,14,134,18.466666666666665,-0.6553954482078552,-1.352031116675038
COHFACE_s29_session0_lamp,14,135,18.5,-0.7053343653678894,-1.4129192160141975
COHFACE_s29_session0_lamp,14,136,18.533333333333335,-0.7667534947395325,-1.434196983496955
COHFACE_s29_session0_lamp,14,137,18.566666666666666,-0.832590639591217,-1.41279280736528
COHFACE_s29_session0_lamp,14,138,18.6,-0.8875153064727783,-1.3484318314079204
COHFACE_s29_session0_lamp,14,139,18.633333333333333,-0.9338851571083069,-1.2426251648614468
COHFACE_s29_session0_lamp,14,140,18.666666666666668,-0.9758749604225159,-1.096646388445018
COHFACE_s29_session0_lamp,14,141,18.7,-1.0006524324417114,-0.9096135721881283
COHFACE_s29_session0_lamp,14,142,18.733333333333334,-1.007395625114441,-0.678104049143692
COHFACE_s29_session0_lamp,14,143,18.766666666666666,-1.0131818056106567,-0.39846118764819305
COHFACE_s29_session0_lamp,14,144,18.8,-1.031232237815857,-0.07194782713556379
COHFACE_s29_session0_lamp,14,145,18.833333333333332,-1.0539331436157227,0.28902846752103745
COHFACE_s29_session0_lamp,14,146,18.866666666666667,-0.9698346853256226,0.6575193885513194
COHFACE_s29_session0_lamp,14,147,18.9,-0.32377639412879944,0.9954931997850454
COHFACE_s29_session0_lamp,14,148,18.933333333333334,0.8869562745094299,1.2648992385170796
COHFACE_s29_session0_lamp,14,149,18.966666666666665,1.7925777435302734,1.4419258354770088
COHFACE_s29_session0_lamp,14,150,19.0,1.9363703727722168,1.5264148652386833
COHFACE_s29_session0_lamp,14,151,19.033333333333335,1.6528517007827759,1.5399320219901933
COHFACE_s29_session0_lamp,14,152,19.066666666666666,1.3860909938812256,1.5129510720102017
COHFACE_s29_session0_lamp,14,153,19.1,1.3025332689285278,1.4685919745948004
COHFACE_s29_session0_lamp,14,154,19.133333333333333,1.2865592241287231,1.4118290034727612
COHFACE_s29_session0_lamp,14,155,19.166666666666668,1.1291017532348633,1.3290064608074492
COHFACE_s29_session0_lamp,14,156,19.2,0.8921961784362793,1.1963961272412187
COHFACE_s29_session0_lamp,14,157,19.233333333333334,0.736236572265625,0.992328579848343
COHFACE_s29_session0_lamp,14,158,19.266666666666666,0.6323517560958862,0.7072150490600488
COHFACE_s29_session0_lamp,14,159,19.3,0.4947237968444824,0.3483285421325841
COHFACE_s29_session0_lamp,14,160,19.333333333333332,0.3006353974342346,-0.060946802498317784
COHFACE_s29_session0_lamp,14,161,19.366666666666667,0.0822778195142746,-0.48590058710646417
COHFACE_s29_session0_lamp,14,162,19.4,-0.12391272187232971,-0.8873011126693383
COHFACE_s29_session0_lamp,14,163,19.433333333333334,-0.2941321134567261,-1.2285698505495135
COHFACE_s29_session0_lamp,14,164,19.466666666666665,-0.4190523326396942,-1.4821925935382037
COHFACE_s29_session0_lamp,14,165,19.5,-0.502144992351532,-1.634201085560499
COHFACE_s29_session0_lamp,14,166,19.533333333333335,-0.5580971240997314,-1.6851151316173976
COHFACE_s29_session0_lamp,14,167,19.566666666666666,-0.6017469763755798,-1.6462946487785173
COHFACE_s29_session0_lamp,14,168,19.6,-0.6468190550804138,-1.5329520836170656
COHFACE_s29_session0_lamp,14,169,19.633333333333333,-0.7089412212371826,-1.3574788180100017
COHFACE_s29_session0_lamp,14,170,19.666666666666668,-0.7765790224075317,-1.1270722967845812
COHFACE_s29_session0_lamp,14,171,19.7,-0.8322932124137878,-0.847330470388583
COHFACE_s29_session0_lamp,14,172,19.733333333333334,-0.8859416842460632,-0.5296178149035308
COHFACE_s29_session0_lamp,14,173,19.766666666666666,-0.9472526907920837,-0.19690685920829964
COHFACE_s29_session0_lamp,14,174,19.8,-1.0043836832046509,0.1173058943698609
COHFACE_s29_session0_lamp,14,175,19.833333333333332,-1.0532572269439697,0.3786725947515125
COHFACE_s29_session0_lamp,14,176,19.866666666666667,-0.9747880101203918,0.5659080128629322
COHFACE_s29_session0_lamp,14,177,19.9,-0.30774837732315063,0.680477320908219
COHFACE_s29_session0_lamp,14,178,19.933333333333334,0.8502551317214966,0.744938982126309
COHFACE_s29_session0_lamp,14,179,19.966666666666665,1.645032286643982,0.7895595325250877
COHFACE_s29_session0_lamp,14,180,20.0,1.7405624389648438,0.8350385728771801
COHFACE_s29_session0_lamp,14,181,20.033333333333335,1.5087887048721313,0.8824517490026703
COHFACE_s29_session0_lamp,14,182,20.066666666666666,1.343225121498108,0.9163910323367631
COHFACE_s29_session0_lamp,14,183,20.1,1.3159818649291992,0.9177920411632735
COHFACE_s29_session0_lamp,14,184,20.133333333333333,1.2949788570404053,0.8763593961173174
COHFACE_s29_session0_lamp,14,185,20.166666666666668,1.1171780824661255,0.7938548894889104
COHFACE_s29_session0_lamp,14,186,20.2,0.8244988918304443,0.6780375990366109
COHFACE_s29_session0_lamp,14,187,20.233333333333334,0.5918977856636047,0.5348637856976226
COHFACE_s29_session0_lamp,14,188,20.266666666666666,0.45024654269218445,0.36656348671237593
COHFACE_s29_session0_lamp,14,189,20.3,0.3134513199329376,0.1766265470703046
COHFACE_s29_session0_lamp,14,190,20.333333333333332,0.13924653828144073,-0.02416824282722367
COHFACE_s29_session0_lamp,14,191,20.366666666666667,-0.06643027812242508,-0.2176494591179998
COHFACE_s29_session0_lamp,14,192,20.4,-0.26472577452659607,-0.38508923542337087
COHFACE_s29_session0_lamp,14,193,20.433333333333334,-0.4210206866264343,-0.5153130545036281
COHFACE_s29_session0_lamp,14,194,20.466666666666665,-0.5436102151870728,-0.6075971599562429
COHFACE_s29_session0_lamp,14,195,20.5,-0.6371989846229553,-0.667365435983018
COHFACE_s29_session0_lamp,14,196,20.533333333333335,-0.6986451745033264,-0.6981146777718089
COHFACE_s29_session0_lamp,14,197,20.566666666666666,-0.7516826391220093,-0.6958224316058506
COHFACE_s29_session0_lamp,14,198,20.6,-0.807634711265564,-0.6506938337345844
COHFACE_s29_session0_lamp,14,199,20.633333333333333,-0.8678858280181885,-0.5560103118242675
COHFACE_s29_session0_lamp,14,200,20.666666666666668,-0.9270175695419312,-0.4179525216274381
COHFACE_s29_session0_lamp,14,201,20.7,-0.9848514795303345,-0.25821206687229287
COHFACE_s29_session0_lamp,14,202,20.733333333333334,-1.039267897605896,-0.10557150627492173
COHFACE_s29_session0_lamp,14,203,20.766666666666666,-1.0757310390472412,0.019141437843739444
COHFACE_s29_session0_lamp,14,204,20.8,-1.0997244119644165,0.11403417183996559
COHFACE_s29_session0_lamp,14,205,20.833333333333332,-1.1251507997512817,0.19385829714705666
COHFACE_s29_session0_lamp,14,206,20.866666666666667,-1.1465107202529907,0.2750779519148258
COHFACE_s29_session0_lamp,14,207,20.9,-1.1732295751571655,0.35910031820378085
COHFACE_s29_session0_lamp,14,208,20.933333333333334,-1.0868436098098755,0.4263213787008032
COHFACE_s29_session0_lamp,14,209,20.966666666666665,-0.41783562302589417,0.4461257836350442
COHFACE_s29_session0_lamp,14,210,21.0,0.7756360769271851,0.39653815319123703
COHFACE_s29_session0_lamp,14,211,21.033333333333335,1.656593680381775,0.28022136290534505
COHFACE_s29_session0_lamp,14,212,21.066666666666666,1.8259587287902832,0.12621678373560763
COHFACE_s29_session0_lamp,14,213,21.1,1.6356825828552246,-0.023497827135383502
COHFACE_s29_session0_lamp,14,214,21.133333333333333,1.493409514427185,-0.13393072300572503
COHFACE_s29_session0_lamp,14,215,21.166666666666668,1.50179123878479,-0.19137058387105696
COHFACE_s29_session0_lamp,14,216,21.2,1.5298457145690918,-0.20470497199510704
COHFACE_s29_session0_lamp,14,217,21.233333333333334,1.3869940042495728,-0.19527447638704148
COHFACE_s29_session0_lamp,14,218,21.266666666666666,1.0651140213012695,-0.18340242998243664
COHFACE_s29_session0_lamp,14,219,21.3,0.7695688009262085,-0.180035697763112
COHFACE_s29_session0_lamp,14,220,21.333333333333332,0.5836674571037292,-0.18627313712408075
COHFACE_s29_session0_lamp,14,221,21.366666666666667,0.4373765289783478,-0.19736713446312343
COHFACE_s29_session0_lamp,14,222,21.4,0.26950401067733765,-0.20622312007369173
COHFACE_s29_session0_lamp,14,223,21.433333333333334,0.0687318667769432,-0.20429845368438565
COHFACE_s29_session0_lamp,14,224,21.466666666666665,-0.1328243911266327,-0.18162912728280142
COHFACE_s29_session0_lamp,14,225,21.5,-0.30317357182502747,-0.129041460145962
COHFACE_s29_session0_lamp,14,226,21.533333333333335,-0.4419696033000946,-0.04325673491528392
COHFACE_s29_session0_lamp,14,227,21.566666666666666,-0.5533925294876099,0.0680473134181721
COHFACE_s29_session0_lamp,14,228,21.6,-0.632575511932373,0.18563570560366605
COHFACE_s29_session0_lamp,14,229,21.633333333333333,-0.699537456035614,0.2847030514937809
COHFACE_s29_session0_lamp,14,230,21.666666666666668,-0.7628167867660522,0.34479750313431295
COHFACE_s29_session0_lamp,14,231,21.7,-0.8281726241111755,0.35786820294017874
COHFACE_s29_session0_lamp,14,232,21.733333333333334,-0.8947884440422058,0.33003077579875645
COHFACE_s29_session0_lamp,14,233,21.766666666666666,-0.9596306085586548,0.27690516894733247
COHFACE_s29_session0_lamp,14,234,21.8,-1.0223422050476074,0.21592488018503667
COHFACE_s29_session0_lamp,14,235,21.833333333333332,-1.0684254169464111,0.1599271601690714
COHFACE_s29_session0_lamp,14,236,21.866666666666667,-1.098280668258667,0.11464036851755842
COHFACE_s29_session0_lamp,14,237,21.9,-1.1287144422531128,0.07992245447555522
COHFACE_s29_session0_lamp,14,238,21.933333333333334,-1.1591373682022095,0.052656344735182846
COHFACE_s29_session0_lamp,14,239,21.966666666666665,-1.1756197214126587,0.029085599045544093
COHFACE_s29_session0_lamp,15,0,15.0,-0.3396746516227722,-0.2593379882494197
COHFACE_s29_session0_lamp,15,1,15.033333333333333,-0.4423535466194153,0.09599916863397788
COHFACE_s29_session0_lamp,15,2,15.066666666666666,-0.503404974937439,0.39949001401579604
COHFACE_s29_session0_lamp,15,3,15.1,-0.5472603440284729,0.6085045616707333
COHFACE_s29_session0_lamp,15,4,15.133333333333333,-0.5924621820449829,0.7035089855393144
COHFACE_s29_session0_lamp,15,5,15.166666666666666,-0.6440125107765198,0.6902643982208014
COHFACE_s29_session0_lamp,15,6,15.2,-0.6998348832130432,0.5940958502175698
COHFACE_s29_session0_lamp,15,7,15.233333333333333,-0.7606753706932068,0.44942169002369864
COHFACE_s29_session0_lamp,15,8,15.266666666666667,-0.8233329057693481,0.2888820105217468
COHFACE_s29_session0_lamp,15,9,15.3,-0.8770354390144348,0.13565552861809443
COHFACE_s29_session0_lamp,15,10,15.333333333333334,-0.9124712347984314,0.0016233783773415443
COHFACE_s29_session0_lamp,15,11,15.366666666666667,-0.9453059434890747,-0.10819214270075601
COHFACE_s29_session0_lamp,15,12,15.4,-0.9786706566810608,-0.188401196445605
COHFACE_s29_session0_lamp,15,13,15.433333333333334,-1.0074442625045776,-0.22864633704785078
COHFACE_s29_session0_lamp,15,14,15.466666666666667,-0.9234594106674194,-0.21438267878496756
COHFACE_s29_session0_lamp,15,15,15.5,-0.2547488212585449,-0.1318080174438071
COHFACE_s29_session0_lamp,15,16,15.533333333333333,0.967442512512207,0.025665059563577716
COHFACE_s29_session0_lamp,15,17,15.566666666666666,1.8761030435562134,0.2515729800907522
COHFACE_s29_session0_lamp,15,18,15.6,2.0317275524139404,0.5232845823116752
COHFACE_s29_session0_lamp,15,19,15.633333333333333,1.8044203519821167,0.8035186056620949
COHFACE_s29_session0_lamp,15,20,15.666666666666666,1.6197303533554077,1.0470254726799886
COHFACE_s29_session0_lamp,15,21,15.7,1.58388352394104,1.2107236016169298
COHFACE_s29_session0_lamp,15,22,15.733333333333333,1.5830345153808594,1.2637894171664812
COHFACE_s29_session0_lamp,15,23,15.766666666666667,1.4459257125854492,1.1941414431030453
COHFACE_s29_session0_lamp,15,24,15.8,1.1415390968322754,1.009651360407169
COHFACE_s29_session0_lamp,15,25,15.833333333333334,0.8502604961395264,0.7347381736440773
COHFACE_s29_session0_lamp,15,26,15.866666666666667,0.6723569631576538,0.4041772164589647
COHFACE_s29_session0_lamp,15,27,15.9,0.5273963212966919,0.05600629340684984
COHFACE_s29_session0_lamp,15,28,15.933333333333334,0.34743788838386536,-0.2749323312793591
COHFACE_s29_session0_lamp,15,29,15.966666666666667,0.13699159026145935,-0.5617178434994273
COHFACE_s29_session0_lamp,15,30,16.0,-0.07686688750982285,-0.7877708617721335
COHFACE_s29_session0_lamp,15,31,16.033333333333335,-0.25015777349472046,-0.9469290718844905
COHFACE_s29_session0_lamp,15,32,16.066666666666666,-0.38993799686431885,-1.041622582102893
COHFACE_s29_session0_lamp,15,33,16.1,-0.4958992600440979,-1.080000988195091
COHFACE_s29_session0_lamp,15,34,16.133333333333333,-0.5726272463798523,-1.073118897208222
COHFACE_s29_session0_lamp,15,35,16.166666666666668,-0.6374694108963013,-1.0331907521735662
COHFACE_s29_session0_lamp,15,36,16.2,-0.6982936859130859,-0.9733228222050241
COHFACE_s29_session0_lamp,15,37,16.233333333333334,-0.7595776319503784,-0.9080846003802656
COHFACE_s29_session0_lamp,15,38,16.266666666666666,-0.8236411213874817,-0.8532823663852275
COHFACE_s29_session0_lamp,15,39,16.3,-0.8860552310943604,-0.8232843474586552
COHFACE_s29_session0_lamp,15,40,16.333333333333332,-0.9488371014595032,-0.8257258523139318
COHFACE_s29_session0_lamp,15,41,16.366666666666667,-0.9998466968536377,-0.8557029628358572
COHFACE_s29_session0_lamp,15,42,16.4,-1.0363423824310303,-0.8931192015581716
COHFACE_s29_session0_lamp,15,43,16.433333333333334,-1.061601161956787,-0.9060432919695031
COHFACE_s29_session0_lamp,15,44,16.466666666666665,-1.0740817785263062,-0.859646880262259
COHFACE_s29_session0_lamp,15,45,16.5,-1.0847833156585693,-0.7270000050686778
COHFACE_s29_session0_lamp,15,46,16.533333333333335,-1.1089011430740356,-0.49718836287330453
COHFACE_s29_session0_lamp,15,47,16.566666666666666,-1.0991674661636353,-0.17775166444731955
COHFACE_s29_session0_lamp,15,48,16.6,-0.706129252910614,0.20895986557422563
COHFACE_s29_session0_lamp,15,49,16.633333333333333,0.4072185456752777,0.6328991873238201
COHFACE_s29_session0_lamp,15,50,16.666666666666668,1.5901238918304443,1.0620634630062018
COHFACE_s29_session0_lamp,15,51,16.7,2.0559804439544678,1.4632736554336185
COHFACE_s29_session0_lamp,15,52,16.733333333333334,1.9191256761550903,1.7995932195893942
COHFACE_s29_session0_lamp,15,53,16.766666666666666,1.6898881196975708,2.0303667062883397
COHFACE_s29_session0_lamp,15,54,16.8,1.6164425611495972,2.118746260517465
COHFACE_s29_session0_lamp,15,55,16.833333333333332,1.6333574056625366,2.045654664284687
COHFACE_s29_session0_lamp,15,56,16.866666666666667,1.568526029586792,1.8227712639698437
COHFACE_s29_session0_lamp,15,57,16.9,1.3090060949325562,1.4952342278784498
COHFACE_s29_session0_lamp,15,58,16.933333333333334,0.9808154106140137,1.129507554676108
COHFACE_s29_session0_lamp,15,59,16.966666666666665,0.7529134750366211,0.7903799520455683
COHFACE_s29_session0_lamp,15,60,17.0,0.6005120277404785,0.5179388171330067
COHFACE_s29_session0_lamp,15,61,17.033333333333335,0.4390096366405487,0.3161377585558676
COHFACE_s29_session0_lamp,15,62,17.066666666666666,0.24415335059165955,0.15830654077330011
COHFACE_s29_session0_lamp,15,63,17.1,0.03218211606144905,0.005592468017815232
COHFACE_s29_session0_lamp,15,64,17.133333333333333,-0.15606071054935455,-0.17232401136059922
COHFACE_s29_session0_lamp,15,65,17.166666666666668,-0.3177739977836609,-0.3848611994074695
COHFACE_s29_session0_lamp,15,66,17.2,-0.44348371028900146,-0.6206360644001107
COHFACE_s29_session0_lamp,15,67,17.233333333333334,-0.530956506729126,-0.8564541440495963
COHFACE_s29_session0_lamp,15,68,17.266666666666666,-0.5995028614997864,-1.0681409473912666
COHFACE_s29_session0_lamp,15,69,17.3,-0.6601703763008118,-1.2376720312759013
COHFACE_s29_session0_lamp,15,70,17.333333333333332,-0.7165550589561462,-1.3550756944608537
COHFACE_s29_session0_lamp,15,71,17.366666666666667,-0.7774713039398193,-1.4170554192064753
COHFACE_s29_session0_lamp,15,72,17.4,-0.8430975079536438,-1.4252163245519986
COHFACE_s29_session0_lamp,15,73,17.433333333333334,-0.9030241966247559,-1.3853875673516236
COHFACE_s29_session0_lamp,15,74,17.466666666666665,-0.9620153307914734,-1.3074411087669882
COHFACE_s29_session0_lamp,15,75,17.5,-1.0065898895263672,-1.2039927315983276
COHFACE_s29_session0_lamp,15,76,17.533333333333335,-1.038483738899231,-1.0872291051775442
COHFACE_s29_session0_lamp,15,77,17.566666666666666,-1.0564098358154297,-0.9649293718199167
COHFACE_s29_session0_lamp,15,78,17.6,-1.0686579942703247,-0.837904772356819
COHFACE_s29_session0_lamp,15,79,17.633333333333333,-1.0744926929473877,-0.7004536056825533
COHFACE_s29_session0_lamp,15,80,17.666666666666668,-1.082782506942749,-0.5433089616886475
COHFACE_s29_session0_lamp,15,81,17.7,-1.110431432723999,-0.3569570790258019
COHFACE_s29_session0_lamp,15,82,17.733333333333334,-1.0209362506866455,-0.13373024758159466
COHFACE_s29_session0_lamp,15,83,17.766666666666666,-0.3190177381038666,0.13104745834424025
COHFACE_s29_session0_lamp,15,84,17.8,0.9774789214134216,0.43728383417876965
COHFACE_s29_session0_lamp,15,85,17.833333333333332,1.9431569576263428,0.7767806993217661
COHFACE_s29_session0_lamp,15,86,17.866666666666667,2.1104941368103027,1.1297148672267938
COHFACE_s29_session0_lamp,15,87,17.9,1.8676509857177734,1.4639261356203401
COHFACE_s29_session0_lamp,15,88,17.933333333333334,1.6802842617034912,1.7390381333923428
COHFACE_s29_session0_lamp,15,89,17.966666666666665,1.6595138311386108,1.9149388361720043
COHFACE_s29_session0_lamp,15,90,18.0,1.6648834943771362,1.9620842004001522
COHFACE_s29_session0_lamp,15,91,18.033333333333335,1.510145902633667,1.8700789700343627
COHFACE_s29_session0_lamp,15,92,18.066666666666666,1.1866868734359741,1.651089440418084
COHFACE_s29_session0_lamp,15,93,18.1,0.8961383104324341,1.33631590115153
COHFACE_s29_session0_lamp,15,94,18.133333333333333,0.7065976858139038,0.9668140221170027
COHFACE_s29_session0_lamp,15,95,18.166666666666668,0.5527632236480713,0.5826870626196397
COHFACE_s29_session0_lamp,15,96,18.2,0.3757789433002472,0.21523214634764826
COHFACE_s29_session0_lamp,15,97,18.233333333333334,0.16155275702476501,-0.11543763270479766
COHFACE_s29_session0_lamp,15,98,18.266666666666666,-0.05286269262433052,-0.3982351126103992
COHFACE_s29_session0_lamp,15,99,18.3,-0.23158279061317444,-0.6276210183041605
COHFACE_s29_session0_lamp,15,100,18.333333333333332,-0.3691999614238739,-0.8014622081715207
COHFACE_s29_session0_lamp,15,101,18.366666666666667,-0.47309014201164246,-0.9206981160150511
COHFACE_s29_session0_lamp,15,102,18.4,-0.5471467971801758,-0.9896506195333932
COHFACE_s29_session0_lamp,15,103,18.433333333333334,-0.606916606426239,-1.0156249397291464
COHFACE_s29_session0_lamp,15,104,18.466666666666665,-0.6553954482078552,-1.0073914598634863
COHFACE_s29_session0_lamp,15,105,18.5,-0.7053343653678894,-0.973214114790454
COHFACE_s29_session0_lamp,15,106,18.533333333333335,-0.7667534947395325,-0.9194329358979918
COHFACE_s29_session0_lamp,15,107,18.566666666666666,-0.832590639591217,-0.8502011772053218
COHFACE_s29_session0_lamp,15,108,18.6,-0.8875153064727783,-0.7682946716302012
COHFACE_s29_session0_lamp,15,109,18.633333333333333,-0.9338851571083069,-0.6763746996702867
COHFACE_s29_session0_lamp,15,110,18.666666666666668,-0.9758749604225159,-0.5779225546199732
COHFACE_s29_session0_lamp,15,111,18.7,-1.0006524324417114,-0.4772502967009339
COHFACE_s29_session0_lamp,15,112,18.733333333333334,-1.007395625114441,-0.378430347016541
COHFACE_s29_session0_lamp,15,113,18.766666666666666,-1.0131818056106567,-0.28368178868423843
COHFACE_s29_session0_lamp,15,114,18.8,-1.031232237815857,-0.19242000254286107
COHFACE_s29_session0_lamp,15,115,18.833333333333332,-1.0539331436157227,-0.10198069817233908
COHFACE_s29_session0_lamp,15,116,18.866666666666667,-0.9698346853256226,-0.009659561946888093
COHFACE_s29_session0_lamp,15,117,18.9,-0.32377639412879944,0.08572034119182116
COHFACE_s29_session0_lamp,15,118,18.933333333333334,0.8869562745094299,0.18451296692391198
COHFACE_s29_session0_lamp,15,119,18.966666666666665,1.7925777435302734,0.2890317821632481
COHFACE_s29_session0_lamp,15,120,19.0,1.9363703727722168,0.40543492678693854
COHFACE_s29_session0_lamp,15,121,19.033333333333335,1.6528517007827759,0.5413614663901082
COHFACE_s29_session0_lamp,15,122,19.066666666666666,1.3860909938812256,0.6994324485625423
COHFACE_s29_session0_lamp,15,123,19.1,1.3025332689285278,0.8706506303815189
COHFACE_s29_session0_lamp,15,124,19.133333333333333,1.2865592241287231,1.032226725636549
COHFACE_s29_session0_lamp,15,125,19.166666666666668,1.1291017532348633,1.151596842781277
COHFACE_s29_session0_lamp,15,126,19.2,0.8921961784362793,1.194908965200926
COHFACE_s29_session0_lamp,15,127,19.233333333333334,0.736236572265625,1.1363610107634718
COHFACE_s29_session0_lamp,15,128,19.266666666666666,0.6323517560958862,0.9652882492110197
COHFACE_s29_session0_lamp,15,129,19.3,0.4947237968444824,0.6894893209699142
COHFACE_s29_session0_lamp,15,130,19.333333333333332,0.3006353974342346,0.33440123004622574
COHFACE_s29_session0_lamp,15,131,19.366666666666667,0.0822778195142746,-0.06144738834694276
COHFACE_s29_session0_lamp,15,132,19.4,-0.12391272187232971,-0.45328091135347964
COHFACE_s29_session0_lamp,15,133,19.433333333333334,-0.2941321134567261,-0.797378505300085
COHFACE_s29_session0_lamp,15,134,19.466666666666665,-0.4190523326396942,-1.0576508205957182
COHFACE_s29_session0_lamp,15,135,19.5,-0.502144992351532,-1.2108687066223098
COHFACE_s29_session0_lamp,15,136,19.533333333333335,-0.5580971240997314,-1.2494903424380488
COHFACE_s29_session0_lamp,15,137,19.566666666666666,-0.6017469763755798,-1.180814943767316
COHFACE_s29_session0_lamp,15,138,19.6,-0.6468190550804138,-1.0224370972204198
COHFACE_s29_session0_lamp,15,139,19.633333333333333,-0.7089412212371826,-0.795888313857681
COHFACE_s29_session0_lamp,15,140,19.666666666666668,-0.7765790224075317,-0.5214265662622387
COHFACE_s29_session0_lamp,15,141,19.7,-0.8322932124137878,-0.21660538541791594
COHFACE_s29_session0_lamp,15,142,19.733333333333334,-0.8859416842460632,0.10049100961170752
COHFACE_s29_session0_lamp,15,143,19.766666666666666,-0.9472526907920837,0.4056029805675282
COHFACE_s29_session0_lamp,15,144,19.8,-1.0043836832046509,0.66563991137358
COHFACE_s29_session0_lamp,15,145,19.833333333333332,-1.0532572269439697,0.8440090165488884
COHFACE_s29_session0_lamp,15,146,19.866666666666667,-0.9747880101203918,0.9134550195556819
COHFACE_s29_session0_lamp,15,147,19.9,-0.30774837732315063,0.869398405167652
COHFACE_s29_session0_lamp,15,148,19.933333333333334,0.8502551317214966,0.7346564653986932
COHFACE_s29_session0_lamp,15,149,19.966666666666665,1.645032286643982,0.5510813132125092
COHFACE_s29_session0_lamp,15,150,20.0,1.7405624389648438,0.362528085380256
COHFACE_s29_session0_lamp,15,151,20.033333333333335,1.5087887048721313,0.19948227893338338
COHFACE_s29_session0_lamp,15,152,20.066666666666666,1.343225121498108,0.07345232840025029
COHFACE_s29_session0_lamp,15,153,20.1,1.3159818649291992,-0.01834367284783025
COHFACE_s29_session0_lamp,15,154,20.133333333333333,1.2949788570404053,-0.08400570705786382
COHFACE_s29_session0_lamp,15,155,20.166666666666668,1.1171780824661255,-0.130869587919917
COHFACE_s29_session0_lamp,15,156,20.2,0.8244988918304443,-0.16511253469712872
COHFACE_s29_session0_lamp,15,157,20.233333333333334,0.5918977856636047,-0.19437387910289886
COHFACE_s29_session0_lamp,15,158,20.266666666666666,0.45024654269218445,-0.22885305753215227
COHFACE_s29_session0_lamp,15,159,20.3,0.3134513199329376,-0.2786464172175141
COHFACE_s29_session0_lamp,15,160,20.333333333333332,0.13924653828144073,-0.3490079877653987
COHFACE_s29_session0_lamp,15,161,20.366666666666667,-0.06643027812242508,-0.43736107879488645
COHFACE_s29_session0_lamp,15,162,20.4,-0.26472577452659607,-0.5344306642019819
COHFACE_s29_session0_lamp,15,163,20.433333333333334,-0.4210206866264343,-0.6283885016407417
COHFACE_s29_session0_lamp,15,164,20.466666666666665,-0.5436102151870728,-0.7084362032112578
COHFACE_s29_session0_lamp,15,165,20.5,-0.6371989846229553,-0.7647921688458993
COHFACE_s29_session0_lamp,15,166,20.533333333333335,-0.6986451745033264,-0.7854491659901116
COHFACE_s29_session0_lamp,15,167,20.566666666666666,-0.7516826391220093,-0.7537424637881738
COHFACE_s29_session0_lamp,15,168,20.6,-0.807634711265564,-0.6515397225641515
COHFACE_s29_session0_lamp,15,169,20.633333333333333,-0.8678858280181885,-0.4691112657654888
COHFACE_s29_session0_lamp,15,170,20.666666666666668,-0.9270175695419312,-0.21622638499006017
COHFACE_s29_session0_lamp,15,171,20.7,-0.9848514795303345,0.07457730056629971
COHFACE_s29_session0_lamp,15,172,20.733333333333334,-1.039267897605896,0.35793329417587627
COHFACE_s29_session0_lamp,15,173,20.766666666666666,-1.0757310390472412,0.5950563676353648
COHFACE_s29_session0_lamp,15,174,20.8,-1.0997244119644165,0.7706481698112344
COHFACE_s29_session0_lamp,15,175,20.833333333333332,-1.1251507997512817,0.8953397074616812
COHFACE_s29_session0_lamp,15,176,20.866666666666667,-1.1465107202529907,0.9917955907147664
COHFACE_s29_session0_lamp,15,177,20.9,-1.1732295751571655,1.0744539626249228
COHFACE_s29_session0_lamp,15,178,20.933333333333334,-1.0868436098098755,1.1368051675016408
COHFACE_s29_session0_lamp,15,179,20.966666666666665,-0.41783562302589417,1.1543250942599
COHFACE_s29_session0_lamp,15,180,21.0,0.7756360769271851,1.100396067886439
COHFACE_s29_session0_lamp,15,181,21.033333333333335,1.656593680381775,0.9642436860580345
COHFACE_s29_session0_lamp,15,182,21.066666666666666,1.8259587287902832,0.7594942349107497
COHFACE_s29_session0_lamp,15,183,21.1,1.6356825828552246,0.5187485965013627
COHFACE_s29_session0_lamp,15,184,21.133333333333333,1.493409514427185,0.278596244813402
COHFACE_s29_session0_lamp,15,185,21.166666666666668,1.50179123878479,0.06471101575917385
COHFACE_s29_session0_lamp,15,186,21.2,1.5298457145690918,-0.11506499447110877
COHFACE_s29_session0_lamp,15,187,21.233333333333334,1.3869940042495728,-0.26782951746504785
COHFACE_s29_session0_lamp,15,188,21.266666666666666,1.0651140213012695,-0.40666919580071137
COHFACE_s29_session0_lamp,15,189,21.3,0.7695688009262085,-0.541510855304631
COHFACE_s29_session0_lamp,15,190,21.333333333333332,0.5836674571037292,-0.6740040797050103
COHFACE_s29_session0_lamp,15,191,21.366666666666667,0.4373765289783478,-0.7973411214438811
COHFACE_s29_session0_lamp,15,192,21.4,0.26950401067733765,-0.899418029568851
COHFACE_s29_session0_lamp,15,193,21.433333333333334,0.0687318667769432,-0.9670989804519096
COHFACE_s29_session0_lamp,15,194,21.466666666666665,-0.1328243911266327,-0.9901294847232345
COHFACE_s29_session0_lamp,15,195,21.5,-0.30317357182502747,-0.9641262176240902
COHFACE_s29_session0_lamp,15,196,21.533333333333335,-0.4419696033000946,-0.892122419340057
COHFACE_s29_session0_lamp,15,197,21.566666666666666,-0.5533925294876099,-0.7838993301995131
COHFACE_s29_session0_lamp,15,198,21.6,-0.632575511932373,-0.6527847762788743
COHFACE_s29_session0_lamp,15,199,21.633333333333333,-0.699537456035614,-0.5110035040762864
COHFACE_s29_session0_lamp,15,200,21.666666666666668,-0.7628167867660522,-0.3661722926593619
COHFACE_s29_session0_lamp,15,201,21.7,-0.8281726241111755,-0.2213246420494098
COHFACE_s29_session0_lamp,15,202,21.733333333333334,-0.8947884440422058,-0.0782837513052827
COHFACE_s29_session0_lamp,15,203,21.766666666666666,-0.9596306085586548,0.05846494890190142
COHFACE_s29_session0_lamp,15,204,21.8,-1.0223422050476074,0.18054615855083628
COHFACE_s29_session0_lamp,15,205,21.833333333333332,-1.0684254169464111,0.2782766615169997
COHFACE_s29_session0_lamp,15,206,21.866666666666667,-1.098280668258667,0.34562782712813506
COHFACE_s29_session0_lamp,15,207,21.9,-1.1287144422531128,0.3845731270109658
COHFACE_s29_session0_lamp,15,208,21.933333333333334,-1.1591373682022095,0.40613273534801864
COHFACE_s29_session0_lamp,15,209,21.966666666666665,-1.1756197214126587,0.4271959115672217
COHFACE_s29_session0_lamp,15,210,22.0,-1.1863374710083008,0.46430592140881094
COHFACE_s29_session0_lamp,15,211,22.033333333333335,-1.1866943836212158,0.5269560119686042
COHFACE_s29_session0_lamp,15,212,22.066666666666666,-1.1888574361801147,0.6130183138646091
COHFACE_s29_session0_lamp,15,213,22.1,-1.2102822065353394,0.7079654879672642
COHFACE_s29_session0_lamp,15,214,22.133333333333333,-1.2132508754730225,0.7881602012808978
COHFACE_s29_session0_lamp,15,215,22.166666666666668,-0.8976004123687744,0.8271330192163191
COHFACE_s29_session0_lamp,15,216,22.2,0.12538154423236847,0.8028088697728538
COHFACE_s29_session0_lamp,15,217,22.233333333333334,1.336644172668457,0.7034666298804084
COHFACE_s29_session0_lamp,15,218,22.266666666666666,1.9307032823562622,0.5309105077611095
COHFACE_s29_session0_lamp,15,219,22.3,1.8930882215499878,0.3004128526295376
COHFACE_s29_session0_lamp,15,220,22.333333333333332,1.698815941810608,0.0378740647313108
COHFACE_s29_session0_lamp,15,221,22.366666666666667,1.6322218179702759,-0.22487089002398813
COHFACE_s29_session0_lamp,15,222,22.4,1.673270583152771,-0.45553469659487406
COHFACE_s29_session0_lamp,15,223,22.433333333333334,1.6507102251052856,-0.6266917635174227
COHFACE_s29_session0_lamp,15,224,22.466666666666665,1.4215213060379028,-0.720180008396483
COHFACE_s29_session0_lamp,15,225,22.5,1.0961155891418457,-0.7299996399334795
COHFACE_s29_session0_lamp,15,226,22.533333333333335,0.8581393361091614,-0.6631548222395826
COHFACE_s29_session0_lamp,15,227,22.566666666666666,0.6982754468917847,-0.5379307365606113
COHFACE_s29_session0_lamp,15,228,22.6,0.53351229429245,-0.3794790524072185
COHFACE_s29_session0_lamp,15,229,22.633333333333333,0.33659571409225464,-0.2137237486277581
COHFACE_s29_session0_lamp,15,230,22.666666666666668,0.12156379222869873,-0.06203313603815357
COHFACE_s29_session0_lamp,15,231,22.7,-0.08022498339414597,0.06111480239043467
COHFACE_s29_session0_lamp,15,232,22.733333333333334,-0.23866130411624908,0.1477710236967557
COHFACE_s29_session0_lamp,15,233,22.766666666666666,-0.3627108931541443,0.19566869317381846
COHFACE_s29_session0_lamp,15,234,22.8,-0.4669092893600464,0.20800344668212675
COHFACE_s29_session0_lamp,15,235,22.833333333333332,-0.552300214767456,0.1928329827301171
COHFACE_s29_session0_lamp,15,236,22.866666666666667,-0.6233448386192322,0.1608228091501308
COHFACE_s29_session0_lamp,15,237,22.9,-0.6895171999931335,0.12155139855695478
COHFACE_s29_session0_lamp,15,238,22.933333333333334,-0.7559870481491089,0.08011951310991478
COHFACE_s29_session0_lamp,15,239,22.966666666666665,-0.8259609341621399,0.036113026270780633
COHFACE_s29_session0_lamp,16,0,16.0,-0.07686688750982285,-0.12132648018260456
COHFACE_s29_session0_lamp,16,1,16.033333333333335,-0.25015777349472046,-0.1382308648774748
COHFACE_s29_session0_lamp,16,2,16.066666666666666,-0.38993799686431885,-0.16444160891870838
COHFACE_s29_session0_lamp,16,3,16.1,-0.4958992600440979,-0.20530975977338195
COHFACE_s29_session0_lamp,16,4,16.133333333333333,-0.5726272463798523,-0.2605114620258578
COHFACE_s29_session0_lamp,16,5,16.166666666666668,-0.6374694108963013,-0.3234411515815232
COHFACE_s29_session0_lamp,16,6,16.2,-0.6982936859130859,-0.38383122850652684
COHFACE_s29_session0_lamp,16,7,16.233333333333334,-0.7595776319503784,-0.43339732581468704
COHFACE_s29_session0_lamp,16,8,16.266666666666666,-0.8236411213874817,-0.47173267971787025
COHFACE_s29_session0_lamp,16,9,16.3,-0.8860552310943604,-0.5080443454159117
COHFACE_s29_session0_lamp,16,10,16.333333333333332,-0.9488371014595032,-0.555594532307515
COHFACE_s29_session0_lamp,16,11,16.366666666666667,-0.9998466968536377,-0.620272969919935
COHFACE_s29_session0_lamp,16,12,16.4,-1.0363423824310303,-0.6902119641790955
COHFACE_s29_session0_lamp,16,13,16.433333333333334,-1.061601161956787,-0.7345517845345759
COHFACE_s29_session0_lamp,16,14,16.466666666666665,-1.0740817785263062,-0.7138312391089124
COHFACE_s29_session0_lamp,16,15,16.5,-1.0847833156585693,-0.5967255670170554
COHFACE_s29_session0_lamp,16,16,16.533333333333335,-1.1089011430740356,-0.374191504032475
COHFACE_s29_session0_lamp,16,17,16.566666666666666,-1.0991674661636353,-0.0639062832549037
COHFACE_s29_session0_lamp,16,18,16.6,-0.706129252910614,0.2967285749778077
COHFACE_s29_session0_lamp,16,19,16.633333333333333,0.4072185456752777,0.6644303578377954
COHFACE_s29_session0_lamp,16,20,16.666666666666668,1.5901238918304443,1.0021155669922097
COHFACE_s29_session0_lamp,16,21,16.7,2.0559804439544678,1.2824160910929154
COHFACE_s29_session0_lamp,16,22,16.733333333333334,1.9191256761550903,1.4833342893113406
COHFACE_s29_session0_lamp,16,23,16.766666666666666,1.6898881196975708,1.5834767029720278
COHFACE_s29_session0_lamp,16,24,16.8,1.6164425611495972,1.5641325114864217
COHFACE_s29_session0_lamp,16,25,16.833333333333332,1.6333574056625366,1.419124181507219
COHFACE_s29_session0_lamp,16,26,16.866666666666667,1.568526029586792,1.1659985067046554
COHFACE_s29_session0_lamp,16,27,16.9,1.3090060949325562,0.8491368541136532
COHFACE_s29_session0_lamp,16,28,16.933333333333334,0.9808154106140137,0.5292677637788301
COHFACE_s29_session0_lamp,16,29,16.966666666666665,0.7529134750366211,0.2622477344486507
COHFACE_s29_session0_lamp,16,30,17.0,0.6005120277404785,0.07750109716513208
COHFACE_s29_session0_lamp,16,31,17.033333333333335,0.4390096366405487,-0.03199739663896266
COHFACE_s29_session0_lamp,16,32,17.066666666666666,0.24415335059165955,-0.10252917481618389
COHFACE_s29_session0_lamp,16,33,17.1,0.03218211606144905,-0.17950646981033896
COHFACE_s29_session0_lamp,16,34,17.133333333333333,-0.15606071054935455,-0.29593584099726855
COHFACE_s29_session0_lamp,16,35,17.166666666666668,-0.3177739977836609,-0.46071905260034673
COHFACE_s29_session0_lamp,16,36,17.2,-0.44348371028900146,-0.6603637663755096
COHFACE_s29_session0_lamp,16,37,17.233333333333334,-0.530956506729126,-0.869141474683778
COHFACE_s29_session0_lamp,16,38,17.266666666666666,-0.5995028614997864,-1.0598189119505086
COHFACE_s29_session0_lamp,16,39,17.3,-0.6601703763008118,-1.2098670749431004
COHFACE_s29_session0_lamp,16,40,17.333333333333332,-0.7165550589561462,-1.3028283631471194
COHFACE_s29_session0_lamp,16,41,17.366666666666667,-0.7774713039398193,-1.327881933393608
COHFACE_s29_session0_lamp,16,42,17.4,-0.8430975079536438,-1.2807844148010044
COHFACE_s29_session0_lamp,16,43,17.433333333333334,-0.9030241966247559,-1.1667056183203373
COHFACE_s29_session0_lamp,16,44,17.466666666666665,-0.9620153307914734,-1.0022493279427307
COHFACE_s29_session0_lamp,16,45,17.5,-1.0065898895263672,-0.8130754813955465
COHFACE_s29_session0_lamp,16,46,17.533333333333335,-1.038483738899231,-0.6262745021756031
COHFACE_s29_session0_lamp,16,47,17.566666666666666,-1.0564098358154297,-0.4608166131099498
COHFACE_s29_session0_lamp,16,48,17.6,-1.0686579942703247,-0.3215600908132443
COHFACE_s29_session0_lamp,16,49,17.633333333333333,-1.0744926929473877,-0.20039784101121058
COHFACE_s29_session0_lamp,16,50,17.666666666666668,-1.082782506942749,-0.08305629655631977
COHFACE_s29_session0_lamp,16,51,17.7,-1.110431432723999,0.04385904562728871
COHFACE_s29_session0_lamp,16,52,17.733333333333334,-1.0209362506866455,0.19015401732735707
COHFACE_s29_session0_lamp,16,53,17.766666666666666,-0.3190177381038666,0.36366048088496394
COHFACE_s29_session0_lamp,16,54,17.8,0.9774789214134216,0.5717220725756154
COHFACE_s29_session0_lamp,16,55,17.833333333333332,1.9431569576263428,0.8179124454827901
COHFACE_s29_session0_lamp,16,56,17.866666666666667,2.1104941368103027,1.0942452900107182
COHFACE_s29_session0_lamp,16,57,17.9,1.8676509857177734,1.3744885626432206
COHFACE_s29_session0_lamp,16,58,17.933333333333334,1.6802842617034912,1.614946911399277
COHFACE_s29_session0_lamp,16,59,17.966666666666665,1.6595138311386108,1.7649480297697762
COHFACE_s29_session0_lamp,16,60,18.0,1.6648834943771362,1.783365730597239
COHFACE_s29_session0_lamp,16,61,18.033333333333335,1.510145902633667,1.6536654096491996
COHFACE_s29_session0_lamp,16,62,18.066666666666666,1.1866868734359741,1.3905030767134368
COHFACE_s29_session0_lamp,16,63,18.1,0.8961383104324341,1.0350327855220094
COHFACE_s29_session0_lamp,16,64,18.133333333333333,0.7065976858139038,0.6412376101988091
COHFACE_s29_session0_lamp,16,65,18.166666666666668,0.5527632236480713,0.2594655428649195
COHFACE_s29_session0_lamp,16,66,18.2,0.3757789433002472,-0.07572804792895355
COHFACE_s29_session0_lamp,16,67,18.233333333333334,0.16155275702476501,-0.34907579865122756
COHFACE_s29_session0_lamp,16,68,18.266666666666666,-0.05286269262433052,-0.5602580065558688
COHFACE_s29_session0_lamp,16,69,18.3,-0.23158279061317444,-0.7165928898795336
COHFACE_s29_session0_lamp,16,70,18.333333333333332,-0.3691999614238739,-0.827684807094466
COHFACE_s29_session0_lamp,16,71,18.366666666666667,-0.47309014201164246,-0.9037606785209638
COHFACE_s29_session0_lamp,16,72,18.4,-0.5471467971801758,-0.9558247388126239
COHFACE_s29_session0_lamp,16,73,18.433333333333334,-0.606916606426239,-0.9945516421688261
COHFACE_s29_session0_lamp,16,74,18.466666666666665,-0.6553954482078552,-1.026853086564859
COHFACE_s29_session0_lamp,16,75,18.5,-0.7053343653678894,-1.0520596522734955
COHFACE_s29_session0_lamp,16,76,18.533333333333335,-0.7667534947395325,-1.0608175450887456
COHFACE_s29_session0_lamp,16,77,18.566666666666666,-0.832590639591217,-1.0383418498913242
COHFACE_s29_session0_lamp,16,78,18.6,-0.8875153064727783,-0.9707696067810293
COHFACE_s29_session0_lamp,16,79,18.633333333333333,-0.9338851571083069,-0.8512614538690112
COHFACE_s29_session0_lamp,16,80,18.666666666666668,-0.9758749604225159,-0.682818518921153
COHFACE_s29_session0_lamp,16,81,18.7,-1.0006524324417114,-0.4770296536099424
COHFACE_s29_session0_lamp,16,82,18.733333333333334,-1.007395625114441,-0.2504448577192916
COHFACE_s29_session0_lamp,16,83,18.766666666666666,-1.0131818056106567,-0.021375320038750586
COHFACE_s29_session0_lamp,16,84,18.8,-1.031232237815857,0.19111204220351896
COHFACE_s29_session0_lamp,16,85,18.833333333333332,-1.0539331436157227,0.36686281136125337
COHFACE_s29_session0_lamp,16,86,18.866666666666667,-0.9698346853256226,0.48620561753229274
COHFACE_s29_session0_lamp,16,87,18.9,-0.32377639412879944,0.5362035691726481
COHFACE_s29_session0_lamp,16,88,18.933333333333334,0.8869562745094299,0.5202336530987656
COHFACE_s29_session0_lamp,16,89,18.966666666666665,1.7925777435302734,0.46458991070664335
COHFACE_s29_session0_lamp,16,90,19.0,1.9363703727722168,0.41442359865562944
COHFACE_s29_session0_lamp,16,91,19.033333333333335,1.6528517007827759,0.4165680669960555
COHFACE_s29_session0_lamp,16,92,19.066666666666666,1.3860909938812256,0.49675256104242305
COHFACE_s29_session0_lamp,16,93,19.1,1.3025332689285278,0.6448503274512343
COHFACE_s29_session0_lamp,16,94,19.133333333333333,1.2865592241287231,0.8175867976638675
COHFACE_s29_session0_lamp,16,95,19.166666666666668,1.1291017532348633,0.957006828997723
COHFACE_s29_session0_lamp,16,96,19.2,0.8921961784362793,1.0134644046409227
COHFACE_s29_session0_lamp,16,97,19.233333333333334,0.736236572265625,0.9606235791206647
COHFACE_s29_session0_lamp,16,98,19.266666666666666,0.6323517560958862,0.7975730553470535
COHFACE_s29_session0_lamp,16,99,19.3,0.4947237968444824,0.5423291831688251
COHFACE_s29_session0_lamp,16,100,19.333333333333332,0.3006353974342346,0.2241408534851163
COHFACE_s29_session0_lamp,16,101,19.366666666666667,0.0822778195142746,-0.12109336120619749
COHFACE_s29_session0_lamp,16,102,19.4,-0.12391272187232971,-0.45305697394279265
COHFACE_s29_session0_lamp,16,103,19.433333333333334,-0.2941321134567261,-0.7305451385099571
COHFACE_s29_session0_lamp,16,104,19.466666666666665,-0.4190523326396942,-0.9186937575569433
COHFACE_s29_session0_lamp,16,105,19.5,-0.502144992351532,-0.9983180552457316
COHFACE_s29_session0_lamp,16,106,19.533333333333335,-0.5580971240997314,-0.9723090271090108
COHFACE_s29_session0_lamp,16,107,19.566666666666666,-0.6017469763755798,-0.8641013529134617
COHFACE_s29_session0_lamp,16,108,19.6,-0.6468190550804138,-0.7074911812991971
COHFACE_s29_session0_lamp,16,109,19.633333333333333,-0.7089412212371826,-0.5326957060962384
COHFACE_s29_session0_lamp,16,110,19.666666666666668,-0.7765790224075317,-0.3564886721984714
COHFACE_s29_session0_lamp,16,111,19.7,-0.8322932124137878,-0.18216061516983217
COHFACE_s29_session0_lamp,16,112,19.733333333333334,-0.8859416842460632,-0.00867114568462675
COHFACE_s29_session0_lamp,16,113,19.766666666666666,-0.9472526907920837,0.1581559582001927
COHFACE_s29_session0_lamp,16,114,19.8,-1.0043836832046509,0.301472591779875
COHFACE_s29_session0_lamp,16,115,19.833333333333332,-1.0532572269439697,0.4005679611563774
COHFACE_s29_session0_lamp,16,116,19.866666666666667,-0.9747880101203918,0.44456618634673783
COHFACE_s29_session0_lamp,16,117,19.9,-0.30774837732315063,0.44181432795978054
COHFACE_s29_session0_lamp,16,118,19.933333333333334,0.8502551317214966,0.41669766213688675
COHFACE_s29_session0_lamp,16,119,19.966666666666665,1.645032286643982,0.394834691204574
COHFACE_s29_session0_lamp,16,120,20.0,1.7405624389648438,0.3866399582057682
COHFACE_s29_session0_lamp,16,121,20.033333333333335,1.5087887048721313,0.3811400258959208
COHFACE_s29_session0_lamp,16,122,20.066666666666666,1.343225121498108,0.3545298758359431
COHFACE_s29_session0_lamp,16,123,20.1,1.3159818649291992,0.2870897952002527
COHFACE_s29_session0_lamp,16,124,20.133333333333333,1.2949788570404053,0.17613564854079147
COHFACE_s29_session0_lamp,16,125,20.166666666666668,1.1171780824661255,0.036198821928272465
COHFACE_s29_session0_lamp,16,126,20.2,0.8244988918304443,-0.11165310047688305
COHFACE_s29_session0_lamp,16,127,20.233333333333334,0.5918977856636047,-0.251049528732198
COHFACE_s29_session0_lamp,16,128,20.266666666666666,0.45024654269218445,-0.37331511517550797
COHFACE_s29_session0_lamp,16,129,20.3,0.3134513199329376,-0.47215818832389644
COHFACE_s29_session0_lamp,16,130,20.333333333333332,0.13924653828144073,-0.5377546894701857
COHFACE_s29_session0_lamp,16,131,20.366666666666667,-0.06643027812242508,-0.5582074420275104
COHFACE_s29_session0_lamp,16,132,20.4,-0.26472577452659607,-0.5286229438472204
COHFACE_s29_session0_lamp,16,133,20.433333333333334,-0.4210206866264343,-0.45995518283147274
COHFACE_s29_session0_lamp,16,134,20.466666666666665,-0.5436102151870728,-0.37902410894791944
COHFACE_s29_session0_lamp,16,135,20.5,-0.6371989846229553,-0.31737673832058455
COHFACE_s29_session0_lamp,16,136,20.533333333333335,-0.6986451745033264,-0.29465879771445114
COHFACE_s29_session0_lamp,16,137,20.566666666666666,-0.7516826391220093,-0.30671311024262554
COHFACE_s29_session0_lamp,16,138,20.6,-0.807634711265564,-0.32670087739581605
COHFACE_s29_session0_lamp,16,139,20.633333333333333,-0.8678858280181885,-0.31964434335252595
COHFACE_s29_session0_lamp,16,140,20.666666666666668,-0.9270175695419312,-0.2613361279861062
COHFACE_s29_session0_lamp,16,141,20.7,-0.9848514795303345,-0.14889937638826312
COHFACE_s29_session0_lamp,16,142,20.733333333333334,-1.039267897605896,0.003599485517837686
COHFACE_s29_session0_lamp,16,143,20.766666666666666,-1.0757310390472412,0.17970489719043162
COHFACE_s29_session0_lamp,16,144,20.8,-1.0997244119644165,0.37249044243105583
COHFACE_s29_session0_lamp,16,145,20.833333333333332,-1.1251507997512817,0.5830849114280315
COHFACE_s29_session0_lamp,16,146,20.866666666666667,-1.1465107202529907,0.8067785397665176
COHFACE_s29_session0_lamp,16,147,20.9,-1.1732295751571655,1.0190827046739657
COHFACE_s29_session0_lamp,16,148,20.933333333333334,-1.0868436098098755,1.1751900923346095
COHFACE_s29_session0_lamp,16,149,20.966666666666665,-0.41783562302589417,1.2267074127251347
COHFACE_s29_session0_lamp,16,150,21.0,0.7756360769271851,1.1464904168710075
COHFACE_s29_session0_lamp,16,151,21.033333333333335,1.656593680381775,0.945589971099041
COHFACE_s29_session0_lamp,16,152,21.066666666666666,1.8259587287902832,0.6710991234583186
COHFACE_s29_session0_lamp,16,153,21.1,1.6356825828552246,0.38593166528157796
COHFACE_s29_session0_lamp,16,154,21.133333333333333,1.493409514427185,0.14248816165712253
COHFACE_s29_session0_lamp,16,155,21.166666666666668,1.50179123878479,-0.03510305664349197
COHFACE_s29_session0_lamp,16,156,21.2,1.5298457145690918,-0.15234218181598339
COHFACE_s29_session0_lamp,16,157,21.233333333333334,1.3869940042495728,-0.23227018736157556
COHFACE_s29_session0_lamp,16,158,21.266666666666666,1.0651140213012695,-0.29994217802095124
COHFACE_s29_session0_lamp,16,159,21.3,0.7695688009262085,-0.37278339082165884
COHFACE_s29_session0_lamp,16,160,21.333333333333332,0.5836674571037292,-0.45917246421417474
COHFACE_s29_session0_lamp,16,161,21.366666666666667,0.4373765289783478,-0.5609043066152433
COHFACE_s29_session0_lamp,16,162,21.4,0.26950401067733765,-0.6743518795169
COHFACE_s29_session0_lamp,16,163,21.433333333333334,0.0687318667769432,-0.7891135348481534
COHFACE_s29_session0_lamp,16,164,21.466666666666665,-0.1328243911266327,-0.887118322160016
COHFACE_s29_session0_lamp,16,165,21.5,-0.30317357182502747,-0.9459223163243389
COHFACE_s29_session0_lamp,16,166,21.533333333333335,-0.4419696033000946,-0.9465813548594944
COHFACE_s29_session0_lamp,16,167,21.566666666666666,-0.5533925294876099,-0.8821258967621184
COHFACE_s29_session0_lamp,16,168,21.6,-0.632575511932373,-0.7611804633265838
COHFACE_s29_session0_lamp,16,169,21.633333333333333,-0.699537456035614,-0.6040416576200369
COHFACE_s29_session0_lamp,16,170,21.666666666666668,-0.7628167867660522,-0.4338056691030559
COHFACE_s29_session0_lamp,16,171,21.7,-0.8281726241111755,-0.26861754759008555
COHFACE_s29_session0_lamp,16,172,21.733333333333334,-0.8947884440422058,-0.1196857566618527
COHFACE_s29_session0_lamp,16,173,21.766666666666666,-0.9596306085586548,0.0052559717773687335
COHFACE_s29_session0_lamp,16,174,21.8,-1.0223422050476074,0.09791171951676134
COHFACE_s29_session0_lamp,16,175,21.833333333333332,-1.0684254169464111,0.1502301558170775
COHFACE_s29_session0_lamp,16,176,21.866666666666667,-1.098280668258667,0.16116109782709678
COHFACE_s29_session0_lamp,16,177,21.9,-1.1287144422531128,0.14458010816350947
COHFACE_s29_session0_lamp,16,178,21.933333333333334,-1.1591373682022095,0.13081719193402472
COHFACE_s29_session0_lamp,16,179,21.966666666666665,-1.1756197214126587,0.157314622941879
COHFACE_s29_session0_lamp,16,180,22.0,-1.1863374710083008,0.25162817682267363
COHFACE_s29_session0_lamp,16,181,22.033333333333335,-1.1866943836212158,0.41634852439447956
COHFACE_s29_session0_lamp,16,182,22.066666666666666,-1.1888574361801147,0.6252190363588891
COHFACE_s29_session0_lamp,16,183,22.1,-1.2102822065353394,0.8331041421427575
COHFACE_s29_session0_lamp,16,184,22.133333333333333,-1.2132508754730225,0.9940522343546507
COHFACE_s29_session0_lamp,16,185,22.166666666666668,-0.8976004123687744,1.0772113269190224
COHFACE_s29_session0_lamp,16,186,22.2,0.12538154423236847,1.0728656314352767
COHFACE_s29_session0_lamp,16,187,22.233333333333334,1.336644172668457,0.987946105534341
COHFACE_s29_session0_lamp,16,188,22.266666666666666,1.9307032823562622,0.836859304075447
COHFACE_s29_session0_lamp,16,189,22.3,1.8930882215499878,0.6351529189323815
COHFACE_s29_session0_lamp,16,190,22.333333333333332,1.698815941810608,0.3995181644906068
COHFACE_s29_session0_lamp,16,191,22.366666666666667,1.6322218179702759,0.15154243872657064
COHFACE_s29_session0_lamp,16,192,22.4,1.673270583152771,-0.0807015505322366
COHFACE_s29_session0_lamp,16,193,22.433333333333334,1.6507102251052856,-0.26738321447463115
COHFACE_s29_session0_lamp,16,194,22.466666666666665,1.4215213060379028,-0.3865879832048953
COHFACE_s29_session0_lamp,16,195,22.5,1.0961155891418457,-0.4330295354488002
COHFACE_s29_session0_lamp,16,196,22.533333333333335,0.8581393361091614,-0.42018913331987884
COHFACE_s29_session0_lamp,16,197,22.566666666666666,0.6982754468917847,-0.37440289036797086
COHFACE_s29_session0_lamp,16,198,22.6,0.53351229429245,-0.3239939613255195
COHFACE_s29_session0_lamp,16,199,22.633333333333333,0.33659571409225464,-0.28908966051828566
COHFACE_s29_session0_lamp,16,200,22.666666666666668,0.12156379222869873,-0.27713547127560767
COHFACE_s29_session0_lamp,16,201,22.7,-0.08022498339414597,-0.28546005983799966
COHFACE_s29_session0_lamp,16,202,22.733333333333334,-0.23866130411624908,-0.3075549345309304
COHFACE_s29_session0_lamp,16,203,22.766666666666666,-0.3627108931541443,-0.33779143897754277
COHFACE_s29_session0_lamp,16,204,22.8,-0.4669092893600464,-0.3719776384218356
COHFACE_s29_session0_lamp,16,205,22.833333333333332,-0.552300214767456,-0.40543806606928334
COHFACE_s29_session0_lamp,16,206,22.866666666666667,-0.6233448386192322,-0.43209478672587925
COHFACE_s29_session0_lamp,16,207,22.9,-0.6895171999931335,-0.4464023352018709
COHFACE_s29_session0_lamp,16,208,22.933333333333334,-0.7559870481491089,-0.4467209859781377
COHFACE_s29_session0_lamp,16,209,22.966666666666665,-0.8259609341621399,-0.4367920765853092
COHFACE_s29_session0_lamp,16,210,23.0,-0.891976535320282,-0.42324234139406786
COHFACE_s29_session0_lamp,16,211,23.033333333333335,-0.9501078724861145,-0.4102774421532645
COHFACE_s29_session0_lamp,16,212,23.066666666666666,-1.0023449659347534,-0.3952474065011091
COHFACE_s29_session0_lamp,16,213,23.1,-1.0470656156539917,-0.3685801842057944
COHFACE_s29_session0_lamp,16,214,23.133333333333333,-1.0752822160720825,-0.31857015143589723
COHFACE_s29_session0_lamp,16,215,23.166666666666668,-1.091948390007019,-0.2379459619463347
COHFACE_s29_session0_lamp,16,216,23.2,-1.1043479442596436,-0.12778013452966602
COHFACE_s29_session0_lamp,16,217,23.233333333333334,-1.1106747388839722,0.0037190531020027204
COHFACE_s29_session0_lamp,16,218,23.266666666666666,-1.1098636388778687,0.14591774840350363
COHFACE_s29_session0_lamp,16,219,23.3,-1.1107559204101562,0.28967844995684744
COHFACE_s29_session0_lamp,16,220,23.333333333333332,-1.1263405084609985,0.4274255088491926
COHFACE_s29_session0_lamp,16,221,23.366666666666667,-1.1106152534484863,0.5500256501232862
COHFACE_s29_session0_lamp,16,222,23.4,-0.687262237071991,0.6442041650579231
COHFACE_s29_session0_lamp,16,223,23.433333333333334,0.4340454638004303,0.6942833314747352
COHFACE_s29_session0_lamp,16,224,23.466666666666665,1.5807255506515503,0.6888633958974881
COHFACE_s29_session0_lamp,16,225,23.5,2.0398712158203125,0.6288325243162054
COHFACE_s29_session0_lamp,16,226,23.533333333333335,1.9067802429199219,0.5308390836827298
COHFACE_s29_session0_lamp,16,227,23.566666666666666,1.6518782377243042,0.4221346777837152
COHFACE_s29_session0_lamp,16,228,23.6,1.5407960414886475,0.32805953315355546
COHFACE_s29_session0_lamp,16,229,23.633333333333333,1.5508054494857788,0.25885687611213615
COHFACE_s29_session0_lamp,16,230,23.666666666666668,1.4863256216049194,0.20404867959771453
COHFACE_s29_session0_lamp,16,231,23.7,1.250701665878296,0.13889199700947424
COHFACE_s29_session0_lamp,16,232,23.733333333333334,1.0027917623519897,0.04025153420532876
COHFACE_s29_session0_lamp,16,233,23.766666666666666,0.8460264205932617,-0.09692185907754228
COHFACE_s29_session0_lamp,16,234,23.8,0.7214847207069397,-0.25226845638334083
COHFACE_s29_session0_lamp,16,235,23.833333333333332,0.5603067874908447,-0.38656917588929124
COHFACE_s29_session0_lamp,16,236,23.866666666666667,0.3535051643848419,-0.4587197096923883
COHFACE_s29_session0_lamp,16,237,23.9,0.13511516153812408,-0.4439921446813951
COHFACE_s29_session0_lamp,16,238,23.933333333333334,-0.056431688368320465,-0.3449683800623852
COHFACE_s29_session0_lamp,16,239,23.966666666666665,-0.207118958234787,-0.19128057881864513
COHFACE_s29_session0_lamp,17,0,17.0,0.6005120277404785,0.04793433663625026
COHFACE_s29_session0_lamp,17,1,17.033333333333335,0.4390096366405487,0.4531280640707602
COHFACE_s29_session0_lamp,17,2,17.066666666666666,0.24415335059165955,0.786026619243142
COHFACE_s29_session0_lamp,17,3,17.1,0.03218211606144905,0.9965466608603771
COHFACE_s29_session0_lamp,17,4,17.133333333333333,-0.15606071054935455,1.0675832275930341
COHFACE_s29_session0_lamp,17,5,17.166666666666668,-0.3177739977836609,1.0165925696118212
COHFACE_s29_session0_lamp,17,6,17.2,-0.44348371028900146,0.8843576843209686
COHFACE_s29_session0_lamp,17,7,17.233333333333334,-0.530956506729126,0.7162652080434342
COHFACE_s29_session0_lamp,17,8,17.266666666666666,-0.5995028614997864,0.5453291068792688
COHFACE_s29_session0_lamp,17,9,17.3,-0.6601703763008118,0.38500389534174895
COHFACE_s29_session0_lamp,17,10,17.333333333333332,-0.7165550589561462,0.2340225856848009
COHFACE_s29_session0_lamp,17,11,17.366666666666667,-0.7774713039398193,0.08823181261715131
COHFACE_s29_session0_lamp,17,12,17.4,-0.8430975079536438,-0.04990320120838121
COHFACE_s29_session0_lamp,17,13,17.433333333333334,-0.9030241966247559,-0.17103279539366734
COHFACE_s29_session0_lamp,17,14,17.466666666666665,-0.9620153307914734,-0.2664873484347473
COHFACE_s29_session0_lamp,17,15,17.5,-1.0065898895263672,-0.3356590973122036
COHFACE_s29_session0_lamp,17,16,17.533333333333335,-1.038483738899231,-0.3865634427441078
COHFACE_s29_session0_lamp,17,17,17.566666666666666,-1.0564098358154297,-0.4296052203234608
COHFACE_s29_session0_lamp,17,18,17.6,-1.0686579942703247,-0.46997052805609196
COHFACE_s29_session0_lamp,17,19,17.633333333333333,-1.0744926929473877,-0.5043361644891907
COHFACE_s29_session0_lamp,17,20,17.666666666666668,-1.082782506942749,-0.5231561256941146
COHFACE_s29_session0_lamp,17,21,17.7,-1.110431432723999,-0.5152031154677168
COHFACE_s29_session0_lamp,17,22,17.733333333333334,-1.0209362506866455,-0.47047655598996657
COHFACE_s29_session0_lamp,17,23,17.766666666666666,-0.3190177381038666,-0.38051179994286766
COHFACE_s29_session0_lamp,17,24,17.8,0.9774789214134216,-0.23833150469452838
COHFACE_s29_session0_lamp,17,25,17.833333333333332,1.9431569576263428,-0.0409332572982717
COHFACE_s29_session0_lamp,17,26,17.866666666666667,2.1104941368103027,0.20536362244504613
COHFACE_s29_session0_lamp,17,27,17.9,1.8676509857177734,0.47977173543524443
COHFACE_s29_session0_lamp,17,28,17.933333333333334,1.6802842617034912,0.7463782881120073
COHFACE_s29_session0_lamp,17,29,17.966666666666665,1.6595138311386108,0.9605637501808534
COHFACE_s29_session0_lamp,17,30,18.0,1.6648834943771362,1.0814570418642346
COHFACE_s29_session0_lamp,17,31,18.033333333333335,1.510145902633667,1.0855960599249488
COHFACE_s29_session0_lamp,17,32,18.066666666666666,1.1866868734359741,0.9751493218376835
COHFACE_s29_session0_lamp,17,33,18.1,0.8961383104324341,0.7761868449181468
COHFACE_s29_session0_lamp,17,34,18.133333333333333,0.7065976858139038,0.5281085487862712
COHFACE_s29_session0_lamp,17,35,18.166666666666668,0.5527632236480713,0.2701649474857373
COHFACE_s29_session0_lamp,17,36,18.2,0.3757789433002472,0.031296686601146144
COHFACE_s29_session0_lamp,17,37,18.233333333333334,0.16155275702476501,-0.17375892858354833
COHFACE_s29_session0_lamp,17,38,18.266666666666666,-0.05286269262433052,-0.3428196073684296
COHFACE_s29_session0_lamp,17,39,18.3,-0.23158279061317444,-0.48174440307115374
COHFACE_s29_session0_lamp,17,40,18.333333333333332,-0.3691999614238739,-0.5995219539773448
COHFACE_s29_session0_lamp,17,41,18.366666666666667,-0.47309014201164246,-0.704208270091605
COHFACE_s29_session0_lamp,17,42,18.4,-0.5471467971801758,-0.8001144878461222
COHFACE_s29_session0_lamp,17,43,18.433333333333334,-0.606916606426239,-0.8864222297626723
COHFACE_s29_session0_lamp,17,44,18.466666666666665,-0.6553954482078552,-0.9573701662415953
COHFACE_s29_session0_lamp,17,45,18.5,-0.7053343653678894,-1.0039327370145608
COHFACE_s29_session0_lamp,17,46,18.533333333333335,-0.7667534947395325,-1.0164424036831134
COHFACE_s29_session0_lamp,17,47,18.566666666666666,-0.832590639591217,-0.9872632120457335
COHFACE_s29_session0_lamp,17,48,18.6,-0.8875153064727783,-0.9127324385541679
COHFACE_s29_session0_lamp,17,49,18.633333333333333,-0.9338851571083069,-0.7939603730115388
COHFACE_s29_session0_lamp,17,50,18.666666666666668,-0.9758749604225159,-0.636385692990664
COHFACE_s29_session0_lamp,17,51,18.7,-1.0006524324417114,-0.4481704500357416
COHFACE_s29_session0_lamp,17,52,18.733333333333334,-1.007395625114441,-0.23777821824643913
COHFACE_s29_session0_lamp,17,53,18.766666666666666,-1.0131818056106567,-0.0117073436972816
COHFACE_s29_session0_lamp,17,54,18.8,-1.031232237815857,0.22596625785883406
COHFACE_s29_session0_lamp,17,55,18.833333333333332,-1.0539331436157227,0.4711964176752458
COHFACE_s29_session0_lamp,17,56,18.866666666666667,-0.9698346853256226,0.7160220162799685
COHFACE_s29_session0_lamp,17,57,18.9,-0.32377639412879944,0.9463236325694069
COHFACE_s29_session0_lamp,17,58,18.933333333333334,0.8869562745094299,1.143871420008807
COHFACE_s29_session0_lamp,17,59,18.966666666666665,1.7925777435302734,1.2921248231033657
COHFACE_s29_session0_lamp,17,60,19.0,1.9363703727722168,1.3819310048540572
COHFACE_s29_session0_lamp,17,61,19.033333333333335,1.6528517007827759,1.4130560302611404
COHFACE_s29_session0_lamp,17,62,19.066666666666666,1.3860909938812256,1.3911779311433434
COHFACE_s29_session0_lamp,17,63,19.1,1.3025332689285278,1.3233965897393363
COHFACE_s29_session0_lamp,17,64,19.133333333333333,1.2865592241287231,1.2148350071826788
COHFACE_s29_session0_lamp,17,65,19.166666666666668,1.1291017532348633,1.0666872837169876
COHFACE_s29_session0_lamp,17,66,19.2,0.8921961784362793,0.8755361424597027
COHFACE_s29_session0_lamp,17,67,19.233333333333334,0.736236572265625,0.6345791038834963
COHFACE_s29_session0_lamp,17,68,19.266666666666666,0.6323517560958862,0.33753973089083367
COHFACE_s29_session0_lamp,17,69,19.3,0.4947237968444824,-0.0153886081698844
COHFACE_s29_session0_lamp,17,70,19.333333333333332,0.3006353974342346,-0.41234893731549027
COHFACE_s29_session0_lamp,17,71,19.366666666666667,0.0822778195142746,-0.8285249522006688
COHFACE_s29_session0_lamp,17,72,19.4,-0.12391272187232971,-1.2294167707269066
COHFACE_s29_session0_lamp,17,73,19.433333333333334,-0.2941321134567261,-1.576807075525135
COHFACE_s29_session0_lamp,17,74,19.466666666666665,-0.4190523326396942,-1.8354694239210019
COHFACE_s29_session0_lamp,17,75,19.5,-0.502144992351532,-1.9795478257013661
COHFACE_s29_session0_lamp,17,76,19.533333333333335,-0.5580971240997314,-1.9972129369006926
COHFACE_s29_session0_lamp,17,77,19.566666666666666,-0.6017469763755798,-1.8916467789365126
COHFACE_s29_session0_lamp,17,78,19.6,-0.6468190550804138,-1.6774250005023221
COHFACE_s29_session0_lamp,17,79,19.633333333333333,-0.7089412212371826,-1.3738709151790696
COHFACE_s29_session0_lamp,17,80,19.666666666666668,-0.7765790224075317,-0.9993113637042759
COHFACE_s29_session0_lamp,17,81,19.7,-0.8322932124137878,-0.5701722806871079
COHFACE_s29_session0_lamp,17,82,19.733333333333334,-0.8859416842460632,-0.10563752526060784
COHFACE_s29_session0_lamp,17,83,19.766666666666666,-0.9472526907920837,0.3659482923913762
COHFACE_s29_session0_lamp,17,84,19.8,-1.0043836832046509,0.8053394304289493
COHFACE_s29_session0_lamp,17,85,19.833333333333332,-1.0532572269439697,1.1696480186683125
COHFACE_s29_session0_lamp,17,86,19.866666666666667,-0.9747880101203918,1.4265096489013982
COHFACE_s29_session0_lamp,17,87,19.9,-0.30774837732315063,1.566900029941958
COHFACE_s29_session0_lamp,17,88,19.933333333333334,0.8502551317214966,1.607550924683704
COHFACE_s29_session0_lamp,17,89,19.966666666666665,1.645032286643982,1.5799083545408155
COHFACE_s29_session0_lamp,17,90,20.0,1.7405624389648438,1.5119924623045244
COHFACE_s29_session0_lamp,17,91,20.033333333333335,1.5087887048721313,1.4148743474224479
COHFACE_s29_session0_lamp,17,92,20.066666666666666,1.343225121498108,1.2818533256604376
COHFACE_s29_session0_lamp,17,93,20.1,1.3159818649291992,1.0991872204248256
COHFACE_s29_session0_lamp,17,94,20.133333333333333,1.2949788570404053,0.8596671320963114
COHFACE_s29_session0_lamp,17,95,20.166666666666668,1.1171780824661255,0.5697066184630025
COHFACE_s29_session0_lamp,17,96,20.2,0.8244988918304443,0.2470472634214141
COHFACE_s29_session0_lamp,17,97,20.233333333333334,0.5918977856636047,-0.08655236372234286
COHFACE_s29_session0_lamp,17,98,20.266666666666666,0.45024654269218445,-0.41135352787205015
COHFACE_s29_session0_lamp,17,99,20.3,0.3134513199329376,-0.711397545405852
COHFACE_s29_session0_lamp,17,100,20.333333333333332,0.13924653828144073,-0.9735017974636956
COHFACE_s29_session0_lamp,17,101,20.366666666666667,-0.06643027812242508,-1.1868273721127542
COHFACE_s29_session0_lamp,17,102,20.4,-0.26472577452659607,-1.3442652541375806
COHFACE_s29_session0_lamp,17,103,20.433333333333334,-0.4210206866264343,-1.4438448546446327
COHFACE_s29_session0_lamp,17,104,20.466666666666665,-0.5436102151870728,-1.4877982492558512
COHFACE_s29_session0_lamp,17,105,20.5,-0.6371989846229553,-1.4788564278784335
COHFACE_s29_session0_lamp,17,106,20.533333333333335,-0.6986451745033264,-1.4158753876660815
COHFACE_s29_session0_lamp,17,107,20.566666666666666,-0.7516826391220093,-1.2922681682404713
COHFACE_s29_session0_lamp,17,108,20.6,-0.807634711265564,-1.0998496246355463
COHFACE_s29_session0_lamp,17,109,20.633333333333333,-0.8678858280181885,-0.8373017527637088
COHFACE_s29_session0_lamp,17,110,20.666666666666668,-0.9270175695419312,-0.518112491898057
COHFACE_s29_session0_lamp,17,111,20.7,-0.9848514795303345,-0.17128201695510778
COHFACE_s29_session0_lamp,17,112,20.733333333333334,-1.039267897605896,0.16814257340448455
COHFACE_s29_session0_lamp,17,113,20.766666666666666,-1.0757310390472412,0.47430697075818024
COHFACE_s29_session0_lamp,17,114,20.8,-1.0997244119644165,0.7412687480053546
COHFACE_s29_session0_lamp,17,115,20.833333333333332,-1.1251507997512817,0.9803229837440788
COHFACE_s29_session0_lamp,17,116,20.866666666666667,-1.1465107202529907,1.2047272529170903
COHFACE_s29_session0_lamp,17,117,20.9,-1.1732295751571655,1.4124888112122995
COHFACE_s29_session0_lamp,17,118,20.933333333333334,-1.0868436098098755,1.5793929740446564
COHFACE_s29_session0_lamp,17,119,20.966666666666665,-0.41783562302589417,1.6672385704799786
COHFACE_s29_session0_lamp,17,120,21.0,0.7756360769271851,1.6420047236911974
COHFACE_s29_session0_lamp,17,121,21.033333333333335,1.656593680381775,1.4908072682070097
COHFACE_s29_session0_lamp,17,122,21.066666666666666,1.8259587287902832,1.2288296942473194
COHFACE_s29_session0_lamp,17,123,21.1,1.6356825828552246,0.8942977106774533
COHFACE_s29_session0_lamp,17,124,21.133333333333333,1.493409514427185,0.535253649588533
COHFACE_s29_session0_lamp,17,125,21.166666666666668,1.50179123878479,0.1944474089584088
COHFACE_s29_session0_lamp,17,126,21.2,1.5298457145690918,-0.10151167599576211
COHFACE_s29_session0_lamp,17,127,21.233333333333334,1.3869940042495728,-0.3451791368469847
COHFACE_s29_session0_lamp,17,128,21.266666666666666,1.0651140213012695,-0.5439046362733724
COHFACE_s29_session0_lamp,17,129,21.3,0.7695688009262085,-0.711556994664591
COHFACE_s29_session0_lamp,17,130,21.333333333333332,0.5836674571037292,-0.8602965255534045
COHFACE_s29_session0_lamp,17,131,21.366666666666667,0.4373765289783478,-0.9949540797526356
COHFACE_s29_session0_lamp,17,132,21.4,0.26950401067733765,-1.1109815130501988
COHFACE_s29_session0_lamp,17,133,21.433333333333334,0.0687318667769432,-1.195906528339651
COHFACE_s29_session0_lamp,17,134,21.466666666666665,-0.1328243911266327,-1.2336572594476742
COHFACE_s29_session0_lamp,17,135,21.5,-0.30317357182502747,-1.2104818972822635
COHFACE_s29_session0_lamp,17,136,21.533333333333335,-0.4419696033000946,-1.1203261825147204
COHFACE_s29_session0_lamp,17,137,21.566666666666666,-0.5533925294876099,-0.9673079262839849
COHFACE_s29_session0_lamp,17,138,21.6,-0.632575511932373,-0.7641290308463913
COHFACE_s29_session0_lamp,17,139,21.633333333333333,-0.699537456035614,-0.5274802611400634
COHFACE_s29_session0_lamp,17,140,21.666666666666668,-0.7628167867660522,-0.2734071508853607
COHFACE_s29_session0_lamp,17,141,21.7,-0.8281726241111755,-0.01566095639472652
COHFACE_s29_session0_lamp,17,142,21.733333333333334,-0.8947884440422058,0.23222764005287783
COHFACE_s29_session0_lamp,17,143,21.766666666666666,-0.9596306085586548,0.453505333045207
COHFACE_s29_session0_lamp,17,144,21.8,-1.0223422050476074,0.6273312865155027
COHFACE_s29_session0_lamp,17,145,21.833333333333332,-1.0684254169464111,0.7330463831234361
COHFACE_s29_session0_lamp,17,146,21.866666666666667,-1.098280668258667,0.7582884729187334
COHFACE_s29_session0_lamp,17,147,21.9,-1.1287144422531128,0.7063928101121293
COHFACE_s29_session0_lamp,17,148,21.933333333333334,-1.1591373682022095,0.5984804720039325
COHFACE_s29_session0_lamp,17,149,21.966666666666665,-1.1756197214126587,0.46842054077620976
COHFACE_s29_session0_lamp,17,150,22.0,-1.1863374710083008,0.352380202749027
COHFACE_s29_session0_lamp,17,151,22.033333333333335,-1.1866943836212158,0.2772112038004511
COHFACE_s29_session0_lamp,17,152,22.066666666666666,-1.1888574361801147,0.25245105108930754
COHFACE_s29_session0_lamp,17,153,22.1,-1.2102822065353394,0.269081342701138
COHFACE_s29_session0_lamp,17,154,22.133333333333333,-1.2132508754730225,0.30512427386452756
COHFACE_s29_session0_lamp,17,155,22.166666666666668,-0.8976004123687744,0.33513634958585004
COHFACE_s29_session0_lamp,17,156,22.2,0.12538154423236847,0.3391891406912611
COHFACE_s29_session0_lamp,17,157,22.233333333333334,1.336644172668457,0.30786847991127747
COHFACE_s29_session0_lamp,17,158,22.266666666666666,1.9307032823562622,0.24262111438785983
COHFACE_s29_session0_lamp,17,159,22.3,1.8930882215499878,0.1531865992487706
COHFACE_s29_session0_lamp,17,160,22.333333333333332,1.698815941810608,0.05414647928499307
COHFACE_s29_session0_lamp,17,161,22.366666666666667,1.6322218179702759,-0.03843385195263095
COHFACE_s29_session0_lamp,17,162,22.4,1.673270583152771,-0.1101067007234886
COHFACE_s29_session0_lamp,17,163,22.433333333333334,1.6507102251052856,-0.15081066541324087
COHFACE_s29_session0_lamp,17,164,22.466666666666665,1.4215213060379028,-0.15692933903631615
COHFACE_s29_session0_lamp,17,165,22.5,1.0961155891418457,-0.13206324088460916
COHFACE_s29_session0_lamp,17,166,22.533333333333335,0.8581393361091614,-0.08612641015037284
COHFACE_s29_session0_lamp,17,167,22.566666666666666,0.6982754468917847,-0.032781902699987334
COHFACE_s29_session0_lamp,17,168,22.6,0.53351229429245,0.014308170836039403
COHFACE_s29_session0_lamp,17,169,22.633333333333333,0.33659571409225464,0.04511497262352837
COHFACE_s29_session0_lamp,17,170,22.666666666666668,0.12156379222869873,0.054608421166798836
COHFACE_s29_session0_lamp,17,171,22.7,-0.08022498339414597,0.040650275590851256
COHFACE_s29_session0_lamp,17,172,22.733333333333334,-0.23866130411624908,0.00033739132133959104
COHFACE_s29_session0_lamp,17,173,22.766666666666666,-0.3627108931541443,-0.0713087183230388
COHFACE_s29_session0_lamp,17,174,22.8,-0.4669092893600464,-0.17834940051116283
COHFACE_s29_session0_lamp,17,175,22.833333333333332,-0.552300214767456,-0.3185736484823027
COHFACE_s29_session0_lamp,17,176,22.866666666666667,-0.6233448386192322,-0.4799317653068099
COHFACE_s29_session0_lamp,17,177,22.9,-0.6895171999931335,-0.6418176152291359
COHFACE_s29_session0_lamp,17,178,22.933333333333334,-0.7559870481491089,-0.7807586441277695
COHFACE_s29_session0_lamp,17,179,22.966666666666665,-0.8259609341621399,-0.8770861055858605
COHFACE_s29_session0_lamp,17,180,23.0,-0.891976535320282,-0.9190539585686387
COHFACE_s29_session0_lamp,17,181,23.033333333333335,-0.9501078724861145,-0.9031262402562023
COHFACE_s29_session0_lamp,17,182,23.066666666666666,-1.0023449659347534,-0.8316691130218178
COHFACE_s29_session0_lamp,17,183,23.1,-1.0470656156539917,-0.710314905874618
COHFACE_s29_session0_lamp,17,184,23.133333333333333,-1.0752822160720825,-0.5463850927540644
COHFACE_s29_session0_lamp,17,185,23.166666666666668,-1.091948390007019,-0.34830554225044663
COHFACE_s29_session0_lamp,17,186,23.2,-1.1043479442596436,-0.12540515883193992
COHFACE_s29_session0_lamp,17,187,23.233333333333334,-1.1106747388839722,0.1121411106416467
COHFACE_s29_session0_lamp,17,188,23.266666666666666,-1.1098636388778687,0.353046405551041
COHFACE_s29_session0_lamp,17,189,23.3,-1.1107559204101562,0.5844279023422959
COHFACE_s29_session0_lamp,17,190,23.333333333333332,-1.1263405084609985,0.792065978059714
COHFACE_s29_session0_lamp,17,191,23.366666666666667,-1.1106152534484863,0.9624267538965907
COHFACE_s29_session0_lamp,17,192,23.4,-0.687262237071991,1.085990444167752
COHFACE_s29_session0_lamp,17,193,23.433333333333334,0.4340454638004303,1.1599357128462808
COHFACE_s29_session0_lamp,17,194,23.466666666666665,1.5807255506515503,1.1884062954543577
COHFACE_s29_session0_lamp,17,195,23.5,2.0398712158203125,1.180087928430019
COHFACE_s29_session0_lamp,17,196,23.533333333333335,1.9067802429199219,1.1443083453517466
COHFACE_s29_session0_lamp,17,197,23.566666666666666,1.6518782377243042,1.0874084186554411
COHFACE_s29_session0_lamp,17,198,23.6,1.5407960414886475,1.0106271734327337
COHFACE_s29_session0_lamp,17,199,23.633333333333333,1.5508054494857788,0.9100354933160151
COHFACE_s29_session0_lamp,17,200,23.666666666666668,1.4863256216049194,0.7787270457068589
COHFACE_s29_session0_lamp,17,201,23.7,1.250701665878296,0.610838832711579
COHFACE_s29_session0_lamp,17,202,23.733333333333334,1.0027917623519897,0.40564381137928773
COHFACE_s29_session0_lamp,17,203,23.766666666666666,0.8460264205932617,0.16931058097269755
COHFACE_s29_session0_lamp,17,204,23.8,0.7214847207069397,-0.08680360814816927
COHFACE_s29_session0_lamp,17,205,23.833333333333332,0.5603067874908447,-0.3500792784781867
COHFACE_s29_session0_lamp,17,206,23.866666666666667,0.3535051643848419,-0.6098912880603954
COHFACE_s29_session0_lamp,17,207,23.9,0.13511516153812408,-0.8578546233440838
COHFACE_s29_session0_lamp,17,208,23.933333333333334,-0.056431688368320465,-1.0853367682728048
COHFACE_s29_session0_lamp,17,209,23.966666666666665,-0.207118958234787,-1.2809292449922394
COHFACE_s29_session0_lamp,17,210,24.0,-0.31761178374290466,-1.430584656746801
COHFACE_s29_session0_lamp,17,211,24.033333333333335,-0.39916330575942993,-1.5208229128094555
COHFACE_s29_session0_lamp,17,212,24.066666666666666,-0.4651680588722229,-1.5426827151423712
COHFACE_s29_session0_lamp,17,213,24.1,-0.5299669504165649,-1.4934553118347234
COHFACE_s29_session0_lamp,17,214,24.133333333333333,-0.600124716758728,-1.3755255614247193
COHFACE_s29_session0_lamp,17,215,24.166666666666668,-0.6777827739715576,-1.1943891057082983
COHFACE_s29_session0_lamp,17,216,24.2,-0.7425005435943604,-0.9582974562387082
COHFACE_s29_session0_lamp,17,217,24.233333333333334,-0.7977334260940552,-0.6799410255575131
COHFACE_s29_session0_lamp,17,218,24.266666666666666,-0.8543398976325989,-0.37801263601293894
COHFACE_s29_session0_lamp,17,219,24.3,-0.8995850086212158,-0.07569385049490646
COHFACE_s29_session0_lamp,17,220,24.333333333333332,-0.9374812245368958,0.20486061241039488
COHFACE_s29_session0_lamp,17,221,24.366666666666667,-0.971062183380127,0.4494227360741795
COHFACE_s29_session0_lamp,17,222,24.4,-1.0067683458328247,0.655051173035325
COHFACE_s29_session0_lamp,17,223,24.433333333333334,-1.011618971824646,0.8265212018207918
COHFACE_s29_session0_lamp,17,224,24.466666666666665,-0.6319536566734314,0.9676487045710522
COHFACE_s29_session0_lamp,17,225,24.5,0.4433951675891876,1.0737238238952542
COHFACE_s29_session0_lamp,17,226,24.533333333333335,1.560831069946289,1.130663704871774
COHFACE_s29_session0_lamp,17,227,24.566666666666666,1.9624402523040771,1.1216307150944518
COHFACE_s29_session0_lamp,17,228,24.6,1.7638744115829468,1.0365893736701697
COHFACE_s29_session0_lamp,17,229,24.633333333333333,1.4701570272445679,0.8785508255717379
COHFACE_s29_session0_lamp,17,230,24.666666666666668,1.3345081806182861,0.6633770501478724
COHFACE_s29_session0_lamp,17,231,24.7,1.3228764533996582,0.4148783928218569
COHFACE_s29_session0_lamp,17,232,24.733333333333334,1.2343599796295166,0.1594303174257792
COHFACE_s29_session0_lamp,17,233,24.766666666666666,0.9744723439216614,-0.07689995401050788
COHFACE_s29_session0_lamp,17,234,24.8,0.7132273316383362,-0.26918029890610795
COHFACE_s29_session0_lamp,17,235,24.833333333333332,0.5557103157043457,-0.39515254328722405
COHFACE_s29_session0_lamp,17,236,24.866666666666667,0.42531225085258484,-0.4391916981051739
COHFACE_s29_session0_lamp,17,237,24.9,0.26061397790908813,-0.39755320886355033
COHFACE_s29_session0_lamp,17,238,24.933333333333334,0.049237582832574844,-0.2819602937334691
COHFACE_s29_session0_lamp,17,239,24.966666666666665,-0.16934169828891754,-0.11891326031689281
COHFACE_s29_session0_lamp,18,0,18.0,1.6648834943771362,0.07172374790118483
COHFACE_s29_session0_lamp,18,1,18.033333333333335,1.510145902633667,0.4576317676030603
COHFACE_s29_session0_lamp,18,2,18.066666666666666,1.1866868734359741,0.7594353476973403
COHFACE_s29_session0_lamp,18,3,18.1,0.8961383104324341,0.9218864363956083
COHFACE_s29_session0_lamp,18,4,18.133333333333333,0.7065976858139038,0.9320431698219726
COHFACE_s29_session0_lamp,18,5,18.166666666666668,0.5527632236480713,0.8205538618354561
COHFACE_s29_session0_lamp,18,6,18.2,0.3757789433002472,0.6458102602692185
COHFACE_s29_session0_lamp,18,7,18.233333333333334,0.16155275702476501,0.46767182228440873
COHFACE_s29_session0_lamp,18,8,18.266666666666666,-0.05286269262433052,0.3232299896807889
COHFACE_s29_session0_lamp,18,9,18.3,-0.23158279061317444,0.2164313229981461
COHFACE_s29_session0_lamp,18,10,18.333333333333332,-0.3691999614238739,0.1259068730480882
COHFACE_s29_session0_lamp,18,11,18.366666666666667,-0.47309014201164246,0.025038422762236362
COHFACE_s29_session0_lamp,18,12,18.4,-0.5471467971801758,-0.09874162597381358
COHFACE_s29_session0_lamp,18,13,18.433333333333334,-0.606916606426239,-0.23694498042039974
COHFACE_s29_session0_lamp,18,14,18.466666666666665,-0.6553954482078552,-0.36713367497229066
COHFACE_s29_session0_lamp,18,15,18.5,-0.7053343653678894,-0.46639482141540234
COHFACE_s29_session0_lamp,18,16,18.533333333333335,-0.7667534947395325,-0.5217205446480998
COHFACE_s29_session0_lamp,18,17,18.566666666666666,-0.832590639591217,-0.5324857753922605
COHFACE_s29_session0_lamp,18,18,18.6,-0.8875153064727783,-0.5058234186685016
COHFACE_s29_session0_lamp,18,19,18.633333333333333,-0.9338851571083069,-0.4494550529196176
COHFACE_s29_session0_lamp,18,20,18.666666666666668,-0.9758749604225159,-0.36743852726105536
COHFACE_s29_session0_lamp,18,21,18.7,-1.0006524324417114,-0.26153518223379874
COHFACE_s29_session0_lamp,18,22,18.733333333333334,-1.007395625114441,-0.1358299661612755
COHFACE_s29_session0_lamp,18,23,18.766666666666666,-1.0131818056106567,0.00041911715721220364
COHFACE_s29_session0_lamp,18,24,18.8,-1.031232237815857,0.13413196619336734
COHFACE_s29_session0_lamp,18,25,18.833333333333332,-1.0539331436157227,0.2521079066216882
COHFACE_s29_session0_lamp,18,26,18.866666666666667,-0.9698346853256226,0.3439904390541883
COHFACE_s29_session0_lamp,18,27,18.9,-0.32377639412879944,0.4034308236051799
COHFACE_s29_session0_lamp,18,28,18.933333333333334,0.8869562745094299,0.4289235041146139
COHFACE_s29_session0_lamp,18,29,18.966666666666665,1.7925777435302734,0.4258939013830883
COHFACE_s29_session0_lamp,18,30,19.0,1.9363703727722168,0.40877073692112564
COHFACE_s29_session0_lamp,18,31,19.033333333333335,1.6528517007827759,0.3994540358392411
COHFACE_s29_session0_lamp,18,32,19.066666666666666,1.3860909938812256,0.4200705813955479
COHFACE_s29_session0_lamp,18,33,19.1,1.3025332689285278,0.48208901271592725
COHFACE_s29_session0_lamp,18,34,19.133333333333333,1.2865592241287231,0.5773340255931094
COHFACE_s29_session0_lamp,18,35,19.166666666666668,1.1291017532348633,0.6764729120257502
COHFACE_s29_session0_lamp,18,36,19.2,0.8921961784362793,0.7367308092732521
COHFACE_s29_session0_lamp,18,37,19.233333333333334,0.736236572265625,0.7155791088720582
COHFACE_s29_session0_lamp,18,38,19.266666666666666,0.6323517560958862,0.5842961270268153
COHFACE_s29_session0_lamp,18,39,19.3,0.4947237968444824,0.3360777313938389
COHFACE_s29_session0_lamp,18,40,19.333333333333332,0.3006353974342346,-0.013060365310651703
COHFACE_s29_session0_lamp,18,41,19.366666666666667,0.0822778195142746,-0.4287095731903271
COHFACE_s29_session0_lamp,18,42,19.4,-0.12391272187232971,-0.8646482974104204
COHFACE_s29_session0_lamp,18,43,19.433333333333334,-0.2941321134567261,-1.2695593452760112
COHFACE_s29_session0_lamp,18,44,19.466666666666665,-0.4190523326396942,-1.5938461801066288
COHFACE_s29_session0_lamp,18,45,19.5,-0.502144992351532,-1.7970984260853828
COHFACE_s29_session0_lamp,18,46,19.533333333333335,-0.5580971240997314,-1.8551879409006757
COHFACE_s29_session0_lamp,18,47,19.566666666666666,-0.6017469763755798,-1.7642863584166915
COHFACE_s29_session0_lamp,18,48,19.6,-0.6468190550804138,-1.539568713989207
COHFACE_s29_session0_lamp,18,49,19.633333333333333,-0.7089412212371826,-1.2088547661487332
COHFACE_s29_session0_lamp,18,50,19.666666666666668,-0.7765790224075317,-0.8042265110900176
COHFACE_s29_session0_lamp,18,51,19.7,-0.8322932124137878,-0.35595462827600827
COHFACE_s29_session0_lamp,18,52,19.733333333333334,-0.8859416842460632,0.10826048641102995
COHFACE_s29_session0_lamp,18,53,19.766666666666666,-0.9472526907920837,0.559581464252062
COHFACE_s29_session0_lamp,18,54,19.8,-1.0043836832046509,0.9649631464105245
COHFACE_s29_session0_lamp,18,55,19.833333333333332,-1.0532572269439697,1.2903093228596165
COHFACE_s29_session0_lamp,18,56,19.866666666666667,-0.9747880101203918,1.5103430891088314
COHFACE_s29_session0_lamp,18,57,19.9,-0.30774837732315063,1.6190373179345858
COHFACE_s29_session0_lamp,18,58,19.933333333333334,0.8502551317214966,1.632116003128131
COHFACE_s29_session0_lamp,18,59,19.966666666666665,1.645032286643982,1.5778315683720767
COHFACE_s29_session0_lamp,18,60,20.0,1.7405624389648438,1.4813631807252297
COHFACE_s29_session0_lamp,18,61,20.033333333333335,1.5087887048721313,1.353725347328146
COHFACE_s29_session0_lamp,18,62,20.066666666666666,1.343225121498108,1.1923524898322626
COHFACE_s29_session0_lamp,18,63,20.1,1.3159818649291992,0.9911966171592552
COHFACE_s29_session0_lamp,18,64,20.133333333333333,1.2949788570404053,0.7511637209488887
COHFACE_s29_session0_lamp,18,65,20.166666666666668,1.1171780824661255,0.48247865678005225
COHFACE_s29_session0_lamp,18,66,20.2,0.8244988918304443,0.19858287752375323
COHFACE_s29_session0_lamp,18,67,20.233333333333334,0.5918977856636047,-0.09126498921595551
COHFACE_s29_session0_lamp,18,68,20.266666666666666,0.45024654269218445,-0.38345150357119157
COHFACE_s29_session0_lamp,18,69,20.3,0.3134513199329376,-0.6746196897634573
COHFACE_s29_session0_lamp,18,70,20.333333333333332,0.13924653828144073,-0.9551354784516461
COHFACE_s29_session0_lamp,18,71,20.366666666666667,-0.06643027812242508,-1.2081294385972026
COHFACE_s29_session0_lamp,18,72,20.4,-0.26472577452659607,-1.4150854638495096
COHFACE_s29_session0_lamp,18,73,20.433333333333334,-0.4210206866264343,-1.562689800976862
COHFACE_s29_session0_lamp,18,74,20.466666666666665,-0.5436102151870728,-1.645186489901731
COHFACE_s29_session0_lamp,18,75,20.5,-0.6371989846229553,-1.66082930765493
COHFACE_s29_session0_lamp,18,76,20.533333333333335,-0.6986451745033264,-1.605729194529135
COHFACE_s29_session0_lamp,18,77,20.566666666666666,-0.7516826391220093,-1.4706857421492898
COHFACE_s29_session0_lamp,18,78,20.6,-0.807634711265564,-1.2453489194461607
COHFACE_s29_session0_lamp,18,79,20.633333333333333,-0.8678858280181885,-0.9292282178029664
COHFACE_s29_session0_lamp,18,80,20.666666666666668,-0.9270175695419312,-0.542848871767309
COHFACE_s29_session0_lamp,18,81,20.7,-0.9848514795303345,-0.12958876009790102
COHFACE_s29_session0_lamp,18,82,20.733333333333334,-1.039267897605896,0.25703672526947546
COHFACE_s29_session0_lamp,18,83,20.766666666666666,-1.0757310390472412,0.5760199705552451
COHFACE_s29_session0_lamp,18,84,20.8,-1.0997244119644165,0.817470769260614
COHFACE_s29_session0_lamp,18,85,20.833333333333332,-1.1251507997512817,1.003183250878282
COHFACE_s29_session0_lamp,18,86,20.866666666666667,-1.1465107202529907,1.167230575260424
COHFACE_s29_session0_lamp,18,87,20.9,-1.1732295751571655,1.3292023503985884
COHFACE_s29_session0_lamp,18,88,20.933333333333334,-1.0868436098098755,1.4778423506896936
COHFACE_s29_session0_lamp,18,89,20.966666666666665,-0.41783562302589417,1.5756620892387327
COHFACE_s29_session0_lamp,18,90,21.0,0.7756360769271851,1.5809849422513365
COHFACE_s29_session0_lamp,18,91,21.033333333333335,1.656593680381775,1.4728193551855278
COHFACE_s29_session0_lamp,18,92,21.066666666666666,1.8259587287902832,1.2634449079664767
COHFACE_s29_session0_lamp,18,93,21.1,1.6356825828552246,0.9924347943864089
COHFACE_s29_session0_lamp,18,94,21.133333333333333,1.493409514427185,0.7073354478321654
COHFACE_s29_session0_lamp,18,95,21.166666666666668,1.50179123878479,0.44321223785616004
COHFACE_s29_session0_lamp,18,96,21.2,1.5298457145690918,0.21198311390142022
COHFACE_s29_session0_lamp,18,97,21.233333333333334,1.3869940042495728,0.005089016095023626
COHFACE_s29_session0_lamp,18,98,21.266666666666666,1.0651140213012695,-0.1949566725275258
COHFACE_s29_session0_lamp,18,99,21.3,0.7695688009262085,-0.4022658379646311
COHFACE_s29_session0_lamp,18,100,21.333333333333332,0.5836674571037292,-0.6203838798463626
COHFACE_s29_session0_lamp,18,101,21.366666666666667,0.4373765289783478,-0.8412359322182654
COHFACE_s29_session0_lamp,18,102,21.4,0.26950401067733765,-1.0481224685060915
COHFACE_s29_session0_lamp,18,103,21.433333333333334,0.0687318667769432,-1.220287581563174
COHFACE_s29_session0_lamp,18,104,21.466666666666665,-0.1328243911266327,-1.3376617048916783
COHFACE_s29_session0_lamp,18,105,21.5,-0.30317357182502747,-1.3853237380398986
COHFACE_s29_session0_lamp,18,106,21.533333333333335,-0.4419696033000946,-1.3571265535024561
COHFACE_s29_session0_lamp,18,107,21.566666666666666,-0.5533925294876099,-1.2572422152231801
COHFACE_s29_session0_lamp,18,108,21.6,-0.632575511932373,-1.0983100360954454
COHFACE_s29_session0_lamp,18,109,21.633333333333333,-0.699537456035614,-0.8963965849408602
COHFACE_s29_session0_lamp,18,110,21.666666666666668,-0.7628167867660522,-0.6656018283876645
COHFACE_s29_session0_lamp,18,111,21.7,-0.8281726241111755,-0.4162322212812196
COHFACE_s29_session0_lamp,18,112,21.733333333333334,-0.8947884440422058,-0.15809959258417036
COHFACE_s29_session0_lamp,18,113,21.766666666666666,-0.9596306085586548,0.09383782582834813
COHFACE_s29_session0_lamp,18,114,21.8,-1.0223422050476074,0.3172228166574994
COHFACE_s29_session0_lamp,18,115,21.833333333333332,-1.0684254169464111,0.4877029201836448
COHFACE_s29_session0_lamp,18,116,21.866666666666667,-1.098280668258667,0.5903989920356978
COHFACE_s29_session0_lamp,18,117,21.9,-1.1287144422531128,0.6301709124528344
COHFACE_s29_session0_lamp,18,118,21.933333333333334,-1.1591373682022095,0.6328089736886527
COHFACE_s29_session0_lamp,18,119,21.966666666666665,-1.1756197214126587,0.6344977811007717
COHFACE_s29_session0_lamp,18,120,22.0,-1.1863374710083008,0.664687734941712
COHFACE_s29_session0_lamp,18,121,22.033333333333335,-1.1866943836212158,0.7322365705906133
COHFACE_s29_session0_lamp,18,122,22.066666666666666,-1.1888574361801147,0.8226266778947213
COHFACE_s29_session0_lamp,18,123,22.1,-1.2102822065353394,0.907021709486701
COHFACE_s29_session0_lamp,18,124,22.133333333333333,-1.2132508754730225,0.956821602220475
COHFACE_s29_session0_lamp,18,125,22.166666666666668,-0.8976004123687744,0.9547528083368366
COHFACE_s29_session0_lamp,18,126,22.2,0.12538154423236847,0.8969849067423894
COHFACE_s29_session0_lamp,18,127,22.233333333333334,1.336644172668457,0.7874431601453001
COHFACE_s29_session0_lamp,18,128,22.266666666666666,1.9307032823562622,0.6305986990404321
COHFACE_s29_session0_lamp,18,129,22.3,1.8930882215499878,0.4290144878838916
COHFACE_s29_session0_lamp,18,130,22.333333333333332,1.698815941810608,0.1869105621870353
COHFACE_s29_session0_lamp,18,131,22.366666666666667,1.6322218179702759,-0.08422485512530682
COHFACE_s29_session0_lamp,18,132,22.4,1.673270583152771,-0.3629107889735935
COHFACE_s29_session0_lamp,18,133,22.433333333333334,1.6507102251052856,-0.6200297075544063
COHFACE_s29_session0_lamp,18,134,22.466666666666665,1.4215213060379028,-0.8251019170946903
COHFACE_s29_session0_lamp,18,135,22.5,1.0961155891418457,-0.9534133586140708
COHFACE_s29_session0_lamp,18,136,22.533333333333335,0.8581393361091614,-0.9911007622328368
COHFACE_s29_session0_lamp,18,137,22.566666666666666,0.6982754468917847,-0.9368629651198644
COHFACE_s29_session0_lamp,18,138,22.6,0.53351229429245,-0.8007481638077799
COHFACE_s29_session0_lamp,18,139,22.633333333333333,0.33659571409225464,-0.6016745251247403
COHFACE_s29_session0_lamp,18,140,22.666666666666668,0.12156379222869873,-0.36546849535134945
COHFACE_s29_session0_lamp,18,141,22.7,-0.08022498339414597,-0.12382827396056921
COHFACE_s29_session0_lamp,18,142,22.733333333333334,-0.23866130411624908,0.08755493547131034
COHFACE_s29_session0_lamp,18,143,22.766666666666666,-0.3627108931541443,0.23401416840787792
COHFACE_s29_session0_lamp,18,144,22.8,-0.4669092893600464,0.28992301829835915
COHFACE_s29_session0_lamp,18,145,22.833333333333332,-0.552300214767456,0.246421365899168
COHFACE_s29_session0_lamp,18,146,22.866666666666667,-0.6233448386192322,0.11476191918866308
COHFACE_s29_session0_lamp,18,147,22.9,-0.6895171999931335,-0.07649110759214686
COHFACE_s29_session0_lamp,18,148,22.933333333333334,-0.7559870481491089,-0.28848035333998023
COHFACE_s29_session0_lamp,18,149,22.966666666666665,-0.8259609341621399,-0.4797473288697192
COHFACE_s29_session0_lamp,18,150,23.0,-0.891976535320282,-0.6130226057820227
COHFACE_s29_session0_lamp,18,151,23.033333333333335,-0.9501078724861145,-0.6617290046109193
COHFACE_s29_session0_lamp,18,152,23.066666666666666,-1.0023449659347534,-0.6159507651068885
COHFACE_s29_session0_lamp,18,153,23.1,-1.0470656156539917,-0.4853752307597486
COHFACE_s29_session0_lamp,18,154,23.133333333333333,-1.0752822160720825,-0.29638049810161404
COHFACE_s29_session0_lamp,18,155,23.166666666666668,-1.091948390007019,-0.08291485276947431
COHFACE_s29_session0_lamp,18,156,23.2,-1.1043479442596436,0.12533703838043825
COHFACE_s29_session0_lamp,18,157,23.233333333333334,-1.1106747388839722,0.3115163737138041
COHFACE_s29_session0_lamp,18,158,23.266666666666666,-1.1098636388778687,0.47202280767414767
COHFACE_s29_session0_lamp,18,159,23.3,-1.1107559204101562,0.6087914883260154
COHFACE_s29_session0_lamp,18,160,23.333333333333332,-1.1263405084609985,0.7193006336120756
COHFACE_s29_session0_lamp,18,161,23.366666666666667,-1.1106152534484863,0.7923348575935849
COHFACE_s29_session0_lamp,18,162,23.4,-0.687262237071991,0.8132899158464512
COHFACE_s29_session0_lamp,18,163,23.433333333333334,0.4340454638004303,0.7755250656674746
COHFACE_s29_session0_lamp,18,164,23.466666666666665,1.5807255506515503,0.689542583790467
COHFACE_s29_session0_lamp,18,165,23.5,2.0398712158203125,0.5828916755674138
COHFACE_s29_session0_lamp,18,166,23.533333333333335,1.9067802429199219,0.48995394575597734
COHFACE_s29_session0_lamp,18,167,23.566666666666666,1.6518782377243042,0.4372595352783241
COHFACE_s29_session0_lamp,18,168,23.6,1.5407960414886475,0.4320415540879459
COHFACE_s29_session0_lamp,18,169,23.633333333333333,1.5508054494857788,0.45923727191404284
COHFACE_s29_session0_lamp,18,170,23.666666666666668,1.4863256216049194,0.48759061400866766
COHFACE_s29_session0_lamp,18,171,23.7,1.250701665878296,0.4812314257602112
COHFACE_s29_session0_lamp,18,172,23.733333333333334,1.0027917623519897,0.4109748536109703
COHFACE_s29_session0_lamp,18,173,23.766666666666666,0.8460264205932617,0.2609470609927356
COHFACE_s29_session0_lamp,18,174,23.8,0.7214847207069397,0.03021944757522503
COHFACE_s29_session0_lamp,18,175,23.833333333333332,0.5603067874908447,-0.2678536283204287
COHFACE_s29_session0_lamp,18,176,23.866666666666667,0.3535051643848419,-0.6066695532650243
COHFACE_s29_session0_lamp,18,177,23.9,0.13511516153812408,-0.9484837311880449
COHFACE_s29_session0_lamp,18,178,23.933333333333334,-0.056431688368320465,-1.2494411233446379
COHFACE_s29_session0_lamp,18,179,23.966666666666665,-0.207118958234787,-1.468162471636762
COHFACE_s29_session0_lamp,18,180,24.0,-0.31761178374290466,-1.5759457141995172
COHFACE_s29_session0_lamp,18,181,24.033333333333335,-0.39916330575942993,-1.5644633345864083
COHFACE_s29_session0_lamp,18,182,24.066666666666666,-0.4651680588722229,-1.4467061310334153
COHFACE_s29_session0_lamp,18,183,24.1,-0.5299669504165649,-1.2496454027102708
COHFACE_s29_session0_lamp,18,184,24.133333333333333,-0.600124716758728,-1.0017655536108825
COHFACE_s29_session0_lamp,18,185,24.166666666666668,-0.6777827739715576,-0.7224159296874847
COHFACE_s29_session0_lamp,18,186,24.2,-0.7425005435943604,-0.41978376362482617
COHFACE_s29_session0_lamp,18,187,24.233333333333334,-0.7977334260940552,-0.09887143261289387
COHFACE_s29_session0_lamp,18,188,24.266666666666666,-0.8543398976325989,0.22723701794806775
COHFACE_s29_session0_lamp,18,189,24.3,-0.8995850086212158,0.5331163321250685
COHFACE_s29_session0_lamp,18,190,24.333333333333332,-0.9374812245368958,0.7886114176169491
COHFACE_s29_session0_lamp,18,191,24.366666666666667,-0.971062183380127,0.9733099985733337
COHFACE_s29_session0_lamp,18,192,24.4,-1.0067683458328247,1.0867905941932734
COHFACE_s29_session0_lamp,18,193,24.433333333333334,-1.011618971824646,1.1463185873760187
COHFACE_s29_session0_lamp,18,194,24.466666666666665,-0.6319536566734314,1.1737276224452404
COHFACE_s29_session0_lamp,18,195,24.5,0.4433951675891876,1.1816517989199014
COHFACE_s29_session0_lamp,18,196,24.533333333333335,1.560831069946289,1.1685458450397583
COHFACE_s29_session0_lamp,18,197,24.566666666666666,1.9624402523040771,1.1242046376206507
COHFACE_s29_session0_lamp,18,198,24.6,1.7638744115829468,1.0398709404236326
COHFACE_s29_session0_lamp,18,199,24.633333333333333,1.4701570272445679,0.914951075324592
COHFACE_s29_session0_lamp,18,200,24.666666666666668,1.3345081806182861,0.7567402524800076
COHFACE_s29_session0_lamp,18,201,24.7,1.3228764533996582,0.5756513442308674
COHFACE_s29_session0_lamp,18,202,24.733333333333334,1.2343599796295166,0.3809065391789692
COHFACE_s29_session0_lamp,18,203,24.766666666666666,0.9744723439216614,0.1797250304659381
COHFACE_s29_session0_lamp,18,204,24.8,0.7132273316383362,-0.02074512868075623
COHFACE_s29_session0_lamp,18,205,24.833333333333332,0.5557103157043457,-0.21186077779294166
COHFACE_s29_session0_lamp,18,206,24.866666666666667,0.42531225085258484,-0.384517930549661
COHFACE_s29_session0_lamp,18,207,24.9,0.26061397790908813,-0.53218687170342
COHFACE_s29_session0_lamp,18,208,24.933333333333334,0.049237582832574844,-0.6532035775034408
COHFACE_s29_session0_lamp,18,209,24.966666666666665,-0.16934169828891754,-0.7499244196118598
COHFACE_s29_session0_lamp,18,210,25.0,-0.359385222196579,-0.82501989108484
COHFACE_s29_session0_lamp,18,211,25.033333333333335,-0.5103158354759216,-0.8776457296068657
COHFACE_s29_session0_lamp,18,212,25.066666666666666,-0.6176722645759583,-0.9022593808979057
COHFACE_s29_session0_lamp,18,213,25.1,-0.6903932690620422,-0.8910222584398574
COHFACE_s29_session0_lamp,18,214,25.133333333333333,-0.7446419596672058,-0.838778741335217
COHFACE_s29_session0_lamp,18,215,25.166666666666668,-0.7942076921463013,-0.7483708188639254
COHFACE_s29_session0_lamp,18,216,25.2,-0.8494243621826172,-0.6336783309139806
COHFACE_s29_session0_lamp,18,217,25.233333333333334,-0.9092807769775391,-0.5182112740952817
COHFACE_s29_session0_lamp,18,218,25.266666666666666,-0.9685044288635254,-0.4283665395827297
COHFACE_s29_session0_lamp,18,219,25.3,-1.0296099185943604,-0.38289802881919205
COHFACE_s29_session0_lamp,18,220,25.333333333333332,-1.084296703338623,-0.3831025022005675
COHFACE_s29_session0_lamp,18,221,25.366666666666667,-1.128200650215149,-0.40930617580489553
COHFACE_s29_session0_lamp,18,222,25.4,-1.1566985845565796,-0.42673459863957747
COHFACE_s29_session0_lamp,18,223,25.433333333333334,-1.167367696762085,-0.3990036941690013
COHFACE_s29_session0_lamp,18,224,25.466666666666665,-1.1848233938217163,-0.3031509356670058
COHFACE_s29_session0_lamp,18,225,25.5,-1.211320400238037,-0.13888648755480387
COHFACE_s29_session0_lamp,18,226,25.533333333333335,-1.182135820388794,0.0724899194564893
COHFACE_s29_session0_lamp,18,227,25.566666666666666,-0.6933349370956421,0.29879074110440623
COHFACE_s29_session0_lamp,18,228,25.6,0.5279803276062012,0.5115670279524873
COHFACE_s29_session0_lamp,18,229,25.633333333333333,1.6910182237625122,0.6968299831275412
COHFACE_s29_session0_lamp,18,230,25.666666666666668,2.0752367973327637,0.8560519809302957
COHFACE_s29_session0_lamp,18,231,25.7,1.8836466073989868,0.9971965102306896
COHFACE_s29_session0_lamp,18,232,25.733333333333334,1.6349742412567139,1.1218502436978248
COHFACE_s29_session0_lamp,18,233,25.766666666666666,1.5558290481567383,1.217105578113598
COHFACE_s29_session0_lamp,18,234,25.8,1.57771897315979,1.2573453551417564
COHFACE_s29_session0_lamp,18,235,25.833333333333332,1.5029268264770508,1.2145281775343173
COHFACE_s29_session0_lamp,18,236,25.866666666666667,1.2218307256698608,1.070822091330535
COHFACE_s29_session0_lamp,18,237,25.9,0.897014319896698,0.8270562320635384
COHFACE_s29_session0_lamp,18,238,25.933333333333334,0.6838750839233398,0.5039954438352364
COHFACE_s29_session0_lamp,18,239,25.966666666666665,0.5394443869590759,0.13779127780783115
COHFACE_s29_session0_lamp,19,0,19.0,1.9363703727722168,0.018109940014692346
COHFACE_s29_session0_lamp,19,1,19.033333333333335,1.6528517007827759,0.5669605854981936
COHFACE_s29_session0_lamp,19,2,19.066666666666666,1.3860909938812256,1.0658688420840807
COHFACE_s29_session0_lamp,19,3,19.1,1.3025332689285278,1.4745683364758275
COHFACE_s29_session0_lamp,19,4,19.133333333333333,1.2865592241287231,1.766672507477758
COHFACE_s29_session0_lamp,19,5,19.166666666666668,1.1291017532348633,1.9304255108516564
COHFACE_s29_session0_lamp,19,6,19.2,0.8921961784362793,1.963677219851592
COHFACE_s29_session0_lamp,19,7,19.233333333333334,0.736236572265625,1.866795989062381
COHFACE_s29_session0_lamp,19,8,19.266666666666666,0.6323517560958862,1.6389923945466112
COHFACE_s29_session0_lamp,19,9,19.3,0.4947237968444824,1.2814663512711388
COHFACE_s29_session0_lamp,19,10,19.333333333333332,0.3006353974342346,0.8063161487191344
COHFACE_s29_session0_lamp,19,11,19.366666666666667,0.0822778195142746,0.24589123370111676
COHFACE_s29_session0_lamp,19,12,19.4,-0.12391272187232971,-0.34418876587668507
COHFACE_s29_session0_lamp,19,13,19.433333333333334,-0.2941321134567261,-0.8925316810596577
COHFACE_s29_session0_lamp,19,14,19.466666666666665,-0.4190523326396942,-1.3284775285125678
COHFACE_s29_session0_lamp,19,15,19.5,-0.502144992351532,-1.6006431289019587
COHFACE_s29_session0_lamp,19,16,19.533333333333335,-0.5580971240997314,-1.6888084361961577
COHFACE_s29_session0_lamp,19,17,19.566666666666666,-0.6017469763755798,-1.6037579369612942
COHFACE_s29_session0_lamp,19,18,19.6,-0.6468190550804138,-1.3764256281643257
COHFACE_s29_session0_lamp,19,19,19.633333333333333,-0.7089412212371826,-1.0435327301104669
COHFACE_s29_session0_lamp,19,20,19.666666666666668,-0.7765790224075317,-0.6380619631294855
COHFACE_s29_session0_lamp,19,21,19.7,-0.8322932124137878,-0.1891600151627317
COHFACE_s29_session0_lamp,19,22,19.733333333333334,-0.8859416842460632,0.27023793387951933
COHFACE_s29_session0_lamp,19,23,19.766666666666666,-0.9472526907920837,0.6954804256567404
COHFACE_s29_session0_lamp,19,24,19.8,-1.0043836832046509,1.0311765661070593
COHFACE_s29_session0_lamp,19,25,19.833333333333332,-1.0532572269439697,1.2253428490653864
COHFACE_s29_session0_lamp,19,26,19.866666666666667,-0.9747880101203918,1.2508009767184882
COHFACE_s29_session0_lamp,19,27,19.9,-0.30774837732315063,1.1204918457946655
COHFACE_s29_session0_lamp,19,28,19.933333333333334,0.8502551317214966,0.8856350285127602
COHFACE_s29_session0_lamp,19,29,19.966666666666665,1.645032286643982,0.6160691917397826
COHFACE_s29_session0_lamp,19,30,20.0,1.7405624389648438,0.37342587425115653
COHFACE_s29_session0_lamp,19,31,20.033333333333335,1.5087887048721313,0.1919781677886805
COHFACE_s29_session0_lamp,19,32,20.066666666666666,1.343225121498108,0.07579278286276443
COHFACE_s29_session0_lamp,19,33,20.1,1.3159818649291992,0.009520042412326787
COHFACE_s29_session0_lamp,19,34,20.133333333333333,1.2949788570404053,-0.027682799842338526
COHFACE_s29_session0_lamp,19,35,20.166666666666668,1.1171780824661255,-0.05475391068998387
COHFACE_s29_session0_lamp,19,36,20.2,0.8244988918304443,-0.08914117210544824
COHFACE_s29_session0_lamp,19,37,20.233333333333334,0.5918977856636047,-0.1485976118792363
COHFACE_s29_session0_lamp,19,38,20.266666666666666,0.45024654269218445,-0.24804484669491247
COHFACE_s29_session0_lamp,19,39,20.3,0.3134513199329376,-0.3917622747066584
COHFACE_s29_session0_lamp,19,40,20.333333333333332,0.13924653828144073,-0.567619401215865
COHFACE_s29_session0_lamp,19,41,20.366666666666667,-0.06643027812242508,-0.7501036783900479
COHFACE_s29_session0_lamp,19,42,20.4,-0.26472577452659607,-0.9115203398382609
COHFACE_s29_session0_lamp,19,43,20.433333333333334,-0.4210206866264343,-1.0332401791686154
COHFACE_s29_session0_lamp,19,44,20.466666666666665,-0.5436102151870728,-1.1087002119264142
COHFACE_s29_session0_lamp,19,45,20.5,-0.6371989846229553,-1.136458909327505
COHFACE_s29_session0_lamp,19,46,20.533333333333335,-0.6986451745033264,-1.109443893337299
COHFACE_s29_session0_lamp,19,47,20.566666666666666,-0.7516826391220093,-1.0100571500293178
COHFACE_s29_session0_lamp,19,48,20.6,-0.807634711265564,-0.8173304660400845
COHFACE_s29_session0_lamp,19,49,20.633333333333333,-0.8678858280181885,-0.5238533088827826
COHFACE_s29_session0_lamp,19,50,20.666666666666668,-0.9270175695419312,-0.1519439368797186
COHFACE_s29_session0_lamp,19,51,20.7,-0.9848514795303345,0.24370326742756765
COHFACE_s29_session0_lamp,19,52,20.733333333333334,-1.039267897605896,0.5930471854643906
COHFACE_s29_session0_lamp,19,53,20.766666666666666,-1.0757310390472412,0.8408457561033725
COHFACE_s29_session0_lamp,19,54,20.8,-1.0997244119644165,0.9722151675777553
COHFACE_s29_session0_lamp,19,55,20.833333333333332,-1.1251507997512817,1.0162885997817968
COHFACE_s29_session0_lamp,19,56,20.866666666666667,-1.1465107202529907,1.025192387215589
COHFACE_s29_session0_lamp,19,57,20.9,-1.1732295751571655,1.0424760460248812
COHFACE_s29_session0_lamp,19,58,20.933333333333334,-1.0868436098098755,1.0807904572238076
COHFACE_s29_session0_lamp,19,59,20.966666666666665,-0.41783562302589417,1.120685031816616
COHFACE_s29_session0_lamp,19,60,21.0,0.7756360769271851,1.1278133860984392
COHFACE_s29_session0_lamp,19,61,21.033333333333335,1.656593680381775,1.07527258672819
COHFACE_s29_session0_lamp,19,62,21.066666666666666,1.8259587287902832,0.9579314237312836
COHFACE_s29_session0_lamp,19,63,21.1,1.6356825828552246,0.7930558507611976
COHFACE_s29_session0_lamp,19,64,21.133333333333333,1.493409514427185,0.6092870870126769
COHFACE_s29_session0_lamp,19,65,21.166666666666668,1.50179123878479,0.430905615663775
COHFACE_s29_session0_lamp,19,66,21.2,1.5298457145690918,0.2657494058182125
COHFACE_s29_session0_lamp,19,67,21.233333333333334,1.3869940042495728,0.1028241573869582
COHFACE_s29_session0_lamp,19,68,21.266666666666666,1.0651140213012695,-0.07961161137913285
COHFACE_s29_session0_lamp,19,69,21.3,0.7695688009262085,-0.3001544807775884
COHFACE_s29_session0_lamp,19,70,21.333333333333332,0.5836674571037292,-0.5619176093034021
COHFACE_s29_session0_lamp,19,71,21.366666666666667,0.4373765289783478,-0.8476211056766115
COHFACE_s29_session0_lamp,19,72,21.4,0.26950401067733765,-1.1233728352043462
COHFACE_s29_session0_lamp,19,73,21.433333333333334,0.0687318667769432,-1.3482688459856462
COHFACE_s29_session0_lamp,19,74,21.466666666666665,-0.1328243911266327,-1.485918795296732
COHFACE_s29_session0_lamp,19,75,21.5,-0.30317357182502747,-1.5146648330990444
COHFACE_s29_session0_lamp,19,76,21.533333333333335,-0.4419696033000946,-1.4334938758362097
COHFACE_s29_session0_lamp,19,77,21.566666666666666,-0.5533925294876099,-1.2611566371074718
COHFACE_s29_session0_lamp,19,78,21.6,-0.632575511932373,-1.028245928126561
COHFACE_s29_session0_lamp,19,79,21.633333333333333,-0.699537456035614,-0.7655923457833032
COHFACE_s29_session0_lamp,19,80,21.666666666666668,-0.7628167867660522,-0.4952107479712473
COHFACE_s29_session0_lamp,19,81,21.7,-0.8281726241111755,-0.2291860093113567
COHFACE_s29_session0_lamp,19,82,21.733333333333334,-0.8947884440422058,0.02346626795199585
COHFACE_s29_session0_lamp,19,83,21.766666666666666,-0.9596306085586548,0.24803448721858762
COHFACE_s29_session0_lamp,19,84,21.8,-1.0223422050476074,0.4215512072288272
COHFACE_s29_session0_lamp,19,85,21.833333333333332,-1.0684254169464111,0.5205999477077492
COHFACE_s29_session0_lamp,19,86,21.866666666666667,-1.098280668258667,0.5358201610872355
COHFACE_s29_session0_lamp,19,87,21.9,-1.1287144422531128,0.4835155823876564
COHFACE_s29_session0_lamp,19,88,21.933333333333334,-1.1591373682022095,0.4055224111156636
COHFACE_s29_session0_lamp,19,89,21.966666666666665,-1.1756197214126587,0.3553210680488501
COHFACE_s29_session0_lamp,19,90,22.0,-1.1863374710083008,0.37679399359016924
COHFACE_s29_session0_lamp,19,91,22.033333333333335,-1.1866943836212158,0.4865596964965839
COHFACE_s29_session0_lamp,19,92,22.066666666666666,-1.1888574361801147,0.6684711421050934
COHFACE_s29_session0_lamp,19,93,22.1,-1.2102822065353394,0.8817853190216433
COHFACE_s29_session0_lamp,19,94,22.133333333333333,-1.2132508754730225,1.0773803714459242
COHFACE_s29_session0_lamp,19,95,22.166666666666668,-0.8976004123687744,1.2130882979655078
COHFACE_s29_session0_lamp,19,96,22.2,0.12538154423236847,1.2612800148087615
COHFACE_s29_session0_lamp,19,97,22.233333333333334,1.336644172668457,1.2078352046113476
COHFACE_s29_session0_lamp,19,98,22.266666666666666,1.9307032823562622,1.0477035925352562
COHFACE_s29_session0_lamp,19,99,22.3,1.8930882215499878,0.7836120056753813
COHFACE_s29_session0_lamp,19,100,22.333333333333332,1.698815941810608,0.4296816107415211
COHFACE_s29_session0_lamp,19,101,22.366666666666667,1.6322218179702759,0.015834989992311588
COHFACE_s29_session0_lamp,19,102,22.4,1.673270583152771,-0.4125056548426139
COHFACE_s29_session0_lamp,19,103,22.433333333333334,1.6507102251052856,-0.8017122595327114
COHFACE_s29_session0_lamp,19,104,22.466666666666665,1.4215213060379028,-1.1019189486329886
COHFACE_s29_session0_lamp,19,105,22.5,1.0961155891418457,-1.278399056008004
COHFACE_s29_session0_lamp,19,106,22.533333333333335,0.8581393361091614,-1.3174606106726847
COHFACE_s29_session0_lamp,19,107,22.566666666666666,0.6982754468917847,-1.2253122671708456
COHFACE_s29_session0_lamp,19,108,22.6,0.53351229429245,-1.022573671242564
COHFACE_s29_session0_lamp,19,109,22.633333333333333,0.33659571409225464,-0.7392638338373996
COHFACE_s29_session0_lamp,19,110,22.666666666666668,0.12156379222869873,-0.41343959392734103
COHFACE_s29_session0_lamp,19,111,22.7,-0.08022498339414597,-0.09223200659791997
COHFACE_s29_session0_lamp,19,112,22.733333333333334,-0.23866130411624908,0.16993829033514438
COHFACE_s29_session0_lamp,19,113,22.766666666666666,-0.3627108931541443,0.32081415771629823
COHFACE_s29_session0_lamp,19,114,22.8,-0.4669092893600464,0.32656316897478377
COHFACE_s29_session0_lamp,19,115,22.833333333333332,-0.552300214767456,0.1873112520399709
COHFACE_s29_session0_lamp,19,116,22.866666666666667,-0.6233448386192322,-0.057645306929916776
COHFACE_s29_session0_lamp,19,117,22.9,-0.6895171999931335,-0.33988625041850307
COHFACE_s29_session0_lamp,19,118,22.933333333333334,-0.7559870481491089,-0.5832775383938679
COHFACE_s29_session0_lamp,19,119,22.966666666666665,-0.8259609341621399,-0.7264580379890588
COHFACE_s29_session0_lamp,19,120,23.0,-0.891976535320282,-0.7370064490100173
COHFACE_s29_session0_lamp,19,121,23.033333333333335,-0.9501078724861145,-0.6139721510404449
COHFACE_s29_session0_lamp,19,122,23.066666666666666,-1.0023449659347534,-0.381532891646845
COHFACE_s29_session0_lamp,19,123,23.1,-1.0470656156539917,-0.07924133851271284
COHFACE_s29_session0_lamp,19,124,23.133333333333333,-1.0752822160720825,0.24688699342560966
COHFACE_s29_session0_lamp,19,125,23.166666666666668,-1.091948390007019,0.5510994891185215
COHFACE_s29_session0_lamp,19,126,23.2,-1.1043479442596436,0.7930560967383832
COHFACE_s29_session0_lamp,19,127,23.233333333333334,-1.1106747388839722,0.9422628474365963
COHFACE_s29_session0_lamp,19,128,23.266666666666666,-1.1098636388778687,0.9818568867780357
COHFACE_s29_session0_lamp,19,129,23.3,-1.1107559204101562,0.9110009033341439
COHFACE_s29_session0_lamp,19,130,23.333333333333332,-1.1263405084609985,0.7450447990240318
COHFACE_s29_session0_lamp,19,131,23.366666666666667,-1.1106152534484863,0.5131512125774187
COHFACE_s29_session0_lamp,19,132,23.4,-0.687262237071991,0.2537894079030299
COHFACE_s29_session0_lamp,19,133,23.433333333333334,0.4340454638004303,0.009050838112006023
COHFACE_s29_session0_lamp,19,134,23.466666666666665,1.5807255506515503,-0.18111996661174587
COHFACE_s29_session0_lamp,19,135,23.5,2.0398712158203125,-0.2842093597593917
COHFACE_s29_session0_lamp,19,136,23.533333333333335,1.9067802429199219,-0.2802213441450582
COHFACE_s29_session0_lamp,19,137,23.566666666666666,1.6518782377243042,-0.16677365977844738
COHFACE_s29_session0_lamp,19,138,23.6,1.5407960414886475,0.03716058525185435
COHFACE_s29_session0_lamp,19,139,23.633333333333333,1.5508054494857788,0.29173579723653137
COHFACE_s29_session0_lamp,19,140,23.666666666666668,1.4863256216049194,0.543264240336515
COHFACE_s29_session0_lamp,19,141,23.7,1.250701665878296,0.7370016573170974
COHFACE_s29_session0_lamp,19,142,23.733333333333334,1.0027917623519897,0.8308647292606125
COHFACE_s29_session0_lamp,19,143,23.766666666666666,0.8460264205932617,0.8039452323418917
COHFACE_s29_session0_lamp,19,144,23.8,0.7214847207069397,0.6570094983612506
COHFACE_s29_session0_lamp,19,145,23.833333333333332,0.5603067874908447,0.4072307272725407
COHFACE_s29_session0_lamp,19,146,23.866666666666667,0.3535051643848419,0.08202039103631871
COHFACE_s29_session0_lamp,19,147,23.9,0.13511516153812408,-0.2844238435238219
COHFACE_s29_session0_lamp,19,148,23.933333333333334,-0.056431688368320465,-0.6520303316468063
COHFACE_s29_session0_lamp,19,149,23.966666666666665,-0.207118958234787,-0.9767061085681759
COHFACE_s29_session0_lamp,19,150,24.0,-0.31761178374290466,-1.216659903121694
COHFACE_s29_session0_lamp,19,151,24.033333333333335,-0.39916330575942993,-1.3429208767288066
COHFACE_s29_session0_lamp,19,152,24.066666666666666,-0.4651680588722229,-1.3485903189858683
COHFACE_s29_session0_lamp,19,153,24.1,-0.5299669504165649,-1.2500234136665447
COHFACE_s29_session0_lamp,19,154,24.133333333333333,-0.600124716758728,-1.0782450659896028
COHFACE_s29_session0_lamp,19,155,24.166666666666668,-0.6777827739715576,-0.8660030409305158
COHFACE_s29_session0_lamp,19,156,24.2,-0.7425005435943604,-0.6386717891572461
COHFACE_s29_session0_lamp,19,157,24.233333333333334,-0.7977334260940552,-0.4136152112815141
COHFACE_s29_session0_lamp,19,158,24.266666666666666,-0.8543398976325989,-0.2053048293005668
COHFACE_s29_session0_lamp,19,159,24.3,-0.8995850086212158,-0.02883055346005959
COHFACE_s29_session0_lamp,19,160,24.333333333333332,-0.9374812245368958,0.10322412192737819
COHFACE_s29_session0_lamp,19,161,24.366666666666667,-0.971062183380127,0.18880098279943486
COHFACE_s29_session0_lamp,19,162,24.4,-1.0067683458328247,0.2422069600819111
COHFACE_s29_session0_lamp,19,163,24.433333333333334,-1.011618971824646,0.29113183432180595
COHFACE_s29_session0_lamp,19,164,24.466666666666665,-0.6319536566734314,0.3645181003089063
COHFACE_s29_session0_lamp,19,165,24.5,0.4433951675891876,0.4780435312497014
COHFACE_s29_session0_lamp,19,166,24.533333333333335,1.560831069946289,0.626155173742857
COHFACE_s29_session0_lamp,19,167,24.566666666666666,1.9624402523040771,0.7855322425302206
COHFACE_s29_session0_lamp,19,168,24.6,1.7638744115829468,0.9273721742376705
COHFACE_s29_session0_lamp,19,169,24.633333333333333,1.4701570272445679,1.0302442538976742
COHFACE_s29_session0_lamp,19,170,24.666666666666668,1.3345081806182861,1.08549040031024
COHFACE_s29_session0_lamp,19,171,24.7,1.3228764533996582,1.0929168845286659
COHFACE_s29_session0_lamp,19,172,24.733333333333334,1.2343599796295166,1.0518340229698337
COHFACE_s29_session0_lamp,19,173,24.766666666666666,0.9744723439216614,0.9558572122646716
COHFACE_s29_session0_lamp,19,174,24.8,0.7132273316383362,0.7964295634943623
COHFACE_s29_session0_lamp,19,175,24.833333333333332,0.5557103157043457,0.572767572452519
COHFACE_s29_session0_lamp,19,176,24.866666666666667,0.42531225085258484,0.30050616384117446
COHFACE_s29_session0_lamp,19,177,24.9,0.26061397790908813,0.011799450164959821
COHFACE_s29_session0_lamp,19,178,24.933333333333334,0.049237582832574844,-0.2541080909955755
COHFACE_s29_session0_lamp,19,179,24.966666666666665,-0.16934169828891754,-0.46416150088766106
COHFACE_s29_session0_lamp,19,180,25.0,-0.359385222196579,-0.6011892288748633
COHFACE_s29_session0_lamp,19,181,25.033333333333335,-0.5103158354759216,-0.6657394594358927
COHFACE_s29_session0_lamp,19,182,25.066666666666666,-0.6176722645759583,-0.6707480222828484
COHFACE_s29_session0_lamp,19,183,25.1,-0.6903932690620422,-0.6334771976315866
COHFACE_s29_session0_lamp,19,184,25.133333333333333,-0.7446419596672058,-0.569883085575575
COHFACE_s29_session0_lamp,19,185,25.166666666666668,-0.7942076921463013,-0.4941794713679479
COHFACE_s29_session0_lamp,19,186,25.2,-0.8494243621826172,-0.4223614700759327
COHFACE_s29_session0_lamp,19,187,25.233333333333334,-0.9092807769775391,-0.37523187503453076
COHFACE_s29_session0_lamp,19,188,25.266666666666666,-0.9685044288635254,-0.37617351566266377
COHFACE_s29_session0_lamp,19,189,25.3,-1.0296099185943604,-0.44229083747144365
COHFACE_s29_session0_lamp,19,190,25.333333333333332,-1.084296703338623,-0.572983980392
COHFACE_s29_session0_lamp,19,191,25.366666666666667,-1.128200650215149,-0.7433822419441478
COHFACE_s29_session0_lamp,19,192,25.4,-1.1566985845565796,-0.9082441801386537
COHFACE_s29_session0_lamp,19,193,25.433333333333334,-1.167367696762085,-1.0160862904552226
COHFACE_s29_session0_lamp,19,194,25.466666666666665,-1.1848233938217163,-1.0272007760063104
COHFACE_s29_session0_lamp,19,195,25.5,-1.211320400238037,-0.9266498343711812
COHFACE_s29_session0_lamp,19,196,25.533333333333335,-1.182135820388794,-0.7259792990760308
COHFACE_s29_session0_lamp,19,197,25.566666666666666,-0.6933349370956421,-0.4535061997863987
COHFACE_s29_session0_lamp,19,198,25.6,0.5279803276062012,-0.139111172065367
COHFACE_s29_session0_lamp,19,199,25.633333333333333,1.6910182237625122,0.19742532959263334
COHFACE_s29_session0_lamp,19,200,25.666666666666668,2.0752367973327637,0.547154393056684
COHFACE_s29_session0_lamp,19,201,25.7,1.8836466073989868,0.9011136304220849
COHFACE_s29_session0_lamp,19,202,25.733333333333334,1.6349742412567139,1.2360775946177023
COHFACE_s29_session0_lamp,19,203,25.766666666666666,1.5558290481567383,1.5088964625668095
COHFACE_s29_session0_lamp,19,204,25.8,1.57771897315979,1.6659439098526247
COHFACE_s29_session0_lamp,19,205,25.833333333333332,1.5029268264770508,1.6637938242715737
COHFACE_s29_session0_lamp,19,206,25.866666666666667,1.2218307256698608,1.4897184032563928
COHFACE_s29_session0_lamp,19,207,25.9,0.897014319896698,1.1706812446273605
COHFACE_s29_session0_lamp,19,208,25.933333333333334,0.6838750839233398,0.7667327880333759
COHFACE_s29_session0_lamp,19,209,25.966666666666665,0.5394443869590759,0.35325064283462276
COHFACE_s29_session0_lamp,19,210,26.0,0.3701496720314026,0.00042321920054352
COHFACE_s29_session0_lamp,19,211,26.033333333333335,0.16306687891483307,-0.24292958667777212
COHFACE_s29_session0_lamp,19,212,26.066666666666666,-0.052911363542079926,-0.35795362659527646
COHFACE_s29_session0_lamp,19,213,26.1,-0.23828276991844177,-0.3568294554842959
COHFACE_s29_session0_lamp,19,214,26.133333333333333,-0.3886672258377075,-0.2774937668180174
COHFACE_s29_session0_lamp,19,215,26.166666666666668,-0.5083637237548828,-0.17310695807330398
COHFACE_s29_session0_lamp,19,216,26.2,-0.5941115021705627,-0.09783825107493913
COHFACE_s29_session0_lamp,19,217,26.233333333333334,-0.6590023040771484,-0.09211824180585163
COHFACE_s29_session0_lamp,19,218,26.266666666666666,-0.7192642688751221,-0.17210952628850892
COHFACE_s29_session0_lamp,19,219,26.3,-0.7816945910453796,-0.32745732372402764
COHFACE_s29_session0_lamp,19,220,26.333333333333332,-0.8437410593032837,-0.5275713015443306
COHFACE_s29_session0_lamp,19,221,26.366666666666667,-0.9091725945472717,-0.7325929100298073
COHFACE_s29_session0_lamp,19,222,26.4,-0.9676716923713684,-0.9040050060822062
COHFACE_s29_session0_lamp,19,223,26.433333333333334,-1.0228991508483887,-1.0116054924995366
COHFACE_s29_session0_lamp,19,224,26.466666666666665,-1.0693285465240479,-1.0363968650300432
COHFACE_s29_session0_lamp,19,225,26.5,-1.1078195571899414,-0.9708533086648075
COHFACE_s29_session0_lamp,19,226,26.533333333333335,-1.1358307600021362,-0.8180980627635397
COHFACE_s29_session0_lamp,19,227,26.566666666666666,-1.1441097259521484,-0.5905857965695753
COHFACE_s29_session0_lamp,19,228,26.6,-1.148084282875061,-0.3082444597782065
COHFACE_s29_session0_lamp,19,229,26.633333333333333,-1.1504637002944946,0.003941620436524843
COHFACE_s29_session0_lamp,19,230,26.666666666666668,-1.1687358617782593,0.3185707674432193
COHFACE_s29_session0_lamp,19,231,26.7,-1.1738784313201904,0.6081817333729918
COHFACE_s29_session0_lamp,19,232,26.733333333333334,-0.8697676658630371,0.8471427929400774
COHFACE_s29_session0_lamp,19,233,26.766666666666666,0.20236366987228394,1.0134555421144165
COHFACE_s29_session0_lamp,19,234,26.8,1.5099080801010132,1.091099863406151
COHFACE_s29_session0_lamp,19,235,26.833333333333332,2.133286952972412,1.0728518269248306
COHFACE_s29_session0_lamp,19,236,26.866666666666667,2.048431396484375,0.9621696639397944
COHFACE_s29_session0_lamp,19,237,26.9,1.7887600660324097,0.7725174961161397
COHFACE_s29_session0_lamp,19,238,26.933333333333334,1.664229154586792,0.5242876118335946
COHFACE_s29_session0_lamp,19,239,26.966666666666665,1.6600221395492554,0.24137039723477693
COHFACE_s29_session0_lamp,20,0,20.0,1.7405624389648438,0.03335081077114551
COHFACE_s29_session0_lamp,20,1,20.033333333333335,1.5087887048721313,0.38453257926216045
COHFACE_s29_session0_lamp,20,2,20.066666666666666,1.343225121498108,0.6497440090513099
COHFACE_s29_session0_lamp,20,3,20.1,1.3159818649291992,0.7723038651020335
COHFACE_s29_session0_lamp,20,4,20.133333333333333,1.2949788570404053,0.734271515138578
COHFACE_s29_session0_lamp,20,5,20.166666666666668,1.1171780824661255,0.5585255645488155
COHFACE_s29_session0_lamp,20,6,20.2,0.8244988918304443,0.29695837240828615
COHFACE_s29_session0_lamp,20,7,20.233333333333334,0.5918977856636047,0.010700448780808646
COHFACE_s29_session0_lamp,20,8,20.266666666666666,0.45024654269218445,-0.24869112575248123
COHFACE_s29_session0_lamp,20,9,20.3,0.3134513199329376,-0.4500654984816684
COHFACE_s29_session0_lamp,20,10,20.333333333333332,0.13924653828144073,-0.5835868177450155
COHFACE_s29_session0_lamp,20,11,20.366666666666667,-0.06643027812242508,-0.6548282406803354
COHFACE_s29_session0_lamp,20,12,20.4,-0.26472577452659607,-0.6773584165820641
COHFACE_s29_session0_lamp,20,13,20.433333333333334,-0.4210206866264343,-0.6674691262461394
COHFACE_s29_session0_lamp,20,14,20.466666666666665,-0.5436102151870728,-0.6407505737088174
COHFACE_s29_session0_lamp,20,15,20.5,-0.6371989846229553,-0.6079292653276885
COHFACE_s29_session0_lamp,20,16,20.533333333333335,-0.6986451745033264,-0.5693054620947813
COHFACE_s29_session0_lamp,20,17,20.566666666666666,-0.7516826391220093,-0.5112785949986698
COHFACE_s29_session0_lamp,20,18,20.6,-0.807634711265564,-0.4104379879651488
COHFACE_s29_session0_lamp,20,19,20.633333333333333,-0.8678858280181885,-0.24690801705074822
COHFACE_s29_session0_lamp,20,20,20.666666666666668,-0.9270175695419312,-0.020193790083163944
COHFACE_s29_session0_lamp,20,21,20.7,-0.9848514795303345,0.24439627706719957
COHFACE_s29_session0_lamp,20,22,20.733333333333334,-1.039267897605896,0.5059762492077906
COHFACE_s29_session0_lamp,20,23,20.766666666666666,-1.0757310390472412,0.7301556505426171
COHFACE_s29_session0_lamp,20,24,20.8,-1.0997244119644165,0.9075910044696281
COHFACE_s29_session0_lamp,20,25,20.833333333333332,-1.1251507997512817,1.0541614097650769
COHFACE_s29_session0_lamp,20,26,20.866666666666667,-1.1465107202529907,1.1914975486302535
COHFACE_s29_session0_lamp,20,27,20.9,-1.1732295751571655,1.3219666762920395
COHFACE_s29_session0_lamp,20,28,20.933333333333334,-1.0868436098098755,1.4165339627831357
COHFACE_s29_session0_lamp,20,29,20.966666666666665,-0.41783562302589417,1.4251182064767662
COHFACE_s29_session0_lamp,20,30,21.0,0.7756360769271851,1.3038531697514884
COHFACE_s29_session0_lamp,20,31,21.033333333333335,1.656593680381775,1.042332355293771
COHFACE_s29_session0_lamp,20,32,21.066666666666666,1.8259587287902832,0.6739530386538971
COHFACE_s29_session0_lamp,20,33,21.1,1.6356825828552246,0.2633096346950538
COHFACE_s29_session0_lamp,20,34,21.133333333333333,1.493409514427185,-0.12099286566397095
COHFACE_s29_session0_lamp,20,35,21.166666666666668,1.50179123878479,-0.43180650257346176
COHFACE_s29_session0_lamp,20,36,21.2,1.5298457145690918,-0.6547915889662971
COHFACE_s29_session0_lamp,20,37,21.233333333333334,1.3869940042495728,-0.8037755303253412
COHFACE_s29_session0_lamp,20,38,21.266666666666666,1.0651140213012695,-0.9066701458504438
COHFACE_s29_session0_lamp,20,39,21.3,0.7695688009262085,-0.9907718942604168
COHFACE_s29_session0_lamp,20,40,21.333333333333332,0.5836674571037292,-1.0731465404366531
COHFACE_s29_session0_lamp,20,41,21.366666666666667,0.4373765289783478,-1.1571249570629947
COHFACE_s29_session0_lamp,20,42,21.4,0.26950401067733765,-1.2333359423962362
COHFACE_s29_session0_lamp,20,43,21.433333333333334,0.0687318667769432,-1.2835802260113611
COHFACE_s29_session0_lamp,20,44,21.466666666666665,-0.1328243911266327,-1.286651058995571
COHFACE_s29_session0_lamp,20,45,21.5,-0.30317357182502747,-1.2254515658549439
COHFACE_s29_session0_lamp,20,46,21.533333333333335,-0.4419696033000946,-1.0938970196581632
COHFACE_s29_session0_lamp,20,47,21.566666666666666,-0.5533925294876099,-0.9009129679779329
COHFACE_s29_session0_lamp,20,48,21.6,-0.632575511932373,-0.668815679964886
COHFACE_s29_session0_lamp,20,49,21.633333333333333,-0.699537456035614,-0.4256345388091576
COHFACE_s29_session0_lamp,20,50,21.666666666666668,-0.7628167867660522,-0.19484115187027684
COHFACE_s29_session0_lamp,20,51,21.7,-0.8281726241111755,0.011766087792361539
COHFACE_s29_session0_lamp,20,52,21.733333333333334,-0.8947884440422058,0.1941403431239049
COHFACE_s29_session0_lamp,20,53,21.766666666666666,-0.9596306085586548,0.3578597641321726
COHFACE_s29_session0_lamp,20,54,21.8,-1.0223422050476074,0.5067471810477485
COHFACE_s29_session0_lamp,20,55,21.833333333333332,-1.0684254169464111,0.6396506711623253
COHFACE_s29_session0_lamp,20,56,21.866666666666667,-1.098280668258667,0.7530477191914321
COHFACE_s29_session0_lamp,20,57,21.9,-1.1287144422531128,0.8463027386511008
COHFACE_s29_session0_lamp,20,58,21.933333333333334,-1.1591373682022095,0.9243664008660993
COHFACE_s29_session0_lamp,20,59,21.966666666666665,-1.1756197214126587,0.9948388845525483
COHFACE_s29_session0_lamp,20,60,22.0,-1.1863374710083008,1.0610913546207905
COHFACE_s29_session0_lamp,20,61,22.033333333333335,-1.1866943836212158,1.1167584648463016
COHFACE_s29_session0_lamp,20,62,22.066666666666666,-1.1888574361801147,1.1463304407903745
COHFACE_s29_session0_lamp,20,63,22.1,-1.2102822065353394,1.132212485115226
COHFACE_s29_session0_lamp,20,64,22.133333333333333,-1.2132508754730225,1.0636243079628036
COHFACE_s29_session0_lamp,20,65,22.166666666666668,-0.8976004123687744,0.9411539346027551
COHFACE_s29_session0_lamp,20,66,22.2,0.12538154423236847,0.7743297710225245
COHFACE_s29_session0_lamp,20,67,22.233333333333334,1.336644172668457,0.575076708788527
COHFACE_s29_session0_lamp,20,68,22.266666666666666,1.9307032823562622,0.35275861695665095
COHFACE_s29_session0_lamp,20,69,22.3,1.8930882215499878,0.1145318159299614
COHFACE_s29_session0_lamp,20,70,22.333333333333332,1.698815941810608,-0.13050036477714666
COHFACE_s29_session0_lamp,20,71,22.366666666666667,1.6322218179702759,-0.3682735511658174
COHFACE_s29_session0_lamp,20,72,22.4,1.673270583152771,-0.5810825127809722
COHFACE_s29_session0_lamp,20,73,22.433333333333334,1.6507102251052856,-0.7522924217122274
COHFACE_s29_session0_lamp,20,74,22.466666666666665,1.4215213060379028,-0.8712956882000824
COHFACE_s29_session0_lamp,20,75,22.5,1.0961155891418457,-0.9359702836231897
COHFACE_s29_session0_lamp,20,76,22.533333333333335,0.8581393361091614,-0.9515293105113226
COHFACE_s29_session0_lamp,20,77,22.566666666666666,0.6982754468917847,-0.9265185508871272
COHFACE_s29_session0_lamp,20,78,22.6,0.53351229429245,-0.8681941242727457
COHFACE_s29_session0_lamp,20,79,22.633333333333333,0.33659571409225464,-0.7801206874591657
COHFACE_s29_session0_lamp,20,80,22.666666666666668,0.12156379222869873,-0.6640787590767265
COHFACE_s29_session0_lamp,20,81,22.7,-0.08022498339414597,-0.5256894936330756
COHFACE_s29_session0_lamp,20,82,22.733333333333334,-0.23866130411624908,-0.3795528680003782
COHFACE_s29_session0_lamp,20,83,22.766666666666666,-0.3627108931541443,-0.24873022471305972
COHFACE_s29_session0_lamp,20,84,22.8,-0.4669092893600464,-0.157171102973192
COHFACE_s29_session0_lamp,20,85,22.833333333333332,-0.552300214767456,-0.1192049380163936
COHFACE_s29_session0_lamp,20,86,22.866666666666667,-0.6233448386192322,-0.13284135684910475
COHFACE_s29_session0_lamp,20,87,22.9,-0.6895171999931335,-0.1811322794502093
COHFACE_s29_session0_lamp,20,88,22.933333333333334,-0.7559870481491089,-0.2398588717104049
COHFACE_s29_session0_lamp,20,89,22.966666666666665,-0.8259609341621399,-0.285685601213196
COHFACE_s29_session0_lamp,20,90,23.0,-0.891976535320282,-0.30042414214500324
COHFACE_s29_session0_lamp,20,91,23.033333333333335,-0.9501078724861145,-0.2715911986802542
COHFACE_s29_session0_lamp,20,92,23.066666666666666,-1.0023449659347534,-0.19229391223088113
COHFACE_s29_session0_lamp,20,93,23.1,-1.0470656156539917,-0.06273686255657378
COHFACE_s29_session0_lamp,20,94,23.133333333333333,-1.0752822160720825,0.10748943001736835
COHFACE_s29_session0_lamp,20,95,23.166666666666668,-1.091948390007019,0.29941963719667586
COHFACE_s29_session0_lamp,20,96,23.2,-1.1043479442596436,0.4890007307333154
COHFACE_s29_session0_lamp,20,97,23.233333333333334,-1.1106747388839722,0.6541438537621689
COHFACE_s29_session0_lamp,20,98,23.266666666666666,-1.1098636388778687,0.7802104474503783
COHFACE_s29_session0_lamp,20,99,23.3,-1.1107559204101562,0.8604091655643851
COHFACE_s29_session0_lamp,20,100,23.333333333333332,-1.1263405084609985,0.8920672556322438
COHFACE_s29_session0_lamp,20,101,23.366666666666667,-1.1106152534484863,0.8733908704216363
COHFACE_s29_session0_lamp,20,102,23.4,-0.687262237071991,0.8042423293657368
COHFACE_s29_session0_lamp,20,103,23.433333333333334,0.4340454638004303,0.6903025876451979
COHFACE_s29_session0_lamp,20,104,23.466666666666665,1.5807255506515503,0.5467680270293713
COHFACE_s29_session0_lamp,20,105,23.5,2.0398712158203125,0.39768787511543285
COHFACE_s29_session0_lamp,20,106,23.533333333333335,1.9067802429199219,0.26995892937972055
COHFACE_s29_session0_lamp,20,107,23.566666666666666,1.6518782377243042,0.184454343882409
COHFACE_s29_session0_lamp,20,108,23.6,1.5407960414886475,0.14835162713148875
COHFACE_s29_session0_lamp,20,109,23.633333333333333,1.5508054494857788,0.15211399846553558
COHFACE_s29_session0_lamp,20,110,23.666666666666668,1.4863256216049194,0.17261871374802992
COHFACE_s29_session0_lamp,20,111,23.7,1.250701665878296,0.18134912863545902
COHFACE_s29_session0_lamp,20,112,23.733333333333334,1.0027917623519897,0.1542388474762871
COHFACE_s29_session0_lamp,20,113,23.766666666666666,0.8460264205932617,0.07892142220219828
COHFACE_s29_session0_lamp,20,114,23.8,0.7214847207069397,-0.04346690446645201
COHFACE_s29_session0_lamp,20,115,23.833333333333332,0.5603067874908447,-0.20172578117620335
COHFACE_s29_session0_lamp,20,116,23.866666666666667,0.3535051643848419,-0.38007402682915165
COHFACE_s29_session0_lamp,20,117,23.9,0.13511516153812408,-0.561888281735522
COHFACE_s29_session0_lamp,20,118,23.933333333333334,-0.056431688368320465,-0.7304877461628175
COHFACE_s29_session0_lamp,20,119,23.966666666666665,-0.207118958234787,-0.8691333931530547
COHFACE_s29_session0_lamp,20,120,24.0,-0.31761178374290466,-0.9634003453084157
COHFACE_s29_session0_lamp,20,121,24.033333333333335,-0.39916330575942993,-1.0063708791546921
COHFACE_s29_session0_lamp,20,122,24.066666666666666,-0.4651680588722229,-1.0025872768842057
COHFACE_s29_session0_lamp,20,123,24.1,-0.5299669504165649,-0.9655579107789486
COHFACE_s29_session0_lamp,20,124,24.133333333333333,-0.600124716758728,-0.9085532427232239
COHFACE_s29_session0_lamp,20,125,24.166666666666668,-0.6777827739715576,-0.8349916033863779
COHFACE_s29_session0_lamp,20,126,24.2,-0.7425005435943604,-0.7364754322087526
COHFACE_s29_session0_lamp,20,127,24.233333333333334,-0.7977334260940552,-0.6012325469456719
COHFACE_s29_session0_lamp,20,128,24.266666666666666,-0.8543398976325989,-0.42669588177305245
COHFACE_s29_session0_lamp,20,129,24.3,-0.8995850086212158,-0.2254337129647854
COHFACE_s29_session0_lamp,20,130,24.333333333333332,-0.9374812245368958,-0.018845897667181317
COHFACE_s29_session0_lamp,20,131,24.366666666666667,-0.971062183380127,0.1765538296322392
COHFACE_s29_session0_lamp,20,132,24.4,-1.0067683458328247,0.3586781877419672
COHFACE_s29_session0_lamp,20,133,24.433333333333334,-1.011618971824646,0.5364819781597344
COHFACE_s29_session0_lamp,20,134,24.466666666666665,-0.6319536566734314,0.7161032158897327
COHFACE_s29_session0_lamp,20,135,24.5,0.4433951675891876,0.888431009690756
COHFACE_s29_session0_lamp,20,136,24.533333333333335,1.560831069946289,1.028805740783784
COHFACE_s29_session0_lamp,20,137,24.566666666666666,1.9624402523040771,1.1096073235094843
COHFACE_s29_session0_lamp,20,138,24.6,1.7638744115829468,1.1162287941325635
COHFACE_s29_session0_lamp,20,139,24.633333333333333,1.4701570272445679,1.0545993127998312
COHFACE_s29_session0_lamp,20,140,24.666666666666668,1.3345081806182861,0.9460540271684676
COHFACE_s29_session0_lamp,20,141,24.7,1.3228764533996582,0.8152373539505607
COHFACE_s29_session0_lamp,20,142,24.733333333333334,1.2343599796295166,0.6801350293154392
COHFACE_s29_session0_lamp,20,143,24.766666666666666,0.9744723439216614,0.5495156111860793
COHFACE_s29_session0_lamp,20,144,24.8,0.7132273316383362,0.42657967708252514
COHFACE_s29_session0_lamp,20,145,24.833333333333332,0.5557103157043457,0.313602163739256
COHFACE_s29_session0_lamp,20,146,24.866666666666667,0.42531225085258484,0.21336385262234994
COHFACE_s29_session0_lamp,20,147,24.9,0.26061397790908813,0.12711724076269365
COHFACE_s29_session0_lamp,20,148,24.933333333333334,0.049237582832574844,0.05192428789321188
COHFACE_s29_session0_lamp,20,149,24.966666666666665,-0.16934169828891754,-0.019555033786236152
COHFACE_s29_session0_lamp,20,150,25.0,-0.359385222196579,-0.09605801064833676
COHFACE_s29_session0_lamp,20,151,25.033333333333335,-0.5103158354759216,-0.1834354235262281
COHFACE_s29_session0_lamp,20,152,25.066666666666666,-0.6176722645759583,-0.28194104424702054
COHFACE_s29_session0_lamp,20,153,25.1,-0.6903932690620422,-0.38670996849841877
COHFACE_s29_session0_lamp,20,154,25.133333333333333,-0.7446419596672058,-0.4907789590703653
COHFACE_s29_session0_lamp,20,155,25.166666666666668,-0.7942076921463013,-0.5884544480899152
COHFACE_s29_session0_lamp,20,156,25.2,-0.8494243621826172,-0.6770578346375583
COHFACE_s29_session0_lamp,20,157,25.233333333333334,-0.9092807769775391,-0.7564337050457557
COHFACE_s29_session0_lamp,20,158,25.266666666666666,-0.9685044288635254,-0.8268891627603967
COHFACE_s29_session0_lamp,20,159,25.3,-1.0296099185943604,-0.8869746321635446
COHFACE_s29_session0_lamp,20,160,25.333333333333332,-1.084296703338623,-0.9325906870928788
COHFACE_s29_session0_lamp,20,161,25.366666666666667,-1.128200650215149,-0.9580030018489092
COHFACE_s29_session0_lamp,20,162,25.4,-1.1566985845565796,-0.9577902255339634
COHFACE_s29_session0_lamp,20,163,25.433333333333334,-1.167367696762085,-0.9280743233850933
COHFACE_s29_session0_lamp,20,164,25.466666666666665,-1.1848233938217163,-0.8664548387040275
COHFACE_s29_session0_lamp,20,165,25.5,-1.211320400238037,-0.7714549435950141
COHFACE_s29_session0_lamp,20,166,25.533333333333335,-1.182135820388794,-0.6423413977763597
COHFACE_s29_session0_lamp,20,167,25.566666666666666,-0.6933349370956421,-0.4792041996211157
COHFACE_s29_session0_lamp,20,168,25.6,0.5279803276062012,-0.28254371624860736
COHFACE_s29_session0_lamp,20,169,25.633333333333333,1.6910182237625122,-0.05241283284047307
COHFACE_s29_session0_lamp,20,170,25.666666666666668,2.0752367973327637,0.21104591459326477
COHFACE_s29_session0_lamp,20,171,25.7,1.8836466073989868,0.5036407384507124
COHFACE_s29_session0_lamp,20,172,25.733333333333334,1.6349742412567139,0.810657067896165
COHFACE_s29_session0_lamp,20,173,25.766666666666666,1.5558290481567383,1.1024452139392769
COHFACE_s29_session0_lamp,20,174,25.8,1.57771897315979,1.3374240129956498
COHFACE_s29_session0_lamp,20,175,25.833333333333332,1.5029268264770508,1.4741712603273394
COHFACE_s29_session0_lamp,20,176,25.866666666666667,1.2218307256698608,1.4878574135129468
COHFACE_s29_session0_lamp,20,177,25.9,0.897014319896698,1.3821752020383151
COHFACE_s29_session0_lamp,20,178,25.933333333333334,0.6838750839233398,1.1898580254220934
COHFACE_s29_session0_lamp,20,179,25.966666666666665,0.5394443869590759,0.9611077192074363
COHFACE_s29_session0_lamp,20,180,26.0,0.3701496720314026,0.745388758616816
COHFACE_s29_session0_lamp,20,181,26.033333333333335,0.16306687891483307,0.5748750691509426
COHFACE_s29_session0_lamp,20,182,26.066666666666666,-0.052911363542079926,0.4563305411093805
COHFACE_s29_session0_lamp,20,183,26.1,-0.23828276991844177,0.3737608768342222
COHFACE_s29_session0_lamp,20,184,26.133333333333333,-0.3886672258377075,0.2993090287838418
COHFACE_s29_session0_lamp,20,185,26.166666666666668,-0.5083637237548828,0.20665611942909895
COHFACE_s29_session0_lamp,20,186,26.2,-0.5941115021705627,0.08081964838860936
COHFACE_s29_session0_lamp,20,187,26.233333333333334,-0.6590023040771484,-0.07915639141249996
COHFACE_s29_session0_lamp,20,188,26.266666666666666,-0.7192642688751221,-0.26386364356335007
COHFACE_s29_session0_lamp,20,189,26.3,-0.7816945910453796,-0.45959253526635674
COHFACE_s29_session0_lamp,20,190,26.333333333333332,-0.8437410593032837,-0.6527604181179446
COHFACE_s29_session0_lamp,20,191,26.366666666666667,-0.9091725945472717,-0.8312186118100376
COHFACE_s29_session0_lamp,20,192,26.4,-0.9676716923713684,-0.9839446216667739
COHFACE_s29_session0_lamp,20,193,26.433333333333334,-1.0228991508483887,-1.101576323837969
COHFACE_s29_session0_lamp,20,194,26.466666666666665,-1.0693285465240479,-1.1783823527758694
COHFACE_s29_session0_lamp,20,195,26.5,-1.1078195571899414,-1.213842474582065
COHFACE_s29_session0_lamp,20,196,26.533333333333335,-1.1358307600021362,-1.2116344773311385
COHFACE_s29_session0_lamp,20,197,26.566666666666666,-1.1441097259521484,-1.1756328637104074
COHFACE_s29_session0_lamp,20,198,26.6,-1.148084282875061,-1.1050179011246943
COHFACE_s29_session0_lamp,20,199,26.633333333333333,-1.1504637002944946,-0.9920759602527537
COHFACE_s29_session0_lamp,20,200,26.666666666666668,-1.1687358617782593,-0.8254780081198395
COHFACE_s29_session0_lamp,20,201,26.7,-1.1738784313201904,-0.5984267245984595
COHFACE_s29_session0_lamp,20,202,26.733333333333334,-0.8697676658630371,-0.3167603527298283
COHFACE_s29_session0_lamp,20,203,26.766666666666666,0.20236366987228394,-0.0009028423138997318
COHFACE_s29_session0_lamp,20,204,26.8,1.5099080801010132,0.32034657534134897
COHFACE_s29_session0_lamp,20,205,26.833333333333332,2.133286952972412,0.61990598085684
COHFACE_s29_session0_lamp,20,206,26.866666666666667,2.048431396484375,0.8788777968213365
COHFACE_s29_session0_lamp,20,207,26.9,1.7887600660324097,1.084973754573129
COHFACE_s29_session0_lamp,20,208,26.933333333333334,1.664229154586792,1.226227078843813
COHFACE_s29_session0_lamp,20,209,26.966666666666665,1.6600221395492554,1.2880952879847827
COHFACE_s29_session0_lamp,20,210,27.0,1.618080973625183,1.2584498729498448
COHFACE_s29_session0_lamp,20,211,27.033333333333335,1.3835439682006836,1.1370898761340296
COHFACE_s29_session0_lamp,20,212,27.066666666666666,1.052757740020752,0.9418531807878637
COHFACE_s29_session0_lamp,20,213,27.1,0.8110178112983704,0.7056246739837342
COHFACE_s29_session0_lamp,20,214,27.133333333333333,0.6490125060081482,0.46566972110063737
COHFACE_s29_session0_lamp,20,215,27.166666666666668,0.4853038191795349,0.2522863975775401
COHFACE_s29_session0_lamp,20,216,27.2,0.2787671983242035,0.08289765952940444
COHFACE_s29_session0_lamp,20,217,27.233333333333334,0.05284443125128746,-0.03738131856890513
COHFACE_s29_session0_lamp,20,218,27.266666666666666,-0.1560553014278412,-0.11187146093544026
COHFACE_s29_session0_lamp,20,219,27.3,-0.3241495192050934,-0.14897185928570367
COHFACE_s29_session0_lamp,20,220,27.333333333333332,-0.4568025469779968,-0.16063145773343557
COHFACE_s29_session0_lamp,20,221,27.366666666666667,-0.554695725440979,-0.16122841104640748
COHFACE_s29_session0_lamp,20,222,27.4,-0.6297527551651001,-0.16508192548513217
COHFACE_s29_session0_lamp,20,223,27.433333333333334,-0.69357830286026,-0.18256701639559145
COHFACE_s29_session0_lamp,20,224,27.466666666666665,-0.7555814385414124,-0.21670640865507956
COHFACE_s29_session0_lamp,20,225,27.5,-0.8197044134140015,-0.2624848223372343
COHFACE_s29_session0_lamp,20,226,27.533333333333335,-0.8876180648803711,-0.3095700336412736
COHFACE_s29_session0_lamp,20,227,27.566666666666666,-0.9538661241531372,-0.3470495346584448
COHFACE_s29_session0_lamp,20,228,27.6,-1.0129330158233643,-0.36784601357500474
COHFACE_s29_session0_lamp,20,229,27.633333333333333,-1.0673925876617432,-0.3708783565781592
COHFACE_s29_session0_lamp,20,230,27.666666666666668,-1.1117401123046875,-0.3602061972423752
COHFACE_s29_session0_lamp,20,231,27.7,-1.1438339948654175,-0.34185296038755353
COHFACE_s29_session0_lamp,20,232,27.733333333333334,-1.1625441312789917,-0.3201930995855059
COHFACE_s29_session0_lamp,20,233,27.766666666666666,-1.1709529161453247,-0.29592757467598046
COHFACE_s29_session0_lamp,20,234,27.8,-1.1699200868606567,-0.2665114126337397
COHFACE_s29_session0_lamp,20,235,27.833333333333332,-1.1693576574325562,-0.22833769806813642
COHFACE_s29_session0_lamp,20,236,27.866666666666667,-1.188673496246338,-0.17914760466707727
COHFACE_s29_session0_lamp,20,237,27.9,-1.1895009279251099,-0.11938038867291846
COHFACE_s29_session0_lamp,20,238,27.933333333333334,-0.8267126083374023,-0.052134571769102384
COHFACE_s29_session0_lamp,20,239,27.966666666666665,0.2848561108112335,0.017691385137266865
COHFACE_s29_session0_lamp,21,0,21.0,0.7756360769271851,0.03841025360437866
COHFACE_s29_session0_lamp,21,1,21.033333333333335,1.656593680381775,0.5014349293410445
COHFACE_s29_session0_lamp,21,2,21.066666666666666,1.8259587287902832,0.8894454882310121
COHFACE_s29_session0_lamp,21,3,21.1,1.6356825828552246,1.151847078673077
COHFACE_s29_session0_lamp,21,4,21.133333333333333,1.493409514427185,1.2751865784966834
COHFACE_s29_session0_lamp,21,5,21.166666666666668,1.50179123878479,1.2828336585625042
COHFACE_s29_session0_lamp,21,6,21.2,1.5298457145690918,1.2193431461652655
COHFACE_s29_session0_lamp,21,7,21.233333333333334,1.3869940042495728,1.126943382765129
COHFACE_s29_session0_lamp,21,8,21.266666666666666,1.0651140213012695,1.0256195582085357
COHFACE_s29_session0_lamp,21,9,21.3,0.7695688009262085,0.9067155533858068
COHFACE_s29_session0_lamp,21,10,21.333333333333332,0.5836674571037292,0.7439523115427317
COHFACE_s29_session0_lamp,21,11,21.366666666666667,0.4373765289783478,0.5164439618461787
COHFACE_s29_session0_lamp,21,12,21.4,0.26950401067733765,0.2295890512644824
COHFACE_s29_session0_lamp,21,13,21.433333333333334,0.0687318667769432,-0.08022270237568949
COHFACE_s29_session0_lamp,21,14,21.466666666666665,-0.1328243911266327,-0.3595763155657676
COHFACE_s29_session0_lamp,21,15,21.5,-0.30317357182502747,-0.5605105274923263
COHFACE_s29_session0_lamp,21,16,21.533333333333335,-0.4419696033000946,-0.6584872628189623
COHFACE_s29_session0_lamp,21,17,21.566666666666666,-0.5533925294876099,-0.6581912034661964
COHFACE_s29_session0_lamp,21,18,21.6,-0.632575511932373,-0.5864408177864981
COHFACE_s29_session0_lamp,21,19,21.633333333333333,-0.699537456035614,-0.4774038852937546
COHFACE_s29_session0_lamp,21,20,21.666666666666668,-0.7628167867660522,-0.3590068693478181
COHFACE_s29_session0_lamp,21,21,21.7,-0.8281726241111755,-0.24788183698228342
COHFACE_s29_session0_lamp,21,22,21.733333333333334,-0.8947884440422058,-0.15309853178013225
COHFACE_s29_session0_lamp,21,23,21.766666666666666,-0.9596306085586548,-0.08239203822176389
COHFACE_s29_session0_lamp,21,24,21.8,-1.0223422050476074,-0.044382829284448325
COHFACE_s29_session0_lamp,21,25,21.833333333333332,-1.0684254169464111,-0.04518055194202778
COHFACE_s29_session0_lamp,21,26,21.866666666666667,-1.098280668258667,-0.08288067692030844
COHFACE_s29_session0_lamp,21,27,21.9,-1.1287144422531128,-0.1449503844939536
COHFACE_s29_session0_lamp,21,28,21.933333333333334,-1.1591373682022095,-0.21067538482694387
COHFACE_s29_session0_lamp,21,29,21.966666666666665,-1.1756197214126587,-0.25704308833885026
COHFACE_s29_session0_lamp,21,30,22.0,-1.1863374710083008,-0.2651066847147474
COHFACE_s29_session0_lamp,21,31,22.033333333333335,-1.1866943836212158,-0.22467634734138292
COHFACE_s29_session0_lamp,21,32,22.066666666666666,-1.1888574361801147,-0.13629139593576933
COHFACE_s29_session0_lamp,21,33,22.1,-1.2102822065353394,-0.010354484467424332
COHFACE_s29_session0_lamp,21,34,22.133333333333333,-1.2132508754730225,0.13579748193019345
COHFACE_s29_session0_lamp,21,35,22.166666666666668,-0.8976004123687744,0.2815010177360727
COHFACE_s29_session0_lamp,21,36,22.2,0.12538154423236847,0.40573616131331275
COHFACE_s29_session0_lamp,21,37,22.233333333333334,1.336644172668457,0.48906801116200244
COHFACE_s29_session0_lamp,21,38,22.266666666666666,1.9307032823562622,0.5154507103186486
COHFACE_s29_session0_lamp,21,39,22.3,1.8930882215499878,0.4750494364905048
COHFACE_s29_session0_lamp,21,40,22.333333333333332,1.698815941810608,0.36785024804631894
COHFACE_s29_session0_lamp,21,41,22.366666666666667,1.6322218179702759,0.20623110401087907
COHFACE_s29_session0_lamp,21,42,22.4,1.673270583152771,0.014530405831236678
COHFACE_s29_session0_lamp,21,43,22.433333333333334,1.6507102251052856,-0.1750706084545784
COHFACE_s29_session0_lamp,21,44,22.466666666666665,1.4215213060379028,-0.3293579116862459
COHFACE_s29_session0_lamp,21,45,22.5,1.0961155891418457,-0.4214161151883407
COHFACE_s29_session0_lamp,21,46,22.533333333333335,0.8581393361091614,-0.4361306591468987
COHFACE_s29_session0_lamp,21,47,22.566666666666666,0.6982754468917847,-0.3723038064672895
COHFACE_s29_session0_lamp,21,48,22.6,0.53351229429245,-0.24125590061844834
COHFACE_s29_session0_lamp,21,49,22.633333333333333,0.33659571409225464,-0.06345640643838936
COHFACE_s29_session0_lamp,21,50,22.666666666666668,0.12156379222869873,0.13427153649176524
COHFACE_s29_session0_lamp,21,51,22.7,-0.08022498339414597,0.3197739975654314
COHFACE_s29_session0_lamp,21,52,22.733333333333334,-0.23866130411624908,0.45705670529153003
COHFACE_s29_session0_lamp,21,53,22.766666666666666,-0.3627108931541443,0.5119412137943804
COHFACE_s29_session0_lamp,21,54,22.8,-0.4669092893600464,0.46227979761132976
COHFACE_s29_session0_lamp,21,55,22.833333333333332,-0.552300214767456,0.30821224140901954
COHFACE_s29_session0_lamp,21,56,22.866666666666667,-0.6233448386192322,0.07619889121071667
COHFACE_s29_session0_lamp,21,57,22.9,-0.6895171999931335,-0.1866705355802452
COHFACE_s29_session0_lamp,21,58,22.933333333333334,-0.7559870481491089,-0.42624837852218245
COHFACE_s29_session0_lamp,21,59,22.966666666666665,-0.8259609341621399,-0.596860733369624
COHFACE_s29_session0_lamp,21,60,23.0,-0.891976535320282,-0.6727467701368812
COHFACE_s29_session0_lamp,21,61,23.033333333333335,-0.9501078724861145,-0.6520603034311644
COHFACE_s29_session0_lamp,21,62,23.066666666666666,-1.0023449659347534,-0.5531877352033291
COHFACE_s29_session0_lamp,21,63,23.1,-1.0470656156539917,-0.4056597678799657
COHFACE_s29_session0_lamp,21,64,23.133333333333333,-1.0752822160720825,-0.23967007069258964
COHFACE_s29_session0_lamp,21,65,23.166666666666668,-1.091948390007019,-0.07864146733175413
COHFACE_s29_session0_lamp,21,66,23.2,-1.1043479442596436,0.062194263074707455
COHFACE_s29_session0_lamp,21,67,23.233333333333334,-1.1106747388839722,0.1718498526520059
COHFACE_s29_session0_lamp,21,68,23.266666666666666,-1.1098636388778687,0.23911844179096942
COHFACE_s29_session0_lamp,21,69,23.3,-1.1107559204101562,0.25318010535423796
COHFACE_s29_session0_lamp,21,70,23.333333333333332,-1.1263405084609985,0.21023844831900762
COHFACE_s29_session0_lamp,21,71,23.366666666666667,-1.1106152534484863,0.12128375730757257
COHFACE_s29_session0_lamp,21,72,23.4,-0.687262237071991,0.014285592447908422
COHFACE_s29_session0_lamp,21,73,23.433333333333334,0.4340454638004303,-0.07249065299192493
COHFACE_s29_session0_lamp,21,74,23.466666666666665,1.5807255506515503,-0.10339152380565901
COHFACE_s29_session0_lamp,21,75,23.5,2.0398712158203125,-0.0578202164443556
COHFACE_s29_session0_lamp,21,76,23.533333333333335,1.9067802429199219,0.06368599079607966
COHFACE_s29_session0_lamp,21,77,23.566666666666666,1.6518782377243042,0.24156570505786085
COHFACE_s29_session0_lamp,21,78,23.6,1.5407960414886475,0.4452753076655813
COHFACE_s29_session0_lamp,21,79,23.633333333333333,1.5508054494857788,0.6428363322114246
COHFACE_s29_session0_lamp,21,80,23.666666666666668,1.4863256216049194,0.8076820308763226
COHFACE_s29_session0_lamp,21,81,23.7,1.250701665878296,0.9208296093658811
COHFACE_s29_session0_lamp,21,82,23.733333333333334,1.0027917623519897,0.9693863602723161
COHFACE_s29_session0_lamp,21,83,23.766666666666666,0.8460264205932617,0.9442011087116617
COHFACE_s29_session0_lamp,21,84,23.8,0.7214847207069397,0.8390423946374607
COHFACE_s29_session0_lamp,21,85,23.833333333333332,0.5603067874908447,0.6520386932195988
COHFACE_s29_session0_lamp,21,86,23.866666666666667,0.3535051643848419,0.3887618894932745
COHFACE_s29_session0_lamp,21,87,23.9,0.13511516153812408,0.06556675335757396
COHFACE_s29_session0_lamp,21,88,23.933333333333334,-0.056431688368320465,-0.2887049677268977
COHFACE_s29_session0_lamp,21,89,23.966666666666665,-0.207118958234787,-0.634860770379326
COHFACE_s29_session0_lamp,21,90,24.0,-0.31761178374290466,-0.9309897250741763
COHFACE_s29_session0_lamp,21,91,24.033333333333335,-0.39916330575942993,-1.1443419303670181
COHFACE_s29_session0_lamp,21,92,24.066666666666666,-0.4651680588722229,-1.26164998006705
COHFACE_s29_session0_lamp,21,93,24.1,-0.5299669504165649,-1.2908835348844736
COHFACE_s29_session0_lamp,21,94,24.133333333333333,-0.600124716758728,-1.2527183332898049
COHFACE_s29_session0_lamp,21,95,24.166666666666668,-0.6777827739715576,-1.1675175566860188
COHFACE_s29_session0_lamp,21,96,24.2,-0.7425005435943604,-1.0468304841969864
COHFACE_s29_session0_lamp,21,97,24.233333333333334,-0.7977334260940552,-0.8946130941061124
COHFACE_s29_session0_lamp,21,98,24.266666666666666,-0.8543398976325989,-0.7151209356739232
COHFACE_s29_session0_lamp,21,99,24.3,-0.8995850086212158,-0.5189130894440221
COHFACE_s29_session0_lamp,21,100,24.333333333333332,-0.9374812245368958,-0.3208374805089091
COHFACE_s29_session0_lamp,21,101,24.366666666666667,-0.971062183380127,-0.13156821649277825
COHFACE_s29_session0_lamp,21,102,24.4,-1.0067683458328247,0.04946673881881992
COHFACE_s29_session0_lamp,21,103,24.433333333333334,-1.011618971824646,0.23241248766146896
COHFACE_s29_session0_lamp,21,104,24.466666666666665,-0.6319536566734314,0.42663568535478835
COHFACE_s29_session0_lamp,21,105,24.5,0.4433951675891876,0.6294222479017437
COHFACE_s29_session0_lamp,21,106,24.533333333333335,1.560831069946289,0.8224935215511625
COHFACE_s29_session0_lamp,21,107,24.566666666666666,1.9624402523040771,0.9793074793161128
COHFACE_s29_session0_lamp,21,108,24.6,1.7638744115829468,1.0781698573359766
COHFACE_s29_session0_lamp,21,109,24.633333333333333,1.4701570272445679,1.1121646028625105
COHFACE_s29_session0_lamp,21,110,24.666666666666668,1.3345081806182861,1.089886409140278
COHFACE_s29_session0_lamp,21,111,24.7,1.3228764533996582,1.0277831275730531
COHFACE_s29_session0_lamp,21,112,24.733333333333334,1.2343599796295166,0.9401630701843174
COHFACE_s29_session0_lamp,21,113,24.766666666666666,0.9744723439216614,0.8335684869964244
COHFACE_s29_session0_lamp,21,114,24.8,0.7132273316383362,0.7084168662842536
COHFACE_s29_session0_lamp,21,115,24.833333333333332,0.5557103157043457,0.5654880805757156
COHFACE_s29_session0_lamp,21,116,24.866666666666667,0.42531225085258484,0.4116218747951988
COHFACE_s29_session0_lamp,21,117,24.9,0.26061397790908813,0.25997139509593015
COHFACE_s29_session0_lamp,21,118,24.933333333333334,0.049237582832574844,0.12462591280143706
COHFACE_s29_session0_lamp,21,119,24.966666666666665,-0.16934169828891754,0.013647600652973069
COHFACE_s29_session0_lamp,21,120,25.0,-0.359385222196579,-0.07473679356485109
COHFACE_s29_session0_lamp,21,121,25.033333333333335,-0.5103158354759216,-0.15053065242674804
COHFACE_s29_session0_lamp,21,122,25.066666666666666,-0.6176722645759583,-0.22607553795031782
COHFACE_s29_session0_lamp,21,123,25.1,-0.6903932690620422,-0.3095049325542983
COHFACE_s29_session0_lamp,21,124,25.133333333333333,-0.7446419596672058,-0.4016563001958027
COHFACE_s29_session0_lamp,21,125,25.166666666666668,-0.7942076921463013,-0.4984090785213986
COHFACE_s29_session0_lamp,21,126,25.2,-0.8494243621826172,-0.596535137501408
COHFACE_s29_session0_lamp,21,127,25.233333333333334,-0.9092807769775391,-0.6983546180897197
COHFACE_s29_session0_lamp,21,128,25.266666666666666,-0.9685044288635254,-0.8111317487759786
COHFACE_s29_session0_lamp,21,129,25.3,-1.0296099185943604,-0.9408161657851893
COHFACE_s29_session0_lamp,21,130,25.333333333333332,-1.084296703338623,-1.0839578669093946
COHFACE_s29_session0_lamp,21,131,25.366666666666667,-1.128200650215149,-1.2232995622376086
COHFACE_s29_session0_lamp,21,132,25.4,-1.1566985845565796,-1.3303160331579342
COHFACE_s29_session0_lamp,21,133,25.433333333333334,-1.167367696762085,-1.373915893807
COHFACE_s29_session0_lamp,21,134,25.466666666666665,-1.1848233938217163,-1.331502925602791
COHFACE_s29_session0_lamp,21,135,25.5,-1.211320400238037,-1.1973440881553403
COHFACE_s29_session0_lamp,21,136,25.533333333333335,-1.182135820388794,-0.9836820135083054
COHFACE_s29_session0_lamp,21,137,25.566666666666666,-0.6933349370956421,-0.7130410437074007
COHFACE_s29_session0_lamp,21,138,25.6,0.5279803276062012,-0.4053675296755325
COHFACE_s29_session0_lamp,21,139,25.633333333333333,1.6910182237625122,-0.06794247471370339
COHFACE_s29_session0_lamp,21,140,25.666666666666668,2.0752367973327637,0.3041510923434288
COHFACE_s29_session0_lamp,21,141,25.7,1.8836466073989868,0.7152593213086871
COHFACE_s29_session0_lamp,21,142,25.733333333333334,1.6349742412567139,1.1515698588353378
COHFACE_s29_session0_lamp,21,143,25.766666666666666,1.5558290481567383,1.571368776051149
COHFACE_s29_session0_lamp,21,144,25.8,1.57771897315979,1.9117799565229547
COHFACE_s29_session0_lamp,21,145,25.833333333333332,1.5029268264770508,2.1103032632942775
COHFACE_s29_session0_lamp,21,146,25.866666666666667,1.2218307256698608,2.1300526651966276
COHFACE_s29_session0_lamp,21,147,25.9,0.897014319896698,1.9752148951437145
COHFACE_s29_session0_lamp,21,148,25.933333333333334,0.6838750839233398,1.6893600515699387
COHFACE_s29_session0_lamp,21,149,25.966666666666665,0.5394443869590759,1.3387256172704738
COHFACE_s29_session0_lamp,21,150,26.0,0.3701496720314026,0.9890623080934707
COHFACE_s29_session0_lamp,21,151,26.033333333333335,0.16306687891483307,0.6859616222716506
COHFACE_s29_session0_lamp,21,152,26.066666666666666,-0.052911363542079926,0.44573210294606846
COHFACE_s29_session0_lamp,21,153,26.1,-0.23828276991844177,0.25858812338652465
COHFACE_s29_session0_lamp,21,154,26.133333333333333,-0.3886672258377075,0.10043713906690513
COHFACE_s29_session0_lamp,21,155,26.166666666666668,-0.5083637237548828,-0.05352474412816134
COHFACE_s29_session0_lamp,21,156,26.2,-0.5941115021705627,-0.21949374210447692
COHFACE_s29_session0_lamp,21,157,26.233333333333334,-0.6590023040771484,-0.40255790457699453
COHFACE_s29_session0_lamp,21,158,26.266666666666666,-0.7192642688751221,-0.5995014653700904
COHFACE_s29_session0_lamp,21,159,26.3,-0.7816945910453796,-0.8031839161637062
COHFACE_s29_session0_lamp,21,160,26.333333333333332,-0.8437410593032837,-1.0054044432194904
COHFACE_s29_session0_lamp,21,161,26.366666666666667,-0.9091725945472717,-1.197494709985195
COHFACE_s29_session0_lamp,21,162,26.4,-0.9676716923713684,-1.3698878806049921
COHFACE_s29_session0_lamp,21,163,26.433333333333334,-1.0228991508483887,-1.5123114655172711
COHFACE_s29_session0_lamp,21,164,26.466666666666665,-1.0693285465240479,-1.6150502232325565
COHFACE_s29_session0_lamp,21,165,26.5,-1.1078195571899414,-1.6702410908611296
COHFACE_s29_session0_lamp,21,166,26.533333333333335,-1.1358307600021362,-1.6718358242784828
COHFACE_s29_session0_lamp,21,167,26.566666666666666,-1.1441097259521484,-1.6140368581598339
COHFACE_s29_session0_lamp,21,168,26.6,-1.148084282875061,-1.4897971206996488
COHFACE_s29_session0_lamp,21,169,26.633333333333333,-1.1504637002944946,-1.291644916939554
COHFACE_s29_session0_lamp,21,170,26.666666666666668,-1.1687358617782593,-1.0156486395396112
COHFACE_s29_session0_lamp,21,171,26.7,-1.1738784313201904,-0.6668129431454575
COHFACE_s29_session0_lamp,21,172,26.733333333333334,-0.8697676658630371,-0.26252001416152093
COHFACE_s29_session0_lamp,21,173,26.766666666666666,0.20236366987228394,0.16891275546672968
COHFACE_s29_session0_lamp,21,174,26.8,1.5099080801010132,0.5948483486010862
COHFACE_s29_session0_lamp,21,175,26.833333333333332,2.133286952972412,0.9869767910995155
COHFACE_s29_session0_lamp,21,176,26.866666666666667,2.048431396484375,1.3268725461361963
COHFACE_s29_session0_lamp,21,177,26.9,1.7887600660324097,1.6049734212849596
COHFACE_s29_session0_lamp,21,178,26.933333333333334,1.664229154586792,1.8144321810493396
COHFACE_s29_session0_lamp,21,179,26.966666666666665,1.6600221395492554,1.945326807313821
COHFACE_s29_session0_lamp,21,180,27.0,1.618080973625183,1.984154255043519
COHFACE_s29_session0_lamp,21,181,27.033333333333335,1.3835439682006836,1.9194708398465608
COHFACE_s29_session0_lamp,21,182,27.066666666666666,1.052757740020752,1.7503395014352892
COHFACE_s29_session0_lamp,21,183,27.1,0.8110178112983704,1.4921849014455961
COHFACE_s29_session0_lamp,21,184,27.133333333333333,0.6490125060081482,1.1756719679185346
COHFACE_s29_session0_lamp,21,185,27.166666666666668,0.4853038191795349,0.838089889978383
COHFACE_s29_session0_lamp,21,186,27.2,0.2787671983242035,0.5115443959887075
COHFACE_s29_session0_lamp,21,187,27.233333333333334,0.05284443125128746,0.21451591132747128
COHFACE_s29_session0_lamp,21,188,27.266666666666666,-0.1560553014278412,-0.04903445153484978
COHFACE_s29_session0_lamp,21,189,27.3,-0.3241495192050934,-0.2838509265694887
COHFACE_s29_session0_lamp,21,190,27.333333333333332,-0.4568025469779968,-0.49560977886705726
COHFACE_s29_session0_lamp,21,191,27.366666666666667,-0.554695725440979,-0.686118983278864
COHFACE_s29_session0_lamp,21,192,27.4,-0.6297527551651001,-0.8530305856144973
COHFACE_s29_session0_lamp,21,193,27.433333333333334,-0.69357830286026,-0.9921010513173162
COHFACE_s29_session0_lamp,21,194,27.466666666666665,-0.7555814385414124,-1.0994630249475648
COHFACE_s29_session0_lamp,21,195,27.5,-0.8197044134140015,-1.1728620022188814
COHFACE_s29_session0_lamp,21,196,27.533333333333335,-0.8876180648803711,-1.2120405854001557
COHFACE_s29_session0_lamp,21,197,27.566666666666666,-0.9538661241531372,-1.218654857176497
COHFACE_s29_session0_lamp,21,198,27.6,-1.0129330158233643,-1.1957317216719483
COHFACE_s29_session0_lamp,21,199,27.633333333333333,-1.0673925876617432,-1.1465103473837608
COHFACE_s29_session0_lamp,21,200,27.666666666666668,-1.1117401123046875,-1.0729337423169103
COHFACE_s29_session0_lamp,21,201,27.7,-1.1438339948654175,-0.9744863939078564
COHFACE_s29_session0_lamp,21,202,27.733333333333334,-1.1625441312789917,-0.8479527000969315
COHFACE_s29_session0_lamp,21,203,27.766666666666666,-1.1709529161453247,-0.6884356878408607
COHFACE_s29_session0_lamp,21,204,27.8,-1.1699200868606567,-0.49195950776656394
COHFACE_s29_session0_lamp,21,205,27.833333333333332,-1.1693576574325562,-0.2593821098117712
COHFACE_s29_session0_lamp,21,206,27.866666666666667,-1.188673496246338,0.00017950077255726206
COHFACE_s29_session0_lamp,21,207,27.9,-1.1895009279251099,0.26914321192106966
COHFACE_s29_session0_lamp,21,208,27.933333333333334,-0.8267126083374023,0.5259274415964548
COHFACE_s29_session0_lamp,21,209,27.966666666666665,0.2848561108112335,0.7521993716640347
COHFACE_s29_session0_lamp,21,210,28.0,1.5106867551803589,0.9378873196930925
COHFACE_s29_session0_lamp,21,211,28.033333333333335,2.015758991241455,1.079860935261009
COHFACE_s29_session0_lamp,21,212,28.066666666666666,1.8597668409347534,1.175894172939383
COHFACE_s29_session0_lamp,21,213,28.1,1.5522005558013916,1.2201994295604452
COHFACE_s29_session0_lamp,21,214,28.133333333333333,1.3959921598434448,1.2050921294221686
COHFACE_s29_session0_lamp,21,215,28.166666666666668,1.3875834941864014,1.1272067252288662
COHFACE_s29_session0_lamp,21,216,28.2,1.3271268606185913,0.9919699277395237
COHFACE_s29_session0_lamp,21,217,28.233333333333334,1.1034698486328125,0.811336888370851
COHFACE_s29_session0_lamp,21,218,28.266666666666666,0.8602969646453857,0.5967067196813011
COHFACE_s29_session0_lamp,21,219,28.3,0.7061704993247986,0.3542993006074089
COHFACE_s29_session0_lamp,21,220,28.333333333333332,0.5921843647956848,0.08809169240644883
COHFACE_s29_session0_lamp,21,221,28.366666666666667,0.4417242109775543,-0.1917121797393239
COHFACE_s29_session0_lamp,21,222,28.4,0.24091961979866028,-0.46215392593750587
COHFACE_s29_session0_lamp,21,223,28.433333333333334,0.03158728405833244,-0.6897551344854007
COHFACE_s29_session0_lamp,21,224,28.466666666666665,-0.1689685732126236,-0.8417693421153843
COHFACE_s29_session0_lamp,21,225,28.5,-0.3370790183544159,-0.8996999514988383
COHFACE_s29_session0_lamp,21,226,28.533333333333335,-0.45502346754074097,-0.8664915203121424
COHFACE_s29_session0_lamp,21,227,28.566666666666666,-0.5343254208564758,-0.7627195186449699
COHFACE_s29_session0_lamp,21,228,28.6,-0.6002599000930786,-0.6138578781993427
COHFACE_s29_session0_lamp,21,229,28.633333333333333,-0.6523942947387695,-0.4365889032849088
COHFACE_s29_session0_lamp,21,230,28.666666666666668,-0.7023060917854309,-0.23365620832741588
COHFACE_s29_session0_lamp,21,231,28.7,-0.7577012181282043,-0.0016817418443206083
COHFACE_s29_session0_lamp,21,232,28.733333333333334,-0.8170871138572693,0.2533373677015566
COHFACE_s29_session0_lamp,21,233,28.766666666666666,-0.8837137818336487,0.504709436741775
COHFACE_s29_session0_lamp,21,234,28.8,-0.9456250071525574,0.7071096965442101
COHFACE_s29_session0_lamp,21,235,28.833333333333332,-0.9885556697845459,0.8118102357798016
COHFACE_s29_session0_lamp,21,236,28.866666666666667,-1.0228883028030396,0.7859691209306743
COHFACE_s29_session0_lamp,21,237,28.9,-1.062882661819458,0.6250280355501909
COHFACE_s29_session0_lamp,21,238,28.933333333333334,-1.104445219039917,0.3536255046329672
COHFACE_s29_session0_lamp,21,239,28.966666666666665,-1.0685443878173828,0.01817987145681285
COHFACE_s29_session0_lamp,22,0,22.0,-1.1863374710083008,-0.05810664473961724
COHFACE_s29_session0_lamp,22,1,22.033333333333335,-1.1866943836212158,0.19367205329408513
COHFACE_s29_session0_lamp,22,2,22.066666666666666,-1.1888574361801147,0.42184413063133996
COHFACE_s29_session0_lamp,22,3,22.1,-1.2102822065353394,0.6087932460671384
COHFACE_s29_session0_lamp,22,4,22.133333333333333,-1.2132508754730225,0.7496811769281544
COHFACE_s29_session0_lamp,22,5,22.166666666666668,-0.8976004123687744,0.8519949882651525
COHFACE_s29_session0_lamp,22,6,22.2,0.12538154423236847,0.929374154767887
COHFACE_s29_session0_lamp,22,7,22.233333333333334,1.336644172668457,0.9927436977327347
COHFACE_s29_session0_lamp,22,8,22.266666666666666,1.9307032823562622,1.0433809267377927
COHFACE_s29_session0_lamp,22,9,22.3,1.8930882215499878,1.071678762627866
COHFACE_s29_session0_lamp,22,10,22.333333333333332,1.698815941810608,1.0627267704178855
COHFACE_s29_session0_lamp,22,11,22.366666666666667,1.6322218179702759,1.0060436041981782
COHFACE_s29_session0_lamp,22,12,22.4,1.673270583152771,0.9034978897271764
COHFACE_s29_session0_lamp,22,13,22.433333333333334,1.6507102251052856,0.7699421977033146
COHFACE_s29_session0_lamp,22,14,22.466666666666665,1.4215213060379028,0.6262902766514166
COHFACE_s29_session0_lamp,22,15,22.5,1.0961155891418457,0.490081317347097
COHFACE_s29_session0_lamp,22,16,22.533333333333335,0.8581393361091614,0.36930106023582
COHFACE_s29_session0_lamp,22,17,22.566666666666666,0.6982754468917847,0.2620772296707578
COHFACE_s29_session0_lamp,22,18,22.6,0.53351229429245,0.16109985838100394
COHFACE_s29_session0_lamp,22,19,22.633333333333333,0.33659571409225464,0.05927567314301349
COHFACE_s29_session0_lamp,22,20,22.666666666666668,0.12156379222869873,-0.04698585717493348
COHFACE_s29_session0_lamp,22,21,22.7,-0.08022498339414597,-0.15827920294898667
COHFACE_s29_session0_lamp,22,22,22.733333333333334,-0.23866130411624908,-0.2747408254954815
COHFACE_s29_session0_lamp,22,23,22.766666666666666,-0.3627108931541443,-0.3974255007051046
COHFACE_s29_session0_lamp,22,24,22.8,-0.4669092893600464,-0.527083136558214
COHFACE_s29_session0_lamp,22,25,22.833333333333332,-0.552300214767456,-0.661652468706862
COHFACE_s29_session0_lamp,22,26,22.866666666666667,-0.6233448386192322,-0.794735802207093
COHFACE_s29_session0_lamp,22,27,22.9,-0.6895171999931335,-0.9162604230554899
COHFACE_s29_session0_lamp,22,28,22.933333333333334,-0.7559870481491089,-1.0148585750189083
COHFACE_s29_session0_lamp,22,29,22.966666666666665,-0.8259609341621399,-1.0805505608206514
COHFACE_s29_session0_lamp,22,30,23.0,-0.891976535320282,-1.1066187797766696
COHFACE_s29_session0_lamp,22,31,23.033333333333335,-0.9501078724861145,-1.090409530982421
COHFACE_s29_session0_lamp,22,32,23.066666666666666,-1.0023449659347534,-1.0332692266787764
COHFACE_s29_session0_lamp,22,33,23.1,-1.0470656156539917,-0.9398310006141953
COHFACE_s29_session0_lamp,22,34,23.133333333333333,-1.0752822160720825,-0.8167829911883405
COHFACE_s29_session0_lamp,22,35,23.166666666666668,-1.091948390007019,-0.671299785742468
COHFACE_s29_session0_lamp,22,36,23.2,-1.1043479442596436,-0.5095178411669912
COHFACE_s29_session0_lamp,22,37,23.233333333333334,-1.1106747388839722,-0.33560698680008055
COHFACE_s29_session0_lamp,22,38,23.266666666666666,-1.1098636388778687,-0.1519105901104427
COHFACE_s29_session0_lamp,22,39,23.3,-1.1107559204101562,0.03979697285088486
COHFACE_s29_session0_lamp,22,40,23.333333333333332,-1.1263405084609985,0.2365119586345056
COHFACE_s29_session0_lamp,22,41,23.366666666666667,-1.1106152534484863,0.432664499108102
COHFACE_s29_session0_lamp,22,42,23.4,-0.687262237071991,0.6201359051597418
COHFACE_s29_session0_lamp,22,43,23.433333333333334,0.4340454638004303,0.7899117433334959
COHFACE_s29_session0_lamp,22,44,23.466666666666665,1.5807255506515503,0.9347990067575382
COHFACE_s29_session0_lamp,22,45,23.5,2.0398712158203125,1.0518082571527498
COHFACE_s29_session0_lamp,22,46,23.533333333333335,1.9067802429199219,1.1424656753464433
COHFACE_s29_session0_lamp,22,47,23.566666666666666,1.6518782377243042,1.2102147328670716
COHFACE_s29_session0_lamp,22,48,23.6,1.5407960414886475,1.2561133758809173
COHFACE_s29_session0_lamp,22,49,23.633333333333333,1.5508054494857788,1.2755394969127098
COHFACE_s29_session0_lamp,22,50,23.666666666666668,1.4863256216049194,1.2581147806174633
COHFACE_s29_session0_lamp,22,51,23.7,1.250701665878296,1.1910711235285762
COHFACE_s29_session0_lamp,22,52,23.733333333333334,1.0027917623519897,1.0643342095780297
COHFACE_s29_session0_lamp,22,53,23.766666666666666,0.8460264205932617,0.8748308558883359
COHFACE_s29_session0_lamp,22,54,23.8,0.7214847207069397,0.6282519354684744
COHFACE_s29_session0_lamp,22,55,23.833333333333332,0.5603067874908447,0.33805093111987
COHFACE_s29_session0_lamp,22,56,23.866666666666667,0.3535051643848419,0.022778694940157457
COHFACE_s29_session0_lamp,22,57,23.9,0.13511516153812408,-0.29677438064280964
COHFACE_s29_session0_lamp,22,58,23.933333333333334,-0.056431688368320465,-0.5998072804081386
COHFACE_s29_session0_lamp,22,59,23.966666666666665,-0.207118958234787,-0.8672952245584534
COHFACE_s29_session0_lamp,22,60,24.0,-0.31761178374290466,-1.08399533793705
COHFACE_s29_session0_lamp,22,61,24.033333333333335,-0.39916330575942993,-1.240729691222118
COHFACE_s29_session0_lamp,22,62,24.066666666666666,-0.4651680588722229,-1.3357606351041456
COHFACE_s29_session0_lamp,22,63,24.1,-0.5299669504165649,-1.373821543091174
COHFACE_s29_session0_lamp,22,64,24.133333333333333,-0.600124716758728,-1.3629491444509179
COHFACE_s29_session0_lamp,22,65,24.166666666666668,-0.6777827739715576,-1.3110570629902836
COHFACE_s29_session0_lamp,22,66,24.2,-0.7425005435943604,-1.2242663178666962
COHFACE_s29_session0_lamp,22,67,24.233333333333334,-0.7977334260940552,-1.107440837787745
COHFACE_s29_session0_lamp,22,68,24.266666666666666,-0.8543398976325989,-0.9655464443717586
COHFACE_s29_session0_lamp,22,69,24.3,-0.8995850086212158,-0.8038434805198058
COHFACE_s29_session0_lamp,22,70,24.333333333333332,-0.9374812245368958,-0.6261485834316025
COHFACE_s29_session0_lamp,22,71,24.366666666666667,-0.971062183380127,-0.4325592538583672
COHFACE_s29_session0_lamp,22,72,24.4,-1.0067683458328247,-0.2193809414343086
COHFACE_s29_session0_lamp,22,73,24.433333333333334,-1.011618971824646,0.017041790065733406
COHFACE_s29_session0_lamp,22,74,24.466666666666665,-0.6319536566734314,0.27415280836551664
COHFACE_s29_session0_lamp,22,75,24.5,0.4433951675891876,0.5389378629246909
COHFACE_s29_session0_lamp,22,76,24.533333333333335,1.560831069946289,0.789338870866673
COHFACE_s29_session0_lamp,22,77,24.566666666666666,1.9624402523040771,1.0014725712001198
COHFACE_s29_session0_lamp,22,78,24.6,1.7638744115829468,1.1586021245161433
COHFACE_s29_session0_lamp,22,79,24.633333333333333,1.4701570272445679,1.2562935851744175
COHFACE_s29_session0_lamp,22,80,24.666666666666668,1.3345081806182861,1.3008440510971653
COHFACE_s29_session0_lamp,22,81,24.7,1.3228764533996582,1.3026376931962727
COHFACE_s29_session0_lamp,22,82,24.733333333333334,1.2343599796295166,1.2690901268849102
COHFACE_s29_session0_lamp,22,83,24.766666666666666,0.9744723439216614,1.2015432134790975
COHFACE_s29_session0_lamp,22,84,24.8,0.7132273316383362,1.0973619669692272
COHFACE_s29_session0_lamp,22,85,24.833333333333332,0.5557103157043457,0.9549478081908642
COHFACE_s29_session0_lamp,22,86,24.866666666666667,0.42531225085258484,0.777861501804381
COHFACE_s29_session0_lamp,22,87,24.9,0.26061397790908813,0.5754298871725222
COHFACE_s29_session0_lamp,22,88,24.933333333333334,0.049237582832574844,0.36000136241710046
COHFACE_s29_session0_lamp,22,89,24.966666666666665,-0.16934169828891754,0.14317557823422775
COHFACE_s29_session0_lamp,22,90,25.0,-0.359385222196579,-0.06667637539943382
COHFACE_s29_session0_lamp,22,91,25.033333333333335,-0.5103158354759216,-0.2647581353744059
COHFACE_s29_session0_lamp,22,92,25.066666666666666,-0.6176722645759583,-0.44860891867044944
COHFACE_s29_session0_lamp,22,93,25.1,-0.6903932690620422,-0.6164406293834745
COHFACE_s29_session0_lamp,22,94,25.133333333333333,-0.7446419596672058,-0.766072457615516
COHFACE_s29_session0_lamp,22,95,25.166666666666668,-0.7942076921463013,-0.894908756649703
COHFACE_s29_session0_lamp,22,96,25.2,-0.8494243621826172,-1.0007609858381907
COHFACE_s29_session0_lamp,22,97,25.233333333333334,-0.9092807769775391,-1.0827906129454472
COHFACE_s29_session0_lamp,22,98,25.266666666666666,-0.9685044288635254,-1.1416400150002282
COHFACE_s29_session0_lamp,22,99,25.3,-1.0296099185943604,-1.1782805105011556
COHFACE_s29_session0_lamp,22,100,25.333333333333332,-1.084296703338623,-1.1921666858025277
COHFACE_s29_session0_lamp,22,101,25.366666666666667,-1.128200650215149,-1.1799970224202814
COHFACE_s29_session0_lamp,22,102,25.4,-1.1566985845565796,-1.1360115549341523
COHFACE_s29_session0_lamp,22,103,25.433333333333334,-1.167367696762085,-1.0538066077619506
COHFACE_s29_session0_lamp,22,104,25.466666666666665,-1.1848233938217163,-0.9289300740111304
COHFACE_s29_session0_lamp,22,105,25.5,-1.211320400238037,-0.7611537864278549
COHFACE_s29_session0_lamp,22,106,25.533333333333335,-1.182135820388794,-0.5552321618214431
COHFACE_s29_session0_lamp,22,107,25.566666666666666,-0.6933349370956421,-0.3194657583850781
COHFACE_s29_session0_lamp,22,108,25.6,0.5279803276062012,-0.06261987322699072
COHFACE_s29_session0_lamp,22,109,25.633333333333333,1.6910182237625122,0.20890989351646103
COHFACE_s29_session0_lamp,22,110,25.666666666666668,2.0752367973327637,0.49134803349836026
COHFACE_s29_session0_lamp,22,111,25.7,1.8836466073989868,0.7801798443777653
COHFACE_s29_session0_lamp,22,112,25.733333333333334,1.6349742412567139,1.0648956727818137
COHFACE_s29_session0_lamp,22,113,25.766666666666666,1.5558290481567383,1.3255967471231092
COHFACE_s29_session0_lamp,22,114,25.8,1.57771897315979,1.5346651840202492
COHFACE_s29_session0_lamp,22,115,25.833333333333332,1.5029268264770508,1.6638263642376654
COHFACE_s29_session0_lamp,22,116,25.866666666666667,1.2218307256698608,1.693585960127487
COHFACE_s29_session0_lamp,22,117,25.9,0.897014319896698,1.6204208356126666
COHFACE_s29_session0_lamp,22,118,25.933333333333334,0.6838750839233398,1.4583208180747085
COHFACE_s29_session0_lamp,22,119,25.966666666666665,0.5394443869590759,1.234163402431752
COHFACE_s29_session0_lamp,22,120,26.0,0.3701496720314026,0.9790575758638052
COHFACE_s29_session0_lamp,22,121,26.033333333333335,0.16306687891483307,0.7192670360591622
COHFACE_s29_session0_lamp,22,122,26.066666666666666,-0.052911363542079926,0.4703246655562755
COHFACE_s29_session0_lamp,22,123,26.1,-0.23828276991844177,0.2363347388176748
COHFACE_s29_session0_lamp,22,124,26.133333333333333,-0.3886672258377075,0.013795222935063217
COHFACE_s29_session0_lamp,22,125,26.166666666666668,-0.5083637237548828,-0.20278822445490496
COHFACE_s29_session0_lamp,22,126,26.2,-0.5941115021705627,-0.4163755314690282
COHFACE_s29_session0_lamp,22,127,26.233333333333334,-0.6590023040771484,-0.6254213132493901
COHFACE_s29_session0_lamp,22,128,26.266666666666666,-0.7192642688751221,-0.8242110368829568
COHFACE_s29_session0_lamp,22,129,26.3,-0.7816945910453796,-1.0043337395972058
COHFACE_s29_session0_lamp,22,130,26.333333333333332,-0.8437410593032837,-1.1563493418932391
COHFACE_s29_session0_lamp,22,131,26.366666666666667,-0.9091725945472717,-1.2714123188275415
COHFACE_s29_session0_lamp,22,132,26.4,-0.9676716923713684,-1.3429293850888566
COHFACE_s29_session0_lamp,22,133,26.433333333333334,-1.0228991508483887,-1.3680945210067568
COHFACE_s29_session0_lamp,22,134,26.466666666666665,-1.0693285465240479,-1.3487182103347395
COHFACE_s29_session0_lamp,22,135,26.5,-1.1078195571899414,-1.29062847996976
COHFACE_s29_session0_lamp,22,136,26.533333333333335,-1.1358307600021362,-1.201358830250182
COHFACE_s29_session0_lamp,22,137,26.566666666666666,-1.1441097259521484,-1.0867095829715907
COHFACE_s29_session0_lamp,22,138,26.6,-1.148084282875061,-0.9476304334534793
COHFACE_s29_session0_lamp,22,139,26.633333333333333,-1.1504637002944946,-0.779222693247728
COHFACE_s29_session0_lamp,22,140,26.666666666666668,-1.1687358617782593,-0.5731097066050688
COHFACE_s29_session0_lamp,22,141,26.7,-1.1738784313201904,-0.3228607840693681
COHFACE_s29_session0_lamp,22,142,26.733333333333334,-0.8697676658630371,-0.030132704141984424
COHFACE_s29_session0_lamp,22,143,26.766666666666666,0.20236366987228394,0.29191842827162817
COHFACE_s29_session0_lamp,22,144,26.8,1.5099080801010132,0.6204298385503377
COHFACE_s29_session0_lamp,22,145,26.833333333333332,2.133286952972412,0.9292789030685112
COHFACE_s29_session0_lamp,22,146,26.866666666666667,2.048431396484375,1.1962547118065034
COHFACE_s29_session0_lamp,22,147,26.9,1.7887600660324097,1.4064618896225864
COHFACE_s29_session0_lamp,22,148,26.933333333333334,1.664229154586792,1.5509303320562768
COHFACE_s29_session0_lamp,22,149,26.966666666666665,1.6600221395492554,1.6234577379348765
COHFACE_s29_session0_lamp,22,150,27.0,1.618080973625183,1.6194631810189781
COHFACE_s29_session0_lamp,22,151,27.033333333333335,1.3835439682006836,1.538123119688451
COHFACE_s29_session0_lamp,22,152,27.066666666666666,1.052757740020752,1.3858170286054827
COHFACE_s29_session0_lamp,22,153,27.1,0.8110178112983704,1.177509862168571
COHFACE_s29_session0_lamp,22,154,27.133333333333333,0.6490125060081482,0.934188019306561
COHFACE_s29_session0_lamp,22,155,27.166666666666668,0.4853038191795349,0.6773715023565434
COHFACE_s29_session0_lamp,22,156,27.2,0.2787671983242035,0.423699988478846
COHFACE_s29_session0_lamp,22,157,27.233333333333334,0.05284443125128746,0.18236528731205529
COHFACE_s29_session0_lamp,22,158,27.266666666666666,-0.1560553014278412,-0.04393582157822924
COHFACE_s29_session0_lamp,22,159,27.3,-0.3241495192050934,-0.2559899568486222
COHFACE_s29_session0_lamp,22,160,27.333333333333332,-0.4568025469779968,-0.45501609879053867
COHFACE_s29_session0_lamp,22,161,27.366666666666667,-0.554695725440979,-0.6407866751779767
COHFACE_s29_session0_lamp,22,162,27.4,-0.6297527551651001,-0.8110673713204472
COHFACE_s29_session0_lamp,22,163,27.433333333333334,-0.69357830286026,-0.9619496383205287
COHFACE_s29_session0_lamp,22,164,27.466666666666665,-0.7555814385414124,-1.0886901103955657
COHFACE_s29_session0_lamp,22,165,27.5,-0.8197044134140015,-1.1868301714938323
COHFACE_s29_session0_lamp,22,166,27.533333333333335,-0.8876180648803711,-1.2532338505504006
COHFACE_s29_session0_lamp,22,167,27.566666666666666,-0.9538661241531372,-1.2865603549749276
COHFACE_s29_session0_lamp,22,168,27.6,-1.0129330158233643,-1.2869524461186503
COHFACE_s29_session0_lamp,22,169,27.633333333333333,-1.0673925876617432,-1.255121401385118
COHFACE_s29_session0_lamp,22,170,27.666666666666668,-1.1117401123046875,-1.1911808708423086
COHFACE_s29_session0_lamp,22,171,27.7,-1.1438339948654175,-1.093611297843546
COHFACE_s29_session0_lamp,22,172,27.733333333333334,-1.1625441312789917,-0.9588236714978182
COHFACE_s29_session0_lamp,22,173,27.766666666666666,-1.1709529161453247,-0.7818718099150757
COHFACE_s29_session0_lamp,22,174,27.8,-1.1699200868606567,-0.5586830876582934
COHFACE_s29_session0_lamp,22,175,27.833333333333332,-1.1693576574325562,-0.28947526980650873
COHFACE_s29_session0_lamp,22,176,27.866666666666667,-1.188673496246338,0.018024213534164446
COHFACE_s29_session0_lamp,22,177,27.9,-1.1895009279251099,0.3474588332929987
COHFACE_s29_session0_lamp,22,178,27.933333333333334,-0.8267126083374023,0.6759560051440525
COHFACE_s29_session0_lamp,22,179,27.966666666666665,0.2848561108112335,0.9787469543033711
COHFACE_s29_session0_lamp,22,180,28.0,1.5106867551803589,1.2338285556265838
COHFACE_s29_session0_lamp,22,181,28.033333333333335,2.015758991241455,1.424433830082042
COHFACE_s29_session0_lamp,22,182,28.066666666666666,1.8597668409347534,1.5395420561318502
COHFACE_s29_session0_lamp,22,183,28.1,1.5522005558013916,1.5744233461743864
COHFACE_s29_session0_lamp,22,184,28.133333333333333,1.3959921598434448,1.531975402949579
COHFACE_s29_session0_lamp,22,185,28.166666666666668,1.3875834941864014,1.4232686280137223
COHFACE_s29_session0_lamp,22,186,28.2,1.3271268606185913,1.2652553156239854
COHFACE_s29_session0_lamp,22,187,28.233333333333334,1.1034698486328125,1.0755249408523373
COHFACE_s29_session0_lamp,22,188,28.266666666666666,0.8602969646453857,0.8666924645449137
COHFACE_s29_session0_lamp,22,189,28.3,0.7061704993247986,0.6440003697425619
COHFACE_s29_session0_lamp,22,190,28.333333333333332,0.5921843647956848,0.40773675402531584
COHFACE_s29_session0_lamp,22,191,28.366666666666667,0.4417242109775543,0.15873649959419325
COHFACE_s29_session0_lamp,22,192,28.4,0.24091961979866028,-0.09682780825817865
COHFACE_s29_session0_lamp,22,193,28.433333333333334,0.03158728405833244,-0.3465467462404688
COHFACE_s29_session0_lamp,22,194,28.466666666666665,-0.1689685732126236,-0.5751125882115239
COHFACE_s29_session0_lamp,22,195,28.5,-0.3370790183544159,-0.7694008461130263
COHFACE_s29_session0_lamp,22,196,28.533333333333335,-0.45502346754074097,-0.9220410865566998
COHFACE_s29_session0_lamp,22,197,28.566666666666666,-0.5343254208564758,-1.031668831255821
COHFACE_s29_session0_lamp,22,198,28.6,-0.6002599000930786,-1.1004241907170031
COHFACE_s29_session0_lamp,22,199,28.633333333333333,-0.6523942947387695,-1.1309528751899502
COHFACE_s29_session0_lamp,22,200,28.666666666666668,-0.7023060917854309,-1.1251188445921247
COHFACE_s29_session0_lamp,22,201,28.7,-0.7577012181282043,-1.0850338197900438
COHFACE_s29_session0_lamp,22,202,28.733333333333334,-0.8170871138572693,-1.015006369857216
COHFACE_s29_session0_lamp,22,203,28.766666666666666,-0.8837137818336487,-0.9221520279278177
COHFACE_s29_session0_lamp,22,204,28.8,-0.9456250071525574,-0.814468506062437
COHFACE_s29_session0_lamp,22,205,28.833333333333332,-0.9885556697845459,-0.6973321479785228
COHFACE_s29_session0_lamp,22,206,28.866666666666667,-1.0228883028030396,-0.5709657785837128
COHFACE_s29_session0_lamp,22,207,28.9,-1.062882661819458,-0.4311211324386418
COHFACE_s29_session0_lamp,22,208,28.933333333333334,-1.104445219039917,-0.27297966181072425
COHFACE_s29_session0_lamp,22,209,28.966666666666665,-1.0685443878173828,-0.09590309504300035
COHFACE_s29_session0_lamp,22,210,29.0,-0.5214500427246094,0.09393951637376505
COHFACE_s29_session0_lamp,22,211,29.033333333333335,0.6769371628761292,0.2846455951409802
COHFACE_s29_session0_lamp,22,212,29.066666666666666,1.6753255128860474,0.46260882837433964
COHFACE_s29_session0_lamp,22,213,29.1,1.8823001384735107,0.6170590088109261
COHFACE_s29_session0_lamp,22,214,29.133333333333333,1.620330572128296,0.7426292816392225
COHFACE_s29_session0_lamp,22,215,29.166666666666668,1.3635737895965576,0.838857805626027
COHFACE_s29_session0_lamp,22,216,29.2,1.2707204818725586,0.9073547377715302
COHFACE_s29_session0_lamp,22,217,29.233333333333334,1.2594294548034668,0.9486458328767748
COHFACE_s29_session0_lamp,22,218,29.266666666666666,1.124694585800171,0.9607759799947103
COHFACE_s29_session0_lamp,22,219,29.3,0.8496440649032593,0.9404596717239669
COHFACE_s29_session0_lamp,22,220,29.333333333333332,0.6204118728637695,0.8856162247768238
COHFACE_s29_session0_lamp,22,221,29.366666666666667,0.482810914516449,0.797173591062372
COHFACE_s29_session0_lamp,22,222,29.4,0.35378095507621765,0.6790020069810162
COHFACE_s29_session0_lamp,22,223,29.433333333333334,0.18433482944965363,0.5365970135036826
COHFACE_s29_session0_lamp,22,224,29.466666666666665,-0.02091478556394577,0.37596885937351293
COHFACE_s29_session0_lamp,22,225,29.5,-0.23057697713375092,0.20360118761410773
COHFACE_s29_session0_lamp,22,226,29.533333333333335,-0.4147316813468933,0.027005252580081865
COHFACE_s29_session0_lamp,22,227,29.566666666666666,-0.5546525120735168,-0.1452675012219777
COHFACE_s29_session0_lamp,22,228,29.6,-0.6531621217727661,-0.3045551599703814
COHFACE_s29_session0_lamp,22,229,29.633333333333333,-0.719280481338501,-0.4433059019332754
COHFACE_s29_session0_lamp,22,230,29.666666666666668,-0.7717933654785156,-0.555827480398072
COHFACE_s29_session0_lamp,22,231,29.7,-0.8220891356468201,-0.6383696461229801
COHFACE_s29_session0_lamp,22,232,29.733333333333334,-0.8771435618400574,-0.6887788866247654
COHFACE_s29_session0_lamp,22,233,29.766666666666666,-0.9328415393829346,-0.7061156384163592
COHFACE_s29_session0_lamp,22,234,29.8,-0.9899778962135315,-0.6906069889308941
COHFACE_s29_session0_lamp,22,235,29.833333333333332,-1.0497963428497314,-0.6440146444997067
COHFACE_s29_session0_lamp,22,236,29.866666666666667,-1.0982049703598022,-0.5699966681078865
COHFACE_s29_session0_lamp,22,237,29.9,-1.1329485177993774,-0.47391429505707244
COHFACE_s29_session0_lamp,22,238,29.933333333333334,-1.1552764177322388,-0.36208462381712053
COHFACE_s29_session0_lamp,22,239,29.966666666666665,-1.1748193502426147,-0.24104344230146205
COHFACE_s29_session0_lamp,23,0,23.0,-0.891976535320282,-0.1620798676150658
COHFACE_s29_session0_lamp,23,1,23.033333333333335,-0.9501078724861145,-0.09021116856065883
COHFACE_s29_session0_lamp,23,2,23.066666666666666,-1.0023449659347534,-0.028449940205567768
COHFACE_s29_session0_lamp,23,3,23.1,-1.0470656156539917,0.015025271405521673
COHFACE_s29_session0_lamp,23,4,23.133333333333333,-1.0752822160720825,0.04149402542220714
COHFACE_s29_session0_lamp,23,5,23.166666666666668,-1.091948390007019,0.0617445983591541
COHFACE_s29_session0_lamp,23,6,23.2,-1.1043479442596436,0.09188827581529659
COHFACE_s29_session0_lamp,23,7,23.233333333333334,-1.1106747388839722,0.14644664321457224
COHFACE_s29_session0_lamp,23,8,23.266666666666666,-1.1098636388778687,0.2315418216065078
COHFACE_s29_session0_lamp,23,9,23.3,-1.1107559204101562,0.34128162652058014
COHFACE_s29_session0_lamp,23,10,23.333333333333332,-1.1263405084609985,0.4596702722743898
COHFACE_s29_session0_lamp,23,11,23.366666666666667,-1.1106152534484863,0.5678325907112018
COHFACE_s29_session0_lamp,23,12,23.4,-0.687262237071991,0.6525883843529574
COHFACE_s29_session0_lamp,23,13,23.433333333333334,0.4340454638004303,0.7109692774255374
COHFACE_s29_session0_lamp,23,14,23.466666666666665,1.5807255506515503,0.7483257673890376
COHFACE_s29_session0_lamp,23,15,23.5,2.0398712158203125,0.7722752516508417
COHFACE_s29_session0_lamp,23,16,23.533333333333335,1.9067802429199219,0.7868215163061698
COHFACE_s29_session0_lamp,23,17,23.566666666666666,1.6518782377243042,0.7897902193142701
COHFACE_s29_session0_lamp,23,18,23.6,1.5407960414886475,0.7739491355093794
COHFACE_s29_session0_lamp,23,19,23.633333333333333,1.5508054494857788,0.7300739749490817
COHFACE_s29_session0_lamp,23,20,23.666666666666668,1.4863256216049194,0.6500733870807323
COHFACE_s29_session0_lamp,23,21,23.7,1.250701665878296,0.5293267943738343
COHFACE_s29_session0_lamp,23,22,23.733333333333334,1.0027917623519897,0.36817730121444403
COHFACE_s29_session0_lamp,23,23,23.766666666666666,0.8460264205932617,0.17257817362258998
COHFACE_s29_session0_lamp,23,24,23.8,0.7214847207069397,-0.046412696872750604
COHFACE_s29_session0_lamp,23,25,23.833333333333332,0.5603067874908447,-0.2745175888088795
COHFACE_s29_session0_lamp,23,26,23.866666666666667,0.3535051643848419,-0.49697864378689655
COHFACE_s29_session0_lamp,23,27,23.9,0.13511516153812408,-0.7009883183523982
COHFACE_s29_session0_lamp,23,28,23.933333333333334,-0.056431688368320465,-0.8769197374712797
COHFACE_s29_session0_lamp,23,29,23.966666666666665,-0.207118958234787,-1.0183872585166291
COHFACE_s29_session0_lamp,23,30,24.0,-0.31761178374290466,-1.1218920922686855
COHFACE_s29_session0_lamp,23,31,24.033333333333335,-0.39916330575942993,-1.1866348406980844
COHFACE_s29_session0_lamp,23,32,24.066666666666666,-0.4651680588722229,-1.2141559286623445
COHFACE_s29_session0_lamp,23,33,24.1,-0.5299669504165649,-1.2071478443746935
COHFACE_s29_session0_lamp,23,34,24.133333333333333,-0.600124716758728,-1.1678018939883286
COHFACE_s29_session0_lamp,23,35,24.166666666666668,-0.6777827739715576,-1.0969622750874692
COHFACE_s29_session0_lamp,23,36,24.2,-0.7425005435943604,-0.9947381412617288
COHFACE_s29_session0_lamp,23,37,24.233333333333334,-0.7977334260940552,-0.8618669810364101
COHFACE_s29_session0_lamp,23,38,24.266666666666666,-0.8543398976325989,-0.7005299276326667
COHFACE_s29_session0_lamp,23,39,24.3,-0.8995850086212158,-0.5138828211281457
COHFACE_s29_session0_lamp,23,40,24.333333333333332,-0.9374812245368958,-0.3047570928623057
COHFACE_s29_session0_lamp,23,41,24.366666666666667,-0.971062183380127,-0.07490412275810279
COHFACE_s29_session0_lamp,23,42,24.4,-1.0067683458328247,0.17393330323751266
COHFACE_s29_session0_lamp,23,43,24.433333333333334,-1.011618971824646,0.4370454378904657
COHFACE_s29_session0_lamp,23,44,24.466666666666665,-0.6319536566734314,0.7034783070860742
COHFACE_s29_session0_lamp,23,45,24.5,0.4433951675891876,0.9549730673140429
COHFACE_s29_session0_lamp,23,46,24.533333333333335,1.560831069946289,1.168853845504487
COHFACE_s29_session0_lamp,23,47,24.566666666666666,1.9624402523040771,1.3242833757749883
COHFACE_s29_session0_lamp,23,48,24.6,1.7638744115829468,1.4088029243772064
COHFACE_s29_session0_lamp,23,49,24.633333333333333,1.4701570272445679,1.4214692978908576
COHFACE_s29_session0_lamp,23,50,24.666666666666668,1.3345081806182861,1.371084735400556
COHFACE_s29_session0_lamp,23,51,24.7,1.3228764533996582,1.271142242599279
COHFACE_s29_session0_lamp,23,52,24.733333333333334,1.2343599796295166,1.1347201647635998
COHFACE_s29_session0_lamp,23,53,24.766666666666666,0.9744723439216614,0.9719164001385939
COHFACE_s29_session0_lamp,23,54,24.8,0.7132273316383362,0.7903039386862563
COHFACE_s29_session0_lamp,23,55,24.833333333333332,0.5557103157043457,0.5968783570114033
COHFACE_s29_session0_lamp,23,56,24.866666666666667,0.42531225085258484,0.39935296479049487
COHFACE_s29_session0_lamp,23,57,24.9,0.26061397790908813,0.20556718699400794
COHFACE_s29_session0_lamp,23,58,24.933333333333334,0.049237582832574844,0.02140881960833208
COHFACE_s29_session0_lamp,23,59,24.966666666666665,-0.16934169828891754,-0.1511499222463318
COHFACE_s29_session0_lamp,23,60,25.0,-0.359385222196579,-0.31431832068299315
COHFACE_s29_session0_lamp,23,61,25.033333333333335,-0.5103158354759216,-0.4725113735154264
COHFACE_s29_session0_lamp,23,62,25.066666666666666,-0.6176722645759583,-0.6289218225938352
COHFACE_s29_session0_lamp,23,63,25.1,-0.6903932690620422,-0.7823824580668349
COHFACE_s29_session0_lamp,23,64,25.133333333333333,-0.7446419596672058,-0.9263478734255516
COHFACE_s29_session0_lamp,23,65,25.166666666666668,-0.7942076921463013,-1.0508173761471742
COHFACE_s29_session0_lamp,23,66,25.2,-0.8494243621826172,-1.146275616424218
COHFACE_s29_session0_lamp,23,67,25.233333333333334,-0.9092807769775391,-1.2073234401622406
COHFACE_s29_session0_lamp,23,68,25.266666666666666,-0.9685044288635254,-1.233660899142977
COHFACE_s29_session0_lamp,23,69,25.3,-1.0296099185943604,-1.2277192167643167
COHFACE_s29_session0_lamp,23,70,25.333333333333332,-1.084296703338623,-1.1906492736716212
COHFACE_s29_session0_lamp,23,71,25.366666666666667,-1.128200650215149,-1.1196629983941184
COHFACE_s29_session0_lamp,23,72,25.4,-1.1566985845565796,-1.0087138181776696
COHFACE_s29_session0_lamp,23,73,25.433333333333334,-1.167367696762085,-0.8522268726796328
COHFACE_s29_session0_lamp,23,74,25.466666666666665,-1.1848233938217163,-0.6497940449511714
COHFACE_s29_session0_lamp,23,75,25.5,-1.211320400238037,-0.40915178751084613
COHFACE_s29_session0_lamp,23,76,25.533333333333335,-1.182135820388794,-0.145409131512369
COHFACE_s29_session0_lamp,23,77,25.566666666666666,-0.6933349370956421,0.12365585198570145
COHFACE_s29_session0_lamp,23,78,25.6,0.5279803276062012,0.3839731805753658
COHFACE_s29_session0_lamp,23,79,25.633333333333333,1.6910182237625122,0.629432442900809
COHFACE_s29_session0_lamp,23,80,25.666666666666668,2.0752367973327637,0.8609133567469865
COHFACE_s29_session0_lamp,23,81,25.7,1.8836466073989868,1.080112073090668
COHFACE_s29_session0_lamp,23,82,25.733333333333334,1.6349742412567139,1.2820780969959518
COHFACE_s29_session0_lamp,23,83,25.766666666666666,1.5558290481567383,1.451738373089933
COHFACE_s29_session0_lamp,23,84,25.8,1.57771897315979,1.5668400691654802
COHFACE_s29_session0_lamp,23,85,25.833333333333332,1.5029268264770508,1.6054311451497336
COHFACE_s29_session0_lamp,23,86,25.866666666666667,1.2218307256698608,1.553824659008811
COHFACE_s29_session0_lamp,23,87,25.9,0.897014319896698,1.4115933856950456
COHFACE_s29_session0_lamp,23,88,25.933333333333334,0.6838750839233398,1.1921882986568322
COHFACE_s29_session0_lamp,23,89,25.966666666666665,0.5394443869590759,0.9197240862683589
COHFACE_s29_session0_lamp,23,90,26.0,0.3701496720314026,0.6234128528193834
COHFACE_s29_session0_lamp,23,91,26.033333333333335,0.16306687891483307,0.3312835891074405
COHFACE_s29_session0_lamp,23,92,26.066666666666666,-0.052911363542079926,0.06476989147799553
COHFACE_s29_session0_lamp,23,93,26.1,-0.23828276991844177,-0.1645053030527779
COHFACE_s29_session0_lamp,23,94,26.133333333333333,-0.3886672258377075,-0.3550538025991228
COHFACE_s29_session0_lamp,23,95,26.166666666666668,-0.5083637237548828,-0.5131598065195039
COHFACE_s29_session0_lamp,23,96,26.2,-0.5941115021705627,-0.6488737001419226
COHFACE_s29_session0_lamp,23,97,26.233333333333334,-0.6590023040771484,-0.7718169067477004
COHFACE_s29_session0_lamp,23,98,26.266666666666666,-0.7192642688751221,-0.8880538004942987
COHFACE_s29_session0_lamp,23,99,26.3,-0.7816945910453796,-0.9986415114340736
COHFACE_s29_session0_lamp,23,100,26.333333333333332,-0.8437410593032837,-1.0997538671790628
COHFACE_s29_session0_lamp,23,101,26.366666666666667,-0.9091725945472717,-1.1838818740424573
COHFACE_s29_session0_lamp,23,102,26.4,-0.9676716923713684,-1.24166202053814
COHFACE_s29_session0_lamp,23,103,26.433333333333334,-1.0228991508483887,-1.2640568562450611
COHFACE_s29_session0_lamp,23,104,26.466666666666665,-1.0693285465240479,-1.2445530841383312
COHFACE_s29_session0_lamp,23,105,26.5,-1.1078195571899414,-1.180763469626604
COHFACE_s29_session0_lamp,23,106,26.533333333333335,-1.1358307600021362,-1.0746555017987107
COHFACE_s29_session0_lamp,23,107,26.566666666666666,-1.1441097259521484,-0.9310427931401016
COHFACE_s29_session0_lamp,23,108,26.6,-1.148084282875061,-0.7549983429230963
COHFACE_s29_session0_lamp,23,109,26.633333333333333,-1.1504637002944946,-0.5496990067198229
COHFACE_s29_session0_lamp,23,110,26.666666666666668,-1.1687358617782593,-0.31610589601919753
COHFACE_s29_session0_lamp,23,111,26.7,-1.1738784313201904,-0.054883124418232086
COHFACE_s29_session0_lamp,23,112,26.733333333333334,-0.8697676658630371,0.23033464508851914
COHFACE_s29_session0_lamp,23,113,26.766666666666666,0.20236366987228394,0.5301194257930617
COHFACE_s29_session0_lamp,23,114,26.8,1.5099080801010132,0.8286411540712735
COHFACE_s29_session0_lamp,23,115,26.833333333333332,2.133286952972412,1.1058644961346114
COHFACE_s29_session0_lamp,23,116,26.866666666666667,2.048431396484375,1.3413604218373965
COHFACE_s29_session0_lamp,23,117,26.9,1.7887600660324097,1.5176525238792051
COHFACE_s29_session0_lamp,23,118,26.933333333333334,1.664229154586792,1.621895278057409
COHFACE_s29_session0_lamp,23,119,26.966666666666665,1.6600221395492554,1.646234014265965
COHFACE_s29_session0_lamp,23,120,27.0,1.618080973625183,1.587921621947971
COHFACE_s29_session0_lamp,23,121,27.033333333333335,1.3835439682006836,1.449946014089921
COHFACE_s29_session0_lamp,23,122,27.066666666666666,1.052757740020752,1.2420847254925276
COHFACE_s29_session0_lamp,23,123,27.1,0.8110178112983704,0.981406936595544
COHFACE_s29_session0_lamp,23,124,27.133333333333333,0.6490125060081482,0.6908210989547511
COHFACE_s29_session0_lamp,23,125,27.166666666666668,0.4853038191795349,0.3950365490004567
COHFACE_s29_session0_lamp,23,126,27.2,0.2787671983242035,0.1151652155510911
COHFACE_s29_session0_lamp,23,127,27.233333333333334,0.05284443125128746,-0.135494720472765
COHFACE_s29_session0_lamp,23,128,27.266666666666666,-0.1560553014278412,-0.3525414121904059
COHFACE_s29_session0_lamp,23,129,27.3,-0.3241495192050934,-0.5383486934214973
COHFACE_s29_session0_lamp,23,130,27.333333333333332,-0.4568025469779968,-0.6983229780629653
COHFACE_s29_session0_lamp,23,131,27.366666666666667,-0.554695725440979,-0.8375085895249422
COHFACE_s29_session0_lamp,23,132,27.4,-0.6297527551651001,-0.958611588996928
COHFACE_s29_session0_lamp,23,133,27.433333333333334,-0.69357830286026,-1.0613968085966603
COHFACE_s29_session0_lamp,23,134,27.466666666666665,-0.7555814385414124,-1.1430540743209978
COHFACE_s29_session0_lamp,23,135,27.5,-0.8197044134140015,-1.1992646835657126
COHFACE_s29_session0_lamp,23,136,27.533333333333335,-0.8876180648803711,-1.2256794584373818
COHFACE_s29_session0_lamp,23,137,27.566666666666666,-0.9538661241531372,-1.2193111959449672
COHFACE_s29_session0_lamp,23,138,27.6,-1.0129330158233643,-1.1792451993952555
COHFACE_s29_session0_lamp,23,139,27.633333333333333,-1.0673925876617432,-1.1062714955051054
COHFACE_s29_session0_lamp,23,140,27.666666666666668,-1.1117401123046875,-1.0015441588691913
COHFACE_s29_session0_lamp,23,141,27.7,-1.1438339948654175,-0.8649798792219763
COHFACE_s29_session0_lamp,23,142,27.733333333333334,-1.1625441312789917,-0.6944935212320401
COHFACE_s29_session0_lamp,23,143,27.766666666666666,-1.1709529161453247,-0.48700669600590857
COHFACE_s29_session0_lamp,23,144,27.8,-1.1699200868606567,-0.24134965167629274
COHFACE_s29_session0_lamp,23,145,27.833333333333332,-1.1693576574325562,0.03801528898935013
COHFACE_s29_session0_lamp,23,146,27.866666666666667,-1.188673496246338,0.33846783744359343
COHFACE_s29_session0_lamp,23,147,27.9,-1.1895009279251099,0.6398422404369803
COHFACE_s29_session0_lamp,23,148,27.933333333333334,-0.8267126083374023,0.9186672994375636
COHFACE_s29_session0_lamp,23,149,27.966666666666665,0.2848561108112335,1.1542610722152018
COHFACE_s29_session0_lamp,23,150,28.0,1.5106867551803589,1.3332542504948341
COHFACE_s29_session0_lamp,23,151,28.033333333333335,2.015758991241455,1.4499230141477022
COHFACE_s29_session0_lamp,23,152,28.066666666666666,1.8597668409347534,1.5030670048807315
COHFACE_s29_session0_lamp,23,153,28.1,1.5522005558013916,1.4928656808881304
COHFACE_s29_session0_lamp,23,154,28.133333333333333,1.3959921598434448,1.420405866117474
COHFACE_s29_session0_lamp,23,155,28.166666666666668,1.3875834941864014,1.2896017349592146
COHFACE_s29_session0_lamp,23,156,28.2,1.3271268606185913,1.1089771799854213
COHFACE_s29_session0_lamp,23,157,28.233333333333334,1.1034698486328125,0.8910192315729903
COHFACE_s29_session0_lamp,23,158,28.266666666666666,0.8602969646453857,0.649232960199905
COHFACE_s29_session0_lamp,23,159,28.3,0.7061704993247986,0.39518756019088935
COHFACE_s29_session0_lamp,23,160,28.333333333333332,0.5921843647956848,0.13764600316603612
COHFACE_s29_session0_lamp,23,161,28.366666666666667,0.4417242109775543,-0.11609428070606401
COHFACE_s29_session0_lamp,23,162,28.4,0.24091961979866028,-0.3583302974755825
COHFACE_s29_session0_lamp,23,163,28.433333333333334,0.03158728405833244,-0.5804873475477365
COHFACE_s29_session0_lamp,23,164,28.466666666666665,-0.1689685732126236,-0.7745635464832216
COHFACE_s29_session0_lamp,23,165,28.5,-0.3370790183544159,-0.9352444756385407
COHFACE_s29_session0_lamp,23,166,28.533333333333335,-0.45502346754074097,-1.0608820609175493
COHFACE_s29_session0_lamp,23,167,28.566666666666666,-0.5343254208564758,-1.1523708335622462
COHFACE_s29_session0_lamp,23,168,28.6,-0.6002599000930786,-1.2104976393743538
COHFACE_s29_session0_lamp,23,169,28.633333333333333,-0.6523942947387695,-1.2336496400386494
COHFACE_s29_session0_lamp,23,170,28.666666666666668,-0.7023060917854309,-1.2179475697033668
COHFACE_s29_session0_lamp,23,171,28.7,-0.7577012181282043,-1.1603652309411496
COHFACE_s29_session0_lamp,23,172,28.733333333333334,-0.8170871138572693,-1.062835294393507
COHFACE_s29_session0_lamp,23,173,28.766666666666666,-0.8837137818336487,-0.9339669258990208
COHFACE_s29_session0_lamp,23,174,28.8,-0.9456250071525574,-0.7864156510230639
COHFACE_s29_session0_lamp,23,175,28.833333333333332,-0.9885556697845459,-0.6310755306676122
COHFACE_s29_session0_lamp,23,176,28.866666666666667,-1.0228883028030396,-0.47174220702098485
COHFACE_s29_session0_lamp,23,177,28.9,-1.062882661819458,-0.30395097582908237
COHFACE_s29_session0_lamp,23,178,28.933333333333334,-1.104445219039917,-0.1191281174515878
COHFACE_s29_session0_lamp,23,179,28.966666666666665,-1.0685443878173828,0.0882079992866068
COHFACE_s29_session0_lamp,23,180,29.0,-0.5214500427246094,0.31442349723788926
COHFACE_s29_session0_lamp,23,181,29.033333333333335,0.6769371628761292,0.5455795174857885
COHFACE_s29_session0_lamp,23,182,29.066666666666666,1.6753255128860474,0.7619614953897054
COHFACE_s29_session0_lamp,23,183,29.1,1.8823001384735107,0.9457851980955879
COHFACE_s29_session0_lamp,23,184,29.133333333333333,1.620330572128296,1.0874626713056288
COHFACE_s29_session0_lamp,23,185,29.166666666666668,1.3635737895965576,1.186636683034223
COHFACE_s29_session0_lamp,23,186,29.2,1.2707204818725586,1.2477441731834342
COHFACE_s29_session0_lamp,23,187,29.233333333333334,1.2594294548034668,1.2735810769335687
COHFACE_s29_session0_lamp,23,188,29.266666666666666,1.124694585800171,1.261474136208774
COHFACE_s29_session0_lamp,23,189,29.3,0.8496440649032593,1.2046034924310878
COHFACE_s29_session0_lamp,23,190,29.333333333333332,0.6204118728637695,1.0972606230775637
COHFACE_s29_session0_lamp,23,191,29.366666666666667,0.482810914516449,0.9402026427965409
COHFACE_s29_session0_lamp,23,192,29.4,0.35378095507621765,0.7426872713956676
COHFACE_s29_session0_lamp,23,193,29.433333333333334,0.18433482944965363,0.5203408173254372
COHFACE_s29_session0_lamp,23,194,29.466666666666665,-0.02091478556394577,0.2905363137803237
COHFACE_s29_session0_lamp,23,195,29.5,-0.23057697713375092,0.06793884187956443
COHFACE_s29_session0_lamp,23,196,29.533333333333335,-0.4147316813468933,-0.13794223171455527
COHFACE_s29_session0_lamp,23,197,29.566666666666666,-0.5546525120735168,-0.3229042725374163
COHFACE_s29_session0_lamp,23,198,29.6,-0.6531621217727661,-0.4866541892412909
COHFACE_s29_session0_lamp,23,199,29.633333333333333,-0.719280481338501,-0.6308630220933812
COHFACE_s29_session0_lamp,23,200,29.666666666666668,-0.7717933654785156,-0.757456490934698
COHFACE_s29_session0_lamp,23,201,29.7,-0.8220891356468201,-0.8675524670186887
COHFACE_s29_session0_lamp,23,202,29.733333333333334,-0.8771435618400574,-0.9611055839003392
COHFACE_s29_session0_lamp,23,203,29.766666666666666,-0.9328415393829346,-1.0370096009077983
COHFACE_s29_session0_lamp,23,204,29.8,-0.9899778962135315,-1.0931731197258487
COHFACE_s29_session0_lamp,23,205,29.833333333333332,-1.0497963428497314,-1.126136611671239
COHFACE_s29_session0_lamp,23,206,29.866666666666667,-1.0982049703598022,-1.1302848986520178
COHFACE_s29_session0_lamp,23,207,29.9,-1.1329485177993774,-1.097467339263699
COHFACE_s29_session0_lamp,23,208,29.933333333333334,-1.1552764177322388,-1.0183282717814468
COHFACE_s29_session0_lamp,23,209,29.966666666666665,-1.1748193502426147,-0.8860581709730274
COHFACE_s29_session0_lamp,23,210,30.0,-1.1986666917800903,-0.701463640488614
COHFACE_s29_session0_lamp,23,211,30.033333333333335,-1.1972066164016724,-0.476470497182765
COHFACE_s29_session0_lamp,23,212,30.066666666666666,-0.8580008149147034,-0.23299216011649412
COHFACE_s29_session0_lamp,23,213,30.1,0.2419741004705429,0.003829061384956079
COHFACE_s29_session0_lamp,23,214,30.133333333333333,1.5037866830825806,0.2154303593733896
COHFACE_s29_session0_lamp,23,215,30.166666666666668,2.0291101932525635,0.39722164672382776
COHFACE_s29_session0_lamp,23,216,30.2,1.8836628198623657,0.5582317894196496
COHFACE_s29_session0_lamp,23,217,30.233333333333334,1.625116229057312,0.7119080378016981
COHFACE_s29_session0_lamp,23,218,30.266666666666666,1.5219722986221313,0.8634230395010319
COHFACE_s29_session0_lamp,23,219,30.3,1.5195767879486084,1.0021124210252395
COHFACE_s29_session0_lamp,23,220,30.333333333333332,1.4525823593139648,1.1042060037721515
COHFACE_s29_session0_lamp,23,221,30.366666666666667,1.1940466165542603,1.1439094134882852
COHFACE_s29_session0_lamp,23,222,30.4,0.8707497715950012,1.105764564313082
COHFACE_s29_session0_lamp,23,223,30.433333333333334,0.6592598557472229,0.9912026313939467
COHFACE_s29_session0_lamp,23,224,30.466666666666665,0.5261904001235962,0.8168037449663749
COHFACE_s29_session0_lamp,23,225,30.5,0.37639540433883667,0.6070848146383461
COHFACE_s29_session0_lamp,23,226,30.533333333333335,0.18322628736495972,0.3867802716680751
COHFACE_s29_session0_lamp,23,227,30.566666666666666,-0.025970861315727234,0.17607265763744012
COHFACE_s29_session0_lamp,23,228,30.6,-0.21420827507972717,-0.010906004449172982
COHFACE_s29_session0_lamp,23,229,30.633333333333333,-0.3679237961769104,-0.16601581360068382
COHFACE_s29_session0_lamp,23,230,30.666666666666668,-0.48946425318717957,-0.28677155845865243
COHFACE_s29_session0_lamp,23,231,30.7,-0.5767207741737366,-0.3755456477585497
COHFACE_s29_session0_lamp,23,232,30.733333333333334,-0.6398000717163086,-0.4376900387630959
COHFACE_s29_session0_lamp,23,233,30.766666666666666,-0.6982666850090027,-0.47873901596692753
COHFACE_s29_session0_lamp,23,234,30.8,-0.7540186643600464,-0.5018718468118382
COHFACE_s29_session0_lamp,23,235,30.833333333333332,-0.8079159259796143,-0.5070229313975496
COHFACE_s29_session0_lamp,23,236,30.866666666666667,-0.8660634756088257,-0.49208209949112924
COHFACE_s29_session0_lamp,23,237,30.9,-0.9256061911582947,-0.4553511460505493
COHFACE_s29_session0_lamp,23,238,30.933333333333334,-0.9806336164474487,-0.3978271292349958
COHFACE_s29_session0_lamp,23,239,30.966666666666665,-1.0273171663284302,-0.324130747508085
COHFACE_s29_session0_lamp,24,0,24.0,-0.31761178374290466,-0.19958145203617994
COHFACE_s29_session0_lamp,24,1,24.033333333333335,-0.39916330575942993,-0.17852511655278494
COHFACE_s29_session0_lamp,24,2,24.066666666666666,-0.4651680588722229,-0.1728024205269752
COHFACE_s29_session0_lamp,24,3,24.1,-0.5299669504165649,-0.19297580167082015
COHFACE_s29_session0_lamp,24,4,24.133333333333333,-0.600124716758728,-0.23690881436148029
COHFACE_s29_session0_lamp,24,5,24.166666666666668,-0.6777827739715576,-0.290548594869209
COHFACE_s29_session0_lamp,24,6,24.2,-0.7425005435943604,-0.33365207317836854
COHFACE_s29_session0_lamp,24,7,24.233333333333334,-0.7977334260940552,-0.34725754628225003
COHFACE_s29_session0_lamp,24,8,24.266666666666666,-0.8543398976325989,-0.3193694169583287
COHFACE_s29_session0_lamp,24,9,24.3,-0.8995850086212158,-0.24687618759720495
COHFACE_s29_session0_lamp,24,10,24.333333333333332,-0.9374812245368958,-0.13359071672321637
COHFACE_s29_session0_lamp,24,11,24.366666666666667,-0.971062183380127,0.013812026128560044
COHFACE_s29_session0_lamp,24,12,24.4,-1.0067683458328247,0.18869576118052464
COHFACE_s29_session0_lamp,24,13,24.433333333333334,-1.011618971824646,0.38370493550220486
COHFACE_s29_session0_lamp,24,14,24.466666666666665,-0.6319536566734314,0.5873237792812909
COHFACE_s29_session0_lamp,24,15,24.5,0.4433951675891876,0.7816012896298073
COHFACE_s29_session0_lamp,24,16,24.533333333333335,1.560831069946289,0.9440929022793085
COHFACE_s29_session0_lamp,24,17,24.566666666666666,1.9624402523040771,1.0536982131937502
COHFACE_s29_session0_lamp,24,18,24.6,1.7638744115829468,1.0971567990394697
COHFACE_s29_session0_lamp,24,19,24.633333333333333,1.4701570272445679,1.0724731101665326
COHFACE_s29_session0_lamp,24,20,24.666666666666668,1.3345081806182861,0.987641948643744
COHFACE_s29_session0_lamp,24,21,24.7,1.3228764533996582,0.8560376548672317
COHFACE_s29_session0_lamp,24,22,24.733333333333334,1.2343599796295166,0.6915809331263951
COHFACE_s29_session0_lamp,24,23,24.766666666666666,0.9744723439216614,0.5063076336599093
COHFACE_s29_session0_lamp,24,24,24.8,0.7132273316383362,0.31073003816615474
COHFACE_s29_session0_lamp,24,25,24.833333333333332,0.5557103157043457,0.11521130670091495
COHFACE_s29_session0_lamp,24,26,24.866666666666667,0.42531225085258484,-0.06987647152815979
COHFACE_s29_session0_lamp,24,27,24.9,0.26061397790908813,-0.23605465648247162
COHFACE_s29_session0_lamp,24,28,24.933333333333334,0.049237582832574844,-0.37948510878368474
COHFACE_s29_session0_lamp,24,29,24.966666666666665,-0.16934169828891754,-0.5023103719889557
COHFACE_s29_session0_lamp,24,30,25.0,-0.359385222196579,-0.6112119674490591
COHFACE_s29_session0_lamp,24,31,25.033333333333335,-0.5103158354759216,-0.7136503961350738
COHFACE_s29_session0_lamp,24,32,25.066666666666666,-0.6176722645759583,-0.8135702039758754
COHFACE_s29_session0_lamp,24,33,25.1,-0.6903932690620422,-0.908626731813526
COHFACE_s29_session0_lamp,24,34,25.133333333333333,-0.7446419596672058,-0.9903452899851415
COHFACE_s29_session0_lamp,24,35,25.166666666666668,-0.7942076921463013,-1.0473116901620627
COHFACE_s29_session0_lamp,24,36,25.2,-0.8494243621826172,-1.0699868590605965
COHFACE_s29_session0_lamp,24,37,25.233333333333334,-0.9092807769775391,-1.0547794756860798
COHFACE_s29_session0_lamp,24,38,25.266666666666666,-0.9685044288635254,-1.0052159314863325
COHFACE_s29_session0_lamp,24,39,25.3,-1.0296099185943604,-0.9295158547526131
COHFACE_s29_session0_lamp,24,40,25.333333333333332,-1.084296703338623,-0.8359497384294088
COHFACE_s29_session0_lamp,24,41,25.366666666666667,-1.128200650215149,-0.7286131731519419
COHFACE_s29_session0_lamp,24,42,25.4,-1.1566985845565796,-0.6057815723775904
COHFACE_s29_session0_lamp,24,43,25.433333333333334,-1.167367696762085,-0.4614494876150053
COHFACE_s29_session0_lamp,24,44,25.466666666666665,-1.1848233938217163,-0.28917665717359636
COHFACE_s29_session0_lamp,24,45,25.5,-1.211320400238037,-0.08646594124311519
COHFACE_s29_session0_lamp,24,46,25.533333333333335,-1.182135820388794,0.14231712000150923
COHFACE_s29_session0_lamp,24,47,25.566666666666666,-0.6933349370956421,0.38591847642478
COHFACE_s29_session0_lamp,24,48,25.6,0.5279803276062012,0.6292122904841893
COHFACE_s29_session0_lamp,24,49,25.633333333333333,1.6910182237625122,0.8576979647171892
COHFACE_s29_session0_lamp,24,50,25.666666666666668,2.0752367973327637,1.0606672341358143
COHFACE_s29_session0_lamp,24,51,25.7,1.8836466073989868,1.2309632368081531
COHFACE_s29_session0_lamp,24,52,25.733333333333334,1.6349742412567139,1.3621124391263602
COHFACE_s29_session0_lamp,24,53,25.766666666666666,1.5558290481567383,1.4458820228891531
COHFACE_s29_session0_lamp,24,54,25.8,1.57771897315979,1.4726535183065732
COHFACE_s29_session0_lamp,24,55,25.833333333333332,1.5029268264770508,1.4345267021838026
COHFACE_s29_session0_lamp,24,56,25.866666666666667,1.2218307256698608,1.3291744451771208
COHFACE_s29_session0_lamp,24,57,25.9,0.897014319896698,1.1621712943598443
COHFACE_s29_session0_lamp,24,58,25.933333333333334,0.6838750839233398,0.9465648464635219
COHFACE_s29_session0_lamp,24,59,25.966666666666665,0.5394443869590759,0.6999540526781015
COHFACE_s29_session0_lamp,24,60,26.0,0.3701496720314026,0.44039829859280427
COHFACE_s29_session0_lamp,24,61,26.033333333333335,0.16306687891483307,0.18282974424606127
COHFACE_s29_session0_lamp,24,62,26.066666666666666,-0.052911363542079926,-0.06267872102515817
COHFACE_s29_session0_lamp,24,63,26.1,-0.23828276991844177,-0.29044555656594506
COHFACE_s29_session0_lamp,24,64,26.133333333333333,-0.3886672258377075,-0.4974839683497405
COHFACE_s29_session0_lamp,24,65,26.166666666666668,-0.5083637237548828,-0.6820650509002398
COHFACE_s29_session0_lamp,24,66,26.2,-0.5941115021705627,-0.8431905041057214
COHFACE_s29_session0_lamp,24,67,26.233333333333334,-0.6590023040771484,-0.9804923639760406
COHFACE_s29_session0_lamp,24,68,26.266666666666666,-0.7192642688751221,-1.093867793311336
COHFACE_s29_session0_lamp,24,69,26.3,-0.7816945910453796,-1.1827291990775306
COHFACE_s29_session0_lamp,24,70,26.333333333333332,-0.8437410593032837,-1.2453183234095195
COHFACE_s29_session0_lamp,24,71,26.366666666666667,-0.9091725945472717,-1.2786401803348761
COHFACE_s29_session0_lamp,24,72,26.4,-0.9676716923713684,-1.279195443001752
COHFACE_s29_session0_lamp,24,73,26.433333333333334,-1.0228991508483887,-1.2441642631619012
COHFACE_s29_session0_lamp,24,74,26.466666666666665,-1.0693285465240479,-1.1724063511702572
COHFACE_s29_session0_lamp,24,75,26.5,-1.1078195571899414,-1.0647070113550887
COHFACE_s29_session0_lamp,24,76,26.533333333333335,-1.1358307600021362,-0.9230500549671502
COHFACE_s29_session0_lamp,24,77,26.566666666666666,-1.1441097259521484,-0.7492325653754951
COHFACE_s29_session0_lamp,24,78,26.6,-1.148084282875061,-0.5436581576057149
COHFACE_s29_session0_lamp,24,79,26.633333333333333,-1.1504637002944946,-0.3053416621000407
COHFACE_s29_session0_lamp,24,80,26.666666666666668,-1.1687358617782593,-0.03376185677764723
COHFACE_s29_session0_lamp,24,81,26.7,-1.1738784313201904,0.2678349478616653
COHFACE_s29_session0_lamp,24,82,26.733333333333334,-0.8697676658630371,0.5893012276564047
COHFACE_s29_session0_lamp,24,83,26.766666666666666,0.20236366987228394,0.9126406152441167
COHFACE_s29_session0_lamp,24,84,26.8,1.5099080801010132,1.2142066634738253
COHFACE_s29_session0_lamp,24,85,26.833333333333332,2.133286952972412,1.4691219803417965
COHFACE_s29_session0_lamp,24,86,26.866666666666667,2.048431396484375,1.655619264325969
COHFACE_s29_session0_lamp,24,87,26.9,1.7887600660324097,1.7574017791698981
COHFACE_s29_session0_lamp,24,88,26.933333333333334,1.664229154586792,1.764196802951686
COHFACE_s29_session0_lamp,24,89,26.966666666666665,1.6600221395492554,1.6722656584905653
COHFACE_s29_session0_lamp,24,90,27.0,1.618080973625183,1.4859775071910521
COHFACE_s29_session0_lamp,24,91,27.033333333333335,1.3835439682006836,1.2196137448689077
COHFACE_s29_session0_lamp,24,92,27.066666666666666,1.052757740020752,0.8973705609357784
COHFACE_s29_session0_lamp,24,93,27.1,0.8110178112983704,0.5500691764000067
COHFACE_s29_session0_lamp,24,94,27.133333333333333,0.6490125060081482,0.20902558896151355
COHFACE_s29_session0_lamp,24,95,27.166666666666668,0.4853038191795349,-0.10060121349963215
COHFACE_s29_session0_lamp,24,96,27.2,0.2787671983242035,-0.36425101830173284
COHFACE_s29_session0_lamp,24,97,27.233333333333334,0.05284443125128746,-0.5785971055944598
COHFACE_s29_session0_lamp,24,98,27.266666666666666,-0.1560553014278412,-0.7486254960204229
COHFACE_s29_session0_lamp,24,99,27.3,-0.3241495192050934,-0.8828933239669655
COHFACE_s29_session0_lamp,24,100,27.333333333333332,-0.4568025469779968,-0.9891018408871193
COHFACE_s29_session0_lamp,24,101,27.366666666666667,-0.554695725440979,-1.0715407083220758
COHFACE_s29_session0_lamp,24,102,27.4,-0.6297527551651001,-1.1309200669671053
COHFACE_s29_session0_lamp,24,103,27.433333333333334,-0.69357830286026,-1.1660276565245076
COHFACE_s29_session0_lamp,24,104,27.466666666666665,-0.7555814385414124,-1.175897834012434
COHFACE_s29_session0_lamp,24,105,27.5,-0.8197044134140015,-1.1611486004177372
COHFACE_s29_session0_lamp,24,106,27.533333333333335,-0.8876180648803711,-1.1238750937794175
COHFACE_s29_session0_lamp,24,107,27.566666666666666,-0.9538661241531372,-1.0664131493683129
COHFACE_s29_session0_lamp,24,108,27.6,-1.0129330158233643,-0.9897829966030304
COHFACE_s29_session0_lamp,24,109,27.633333333333333,-1.0673925876617432,-0.892585373069279
COHFACE_s29_session0_lamp,24,110,27.666666666666668,-1.1117401123046875,-0.7707804473326845
COHFACE_s29_session0_lamp,24,111,27.7,-1.1438339948654175,-0.6184004796751006
COHFACE_s29_session0_lamp,24,112,27.733333333333334,-1.1625441312789917,-0.4290270973249269
COHFACE_s29_session0_lamp,24,113,27.766666666666666,-1.1709529161453247,-0.19786756462643956
COHFACE_s29_session0_lamp,24,114,27.8,-1.1699200868606567,0.07567460053609784
COHFACE_s29_session0_lamp,24,115,27.833333333333332,-1.1693576574325562,0.3853167209672417
COHFACE_s29_session0_lamp,24,116,27.866666666666667,-1.188673496246338,0.7161291045679709
COHFACE_s29_session0_lamp,24,117,27.9,-1.1895009279251099,1.0449502336198169
COHFACE_s29_session0_lamp,24,118,27.933333333333334,-0.8267126083374023,1.3434645375424938
COHFACE_s29_session0_lamp,24,119,27.966666666666665,0.2848561108112335,1.5830465977817358
COHFACE_s29_session0_lamp,24,120,28.0,1.5106867551803589,1.7395509213628806
COHFACE_s29_session0_lamp,24,121,28.033333333333335,2.015758991241455,1.7966632986745725
COHFACE_s29_session0_lamp,24,122,28.066666666666666,1.8597668409347534,1.747971510802782
COHFACE_s29_session0_lamp,24,123,28.1,1.5522005558013916,1.5985652686797813
COHFACE_s29_session0_lamp,24,124,28.133333333333333,1.3959921598434448,1.3656372170031645
COHFACE_s29_session0_lamp,24,125,28.166666666666668,1.3875834941864014,1.0762711964533629
COHFACE_s29_session0_lamp,24,126,28.2,1.3271268606185913,0.7615713388099351
COHFACE_s29_session0_lamp,24,127,28.233333333333334,1.1034698486328125,0.4487877640119044
COHFACE_s29_session0_lamp,24,128,28.266666666666666,0.8602969646453857,0.15495238834709216
COHFACE_s29_session0_lamp,24,129,28.3,0.7061704993247986,-0.11481742117976655
COHFACE_s29_session0_lamp,24,130,28.333333333333332,0.5921843647956848,-0.36377013747146836
COHFACE_s29_session0_lamp,24,131,28.366666666666667,0.4417242109775543,-0.5970409705570059
COHFACE_s29_session0_lamp,24,132,28.4,0.24091961979866028,-0.8157506281572594
COHFACE_s29_session0_lamp,24,133,28.433333333333334,0.03158728405833244,-1.014423943240442
COHFACE_s29_session0_lamp,24,134,28.466666666666665,-0.1689685732126236,-1.1825583880608304
COHFACE_s29_session0_lamp,24,135,28.5,-0.3370790183544159,-1.3089803263483077
COHFACE_s29_session0_lamp,24,136,28.533333333333335,-0.45502346754074097,-1.3861331174389082
COHFACE_s29_session0_lamp,24,137,28.566666666666666,-0.5343254208564758,-1.411772375118737
COHFACE_s29_session0_lamp,24,138,28.6,-0.6002599000930786,-1.387739801353016
COHFACE_s29_session0_lamp,24,139,28.633333333333333,-0.6523942947387695,-1.3176421371195617
COHFACE_s29_session0_lamp,24,140,28.666666666666668,-0.7023060917854309,-1.2055398911727726
COHFACE_s29_session0_lamp,24,141,28.7,-0.7577012181282043,-1.0563667865921196
COHFACE_s29_session0_lamp,24,142,28.733333333333334,-0.8170871138572693,-0.8771352876572105
COHFACE_s29_session0_lamp,24,143,28.766666666666666,-0.8837137818336487,-0.6772577287111321
COHFACE_s29_session0_lamp,24,144,28.8,-0.9456250071525574,-0.4669994824965912
COHFACE_s29_session0_lamp,24,145,28.833333333333332,-0.9885556697845459,-0.25461044622720946
COHFACE_s29_session0_lamp,24,146,28.866666666666667,-1.0228883028030396,-0.04393689170822855
COHFACE_s29_session0_lamp,24,147,28.9,-1.062882661819458,0.1656720459066199
COHFACE_s29_session0_lamp,24,148,28.933333333333334,-1.104445219039917,0.3767310502294971
COHFACE_s29_session0_lamp,24,149,28.966666666666665,-1.0685443878173828,0.5895611641646736
COHFACE_s29_session0_lamp,24,150,29.0,-0.5214500427246094,0.7989739636116651
COHFACE_s29_session0_lamp,24,151,29.033333333333335,0.6769371628761292,0.9935149222814255
COHFACE_s29_session0_lamp,24,152,29.066666666666666,1.6753255128860474,1.1578516736805533
COHFACE_s29_session0_lamp,24,153,29.1,1.8823001384735107,1.277335614773241
COHFACE_s29_session0_lamp,24,154,29.133333333333333,1.620330572128296,1.3425787171634
COHFACE_s29_session0_lamp,24,155,29.166666666666668,1.3635737895965576,1.3517758817854346
COHFACE_s29_session0_lamp,24,156,29.2,1.2707204818725586,1.3096977373599414
COHFACE_s29_session0_lamp,24,157,29.233333333333334,1.2594294548034668,1.22418547065215
COHFACE_s29_session0_lamp,24,158,29.266666666666666,1.124694585800171,1.102474793922935
COHFACE_s29_session0_lamp,24,159,29.3,0.8496440649032593,0.9496056528710677
COHFACE_s29_session0_lamp,24,160,29.333333333333332,0.6204118728637695,0.7693978231196337
COHFACE_s29_session0_lamp,24,161,29.366666666666667,0.482810914516449,0.5665455291386556
COHFACE_s29_session0_lamp,24,162,29.4,0.35378095507621765,0.3479183942012849
COHFACE_s29_session0_lamp,24,163,29.433333333333334,0.18433482944965363,0.12216856508585473
COHFACE_s29_session0_lamp,24,164,29.466666666666665,-0.02091478556394577,-0.1018064170434786
COHFACE_s29_session0_lamp,24,165,29.5,-0.23057697713375092,-0.3162715479847068
COHFACE_s29_session0_lamp,24,166,29.533333333333335,-0.4147316813468933,-0.5151336218429015
COHFACE_s29_session0_lamp,24,167,29.566666666666666,-0.5546525120735168,-0.6936212982831094
COHFACE_s29_session0_lamp,24,168,29.6,-0.6531621217727661,-0.8477436091463302
COHFACE_s29_session0_lamp,24,169,29.633333333333333,-0.719280481338501,-0.9740169380969462
COHFACE_s29_session0_lamp,24,170,29.666666666666668,-0.7717933654785156,-1.0696807054572883
COHFACE_s29_session0_lamp,24,171,29.7,-0.8220891356468201,-1.1333009810114871
COHFACE_s29_session0_lamp,24,172,29.733333333333334,-0.8771435618400574,-1.1653446948779478
COHFACE_s29_session0_lamp,24,173,29.766666666666666,-0.9328415393829346,-1.1681688103240728
COHFACE_s29_session0_lamp,24,174,29.8,-0.9899778962135315,-1.14505277502002
COHFACE_s29_session0_lamp,24,175,29.833333333333332,-1.0497963428497314,-1.0983707343076077
COHFACE_s29_session0_lamp,24,176,29.866666666666667,-1.0982049703598022,-1.0275831220848983
COHFACE_s29_session0_lamp,24,177,29.9,-1.1329485177993774,-0.9282145160964356
COHFACE_s29_session0_lamp,24,178,29.933333333333334,-1.1552764177322388,-0.793048445840516
COHFACE_s29_session0_lamp,24,179,29.966666666666665,-1.1748193502426147,-0.6159655080276231
COHFACE_s29_session0_lamp,24,180,30.0,-1.1986666917800903,-0.39720086341914773
COHFACE_s29_session0_lamp,24,181,30.033333333333335,-1.1972066164016724,-0.14722123035714277
COHFACE_s29_session0_lamp,24,182,30.066666666666666,-0.8580008149147034,0.11383851456514467
COHFACE_s29_session0_lamp,24,183,30.1,0.2419741004705429,0.3623807341554088
COHFACE_s29_session0_lamp,24,184,30.133333333333333,1.5037866830825806,0.5808666239221714
COHFACE_s29_session0_lamp,24,185,30.166666666666668,2.0291101932525635,0.7652132954415949
COHFACE_s29_session0_lamp,24,186,30.2,1.8836628198623657,0.9244465455132047
COHFACE_s29_session0_lamp,24,187,30.233333333333334,1.625116229057312,1.071232631447792
COHFACE_s29_session0_lamp,24,188,30.266666666666666,1.5219722986221313,1.208832717628696
COHFACE_s29_session0_lamp,24,189,30.3,1.5195767879486084,1.3236820897412584
COHFACE_s29_session0_lamp,24,190,30.333333333333332,1.4525823593139648,1.389129419249365
COHFACE_s29_session0_lamp,24,191,30.366666666666667,1.1940466165542603,1.3781289155043297
COHFACE_s29_session0_lamp,24,192,30.4,0.8707497715950012,1.2770023038163716
COHFACE_s29_session0_lamp,24,193,30.433333333333334,0.6592598557472229,1.0923040932526715
COHFACE_s29_session0_lamp,24,194,30.466666666666665,0.5261904001235962,0.8479159075830834
COHFACE_s29_session0_lamp,24,195,30.5,0.37639540433883667,0.5755557043758248
COHFACE_s29_session0_lamp,24,196,30.533333333333335,0.18322628736495972,0.30462214719305
COHFACE_s29_session0_lamp,24,197,30.566666666666666,-0.025970861315727234,0.05596246321504972
COHFACE_s29_session0_lamp,24,198,30.6,-0.21420827507972717,-0.15933229927638276
COHFACE_s29_session0_lamp,24,199,30.633333333333333,-0.3679237961769104,-0.33792784637027357
COHFACE_s29_session0_lamp,24,200,30.666666666666668,-0.48946425318717957,-0.4815034013054676
COHFACE_s29_session0_lamp,24,201,30.7,-0.5767207741737366,-0.5946225368223856
COHFACE_s29_session0_lamp,24,202,30.733333333333334,-0.6398000717163086,-0.6832840887683211
COHFACE_s29_session0_lamp,24,203,30.766666666666666,-0.6982666850090027,-0.7536643451356109
COHFACE_s29_session0_lamp,24,204,30.8,-0.7540186643600464,-0.8108231595855359
COHFACE_s29_session0_lamp,24,205,30.833333333333332,-0.8079159259796143,-0.8576066848628132
COHFACE_s29_session0_lamp,24,206,30.866666666666667,-0.8660634756088257,-0.8940397967266561
COHFACE_s29_session0_lamp,24,207,30.9,-0.9256061911582947,-0.9172683277447298
COHFACE_s29_session0_lamp,24,208,30.933333333333334,-0.9806336164474487,-0.9219563881220165
COHFACE_s29_session0_lamp,24,209,30.966666666666665,-1.0273171663284302,-0.9010558895639404
COHFACE_s29_session0_lamp,24,210,31.0,-1.0614227056503296,-0.8469396519344495
COHFACE_s29_session0_lamp,24,211,31.033333333333335,-1.0846103429794312,-0.7529038019200959
COHFACE_s29_session0_lamp,24,212,31.066666666666666,-1.0956039428710938,-0.6149479161312785
COHFACE_s29_session0_lamp,24,213,31.1,-1.097453236579895,-0.43360860530072
COHFACE_s29_session0_lamp,24,214,31.133333333333333,-1.104926586151123,-0.21552934327541345
COHFACE_s29_session0_lamp,24,215,31.166666666666668,-1.1310451030731201,0.02565453983919372
COHFACE_s29_session0_lamp,24,216,31.2,-1.120229959487915,0.2696788626742659
COHFACE_s29_session0_lamp,24,217,31.233333333333334,-0.6965038180351257,0.4918720284615616
COHFACE_s29_session0_lamp,24,218,31.266666666666666,0.4915333390235901,0.667532698758102
COHFACE_s29_session0_lamp,24,219,31.3,1.7182562351226807,0.7778021716121268
COHFACE_s29_session0_lamp,24,220,31.333333333333332,2.1650023460388184,0.8150404918804265
COHFACE_s29_session0_lamp,24,221,31.366666666666667,1.9761484861373901,0.7852093840404739
COHFACE_s29_session0_lamp,24,222,31.4,1.7136489152908325,0.7058959173014245
COHFACE_s29_session0_lamp,24,223,31.433333333333334,1.6273658275604248,0.6006207496466528
COHFACE_s29_session0_lamp,24,224,31.466666666666665,1.6370398998260498,0.4916466592380125
COHFACE_s29_session0_lamp,24,225,31.5,1.5503512620925903,0.39397117151389033
COHFACE_s29_session0_lamp,24,226,31.533333333333335,1.2650642395019531,0.31254241222315343
COHFACE_s29_session0_lamp,24,227,31.566666666666666,0.938831090927124,0.24340912654471925
COHFACE_s29_session0_lamp,24,228,31.6,0.7267408967018127,0.17804137894698865
COHFACE_s29_session0_lamp,24,229,31.633333333333333,0.5878528952598572,0.1087762487191799
COHFACE_s29_session0_lamp,24,230,31.666666666666668,0.42822694778442383,0.032733966793672895
COHFACE_s29_session0_lamp,24,231,31.7,0.23107244074344635,-0.047519208781135774
COHFACE_s29_session0_lamp,24,232,31.733333333333334,0.021399427205324173,-0.12595111968741485
COHFACE_s29_session0_lamp,24,233,31.766666666666666,-0.1707909256219864,-0.1955068728017831
COHFACE_s29_session0_lamp,24,234,31.8,-0.3249606490135193,-0.24959331526357548
COHFACE_s29_session0_lamp,24,235,31.833333333333332,-0.4419858157634735,-0.2828338137898591
COHFACE_s29_session0_lamp,24,236,31.866666666666667,-0.52939373254776,-0.2918475719891167
COHFACE_s29_session0_lamp,24,237,31.9,-0.5976318120956421,-0.2762339487926986
COHFACE_s29_session0_lamp,24,238,31.933333333333334,-0.6574124693870544,-0.2392899502011543
COHFACE_s29_session0_lamp,24,239,31.966666666666665,-0.7185666561126709,-0.18781159860446148
COHFACE_s29_session0_lamp,25,0,25.0,-0.359385222196579,-0.13525573911743094
COHFACE_s29_session0_lamp,25,1,25.033333333333335,-0.5103158354759216,-0.1793762551947395
COHFACE_s29_session0_lamp,25,2,25.066666666666666,-0.6176722645759583,-0.24023817884691004
COHFACE_s29_session0_lamp,25,3,25.1,-0.6903932690620422,-0.3263187374904516
COHFACE_s29_session0_lamp,25,4,25.133333333333333,-0.7446419596672058,-0.43246601517393657
COHFACE_s29_session0_lamp,25,5,25.166666666666668,-0.7942076921463013,-0.5417350354296704
COHFACE_s29_session0_lamp,25,6,25.2,-0.8494243621826172,-0.6327003861675069
COHFACE_s29_session0_lamp,25,7,25.233333333333334,-0.9092807769775391,-0.6879322303209312
COHFACE_s29_session0_lamp,25,8,25.266666666666666,-0.9685044288635254,-0.6990756712702162
COHFACE_s29_session0_lamp,25,9,25.3,-1.0296099185943604,-0.6665379784329314
COHFACE_s29_session0_lamp,25,10,25.333333333333332,-1.084296703338623,-0.5951502904365117
COHFACE_s29_session0_lamp,25,11,25.366666666666667,-1.128200650215149,-0.48932251267204685
COHFACE_s29_session0_lamp,25,12,25.4,-1.1566985845565796,-0.3510298859789231
COHFACE_s29_session0_lamp,25,13,25.433333333333334,-1.167367696762085,-0.1817600259658311
COHFACE_s29_session0_lamp,25,14,25.466666666666665,-1.1848233938217163,0.013301938424850357
COHFACE_s29_session0_lamp,25,15,25.5,-1.211320400238037,0.2222833527709025
COHFACE_s29_session0_lamp,25,16,25.533333333333335,-1.182135820388794,0.4276662267867218
COHFACE_s29_session0_lamp,25,17,25.566666666666666,-0.6933349370956421,0.611552052998777
COHFACE_s29_session0_lamp,25,18,25.6,0.5279803276062012,0.762198128266361
COHFACE_s29_session0_lamp,25,19,25.633333333333333,1.6910182237625122,0.8775035236071199
COHFACE_s29_session0_lamp,25,20,25.666666666666668,2.0752367973327637,0.9628228317840458
COHFACE_s29_session0_lamp,25,21,25.7,1.8836466073989868,1.0242303401867883
COHFACE_s29_session0_lamp,25,22,25.733333333333334,1.6349742412567139,1.0616364844661283
COHFACE_s29_session0_lamp,25,23,25.766666666666666,1.5558290481567383,1.0663852407254824
COHFACE_s29_session0_lamp,25,24,25.8,1.57771897315979,1.0246531288328153
COHFACE_s29_session0_lamp,25,25,25.833333333333332,1.5029268264770508,0.9241509526919242
COHFACE_s29_session0_lamp,25,26,25.866666666666667,1.2218307256698608,0.760407872288562
COHFACE_s29_session0_lamp,25,27,25.9,0.897014319896698,0.5400834646833081
COHFACE_s29_session0_lamp,25,28,25.933333333333334,0.6838750839233398,0.2805313492637925
COHFACE_s29_session0_lamp,25,29,25.966666666666665,0.5394443869590759,0.006207773622858845
COHFACE_s29_session0_lamp,25,30,26.0,0.3701496720314026,-0.25675487652726153
COHFACE_s29_session0_lamp,25,31,26.033333333333335,0.16306687891483307,-0.48620563284915563
COHFACE_s29_session0_lamp,25,32,26.066666666666666,-0.052911363542079926,-0.6682315196124883
COHFACE_s29_session0_lamp,25,33,26.1,-0.23828276991844177,-0.7988271840943865
COHFACE_s29_session0_lamp,25,34,26.133333333333333,-0.3886672258377075,-0.88279019681956
COHFACE_s29_session0_lamp,25,35,26.166666666666668,-0.5083637237548828,-0.9306169426301379
COHFACE_s29_session0_lamp,25,36,26.2,-0.5941115021705627,-0.9545464007135016
COHFACE_s29_session0_lamp,25,37,26.233333333333334,-0.6590023040771484,-0.9648490708607795
COHFACE_s29_session0_lamp,25,38,26.266666666666666,-0.7192642688751221,-0.9673072485402097
COHFACE_s29_session0_lamp,25,39,26.3,-0.7816945910453796,-0.9624563562302006
COHFACE_s29_session0_lamp,25,40,26.333333333333332,-0.8437410593032837,-0.9464644046205825
COHFACE_s29_session0_lamp,25,41,26.366666666666667,-0.9091725945472717,-0.9129509320068322
COHFACE_s29_session0_lamp,25,42,26.4,-0.9676716923713684,-0.854993906417661
COHFACE_s29_session0_lamp,25,43,26.433333333333334,-1.0228991508483887,-0.7668732827277371
COHFACE_s29_session0_lamp,25,44,26.466666666666665,-1.0693285465240479,-0.6453770798861849
COHFACE_s29_session0_lamp,25,45,26.5,-1.1078195571899414,-0.4906064076511231
COHFACE_s29_session0_lamp,25,46,26.533333333333335,-1.1358307600021362,-0.30619760563274095
COHFACE_s29_session0_lamp,25,47,26.566666666666666,-1.1441097259521484,-0.0988202812557683
COHFACE_s29_session0_lamp,25,48,26.6,-1.148084282875061,0.12311438208895677
COHFACE_s29_session0_lamp,25,49,26.633333333333333,-1.1504637002944946,0.35113064724474286
COHFACE_s29_session0_lamp,25,50,26.666666666666668,-1.1687358617782593,0.5776836901422222
COHFACE_s29_session0_lamp,25,51,26.7,-1.1738784313201904,0.7955563384350354
COHFACE_s29_session0_lamp,25,52,26.733333333333334,-0.8697676658630371,0.9961247212073567
COHFACE_s29_session0_lamp,25,53,26.766666666666666,0.20236366987228394,1.1682568381937901
COHFACE_s29_session0_lamp,25,54,26.8,1.5099080801010132,1.2993616004329562
COHFACE_s29_session0_lamp,25,55,26.833333333333332,2.133286952972412,1.3784274913012335
COHFACE_s29_session0_lamp,25,56,26.866666666666667,2.048431396484375,1.399093138599302
COHFACE_s29_session0_lamp,25,57,26.9,1.7887600660324097,1.3605468581601121
COHFACE_s29_session0_lamp,25,58,26.933333333333334,1.664229154586792,1.2658513014636323
COHFACE_s29_session0_lamp,25,59,26.966666666666665,1.6600221395492554,1.1193691999693687
COHFACE_s29_session0_lamp,25,60,27.0,1.618080973625183,0.9254042820877796
COHFACE_s29_session0_lamp,25,61,27.033333333333335,1.3835439682006836,0.6890365813828282
COHFACE_s29_session0_lamp,25,62,27.066666666666666,1.052757740020752,0.41853885145284003
COHFACE_s29_session0_lamp,25,63,27.1,0.8110178112983704,0.12754432231049997
COHFACE_s29_session0_lamp,25,64,27.133333333333333,0.6490125060081482,-0.16510579953259163
COHFACE_s29_session0_lamp,25,65,27.166666666666668,0.4853038191795349,-0.43868058098000867
COHFACE_s29_session0_lamp,25,66,27.2,0.2787671983242035,-0.6756406033003268
COHFACE_s29_session0_lamp,25,67,27.233333333333334,0.05284443125128746,-0.8656901929841696
COHFACE_s29_session0_lamp,25,68,27.266666666666666,-0.1560553014278412,-1.006819702275396
COHFACE_s29_session0_lamp,25,69,27.3,-0.3241495192050934,-1.1033852111584783
COHFACE_s29_session0_lamp,25,70,27.333333333333332,-0.4568025469779968,-1.1627479600233672
COHFACE_s29_session0_lamp,25,71,27.366666666666667,-0.554695725440979,-1.1921786820177218
COHFACE_s29_session0_lamp,25,72,27.4,-0.6297527551651001,-1.1969180508396668
COHFACE_s29_session0_lamp,25,73,27.433333333333334,-0.69357830286026,-1.179396938477151
COHFACE_s29_session0_lamp,25,74,27.466666666666665,-0.7555814385414124,-1.1393489214866155
COHFACE_s29_session0_lamp,25,75,27.5,-0.8197044134140015,-1.0746234393246892
COHFACE_s29_session0_lamp,25,76,27.533333333333335,-0.8876180648803711,-0.9824311456335325
COHFACE_s29_session0_lamp,25,77,27.566666666666666,-0.9538661241531372,-0.8606059752631892
COHFACE_s29_session0_lamp,25,78,27.6,-1.0129330158233643,-0.7085070905019165
COHFACE_s29_session0_lamp,25,79,27.633333333333333,-1.0673925876617432,-0.5273418182737418
COHFACE_s29_session0_lamp,25,80,27.666666666666668,-1.1117401123046875,-0.3198340633032186
COHFACE_s29_session0_lamp,25,81,27.7,-1.1438339948654175,-0.08936633686237457
COHFACE_s29_session0_lamp,25,82,27.733333333333334,-1.1625441312789917,0.16091214987630037
COHFACE_s29_session0_lamp,25,83,27.766666666666666,-1.1709529161453247,0.428071671425559
COHFACE_s29_session0_lamp,25,84,27.8,-1.1699200868606567,0.7074704929217381
COHFACE_s29_session0_lamp,25,85,27.833333333333332,-1.1693576574325562,0.989041172661094
COHFACE_s29_session0_lamp,25,86,27.866666666666667,-1.188673496246338,1.2541125914629672
COHFACE_s29_session0_lamp,25,87,27.9,-1.1895009279251099,1.4760880401909122
COHFACE_s29_session0_lamp,25,88,27.933333333333334,-0.8267126083374023,1.6264073254921965
COHFACE_s29_session0_lamp,25,89,27.966666666666665,0.2848561108112335,1.6836168525439426
COHFACE_s29_session0_lamp,25,90,28.0,1.5106867551803589,1.640764708727696
COHFACE_s29_session0_lamp,25,91,28.033333333333335,2.015758991241455,1.5069631082179693
COHFACE_s29_session0_lamp,25,92,28.066666666666666,1.8597668409347534,1.3027789170296835
COHFACE_s29_session0_lamp,25,93,28.1,1.5522005558013916,1.0528598026102212
COHFACE_s29_session0_lamp,25,94,28.133333333333333,1.3959921598434448,0.7797941155852218
COHFACE_s29_session0_lamp,25,95,28.166666666666668,1.3875834941864014,0.5010474216627804
COHFACE_s29_session0_lamp,25,96,28.2,1.3271268606185913,0.2282841343096478
COHFACE_s29_session0_lamp,25,97,28.233333333333334,1.1034698486328125,-0.032483017869857245
COHFACE_s29_session0_lamp,25,98,28.266666666666666,0.8602969646453857,-0.2803100235432376
COHFACE_s29_session0_lamp,25,99,28.3,0.7061704993247986,-0.5174848983257998
COHFACE_s29_session0_lamp,25,100,28.333333333333332,0.5921843647956848,-0.7461496121190697
COHFACE_s29_session0_lamp,25,101,28.366666666666667,0.4417242109775543,-0.9645793389695686
COHFACE_s29_session0_lamp,25,102,28.4,0.24091961979866028,-1.1650580798172578
COHFACE_s29_session0_lamp,25,103,28.433333333333334,0.03158728405833244,-1.334744651086903
COHFACE_s29_session0_lamp,25,104,28.466666666666665,-0.1689685732126236,-1.4594554985912467
COHFACE_s29_session0_lamp,25,105,28.5,-0.3370790183544159,-1.5285712932942013
COHFACE_s29_session0_lamp,25,106,28.533333333333335,-0.45502346754074097,-1.538258253073939
COHFACE_s29_session0_lamp,25,107,28.566666666666666,-0.5343254208564758,-1.4909750198267024
COHFACE_s29_session0_lamp,25,108,28.6,-0.6002599000930786,-1.391795504605125
COHFACE_s29_session0_lamp,25,109,28.633333333333333,-0.6523942947387695,-1.244436573703096
COHFACE_s29_session0_lamp,25,110,28.666666666666668,-0.7023060917854309,-1.0500459212159525
COHFACE_s29_session0_lamp,25,111,28.7,-0.7577012181282043,-0.8097618417919276
COHFACE_s29_session0_lamp,25,112,28.733333333333334,-0.8170871138572693,-0.5292558226048832
COHFACE_s29_session0_lamp,25,113,28.766666666666666,-0.8837137818336487,-0.22179490259096596
COHFACE_s29_session0_lamp,25,114,28.8,-0.9456250071525574,0.09294046771534906
COHFACE_s29_session0_lamp,25,115,28.833333333333332,-0.9885556697845459,0.3942230122805444
COHFACE_s29_session0_lamp,25,116,28.866666666666667,-1.0228883028030396,0.6665543801535897
COHFACE_s29_session0_lamp,25,117,28.9,-1.062882661819458,0.9026277997608152
COHFACE_s29_session0_lamp,25,118,28.933333333333334,-1.104445219039917,1.1012410665088819
COHFACE_s29_session0_lamp,25,119,28.966666666666665,-1.0685443878173828,1.2621355438496777
COHFACE_s29_session0_lamp,25,120,29.0,-0.5214500427246094,1.381649448246366
COHFACE_s29_session0_lamp,25,121,29.033333333333335,0.6769371628761292,1.452190968646088
COHFACE_s29_session0_lamp,25,122,29.066666666666666,1.6753255128860474,1.4657472816113282
COHFACE_s29_session0_lamp,25,123,29.1,1.8823001384735107,1.4188824250455667
COHFACE_s29_session0_lamp,25,124,29.133333333333333,1.620330572128296,1.315743458213177
COHFACE_s29_session0_lamp,25,125,29.166666666666668,1.3635737895965576,1.1670561345481165
COHFACE_s29_session0_lamp,25,126,29.2,1.2707204818725586,0.9859936251565606
COHFACE_s29_session0_lamp,25,127,29.233333333333334,1.2594294548034668,0.7839294204249803
COHFACE_s29_session0_lamp,25,128,29.266666666666666,1.124694585800171,0.5687810950191462
COHFACE_s29_session0_lamp,25,129,29.3,0.8496440649032593,0.34642224600469235
COHFACE_s29_session0_lamp,25,130,29.333333333333332,0.6204118728637695,0.12329162917173164
COHFACE_s29_session0_lamp,25,131,29.366666666666667,0.482810914516449,-0.09237694168074637
COHFACE_s29_session0_lamp,25,132,29.4,0.35378095507621765,-0.291822353602046
COHFACE_s29_session0_lamp,25,133,29.433333333333334,0.18433482944965363,-0.46845534381837073
COHFACE_s29_session0_lamp,25,134,29.466666666666665,-0.02091478556394577,-0.6198630572258639
COHFACE_s29_session0_lamp,25,135,29.5,-0.23057697713375092,-0.7476420739268205
COHFACE_s29_session0_lamp,25,136,29.533333333333335,-0.4147316813468933,-0.8552704647688945
COHFACE_s29_session0_lamp,25,137,29.566666666666666,-0.5546525120735168,-0.9455238541024233
COHFACE_s29_session0_lamp,25,138,29.6,-0.6531621217727661,-1.0188686251584476
COHFACE_s29_session0_lamp,25,139,29.633333333333333,-0.719280481338501,-1.0733305712642167
COHFACE_s29_session0_lamp,25,140,29.666666666666668,-0.7717933654785156,-1.1055296684356346
COHFACE_s29_session0_lamp,25,141,29.7,-0.8220891356468201,-1.1122163178119588
COHFACE_s29_session0_lamp,25,142,29.733333333333334,-0.8771435618400574,-1.0916149816949892
COHFACE_s29_session0_lamp,25,143,29.766666666666666,-0.9328415393829346,-1.0440048112598197
COHFACE_s29_session0_lamp,25,144,29.8,-0.9899778962135315,-0.9711777577350303
COHFACE_s29_session0_lamp,25,145,29.833333333333332,-1.0497963428497314,-0.8748315110048737
COHFACE_s29_session0_lamp,25,146,29.866666666666667,-1.0982049703598022,-0.7546031325139626
COHFACE_s29_session0_lamp,25,147,29.9,-1.1329485177993774,-0.6070109305167661
COHFACE_s29_session0_lamp,25,148,29.933333333333334,-1.1552764177322388,-0.4265751834479235
COHFACE_s29_session0_lamp,25,149,29.966666666666665,-1.1748193502426147,-0.2094919557677347
COHFACE_s29_session0_lamp,25,150,30.0,-1.1986666917800903,0.04140225153048726
COHFACE_s29_session0_lamp,25,151,30.033333333333335,-1.1972066164016724,0.31315238281674534
COHFACE_s29_session0_lamp,25,152,30.066666666666666,-0.8580008149147034,0.5836978656104902
COHFACE_s29_session0_lamp,25,153,30.1,0.2419741004705429,0.8284269568581449
COHFACE_s29_session0_lamp,25,154,30.133333333333333,1.5037866830825806,1.029652132779202
COHFACE_s29_session0_lamp,25,155,30.166666666666668,2.0291101932525635,1.1834300024433089
COHFACE_s29_session0_lamp,25,156,30.2,1.8836628198623657,1.2985246671869843
COHFACE_s29_session0_lamp,25,157,30.233333333333334,1.625116229057312,1.386863201755578
COHFACE_s29_session0_lamp,25,158,30.266666666666666,1.5219722986221313,1.4512842910511625
COHFACE_s29_session0_lamp,25,159,30.3,1.5195767879486084,1.4792077993287043
COHFACE_s29_session0_lamp,25,160,30.333333333333332,1.4525823593139648,1.4467927540711358
COHFACE_s29_session0_lamp,25,161,30.366666666666667,1.1940466165542603,1.3309310725242758
COHFACE_s29_session0_lamp,25,162,30.4,0.8707497715950012,1.1218804129781872
COHFACE_s29_session0_lamp,25,163,30.433333333333334,0.6592598557472229,0.8297652521140286
COHFACE_s29_session0_lamp,25,164,30.466666666666665,0.5261904001235962,0.48241794408612776
COHFACE_s29_session0_lamp,25,165,30.5,0.37639540433883667,0.11687006188391352
COHFACE_s29_session0_lamp,25,166,30.533333333333335,0.18322628736495972,-0.23075616679778083
COHFACE_s29_session0_lamp,25,167,30.566666666666666,-0.025970861315727234,-0.5328337561403227
COHFACE_s29_session0_lamp,25,168,30.6,-0.21420827507972717,-0.7736370514088998
COHFACE_s29_session0_lamp,25,169,30.633333333333333,-0.3679237961769104,-0.9491875257902607
COHFACE_s29_session0_lamp,25,170,30.666666666666668,-0.48946425318717957,-1.0649063372832845
COHFACE_s29_session0_lamp,25,171,30.7,-0.5767207741737366,-1.1321370265594781
COHFACE_s29_session0_lamp,25,172,30.733333333333334,-0.6398000717163086,-1.164311764359583
COHFACE_s29_session0_lamp,25,173,30.766666666666666,-0.6982666850090027,-1.1734816802207884
COHFACE_s29_session0_lamp,25,174,30.8,-0.7540186643600464,-1.1678418015350045
COHFACE_s29_session0_lamp,25,175,30.833333333333332,-0.8079159259796143,-1.1505694774650577
COHFACE_s29_session0_lamp,25,176,30.866666666666667,-0.8660634756088257,-1.1198290142252467
COHFACE_s29_session0_lamp,25,177,30.9,-0.9256061911582947,-1.069548704725589
COHFACE_s29_session0_lamp,25,178,30.933333333333334,-0.9806336164474487,-0.990763953580692
COHFACE_s29_session0_lamp,25,179,30.966666666666665,-1.0273171663284302,-0.8735920256360584
COHFACE_s29_session0_lamp,25,180,31.0,-1.0614227056503296,-0.7098403240051111
COHFACE_s29_session0_lamp,25,181,31.033333333333335,-1.0846103429794312,-0.49588278977895767
COHFACE_s29_session0_lamp,25,182,31.066666666666666,-1.0956039428710938,-0.2350749293884781
COHFACE_s29_session0_lamp,25,183,31.1,-1.097453236579895,0.06109252334105651
COHFACE_s29_session0_lamp,25,184,31.133333333333333,-1.104926586151123,0.3735608824716935
COHFACE_s29_session0_lamp,25,185,31.166666666666668,-1.1310451030731201,0.677854782977573
COHFACE_s29_session0_lamp,25,186,31.2,-1.120229959487915,0.9472036450292904
COHFACE_s29_session0_lamp,25,187,31.233333333333334,-0.6965038180351257,1.1561192061760694
COHFACE_s29_session0_lamp,25,188,31.266666666666666,0.4915333390235901,1.2844641284002933
COHFACE_s29_session0_lamp,25,189,31.3,1.7182562351226807,1.3219157354272708
COHFACE_s29_session0_lamp,25,190,31.333333333333332,2.1650023460388184,1.2714637183747988
COHFACE_s29_session0_lamp,25,191,31.366666666666667,1.9761484861373901,1.1497910681131343
COHFACE_s29_session0_lamp,25,192,31.4,1.7136489152908325,0.9835110933416992
COHFACE_s29_session0_lamp,25,193,31.433333333333334,1.6273658275604248,0.8023342740050861
COHFACE_s29_session0_lamp,25,194,31.466666666666665,1.6370398998260498,0.6316134058141699
COHFACE_s29_session0_lamp,25,195,31.5,1.5503512620925903,0.48680071347799614
COHFACE_s29_session0_lamp,25,196,31.533333333333335,1.2650642395019531,0.3714440894186329
COHFACE_s29_session0_lamp,25,197,31.566666666666666,0.938831090927124,0.2790196616888408
COHFACE_s29_session0_lamp,25,198,31.6,0.7267408967018127,0.19765324773741944
COHFACE_s29_session0_lamp,25,199,31.633333333333333,0.5878528952598572,0.11582664817389392
COHFACE_s29_session0_lamp,25,200,31.666666666666668,0.42822694778442383,0.026740203379616224
COHFACE_s29_session0_lamp,25,201,31.7,0.23107244074344635,-0.07031274102120177
COHFACE_s29_session0_lamp,25,202,31.733333333333334,0.021399427205324173,-0.17144525051908738
COHFACE_s29_session0_lamp,25,203,31.766666666666666,-0.1707909256219864,-0.27099379220606046
COHFACE_s29_session0_lamp,25,204,31.8,-0.3249606490135193,-0.36409296568265936
COHFACE_s29_session0_lamp,25,205,31.833333333333332,-0.4419858157634735,-0.4482214208247069
COHFACE_s29_session0_lamp,25,206,31.866666666666667,-0.52939373254776,-0.523435856410683
COHFACE_s29_session0_lamp,25,207,31.9,-0.5976318120956421,-0.5913280421218132
COHFACE_s29_session0_lamp,25,208,31.933333333333334,-0.6574124693870544,-0.6532595629649838
COHFACE_s29_session0_lamp,25,209,31.966666666666665,-0.7185666561126709,-0.7088689077965408
COHFACE_s29_session0_lamp,25,210,32.0,-0.7744430899620056,-0.7557267502672694
COHFACE_s29_session0_lamp,25,211,32.03333333333333,-0.8308818340301514,-0.790248274371527
COHFACE_s29_session0_lamp,25,212,32.06666666666667,-0.8913221955299377,-0.8089985870372706
COHFACE_s29_session0_lamp,25,213,32.1,-0.9510758519172668,-0.8092543880633425
COHFACE_s29_session0_lamp,25,214,32.13333333333333,-0.9990950226783752,-0.7885217396463932
COHFACE_s29_session0_lamp,25,215,32.166666666666664,-1.036277413368225,-0.7437970274858314
COHFACE_s29_session0_lamp,25,216,32.2,-1.0660947561264038,-0.6716372860105401
COHFACE_s29_session0_lamp,25,217,32.233333333333334,-1.0845129489898682,-0.5694658809782562
COHFACE_s29_session0_lamp,25,218,32.266666666666666,-1.0929596424102783,-0.4375468829796158
COHFACE_s29_session0_lamp,25,219,32.3,-1.0906397104263306,-0.28043116714768834
COHFACE_s29_session0_lamp,25,220,32.333333333333336,-1.0927594900131226,-0.10686120150526164
COHFACE_s29_session0_lamp,25,221,32.36666666666667,-1.1089335680007935,0.0720032136935608
COHFACE_s29_session0_lamp,25,222,32.4,-1.1317318677902222,0.24516941802348222
COHFACE_s29_session0_lamp,25,223,32.43333333333333,-1.0429936647415161,0.40390383828195514
COHFACE_s29_session0_lamp,25,224,32.46666666666667,-0.3592446446418762,0.5424705127194874
COHFACE_s29_session0_lamp,25,225,32.5,0.971281886100769,0.6574796772048117
COHFACE_s29_session0_lamp,25,226,32.53333333333333,2.023686408996582,0.7463878343712557
COHFACE_s29_session0_lamp,25,227,32.56666666666667,2.225691556930542,0.805946289661148
COHFACE_s29_session0_lamp,25,228,32.6,1.9476938247680664,0.8314557485056596
COHFACE_s29_session0_lamp,25,229,32.63333333333333,1.6986267566680908,0.8174590348588464
COHFACE_s29_session0_lamp,25,230,32.666666666666664,1.6326814889907837,0.759920449974555
COHFACE_s29_session0_lamp,25,231,32.7,1.6326814889907837,0.6592071724255887
COHFACE_s29_session0_lamp,25,232,32.733333333333334,1.498005986213684,0.5226337015691037
COHFACE_s29_session0_lamp,25,233,32.766666666666666,1.1989836692810059,0.36519420632501637
COHFACE_s29_session0_lamp,25,234,32.8,0.9316498041152954,0.20754570944240597
COHFACE_s29_session0_lamp,25,235,32.833333333333336,0.7680925130844116,0.0713902060319288
COHFACE_s29_session0_lamp,25,236,32.86666666666667,0.6272686719894409,-0.02623009996201068
COHFACE_s29_session0_lamp,25,237,32.9,0.4470777213573456,-0.07756233215090526
COHFACE_s29_session0_lamp,25,238,32.93333333333333,0.23059657216072083,-0.08615375322765248
COHFACE_s29_session0_lamp,25,239,32.96666666666667,0.00892957765609026,-0.06575683965260062
COHFACE_s29_session0_lamp,26,0,26.0,0.3701496720314026,0.00011660895639099681
COHFACE_s29_session0_lamp,26,1,26.033333333333335,0.16306687891483307,0.17000295634632445
COHFACE_s29_session0_lamp,26,2,26.066666666666666,-0.052911363542079926,0.3069283489504193
COHFACE_s29_session0_lamp,26,3,26.1,-0.23828276991844177,0.38932200021010027
COHFACE_s29_session0_lamp,26,4,26.133333333333333,-0.3886672258377075,0.41130152276536225
COHFACE_s29_session0_lamp,26,5,26.166666666666668,-0.5083637237548828,0.38299629685139913
COHFACE_s29_session0_lamp,26,6,26.2,-0.5941115021705627,0.3245609200026516
COHFACE_s29_session0_lamp,26,7,26.233333333333334,-0.6590023040771484,0.256759807823069
COHFACE_s29_session0_lamp,26,8,26.266666666666666,-0.7192642688751221,0.19246935277465996
COHFACE_s29_session0_lamp,26,9,26.3,-0.7816945910453796,0.13292685641547286
COHFACE_s29_session0_lamp,26,10,26.333333333333332,-0.8437410593032837,0.07073662517107127
COHFACE_s29_session0_lamp,26,11,26.366666666666667,-0.9091725945472717,-0.0018324105529351226
COHFACE_s29_session0_lamp,26,12,26.4,-0.9676716923713684,-0.08482405604439947
COHFACE_s29_session0_lamp,26,13,26.433333333333334,-1.0228991508483887,-0.1688500155822866
COHFACE_s29_session0_lamp,26,14,26.466666666666665,-1.0693285465240479,-0.24042162498797903
COHFACE_s29_session0_lamp,26,15,26.5,-1.1078195571899414,-0.28939715694749196
COHFACE_s29_session0_lamp,26,16,26.533333333333335,-1.1358307600021362,-0.31285311381118136
COHFACE_s29_session0_lamp,26,17,26.566666666666666,-1.1441097259521484,-0.3133071744784514
COHFACE_s29_session0_lamp,26,18,26.6,-1.148084282875061,-0.29339572446399487
COHFACE_s29_session0_lamp,26,19,26.633333333333333,-1.1504637002944946,-0.25125871920606785
COHFACE_s29_session0_lamp,26,20,26.666666666666668,-1.1687358617782593,-0.18013174724514155
COHFACE_s29_session0_lamp,26,21,26.7,-1.1738784313201904,-0.07262290931573057
COHFACE_s29_session0_lamp,26,22,26.733333333333334,-0.8697676658630371,0.0732362147770535
COHFACE_s29_session0_lamp,26,23,26.766666666666666,0.20236366987228394,0.25032171631621514
COHFACE_s29_session0_lamp,26,24,26.8,1.5099080801010132,0.4432819823896913
COHFACE_s29_session0_lamp,26,25,26.833333333333332,2.133286952972412,0.6326247417642069
COHFACE_s29_session0_lamp,26,26,26.866666666666667,2.048431396484375,0.7986533857671048
COHFACE_s29_session0_lamp,26,27,26.9,1.7887600660324097,0.9229010208609045
COHFACE_s29_session0_lamp,26,28,26.933333333333334,1.664229154586792,0.9880166574324601
COHFACE_s29_session0_lamp,26,29,26.966666666666665,1.6600221395492554,0.9790408646446207
COHFACE_s29_session0_lamp,26,30,27.0,1.618080973625183,0.8872611759262424
COHFACE_s29_session0_lamp,26,31,27.033333333333335,1.3835439682006836,0.7146658452962946
COHFACE_s29_session0_lamp,26,32,27.066666666666666,1.052757740020752,0.47585816291599814
COHFACE_s29_session0_lamp,26,33,27.1,0.8110178112983704,0.1956991366198033
COHFACE_s29_session0_lamp,26,34,27.133333333333333,0.6490125060081482,-0.09653128180599475
COHFACE_s29_session0_lamp,26,35,27.166666666666668,0.4853038191795349,-0.37378340502278806
COHFACE_s29_session0_lamp,26,36,27.2,0.2787671983242035,-0.6159253702203382
COHFACE_s29_session0_lamp,26,37,27.233333333333334,0.05284443125128746,-0.8112192189724475
COHFACE_s29_session0_lamp,26,38,27.266666666666666,-0.1560553014278412,-0.9553210052922463
COHFACE_s29_session0_lamp,26,39,27.3,-0.3241495192050934,-1.0494669998226587
COHFACE_s29_session0_lamp,26,40,27.333333333333332,-0.4568025469779968,-1.0987915383743412
COHFACE_s29_session0_lamp,26,41,27.366666666666667,-0.554695725440979,-1.1106296112933622
COHFACE_s29_session0_lamp,26,42,27.4,-0.6297527551651001,-1.0925596253216523
COHFACE_s29_session0_lamp,26,43,27.433333333333334,-0.69357830286026,-1.0505534998988233
COHFACE_s29_session0_lamp,26,44,27.466666666666665,-0.7555814385414124,-0.9879449627604729
COHFACE_s29_session0_lamp,26,45,27.5,-0.8197044134140015,-0.9055904971118293
COHFACE_s29_session0_lamp,26,46,27.533333333333335,-0.8876180648803711,-0.8028283477593036
COHFACE_s29_session0_lamp,26,47,27.566666666666666,-0.9538661241531372,-0.6783648191787278
COHFACE_s29_session0_lamp,26,48,27.6,-1.0129330158233643,-0.5305210925523269
COHFACE_s29_session0_lamp,26,49,27.633333333333333,-1.0673925876617432,-0.3569854673975438
COHFACE_s29_session0_lamp,26,50,27.666666666666668,-1.1117401123046875,-0.15468775928384998
COHFACE_s29_session0_lamp,26,51,27.7,-1.1438339948654175,0.07959214490632312
COHFACE_s29_session0_lamp,26,52,27.733333333333334,-1.1625441312789917,0.3475961470638489
COHFACE_s29_session0_lamp,26,53,27.766666666666666,-1.1709529161453247,0.6469326067958343
COHFACE_s29_session0_lamp,26,54,27.8,-1.1699200868606567,0.9675988930044768
COHFACE_s29_session0_lamp,26,55,27.833333333333332,-1.1693576574325562,1.2887589161424806
COHFACE_s29_session0_lamp,26,56,27.866666666666667,-1.188673496246338,1.5782980606243922
COHFACE_s29_session0_lamp,26,57,27.9,-1.1895009279251099,1.7976118514272625
COHFACE_s29_session0_lamp,26,58,27.933333333333334,-0.8267126083374023,1.911213366417299
COHFACE_s29_session0_lamp,26,59,27.966666666666665,0.2848561108112335,1.897102163555283
COHFACE_s29_session0_lamp,26,60,28.0,1.5106867551803589,1.7525854620014971
COHFACE_s29_session0_lamp,26,61,28.033333333333335,2.015758991241455,1.4929458199555095
COHFACE_s29_session0_lamp,26,62,28.066666666666666,1.8597668409347534,1.1454195733636883
COHFACE_s29_session0_lamp,26,63,28.1,1.5522005558013916,0.74332430136632
COHFACE_s29_session0_lamp,26,64,28.133333333333333,1.3959921598434448,0.32217490369226426
COHFACE_s29_session0_lamp,26,65,28.166666666666668,1.3875834941864014,-0.08415113976031302
COHFACE_s29_session0_lamp,26,66,28.2,1.3271268606185913,-0.44869641240186314
COHFACE_s29_session0_lamp,26,67,28.233333333333334,1.1034698486328125,-0.7565632414729081
COHFACE_s29_session0_lamp,26,68,28.266666666666666,0.8602969646453857,-1.0066668485042065
COHFACE_s29_session0_lamp,26,69,28.3,0.7061704993247986,-1.2081043139164094
COHFACE_s29_session0_lamp,26,70,28.333333333333332,0.5921843647956848,-1.3722790228380732
COHFACE_s29_session0_lamp,26,71,28.366666666666667,0.4417242109775543,-1.504614043712522
COHFACE_s29_session0_lamp,26,72,28.4,0.24091961979866028,-1.6000254281844064
COHFACE_s29_session0_lamp,26,73,28.433333333333334,0.03158728405833244,-1.6443946266919214
COHFACE_s29_session0_lamp,26,74,28.466666666666665,-0.1689685732126236,-1.6213306033545676
COHFACE_s29_session0_lamp,26,75,28.5,-0.3370790183544159,-1.5207666909427342
COHFACE_s29_session0_lamp,26,76,28.533333333333335,-0.45502346754074097,-1.3446304780377103
COHFACE_s29_session0_lamp,26,77,28.566666666666666,-0.5343254208564758,-1.1062246797055657
COHFACE_s29_session0_lamp,26,78,28.6,-0.6002599000930786,-0.8239011302004281
COHFACE_s29_session0_lamp,26,79,28.633333333333333,-0.6523942947387695,-0.5135027327336252
COHFACE_s29_session0_lamp,26,80,28.666666666666668,-0.7023060917854309,-0.18498241071992488
COHFACE_s29_session0_lamp,26,81,28.7,-0.7577012181282043,0.15433848700363434
COHFACE_s29_session0_lamp,26,82,28.733333333333334,-0.8170871138572693,0.49255599397239064
COHFACE_s29_session0_lamp,26,83,28.766666666666666,-0.8837137818336487,0.8080949292004431
COHFACE_s29_session0_lamp,26,84,28.8,-0.9456250071525574,1.0715632225254086
COHFACE_s29_session0_lamp,26,85,28.833333333333332,-0.9885556697845459,1.2545067576636293
COHFACE_s29_session0_lamp,26,86,28.866666666666667,-1.0228883028030396,1.3401057121830344
COHFACE_s29_session0_lamp,26,87,28.9,-1.062882661819458,1.3294654725832864
COHFACE_s29_session0_lamp,26,88,28.933333333333334,-1.104445219039917,1.240359816741714
COHFACE_s29_session0_lamp,26,89,28.966666666666665,-1.0685443878173828,1.1000045567147247
COHFACE_s29_session0_lamp,26,90,29.0,-0.5214500427246094,0.9359949639903621
COHFACE_s29_session0_lamp,26,91,29.033333333333335,0.6769371628761292,0.7693295841887006
COHFACE_s29_session0_lamp,26,92,29.066666666666666,1.6753255128860474,0.6116939933922555
COHFACE_s29_session0_lamp,26,93,29.1,1.8823001384735107,0.46702860680425057
COHFACE_s29_session0_lamp,26,94,29.133333333333333,1.620330572128296,0.3356554915931375
COHFACE_s29_session0_lamp,26,95,29.166666666666668,1.3635737895965576,0.2183369857436333
COHFACE_s29_session0_lamp,26,96,29.2,1.2707204818725586,0.11785394428371301
COHFACE_s29_session0_lamp,26,97,29.233333333333334,1.2594294548034668,0.0372935324913968
COHFACE_s29_session0_lamp,26,98,29.266666666666666,1.124694585800171,-0.023338090204927525
COHFACE_s29_session0_lamp,26,99,29.3,0.8496440649032593,-0.06925684299184968
COHFACE_s29_session0_lamp,26,100,29.333333333333332,0.6204118728637695,-0.10997928978911842
COHFACE_s29_session0_lamp,26,101,29.366666666666667,0.482810914516449,-0.15587191584078275
COHFACE_s29_session0_lamp,26,102,29.4,0.35378095507621765,-0.21430017532646028
COHFACE_s29_session0_lamp,26,103,29.433333333333334,0.18433482944965363,-0.28745089382259226
COHFACE_s29_session0_lamp,26,104,29.466666666666665,-0.02091478556394577,-0.37252870131167937
COHFACE_s29_session0_lamp,26,105,29.5,-0.23057697713375092,-0.4635607706354069
COHFACE_s29_session0_lamp,26,106,29.533333333333335,-0.4147316813468933,-0.5535434173376425
COHFACE_s29_session0_lamp,26,107,29.566666666666666,-0.5546525120735168,-0.6360691242431001
COHFACE_s29_session0_lamp,26,108,29.6,-0.6531621217727661,-0.7062324073133772
COHFACE_s29_session0_lamp,26,109,29.633333333333333,-0.719280481338501,-0.7610281029029252
COHFACE_s29_session0_lamp,26,110,29.666666666666668,-0.7717933654785156,-0.799448045718012
COHFACE_s29_session0_lamp,26,111,29.7,-0.8220891356468201,-0.822218756665787
COHFACE_s29_session0_lamp,26,112,29.733333333333334,-0.8771435618400574,-0.8309303260425042
COHFACE_s29_session0_lamp,26,113,29.766666666666666,-0.9328415393829346,-0.8264284736272619
COHFACE_s29_session0_lamp,26,114,29.8,-0.9899778962135315,-0.8067842700185961
COHFACE_s29_session0_lamp,26,115,29.833333333333332,-1.0497963428497314,-0.7656276123273719
COHFACE_s29_session0_lamp,26,116,29.866666666666667,-1.0982049703598022,-0.6918180172627537
COHFACE_s29_session0_lamp,26,117,29.9,-1.1329485177993774,-0.5712813396851104
COHFACE_s29_session0_lamp,26,118,29.933333333333334,-1.1552764177322388,-0.39136819503103604
COHFACE_s29_session0_lamp,26,119,29.966666666666665,-1.1748193502426147,-0.1471448586912579
COHFACE_s29_session0_lamp,26,120,30.0,-1.1986666917800903,0.15234792242022543
COHFACE_s29_session0_lamp,26,121,30.033333333333335,-1.1972066164016724,0.4811245878055297
COHFACE_s29_session0_lamp,26,122,30.066666666666666,-0.8580008149147034,0.799974623540094
COHFACE_s29_session0_lamp,26,123,30.1,0.2419741004705429,1.0678933308953984
COHFACE_s29_session0_lamp,26,124,30.133333333333333,1.5037866830825806,1.2574408044489225
COHFACE_s29_session0_lamp,26,125,30.166666666666668,2.0291101932525635,1.365898194393137
COHFACE_s29_session0_lamp,26,126,30.2,1.8836628198623657,1.4139939343880898
COHFACE_s29_session0_lamp,26,127,30.233333333333334,1.625116229057312,1.430436644851563
COHFACE_s29_session0_lamp,26,128,30.266666666666666,1.5219722986221313,1.430944177053391
COHFACE_s29_session0_lamp,26,129,30.3,1.5195767879486084,1.4059290960429758
COHFACE_s29_session0_lamp,26,130,30.333333333333332,1.4525823593139648,1.325318192177964
COHFACE_s29_session0_lamp,26,131,30.366666666666667,1.1940466165542603,1.157042454068917
COHFACE_s29_session0_lamp,26,132,30.4,0.8707497715950012,0.8869834439480897
COHFACE_s29_session0_lamp,26,133,30.433333333333334,0.6592598557472229,0.5283619397828506
COHFACE_s29_session0_lamp,26,134,30.466666666666665,0.5261904001235962,0.11699586559448327
COHFACE_s29_session0_lamp,26,135,30.5,0.37639540433883667,-0.3019697144854785
COHFACE_s29_session0_lamp,26,136,30.533333333333335,0.18322628736495972,-0.6873846999800748
COHFACE_s29_session0_lamp,26,137,30.566666666666666,-0.025970861315727234,-1.0100647167146197
COHFACE_s29_session0_lamp,26,138,30.6,-0.21420827507972717,-1.2547150762334065
COHFACE_s29_session0_lamp,26,139,30.633333333333333,-0.3679237961769104,-1.4180789269937308
COHFACE_s29_session0_lamp,26,140,30.666666666666668,-0.48946425318717957,-1.5056914995524573
COHFACE_s29_session0_lamp,26,141,30.7,-0.5767207741737366,-1.5283320054188227
COHFACE_s29_session0_lamp,26,142,30.733333333333334,-0.6398000717163086,-1.4985225229178136
COHFACE_s29_session0_lamp,26,143,30.766666666666666,-0.6982666850090027,-1.4274924881459339
COHFACE_s29_session0_lamp,26,144,30.8,-0.7540186643600464,-1.3232032548163097
COHFACE_s29_session0_lamp,26,145,30.833333333333332,-0.8079159259796143,-1.1897857614420173
COHFACE_s29_session0_lamp,26,146,30.866666666666667,-0.8660634756088257,-1.0280814056406453
COHFACE_s29_session0_lamp,26,147,30.9,-0.9256061911582947,-0.8365168215570716
COHFACE_s29_session0_lamp,26,148,30.933333333333334,-0.9806336164474487,-0.6118391776814002
COHFACE_s29_session0_lamp,26,149,30.966666666666665,-1.0273171663284302,-0.350082861161808
COHFACE_s29_session0_lamp,26,150,31.0,-1.0614227056503296,-0.04875037519883698
COHFACE_s29_session0_lamp,26,151,31.033333333333335,-1.0846103429794312,0.28935394385268565
COHFACE_s29_session0_lamp,26,152,31.066666666666666,-1.0956039428710938,0.6519058064689026
COHFACE_s29_session0_lamp,26,153,31.1,-1.097453236579895,1.0149890853540031
COHFACE_s29_session0_lamp,26,154,31.133333333333333,-1.104926586151123,1.3450686295383258
COHFACE_s29_session0_lamp,26,155,31.166666666666668,-1.1310451030731201,1.604828930463319
COHFACE_s29_session0_lamp,26,156,31.2,-1.120229959487915,1.7607382317301705
COHFACE_s29_session0_lamp,26,157,31.233333333333334,-0.6965038180351257,1.7898050631179054
COHFACE_s29_session0_lamp,26,158,31.266666666666666,0.4915333390235901,1.6843030051032697
COHFACE_s29_session0_lamp,26,159,31.3,1.7182562351226807,1.4543759911096894
COHFACE_s29_session0_lamp,26,160,31.333333333333332,2.1650023460388184,1.128017446919481
COHFACE_s29_session0_lamp,26,161,31.366666666666667,1.9761484861373901,0.7472967511182685
COHFACE_s29_session0_lamp,26,162,31.4,1.7136489152908325,0.3606009683423116
COHFACE_s29_session0_lamp,26,163,31.433333333333334,1.6273658275604248,0.012593421609555951
COHFACE_s29_session0_lamp,26,164,31.466666666666665,1.6370398998260498,-0.264967705773551
COHFACE_s29_session0_lamp,26,165,31.5,1.5503512620925903,-0.45845782350971903
COHFACE_s29_session0_lamp,26,166,31.533333333333335,1.2650642395019531,-0.5721537557200657
COHFACE_s29_session0_lamp,26,167,31.566666666666666,0.938831090927124,-0.62315136230981
COHFACE_s29_session0_lamp,26,168,31.6,0.7267408967018127,-0.6335904836332445
COHFACE_s29_session0_lamp,26,169,31.633333333333333,0.5878528952598572,-0.6230493266191244
COHFACE_s29_session0_lamp,26,170,31.666666666666668,0.42822694778442383,-0.6038247161041527
COHFACE_s29_session0_lamp,26,171,31.7,0.23107244074344635,-0.5804631295649813
COHFACE_s29_session0_lamp,26,172,31.733333333333334,0.021399427205324173,-0.5526286693971838
COHFACE_s29_session0_lamp,26,173,31.766666666666666,-0.1707909256219864,-0.5188841984850934
COHFACE_s29_session0_lamp,26,174,31.8,-0.3249606490135193,-0.4794068832684727
COHFACE_s29_session0_lamp,26,175,31.833333333333332,-0.4419858157634735,-0.43699573756664273
COHFACE_s29_session0_lamp,26,176,31.866666666666667,-0.52939373254776,-0.39649349007735063
COHFACE_s29_session0_lamp,26,177,31.9,-0.5976318120956421,-0.3630371810835656
COHFACE_s29_session0_lamp,26,178,31.933333333333334,-0.6574124693870544,-0.3399607248782523
COHFACE_s29_session0_lamp,26,179,31.966666666666665,-0.7185666561126709,-0.3274954635174181
COHFACE_s29_session0_lamp,26,180,32.0,-0.7744430899620056,-0.32313444668367236
COHFACE_s29_session0_lamp,26,181,32.03333333333333,-0.8308818340301514,-0.32346862459681053
COHFACE_s29_session0_lamp,26,182,32.06666666666667,-0.8913221955299377,-0.32600078973922686
COHFACE_s29_session0_lamp,26,183,32.1,-0.9510758519172668,-0.32920823733949056
COHFACE_s29_session0_lamp,26,184,32.13333333333333,-0.9990950226783752,-0.33059981459276594
COHFACE_s29_session0_lamp,26,185,32.166666666666664,-1.036277413368225,-0.3244577243867828
COHFACE_s29_session0_lamp,26,186,32.2,-1.0660947561264038,-0.3016139140563894
COHFACE_s29_session0_lamp,26,187,32.233333333333334,-1.0845129489898682,-0.2523040147628391
COHFACE_s29_session0_lamp,26,188,32.266666666666666,-1.0929596424102783,-0.1706365522745603
COHFACE_s29_session0_lamp,26,189,32.3,-1.0906397104263306,-0.05754836684101866
COHFACE_s29_session0_lamp,26,190,32.333333333333336,-1.0927594900131226,0.08011876865813515
COHFACE_s29_session0_lamp,26,191,32.36666666666667,-1.1089335680007935,0.2340135789382302
COHFACE_s29_session0_lamp,26,192,32.4,-1.1317318677902222,0.3989061003656394
COHFACE_s29_session0_lamp,26,193,32.43333333333333,-1.0429936647415161,0.5738246303157873
COHFACE_s29_session0_lamp,26,194,32.46666666666667,-0.3592446446418762,0.7586088645596742
COHFACE_s29_session0_lamp,26,195,32.5,0.971281886100769,0.9483005011858213
COHFACE_s29_session0_lamp,26,196,32.53333333333333,2.023686408996582,1.1293149529010564
COHFACE_s29_session0_lamp,26,197,32.56666666666667,2.225691556930542,1.2800872456715515
COHFACE_s29_session0_lamp,26,198,32.6,1.9476938247680664,1.3759903826690694
COHFACE_s29_session0_lamp,26,199,32.63333333333333,1.6986267566680908,1.3959525408906945
COHFACE_s29_session0_lamp,26,200,32.666666666666664,1.6326814889907837,1.3278763331781385
COHFACE_s29_session0_lamp,26,201,32.7,1.6326814889907837,1.1711787893301706
COHFACE_s29_session0_lamp,26,202,32.733333333333334,1.498005986213684,0.9362058176575765
COHFACE_s29_session0_lamp,26,203,32.766666666666666,1.1989836692810059,0.641285783989374
COHFACE_s29_session0_lamp,26,204,32.8,0.9316498041152954,0.30869558461616786
COHFACE_s29_session0_lamp,26,205,32.833333333333336,0.7680925130844116,-0.039059714279724767
COHFACE_s29_session0_lamp,26,206,32.86666666666667,0.6272686719894409,-0.38147999901621066
COHFACE_s29_session0_lamp,26,207,32.9,0.4470777213573456,-0.7004924023854269
COHFACE_s29_session0_lamp,26,208,32.93333333333333,0.23059657216072083,-0.980042038637277
COHFACE_s29_session0_lamp,26,209,32.96666666666667,0.00892957765609026,-1.2064093996872831
COHFACE_s29_session0_lamp,26,210,33.0,-0.1792321354150772,-1.369867055981378
COHFACE_s29_session0_lamp,26,211,33.03333333333333,-0.3149728775024414,-1.4666554659080484
COHFACE_s29_session0_lamp,26,212,33.06666666666667,-0.4109572172164917,-1.49940945397445
COHFACE_s29_session0_lamp,26,213,33.1,-0.4824506640434265,-1.4749432164272855
COHFACE_s29_session0_lamp,26,214,33.13333333333333,-0.5318325757980347,-1.4003476963484813
COHFACE_s29_session0_lamp,26,215,33.166666666666664,-0.5761475563049316,-1.2800148689983646
COHFACE_s29_session0_lamp,26,216,33.2,-0.6325430870056152,-1.1159289224654654
COHFACE_s29_session0_lamp,26,217,33.233333333333334,-0.7013056874275208,-0.911303295767907
COHFACE_s29_session0_lamp,26,218,33.266666666666666,-0.7651907205581665,-0.6748111470906734
COHFACE_s29_session0_lamp,26,219,33.3,-0.8229813575744629,-0.4215447672595237
COHFACE_s29_session0_lamp,26,220,33.333333333333336,-0.8663987517356873,-0.16882481977498098
COHFACE_s29_session0_lamp,26,221,33.36666666666667,-0.8932040333747864,0.07096196631446251
COHFACE_s29_session0_lamp,26,222,33.4,-0.9093186259269714,0.2950363669270174
COHFACE_s29_session0_lamp,26,223,33.43333333333333,-0.925287127494812,0.5077930489190916
COHFACE_s29_session0_lamp,26,224,33.46666666666667,-0.9309867024421692,0.7120851893469128
COHFACE_s29_session0_lamp,26,225,33.5,-0.9378056526184082,0.9004117690401391
COHFACE_s29_session0_lamp,26,226,33.53333333333333,-0.9135906100273132,1.0525863715628068
COHFACE_s29_session0_lamp,26,227,33.56666666666667,-0.4530442953109741,1.1419109940793937
COHFACE_s29_session0_lamp,26,228,33.6,0.6678200364112854,1.1459974791465344
COHFACE_s29_session0_lamp,26,229,33.63333333333333,1.674411654472351,1.0557470120619576
COHFACE_s29_session0_lamp,26,230,33.666666666666664,1.9276912212371826,0.8785559948068227
COHFACE_s29_session0_lamp,26,231,33.7,1.6609575748443604,0.6363324918354548
COHFACE_s29_session0_lamp,26,232,33.733333333333334,1.331858515739441,0.3611449031831176
COHFACE_s29_session0_lamp,26,233,33.766666666666666,1.1528733968734741,0.09052334538987897
COHFACE_s29_session0_lamp,26,234,33.8,1.0811907052993774,-0.13758664175581048
COHFACE_s29_session0_lamp,26,235,33.833333333333336,0.93459153175354,-0.29099950379763384
COHFACE_s29_session0_lamp,26,236,33.86666666666667,0.745678186416626,-0.3499520778153505
COHFACE_s29_session0_lamp,26,237,33.9,0.6377593278884888,-0.31198167291538087
COHFACE_s29_session0_lamp,26,238,33.93333333333333,0.5691751837730408,-0.19303201059634845
COHFACE_s29_session0_lamp,26,239,33.96666666666667,0.4519445300102234,-0.024342025089839424
COHFACE_s29_session0_lamp,27,0,27.0,1.618080973625183,0.051072231879877555
COHFACE_s29_session0_lamp,27,1,27.033333333333335,1.3835439682006836,0.6147597309365909
COHFACE_s29_session0_lamp,27,2,27.066666666666666,1.052757740020752,1.0504142804522907
COHFACE_s29_session0_lamp,27,3,27.1,0.8110178112983704,1.2710915541409868
COHFACE_s29_session0_lamp,27,4,27.133333333333333,0.6490125060081482,1.2567284453754122
COHFACE_s29_session0_lamp,27,5,27.166666666666668,0.4853038191795349,1.0588932980551804
COHFACE_s29_session0_lamp,27,6,27.2,0.2787671983242035,0.7792671286319404
COHFACE_s29_session0_lamp,27,7,27.233333333333334,0.05284443125128746,0.5292604317837827
COHFACE_s29_session0_lamp,27,8,27.266666666666666,-0.1560553014278412,0.38712492608649596
COHFACE_s29_session0_lamp,27,9,27.3,-0.3241495192050934,0.3708588710844579
COHFACE_s29_session0_lamp,27,10,27.333333333333332,-0.4568025469779968,0.43848364228147896
COHFACE_s29_session0_lamp,27,11,27.366666666666667,-0.554695725440979,0.5142159570232963
COHFACE_s29_session0_lamp,27,12,27.4,-0.6297527551651001,0.5258888114927789
COHFACE_s29_session0_lamp,27,13,27.433333333333334,-0.69357830286026,0.43434775984040375
COHFACE_s29_session0_lamp,27,14,27.466666666666665,-0.7555814385414124,0.2430749226574737
COHFACE_s29_session0_lamp,27,15,27.5,-0.8197044134140015,-0.011249411998842482
COHFACE_s29_session0_lamp,27,16,27.533333333333335,-0.8876180648803711,-0.278469962418917
COHFACE_s29_session0_lamp,27,17,27.566666666666666,-0.9538661241531372,-0.514655360577032
COHFACE_s29_session0_lamp,27,18,27.6,-1.0129330158233643,-0.6941998954172387
COHFACE_s29_session0_lamp,27,19,27.633333333333333,-1.0673925876617432,-0.8114626656025788
COHFACE_s29_session0_lamp,27,20,27.666666666666668,-1.1117401123046875,-0.8737874416931967
COHFACE_s29_session0_lamp,27,21,27.7,-1.1438339948654175,-0.890754229454184
COHFACE_s29_session0_lamp,27,22,27.733333333333334,-1.1625441312789917,-0.8650692773330213
COHFACE_s29_session0_lamp,27,23,27.766666666666666,-1.1709529161453247,-0.7891661120175398
COHFACE_s29_session0_lamp,27,24,27.8,-1.1699200868606567,-0.6492023663388983
COHFACE_s29_session0_lamp,27,25,27.833333333333332,-1.1693576574325562,-0.4348411041213531
COHFACE_s29_session0_lamp,27,26,27.866666666666667,-1.188673496246338,-0.14975285438457223
COHFACE_s29_session0_lamp,27,27,27.9,-1.1895009279251099,0.18339908686707398
COHFACE_s29_session0_lamp,27,28,27.933333333333334,-0.8267126083374023,0.5269236030329215
COHFACE_s29_session0_lamp,27,29,27.966666666666665,0.2848561108112335,0.838994586494739
COHFACE_s29_session0_lamp,27,30,28.0,1.5106867551803589,1.0848911882394876
COHFACE_s29_session0_lamp,27,31,28.033333333333335,2.015758991241455,1.2424278740974095
COHFACE_s29_session0_lamp,27,32,28.066666666666666,1.8597668409347534,1.3012229215317277
COHFACE_s29_session0_lamp,27,33,28.1,1.5522005558013916,1.260558453951762
COHFACE_s29_session0_lamp,27,34,28.133333333333333,1.3959921598434448,1.1295385907580164
COHFACE_s29_session0_lamp,27,35,28.166666666666668,1.3875834941864014,0.9280976090451224
COHFACE_s29_session0_lamp,27,36,28.2,1.3271268606185913,0.6839314071722847
COHFACE_s29_session0_lamp,27,37,28.233333333333334,1.1034698486328125,0.422854240962027
COHFACE_s29_session0_lamp,27,38,28.266666666666666,0.8602969646453857,0.15741351046757177
COHFACE_s29_session0_lamp,27,39,28.3,0.7061704993247986,-0.1169506353886117
COHFACE_s29_session0_lamp,27,40,28.333333333333332,0.5921843647956848,-0.41327814114518713
COHFACE_s29_session0_lamp,27,41,28.366666666666667,0.4417242109775543,-0.7364007444165698
COHFACE_s29_session0_lamp,27,42,28.4,0.24091961979866028,-1.0690510285026742
COHFACE_s29_session0_lamp,27,43,28.433333333333334,0.03158728405833244,-1.370756734449955
COHFACE_s29_session0_lamp,27,44,28.466666666666665,-0.1689685732126236,-1.5917659915798514
COHFACE_s29_session0_lamp,27,45,28.5,-0.3370790183544159,-1.694691277510516
COHFACE_s29_session0_lamp,27,46,28.533333333333335,-0.45502346754074097,-1.6713038572062826
COHFACE_s29_session0_lamp,27,47,28.566666666666666,-0.5343254208564758,-1.5442256100014922
COHFACE_s29_session0_lamp,27,48,28.6,-0.6002599000930786,-1.3521513105884992
COHFACE_s29_session0_lamp,27,49,28.633333333333333,-0.6523942947387695,-1.1274250749686987
COHFACE_s29_session0_lamp,27,50,28.666666666666668,-0.7023060917854309,-0.8799638007968621
COHFACE_s29_session0_lamp,27,51,28.7,-0.7577012181282043,-0.5979101609053932
COHFACE_s29_session0_lamp,27,52,28.733333333333334,-0.8170871138572693,-0.26444422144559776
COHFACE_s29_session0_lamp,27,53,28.766666666666666,-0.8837137818336487,0.12064249725327411
COHFACE_s29_session0_lamp,27,54,28.8,-0.9456250071525574,0.5290838448934522
COHFACE_s29_session0_lamp,27,55,28.833333333333332,-0.9885556697845459,0.9100020874007897
COHFACE_s29_session0_lamp,27,56,28.866666666666667,-1.0228883028030396,1.209786653091946
COHFACE_s29_session0_lamp,27,57,28.9,-1.062882661819458,1.3936661224580031
COHFACE_s29_session0_lamp,27,58,28.933333333333334,-1.104445219039917,1.4570894742539686
COHFACE_s29_session0_lamp,27,59,28.966666666666665,-1.0685443878173828,1.4224108237259916
COHFACE_s29_session0_lamp,27,60,29.0,-0.5214500427246094,1.3247193322472206
COHFACE_s29_session0_lamp,27,61,29.033333333333335,0.6769371628761292,1.1956052715419843
COHFACE_s29_session0_lamp,27,62,29.066666666666666,1.6753255128860474,1.053339118235125
COHFACE_s29_session0_lamp,27,63,29.1,1.8823001384735107,0.9029397634460619
COHFACE_s29_session0_lamp,27,64,29.133333333333333,1.620330572128296,0.7429954087714149
COHFACE_s29_session0_lamp,27,65,29.166666666666668,1.3635737895965576,0.5727041045671702
COHFACE_s29_session0_lamp,27,66,29.2,1.2707204818725586,0.3948490229094125
COHFACE_s29_session0_lamp,27,67,29.233333333333334,1.2594294548034668,0.2151220594605574
COHFACE_s29_session0_lamp,27,68,29.266666666666666,1.124694585800171,0.04074492549707394
COHFACE_s29_session0_lamp,27,69,29.3,0.8496440649032593,-0.11963801190482082
COHFACE_s29_session0_lamp,27,70,29.333333333333332,0.6204118728637695,-0.2556406861430981
COHFACE_s29_session0_lamp,27,71,29.366666666666667,0.482810914516449,-0.35669704137191105
COHFACE_s29_session0_lamp,27,72,29.4,0.35378095507621765,-0.4161356344988225
COHFACE_s29_session0_lamp,27,73,29.433333333333334,0.18433482944965363,-0.4355870153672228
COHFACE_s29_session0_lamp,27,74,29.466666666666665,-0.02091478556394577,-0.4265285543674954
COHFACE_s29_session0_lamp,27,75,29.5,-0.23057697713375092,-0.40720607939257863
COHFACE_s29_session0_lamp,27,76,29.533333333333335,-0.4147316813468933,-0.39590970383198804
COHFACE_s29_session0_lamp,27,77,29.566666666666666,-0.5546525120735168,-0.4038455690377649
COHFACE_s29_session0_lamp,27,78,29.6,-0.6531621217727661,-0.4312472483187785
COHFACE_s29_session0_lamp,27,79,29.633333333333333,-0.719280481338501,-0.46877652117112695
COHFACE_s29_session0_lamp,27,80,29.666666666666668,-0.7717933654785156,-0.503582358571019
COHFACE_s29_session0_lamp,27,81,29.7,-0.8220891356468201,-0.5270293935401255
COHFACE_s29_session0_lamp,27,82,29.733333333333334,-0.8771435618400574,-0.5402244223453356
COHFACE_s29_session0_lamp,27,83,29.766666666666666,-0.9328415393829346,-0.5542959252987919
COHFACE_s29_session0_lamp,27,84,29.8,-0.9899778962135315,-0.584495531852047
COHFACE_s29_session0_lamp,27,85,29.833333333333332,-1.0497963428497314,-0.639929207437384
COHFACE_s29_session0_lamp,27,86,29.866666666666667,-1.0982049703598022,-0.7132431401054786
COHFACE_s29_session0_lamp,27,87,29.9,-1.1329485177993774,-0.775940403977536
COHFACE_s29_session0_lamp,27,88,29.933333333333334,-1.1552764177322388,-0.7841231652332996
COHFACE_s29_session0_lamp,27,89,29.966666666666665,-1.1748193502426147,-0.6953340525839697
COHFACE_s29_session0_lamp,27,90,30.0,-1.1986666917800903,-0.49057768935184676
COHFACE_s29_session0_lamp,27,91,30.033333333333335,-1.1972066164016724,-0.19021374553068776
COHFACE_s29_session0_lamp,27,92,30.066666666666666,-0.8580008149147034,0.14752877283160395
COHFACE_s29_session0_lamp,27,93,30.1,0.2419741004705429,0.44913475367880307
COHFACE_s29_session0_lamp,27,94,30.133333333333333,1.5037866830825806,0.6605984639346958
COHFACE_s29_session0_lamp,27,95,30.166666666666668,2.0291101932525635,0.7753771268072804
COHFACE_s29_session0_lamp,27,96,30.2,1.8836628198623657,0.8366501786883315
COHFACE_s29_session0_lamp,27,97,30.233333333333334,1.625116229057312,0.9087684037592428
COHFACE_s29_session0_lamp,27,98,30.266666666666666,1.5219722986221313,1.0338819248100246
COHFACE_s29_session0_lamp,27,99,30.3,1.5195767879486084,1.2016173651203517
COHFACE_s29_session0_lamp,27,100,30.333333333333332,1.4525823593139648,1.350984548043313
COHFACE_s29_session0_lamp,27,101,30.366666666666667,1.1940466165542603,1.4022409544198922
COHFACE_s29_session0_lamp,27,102,30.4,0.8707497715950012,1.2984670045063258
COHFACE_s29_session0_lamp,27,103,30.433333333333334,0.6592598557472229,1.032983345816328
COHFACE_s29_session0_lamp,27,104,30.466666666666665,0.5261904001235962,0.6502760217092118
COHFACE_s29_session0_lamp,27,105,30.5,0.37639540433883667,0.22457472943103088
COHFACE_s29_session0_lamp,27,106,30.533333333333335,0.18322628736495972,-0.16988910679544383
COHFACE_s29_session0_lamp,27,107,30.566666666666666,-0.025970861315727234,-0.48268461947011104
COHFACE_s29_session0_lamp,27,108,30.6,-0.21420827507972717,-0.6970293011024555
COHFACE_s29_session0_lamp,27,109,30.633333333333333,-0.3679237961769104,-0.8255093220708126
COHFACE_s29_session0_lamp,27,110,30.666666666666668,-0.48946425318717957,-0.896888324820363
COHFACE_s29_session0_lamp,27,111,30.7,-0.5767207741737366,-0.9408366279229765
COHFACE_s29_session0_lamp,27,112,30.733333333333334,-0.6398000717163086,-0.976120136277015
COHFACE_s29_session0_lamp,27,113,30.766666666666666,-0.6982666850090027,-1.0053443367089494
COHFACE_s29_session0_lamp,27,114,30.8,-0.7540186643600464,-1.017034503263849
COHFACE_s29_session0_lamp,27,115,30.833333333333332,-0.8079159259796143,-0.9934814379804605
COHFACE_s29_session0_lamp,27,116,30.866666666666667,-0.8660634756088257,-0.920371358955191
COHFACE_s29_session0_lamp,27,117,30.9,-0.9256061911582947,-0.7933988154514166
COHFACE_s29_session0_lamp,27,118,30.933333333333334,-0.9806336164474487,-0.6190528995663996
COHFACE_s29_session0_lamp,27,119,30.966666666666665,-1.0273171663284302,-0.4103047399220926
COHFACE_s29_session0_lamp,27,120,31.0,-1.0614227056503296,-0.18064399282247537
COHFACE_s29_session0_lamp,27,121,31.033333333333335,-1.0846103429794312,0.05985444611608365
COHFACE_s29_session0_lamp,27,122,31.066666666666666,-1.0956039428710938,0.3049078114915469
COHFACE_s29_session0_lamp,27,123,31.1,-1.097453236579895,0.5495984639694959
COHFACE_s29_session0_lamp,27,124,31.133333333333333,-1.104926586151123,0.7864743224564001
COHFACE_s29_session0_lamp,27,125,31.166666666666668,-1.1310451030731201,1.001383253986364
COHFACE_s29_session0_lamp,27,126,31.2,-1.120229959487915,1.170855231576315
COHFACE_s29_session0_lamp,27,127,31.233333333333334,-0.6965038180351257,1.2635493168083056
COHFACE_s29_session0_lamp,27,128,31.266666666666666,0.4915333390235901,1.2475880729087654
COHFACE_s29_session0_lamp,27,129,31.3,1.7182562351226807,1.1028292733293674
COHFACE_s29_session0_lamp,27,130,31.333333333333332,2.1650023460388184,0.8333068305559677
COHFACE_s29_session0_lamp,27,131,31.366666666666667,1.9761484861373901,0.47316964131641004
COHFACE_s29_session0_lamp,27,132,31.4,1.7136489152908325,0.08160384737007617
COHFACE_s29_session0_lamp,27,133,31.433333333333334,1.6273658275604248,-0.27275822263643634
COHFACE_s29_session0_lamp,27,134,31.466666666666665,1.6370398998260498,-0.532439084058261
COHFACE_s29_session0_lamp,27,135,31.5,1.5503512620925903,-0.6685592744267462
COHFACE_s29_session0_lamp,27,136,31.533333333333335,1.2650642395019531,-0.6877998904035678
COHFACE_s29_session0_lamp,27,137,31.566666666666666,0.938831090927124,-0.6257014563904115
COHFACE_s29_session0_lamp,27,138,31.6,0.7267408967018127,-0.5290248782706461
COHFACE_s29_session0_lamp,27,139,31.633333333333333,0.5878528952598572,-0.4351393237682203
COHFACE_s29_session0_lamp,27,140,31.666666666666668,0.42822694778442383,-0.3583247514660806
COHFACE_s29_session0_lamp,27,141,31.7,0.23107244074344635,-0.2895264229692516
COHFACE_s29_session0_lamp,27,142,31.733333333333334,0.021399427205324173,-0.20846636360253049
COHFACE_s29_session0_lamp,27,143,31.766666666666666,-0.1707909256219864,-0.10032783970487931
COHFACE_s29_session0_lamp,27,144,31.8,-0.3249606490135193,0.03198555111006402
COHFACE_s29_session0_lamp,27,145,31.833333333333332,-0.4419858157634735,0.16558001593673197
COHFACE_s29_session0_lamp,27,146,31.866666666666667,-0.52939373254776,0.26593236125255126
COHFACE_s29_session0_lamp,27,147,31.9,-0.5976318120956421,0.3018711933899808
COHFACE_s29_session0_lamp,27,148,31.933333333333334,-0.6574124693870544,0.2599416499062928
COHFACE_s29_session0_lamp,27,149,31.966666666666665,-0.7185666561126709,0.1507593993480697
COHFACE_s29_session0_lamp,27,150,32.0,-0.7744430899620056,0.003674556456320313
COHFACE_s29_session0_lamp,27,151,32.03333333333333,-0.8308818340301514,-0.14761977437625232
COHFACE_s29_session0_lamp,27,152,32.06666666666667,-0.8913221955299377,-0.28019019367015147
COHFACE_s29_session0_lamp,27,153,32.1,-0.9510758519172668,-0.3884783284473194
COHFACE_s29_session0_lamp,27,154,32.13333333333333,-0.9990950226783752,-0.47882924799445736
COHFACE_s29_session0_lamp,27,155,32.166666666666664,-1.036277413368225,-0.5565018723938621
COHFACE_s29_session0_lamp,27,156,32.2,-1.0660947561264038,-0.6146798273149212
COHFACE_s29_session0_lamp,27,157,32.233333333333334,-1.0845129489898682,-0.6333461474084999
COHFACE_s29_session0_lamp,27,158,32.266666666666666,-1.0929596424102783,-0.5886257290245598
COHFACE_s29_session0_lamp,27,159,32.3,-1.0906397104263306,-0.46610324962953237
COHFACE_s29_session0_lamp,27,160,32.333333333333336,-1.0927594900131226,-0.26996853905179585
COHFACE_s29_session0_lamp,27,161,32.36666666666667,-1.1089335680007935,-0.023400090194819402
COHFACE_s29_session0_lamp,27,162,32.4,-1.1317318677902222,0.23909033738202673
COHFACE_s29_session0_lamp,27,163,32.43333333333333,-1.0429936647415161,0.48285056946050753
COHFACE_s29_session0_lamp,27,164,32.46666666666667,-0.3592446446418762,0.6827292079229541
COHFACE_s29_session0_lamp,27,165,32.5,0.971281886100769,0.8279520769027903
COHFACE_s29_session0_lamp,27,166,32.53333333333333,2.023686408996582,0.921519519650119
COHFACE_s29_session0_lamp,27,167,32.56666666666667,2.225691556930542,0.9751592637018651
COHFACE_s29_session0_lamp,27,168,32.6,1.9476938247680664,1.0015850256131944
COHFACE_s29_session0_lamp,27,169,32.63333333333333,1.6986267566680908,1.0064124849114435
COHFACE_s29_session0_lamp,27,170,32.666666666666664,1.6326814889907837,0.9830039187052451
COHFACE_s29_session0_lamp,27,171,32.7,1.6326814889907837,0.9132826916119237
COHFACE_s29_session0_lamp,27,172,32.733333333333334,1.498005986213684,0.7750677801269533
COHFACE_s29_session0_lamp,27,173,32.766666666666666,1.1989836692810059,0.5531739108513056
COHFACE_s29_session0_lamp,27,174,32.8,0.9316498041152954,0.24962146060100468
COHFACE_s29_session0_lamp,27,175,32.833333333333336,0.7680925130844116,-0.11132301822895518
COHFACE_s29_session0_lamp,27,176,32.86666666666667,0.6272686719894409,-0.48539808134151324
COHFACE_s29_session0_lamp,27,177,32.9,0.4470777213573456,-0.8175078816339495
COHFACE_s29_session0_lamp,27,178,32.93333333333333,0.23059657216072083,-1.0556282334306741
COHFACE_s29_session0_lamp,27,179,32.96666666666667,0.00892957765609026,-1.1658939588973447
COHFACE_s29_session0_lamp,27,180,33.0,-0.1792321354150772,-1.1439669125162035
COHFACE_s29_session0_lamp,27,181,33.03333333333333,-0.3149728775024414,-1.017601909834747
COHFACE_s29_session0_lamp,27,182,33.06666666666667,-0.4109572172164917,-0.8375573743918341
COHFACE_s29_session0_lamp,27,183,33.1,-0.4824506640434265,-0.6585943002900226
COHFACE_s29_session0_lamp,27,184,33.13333333333333,-0.5318325757980347,-0.5176920536459085
COHFACE_s29_session0_lamp,27,185,33.166666666666664,-0.5761475563049316,-0.4199933687962331
COHFACE_s29_session0_lamp,27,186,33.2,-0.6325430870056152,-0.3414085820795038
COHFACE_s29_session0_lamp,27,187,33.233333333333334,-0.7013056874275208,-0.24848801124363615
COHFACE_s29_session0_lamp,27,188,33.266666666666666,-0.7651907205581665,-0.12418268079204908
COHFACE_s29_session0_lamp,27,189,33.3,-0.8229813575744629,0.017807731232303656
COHFACE_s29_session0_lamp,27,190,33.333333333333336,-0.8663987517356873,0.1404593730521929
COHFACE_s29_session0_lamp,27,191,33.36666666666667,-0.8932040333747864,0.20804288758608191
COHFACE_s29_session0_lamp,27,192,33.4,-0.9093186259269714,0.21122802336581914
COHFACE_s29_session0_lamp,27,193,33.43333333333333,-0.925287127494812,0.1753854881869834
COHFACE_s29_session0_lamp,27,194,33.46666666666667,-0.9309867024421692,0.14674257868665194
COHFACE_s29_session0_lamp,27,195,33.5,-0.9378056526184082,0.16587848249334616
COHFACE_s29_session0_lamp,27,196,33.53333333333333,-0.9135906100273132,0.24486505236155787
COHFACE_s29_session0_lamp,27,197,33.56666666666667,-0.4530442953109741,0.360731677526818
COHFACE_s29_session0_lamp,27,198,33.6,0.6678200364112854,0.4678613602551669
COHFACE_s29_session0_lamp,27,199,33.63333333333333,1.674411654472351,0.5215740576276835
COHFACE_s29_session0_lamp,27,200,33.666666666666664,1.9276912212371826,0.4999674435003342
COHFACE_s29_session0_lamp,27,201,33.7,1.6609575748443604,0.4133293410893889
COHFACE_s29_session0_lamp,27,202,33.733333333333334,1.331858515739441,0.29822539192433867
COHFACE_s29_session0_lamp,27,203,33.766666666666666,1.1528733968734741,0.20106994261314987
COHFACE_s29_session0_lamp,27,204,33.8,1.0811907052993774,0.1590638100366995
COHFACE_s29_session0_lamp,27,205,33.833333333333336,0.93459153175354,0.1856225763084441
COHFACE_s29_session0_lamp,27,206,33.86666666666667,0.745678186416626,0.2653763080250794
COHFACE_s29_session0_lamp,27,207,33.9,0.6377593278884888,0.36073118990337855
COHFACE_s29_session0_lamp,27,208,33.93333333333333,0.5691751837730408,0.42757264047450905
COHFACE_s29_session0_lamp,27,209,33.96666666666667,0.4519445300102234,0.4333889625247519
COHFACE_s29_session0_lamp,27,210,34.0,0.26867666840553284,0.3693087853267729
COHFACE_s29_session0_lamp,27,211,34.03333333333333,0.040834225714206696,0.2503827815083188
COHFACE_s29_session0_lamp,27,212,34.06666666666667,-0.18761926889419556,0.10523509070117215
COHFACE_s29_session0_lamp,27,213,34.1,-0.3782846927642822,-0.03800000376795565
COHFACE_s29_session0_lamp,27,214,34.13333333333333,-0.516669750213623,-0.1620737616431711
COHFACE_s29_session0_lamp,27,215,34.166666666666664,-0.6027798652648926,-0.2637915078888033
COHFACE_s29_session0_lamp,27,216,34.2,-0.6466568112373352,-0.35083408861903975
COHFACE_s29_session0_lamp,27,217,34.233333333333334,-0.6756630539894104,-0.4354920695217538
COHFACE_s29_session0_lamp,27,218,34.266666666666666,-0.7159385681152344,-0.5282664511287133
COHFACE_s29_session0_lamp,27,219,34.3,-0.7550082802772522,-0.6329055872376675
COHFACE_s29_session0_lamp,27,220,34.333333333333336,-0.8026705384254456,-0.7437454240456682
COHFACE_s29_session0_lamp,27,221,34.36666666666667,-0.8608938455581665,-0.846073248712531
COHFACE_s29_session0_lamp,27,222,34.4,-0.9145098924636841,-0.9197437487772114
COHFACE_s29_session0_lamp,27,223,34.43333333333333,-0.9582192301750183,-0.9452350342225724
COHFACE_s29_session0_lamp,27,224,34.46666666666667,-1.0074821710586548,-0.9101156145457028
COHFACE_s29_session0_lamp,27,225,34.5,-1.058097004890442,-0.8130902955397604
COHFACE_s29_session0_lamp,27,226,34.53333333333333,-0.962150514125824,-0.6630973506492703
COHFACE_s29_session0_lamp,27,227,34.56666666666667,-0.1871812641620636,-0.4729216085219082
COHFACE_s29_session0_lamp,27,228,34.6,1.1709671020507812,-0.2501088359372021
COHFACE_s29_session0_lamp,27,229,34.63333333333333,2.099808692932129,0.009197582155852983
COHFACE_s29_session0_lamp,27,230,34.666666666666664,2.1937434673309326,0.3177776822138476
COHFACE_s29_session0_lamp,27,231,34.7,1.9130746126174927,0.6845101141152995
COHFACE_s29_session0_lamp,27,232,34.733333333333334,1.7113615274429321,1.0964244374301504
COHFACE_s29_session0_lamp,27,233,34.766666666666666,1.6669058799743652,1.506110179420602
COHFACE_s29_session0_lamp,27,234,34.8,1.6442158222198486,1.8342433484347078
COHFACE_s29_session0_lamp,27,235,34.833333333333336,1.465073823928833,1.9899648231331302
COHFACE_s29_session0_lamp,27,236,34.86666666666667,1.1322652101516724,1.9020920955643872
COHFACE_s29_session0_lamp,27,237,34.9,0.8403484225273132,1.5477162411367826
COHFACE_s29_session0_lamp,27,238,34.93333333333333,0.6701128482818604,0.9658350965700658
COHFACE_s29_session0_lamp,27,239,34.96666666666667,0.5323334336280823,0.2509479374847919
COHFACE_s29_session0_lamp,28,0,28.0,1.5106867551803589,0.24447972568029364
COHFACE_s29_session0_lamp,28,1,28.033333333333335,2.015758991241455,0.936912390070518
COHFACE_s29_session0_lamp,28,2,28.066666666666666,1.8597668409347534,1.5205703601960316
COHFACE_s29_session0_lamp,28,3,28.1,1.5522005558013916,1.9178229731680556
COHFACE_s29_session0_lamp,28,4,28.133333333333333,1.3959921598434448,2.094594022428004
COHFACE_s29_session0_lamp,28,5,28.166666666666668,1.3875834941864014,2.066988379615743
COHFACE_s29_session0_lamp,28,6,28.2,1.3271268606185913,1.890255140690164
COHFACE_s29_session0_lamp,28,7,28.233333333333334,1.1034698486328125,1.6325737686449835
COHFACE_s29_session0_lamp,28,8,28.266666666666666,0.8602969646453857,1.3453625029135055
COHFACE_s29_session0_lamp,28,9,28.3,0.7061704993247986,1.0457996588632459
COHFACE_s29_session0_lamp,28,10,28.333333333333332,0.5921843647956848,0.7214893513272934
COHFACE_s29_session0_lamp,28,11,28.366666666666667,0.4417242109775543,0.35376620324959474
COHFACE_s29_session0_lamp,28,12,28.4,0.24091961979866028,-0.05692899292874351
COHFACE_s29_session0_lamp,28,13,28.433333333333334,0.03158728405833244,-0.48178057478398423
COHFACE_s29_session0_lamp,28,14,28.466666666666665,-0.1689685732126236,-0.8753558748793252
COHFACE_s29_session0_lamp,28,15,28.5,-0.3370790183544159,-1.197311749466008
COHFACE_s29_session0_lamp,28,16,28.533333333333335,-0.45502346754074097,-1.4279665687120793
COHFACE_s29_session0_lamp,28,17,28.566666666666666,-0.5343254208564758,-1.568488922132199
COHFACE_s29_session0_lamp,28,18,28.6,-0.6002599000930786,-1.627929312467878
COHFACE_s29_session0_lamp,28,19,28.633333333333333,-0.6523942947387695,-1.608000696436108
COHFACE_s29_session0_lamp,28,20,28.666666666666668,-0.7023060917854309,-1.4975510443940505
COHFACE_s29_session0_lamp,28,21,28.7,-0.7577012181282043,-1.281559278406384
COHFACE_s29_session0_lamp,28,22,28.733333333333334,-0.8170871138572693,-0.958519801444667
COHFACE_s29_session0_lamp,28,23,28.766666666666666,-0.8837137818336487,-0.5531667384324332
COHFACE_s29_session0_lamp,28,24,28.8,-0.9456250071525574,-0.11421545028178332
COHFACE_s29_session0_lamp,28,25,28.833333333333332,-0.9885556697845459,0.30271027649215815
COHFACE_s29_session0_lamp,28,26,28.866666666666667,-1.0228883028030396,0.6558428304387951
COHFACE_s29_session0_lamp,28,27,28.9,-1.062882661819458,0.9278442718199974
COHFACE_s29_session0_lamp,28,28,28.933333333333334,-1.104445219039917,1.1206914737302238
COHFACE_s29_session0_lamp,28,29,28.966666666666665,-1.0685443878173828,1.2412223852005768
COHFACE_s29_session0_lamp,28,30,29.0,-0.5214500427246094,1.2891929647852054
COHFACE_s29_session0_lamp,28,31,29.033333333333335,0.6769371628761292,1.2561742149577144
COHFACE_s29_session0_lamp,28,32,29.066666666666666,1.6753255128860474,1.134747266563936
COHFACE_s29_session0_lamp,28,33,29.1,1.8823001384735107,0.9300715441102814
COHFACE_s29_session0_lamp,28,34,29.133333333333333,1.620330572128296,0.6651457271347575
COHFACE_s29_session0_lamp,28,35,29.166666666666668,1.3635737895965576,0.3762657417176453
COHFACE_s29_session0_lamp,28,36,29.2,1.2707204818725586,0.10192894423561855
COHFACE_s29_session0_lamp,28,37,29.233333333333334,1.2594294548034668,-0.1278912185492914
COHFACE_s29_session0_lamp,28,38,29.266666666666666,1.124694585800171,-0.2967469540338402
COHFACE_s29_session0_lamp,28,39,29.3,0.8496440649032593,-0.4004457464071355
COHFACE_s29_session0_lamp,28,40,29.333333333333332,0.6204118728637695,-0.4430455785528213
COHFACE_s29_session0_lamp,28,41,29.366666666666667,0.482810914516449,-0.4340503896351295
COHFACE_s29_session0_lamp,28,42,29.4,0.35378095507621765,-0.3874897040628728
COHFACE_s29_session0_lamp,28,43,29.433333333333334,0.18433482944965363,-0.3205528363919694
COHFACE_s29_session0_lamp,28,44,29.466666666666665,-0.02091478556394577,-0.25002765900326396
COHFACE_s29_session0_lamp,28,45,29.5,-0.23057697713375092,-0.1876812149292777
COHFACE_s29_session0_lamp,28,46,29.533333333333335,-0.4147316813468933,-0.13762042998280383
COHFACE_s29_session0_lamp,28,47,29.566666666666666,-0.5546525120735168,-0.09773595632228786
COHFACE_s29_session0_lamp,28,48,29.6,-0.6531621217727661,-0.06417294742696567
COHFACE_s29_session0_lamp,28,49,29.633333333333333,-0.719280481338501,-0.035482819001713975
COHFACE_s29_session0_lamp,28,50,29.666666666666668,-0.7717933654785156,-0.014026894847814508
COHFACE_s29_session0_lamp,28,51,29.7,-0.8220891356468201,-0.00497585364094041
COHFACE_s29_session0_lamp,28,52,29.733333333333334,-0.8771435618400574,-0.015031105278795332
COHFACE_s29_session0_lamp,28,53,29.766666666666666,-0.9328415393829346,-0.05222373305349419
COHFACE_s29_session0_lamp,28,54,29.8,-0.9899778962135315,-0.12551314156842341
COHFACE_s29_session0_lamp,28,55,29.833333333333332,-1.0497963428497314,-0.2413978709708957
COHFACE_s29_session0_lamp,28,56,29.866666666666667,-1.0982049703598022,-0.3966858628246707
COHFACE_s29_session0_lamp,28,57,29.9,-1.1329485177993774,-0.570874268215619
COHFACE_s29_session0_lamp,28,58,29.933333333333334,-1.1552764177322388,-0.7248135539995288
COHFACE_s29_session0_lamp,28,59,29.966666666666665,-1.1748193502426147,-0.8106980488641741
COHFACE_s29_session0_lamp,28,60,30.0,-1.1986666917800903,-0.7912963077745065
COHFACE_s29_session0_lamp,28,61,30.033333333333335,-1.1972066164016724,-0.6585500716093867
COHFACE_s29_session0_lamp,28,62,30.066666666666666,-0.8580008149147034,-0.43944599358700986
COHFACE_s29_session0_lamp,28,63,30.1,0.2419741004705429,-0.18321476219531996
COHFACE_s29_session0_lamp,28,64,30.133333333333333,1.5037866830825806,0.06414531576217367
COHFACE_s29_session0_lamp,28,65,30.166666666666668,2.0291101932525635,0.2823247153781113
COHFACE_s29_session0_lamp,28,66,30.2,1.8836628198623657,0.48071251406136545
COHFACE_s29_session0_lamp,28,67,30.233333333333334,1.625116229057312,0.6803218806816701
COHFACE_s29_session0_lamp,28,68,30.266666666666666,1.5219722986221313,0.8866999004370804
COHFACE_s29_session0_lamp,28,69,30.3,1.5195767879486084,1.0748393035525103
COHFACE_s29_session0_lamp,28,70,30.333333333333332,1.4525823593139648,1.1980406549632248
COHFACE_s29_session0_lamp,28,71,30.366666666666667,1.1940466165542603,1.2143197196932811
COHFACE_s29_session0_lamp,28,72,30.4,0.8707497715950012,1.11095553277969
COHFACE_s29_session0_lamp,28,73,30.433333333333334,0.6592598557472229,0.9099381801250507
COHFACE_s29_session0_lamp,28,74,30.466666666666665,0.5261904001235962,0.6530317251413894
COHFACE_s29_session0_lamp,28,75,30.5,0.37639540433883667,0.3802980575981735
COHFACE_s29_session0_lamp,28,76,30.533333333333335,0.18322628736495972,0.11715936500163476
COHFACE_s29_session0_lamp,28,77,30.566666666666666,-0.025970861315727234,-0.12506031234340348
COHFACE_s29_session0_lamp,28,78,30.6,-0.21420827507972717,-0.3410881674356061
COHFACE_s29_session0_lamp,28,79,30.633333333333333,-0.3679237961769104,-0.5257322651661104
COHFACE_s29_session0_lamp,28,80,30.666666666666668,-0.48946425318717957,-0.6743439958845283
COHFACE_s29_session0_lamp,28,81,30.7,-0.5767207741737366,-0.786386733937468
COHFACE_s29_session0_lamp,28,82,30.733333333333334,-0.6398000717163086,-0.8660920299683599
COHFACE_s29_session0_lamp,28,83,30.766666666666666,-0.6982666850090027,-0.9178747067258478
COHFACE_s29_session0_lamp,28,84,30.8,-0.7540186643600464,-0.9403456680768174
COHFACE_s29_session0_lamp,28,85,30.833333333333332,-0.8079159259796143,-0.9250892726640283
COHFACE_s29_session0_lamp,28,86,30.866666666666667,-0.8660634756088257,-0.861945220553447
COHFACE_s29_session0_lamp,28,87,30.9,-0.9256061911582947,-0.7462624826162407
COHFACE_s29_session0_lamp,28,88,30.933333333333334,-0.9806336164474487,-0.5819051052818425
COHFACE_s29_session0_lamp,28,89,30.966666666666665,-1.0273171663284302,-0.3777255634439015
COHFACE_s29_session0_lamp,28,90,31.0,-1.0614227056503296,-0.14128694088105856
COHFACE_s29_session0_lamp,28,91,31.033333333333335,-1.0846103429794312,0.12356206931448253
COHFACE_s29_session0_lamp,28,92,31.066666666666666,-1.0956039428710938,0.4119582303214352
COHFACE_s29_session0_lamp,28,93,31.1,-1.097453236579895,0.7092614663358265
COHFACE_s29_session0_lamp,28,94,31.133333333333333,-1.104926586151123,0.9855343665273385
COHFACE_s29_session0_lamp,28,95,31.166666666666668,-1.1310451030731201,1.1990967422830956
COHFACE_s29_session0_lamp,28,96,31.2,-1.120229959487915,1.3086474591051478
COHFACE_s29_session0_lamp,28,97,31.233333333333334,-0.6965038180351257,1.2873746977015121
COHFACE_s29_session0_lamp,28,98,31.266666666666666,0.4915333390235901,1.131543532067106
COHFACE_s29_session0_lamp,28,99,31.3,1.7182562351226807,0.8601806523743586
COHFACE_s29_session0_lamp,28,100,31.333333333333332,2.1650023460388184,0.5081287175342948
COHFACE_s29_session0_lamp,28,101,31.366666666666667,1.9761484861373901,0.11766834138225991
COHFACE_s29_session0_lamp,28,102,31.4,1.7136489152908325,-0.2677652701263511
COHFACE_s29_session0_lamp,28,103,31.433333333333334,1.6273658275604248,-0.6078851417781178
COHFACE_s29_session0_lamp,28,104,31.466666666666665,1.6370398998260498,-0.8698140208019531
COHFACE_s29_session0_lamp,28,105,31.5,1.5503512620925903,-1.033037356737716
COHFACE_s29_session0_lamp,28,106,31.533333333333335,1.2650642395019531,-1.092995614976655
COHFACE_s29_session0_lamp,28,107,31.566666666666666,0.938831090927124,-1.0600238609914001
COHFACE_s29_session0_lamp,28,108,31.6,0.7267408967018127,-0.9526136137913013
COHFACE_s29_session0_lamp,28,109,31.633333333333333,0.5878528952598572,-0.7881599345620398
COHFACE_s29_session0_lamp,28,110,31.666666666666668,0.42822694778442383,-0.5770507269862445
COHFACE_s29_session0_lamp,28,111,31.7,0.23107244074344635,-0.32439785373147234
COHFACE_s29_session0_lamp,28,112,31.733333333333334,0.021399427205324173,-0.03817420951009893
COHFACE_s29_session0_lamp,28,113,31.766666666666666,-0.1707909256219864,0.2624568460966198
COHFACE_s29_session0_lamp,28,114,31.8,-0.3249606490135193,0.5449949297330446
COHFACE_s29_session0_lamp,28,115,31.833333333333332,-0.4419858157634735,0.7698343753786329
COHFACE_s29_session0_lamp,28,116,31.866666666666667,-0.52939373254776,0.901890496225593
COHFACE_s29_session0_lamp,28,117,31.9,-0.5976318120956421,0.9217575183626807
COHFACE_s29_session0_lamp,28,118,31.933333333333334,-0.6574124693870544,0.8314020763987034
COHFACE_s29_session0_lamp,28,119,31.966666666666665,-0.7185666561126709,0.6525205368040501
COHFACE_s29_session0_lamp,28,120,32.0,-0.7744430899620056,0.41879511307048006
COHFACE_s29_session0_lamp,28,121,32.03333333333333,-0.8308818340301514,0.16561775826511418
COHFACE_s29_session0_lamp,28,122,32.06666666666667,-0.8913221955299377,-0.07803279211065269
COHFACE_s29_session0_lamp,28,123,32.1,-0.9510758519172668,-0.29240082700618913
COHFACE_s29_session0_lamp,28,124,32.13333333333333,-0.9990950226783752,-0.4653182983617009
COHFACE_s29_session0_lamp,28,125,32.166666666666664,-1.036277413368225,-0.5898120310513184
COHFACE_s29_session0_lamp,28,126,32.2,-1.0660947561264038,-0.6634070788437757
COHFACE_s29_session0_lamp,28,127,32.233333333333334,-1.0845129489898682,-0.6884165787981055
COHFACE_s29_session0_lamp,28,128,32.266666666666666,-1.0929596424102783,-0.6710227037232985
COHFACE_s29_session0_lamp,28,129,32.3,-1.0906397104263306,-0.6181682715200411
COHFACE_s29_session0_lamp,28,130,32.333333333333336,-1.0927594900131226,-0.5338317122804886
COHFACE_s29_session0_lamp,28,131,32.36666666666667,-1.1089335680007935,-0.4175757085596891
COHFACE_s29_session0_lamp,28,132,32.4,-1.1317318677902222,-0.26680738944706217
COHFACE_s29_session0_lamp,28,133,32.43333333333333,-1.0429936647415161,-0.08130456508373983
COHFACE_s29_session0_lamp,28,134,32.46666666666667,-0.3592446446418762,0.13321095481571762
COHFACE_s29_session0_lamp,28,135,32.5,0.971281886100769,0.3647475610998223
COHFACE_s29_session0_lamp,28,136,32.53333333333333,2.023686408996582,0.5972169431535929
COHFACE_s29_session0_lamp,28,137,32.56666666666667,2.225691556930542,0.8122990622197607
COHFACE_s29_session0_lamp,28,138,32.6,1.9476938247680664,0.9894250194306919
COHFACE_s29_session0_lamp,28,139,32.63333333333333,1.6986267566680908,1.1053340269606537
COHFACE_s29_session0_lamp,28,140,32.666666666666664,1.6326814889907837,1.1363315364274211
COHFACE_s29_session0_lamp,28,141,32.7,1.6326814889907837,1.064695787431849
COHFACE_s29_session0_lamp,28,142,32.733333333333334,1.498005986213684,0.8864939917856449
COHFACE_s29_session0_lamp,28,143,32.766666666666666,1.1989836692810059,0.6155827102292867
COHFACE_s29_session0_lamp,28,144,32.8,0.9316498041152954,0.28083989971946005
COHFACE_s29_session0_lamp,28,145,32.833333333333336,0.7680925130844116,-0.08146475430707588
COHFACE_s29_session0_lamp,28,146,32.86666666666667,0.6272686719894409,-0.4351356539422272
COHFACE_s29_session0_lamp,28,147,32.9,0.4470777213573456,-0.7474865700436404
COHFACE_s29_session0_lamp,28,148,32.93333333333333,0.23059657216072083,-0.9894758944458559
COHFACE_s29_session0_lamp,28,149,32.96666666666667,0.00892957765609026,-1.1368286163780692
COHFACE_s29_session0_lamp,28,150,33.0,-0.1792321354150772,-1.175211259860399
COHFACE_s29_session0_lamp,28,151,33.03333333333333,-0.3149728775024414,-1.107634328330428
COHFACE_s29_session0_lamp,28,152,33.06666666666667,-0.4109572172164917,-0.957889115008677
COHFACE_s29_session0_lamp,28,153,33.1,-0.4824506640434265,-0.7642681224294555
COHFACE_s29_session0_lamp,28,154,33.13333333333333,-0.5318325757980347,-0.5641253579110508
COHFACE_s29_session0_lamp,28,155,33.166666666666664,-0.5761475563049316,-0.37769437139477346
COHFACE_s29_session0_lamp,28,156,33.2,-0.6325430870056152,-0.2026190941730341
COHFACE_s29_session0_lamp,28,157,33.233333333333334,-0.7013056874275208,-0.024653536076528405
COHFACE_s29_session0_lamp,28,158,33.266666666666666,-0.7651907205581665,0.16266229045896993
COHFACE_s29_session0_lamp,28,159,33.3,-0.8229813575744629,0.3449391542771657
COHFACE_s29_session0_lamp,28,160,33.333333333333336,-0.8663987517356873,0.49154904296640534
COHFACE_s29_session0_lamp,28,161,33.36666666666667,-0.8932040333747864,0.5751104514804198
COHFACE_s29_session0_lamp,28,162,33.4,-0.9093186259269714,0.590720395893597
COHFACE_s29_session0_lamp,28,163,33.43333333333333,-0.925287127494812,0.5593009587012858
COHFACE_s29_session0_lamp,28,164,33.46666666666667,-0.9309867024421692,0.5124367635612485
COHFACE_s29_session0_lamp,28,165,33.5,-0.9378056526184082,0.47091689415657545
COHFACE_s29_session0_lamp,28,166,33.53333333333333,-0.9135906100273132,0.4330104989370068
COHFACE_s29_session0_lamp,28,167,33.56666666666667,-0.4530442953109741,0.3799076062420009
COHFACE_s29_session0_lamp,28,168,33.6,0.6678200364112854,0.29237684641782336
COHFACE_s29_session0_lamp,28,169,33.63333333333333,1.674411654472351,0.16531870689766232
COHFACE_s29_session0_lamp,28,170,33.666666666666664,1.9276912212371826,0.011149344351614899
COHFACE_s29_session0_lamp,28,171,33.7,1.6609575748443604,-0.1469384361693977
COHFACE_s29_session0_lamp,28,172,33.733333333333334,1.331858515739441,-0.2842300636287199
COHFACE_s29_session0_lamp,28,173,33.766666666666666,1.1528733968734741,-0.37963719302581067
COHFACE_s29_session0_lamp,28,174,33.8,1.0811907052993774,-0.41640428148265096
COHFACE_s29_session0_lamp,28,175,33.833333333333336,0.93459153175354,-0.38282909810923876
COHFACE_s29_session0_lamp,28,176,33.86666666666667,0.745678186416626,-0.2759710039559485
COHFACE_s29_session0_lamp,28,177,33.9,0.6377593278884888,-0.10649122071667554
COHFACE_s29_session0_lamp,28,178,33.93333333333333,0.5691751837730408,0.0998913947107817
COHFACE_s29_session0_lamp,28,179,33.96666666666667,0.4519445300102234,0.30734669350978905
COHFACE_s29_session0_lamp,28,180,34.0,0.26867666840553284,0.48004350453263606
COHFACE_s29_session0_lamp,28,181,34.03333333333333,0.040834225714206696,0.5924858891816982
COHFACE_s29_session0_lamp,28,182,34.06666666666667,-0.18761926889419556,0.6348170540789224
COHFACE_s29_session0_lamp,28,183,34.1,-0.3782846927642822,0.6110207208736427
COHFACE_s29_session0_lamp,28,184,34.13333333333333,-0.516669750213623,0.5324204057826174
COHFACE_s29_session0_lamp,28,185,34.166666666666664,-0.6027798652648926,0.4112499184708092
COHFACE_s29_session0_lamp,28,186,34.2,-0.6466568112373352,0.25759836755741955
COHFACE_s29_session0_lamp,28,187,34.233333333333334,-0.6756630539894104,0.0797594950102028
COHFACE_s29_session0_lamp,28,188,34.266666666666666,-0.7159385681152344,-0.11404915908926926
COHFACE_s29_session0_lamp,28,189,34.3,-0.7550082802772522,-0.3146271148529951
COHFACE_s29_session0_lamp,28,190,34.333333333333336,-0.8026705384254456,-0.5120855656118569
COHFACE_s29_session0_lamp,28,191,34.36666666666667,-0.8608938455581665,-0.6966762840136405
COHFACE_s29_session0_lamp,28,192,34.4,-0.9145098924636841,-0.8587617469602435
COHFACE_s29_session0_lamp,28,193,34.43333333333333,-0.9582192301750183,-0.987564780894326
COHFACE_s29_session0_lamp,28,194,34.46666666666667,-1.0074821710586548,-1.070263116029443
COHFACE_s29_session0_lamp,28,195,34.5,-1.058097004890442,-1.0933668079705725
COHFACE_s29_session0_lamp,28,196,34.53333333333333,-0.962150514125824,-1.0459985738644204
COHFACE_s29_session0_lamp,28,197,34.56666666666667,-0.1871812641620636,-0.9223928315974854
COHFACE_s29_session0_lamp,28,198,34.6,1.1709671020507812,-0.7215813098950483
COHFACE_s29_session0_lamp,28,199,34.63333333333333,2.099808692932129,-0.4452912429825164
COHFACE_s29_session0_lamp,28,200,34.666666666666664,2.1937434673309326,-0.09775894582619589
COHFACE_s29_session0_lamp,28,201,34.7,1.9130746126174927,0.3093836705255348
COHFACE_s29_session0_lamp,28,202,34.733333333333334,1.7113615274429321,0.748366382409227
COHFACE_s29_session0_lamp,28,203,34.766666666666666,1.6669058799743652,1.1690246362136232
COHFACE_s29_session0_lamp,28,204,34.8,1.6442158222198486,1.5028814044009426
COHFACE_s29_session0_lamp,28,205,34.833333333333336,1.465073823928833,1.6806513941162329
COHFACE_s29_session0_lamp,28,206,34.86666666666667,1.1322652101516724,1.656964110031514
COHFACE_s29_session0_lamp,28,207,34.9,0.8403484225273132,1.429497897456156
COHFACE_s29_session0_lamp,28,208,34.93333333333333,0.6701128482818604,1.0417823840802456
COHFACE_s29_session0_lamp,28,209,34.96666666666667,0.5323334336280823,0.5680974792985735
COHFACE_s29_session0_lamp,28,210,35.0,0.3549814224243164,0.08886954368444612
COHFACE_s29_session0_lamp,28,211,35.03333333333333,0.14064709842205048,-0.3307629022812533
COHFACE_s29_session0_lamp,28,212,35.06666666666667,-0.08164717257022858,-0.650637423426672
COHFACE_s29_session0_lamp,28,213,35.1,-0.2698683738708496,-0.8536003832765231
COHFACE_s29_session0_lamp,28,214,35.13333333333333,-0.4201014041900635,-0.9387503142857585
COHFACE_s29_session0_lamp,28,215,35.166666666666664,-0.528074324131012,-0.9172112732749043
COHFACE_s29_session0_lamp,28,216,35.2,-0.6056783199310303,-0.8120703110784129
COHFACE_s29_session0_lamp,28,217,35.233333333333334,-0.6727861762046814,-0.6579070441206001
COHFACE_s29_session0_lamp,28,218,35.266666666666666,-0.7314204573631287,-0.49442830579025354
COHFACE_s29_session0_lamp,28,219,35.3,-0.7886379361152649,-0.35382338738629926
COHFACE_s29_session0_lamp,28,220,35.333333333333336,-0.8520686626434326,-0.24851869860069778
COHFACE_s29_session0_lamp,28,221,35.36666666666667,-0.9199066162109375,-0.1683901389079553
COHFACE_s29_session0_lamp,28,222,35.4,-0.9822720885276794,-0.09081532119596318
COHFACE_s29_session0_lamp,28,223,35.43333333333333,-1.0325407981872559,0.0022424134844837634
COHFACE_s29_session0_lamp,28,224,35.46666666666667,-1.0675872564315796,0.1112421757522141
COHFACE_s29_session0_lamp,28,225,35.5,-1.0966259241104126,0.21869454649296807
COHFACE_s29_session0_lamp,28,226,35.53333333333333,-1.1174829006195068,0.3008522902786686
COHFACE_s29_session0_lamp,28,227,35.56666666666667,-1.1522698402404785,0.34227684510808004
COHFACE_s29_session0_lamp,28,228,35.6,-1.1540542840957642,0.3426390813827005
COHFACE_s29_session0_lamp,28,229,35.63333333333333,-0.7292736768722534,0.311596911449202
COHFACE_s29_session0_lamp,28,230,35.666666666666664,0.47854435443878174,0.25728800183897715
COHFACE_s29_session0_lamp,28,231,35.7,1.718093991279602,0.17915063024830588
COHFACE_s29_session0_lamp,28,232,35.733333333333334,2.171145439147949,0.07185670557256647
COHFACE_s29_session0_lamp,28,233,35.766666666666666,1.9979572296142578,-0.06235066525028336
COHFACE_s29_session0_lamp,28,234,35.8,1.7508151531219482,-0.20313057098627751
COHFACE_s29_session0_lamp,28,235,35.833333333333336,1.6671276092529297,-0.3131554999966797
COHFACE_s29_session0_lamp,28,236,35.86666666666667,1.6607846021652222,-0.35216601531339975
COHFACE_s29_session0_lamp,28,237,35.9,1.5646271705627441,-0.2959550759475667
COHFACE_s29_session0_lamp,28,238,35.93333333333333,1.2739217281341553,-0.14958979083526594
COHFACE_s29_session0_lamp,28,239,35.96666666666667,0.9340507984161377,0.05174820286257756
COHFACE_s29_session0_lamp,29,0,29.0,-0.5214500427246094,0.09931480080039223
COHFACE_s29_session0_lamp,29,1,29.033333333333335,0.6769371628761292,0.49006348865926197
COHFACE_s29_session0_lamp,29,2,29.066666666666666,1.6753255128860474,0.8340677137039633
COHFACE_s29_session0_lamp,29,3,29.1,1.8823001384735107,1.0986055615769619
COHFACE_s29_session0_lamp,29,4,29.133333333333333,1.620330572128296,1.2749279676685885
COHFACE_s29_session0_lamp,29,5,29.166666666666668,1.3635737895965576,1.3801124675367007
COHFACE_s29_session0_lamp,29,6,29.2,1.2707204818725586,1.4486415962647416
COHFACE_s29_session0_lamp,29,7,29.233333333333334,1.2594294548034668,1.516057867486134
COHFACE_s29_session0_lamp,29,8,29.266666666666666,1.124694585800171,1.6008932274137448
COHFACE_s29_session0_lamp,29,9,29.3,0.8496440649032593,1.6929777415645417
COHFACE_s29_session0_lamp,29,10,29.333333333333332,0.6204118728637695,1.7552069376410941
COHFACE_s29_session0_lamp,29,11,29.366666666666667,0.482810914516449,1.7398037005168963
COHFACE_s29_session0_lamp,29,12,29.4,0.35378095507621765,1.6105945154324466
COHFACE_s29_session0_lamp,29,13,29.433333333333334,0.18433482944965363,1.3583576262143817
COHFACE_s29_session0_lamp,29,14,29.466666666666665,-0.02091478556394577,1.0022974911902676
COHFACE_s29_session0_lamp,29,15,29.5,-0.23057697713375092,0.5804317982471523
COHFACE_s29_session0_lamp,29,16,29.533333333333335,-0.4147316813468933,0.13619231200737345
COHFACE_s29_session0_lamp,29,17,29.566666666666666,-0.5546525120735168,-0.2926765602317843
COHFACE_s29_session0_lamp,29,18,29.6,-0.6531621217727661,-0.6800195956592402
COHFACE_s29_session0_lamp,29,19,29.633333333333333,-0.719280481338501,-1.0119667304655964
COHFACE_s29_session0_lamp,29,20,29.666666666666668,-0.7717933654785156,-1.2842082629679665
COHFACE_s29_session0_lamp,29,21,29.7,-0.8220891356468201,-1.4981075037013987
COHFACE_s29_session0_lamp,29,22,29.733333333333334,-0.8771435618400574,-1.657320871399524
COHFACE_s29_session0_lamp,29,23,29.766666666666666,-0.9328415393829346,-1.7654335369757264
COHFACE_s29_session0_lamp,29,24,29.8,-0.9899778962135315,-1.8240626183883235
COHFACE_s29_session0_lamp,29,25,29.833333333333332,-1.0497963428497314,-1.830727038823866
COHFACE_s29_session0_lamp,29,26,29.866666666666667,-1.0982049703598022,-1.7768023022000727
COHFACE_s29_session0_lamp,29,27,29.9,-1.1329485177993774,-1.6473488347153806
COHFACE_s29_session0_lamp,29,28,29.933333333333334,-1.1552764177322388,-1.4251795034695252
COHFACE_s29_session0_lamp,29,29,29.966666666666665,-1.1748193502426147,-1.0998985471281029
COHFACE_s29_session0_lamp,29,30,30.0,-1.1986666917800903,-0.6789435128175103
COHFACE_s29_session0_lamp,29,31,30.033333333333335,-1.1972066164016724,-0.1943928740937201
COHFACE_s29_session0_lamp,29,32,30.066666666666666,-0.8580008149147034,0.3006087841673517
COHFACE_s29_session0_lamp,29,33,30.1,0.2419741004705429,0.7473689363010115
COHFACE_s29_session0_lamp,29,34,30.133333333333333,1.5037866830825806,1.1032166404771868
COHFACE_s29_session0_lamp,29,35,30.166666666666668,2.0291101932525635,1.35732438663074
COHFACE_s29_session0_lamp,29,36,30.2,1.8836628198623657,1.529456015127049
COHFACE_s29_session0_lamp,29,37,30.233333333333334,1.625116229057312,1.6496546490839852
COHFACE_s29_session0_lamp,29,38,30.266666666666666,1.5219722986221313,1.7311057230533495
COHFACE_s29_session0_lamp,29,39,30.3,1.5195767879486084,1.7553903310276506
COHFACE_s29_session0_lamp,29,40,30.333333333333332,1.4525823593139648,1.6810736736887901
COHFACE_s29_session0_lamp,29,41,30.366666666666667,1.1940466165542603,1.470025142424106
COHFACE_s29_session0_lamp,29,42,30.4,0.8707497715950012,1.1140727341627836
COHFACE_s29_session0_lamp,29,43,30.433333333333334,0.6592598557472229,0.6454138676478802
COHFACE_s29_session0_lamp,29,44,30.466666666666665,0.5261904001235962,0.12647924284614925
COHFACE_s29_session0_lamp,29,45,30.5,0.37639540433883667,-0.3719415764310453
COHFACE_s29_session0_lamp,29,46,30.533333333333335,0.18322628736495972,-0.7914793388070646
COHFACE_s29_session0_lamp,29,47,30.566666666666666,-0.025970861315727234,-1.0976506369767987
COHFACE_s29_session0_lamp,29,48,30.6,-0.21420827507972717,-1.2809680506515884
COHFACE_s29_session0_lamp,29,49,30.633333333333333,-0.3679237961769104,-1.3514576113667596
COHFACE_s29_session0_lamp,29,50,30.666666666666668,-0.48946425318717957,-1.330901334205534
COHFACE_s29_session0_lamp,29,51,30.7,-0.5767207741737366,-1.245136503432086
COHFACE_s29_session0_lamp,29,52,30.733333333333334,-0.6398000717163086,-1.1170840525337236
COHFACE_s29_session0_lamp,29,53,30.766666666666666,-0.6982666850090027,-0.9611135604834049
COHFACE_s29_session0_lamp,29,54,30.8,-0.7540186643600464,-0.7803277936794678
COHFACE_s29_session0_lamp,29,55,30.833333333333332,-0.8079159259796143,-0.5685728061506323
COHFACE_s29_session0_lamp,29,56,30.866666666666667,-0.8660634756088257,-0.3172675998293214
COHFACE_s29_session0_lamp,29,57,30.9,-0.9256061911582947,-0.024537858178081056
COHFACE_s29_session0_lamp,29,58,30.933333333333334,-0.9806336164474487,0.29749033638779004
COHFACE_s29_session0_lamp,29,59,30.966666666666665,-1.0273171663284302,0.6210420411214543
COHFACE_s29_session0_lamp,29,60,31.0,-1.0614227056503296,0.9082261086707825
COHFACE_s29_session0_lamp,29,61,31.033333333333335,-1.0846103429794312,1.1219567797224042
COHFACE_s29_session0_lamp,29,62,31.066666666666666,-1.0956039428710938,1.2375431569023683
COHFACE_s29_session0_lamp,29,63,31.1,-1.097453236579895,1.249296175438112
COHFACE_s29_session0_lamp,29,64,31.133333333333333,-1.104926586151123,1.1685563332108029
COHFACE_s29_session0_lamp,29,65,31.166666666666668,-1.1310451030731201,1.0142875428956022
COHFACE_s29_session0_lamp,29,66,31.2,-1.120229959487915,0.8024807324224656
COHFACE_s29_session0_lamp,29,67,31.233333333333334,-0.6965038180351257,0.5417215610773538
COHFACE_s29_session0_lamp,29,68,31.266666666666666,0.4915333390235901,0.23747651062464886
COHFACE_s29_session0_lamp,29,69,31.3,1.7182562351226807,-0.09897446502674354
COHFACE_s29_session0_lamp,29,70,31.333333333333332,2.1650023460388184,-0.4440631960115836
COHFACE_s29_session0_lamp,29,71,31.366666666666667,1.9761484861373901,-0.7628874092180046
COHFACE_s29_session0_lamp,29,72,31.4,1.7136489152908325,-1.017307312452313
COHFACE_s29_session0_lamp,29,73,31.433333333333334,1.6273658275604248,-1.1765905596243031
COHFACE_s29_session0_lamp,29,74,31.466666666666665,1.6370398998260498,-1.2255215296313058
COHFACE_s29_session0_lamp,29,75,31.5,1.5503512620925903,-1.1671840873073895
COHFACE_s29_session0_lamp,29,76,31.533333333333335,1.2650642395019531,-1.0201845502447908
COHFACE_s29_session0_lamp,29,77,31.566666666666666,0.938831090927124,-0.811794436039564
COHFACE_s29_session0_lamp,29,78,31.6,0.7267408967018127,-0.5693897643678878
COHFACE_s29_session0_lamp,29,79,31.633333333333333,0.5878528952598572,-0.31302286752705777
COHFACE_s29_session0_lamp,29,80,31.666666666666668,0.42822694778442383,-0.05199611398002691
COHFACE_s29_session0_lamp,29,81,31.7,0.23107244074344635,0.21290183428186357
COHFACE_s29_session0_lamp,29,82,31.733333333333334,0.021399427205324173,0.4824801606712098
COHFACE_s29_session0_lamp,29,83,31.766666666666666,-0.1707909256219864,0.750916538897041
COHFACE_s29_session0_lamp,29,84,31.8,-0.3249606490135193,1.0000528729172349
COHFACE_s29_session0_lamp,29,85,31.833333333333332,-0.4419858157634735,1.1989510510884323
COHFACE_s29_session0_lamp,29,86,31.866666666666667,-0.52939373254776,1.3097674293625985
COHFACE_s29_session0_lamp,29,87,31.9,-0.5976318120956421,1.298938301871713
COHFACE_s29_session0_lamp,29,88,31.933333333333334,-0.6574124693870544,1.1502534192956704
COHFACE_s29_session0_lamp,29,89,31.966666666666665,-0.7185666561126709,0.8743312087250836
COHFACE_s29_session0_lamp,29,90,32.0,-0.7744430899620056,0.5088414432927676
COHFACE_s29_session0_lamp,29,91,32.03333333333333,-0.8308818340301514,0.10761931885028758
COHFACE_s29_session0_lamp,29,92,32.06666666666667,-0.8913221955299377,-0.2762289209159398
COHFACE_s29_session0_lamp,29,93,32.1,-0.9510758519172668,-0.6040157937841769
COHFACE_s29_session0_lamp,29,94,32.13333333333333,-0.9990950226783752,-0.8558776312308871
COHFACE_s29_session0_lamp,29,95,32.166666666666664,-1.036277413368225,-1.0267349852592482
COHFACE_s29_session0_lamp,29,96,32.2,-1.0660947561264038,-1.1192666898722834
COHFACE_s29_session0_lamp,29,97,32.233333333333334,-1.0845129489898682,-1.1391555650190561
COHFACE_s29_session0_lamp,29,98,32.266666666666666,-1.0929596424102783,-1.0940832139818022
COHFACE_s29_session0_lamp,29,99,32.3,-1.0906397104263306,-0.9942947424495141
COHFACE_s29_session0_lamp,29,100,32.333333333333336,-1.0927594900131226,-0.8520000809215517
COHFACE_s29_session0_lamp,29,101,32.36666666666667,-1.1089335680007935,-0.678867667560016
COHFACE_s29_session0_lamp,29,102,32.4,-1.1317318677902222,-0.4830645377754087
COHFACE_s29_session0_lamp,29,103,32.43333333333333,-1.0429936647415161,-0.2680259860707946
COHFACE_s29_session0_lamp,29,104,32.46666666666667,-0.3592446446418762,-0.0340395286812172
COHFACE_s29_session0_lamp,29,105,32.5,0.971281886100769,0.21811330167459922
COHFACE_s29_session0_lamp,29,106,32.53333333333333,2.023686408996582,0.4833326522381256
COHFACE_s29_session0_lamp,29,107,32.56666666666667,2.225691556930542,0.749803127403385
COHFACE_s29_session0_lamp,29,108,32.6,1.9476938247680664,0.9984260309211882
COHFACE_s29_session0_lamp,29,109,32.63333333333333,1.6986267566680908,1.2037516087561653
COHFACE_s29_session0_lamp,29,110,32.666666666666664,1.6326814889907837,1.3365813449984636
COHFACE_s29_session0_lamp,29,111,32.7,1.6326814889907837,1.3689054578662252
COHFACE_s29_session0_lamp,29,112,32.733333333333334,1.498005986213684,1.28099221810967
COHFACE_s29_session0_lamp,29,113,32.766666666666666,1.1989836692810059,1.0687547459063036
COHFACE_s29_session0_lamp,29,114,32.8,0.9316498041152954,0.7484083932710553
COHFACE_s29_session0_lamp,29,115,32.833333333333336,0.7680925130844116,0.355914442769049
COHFACE_s29_session0_lamp,29,116,32.86666666666667,0.6272686719894409,-0.0592487750613988
COHFACE_s29_session0_lamp,29,117,32.9,0.4470777213573456,-0.4441874911514588
COHFACE_s29_session0_lamp,29,118,32.93333333333333,0.23059657216072083,-0.7536376476150971
COHFACE_s29_session0_lamp,29,119,32.96666666666667,0.00892957765609026,-0.9590641746626253
COHFACE_s29_session0_lamp,29,120,33.0,-0.1792321354150772,-1.0535486450673528
COHFACE_s29_session0_lamp,29,121,33.03333333333333,-0.3149728775024414,-1.0510707378203712
COHFACE_s29_session0_lamp,29,122,33.06666666666667,-0.4109572172164917,-0.9799571462880241
COHFACE_s29_session0_lamp,29,123,33.1,-0.4824506640434265,-0.8720671331409843
COHFACE_s29_session0_lamp,29,124,33.13333333333333,-0.5318325757980347,-0.7514664712572884
COHFACE_s29_session0_lamp,29,125,33.166666666666664,-0.5761475563049316,-0.627485260215585
COHFACE_s29_session0_lamp,29,126,33.2,-0.6325430870056152,-0.49570568186016867
COHFACE_s29_session0_lamp,29,127,33.233333333333334,-0.7013056874275208,-0.34639762627003057
COHFACE_s29_session0_lamp,29,128,33.266666666666666,-0.7651907205581665,-0.17508506325764445
COHFACE_s29_session0_lamp,29,129,33.3,-0.8229813575744629,0.011795822168979118
COHFACE_s29_session0_lamp,29,130,33.333333333333336,-0.8663987517356873,0.1995671822023484
COHFACE_s29_session0_lamp,29,131,33.36666666666667,-0.8932040333747864,0.373424883656494
COHFACE_s29_session0_lamp,29,132,33.4,-0.9093186259269714,0.5249617805719279
COHFACE_s29_session0_lamp,29,133,33.43333333333333,-0.925287127494812,0.6515160743796952
COHFACE_s29_session0_lamp,29,134,33.46666666666667,-0.9309867024421692,0.7492628100048371
COHFACE_s29_session0_lamp,29,135,33.5,-0.9378056526184082,0.8068218728433542
COHFACE_s29_session0_lamp,29,136,33.53333333333333,-0.9135906100273132,0.8060079980032808
COHFACE_s29_session0_lamp,29,137,33.56666666666667,-0.4530442953109741,0.7305339556859874
COHFACE_s29_session0_lamp,29,138,33.6,0.6678200364112854,0.5766709459992119
COHFACE_s29_session0_lamp,29,139,33.63333333333333,1.674411654472351,0.35803782553264485
COHFACE_s29_session0_lamp,29,140,33.666666666666664,1.9276912212371826,0.10187209094498063
COHFACE_s29_session0_lamp,29,141,33.7,1.6609575748443604,-0.15923911548587463
COHFACE_s29_session0_lamp,29,142,33.733333333333334,1.331858515739441,-0.39445312349793443
COHFACE_s29_session0_lamp,29,143,33.766666666666666,1.1528733968734741,-0.5780351317638607
COHFACE_s29_session0_lamp,29,144,33.8,1.0811907052993774,-0.6905796684639393
COHFACE_s29_session0_lamp,29,145,33.833333333333336,0.93459153175354,-0.7209368254718506
COHFACE_s29_session0_lamp,29,146,33.86666666666667,0.745678186416626,-0.6690762286503797
COHFACE_s29_session0_lamp,29,147,33.9,0.6377593278884888,-0.547160876406102
COHFACE_s29_session0_lamp,29,148,33.93333333333333,0.5691751837730408,-0.37645714050376394
COHFACE_s29_session0_lamp,29,149,33.96666666666667,0.4519445300102234,-0.18076709440033045
COHFACE_s29_session0_lamp,29,150,34.0,0.26867666840553284,0.020109019887254668
COHFACE_s29_session0_lamp,29,151,34.03333333333333,0.040834225714206696,0.21318251022386842
COHFACE_s29_session0_lamp,29,152,34.06666666666667,-0.18761926889419556,0.3904363215603716
COHFACE_s29_session0_lamp,29,153,34.1,-0.3782846927642822,0.5447243790236476
COHFACE_s29_session0_lamp,29,154,34.13333333333333,-0.516669750213623,0.666911256030445
COHFACE_s29_session0_lamp,29,155,34.166666666666664,-0.6027798652648926,0.7461937298691239
COHFACE_s29_session0_lamp,29,156,34.2,-0.6466568112373352,0.772792950035359
COHFACE_s29_session0_lamp,29,157,34.233333333333334,-0.6756630539894104,0.7406373828446369
COHFACE_s29_session0_lamp,29,158,34.266666666666666,-0.7159385681152344,0.6484828277557381
COHFACE_s29_session0_lamp,29,159,34.3,-0.7550082802772522,0.49960657345735443
COHFACE_s29_session0_lamp,29,160,34.333333333333336,-0.8026705384254456,0.3008853119967073
COHFACE_s29_session0_lamp,29,161,34.36666666666667,-0.8608938455581665,0.061963436270893325
COHFACE_s29_session0_lamp,29,162,34.4,-0.9145098924636841,-0.20484346872844575
COHFACE_s29_session0_lamp,29,163,34.43333333333333,-0.9582192301750183,-0.4836674256930271
COHFACE_s29_session0_lamp,29,164,34.46666666666667,-1.0074821710586548,-0.7540424124622578
COHFACE_s29_session0_lamp,29,165,34.5,-1.058097004890442,-0.9911925358532852
COHFACE_s29_session0_lamp,29,166,34.53333333333333,-0.962150514125824,-1.1685287349836087
COHFACE_s29_session0_lamp,29,167,34.56666666666667,-0.1871812641620636,-1.2618647008929071
COHFACE_s29_session0_lamp,29,168,34.6,1.1709671020507812,-1.2539156073663933
COHFACE_s29_session0_lamp,29,169,34.63333333333333,2.099808692932129,-1.137710048896356
COHFACE_s29_session0_lamp,29,170,34.666666666666664,2.1937434673309326,-0.9184102492336137
COHFACE_s29_session0_lamp,29,171,34.7,1.9130746126174927,-0.6137355140737315
COHFACE_s29_session0_lamp,29,172,34.733333333333334,1.7113615274429321,-0.2530182152427633
COHFACE_s29_session0_lamp,29,173,34.766666666666666,1.6669058799743652,0.12566529620985145
COHFACE_s29_session0_lamp,29,174,34.8,1.6442158222198486,0.48091004959063377
COHFACE_s29_session0_lamp,29,175,34.833333333333336,1.465073823928833,0.7755276278109071
COHFACE_s29_session0_lamp,29,176,34.86666666666667,1.1322652101516724,0.9840417190043418
COHFACE_s29_session0_lamp,29,177,34.9,0.8403484225273132,1.096992961115034
COHFACE_s29_session0_lamp,29,178,34.93333333333333,0.6701128482818604,1.1199899855946556
COHFACE_s29_session0_lamp,29,179,34.96666666666667,0.5323334336280823,1.0681309963061998
COHFACE_s29_session0_lamp,29,180,35.0,0.3549814224243164,0.9590520888651816
COHFACE_s29_session0_lamp,29,181,35.03333333333333,0.14064709842205048,0.8084473728370349
COHFACE_s29_session0_lamp,29,182,35.06666666666667,-0.08164717257022858,0.6297241882793783
COHFACE_s29_session0_lamp,29,183,35.1,-0.2698683738708496,0.43617663782968813
COHFACE_s29_session0_lamp,29,184,35.13333333333333,-0.4201014041900635,0.24219341529749197
COHFACE_s29_session0_lamp,29,185,35.166666666666664,-0.528074324131012,0.061027358155307784
COHFACE_s29_session0_lamp,29,186,35.2,-0.6056783199310303,-0.09997864518750735
COHFACE_s29_session0_lamp,29,187,35.233333333333334,-0.6727861762046814,-0.24280431380167194
COHFACE_s29_session0_lamp,29,188,35.266666666666666,-0.7314204573631287,-0.3769080873619756
COHFACE_s29_session0_lamp,29,189,35.3,-0.7886379361152649,-0.5116231572498915
COHFACE_s29_session0_lamp,29,190,35.333333333333336,-0.8520686626434326,-0.6469570112806244
COHFACE_s29_session0_lamp,29,191,35.36666666666667,-0.9199066162109375,-0.7691050194861148
COHFACE_s29_session0_lamp,29,192,35.4,-0.9822720885276794,-0.8543502935592675
COHFACE_s29_session0_lamp,29,193,35.43333333333333,-1.0325407981872559,-0.8795524265488123
COHFACE_s29_session0_lamp,29,194,35.46666666666667,-1.0675872564315796,-0.8330423609047455
COHFACE_s29_session0_lamp,29,195,35.5,-1.0966259241104126,-0.7193281660101499
COHFACE_s29_session0_lamp,29,196,35.53333333333333,-1.1174829006195068,-0.5550152166078453
COHFACE_s29_session0_lamp,29,197,35.56666666666667,-1.1522698402404785,-0.35917958792051724
COHFACE_s29_session0_lamp,29,198,35.6,-1.1540542840957642,-0.1451977808603511
COHFACE_s29_session0_lamp,29,199,35.63333333333333,-0.7292736768722534,0.08032660506504122
COHFACE_s29_session0_lamp,29,200,35.666666666666664,0.47854435443878174,0.3119715073821543
COHFACE_s29_session0_lamp,29,201,35.7,1.718093991279602,0.5392274107772458
COHFACE_s29_session0_lamp,29,202,35.733333333333334,2.171145439147949,0.7456143719521976
COHFACE_s29_session0_lamp,29,203,35.766666666666666,1.9979572296142578,0.9141482536899245
COHFACE_s29_session0_lamp,29,204,35.8,1.7508151531219482,1.0340862292885664
COHFACE_s29_session0_lamp,29,205,35.833333333333336,1.6671276092529297,1.1022553501032697
COHFACE_s29_session0_lamp,29,206,35.86666666666667,1.6607846021652222,1.1171183618266514
COHFACE_s29_session0_lamp,29,207,35.9,1.5646271705627441,1.0707493687655028
COHFACE_s29_session0_lamp,29,208,35.93333333333333,1.2739217281341553,0.9468793172313198
COHFACE_s29_session0_lamp,29,209,35.96666666666667,0.9340507984161377,0.7292964149807942
COHFACE_s29_session0_lamp,29,210,36.0,0.7118808627128601,0.41639710512332617
COHFACE_s29_session0_lamp,29,211,36.03333333333333,0.5713003277778625,0.03166737436320643
COHFACE_s29_session0_lamp,29,212,36.06666666666667,0.41060367226600647,-0.3781579879196919
COHFACE_s29_session0_lamp,29,213,36.1,0.20701417326927185,-0.7574843123643593
COHFACE_s29_session0_lamp,29,214,36.13333333333333,-0.005151727702468634,-1.0609258486496664
COHFACE_s29_session0_lamp,29,215,36.166666666666664,-0.20048387348651886,-1.2662151542951638
COHFACE_s29_session0_lamp,29,216,36.2,-0.3564164936542511,-1.3741524054457082
COHFACE_s29_session0_lamp,29,217,36.233333333333334,-0.47837334871292114,-1.3971033596622917
COHFACE_s29_session0_lamp,29,218,36.266666666666666,-0.5669384598731995,-1.3448134498505782
COHFACE_s29_session0_lamp,29,219,36.3,-0.6373288035392761,-1.217548719409704
COHFACE_s29_session0_lamp,29,220,36.333333333333336,-0.7002242207527161,-1.0106966630104741
COHFACE_s29_session0_lamp,29,221,36.36666666666667,-0.7603617310523987,-0.7268317809211879
COHFACE_s29_session0_lamp,29,222,36.4,-0.8195908665657043,-0.386733271248813
COHFACE_s29_session0_lamp,29,223,36.43333333333333,-0.8808477520942688,-0.031529547525580154
COHFACE_s29_session0_lamp,29,224,36.46666666666667,-0.9469174146652222,0.28720916736785324
COHFACE_s29_session0_lamp,29,225,36.5,-1.0074821710586548,0.5257284738633292
COHFACE_s29_session0_lamp,29,226,36.53333333333333,-1.0544036626815796,0.6649258713136496
COHFACE_s29_session0_lamp,29,227,36.56666666666667,-1.0907965898513794,0.7154800761631783
COHFACE_s29_session0_lamp,29,228,36.6,-1.1202623844146729,0.7078519361320851
COHFACE_s29_session0_lamp,29,229,36.63333333333333,-1.1315155029296875,0.6731749074509663
COHFACE_s29_session0_lamp,29,230,36.666666666666664,-1.1321806907653809,0.6264756585260502
COHFACE_s29_session0_lamp,29,231,36.7,-1.1403623819351196,0.562183551627245
COHFACE_s29_session0_lamp,29,232,36.733333333333334,-1.1619925498962402,0.46455266448341503
COHFACE_s29_session0_lamp,29,233,36.766666666666666,-1.1602351665496826,0.32633035318705883
COHFACE_s29_session0_lamp,29,234,36.8,-0.7705495953559875,0.16307160875111698
COHFACE_s29_session0_lamp,29,235,36.833333333333336,0.418195903301239,0.012667955069606093
COHFACE_s29_session0_lamp,29,236,36.86666666666667,1.7252968549728394,-0.08031804929430718
COHFACE_s29_session0_lamp,29,237,36.9,2.2659833431243896,-0.08598034794676902
COHFACE_s29_session0_lamp,29,238,36.93333333333333,2.1275603771209717,-0.0042380898198355384
COHFACE_s29_session0_lamp,29,239,36.96666666666667,1.8602643013000488,0.13326125518710785
COHFACE_s29_session0_lamp,30,0,30.0,-1.1986666917800903,0.0832058707565645
COHFACE_s29_session0_lamp,30,1,30.033333333333335,-1.1972066164016724,0.40380038626633297
COHFACE_s29_session0_lamp,30,2,30.066666666666666,-0.8580008149147034,0.6745670448533292
COHFACE_s29_session0_lamp,30,3,30.1,0.2419741004705429,0.8642044575381637
COHFACE_s29_session0_lamp,30,4,30.133333333333333,1.5037866830825806,0.9701314975078152
COHFACE_s29_session0_lamp,30,5,30.166666666666668,2.0291101932525635,1.0189222504905417
COHFACE_s29_session0_lamp,30,6,30.2,1.8836628198623657,1.0538075490042482
COHFACE_s29_session0_lamp,30,7,30.233333333333334,1.625116229057312,1.1135455716171256
COHFACE_s29_session0_lamp,30,8,30.266666666666666,1.5219722986221313,1.2121477749892848
COHFACE_s29_session0_lamp,30,9,30.3,1.5195767879486084,1.3298160921808433
COHFACE_s29_session0_lamp,30,10,30.333333333333332,1.4525823593139648,1.4207005167313822
COHFACE_s29_session0_lamp,30,11,30.366666666666667,1.1940466165542603,1.4341127554183934
COHFACE_s29_session0_lamp,30,12,30.4,0.8707497715950012,1.3372836307168472
COHFACE_s29_session0_lamp,30,13,30.433333333333334,0.6592598557472229,1.1268457240467238
COHFACE_s29_session0_lamp,30,14,30.466666666666665,0.5261904001235962,0.8251727377604622
COHFACE_s29_session0_lamp,30,15,30.5,0.37639540433883667,0.46796809211508905
COHFACE_s29_session0_lamp,30,16,30.533333333333335,0.18322628736495972,0.09209070055929683
COHFACE_s29_session0_lamp,30,17,30.566666666666666,-0.025970861315727234,-0.2714700983566129
COHFACE_s29_session0_lamp,30,18,30.6,-0.21420827507972717,-0.5995804864282279
COHFACE_s29_session0_lamp,30,19,30.633333333333333,-0.3679237961769104,-0.8765502975664365
COHFACE_s29_session0_lamp,30,20,30.666666666666668,-0.48946425318717957,-1.0934686728246794
COHFACE_s29_session0_lamp,30,21,30.7,-0.5767207741737366,-1.247602812338871
COHFACE_s29_session0_lamp,30,22,30.733333333333334,-0.6398000717163086,-1.3411239351093285
COHFACE_s29_session0_lamp,30,23,30.766666666666666,-0.6982666850090027,-1.3787951005661054
COHFACE_s29_session0_lamp,30,24,30.8,-0.7540186643600464,-1.3653549579070405
COHFACE_s29_session0_lamp,30,25,30.833333333333332,-0.8079159259796143,-1.3038200849977315
COHFACE_s29_session0_lamp,30,26,30.866666666666667,-0.8660634756088257,-1.1951336870172355
COHFACE_s29_session0_lamp,30,27,30.9,-0.9256061911582947,-1.0385312728925762
COHFACE_s29_session0_lamp,30,28,30.933333333333334,-0.9806336164474487,-0.8319478164224788
COHFACE_s29_session0_lamp,30,29,30.966666666666665,-1.0273171663284302,-0.5727352646245775
COHFACE_s29_session0_lamp,30,30,31.0,-1.0614227056503296,-0.2598731659136793
COHFACE_s29_session0_lamp,30,31,31.033333333333335,-1.0846103429794312,0.10156401598504367
COHFACE_s29_session0_lamp,30,32,31.066666666666666,-1.0956039428710938,0.4949312718201433
COHFACE_s29_session0_lamp,30,33,31.1,-1.097453236579895,0.8886849829693405
COHFACE_s29_session0_lamp,30,34,31.133333333333333,-1.104926586151123,1.2382778397597538
COHFACE_s29_session0_lamp,30,35,31.166666666666668,-1.1310451030731201,1.4941001072228262
COHFACE_s29_session0_lamp,30,36,31.2,-1.120229959487915,1.6131656351341621
COHFACE_s29_session0_lamp,30,37,31.233333333333334,-0.6965038180351257,1.5702578421635602
COHFACE_s29_session0_lamp,30,38,31.266666666666666,0.4915333390235901,1.3646598050276026
COHFACE_s29_session0_lamp,30,39,31.3,1.7182562351226807,1.0206742553640147
COHFACE_s29_session0_lamp,30,40,31.333333333333332,2.1650023460388184,0.5823747617082389
COHFACE_s29_session0_lamp,30,41,31.366666666666667,1.9761484861373901,0.10450200795890674
COHFACE_s29_session0_lamp,30,42,31.4,1.7136489152908325,-0.3580384166424501
COHFACE_s29_session0_lamp,30,43,31.433333333333334,1.6273658275604248,-0.7595957500089969
COHFACE_s29_session0_lamp,30,44,31.466666666666665,1.6370398998260498,-1.069832593228159
COHFACE_s29_session0_lamp,30,45,31.5,1.5503512620925903,-1.2749725678826294
COHFACE_s29_session0_lamp,30,46,31.533333333333335,1.2650642395019531,-1.3744308680623147
COHFACE_s29_session0_lamp,30,47,31.566666666666666,0.938831090927124,-1.3745868610057383
COHFACE_s29_session0_lamp,30,48,31.6,0.7267408967018127,-1.2821308111442158
COHFACE_s29_session0_lamp,30,49,31.633333333333333,0.5878528952598572,-1.0995858647401489
COHFACE_s29_session0_lamp,30,50,31.666666666666668,0.42822694778442383,-0.8255113786957271
COHFACE_s29_session0_lamp,30,51,31.7,0.23107244074344635,-0.46041570145894684
COHFACE_s29_session0_lamp,30,52,31.733333333333334,0.021399427205324173,-0.016192047397551944
COHFACE_s29_session0_lamp,30,53,31.766666666666666,-0.1707909256219864,0.47577612850488504
COHFACE_s29_session0_lamp,30,54,31.8,-0.3249606490135193,0.9625905614641661
COHFACE_s29_session0_lamp,30,55,31.833333333333332,-0.4419858157634735,1.3763404584345924
COHFACE_s29_session0_lamp,30,56,31.866666666666667,-0.52939373254776,1.6486000441756385
COHFACE_s29_session0_lamp,30,57,31.9,-0.5976318120956421,1.7291298089728937
COHFACE_s29_session0_lamp,30,58,31.933333333333334,-0.6574124693870544,1.6020548580779561
COHFACE_s29_session0_lamp,30,59,31.966666666666665,-0.7185666561126709,1.2922701390165516
COHFACE_s29_session0_lamp,30,60,32.0,-0.7744430899620056,0.8582306102505111
COHFACE_s29_session0_lamp,30,61,32.03333333333333,-0.8308818340301514,0.3735523070840064
COHFACE_s29_session0_lamp,30,62,32.06666666666667,-0.8913221955299377,-0.09429629601675309
COHFACE_s29_session0_lamp,30,63,32.1,-0.9510758519172668,-0.49872418779000105
COHFACE_s29_session0_lamp,30,64,32.13333333333333,-0.9990950226783752,-0.8175351237000265
COHFACE_s29_session0_lamp,30,65,32.166666666666664,-1.036277413368225,-1.0473302422757589
COHFACE_s29_session0_lamp,30,66,32.2,-1.0660947561264038,-1.1944287763281463
COHFACE_s29_session0_lamp,30,67,32.233333333333334,-1.0845129489898682,-1.26728719357883
COHFACE_s29_session0_lamp,30,68,32.266666666666666,-1.0929596424102783,-1.2724563219480578
COHFACE_s29_session0_lamp,30,69,32.3,-1.0906397104263306,-1.213405382543644
COHFACE_s29_session0_lamp,30,70,32.333333333333336,-1.0927594900131226,-1.0907163418304224
COHFACE_s29_session0_lamp,30,71,32.36666666666667,-1.1089335680007935,-0.9029644061780129
COHFACE_s29_session0_lamp,30,72,32.4,-1.1317318677902222,-0.6486942178552184
COHFACE_s29_session0_lamp,30,73,32.43333333333333,-1.0429936647415161,-0.33001665019062165
COHFACE_s29_session0_lamp,30,74,32.46666666666667,-0.3592446446418762,0.042803302575576095
COHFACE_s29_session0_lamp,30,75,32.5,0.971281886100769,0.44768340956668046
COHFACE_s29_session0_lamp,30,76,32.53333333333333,2.023686408996582,0.8500631038632375
COHFACE_s29_session0_lamp,30,77,32.56666666666667,2.225691556930542,1.2063450060581054
COHFACE_s29_session0_lamp,30,78,32.6,1.9476938247680664,1.4711018569138186
COHFACE_s29_session0_lamp,30,79,32.63333333333333,1.6986267566680908,1.60638638110239
COHFACE_s29_session0_lamp,30,80,32.666666666666664,1.6326814889907837,1.5906239067279908
COHFACE_s29_session0_lamp,30,81,32.7,1.6326814889907837,1.424299837358267
COHFACE_s29_session0_lamp,30,82,32.733333333333334,1.498005986213684,1.1301750116535212
COHFACE_s29_session0_lamp,30,83,32.766666666666666,1.1989836692810059,0.7475409471978668
COHFACE_s29_session0_lamp,30,84,32.8,0.9316498041152954,0.3227394444626788
COHFACE_s29_session0_lamp,30,85,32.833333333333336,0.7680925130844116,-0.10008583717627456
COHFACE_s29_session0_lamp,30,86,32.86666666666667,0.6272686719894409,-0.48479073341778467
COHFACE_s29_session0_lamp,30,87,32.9,0.4470777213573456,-0.8049015940911876
COHFACE_s29_session0_lamp,30,88,32.93333333333333,0.23059657216072083,-1.042879963001651
COHFACE_s29_session0_lamp,30,89,32.96666666666667,0.00892957765609026,-1.1893810884718332
COHFACE_s29_session0_lamp,30,90,33.0,-0.1792321354150772,-1.2435118391722324
COHFACE_s29_session0_lamp,30,91,33.03333333333333,-0.3149728775024414,-1.2130379988425204
COHFACE_s29_session0_lamp,30,92,33.06666666666667,-0.4109572172164917,-1.1126146463115547
COHFACE_s29_session0_lamp,30,93,33.1,-0.4824506640434265,-0.9592125864640447
COHFACE_s29_session0_lamp,30,94,33.13333333333333,-0.5318325757980347,-0.7663742148917043
COHFACE_s29_session0_lamp,30,95,33.166666666666664,-0.5761475563049316,-0.5408984132632334
COHFACE_s29_session0_lamp,30,96,33.2,-0.6325430870056152,-0.2851539629131301
COHFACE_s29_session0_lamp,30,97,33.233333333333334,-0.7013056874275208,-0.00485780104630873
COHFACE_s29_session0_lamp,30,98,33.266666666666666,-0.7651907205581665,0.2825239787722911
COHFACE_s29_session0_lamp,30,99,33.3,-0.8229813575744629,0.5455965836126125
COHFACE_s29_session0_lamp,30,100,33.333333333333336,-0.8663987517356873,0.7466186289951069
COHFACE_s29_session0_lamp,30,101,33.36666666666667,-0.8932040333747864,0.855789437289613
COHFACE_s29_session0_lamp,30,102,33.4,-0.9093186259269714,0.8639250075803329
COHFACE_s29_session0_lamp,30,103,33.43333333333333,-0.925287127494812,0.7854681879593906
COHFACE_s29_session0_lamp,30,104,33.46666666666667,-0.9309867024421692,0.6500942925194898
COHFACE_s29_session0_lamp,30,105,33.5,-0.9378056526184082,0.48853960637946087
COHFACE_s29_session0_lamp,30,106,33.53333333333333,-0.9135906100273132,0.32110470788838397
COHFACE_s29_session0_lamp,30,107,33.56666666666667,-0.4530442953109741,0.15452772994746486
COHFACE_s29_session0_lamp,30,108,33.6,0.6678200364112854,-0.012821641870207182
COHFACE_s29_session0_lamp,30,109,33.63333333333333,1.674411654472351,-0.18221250087056803
COHFACE_s29_session0_lamp,30,110,33.666666666666664,1.9276912212371826,-0.34795758178078684
COHFACE_s29_session0_lamp,30,111,33.7,1.6609575748443604,-0.4960164115290467
COHFACE_s29_session0_lamp,30,112,33.733333333333334,1.331858515739441,-0.6071699240603083
COHFACE_s29_session0_lamp,30,113,33.766666666666666,1.1528733968734741,-0.6619673980544031
COHFACE_s29_session0_lamp,30,114,33.8,1.0811907052993774,-0.6450984949666746
COHFACE_s29_session0_lamp,30,115,33.833333333333336,0.93459153175354,-0.54847169355289
COHFACE_s29_session0_lamp,30,116,33.86666666666667,0.745678186416626,-0.3731681367724953
COHFACE_s29_session0_lamp,30,117,33.9,0.6377593278884888,-0.13040012062652312
COHFACE_s29_session0_lamp,30,118,33.93333333333333,0.5691751837730408,0.15866569675286163
COHFACE_s29_session0_lamp,30,119,33.96666666666667,0.4519445300102234,0.4644952466904428
COHFACE_s29_session0_lamp,30,120,34.0,0.26867666840553284,0.7523678671921389
COHFACE_s29_session0_lamp,30,121,34.03333333333333,0.040834225714206696,0.9870048546423691
COHFACE_s29_session0_lamp,30,122,34.06666666666667,-0.18761926889419556,1.1380044341082662
COHFACE_s29_session0_lamp,30,123,34.1,-0.3782846927642822,1.1849262020898665
COHFACE_s29_session0_lamp,30,124,34.13333333333333,-0.516669750213623,1.120592895643762
COHFACE_s29_session0_lamp,30,125,34.166666666666664,-0.6027798652648926,0.9515001673773882
COHFACE_s29_session0_lamp,30,126,34.2,-0.6466568112373352,0.6952355704628772
COHFACE_s29_session0_lamp,30,127,34.233333333333334,-0.6756630539894104,0.3760360381740924
COHFACE_s29_session0_lamp,30,128,34.266666666666666,-0.7159385681152344,0.020339383731961414
COHFACE_s29_session0_lamp,30,129,34.3,-0.7550082802772522,-0.3461392757740859
COHFACE_s29_session0_lamp,30,130,34.333333333333336,-0.8026705384254456,-0.6995174830922881
COHFACE_s29_session0_lamp,30,131,34.36666666666667,-0.8608938455581665,-1.0178298424939405
COHFACE_s29_session0_lamp,30,132,34.4,-0.9145098924636841,-1.280958152062302
COHFACE_s29_session0_lamp,30,133,34.43333333333333,-0.9582192301750183,-1.4708797976563421
COHFACE_s29_session0_lamp,30,134,34.46666666666667,-1.0074821710586548,-1.572498570293669
COHFACE_s29_session0_lamp,30,135,34.5,-1.058097004890442,-1.574926584826865
COHFACE_s29_session0_lamp,30,136,34.53333333333333,-0.962150514125824,-1.4723368573495237
COHFACE_s29_session0_lamp,30,137,34.56666666666667,-0.1871812641620636,-1.2636170219390197
COHFACE_s29_session0_lamp,30,138,34.6,1.1709671020507812,-0.9516538342730076
COHFACE_s29_session0_lamp,30,139,34.63333333333333,2.099808692932129,-0.5444599076821318
COHFACE_s29_session0_lamp,30,140,34.666666666666664,2.1937434673309326,-0.05957415578712719
COHFACE_s29_session0_lamp,30,141,34.7,1.9130746126174927,0.4697103227587967
COHFACE_s29_session0_lamp,30,142,34.733333333333334,1.7113615274429321,0.9908446691172731
COHFACE_s29_session0_lamp,30,143,34.766666666666666,1.6669058799743652,1.4364066323867482
COHFACE_s29_session0_lamp,30,144,34.8,1.6442158222198486,1.738140545594885
COHFACE_s29_session0_lamp,30,145,34.833333333333336,1.465073823928833,1.8465519943963866
COHFACE_s29_session0_lamp,30,146,34.86666666666667,1.1322652101516724,1.747188884426334
COHFACE_s29_session0_lamp,30,147,34.9,0.8403484225273132,1.4650727371433516
COHFACE_s29_session0_lamp,30,148,34.93333333333333,0.6701128482818604,1.0550856572838863
COHFACE_s29_session0_lamp,30,149,34.96666666666667,0.5323334336280823,0.5839121505170316
COHFACE_s29_session0_lamp,30,150,35.0,0.3549814224243164,0.11280415656279089
COHFACE_s29_session0_lamp,30,151,35.03333333333333,0.14064709842205048,-0.3117833828267884
COHFACE_s29_session0_lamp,30,152,35.06666666666667,-0.08164717257022858,-0.6587114798094277
COHFACE_s29_session0_lamp,30,153,35.1,-0.2698683738708496,-0.9083082276538401
COHFACE_s29_session0_lamp,30,154,35.13333333333333,-0.4201014041900635,-1.0497703636215845
COHFACE_s29_session0_lamp,30,155,35.166666666666664,-0.528074324131012,-1.082203883788083
COHFACE_s29_session0_lamp,30,156,35.2,-0.6056783199310303,-1.0169492239528
COHFACE_s29_session0_lamp,30,157,35.233333333333334,-0.6727861762046814,-0.8765621898536827
COHFACE_s29_session0_lamp,30,158,35.266666666666666,-0.7314204573631287,-0.6881483189083355
COHFACE_s29_session0_lamp,30,159,35.3,-0.7886379361152649,-0.4736980071426759
COHFACE_s29_session0_lamp,30,160,35.333333333333336,-0.8520686626434326,-0.24364834338010805
COHFACE_s29_session0_lamp,30,161,35.36666666666667,-0.9199066162109375,0.0010229838702985098
COHFACE_s29_session0_lamp,30,162,35.4,-0.9822720885276794,0.2584248206062496
COHFACE_s29_session0_lamp,30,163,35.43333333333333,-1.0325407981872559,0.513668258903071
COHFACE_s29_session0_lamp,30,164,35.46666666666667,-1.0675872564315796,0.7339910111341372
COHFACE_s29_session0_lamp,30,165,35.5,-1.0966259241104126,0.8763986131131803
COHFACE_s29_session0_lamp,30,166,35.53333333333333,-1.1174829006195068,0.9052386722779382
COHFACE_s29_session0_lamp,30,167,35.56666666666667,-1.1522698402404785,0.8099960311765594
COHFACE_s29_session0_lamp,30,168,35.6,-1.1540542840957642,0.6122887124698964
COHFACE_s29_session0_lamp,30,169,35.63333333333333,-0.7292736768722534,0.3571820994528071
COHFACE_s29_session0_lamp,30,170,35.666666666666664,0.47854435443878174,0.09423587560390512
COHFACE_s29_session0_lamp,30,171,35.7,1.718093991279602,-0.1397369904069951
COHFACE_s29_session0_lamp,30,172,35.733333333333334,2.171145439147949,-0.3268652588362686
COHFACE_s29_session0_lamp,30,173,35.766666666666666,1.9979572296142578,-0.46280395360315424
COHFACE_s29_session0_lamp,30,174,35.8,1.7508151531219482,-0.5469185800683742
COHFACE_s29_session0_lamp,30,175,35.833333333333336,1.6671276092529297,-0.5769006508587311
COHFACE_s29_session0_lamp,30,176,35.86666666666667,1.6607846021652222,-0.5514527449735553
COHFACE_s29_session0_lamp,30,177,35.9,1.5646271705627441,-0.47732573601345535
COHFACE_s29_session0_lamp,30,178,35.93333333333333,1.2739217281341553,-0.37320919986034146
COHFACE_s29_session0_lamp,30,179,35.96666666666667,0.9340507984161377,-0.26502223339679276
COHFACE_s29_session0_lamp,30,180,36.0,0.7118808627128601,-0.1735593489641836
COHFACE_s29_session0_lamp,30,181,36.03333333333333,0.5713003277778625,-0.10212783075934388
COHFACE_s29_session0_lamp,30,182,36.06666666666667,0.41060367226600647,-0.03403300862048896
COHFACE_s29_session0_lamp,30,183,36.1,0.20701417326927185,0.05556623325524086
COHFACE_s29_session0_lamp,30,184,36.13333333333333,-0.005151727702468634,0.17973283171751137
COHFACE_s29_session0_lamp,30,185,36.166666666666664,-0.20048387348651886,0.3255460524782739
COHFACE_s29_session0_lamp,30,186,36.2,-0.3564164936542511,0.45637537477886986
COHFACE_s29_session0_lamp,30,187,36.233333333333334,-0.47837334871292114,0.5302264652559928
COHFACE_s29_session0_lamp,30,188,36.266666666666666,-0.5669384598731995,0.5225880173670779
COHFACE_s29_session0_lamp,30,189,36.3,-0.6373288035392761,0.43900174353455396
COHFACE_s29_session0_lamp,30,190,36.333333333333336,-0.7002242207527161,0.30989502607983155
COHFACE_s29_session0_lamp,30,191,36.36666666666667,-0.7603617310523987,0.17202000008480545
COHFACE_s29_session0_lamp,30,192,36.4,-0.8195908665657043,0.04864747476964041
COHFACE_s29_session0_lamp,30,193,36.43333333333333,-0.8808477520942688,-0.05951286512992877
COHFACE_s29_session0_lamp,30,194,36.46666666666667,-0.9469174146652222,-0.16793868074195178
COHFACE_s29_session0_lamp,30,195,36.5,-1.0074821710586548,-0.29156674416434136
COHFACE_s29_session0_lamp,30,196,36.53333333333333,-1.0544036626815796,-0.4293767560770067
COHFACE_s29_session0_lamp,30,197,36.56666666666667,-1.0907965898513794,-0.5607094305485215
COHFACE_s29_session0_lamp,30,198,36.6,-1.1202623844146729,-0.6549938156117961
COHFACE_s29_session0_lamp,30,199,36.63333333333333,-1.1315155029296875,-0.6873323490212478
COHFACE_s29_session0_lamp,30,200,36.666666666666664,-1.1321806907653809,-0.6496597900726502
COHFACE_s29_session0_lamp,30,201,36.7,-1.1403623819351196,-0.5511953398416809
COHFACE_s29_session0_lamp,30,202,36.733333333333334,-1.1619925498962402,-0.40885807829531473
COHFACE_s29_session0_lamp,30,203,36.766666666666666,-1.1602351665496826,-0.23449460076478293
COHFACE_s29_session0_lamp,30,204,36.8,-0.7705495953559875,-0.028106693598854926
COHFACE_s29_session0_lamp,30,205,36.833333333333336,0.418195903301239,0.21732942183551154
COHFACE_s29_session0_lamp,30,206,36.86666666666667,1.7252968549728394,0.50209987622009
COHFACE_s29_session0_lamp,30,207,36.9,2.2659833431243896,0.8066223870238266
COHFACE_s29_session0_lamp,30,208,36.93333333333333,2.1275603771209717,1.0886955153073796
COHFACE_s29_session0_lamp,30,209,36.96666666666667,1.8602643013000488,1.2943932361183748
COHFACE_s29_session0_lamp,30,210,37.0,1.7479437589645386,1.3771387900534477
COHFACE_s29_session0_lamp,30,211,37.03333333333333,1.7406651973724365,1.3144144266717774
COHFACE_s29_session0_lamp,30,212,37.06666666666667,1.652711033821106,1.113592656107544
COHFACE_s29_session0_lamp,30,213,37.1,1.3711066246032715,0.805458930226512
COHFACE_s29_session0_lamp,30,214,37.13333333333333,1.0406934022903442,0.43105217048879485
COHFACE_s29_session0_lamp,30,215,37.166666666666664,0.8165172934532166,0.029880795110805117
COHFACE_s29_session0_lamp,30,216,37.2,0.66639244556427,-0.36579595670718906
COHFACE_s29_session0_lamp,30,217,37.233333333333334,0.4918631911277771,-0.7312237315633108
COHFACE_s29_session0_lamp,30,218,37.266666666666666,0.2753063440322876,-1.0472114767300684
COHFACE_s29_session0_lamp,30,219,37.3,0.04655542969703674,-1.298570593680589
COHFACE_s29_session0_lamp,30,220,37.333333333333336,-0.15600663423538208,-1.473365331769753
COHFACE_s29_session0_lamp,30,221,37.36666666666667,-0.31275036931037903,-1.5620579084212058
COHFACE_s29_session0_lamp,30,222,37.4,-0.4388278126716614,-1.5562395183616642
COHFACE_s29_session0_lamp,30,223,37.43333333333333,-0.5299885869026184,-1.4482786657607374
COHFACE_s29_session0_lamp,30,224,37.46666666666667,-0.5822635293006897,-1.2339782032672892
COHFACE_s29_session0_lamp,30,225,37.5,-0.6389834880828857,-0.9188110270931359
COHFACE_s29_session0_lamp,30,226,37.53333333333333,-0.7091683149337769,-0.5248797620324205
COHFACE_s29_session0_lamp,30,227,37.56666666666667,-0.770414412021637,-0.0931439325538619
COHFACE_s29_session0_lamp,30,228,37.6,-0.8278481960296631,0.3234892835268798
COHFACE_s29_session0_lamp,30,229,37.63333333333333,-0.8945775628089905,0.6753662477713183
COHFACE_s29_session0_lamp,30,230,37.666666666666664,-0.9583003520965576,0.932102902759659
COHFACE_s29_session0_lamp,30,231,37.7,-1.0094612836837769,1.0898224501568334
COHFACE_s29_session0_lamp,30,232,37.733333333333334,-1.0457515716552734,1.1654935905676693
COHFACE_s29_session0_lamp,30,233,37.766666666666666,-1.0690040588378906,1.1826320394598357
COHFACE_s29_session0_lamp,30,234,37.8,-1.0832421779632568,1.1572633464013402
COHFACE_s29_session0_lamp,30,235,37.833333333333336,-1.0819714069366455,1.0917851648278414
COHFACE_s29_session0_lamp,30,236,37.86666666666667,-1.0791000127792358,0.9789401267326574
COHFACE_s29_session0_lamp,30,237,37.9,-1.099627137184143,0.812074898426791
COHFACE_s29_session0_lamp,30,238,37.93333333333333,-1.1125620603561401,0.5947052220129596
COHFACE_s29_session0_lamp,30,239,37.96666666666667,-0.8115984797477722,0.34375920401424453
COHFACE_s29_session0_lamp,31,0,31.0,-1.0614227056503296,-0.035826669889490056
COHFACE_s29_session0_lamp,31,1,31.033333333333335,-1.0846103429794312,0.3339777684300289
COHFACE_s29_session0_lamp,31,2,31.066666666666666,-1.0956039428710938,0.6813734371267118
COHFACE_s29_session0_lamp,31,3,31.1,-1.097453236579895,0.9886611336619264
COHFACE_s29_session0_lamp,31,4,31.133333333333333,-1.104926586151123,1.247315526715888
COHFACE_s29_session0_lamp,31,5,31.166666666666668,-1.1310451030731201,1.4553013413033113
COHFACE_s29_session0_lamp,31,6,31.2,-1.120229959487915,1.6103592838581697
COHFACE_s29_session0_lamp,31,7,31.233333333333334,-0.6965038180351257,1.7045005898743257
COHFACE_s29_session0_lamp,31,8,31.266666666666666,0.4915333390235901,1.7235759080674433
COHFACE_s29_session0_lamp,31,9,31.3,1.7182562351226807,1.6520714853524285
COHFACE_s29_session0_lamp,31,10,31.333333333333332,2.1650023460388184,1.481324937993341
COHFACE_s29_session0_lamp,31,11,31.366666666666667,1.9761484861373901,1.218228695995387
COHFACE_s29_session0_lamp,31,12,31.4,1.7136489152908325,0.8897585719223773
COHFACE_s29_session0_lamp,31,13,31.433333333333334,1.6273658275604248,0.5390221393108494
COHFACE_s29_session0_lamp,31,14,31.466666666666665,1.6370398998260498,0.21301118748720171
COHFACE_s29_session0_lamp,31,15,31.5,1.5503512620925903,-0.052420107716571324
COHFACE_s29_session0_lamp,31,16,31.533333333333335,1.2650642395019531,-0.24299337895668424
COHFACE_s29_session0_lamp,31,17,31.566666666666666,0.938831090927124,-0.36683724918252647
COHFACE_s29_session0_lamp,31,18,31.6,0.7267408967018127,-0.44544934169838396
COHFACE_s29_session0_lamp,31,19,31.633333333333333,0.5878528952598572,-0.49963733188899145
COHFACE_s29_session0_lamp,31,20,31.666666666666668,0.42822694778442383,-0.538331650531643
COHFACE_s29_session0_lamp,31,21,31.7,0.23107244074344635,-0.55652541546453
COHFACE_s29_session0_lamp,31,22,31.733333333333334,0.021399427205324173,-0.5424565405157221
COHFACE_s29_session0_lamp,31,23,31.766666666666666,-0.1707909256219864,-0.48850555351925906
COHFACE_s29_session0_lamp,31,24,31.8,-0.3249606490135193,-0.3995218554169606
COHFACE_s29_session0_lamp,31,25,31.833333333333332,-0.4419858157634735,-0.2950035810885806
COHFACE_s29_session0_lamp,31,26,31.866666666666667,-0.52939373254776,-0.20445340727624167
COHFACE_s29_session0_lamp,31,27,31.9,-0.5976318120956421,-0.15766337336938618
COHFACE_s29_session0_lamp,31,28,31.933333333333334,-0.6574124693870544,-0.1738734509653323
COHFACE_s29_session0_lamp,31,29,31.966666666666665,-0.7185666561126709,-0.25462786431264367
COHFACE_s29_session0_lamp,31,30,32.0,-0.7744430899620056,-0.38365345488554625
COHFACE_s29_session0_lamp,31,31,32.03333333333333,-0.8308818340301514,-0.5336041106131784
COHFACE_s29_session0_lamp,31,32,32.06666666666667,-0.8913221955299377,-0.6758561050001505
COHFACE_s29_session0_lamp,31,33,32.1,-0.9510758519172668,-0.7883200863804655
COHFACE_s29_session0_lamp,31,34,32.13333333333333,-0.9990950226783752,-0.8584973172240556
COHFACE_s29_session0_lamp,31,35,32.166666666666664,-1.036277413368225,-0.8823854641784151
COHFACE_s29_session0_lamp,31,36,32.2,-1.0660947561264038,-0.8614933170188876
COHFACE_s29_session0_lamp,31,37,32.233333333333334,-1.0845129489898682,-0.7998949317744489
COHFACE_s29_session0_lamp,31,38,32.266666666666666,-1.0929596424102783,-0.7021500990787971
COHFACE_s29_session0_lamp,31,39,32.3,-1.0906397104263306,-0.5720389534661452
COHFACE_s29_session0_lamp,31,40,32.333333333333336,-1.0927594900131226,-0.4118679777290631
COHFACE_s29_session0_lamp,31,41,32.36666666666667,-1.1089335680007935,-0.22246982697420958
COHFACE_s29_session0_lamp,31,42,32.4,-1.1317318677902222,-0.004364552856906874
COHFACE_s29_session0_lamp,31,43,32.43333333333333,-1.0429936647415161,0.23981307301089444
COHFACE_s29_session0_lamp,31,44,32.46666666666667,-0.3592446446418762,0.5026190737456727
COHFACE_s29_session0_lamp,31,45,32.5,0.971281886100769,0.7705640278407475
COHFACE_s29_session0_lamp,31,46,32.53333333333333,2.023686408996582,1.025413292496088
COHFACE_s29_session0_lamp,31,47,32.56666666666667,2.225691556930542,1.2474573635120718
COHFACE_s29_session0_lamp,31,48,32.6,1.9476938247680664,1.4187973655059147
COHFACE_s29_session0_lamp,31,49,32.63333333333333,1.6986267566680908,1.5248349280158062
COHFACE_s29_session0_lamp,31,50,32.666666666666664,1.6326814889907837,1.5539745651866166
COHFACE_s29_session0_lamp,31,51,32.7,1.6326814889907837,1.4973218784826792
COHFACE_s29_session0_lamp,31,52,32.733333333333334,1.498005986213684,1.35015057240099
COHFACE_s29_session0_lamp,31,53,32.766666666666666,1.1989836692810059,1.1152026347359931
COHFACE_s29_session0_lamp,31,54,32.8,0.9316498041152954,0.8059218177210032
COHFACE_s29_session0_lamp,31,55,32.833333333333336,0.7680925130844116,0.44728902207528964
COHFACE_s29_session0_lamp,31,56,32.86666666666667,0.6272686719894409,0.07348788708614035
COHFACE_s29_session0_lamp,31,57,32.9,0.4470777213573456,-0.2768284397587846
COHFACE_s29_session0_lamp,31,58,32.93333333333333,0.23059657216072083,-0.5669838001322165
COHFACE_s29_session0_lamp,31,59,32.96666666666667,0.00892957765609026,-0.7700283713007308
COHFACE_s29_session0_lamp,31,60,33.0,-0.1792321354150772,-0.8761896937302641
COHFACE_s29_session0_lamp,31,61,33.03333333333333,-0.3149728775024414,-0.89681800833722
COHFACE_s29_session0_lamp,31,62,33.06666666666667,-0.4109572172164917,-0.8616364064307809
COHFACE_s29_session0_lamp,31,63,33.1,-0.4824506640434265,-0.808569733446409
COHFACE_s29_session0_lamp,31,64,33.13333333333333,-0.5318325757980347,-0.7694682174466677
COHFACE_s29_session0_lamp,31,65,33.166666666666664,-0.5761475563049316,-0.7582652813544073
COHFACE_s29_session0_lamp,31,66,33.2,-0.6325430870056152,-0.7679842604399856
COHFACE_s29_session0_lamp,31,67,33.233333333333334,-0.7013056874275208,-0.778442380660008
COHFACE_s29_session0_lamp,31,68,33.266666666666666,-0.7651907205581665,-0.7695054185659643
COHFACE_s29_session0_lamp,31,69,33.3,-0.8229813575744629,-0.7309539873095459
COHFACE_s29_session0_lamp,31,70,33.333333333333336,-0.8663987517356873,-0.6632192742731434
COHFACE_s29_session0_lamp,31,71,33.36666666666667,-0.8932040333747864,-0.5705372270380005
COHFACE_s29_session0_lamp,31,72,33.4,-0.9093186259269714,-0.45358450331810246
COHFACE_s29_session0_lamp,31,73,33.43333333333333,-0.925287127494812,-0.308384574875077
COHFACE_s29_session0_lamp,31,74,33.46666666666667,-0.9309867024421692,-0.13241545536309499
COHFACE_s29_session0_lamp,31,75,33.5,-0.9378056526184082,0.06740991015458024
COHFACE_s29_session0_lamp,31,76,33.53333333333333,-0.9135906100273132,0.27166311495489837
COHFACE_s29_session0_lamp,31,77,33.56666666666667,-0.4530442953109741,0.45326254223883705
COHFACE_s29_session0_lamp,31,78,33.6,0.6678200364112854,0.5876363402211205
COHFACE_s29_session0_lamp,31,79,33.63333333333333,1.674411654472351,0.6620742835296448
COHFACE_s29_session0_lamp,31,80,33.666666666666664,1.9276912212371826,0.679248059467964
COHFACE_s29_session0_lamp,31,81,33.7,1.6609575748443604,0.654002151308938
COHFACE_s29_session0_lamp,31,82,33.733333333333334,1.331858515739441,0.6063331568089995
COHFACE_s29_session0_lamp,31,83,33.766666666666666,1.1528733968734741,0.5545278032737171
COHFACE_s29_session0_lamp,31,84,33.8,1.0811907052993774,0.5105966538759561
COHFACE_s29_session0_lamp,31,85,33.833333333333336,0.93459153175354,0.4781455781562711
COHFACE_s29_session0_lamp,31,86,33.86666666666667,0.745678186416626,0.4527974270778448
COHFACE_s29_session0_lamp,31,87,33.9,0.6377593278884888,0.42564208005478127
COHFACE_s29_session0_lamp,31,88,33.93333333333333,0.5691751837730408,0.3889199118828865
COHFACE_s29_session0_lamp,31,89,33.96666666666667,0.4519445300102234,0.34117234272132396
COHFACE_s29_session0_lamp,31,90,34.0,0.26867666840553284,0.28856528118412206
COHFACE_s29_session0_lamp,31,91,34.03333333333333,0.040834225714206696,0.2410077073461851
COHFACE_s29_session0_lamp,31,92,34.06666666666667,-0.18761926889419556,0.205196736191823
COHFACE_s29_session0_lamp,31,93,34.1,-0.3782846927642822,0.1791219013116573
COHFACE_s29_session0_lamp,31,94,34.13333333333333,-0.516669750213623,0.1517130764955981
COHFACE_s29_session0_lamp,31,95,34.166666666666664,-0.6027798652648926,0.10786963338899835
COHFACE_s29_session0_lamp,31,96,34.2,-0.6466568112373352,0.035558051523825976
COHFACE_s29_session0_lamp,31,97,34.233333333333334,-0.6756630539894104,-0.06929255984898093
COHFACE_s29_session0_lamp,31,98,34.266666666666666,-0.7159385681152344,-0.20203262626613153
COHFACE_s29_session0_lamp,31,99,34.3,-0.7550082802772522,-0.3516975237070805
COHFACE_s29_session0_lamp,31,100,34.333333333333336,-0.8026705384254456,-0.5047696191761615
COHFACE_s29_session0_lamp,31,101,34.36666666666667,-0.8608938455581665,-0.6489447359635238
COHFACE_s29_session0_lamp,31,102,34.4,-0.9145098924636841,-0.7756567239531293
COHFACE_s29_session0_lamp,31,103,34.43333333333333,-0.9582192301750183,-0.8802989284355757
COHFACE_s29_session0_lamp,31,104,34.46666666666667,-1.0074821710586548,-0.9601270304546381
COHFACE_s29_session0_lamp,31,105,34.5,-1.058097004890442,-1.0109579912599205
COHFACE_s29_session0_lamp,31,106,34.53333333333333,-0.962150514125824,-1.0240790155563464
COHFACE_s29_session0_lamp,31,107,34.56666666666667,-0.1871812641620636,-0.9846761673606259
COHFACE_s29_session0_lamp,31,108,34.6,1.1709671020507812,-0.873160066657506
COHFACE_s29_session0_lamp,31,109,34.63333333333333,2.099808692932129,-0.6705034839898398
COHFACE_s29_session0_lamp,31,110,34.666666666666664,2.1937434673309326,-0.367372378069371
COHFACE_s29_session0_lamp,31,111,34.7,1.9130746126174927,0.025544151818001466
COHFACE_s29_session0_lamp,31,112,34.733333333333334,1.7113615274429321,0.4709352107847619
COHFACE_s29_session0_lamp,31,113,34.766666666666666,1.6669058799743652,0.9072548586372561
COHFACE_s29_session0_lamp,31,114,34.8,1.6442158222198486,1.2622975534334677
COHFACE_s29_session0_lamp,31,115,34.833333333333336,1.465073823928833,1.4743899555103912
COHFACE_s29_session0_lamp,31,116,34.86666666666667,1.1322652101516724,1.51208877715052
COHFACE_s29_session0_lamp,31,117,34.9,0.8403484225273132,1.3826117869186043
COHFACE_s29_session0_lamp,31,118,34.93333333333333,0.6701128482818604,1.125326115788269
COHFACE_s29_session0_lamp,31,119,34.96666666666667,0.5323334336280823,0.7950896183524715
COHFACE_s29_session0_lamp,31,120,35.0,0.3549814224243164,0.4449758029464733
COHFACE_s29_session0_lamp,31,121,35.03333333333333,0.14064709842205048,0.11626843141680328
COHFACE_s29_session0_lamp,31,122,35.06666666666667,-0.08164717257022858,-0.16279316129533578
COHFACE_s29_session0_lamp,31,123,35.1,-0.2698683738708496,-0.37408838610114137
COHFACE_s29_session0_lamp,31,124,35.13333333333333,-0.4201014041900635,-0.5082813678607451
COHFACE_s29_session0_lamp,31,125,35.166666666666664,-0.528074324131012,-0.5671377951491474
COHFACE_s29_session0_lamp,31,126,35.2,-0.6056783199310303,-0.5663041429300846
COHFACE_s29_session0_lamp,31,127,35.233333333333334,-0.6727861762046814,-0.5331195533416345
COHFACE_s29_session0_lamp,31,128,35.266666666666666,-0.7314204573631287,-0.4971488481184704
COHFACE_s29_session0_lamp,31,129,35.3,-0.7886379361152649,-0.4772524445596081
COHFACE_s29_session0_lamp,31,130,35.333333333333336,-0.8520686626434326,-0.47327965017013945
COHFACE_s29_session0_lamp,31,131,35.36666666666667,-0.9199066162109375,-0.4687069968301759
COHFACE_s29_session0_lamp,31,132,35.4,-0.9822720885276794,-0.44290813044354377
COHFACE_s29_session0_lamp,31,133,35.43333333333333,-1.0325407981872559,-0.384759746086757
COHFACE_s29_session0_lamp,31,134,35.46666666666667,-1.0675872564315796,-0.2990493788766191
COHFACE_s29_session0_lamp,31,135,35.5,-1.0966259241104126,-0.20267749630175458
COHFACE_s29_session0_lamp,31,136,35.53333333333333,-1.1174829006195068,-0.11415015120028946
COHFACE_s29_session0_lamp,31,137,35.56666666666667,-1.1522698402404785,-0.043385730881078124
COHFACE_s29_session0_lamp,31,138,35.6,-1.1540542840957642,0.012248763006721428
COHFACE_s29_session0_lamp,31,139,35.63333333333333,-0.7292736768722534,0.06429770610323544
COHFACE_s29_session0_lamp,31,140,35.666666666666664,0.47854435443878174,0.12552587596731557
COHFACE_s29_session0_lamp,31,141,35.7,1.718093991279602,0.20376232826180746
COHFACE_s29_session0_lamp,31,142,35.733333333333334,2.171145439147949,0.30065450492890977
COHFACE_s29_session0_lamp,31,143,35.766666666666666,1.9979572296142578,0.41428791335350523
COHFACE_s29_session0_lamp,31,144,35.8,1.7508151531219482,0.5414865402229943
COHFACE_s29_session0_lamp,31,145,35.833333333333336,1.6671276092529297,0.6762379582607874
COHFACE_s29_session0_lamp,31,146,35.86666666666667,1.6607846021652222,0.8048672855777999
COHFACE_s29_session0_lamp,31,147,35.9,1.5646271705627441,0.902713451992812
COHFACE_s29_session0_lamp,31,148,35.93333333333333,1.2739217281341553,0.9374096564387095
COHFACE_s29_session0_lamp,31,149,35.96666666666667,0.9340507984161377,0.8799126965577172
COHFACE_s29_session0_lamp,31,150,36.0,0.7118808627128601,0.7186279181805345
COHFACE_s29_session0_lamp,31,151,36.03333333333333,0.5713003277778625,0.46845780761919353
COHFACE_s29_session0_lamp,31,152,36.06666666666667,0.41060367226600647,0.168352190005998
COHFACE_s29_session0_lamp,31,153,36.1,0.20701417326927185,-0.1326280663250181
COHFACE_s29_session0_lamp,31,154,36.13333333333333,-0.005151727702468634,-0.39337721443824636
COHFACE_s29_session0_lamp,31,155,36.166666666666664,-0.20048387348651886,-0.5927264611821265
COHFACE_s29_session0_lamp,31,156,36.2,-0.3564164936542511,-0.7294619696493442
COHFACE_s29_session0_lamp,31,157,36.233333333333334,-0.47837334871292114,-0.8126517579277107
COHFACE_s29_session0_lamp,31,158,36.266666666666666,-0.5669384598731995,-0.8505589754325041
COHFACE_s29_session0_lamp,31,159,36.3,-0.6373288035392761,-0.8461623821507581
COHFACE_s29_session0_lamp,31,160,36.333333333333336,-0.7002242207527161,-0.8010537012852291
COHFACE_s29_session0_lamp,31,161,36.36666666666667,-0.7603617310523987,-0.7227731337736655
COHFACE_s29_session0_lamp,31,162,36.4,-0.8195908665657043,-0.6288330504581573
COHFACE_s29_session0_lamp,31,163,36.43333333333333,-0.8808477520942688,-0.5436365277550111
COHFACE_s29_session0_lamp,31,164,36.46666666666667,-0.9469174146652222,-0.4891531145653399
COHFACE_s29_session0_lamp,31,165,36.5,-1.0074821710586548,-0.47414166346432285
COHFACE_s29_session0_lamp,31,166,36.53333333333333,-1.0544036626815796,-0.48821435198916313
COHFACE_s29_session0_lamp,31,167,36.56666666666667,-1.0907965898513794,-0.5049373217653591
COHFACE_s29_session0_lamp,31,168,36.6,-1.1202623844146729,-0.493126119759549
COHFACE_s29_session0_lamp,31,169,36.63333333333333,-1.1315155029296875,-0.4307789251523059
COHFACE_s29_session0_lamp,31,170,36.666666666666664,-1.1321806907653809,-0.3147308814266286
COHFACE_s29_session0_lamp,31,171,36.7,-1.1403623819351196,-0.16117466185175314
COHFACE_s29_session0_lamp,31,172,36.733333333333334,-1.1619925498962402,0.0037680502601259193
COHFACE_s29_session0_lamp,31,173,36.766666666666666,-1.1602351665496826,0.15930231029315292
COHFACE_s29_session0_lamp,31,174,36.8,-0.7705495953559875,0.302855993099469
COHFACE_s29_session0_lamp,31,175,36.833333333333336,0.418195903301239,0.4524797127123219
COHFACE_s29_session0_lamp,31,176,36.86666666666667,1.7252968549728394,0.6361557288544868
COHFACE_s29_session0_lamp,31,177,36.9,2.2659833431243896,0.8731493351628491
COHFACE_s29_session0_lamp,31,178,36.93333333333333,2.1275603771209717,1.1574779177994485
COHFACE_s29_session0_lamp,31,179,36.96666666666667,1.8602643013000488,1.4527453197311424
COHFACE_s29_session0_lamp,31,180,37.0,1.7479437589645386,1.7013782367923538
COHFACE_s29_session0_lamp,31,181,37.03333333333333,1.7406651973724365,1.8436946855266523
COHFACE_s29_session0_lamp,31,182,37.06666666666667,1.652711033821106,1.8377734844797649
COHFACE_s29_session0_lamp,31,183,37.1,1.3711066246032715,1.671689303099991
COHFACE_s29_session0_lamp,31,184,37.13333333333333,1.0406934022903442,1.3643587307561436
COHFACE_s29_session0_lamp,31,185,37.166666666666664,0.8165172934532166,0.9568667323653486
COHFACE_s29_session0_lamp,31,186,37.2,0.66639244556427,0.49956468387786207
COHFACE_s29_session0_lamp,31,187,37.233333333333334,0.4918631911277771,0.040356404492144435
COHFACE_s29_session0_lamp,31,188,37.266666666666666,0.2753063440322876,-0.38274017922613063
COHFACE_s29_session0_lamp,31,189,37.3,0.04655542969703674,-0.7444475388750696
COHFACE_s29_session0_lamp,31,190,37.333333333333336,-0.15600663423538208,-1.0317540772273464
COHFACE_s29_session0_lamp,31,191,37.36666666666667,-0.31275036931037903,-1.2416377821701094
COHFACE_s29_session0_lamp,31,192,37.4,-0.4388278126716614,-1.3782311262178992
COHFACE_s29_session0_lamp,31,193,37.43333333333333,-0.5299885869026184,-1.450298289458958
COHFACE_s29_session0_lamp,31,194,37.46666666666667,-0.5822635293006897,-1.4695156595270602
COHFACE_s29_session0_lamp,31,195,37.5,-0.6389834880828857,-1.4494486964726474
COHFACE_s29_session0_lamp,31,196,37.53333333333333,-0.7091683149337769,-1.4043365864887158
COHFACE_s29_session0_lamp,31,197,37.56666666666667,-0.770414412021637,-1.3465378210760701
COHFACE_s29_session0_lamp,31,198,37.6,-0.8278481960296631,-1.2823855449529291
COHFACE_s29_session0_lamp,31,199,37.63333333333333,-0.8945775628089905,-1.2080393190424243
COHFACE_s29_session0_lamp,31,200,37.666666666666664,-0.9583003520965576,-1.108511695790073
COHFACE_s29_session0_lamp,31,201,37.7,-1.0094612836837769,-0.9625157387853631
COHFACE_s29_session0_lamp,31,202,37.733333333333334,-1.0457515716552734,-0.7525307672068344
COHFACE_s29_session0_lamp,31,203,37.766666666666666,-1.0690040588378906,-0.47573778591114063
COHFACE_s29_session0_lamp,31,204,37.8,-1.0832421779632568,-0.1500433152202355
COHFACE_s29_session0_lamp,31,205,37.833333333333336,-1.0819714069366455,0.18879627229215143
COHFACE_s29_session0_lamp,31,206,37.86666666666667,-1.0791000127792358,0.49874008084827287
COHFACE_s29_session0_lamp,31,207,37.9,-1.099627137184143,0.7467402389845145
COHFACE_s29_session0_lamp,31,208,37.93333333333333,-1.1125620603561401,0.9199585480717059
COHFACE_s29_session0_lamp,31,209,37.96666666666667,-0.8115984797477722,1.0269515646773788
COHFACE_s29_session0_lamp,31,210,38.0,0.24864162504673004,1.089083432680532
COHFACE_s29_session0_lamp,31,211,38.03333333333333,1.5364429950714111,1.1282070943863627
COHFACE_s29_session0_lamp,31,212,38.06666666666667,2.1492176055908203,1.157435468110297
COHFACE_s29_session0_lamp,31,213,38.1,2.0208420753479004,1.1782827488527732
COHFACE_s29_session0_lamp,31,214,38.13333333333333,1.6752498149871826,1.1831416862549824
COHFACE_s29_session0_lamp,31,215,38.166666666666664,1.4699406623840332,1.1599932683346912
COHFACE_s29_session0_lamp,31,216,38.2,1.4328176975250244,1.0971795817047432
COHFACE_s29_session0_lamp,31,217,38.233333333333334,1.3660072088241577,0.9877440994955016
COHFACE_s29_session0_lamp,31,218,38.266666666666666,1.1395113468170166,0.8329375749708927
COHFACE_s29_session0_lamp,31,219,38.3,0.9215592741966248,0.643541224652071
COHFACE_s29_session0_lamp,31,220,38.333333333333336,0.8079192638397217,0.43750249888663717
COHFACE_s29_session0_lamp,31,221,38.36666666666667,0.6949822306632996,0.2339880135540045
COHFACE_s29_session0_lamp,31,222,38.4,0.5236002206802368,0.0466150889830577
COHFACE_s29_session0_lamp,31,223,38.43333333333333,0.3047289252281189,-0.12021352110501124
COHFACE_s29_session0_lamp,31,224,38.46666666666667,0.07095437496900558,-0.2698884558218466
COHFACE_s29_session0_lamp,31,225,38.5,-0.13859426975250244,-0.40840144364304787
COHFACE_s29_session0_lamp,31,226,38.53333333333333,-0.30444976687431335,-0.5386638240957674
COHFACE_s29_session0_lamp,31,227,38.56666666666667,-0.41815468668937683,-0.6573875777889472
COHFACE_s29_session0_lamp,31,228,38.6,-0.4918760359287262,-0.7557836372338447
COHFACE_s29_session0_lamp,31,229,38.63333333333333,-0.5469574928283691,-0.823213978438415
COHFACE_s29_session0_lamp,31,230,38.666666666666664,-0.591586172580719,-0.8516446894570658
COHFACE_s29_session0_lamp,31,231,38.7,-0.6397135257720947,-0.8387217528802169
COHFACE_s29_session0_lamp,31,232,38.733333333333334,-0.6976934671401978,-0.788304202220326
COHFACE_s29_session0_lamp,31,233,38.766666666666666,-0.7583825588226318,-0.7087197823496353
COHFACE_s29_session0_lamp,31,234,38.8,-0.8219268918037415,-0.610081371484422
COHFACE_s29_session0_lamp,31,235,38.833333333333336,-0.883567750453949,-0.5020636605409462
COHFACE_s29_session0_lamp,31,236,38.86666666666667,-0.9430185556411743,-0.39262676505828287
COHFACE_s29_session0_lamp,31,237,38.9,-1.0092341899871826,-0.28733209377319896
COHFACE_s29_session0_lamp,31,238,38.93333333333333,-1.0378402471542358,-0.18896073379549
COHFACE_s29_session0_lamp,31,239,38.96666666666667,-0.6446992754936218,-0.0976284226878065
COHFACE_s29_session0_lamp,32,0,32.0,-0.7744430899620056,-0.19721924280656614
COHFACE_s29_session0_lamp,32,1,32.03333333333333,-0.8308818340301514,-0.053037944540884764
COHFACE_s29_session0_lamp,32,2,32.06666666666667,-0.8913221955299377,0.06465487785224384
COHFACE_s29_session0_lamp,32,3,32.1,-0.9510758519172668,0.13613010650511098
COHFACE_s29_session0_lamp,32,4,32.13333333333333,-0.9990950226783752,0.15855302366822407
COHFACE_s29_session0_lamp,32,5,32.166666666666664,-1.036277413368225,0.14576957615327807
COHFACE_s29_session0_lamp,32,6,32.2,-1.0660947561264038,0.12121138969632408
COHFACE_s29_session0_lamp,32,7,32.233333333333334,-1.0845129489898682,0.10749982628714794
COHFACE_s29_session0_lamp,32,8,32.266666666666666,-1.0929596424102783,0.11771094902966
COHFACE_s29_session0_lamp,32,9,32.3,-1.0906397104263306,0.15215756339030345
COHFACE_s29_session0_lamp,32,10,32.333333333333336,-1.0927594900131226,0.20211436151490486
COHFACE_s29_session0_lamp,32,11,32.36666666666667,-1.1089335680007935,0.25829428005786326
COHFACE_s29_session0_lamp,32,12,32.4,-1.1317318677902222,0.31825263532155385
COHFACE_s29_session0_lamp,32,13,32.43333333333333,-1.0429936647415161,0.3871052014628298
COHFACE_s29_session0_lamp,32,14,32.46666666666667,-0.3592446446418762,0.4714331659344349
COHFACE_s29_session0_lamp,32,15,32.5,0.971281886100769,0.5717897794397699
COHFACE_s29_session0_lamp,32,16,32.53333333333333,2.023686408996582,0.6794312210009901
COHFACE_s29_session0_lamp,32,17,32.56666666666667,2.225691556930542,0.7787844421799226
COHFACE_s29_session0_lamp,32,18,32.6,1.9476938247680664,0.8529654164306756
COHFACE_s29_session0_lamp,32,19,32.63333333333333,1.6986267566680908,0.8883844190793785
COHFACE_s29_session0_lamp,32,20,32.666666666666664,1.6326814889907837,0.8764986813120641
COHFACE_s29_session0_lamp,32,21,32.7,1.6326814889907837,0.8135055893354339
COHFACE_s29_session0_lamp,32,22,32.733333333333334,1.498005986213684,0.6995941066643997
COHFACE_s29_session0_lamp,32,23,32.766666666666666,1.1989836692810059,0.5385195328359622
COHFACE_s29_session0_lamp,32,24,32.8,0.9316498041152954,0.33731225530094344
COHFACE_s29_session0_lamp,32,25,32.833333333333336,0.7680925130844116,0.10575641736578019
COHFACE_s29_session0_lamp,32,26,32.86666666666667,0.6272686719894409,-0.14422199576070815
COHFACE_s29_session0_lamp,32,27,32.9,0.4470777213573456,-0.3988702688524511
COHFACE_s29_session0_lamp,32,28,32.93333333333333,0.23059657216072083,-0.6428150166710755
COHFACE_s29_session0_lamp,32,29,32.96666666666667,0.00892957765609026,-0.8599137497480933
COHFACE_s29_session0_lamp,32,30,33.0,-0.1792321354150772,-1.0351571084529843
COHFACE_s29_session0_lamp,32,31,33.03333333333333,-0.3149728775024414,-1.1571409228790175
COHFACE_s29_session0_lamp,32,32,33.06666666666667,-0.4109572172164917,-1.2200763655421119
COHFACE_s29_session0_lamp,32,33,33.1,-0.4824506640434265,-1.224454922033842
COHFACE_s29_session0_lamp,32,34,33.13333333333333,-0.5318325757980347,-1.176182964532996
COHFACE_s29_session0_lamp,32,35,33.166666666666664,-0.5761475563049316,-1.0847734770229185
COHFACE_s29_session0_lamp,32,36,33.2,-0.6325430870056152,-0.9615059007599861
COHFACE_s29_session0_lamp,32,37,33.233333333333334,-0.7013056874275208,-0.818059377173572
COHFACE_s29_session0_lamp,32,38,33.266666666666666,-0.7651907205581665,-0.6652640663870901
COHFACE_s29_session0_lamp,32,39,33.3,-0.8229813575744629,-0.511223601292046
COHFACE_s29_session0_lamp,32,40,33.333333333333336,-0.8663987517356873,-0.35880775095060263
COHFACE_s29_session0_lamp,32,41,33.36666666666667,-0.8932040333747864,-0.20399242584354949
COHFACE_s29_session0_lamp,32,42,33.4,-0.9093186259269714,-0.03744653135967594
COHFACE_s29_session0_lamp,32,43,33.43333333333333,-0.925287127494812,0.1494533943828911
COHFACE_s29_session0_lamp,32,44,33.46666666666667,-0.9309867024421692,0.3564089770002993
COHFACE_s29_session0_lamp,32,45,33.5,-0.9378056526184082,0.5688780201624196
COHFACE_s29_session0_lamp,32,46,33.53333333333333,-0.9135906100273132,0.7601512196785162
COHFACE_s29_session0_lamp,32,47,33.56666666666667,-0.4530442953109741,0.901003900973632
COHFACE_s29_session0_lamp,32,48,33.6,0.6678200364112854,0.9716318439970332
COHFACE_s29_session0_lamp,32,49,33.63333333333333,1.674411654472351,0.9686506955014765
COHFACE_s29_session0_lamp,32,50,33.666666666666664,1.9276912212371826,0.9038102624126451
COHFACE_s29_session0_lamp,32,51,33.7,1.6609575748443604,0.7970112754639568
COHFACE_s29_session0_lamp,32,52,33.733333333333334,1.331858515739441,0.6690726765299397
COHFACE_s29_session0_lamp,32,53,33.766666666666666,1.1528733968734741,0.5380506774521185
COHFACE_s29_session0_lamp,32,54,33.8,1.0811907052993774,0.4188071996584609
COHFACE_s29_session0_lamp,32,55,33.833333333333336,0.93459153175354,0.32291349474521813
COHFACE_s29_session0_lamp,32,56,33.86666666666667,0.745678186416626,0.25712809399635894
COHFACE_s29_session0_lamp,32,57,33.9,0.6377593278884888,0.221365355690944
COHFACE_s29_session0_lamp,32,58,33.93333333333333,0.5691751837730408,0.20807037755105667
COHFACE_s29_session0_lamp,32,59,33.96666666666667,0.4519445300102234,0.20397596572997392
COHFACE_s29_session0_lamp,32,60,34.0,0.26867666840553284,0.19374584345265544
COHFACE_s29_session0_lamp,32,61,34.03333333333333,0.040834225714206696,0.16413751137631483
COHFACE_s29_session0_lamp,32,62,34.06666666666667,-0.18761926889419556,0.10740168025569764
COHFACE_s29_session0_lamp,32,63,34.1,-0.3782846927642822,0.023093401938970894
COHFACE_s29_session0_lamp,32,64,34.13333333333333,-0.516669750213623,-0.08225267941111152
COHFACE_s29_session0_lamp,32,65,34.166666666666664,-0.6027798652648926,-0.19766672984011457
COHFACE_s29_session0_lamp,32,66,34.2,-0.6466568112373352,-0.3116115958205483
COHFACE_s29_session0_lamp,32,67,34.233333333333334,-0.6756630539894104,-0.4154528002808986
COHFACE_s29_session0_lamp,32,68,34.266666666666666,-0.7159385681152344,-0.5049674727984043
COHFACE_s29_session0_lamp,32,69,34.3,-0.7550082802772522,-0.5795095843232906
COHFACE_s29_session0_lamp,32,70,34.333333333333336,-0.8026705384254456,-0.6399022536565092
COHFACE_s29_session0_lamp,32,71,34.36666666666667,-0.8608938455581665,-0.6866218266881485
COHFACE_s29_session0_lamp,32,72,34.4,-0.9145098924636841,-0.7189178009988174
COHFACE_s29_session0_lamp,32,73,34.43333333333333,-0.9582192301750183,-0.7344509800637582
COHFACE_s29_session0_lamp,32,74,34.46666666666667,-1.0074821710586548,-0.7290464241709679
COHFACE_s29_session0_lamp,32,75,34.5,-1.058097004890442,-0.6966707358134565
COHFACE_s29_session0_lamp,32,76,34.53333333333333,-0.962150514125824,-0.6298234635077087
COHFACE_s29_session0_lamp,32,77,34.56666666666667,-0.1871812641620636,-0.5204684783038954
COHFACE_s29_session0_lamp,32,78,34.6,1.1709671020507812,-0.3618782778415
COHFACE_s29_session0_lamp,32,79,34.63333333333333,2.099808692932129,-0.15181787160903568
COHFACE_s29_session0_lamp,32,80,34.666666666666664,2.1937434673309326,0.10323848296688093
COHFACE_s29_session0_lamp,32,81,34.7,1.9130746126174927,0.38442917273669464
COHFACE_s29_session0_lamp,32,82,34.733333333333334,1.7113615274429321,0.6598660785291113
COHFACE_s29_session0_lamp,32,83,34.766666666666666,1.6669058799743652,0.8891582595551633
COHFACE_s29_session0_lamp,32,84,34.8,1.6442158222198486,1.0331421586531166
COHFACE_s29_session0_lamp,32,85,34.833333333333336,1.465073823928833,1.0657667214965854
COHFACE_s29_session0_lamp,32,86,34.86666666666667,1.1322652101516724,0.9827535383779228
COHFACE_s29_session0_lamp,32,87,34.9,0.8403484225273132,0.8024964499366941
COHFACE_s29_session0_lamp,32,88,34.93333333333333,0.6701128482818604,0.5590740790372573
COHFACE_s29_session0_lamp,32,89,34.96666666666667,0.5323334336280823,0.29167850582912375
COHFACE_s29_session0_lamp,32,90,35.0,0.3549814224243164,0.03562259205940702
COHFACE_s29_session0_lamp,32,91,35.03333333333333,0.14064709842205048,-0.18235029611116826
COHFACE_s29_session0_lamp,32,92,35.06666666666667,-0.08164717257022858,-0.34496757939049216
COHFACE_s29_session0_lamp,32,93,35.1,-0.2698683738708496,-0.44381449226925046
COHFACE_s29_session0_lamp,32,94,35.13333333333333,-0.4201014041900635,-0.4789217838507335
COHFACE_s29_session0_lamp,32,95,35.166666666666664,-0.528074324131012,-0.4585706209840665
COHFACE_s29_session0_lamp,32,96,35.2,-0.6056783199310303,-0.39823301282999735
COHFACE_s29_session0_lamp,32,97,35.233333333333334,-0.6727861762046814,-0.3177213213171827
COHFACE_s29_session0_lamp,32,98,35.266666666666666,-0.7314204573631287,-0.23671389365783954
COHFACE_s29_session0_lamp,32,99,35.3,-0.7886379361152649,-0.1700686138757491
COHFACE_s29_session0_lamp,32,100,35.333333333333336,-0.8520686626434326,-0.1248895590075255
COHFACE_s29_session0_lamp,32,101,35.36666666666667,-0.9199066162109375,-0.10070726465543037
COHFACE_s29_session0_lamp,32,102,35.4,-0.9822720885276794,-0.09254859872441168
COHFACE_s29_session0_lamp,32,103,35.43333333333333,-1.0325407981872559,-0.0949873981819656
COHFACE_s29_session0_lamp,32,104,35.46666666666667,-1.0675872564315796,-0.10457682987102501
COHFACE_s29_session0_lamp,32,105,35.5,-1.0966259241104126,-0.11908902050920024
COHFACE_s29_session0_lamp,32,106,35.53333333333333,-1.1174829006195068,-0.13435890024045155
COHFACE_s29_session0_lamp,32,107,35.56666666666667,-1.1522698402404785,-0.14146632580186505
COHFACE_s29_session0_lamp,32,108,35.6,-1.1540542840957642,-0.12691327263057525
COHFACE_s29_session0_lamp,32,109,35.63333333333333,-0.7292736768722534,-0.07653766142086146
COHFACE_s29_session0_lamp,32,110,35.666666666666664,0.47854435443878174,0.018504733629524324
COHFACE_s29_session0_lamp,32,111,35.7,1.718093991279602,0.15676169318619626
COHFACE_s29_session0_lamp,32,112,35.733333333333334,2.171145439147949,0.325128477554101
COHFACE_s29_session0_lamp,32,113,35.766666666666666,1.9979572296142578,0.5018114639658589
COHFACE_s29_session0_lamp,32,114,35.8,1.7508151531219482,0.6620836938079608
COHFACE_s29_session0_lamp,32,115,35.833333333333336,1.6671276092529297,0.7840229314665542
COHFACE_s29_session0_lamp,32,116,35.86666666666667,1.6607846021652222,0.8518024450349427
COHFACE_s29_session0_lamp,32,117,35.9,1.5646271705627441,0.8559022678146995
COHFACE_s29_session0_lamp,32,118,35.93333333333333,1.2739217281341553,0.7917338873372399
COHFACE_s29_session0_lamp,32,119,35.96666666666667,0.9340507984161377,0.6590917711547426
COHFACE_s29_session0_lamp,32,120,36.0,0.7118808627128601,0.463707979057251
COHFACE_s29_session0_lamp,32,121,36.03333333333333,0.5713003277778625,0.21970936043598918
COHFACE_s29_session0_lamp,32,122,36.06666666666667,0.41060367226600647,-0.0501263676906234
COHFACE_s29_session0_lamp,32,123,36.1,0.20701417326927185,-0.3185067547476373
COHFACE_s29_session0_lamp,32,124,36.13333333333333,-0.005151727702468634,-0.5605768906767886
COHFACE_s29_session0_lamp,32,125,36.166666666666664,-0.20048387348651886,-0.7593231243677714
COHFACE_s29_session0_lamp,32,126,36.2,-0.3564164936542511,-0.9064319301061478
COHFACE_s29_session0_lamp,32,127,36.233333333333334,-0.47837334871292114,-0.9993686680276692
COHFACE_s29_session0_lamp,32,128,36.266666666666666,-0.5669384598731995,-1.0379636311499798
COHFACE_s29_session0_lamp,32,129,36.3,-0.6373288035392761,-1.0233842341662898
COHFACE_s29_session0_lamp,32,130,36.333333333333336,-0.7002242207527161,-0.9597047465926061
COHFACE_s29_session0_lamp,32,131,36.36666666666667,-0.7603617310523987,-0.8558854433833007
COHFACE_s29_session0_lamp,32,132,36.4,-0.8195908665657043,-0.7258565110946522
COHFACE_s29_session0_lamp,32,133,36.43333333333333,-0.8808477520942688,-0.5859504371376243
COHFACE_s29_session0_lamp,32,134,36.46666666666667,-0.9469174146652222,-0.4505242552949166
COHFACE_s29_session0_lamp,32,135,36.5,-1.0074821710586548,-0.3276295021982749
COHFACE_s29_session0_lamp,32,136,36.53333333333333,-1.0544036626815796,-0.21687564786610514
COHFACE_s29_session0_lamp,32,137,36.56666666666667,-1.0907965898513794,-0.11083374283299521
COHFACE_s29_session0_lamp,32,138,36.6,-1.1202623844146729,0.0004623499569305217
COHFACE_s29_session0_lamp,32,139,36.63333333333333,-1.1315155029296875,0.12404115239403518
COHFACE_s29_session0_lamp,32,140,36.666666666666664,-1.1321806907653809,0.260158202401847
COHFACE_s29_session0_lamp,32,141,36.7,-1.1403623819351196,0.4019609459529912
COHFACE_s29_session0_lamp,32,142,36.733333333333334,-1.1619925498962402,0.5389855367440914
COHFACE_s29_session0_lamp,32,143,36.766666666666666,-1.1602351665496826,0.6628337532179167
COHFACE_s29_session0_lamp,32,144,36.8,-0.7705495953559875,0.7716847862753902
COHFACE_s29_session0_lamp,32,145,36.833333333333336,0.418195903301239,0.8704468731571229
COHFACE_s29_session0_lamp,32,146,36.86666666666667,1.7252968549728394,0.9659687698468192
COHFACE_s29_session0_lamp,32,147,36.9,2.2659833431243896,1.060046513019264
COHFACE_s29_session0_lamp,32,148,36.93333333333333,2.1275603771209717,1.1445707384963724
COHFACE_s29_session0_lamp,32,149,36.96666666666667,1.8602643013000488,1.202025482718291
COHFACE_s29_session0_lamp,32,150,37.0,1.7479437589645386,1.2113502506557678
COHFACE_s29_session0_lamp,32,151,37.03333333333333,1.7406651973724365,1.1560526400526066
COHFACE_s29_session0_lamp,32,152,37.06666666666667,1.652711033821106,1.0304145598732022
COHFACE_s29_session0_lamp,32,153,37.1,1.3711066246032715,0.8410118862004754
COHFACE_s29_session0_lamp,32,154,37.13333333333333,1.0406934022903442,0.6034945781213095
COHFACE_s29_session0_lamp,32,155,37.166666666666664,0.8165172934532166,0.3369021629189791
COHFACE_s29_session0_lamp,32,156,37.2,0.66639244556427,0.05842974772816888
COHFACE_s29_session0_lamp,32,157,37.233333333333334,0.4918631911277771,-0.2193783846130546
COHFACE_s29_session0_lamp,32,158,37.266666666666666,0.2753063440322876,-0.48860992287984956
COHFACE_s29_session0_lamp,32,159,37.3,0.04655542969703674,-0.7440310208377838
COHFACE_s29_session0_lamp,32,160,37.333333333333336,-0.15600663423538208,-0.9805659911991762
COHFACE_s29_session0_lamp,32,161,37.36666666666667,-0.31275036931037903,-1.191353663240789
COHFACE_s29_session0_lamp,32,162,37.4,-0.4388278126716614,-1.3670376039153571
COHFACE_s29_session0_lamp,32,163,37.43333333333333,-0.5299885869026184,-1.496573686312911
COHFACE_s29_session0_lamp,32,164,37.46666666666667,-0.5822635293006897,-1.5696037822811497
COHFACE_s29_session0_lamp,32,165,37.5,-0.6389834880828857,-1.5799204142715362
COHFACE_s29_session0_lamp,32,166,37.53333333333333,-0.7091683149337769,-1.5285778758505284
COHFACE_s29_session0_lamp,32,167,37.56666666666667,-0.770414412021637,-1.4245191106132606
COHFACE_s29_session0_lamp,32,168,37.6,-0.8278481960296631,-1.2811909468178984
COHFACE_s29_session0_lamp,32,169,37.63333333333333,-0.8945775628089905,-1.1100075169600807
COHFACE_s29_session0_lamp,32,170,37.666666666666664,-0.9583003520965576,-0.9146010163541046
COHFACE_s29_session0_lamp,32,171,37.7,-1.0094612836837769,-0.6904684677795248
COHFACE_s29_session0_lamp,32,172,37.733333333333334,-1.0457515716552734,-0.43119300565432817
COHFACE_s29_session0_lamp,32,173,37.766666666666666,-1.0690040588378906,-0.1375505042404129
COHFACE_s29_session0_lamp,32,174,37.8,-1.0832421779632568,0.17657152404776588
COHFACE_s29_session0_lamp,32,175,37.833333333333336,-1.0819714069366455,0.48584241207065465
COHFACE_s29_session0_lamp,32,176,37.86666666666667,-1.0791000127792358,0.7624285105941393
COHFACE_s29_session0_lamp,32,177,37.9,-1.099627137184143,0.9870509416200622
COHFACE_s29_session0_lamp,32,178,37.93333333333333,-1.1125620603561401,1.1552522490039556
COHFACE_s29_session0_lamp,32,179,37.96666666666667,-0.8115984797477722,1.2750302933787823
COHFACE_s29_session0_lamp,32,180,38.0,0.24864162504673004,1.3583469487620583
COHFACE_s29_session0_lamp,32,181,38.03333333333333,1.5364429950714111,1.4132344485297708
COHFACE_s29_session0_lamp,32,182,38.06666666666667,2.1492176055908203,1.441441077816749
COHFACE_s29_session0_lamp,32,183,38.1,2.0208420753479004,1.4413091813743004
COHFACE_s29_session0_lamp,32,184,38.13333333333333,1.6752498149871826,1.4117938629730886
COHFACE_s29_session0_lamp,32,185,38.166666666666664,1.4699406623840332,1.353662666823704
COHFACE_s29_session0_lamp,32,186,38.2,1.4328176975250244,1.2672881503201545
COHFACE_s29_session0_lamp,32,187,38.233333333333334,1.3660072088241577,1.1498380971611055
COHFACE_s29_session0_lamp,32,188,38.266666666666666,1.1395113468170166,0.9951608138010353
COHFACE_s29_session0_lamp,32,189,38.3,0.9215592741966248,0.7973076739661102
COHFACE_s29_session0_lamp,32,190,38.333333333333336,0.8079192638397217,0.5555540792631726
COHFACE_s29_session0_lamp,32,191,38.36666666666667,0.6949822306632996,0.27747284310974846
COHFACE_s29_session0_lamp,32,192,38.4,0.5236002206802368,-0.02186578332827601
COHFACE_s29_session0_lamp,32,193,38.43333333333333,0.3047289252281189,-0.32378779318029854
COHFACE_s29_session0_lamp,32,194,38.46666666666667,0.07095437496900558,-0.6106302745089638
COHFACE_s29_session0_lamp,32,195,38.5,-0.13859426975250244,-0.8689213334633047
COHFACE_s29_session0_lamp,32,196,38.53333333333333,-0.30444976687431335,-1.0903409731496805
COHFACE_s29_session0_lamp,32,197,38.56666666666667,-0.41815468668937683,-1.270970778770524
COHFACE_s29_session0_lamp,32,198,38.6,-0.4918760359287262,-1.409709366075638
COHFACE_s29_session0_lamp,32,199,38.63333333333333,-0.5469574928283691,-1.506497054055452
COHFACE_s29_session0_lamp,32,200,38.666666666666664,-0.591586172580719,-1.56082489617292
COHFACE_s29_session0_lamp,32,201,38.7,-0.6397135257720947,-1.5709814435882374
COHFACE_s29_session0_lamp,32,202,38.733333333333334,-0.6976934671401978,-1.5343545983962434
COHFACE_s29_session0_lamp,32,203,38.766666666666666,-0.7583825588226318,-1.448665443425159
COHFACE_s29_session0_lamp,32,204,38.8,-0.8219268918037415,-1.3134068963021581
COHFACE_s29_session0_lamp,32,205,38.833333333333336,-0.883567750453949,-1.130582335684225
COHFACE_s29_session0_lamp,32,206,38.86666666666667,-0.9430185556411743,-0.9044317955883999
COHFACE_s29_session0_lamp,32,207,38.9,-1.0092341899871826,-0.6406817486081695
COHFACE_s29_session0_lamp,32,208,38.93333333333333,-1.0378402471542358,-0.34625718307371
COHFACE_s29_session0_lamp,32,209,38.96666666666667,-0.6446992754936218,-0.03020411192536778
COHFACE_s29_session0_lamp,32,210,39.0,0.5287265777587891,0.2941483803436569
COHFACE_s29_session0_lamp,32,211,39.03333333333333,1.7515614032745361,0.6071171365180826
COHFACE_s29_session0_lamp,32,212,39.06666666666667,2.1872706413269043,0.8833431687349299
COHFACE_s29_session0_lamp,32,213,39.1,1.9715899229049683,1.09710334563702
COHFACE_s29_session0_lamp,32,214,39.13333333333333,1.666430115699768,1.2306311319633911
COHFACE_s29_session0_lamp,32,215,39.166666666666664,1.528369426727295,1.2806822560553481
COHFACE_s29_session0_lamp,32,216,39.2,1.4995092153549194,1.2590683701725167
COHFACE_s29_session0_lamp,32,217,39.233333333333334,1.387329339981079,1.1866983749770956
COHFACE_s29_session0_lamp,32,218,39.266666666666666,1.0974349975585938,1.0849587580071365
COHFACE_s29_session0_lamp,32,219,39.3,0.8011706471443176,0.9696112326990892
COHFACE_s29_session0_lamp,32,220,39.333333333333336,0.6223315596580505,0.8495964553684007
COHFACE_s29_session0_lamp,32,221,39.36666666666667,0.4959729313850403,0.7291766306999327
COHFACE_s29_session0_lamp,32,222,39.4,0.3380936086177826,0.6102852318895365
COHFACE_s29_session0_lamp,32,223,39.43333333333333,0.12859363853931427,0.49317108304314045
COHFACE_s29_session0_lamp,32,224,39.46666666666667,-0.10337477922439575,0.37571212252431146
COHFACE_s29_session0_lamp,32,225,39.5,-0.30552586913108826,0.2531852070320952
COHFACE_s29_session0_lamp,32,226,39.53333333333333,-0.4674068093299866,0.11981376801975983
COHFACE_s29_session0_lamp,32,227,39.56666666666667,-0.5838046669960022,-0.02820743032844551
COHFACE_s29_session0_lamp,32,228,39.6,-0.6603163480758667,-0.1898310350550551
COHFACE_s29_session0_lamp,32,229,39.63333333333333,-0.7191452980041504,-0.35809537642310496
COHFACE_s29_session0_lamp,32,230,39.666666666666664,-0.7710903882980347,-0.5213582943079532
COHFACE_s29_session0_lamp,32,231,39.7,-0.8204830884933472,-0.6659221910943125
COHFACE_s29_session0_lamp,32,232,39.733333333333334,-0.8754726648330688,-0.7786794331562339
COHFACE_s29_session0_lamp,32,233,39.766666666666666,-0.9416666626930237,-0.8489315453920225
COHFACE_s29_session0_lamp,32,234,39.8,-1.0009119510650635,-0.8694129431827229
COHFACE_s29_session0_lamp,32,235,39.833333333333336,-1.0483633279800415,-0.8369998311925105
COHFACE_s29_session0_lamp,32,236,39.86666666666667,-1.0853078365325928,-0.7532961279844588
COHFACE_s29_session0_lamp,32,237,39.9,-1.1221117973327637,-0.6248252412975874
COHFACE_s29_session0_lamp,32,238,39.93333333333333,-1.1688764095306396,-0.4625477942065227
COHFACE_s29_session0_lamp,32,239,39.96666666666667,-1.148414134979248,-0.28073666215417237
COHFACE_s29_session0_lamp,33,0,33.0,-0.1792321354150772,-0.08616240517142264
COHFACE_s29_session0_lamp,33,1,33.03333333333333,-0.3149728775024414,0.12497082371879925
COHFACE_s29_session0_lamp,33,2,33.06666666666667,-0.4109572172164917,0.2847018669549452
COHFACE_s29_session0_lamp,33,3,33.1,-0.4824506640434265,0.3596285113701682
COHFACE_s29_session0_lamp,33,4,33.13333333333333,-0.5318325757980347,0.34739294981119667
COHFACE_s29_session0_lamp,33,5,33.166666666666664,-0.5761475563049316,0.2759067556300521
COHFACE_s29_session0_lamp,33,6,33.2,-0.6325430870056152,0.19011280272171704
COHFACE_s29_session0_lamp,33,7,33.233333333333334,-0.7013056874275208,0.1327229381596556
COHFACE_s29_session0_lamp,33,8,33.266666666666666,-0.7651907205581665,0.12782256025440097
COHFACE_s29_session0_lamp,33,9,33.3,-0.8229813575744629,0.17440900729742959
COHFACE_s29_session0_lamp,33,10,33.333333333333336,-0.8663987517356873,0.25246937406769804
COHFACE_s29_session0_lamp,33,11,33.36666666666667,-0.8932040333747864,0.33780945819487823
COHFACE_s29_session0_lamp,33,12,33.4,-0.9093186259269714,0.41584706968293705
COHFACE_s29_session0_lamp,33,13,33.43333333333333,-0.925287127494812,0.484842031941417
COHFACE_s29_session0_lamp,33,14,33.46666666666667,-0.9309867024421692,0.5476314295186641
COHFACE_s29_session0_lamp,33,15,33.5,-0.9378056526184082,0.6001683994338012
COHFACE_s29_session0_lamp,33,16,33.53333333333333,-0.9135906100273132,0.6266341139761922
COHFACE_s29_session0_lamp,33,17,33.56666666666667,-0.4530442953109741,0.6049150575549652
COHFACE_s29_session0_lamp,33,18,33.6,0.6678200364112854,0.5184613452589693
COHFACE_s29_session0_lamp,33,19,33.63333333333333,1.674411654472351,0.3665762537641699
COHFACE_s29_session0_lamp,33,20,33.666666666666664,1.9276912212371826,0.16733479994677986
COHFACE_s29_session0_lamp,33,21,33.7,1.6609575748443604,-0.047339319779955064
COHFACE_s29_session0_lamp,33,22,33.733333333333334,1.331858515739441,-0.24090373827194023
COHFACE_s29_session0_lamp,33,23,33.766666666666666,1.1528733968734741,-0.38147644199772707
COHFACE_s29_session0_lamp,33,24,33.8,1.0811907052993774,-0.4487327545271671
COHFACE_s29_session0_lamp,33,25,33.833333333333336,0.93459153175354,-0.4378820220621536
COHFACE_s29_session0_lamp,33,26,33.86666666666667,0.745678186416626,-0.36040786578383716
COHFACE_s29_session0_lamp,33,27,33.9,0.6377593278884888,-0.24090228544077627
COHFACE_s29_session0_lamp,33,28,33.93333333333333,0.5691751837730408,-0.11013181275366643
COHFACE_s29_session0_lamp,33,29,33.96666666666667,0.4519445300102234,0.003650149296633518
COHFACE_s29_session0_lamp,33,30,34.0,0.26867666840553284,0.08162782640474242
COHFACE_s29_session0_lamp,33,31,34.03333333333333,0.040834225714206696,0.11663786850641557
COHFACE_s29_session0_lamp,33,32,34.06666666666667,-0.18761926889419556,0.11061196023338885
COHFACE_s29_session0_lamp,33,33,34.1,-0.3782846927642822,0.06998716726968111
COHFACE_s29_session0_lamp,33,34,34.13333333333333,-0.516669750213623,0.002171438420391563
COHFACE_s29_session0_lamp,33,35,34.166666666666664,-0.6027798652648926,-0.08565371670732304
COHFACE_s29_session0_lamp,33,36,34.2,-0.6466568112373352,-0.18622437199011932
COHFACE_s29_session0_lamp,33,37,34.233333333333334,-0.6756630539894104,-0.291956520176451
COHFACE_s29_session0_lamp,33,38,34.266666666666666,-0.7159385681152344,-0.39537801128670047
COHFACE_s29_session0_lamp,33,39,34.3,-0.7550082802772522,-0.48967219622276476
COHFACE_s29_session0_lamp,33,40,34.333333333333336,-0.8026705384254456,-0.5688555456602448
COHFACE_s29_session0_lamp,33,41,34.36666666666667,-0.8608938455581665,-0.6277587645357664
COHFACE_s29_session0_lamp,33,42,34.4,-0.9145098924636841,-0.662053562806438
COHFACE_s29_session0_lamp,33,43,34.43333333333333,-0.9582192301750183,-0.6682518187150601
COHFACE_s29_session0_lamp,33,44,34.46666666666667,-1.0074821710586548,-0.6435198503502513
COHFACE_s29_session0_lamp,33,45,34.5,-1.058097004890442,-0.5852666061502121
COHFACE_s29_session0_lamp,33,46,34.53333333333333,-0.962150514125824,-0.4905521156216512
COHFACE_s29_session0_lamp,33,47,34.56666666666667,-0.1871812641620636,-0.355532333113285
COHFACE_s29_session0_lamp,33,48,34.6,1.1709671020507812,-0.1755621421646255
COHFACE_s29_session0_lamp,33,49,34.63333333333333,2.099808692932129,0.052911804249325255
COHFACE_s29_session0_lamp,33,50,34.666666666666664,2.1937434673309326,0.32757255448122935
COHFACE_s29_session0_lamp,33,51,34.7,1.9130746126174927,0.633189702715567
COHFACE_s29_session0_lamp,33,52,34.733333333333334,1.7113615274429321,0.9361168252351663
COHFACE_s29_session0_lamp,33,53,34.766666666666666,1.6669058799743652,1.185926264041603
COHFACE_s29_session0_lamp,33,54,34.8,1.6442158222198486,1.3274535349673813
COHFACE_s29_session0_lamp,33,55,34.833333333333336,1.465073823928833,1.3203670961327567
COHFACE_s29_session0_lamp,33,56,34.86666666666667,1.1322652101516724,1.1569210565469878
COHFACE_s29_session0_lamp,33,57,34.9,0.8403484225273132,0.8674914962238729
COHFACE_s29_session0_lamp,33,58,34.93333333333333,0.6701128482818604,0.5102833333403158
COHFACE_s29_session0_lamp,33,59,34.96666666666667,0.5323334336280823,0.15109933084751226
COHFACE_s29_session0_lamp,33,60,35.0,0.3549814224243164,-0.15590361689621593
COHFACE_s29_session0_lamp,33,61,35.03333333333333,0.14064709842205048,-0.37793772435611495
COHFACE_s29_session0_lamp,33,62,35.06666666666667,-0.08164717257022858,-0.5028858272370554
COHFACE_s29_session0_lamp,33,63,35.1,-0.2698683738708496,-0.5338296847146009
COHFACE_s29_session0_lamp,33,64,35.13333333333333,-0.4201014041900635,-0.4849540776764033
COHFACE_s29_session0_lamp,33,65,35.166666666666664,-0.528074324131012,-0.3806927965101872
COHFACE_s29_session0_lamp,33,66,35.2,-0.6056783199310303,-0.2553604398300587
COHFACE_s29_session0_lamp,33,67,35.233333333333334,-0.6727861762046814,-0.14895522538285869
COHFACE_s29_session0_lamp,33,68,35.266666666666666,-0.7314204573631287,-0.09733547444542906
COHFACE_s29_session0_lamp,33,69,35.3,-0.7886379361152649,-0.11978034600639526
COHFACE_s29_session0_lamp,33,70,35.333333333333336,-0.8520686626434326,-0.2106221099843038
COHFACE_s29_session0_lamp,33,71,35.36666666666667,-0.9199066162109375,-0.3409129924681244
COHFACE_s29_session0_lamp,33,72,35.4,-0.9822720885276794,-0.47049451202303966
COHFACE_s29_session0_lamp,33,73,35.43333333333333,-1.0325407981872559,-0.5643503181531005
COHFACE_s29_session0_lamp,33,74,35.46666666666667,-1.0675872564315796,-0.6044976934034416
COHFACE_s29_session0_lamp,33,75,35.5,-1.0966259241104126,-0.5914425484879867
COHFACE_s29_session0_lamp,33,76,35.53333333333333,-1.1174829006195068,-0.535636857289268
COHFACE_s29_session0_lamp,33,77,35.56666666666667,-1.1522698402404785,-0.4454768426484782
COHFACE_s29_session0_lamp,33,78,35.6,-1.1540542840957642,-0.32030509013096986
COHFACE_s29_session0_lamp,33,79,35.63333333333333,-0.7292736768722534,-0.15315809976666983
COHFACE_s29_session0_lamp,33,80,35.666666666666664,0.47854435443878174,0.059309754154992865
COHFACE_s29_session0_lamp,33,81,35.7,1.718093991279602,0.30771595311813793
COHFACE_s29_session0_lamp,33,82,35.733333333333334,2.171145439147949,0.5688191391293744
COHFACE_s29_session0_lamp,33,83,35.766666666666666,1.9979572296142578,0.8133855239713562
COHFACE_s29_session0_lamp,33,84,35.8,1.7508151531219482,1.0171708879399557
COHFACE_s29_session0_lamp,33,85,35.833333333333336,1.6671276092529297,1.1667329001261693
COHFACE_s29_session0_lamp,33,86,35.86666666666667,1.6607846021652222,1.2560842439640298
COHFACE_s29_session0_lamp,33,87,35.9,1.5646271705627441,1.2777627491543806
COHFACE_s29_session0_lamp,33,88,35.93333333333333,1.2739217281341553,1.2168823665857
COHFACE_s29_session0_lamp,33,89,35.96666666666667,0.9340507984161377,1.0550136165410318
COHFACE_s29_session0_lamp,33,90,36.0,0.7118808627128601,0.7828650368191715
COHFACE_s29_session0_lamp,33,91,36.03333333333333,0.5713003277778625,0.41310260902095464
COHFACE_s29_session0_lamp,33,92,36.06666666666667,0.41060367226600647,-0.016336003538773455
COHFACE_s29_session0_lamp,33,93,36.1,0.20701417326927185,-0.45187260285308295
COHFACE_s29_session0_lamp,33,94,36.13333333333333,-0.005151727702468634,-0.8414009380780823
COHFACE_s29_session0_lamp,33,95,36.166666666666664,-0.20048387348651886,-1.1485585411656256
COHFACE_s29_session0_lamp,33,96,36.2,-0.3564164936542511,-1.3568199873666065
COHFACE_s29_session0_lamp,33,97,36.233333333333334,-0.47837334871292114,-1.4636479292068165
COHFACE_s29_session0_lamp,33,98,36.266666666666666,-0.5669384598731995,-1.4711000256634714
COHFACE_s29_session0_lamp,33,99,36.3,-0.6373288035392761,-1.380532263893867
COHFACE_s29_session0_lamp,33,100,36.333333333333336,-0.7002242207527161,-1.195229282901573
COHFACE_s29_session0_lamp,33,101,36.36666666666667,-0.7603617310523987,-0.9287956344608314
COHFACE_s29_session0_lamp,33,102,36.4,-0.8195908665657043,-0.6127115575071369
COHFACE_s29_session0_lamp,33,103,36.43333333333333,-0.8808477520942688,-0.29589502432868
COHFACE_s29_session0_lamp,33,104,36.46666666666667,-0.9469174146652222,-0.03289736517062396
COHFACE_s29_session0_lamp,33,105,36.5,-1.0074821710586548,0.1356856870844479
COHFACE_s29_session0_lamp,33,106,36.53333333333333,-1.0544036626815796,0.20037496654204204
COHFACE_s29_session0_lamp,33,107,36.56666666666667,-1.0907965898513794,0.1865988785205839
COHFACE_s29_session0_lamp,33,108,36.6,-1.1202623844146729,0.14162879076622334
COHFACE_s29_session0_lamp,33,109,36.63333333333333,-1.1315155029296875,0.11151850893950241
COHFACE_s29_session0_lamp,33,110,36.666666666666664,-1.1321806907653809,0.12078546157002529
COHFACE_s29_session0_lamp,33,111,36.7,-1.1403623819351196,0.1658655507743014
COHFACE_s29_session0_lamp,33,112,36.733333333333334,-1.1619925498962402,0.22538391168624233
COHFACE_s29_session0_lamp,33,113,36.766666666666666,-1.1602351665496826,0.28040068705906307
COHFACE_s29_session0_lamp,33,114,36.8,-0.7705495953559875,0.3315693088927215
COHFACE_s29_session0_lamp,33,115,36.833333333333336,0.418195903301239,0.401969896610621
COHFACE_s29_session0_lamp,33,116,36.86666666666667,1.7252968549728394,0.5238882090665913
COHFACE_s29_session0_lamp,33,117,36.9,2.2659833431243896,0.7179376421353884
COHFACE_s29_session0_lamp,33,118,36.93333333333333,2.1275603771209717,0.9765272853378835
COHFACE_s29_session0_lamp,33,119,36.96666666666667,1.8602643013000488,1.2601368980251055
COHFACE_s29_session0_lamp,33,120,37.0,1.7479437589645386,1.5077436658253858
COHFACE_s29_session0_lamp,33,121,37.03333333333333,1.7406651973724365,1.6560802522142832
COHFACE_s29_session0_lamp,33,122,37.06666666666667,1.652711033821106,1.6591324236771148
COHFACE_s29_session0_lamp,33,123,37.1,1.3711066246032715,1.500270646592755
COHFACE_s29_session0_lamp,33,124,37.13333333333333,1.0406934022903442,1.1935726354945284
COHFACE_s29_session0_lamp,33,125,37.166666666666664,0.8165172934532166,0.7758945662022222
COHFACE_s29_session0_lamp,33,126,37.2,0.66639244556427,0.2946554686812218
COHFACE_s29_session0_lamp,33,127,37.233333333333334,0.4918631911277771,-0.20330425830965496
COHFACE_s29_session0_lamp,33,128,37.266666666666666,0.2753063440322876,-0.6787272919837799
COHFACE_s29_session0_lamp,33,129,37.3,0.04655542969703674,-1.1025569254177814
COHFACE_s29_session0_lamp,33,130,37.333333333333336,-0.15600663423538208,-1.4553143763361238
COHFACE_s29_session0_lamp,33,131,37.36666666666667,-0.31275036931037903,-1.7245901096164997
COHFACE_s29_session0_lamp,33,132,37.4,-0.4388278126716614,-1.9020783079472559
COHFACE_s29_session0_lamp,33,133,37.43333333333333,-0.5299885869026184,-1.981767114920771
COHFACE_s29_session0_lamp,33,134,37.46666666666667,-0.5822635293006897,-1.9606997621878126
COHFACE_s29_session0_lamp,33,135,37.5,-0.6389834880828857,-1.8423889323086198
COHFACE_s29_session0_lamp,33,136,37.53333333333333,-0.7091683149337769,-1.6406082694995894
COHFACE_s29_session0_lamp,33,137,37.56666666666667,-0.770414412021637,-1.3796683294344838
COHFACE_s29_session0_lamp,33,138,37.6,-0.8278481960296631,-1.0883603814269218
COHFACE_s29_session0_lamp,33,139,37.63333333333333,-0.8945775628089905,-0.7889966733296299
COHFACE_s29_session0_lamp,33,140,37.666666666666664,-0.9583003520965576,-0.4881728228148404
COHFACE_s29_session0_lamp,33,141,37.7,-1.0094612836837769,-0.17698660794207943
COHFACE_s29_session0_lamp,33,142,37.733333333333334,-1.0457515716552734,0.1572121482294122
COHFACE_s29_session0_lamp,33,143,37.766666666666666,-1.0690040588378906,0.513828918513915
COHFACE_s29_session0_lamp,33,144,37.8,-1.0832421779632568,0.8677593946307789
COHFACE_s29_session0_lamp,33,145,37.833333333333336,-1.0819714069366455,1.1724863661961493
COHFACE_s29_session0_lamp,33,146,37.86666666666667,-1.0791000127792358,1.3778055126113262
COHFACE_s29_session0_lamp,33,147,37.9,-1.099627137184143,1.4531159015959216
COHFACE_s29_session0_lamp,33,148,37.93333333333333,-1.1125620603561401,1.4028997032543158
COHFACE_s29_session0_lamp,33,149,37.96666666666667,-0.8115984797477722,1.2650726403766674
COHFACE_s29_session0_lamp,33,150,38.0,0.24864162504673004,1.0934972332689823
COHFACE_s29_session0_lamp,33,151,38.03333333333333,1.5364429950714111,0.9354217896441297
COHFACE_s29_session0_lamp,33,152,38.06666666666667,2.1492176055908203,0.8160953636812367
COHFACE_s29_session0_lamp,33,153,38.1,2.0208420753479004,0.7367187021056745
COHFACE_s29_session0_lamp,33,154,38.13333333333333,1.6752498149871826,0.6833139681215279
COHFACE_s29_session0_lamp,33,155,38.166666666666664,1.4699406623840332,0.6385956674608587
COHFACE_s29_session0_lamp,33,156,38.2,1.4328176975250244,0.5894729958625943
COHFACE_s29_session0_lamp,33,157,38.233333333333334,1.3660072088241577,0.5277703284274218
COHFACE_s29_session0_lamp,33,158,38.266666666666666,1.1395113468170166,0.4470144228198033
COHFACE_s29_session0_lamp,33,159,38.3,0.9215592741966248,0.3401019017788472
COHFACE_s29_session0_lamp,33,160,38.333333333333336,0.8079192638397217,0.20038544643896083
COHFACE_s29_session0_lamp,33,161,38.36666666666667,0.6949822306632996,0.025017324952764014
COHFACE_s29_session0_lamp,33,162,38.4,0.5236002206802368,-0.18234130081066674
COHFACE_s29_session0_lamp,33,163,38.43333333333333,0.3047289252281189,-0.4114535297101507
COHFACE_s29_session0_lamp,33,164,38.46666666666667,0.07095437496900558,-0.6479439923790642
COHFACE_s29_session0_lamp,33,165,38.5,-0.13859426975250244,-0.8765056854765519
COHFACE_s29_session0_lamp,33,166,38.53333333333333,-0.30444976687431335,-1.083154246149772
COHFACE_s29_session0_lamp,33,167,38.56666666666667,-0.41815468668937683,-1.2558557874691505
COHFACE_s29_session0_lamp,33,168,38.6,-0.4918760359287262,-1.3838429228187341
COHFACE_s29_session0_lamp,33,169,38.63333333333333,-0.5469574928283691,-1.456514626799535
COHFACE_s29_session0_lamp,33,170,38.666666666666664,-0.591586172580719,-1.463027041269885
COHFACE_s29_session0_lamp,33,171,38.7,-0.6397135257720947,-1.393424306245749
COHFACE_s29_session0_lamp,33,172,38.733333333333334,-0.6976934671401978,-1.2414171507928249
COHFACE_s29_session0_lamp,33,173,38.766666666666666,-0.7583825588226318,-1.007995901688861
COHFACE_s29_session0_lamp,33,174,38.8,-0.8219268918037415,-0.7043615240038326
COHFACE_s29_session0_lamp,33,175,38.833333333333336,-0.883567750453949,-0.35241062726939965
COHFACE_s29_session0_lamp,33,176,38.86666666666667,-0.9430185556411743,0.018487399564399244
COHFACE_s29_session0_lamp,33,177,38.9,-1.0092341899871826,0.3779458875798185
COHFACE_s29_session0_lamp,33,178,38.93333333333333,-1.0378402471542358,0.701279652590483
COHFACE_s29_session0_lamp,33,179,38.96666666666667,-0.6446992754936218,0.9724824928660037
COHFACE_s29_session0_lamp,33,180,39.0,0.5287265777587891,1.1815868105450165
COHFACE_s29_session0_lamp,33,181,39.03333333333333,1.7515614032745361,1.3188685160248492
COHFACE_s29_session0_lamp,33,182,39.06666666666667,2.1872706413269043,1.371789059858252
COHFACE_s29_session0_lamp,33,183,39.1,1.9715899229049683,1.329187339121185
COHFACE_s29_session0_lamp,33,184,39.13333333333333,1.666430115699768,1.190695625639925
COHFACE_s29_session0_lamp,33,185,39.166666666666664,1.528369426727295,0.9738097313132185
COHFACE_s29_session0_lamp,33,186,39.2,1.4995092153549194,0.7122575670180236
COHFACE_s29_session0_lamp,33,187,39.233333333333334,1.387329339981079,0.44585257030053677
COHFACE_s29_session0_lamp,33,188,39.266666666666666,1.0974349975585938,0.2082864065703573
COHFACE_s29_session0_lamp,33,189,39.3,0.8011706471443176,0.020187267121804443
COHFACE_s29_session0_lamp,33,190,39.333333333333336,0.6223315596580505,-0.1105348961630535
COHFACE_s29_session0_lamp,33,191,39.36666666666667,0.4959729313850403,-0.1848122247156635
COHFACE_s29_session0_lamp,33,192,39.4,0.3380936086177826,-0.209495575392772
COHFACE_s29_session0_lamp,33,193,39.43333333333333,0.12859363853931427,-0.19671772176427885
COHFACE_s29_session0_lamp,33,194,39.46666666666667,-0.10337477922439575,-0.16393803056676454
COHFACE_s29_session0_lamp,33,195,39.5,-0.30552586913108826,-0.13243568574115094
COHFACE_s29_session0_lamp,33,196,39.53333333333333,-0.4674068093299866,-0.12353992091743625
COHFACE_s29_session0_lamp,33,197,39.56666666666667,-0.5838046669960022,-0.15381319747221134
COHFACE_s29_session0_lamp,33,198,39.6,-0.6603163480758667,-0.2310723329873451
COHFACE_s29_session0_lamp,33,199,39.63333333333333,-0.7191452980041504,-0.35253153088549927
COHFACE_s29_session0_lamp,33,200,39.666666666666664,-0.7710903882980347,-0.505354214453791
COHFACE_s29_session0_lamp,33,201,39.7,-0.8204830884933472,-0.6691715498785776
COHFACE_s29_session0_lamp,33,202,39.733333333333334,-0.8754726648330688,-0.8198801844963318
COHFACE_s29_session0_lamp,33,203,39.766666666666666,-0.9416666626930237,-0.9340107759547182
COHFACE_s29_session0_lamp,33,204,39.8,-1.0009119510650635,-0.9928351620018004
COHFACE_s29_session0_lamp,33,205,39.833333333333336,-1.0483633279800415,-0.9851745731279182
COHFACE_s29_session0_lamp,33,206,39.86666666666667,-1.0853078365325928,-0.9079102711918714
COHFACE_s29_session0_lamp,33,207,39.9,-1.1221117973327637,-0.7639114597423504
COHFACE_s29_session0_lamp,33,208,39.93333333333333,-1.1688764095306396,-0.5584981180832893
COHFACE_s29_session0_lamp,33,209,39.96666666666667,-1.148414134979248,-0.2968743804107502
COHFACE_s29_session0_lamp,33,210,40.0,-0.6071059107780457,0.01492157608245597
COHFACE_s29_session0_lamp,33,211,40.03333333333333,0.7185375690460205,0.3649352067003716
COHFACE_s29_session0_lamp,33,212,40.06666666666667,1.914934754371643,0.7288868110928418
COHFACE_s29_session0_lamp,33,213,40.1,2.2306501865386963,1.067645639056675
COHFACE_s29_session0_lamp,33,214,40.13333333333333,1.977997899055481,1.3327760940815172
COHFACE_s29_session0_lamp,33,215,40.166666666666664,1.7311803102493286,1.4797308699604368
COHFACE_s29_session0_lamp,33,216,40.2,1.6660839319229126,1.4826109755491395
COHFACE_s29_session0_lamp,33,217,40.233333333333334,1.6526299715042114,1.3424292252476064
COHFACE_s29_session0_lamp,33,218,40.266666666666666,1.4999743700027466,1.0848850818175786
COHFACE_s29_session0_lamp,33,219,40.3,1.1552635431289673,0.7501788948727697
COHFACE_s29_session0_lamp,33,220,40.333333333333336,0.8205189108848572,0.3812029234555191
COHFACE_s29_session0_lamp,33,221,40.36666666666667,0.6231967806816101,0.01581902546892132
COHFACE_s29_session0_lamp,33,222,40.4,0.48784536123275757,-0.3148801234884547
COHFACE_s29_session0_lamp,33,223,40.43333333333333,0.32207638025283813,-0.5847472730218664
COHFACE_s29_session0_lamp,33,224,40.46666666666667,0.10923454165458679,-0.7716925306412178
COHFACE_s29_session0_lamp,33,225,40.5,-0.11385464668273926,-0.8605921205414213
COHFACE_s29_session0_lamp,33,226,40.53333333333333,-0.304276704788208,-0.848540615209723
COHFACE_s29_session0_lamp,33,227,40.56666666666667,-0.45484501123428345,-0.7478585742899625
COHFACE_s29_session0_lamp,33,228,40.6,-0.5738168954849243,-0.5833435224394636
COHFACE_s29_session0_lamp,33,229,40.63333333333333,-0.6566121578216553,-0.38440627544736133
COHFACE_s29_session0_lamp,33,230,40.666666666666664,-0.7235578298568726,-0.17655024452599596
COHFACE_s29_session0_lamp,33,231,40.7,-0.7904386520385742,0.02281420812150613
COHFACE_s29_session0_lamp,33,232,40.733333333333334,-0.8509547114372253,0.20252572397699822
COHFACE_s29_session0_lamp,33,233,40.766666666666666,-0.9159753322601318,0.3523822521906754
COHFACE_s29_session0_lamp,33,234,40.8,-0.9840728044509888,0.45892999015470054
COHFACE_s29_session0_lamp,33,235,40.833333333333336,-1.046849250793457,0.5057395863986108
COHFACE_s29_session0_lamp,33,236,40.86666666666667,-1.1023849248886108,0.47859984246473386
COHFACE_s29_session0_lamp,33,237,40.9,-1.1452291011810303,0.37295236300060686
COHFACE_s29_session0_lamp,33,238,40.93333333333333,-1.1724400520324707,0.19931401654225897
COHFACE_s29_session0_lamp,33,239,40.96666666666667,-1.194000005722046,-0.01659151392998419
COHFACE_s29_session0_lamp,34,0,34.0,0.26867666840553284,0.06621199710360161
COHFACE_s29_session0_lamp,34,1,34.03333333333333,0.040834225714206696,0.41954587932605625
COHFACE_s29_session0_lamp,34,2,34.06666666666667,-0.18761926889419556,0.7069430698999916
COHFACE_s29_session0_lamp,34,3,34.1,-0.3782846927642822,0.8798844851070824
COHFACE_s29_session0_lamp,34,4,34.13333333333333,-0.516669750213623,0.9159754429774576
COHFACE_s29_session0_lamp,34,5,34.166666666666664,-0.6027798652648926,0.8223945175730364
COHFACE_s29_session0_lamp,34,6,34.2,-0.6466568112373352,0.6304180363866809
COHFACE_s29_session0_lamp,34,7,34.233333333333334,-0.6756630539894104,0.38390997598532106
COHFACE_s29_session0_lamp,34,8,34.266666666666666,-0.7159385681152344,0.12663682032018667
COHFACE_s29_session0_lamp,34,9,34.3,-0.7550082802772522,-0.10747030287195454
COHFACE_s29_session0_lamp,34,10,34.333333333333336,-0.8026705384254456,-0.2991595737146767
COHFACE_s29_session0_lamp,34,11,34.36666666666667,-0.8608938455581665,-0.44389005433673373
COHFACE_s29_session0_lamp,34,12,34.4,-0.9145098924636841,-0.5481223194541999
COHFACE_s29_session0_lamp,34,13,34.43333333333333,-0.9582192301750183,-0.6233436707293434
COHFACE_s29_session0_lamp,34,14,34.46666666666667,-1.0074821710586548,-0.6797273136932405
COHFACE_s29_session0_lamp,34,15,34.5,-1.058097004890442,-0.7213203872229823
COHFACE_s29_session0_lamp,34,16,34.53333333333333,-0.962150514125824,-0.7437816671561225
COHFACE_s29_session0_lamp,34,17,34.56666666666667,-0.1871812641620636,-0.7346222530197858
COHFACE_s29_session0_lamp,34,18,34.6,1.1709671020507812,-0.6755210835977221
COHFACE_s29_session0_lamp,34,19,34.63333333333333,2.099808692932129,-0.5466783012783364
COHFACE_s29_session0_lamp,34,20,34.666666666666664,2.1937434673309326,-0.33357714822241435
COHFACE_s29_session0_lamp,34,21,34.7,1.9130746126174927,-0.03566560783973743
COHFACE_s29_session0_lamp,34,22,34.733333333333334,1.7113615274429321,0.32588301673893943
COHFACE_s29_session0_lamp,34,23,34.766666666666666,1.6669058799743652,0.706027638411395
COHFACE_s29_session0_lamp,34,24,34.8,1.6442158222198486,1.043078012303242
COHFACE_s29_session0_lamp,34,25,34.833333333333336,1.465073823928833,1.2747379242096042
COHFACE_s29_session0_lamp,34,26,34.86666666666667,1.1322652101516724,1.3568772612681022
COHFACE_s29_session0_lamp,34,27,34.9,0.8403484225273132,1.2764677011646708
COHFACE_s29_session0_lamp,34,28,34.93333333333333,0.6701128482818604,1.0533342081553199
COHFACE_s29_session0_lamp,34,29,34.96666666666667,0.5323334336280823,0.7316002076043968
COHFACE_s29_session0_lamp,34,30,35.0,0.3549814224243164,0.3663108561201603
COHFACE_s29_session0_lamp,34,31,35.03333333333333,0.14064709842205048,0.011154904484688265
COHFACE_s29_session0_lamp,34,32,35.06666666666667,-0.08164717257022858,-0.2899907812756886
COHFACE_s29_session0_lamp,34,33,35.1,-0.2698683738708496,-0.5083409471758166
COHFACE_s29_session0_lamp,34,34,35.13333333333333,-0.4201014041900635,-0.6335317271656663
COHFACE_s29_session0_lamp,34,35,35.166666666666664,-0.528074324131012,-0.6746556656672321
COHFACE_s29_session0_lamp,34,36,35.2,-0.6056783199310303,-0.6573228854795113
COHFACE_s29_session0_lamp,34,37,35.233333333333334,-0.6727861762046814,-0.6155351891040955
COHFACE_s29_session0_lamp,34,38,35.266666666666666,-0.7314204573631287,-0.5795838149469466
COHFACE_s29_session0_lamp,34,39,35.3,-0.7886379361152649,-0.5642835402053711
COHFACE_s29_session0_lamp,34,40,35.333333333333336,-0.8520686626434326,-0.563457449498309
COHFACE_s29_session0_lamp,34,41,35.36666666666667,-0.9199066162109375,-0.5545642934286868
COHFACE_s29_session0_lamp,34,42,35.4,-0.9822720885276794,-0.5118184418425347
COHFACE_s29_session0_lamp,34,43,35.43333333333333,-1.0325407981872559,-0.4208176501174537
COHFACE_s29_session0_lamp,34,44,35.46666666666667,-1.0675872564315796,-0.28656580319279285
COHFACE_s29_session0_lamp,34,45,35.5,-1.0966259241104126,-0.13060605496011643
COHFACE_s29_session0_lamp,34,46,35.53333333333333,-1.1174829006195068,0.020526499916526872
COHFACE_s29_session0_lamp,34,47,35.56666666666667,-1.1522698402404785,0.14822269091949183
COHFACE_s29_session0_lamp,34,48,35.6,-1.1540542840957642,0.2483574249550692
COHFACE_s29_session0_lamp,34,49,35.63333333333333,-0.7292736768722534,0.3282517183156993
COHFACE_s29_session0_lamp,34,50,35.666666666666664,0.47854435443878174,0.3974041691130302
COHFACE_s29_session0_lamp,34,51,35.7,1.718093991279602,0.45930536217495777
COHFACE_s29_session0_lamp,34,52,35.733333333333334,2.171145439147949,0.5099264163659528
COHFACE_s29_session0_lamp,34,53,35.766666666666666,1.9979572296142578,0.5428751699399074
COHFACE_s29_session0_lamp,34,54,35.8,1.7508151531219482,0.5560722328856551
COHFACE_s29_session0_lamp,34,55,35.833333333333336,1.6671276092529297,0.5537893919544736
COHFACE_s29_session0_lamp,34,56,35.86666666666667,1.6607846021652222,0.5418613437913457
COHFACE_s29_session0_lamp,34,57,35.9,1.5646271705627441,0.519725914968754
COHFACE_s29_session0_lamp,34,58,35.93333333333333,1.2739217281341553,0.47620824135633294
COHFACE_s29_session0_lamp,34,59,35.96666666666667,0.9340507984161377,0.39393279785865126
COHFACE_s29_session0_lamp,34,60,36.0,0.7118808627128601,0.2607894657869773
COHFACE_s29_session0_lamp,34,61,36.03333333333333,0.5713003277778625,0.08093969783059195
COHFACE_s29_session0_lamp,34,62,36.06666666666667,0.41060367226600647,-0.1227144562633352
COHFACE_s29_session0_lamp,34,63,36.1,0.20701417326927185,-0.3172661073356468
COHFACE_s29_session0_lamp,34,64,36.13333333333333,-0.005151727702468634,-0.4745468112708719
COHFACE_s29_session0_lamp,34,65,36.166666666666664,-0.20048387348651886,-0.5823131813751365
COHFACE_s29_session0_lamp,34,66,36.2,-0.3564164936542511,-0.6450947596870086
COHFACE_s29_session0_lamp,34,67,36.233333333333334,-0.47837334871292114,-0.675299257975667
COHFACE_s29_session0_lamp,34,68,36.266666666666666,-0.5669384598731995,-0.6815995963666747
COHFACE_s29_session0_lamp,34,69,36.3,-0.6373288035392761,-0.6628595532558346
COHFACE_s29_session0_lamp,34,70,36.333333333333336,-0.7002242207527161,-0.611238568900908
COHFACE_s29_session0_lamp,34,71,36.36666666666667,-0.7603617310523987,-0.5215474887141455
COHFACE_s29_session0_lamp,34,72,36.4,-0.8195908665657043,-0.40011750735720286
COHFACE_s29_session0_lamp,34,73,36.43333333333333,-0.8808477520942688,-0.26697384586836015
COHFACE_s29_session0_lamp,34,74,36.46666666666667,-0.9469174146652222,-0.14904595612632496
COHFACE_s29_session0_lamp,34,75,36.5,-1.0074821710586548,-0.06753862494181334
COHFACE_s29_session0_lamp,34,76,36.53333333333333,-1.0544036626815796,-0.02670334139772245
COHFACE_s29_session0_lamp,34,77,36.56666666666667,-1.0907965898513794,-0.0110946599881013
COHFACE_s29_session0_lamp,34,78,36.6,-1.1202623844146729,0.0066599778923526936
COHFACE_s29_session0_lamp,34,79,36.63333333333333,-1.1315155029296875,0.05193386195040755
COHFACE_s29_session0_lamp,34,80,36.666666666666664,-1.1321806907653809,0.1357308768033263
COHFACE_s29_session0_lamp,34,81,36.7,-1.1403623819351196,0.2504555363758309
COHFACE_s29_session0_lamp,34,82,36.733333333333334,-1.1619925498962402,0.37580954591834964
COHFACE_s29_session0_lamp,34,83,36.766666666666666,-1.1602351665496826,0.49097867880191437
COHFACE_s29_session0_lamp,34,84,36.8,-0.7705495953559875,0.5852844003615015
COHFACE_s29_session0_lamp,34,85,36.833333333333336,0.418195903301239,0.6604822121406725
COHFACE_s29_session0_lamp,34,86,36.86666666666667,1.7252968549728394,0.7240583940908033
COHFACE_s29_session0_lamp,34,87,36.9,2.2659833431243896,0.7793104986458576
COHFACE_s29_session0_lamp,34,88,36.93333333333333,2.1275603771209717,0.8195903830019219
COHFACE_s29_session0_lamp,34,89,36.96666666666667,1.8602643013000488,0.8304676725666224
COHFACE_s29_session0_lamp,34,90,37.0,1.7479437589645386,0.7978251246777069
COHFACE_s29_session0_lamp,34,91,37.03333333333333,1.7406651973724365,0.7160446605596235
COHFACE_s29_session0_lamp,34,92,37.06666666666667,1.652711033821106,0.5909642986805639
COHFACE_s29_session0_lamp,34,93,37.1,1.3711066246032715,0.4362657350546055
COHFACE_s29_session0_lamp,34,94,37.13333333333333,1.0406934022903442,0.2663728844945153
COHFACE_s29_session0_lamp,34,95,37.166666666666664,0.8165172934532166,0.09071421234723581
COHFACE_s29_session0_lamp,34,96,37.2,0.66639244556427,-0.0877307978303339
COHFACE_s29_session0_lamp,34,97,37.233333333333334,0.4918631911277771,-0.2700290474653739
COHFACE_s29_session0_lamp,34,98,37.266666666666666,0.2753063440322876,-0.4573567574529891
COHFACE_s29_session0_lamp,34,99,37.3,0.04655542969703674,-0.6477499475568184
COHFACE_s29_session0_lamp,34,100,37.333333333333336,-0.15600663423538208,-0.8346124310670903
COHFACE_s29_session0_lamp,34,101,37.36666666666667,-0.31275036931037903,-1.0068464502752716
COHFACE_s29_session0_lamp,34,102,37.4,-0.4388278126716614,-1.1499594083182023
COHFACE_s29_session0_lamp,34,103,37.43333333333333,-0.5299885869026184,-1.2480066481410177
COHFACE_s29_session0_lamp,34,104,37.46666666666667,-0.5822635293006897,-1.2870901095602016
COHFACE_s29_session0_lamp,34,105,37.5,-0.6389834880828857,-1.260539418515402
COHFACE_s29_session0_lamp,34,106,37.53333333333333,-0.7091683149337769,-1.1733746483834637
COHFACE_s29_session0_lamp,34,107,37.56666666666667,-0.770414412021637,-1.0419507032534625
COHFACE_s29_session0_lamp,34,108,37.6,-0.8278481960296631,-0.886613475887768
COHFACE_s29_session0_lamp,34,109,37.63333333333333,-0.8945775628089905,-0.7202774495797903
COHFACE_s29_session0_lamp,34,110,37.666666666666664,-0.9583003520965576,-0.5405702883365762
COHFACE_s29_session0_lamp,34,111,37.7,-1.0094612836837769,-0.3326085652326828
COHFACE_s29_session0_lamp,34,112,37.733333333333334,-1.0457515716552734,-0.08215126889929694
COHFACE_s29_session0_lamp,34,113,37.766666666666666,-1.0690040588378906,0.2093061506289896
COHFACE_s29_session0_lamp,34,114,37.8,-1.0832421779632568,0.5180223257928002
COHFACE_s29_session0_lamp,34,115,37.833333333333336,-1.0819714069366455,0.8052345651044309
COHFACE_s29_session0_lamp,34,116,37.86666666666667,-1.0791000127792358,1.034094687684651
COHFACE_s29_session0_lamp,34,117,37.9,-1.099627137184143,1.1856138698031407
COHFACE_s29_session0_lamp,34,118,37.93333333333333,-1.1125620603561401,1.2635406873295971
COHFACE_s29_session0_lamp,34,119,37.96666666666667,-0.8115984797477722,1.2857734066364637
COHFACE_s29_session0_lamp,34,120,38.0,0.24864162504673004,1.2696078245448044
COHFACE_s29_session0_lamp,34,121,38.03333333333333,1.5364429950714111,1.2221000105694868
COHFACE_s29_session0_lamp,34,122,38.06666666666667,2.1492176055908203,1.1413512174753127
COHFACE_s29_session0_lamp,34,123,38.1,2.0208420753479004,1.025118630746042
COHFACE_s29_session0_lamp,34,124,38.13333333333333,1.6752498149871826,0.8780180589068047
COHFACE_s29_session0_lamp,34,125,38.166666666666664,1.4699406623840332,0.7110336777203118
COHFACE_s29_session0_lamp,34,126,38.2,1.4328176975250244,0.5346322910094107
COHFACE_s29_session0_lamp,34,127,38.233333333333334,1.3660072088241577,0.3526114294481493
COHFACE_s29_session0_lamp,34,128,38.266666666666666,1.1395113468170166,0.1626546934959142
COHFACE_s29_session0_lamp,34,129,38.3,0.9215592741966248,-0.03677617153584371
COHFACE_s29_session0_lamp,34,130,38.333333333333336,0.8079192638397217,-0.23940314722892359
COHFACE_s29_session0_lamp,34,131,38.36666666666667,0.6949822306632996,-0.4304485738953024
COHFACE_s29_session0_lamp,34,132,38.4,0.5236002206802368,-0.5930453011077492
COHFACE_s29_session0_lamp,34,133,38.43333333333333,0.3047289252281189,-0.7164559721107346
COHFACE_s29_session0_lamp,34,134,38.46666666666667,0.07095437496900558,-0.8001937404952291
COHFACE_s29_session0_lamp,34,135,38.5,-0.13859426975250244,-0.8520103282520497
COHFACE_s29_session0_lamp,34,136,38.53333333333333,-0.30444976687431335,-0.8819753701175167
COHFACE_s29_session0_lamp,34,137,38.56666666666667,-0.41815468668937683,-0.8967566094623884
COHFACE_s29_session0_lamp,34,138,38.6,-0.4918760359287262,-0.8971117265846541
COHFACE_s29_session0_lamp,34,139,38.63333333333333,-0.5469574928283691,-0.8789589114059824
COHFACE_s29_session0_lamp,34,140,38.666666666666664,-0.591586172580719,-0.8363017390434981
COHFACE_s29_session0_lamp,34,141,38.7,-0.6397135257720947,-0.7639297013996206
COHFACE_s29_session0_lamp,34,142,38.733333333333334,-0.6976934671401978,-0.6590357578194705
COHFACE_s29_session0_lamp,34,143,38.766666666666666,-0.7583825588226318,-0.5222663865443768
COHFACE_s29_session0_lamp,34,144,38.8,-0.8219268918037415,-0.35888811125490533
COHFACE_s29_session0_lamp,34,145,38.833333333333336,-0.883567750453949,-0.17968324841313427
COHFACE_s29_session0_lamp,34,146,38.86666666666667,-0.9430185556411743,-1.2457445508316442e-05
COHFACE_s29_session0_lamp,34,147,38.9,-1.0092341899871826,0.1641371719620241
COHFACE_s29_session0_lamp,34,148,38.93333333333333,-1.0378402471542358,0.30192257505074627
COHFACE_s29_session0_lamp,34,149,38.96666666666667,-0.6446992754936218,0.411710692710245
COHFACE_s29_session0_lamp,34,150,39.0,0.5287265777587891,0.5000739555065503
COHFACE_s29_session0_lamp,34,151,39.03333333333333,1.7515614032745361,0.5754975374758577
COHFACE_s29_session0_lamp,34,152,39.06666666666667,2.1872706413269043,0.6408496711200106
COHFACE_s29_session0_lamp,34,153,39.1,1.9715899229049683,0.6902936560443202
COHFACE_s29_session0_lamp,34,154,39.13333333333333,1.666430115699768,0.7131775404335574
COHFACE_s29_session0_lamp,34,155,39.166666666666664,1.528369426727295,0.7019811157412468
COHFACE_s29_session0_lamp,34,156,39.2,1.4995092153549194,0.6580423150738187
COHFACE_s29_session0_lamp,34,157,39.233333333333334,1.387329339981079,0.5904794747030052
COHFACE_s29_session0_lamp,34,158,39.266666666666666,1.0974349975585938,0.5096104135687684
COHFACE_s29_session0_lamp,34,159,39.3,0.8011706471443176,0.42068503777462424
COHFACE_s29_session0_lamp,34,160,39.333333333333336,0.6223315596580505,0.32255196975406053
COHFACE_s29_session0_lamp,34,161,39.36666666666667,0.4959729313850403,0.21125908051383163
COHFACE_s29_session0_lamp,34,162,39.4,0.3380936086177826,0.08519206239169269
COHFACE_s29_session0_lamp,34,163,39.43333333333333,0.12859363853931427,-0.05195178687414939
COHFACE_s29_session0_lamp,34,164,39.46666666666667,-0.10337477922439575,-0.19192593932452398
COHFACE_s29_session0_lamp,34,165,39.5,-0.30552586913108826,-0.3253288156271621
COHFACE_s29_session0_lamp,34,166,39.53333333333333,-0.4674068093299866,-0.4451119194382783
COHFACE_s29_session0_lamp,34,167,39.56666666666667,-0.5838046669960022,-0.5480301134232841
COHFACE_s29_session0_lamp,34,168,39.6,-0.6603163480758667,-0.6333976865705506
COHFACE_s29_session0_lamp,34,169,39.63333333333333,-0.7191452980041504,-0.7002161340675512
COHFACE_s29_session0_lamp,34,170,39.666666666666664,-0.7710903882980347,-0.7446502289578194
COHFACE_s29_session0_lamp,34,171,39.7,-0.8204830884933472,-0.7595163908637351
COHFACE_s29_session0_lamp,34,172,39.733333333333334,-0.8754726648330688,-0.7361720711636356
COHFACE_s29_session0_lamp,34,173,39.766666666666666,-0.9416666626930237,-0.6678429635938545
COHFACE_s29_session0_lamp,34,174,39.8,-1.0009119510650635,-0.552785624558746
COHFACE_s29_session0_lamp,34,175,39.833333333333336,-1.0483633279800415,-0.39578758927073665
COHFACE_s29_session0_lamp,34,176,39.86666666666667,-1.0853078365325928,-0.2071209435157285
COHFACE_s29_session0_lamp,34,177,39.9,-1.1221117973327637,0.0007618110735474505
COHFACE_s29_session0_lamp,34,178,39.93333333333333,-1.1688764095306396,0.21699091999134065
COHFACE_s29_session0_lamp,34,179,39.96666666666667,-1.148414134979248,0.4338233538570211
COHFACE_s29_session0_lamp,34,180,40.0,-0.6071059107780457,0.6441395721271511
COHFACE_s29_session0_lamp,34,181,40.03333333333333,0.7185375690460205,0.8361201026622699
COHFACE_s29_session0_lamp,34,182,40.06666666666667,1.914934754371643,0.9899709873889849
COHFACE_s29_session0_lamp,34,183,40.1,2.2306501865386963,1.0814904428349543
COHFACE_s29_session0_lamp,34,184,40.13333333333333,1.977997899055481,1.091758942396351
COHFACE_s29_session0_lamp,34,185,40.166666666666664,1.7311803102493286,1.0164776423422044
COHFACE_s29_session0_lamp,34,186,40.2,1.6660839319229126,0.8682517106426467
COHFACE_s29_session0_lamp,34,187,40.233333333333334,1.6526299715042114,0.670179078790273
COHFACE_s29_session0_lamp,34,188,40.266666666666666,1.4999743700027466,0.4452624723401258
COHFACE_s29_session0_lamp,34,189,40.3,1.1552635431289673,0.20882680214801255
COHFACE_s29_session0_lamp,34,190,40.333333333333336,0.8205189108848572,-0.031663569042979234
COHFACE_s29_session0_lamp,34,191,40.36666666666667,0.6231967806816101,-0.270560645680026
COHFACE_s29_session0_lamp,34,192,40.4,0.48784536123275757,-0.4970259063737146
COHFACE_s29_session0_lamp,34,193,40.43333333333333,0.32207638025283813,-0.6926785821431921
COHFACE_s29_session0_lamp,34,194,40.46666666666667,0.10923454165458679,-0.836274915458647
COHFACE_s29_session0_lamp,34,195,40.5,-0.11385464668273926,-0.9130442012285316
COHFACE_s29_session0_lamp,34,196,40.53333333333333,-0.304276704788208,-0.9228620760800792
COHFACE_s29_session0_lamp,34,197,40.56666666666667,-0.45484501123428345,-0.8813987061806076
COHFACE_s29_session0_lamp,34,198,40.6,-0.5738168954849243,-0.812155744146458
COHFACE_s29_session0_lamp,34,199,40.63333333333333,-0.6566121578216553,-0.7331837899219089
COHFACE_s29_session0_lamp,34,200,40.666666666666664,-0.7235578298568726,-0.646816044092774
COHFACE_s29_session0_lamp,34,201,40.7,-0.7904386520385742,-0.5399111750860309
COHFACE_s29_session0_lamp,34,202,40.733333333333334,-0.8509547114372253,-0.3951348781917687
COHFACE_s29_session0_lamp,34,203,40.766666666666666,-0.9159753322601318,-0.2060791360744148
COHFACE_s29_session0_lamp,34,204,40.8,-0.9840728044509888,0.013439058646150203
COHFACE_s29_session0_lamp,34,205,40.833333333333336,-1.046849250793457,0.23170000530305063
COHFACE_s29_session0_lamp,34,206,40.86666666666667,-1.1023849248886108,0.41161733990417915
COHFACE_s29_session0_lamp,34,207,40.9,-1.1452291011810303,0.5260738166223621
COHFACE_s29_session0_lamp,34,208,40.93333333333333,-1.1724400520324707,0.5674504849407794
COHFACE_s29_session0_lamp,34,209,40.96666666666667,-1.194000005722046,0.5468834725536077
COHFACE_s29_session0_lamp,34,210,41.0,-1.2188639640808105,0.48554889437124743
COHFACE_s29_session0_lamp,34,211,41.03333333333333,-1.2555758953094482,0.40472528045105766
COHFACE_s29_session0_lamp,34,212,41.06666666666667,-1.205501914024353,0.3203392060384851
COHFACE_s29_session0_lamp,34,213,41.1,-0.5948577523231506,0.2430720366613996
COHFACE_s29_session0_lamp,34,214,41.13333333333333,0.6710753440856934,0.1809962433181594
COHFACE_s29_session0_lamp,34,215,41.166666666666664,1.68732488155365,0.14075783596100047
COHFACE_s29_session0_lamp,34,216,41.2,1.9082401990890503,0.1257102170813689
COHFACE_s29_session0_lamp,34,217,41.233333333333334,1.694311499595642,0.13283212262878558
COHFACE_s29_session0_lamp,34,218,41.266666666666666,1.508507490158081,0.1518793106605229
COHFACE_s29_session0_lamp,34,219,41.3,1.4764893054962158,0.16874479073263624
COHFACE_s29_session0_lamp,34,220,41.333333333333336,1.4712926149368286,0.17147245309990994
COHFACE_s29_session0_lamp,34,221,41.36666666666667,1.307746171951294,0.15499488509643297
COHFACE_s29_session0_lamp,34,222,41.4,0.9709411859512329,0.12174781466459975
COHFACE_s29_session0_lamp,34,223,41.43333333333333,0.6590273380279541,0.0785107610080635
COHFACE_s29_session0_lamp,34,224,41.46666666666667,0.4720768928527832,0.03227913553869957
COHFACE_s29_session0_lamp,34,225,41.5,0.32488831877708435,-0.011990463329407206
COHFACE_s29_session0_lamp,34,226,41.53333333333333,0.14505426585674286,-0.05110544845204048
COHFACE_s29_session0_lamp,34,227,41.56666666666667,-0.06411584466695786,-0.08254812914435608
COHFACE_s29_session0_lamp,34,228,41.6,-0.27330759167671204,-0.10477050646814275
COHFACE_s29_session0_lamp,34,229,41.63333333333333,-0.448496550321579,-0.11935032758072468
COHFACE_s29_session0_lamp,34,230,41.666666666666664,-0.5878008604049683,-0.132950812284358
COHFACE_s29_session0_lamp,34,231,41.7,-0.7011164426803589,-0.15605150362774203
COHFACE_s29_session0_lamp,34,232,41.733333333333334,-0.7851879000663757,-0.19737107736364162
COHFACE_s29_session0_lamp,34,233,41.766666666666666,-0.8558323383331299,-0.25652072170237283
COHFACE_s29_session0_lamp,34,234,41.8,-0.9247139692306519,-0.3199407084638351
COHFACE_s29_session0_lamp,34,235,41.833333333333336,-0.9955044388771057,-0.3640603937056609
COHFACE_s29_session0_lamp,34,236,41.86666666666667,-1.0661813020706177,-0.36491556663860514
COHFACE_s29_session0_lamp,34,237,41.9,-1.1358362436294556,-0.30909602594380836
COHFACE_s29_session0_lamp,34,238,41.93333333333333,-1.2028791904449463,-0.20049910777865904
COHFACE_s29_session0_lamp,34,239,41.96666666666667,-1.260031819343567,-0.06013244141716884
COHFACE_s29_session0_lamp,35,0,35.0,0.3549814224243164,-0.17648191938026847
COHFACE_s29_session0_lamp,35,1,35.03333333333333,0.14064709842205048,-0.18973048615366883
COHFACE_s29_session0_lamp,35,2,35.06666666666667,-0.08164717257022858,-0.20303473512651773
COHFACE_s29_session0_lamp,35,3,35.1,-0.2698683738708496,-0.21690647047051168
COHFACE_s29_session0_lamp,35,4,35.13333333333333,-0.4201014041900635,-0.22831013870419367
COHFACE_s29_session0_lamp,35,5,35.166666666666664,-0.528074324131012,-0.23146464993070828
COHFACE_s29_session0_lamp,35,6,35.2,-0.6056783199310303,-0.22032838111533692
COHFACE_s29_session0_lamp,35,7,35.233333333333334,-0.6727861762046814,-0.19121381241219648
COHFACE_s29_session0_lamp,35,8,35.266666666666666,-0.7314204573631287,-0.1439322243468707
COHFACE_s29_session0_lamp,35,9,35.3,-0.7886379361152649,-0.08080508764092405
COHFACE_s29_session0_lamp,35,10,35.333333333333336,-0.8520686626434326,-0.0039557268774055255
COHFACE_s29_session0_lamp,35,11,35.36666666666667,-0.9199066162109375,0.08746438475206961
COHFACE_s29_session0_lamp,35,12,35.4,-0.9822720885276794,0.19745500995596327
COHFACE_s29_session0_lamp,35,13,35.43333333333333,-1.0325407981872559,0.32922237962607276
COHFACE_s29_session0_lamp,35,14,35.46666666666667,-1.0675872564315796,0.4792288826700428
COHFACE_s29_session0_lamp,35,15,35.5,-1.0966259241104126,0.6339450598398713
COHFACE_s29_session0_lamp,35,16,35.53333333333333,-1.1174829006195068,0.7723943770165985
COHFACE_s29_session0_lamp,35,17,35.56666666666667,-1.1522698402404785,0.8733227086909556
COHFACE_s29_session0_lamp,35,18,35.6,-1.1540542840957642,0.9225940195625806
COHFACE_s29_session0_lamp,35,19,35.63333333333333,-0.7292736768722534,0.9165460682809462
COHFACE_s29_session0_lamp,35,20,35.666666666666664,0.47854435443878174,0.8603267913494657
COHFACE_s29_session0_lamp,35,21,35.7,1.718093991279602,0.7636948401862044
COHFACE_s29_session0_lamp,35,22,35.733333333333334,2.171145439147949,0.6375567275067667
COHFACE_s29_session0_lamp,35,23,35.766666666666666,1.9979572296142578,0.4927146243147387
COHFACE_s29_session0_lamp,35,24,35.8,1.7508151531219482,0.33985575455835904
COHFACE_s29_session0_lamp,35,25,35.833333333333336,1.6671276092529297,0.1887431655778493
COHFACE_s29_session0_lamp,35,26,35.86666666666667,1.6607846021652222,0.045703965520566346
COHFACE_s29_session0_lamp,35,27,35.9,1.5646271705627441,-0.08926448867390598
COHFACE_s29_session0_lamp,35,28,35.93333333333333,1.2739217281341553,-0.22309293179748327
COHFACE_s29_session0_lamp,35,29,35.96666666666667,0.9340507984161377,-0.3661208987782306
COHFACE_s29_session0_lamp,35,30,36.0,0.7118808627128601,-0.525462685506755
COHFACE_s29_session0_lamp,35,31,36.03333333333333,0.5713003277778625,-0.6988500237993651
COHFACE_s29_session0_lamp,35,32,36.06666666666667,0.41060367226600647,-0.8727244034390703
COHFACE_s29_session0_lamp,35,33,36.1,0.20701417326927185,-1.0260008806654188
COHFACE_s29_session0_lamp,35,34,36.13333333333333,-0.005151727702468634,-1.1375797717538778
COHFACE_s29_session0_lamp,35,35,36.166666666666664,-0.20048387348651886,-1.1935597595668601
COHFACE_s29_session0_lamp,35,36,36.2,-0.3564164936542511,-1.1906240356209776
COHFACE_s29_session0_lamp,35,37,36.233333333333334,-0.47837334871292114,-1.1346610463538924
COHFACE_s29_session0_lamp,35,38,36.266666666666666,-0.5669384598731995,-1.0365030254200056
COHFACE_s29_session0_lamp,35,39,36.3,-0.6373288035392761,-0.9077675653331972
COHFACE_s29_session0_lamp,35,40,36.333333333333336,-0.7002242207527161,-0.7585486590336061
COHFACE_s29_session0_lamp,35,41,36.36666666666667,-0.7603617310523987,-0.5967537615357892
COHFACE_s29_session0_lamp,35,42,36.4,-0.8195908665657043,-0.4280753334499154
COHFACE_s29_session0_lamp,35,43,36.43333333333333,-0.8808477520942688,-0.2559301501172842
COHFACE_s29_session0_lamp,35,44,36.46666666666667,-0.9469174146652222,-0.08131892863845108
COHFACE_s29_session0_lamp,35,45,36.5,-1.0074821710586548,0.09701456421806548
COHFACE_s29_session0_lamp,35,46,36.53333333333333,-1.0544036626815796,0.2816365689508329
COHFACE_s29_session0_lamp,35,47,36.56666666666667,-1.0907965898513794,0.4744216085050201
COHFACE_s29_session0_lamp,35,48,36.6,-1.1202623844146729,0.6737301233278777
COHFACE_s29_session0_lamp,35,49,36.63333333333333,-1.1315155029296875,0.8717108499976847
COHFACE_s29_session0_lamp,35,50,36.666666666666664,-1.1321806907653809,1.0532984395385259
COHFACE_s29_session0_lamp,35,51,36.7,-1.1403623819351196,1.1983847055614203
COHFACE_s29_session0_lamp,35,52,36.733333333333334,-1.1619925498962402,1.2874158489649015
COHFACE_s29_session0_lamp,35,53,36.766666666666666,-1.1602351665496826,1.308622286028714
COHFACE_s29_session0_lamp,35,54,36.8,-0.7705495953559875,1.2633481522382857
COHFACE_s29_session0_lamp,35,55,36.833333333333336,0.418195903301239,1.1661868555816923
COHFACE_s29_session0_lamp,35,56,36.86666666666667,1.7252968549728394,1.0393559501221221
COHFACE_s29_session0_lamp,35,57,36.9,2.2659833431243896,0.903989582966044
COHFACE_s29_session0_lamp,35,58,36.93333333333333,2.1275603771209717,0.7724565183901106
COHFACE_s29_session0_lamp,35,59,36.96666666666667,1.8602643013000488,0.6449807007907102
COHFACE_s29_session0_lamp,35,60,37.0,1.7479437589645386,0.5116344167321649
COHFACE_s29_session0_lamp,35,61,37.03333333333333,1.7406651973724365,0.3583966205043511
COHFACE_s29_session0_lamp,35,62,37.06666666666667,1.652711033821106,0.17444325251667273
COHFACE_s29_session0_lamp,35,63,37.1,1.3711066246032715,-0.0423814891418068
COHFACE_s29_session0_lamp,35,64,37.13333333333333,1.0406934022903442,-0.28394349663909735
COHFACE_s29_session0_lamp,35,65,37.166666666666664,0.8165172934532166,-0.5342425695474591
COHFACE_s29_session0_lamp,35,66,37.2,0.66639244556427,-0.7742301021313293
COHFACE_s29_session0_lamp,35,67,37.233333333333334,0.4918631911277771,-0.9866044508563965
COHFACE_s29_session0_lamp,35,68,37.266666666666666,0.2753063440322876,-1.1589142479950771
COHFACE_s29_session0_lamp,35,69,37.3,0.04655542969703674,-1.2845915701639086
COHFACE_s29_session0_lamp,35,70,37.333333333333336,-0.15600663423538208,-1.3622609560781673
COHFACE_s29_session0_lamp,35,71,37.36666666666667,-0.31275036931037903,-1.3938279158242446
COHFACE_s29_session0_lamp,35,72,37.4,-0.4388278126716614,-1.381974564664353
COHFACE_s29_session0_lamp,35,73,37.43333333333333,-0.5299885869026184,-1.328040145113834
COHFACE_s29_session0_lamp,35,74,37.46666666666667,-0.5822635293006897,-1.2315426611909501
COHFACE_s29_session0_lamp,35,75,37.5,-0.6389834880828857,-1.091939796944947
COHFACE_s29_session0_lamp,35,76,37.53333333333333,-0.7091683149337769,-0.9114865702740664
COHFACE_s29_session0_lamp,35,77,37.56666666666667,-0.770414412021637,-0.6968034273774966
COHFACE_s29_session0_lamp,35,78,37.6,-0.8278481960296631,-0.4575087983495668
COHFACE_s29_session0_lamp,35,79,37.63333333333333,-0.8945775628089905,-0.20256346182568105
COHFACE_s29_session0_lamp,35,80,37.666666666666664,-0.9583003520965576,0.06288349053518126
COHFACE_s29_session0_lamp,35,81,37.7,-1.0094612836837769,0.3371898860801819
COHFACE_s29_session0_lamp,35,82,37.733333333333334,-1.0457515716552734,0.6178628582740986
COHFACE_s29_session0_lamp,35,83,37.766666666666666,-1.0690040588378906,0.8958026558126386
COHFACE_s29_session0_lamp,35,84,37.8,-1.0832421779632568,1.1524818756246105
COHFACE_s29_session0_lamp,35,85,37.833333333333336,-1.0819714069366455,1.3629707893256011
COHFACE_s29_session0_lamp,35,86,37.86666666666667,-1.0791000127792358,1.5037603467329825
COHFACE_s29_session0_lamp,35,87,37.9,-1.099627137184143,1.5609164494986074
COHFACE_s29_session0_lamp,35,88,37.93333333333333,-1.1125620603561401,1.5339902833091918
COHFACE_s29_session0_lamp,35,89,37.96666666666667,-0.8115984797477722,1.4340535113161998
COHFACE_s29_session0_lamp,35,90,38.0,0.24864162504673004,1.2779226229992966
COHFACE_s29_session0_lamp,35,91,38.03333333333333,1.5364429950714111,1.0824649768765169
COHFACE_s29_session0_lamp,35,92,38.06666666666667,2.1492176055908203,0.8617040522599196
COHFACE_s29_session0_lamp,35,93,38.1,2.0208420753479004,0.6268255057787249
COHFACE_s29_session0_lamp,35,94,38.13333333333333,1.6752498149871826,0.3874244497307857
COHFACE_s29_session0_lamp,35,95,38.166666666666664,1.4699406623840332,0.152264370988181
COHFACE_s29_session0_lamp,35,96,38.2,1.4328176975250244,-0.07104459853963163
COHFACE_s29_session0_lamp,35,97,38.233333333333334,1.3660072088241577,-0.27684233996353347
COHFACE_s29_session0_lamp,35,98,38.266666666666666,1.1395113468170166,-0.46176553289453987
COHFACE_s29_session0_lamp,35,99,38.3,0.9215592741966248,-0.6242611139316147
COHFACE_s29_session0_lamp,35,100,38.333333333333336,0.8079192638397217,-0.7636532627430366
COHFACE_s29_session0_lamp,35,101,38.36666666666667,0.6949822306632996,-0.8794828892280386
COHFACE_s29_session0_lamp,35,102,38.4,0.5236002206802368,-0.9714747284079214
COHFACE_s29_session0_lamp,35,103,38.43333333333333,0.3047289252281189,-1.0398539655944106
COHFACE_s29_session0_lamp,35,104,38.46666666666667,0.07095437496900558,-1.085431822136193
COHFACE_s29_session0_lamp,35,105,38.5,-0.13859426975250244,-1.109107624156595
COHFACE_s29_session0_lamp,35,106,38.53333333333333,-0.30444976687431335,-1.1109821977915413
COHFACE_s29_session0_lamp,35,107,38.56666666666667,-0.41815468668937683,-1.0896711261711154
COHFACE_s29_session0_lamp,35,108,38.6,-0.4918760359287262,-1.0423034439998362
COHFACE_s29_session0_lamp,35,109,38.63333333333333,-0.5469574928283691,-0.9652179095822598
COHFACE_s29_session0_lamp,35,110,38.666666666666664,-0.591586172580719,-0.8549345524232738
COHFACE_s29_session0_lamp,35,111,38.7,-0.6397135257720947,-0.7089808128698479
COHFACE_s29_session0_lamp,35,112,38.733333333333334,-0.6976934671401978,-0.5265962497102886
COHFACE_s29_session0_lamp,35,113,38.766666666666666,-0.7583825588226318,-0.3096264860071854
COHFACE_s29_session0_lamp,35,114,38.8,-0.8219268918037415,-0.06358665254587287
COHFACE_s29_session0_lamp,35,115,38.833333333333336,-0.883567750453949,0.20169948535103582
COHFACE_s29_session0_lamp,35,116,38.86666666666667,-0.9430185556411743,0.47262778468201533
COHFACE_s29_session0_lamp,35,117,38.9,-1.0092341899871826,0.7336825625890988
COHFACE_s29_session0_lamp,35,118,38.93333333333333,-1.0378402471542358,0.9698407881718313
COHFACE_s29_session0_lamp,35,119,38.96666666666667,-0.6446992754936218,1.1682223592113197
COHFACE_s29_session0_lamp,35,120,39.0,0.5287265777587891,1.3183226190784665
COHFACE_s29_session0_lamp,35,121,39.03333333333333,1.7515614032745361,1.4114428604271527
COHFACE_s29_session0_lamp,35,122,39.06666666666667,2.1872706413269043,1.4407766140033915
COHFACE_s29_session0_lamp,35,123,39.1,1.9715899229049683,1.4029864971534818
COHFACE_s29_session0_lamp,35,124,39.13333333333333,1.666430115699768,1.300228643682668
COHFACE_s29_session0_lamp,35,125,39.166666666666664,1.528369426727295,1.1405721153610795
COHFACE_s29_session0_lamp,35,126,39.2,1.4995092153549194,0.9360756824607462
COHFACE_s29_session0_lamp,35,127,39.233333333333334,1.387329339981079,0.6998940753616412
COHFACE_s29_session0_lamp,35,128,39.266666666666666,1.0974349975585938,0.44444254675471634
COHFACE_s29_session0_lamp,35,129,39.3,0.8011706471443176,0.18145080762822088
COHFACE_s29_session0_lamp,35,130,39.333333333333336,0.6223315596580505,-0.07714478761025495
COHFACE_s29_session0_lamp,35,131,39.36666666666667,0.4959729313850403,-0.31925397069789824
COHFACE_s29_session0_lamp,35,132,39.4,0.3380936086177826,-0.5341995872705252
COHFACE_s29_session0_lamp,35,133,39.43333333333333,0.12859363853931427,-0.7147273389508647
COHFACE_s29_session0_lamp,35,134,39.46666666666667,-0.10337477922439575,-0.8580731571149742
COHFACE_s29_session0_lamp,35,135,39.5,-0.30552586913108826,-0.9655506956395694
COHFACE_s29_session0_lamp,35,136,39.53333333333333,-0.4674068093299866,-1.041052842051034
COHFACE_s29_session0_lamp,35,137,39.56666666666667,-0.5838046669960022,-1.0892554074933694
COHFACE_s29_session0_lamp,35,138,39.6,-0.6603163480758667,-1.114115854611148
COHFACE_s29_session0_lamp,35,139,39.63333333333333,-0.7191452980041504,-1.1178594023218975
COHFACE_s29_session0_lamp,35,140,39.666666666666664,-0.7710903882980347,-1.1004452036786883
COHFACE_s29_session0_lamp,35,141,39.7,-0.8204830884933472,-1.0595321032118126
COHFACE_s29_session0_lamp,35,142,39.733333333333334,-0.8754726648330688,-0.9910251578831526
COHFACE_s29_session0_lamp,35,143,39.766666666666666,-0.9416666626930237,-0.8902273208222062
COHFACE_s29_session0_lamp,35,144,39.8,-1.0009119510650635,-0.7534109022770676
COHFACE_s29_session0_lamp,35,145,39.833333333333336,-1.0483633279800415,-0.5793750396016657
COHFACE_s29_session0_lamp,35,146,39.86666666666667,-1.0853078365325928,-0.3704415327902416
COHFACE_s29_session0_lamp,35,147,39.9,-1.1221117973327637,-0.13247536778048224
COHFACE_s29_session0_lamp,35,148,39.93333333333333,-1.1688764095306396,0.1260712132705739
COHFACE_s29_session0_lamp,35,149,39.96666666666667,-1.148414134979248,0.3954604723280881
COHFACE_s29_session0_lamp,35,150,40.0,-0.6071059107780457,0.6652137827282024
COHFACE_s29_session0_lamp,35,151,40.03333333333333,0.7185375690460205,0.9232637951749908
COHFACE_s29_session0_lamp,35,152,40.06666666666667,1.914934754371643,1.1545723083520927
COHFACE_s29_session0_lamp,35,153,40.1,2.2306501865386963,1.34115143730005
COHFACE_s29_session0_lamp,35,154,40.13333333333333,1.977997899055481,1.4647642792614488
COHFACE_s29_session0_lamp,35,155,40.166666666666664,1.7311803102493286,1.5115898528917149
COHFACE_s29_session0_lamp,35,156,40.2,1.6660839319229126,1.4763553181677114
COHFACE_s29_session0_lamp,35,157,40.233333333333334,1.6526299715042114,1.3634699374630177
COHFACE_s29_session0_lamp,35,158,40.266666666666666,1.4999743700027466,1.1848018809308898
COHFACE_s29_session0_lamp,35,159,40.3,1.1552635431289673,0.9559482359018523
COHFACE_s29_session0_lamp,35,160,40.333333333333336,0.8205189108848572,0.693210937475739
COHFACE_s29_session0_lamp,35,161,40.36666666666667,0.6231967806816101,0.4123132701914006
COHFACE_s29_session0_lamp,35,162,40.4,0.48784536123275757,0.1285125446991833
COHFACE_s29_session0_lamp,35,163,40.43333333333333,0.32207638025283813,-0.1430446009717749
COHFACE_s29_session0_lamp,35,164,40.46666666666667,0.10923454165458679,-0.3878797775339239
COHFACE_s29_session0_lamp,35,165,40.5,-0.11385464668273926,-0.594041585800271
COHFACE_s29_session0_lamp,35,166,40.53333333333333,-0.304276704788208,-0.7545334219332694
COHFACE_s29_session0_lamp,35,167,40.56666666666667,-0.45484501123428345,-0.8688848576768102
COHFACE_s29_session0_lamp,35,168,40.6,-0.5738168954849243,-0.942731492811616
COHFACE_s29_session0_lamp,35,169,40.63333333333333,-0.6566121578216553,-0.9853588488861095
COHFACE_s29_session0_lamp,35,170,40.666666666666664,-0.7235578298568726,-1.0063407570821905
COHFACE_s29_session0_lamp,35,171,40.7,-0.7904386520385742,-1.0128156097664274
COHFACE_s29_session0_lamp,35,172,40.733333333333334,-0.8509547114372253,-1.008286710557413
COHFACE_s29_session0_lamp,35,173,40.766666666666666,-0.9159753322601318,-0.9928028166659961
COHFACE_s29_session0_lamp,35,174,40.8,-0.9840728044509888,-0.9638295367100985
COHFACE_s29_session0_lamp,35,175,40.833333333333336,-1.046849250793457,-0.9171933074000966
COHFACE_s29_session0_lamp,35,176,40.86666666666667,-1.1023849248886108,-0.8478754277260638
COHFACE_s29_session0_lamp,35,177,40.9,-1.1452291011810303,-0.750899168475421
COHFACE_s29_session0_lamp,35,178,40.93333333333333,-1.1724400520324707,-0.6227714616057086
COHFACE_s29_session0_lamp,35,179,40.96666666666667,-1.194000005722046,-0.463458967006101
COHFACE_s29_session0_lamp,35,180,41.0,-1.2188639640808105,-0.2778309184155439
COHFACE_s29_session0_lamp,35,181,41.03333333333333,-1.2555758953094482,-0.07509649176449154
COHFACE_s29_session0_lamp,35,182,41.06666666666667,-1.205501914024353,0.13413960247543263
COHFACE_s29_session0_lamp,35,183,41.1,-0.5948577523231506,0.3417856295347485
COHFACE_s29_session0_lamp,35,184,41.13333333333333,0.6710753440856934,0.5446750803989048
COHFACE_s29_session0_lamp,35,185,41.166666666666664,1.68732488155365,0.7435438180020428
COHFACE_s29_session0_lamp,35,186,41.2,1.9082401990890503,0.9385861029107269
COHFACE_s29_session0_lamp,35,187,41.233333333333334,1.694311499595642,1.1239284314146567
COHFACE_s29_session0_lamp,35,188,41.266666666666666,1.508507490158081,1.284607893943346
COHFACE_s29_session0_lamp,35,189,41.3,1.4764893054962158,1.398677805294917
COHFACE_s29_session0_lamp,35,190,41.333333333333336,1.4712926149368286,1.444071328920542
COHFACE_s29_session0_lamp,35,191,41.36666666666667,1.307746171951294,1.4068844452421145
COHFACE_s29_session0_lamp,35,192,41.4,0.9709411859512329,1.2869147582600686
COHFACE_s29_session0_lamp,35,193,41.43333333333333,0.6590273380279541,1.0979670140460753
COHFACE_s29_session0_lamp,35,194,41.46666666666667,0.4720768928527832,0.8633979779217371
COHFACE_s29_session0_lamp,35,195,41.5,0.32488831877708435,0.6095979382099939
COHFACE_s29_session0_lamp,35,196,41.53333333333333,0.14505426585674286,0.36023411951138784
COHFACE_s29_session0_lamp,35,197,41.56666666666667,-0.06411584466695786,0.13262156946435016
COHFACE_s29_session0_lamp,35,198,41.6,-0.27330759167671204,-0.0639882299125892
COHFACE_s29_session0_lamp,35,199,41.63333333333333,-0.448496550321579,-0.22890466948864668
COHFACE_s29_session0_lamp,35,200,41.666666666666664,-0.5878008604049683,-0.36926896695100986
COHFACE_s29_session0_lamp,35,201,41.7,-0.7011164426803589,-0.49743929800395126
COHFACE_s29_session0_lamp,35,202,41.733333333333334,-0.7851879000663757,-0.6264001214546056
COHFACE_s29_session0_lamp,35,203,41.766666666666666,-0.8558323383331299,-0.7644336840471437
COHFACE_s29_session0_lamp,35,204,41.8,-0.9247139692306519,-0.911158200526837
COHFACE_s29_session0_lamp,35,205,41.833333333333336,-0.9955044388771057,-1.056631051381219
COHFACE_s29_session0_lamp,35,206,41.86666666666667,-1.0661813020706177,-1.1836762234017202
COHFACE_s29_session0_lamp,35,207,41.9,-1.1358362436294556,-1.2721933965719114
COHFACE_s29_session0_lamp,35,208,41.93333333333333,-1.2028791904449463,-1.3039938531858823
COHFACE_s29_session0_lamp,35,209,41.96666666666667,-1.260031819343567,-1.2672738530245777
COHFACE_s29_session0_lamp,35,210,42.0,-1.3079266548156738,-1.1601834671175069
COHFACE_s29_session0_lamp,35,211,42.03333333333333,-1.3448548316955566,-0.9926007017096915
COHFACE_s29_session0_lamp,35,212,42.06666666666667,-1.3649007081985474,-0.7846316248554881
COHFACE_s29_session0_lamp,35,213,42.1,-1.3759808540344238,-0.5609013853176256
COHFACE_s29_session0_lamp,35,214,42.13333333333333,-1.3915276527404785,-0.3420194417124209
COHFACE_s29_session0_lamp,35,215,42.166666666666664,-1.4247571229934692,-0.13721482502418822
COHFACE_s29_session0_lamp,35,216,42.2,-1.4214855432510376,0.05725186271221486
COHFACE_s29_session0_lamp,35,217,42.233333333333334,-1.0506508350372314,0.25208025557997454
COHFACE_s29_session0_lamp,35,218,42.266666666666666,-0.07717511802911758,0.45462737406346704
COHFACE_s29_session0_lamp,35,219,42.3,0.8929100036621094,0.6609125435203974
COHFACE_s29_session0_lamp,35,220,42.333333333333336,1.2672380208969116,0.8548514911304282
COHFACE_s29_session0_lamp,35,221,42.36666666666667,1.1850862503051758,1.0145668426720287
COHFACE_s29_session0_lamp,35,222,42.4,1.046701192855835,1.1211119775073903
COHFACE_s29_session0_lamp,35,223,42.43333333333333,1.0353832244873047,1.1640590519012217
COHFACE_s29_session0_lamp,35,224,42.46666666666667,1.0822073221206665,1.1415751792532232
COHFACE_s29_session0_lamp,35,225,42.5,1.0193822383880615,1.0569223170092037
COHFACE_s29_session0_lamp,35,226,42.53333333333333,0.7860835194587708,0.9153195286398494
COHFACE_s29_session0_lamp,35,227,42.56666666666667,0.5370650291442871,0.7238085411530428
COHFACE_s29_session0_lamp,35,228,42.6,0.3790397047996521,0.49355340335608067
COHFACE_s29_session0_lamp,35,229,42.63333333333333,0.2592945396900177,0.2416738237875112
COHFACE_s29_session0_lamp,35,230,42.666666666666664,0.11556139588356018,-0.009825139191896126
COHFACE_s29_session0_lamp,35,231,42.7,-0.051267459988594055,-0.2380747347202054
COHFACE_s29_session0_lamp,35,232,42.733333333333334,-0.2231632024049759,-0.4242104221367449
COHFACE_s29_session0_lamp,35,233,42.766666666666666,-0.3873964250087738,-0.5565585463221258
COHFACE_s29_session0_lamp,35,234,42.8,-0.5150258541107178,-0.6310371219194298
COHFACE_s29_session0_lamp,35,235,42.833333333333336,-0.6088092923164368,-0.6495032984118577
COHFACE_s29_session0_lamp,35,236,42.86666666666667,-0.6828118562698364,-0.6175463095772066
COHFACE_s29_session0_lamp,35,237,42.9,-0.7443499565124512,-0.5428513401701873
COHFACE_s29_session0_lamp,35,238,42.93333333333333,-0.8019946217536926,-0.4344620963701033
COHFACE_s29_session0_lamp,35,239,42.96666666666667,-0.853020429611206,-0.3026228656133427
COHFACE_s29_session0_lamp,36,0,36.0,0.7118808627128601,-0.17582375847183732
COHFACE_s29_session0_lamp,36,1,36.03333333333333,0.5713003277778625,-0.19858249514116438
COHFACE_s29_session0_lamp,36,2,36.06666666666667,0.41060367226600647,-0.23612204559435204
COHFACE_s29_session0_lamp,36,3,36.1,0.20701417326927185,-0.2988405715535764
COHFACE_s29_session0_lamp,36,4,36.13333333333333,-0.005151727702468634,-0.38729169445776135
COHFACE_s29_session0_lamp,36,5,36.166666666666664,-0.20048387348651886,-0.49125743921103454
COHFACE_s29_session0_lamp,36,6,36.2,-0.3564164936542511,-0.592095150842635
COHFACE_s29_session0_lamp,36,7,36.233333333333334,-0.47837334871292114,-0.6671540031693604
COHFACE_s29_session0_lamp,36,8,36.266666666666666,-0.5669384598731995,-0.6946087386464266
COHFACE_s29_session0_lamp,36,9,36.3,-0.6373288035392761,-0.6576216537354811
COHFACE_s29_session0_lamp,36,10,36.333333333333336,-0.7002242207527161,-0.5475331496858665
COHFACE_s29_session0_lamp,36,11,36.36666666666667,-0.7603617310523987,-0.36623153177174733
COHFACE_s29_session0_lamp,36,12,36.4,-0.8195908665657043,-0.1276752378441523
COHFACE_s29_session0_lamp,36,13,36.43333333333333,-0.8808477520942688,0.1423362504148775
COHFACE_s29_session0_lamp,36,14,36.46666666666667,-0.9469174146652222,0.4098977256213299
COHFACE_s29_session0_lamp,36,15,36.5,-1.0074821710586548,0.6410698042565407
COHFACE_s29_session0_lamp,36,16,36.53333333333333,-1.0544036626815796,0.8119551306265664
COHFACE_s29_session0_lamp,36,17,36.56666666666667,-1.0907965898513794,0.9156999849260693
COHFACE_s29_session0_lamp,36,18,36.6,-1.1202623844146729,0.9619538485513541
COHFACE_s29_session0_lamp,36,19,36.63333333333333,-1.1315155029296875,0.9685041071396431
COHFACE_s29_session0_lamp,36,20,36.666666666666664,-1.1321806907653809,0.950054748271784
COHFACE_s29_session0_lamp,36,21,36.7,-1.1403623819351196,0.9112772523280285
COHFACE_s29_session0_lamp,36,22,36.733333333333334,-1.1619925498962402,0.8480844500740191
COHFACE_s29_session0_lamp,36,23,36.766666666666666,-1.1602351665496826,0.7551293966405526
COHFACE_s29_session0_lamp,36,24,36.8,-0.7705495953559875,0.6333557117026232
COHFACE_s29_session0_lamp,36,25,36.833333333333336,0.418195903301239,0.491970833652593
COHFACE_s29_session0_lamp,36,26,36.86666666666667,1.7252968549728394,0.3440604366629176
COHFACE_s29_session0_lamp,36,27,36.9,2.2659833431243896,0.19992694780619896
COHFACE_s29_session0_lamp,36,28,36.93333333333333,2.1275603771209717,0.06312726293411927
COHFACE_s29_session0_lamp,36,29,36.96666666666667,1.8602643013000488,-0.06859493153181238
COHFACE_s29_session0_lamp,36,30,37.0,1.7479437589645386,-0.19896176213540048
COHFACE_s29_session0_lamp,36,31,37.03333333333333,1.7406651973724365,-0.3289225849516782
COHFACE_s29_session0_lamp,36,32,37.06666666666667,1.652711033821106,-0.45536118520078167
COHFACE_s29_session0_lamp,36,33,37.1,1.3711066246032715,-0.5730855119228428
COHFACE_s29_session0_lamp,36,34,37.13333333333333,1.0406934022903442,-0.6780691261903117
COHFACE_s29_session0_lamp,36,35,37.166666666666664,0.8165172934532166,-0.7693167557589465
COHFACE_s29_session0_lamp,36,36,37.2,0.66639244556427,-0.8482074907068275
COHFACE_s29_session0_lamp,36,37,37.233333333333334,0.4918631911277771,-0.9161951647617083
COHFACE_s29_session0_lamp,36,38,37.266666666666666,0.2753063440322876,-0.9725974157668607
COHFACE_s29_session0_lamp,36,39,37.3,0.04655542969703674,-1.0136696071560356
COHFACE_s29_session0_lamp,36,40,37.333333333333336,-0.15600663423538208,-1.0330351330549998
COHFACE_s29_session0_lamp,36,41,37.36666666666667,-0.31275036931037903,-1.02275898391151
COHFACE_s29_session0_lamp,36,42,37.4,-0.4388278126716614,-0.9744559106479894
COHFACE_s29_session0_lamp,36,43,37.43333333333333,-0.5299885869026184,-0.8806420594523431
COHFACE_s29_session0_lamp,36,44,37.46666666666667,-0.5822635293006897,-0.737194905061519
COHFACE_s29_session0_lamp,36,45,37.5,-0.6389834880828857,-0.5470277391715672
COHFACE_s29_session0_lamp,36,46,37.53333333333333,-0.7091683149337769,-0.3229170839663564
COHFACE_s29_session0_lamp,36,47,37.56666666666667,-0.770414412021637,-0.08622627896327437
COHFACE_s29_session0_lamp,36,48,37.6,-0.8278481960296631,0.1398778823028748
COHFACE_s29_session0_lamp,36,49,37.63333333333333,-0.8945775628089905,0.340076752495989
COHFACE_s29_session0_lamp,36,50,37.666666666666664,-0.9583003520965576,0.5134815166436356
COHFACE_s29_session0_lamp,36,51,37.7,-1.0094612836837769,0.6719178175623836
COHFACE_s29_session0_lamp,36,52,37.733333333333334,-1.0457515716552734,0.8300322404326481
COHFACE_s29_session0_lamp,36,53,37.766666666666666,-1.0690040588378906,0.9932817267337691
COHFACE_s29_session0_lamp,36,54,37.8,-1.0832421779632568,1.1516095416470902
COHFACE_s29_session0_lamp,36,55,37.833333333333336,-1.0819714069366455,1.2828494433114814
COHFACE_s29_session0_lamp,36,56,37.86666666666667,-1.0791000127792358,1.363134171173793
COHFACE_s29_session0_lamp,36,57,37.9,-1.099627137184143,1.3770228425366888
COHFACE_s29_session0_lamp,36,58,37.93333333333333,-1.1125620603561401,1.321297532791009
COHFACE_s29_session0_lamp,36,59,37.96666666666667,-0.8115984797477722,1.2016864989393903
COHFACE_s29_session0_lamp,36,60,38.0,0.24864162504673004,1.0267608925549332
COHFACE_s29_session0_lamp,36,61,38.03333333333333,1.5364429950714111,0.8044902045024932
COHFACE_s29_session0_lamp,36,62,38.06666666666667,2.1492176055908203,0.5437703575987552
COHFACE_s29_session0_lamp,36,63,38.1,2.0208420753479004,0.2585257976782506
COHFACE_s29_session0_lamp,36,64,38.13333333333333,1.6752498149871826,-0.030450226825771132
COHFACE_s29_session0_lamp,36,65,38.166666666666664,1.4699406623840332,-0.2990622978723312
COHFACE_s29_session0_lamp,36,66,38.2,1.4328176975250244,-0.527378832111653
COHFACE_s29_session0_lamp,36,67,38.233333333333334,1.3660072088241577,-0.7059604982332638
COHFACE_s29_session0_lamp,36,68,38.266666666666666,1.1395113468170166,-0.8368189404179811
COHFACE_s29_session0_lamp,36,69,38.3,0.9215592741966248,-0.92879648120575
COHFACE_s29_session0_lamp,36,70,38.333333333333336,0.8079192638397217,-0.9909723366151421
COHFACE_s29_session0_lamp,36,71,38.36666666666667,0.6949822306632996,-1.0284635153121016
COHFACE_s29_session0_lamp,36,72,38.4,0.5236002206802368,-1.0422807023652227
COHFACE_s29_session0_lamp,36,73,38.43333333333333,0.3047289252281189,-1.0316181356170726
COHFACE_s29_session0_lamp,36,74,38.46666666666667,0.07095437496900558,-0.9960497788519995
COHFACE_s29_session0_lamp,36,75,38.5,-0.13859426975250244,-0.9363466652532256
COHFACE_s29_session0_lamp,36,76,38.53333333333333,-0.30444976687431335,-0.854193829471989
COHFACE_s29_session0_lamp,36,77,38.56666666666667,-0.41815468668937683,-0.7517259896294896
COHFACE_s29_session0_lamp,36,78,38.6,-0.4918760359287262,-0.6313195165367567
COHFACE_s29_session0_lamp,36,79,38.63333333333333,-0.5469574928283691,-0.49532131838391597
COHFACE_s29_session0_lamp,36,80,38.666666666666664,-0.591586172580719,-0.3453120142044337
COHFACE_s29_session0_lamp,36,81,38.7,-0.6397135257720947,-0.18117351908113258
COHFACE_s29_session0_lamp,36,82,38.733333333333334,-0.6976934671401978,-0.0010344365682111202
COHFACE_s29_session0_lamp,36,83,38.766666666666666,-0.7583825588226318,0.19677876857808901
COHFACE_s29_session0_lamp,36,84,38.8,-0.8219268918037415,0.4098225422072257
COHFACE_s29_session0_lamp,36,85,38.833333333333336,-0.883567750453949,0.6276095309170581
COHFACE_s29_session0_lamp,36,86,38.86666666666667,-0.9430185556411743,0.8309483787272618
COHFACE_s29_session0_lamp,36,87,38.9,-1.0092341899871826,0.996690618318759
COHFACE_s29_session0_lamp,36,88,38.93333333333333,-1.0378402471542358,1.1062528998866252
COHFACE_s29_session0_lamp,36,89,38.96666666666667,-0.6446992754936218,1.1528354162431012
COHFACE_s29_session0_lamp,36,90,39.0,0.5287265777587891,1.1423712831221222
COHFACE_s29_session0_lamp,36,91,39.03333333333333,1.7515614032745361,1.087355952066173
COHFACE_s29_session0_lamp,36,92,39.06666666666667,2.1872706413269043,0.9981715843080926
COHFACE_s29_session0_lamp,36,93,39.1,1.9715899229049683,0.8785129005988029
COHFACE_s29_session0_lamp,36,94,39.13333333333333,1.666430115699768,0.7276884768604691
COHFACE_s29_session0_lamp,36,95,39.166666666666664,1.528369426727295,0.5467600693168971
COHFACE_s29_session0_lamp,36,96,39.2,1.4995092153549194,0.34296620168169234
COHFACE_s29_session0_lamp,36,97,39.233333333333334,1.387329339981079,0.12905022937905872
COHFACE_s29_session0_lamp,36,98,39.266666666666666,1.0974349975585938,-0.08125561010696916
COHFACE_s29_session0_lamp,36,99,39.3,0.8011706471443176,-0.27744585774688535
COHFACE_s29_session0_lamp,36,100,39.333333333333336,0.6223315596580505,-0.45332366264326285
COHFACE_s29_session0_lamp,36,101,39.36666666666667,0.4959729313850403,-0.6054030522130383
COHFACE_s29_session0_lamp,36,102,39.4,0.3380936086177826,-0.7308966506742712
COHFACE_s29_session0_lamp,36,103,39.43333333333333,0.12859363853931427,-0.8271036707946395
COHFACE_s29_session0_lamp,36,104,39.46666666666667,-0.10337477922439575,-0.8923894653813098
COHFACE_s29_session0_lamp,36,105,39.5,-0.30552586913108826,-0.9275620926382878
COHFACE_s29_session0_lamp,36,106,39.53333333333333,-0.4674068093299866,-0.9362512535477593
COHFACE_s29_session0_lamp,36,107,39.56666666666667,-0.5838046669960022,-0.9238009644309199
COHFACE_s29_session0_lamp,36,108,39.6,-0.6603163480758667,-0.8953809945500506
COHFACE_s29_session0_lamp,36,109,39.63333333333333,-0.7191452980041504,-0.8545064864922618
COHFACE_s29_session0_lamp,36,110,39.666666666666664,-0.7710903882980347,-0.802527146053312
COHFACE_s29_session0_lamp,36,111,39.7,-0.8204830884933472,-0.7386317364268401
COHFACE_s29_session0_lamp,36,112,39.733333333333334,-0.8754726648330688,-0.6595389071071125
COHFACE_s29_session0_lamp,36,113,39.766666666666666,-0.9416666626930237,-0.5587016199979946
COHFACE_s29_session0_lamp,36,114,39.8,-1.0009119510650635,-0.42606934350899767
COHFACE_s29_session0_lamp,36,115,39.833333333333336,-1.0483633279800415,-0.25002374376205116
COHFACE_s29_session0_lamp,36,116,39.86666666666667,-1.0853078365325928,-0.02214835061434226
COHFACE_s29_session0_lamp,36,117,39.9,-1.1221117973327637,0.25658718280735554
COHFACE_s29_session0_lamp,36,118,39.93333333333333,-1.1688764095306396,0.5714602689897043
COHFACE_s29_session0_lamp,36,119,39.96666666666667,-1.148414134979248,0.8945427976224345
COHFACE_s29_session0_lamp,36,120,40.0,-0.6071059107780457,1.1907131715424994
COHFACE_s29_session0_lamp,36,121,40.03333333333333,0.7185375690460205,1.4265572436147478
COHFACE_s29_session0_lamp,36,122,40.06666666666667,1.914934754371643,1.5781484577800808
COHFACE_s29_session0_lamp,36,123,40.1,2.2306501865386963,1.6346424340483898
COHFACE_s29_session0_lamp,36,124,40.13333333333333,1.977997899055481,1.597143071680004
COHFACE_s29_session0_lamp,36,125,40.166666666666664,1.7311803102493286,1.4747263007182296
COHFACE_s29_session0_lamp,36,126,40.2,1.6660839319229126,1.280393416362277
COHFACE_s29_session0_lamp,36,127,40.233333333333334,1.6526299715042114,1.0288139972200863
COHFACE_s29_session0_lamp,36,128,40.266666666666666,1.4999743700027466,0.7358514545473258
COHFACE_s29_session0_lamp,36,129,40.3,1.1552635431289673,0.418499568250937
COHFACE_s29_session0_lamp,36,130,40.333333333333336,0.8205189108848572,0.09398739640213966
COHFACE_s29_session0_lamp,36,131,40.36666666666667,0.6231967806816101,-0.22192632605561383
COHFACE_s29_session0_lamp,36,132,40.4,0.48784536123275757,-0.5162721943013753
COHFACE_s29_session0_lamp,36,133,40.43333333333333,0.32207638025283813,-0.7787800946928264
COHFACE_s29_session0_lamp,36,134,40.46666666666667,0.10923454165458679,-1.0009225534319848
COHFACE_s29_session0_lamp,36,135,40.5,-0.11385464668273926,-1.1756450733435153
COHFACE_s29_session0_lamp,36,136,40.53333333333333,-0.304276704788208,-1.2983425751479978
COHFACE_s29_session0_lamp,36,137,40.56666666666667,-0.45484501123428345,-1.367955114796319
COHFACE_s29_session0_lamp,36,138,40.6,-0.5738168954849243,-1.3866784668239556
COHFACE_s29_session0_lamp,36,139,40.63333333333333,-0.6566121578216553,-1.3580312222185904
COHFACE_s29_session0_lamp,36,140,40.666666666666664,-0.7235578298568726,-1.2847656296058307
COHFACE_s29_session0_lamp,36,141,40.7,-0.7904386520385742,-1.1686252659624687
COHFACE_s29_session0_lamp,36,142,40.733333333333334,-0.8509547114372253,-1.0124682033580445
COHFACE_s29_session0_lamp,36,143,40.766666666666666,-0.9159753322601318,-0.8231668371030063
COHFACE_s29_session0_lamp,36,144,40.8,-0.9840728044509888,-0.6128424517996459
COHFACE_s29_session0_lamp,36,145,40.833333333333336,-1.046849250793457,-0.3969256673062194
COHFACE_s29_session0_lamp,36,146,40.86666666666667,-1.1023849248886108,-0.18959579789783035
COHFACE_s29_session0_lamp,36,147,40.9,-1.1452291011810303,0.0009115137937074809
COHFACE_s29_session0_lamp,36,148,40.93333333333333,-1.1724400520324707,0.17411659833137944
COHFACE_s29_session0_lamp,36,149,40.96666666666667,-1.194000005722046,0.33483308419994623
COHFACE_s29_session0_lamp,36,150,41.0,-1.2188639640808105,0.48807708421422064
COHFACE_s29_session0_lamp,36,151,41.03333333333333,-1.2555758953094482,0.634959454716858
COHFACE_s29_session0_lamp,36,152,41.06666666666667,-1.205501914024353,0.7721993342101188
COHFACE_s29_session0_lamp,36,153,41.1,-0.5948577523231506,0.8949772459174635
COHFACE_s29_session0_lamp,36,154,41.13333333333333,0.6710753440856934,1.0003472565372737
COHFACE_s29_session0_lamp,36,155,41.166666666666664,1.68732488155365,1.0881054185357952
COHFACE_s29_session0_lamp,36,156,41.2,1.9082401990890503,1.1581255998112867
COHFACE_s29_session0_lamp,36,157,41.233333333333334,1.694311499595642,1.206160887644923
COHFACE_s29_session0_lamp,36,158,41.266666666666666,1.508507490158081,1.2217765556009232
COHFACE_s29_session0_lamp,36,159,41.3,1.4764893054962158,1.1910393824242291
COHFACE_s29_session0_lamp,36,160,41.333333333333336,1.4712926149368286,1.1032158990398222
COHFACE_s29_session0_lamp,36,161,41.36666666666667,1.307746171951294,0.9574980118536374
COHFACE_s29_session0_lamp,36,162,41.4,0.9709411859512329,0.7652429506418695
COHFACE_s29_session0_lamp,36,163,41.43333333333333,0.6590273380279541,0.5459811393165815
COHFACE_s29_session0_lamp,36,164,41.46666666666667,0.4720768928527832,0.31978287270484307
COHFACE_s29_session0_lamp,36,165,41.5,0.32488831877708435,0.1009489315255831
COHFACE_s29_session0_lamp,36,166,41.53333333333333,0.14505426585674286,-0.10372481932954429
COHFACE_s29_session0_lamp,36,167,41.56666666666667,-0.06411584466695786,-0.29270034953433405
COHFACE_s29_session0_lamp,36,168,41.6,-0.27330759167671204,-0.4665970249928232
COHFACE_s29_session0_lamp,36,169,41.63333333333333,-0.448496550321579,-0.6268679222899421
COHFACE_s29_session0_lamp,36,170,41.666666666666664,-0.5878008604049683,-0.7760991527050118
COHFACE_s29_session0_lamp,36,171,41.7,-0.7011164426803589,-0.9177425336787178
COHFACE_s29_session0_lamp,36,172,41.733333333333334,-0.7851879000663757,-1.0539769264927659
COHFACE_s29_session0_lamp,36,173,41.766666666666666,-0.8558323383331299,-1.182750216385506
COHFACE_s29_session0_lamp,36,174,41.8,-0.9247139692306519,-1.296232863219468
COHFACE_s29_session0_lamp,36,175,41.833333333333336,-0.9955044388771057,-1.38196698053813
COHFACE_s29_session0_lamp,36,176,41.86666666666667,-1.0661813020706177,-1.4258456211519712
COHFACE_s29_session0_lamp,36,177,41.9,-1.1358362436294556,-1.4149086073643196
COHFACE_s29_session0_lamp,36,178,41.93333333333333,-1.2028791904449463,-1.339040115157549
COHFACE_s29_session0_lamp,36,179,41.96666666666667,-1.260031819343567,-1.1924520445072992
COHFACE_s29_session0_lamp,36,180,42.0,-1.3079266548156738,-0.9761393769564931
COHFACE_s29_session0_lamp,36,181,42.03333333333333,-1.3448548316955566,-0.700864729046447
COHFACE_s29_session0_lamp,36,182,42.06666666666667,-1.3649007081985474,-0.3880427584469181
COHFACE_s29_session0_lamp,36,183,42.1,-1.3759808540344238,-0.06562394526132297
COHFACE_s29_session0_lamp,36,184,42.13333333333333,-1.3915276527404785,0.24097709206154558
COHFACE_s29_session0_lamp,36,185,42.166666666666664,-1.4247571229934692,0.5184305917186665
COHFACE_s29_session0_lamp,36,186,42.2,-1.4214855432510376,0.7686667408614619
COHFACE_s29_session0_lamp,36,187,42.233333333333334,-1.0506508350372314,1.0018533372284268
COHFACE_s29_session0_lamp,36,188,42.266666666666666,-0.07717511802911758,1.223115025799503
COHFACE_s29_session0_lamp,36,189,42.3,0.8929100036621094,1.4224938492833132
COHFACE_s29_session0_lamp,36,190,42.333333333333336,1.2672380208969116,1.5753285862810964
COHFACE_s29_session0_lamp,36,191,42.36666666666667,1.1850862503051758,1.6527049875162703
COHFACE_s29_session0_lamp,36,192,42.4,1.046701192855835,1.635216078339574
COHFACE_s29_session0_lamp,36,193,42.43333333333333,1.0353832244873047,1.5218382919621583
COHFACE_s29_session0_lamp,36,194,42.46666666666667,1.0822073221206665,1.3295441894532025
COHFACE_s29_session0_lamp,36,195,42.5,1.0193822383880615,1.085219940651736
COHFACE_s29_session0_lamp,36,196,42.53333333333333,0.7860835194587708,0.8155279437547213
COHFACE_s29_session0_lamp,36,197,42.56666666666667,0.5370650291442871,0.5403781457878234
COHFACE_s29_session0_lamp,36,198,42.6,0.3790397047996521,0.2721385979903602
COHFACE_s29_session0_lamp,36,199,42.63333333333333,0.2592945396900177,0.018648218733829484
COHFACE_s29_session0_lamp,36,200,42.666666666666664,0.11556139588356018,-0.2135544910880571
COHFACE_s29_session0_lamp,36,201,42.7,-0.051267459988594055,-0.4182154686464626
COHFACE_s29_session0_lamp,36,202,42.733333333333334,-0.2231632024049759,-0.5905279228545349
COHFACE_s29_session0_lamp,36,203,42.766666666666666,-0.3873964250087738,-0.7286930199584835
COHFACE_s29_session0_lamp,36,204,42.8,-0.5150258541107178,-0.8342361570295624
COHFACE_s29_session0_lamp,36,205,42.833333333333336,-0.6088092923164368,-0.9107883192555033
COHFACE_s29_session0_lamp,36,206,42.86666666666667,-0.6828118562698364,-0.9622100707390511
COHFACE_s29_session0_lamp,36,207,42.9,-0.7443499565124512,-0.9911696069173099
COHFACE_s29_session0_lamp,36,208,42.93333333333333,-0.8019946217536926,-0.9986539701105843
COHFACE_s29_session0_lamp,36,209,42.96666666666667,-0.853020429611206,-0.9841192710600543
COHFACE_s29_session0_lamp,36,210,43.0,-0.8993578553199768,-0.9457957505700346
COHFACE_s29_session0_lamp,36,211,43.03333333333333,-0.9505404829978943,-0.8811389496013725
COHFACE_s29_session0_lamp,36,212,43.06666666666667,-0.9970725774765015,-0.787996280934717
COHFACE_s29_session0_lamp,36,213,43.1,-1.027955174446106,-0.6667991242313156
COHFACE_s29_session0_lamp,36,214,43.13333333333333,-1.0474387407302856,-0.5227801739330159
COHFACE_s29_session0_lamp,36,215,43.166666666666664,-1.065829873085022,-0.36617250959642245
COHFACE_s29_session0_lamp,36,216,43.2,-1.0820903778076172,-0.20903494961345845
COHFACE_s29_session0_lamp,36,217,43.233333333333334,-1.0993891954421997,-0.059881617537094464
COHFACE_s29_session0_lamp,36,218,43.266666666666666,-1.1044560670852661,0.07997967571770592
COHFACE_s29_session0_lamp,36,219,43.3,-0.903624415397644,0.2146691238376776
COHFACE_s29_session0_lamp,36,220,43.333333333333336,-0.20621588826179504,0.3469644781331105
COHFACE_s29_session0_lamp,36,221,43.36666666666667,0.6495424509048462,0.47159515226537535
COHFACE_s29_session0_lamp,36,222,43.4,1.0890586376190186,0.5743704970710626
COHFACE_s29_session0_lamp,36,223,43.43333333333333,1.072641372680664,0.6389379837658684
COHFACE_s29_session0_lamp,36,224,43.46666666666667,0.9216187596321106,0.6569881481551321
COHFACE_s29_session0_lamp,36,225,43.5,0.8442581295967102,0.634499190937572
COHFACE_s29_session0_lamp,36,226,43.53333333333333,0.8368984460830688,0.5891205495107034
COHFACE_s29_session0_lamp,36,227,43.56666666666667,0.7682061195373535,0.5400028389877228
COHFACE_s29_session0_lamp,36,228,43.6,0.61639404296875,0.4967137595517262
COHFACE_s29_session0_lamp,36,229,43.63333333333333,0.4957566261291504,0.4546123825656395
COHFACE_s29_session0_lamp,36,230,43.666666666666664,0.4345538020133972,0.3995384751059792
COHFACE_s29_session0_lamp,36,231,43.7,0.3615840673446655,0.3184292361057856
COHFACE_s29_session0_lamp,36,232,43.733333333333334,0.23178623616695404,0.2089852234763722
COHFACE_s29_session0_lamp,36,233,43.766666666666666,0.07030005753040314,0.0826888387489728
COHFACE_s29_session0_lamp,36,234,43.8,-0.08718452602624893,-0.03981269522221122
COHFACE_s29_session0_lamp,36,235,43.833333333333336,-0.22506126761436462,-0.13731013433288214
COHFACE_s29_session0_lamp,36,236,43.86666666666667,-0.34859174489974976,-0.19557594196051067
COHFACE_s29_session0_lamp,36,237,43.9,-0.4349181354045868,-0.21074236972216262
COHFACE_s29_session0_lamp,36,238,43.93333333333333,-0.49408772587776184,-0.18860633036461985
COHFACE_s29_session0_lamp,36,239,43.96666666666667,-0.5481417775154114,-0.14187496795144316
COHFACE_s29_session0_lamp,37,0,37.0,1.7479437589645386,0.10041701354839673
COHFACE_s29_session0_lamp,37,1,37.03333333333333,1.7406651973724365,0.40125547658601124
COHFACE_s29_session0_lamp,37,2,37.06666666666667,1.652711033821106,0.6417352424119063
COHFACE_s29_session0_lamp,37,3,37.1,1.3711066246032715,0.7782168461749661
COHFACE_s29_session0_lamp,37,4,37.13333333333333,1.0406934022903442,0.7914062220968563
COHFACE_s29_session0_lamp,37,5,37.166666666666664,0.8165172934532166,0.6897401411544474
COHFACE_s29_session0_lamp,37,6,37.2,0.66639244556427,0.5039329726783313
COHFACE_s29_session0_lamp,37,7,37.233333333333334,0.4918631911277771,0.27500754110855713
COHFACE_s29_session0_lamp,37,8,37.266666666666666,0.2753063440322876,0.04101495444421422
COHFACE_s29_session0_lamp,37,9,37.3,0.04655542969703674,-0.17210815825133946
COHFACE_s29_session0_lamp,37,10,37.333333333333336,-0.15600663423538208,-0.3524461500040075
COHFACE_s29_session0_lamp,37,11,37.36666666666667,-0.31275036931037903,-0.4973730561714061
COHFACE_s29_session0_lamp,37,12,37.4,-0.4388278126716614,-0.6060420277893056
COHFACE_s29_session0_lamp,37,13,37.43333333333333,-0.5299885869026184,-0.6742440633791803
COHFACE_s29_session0_lamp,37,14,37.46666666666667,-0.5822635293006897,-0.6953039322299619
COHFACE_s29_session0_lamp,37,15,37.5,-0.6389834880828857,-0.6666729211986943
COHFACE_s29_session0_lamp,37,16,37.53333333333333,-0.7091683149337769,-0.5972182827679775
COHFACE_s29_session0_lamp,37,17,37.56666666666667,-0.770414412021637,-0.5084078551719096
COHFACE_s29_session0_lamp,37,18,37.6,-0.8278481960296631,-0.42591468815954875
COHFACE_s29_session0_lamp,37,19,37.63333333333333,-0.8945775628089905,-0.3651163169860078
COHFACE_s29_session0_lamp,37,20,37.666666666666664,-0.9583003520965576,-0.3200012622638462
COHFACE_s29_session0_lamp,37,21,37.7,-1.0094612836837769,-0.26451656248831545
COHFACE_s29_session0_lamp,37,22,37.733333333333334,-1.0457515716552734,-0.16706958507913433
COHFACE_s29_session0_lamp,37,23,37.766666666666666,-1.0690040588378906,-0.009485219956568432
COHFACE_s29_session0_lamp,37,24,37.8,-1.0832421779632568,0.20109487949291413
COHFACE_s29_session0_lamp,37,25,37.833333333333336,-1.0819714069366455,0.4339917456592804
COHFACE_s29_session0_lamp,37,26,37.86666666666667,-1.0791000127792358,0.6484564212888929
COHFACE_s29_session0_lamp,37,27,37.9,-1.099627137184143,0.8102519963029159
COHFACE_s29_session0_lamp,37,28,37.93333333333333,-1.1125620603561401,0.9022623908809684
COHFACE_s29_session0_lamp,37,29,37.96666666666667,-0.8115984797477722,0.9251396303095015
COHFACE_s29_session0_lamp,37,30,38.0,0.24864162504673004,0.8908103026326512
COHFACE_s29_session0_lamp,37,31,38.03333333333333,1.5364429950714111,0.8150707722407926
COHFACE_s29_session0_lamp,37,32,38.06666666666667,2.1492176055908203,0.7132694014447312
COHFACE_s29_session0_lamp,37,33,38.1,2.0208420753479004,0.5987458762645597
COHFACE_s29_session0_lamp,37,34,38.13333333333333,1.6752498149871826,0.4818601251740815
COHFACE_s29_session0_lamp,37,35,38.166666666666664,1.4699406623840332,0.3686691702907774
COHFACE_s29_session0_lamp,37,36,38.2,1.4328176975250244,0.2604125594285114
COHFACE_s29_session0_lamp,37,37,38.233333333333334,1.3660072088241577,0.15539199970784975
COHFACE_s29_session0_lamp,37,38,38.266666666666666,1.1395113468170166,0.05275684516127178
COHFACE_s29_session0_lamp,37,39,38.3,0.9215592741966248,-0.04459598314948752
COHFACE_s29_session0_lamp,37,40,38.333333333333336,0.8079192638397217,-0.13068557950832585
COHFACE_s29_session0_lamp,37,41,38.36666666666667,0.6949822306632996,-0.200693951857058
COHFACE_s29_session0_lamp,37,42,38.4,0.5236002206802368,-0.25561293876884683
COHFACE_s29_session0_lamp,37,43,38.43333333333333,0.3047289252281189,-0.3032437438737593
COHFACE_s29_session0_lamp,37,44,38.46666666666667,0.07095437496900558,-0.35420536775225536
COHFACE_s29_session0_lamp,37,45,38.5,-0.13859426975250244,-0.415535837025483
COHFACE_s29_session0_lamp,37,46,38.53333333333333,-0.30444976687431335,-0.4863284875035243
COHFACE_s29_session0_lamp,37,47,38.56666666666667,-0.41815468668937683,-0.5583866285740694
COHFACE_s29_session0_lamp,37,48,38.6,-0.4918760359287262,-0.6212041159168021
COHFACE_s29_session0_lamp,37,49,38.63333333333333,-0.5469574928283691,-0.667556054571279
COHFACE_s29_session0_lamp,37,50,38.666666666666664,-0.591586172580719,-0.6959371772807167
COHFACE_s29_session0_lamp,37,51,38.7,-0.6397135257720947,-0.7086988342483389
COHFACE_s29_session0_lamp,37,52,38.733333333333334,-0.6976934671401978,-0.7079172573193313
COHFACE_s29_session0_lamp,37,53,38.766666666666666,-0.7583825588226318,-0.6924241073128523
COHFACE_s29_session0_lamp,37,54,38.8,-0.8219268918037415,-0.658038643156858
COHFACE_s29_session0_lamp,37,55,38.833333333333336,-0.883567750453949,-0.6002824776656516
COHFACE_s29_session0_lamp,37,56,38.86666666666667,-0.9430185556411743,-0.5170504829882047
COHFACE_s29_session0_lamp,37,57,38.9,-1.0092341899871826,-0.40920736331947966
COHFACE_s29_session0_lamp,37,58,38.93333333333333,-1.0378402471542358,-0.27942156214237523
COHFACE_s29_session0_lamp,37,59,38.96666666666667,-0.6446992754936218,-0.1313359517755179
COHFACE_s29_session0_lamp,37,60,39.0,0.5287265777587891,0.029514596952933462
COHFACE_s29_session0_lamp,37,61,39.03333333333333,1.7515614032745361,0.19401376784981722
COHFACE_s29_session0_lamp,37,62,39.06666666666667,2.1872706413269043,0.34970954856812486
COHFACE_s29_session0_lamp,37,63,39.1,1.9715899229049683,0.4846517111884369
COHFACE_s29_session0_lamp,37,64,39.13333333333333,1.666430115699768,0.5928050793506298
COHFACE_s29_session0_lamp,37,65,39.166666666666664,1.528369426727295,0.6763348514414533
COHFACE_s29_session0_lamp,37,66,39.2,1.4995092153549194,0.7416417938587464
COHFACE_s29_session0_lamp,37,67,39.233333333333334,1.387329339981079,0.7911304190336969
COHFACE_s29_session0_lamp,37,68,39.266666666666666,1.0974349975585938,0.8174176016425769
COHFACE_s29_session0_lamp,37,69,39.3,0.8011706471443176,0.8061372281310091
COHFACE_s29_session0_lamp,37,70,39.333333333333336,0.6223315596580505,0.7465986775786391
COHFACE_s29_session0_lamp,37,71,39.36666666666667,0.4959729313850403,0.6424309473483172
COHFACE_s29_session0_lamp,37,72,39.4,0.3380936086177826,0.5136505133247432
COHFACE_s29_session0_lamp,37,73,39.43333333333333,0.12859363853931427,0.38762011270332414
COHFACE_s29_session0_lamp,37,74,39.46666666666667,-0.10337477922439575,0.28452284447173953
COHFACE_s29_session0_lamp,37,75,39.5,-0.30552586913108826,0.20712428687733386
COHFACE_s29_session0_lamp,37,76,39.53333333333333,-0.4674068093299866,0.14143174755101434
COHFACE_s29_session0_lamp,37,77,39.56666666666667,-0.5838046669960022,0.06722835213595996
COHFACE_s29_session0_lamp,37,78,39.6,-0.6603163480758667,-0.02891574125907155
COHFACE_s29_session0_lamp,37,79,39.63333333333333,-0.7191452980041504,-0.14637175328969493
COHFACE_s29_session0_lamp,37,80,39.666666666666664,-0.7710903882980347,-0.27204963591423914
COHFACE_s29_session0_lamp,37,81,39.7,-0.8204830884933472,-0.38763924439408903
COHFACE_s29_session0_lamp,37,82,39.733333333333334,-0.8754726648330688,-0.47670361124805344
COHFACE_s29_session0_lamp,37,83,39.766666666666666,-0.9416666626930237,-0.5278751124411711
COHFACE_s29_session0_lamp,37,84,39.8,-1.0009119510650635,-0.5345631818528456
COHFACE_s29_session0_lamp,37,85,39.833333333333336,-1.0483633279800415,-0.49422133569777005
COHFACE_s29_session0_lamp,37,86,39.86666666666667,-1.0853078365325928,-0.4092962555378504
COHFACE_s29_session0_lamp,37,87,39.9,-1.1221117973327637,-0.2890803760574968
COHFACE_s29_session0_lamp,37,88,39.93333333333333,-1.1688764095306396,-0.14982592489783625
COHFACE_s29_session0_lamp,37,89,39.96666666666667,-1.148414134979248,-0.011342679940744211
COHFACE_s29_session0_lamp,37,90,40.0,-0.6071059107780457,0.10869821667166435
COHFACE_s29_session0_lamp,37,91,40.03333333333333,0.7185375690460205,0.19931150172781756
COHFACE_s29_session0_lamp,37,92,40.06666666666667,1.914934754371643,0.2570056297736057
COHFACE_s29_session0_lamp,37,93,40.1,2.2306501865386963,0.28315584159521723
COHFACE_s29_session0_lamp,37,94,40.13333333333333,1.977997899055481,0.28059100643521784
COHFACE_s29_session0_lamp,37,95,40.166666666666664,1.7311803102493286,0.2520443287506571
COHFACE_s29_session0_lamp,37,96,40.2,1.6660839319229126,0.20085372402411458
COHFACE_s29_session0_lamp,37,97,40.233333333333334,1.6526299715042114,0.13203989741786756
COHFACE_s29_session0_lamp,37,98,40.266666666666666,1.4999743700027466,0.05178718658538759
COHFACE_s29_session0_lamp,37,99,40.3,1.1552635431289673,-0.034824428838895305
COHFACE_s29_session0_lamp,37,100,40.333333333333336,0.8205189108848572,-0.12595582390389554
COHFACE_s29_session0_lamp,37,101,40.36666666666667,0.6231967806816101,-0.22263003202968035
COHFACE_s29_session0_lamp,37,102,40.4,0.48784536123275757,-0.32516416443478974
COHFACE_s29_session0_lamp,37,103,40.43333333333333,0.32207638025283813,-0.4286113908819361
COHFACE_s29_session0_lamp,37,104,40.46666666666667,0.10923454165458679,-0.5212575396485222
COHFACE_s29_session0_lamp,37,105,40.5,-0.11385464668273926,-0.5887695908976814
COHFACE_s29_session0_lamp,37,106,40.53333333333333,-0.304276704788208,-0.6219523957256877
COHFACE_s29_session0_lamp,37,107,40.56666666666667,-0.45484501123428345,-0.6222356998524027
COHFACE_s29_session0_lamp,37,108,40.6,-0.5738168954849243,-0.5998659108149272
COHFACE_s29_session0_lamp,37,109,40.63333333333333,-0.6566121578216553,-0.5650247439785951
COHFACE_s29_session0_lamp,37,110,40.666666666666664,-0.7235578298568726,-0.5180493470033672
COHFACE_s29_session0_lamp,37,111,40.7,-0.7904386520385742,-0.44659423392082254
COHFACE_s29_session0_lamp,37,112,40.733333333333334,-0.8509547114372253,-0.33282828666226794
COHFACE_s29_session0_lamp,37,113,40.766666666666666,-0.9159753322601318,-0.1664566146543865
COHFACE_s29_session0_lamp,37,114,40.8,-0.9840728044509888,0.04484726566657848
COHFACE_s29_session0_lamp,37,115,40.833333333333336,-1.046849250793457,0.2745239870471114
COHFACE_s29_session0_lamp,37,116,40.86666666666667,-1.1023849248886108,0.4865742225784798
COHFACE_s29_session0_lamp,37,117,40.9,-1.1452291011810303,0.6496652378639552
COHFACE_s29_session0_lamp,37,118,40.93333333333333,-1.1724400520324707,0.747558434714015
COHFACE_s29_session0_lamp,37,119,40.96666666666667,-1.194000005722046,0.7806388025605229
COHFACE_s29_session0_lamp,37,120,41.0,-1.2188639640808105,0.7601525183090688
COHFACE_s29_session0_lamp,37,121,41.03333333333333,-1.2555758953094482,0.7014228562589699
COHFACE_s29_session0_lamp,37,122,41.06666666666667,-1.205501914024353,0.6207452455130502
COHFACE_s29_session0_lamp,37,123,41.1,-0.5948577523231506,0.5354678270204003
COHFACE_s29_session0_lamp,37,124,41.13333333333333,0.6710753440856934,0.4632293221015229
COHFACE_s29_session0_lamp,37,125,41.166666666666664,1.68732488155365,0.4173866700290445
COHFACE_s29_session0_lamp,37,126,41.2,1.9082401990890503,0.40041549306548985
COHFACE_s29_session0_lamp,37,127,41.233333333333334,1.694311499595642,0.4008160428296636
COHFACE_s29_session0_lamp,37,128,41.266666666666666,1.508507490158081,0.397747881538931
COHFACE_s29_session0_lamp,37,129,41.3,1.4764893054962158,0.37201832266602747
COHFACE_s29_session0_lamp,37,130,41.333333333333336,1.4712926149368286,0.3164828516026763
COHFACE_s29_session0_lamp,37,131,41.36666666666667,1.307746171951294,0.23855141352640974
COHFACE_s29_session0_lamp,37,132,41.4,0.9709411859512329,0.1536335763613175
COHFACE_s29_session0_lamp,37,133,41.43333333333333,0.6590273380279541,0.07519155240749734
COHFACE_s29_session0_lamp,37,134,41.46666666666667,0.4720768928527832,0.008415834994568574
COHFACE_s29_session0_lamp,37,135,41.5,0.32488831877708435,-0.04932251281946008
COHFACE_s29_session0_lamp,37,136,41.53333333333333,0.14505426585674286,-0.10320078957269999
COHFACE_s29_session0_lamp,37,137,41.56666666666667,-0.06411584466695786,-0.1557258575962699
COHFACE_s29_session0_lamp,37,138,41.6,-0.27330759167671204,-0.20560638040991594
COHFACE_s29_session0_lamp,37,139,41.63333333333333,-0.448496550321579,-0.2511572884911128
COHFACE_s29_session0_lamp,37,140,41.666666666666664,-0.5878008604049683,-0.2949405018695003
COHFACE_s29_session0_lamp,37,141,41.7,-0.7011164426803589,-0.3452898470499537
COHFACE_s29_session0_lamp,37,142,41.733333333333334,-0.7851879000663757,-0.412930069660424
COHFACE_s29_session0_lamp,37,143,41.766666666666666,-0.8558323383331299,-0.5047619825055313
COHFACE_s29_session0_lamp,37,144,41.8,-0.9247139692306519,-0.6188839713790347
COHFACE_s29_session0_lamp,37,145,41.833333333333336,-0.9955044388771057,-0.7437596027526718
COHFACE_s29_session0_lamp,37,146,41.86666666666667,-1.0661813020706177,-0.861207787477392
COHFACE_s29_session0_lamp,37,147,41.9,-1.1358362436294556,-0.9506457957975836
COHFACE_s29_session0_lamp,37,148,41.93333333333333,-1.2028791904449463,-0.9927540935374298
COHFACE_s29_session0_lamp,37,149,41.96666666666667,-1.260031819343567,-0.9728145179497694
COHFACE_s29_session0_lamp,37,150,42.0,-1.3079266548156738,-0.8846532399435824
COHFACE_s29_session0_lamp,37,151,42.03333333333333,-1.3448548316955566,-0.7345169461331825
COHFACE_s29_session0_lamp,37,152,42.06666666666667,-1.3649007081985474,-0.541777773715604
COHFACE_s29_session0_lamp,37,153,42.1,-1.3759808540344238,-0.3333549334985021
COHFACE_s29_session0_lamp,37,154,42.13333333333333,-1.3915276527404785,-0.1327597112450051
COHFACE_s29_session0_lamp,37,155,42.166666666666664,-1.4247571229934692,0.050180975402378515
COHFACE_s29_session0_lamp,37,156,42.2,-1.4214855432510376,0.2212351858263039
COHFACE_s29_session0_lamp,37,157,42.233333333333334,-1.0506508350372314,0.39233919420638874
COHFACE_s29_session0_lamp,37,158,42.266666666666666,-0.07717511802911758,0.5669129534944997
COHFACE_s29_session0_lamp,37,159,42.3,0.8929100036621094,0.7313767399429765
COHFACE_s29_session0_lamp,37,160,42.333333333333336,1.2672380208969116,0.8601035172063048
COHFACE_s29_session0_lamp,37,161,42.36666666666667,1.1850862503051758,0.9307323358304757
COHFACE_s29_session0_lamp,37,162,42.4,1.046701192855835,0.9385929206923148
COHFACE_s29_session0_lamp,37,163,42.43333333333333,1.0353832244873047,0.8992864064972546
COHFACE_s29_session0_lamp,37,164,42.46666666666667,1.0822073221206665,0.8375463059860373
COHFACE_s29_session0_lamp,37,165,42.5,1.0193822383880615,0.7707897122211796
COHFACE_s29_session0_lamp,37,166,42.53333333333333,0.7860835194587708,0.6990455589290203
COHFACE_s29_session0_lamp,37,167,42.56666666666667,0.5370650291442871,0.6078192436310209
COHFACE_s29_session0_lamp,37,168,42.6,0.3790397047996521,0.4811929683075418
COHFACE_s29_session0_lamp,37,169,42.63333333333333,0.2592945396900177,0.31576936550054946
COHFACE_s29_session0_lamp,37,170,42.666666666666664,0.11556139588356018,0.12647025158031308
COHFACE_s29_session0_lamp,37,171,42.7,-0.051267459988594055,-0.0586686042764612
COHFACE_s29_session0_lamp,37,172,42.733333333333334,-0.2231632024049759,-0.21051503642671682
COHFACE_s29_session0_lamp,37,173,42.766666666666666,-0.3873964250087738,-0.31008540765736914
COHFACE_s29_session0_lamp,37,174,42.8,-0.5150258541107178,-0.35345289828076315
COHFACE_s29_session0_lamp,37,175,42.833333333333336,-0.6088092923164368,-0.34962618211125157
COHFACE_s29_session0_lamp,37,176,42.86666666666667,-0.6828118562698364,-0.31450333118350693
COHFACE_s29_session0_lamp,37,177,42.9,-0.7443499565124512,-0.26481056530966224
COHFACE_s29_session0_lamp,37,178,42.93333333333333,-0.8019946217536926,-0.21415024272710065
COHFACE_s29_session0_lamp,37,179,42.96666666666667,-0.853020429611206,-0.17104349038112615
COHFACE_s29_session0_lamp,37,180,43.0,-0.8993578553199768,-0.13811645536052336
COHFACE_s29_session0_lamp,37,181,43.03333333333333,-0.9505404829978943,-0.11236114012943095
COHFACE_s29_session0_lamp,37,182,43.06666666666667,-0.9970725774765015,-0.0873359306227811
COHFACE_s29_session0_lamp,37,183,43.1,-1.027955174446106,-0.057640439907792766
COHFACE_s29_session0_lamp,37,184,43.13333333333333,-1.0474387407302856,-0.023790125265535332
COHFACE_s29_session0_lamp,37,185,43.166666666666664,-1.065829873085022,0.006018403751739168
COHFACE_s29_session0_lamp,37,186,43.2,-1.0820903778076172,0.019551975297412774
COHFACE_s29_session0_lamp,37,187,43.233333333333334,-1.0993891954421997,0.008089270622071456
COHFACE_s29_session0_lamp,37,188,43.266666666666666,-1.1044560670852661,-0.027406439594431578
COHFACE_s29_session0_lamp,37,189,43.3,-0.903624415397644,-0.07660580043079193
COHFACE_s29_session0_lamp,37,190,43.333333333333336,-0.20621588826179504,-0.12656329268700636
COHFACE_s29_session0_lamp,37,191,43.36666666666667,0.6495424509048462,-0.1694402396701212
COHFACE_s29_session0_lamp,37,192,43.4,1.0890586376190186,-0.20527010952984265
COHFACE_s29_session0_lamp,37,193,43.43333333333333,1.072641372680664,-0.23812873657179334
COHFACE_s29_session0_lamp,37,194,43.46666666666667,0.9216187596321106,-0.2693967380185692
COHFACE_s29_session0_lamp,37,195,43.5,0.8442581295967102,-0.2939598466182729
COHFACE_s29_session0_lamp,37,196,43.53333333333333,0.8368984460830688,-0.3024477222560996
COHFACE_s29_session0_lamp,37,197,43.56666666666667,0.7682061195373535,-0.2876471320766553
COHFACE_s29_session0_lamp,37,198,43.6,0.61639404296875,-0.25010770824003453
COHFACE_s29_session0_lamp,37,199,43.63333333333333,0.4957566261291504,-0.1986075952683394
COHFACE_s29_session0_lamp,37,200,43.666666666666664,0.4345538020133972,-0.14491594059370919
COHFACE_s29_session0_lamp,37,201,43.7,0.3615840673446655,-0.09649724442306921
COHFACE_s29_session0_lamp,37,202,43.733333333333334,0.23178623616695404,-0.052514727155930904
COHFACE_s29_session0_lamp,37,203,43.766666666666666,0.07030005753040314,-0.0063891725338540446
COHFACE_s29_session0_lamp,37,204,43.8,-0.08718452602624893,0.04661748671816485
COHFACE_s29_session0_lamp,37,205,43.833333333333336,-0.22506126761436462,0.10228068365307424
COHFACE_s29_session0_lamp,37,206,43.86666666666667,-0.34859174489974976,0.14627011180029534
COHFACE_s29_session0_lamp,37,207,43.9,-0.4349181354045868,0.16061254060077212
COHFACE_s29_session0_lamp,37,208,43.93333333333333,-0.49408772587776184,0.13416090473263875
COHFACE_s29_session0_lamp,37,209,43.96666666666667,-0.5481417775154114,0.07058794750405055
COHFACE_s29_session0_lamp,37,210,44.0,-0.5940465927124023,-0.010958137884893372
COHFACE_s29_session0_lamp,37,211,44.03333333333333,-0.6396594643592834,-0.08272966055429946
COHFACE_s29_session0_lamp,37,212,44.06666666666667,-0.6879436373710632,-0.11861262730631793
COHFACE_s29_session0_lamp,37,213,44.1,-0.7385584712028503,-0.10234758435111051
COHFACE_s29_session0_lamp,37,214,44.13333333333333,-0.8015187382698059,-0.030888089061131763
COHFACE_s29_session0_lamp,37,215,44.166666666666664,-0.8630189895629883,0.08646822100140598
COHFACE_s29_session0_lamp,37,216,44.2,-0.8412805795669556,0.2311137780820219
COHFACE_s29_session0_lamp,37,217,44.233333333333334,-0.40317031741142273,0.3791463009331321
COHFACE_s29_session0_lamp,37,218,44.266666666666666,0.49321508407592773,0.5065769758003077
COHFACE_s29_session0_lamp,37,219,44.3,1.243077039718628,0.5956087885268372
COHFACE_s29_session0_lamp,37,220,44.333333333333336,1.480215072631836,0.6395223934658405
COHFACE_s29_session0_lamp,37,221,44.36666666666667,1.4073264598846436,0.642629867379465
COHFACE_s29_session0_lamp,37,222,44.4,1.3371686935424805,0.6144782270564696
COHFACE_s29_session0_lamp,37,223,44.43333333333333,1.3647040128707886,0.5617800918579277
COHFACE_s29_session0_lamp,37,224,44.46666666666667,1.384138822555542,0.48355047311967037
COHFACE_s29_session0_lamp,37,225,44.5,1.2473922967910767,0.3729474063100944
COHFACE_s29_session0_lamp,37,226,44.53333333333333,0.9736449718475342,0.22453753699148915
COHFACE_s29_session0_lamp,37,227,44.56666666666667,0.7411033511161804,0.04180790132188766
COHFACE_s29_session0_lamp,37,228,44.6,0.6007716059684753,-0.16022585993602917
COHFACE_s29_session0_lamp,37,229,44.63333333333333,0.47561344504356384,-0.35894641381401227
COHFACE_s29_session0_lamp,37,230,44.666666666666664,0.31967002153396606,-0.531921063716758
COHFACE_s29_session0_lamp,37,231,44.7,0.13008612394332886,-0.6636893700482224
COHFACE_s29_session0_lamp,37,232,44.733333333333334,-0.06299106776714325,-0.7479916420367814
COHFACE_s29_session0_lamp,37,233,44.766666666666666,-0.22103263437747955,-0.785274781584585
COHFACE_s29_session0_lamp,37,234,44.8,-0.3482078015804291,-0.7782424666677217
COHFACE_s29_session0_lamp,37,235,44.833333333333336,-0.45239537954330444,-0.7288770007119884
COHFACE_s29_session0_lamp,37,236,44.86666666666667,-0.5361586213111877,-0.6385765951543262
COHFACE_s29_session0_lamp,37,237,44.9,-0.6074627637863159,-0.5105309537686331
COHFACE_s29_session0_lamp,37,238,44.93333333333333,-0.6757766008377075,-0.35213762913197294
COHFACE_s29_session0_lamp,37,239,44.96666666666667,-0.7396020889282227,-0.1756227062764957
COHFACE_s29_session0_lamp,38,0,38.0,0.24864162504673004,0.09751550503311084
COHFACE_s29_session0_lamp,38,1,38.03333333333333,1.5364429950714111,0.5750258152399271
COHFACE_s29_session0_lamp,38,2,38.06666666666667,2.1492176055908203,1.0072995891413958
COHFACE_s29_session0_lamp,38,3,38.1,2.0208420753479004,1.3603724922287115
COHFACE_s29_session0_lamp,38,4,38.13333333333333,1.6752498149871826,1.6179796132495623
COHFACE_s29_session0_lamp,38,5,38.166666666666664,1.4699406623840332,1.7829961764741646
COHFACE_s29_session0_lamp,38,6,38.2,1.4328176975250244,1.871590033499939
COHFACE_s29_session0_lamp,38,7,38.233333333333334,1.3660072088241577,1.902649778750169
COHFACE_s29_session0_lamp,38,8,38.266666666666666,1.1395113468170166,1.8873083234378616
COHFACE_s29_session0_lamp,38,9,38.3,0.9215592741966248,1.8234383709555253
COHFACE_s29_session0_lamp,38,10,38.333333333333336,0.8079192638397217,1.6983461204118049
COHFACE_s29_session0_lamp,38,11,38.36666666666667,0.6949822306632996,1.498807516267256
COHFACE_s29_session0_lamp,38,12,38.4,0.5236002206802368,1.2222186570778772
COHFACE_s29_session0_lamp,38,13,38.43333333333333,0.3047289252281189,0.8813366648695562
COHFACE_s29_session0_lamp,38,14,38.46666666666667,0.07095437496900558,0.5005772414180508
COHFACE_s29_session0_lamp,38,15,38.5,-0.13859426975250244,0.10823229893999398
COHFACE_s29_session0_lamp,38,16,38.53333333333333,-0.30444976687431335,-0.2701007058375029
COHFACE_s29_session0_lamp,38,17,38.56666666666667,-0.41815468668937683,-0.614752394065515
COHFACE_s29_session0_lamp,38,18,38.6,-0.4918760359287262,-0.9125540840890862
COHFACE_s29_session0_lamp,38,19,38.63333333333333,-0.5469574928283691,-1.1561723449576302
COHFACE_s29_session0_lamp,38,20,38.666666666666664,-0.591586172580719,-1.342916986224549
COHFACE_s29_session0_lamp,38,21,38.7,-0.6397135257720947,-1.472964104317244
COHFACE_s29_session0_lamp,38,22,38.733333333333334,-0.6976934671401978,-1.547092546249345
COHFACE_s29_session0_lamp,38,23,38.766666666666666,-0.7583825588226318,-1.5646962833289413
COHFACE_s29_session0_lamp,38,24,38.8,-0.8219268918037415,-1.5230871366873973
COHFACE_s29_session0_lamp,38,25,38.833333333333336,-0.883567750453949,-1.41863967309964
COHFACE_s29_session0_lamp,38,26,38.86666666666667,-0.9430185556411743,-1.249424258265863
COHFACE_s29_session0_lamp,38,27,38.9,-1.0092341899871826,-1.0182011962834348
COHFACE_s29_session0_lamp,38,28,38.93333333333333,-1.0378402471542358,-0.7345051564133874
COHFACE_s29_session0_lamp,38,29,38.96666666666667,-0.6446992754936218,-0.415094395015492
COHFACE_s29_session0_lamp,38,30,39.0,0.5287265777587891,-0.08281758172042089
COHFACE_s29_session0_lamp,38,31,39.03333333333333,1.7515614032745361,0.2358919793436567
COHFACE_s29_session0_lamp,38,32,39.06666666666667,2.1872706413269043,0.5151939415309551
COHFACE_s29_session0_lamp,38,33,39.1,1.9715899229049683,0.7355565380324453
COHFACE_s29_session0_lamp,38,34,39.13333333333333,1.666430115699768,0.8888340156207577
COHFACE_s29_session0_lamp,38,35,39.166666666666664,1.528369426727295,0.9793430922175677
COHFACE_s29_session0_lamp,38,36,39.2,1.4995092153549194,1.019487789469295
COHFACE_s29_session0_lamp,38,37,39.233333333333334,1.387329339981079,1.0221770389514204
COHFACE_s29_session0_lamp,38,38,39.266666666666666,1.0974349975585938,0.9947277988208384
COHFACE_s29_session0_lamp,38,39,39.3,0.8011706471443176,0.9379677664024998
COHFACE_s29_session0_lamp,38,40,39.333333333333336,0.6223315596580505,0.8502029639288746
COHFACE_s29_session0_lamp,38,41,39.36666666666667,0.4959729313850403,0.7322080677260443
COHFACE_s29_session0_lamp,38,42,39.4,0.3380936086177826,0.5895116213431536
COHFACE_s29_session0_lamp,38,43,39.43333333333333,0.12859363853931427,0.43097209918751933
COHFACE_s29_session0_lamp,38,44,39.46666666666667,-0.10337477922439575,0.26523728100826527
COHFACE_s29_session0_lamp,38,45,39.5,-0.30552586913108826,0.09768317216150336
COHFACE_s29_session0_lamp,38,46,39.53333333333333,-0.4674068093299866,-0.0702935410023956
COHFACE_s29_session0_lamp,38,47,39.56666666666667,-0.5838046669960022,-0.23947932732225452
COHFACE_s29_session0_lamp,38,48,39.6,-0.6603163480758667,-0.4099694673861606
COHFACE_s29_session0_lamp,38,49,39.63333333333333,-0.7191452980041504,-0.5790399667835423
COHFACE_s29_session0_lamp,38,50,39.666666666666664,-0.7710903882980347,-0.7406178709503726
COHFACE_s29_session0_lamp,38,51,39.7,-0.8204830884933472,-0.885897497659422
COHFACE_s29_session0_lamp,38,52,39.733333333333334,-0.8754726648330688,-1.0041663595153514
COHFACE_s29_session0_lamp,38,53,39.766666666666666,-0.9416666626930237,-1.0833681606398022
COHFACE_s29_session0_lamp,38,54,39.8,-1.0009119510650635,-1.1107345049051502
COHFACE_s29_session0_lamp,38,55,39.833333333333336,-1.0483633279800415,-1.0742024365077487
COHFACE_s29_session0_lamp,38,56,39.86666666666667,-1.0853078365325928,-0.9649246225368834
COHFACE_s29_session0_lamp,38,57,39.9,-1.1221117973327637,-0.7803548901275792
COHFACE_s29_session0_lamp,38,58,39.93333333333333,-1.1688764095306396,-0.5268196582796415
COHFACE_s29_session0_lamp,38,59,39.96666666666667,-1.148414134979248,-0.220532530679653
COHFACE_s29_session0_lamp,38,60,40.0,-0.6071059107780457,0.11344776991200077
COHFACE_s29_session0_lamp,38,61,40.03333333333333,0.7185375690460205,0.4443898352051532
COHFACE_s29_session0_lamp,38,62,40.06666666666667,1.914934754371643,0.7411571081864928
COHFACE_s29_session0_lamp,38,63,40.1,2.2306501865386963,0.9788370718569941
COHFACE_s29_session0_lamp,38,64,40.13333333333333,1.977997899055481,1.144398028232411
COHFACE_s29_session0_lamp,38,65,40.166666666666664,1.7311803102493286,1.2382613310085548
COHFACE_s29_session0_lamp,38,66,40.2,1.6660839319229126,1.2703026175681968
COHFACE_s29_session0_lamp,38,67,40.233333333333334,1.6526299715042114,1.2520604584874018
COHFACE_s29_session0_lamp,38,68,40.266666666666666,1.4999743700027466,1.1895961849868006
COHFACE_s29_session0_lamp,38,69,40.3,1.1552635431289673,1.0812790098886347
COHFACE_s29_session0_lamp,38,70,40.333333333333336,0.8205189108848572,0.9214443947608347
COHFACE_s29_session0_lamp,38,71,40.36666666666667,0.6231967806816101,0.7071920034076157
COHFACE_s29_session0_lamp,38,72,40.4,0.48784536123275757,0.44437485347494493
COHFACE_s29_session0_lamp,38,73,40.43333333333333,0.32207638025283813,0.14985568755638642
COHFACE_s29_session0_lamp,38,74,40.46666666666667,0.10923454165458679,-0.1511010722042385
COHFACE_s29_session0_lamp,38,75,40.5,-0.11385464668273926,-0.43137081879858746
COHFACE_s29_session0_lamp,38,76,40.53333333333333,-0.304276704788208,-0.6695330851181865
COHFACE_s29_session0_lamp,38,77,40.56666666666667,-0.45484501123428345,-0.8547988254814423
COHFACE_s29_session0_lamp,38,78,40.6,-0.5738168954849243,-0.9869403420932659
COHFACE_s29_session0_lamp,38,79,40.63333333333333,-0.6566121578216553,-1.0716118669949708
COHFACE_s29_session0_lamp,38,80,40.666666666666664,-0.7235578298568726,-1.1140854677360181
COHFACE_s29_session0_lamp,38,81,40.7,-0.7904386520385742,-1.115237944455825
COHFACE_s29_session0_lamp,38,82,40.733333333333334,-0.8509547114372253,-1.0719758262570942
COHFACE_s29_session0_lamp,38,83,40.766666666666666,-0.9159753322601318,-0.981486498486292
COHFACE_s29_session0_lamp,38,84,40.8,-0.9840728044509888,-0.846609390512014
COHFACE_s29_session0_lamp,38,85,40.833333333333336,-1.046849250793457,-0.6790764614531634
COHFACE_s29_session0_lamp,38,86,40.86666666666667,-1.1023849248886108,-0.4983969780051115
COHFACE_s29_session0_lamp,38,87,40.9,-1.1452291011810303,-0.3264076962487564
COHFACE_s29_session0_lamp,38,88,40.93333333333333,-1.1724400520324707,-0.18000740001748558
COHFACE_s29_session0_lamp,38,89,40.96666666666667,-1.194000005722046,-0.06570201021451574
COHFACE_s29_session0_lamp,38,90,41.0,-1.2188639640808105,0.02158270684926747
COHFACE_s29_session0_lamp,38,91,41.03333333333333,-1.2555758953094482,0.0953543995631009
COHFACE_s29_session0_lamp,38,92,41.06666666666667,-1.205501914024353,0.17193763630628614
COHFACE_s29_session0_lamp,38,93,41.1,-0.5948577523231506,0.2649243555530548
COHFACE_s29_session0_lamp,38,94,41.13333333333333,0.6710753440856934,0.3816374769965045
COHFACE_s29_session0_lamp,38,95,41.166666666666664,1.68732488155365,0.5221181995523537
COHFACE_s29_session0_lamp,38,96,41.2,1.9082401990890503,0.6797057911025128
COHFACE_s29_session0_lamp,38,97,41.233333333333334,1.694311499595642,0.8419641609519394
COHFACE_s29_session0_lamp,38,98,41.266666666666666,1.508507490158081,0.991790523680189
COHFACE_s29_session0_lamp,38,99,41.3,1.4764893054962158,1.109601267682226
COHFACE_s29_session0_lamp,38,100,41.333333333333336,1.4712926149368286,1.1771279679081144
COHFACE_s29_session0_lamp,38,101,41.36666666666667,1.307746171951294,1.1818814778845363
COHFACE_s29_session0_lamp,38,102,41.4,0.9709411859512329,1.1201443927472183
COHFACE_s29_session0_lamp,38,103,41.43333333333333,0.6590273380279541,0.9968173607726862
COHFACE_s29_session0_lamp,38,104,41.46666666666667,0.4720768928527832,0.8226279940663814
COHFACE_s29_session0_lamp,38,105,41.5,0.32488831877708435,0.6110353736219227
COHFACE_s29_session0_lamp,38,106,41.53333333333333,0.14505426585674286,0.3767302923182011
COHFACE_s29_session0_lamp,38,107,41.56666666666667,-0.06411584466695786,0.13547801979155466
COHFACE_s29_session0_lamp,38,108,41.6,-0.27330759167671204,-0.09679125720275476
COHFACE_s29_session0_lamp,38,109,41.63333333333333,-0.448496550321579,-0.3072867411977458
COHFACE_s29_session0_lamp,38,110,41.666666666666664,-0.5878008604049683,-0.490873269798767
COHFACE_s29_session0_lamp,38,111,41.7,-0.7011164426803589,-0.6523329900717302
COHFACE_s29_session0_lamp,38,112,41.733333333333334,-0.7851879000663757,-0.8037590223271379
COHFACE_s29_session0_lamp,38,113,41.766666666666666,-0.8558323383331299,-0.9575291019534433
COHFACE_s29_session0_lamp,38,114,41.8,-0.9247139692306519,-1.118035327339219
COHFACE_s29_session0_lamp,38,115,41.833333333333336,-0.9955044388771057,-1.276112852677311
COHFACE_s29_session0_lamp,38,116,41.86666666666667,-1.0661813020706177,-1.4087331878866844
COHFACE_s29_session0_lamp,38,117,41.9,-1.1358362436294556,-1.4842530863324224
COHFACE_s29_session0_lamp,38,118,41.93333333333333,-1.2028791904449463,-1.4717025447927559
COHFACE_s29_session0_lamp,38,119,41.96666666666667,-1.260031819343567,-1.3514694723279648
COHFACE_s29_session0_lamp,38,120,42.0,-1.3079266548156738,-1.1240194962229726
COHFACE_s29_session0_lamp,38,121,42.03333333333333,-1.3448548316955566,-0.813056318755278
COHFACE_s29_session0_lamp,38,122,42.06666666666667,-1.3649007081985474,-0.4603755897020611
COHFACE_s29_session0_lamp,38,123,42.1,-1.3759808540344238,-0.1125251861963856
COHFACE_s29_session0_lamp,38,124,42.13333333333333,-1.3915276527404785,0.19602052885272628
COHFACE_s29_session0_lamp,38,125,42.166666666666664,-1.4247571229934692,0.4547478582855186
COHFACE_s29_session0_lamp,38,126,42.2,-1.4214855432510376,0.6761422211142638
COHFACE_s29_session0_lamp,38,127,42.233333333333334,-1.0506508350372314,0.8807095877791529
COHFACE_s29_session0_lamp,38,128,42.266666666666666,-0.07717511802911758,1.0770891376555713
COHFACE_s29_session0_lamp,38,129,42.3,0.8929100036621094,1.2512727632728569
COHFACE_s29_session0_lamp,38,130,42.333333333333336,1.2672380208969116,1.3726035663092728
COHFACE_s29_session0_lamp,38,131,42.36666666666667,1.1850862503051758,1.411998033625275
COHFACE_s29_session0_lamp,38,132,42.4,1.046701192855835,1.3594880723411635
COHFACE_s29_session0_lamp,38,133,42.43333333333333,1.0353832244873047,1.2293268043205707
COHFACE_s29_session0_lamp,38,134,42.46666666666667,1.0822073221206665,1.0504567060502996
COHFACE_s29_session0_lamp,38,135,42.5,1.0193822383880615,0.8502617386967808
COHFACE_s29_session0_lamp,38,136,42.53333333333333,0.7860835194587708,0.6426156441493729
COHFACE_s29_session0_lamp,38,137,42.56666666666667,0.5370650291442871,0.42672543633794147
COHFACE_s29_session0_lamp,38,138,42.6,0.3790397047996521,0.19551317133630855
COHFACE_s29_session0_lamp,38,139,42.63333333333333,0.2592945396900177,-0.053305208770628824
COHFACE_s29_session0_lamp,38,140,42.666666666666664,0.11556139588356018,-0.31046776722961894
COHFACE_s29_session0_lamp,38,141,42.7,-0.051267459988594055,-0.5558094144382405
COHFACE_s29_session0_lamp,38,142,42.733333333333334,-0.2231632024049759,-0.764753037995582
COHFACE_s29_session0_lamp,38,143,42.766666666666666,-0.3873964250087738,-0.9165284054941589
COHFACE_s29_session0_lamp,38,144,42.8,-0.5150258541107178,-1.0003064788731713
COHFACE_s29_session0_lamp,38,145,42.833333333333336,-0.6088092923164368,-1.017296192474279
COHFACE_s29_session0_lamp,38,146,42.86666666666667,-0.6828118562698364,-0.9785772416161596
COHFACE_s29_session0_lamp,38,147,42.9,-0.7443499565124512,-0.899826309365305
COHFACE_s29_session0_lamp,38,148,42.93333333333333,-0.8019946217536926,-0.7952993589730936
COHFACE_s29_session0_lamp,38,149,42.96666666666667,-0.853020429611206,-0.6737318173671398
COHFACE_s29_session0_lamp,38,150,43.0,-0.8993578553199768,-0.5376977825212657
COHFACE_s29_session0_lamp,38,151,43.03333333333333,-0.9505404829978943,-0.3862243003443515
COHFACE_s29_session0_lamp,38,152,43.06666666666667,-0.9970725774765015,-0.21915573040821762
COHFACE_s29_session0_lamp,38,153,43.1,-1.027955174446106,-0.04113830765679477
COHFACE_s29_session0_lamp,38,154,43.13333333333333,-1.0474387407302856,0.13690857739214532
COHFACE_s29_session0_lamp,38,155,43.166666666666664,-1.065829873085022,0.300066457913667
COHFACE_s29_session0_lamp,38,156,43.2,-1.0820903778076172,0.43479367781243666
COHFACE_s29_session0_lamp,38,157,43.233333333333334,-1.0993891954421997,0.5345971741503118
COHFACE_s29_session0_lamp,38,158,43.266666666666666,-1.1044560670852661,0.6021139638119497
COHFACE_s29_session0_lamp,38,159,43.3,-0.903624415397644,0.645357956300109
COHFACE_s29_session0_lamp,38,160,43.333333333333336,-0.20621588826179504,0.6701004058060182
COHFACE_s29_session0_lamp,38,161,43.36666666666667,0.6495424509048462,0.6737823977294845
COHFACE_s29_session0_lamp,38,162,43.4,1.0890586376190186,0.6457919786799232
COHFACE_s29_session0_lamp,38,163,43.43333333333333,1.072641372680664,0.5746616948881247
COHFACE_s29_session0_lamp,38,164,43.46666666666667,0.9216187596321106,0.45767758239997924
COHFACE_s29_session0_lamp,38,165,43.5,0.8442581295967102,0.3062454689159357
COHFACE_s29_session0_lamp,38,166,43.53333333333333,0.8368984460830688,0.14298967199687473
COHFACE_s29_session0_lamp,38,167,43.56666666666667,0.7682061195373535,-0.008011046068536412
COHFACE_s29_session0_lamp,38,168,43.6,0.61639404296875,-0.13198844237518143
COHFACE_s29_session0_lamp,38,169,43.63333333333333,0.4957566261291504,-0.22880114560716652
COHFACE_s29_session0_lamp,38,170,43.666666666666664,0.4345538020133972,-0.3100274788659271
COHFACE_s29_session0_lamp,38,171,43.7,0.3615840673446655,-0.39016128349067974
COHFACE_s29_session0_lamp,38,172,43.733333333333334,0.23178623616695404,-0.47729278384041124
COHFACE_s29_session0_lamp,38,173,43.766666666666666,0.07030005753040314,-0.5683252095538184
COHFACE_s29_session0_lamp,38,174,43.8,-0.08718452602624893,-0.6507525951324307
COHFACE_s29_session0_lamp,38,175,43.833333333333336,-0.22506126761436462,-0.7092290900802414
COHFACE_s29_session0_lamp,38,176,43.86666666666667,-0.34859174489974976,-0.7327117822580456
COHFACE_s29_session0_lamp,38,177,43.9,-0.4349181354045868,-0.7181144346562024
COHFACE_s29_session0_lamp,38,178,43.93333333333333,-0.49408772587776184,-0.6689692379082202
COHFACE_s29_session0_lamp,38,179,43.96666666666667,-0.5481417775154114,-0.5907895546824673
COHFACE_s29_session0_lamp,38,180,44.0,-0.5940465927124023,-0.48659904251687375
COHFACE_s29_session0_lamp,38,181,44.03333333333333,-0.6396594643592834,-0.355449469964163
COHFACE_s29_session0_lamp,38,182,44.06666666666667,-0.6879436373710632,-0.19429096076652244
COHFACE_s29_session0_lamp,38,183,44.1,-0.7385584712028503,-0.001421167802656085
COHFACE_s29_session0_lamp,38,184,44.13333333333333,-0.8015187382698059,0.22045562356496826
COHFACE_s29_session0_lamp,38,185,44.166666666666664,-0.8630189895629883,0.46248942409776767
COHFACE_s29_session0_lamp,38,186,44.2,-0.8412805795669556,0.7094235353762369
COHFACE_s29_session0_lamp,38,187,44.233333333333334,-0.40317031741142273,0.9409430092955468
COHFACE_s29_session0_lamp,38,188,44.266666666666666,0.49321508407592773,1.134947395497812
COHFACE_s29_session0_lamp,38,189,44.3,1.243077039718628,1.2723788766920259
COHFACE_s29_session0_lamp,38,190,44.333333333333336,1.480215072631836,1.3415999645039713
COHFACE_s29_session0_lamp,38,191,44.36666666666667,1.4073264598846436,1.3397279305358056
COHFACE_s29_session0_lamp,38,192,44.4,1.3371686935424805,1.2702111404673517
COHFACE_s29_session0_lamp,38,193,44.43333333333333,1.3647040128707886,1.13861906775744
COHFACE_s29_session0_lamp,38,194,44.46666666666667,1.384138822555542,0.9496849545571813
COHFACE_s29_session0_lamp,38,195,44.5,1.2473922967910767,0.7075101324953473
COHFACE_s29_session0_lamp,38,196,44.53333333333333,0.9736449718475342,0.41849139476363806
COHFACE_s29_session0_lamp,38,197,44.56666666666667,0.7411033511161804,0.09462570740199387
COHFACE_s29_session0_lamp,38,198,44.6,0.6007716059684753,-0.24537166718446346
COHFACE_s29_session0_lamp,38,199,44.63333333333333,0.47561344504356384,-0.578308786008808
COHFACE_s29_session0_lamp,38,200,44.666666666666664,0.31967002153396606,-0.8812837784274308
COHFACE_s29_session0_lamp,38,201,44.7,0.13008612394332886,-1.1366990715095433
COHFACE_s29_session0_lamp,38,202,44.733333333333334,-0.06299106776714325,-1.3351423798729682
COHFACE_s29_session0_lamp,38,203,44.766666666666666,-0.22103263437747955,-1.4749167192467838
COHFACE_s29_session0_lamp,38,204,44.8,-0.3482078015804291,-1.558718050722875
COHFACE_s29_session0_lamp,38,205,44.833333333333336,-0.45239537954330444,-1.589285239477086
COHFACE_s29_session0_lamp,38,206,44.86666666666667,-0.5361586213111877,-1.566148958743179
COHFACE_s29_session0_lamp,38,207,44.9,-0.6074627637863159,-1.4849789632199166
COHFACE_s29_session0_lamp,38,208,44.93333333333333,-0.6757766008377075,-1.3399235674759622
COHFACE_s29_session0_lamp,38,209,44.96666666666667,-0.7396020889282227,-1.1281017115240661
COHFACE_s29_session0_lamp,38,210,45.0,-0.8010482788085938,-0.8543386269835249
COHFACE_s29_session0_lamp,38,211,45.03333333333333,-0.858119785785675,-0.5336519738750771
COHFACE_s29_session0_lamp,38,212,45.06666666666667,-0.9124603867530823,-0.18934858128654286
COHFACE_s29_session0_lamp,38,213,45.1,-0.9736254215240479,0.15356064174993186
COHFACE_s29_session0_lamp,38,214,45.13333333333333,-1.0233750343322754,0.47688157960507954
COHFACE_s29_session0_lamp,38,215,45.166666666666664,-0.8663716912269592,0.7745533497315987
COHFACE_s29_session0_lamp,38,216,45.2,-0.15327581763267517,1.0501061731504089
COHFACE_s29_session0_lamp,38,217,45.233333333333334,0.7885493636131287,1.3061861336680367
COHFACE_s29_session0_lamp,38,218,45.266666666666666,1.2934215068817139,1.5327507412378403
COHFACE_s29_session0_lamp,38,219,45.3,1.3050153255462646,1.7031865632599055
COHFACE_s29_session0_lamp,38,220,45.333333333333336,1.186800479888916,1.7824841053108633
COHFACE_s29_session0_lamp,38,221,45.36666666666667,1.1619527339935303,1.7430983314518897
COHFACE_s29_session0_lamp,38,222,45.4,1.184350848197937,1.5791151355609963
COHFACE_s29_session0_lamp,38,223,45.43333333333333,1.1206496953964233,1.3106858759057487
COHFACE_s29_session0_lamp,38,224,45.46666666666667,0.8787421584129333,0.9769068168039169
COHFACE_s29_session0_lamp,38,225,45.5,0.5618208646774292,0.621909720008677
COHFACE_s29_session0_lamp,38,226,45.53333333333333,0.32940906286239624,0.2816803771268715
COHFACE_s29_session0_lamp,38,227,45.56666666666667,0.1760774850845337,-0.022787293994935023
COHFACE_s29_session0_lamp,38,228,45.6,0.0221402645111084,-0.28493058412227373
COHFACE_s29_session0_lamp,38,229,45.63333333333333,-0.1630256474018097,-0.5073950401796147
COHFACE_s29_session0_lamp,38,230,45.666666666666664,-0.3577899932861328,-0.6957615658071982
COHFACE_s29_session0_lamp,38,231,45.7,-0.5392301082611084,-0.853566071558623
COHFACE_s29_session0_lamp,38,232,45.733333333333334,-0.6889818906784058,-0.9795127060643086
COHFACE_s29_session0_lamp,38,233,45.766666666666666,-0.8177414536476135,-1.0670368511837842
COHFACE_s29_session0_lamp,38,234,45.8,-0.9236108064651489,-1.1061526782017093
COHFACE_s29_session0_lamp,38,235,45.833333333333336,-1.013971209526062,-1.0871493333911593
COHFACE_s29_session0_lamp,38,236,45.86666666666667,-1.094057321548462,-1.0048850274845005
COHFACE_s29_session0_lamp,38,237,45.9,-1.1675028800964355,-0.8619454726776671
COHFACE_s29_session0_lamp,38,238,45.93333333333333,-1.2353084087371826,-0.6695041063310995
COHFACE_s29_session0_lamp,38,239,45.96666666666667,-1.2987229824066162,-0.44587762129097774
COHFACE_s29_session0_lamp,39,0,39.0,0.5287265777587891,0.06088294643281203
COHFACE_s29_session0_lamp,39,1,39.03333333333333,1.7515614032745361,0.451239703496816
COHFACE_s29_session0_lamp,39,2,39.06666666666667,2.1872706413269043,0.7954533061315554
COHFACE_s29_session0_lamp,39,3,39.1,1.9715899229049683,1.0610170177964087
COHFACE_s29_session0_lamp,39,4,39.13333333333333,1.666430115699768,1.2368809166407013
COHFACE_s29_session0_lamp,39,5,39.166666666666664,1.528369426727295,1.3333927914205477
COHFACE_s29_session0_lamp,39,6,39.2,1.4995092153549194,1.3736089123476996
COHFACE_s29_session0_lamp,39,7,39.233333333333334,1.387329339981079,1.380608794158553
COHFACE_s29_session0_lamp,39,8,39.266666666666666,1.0974349975585938,1.3670086088446571
COHFACE_s29_session0_lamp,39,9,39.3,0.8011706471443176,1.3312144574279472
COHFACE_s29_session0_lamp,39,10,39.333333333333336,0.6223315596580505,1.2619160366694737
COHFACE_s29_session0_lamp,39,11,39.36666666666667,0.4959729313850403,1.1481411283797176
COHFACE_s29_session0_lamp,39,12,39.4,0.3380936086177826,0.9881098510439241
COHFACE_s29_session0_lamp,39,13,39.43333333333333,0.12859363853931427,0.7905423632819094
COHFACE_s29_session0_lamp,39,14,39.46666666666667,-0.10337477922439575,0.5685167417055744
COHFACE_s29_session0_lamp,39,15,39.5,-0.30552586913108826,0.33211147344799086
COHFACE_s29_session0_lamp,39,16,39.53333333333333,-0.4674068093299866,0.08570658522114817
COHFACE_s29_session0_lamp,39,17,39.56666666666667,-0.5838046669960022,-0.1691297826932396
COHFACE_s29_session0_lamp,39,18,39.6,-0.6603163480758667,-0.4284788811971224
COHFACE_s29_session0_lamp,39,19,39.63333333333333,-0.7191452980041504,-0.6827979875218924
COHFACE_s29_session0_lamp,39,20,39.666666666666664,-0.7710903882980347,-0.9174618753974804
COHFACE_s29_session0_lamp,39,21,39.7,-0.8204830884933472,-1.1160767464927874
COHFACE_s29_session0_lamp,39,22,39.733333333333334,-0.8754726648330688,-1.2641803233684998
COHFACE_s29_session0_lamp,39,23,39.766666666666666,-0.9416666626930237,-1.35155915195606
COHFACE_s29_session0_lamp,39,24,39.8,-1.0009119510650635,-1.3729022978731236
COHFACE_s29_session0_lamp,39,25,39.833333333333336,-1.0483633279800415,-1.3274832127171317
COHFACE_s29_session0_lamp,39,26,39.86666666666667,-1.0853078365325928,-1.21839145145099
COHFACE_s29_session0_lamp,39,27,39.9,-1.1221117973327637,-1.0513592185607632
COHFACE_s29_session0_lamp,39,28,39.93333333333333,-1.1688764095306396,-0.8334090133966295
COHFACE_s29_session0_lamp,39,29,39.96666666666667,-1.148414134979248,-0.5721119959479473
COHFACE_s29_session0_lamp,39,30,40.0,-0.6071059107780457,-0.2763426313331432
COHFACE_s29_session0_lamp,39,31,40.03333333333333,0.7185375690460205,0.04144665242668893
COHFACE_s29_session0_lamp,39,32,40.06666666666667,1.914934754371643,0.3629009141219199
COHFACE_s29_session0_lamp,39,33,40.1,2.2306501865386963,0.6637154527998513
COHFACE_s29_session0_lamp,39,34,40.13333333333333,1.977997899055481,0.9173213321359405
COHFACE_s29_session0_lamp,39,35,40.166666666666664,1.7311803102493286,1.1013417140651842
COHFACE_s29_session0_lamp,39,36,40.2,1.6660839319229126,1.2034042847619573
COHFACE_s29_session0_lamp,39,37,40.233333333333334,1.6526299715042114,1.2227584588167766
COHFACE_s29_session0_lamp,39,38,40.266666666666666,1.4999743700027466,1.1671040155551662
COHFACE_s29_session0_lamp,39,39,40.3,1.1552635431289673,1.0474606034739236
COHFACE_s29_session0_lamp,39,40,40.333333333333336,0.8205189108848572,0.874784461765823
COHFACE_s29_session0_lamp,39,41,40.36666666666667,0.6231967806816101,0.6601563213757887
COHFACE_s29_session0_lamp,39,42,40.4,0.48784536123275757,0.41741187236237953
COHFACE_s29_session0_lamp,39,43,40.43333333333333,0.32207638025283813,0.16505308686370906
COHFACE_s29_session0_lamp,39,44,40.46666666666667,0.10923454165458679,-0.07546382850220511
COHFACE_s29_session0_lamp,39,45,40.5,-0.11385464668273926,-0.2853579713852863
COHFACE_s29_session0_lamp,39,46,40.53333333333333,-0.304276704788208,-0.4549319047478818
COHFACE_s29_session0_lamp,39,47,40.56666666666667,-0.45484501123428345,-0.5861790652191335
COHFACE_s29_session0_lamp,39,48,40.6,-0.5738168954849243,-0.6892069379797415
COHFACE_s29_session0_lamp,39,49,40.63333333333333,-0.6566121578216553,-0.7743411515602099
COHFACE_s29_session0_lamp,39,50,40.666666666666664,-0.7235578298568726,-0.8449228740171898
COHFACE_s29_session0_lamp,39,51,40.7,-0.7904386520385742,-0.8954005747819891
COHFACE_s29_session0_lamp,39,52,40.733333333333334,-0.8509547114372253,-0.9153690497026495
COHFACE_s29_session0_lamp,39,53,40.766666666666666,-0.9159753322601318,-0.8960817634732909
COHFACE_s29_session0_lamp,39,54,40.8,-0.9840728044509888,-0.834984520102514
COHFACE_s29_session0_lamp,39,55,40.833333333333336,-1.046849250793457,-0.7359568462000261
COHFACE_s29_session0_lamp,39,56,40.86666666666667,-1.1023849248886108,-0.6061294150956912
COHFACE_s29_session0_lamp,39,57,40.9,-1.1452291011810303,-0.4523175756999386
COHFACE_s29_session0_lamp,39,58,40.93333333333333,-1.1724400520324707,-0.2800168053223231
COHFACE_s29_session0_lamp,39,59,40.96666666666667,-1.194000005722046,-0.0955515024682056
COHFACE_s29_session0_lamp,39,60,41.0,-1.2188639640808105,0.09113974836513404
COHFACE_s29_session0_lamp,39,61,41.03333333333333,-1.2555758953094482,0.26676499750136545
COHFACE_s29_session0_lamp,39,62,41.06666666666667,-1.205501914024353,0.419398390702736
COHFACE_s29_session0_lamp,39,63,41.1,-0.5948577523231506,0.5450423808955889
COHFACE_s29_session0_lamp,39,64,41.13333333333333,0.6710753440856934,0.6508416521241795
COHFACE_s29_session0_lamp,39,65,41.166666666666664,1.68732488155365,0.7511199083582076
COHFACE_s29_session0_lamp,39,66,41.2,1.9082401990890503,0.8574868410666445
COHFACE_s29_session0_lamp,39,67,41.233333333333334,1.694311499595642,0.9691482369801501
COHFACE_s29_session0_lamp,39,68,41.266666666666666,1.508507490158081,1.0701453709284243
COHFACE_s29_session0_lamp,39,69,41.3,1.4764893054962158,1.1358653711577453
COHFACE_s29_session0_lamp,39,70,41.333333333333336,1.4712926149368286,1.1446663103816404
COHFACE_s29_session0_lamp,39,71,41.36666666666667,1.307746171951294,1.0870575506621047
COHFACE_s29_session0_lamp,39,72,41.4,0.9709411859512329,0.9675180983561776
COHFACE_s29_session0_lamp,39,73,41.43333333333333,0.6590273380279541,0.7996738591052804
COHFACE_s29_session0_lamp,39,74,41.46666666666667,0.4720768928527832,0.5993252315903261
COHFACE_s29_session0_lamp,39,75,41.5,0.32488831877708435,0.37985816000606715
COHFACE_s29_session0_lamp,39,76,41.53333333333333,0.14505426585674286,0.15176514633328878
COHFACE_s29_session0_lamp,39,77,41.56666666666667,-0.06411584466695786,-0.07533925824051796
COHFACE_s29_session0_lamp,39,78,41.6,-0.27330759167671204,-0.2913915567325609
COHFACE_s29_session0_lamp,39,79,41.63333333333333,-0.448496550321579,-0.4872809980096965
COHFACE_s29_session0_lamp,39,80,41.666666666666664,-0.5878008604049683,-0.6581106798197693
COHFACE_s29_session0_lamp,39,81,41.7,-0.7011164426803589,-0.8054025275868484
COHFACE_s29_session0_lamp,39,82,41.733333333333334,-0.7851879000663757,-0.936029040523523
COHFACE_s29_session0_lamp,39,83,41.766666666666666,-0.8558323383331299,-1.0581045320253755
COHFACE_s29_session0_lamp,39,84,41.8,-0.9247139692306519,-1.1760377235300739
COHFACE_s29_session0_lamp,39,85,41.833333333333336,-0.9955044388771057,-1.2870683098221833
COHFACE_s29_session0_lamp,39,86,41.86666666666667,-1.0661813020706177,-1.380116092263682
COHFACE_s29_session0_lamp,39,87,41.9,-1.1358362436294556,-1.4365863975663717
COHFACE_s29_session0_lamp,39,88,41.93333333333333,-1.2028791904449463,-1.4331935311862176
COHFACE_s29_session0_lamp,39,89,41.96666666666667,-1.260031819343567,-1.3475344618630332
COHFACE_s29_session0_lamp,39,90,42.0,-1.3079266548156738,-1.1662226681787524
COHFACE_s29_session0_lamp,39,91,42.03333333333333,-1.3448548316955566,-0.8929229350272058
COHFACE_s29_session0_lamp,39,92,42.06666666666667,-1.3649007081985474,-0.5514610207080765
COHFACE_s29_session0_lamp,39,93,42.1,-1.3759808540344238,-0.18008371094646905
COHFACE_s29_session0_lamp,39,94,42.13333333333333,-1.3915276527404785,0.1821425373600497
COHFACE_s29_session0_lamp,39,95,42.166666666666664,-1.4247571229934692,0.5098758503471833
COHFACE_s29_session0_lamp,39,96,42.2,-1.4214855432510376,0.7977570449162619
COHFACE_s29_session0_lamp,39,97,42.233333333333334,-1.0506508350372314,1.053678969535089
COHFACE_s29_session0_lamp,39,98,42.266666666666666,-0.07717511802911758,1.2839731669701762
COHFACE_s29_session0_lamp,39,99,42.3,0.8929100036621094,1.4817213421869726
COHFACE_s29_session0_lamp,39,100,42.333333333333336,1.2672380208969116,1.626168433160914
COHFACE_s29_session0_lamp,39,101,42.36666666666667,1.1850862503051758,1.6924063726750282
COHFACE_s29_session0_lamp,39,102,42.4,1.046701192855835,1.6638868168843868
COHFACE_s29_session0_lamp,39,103,42.43333333333333,1.0353832244873047,1.539725586825757
COHFACE_s29_session0_lamp,39,104,42.46666666666667,1.0822073221206665,1.3334674218280103
COHFACE_s29_session0_lamp,39,105,42.5,1.0193822383880615,1.0659129721263831
COHFACE_s29_session0_lamp,39,106,42.53333333333333,0.7860835194587708,0.757569057885438
COHFACE_s29_session0_lamp,39,107,42.56666666666667,0.5370650291442871,0.4250963400067145
COHFACE_s29_session0_lamp,39,108,42.6,0.3790397047996521,0.08238856296803615
COHFACE_s29_session0_lamp,39,109,42.63333333333333,0.2592945396900177,-0.25629646384028576
COHFACE_s29_session0_lamp,39,110,42.666666666666664,0.11556139588356018,-0.5742347218544976
COHFACE_s29_session0_lamp,39,111,42.7,-0.051267459988594055,-0.8526914217687181
COHFACE_s29_session0_lamp,39,112,42.733333333333334,-0.2231632024049759,-1.0736773254680398
COHFACE_s29_session0_lamp,39,113,42.766666666666666,-0.3873964250087738,-1.2236288021022133
COHFACE_s29_session0_lamp,39,114,42.8,-0.5150258541107178,-1.2963389020585785
COHFACE_s29_session0_lamp,39,115,42.833333333333336,-0.6088092923164368,-1.293920377029131
COHFACE_s29_session0_lamp,39,116,42.86666666666667,-0.6828118562698364,-1.2254974906853766
COHFACE_s29_session0_lamp,39,117,42.9,-0.7443499565124512,-1.1042545786253168
COHFACE_s29_session0_lamp,39,118,42.93333333333333,-0.8019946217536926,-0.9440129884231853
COHFACE_s29_session0_lamp,39,119,42.96666666666667,-0.853020429611206,-0.7564842078034503
COHFACE_s29_session0_lamp,39,120,43.0,-0.8993578553199768,-0.5498965461917421
COHFACE_s29_session0_lamp,39,121,43.03333333333333,-0.9505404829978943,-0.3292698242970837
COHFACE_s29_session0_lamp,39,122,43.06666666666667,-0.9970725774765015,-0.09839927233516571
COHFACE_s29_session0_lamp,39,123,43.1,-1.027955174446106,0.13692403315438298
COHFACE_s29_session0_lamp,39,124,43.13333333333333,-1.0474387407302856,0.36600484409166933
COHFACE_s29_session0_lamp,39,125,43.166666666666664,-1.065829873085022,0.5728360934772402
COHFACE_s29_session0_lamp,39,126,43.2,-1.0820903778076172,0.7394798630479702
COHFACE_s29_session0_lamp,39,127,43.233333333333334,-1.0993891954421997,0.8520454501666236
COHFACE_s29_session0_lamp,39,128,43.266666666666666,-1.1044560670852661,0.9054915506494573
COHFACE_s29_session0_lamp,39,129,43.3,-0.903624415397644,0.9036020013583516
COHFACE_s29_session0_lamp,39,130,43.333333333333336,-0.20621588826179504,0.8542549092838415
COHFACE_s29_session0_lamp,39,131,43.36666666666667,0.6495424509048462,0.7641055331375544
COHFACE_s29_session0_lamp,39,132,43.4,1.0890586376190186,0.6371619260707063
COHFACE_s29_session0_lamp,39,133,43.43333333333333,1.072641372680664,0.47824789225803255
COHFACE_s29_session0_lamp,39,134,43.46666666666667,0.9216187596321106,0.2978305373636618
COHFACE_s29_session0_lamp,39,135,43.5,0.8442581295967102,0.11312182280091387
COHFACE_s29_session0_lamp,39,136,43.53333333333333,0.8368984460830688,-0.05651989456919073
COHFACE_s29_session0_lamp,39,137,43.56666666666667,0.7682061195373535,-0.19712077442338866
COHFACE_s29_session0_lamp,39,138,43.6,0.61639404296875,-0.30556631187641053
COHFACE_s29_session0_lamp,39,139,43.63333333333333,0.4957566261291504,-0.3894547635142268
COHFACE_s29_session0_lamp,39,140,43.666666666666664,0.4345538020133972,-0.4613987602389028
COHFACE_s29_session0_lamp,39,141,43.7,0.3615840673446655,-0.5311248413880243
COHFACE_s29_session0_lamp,39,142,43.733333333333334,0.23178623616695404,-0.5996433870670222
COHFACE_s29_session0_lamp,39,143,43.766666666666666,0.07030005753040314,-0.6583233340311205
COHFACE_s29_session0_lamp,39,144,43.8,-0.08718452602624893,-0.6931065799326191
COHFACE_s29_session0_lamp,39,145,43.833333333333336,-0.22506126761436462,-0.6915676114654234
COHFACE_s29_session0_lamp,39,146,43.86666666666667,-0.34859174489974976,-0.6491150511569067
COHFACE_s29_session0_lamp,39,147,43.9,-0.4349181354045868,-0.5710896908018562
COHFACE_s29_session0_lamp,39,148,43.93333333333333,-0.49408772587776184,-0.46977074493216
COHFACE_s29_session0_lamp,39,149,43.96666666666667,-0.5481417775154114,-0.3581898388503778
COHFACE_s29_session0_lamp,39,150,44.0,-0.5940465927124023,-0.24450408997415285
COHFACE_s29_session0_lamp,39,151,44.03333333333333,-0.6396594643592834,-0.1301288289038635
COHFACE_s29_session0_lamp,39,152,44.06666666666667,-0.6879436373710632,-0.01200996710460322
COHFACE_s29_session0_lamp,39,153,44.1,-0.7385584712028503,0.11337200702865842
COHFACE_s29_session0_lamp,39,154,44.13333333333333,-0.8015187382698059,0.2472145358121476
COHFACE_s29_session0_lamp,39,155,44.166666666666664,-0.8630189895629883,0.3881452289803872
COHFACE_s29_session0_lamp,39,156,44.2,-0.8412805795669556,0.5336091161515085
COHFACE_s29_session0_lamp,39,157,44.233333333333334,-0.40317031741142273,0.6808295500829086
COHFACE_s29_session0_lamp,39,158,44.266666666666666,0.49321508407592773,0.8259742591812893
COHFACE_s29_session0_lamp,39,159,44.3,1.243077039718628,0.961935121057775
COHFACE_s29_session0_lamp,39,160,44.333333333333336,1.480215072631836,1.07653018308703
COHFACE_s29_session0_lamp,39,161,44.36666666666667,1.4073264598846436,1.152900883868834
COHFACE_s29_session0_lamp,39,162,44.4,1.3371686935424805,1.1724329635217172
COHFACE_s29_session0_lamp,39,163,44.43333333333333,1.3647040128707886,1.1190509011968015
COHFACE_s29_session0_lamp,39,164,44.46666666666667,1.384138822555542,0.9834297401390911
COHFACE_s29_session0_lamp,39,165,44.5,1.2473922967910767,0.7661513918223294
COHFACE_s29_session0_lamp,39,166,44.53333333333333,0.9736449718475342,0.4791877100829143
COHFACE_s29_session0_lamp,39,167,44.56666666666667,0.7411033511161804,0.14511949660645584
COHFACE_s29_session0_lamp,39,168,44.6,0.6007716059684753,-0.20639398053817876
COHFACE_s29_session0_lamp,39,169,44.63333333333333,0.47561344504356384,-0.5445835331148413
COHFACE_s29_session0_lamp,39,170,44.666666666666664,0.31967002153396606,-0.8442042328324998
COHFACE_s29_session0_lamp,39,171,44.7,0.13008612394332886,-1.090184735407584
COHFACE_s29_session0_lamp,39,172,44.733333333333334,-0.06299106776714325,-1.2783869110499932
COHFACE_s29_session0_lamp,39,173,44.766666666666666,-0.22103263437747955,-1.4123887923223788
COHFACE_s29_session0_lamp,39,174,44.8,-0.3482078015804291,-1.4978760022316233
COHFACE_s29_session0_lamp,39,175,44.833333333333336,-0.45239537954330444,-1.5370284639168297
COHFACE_s29_session0_lamp,39,176,44.86666666666667,-0.5361586213111877,-1.5251112785307517
COHFACE_s29_session0_lamp,39,177,44.9,-0.6074627637863159,-1.4507212441674902
COHFACE_s29_session0_lamp,39,178,44.93333333333333,-0.6757766008377075,-1.3001242875900962
COHFACE_s29_session0_lamp,39,179,44.96666666666667,-0.7396020889282227,-1.0646093222747108
COHFACE_s29_session0_lamp,39,180,45.0,-0.8010482788085938,-0.7479068668927923
COHFACE_s29_session0_lamp,39,181,45.03333333333333,-0.858119785785675,-0.3697409494500176
COHFACE_s29_session0_lamp,39,182,45.06666666666667,-0.9124603867530823,0.03727793639815201
COHFACE_s29_session0_lamp,39,183,45.1,-0.9736254215240479,0.4370395407180105
COHFACE_s29_session0_lamp,39,184,45.13333333333333,-1.0233750343322754,0.8013997045180914
COHFACE_s29_session0_lamp,39,185,45.166666666666664,-0.8663716912269592,1.117254833321146
COHFACE_s29_session0_lamp,39,186,45.2,-0.15327581763267517,1.384084112609418
COHFACE_s29_session0_lamp,39,187,45.233333333333334,0.7885493636131287,1.6025737144191656
COHFACE_s29_session0_lamp,39,188,45.266666666666666,1.2934215068817139,1.762405817412328
COHFACE_s29_session0_lamp,39,189,45.3,1.3050153255462646,1.8393076880195043
COHFACE_s29_session0_lamp,39,190,45.333333333333336,1.186800479888916,1.8044420019420178
COHFACE_s29_session0_lamp,39,191,45.36666666666667,1.1619527339935303,1.6399552367542873
COHFACE_s29_session0_lamp,39,192,45.4,1.184350848197937,1.351249668330741
COHFACE_s29_session0_lamp,39,193,45.43333333333333,1.1206496953964233,0.9696541667294225
COHFACE_s29_session0_lamp,39,194,45.46666666666667,0.8787421584129333,0.5446623104578641
COHFACE_s29_session0_lamp,39,195,45.5,0.5618208646774292,0.12966501351284548
COHFACE_s29_session0_lamp,39,196,45.53333333333333,0.32940906286239624,-0.2325954958908943
COHFACE_s29_session0_lamp,39,197,45.56666666666667,0.1760774850845337,-0.5192454493690141
COHFACE_s29_session0_lamp,39,198,45.6,0.0221402645111084,-0.7284350437139882
COHFACE_s29_session0_lamp,39,199,45.63333333333333,-0.1630256474018097,-0.8733830020244783
COHFACE_s29_session0_lamp,39,200,45.666666666666664,-0.3577899932861328,-0.9731132982759079
COHFACE_s29_session0_lamp,39,201,45.7,-0.5392301082611084,-1.0443134002309669
COHFACE_s29_session0_lamp,39,202,45.733333333333334,-0.6889818906784058,-1.096985223639497
COHFACE_s29_session0_lamp,39,203,45.766666666666666,-0.8177414536476135,-1.1340137615164805
COHFACE_s29_session0_lamp,39,204,45.8,-0.9236108064651489,-1.1531911358079774
COHFACE_s29_session0_lamp,39,205,45.833333333333336,-1.013971209526062,-1.1499115881389557
COHFACE_s29_session0_lamp,39,206,45.86666666666667,-1.094057321548462,-1.119184293501749
COHFACE_s29_session0_lamp,39,207,45.9,-1.1675028800964355,-1.05638823909718
COHFACE_s29_session0_lamp,39,208,45.93333333333333,-1.2353084087371826,-0.9570216154975026
COHFACE_s29_session0_lamp,39,209,45.96666666666667,-1.2987229824066162,-0.8163019639360631
COHFACE_s29_session0_lamp,39,210,46.0,-1.356351375579834,-0.629634802505732
COHFACE_s29_session0_lamp,39,211,46.03333333333333,-1.4057602882385254,-0.39455792541723206
COHFACE_s29_session0_lamp,39,212,46.06666666666667,-1.4441324472427368,-0.11386765875769259
COHFACE_s29_session0_lamp,39,213,46.1,-1.4743553400039673,0.20139106541241078
COHFACE_s29_session0_lamp,39,214,46.13333333333333,-1.5065464973449707,0.5309320681058004
COHFACE_s29_session0_lamp,39,215,46.166666666666664,-1.5331248044967651,0.8474756986161142
COHFACE_s29_session0_lamp,39,216,46.2,-1.4130172729492188,1.1217341029856729
COHFACE_s29_session0_lamp,39,217,46.233333333333334,-0.8936150074005127,1.3280440015103083
COHFACE_s29_session0_lamp,39,218,46.266666666666666,-0.21232104301452637,1.4484126903321926
COHFACE_s29_session0_lamp,39,219,46.3,0.1706104278564453,1.4740495529888566
COHFACE_s29_session0_lamp,39,220,46.333333333333336,0.22884993255138397,1.4051721271115636
COHFACE_s29_session0_lamp,39,221,46.36666666666667,0.20537027716636658,1.2505355639163283
COHFACE_s29_session0_lamp,39,222,46.4,0.2483333945274353,1.027138311284134
COHFACE_s29_session0_lamp,39,223,46.43333333333333,0.3291332721710205,0.7591206687765113
COHFACE_s29_session0_lamp,39,224,46.46666666666667,0.34378236532211304,0.47458492783783307
COHFACE_s29_session0_lamp,39,225,46.5,0.2299044132232666,0.2002954739623869
COHFACE_s29_session0_lamp,39,226,46.53333333333333,0.06269161403179169,-0.04390879619570401
COHFACE_s29_session0_lamp,39,227,46.56666666666667,-0.05930851399898529,-0.24828112278766384
COHFACE_s29_session0_lamp,39,228,46.6,-0.1373613327741623,-0.4123400655183859
COHFACE_s29_session0_lamp,39,229,46.63333333333333,-0.21828018128871918,-0.5408367066695504
COHFACE_s29_session0_lamp,39,230,46.666666666666664,-0.32796725630760193,-0.63914961828991
COHFACE_s29_session0_lamp,39,231,46.7,-0.45071905851364136,-0.7106102458972265
COHFACE_s29_session0_lamp,39,232,46.733333333333334,-0.5634884834289551,-0.756198497929649
COHFACE_s29_session0_lamp,39,233,46.766666666666666,-0.6584399342536926,-0.7752593967737282
COHFACE_s29_session0_lamp,39,234,46.8,-0.739353358745575,-0.766142638415516
COHFACE_s29_session0_lamp,39,235,46.833333333333336,-0.8091596364974976,-0.7268917739056061
COHFACE_s29_session0_lamp,39,236,46.86666666666667,-0.8675181269645691,-0.6564980573231459
COHFACE_s29_session0_lamp,39,237,46.9,-0.9204311370849609,-0.5566082764814663
COHFACE_s29_session0_lamp,39,238,46.93333333333333,-0.9682610630989075,-0.4328023224135342
COHFACE_s29_session0_lamp,39,239,46.96666666666667,-1.0151771306991577,-0.29450896017575007
COHFACE_s29_session0_lamp,40,0,40.0,-0.6071059107780457,0.16327664799426153
COHFACE_s29_session0_lamp,40,1,40.03333333333333,0.7185375690460205,0.5786460836069702
COHFACE_s29_session0_lamp,40,2,40.06666666666667,1.914934754371643,0.9362769622878544
COHFACE_s29_session0_lamp,40,3,40.1,2.2306501865386963,1.1971270201685682
COHFACE_s29_session0_lamp,40,4,40.13333333333333,1.977997899055481,1.3483812110775033
COHFACE_s29_session0_lamp,40,5,40.166666666666664,1.7311803102493286,1.4038936928313919
COHFACE_s29_session0_lamp,40,6,40.2,1.6660839319229126,1.3935331075657715
COHFACE_s29_session0_lamp,40,7,40.233333333333334,1.6526299715042114,1.3463061808343284
COHFACE_s29_session0_lamp,40,8,40.266666666666666,1.4999743700027466,1.2751241834768785
COHFACE_s29_session0_lamp,40,9,40.3,1.1552635431289673,1.1705040964750424
COHFACE_s29_session0_lamp,40,10,40.333333333333336,0.8205189108848572,1.0072355594295923
COHFACE_s29_session0_lamp,40,11,40.36666666666667,0.6231967806816101,0.7618454346918633
COHFACE_s29_session0_lamp,40,12,40.4,0.48784536123275757,0.4313651245369496
COHFACE_s29_session0_lamp,40,13,40.43333333333333,0.32207638025283813,0.041738923616172964
COHFACE_s29_session0_lamp,40,14,40.46666666666667,0.10923454165458679,-0.35921695038987006
COHFACE_s29_session0_lamp,40,15,40.5,-0.11385464668273926,-0.7195406566585452
COHFACE_s29_session0_lamp,40,16,40.53333333333333,-0.304276704788208,-1.0012682674855444
COHFACE_s29_session0_lamp,40,17,40.56666666666667,-0.45484501123428345,-1.1897353373773834
COHFACE_s29_session0_lamp,40,18,40.6,-0.5738168954849243,-1.290392993408643
COHFACE_s29_session0_lamp,40,19,40.63333333333333,-0.6566121578216553,-1.3165824537257493
COHFACE_s29_session0_lamp,40,20,40.666666666666664,-0.7235578298568726,-1.2767321665503366
COHFACE_s29_session0_lamp,40,21,40.7,-0.7904386520385742,-1.1693219597727724
COHFACE_s29_session0_lamp,40,22,40.733333333333334,-0.8509547114372253,-0.9883973519039115
COHFACE_s29_session0_lamp,40,23,40.766666666666666,-0.9159753322601318,-0.7352890461985547
COHFACE_s29_session0_lamp,40,24,40.8,-0.9840728044509888,-0.42828815202046794
COHFACE_s29_session0_lamp,40,25,40.833333333333336,-1.046849250793457,-0.10348203157096342
COHFACE_s29_session0_lamp,40,26,40.86666666666667,-1.1023849248886108,0.19435436345118945
COHFACE_s29_session0_lamp,40,27,40.9,-1.1452291011810303,0.42583797656757283
COHFACE_s29_session0_lamp,40,28,40.93333333333333,-1.1724400520324707,0.5685075808604468
COHFACE_s29_session0_lamp,40,29,40.96666666666667,-1.194000005722046,0.6206200963749199
COHFACE_s29_session0_lamp,40,30,41.0,-1.2188639640808105,0.5974290031266182
COHFACE_s29_session0_lamp,40,31,41.03333333333333,-1.2555758953094482,0.5241757742016419
COHFACE_s29_session0_lamp,40,32,41.06666666666667,-1.205501914024353,0.4296754663426425
COHFACE_s29_session0_lamp,40,33,41.1,-0.5948577523231506,0.34161086987024974
COHFACE_s29_session0_lamp,40,34,41.13333333333333,0.6710753440856934,0.2828497010386232
COHFACE_s29_session0_lamp,40,35,41.166666666666664,1.68732488155365,0.26809915171927484
COHFACE_s29_session0_lamp,40,36,41.2,1.9082401990890503,0.30114968872119896
COHFACE_s29_session0_lamp,40,37,41.233333333333334,1.694311499595642,0.37384588627469634
COHFACE_s29_session0_lamp,40,38,41.266666666666666,1.508507490158081,0.46798297213578677
COHFACE_s29_session0_lamp,40,39,41.3,1.4764893054962158,0.5602431298649898
COHFACE_s29_session0_lamp,40,40,41.333333333333336,1.4712926149368286,0.6285709215343458
COHFACE_s29_session0_lamp,40,41,41.36666666666667,1.307746171951294,0.6574576277951276
COHFACE_s29_session0_lamp,40,42,41.4,0.9709411859512329,0.6403676599928466
COHFACE_s29_session0_lamp,40,43,41.43333333333333,0.6590273380279541,0.5791697287233756
COHFACE_s29_session0_lamp,40,44,41.46666666666667,0.4720768928527832,0.4816135536531976
COHFACE_s29_session0_lamp,40,45,41.5,0.32488831877708435,0.3582166666924518
COHFACE_s29_session0_lamp,40,46,41.53333333333333,0.14505426585674286,0.2195928172794799
COHFACE_s29_session0_lamp,40,47,41.56666666666667,-0.06411584466695786,0.07452148355349854
COHFACE_s29_session0_lamp,40,48,41.6,-0.27330759167671204,-0.07161338541805322
COHFACE_s29_session0_lamp,40,49,41.63333333333333,-0.448496550321579,-0.21825588626155767
COHFACE_s29_session0_lamp,40,50,41.666666666666664,-0.5878008604049683,-0.37021856104686407
COHFACE_s29_session0_lamp,40,51,41.7,-0.7011164426803589,-0.5359758833427755
COHFACE_s29_session0_lamp,40,52,41.733333333333334,-0.7851879000663757,-0.7232503419141733
COHFACE_s29_session0_lamp,40,53,41.766666666666666,-0.8558323383331299,-0.9331722013610736
COHFACE_s29_session0_lamp,40,54,41.8,-0.9247139692306519,-1.155488907296283
COHFACE_s29_session0_lamp,40,55,41.833333333333336,-0.9955044388771057,-1.3670671484961388
COHFACE_s29_session0_lamp,40,56,41.86666666666667,-1.0661813020706177,-1.5344446295986043
COHFACE_s29_session0_lamp,40,57,41.9,-1.1358362436294556,-1.6198229998928486
COHFACE_s29_session0_lamp,40,58,41.93333333333333,-1.2028791904449463,-1.5895785352176939
COHFACE_s29_session0_lamp,40,59,41.96666666666667,-1.260031819343567,-1.424174604869197
COHFACE_s29_session0_lamp,40,60,42.0,-1.3079266548156738,-1.1271987970718704
COHFACE_s29_session0_lamp,40,61,42.03333333333333,-1.3448548316955566,-0.7296287649014146
COHFACE_s29_session0_lamp,40,62,42.06666666666667,-1.3649007081985474,-0.28508614785903613
COHFACE_s29_session0_lamp,40,63,42.1,-1.3759808540344238,0.14527297378262977
COHFACE_s29_session0_lamp,40,64,42.13333333333333,-1.3915276527404785,0.5135374959994512
COHFACE_s29_session0_lamp,40,65,42.166666666666664,-1.4247571229934692,0.8012486404272893
COHFACE_s29_session0_lamp,40,66,42.2,-1.4214855432510376,1.0205615356017748
COHFACE_s29_session0_lamp,40,67,42.233333333333334,-1.0506508350372314,1.197857494292396
COHFACE_s29_session0_lamp,40,68,42.266666666666666,-0.07717511802911758,1.3501528786745363
COHFACE_s29_session0_lamp,40,69,42.3,0.8929100036621094,1.470972133764422
COHFACE_s29_session0_lamp,40,70,42.333333333333336,1.2672380208969116,1.5347886454424156
COHFACE_s29_session0_lamp,40,71,42.36666666666667,1.1850862503051758,1.5150855774979555
COHFACE_s29_session0_lamp,40,72,42.4,1.046701192855835,1.402547322934322
COHFACE_s29_session0_lamp,40,73,42.43333333333333,1.0353832244873047,1.2115734392227948
COHFACE_s29_session0_lamp,40,74,42.46666666666667,1.0822073221206665,0.9725582151750721
COHFACE_s29_session0_lamp,40,75,42.5,1.0193822383880615,0.716891645407005
COHFACE_s29_session0_lamp,40,76,42.53333333333333,0.7860835194587708,0.4648753087068405
COHFACE_s29_session0_lamp,40,77,42.56666666666667,0.5370650291442871,0.22292557978649716
COHFACE_s29_session0_lamp,40,78,42.6,0.3790397047996521,-0.010705008686707203
COHFACE_s29_session0_lamp,40,79,42.63333333333333,0.2592945396900177,-0.23751270077570705
COHFACE_s29_session0_lamp,40,80,42.666666666666664,0.11556139588356018,-0.4532121250515606
COHFACE_s29_session0_lamp,40,81,42.7,-0.051267459988594055,-0.6470150304287233
COHFACE_s29_session0_lamp,40,82,42.733333333333334,-0.2231632024049759,-0.8043697697434793
COHFACE_s29_session0_lamp,40,83,42.766666666666666,-0.3873964250087738,-0.9107645511563769
COHFACE_s29_session0_lamp,40,84,42.8,-0.5150258541107178,-0.9551145037696923
COHFACE_s29_session0_lamp,40,85,42.833333333333336,-0.6088092923164368,-0.9324979751812646
COHFACE_s29_session0_lamp,40,86,42.86666666666667,-0.6828118562698364,-0.8461924156661231
COHFACE_s29_session0_lamp,40,87,42.9,-0.7443499565124512,-0.708398897275907
COHFACE_s29_session0_lamp,40,88,42.93333333333333,-0.8019946217536926,-0.5387932659591197
COHFACE_s29_session0_lamp,40,89,42.96666666666667,-0.853020429611206,-0.36062199506928116
COHFACE_s29_session0_lamp,40,90,43.0,-0.8993578553199768,-0.19528438408529367
COHFACE_s29_session0_lamp,40,91,43.03333333333333,-0.9505404829978943,-0.05742696591990847
COHFACE_s29_session0_lamp,40,92,43.06666666666667,-0.9970725774765015,0.04732096981532008
COHFACE_s29_session0_lamp,40,93,43.1,-1.027955174446106,0.12103388163348353
COHFACE_s29_session0_lamp,40,94,43.13333333333333,-1.0474387407302856,0.16964044443429135
COHFACE_s29_session0_lamp,40,95,43.166666666666664,-1.065829873085022,0.19901245979100912
COHFACE_s29_session0_lamp,40,96,43.2,-1.0820903778076172,0.21321584667894788
COHFACE_s29_session0_lamp,40,97,43.233333333333334,-1.0993891954421997,0.2152494515974821
COHFACE_s29_session0_lamp,40,98,43.266666666666666,-1.1044560670852661,0.2083612553654668
COHFACE_s29_session0_lamp,40,99,43.3,-0.903624415397644,0.19564304243071326
COHFACE_s29_session0_lamp,40,100,43.333333333333336,-0.20621588826179504,0.17785638993173744
COHFACE_s29_session0_lamp,40,101,43.36666666666667,0.6495424509048462,0.1520039432627332
COHFACE_s29_session0_lamp,40,102,43.4,1.0890586376190186,0.11324117067513836
COHFACE_s29_session0_lamp,40,103,43.43333333333333,1.072641372680664,0.059954148178471854
COHFACE_s29_session0_lamp,40,104,43.46666666666667,0.9216187596321106,-0.0017051397579710649
COHFACE_s29_session0_lamp,40,105,43.5,0.8442581295967102,-0.058247451964932986
COHFACE_s29_session0_lamp,40,106,43.53333333333333,0.8368984460830688,-0.09504177316114966
COHFACE_s29_session0_lamp,40,107,43.56666666666667,0.7682061195373535,-0.10447671874491202
COHFACE_s29_session0_lamp,40,108,43.6,0.61639404296875,-0.09081379483479908
COHFACE_s29_session0_lamp,40,109,43.63333333333333,0.4957566261291504,-0.0686109245493821
COHFACE_s29_session0_lamp,40,110,43.666666666666664,0.4345538020133972,-0.05545291943348311
COHFACE_s29_session0_lamp,40,111,43.7,0.3615840673446655,-0.06304326107385134
COHFACE_s29_session0_lamp,40,112,43.733333333333334,0.23178623616695404,-0.09172956595511661
COHFACE_s29_session0_lamp,40,113,43.766666666666666,0.07030005753040314,-0.13159625261401509
COHFACE_s29_session0_lamp,40,114,43.8,-0.08718452602624893,-0.16929323080169342
COHFACE_s29_session0_lamp,40,115,43.833333333333336,-0.22506126761436462,-0.19627071239608382
COHFACE_s29_session0_lamp,40,116,43.86666666666667,-0.34859174489974976,-0.2133282213954492
COHFACE_s29_session0_lamp,40,117,43.9,-0.4349181354045868,-0.22869380560872804
COHFACE_s29_session0_lamp,40,118,43.93333333333333,-0.49408772587776184,-0.2508229938994244
COHFACE_s29_session0_lamp,40,119,43.96666666666667,-0.5481417775154114,-0.2803857154766095
COHFACE_s29_session0_lamp,40,120,44.0,-0.5940465927124023,-0.30648836908959204
COHFACE_s29_session0_lamp,40,121,44.03333333333333,-0.6396594643592834,-0.3096087085710402
COHFACE_s29_session0_lamp,40,122,44.06666666666667,-0.6879436373710632,-0.26947334285665664
COHFACE_s29_session0_lamp,40,123,44.1,-0.7385584712028503,-0.17326357791340521
COHFACE_s29_session0_lamp,40,124,44.13333333333333,-0.8015187382698059,-0.020157259063120797
COHFACE_s29_session0_lamp,40,125,44.166666666666664,-0.8630189895629883,0.17889989157984743
COHFACE_s29_session0_lamp,40,126,44.2,-0.8412805795669556,0.4047043529489467
COHFACE_s29_session0_lamp,40,127,44.233333333333334,-0.40317031741142273,0.6343211698981172
COHFACE_s29_session0_lamp,40,128,44.266666666666666,0.49321508407592773,0.8452664427724677
COHFACE_s29_session0_lamp,40,129,44.3,1.243077039718628,1.0188127006467276
COHFACE_s29_session0_lamp,40,130,44.333333333333336,1.480215072631836,1.1415580430335537
COHFACE_s29_session0_lamp,40,131,44.36666666666667,1.4073264598846436,1.2044741583272098
COHFACE_s29_session0_lamp,40,132,44.4,1.3371686935424805,1.2003991669719076
COHFACE_s29_session0_lamp,40,133,44.43333333333333,1.3647040128707886,1.1225654893648178
COHFACE_s29_session0_lamp,40,134,44.46666666666667,1.384138822555542,0.9661282283359208
COHFACE_s29_session0_lamp,40,135,44.5,1.2473922967910767,0.7322909669875829
COHFACE_s29_session0_lamp,40,136,44.53333333333333,0.9736449718475342,0.4324431363011948
COHFACE_s29_session0_lamp,40,137,44.56666666666667,0.7411033511161804,0.08931060298603502
COHFACE_s29_session0_lamp,40,138,44.6,0.6007716059684753,-0.26619323177847903
COHFACE_s29_session0_lamp,40,139,44.63333333333333,0.47561344504356384,-0.6013125954562565
COHFACE_s29_session0_lamp,40,140,44.666666666666664,0.31967002153396606,-0.888419776340832
COHFACE_s29_session0_lamp,40,141,44.7,0.13008612394332886,-1.1100403169796058
COHFACE_s29_session0_lamp,40,142,44.733333333333334,-0.06299106776714325,-1.2604438969219312
COHFACE_s29_session0_lamp,40,143,44.766666666666666,-0.22103263437747955,-1.3437476238503552
COHFACE_s29_session0_lamp,40,144,44.8,-0.3482078015804291,-1.3696137066639804
COHFACE_s29_session0_lamp,40,145,44.833333333333336,-0.45239537954330444,-1.3482039407999453
COHFACE_s29_session0_lamp,40,146,44.86666666666667,-0.5361586213111877,-1.2861163533398559
COHFACE_s29_session0_lamp,40,147,44.9,-0.6074627637863159,-1.18470200820609
COHFACE_s29_session0_lamp,40,148,44.93333333333333,-0.6757766008377075,-1.0414947826281442
COHFACE_s29_session0_lamp,40,149,44.96666666666667,-0.7396020889282227,-0.8543848901150827
COHFACE_s29_session0_lamp,40,150,45.0,-0.8010482788085938,-0.6267534476136823
COHFACE_s29_session0_lamp,40,151,45.03333333333333,-0.858119785785675,-0.3707158874325858
COHFACE_s29_session0_lamp,40,152,45.06666666666667,-0.9124603867530823,-0.10579498503639462
COHFACE_s29_session0_lamp,40,153,45.1,-0.9736254215240479,0.1475581023266948
COHFACE_s29_session0_lamp,40,154,45.13333333333333,-1.0233750343322754,0.3766662167738302
COHFACE_s29_session0_lamp,40,155,45.166666666666664,-0.8663716912269592,0.5819625066002421
COHFACE_s29_session0_lamp,40,156,45.2,-0.15327581763267517,0.7740247134756146
COHFACE_s29_session0_lamp,40,157,45.233333333333334,0.7885493636131287,0.9622529898321193
COHFACE_s29_session0_lamp,40,158,45.266666666666666,1.2934215068817139,1.1419400017033938
COHFACE_s29_session0_lamp,40,159,45.3,1.3050153255462646,1.2892621785650946
COHFACE_s29_session0_lamp,40,160,45.333333333333336,1.186800479888916,1.3688857680447821
COHFACE_s29_session0_lamp,40,161,45.36666666666667,1.1619527339935303,1.3503807222729005
COHFACE_s29_session0_lamp,40,162,45.4,1.184350848197937,1.2240309582881688
COHFACE_s29_session0_lamp,40,163,45.43333333333333,1.1206496953964233,1.0071780244441217
COHFACE_s29_session0_lamp,40,164,45.46666666666667,0.8787421584129333,0.7381056603855568
COHFACE_s29_session0_lamp,40,165,45.5,0.5618208646774292,0.46145257579673404
COHFACE_s29_session0_lamp,40,166,45.53333333333333,0.32940906286239624,0.212846441329724
COHFACE_s29_session0_lamp,40,167,45.56666666666667,0.1760774850845337,0.009502068758592653
COHFACE_s29_session0_lamp,40,168,45.6,0.0221402645111084,-0.1506549533642663
COHFACE_s29_session0_lamp,40,169,45.63333333333333,-0.1630256474018097,-0.283129669976831
COHFACE_s29_session0_lamp,40,170,45.666666666666664,-0.3577899932861328,-0.4080670014600939
COHFACE_s29_session0_lamp,40,171,45.7,-0.5392301082611084,-0.5419135516131258
COHFACE_s29_session0_lamp,40,172,45.733333333333334,-0.6889818906784058,-0.6914420314377997
COHFACE_s29_session0_lamp,40,173,45.766666666666666,-0.8177414536476135,-0.8508926492820678
COHFACE_s29_session0_lamp,40,174,45.8,-0.9236108064651489,-1.0026425094655151
COHFACE_s29_session0_lamp,40,175,45.833333333333336,-1.013971209526062,-1.1214550706939308
COHFACE_s29_session0_lamp,40,176,45.86666666666667,-1.094057321548462,-1.1812558289576467
COHFACE_s29_session0_lamp,40,177,45.9,-1.1675028800964355,-1.1622644947052974
COHFACE_s29_session0_lamp,40,178,45.93333333333333,-1.2353084087371826,-1.0561830459829502
COHFACE_s29_session0_lamp,40,179,45.96666666666667,-1.2987229824066162,-0.8678952270821112
COHFACE_s29_session0_lamp,40,180,46.0,-1.356351375579834,-0.6132690743108197
COHFACE_s29_session0_lamp,40,181,46.03333333333333,-1.4057602882385254,-0.314050872939946
COHFACE_s29_session0_lamp,40,182,46.06666666666667,-1.4441324472427368,0.007797691051575542
COHFACE_s29_session0_lamp,40,183,46.1,-1.4743553400039673,0.3336070881898248
COHFACE_s29_session0_lamp,40,184,46.13333333333333,-1.5065464973449707,0.6478967549571495
COHFACE_s29_session0_lamp,40,185,46.166666666666664,-1.5331248044967651,0.935380985786374
COHFACE_s29_session0_lamp,40,186,46.2,-1.4130172729492188,1.1775854343988752
COHFACE_s29_session0_lamp,40,187,46.233333333333334,-0.8936150074005127,1.3519597091277797
COHFACE_s29_session0_lamp,40,188,46.266666666666666,-0.21232104301452637,1.4350767942482183
COHFACE_s29_session0_lamp,40,189,46.3,0.1706104278564453,1.4091653209438701
COHFACE_s29_session0_lamp,40,190,46.333333333333336,0.22884993255138397,1.2690811691985697
COHFACE_s29_session0_lamp,40,191,46.36666666666667,0.20537027716636658,1.0262712742817426
COHFACE_s29_session0_lamp,40,192,46.4,0.2483333945274353,0.7077782781417348
COHFACE_s29_session0_lamp,40,193,46.43333333333333,0.3291332721710205,0.3506919145850603
COHFACE_s29_session0_lamp,40,194,46.46666666666667,0.34378236532211304,-0.0058395832695338065
COHFACE_s29_session0_lamp,40,195,46.5,0.2299044132232666,-0.3283004367705304
COHFACE_s29_session0_lamp,40,196,46.53333333333333,0.06269161403179169,-0.593772582954643
COHFACE_s29_session0_lamp,40,197,46.56666666666667,-0.05930851399898529,-0.7909414194445198
COHFACE_s29_session0_lamp,40,198,46.6,-0.1373613327741623,-0.9176707181863565
COHFACE_s29_session0_lamp,40,199,46.63333333333333,-0.21828018128871918,-0.9770935856635741
COHFACE_s29_session0_lamp,40,200,46.666666666666664,-0.32796725630760193,-0.9744179262767513
COHFACE_s29_session0_lamp,40,201,46.7,-0.45071905851364136,-0.9156736469787985
COHFACE_s29_session0_lamp,40,202,46.733333333333334,-0.5634884834289551,-0.8080946377732454
COHFACE_s29_session0_lamp,40,203,46.766666666666666,-0.6584399342536926,-0.6608136098670413
COHFACE_s29_session0_lamp,40,204,46.8,-0.739353358745575,-0.4847348539819606
COHFACE_s29_session0_lamp,40,205,46.833333333333336,-0.8091596364974976,-0.2914575302931589
COHFACE_s29_session0_lamp,40,206,46.86666666666667,-0.8675181269645691,-0.09208416582851489
COHFACE_s29_session0_lamp,40,207,46.9,-0.9204311370849609,0.10293820096720775
COHFACE_s29_session0_lamp,40,208,46.93333333333333,-0.9682610630989075,0.28237865458088185
COHFACE_s29_session0_lamp,40,209,46.96666666666667,-1.0151771306991577,0.43200560229149926
COHFACE_s29_session0_lamp,40,210,47.0,-1.0560691356658936,0.533823902610458
COHFACE_s29_session0_lamp,40,211,47.03333333333333,-1.0945385694503784,0.5688873758082285
COHFACE_s29_session0_lamp,40,212,47.06666666666667,-1.1263675689697266,0.5235514485820173
COHFACE_s29_session0_lamp,40,213,47.1,-1.153356671333313,0.3962816936010552
COHFACE_s29_session0_lamp,40,214,47.13333333333333,-1.1792806386947632,0.20115183947540138
COHFACE_s29_session0_lamp,40,215,47.166666666666664,-1.1943676471710205,-0.03413437300633041
COHFACE_s29_session0_lamp,40,216,47.2,-1.2059507369995117,-0.27450316819947707
COHFACE_s29_session0_lamp,40,217,47.233333333333334,-1.2193019390106201,-0.48466618022904906
COHFACE_s29_session0_lamp,40,218,47.266666666666666,-1.2315285205841064,-0.6345975043509259
COHFACE_s29_session0_lamp,40,219,47.3,-1.2312257289886475,-0.7030271255801336
COHFACE_s29_session0_lamp,40,220,47.333333333333336,-1.2387638092041016,-0.6798845460719858
COHFACE_s29_session0_lamp,40,221,47.36666666666667,-1.255046010017395,-0.5681944642858605
COHFACE_s29_session0_lamp,40,222,47.4,-1.1709908246994019,-0.3846663088213056
COHFACE_s29_session0_lamp,40,223,47.43333333333333,-0.7515258193016052,-0.15748679310850622
COHFACE_s29_session0_lamp,40,224,47.46666666666667,-0.1918533891439438,0.07942818951280568
COHFACE_s29_session0_lamp,40,225,47.5,0.09103807806968689,0.2944499249495454
COHFACE_s29_session0_lamp,40,226,47.53333333333333,0.1077258288860321,0.4652615534768532
COHFACE_s29_session0_lamp,40,227,47.56666666666667,0.07985522598028183,0.5815368682353296
COHFACE_s29_session0_lamp,40,228,47.6,0.11530724167823792,0.6424013613843683
COHFACE_s29_session0_lamp,40,229,47.63333333333333,0.20431038737297058,0.6510307656611769
COHFACE_s29_session0_lamp,40,230,47.666666666666664,0.2658647298812866,0.6103051594847575
COHFACE_s29_session0_lamp,40,231,47.7,0.22440491616725922,0.5225108706176848
COHFACE_s29_session0_lamp,40,232,47.733333333333334,0.13214099407196045,0.39329980823985294
COHFACE_s29_session0_lamp,40,233,47.766666666666666,0.0745449960231781,0.23693812674010065
COHFACE_s29_session0_lamp,40,234,47.8,0.044965606182813644,0.0781961024444416
COHFACE_s29_session0_lamp,40,235,47.833333333333336,0.004003283567726612,-0.05221250263821544
COHFACE_s29_session0_lamp,40,236,47.86666666666667,-0.06101730465888977,-0.12731774787112898
COHFACE_s29_session0_lamp,40,237,47.9,-0.13951896131038666,-0.13379599879963947
COHFACE_s29_session0_lamp,40,238,47.93333333333333,-0.2120344340801239,-0.07741515318994395
COHFACE_s29_session0_lamp,40,239,47.96666666666667,-0.27371856570243835,0.01799931789689815
COHFACE_s29_session0_lamp,41,0,41.0,-1.2188639640808105,0.062513088180732
COHFACE_s29_session0_lamp,41,1,41.03333333333333,-1.2555758953094482,0.34752345005029167
COHFACE_s29_session0_lamp,41,2,41.06666666666667,-1.205501914024353,0.6091565018600165
COHFACE_s29_session0_lamp,41,3,41.1,-0.5948577523231506,0.8336770295526388
COHFACE_s29_session0_lamp,41,4,41.13333333333333,0.6710753440856934,1.023077812221629
COHFACE_s29_session0_lamp,41,5,41.166666666666664,1.68732488155365,1.1929792014610807
COHFACE_s29_session0_lamp,41,6,41.2,1.9082401990890503,1.3625177603394032
COHFACE_s29_session0_lamp,41,7,41.233333333333334,1.694311499595642,1.5408404245617346
COHFACE_s29_session0_lamp,41,8,41.266666666666666,1.508507490158081,1.7173071669985926
COHFACE_s29_session0_lamp,41,9,41.3,1.4764893054962158,1.861203988498979
COHFACE_s29_session0_lamp,41,10,41.333333333333336,1.4712926149368286,1.932365595138778
COHFACE_s29_session0_lamp,41,11,41.36666666666667,1.307746171951294,1.8980915544450858
COHFACE_s29_session0_lamp,41,12,41.4,0.9709411859512329,1.7470775108739114
COHFACE_s29_session0_lamp,41,13,41.43333333333333,0.6590273380279541,1.492283827044462
COHFACE_s29_session0_lamp,41,14,41.46666666666667,0.4720768928527832,1.1624977449909517
COHFACE_s29_session0_lamp,41,15,41.5,0.32488831877708435,0.7898941577018985
COHFACE_s29_session0_lamp,41,16,41.53333333333333,0.14505426585674286,0.40144872791643726
COHFACE_s29_session0_lamp,41,17,41.56666666666667,-0.06411584466695786,0.016902024168753353
COHFACE_s29_session0_lamp,41,18,41.6,-0.27330759167671204,-0.34944534233658386
COHFACE_s29_session0_lamp,41,19,41.63333333333333,-0.448496550321579,-0.6873668235412932
COHFACE_s29_session0_lamp,41,20,41.666666666666664,-0.5878008604049683,-0.9911585625528332
COHFACE_s29_session0_lamp,41,21,41.7,-0.7011164426803589,-1.2598729259263965
COHFACE_s29_session0_lamp,41,22,41.733333333333334,-0.7851879000663757,-1.4951406576657065
COHFACE_s29_session0_lamp,41,23,41.766666666666666,-0.8558323383331299,-1.6967767630401316
COHFACE_s29_session0_lamp,41,24,41.8,-0.9247139692306519,-1.8585236490347723
COHFACE_s29_session0_lamp,41,25,41.833333333333336,-0.9955044388771057,-1.9665368007040371
COHFACE_s29_session0_lamp,41,26,41.86666666666667,-1.0661813020706177,-2.0015828499089294
COHFACE_s29_session0_lamp,41,27,41.9,-1.1358362436294556,-1.9439959161500153
COHFACE_s29_session0_lamp,41,28,41.93333333333333,-1.2028791904449463,-1.7797086654206677
COHFACE_s29_session0_lamp,41,29,41.96666666666667,-1.260031819343567,-1.5059078893327815
COHFACE_s29_session0_lamp,41,30,42.0,-1.3079266548156738,-1.1350862929162915
COHFACE_s29_session0_lamp,41,31,42.03333333333333,-1.3448548316955566,-0.6960139837020974
COHFACE_s29_session0_lamp,41,32,42.06666666666667,-1.3649007081985474,-0.22991062304269594
COHFACE_s29_session0_lamp,41,33,42.1,-1.3759808540344238,0.21876216927423825
COHFACE_s29_session0_lamp,41,34,42.13333333333333,-1.3915276527404785,0.6144266840272175
COHFACE_s29_session0_lamp,41,35,42.166666666666664,-1.4247571229934692,0.9398085979246998
COHFACE_s29_session0_lamp,41,36,42.2,-1.4214855432510376,1.1965858286365583
COHFACE_s29_session0_lamp,41,37,42.233333333333334,-1.0506508350372314,1.3955899698044982
COHFACE_s29_session0_lamp,41,38,42.266666666666666,-0.07717511802911758,1.542522767460458
COHFACE_s29_session0_lamp,41,39,42.3,0.8929100036621094,1.6292751274297619
COHFACE_s29_session0_lamp,41,40,42.333333333333336,1.2672380208969116,1.636847120420651
COHFACE_s29_session0_lamp,41,41,42.36666666666667,1.1850862503051758,1.5474818774303862
COHFACE_s29_session0_lamp,41,42,42.4,1.046701192855835,1.3578627155863918
COHFACE_s29_session0_lamp,41,43,42.43333333333333,1.0353832244873047,1.0852638407067428
COHFACE_s29_session0_lamp,41,44,42.46666666666667,1.0822073221206665,0.7635196565664154
COHFACE_s29_session0_lamp,41,45,42.5,1.0193822383880615,0.43185790679092484
COHFACE_s29_session0_lamp,41,46,42.53333333333333,0.7860835194587708,0.12309303281977543
COHFACE_s29_session0_lamp,41,47,42.56666666666667,0.5370650291442871,-0.14312105430649236
COHFACE_s29_session0_lamp,41,48,42.6,0.3790397047996521,-0.3602076796227301
COHFACE_s29_session0_lamp,41,49,42.63333333333333,0.2592945396900177,-0.529995509242537
COHFACE_s29_session0_lamp,41,50,42.666666666666664,0.11556139588356018,-0.6572045726066635
COHFACE_s29_session0_lamp,41,51,42.7,-0.051267459988594055,-0.7458154978005417
COHFACE_s29_session0_lamp,41,52,42.733333333333334,-0.2231632024049759,-0.7980196394762276
COHFACE_s29_session0_lamp,41,53,42.766666666666666,-0.3873964250087738,-0.8148932006053756
COHFACE_s29_session0_lamp,41,54,42.8,-0.5150258541107178,-0.797585152706416
COHFACE_s29_session0_lamp,41,55,42.833333333333336,-0.6088092923164368,-0.7482757587163572
COHFACE_s29_session0_lamp,41,56,42.86666666666667,-0.6828118562698364,-0.6706880558690427
COHFACE_s29_session0_lamp,41,57,42.9,-0.7443499565124512,-0.5702169695229035
COHFACE_s29_session0_lamp,41,58,42.93333333333333,-0.8019946217536926,-0.45379297552864817
COHFACE_s29_session0_lamp,41,59,42.96666666666667,-0.853020429611206,-0.3294598090526482
COHFACE_s29_session0_lamp,41,60,43.0,-0.8993578553199768,-0.2054851796921608
COHFACE_s29_session0_lamp,41,61,43.03333333333333,-0.9505404829978943,-0.08898458179647345
COHFACE_s29_session0_lamp,41,62,43.06666666666667,-0.9970725774765015,0.015412744732971507
COHFACE_s29_session0_lamp,41,63,43.1,-1.027955174446106,0.10594539359720814
COHFACE_s29_session0_lamp,41,64,43.13333333333333,-1.0474387407302856,0.1826163979346396
COHFACE_s29_session0_lamp,41,65,43.166666666666664,-1.065829873085022,0.24521154599882522
COHFACE_s29_session0_lamp,41,66,43.2,-1.0820903778076172,0.29216552506688215
COHFACE_s29_session0_lamp,41,67,43.233333333333334,-1.0993891954421997,0.32167696509349436
COHFACE_s29_session0_lamp,41,68,43.266666666666666,-1.1044560670852661,0.334363915287618
COHFACE_s29_session0_lamp,41,69,43.3,-0.903624415397644,0.33491188367805064
COHFACE_s29_session0_lamp,41,70,43.333333333333336,-0.20621588826179504,0.3306750390266026
COHFACE_s29_session0_lamp,41,71,43.36666666666667,0.6495424509048462,0.3277335388236356
COHFACE_s29_session0_lamp,41,72,43.4,1.0890586376190186,0.327431527117914
COHFACE_s29_session0_lamp,41,73,43.43333333333333,1.072641372680664,0.3264809468525657
COHFACE_s29_session0_lamp,41,74,43.46666666666667,0.9216187596321106,0.3207096317993738
COHFACE_s29_session0_lamp,41,75,43.5,0.8442581295967102,0.30920043179021944
COHFACE_s29_session0_lamp,41,76,43.53333333333333,0.8368984460830688,0.29505417061331074
COHFACE_s29_session0_lamp,41,77,43.56666666666667,0.7682061195373535,0.28172995120405836
COHFACE_s29_session0_lamp,41,78,43.6,0.61639404296875,0.26780025293062415
COHFACE_s29_session0_lamp,41,79,43.63333333333333,0.4957566261291504,0.24465196858988175
COHFACE_s29_session0_lamp,41,80,43.666666666666664,0.4345538020133972,0.19942902047147196
COHFACE_s29_session0_lamp,41,81,43.7,0.3615840673446655,0.12150201356085517
COHFACE_s29_session0_lamp,41,82,43.733333333333334,0.23178623616695404,0.008328856393021737
COHFACE_s29_session0_lamp,41,83,43.766666666666666,0.07030005753040314,-0.13282299678883738
COHFACE_s29_session0_lamp,41,84,43.8,-0.08718452602624893,-0.2878929076249134
COHFACE_s29_session0_lamp,41,85,43.833333333333336,-0.22506126761436462,-0.44139761999861676
COHFACE_s29_session0_lamp,41,86,43.86666666666667,-0.34859174489974976,-0.5808036950661353
COHFACE_s29_session0_lamp,41,87,43.9,-0.4349181354045868,-0.6978318758491117
COHFACE_s29_session0_lamp,41,88,43.93333333333333,-0.49408772587776184,-0.7869717092971094
COHFACE_s29_session0_lamp,41,89,43.96666666666667,-0.5481417775154114,-0.8432211218614891
COHFACE_s29_session0_lamp,41,90,44.0,-0.5940465927124023,-0.8610838368194211
COHFACE_s29_session0_lamp,41,91,44.03333333333333,-0.6396594643592834,-0.8354485041653312
COHFACE_s29_session0_lamp,41,92,44.06666666666667,-0.6879436373710632,-0.7633305180427332
COHFACE_s29_session0_lamp,41,93,44.1,-0.7385584712028503,-0.6448592729940361
COHFACE_s29_session0_lamp,41,94,44.13333333333333,-0.8015187382698059,-0.4827896835588813
COHFACE_s29_session0_lamp,41,95,44.166666666666664,-0.8630189895629883,-0.28124084543034417
COHFACE_s29_session0_lamp,41,96,44.2,-0.8412805795669556,-0.04502098574657634
COHFACE_s29_session0_lamp,41,97,44.233333333333334,-0.40317031741142273,0.21963544709462937
COHFACE_s29_session0_lamp,41,98,44.266666666666666,0.49321508407592773,0.5033145313545562
COHFACE_s29_session0_lamp,41,99,44.3,1.243077039718628,0.7918477752261995
COHFACE_s29_session0_lamp,41,100,44.333333333333336,1.480215072631836,1.0658251296874368
COHFACE_s29_session0_lamp,41,101,44.36666666666667,1.4073264598846436,1.3014019791399585
COHFACE_s29_session0_lamp,41,102,44.4,1.3371686935424805,1.4723688935216799
COHFACE_s29_session0_lamp,41,103,44.43333333333333,1.3647040128707886,1.553623600608543
COHFACE_s29_session0_lamp,41,104,44.46666666666667,1.384138822555542,1.5261261278093465
COHFACE_s29_session0_lamp,41,105,44.5,1.2473922967910767,1.382547529094091
COHFACE_s29_session0_lamp,41,106,44.53333333333333,0.9736449718475342,1.1314097517618582
COHFACE_s29_session0_lamp,41,107,44.56666666666667,0.7411033511161804,0.7971106314048819
COHFACE_s29_session0_lamp,41,108,44.6,0.6007716059684753,0.41487684734058705
COHFACE_s29_session0_lamp,41,109,44.63333333333333,0.47561344504356384,0.022287976215840572
COHFACE_s29_session0_lamp,41,110,44.666666666666664,0.31967002153396606,-0.3492771115968495
COHFACE_s29_session0_lamp,41,111,44.7,0.13008612394332886,-0.6799976195870371
COHFACE_s29_session0_lamp,41,112,44.733333333333334,-0.06299106776714325,-0.9621462384363735
COHFACE_s29_session0_lamp,41,113,44.766666666666666,-0.22103263437747955,-1.1963028384869367
COHFACE_s29_session0_lamp,41,114,44.8,-0.3482078015804291,-1.385247359078448
COHFACE_s29_session0_lamp,41,115,44.833333333333336,-0.45239537954330444,-1.5281113707358467
COHFACE_s29_session0_lamp,41,116,44.86666666666667,-0.5361586213111877,-1.6171498073453712
COHFACE_s29_session0_lamp,41,117,44.9,-0.6074627637863159,-1.6385244436651571
COHFACE_s29_session0_lamp,41,118,44.93333333333333,-0.6757766008377075,-1.5769377481038451
COHFACE_s29_session0_lamp,41,119,44.96666666666667,-0.7396020889282227,-1.4223411513122493
COHFACE_s29_session0_lamp,41,120,45.0,-0.8010482788085938,-1.1759078986766125
COHFACE_s29_session0_lamp,41,121,45.03333333333333,-0.858119785785675,-0.8524808253978908
COHFACE_s29_session0_lamp,41,122,45.06666666666667,-0.9124603867530823,-0.47794993896477833
COHFACE_s29_session0_lamp,41,123,45.1,-0.9736254215240479,-0.08225576124904403
COHFACE_s29_session0_lamp,41,124,45.13333333333333,-1.0233750343322754,0.3088455200291607
COHFACE_s29_session0_lamp,41,125,45.166666666666664,-0.8663716912269592,0.678826510242641
COHFACE_s29_session0_lamp,41,126,45.2,-0.15327581763267517,1.0189243477990342
COHFACE_s29_session0_lamp,41,127,45.233333333333334,0.7885493636131287,1.3208012210352926
COHFACE_s29_session0_lamp,41,128,45.266666666666666,1.2934215068817139,1.568884306453195
COHFACE_s29_session0_lamp,41,129,45.3,1.3050153255462646,1.7390693259878824
COHFACE_s29_session0_lamp,41,130,45.333333333333336,1.186800479888916,1.8055639726809045
COHFACE_s29_session0_lamp,41,131,45.36666666666667,1.1619527339935303,1.751457068099646
COHFACE_s29_session0_lamp,41,132,45.4,1.184350848197937,1.5767300441783743
COHFACE_s29_session0_lamp,41,133,45.43333333333333,1.1206496953964233,1.2998686077518762
COHFACE_s29_session0_lamp,41,134,45.46666666666667,0.8787421584129333,0.9530053047875437
COHFACE_s29_session0_lamp,41,135,45.5,0.5618208646774292,0.5734269405846828
COHFACE_s29_session0_lamp,41,136,45.53333333333333,0.32940906286239624,0.19526545019923222
COHFACE_s29_session0_lamp,41,137,45.56666666666667,0.1760774850845337,-0.15578708942374989
COHFACE_s29_session0_lamp,41,138,45.6,0.0221402645111084,-0.4639750376665868
COHFACE_s29_session0_lamp,41,139,45.63333333333333,-0.1630256474018097,-0.7221838164397341
COHFACE_s29_session0_lamp,41,140,45.666666666666664,-0.3577899932861328,-0.9293594323763947
COHFACE_s29_session0_lamp,41,141,45.7,-0.5392301082611084,-1.0877582040097935
COHFACE_s29_session0_lamp,41,142,45.733333333333334,-0.6889818906784058,-1.2006434157382635
COHFACE_s29_session0_lamp,41,143,45.766666666666666,-0.8177414536476135,-1.2707074695617953
COHFACE_s29_session0_lamp,41,144,45.8,-0.9236108064651489,-1.2992493200790365
COHFACE_s29_session0_lamp,41,145,45.833333333333336,-1.013971209526062,-1.2859230268247959
COHFACE_s29_session0_lamp,41,146,45.86666666666667,-1.094057321548462,-1.2287496801418374
COHFACE_s29_session0_lamp,41,147,45.9,-1.1675028800964355,-1.1242497926321529
COHFACE_s29_session0_lamp,41,148,45.93333333333333,-1.2353084087371826,-0.9680022958425447
COHFACE_s29_session0_lamp,41,149,45.96666666666667,-1.2987229824066162,-0.7561948058484496
COHFACE_s29_session0_lamp,41,150,46.0,-1.356351375579834,-0.4883874355000449
COHFACE_s29_session0_lamp,41,151,46.03333333333333,-1.4057602882385254,-0.17094454812438217
COHFACE_s29_session0_lamp,41,152,46.06666666666667,-1.4441324472427368,0.18014252852814627
COHFACE_s29_session0_lamp,41,153,46.1,-1.4743553400039673,0.5386720726791366
COHFACE_s29_session0_lamp,41,154,46.13333333333333,-1.5065464973449707,0.8711826854626782
COHFACE_s29_session0_lamp,41,155,46.166666666666664,-1.5331248044967651,1.1433689787553376
COHFACE_s29_session0_lamp,41,156,46.2,-1.4130172729492188,1.3278582212006163
COHFACE_s29_session0_lamp,41,157,46.233333333333334,-0.8936150074005127,1.4100628944054545
COHFACE_s29_session0_lamp,41,158,46.266666666666666,-0.21232104301452637,1.3896885762162599
COHFACE_s29_session0_lamp,41,159,46.3,0.1706104278564453,1.2778234904032493
COHFACE_s29_session0_lamp,41,160,46.333333333333336,0.22884993255138397,1.0918067861032479
COHFACE_s29_session0_lamp,41,161,46.36666666666667,0.20537027716636658,0.8508351008404856
COHFACE_s29_session0_lamp,41,162,46.4,0.2483333945274353,0.5740675564783825
COHFACE_s29_session0_lamp,41,163,46.43333333333333,0.3291332721710205,0.28085111022430376
COHFACE_s29_session0_lamp,41,164,46.46666666666667,0.34378236532211304,-0.00880719536880652
COHFACE_s29_session0_lamp,41,165,46.5,0.2299044132232666,-0.2752156976135908
COHFACE_s29_session0_lamp,41,166,46.53333333333333,0.06269161403179169,-0.5014484171985425
COHFACE_s29_session0_lamp,41,167,46.56666666666667,-0.05930851399898529,-0.6757454105618743
COHFACE_s29_session0_lamp,41,168,46.6,-0.1373613327741623,-0.7923369041372882
COHFACE_s29_session0_lamp,41,169,46.63333333333333,-0.21828018128871918,-0.8504687655206417
COHFACE_s29_session0_lamp,41,170,46.666666666666664,-0.32796725630760193,-0.8527740175992077
COHFACE_s29_session0_lamp,41,171,46.7,-0.45071905851364136,-0.8043966915364494
COHFACE_s29_session0_lamp,41,172,46.733333333333334,-0.5634884834289551,-0.7131779311470162
COHFACE_s29_session0_lamp,41,173,46.766666666666666,-0.6584399342536926,-0.5899006396001251
COHFACE_s29_session0_lamp,41,174,46.8,-0.739353358745575,-0.4473597287109317
COHFACE_s29_session0_lamp,41,175,46.833333333333336,-0.8091596364974976,-0.29804922807313494
COHFACE_s29_session0_lamp,41,176,46.86666666666667,-0.8675181269645691,-0.1517069624164281
COHFACE_s29_session0_lamp,41,177,46.9,-0.9204311370849609,-0.014536446137249864
COHFACE_s29_session0_lamp,41,178,46.93333333333333,-0.9682610630989075,0.10909110484922219
COHFACE_s29_session0_lamp,41,179,46.96666666666667,-1.0151771306991577,0.2135874878747523
COHFACE_s29_session0_lamp,41,180,47.0,-1.0560691356658936,0.29027091462604104
COHFACE_s29_session0_lamp,41,181,47.03333333333333,-1.0945385694503784,0.32869382004059755
COHFACE_s29_session0_lamp,41,182,47.06666666666667,-1.1263675689697266,0.32083532785167396
COHFACE_s29_session0_lamp,41,183,47.1,-1.153356671333313,0.2655582331346626
COHFACE_s29_session0_lamp,41,184,47.13333333333333,-1.1792806386947632,0.1705431299035211
COHFACE_s29_session0_lamp,41,185,47.166666666666664,-1.1943676471710205,0.050697422947900105
COHFACE_s29_session0_lamp,41,186,47.2,-1.2059507369995117,-0.07569274429957984
COHFACE_s29_session0_lamp,41,187,47.233333333333334,-1.2193019390106201,-0.19072230878252822
COHFACE_s29_session0_lamp,41,188,47.266666666666666,-1.2315285205841064,-0.2790072006269941
COHFACE_s29_session0_lamp,41,189,47.3,-1.2312257289886475,-0.32831488055758057
COHFACE_s29_session0_lamp,41,190,47.333333333333336,-1.2387638092041016,-0.32976425535572235
COHFACE_s29_session0_lamp,41,191,47.36666666666667,-1.255046010017395,-0.2784864013032129
COHFACE_s29_session0_lamp,41,192,47.4,-1.1709908246994019,-0.17471615428703077
COHFACE_s29_session0_lamp,41,193,47.43333333333333,-0.7515258193016052,-0.024480575804110085
COHFACE_s29_session0_lamp,41,194,47.46666666666667,-0.1918533891439438,0.16095628318618183
COHFACE_s29_session0_lamp,41,195,47.5,0.09103807806968689,0.36695601521851007
COHFACE_s29_session0_lamp,41,196,47.53333333333333,0.1077258288860321,0.577751797868809
COHFACE_s29_session0_lamp,41,197,47.56666666666667,0.07985522598028183,0.7777389704786044
COHFACE_s29_session0_lamp,41,198,47.6,0.11530724167823792,0.9510940039087805
COHFACE_s29_session0_lamp,41,199,47.63333333333333,0.20431038737297058,1.0803831170191667
COHFACE_s29_session0_lamp,41,200,47.666666666666664,0.2658647298812866,1.1460644070975259
COHFACE_s29_session0_lamp,41,201,47.7,0.22440491616725922,1.1287758078611632
COHFACE_s29_session0_lamp,41,202,47.733333333333334,0.13214099407196045,1.014628919319322
COHFACE_s29_session0_lamp,41,203,47.766666666666666,0.0745449960231781,0.8014034741989134
COHFACE_s29_session0_lamp,41,204,47.8,0.044965606182813644,0.5022252824991177
COHFACE_s29_session0_lamp,41,205,47.833333333333336,0.004003283567726612,0.1442995554386493
COHFACE_s29_session0_lamp,41,206,47.86666666666667,-0.06101730465888977,-0.23677386466496075
COHFACE_s29_session0_lamp,41,207,47.9,-0.13951896131038666,-0.6042520548837383
COHFACE_s29_session0_lamp,41,208,47.93333333333333,-0.2120344340801239,-0.9264899474241736
COHFACE_s29_session0_lamp,41,209,47.96666666666667,-0.27371856570243835,-1.181186123157242
COHFACE_s29_session0_lamp,41,210,48.0,-0.3241819739341736,-1.3574527889152854
COHFACE_s29_session0_lamp,41,211,48.03333333333333,-0.3754078447818756,-1.4553186584873148
COHFACE_s29_session0_lamp,41,212,48.06666666666667,-0.42369744181632996,-1.4821302755426524
COHFACE_s29_session0_lamp,41,213,48.1,-0.4582139253616333,-1.446465130668239
COHFACE_s29_session0_lamp,41,214,48.13333333333333,-0.4968942701816559,-1.3524486442328887
COHFACE_s29_session0_lamp,41,215,48.166666666666664,-0.5396735072135925,-1.1983056748674485
COHFACE_s29_session0_lamp,41,216,48.2,-0.5729246735572815,-0.9807110516556655
COHFACE_s29_session0_lamp,41,217,48.233333333333334,-0.5998705625534058,-0.7025220295286538
COHFACE_s29_session0_lamp,41,218,48.266666666666666,-0.6334569454193115,-0.3787425580719962
COHFACE_s29_session0_lamp,41,219,48.3,-0.6661889553070068,-0.03604668743279984
COHFACE_s29_session0_lamp,41,220,48.333333333333336,-0.6864889860153198,0.29499155970615326
COHFACE_s29_session0_lamp,41,221,48.36666666666667,-0.7042312026023865,0.5905614554118858
COHFACE_s29_session0_lamp,41,222,48.4,-0.7239255905151367,0.8395384386960508
COHFACE_s29_session0_lamp,41,223,48.43333333333333,-0.7421815395355225,1.0396512083005365
COHFACE_s29_session0_lamp,41,224,48.46666666666667,-0.759583055973053,1.1870180392621934
COHFACE_s29_session0_lamp,41,225,48.5,-0.7341296672821045,1.2683793695665755
COHFACE_s29_session0_lamp,41,226,48.53333333333333,-0.44931307435035706,1.2632179550278704
COHFACE_s29_session0_lamp,41,227,48.56666666666667,0.05776531621813774,1.1549898020858114
COHFACE_s29_session0_lamp,41,228,48.6,0.3926992118358612,0.9437567700265072
COHFACE_s29_session0_lamp,41,229,48.63333333333333,0.46887022256851196,0.6516238743684449
COHFACE_s29_session0_lamp,41,230,48.666666666666664,0.44171881675720215,0.31794220536899614
COHFACE_s29_session0_lamp,41,231,48.7,0.4321690499782562,-0.011927880354588239
COHFACE_s29_session0_lamp,41,232,48.733333333333334,0.48539572954177856,-0.29784772543858457
COHFACE_s29_session0_lamp,41,233,48.766666666666666,0.5349668860435486,-0.5116692741635296
COHFACE_s29_session0_lamp,41,234,48.8,0.5025431513786316,-0.6389152946327061
COHFACE_s29_session0_lamp,41,235,48.833333333333336,0.44796454906463623,-0.6773188919465017
COHFACE_s29_session0_lamp,41,236,48.86666666666667,0.42155399918556213,-0.6341236314202539
COHFACE_s29_session0_lamp,41,237,48.9,0.4037793278694153,-0.5229730587259961
COHFACE_s29_session0_lamp,41,238,48.93333333333333,0.3656559884548187,-0.3610122564326506
COHFACE_s29_session0_lamp,41,239,48.96666666666667,0.2844613492488861,-0.1669652180333654
COHFACE_s29_session0_lamp,42,0,42.0,-1.3079266548156738,0.018314958643488588
COHFACE_s29_session0_lamp,42,1,42.03333333333333,-1.3448548316955566,0.31349810154327845
COHFACE_s29_session0_lamp,42,2,42.06666666666667,-1.3649007081985474,0.5667273449275235
COHFACE_s29_session0_lamp,42,3,42.1,-1.3759808540344238,0.7486264077196707
COHFACE_s29_session0_lamp,42,4,42.13333333333333,-1.3915276527404785,0.8519381971728409
COHFACE_s29_session0_lamp,42,5,42.166666666666664,-1.4247571229934692,0.8931830356454823
COHFACE_s29_session0_lamp,42,6,42.2,-1.4214855432510376,0.9047274903672958
COHFACE_s29_session0_lamp,42,7,42.233333333333334,-1.0506508350372314,0.9196506358629021
COHFACE_s29_session0_lamp,42,8,42.266666666666666,-0.07717511802911758,0.9560348905475797
COHFACE_s29_session0_lamp,42,9,42.3,0.8929100036621094,1.0088384191212802
COHFACE_s29_session0_lamp,42,10,42.333333333333336,1.2672380208969116,1.0547356491598217
COHFACE_s29_session0_lamp,42,11,42.36666666666667,1.1850862503051758,1.0679048027183313
COHFACE_s29_session0_lamp,42,12,42.4,1.046701192855835,1.0361652379022868
COHFACE_s29_session0_lamp,42,13,42.43333333333333,1.0353832244873047,0.9654356084616782
COHFACE_s29_session0_lamp,42,14,42.46666666666667,1.0822073221206665,0.8699122670239308
COHFACE_s29_session0_lamp,42,15,42.5,1.0193822383880615,0.7569865166223517
COHFACE_s29_session0_lamp,42,16,42.53333333333333,0.7860835194587708,0.6191753863628255
COHFACE_s29_session0_lamp,42,17,42.56666666666667,0.5370650291442871,0.43905719506876245
COHFACE_s29_session0_lamp,42,18,42.6,0.3790397047996521,0.20315434236663085
COHFACE_s29_session0_lamp,42,19,42.63333333333333,0.2592945396900177,-0.08545757898187031
COHFACE_s29_session0_lamp,42,20,42.666666666666664,0.11556139588356018,-0.40402450950982494
COHFACE_s29_session0_lamp,42,21,42.7,-0.051267459988594055,-0.7174471567872799
COHFACE_s29_session0_lamp,42,22,42.733333333333334,-0.2231632024049759,-0.990597401864687
COHFACE_s29_session0_lamp,42,23,42.766666666666666,-0.3873964250087738,-1.1983254662072609
COHFACE_s29_session0_lamp,42,24,42.8,-0.5150258541107178,-1.3289952906365399
COHFACE_s29_session0_lamp,42,25,42.833333333333336,-0.6088092923164368,-1.382242732835726
COHFACE_s29_session0_lamp,42,26,42.86666666666667,-0.6828118562698364,-1.364485987118221
COHFACE_s29_session0_lamp,42,27,42.9,-0.7443499565124512,-1.2853370409201512
COHFACE_s29_session0_lamp,42,28,42.93333333333333,-0.8019946217536926,-1.1556692838943778
COHFACE_s29_session0_lamp,42,29,42.96666666666667,-0.853020429611206,-0.9862028823981632
COHFACE_s29_session0_lamp,42,30,43.0,-0.8993578553199768,-0.7857731328574874
COHFACE_s29_session0_lamp,42,31,43.03333333333333,-0.9505404829978943,-0.5600857945853379
COHFACE_s29_session0_lamp,42,32,43.06666666666667,-0.9970725774765015,-0.31270066257907314
COHFACE_s29_session0_lamp,42,33,43.1,-1.027955174446106,-0.04887483987224572
COHFACE_s29_session0_lamp,42,34,43.13333333333333,-1.0474387407302856,0.21985954920583864
COHFACE_s29_session0_lamp,42,35,43.166666666666664,-1.065829873085022,0.47441811534620015
COHFACE_s29_session0_lamp,42,36,43.2,-1.0820903778076172,0.6929025400782134
COHFACE_s29_session0_lamp,42,37,43.233333333333334,-1.0993891954421997,0.859492962550431
COHFACE_s29_session0_lamp,42,38,43.266666666666666,-1.1044560670852661,0.9708318798831943
COHFACE_s29_session0_lamp,42,39,43.3,-0.903624415397644,1.033734330185267
COHFACE_s29_session0_lamp,42,40,43.333333333333336,-0.20621588826179504,1.0554674933240575
COHFACE_s29_session0_lamp,42,41,43.36666666666667,0.6495424509048462,1.0349613178885078
COHFACE_s29_session0_lamp,42,42,43.4,1.0890586376190186,0.9627060726469895
COHFACE_s29_session0_lamp,42,43,43.43333333333333,1.072641372680664,0.829834763001506
COHFACE_s29_session0_lamp,42,44,43.46666666666667,0.9216187596321106,0.6392618790609309
COHFACE_s29_session0_lamp,42,45,43.5,0.8442581295967102,0.40991351153130534
COHFACE_s29_session0_lamp,42,46,43.53333333333333,0.8368984460830688,0.17073182595650663
COHFACE_s29_session0_lamp,42,47,43.56666666666667,0.7682061195373535,-0.05110196705841622
COHFACE_s29_session0_lamp,42,48,43.6,0.61639404296875,-0.23992317100899427
COHFACE_s29_session0_lamp,42,49,43.63333333333333,0.4957566261291504,-0.39392283577746967
COHFACE_s29_session0_lamp,42,50,43.666666666666664,0.4345538020133972,-0.5201517234088509
COHFACE_s29_session0_lamp,42,51,43.7,0.3615840673446655,-0.6266619529447167
COHFACE_s29_session0_lamp,42,52,43.733333333333334,0.23178623616695404,-0.7167646214111508
COHFACE_s29_session0_lamp,42,53,43.766666666666666,0.07030005753040314,-0.787745637894575
COHFACE_s29_session0_lamp,42,54,43.8,-0.08718452602624893,-0.8331837146321494
COHFACE_s29_session0_lamp,42,55,43.833333333333336,-0.22506126761436462,-0.8463280084824306
COHFACE_s29_session0_lamp,42,56,43.86666666666667,-0.34859174489974976,-0.822492156774755
COHFACE_s29_session0_lamp,42,57,43.9,-0.4349181354045868,-0.7600679442865919
COHFACE_s29_session0_lamp,42,58,43.93333333333333,-0.49408772587776184,-0.6609230160904975
COHFACE_s29_session0_lamp,42,59,43.96666666666667,-0.5481417775154114,-0.5307019512096467
COHFACE_s29_session0_lamp,42,60,44.0,-0.5940465927124023,-0.3783025712750592
COHFACE_s29_session0_lamp,42,61,44.03333333333333,-0.6396594643592834,-0.21333758599237435
COHFACE_s29_session0_lamp,42,62,44.06666666666667,-0.6879436373710632,-0.041896603496322064
COHFACE_s29_session0_lamp,42,63,44.1,-0.7385584712028503,0.1367843460405503
COHFACE_s29_session0_lamp,42,64,44.13333333333333,-0.8015187382698059,0.32929950831111965
COHFACE_s29_session0_lamp,42,65,44.166666666666664,-0.8630189895629883,0.5413822613199352
COHFACE_s29_session0_lamp,42,66,44.2,-0.8412805795669556,0.7686657452500657
COHFACE_s29_session0_lamp,42,67,44.233333333333334,-0.40317031741142273,0.9912641641128987
COHFACE_s29_session0_lamp,42,68,44.266666666666666,0.49321508407592773,1.1773235572722638
COHFACE_s29_session0_lamp,42,69,44.3,1.243077039718628,1.2949644131511655
COHFACE_s29_session0_lamp,42,70,44.333333333333336,1.480215072631836,1.3253729843323903
COHFACE_s29_session0_lamp,42,71,44.36666666666667,1.4073264598846436,1.2682978322495642
COHFACE_s29_session0_lamp,42,72,44.4,1.3371686935424805,1.1373352819835922
COHFACE_s29_session0_lamp,42,73,44.43333333333333,1.3647040128707886,0.9501482684160291
COHFACE_s29_session0_lamp,42,74,44.46666666666667,1.384138822555542,0.7210619673330612
COHFACE_s29_session0_lamp,42,75,44.5,1.2473922967910767,0.4598770530936721
COHFACE_s29_session0_lamp,42,76,44.53333333333333,0.9736449718475342,0.1752361861063844
COHFACE_s29_session0_lamp,42,77,44.56666666666667,0.7411033511161804,-0.12202007281347162
COHFACE_s29_session0_lamp,42,78,44.6,0.6007716059684753,-0.41844361796590546
COHFACE_s29_session0_lamp,42,79,44.63333333333333,0.47561344504356384,-0.6999611894956149
COHFACE_s29_session0_lamp,42,80,44.666666666666664,0.31967002153396606,-0.9539865124011028
COHFACE_s29_session0_lamp,42,81,44.7,0.13008612394332886,-1.170172510096455
COHFACE_s29_session0_lamp,42,82,44.733333333333334,-0.06299106776714325,-1.3401055940560622
COHFACE_s29_session0_lamp,42,83,44.766666666666666,-0.22103263437747955,-1.4570966553811215
COHFACE_s29_session0_lamp,42,84,44.8,-0.3482078015804291,-1.5163362933893676
COHFACE_s29_session0_lamp,42,85,44.833333333333336,-0.45239537954330444,-1.5145502447713255
COHFACE_s29_session0_lamp,42,86,44.86666666666667,-0.5361586213111877,-1.448621080444121
COHFACE_s29_session0_lamp,42,87,44.9,-0.6074627637863159,-1.3141807809867772
COHFACE_s29_session0_lamp,42,88,44.93333333333333,-0.6757766008377075,-1.1063815556965877
COHFACE_s29_session0_lamp,42,89,44.96666666666667,-0.7396020889282227,-0.824309723679472
COHFACE_s29_session0_lamp,42,90,45.0,-0.8010482788085938,-0.4775937881607114
COHFACE_s29_session0_lamp,42,91,45.03333333333333,-0.858119785785675,-0.09075635970910723
COHFACE_s29_session0_lamp,42,92,45.06666666666667,-0.9124603867530823,0.29949980058834774
COHFACE_s29_session0_lamp,42,93,45.1,-0.9736254215240479,0.6552254624291484
COHFACE_s29_session0_lamp,42,94,45.13333333333333,-1.0233750343322754,0.9513348735895952
COHFACE_s29_session0_lamp,42,95,45.166666666666664,-0.8663716912269592,1.183846981123845
COHFACE_s29_session0_lamp,42,96,45.2,-0.15327581763267517,1.3654957107366412
COHFACE_s29_session0_lamp,42,97,45.233333333333334,0.7885493636131287,1.510135844680889
COHFACE_s29_session0_lamp,42,98,45.266666666666666,1.2934215068817139,1.6164106538231684
COHFACE_s29_session0_lamp,42,99,45.3,1.3050153255462646,1.6629360913574494
COHFACE_s29_session0_lamp,42,100,45.333333333333336,1.186800479888916,1.6186387744001778
COHFACE_s29_session0_lamp,42,101,45.36666666666667,1.1619527339935303,1.4608182670563643
COHFACE_s29_session0_lamp,42,102,45.4,1.184350848197937,1.1894900837444682
COHFACE_s29_session0_lamp,42,103,45.43333333333333,1.1206496953964233,0.8305328476425432
COHFACE_s29_session0_lamp,42,104,45.46666666666667,0.8787421584129333,0.4275357216549171
COHFACE_s29_session0_lamp,42,105,45.5,0.5618208646774292,0.028053218064649728
COHFACE_s29_session0_lamp,42,106,45.53333333333333,0.32940906286239624,-0.3287378307931542
COHFACE_s29_session0_lamp,42,107,45.56666666666667,0.1760774850845337,-0.6186814374508659
COHFACE_s29_session0_lamp,42,108,45.6,0.0221402645111084,-0.8333159012855688
COHFACE_s29_session0_lamp,42,109,45.63333333333333,-0.1630256474018097,-0.9769592869398628
COHFACE_s29_session0_lamp,42,110,45.666666666666664,-0.3577899932861328,-1.0626292035249547
COHFACE_s29_session0_lamp,42,111,45.7,-0.5392301082611084,-1.1077695940072292
COHFACE_s29_session0_lamp,42,112,45.733333333333334,-0.6889818906784058,-1.1297037689330338
COHFACE_s29_session0_lamp,42,113,45.766666666666666,-0.8177414536476135,-1.140894633867458
COHFACE_s29_session0_lamp,42,114,45.8,-0.9236108064651489,-1.1450712563812373
COHFACE_s29_session0_lamp,42,115,45.833333333333336,-1.013971209526062,-1.1358294341348012
COHFACE_s29_session0_lamp,42,116,45.86666666666667,-1.094057321548462,-1.0985745785527445
COHFACE_s29_session0_lamp,42,117,45.9,-1.1675028800964355,-1.0152578916728427
COHFACE_s29_session0_lamp,42,118,45.93333333333333,-1.2353084087371826,-0.8703462996730291
COHFACE_s29_session0_lamp,42,119,45.96666666666667,-1.2987229824066162,-0.6562518132276286
COHFACE_s29_session0_lamp,42,120,46.0,-1.356351375579834,-0.3768382619830033
COHFACE_s29_session0_lamp,42,121,46.03333333333333,-1.4057602882385254,-0.04819105986313185
COHFACE_s29_session0_lamp,42,122,46.06666666666667,-1.4441324472427368,0.30367362457105795
COHFACE_s29_session0_lamp,42,123,46.1,-1.4743553400039673,0.6478417029625723
COHFACE_s29_session0_lamp,42,124,46.13333333333333,-1.5065464973449707,0.9549531921315149
COHFACE_s29_session0_lamp,42,125,46.166666666666664,-1.5331248044967651,1.202698627918156
COHFACE_s29_session0_lamp,42,126,46.2,-1.4130172729492188,1.3777571022483994
COHFACE_s29_session0_lamp,42,127,46.233333333333334,-0.8936150074005127,1.4733338716912034
COHFACE_s29_session0_lamp,42,128,46.266666666666666,-0.21232104301452637,1.484817173625598
COHFACE_s29_session0_lamp,42,129,46.3,0.1706104278564453,1.407856546501919
COHFACE_s29_session0_lamp,42,130,46.333333333333336,0.22884993255138397,1.241083237808651
COHFACE_s29_session0_lamp,42,131,46.36666666666667,0.20537027716636658,0.9917426084015663
COHFACE_s29_session0_lamp,42,132,46.4,0.2483333945274353,0.6800728318612318
COHFACE_s29_session0_lamp,42,133,46.43333333333333,0.3291332721710205,0.33869032121868087
COHFACE_s29_session0_lamp,42,134,46.46666666666667,0.34378236532211304,0.005989074530592413
COHFACE_s29_session0_lamp,42,135,46.5,0.2299044132232666,-0.2839636441769676
COHFACE_s29_session0_lamp,42,136,46.53333333333333,0.06269161403179169,-0.5103005956196917
COHFACE_s29_session0_lamp,42,137,46.56666666666667,-0.05930851399898529,-0.6687399784849458
COHFACE_s29_session0_lamp,42,138,46.6,-0.1373613327741623,-0.7683885135497391
COHFACE_s29_session0_lamp,42,139,46.63333333333333,-0.21828018128871918,-0.8245269532581705
COHFACE_s29_session0_lamp,42,140,46.666666666666664,-0.32796725630760193,-0.8515945393112725
COHFACE_s29_session0_lamp,42,141,46.7,-0.45071905851364136,-0.859349387128329
COHFACE_s29_session0_lamp,42,142,46.733333333333334,-0.5634884834289551,-0.8521693288760471
COHFACE_s29_session0_lamp,42,143,46.766666666666666,-0.6584399342536926,-0.8294312169707415
COHFACE_s29_session0_lamp,42,144,46.8,-0.739353358745575,-0.7856405691083825
COHFACE_s29_session0_lamp,42,145,46.833333333333336,-0.8091596364974976,-0.7110642746723843
COHFACE_s29_session0_lamp,42,146,46.86666666666667,-0.8675181269645691,-0.5945838980386826
COHFACE_s29_session0_lamp,42,147,46.9,-0.9204311370849609,-0.4293736715947776
COHFACE_s29_session0_lamp,42,148,46.93333333333333,-0.9682610630989075,-0.2195659064385153
COHFACE_s29_session0_lamp,42,149,46.96666666666667,-1.0151771306991577,0.015714718872927122
COHFACE_s29_session0_lamp,42,150,47.0,-1.0560691356658936,0.24405819430663164
COHFACE_s29_session0_lamp,42,151,47.03333333333333,-1.0945385694503784,0.42774215226987905
COHFACE_s29_session0_lamp,42,152,47.06666666666667,-1.1263675689697266,0.5352996094996967
COHFACE_s29_session0_lamp,42,153,47.1,-1.153356671333313,0.5519018939261741
COHFACE_s29_session0_lamp,42,154,47.13333333333333,-1.1792806386947632,0.4839978337205107
COHFACE_s29_session0_lamp,42,155,47.166666666666664,-1.1943676471710205,0.3564155502676966
COHFACE_s29_session0_lamp,42,156,47.2,-1.2059507369995117,0.20408063339907861
COHFACE_s29_session0_lamp,42,157,47.233333333333334,-1.2193019390106201,0.06269422955653807
COHFACE_s29_session0_lamp,42,158,47.266666666666666,-1.2315285205841064,-0.03849295356641367
COHFACE_s29_session0_lamp,42,159,47.3,-1.2312257289886475,-0.08123941560521086
COHFACE_s29_session0_lamp,42,160,47.333333333333336,-1.2387638092041016,-0.06077817363252745
COHFACE_s29_session0_lamp,42,161,47.36666666666667,-1.255046010017395,0.013847624080712205
COHFACE_s29_session0_lamp,42,162,47.4,-1.1709908246994019,0.12255263043816766
COHFACE_s29_session0_lamp,42,163,47.43333333333333,-0.7515258193016052,0.24056047568236125
COHFACE_s29_session0_lamp,42,164,47.46666666666667,-0.1918533891439438,0.34654740497572556
COHFACE_s29_session0_lamp,42,165,47.5,0.09103807806968689,0.4289596266011161
COHFACE_s29_session0_lamp,42,166,47.53333333333333,0.1077258288860321,0.48758720919084103
COHFACE_s29_session0_lamp,42,167,47.56666666666667,0.07985522598028183,0.5299837412304681
COHFACE_s29_session0_lamp,42,168,47.6,0.11530724167823792,0.5647031474546694
COHFACE_s29_session0_lamp,42,169,47.63333333333333,0.20431038737297058,0.5944958231876201
COHFACE_s29_session0_lamp,42,170,47.666666666666664,0.2658647298812866,0.6123534241184779
COHFACE_s29_session0_lamp,42,171,47.7,0.22440491616725922,0.6019813743891029
COHFACE_s29_session0_lamp,42,172,47.733333333333334,0.13214099407196045,0.5425452020732894
COHFACE_s29_session0_lamp,42,173,47.766666666666666,0.0745449960231781,0.4159551892161987
COHFACE_s29_session0_lamp,42,174,47.8,0.044965606182813644,0.2140457167004387
COHFACE_s29_session0_lamp,42,175,47.833333333333336,0.004003283567726612,-0.05673874839104328
COHFACE_s29_session0_lamp,42,176,47.86666666666667,-0.06101730465888977,-0.374293284746258
COHFACE_s29_session0_lamp,42,177,47.9,-0.13951896131038666,-0.7035937097690238
COHFACE_s29_session0_lamp,42,178,47.93333333333333,-0.2120344340801239,-1.003272103027766
COHFACE_s29_session0_lamp,42,179,47.96666666666667,-0.27371856570243835,-1.2354110360109942
COHFACE_s29_session0_lamp,42,180,48.0,-0.3241819739341736,-1.3757742418022298
COHFACE_s29_session0_lamp,42,181,48.03333333333333,-0.3754078447818756,-1.4198105896988547
COHFACE_s29_session0_lamp,42,182,48.06666666666667,-0.42369744181632996,-1.3805916584013265
COHFACE_s29_session0_lamp,42,183,48.1,-0.4582139253616333,-1.2789067073673765
COHFACE_s29_session0_lamp,42,184,48.13333333333333,-0.4968942701816559,-1.1310188490268738
COHFACE_s29_session0_lamp,42,185,48.166666666666664,-0.5396735072135925,-0.941828010552629
COHFACE_s29_session0_lamp,42,186,48.2,-0.5729246735572815,-0.7077643194782479
COHFACE_s29_session0_lamp,42,187,48.233333333333334,-0.5998705625534058,-0.4269886188588235
COHFACE_s29_session0_lamp,42,188,48.266666666666666,-0.6334569454193115,-0.10918945609786622
COHFACE_s29_session0_lamp,42,189,48.3,-0.6661889553070068,0.2227837289417881
COHFACE_s29_session0_lamp,42,190,48.333333333333336,-0.6864889860153198,0.5414474973194606
COHFACE_s29_session0_lamp,42,191,48.36666666666667,-0.7042312026023865,0.827489388027526
COHFACE_s29_session0_lamp,42,192,48.4,-0.7239255905151367,1.0766382117821847
COHFACE_s29_session0_lamp,42,193,48.43333333333333,-0.7421815395355225,1.2941015731390004
COHFACE_s29_session0_lamp,42,194,48.46666666666667,-0.759583055973053,1.480571126216161
COHFACE_s29_session0_lamp,42,195,48.5,-0.7341296672821045,1.6216398948835926
COHFACE_s29_session0_lamp,42,196,48.53333333333333,-0.44931307435035706,1.6898377513291414
COHFACE_s29_session0_lamp,42,197,48.56666666666667,0.05776531621813774,1.6583810796013605
COHFACE_s29_session0_lamp,42,198,48.6,0.3926992118358612,1.516782001829751
COHFACE_s29_session0_lamp,42,199,48.63333333333333,0.46887022256851196,1.2775383820207615
COHFACE_s29_session0_lamp,42,200,48.666666666666664,0.44171881675720215,0.9708389088758617
COHFACE_s29_session0_lamp,42,201,48.7,0.4321690499782562,0.6328746104053073
COHFACE_s29_session0_lamp,42,202,48.733333333333334,0.48539572954177856,0.2953921733929248
COHFACE_s29_session0_lamp,42,203,48.766666666666666,0.5349668860435486,-0.019608803486160387
COHFACE_s29_session0_lamp,42,204,48.8,0.5025431513786316,-0.30059571699177723
COHFACE_s29_session0_lamp,42,205,48.833333333333336,0.44796454906463623,-0.5449187511171387
COHFACE_s29_session0_lamp,42,206,48.86666666666667,0.42155399918556213,-0.7559073366156285
COHFACE_s29_session0_lamp,42,207,48.9,0.4037793278694153,-0.9384906413520772
COHFACE_s29_session0_lamp,42,208,48.93333333333333,0.3656559884548187,-1.0945398347460191
COHFACE_s29_session0_lamp,42,209,48.96666666666667,0.2844613492488861,-1.2206754045673278
COHFACE_s29_session0_lamp,42,210,49.0,0.18594089150428772,-1.3100977631194193
COHFACE_s29_session0_lamp,42,211,49.03333333333333,0.09113001078367233,-1.356889181079789
COHFACE_s29_session0_lamp,42,212,49.06666666666667,0.0056579988449811935,-1.359015575228997
COHFACE_s29_session0_lamp,42,213,49.1,-0.06437540799379349,-1.3171775232754883
COHFACE_s29_session0_lamp,42,214,49.13333333333333,-0.11959207057952881,-1.230559220664385
COHFACE_s29_session0_lamp,42,215,49.166666666666664,-0.17228341102600098,-1.0939211509870677
COHFACE_s29_session0_lamp,42,216,49.2,-0.22154094278812408,-0.9000425244733838
COHFACE_s29_session0_lamp,42,217,49.233333333333334,-0.2706308364868164,-0.6474986135375974
COHFACE_s29_session0_lamp,42,218,49.266666666666666,-0.32105639576911926,-0.34899952358304026
COHFACE_s29_session0_lamp,42,219,49.3,-0.37111425399780273,-0.03346491011290737
COHFACE_s29_session0_lamp,42,220,49.333333333333336,-0.4208963215351105,0.262178030797658
COHFACE_s29_session0_lamp,42,221,49.36666666666667,-0.4658277928829193,0.5084418667896257
COHFACE_s29_session0_lamp,42,222,49.4,-0.5025992393493652,0.6958727511604206
COHFACE_s29_session0_lamp,42,223,49.43333333333333,-0.535552978515625,0.8347253249456942
COHFACE_s29_session0_lamp,42,224,49.46666666666667,-0.568203866481781,0.9412036327635853
COHFACE_s29_session0_lamp,42,225,49.5,-0.6033746600151062,1.020623064116556
COHFACE_s29_session0_lamp,42,226,49.53333333333333,-0.6321699619293213,1.0602908101080817
COHFACE_s29_session0_lamp,42,227,49.56666666666667,-0.5432912111282349,1.0373670309672547
COHFACE_s29_session0_lamp,42,228,49.6,-0.09029927849769592,0.9353099651984852
COHFACE_s29_session0_lamp,42,229,49.63333333333333,0.5647139549255371,0.756352047829213
COHFACE_s29_session0_lamp,42,230,49.666666666666664,1.013920545578003,0.5220799974516627
COHFACE_s29_session0_lamp,42,231,49.7,1.1512078046798706,0.26412062856677865
COHFACE_s29_session0_lamp,42,232,49.733333333333334,1.166759967803955,0.013239565833441302
COHFACE_s29_session0_lamp,42,233,49.766666666666666,1.2326133251190186,-0.20597557722795698
COHFACE_s29_session0_lamp,42,234,49.8,1.3522071838378906,-0.37420724094296376
COHFACE_s29_session0_lamp,42,235,49.833333333333336,1.4330880641937256,-0.47520252237307126
COHFACE_s29_session0_lamp,42,236,49.86666666666667,1.3738914728164673,-0.4969292116751228
COHFACE_s29_session0_lamp,42,237,49.9,1.207419514656067,-0.43636924124466636
COHFACE_s29_session0_lamp,42,238,49.93333333333333,1.0581382513046265,-0.3043559786960009
COHFACE_s29_session0_lamp,42,239,49.96666666666667,0.9539019465446472,-0.12625471536624655
COHFACE_s29_session0_lamp,43,0,43.0,-0.8993578553199768,-0.003711620169178186
COHFACE_s29_session0_lamp,43,1,43.03333333333333,-0.9505404829978943,0.2743919160651907
COHFACE_s29_session0_lamp,43,2,43.06666666666667,-0.9970725774765015,0.5205717466288301
COHFACE_s29_session0_lamp,43,3,43.1,-1.027955174446106,0.7086221928142438
COHFACE_s29_session0_lamp,43,4,43.13333333333333,-1.0474387407302856,0.8249510158552628
COHFACE_s29_session0_lamp,43,5,43.166666666666664,-1.065829873085022,0.8713629674737153
COHFACE_s29_session0_lamp,43,6,43.2,-1.0820903778076172,0.8640371773665008
COHFACE_s29_session0_lamp,43,7,43.233333333333334,-1.0993891954421997,0.8286956728107694
COHFACE_s29_session0_lamp,43,8,43.266666666666666,-1.1044560670852661,0.7914731250808866
COHFACE_s29_session0_lamp,43,9,43.3,-0.903624415397644,0.7666160495103137
COHFACE_s29_session0_lamp,43,10,43.333333333333336,-0.20621588826179504,0.7472889864042207
COHFACE_s29_session0_lamp,43,11,43.36666666666667,0.6495424509048462,0.7075753296000199
COHFACE_s29_session0_lamp,43,12,43.4,1.0890586376190186,0.6170236901256867
COHFACE_s29_session0_lamp,43,13,43.43333333333333,1.072641372680664,0.4597127297598111
COHFACE_s29_session0_lamp,43,14,43.46666666666667,0.9216187596321106,0.2463910822922561
COHFACE_s29_session0_lamp,43,15,43.5,0.8442581295967102,0.012525510965312476
COHFACE_s29_session0_lamp,43,16,43.53333333333333,0.8368984460830688,-0.19654080821560238
COHFACE_s29_session0_lamp,43,17,43.56666666666667,0.7682061195373535,-0.3450685459896936
COHFACE_s29_session0_lamp,43,18,43.6,0.61639404296875,-0.4210576602756326
COHFACE_s29_session0_lamp,43,19,43.63333333333333,0.4957566261291504,-0.43860837289553767
COHFACE_s29_session0_lamp,43,20,43.666666666666664,0.4345538020133972,-0.4282793979376506
COHFACE_s29_session0_lamp,43,21,43.7,0.3615840673446655,-0.42103324013490984
COHFACE_s29_session0_lamp,43,22,43.733333333333334,0.23178623616695404,-0.4342232969893368
COHFACE_s29_session0_lamp,43,23,43.766666666666666,0.07030005753040314,-0.4665276282975
COHFACE_s29_session0_lamp,43,24,43.8,-0.08718452602624893,-0.5034065839874344
COHFACE_s29_session0_lamp,43,25,43.833333333333336,-0.22506126761436462,-0.5286635614241898
COHFACE_s29_session0_lamp,43,26,43.86666666666667,-0.34859174489974976,-0.5345490916400014
COHFACE_s29_session0_lamp,43,27,43.9,-0.4349181354045868,-0.5243234695270419
COHFACE_s29_session0_lamp,43,28,43.93333333333333,-0.49408772587776184,-0.5064629865485164
COHFACE_s29_session0_lamp,43,29,43.96666666666667,-0.5481417775154114,-0.48542008666693176
COHFACE_s29_session0_lamp,43,30,44.0,-0.5940465927124023,-0.45620020362176594
COHFACE_s29_session0_lamp,43,31,44.03333333333333,-0.6396594643592834,-0.40692018178502554
COHFACE_s29_session0_lamp,43,32,44.06666666666667,-0.6879436373710632,-0.3267049282498526
COHFACE_s29_session0_lamp,43,33,44.1,-0.7385584712028503,-0.21195479123261207
COHFACE_s29_session0_lamp,43,34,44.13333333333333,-0.8015187382698059,-0.0664487822094099
COHFACE_s29_session0_lamp,43,35,44.166666666666664,-0.8630189895629883,0.10333667725828408
COHFACE_s29_session0_lamp,43,36,44.2,-0.8412805795669556,0.2926718400954411
COHFACE_s29_session0_lamp,43,37,44.233333333333334,-0.40317031741142273,0.49862104020931286
COHFACE_s29_session0_lamp,43,38,44.266666666666666,0.49321508407592773,0.7155962194209352
COHFACE_s29_session0_lamp,43,39,44.3,1.243077039718628,0.930117945721535
COHFACE_s29_session0_lamp,43,40,44.333333333333336,1.480215072631836,1.1190991923123839
COHFACE_s29_session0_lamp,43,41,44.36666666666667,1.4073264598846436,1.253460394356937
COHFACE_s29_session0_lamp,43,42,44.4,1.3371686935424805,1.3054081927049077
COHFACE_s29_session0_lamp,43,43,44.43333333333333,1.3647040128707886,1.255840116974596
COHFACE_s29_session0_lamp,43,44,44.46666666666667,1.384138822555542,1.0991866681280846
COHFACE_s29_session0_lamp,43,45,44.5,1.2473922967910767,0.8449375199036906
COHFACE_s29_session0_lamp,43,46,44.53333333333333,0.9736449718475342,0.5161077403596255
COHFACE_s29_session0_lamp,43,47,44.56666666666667,0.7411033511161804,0.14503555121127193
COHFACE_s29_session0_lamp,43,48,44.6,0.6007716059684753,-0.23286421015089118
COHFACE_s29_session0_lamp,43,49,44.63333333333333,0.47561344504356384,-0.5860908130128063
COHFACE_s29_session0_lamp,43,50,44.666666666666664,0.31967002153396606,-0.8927303971580819
COHFACE_s29_session0_lamp,43,51,44.7,0.13008612394332886,-1.1427093839738753
COHFACE_s29_session0_lamp,43,52,44.733333333333334,-0.06299106776714325,-1.335704273704188
COHFACE_s29_session0_lamp,43,53,44.766666666666666,-0.22103263437747955,-1.4756706717655477
COHFACE_s29_session0_lamp,43,54,44.8,-0.3482078015804291,-1.564508993169827
COHFACE_s29_session0_lamp,43,55,44.833333333333336,-0.45239537954330444,-1.597698262888597
COHFACE_s29_session0_lamp,43,56,44.86666666666667,-0.5361586213111877,-1.5636432998547645
COHFACE_s29_session0_lamp,43,57,44.9,-0.6074627637863159,-1.446940678176329
COHFACE_s29_session0_lamp,43,58,44.93333333333333,-0.6757766008377075,-1.2346907322773018
COHFACE_s29_session0_lamp,43,59,44.96666666666667,-0.7396020889282227,-0.9241859322879542
COHFACE_s29_session0_lamp,43,60,45.0,-0.8010482788085938,-0.5293641760354603
COHFACE_s29_session0_lamp,43,61,45.03333333333333,-0.858119785785675,-0.08260492321605736
COHFACE_s29_session0_lamp,43,62,45.06666666666667,-0.9124603867530823,0.37111853328320726
COHFACE_s29_session0_lamp,43,63,45.1,-0.9736254215240479,0.7874163170693813
COHFACE_s29_session0_lamp,43,64,45.13333333333333,-1.0233750343322754,1.1371007234839785
COHFACE_s29_session0_lamp,43,65,45.166666666666664,-0.8663716912269592,1.4131711233261643
COHFACE_s29_session0_lamp,43,66,45.2,-0.15327581763267517,1.6244083490189591
COHFACE_s29_session0_lamp,43,67,45.233333333333334,0.7885493636131287,1.7786339944428156
COHFACE_s29_session0_lamp,43,68,45.266666666666666,1.2934215068817139,1.8673446259156055
COHFACE_s29_session0_lamp,43,69,45.3,1.3050153255462646,1.8639991557700604
COHFACE_s29_session0_lamp,43,70,45.333333333333336,1.186800479888916,1.738240546336157
COHFACE_s29_session0_lamp,43,71,45.36666666666667,1.1619527339935303,1.476466085546354
COHFACE_s29_session0_lamp,43,72,45.4,1.184350848197937,1.0954308605276728
COHFACE_s29_session0_lamp,43,73,45.43333333333333,1.1206496953964233,0.6409399655062914
COHFACE_s29_session0_lamp,43,74,45.46666666666667,0.8787421584129333,0.1730370791591587
COHFACE_s29_session0_lamp,43,75,45.5,0.5618208646774292,-0.2535844089819912
COHFACE_s29_session0_lamp,43,76,45.53333333333333,0.32940906286239624,-0.6039011609990736
COHFACE_s29_session0_lamp,43,77,45.56666666666667,0.1760774850845337,-0.8660812764607934
COHFACE_s29_session0_lamp,43,78,45.6,0.0221402645111084,-1.0456237236870491
COHFACE_s29_session0_lamp,43,79,45.63333333333333,-0.1630256474018097,-1.1561977410307194
COHFACE_s29_session0_lamp,43,80,45.666666666666664,-0.3577899932861328,-1.212858097423704
COHFACE_s29_session0_lamp,43,81,45.7,-0.5392301082611084,-1.2294006760259573
COHFACE_s29_session0_lamp,43,82,45.733333333333334,-0.6889818906784058,-1.2178476469636634
COHFACE_s29_session0_lamp,43,83,45.766666666666666,-0.8177414536476135,-1.1871346211033065
COHFACE_s29_session0_lamp,43,84,45.8,-0.9236108064651489,-1.1403232256313003
COHFACE_s29_session0_lamp,43,85,45.833333333333336,-1.013971209526062,-1.072462302064774
COHFACE_s29_session0_lamp,43,86,45.86666666666667,-1.094057321548462,-0.9717550814480581
COHFACE_s29_session0_lamp,43,87,45.9,-1.1675028800964355,-0.8247273108562004
COHFACE_s29_session0_lamp,43,88,45.93333333333333,-1.2353084087371826,-0.6232759978746378
COHFACE_s29_session0_lamp,43,89,45.96666666666667,-1.2987229824066162,-0.36989500491867355
COHFACE_s29_session0_lamp,43,90,46.0,-1.356351375579834,-0.078266101587332
COHFACE_s29_session0_lamp,43,91,46.03333333333333,-1.4057602882385254,0.23079838137229003
COHFACE_s29_session0_lamp,43,92,46.06666666666667,-1.4441324472427368,0.5352280315226897
COHFACE_s29_session0_lamp,43,93,46.1,-1.4743553400039673,0.8157914708769223
COHFACE_s29_session0_lamp,43,94,46.13333333333333,-1.5065464973449707,1.0568289072119863
COHFACE_s29_session0_lamp,43,95,46.166666666666664,-1.5331248044967651,1.2447853439924166
COHFACE_s29_session0_lamp,43,96,46.2,-1.4130172729492188,1.3668546103309267
COHFACE_s29_session0_lamp,43,97,46.233333333333334,-0.8936150074005127,1.411280828978848
COHFACE_s29_session0_lamp,43,98,46.266666666666666,-0.21232104301452637,1.3693133004092468
COHFACE_s29_session0_lamp,43,99,46.3,0.1706104278564453,1.2378250253161214
COHFACE_s29_session0_lamp,43,100,46.333333333333336,0.22884993255138397,1.0217332527720628
COHFACE_s29_session0_lamp,43,101,46.36666666666667,0.20537027716636658,0.7356820225091689
COHFACE_s29_session0_lamp,43,102,46.4,0.2483333945274353,0.4041256741554785
COHFACE_s29_session0_lamp,43,103,46.43333333333333,0.3291332721710205,0.058722232882365916
COHFACE_s29_session0_lamp,43,104,46.46666666666667,0.34378236532211304,-0.26720271919327554
COHFACE_s29_session0_lamp,43,105,46.5,0.2299044132232666,-0.5456412140266914
COHFACE_s29_session0_lamp,43,106,46.53333333333333,0.06269161403179169,-0.7594040761335491
COHFACE_s29_session0_lamp,43,107,46.56666666666667,-0.05930851399898529,-0.9033955365945553
COHFACE_s29_session0_lamp,43,108,46.6,-0.1373613327741623,-0.9811724911672898
COHFACE_s29_session0_lamp,43,109,46.63333333333333,-0.21828018128871918,-0.9992087525547585
COHFACE_s29_session0_lamp,43,110,46.666666666666664,-0.32796725630760193,-0.9627747377564226
COHFACE_s29_session0_lamp,43,111,46.7,-0.45071905851364136,-0.8761180856359387
COHFACE_s29_session0_lamp,43,112,46.733333333333334,-0.5634884834289551,-0.7461690337169925
COHFACE_s29_session0_lamp,43,113,46.766666666666666,-0.6584399342536926,-0.5859016485987454
COHFACE_s29_session0_lamp,43,114,46.8,-0.739353358745575,-0.41334694696159163
COHFACE_s29_session0_lamp,43,115,46.833333333333336,-0.8091596364974976,-0.24547211661408205
COHFACE_s29_session0_lamp,43,116,46.86666666666667,-0.8675181269645691,-0.0907058486810073
COHFACE_s29_session0_lamp,43,117,46.9,-0.9204311370849609,0.05390177013420611
COHFACE_s29_session0_lamp,43,118,46.93333333333333,-0.9682610630989075,0.1974197651005209
COHFACE_s29_session0_lamp,43,119,46.96666666666667,-1.0151771306991577,0.3439265464967558
COHFACE_s29_session0_lamp,43,120,47.0,-1.0560691356658936,0.4827585295994479
COHFACE_s29_session0_lamp,43,121,47.03333333333333,-1.0945385694503784,0.5876191158063448
COHFACE_s29_session0_lamp,43,122,47.06666666666667,-1.1263675689697266,0.6266547076694556
COHFACE_s29_session0_lamp,43,123,47.1,-1.153356671333313,0.5782199489461276
COHFACE_s29_session0_lamp,43,124,47.13333333333333,-1.1792806386947632,0.44295996197773607
COHFACE_s29_session0_lamp,43,125,47.166666666666664,-1.1943676471710205,0.2451251900697195
COHFACE_s29_session0_lamp,43,126,47.2,-1.2059507369995117,0.02344560411503305
COHFACE_s29_session0_lamp,43,127,47.233333333333334,-1.2193019390106201,-0.1817432346668919
COHFACE_s29_session0_lamp,43,128,47.266666666666666,-1.2315285205841064,-0.33817670099630276
COHFACE_s29_session0_lamp,43,129,47.3,-1.2312257289886475,-0.42548371889687225
COHFACE_s29_session0_lamp,43,130,47.333333333333336,-1.2387638092041016,-0.4347865618387188
COHFACE_s29_session0_lamp,43,131,47.36666666666667,-1.255046010017395,-0.3672186125487643
COHFACE_s29_session0_lamp,43,132,47.4,-1.1709908246994019,-0.2330547732963864
COHFACE_s29_session0_lamp,43,133,47.43333333333333,-0.7515258193016052,-0.05091409350540406
COHFACE_s29_session0_lamp,43,134,47.46666666666667,-0.1918533891439438,0.15430971831037638
COHFACE_s29_session0_lamp,43,135,47.5,0.09103807806968689,0.3554638783821995
COHFACE_s29_session0_lamp,43,136,47.53333333333333,0.1077258288860321,0.528583570530786
COHFACE_s29_session0_lamp,43,137,47.56666666666667,0.07985522598028183,0.657953602571066
COHFACE_s29_session0_lamp,43,138,47.6,0.11530724167823792,0.7381263331979047
COHFACE_s29_session0_lamp,43,139,47.63333333333333,0.20431038737297058,0.7712399007776173
COHFACE_s29_session0_lamp,43,140,47.666666666666664,0.2658647298812866,0.761035278110026
COHFACE_s29_session0_lamp,43,141,47.7,0.22440491616725922,0.7075468589816478
COHFACE_s29_session0_lamp,43,142,47.733333333333334,0.13214099407196045,0.606046237545742
COHFACE_s29_session0_lamp,43,143,47.766666666666666,0.0745449960231781,0.45080919034195027
COHFACE_s29_session0_lamp,43,144,47.8,0.044965606182813644,0.24097201858703127
COHFACE_s29_session0_lamp,43,145,47.833333333333336,0.004003283567726612,-0.01521160906541391
COHFACE_s29_session0_lamp,43,146,47.86666666666667,-0.06101730465888977,-0.29938195855924954
COHFACE_s29_session0_lamp,43,147,47.9,-0.13951896131038666,-0.5849406890686774
COHFACE_s29_session0_lamp,43,148,47.93333333333333,-0.2120344340801239,-0.8415227087334208
COHFACE_s29_session0_lamp,43,149,47.96666666666667,-0.27371856570243835,-1.0420939716816215
COHFACE_s29_session0_lamp,43,150,48.0,-0.3241819739341736,-1.1707602742650909
COHFACE_s29_session0_lamp,43,151,48.03333333333333,-0.3754078447818756,-1.2270320962823167
COHFACE_s29_session0_lamp,43,152,48.06666666666667,-0.42369744181632996,-1.2226935110102353
COHFACE_s29_session0_lamp,43,153,48.1,-0.4582139253616333,-1.171588482866882
COHFACE_s29_session0_lamp,43,154,48.13333333333333,-0.4968942701816559,-1.0784305409277049
COHFACE_s29_session0_lamp,43,155,48.166666666666664,-0.5396735072135925,-0.9351124028835771
COHFACE_s29_session0_lamp,43,156,48.2,-0.5729246735572815,-0.7286577746803626
COHFACE_s29_session0_lamp,43,157,48.233333333333334,-0.5998705625534058,-0.45652713203240297
COHFACE_s29_session0_lamp,43,158,48.266666666666666,-0.6334569454193115,-0.13838717465670183
COHFACE_s29_session0_lamp,43,159,48.3,-0.6661889553070068,0.18597312039954064
COHFACE_s29_session0_lamp,43,160,48.333333333333336,-0.6864889860153198,0.4740659591624222
COHFACE_s29_session0_lamp,43,161,48.36666666666667,-0.7042312026023865,0.7032628282595572
COHFACE_s29_session0_lamp,43,162,48.4,-0.7239255905151367,0.882121032441263
COHFACE_s29_session0_lamp,43,163,48.43333333333333,-0.7421815395355225,1.0400890359357269
COHFACE_s29_session0_lamp,43,164,48.46666666666667,-0.759583055973053,1.2015191678617854
COHFACE_s29_session0_lamp,43,165,48.5,-0.7341296672821045,1.3628825147116976
COHFACE_s29_session0_lamp,43,166,48.53333333333333,-0.44931307435035706,1.489736657694303
COHFACE_s29_session0_lamp,43,167,48.56666666666667,0.05776531621813774,1.5352044307934039
COHFACE_s29_session0_lamp,43,168,48.6,0.3926992118358612,1.4663376191629272
COHFACE_s29_session0_lamp,43,169,48.63333333333333,0.46887022256851196,1.280378049470083
COHFACE_s29_session0_lamp,43,170,48.666666666666664,0.44171881675720215,1.0027609528342125
COHFACE_s29_session0_lamp,43,171,48.7,0.4321690499782562,0.6725359819968636
COHFACE_s29_session0_lamp,43,172,48.733333333333334,0.48539572954177856,0.32680693957327916
COHFACE_s29_session0_lamp,43,173,48.766666666666666,0.5349668860435486,-0.007683184739932559
COHFACE_s29_session0_lamp,43,174,48.8,0.5025431513786316,-0.3150812424075865
COHFACE_s29_session0_lamp,43,175,48.833333333333336,0.44796454906463623,-0.5872559718327165
COHFACE_s29_session0_lamp,43,176,48.86666666666667,0.42155399918556213,-0.82062036030079
COHFACE_s29_session0_lamp,43,177,48.9,0.4037793278694153,-1.0138387451171742
COHFACE_s29_session0_lamp,43,178,48.93333333333333,0.3656559884548187,-1.1663184285253185
COHFACE_s29_session0_lamp,43,179,48.96666666666667,0.2844613492488861,-1.2778115360549658
COHFACE_s29_session0_lamp,43,180,49.0,0.18594089150428772,-1.349212080047659
COHFACE_s29_session0_lamp,43,181,49.03333333333333,0.09113001078367233,-1.383445767779055
COHFACE_s29_session0_lamp,43,182,49.06666666666667,0.0056579988449811935,-1.3843993842908016
COHFACE_s29_session0_lamp,43,183,49.1,-0.06437540799379349,-1.3527479471676485
COHFACE_s29_session0_lamp,43,184,49.13333333333333,-0.11959207057952881,-1.2805977409894729
COHFACE_s29_session0_lamp,43,185,49.166666666666664,-0.17228341102600098,-1.1497477086727907
COHFACE_s29_session0_lamp,43,186,49.2,-0.22154094278812408,-0.9380997237197125
COHFACE_s29_session0_lamp,43,187,49.233333333333334,-0.2706308364868164,-0.6340111668400087
COHFACE_s29_session0_lamp,43,188,49.266666666666666,-0.32105639576911926,-0.2512597162760378
COHFACE_s29_session0_lamp,43,189,49.3,-0.37111425399780273,0.16635391984490838
COHFACE_s29_session0_lamp,43,190,49.333333333333336,-0.4208963215351105,0.5573812816368547
COHFACE_s29_session0_lamp,43,191,49.36666666666667,-0.4658277928829193,0.8679645857939972
COHFACE_s29_session0_lamp,43,192,49.4,-0.5025992393493652,1.0754552793412173
COHFACE_s29_session0_lamp,43,193,49.43333333333333,-0.535552978515625,1.1946959284787217
COHFACE_s29_session0_lamp,43,194,49.46666666666667,-0.568203866481781,1.262288877957623
COHFACE_s29_session0_lamp,43,195,49.5,-0.6033746600151062,1.3093052250240693
COHFACE_s29_session0_lamp,43,196,49.53333333333333,-0.6321699619293213,1.3406779960146564
COHFACE_s29_session0_lamp,43,197,49.56666666666667,-0.5432912111282349,1.334654437375438
COHFACE_s29_session0_lamp,43,198,49.6,-0.09029927849769592,1.2613045224041213
COHFACE_s29_session0_lamp,43,199,49.63333333333333,0.5647139549255371,1.1060743271993776
COHFACE_s29_session0_lamp,43,200,49.666666666666664,1.013920545578003,0.882369500857721
COHFACE_s29_session0_lamp,43,201,49.7,1.1512078046798706,0.6260920157540619
COHFACE_s29_session0_lamp,43,202,49.733333333333334,1.166759967803955,0.37772430191447126
COHFACE_s29_session0_lamp,43,203,49.766666666666666,1.2326133251190186,0.16474724259384677
COHFACE_s29_session0_lamp,43,204,49.8,1.3522071838378906,-0.005792773673199324
COHFACE_s29_session0_lamp,43,205,49.833333333333336,1.4330880641937256,-0.1433263475201128
COHFACE_s29_session0_lamp,43,206,49.86666666666667,1.3738914728164673,-0.26379300639991854
COHFACE_s29_session0_lamp,43,207,49.9,1.207419514656067,-0.3803791029382723
COHFACE_s29_session0_lamp,43,208,49.93333333333333,1.0581382513046265,-0.49868949012868413
COHFACE_s29_session0_lamp,43,209,49.96666666666667,0.9539019465446472,-0.616379779098213
COHFACE_s29_session0_lamp,43,210,50.0,0.8507472276687622,-0.7257787827239507
COHFACE_s29_session0_lamp,43,211,50.03333333333333,0.725005030632019,-0.8180665255263186
COHFACE_s29_session0_lamp,43,212,50.06666666666667,0.5744692087173462,-0.8873744811493394
COHFACE_s29_session0_lamp,43,213,50.1,0.4222245216369629,-0.9327849906775894
COHFACE_s29_session0_lamp,43,214,50.13333333333333,0.28498589992523193,-0.956688415645268
COHFACE_s29_session0_lamp,43,215,50.166666666666664,0.1640402376651764,-0.9600705583230787
COHFACE_s29_session0_lamp,43,216,50.2,0.058836016803979874,-0.9382246573989034
COHFACE_s29_session0_lamp,43,217,50.233333333333334,-0.031016122549772263,-0.88108250594897
COHFACE_s29_session0_lamp,43,218,50.266666666666666,-0.113632932305336,-0.7791018972268099
COHFACE_s29_session0_lamp,43,219,50.3,-0.19803424179553986,-0.6310468344269184
COHFACE_s29_session0_lamp,43,220,50.333333333333336,-0.27673056721687317,-0.4479426864369634
COHFACE_s29_session0_lamp,43,221,50.36666666666667,-0.34865662455558777,-0.24953813507356976
COHFACE_s29_session0_lamp,43,222,50.4,-0.4222482144832611,-0.054642403326893754
COHFACE_s29_session0_lamp,43,223,50.43333333333333,-0.48865312337875366,0.1284344597186601
COHFACE_s29_session0_lamp,43,224,50.46666666666667,-0.5508293509483337,0.30393417196068745
COHFACE_s29_session0_lamp,43,225,50.5,-0.6041858196258545,0.4802336026753705
COHFACE_s29_session0_lamp,43,226,50.53333333333333,-0.6476140022277832,0.6561328049521484
COHFACE_s29_session0_lamp,43,227,50.56666666666667,-0.6843475699424744,0.8122118548700862
COHFACE_s29_session0_lamp,43,228,50.6,-0.7142243981361389,0.9147731944150764
COHFACE_s29_session0_lamp,43,229,50.63333333333333,-0.7371362447738647,0.9312258903976348
COHFACE_s29_session0_lamp,43,230,50.666666666666664,-0.7703603506088257,0.8476973547482138
COHFACE_s29_session0_lamp,43,231,50.7,-0.7958245873451233,0.6780343343918391
COHFACE_s29_session0_lamp,43,232,50.733333333333334,-0.6347547769546509,0.45950251321850927
COHFACE_s29_session0_lamp,43,233,50.766666666666666,-0.026441320776939392,0.23891064463993644
COHFACE_s29_session0_lamp,43,234,50.8,0.7586995959281921,0.05714171017009126
COHFACE_s29_session0_lamp,43,235,50.833333333333336,1.2184077501296997,-0.06105039768196478
COHFACE_s29_session0_lamp,43,236,50.86666666666667,1.2863212823867798,-0.10930853709714022
COHFACE_s29_session0_lamp,43,237,50.9,1.2324836254119873,-0.09568871349381561
COHFACE_s29_session0_lamp,43,238,50.93333333333333,1.2472624778747559,-0.03641257091217816
COHFACE_s29_session0_lamp,43,239,50.96666666666667,1.326959252357483,0.04907176751742381
COHFACE_s29_session0_lamp,44,0,44.0,-0.5940465927124023,0.08872522210759504
COHFACE_s29_session0_lamp,44,1,44.03333333333333,-0.6396594643592834,0.19641253516541
COHFACE_s29_session0_lamp,44,2,44.06666666666667,-0.6879436373710632,0.29364754930354314
COHFACE_s29_session0_lamp,44,3,44.1,-0.7385584712028503,0.3771636161809615
COHFACE_s29_session0_lamp,44,4,44.13333333333333,-0.8015187382698059,0.4539919202322241
COHFACE_s29_session0_lamp,44,5,44.166666666666664,-0.8630189895629883,0.5394942595065303
COHFACE_s29_session0_lamp,44,6,44.2,-0.8412805795669556,0.6504714588866669
COHFACE_s29_session0_lamp,44,7,44.233333333333334,-0.40317031741142273,0.7968144591176484
COHFACE_s29_session0_lamp,44,8,44.266666666666666,0.49321508407592773,0.9754519739667976
COHFACE_s29_session0_lamp,44,9,44.3,1.243077039718628,1.168874484695706
COHFACE_s29_session0_lamp,44,10,44.333333333333336,1.480215072631836,1.3489887586171394
COHFACE_s29_session0_lamp,44,11,44.36666666666667,1.4073264598846436,1.4848475784960902
COHFACE_s29_session0_lamp,44,12,44.4,1.3371686935424805,1.5500028302584903
COHFACE_s29_session0_lamp,44,13,44.43333333333333,1.3647040128707886,1.5254314552461448
COHFACE_s29_session0_lamp,44,14,44.46666666666667,1.384138822555542,1.3987059719251271
COHFACE_s29_session0_lamp,44,15,44.5,1.2473922967910767,1.1639992186815136
COHFACE_s29_session0_lamp,44,16,44.53333333333333,0.9736449718475342,0.825681054881364
COHFACE_s29_session0_lamp,44,17,44.56666666666667,0.7411033511161804,0.4032278225244757
COHFACE_s29_session0_lamp,44,18,44.6,0.6007716059684753,-0.06767798179646786
COHFACE_s29_session0_lamp,44,19,44.63333333333333,0.47561344504356384,-0.5411857076152248
COHFACE_s29_session0_lamp,44,20,44.666666666666664,0.31967002153396606,-0.9726743716880446
COHFACE_s29_session0_lamp,44,21,44.7,0.13008612394332886,-1.3297325230898405
COHFACE_s29_session0_lamp,44,22,44.733333333333334,-0.06299106776714325,-1.597446334909509
COHFACE_s29_session0_lamp,44,23,44.766666666666666,-0.22103263437747955,-1.776417374911597
COHFACE_s29_session0_lamp,44,24,44.8,-0.3482078015804291,-1.8755585212400043
COHFACE_s29_session0_lamp,44,25,44.833333333333336,-0.45239537954330444,-1.903510420957204
COHFACE_s29_session0_lamp,44,26,44.86666666666667,-0.5361586213111877,-1.8623115157325107
COHFACE_s29_session0_lamp,44,27,44.9,-0.6074627637863159,-1.7456188161711363
COHFACE_s29_session0_lamp,44,28,44.93333333333333,-0.6757766008377075,-1.5422069732745862
COHFACE_s29_session0_lamp,44,29,44.96666666666667,-0.7396020889282227,-1.2436719456575325
COHFACE_s29_session0_lamp,44,30,45.0,-0.8010482788085938,-0.8532605672815324
COHFACE_s29_session0_lamp,44,31,45.03333333333333,-0.858119785785675,-0.39152206337908224
COHFACE_s29_session0_lamp,44,32,45.06666666666667,-0.9124603867530823,0.10481638522645098
COHFACE_s29_session0_lamp,44,33,45.1,-0.9736254215240479,0.591362374397268
COHFACE_s29_session0_lamp,44,34,45.13333333333333,-1.0233750343322754,1.0283372315602703
COHFACE_s29_session0_lamp,44,35,45.166666666666664,-0.8663716912269592,1.3900213550712595
COHFACE_s29_session0_lamp,44,36,45.2,-0.15327581763267517,1.665535953679644
COHFACE_s29_session0_lamp,44,37,45.233333333333334,0.7885493636131287,1.850496704137392
COHFACE_s29_session0_lamp,44,38,45.266666666666666,1.2934215068817139,1.9363727231738368
COHFACE_s29_session0_lamp,44,39,45.3,1.3050153255462646,1.9069322915521163
COHFACE_s29_session0_lamp,44,40,45.333333333333336,1.186800479888916,1.745393253747222
COHFACE_s29_session0_lamp,44,41,45.36666666666667,1.1619527339935303,1.4473846779773516
COHFACE_s29_session0_lamp,44,42,45.4,1.184350848197937,1.0310375555487856
COHFACE_s29_session0_lamp,44,43,45.43333333333333,1.1206496953964233,0.5379023918394011
COHFACE_s29_session0_lamp,44,44,45.46666666666667,0.8787421584129333,0.02408258336417617
COHFACE_s29_session0_lamp,44,45,45.5,0.5618208646774292,-0.4538614557129607
COHFACE_s29_session0_lamp,44,46,45.53333333333333,0.32940906286239624,-0.851841361075338
COHFACE_s29_session0_lamp,44,47,45.56666666666667,0.1760774850845337,-1.145338363255347
COHFACE_s29_session0_lamp,44,48,45.6,0.0221402645111084,-1.329601844879917
COHFACE_s29_session0_lamp,44,49,45.63333333333333,-0.1630256474018097,-1.4149195290343926
COHFACE_s29_session0_lamp,44,50,45.666666666666664,-0.3577899932861328,-1.419845708935724
COHFACE_s29_session0_lamp,44,51,45.7,-0.5392301082611084,-1.3645412205044605
COHFACE_s29_session0_lamp,44,52,45.733333333333334,-0.6889818906784058,-1.2653470774307671
COHFACE_s29_session0_lamp,44,53,45.766666666666666,-0.8177414536476135,-1.1311656278301996
COHFACE_s29_session0_lamp,44,54,45.8,-0.9236108064651489,-0.9622079056222523
COHFACE_s29_session0_lamp,44,55,45.833333333333336,-1.013971209526062,-0.7516775696641147
COHFACE_s29_session0_lamp,44,56,45.86666666666667,-1.094057321548462,-0.4904671277014656
COHFACE_s29_session0_lamp,44,57,45.9,-1.1675028800964355,-0.17392327401785382
COHFACE_s29_session0_lamp,44,58,45.93333333333333,-1.2353084087371826,0.19138562130299466
COHFACE_s29_session0_lamp,44,59,45.96666666666667,-1.2987229824066162,0.5835955526209492
COHFACE_s29_session0_lamp,44,60,46.0,-1.356351375579834,0.9664514810001936
COHFACE_s29_session0_lamp,44,61,46.03333333333333,-1.4057602882385254,1.2958053407596672
COHFACE_s29_session0_lamp,44,62,46.06666666666667,-1.4441324472427368,1.5298609430149388
COHFACE_s29_session0_lamp,44,63,46.1,-1.4743553400039673,1.639363612565735
COHFACE_s29_session0_lamp,44,64,46.13333333333333,-1.5065464973449707,1.6137459073742406
COHFACE_s29_session0_lamp,44,65,46.166666666666664,-1.5331248044967651,1.4611477717360202
COHFACE_s29_session0_lamp,44,66,46.2,-1.4130172729492188,1.2033324107005938
COHFACE_s29_session0_lamp,44,67,46.233333333333334,-0.8936150074005127,0.8688282568437632
COHFACE_s29_session0_lamp,44,68,46.266666666666666,-0.21232104301452637,0.48762821462107064
COHFACE_s29_session0_lamp,44,69,46.3,0.1706104278564453,0.08883227480322688
COHFACE_s29_session0_lamp,44,70,46.333333333333336,0.22884993255138397,-0.29971232539400305
COHFACE_s29_session0_lamp,44,71,46.36666666666667,0.20537027716636658,-0.6517803788446034
COHFACE_s29_session0_lamp,44,72,46.4,0.2483333945274353,-0.9443396922491756
COHFACE_s29_session0_lamp,44,73,46.43333333333333,0.3291332721710205,-1.159999821375795
COHFACE_s29_session0_lamp,44,74,46.46666666666667,0.34378236532211304,-1.2892120009838657
COHFACE_s29_session0_lamp,44,75,46.5,0.2299044132232666,-1.331071119336536
COHFACE_s29_session0_lamp,44,76,46.53333333333333,0.06269161403179169,-1.2919257144860823
COHFACE_s29_session0_lamp,44,77,46.56666666666667,-0.05930851399898529,-1.1819065195571763
COHFACE_s29_session0_lamp,44,78,46.6,-0.1373613327741623,-1.0108779564740604
COHFACE_s29_session0_lamp,44,79,46.63333333333333,-0.21828018128871918,-0.7861652477458838
COHFACE_s29_session0_lamp,44,80,46.666666666666664,-0.32796725630760193,-0.5137464894960816
COHFACE_s29_session0_lamp,44,81,46.7,-0.45071905851364136,-0.20259766447011007
COHFACE_s29_session0_lamp,44,82,46.733333333333334,-0.5634884834289551,0.13036702485528764
COHFACE_s29_session0_lamp,44,83,46.766666666666666,-0.6584399342536926,0.45835440143447614
COHFACE_s29_session0_lamp,44,84,46.8,-0.739353358745575,0.7482017695407739
COHFACE_s29_session0_lamp,44,85,46.833333333333336,-0.8091596364974976,0.9686876139897878
COHFACE_s29_session0_lamp,44,86,46.86666666666667,-0.8675181269645691,1.0995699905345748
COHFACE_s29_session0_lamp,44,87,46.9,-0.9204311370849609,1.136236482813417
COHFACE_s29_session0_lamp,44,88,46.93333333333333,-0.9682610630989075,1.0875179759586902
COHFACE_s29_session0_lamp,44,89,46.96666666666667,-1.0151771306991577,0.9685597907255489
COHFACE_s29_session0_lamp,44,90,47.0,-1.0560691356658936,0.7934727032428514
COHFACE_s29_session0_lamp,44,91,47.03333333333333,-1.0945385694503784,0.5721145753242791
COHFACE_s29_session0_lamp,44,92,47.06666666666667,-1.1263675689697266,0.3121886663102725
COHFACE_s29_session0_lamp,44,93,47.1,-1.153356671333313,0.024231183113011968
COHFACE_s29_session0_lamp,44,94,47.13333333333333,-1.1792806386947632,-0.2745305323208839
COHFACE_s29_session0_lamp,44,95,47.166666666666664,-1.1943676471710205,-0.5602623954407445
COHFACE_s29_session0_lamp,44,96,47.2,-1.2059507369995117,-0.8064206192173198
COHFACE_s29_session0_lamp,44,97,47.233333333333334,-1.2193019390106201,-0.989012660506364
COHFACE_s29_session0_lamp,44,98,47.266666666666666,-1.2315285205841064,-1.0907292555742516
COHFACE_s29_session0_lamp,44,99,47.3,-1.2312257289886475,-1.1029210808387229
COHFACE_s29_session0_lamp,44,100,47.333333333333336,-1.2387638092041016,-1.0257138961999752
COHFACE_s29_session0_lamp,44,101,47.36666666666667,-1.255046010017395,-0.8670096309115629
COHFACE_s29_session0_lamp,44,102,47.4,-1.1709908246994019,-0.640861839153922
COHFACE_s29_session0_lamp,44,103,47.43333333333333,-0.7515258193016052,-0.36533651924235405
COHFACE_s29_session0_lamp,44,104,47.46666666666667,-0.1918533891439438,-0.05998479867060178
COHFACE_s29_session0_lamp,44,105,47.5,0.09103807806968689,0.25657372968091313
COHFACE_s29_session0_lamp,44,106,47.53333333333333,0.1077258288860321,0.56809275621053
COHFACE_s29_session0_lamp,44,107,47.56666666666667,0.07985522598028183,0.8602763529347339
COHFACE_s29_session0_lamp,44,108,47.6,0.11530724167823792,1.1182000087346693
COHFACE_s29_session0_lamp,44,109,47.63333333333333,0.20431038737297058,1.3227085434355954
COHFACE_s29_session0_lamp,44,110,47.666666666666664,0.2658647298812866,1.4485825695610526
COHFACE_s29_session0_lamp,44,111,47.7,0.22440491616725922,1.4673946789763037
COHFACE_s29_session0_lamp,44,112,47.733333333333334,0.13214099407196045,1.3555684326134836
COHFACE_s29_session0_lamp,44,113,47.766666666666666,0.0745449960231781,1.1046509577560188
COHFACE_s29_session0_lamp,44,114,47.8,0.044965606182813644,0.7287115696172036
COHFACE_s29_session0_lamp,44,115,47.833333333333336,0.004003283567726612,0.2647945871742344
COHFACE_s29_session0_lamp,44,116,47.86666666666667,-0.06101730465888977,-0.2339135926391241
COHFACE_s29_session0_lamp,44,117,47.9,-0.13951896131038666,-0.7091489949102715
COHFACE_s29_session0_lamp,44,118,47.93333333333333,-0.2120344340801239,-1.1092088705683867
COHFACE_s29_session0_lamp,44,119,47.96666666666667,-0.27371856570243835,-1.3985760590921896
COHFACE_s29_session0_lamp,44,120,48.0,-0.3241819739341736,-1.5635883874842926
COHFACE_s29_session0_lamp,44,121,48.03333333333333,-0.3754078447818756,-1.6123009585298334
COHFACE_s29_session0_lamp,44,122,48.06666666666667,-0.42369744181632996,-1.5674356443213626
COHFACE_s29_session0_lamp,44,123,48.1,-0.4582139253616333,-1.4540245171048907
COHFACE_s29_session0_lamp,44,124,48.13333333333333,-0.4968942701816559,-1.287364042853221
COHFACE_s29_session0_lamp,44,125,48.166666666666664,-0.5396735072135925,-1.0683341627301104
COHFACE_s29_session0_lamp,44,126,48.2,-0.5729246735572815,-0.7892747857237333
COHFACE_s29_session0_lamp,44,127,48.233333333333334,-0.5998705625534058,-0.44690149905534743
COHFACE_s29_session0_lamp,44,128,48.266666666666666,-0.6334569454193115,-0.05392964744803085
COHFACE_s29_session0_lamp,44,129,48.3,-0.6661889553070068,0.3585817681054519
COHFACE_s29_session0_lamp,44,130,48.333333333333336,-0.6864889860153198,0.7504130287049059
COHFACE_s29_session0_lamp,44,131,48.36666666666667,-0.7042312026023865,1.0872605873353571
COHFACE_s29_session0_lamp,44,132,48.4,-0.7239255905151367,1.3512309969583396
COHFACE_s29_session0_lamp,44,133,48.43333333333333,-0.7421815395355225,1.5391727253861798
COHFACE_s29_session0_lamp,44,134,48.46666666666667,-0.759583055973053,1.6512515529212795
COHFACE_s29_session0_lamp,44,135,48.5,-0.7341296672821045,1.6803337454864207
COHFACE_s29_session0_lamp,44,136,48.53333333333333,-0.44931307435035706,1.611327188937787
COHFACE_s29_session0_lamp,44,137,48.56666666666667,0.05776531621813774,1.4310711301150456
COHFACE_s29_session0_lamp,44,138,48.6,0.3926992118358612,1.1412515621273018
COHFACE_s29_session0_lamp,44,139,48.63333333333333,0.46887022256851196,0.7649383143684454
COHFACE_s29_session0_lamp,44,140,48.666666666666664,0.44171881675720215,0.3426016161648343
COHFACE_s29_session0_lamp,44,141,48.7,0.4321690499782562,-0.07925948228886573
COHFACE_s29_session0_lamp,44,142,48.733333333333334,0.48539572954177856,-0.4602608129111345
COHFACE_s29_session0_lamp,44,143,48.766666666666666,0.5349668860435486,-0.7737213168340635
COHFACE_s29_session0_lamp,44,144,48.8,0.5025431513786316,-1.008078955376405
COHFACE_s29_session0_lamp,44,145,48.833333333333336,0.44796454906463623,-1.1637049651248945
COHFACE_s29_session0_lamp,44,146,48.86666666666667,0.42155399918556213,-1.2476650367880386
COHFACE_s29_session0_lamp,44,147,48.9,0.4037793278694153,-1.2685501134008696
COHFACE_s29_session0_lamp,44,148,48.93333333333333,0.3656559884548187,-1.2330450767676653
COHFACE_s29_session0_lamp,44,149,48.96666666666667,0.2844613492488861,-1.1452969006522085
COHFACE_s29_session0_lamp,44,150,49.0,0.18594089150428772,-1.0088865142668346
COHFACE_s29_session0_lamp,44,151,49.03333333333333,0.09113001078367233,-0.8297743904201892
COHFACE_s29_session0_lamp,44,152,49.06666666666667,0.0056579988449811935,-0.6179208325166486
COHFACE_s29_session0_lamp,44,153,49.1,-0.06437540799379349,-0.38605436100613244
COHFACE_s29_session0_lamp,44,154,49.13333333333333,-0.11959207057952881,-0.14612875485634533
COHFACE_s29_session0_lamp,44,155,49.166666666666664,-0.17228341102600098,0.09387821829113233
COHFACE_s29_session0_lamp,44,156,49.2,-0.22154094278812408,0.3296480843850592
COHFACE_s29_session0_lamp,44,157,49.233333333333334,-0.2706308364868164,0.5556768759183058
COHFACE_s29_session0_lamp,44,158,49.266666666666666,-0.32105639576911926,0.7589391711102954
COHFACE_s29_session0_lamp,44,159,49.3,-0.37111425399780273,0.9166538050935625
COHFACE_s29_session0_lamp,44,160,49.333333333333336,-0.4208963215351105,1.0019495605646764
COHFACE_s29_session0_lamp,44,161,49.36666666666667,-0.4658277928829193,0.9957082910416793
COHFACE_s29_session0_lamp,44,162,49.4,-0.5025992393493652,0.8973013466304487
COHFACE_s29_session0_lamp,44,163,49.43333333333333,-0.535552978515625,0.7264351879802387
COHFACE_s29_session0_lamp,44,164,49.46666666666667,-0.568203866481781,0.5145473895876171
COHFACE_s29_session0_lamp,44,165,49.5,-0.6033746600151062,0.2917821176934627
COHFACE_s29_session0_lamp,44,166,49.53333333333333,-0.6321699619293213,0.07804961609652032
COHFACE_s29_session0_lamp,44,167,49.56666666666667,-0.5432912111282349,-0.11719369661917316
COHFACE_s29_session0_lamp,44,168,49.6,-0.09029927849769592,-0.28867143611957463
COHFACE_s29_session0_lamp,44,169,49.63333333333333,0.5647139549255371,-0.4290790302273775
COHFACE_s29_session0_lamp,44,170,49.666666666666664,1.013920545578003,-0.5279801077679748
COHFACE_s29_session0_lamp,44,171,49.7,1.1512078046798706,-0.5758429720208124
COHFACE_s29_session0_lamp,44,172,49.733333333333334,1.166759967803955,-0.5693043056237868
COHFACE_s29_session0_lamp,44,173,49.766666666666666,1.2326133251190186,-0.513272444186257
COHFACE_s29_session0_lamp,44,174,49.8,1.3522071838378906,-0.4182698719116708
COHFACE_s29_session0_lamp,44,175,49.833333333333336,1.4330880641937256,-0.295132062892269
COHFACE_s29_session0_lamp,44,176,49.86666666666667,1.3738914728164673,-0.15111495942054684
COHFACE_s29_session0_lamp,44,177,49.9,1.207419514656067,0.009637946267867431
COHFACE_s29_session0_lamp,44,178,49.93333333333333,1.0581382513046265,0.18168333294562936
COHFACE_s29_session0_lamp,44,179,49.96666666666667,0.9539019465446472,0.35333992977542195
COHFACE_s29_session0_lamp,44,180,50.0,0.8507472276687622,0.5050025347141244
COHFACE_s29_session0_lamp,44,181,50.03333333333333,0.725005030632019,0.6123012802049497
COHFACE_s29_session0_lamp,44,182,50.06666666666667,0.5744692087173462,0.652717233986365
COHFACE_s29_session0_lamp,44,183,50.1,0.4222245216369629,0.6125386303225503
COHFACE_s29_session0_lamp,44,184,50.13333333333333,0.28498589992523193,0.4914805212310574
COHFACE_s29_session0_lamp,44,185,50.166666666666664,0.1640402376651764,0.30368309716394865
COHFACE_s29_session0_lamp,44,186,50.2,0.058836016803979874,0.0747683176291534
COHFACE_s29_session0_lamp,44,187,50.233333333333334,-0.031016122549772263,-0.16445208706305828
COHFACE_s29_session0_lamp,44,188,50.266666666666666,-0.113632932305336,-0.38560593475905036
COHFACE_s29_session0_lamp,44,189,50.3,-0.19803424179553986,-0.5687297734441521
COHFACE_s29_session0_lamp,44,190,50.333333333333336,-0.27673056721687317,-0.7041510913431526
COHFACE_s29_session0_lamp,44,191,50.36666666666667,-0.34865662455558777,-0.7898375012051532
COHFACE_s29_session0_lamp,44,192,50.4,-0.4222482144832611,-0.8261208892183408
COHFACE_s29_session0_lamp,44,193,50.43333333333333,-0.48865312337875366,-0.8112003731492485
COHFACE_s29_session0_lamp,44,194,50.46666666666667,-0.5508293509483337,-0.7405151883690462
COHFACE_s29_session0_lamp,44,195,50.5,-0.6041858196258545,-0.6107113192010616
COHFACE_s29_session0_lamp,44,196,50.53333333333333,-0.6476140022277832,-0.42556467035543166
COHFACE_s29_session0_lamp,44,197,50.56666666666667,-0.6843475699424744,-0.1993719968299062
COHFACE_s29_session0_lamp,44,198,50.6,-0.7142243981361389,0.04524619307553691
COHFACE_s29_session0_lamp,44,199,50.63333333333333,-0.7371362447738647,0.284373744489696
COHFACE_s29_session0_lamp,44,200,50.666666666666664,-0.7703603506088257,0.5003490044677047
COHFACE_s29_session0_lamp,44,201,50.7,-0.7958245873451233,0.6850080170989398
COHFACE_s29_session0_lamp,44,202,50.733333333333334,-0.6347547769546509,0.8370227851055094
COHFACE_s29_session0_lamp,44,203,50.766666666666666,-0.026441320776939392,0.9559588633112709
COHFACE_s29_session0_lamp,44,204,50.8,0.7586995959281921,1.0375089042338412
COHFACE_s29_session0_lamp,44,205,50.833333333333336,1.2184077501296997,1.0728761600055055
COHFACE_s29_session0_lamp,44,206,50.86666666666667,1.2863212823867798,1.051915977247902
COHFACE_s29_session0_lamp,44,207,50.9,1.2324836254119873,0.9671954883338891
COHFACE_s29_session0_lamp,44,208,50.93333333333333,1.2472624778747559,0.8164500222757604
COHFACE_s29_session0_lamp,44,209,50.96666666666667,1.326959252357483,0.6029796393267153
COHFACE_s29_session0_lamp,44,210,51.0,1.3504875898361206,0.3352067166017145
COHFACE_s29_session0_lamp,44,211,51.03333333333333,1.2298825979232788,0.02680966754073557
COHFACE_s29_session0_lamp,44,212,51.06666666666667,1.022632122039795,-0.3023391383032858
COHFACE_s29_session0_lamp,44,213,51.1,0.8444852232933044,-0.6257879223845724
COHFACE_s29_session0_lamp,44,214,51.13333333333333,0.7235720157623291,-0.9127089286290531
COHFACE_s29_session0_lamp,44,215,51.166666666666664,0.5988357067108154,-1.1335692085494098
COHFACE_s29_session0_lamp,44,216,51.2,0.44274625182151794,-1.267530872771348
COHFACE_s29_session0_lamp,44,217,51.233333333333334,0.2740788161754608,-1.3079038654724324
COHFACE_s29_session0_lamp,44,218,51.266666666666666,0.11163009703159332,-1.262551459974619
COHFACE_s29_session0_lamp,44,219,51.3,-0.029756158590316772,-1.148809542490254
COHFACE_s29_session0_lamp,44,220,51.333333333333336,-0.15589848160743713,-0.9854933964422553
COHFACE_s29_session0_lamp,44,221,51.36666666666667,-0.2619246542453766,-0.7863301108389006
COHFACE_s29_session0_lamp,44,222,51.4,-0.3476075530052185,-0.5586183894334934
COHFACE_s29_session0_lamp,44,223,51.43333333333333,-0.42240503430366516,-0.30784129617741995
COHFACE_s29_session0_lamp,44,224,51.46666666666667,-0.4927196204662323,-0.04471721238916585
COHFACE_s29_session0_lamp,44,225,51.5,-0.5564099550247192,0.21101407291277854
COHFACE_s29_session0_lamp,44,226,51.53333333333333,-0.6178452968597412,0.4337024042305515
COHFACE_s29_session0_lamp,44,227,51.56666666666667,-0.6781342625617981,0.6004402384469285
COHFACE_s29_session0_lamp,44,228,51.6,-0.7350867986679077,0.6995819633302374
COHFACE_s29_session0_lamp,44,229,51.63333333333333,-0.7846146821975708,0.7334452690111114
COHFACE_s29_session0_lamp,44,230,51.666666666666664,-0.8248686194419861,0.7143096302333137
COHFACE_s29_session0_lamp,44,231,51.7,-0.8584928512573242,0.6577715296444865
COHFACE_s29_session0_lamp,44,232,51.733333333333334,-0.8821239471435547,0.5780830477711958
COHFACE_s29_session0_lamp,44,233,51.766666666666666,-0.8981682062149048,0.48711269042128563
COHFACE_s29_session0_lamp,44,234,51.8,-0.9094645977020264,0.3954260881564186
COHFACE_s29_session0_lamp,44,235,51.833333333333336,-0.9238000512123108,0.3129227110516424
COHFACE_s29_session0_lamp,44,236,51.86666666666667,-0.9396063685417175,0.24774669255806778
COHFACE_s29_session0_lamp,44,237,51.9,-0.8994065523147583,0.20413180253193208
COHFACE_s29_session0_lamp,44,238,51.93333333333333,-0.49722954630851746,0.18067672776708446
COHFACE_s29_session0_lamp,44,239,51.96666666666667,0.3516017198562622,0.17026396851888007
COHFACE_s29_session0_lamp,45,0,45.0,-0.8010482788085938,0.08356501098021205
COHFACE_s29_session0_lamp,45,1,45.03333333333333,-0.858119785785675,0.540789562868328
COHFACE_s29_session0_lamp,45,2,45.06666666666667,-0.9124603867530823,0.9256752936193131
COHFACE_s29_session0_lamp,45,3,45.1,-0.9736254215240479,1.1898913464148995
COHFACE_s29_session0_lamp,45,4,45.13333333333333,-1.0233750343322754,1.322840225541129
COHFACE_s29_session0_lamp,45,5,45.166666666666664,-0.8663716912269592,1.3538235991388106
COHFACE_s29_session0_lamp,45,6,45.2,-0.15327581763267517,1.3377378032920686
COHFACE_s29_session0_lamp,45,7,45.233333333333334,0.7885493636131287,1.328637691918925
COHFACE_s29_session0_lamp,45,8,45.266666666666666,1.2934215068817139,1.3528911044012315
COHFACE_s29_session0_lamp,45,9,45.3,1.3050153255462646,1.3960141607889327
COHFACE_s29_session0_lamp,45,10,45.333333333333336,1.186800479888916,1.411730332886678
COHFACE_s29_session0_lamp,45,11,45.36666666666667,1.1619527339935303,1.3494581446217258
COHFACE_s29_session0_lamp,45,12,45.4,1.184350848197937,1.1837130714825281
COHFACE_s29_session0_lamp,45,13,45.43333333333333,1.1206496953964233,0.9267026952739266
COHFACE_s29_session0_lamp,45,14,45.46666666666667,0.8787421584129333,0.6179806917225966
COHFACE_s29_session0_lamp,45,15,45.5,0.5618208646774292,0.3013201410366217
COHFACE_s29_session0_lamp,45,16,45.53333333333333,0.32940906286239624,0.005365204183311333
COHFACE_s29_session0_lamp,45,17,45.56666666666667,0.1760774850845337,-0.2612327986950474
COHFACE_s29_session0_lamp,45,18,45.6,0.0221402645111084,-0.5013012570104275
COHFACE_s29_session0_lamp,45,19,45.63333333333333,-0.1630256474018097,-0.7170413148367375
COHFACE_s29_session0_lamp,45,20,45.666666666666664,-0.3577899932861328,-0.903907818167002
COHFACE_s29_session0_lamp,45,21,45.7,-0.5392301082611084,-1.053204880734845
COHFACE_s29_session0_lamp,45,22,45.733333333333334,-0.6889818906784058,-1.1589739718819154
COHFACE_s29_session0_lamp,45,23,45.766666666666666,-0.8177414536476135,-1.2222967463398628
COHFACE_s29_session0_lamp,45,24,45.8,-0.9236108064651489,-1.2494974492505504
COHFACE_s29_session0_lamp,45,25,45.833333333333336,-1.013971209526062,-1.2461232030670286
COHFACE_s29_session0_lamp,45,26,45.86666666666667,-1.094057321548462,-1.2113867070130468
COHFACE_s29_session0_lamp,45,27,45.9,-1.1675028800964355,-1.136814097556469
COHFACE_s29_session0_lamp,45,28,45.93333333333333,-1.2353084087371826,-1.0097098228492352
COHFACE_s29_session0_lamp,45,29,45.96666666666667,-1.2987229824066162,-0.8192372093016143
COHFACE_s29_session0_lamp,45,30,46.0,-1.356351375579834,-0.5621905565275824
COHFACE_s29_session0_lamp,45,31,46.03333333333333,-1.4057602882385254,-0.24661724993195605
COHFACE_s29_session0_lamp,45,32,46.06666666666667,-1.4441324472427368,0.10712865072319178
COHFACE_s29_session0_lamp,45,33,46.1,-1.4743553400039673,0.4678994368667102
COHFACE_s29_session0_lamp,45,34,46.13333333333333,-1.5065464973449707,0.7983823854849105
COHFACE_s29_session0_lamp,45,35,46.166666666666664,-1.5331248044967651,1.0628860626717829
COHFACE_s29_session0_lamp,45,36,46.2,-1.4130172729492188,1.2358136380252227
COHFACE_s29_session0_lamp,45,37,46.233333333333334,-0.8936150074005127,1.3065843682808274
COHFACE_s29_session0_lamp,45,38,46.266666666666666,-0.21232104301452637,1.2784439855709138
COHFACE_s29_session0_lamp,45,39,46.3,0.1706104278564453,1.1625785678919156
COHFACE_s29_session0_lamp,45,40,46.333333333333336,0.22884993255138397,0.9720593776288795
COHFACE_s29_session0_lamp,45,41,46.36666666666667,0.20537027716636658,0.7199085042928466
COHFACE_s29_session0_lamp,45,42,46.4,0.2483333945274353,0.4218475276723089
COHFACE_s29_session0_lamp,45,43,46.43333333333333,0.3291332721710205,0.10008899967414542
COHFACE_s29_session0_lamp,45,44,46.46666666666667,0.34378236532211304,-0.21664018773222585
COHFACE_s29_session0_lamp,45,45,46.5,0.2299044132232666,-0.4986675025438808
COHFACE_s29_session0_lamp,45,46,46.53333333333333,0.06269161403179169,-0.7232091257442556
COHFACE_s29_session0_lamp,45,47,46.56666666666667,-0.05930851399898529,-0.8784797104706201
COHFACE_s29_session0_lamp,45,48,46.6,-0.1373613327741623,-0.9609245593833722
COHFACE_s29_session0_lamp,45,49,46.63333333333333,-0.21828018128871918,-0.968442653596788
COHFACE_s29_session0_lamp,45,50,46.666666666666664,-0.32796725630760193,-0.8966022340722298
COHFACE_s29_session0_lamp,45,51,46.7,-0.45071905851364136,-0.7429619462320033
COHFACE_s29_session0_lamp,45,52,46.733333333333334,-0.5634884834289551,-0.5170702478213344
COHFACE_s29_session0_lamp,45,53,46.766666666666666,-0.6584399342536926,-0.24722809001406074
COHFACE_s29_session0_lamp,45,54,46.8,-0.739353358745575,0.023936119037361227
COHFACE_s29_session0_lamp,45,55,46.833333333333336,-0.8091596364974976,0.2551173750753917
COHFACE_s29_session0_lamp,45,56,46.86666666666667,-0.8675181269645691,0.4240981542473751
COHFACE_s29_session0_lamp,45,57,46.9,-0.9204311370849609,0.53534046761429
COHFACE_s29_session0_lamp,45,58,46.93333333333333,-0.9682610630989075,0.6113183583726216
COHFACE_s29_session0_lamp,45,59,46.96666666666667,-1.0151771306991577,0.6726800395610303
COHFACE_s29_session0_lamp,45,60,47.0,-1.0560691356658936,0.7204788257678426
COHFACE_s29_session0_lamp,45,61,47.03333333333333,-1.0945385694503784,0.7327592187977444
COHFACE_s29_session0_lamp,45,62,47.06666666666667,-1.1263675689697266,0.6776661902230638
COHFACE_s29_session0_lamp,45,63,47.1,-1.153356671333313,0.5338065480219757
COHFACE_s29_session0_lamp,45,64,47.13333333333333,-1.1792806386947632,0.30448771110381556
COHFACE_s29_session0_lamp,45,65,47.166666666666664,-1.1943676471710205,0.017779276625282645
COHFACE_s29_session0_lamp,45,66,47.2,-1.2059507369995117,-0.2852652211499152
COHFACE_s29_session0_lamp,45,67,47.233333333333334,-1.2193019390106201,-0.5647063199381366
COHFACE_s29_session0_lamp,45,68,47.266666666666666,-1.2315285205841064,-0.7899729379338976
COHFACE_s29_session0_lamp,45,69,47.3,-1.2312257289886475,-0.940726329226164
COHFACE_s29_session0_lamp,45,70,47.333333333333336,-1.2387638092041016,-1.00415112714335
COHFACE_s29_session0_lamp,45,71,47.36666666666667,-1.255046010017395,-0.9733645153398781
COHFACE_s29_session0_lamp,45,72,47.4,-1.1709908246994019,-0.8485787410732556
COHFACE_s29_session0_lamp,45,73,47.43333333333333,-0.7515258193016052,-0.6390152734139692
COHFACE_s29_session0_lamp,45,74,47.46666666666667,-0.1918533891439438,-0.36257679368235607
COHFACE_s29_session0_lamp,45,75,47.5,0.09103807806968689,-0.042261255508680054
COHFACE_s29_session0_lamp,45,76,47.53333333333333,0.1077258288860321,0.298656114260248
COHFACE_s29_session0_lamp,45,77,47.56666666666667,0.07985522598028183,0.6391481901018121
COHFACE_s29_session0_lamp,45,78,47.6,0.11530724167823792,0.9586736724683748
COHFACE_s29_session0_lamp,45,79,47.63333333333333,0.20431038737297058,1.232660128953696
COHFACE_s29_session0_lamp,45,80,47.666666666666664,0.2658647298812866,1.4296964421081189
COHFACE_s29_session0_lamp,45,81,47.7,0.22440491616725922,1.5146377375508768
COHFACE_s29_session0_lamp,45,82,47.733333333333334,0.13214099407196045,1.4578945918721773
COHFACE_s29_session0_lamp,45,83,47.766666666666666,0.0745449960231781,1.246559183185243
COHFACE_s29_session0_lamp,45,84,47.8,0.044965606182813644,0.8913819257393535
COHFACE_s29_session0_lamp,45,85,47.833333333333336,0.004003283567726612,0.42623862221111053
COHFACE_s29_session0_lamp,45,86,47.86666666666667,-0.06101730465888977,-0.09833716061520126
COHFACE_s29_session0_lamp,45,87,47.9,-0.13951896131038666,-0.6235486135373982
COHFACE_s29_session0_lamp,45,88,47.93333333333333,-0.2120344340801239,-1.0909724745451157
COHFACE_s29_session0_lamp,45,89,47.96666666666667,-0.27371856570243835,-1.4522156411042773
COHFACE_s29_session0_lamp,45,90,48.0,-0.3241819739341736,-1.6785143076845999
COHFACE_s29_session0_lamp,45,91,48.03333333333333,-0.3754078447818756,-1.7656565864434564
COHFACE_s29_session0_lamp,45,92,48.06666666666667,-0.42369744181632996,-1.7295050754231278
COHFACE_s29_session0_lamp,45,93,48.1,-0.4582139253616333,-1.5925991415201153
COHFACE_s29_session0_lamp,45,94,48.13333333333333,-0.4968942701816559,-1.3699099326317068
COHFACE_s29_session0_lamp,45,95,48.166666666666664,-0.5396735072135925,-1.064532827686922
COHFACE_s29_session0_lamp,45,96,48.2,-0.5729246735572815,-0.6775615432563478
COHFACE_s29_session0_lamp,45,97,48.233333333333334,-0.5998705625534058,-0.22538232087337984
COHFACE_s29_session0_lamp,45,98,48.266666666666666,-0.6334569454193115,0.24931518537811473
COHFACE_s29_session0_lamp,45,99,48.3,-0.6661889553070068,0.6840387546914296
COHFACE_s29_session0_lamp,45,100,48.333333333333336,-0.6864889860153198,1.0203035236266935
COHFACE_s29_session0_lamp,45,101,48.36666666666667,-0.7042312026023865,1.2310220591956242
COHFACE_s29_session0_lamp,45,102,48.4,-0.7239255905151367,1.3317308124246923
COHFACE_s29_session0_lamp,45,103,48.43333333333333,-0.7421815395355225,1.3648613083426444
COHFACE_s29_session0_lamp,45,104,48.46666666666667,-0.759583055973053,1.3670557046297473
COHFACE_s29_session0_lamp,45,105,48.5,-0.7341296672821045,1.3439913448053835
COHFACE_s29_session0_lamp,45,106,48.53333333333333,-0.44931307435035706,1.2708581907602159
COHFACE_s29_session0_lamp,45,107,48.56666666666667,0.05776531621813774,1.1162500641608477
COHFACE_s29_session0_lamp,45,108,48.6,0.3926992118358612,0.869973105559086
COHFACE_s29_session0_lamp,45,109,48.63333333333333,0.46887022256851196,0.5540601823254878
COHFACE_s29_session0_lamp,45,110,48.666666666666664,0.44171881675720215,0.21172083681098208
COHFACE_s29_session0_lamp,45,111,48.7,0.4321690499782562,-0.1138919105200798
COHFACE_s29_session0_lamp,45,112,48.733333333333334,0.48539572954177856,-0.39517443132056973
COHFACE_s29_session0_lamp,45,113,48.766666666666666,0.5349668860435486,-0.6222502401733904
COHFACE_s29_session0_lamp,45,114,48.8,0.5025431513786316,-0.7953480865121983
COHFACE_s29_session0_lamp,45,115,48.833333333333336,0.44796454906463623,-0.9161414143542902
COHFACE_s29_session0_lamp,45,116,48.86666666666667,0.42155399918556213,-0.9836242667975172
COHFACE_s29_session0_lamp,45,117,48.9,0.4037793278694153,-0.9942668639926356
COHFACE_s29_session0_lamp,45,118,48.93333333333333,0.3656559884548187,-0.9442209448348542
COHFACE_s29_session0_lamp,45,119,48.96666666666667,0.2844613492488861,-0.8327174217284077
COHFACE_s29_session0_lamp,45,120,49.0,0.18594089150428772,-0.6667314989023001
COHFACE_s29_session0_lamp,45,121,49.03333333333333,0.09113001078367233,-0.4655506654039827
COHFACE_s29_session0_lamp,45,122,49.06666666666667,0.0056579988449811935,-0.26116359627297747
COHFACE_s29_session0_lamp,45,123,49.1,-0.06437540799379349,-0.09032906773089792
COHFACE_s29_session0_lamp,45,124,49.13333333333333,-0.11959207057952881,0.020761240513717194
COHFACE_s29_session0_lamp,45,125,49.166666666666664,-0.17228341102600098,0.07099844576134193
COHFACE_s29_session0_lamp,45,126,49.2,-0.22154094278812408,0.08635156280081362
COHFACE_s29_session0_lamp,45,127,49.233333333333334,-0.2706308364868164,0.10380424454084299
COHFACE_s29_session0_lamp,45,128,49.266666666666666,-0.32105639576911926,0.14605051693361618
COHFACE_s29_session0_lamp,45,129,49.3,-0.37111425399780273,0.20551477827805575
COHFACE_s29_session0_lamp,45,130,49.333333333333336,-0.4208963215351105,0.2506696945647954
COHFACE_s29_session0_lamp,45,131,49.36666666666667,-0.4658277928829193,0.2508802533083167
COHFACE_s29_session0_lamp,45,132,49.4,-0.5025992393493652,0.2011370281005731
COHFACE_s29_session0_lamp,45,133,49.43333333333333,-0.535552978515625,0.12738626418899868
COHFACE_s29_session0_lamp,45,134,49.46666666666667,-0.568203866481781,0.06882612625333444
COHFACE_s29_session0_lamp,45,135,49.5,-0.6033746600151062,0.051754828749967674
COHFACE_s29_session0_lamp,45,136,49.53333333333333,-0.6321699619293213,0.0748477457723561
COHFACE_s29_session0_lamp,45,137,49.56666666666667,-0.5432912111282349,0.11569336005738229
COHFACE_s29_session0_lamp,45,138,49.6,-0.09029927849769592,0.15157351939400332
COHFACE_s29_session0_lamp,45,139,49.63333333333333,0.5647139549255371,0.17708100453859663
COHFACE_s29_session0_lamp,45,140,49.666666666666664,1.013920545578003,0.2053267308145146
COHFACE_s29_session0_lamp,45,141,49.7,1.1512078046798706,0.2533273101238719
COHFACE_s29_session0_lamp,45,142,49.733333333333334,1.166759967803955,0.3243699657963391
COHFACE_s29_session0_lamp,45,143,49.766666666666666,1.2326133251190186,0.4018656900689349
COHFACE_s29_session0_lamp,45,144,49.8,1.3522071838378906,0.4592011626213358
COHFACE_s29_session0_lamp,45,145,49.833333333333336,1.4330880641937256,0.47707897989052955
COHFACE_s29_session0_lamp,45,146,49.86666666666667,1.3738914728164673,0.4543513922542882
COHFACE_s29_session0_lamp,45,147,49.9,1.207419514656067,0.4041174341060861
COHFACE_s29_session0_lamp,45,148,49.93333333333333,1.0581382513046265,0.3393777196907898
COHFACE_s29_session0_lamp,45,149,49.96666666666667,0.9539019465446472,0.2609023524939942
COHFACE_s29_session0_lamp,45,150,50.0,0.8507472276687622,0.1567464148274576
COHFACE_s29_session0_lamp,45,151,50.03333333333333,0.725005030632019,0.012657635178370319
COHFACE_s29_session0_lamp,45,152,50.06666666666667,0.5744692087173462,-0.1751539827265618
COHFACE_s29_session0_lamp,45,153,50.1,0.4222245216369629,-0.393649864009879
COHFACE_s29_session0_lamp,45,154,50.13333333333333,0.28498589992523193,-0.6154984638801052
COHFACE_s29_session0_lamp,45,155,50.166666666666664,0.1640402376651764,-0.8068954649154719
COHFACE_s29_session0_lamp,45,156,50.2,0.058836016803979874,-0.9363622628349606
COHFACE_s29_session0_lamp,45,157,50.233333333333334,-0.031016122549772263,-0.9825880591355451
COHFACE_s29_session0_lamp,45,158,50.266666666666666,-0.113632932305336,-0.9403047553540964
COHFACE_s29_session0_lamp,45,159,50.3,-0.19803424179553986,-0.8223092753865424
COHFACE_s29_session0_lamp,45,160,50.333333333333336,-0.27673056721687317,-0.6553059854679643
COHFACE_s29_session0_lamp,45,161,50.36666666666667,-0.34865662455558777,-0.46928026788416816
COHFACE_s29_session0_lamp,45,162,50.4,-0.4222482144832611,-0.2845235554586447
COHFACE_s29_session0_lamp,45,163,50.43333333333333,-0.48865312337875366,-0.10384711122224108
COHFACE_s29_session0_lamp,45,164,50.46666666666667,-0.5508293509483337,0.08372888316962204
COHFACE_s29_session0_lamp,45,165,50.5,-0.6041858196258545,0.2882018857322537
COHFACE_s29_session0_lamp,45,166,50.53333333333333,-0.6476140022277832,0.5018213319527038
COHFACE_s29_session0_lamp,45,167,50.56666666666667,-0.6843475699424744,0.6929548283774924
COHFACE_s29_session0_lamp,45,168,50.6,-0.7142243981361389,0.8170823823031377
COHFACE_s29_session0_lamp,45,169,50.63333333333333,-0.7371362447738647,0.8394724003203857
COHFACE_s29_session0_lamp,45,170,50.666666666666664,-0.7703603506088257,0.7548706947411705
COHFACE_s29_session0_lamp,45,171,50.7,-0.7958245873451233,0.5907502776897496
COHFACE_s29_session0_lamp,45,172,50.733333333333334,-0.6347547769546509,0.39279920937058854
COHFACE_s29_session0_lamp,45,173,50.766666666666666,-0.026441320776939392,0.20386288241658257
COHFACE_s29_session0_lamp,45,174,50.8,0.7586995959281921,0.04995149257484453
COHFACE_s29_session0_lamp,45,175,50.833333333333336,1.2184077501296997,-0.06052755639400696
COHFACE_s29_session0_lamp,45,176,50.86666666666667,1.2863212823867798,-0.12833921278028831
COHFACE_s29_session0_lamp,45,177,50.9,1.2324836254119873,-0.15539761021491966
COHFACE_s29_session0_lamp,45,178,50.93333333333333,1.2472624778747559,-0.14419398423468657
COHFACE_s29_session0_lamp,45,179,50.96666666666667,1.326959252357483,-0.10381557184016783
COHFACE_s29_session0_lamp,45,180,51.0,1.3504875898361206,-0.05475321739619264
COHFACE_s29_session0_lamp,45,181,51.03333333333333,1.2298825979232788,-0.024426681790413268
COHFACE_s29_session0_lamp,45,182,51.06666666666667,1.022632122039795,-0.032832993803231396
COHFACE_s29_session0_lamp,45,183,51.1,0.8444852232933044,-0.0770661560656888
COHFACE_s29_session0_lamp,45,184,51.13333333333333,0.7235720157623291,-0.12697515751724892
COHFACE_s29_session0_lamp,45,185,51.166666666666664,0.5988357067108154,-0.13832278535906284
COHFACE_s29_session0_lamp,45,186,51.2,0.44274625182151794,-0.07749664086683122
COHFACE_s29_session0_lamp,45,187,51.233333333333334,0.2740788161754608,0.05721954894795041
COHFACE_s29_session0_lamp,45,188,51.266666666666666,0.11163009703159332,0.23093954125233493
COHFACE_s29_session0_lamp,45,189,51.3,-0.029756158590316772,0.3867495078659168
COHFACE_s29_session0_lamp,45,190,51.333333333333336,-0.15589848160743713,0.4710479649926735
COHFACE_s29_session0_lamp,45,191,51.36666666666667,-0.2619246542453766,0.45559109506398165
COHFACE_s29_session0_lamp,45,192,51.4,-0.3476075530052185,0.345086288168951
COHFACE_s29_session0_lamp,45,193,51.43333333333333,-0.42240503430366516,0.16833777592017216
COHFACE_s29_session0_lamp,45,194,51.46666666666667,-0.4927196204662323,-0.03928870668672745
COHFACE_s29_session0_lamp,45,195,51.5,-0.5564099550247192,-0.25046058050571546
COHFACE_s29_session0_lamp,45,196,51.53333333333333,-0.6178452968597412,-0.45045939163052395
COHFACE_s29_session0_lamp,45,197,51.56666666666667,-0.6781342625617981,-0.6327226551003455
COHFACE_s29_session0_lamp,45,198,51.6,-0.7350867986679077,-0.7912667033060786
COHFACE_s29_session0_lamp,45,199,51.63333333333333,-0.7846146821975708,-0.9156655374932622
COHFACE_s29_session0_lamp,45,200,51.666666666666664,-0.8248686194419861,-0.9906806822485977
COHFACE_s29_session0_lamp,45,201,51.7,-0.8584928512573242,-0.9994243548602016
COHFACE_s29_session0_lamp,45,202,51.733333333333334,-0.8821239471435547,-0.9283851664979029
COHFACE_s29_session0_lamp,45,203,51.766666666666666,-0.8981682062149048,-0.773097025345856
COHFACE_s29_session0_lamp,45,204,51.8,-0.9094645977020264,-0.5425777908309779
COHFACE_s29_session0_lamp,45,205,51.833333333333336,-0.9238000512123108,-0.25996123837258506
COHFACE_s29_session0_lamp,45,206,51.86666666666667,-0.9396063685417175,0.042128193934462925
COHFACE_s29_session0_lamp,45,207,51.9,-0.8994065523147583,0.3300397305980032
COHFACE_s29_session0_lamp,45,208,51.93333333333333,-0.49722954630851746,0.5772139056918444
COHFACE_s29_session0_lamp,45,209,51.96666666666667,0.3516017198562622,0.7677504598100733
COHFACE_s29_session0_lamp,45,210,52.0,1.1184217929840088,0.894750291775337
COHFACE_s29_session0_lamp,45,211,52.03333333333333,1.4027354717254639,0.9567843880646117
COHFACE_s29_session0_lamp,45,212,52.06666666666667,1.3574903011322021,0.9567264933199435
COHFACE_s29_session0_lamp,45,213,52.1,1.281541109085083,0.9041672100316522
COHFACE_s29_session0_lamp,45,214,52.13333333333333,1.2994239330291748,0.8180148662867649
COHFACE_s29_session0_lamp,45,215,52.166666666666664,1.3564088344573975,0.7240321996928355
COHFACE_s29_session0_lamp,45,216,52.2,1.3128670454025269,0.6454710619672491
COHFACE_s29_session0_lamp,45,217,52.233333333333334,1.1275606155395508,0.5911263861703007
COHFACE_s29_session0_lamp,45,218,52.266666666666666,0.9318877458572388,0.54903931979979
COHFACE_s29_session0_lamp,45,219,52.3,0.7932863831520081,0.49185389498239634
COHFACE_s29_session0_lamp,45,220,52.333333333333336,0.6673765778541565,0.39195008348389665
COHFACE_s29_session0_lamp,45,221,52.36666666666667,0.5168623924255371,0.237385776107268
COHFACE_s29_session0_lamp,45,222,52.4,0.34344708919525146,0.03938277396678831
COHFACE_s29_session0_lamp,45,223,52.43333333333333,0.17215698957443237,-0.17212586298372734
COHFACE_s29_session0_lamp,45,224,52.46666666666667,0.011427873745560646,-0.3612384972755995
COHFACE_s29_session0_lamp,45,225,52.5,-0.13461969792842865,-0.4995795094881583
COHFACE_s29_session0_lamp,45,226,52.53333333333333,-0.24199235439300537,-0.5743441840779775
COHFACE_s29_session0_lamp,45,227,52.56666666666667,-0.32177019119262695,-0.589196892767205
COHFACE_s29_session0_lamp,45,228,52.6,-0.3963243365287781,-0.5603175510684187
COHFACE_s29_session0_lamp,45,229,52.63333333333333,-0.46277251839637756,-0.5109903824858539
COHFACE_s29_session0_lamp,45,230,52.666666666666664,-0.5185028910636902,-0.46633784841385056
COHFACE_s29_session0_lamp,45,231,52.7,-0.5757474303245544,-0.4476337408245166
COHFACE_s29_session0_lamp,45,232,52.733333333333334,-0.6388266682624817,-0.46560667235168124
COHFACE_s29_session0_lamp,45,233,52.766666666666666,-0.6870135068893433,-0.514345987008711
COHFACE_s29_session0_lamp,45,234,52.8,-0.7207459211349487,-0.5697683402220383
COHFACE_s29_session0_lamp,45,235,52.833333333333336,-0.7565169930458069,-0.5960643904309061
COHFACE_s29_session0_lamp,45,236,52.86666666666667,-0.784582257270813,-0.5591698586638768
COHFACE_s29_session0_lamp,45,237,52.9,-0.7988744378089905,-0.44146618753132044
COHFACE_s29_session0_lamp,45,238,52.93333333333333,-0.8169249296188354,-0.2506473757217131
COHFACE_s29_session0_lamp,45,239,52.96666666666667,-0.8458824157714844,-0.018716110388767485
COHFACE_s29_session0_lamp,46,0,46.0,-1.356351375579834,0.06076011784556089
COHFACE_s29_session0_lamp,46,1,46.03333333333333,-1.4057602882385254,0.670244623682004
COHFACE_s29_session0_lamp,46,2,46.06666666666667,-1.4441324472427368,1.2291176145144498
COHFACE_s29_session0_lamp,46,3,46.1,-1.4743553400039673,1.6941861667351297
COHFACE_s29_session0_lamp,46,4,46.13333333333333,-1.5065464973449707,2.0363177604643656
COHFACE_s29_session0_lamp,46,5,46.166666666666664,-1.5331248044967651,2.245573457931967
COHFACE_s29_session0_lamp,46,6,46.2,-1.4130172729492188,2.3309991884620467
COHFACE_s29_session0_lamp,46,7,46.233333333333334,-0.8936150074005127,2.313996942536072
COHFACE_s29_session0_lamp,46,8,46.266666666666666,-0.21232104301452637,2.217507029808836
COHFACE_s29_session0_lamp,46,9,46.3,0.1706104278564453,2.0560528976249266
COHFACE_s29_session0_lamp,46,10,46.333333333333336,0.22884993255138397,1.8324820595216214
COHFACE_s29_session0_lamp,46,11,46.36666666666667,0.20537027716636658,1.543826565679221
COHFACE_s29_session0_lamp,46,12,46.4,0.2483333945274353,1.1919482498686078
COHFACE_s29_session0_lamp,46,13,46.43333333333333,0.3291332721710205,0.7908424164481803
COHFACE_s29_session0_lamp,46,14,46.46666666666667,0.34378236532211304,0.3660101171623512
COHFACE_s29_session0_lamp,46,15,46.5,0.2299044132232666,-0.05213175311597086
COHFACE_s29_session0_lamp,46,16,46.53333333333333,0.06269161403179169,-0.4356223416535375
COHFACE_s29_session0_lamp,46,17,46.56666666666667,-0.05930851399898529,-0.7631395580958138
COHFACE_s29_session0_lamp,46,18,46.6,-0.1373613327741623,-1.0202945717496392
COHFACE_s29_session0_lamp,46,19,46.63333333333333,-0.21828018128871918,-1.1980968764939763
COHFACE_s29_session0_lamp,46,20,46.666666666666664,-0.32796725630760193,-1.2922492523212088
COHFACE_s29_session0_lamp,46,21,46.7,-0.45071905851364136,-1.3043745095686923
COHFACE_s29_session0_lamp,46,22,46.733333333333334,-0.5634884834289551,-1.243927912449257
COHFACE_s29_session0_lamp,46,23,46.766666666666666,-0.6584399342536926,-1.1283805593609864
COHFACE_s29_session0_lamp,46,24,46.8,-0.739353358745575,-0.9803032734358897
COHFACE_s29_session0_lamp,46,25,46.833333333333336,-0.8091596364974976,-0.8221651662866734
COHFACE_s29_session0_lamp,46,26,46.86666666666667,-0.8675181269645691,-0.6711915203002626
COHFACE_s29_session0_lamp,46,27,46.9,-0.9204311370849609,-0.5366293699677653
COHFACE_s29_session0_lamp,46,28,46.93333333333333,-0.9682610630989075,-0.42042250223348815
COHFACE_s29_session0_lamp,46,29,46.96666666666667,-1.0151771306991577,-0.3205656250202085
COHFACE_s29_session0_lamp,46,30,47.0,-1.0560691356658936,-0.2352983169650271
COHFACE_s29_session0_lamp,46,31,47.03333333333333,-1.0945385694503784,-0.16614044236967618
COHFACE_s29_session0_lamp,46,32,47.06666666666667,-1.1263675689697266,-0.11839990136435702
COHFACE_s29_session0_lamp,46,33,47.1,-1.153356671333313,-0.09889369951479779
COHFACE_s29_session0_lamp,46,34,47.13333333333333,-1.1792806386947632,-0.11181732509806538
COHFACE_s29_session0_lamp,46,35,47.166666666666664,-1.1943676471710205,-0.15453537396223446
COHFACE_s29_session0_lamp,46,36,47.2,-1.2059507369995117,-0.21522104930265953
COHFACE_s29_session0_lamp,46,37,47.233333333333334,-1.2193019390106201,-0.2736661354170538
COHFACE_s29_session0_lamp,46,38,47.266666666666666,-1.2315285205841064,-0.30541312937258364
COHFACE_s29_session0_lamp,46,39,47.3,-1.2312257289886475,-0.2880649543390329
COHFACE_s29_session0_lamp,46,40,47.333333333333336,-1.2387638092041016,-0.2076948964949241
COHFACE_s29_session0_lamp,46,41,47.36666666666667,-1.255046010017395,-0.06304933979380635
COHFACE_s29_session0_lamp,46,42,47.4,-1.1709908246994019,0.1341516970828572
COHFACE_s29_session0_lamp,46,43,47.43333333333333,-0.7515258193016052,0.3631418304821255
COHFACE_s29_session0_lamp,46,44,47.46666666666667,-0.1918533891439438,0.6008524326175343
COHFACE_s29_session0_lamp,46,45,47.5,0.09103807806968689,0.8286567847654821
COHFACE_s29_session0_lamp,46,46,47.53333333333333,0.1077258288860321,1.0359876213325718
COHFACE_s29_session0_lamp,46,47,47.56666666666667,0.07985522598028183,1.2190032261323154
COHFACE_s29_session0_lamp,46,48,47.6,0.11530724167823792,1.3750484285479634
COHFACE_s29_session0_lamp,46,49,47.63333333333333,0.20431038737297058,1.4959632745028746
COHFACE_s29_session0_lamp,46,50,47.666666666666664,0.2658647298812866,1.563914699907797
COHFACE_s29_session0_lamp,46,51,47.7,0.22440491616725922,1.5523376460488734
COHFACE_s29_session0_lamp,46,52,47.733333333333334,0.13214099407196045,1.4324967577297028
COHFACE_s29_session0_lamp,46,53,47.766666666666666,0.0745449960231781,1.1837508306474076
COHFACE_s29_session0_lamp,46,54,47.8,0.044965606182813644,0.8036486679702274
COHFACE_s29_session0_lamp,46,55,47.833333333333336,0.004003283567726612,0.31375495533676606
COHFACE_s29_session0_lamp,46,56,47.86666666666667,-0.06101730465888977,-0.24104546173259303
COHFACE_s29_session0_lamp,46,57,47.9,-0.13951896131038666,-0.7996564983814416
COHFACE_s29_session0_lamp,46,58,47.93333333333333,-0.2120344340801239,-1.2967889596797753
COHFACE_s29_session0_lamp,46,59,47.96666666666667,-0.27371856570243835,-1.6774250062523892
COHFACE_s29_session0_lamp,46,60,48.0,-0.3241819739341736,-1.909916665649876
COHFACE_s29_session0_lamp,46,61,48.03333333333333,-0.3754078447818756,-1.9928476539766016
COHFACE_s29_session0_lamp,46,62,48.06666666666667,-0.42369744181632996,-1.9516007873367482
COHFACE_s29_session0_lamp,46,63,48.1,-0.4582139253616333,-1.8246010727603406
COHFACE_s29_session0_lamp,46,64,48.13333333333333,-0.4968942701816559,-1.6453629791103712
COHFACE_s29_session0_lamp,46,65,48.166666666666664,-0.5396735072135925,-1.4299937445999942
COHFACE_s29_session0_lamp,46,66,48.2,-0.5729246735572815,-1.1769298588946377
COHFACE_s29_session0_lamp,46,67,48.233333333333334,-0.5998705625534058,-0.8781037754649741
COHFACE_s29_session0_lamp,46,68,48.266666666666666,-0.6334569454193115,-0.5334591173198101
COHFACE_s29_session0_lamp,46,69,48.3,-0.6661889553070068,-0.15869417231248695
COHFACE_s29_session0_lamp,46,70,48.333333333333336,-0.6864889860153198,0.21886539236288632
COHFACE_s29_session0_lamp,46,71,48.36666666666667,-0.7042312026023865,0.5725581385783158
COHFACE_s29_session0_lamp,46,72,48.4,-0.7239255905151367,0.8866967612238162
COHFACE_s29_session0_lamp,46,73,48.43333333333333,-0.7421815395355225,1.1563720117038427
COHFACE_s29_session0_lamp,46,74,48.46666666666667,-0.759583055973053,1.377863350279122
COHFACE_s29_session0_lamp,46,75,48.5,-0.7341296672821045,1.5395143992814917
COHFACE_s29_session0_lamp,46,76,48.53333333333333,-0.44931307435035706,1.6223340171907905
COHFACE_s29_session0_lamp,46,77,48.56666666666667,0.05776531621813774,1.6108205830204905
COHFACE_s29_session0_lamp,46,78,48.6,0.3926992118358612,1.505148316670595
COHFACE_s29_session0_lamp,46,79,48.63333333333333,0.46887022256851196,1.3241238650222193
COHFACE_s29_session0_lamp,46,80,48.666666666666664,0.44171881675720215,1.0964326980813435
COHFACE_s29_session0_lamp,46,81,48.7,0.4321690499782562,0.8475482997263363
COHFACE_s29_session0_lamp,46,82,48.733333333333334,0.48539572954177856,0.5920912397130352
COHFACE_s29_session0_lamp,46,83,48.766666666666666,0.5349668860435486,0.3357514761669887
COHFACE_s29_session0_lamp,46,84,48.8,0.5025431513786316,0.082732948289735
COHFACE_s29_session0_lamp,46,85,48.833333333333336,0.44796454906463623,-0.15880760289060186
COHFACE_s29_session0_lamp,46,86,48.86666666666667,0.42155399918556213,-0.3768986553332191
COHFACE_s29_session0_lamp,46,87,48.9,0.4037793278694153,-0.5593251335437539
COHFACE_s29_session0_lamp,46,88,48.93333333333333,0.3656559884548187,-0.6972518865420277
COHFACE_s29_session0_lamp,46,89,48.96666666666667,0.2844613492488861,-0.7875341285804809
COHFACE_s29_session0_lamp,46,90,49.0,0.18594089150428772,-0.8336875039461632
COHFACE_s29_session0_lamp,46,91,49.03333333333333,0.09113001078367233,-0.8453509486278072
COHFACE_s29_session0_lamp,46,92,49.06666666666667,0.0056579988449811935,-0.8356724681004772
COHFACE_s29_session0_lamp,46,93,49.1,-0.06437540799379349,-0.8165758730108564
COHFACE_s29_session0_lamp,46,94,49.13333333333333,-0.11959207057952881,-0.7935279514056865
COHFACE_s29_session0_lamp,46,95,49.166666666666664,-0.17228341102600098,-0.7628862094433794
COHFACE_s29_session0_lamp,46,96,49.2,-0.22154094278812408,-0.7145035096912756
COHFACE_s29_session0_lamp,46,97,49.233333333333334,-0.2706308364868164,-0.6394150719955726
COHFACE_s29_session0_lamp,46,98,49.266666666666666,-0.32105639576911926,-0.5384263088543678
COHFACE_s29_session0_lamp,46,99,49.3,-0.37111425399780273,-0.42548489045889126
COHFACE_s29_session0_lamp,46,100,49.333333333333336,-0.4208963215351105,-0.3222159688622988
COHFACE_s29_session0_lamp,46,101,49.36666666666667,-0.4658277928829193,-0.2458365918260332
COHFACE_s29_session0_lamp,46,102,49.4,-0.5025992393493652,-0.19806353904385257
COHFACE_s29_session0_lamp,46,103,49.43333333333333,-0.535552978515625,-0.16293883639304596
COHFACE_s29_session0_lamp,46,104,49.46666666666667,-0.568203866481781,-0.11539301852770614
COHFACE_s29_session0_lamp,46,105,49.5,-0.6033746600151062,-0.0348346362145303
COHFACE_s29_session0_lamp,46,106,49.53333333333333,-0.6321699619293213,0.08485779441070107
COHFACE_s29_session0_lamp,46,107,49.56666666666667,-0.5432912111282349,0.23441136260267248
COHFACE_s29_session0_lamp,46,108,49.6,-0.09029927849769592,0.3962374125577995
COHFACE_s29_session0_lamp,46,109,49.63333333333333,0.5647139549255371,0.5533587872163281
COHFACE_s29_session0_lamp,46,110,49.666666666666664,1.013920545578003,0.6939880183154108
COHFACE_s29_session0_lamp,46,111,49.7,1.1512078046798706,0.81007579669878
COHFACE_s29_session0_lamp,46,112,49.733333333333334,1.166759967803955,0.8935926608596464
COHFACE_s29_session0_lamp,46,113,49.766666666666666,1.2326133251190186,0.9360090308877103
COHFACE_s29_session0_lamp,46,114,49.8,1.3522071838378906,0.9326242148697867
COHFACE_s29_session0_lamp,46,115,49.833333333333336,1.4330880641937256,0.8879768815531386
COHFACE_s29_session0_lamp,46,116,49.86666666666667,1.3738914728164673,0.8166856101317965
COHFACE_s29_session0_lamp,46,117,49.9,1.207419514656067,0.7371406782904195
COHFACE_s29_session0_lamp,46,118,49.93333333333333,1.0581382513046265,0.6611571572935919
COHFACE_s29_session0_lamp,46,119,49.96666666666667,0.9539019465446472,0.586314282219252
COHFACE_s29_session0_lamp,46,120,50.0,0.8507472276687622,0.4961322099892634
COHFACE_s29_session0_lamp,46,121,50.03333333333333,0.725005030632019,0.3682546171010858
COHFACE_s29_session0_lamp,46,122,50.06666666666667,0.5744692087173462,0.18629874566026275
COHFACE_s29_session0_lamp,46,123,50.1,0.4222245216369629,-0.050538220335583056
COHFACE_s29_session0_lamp,46,124,50.13333333333333,0.28498589992523193,-0.32433999627809307
COHFACE_s29_session0_lamp,46,125,50.166666666666664,0.1640402376651764,-0.6027791499734562
COHFACE_s29_session0_lamp,46,126,50.2,0.058836016803979874,-0.8490195279200834
COHFACE_s29_session0_lamp,46,127,50.233333333333334,-0.031016122549772263,-1.0334428430833318
COHFACE_s29_session0_lamp,46,128,50.266666666666666,-0.113632932305336,-1.1424784154118373
COHFACE_s29_session0_lamp,46,129,50.3,-0.19803424179553986,-1.1805799543968538
COHFACE_s29_session0_lamp,46,130,50.333333333333336,-0.27673056721687317,-1.1642760558510632
COHFACE_s29_session0_lamp,46,131,50.36666666666667,-0.34865662455558777,-1.111219072583653
COHFACE_s29_session0_lamp,46,132,50.4,-0.4222482144832611,-1.030219184676296
COHFACE_s29_session0_lamp,46,133,50.43333333333333,-0.48865312337875366,-0.9180696627656695
COHFACE_s29_session0_lamp,46,134,50.46666666666667,-0.5508293509483337,-0.7649641413019298
COHFACE_s29_session0_lamp,46,135,50.5,-0.6041858196258545,-0.5650504477371369
COHFACE_s29_session0_lamp,46,136,50.53333333333333,-0.6476140022277832,-0.3255980479568591
COHFACE_s29_session0_lamp,46,137,50.56666666666667,-0.6843475699424744,-0.06907397670923046
COHFACE_s29_session0_lamp,46,138,50.6,-0.7142243981361389,0.17340412111625572
COHFACE_s29_session0_lamp,46,139,50.63333333333333,-0.7371362447738647,0.37372727789069116
COHFACE_s29_session0_lamp,46,140,50.666666666666664,-0.7703603506088257,0.5171304753533444
COHFACE_s29_session0_lamp,46,141,50.7,-0.7958245873451233,0.6058098456942757
COHFACE_s29_session0_lamp,46,142,50.733333333333334,-0.6347547769546509,0.6548460010642914
COHFACE_s29_session0_lamp,46,143,50.766666666666666,-0.026441320776939392,0.6837609894291973
COHFACE_s29_session0_lamp,46,144,50.8,0.7586995959281921,0.708171264908685
COHFACE_s29_session0_lamp,46,145,50.833333333333336,1.2184077501296997,0.7344610713788889
COHFACE_s29_session0_lamp,46,146,50.86666666666667,1.2863212823867798,0.7583408281732842
COHFACE_s29_session0_lamp,46,147,50.9,1.2324836254119873,0.7669052912430262
COHFACE_s29_session0_lamp,46,148,50.93333333333333,1.2472624778747559,0.7434683384135842
COHFACE_s29_session0_lamp,46,149,50.96666666666667,1.326959252357483,0.6740598676362753
COHFACE_s29_session0_lamp,46,150,51.0,1.3504875898361206,0.5535412537824439
COHFACE_s29_session0_lamp,46,151,51.03333333333333,1.2298825979232788,0.3891209960961179
COHFACE_s29_session0_lamp,46,152,51.06666666666667,1.022632122039795,0.2004604561951293
COHFACE_s29_session0_lamp,46,153,51.1,0.8444852232933044,0.01683505527904128
COHFACE_s29_session0_lamp,46,154,51.13333333333333,0.7235720157623291,-0.1284685595322314
COHFACE_s29_session0_lamp,46,155,51.166666666666664,0.5988357067108154,-0.20663344021060667
COHFACE_s29_session0_lamp,46,156,51.2,0.44274625182151794,-0.20333692770736364
COHFACE_s29_session0_lamp,46,157,51.233333333333334,0.2740788161754608,-0.12671841305077777
COHFACE_s29_session0_lamp,46,158,51.266666666666666,0.11163009703159332,-0.008742538011604297
COHFACE_s29_session0_lamp,46,159,51.3,-0.029756158590316772,0.1029036899627979
COHFACE_s29_session0_lamp,46,160,51.333333333333336,-0.15589848160743713,0.16102779718709181
COHFACE_s29_session0_lamp,46,161,51.36666666666667,-0.2619246542453766,0.13683464356872618
COHFACE_s29_session0_lamp,46,162,51.4,-0.3476075530052185,0.030236846651940194
COHFACE_s29_session0_lamp,46,163,51.43333333333333,-0.42240503430366516,-0.13362698290861114
COHFACE_s29_session0_lamp,46,164,51.46666666666667,-0.4927196204662323,-0.3190878509013715
COHFACE_s29_session0_lamp,46,165,51.5,-0.5564099550247192,-0.4960768320448333
COHFACE_s29_session0_lamp,46,166,51.53333333333333,-0.6178452968597412,-0.6486973855749362
COHFACE_s29_session0_lamp,46,167,51.56666666666667,-0.6781342625617981,-0.7739302606853685
COHFACE_s29_session0_lamp,46,168,51.6,-0.7350867986679077,-0.8746023338921733
COHFACE_s29_session0_lamp,46,169,51.63333333333333,-0.7846146821975708,-0.9527005325504135
COHFACE_s29_session0_lamp,46,170,51.666666666666664,-0.8248686194419861,-1.0062004443437476
COHFACE_s29_session0_lamp,46,171,51.7,-0.8584928512573242,-1.028721953625874
COHFACE_s29_session0_lamp,46,172,51.733333333333334,-0.8821239471435547,-1.0102953751549804
COHFACE_s29_session0_lamp,46,173,51.766666666666666,-0.8981682062149048,-0.9387129831448259
COHFACE_s29_session0_lamp,46,174,51.8,-0.9094645977020264,-0.8019542047112876
COHFACE_s29_session0_lamp,46,175,51.833333333333336,-0.9238000512123108,-0.592124076211252
COHFACE_s29_session0_lamp,46,176,51.86666666666667,-0.9396063685417175,-0.3104298837184736
COHFACE_s29_session0_lamp,46,177,51.9,-0.8994065523147583,0.02867933694205659
COHFACE_s29_session0_lamp,46,178,51.93333333333333,-0.49722954630851746,0.3970759410032452
COHFACE_s29_session0_lamp,46,179,51.96666666666667,0.3516017198562622,0.7581493018249255
COHFACE_s29_session0_lamp,46,180,52.0,1.1184217929840088,1.0763968090992508
COHFACE_s29_session0_lamp,46,181,52.03333333333333,1.4027354717254639,1.32708005315296
COHFACE_s29_session0_lamp,46,182,52.06666666666667,1.3574903011322021,1.5011427068199008
COHFACE_s29_session0_lamp,46,183,52.1,1.281541109085083,1.6030079467808422
COHFACE_s29_session0_lamp,46,184,52.13333333333333,1.2994239330291748,1.642650737123118
COHFACE_s29_session0_lamp,46,185,52.166666666666664,1.3564088344573975,1.6262201792105009
COHFACE_s29_session0_lamp,46,186,52.2,1.3128670454025269,1.5499457999457837
COHFACE_s29_session0_lamp,46,187,52.233333333333334,1.1275606155395508,1.4004626244676277
COHFACE_s29_session0_lamp,46,188,52.266666666666666,0.9318877458572388,1.1620765235824053
COHFACE_s29_session0_lamp,46,189,52.3,0.7932863831520081,0.8282530999222396
COHFACE_s29_session0_lamp,46,190,52.333333333333336,0.6673765778541565,0.41168293898451785
COHFACE_s29_session0_lamp,46,191,52.36666666666667,0.5168623924255371,-0.05289522994740548
COHFACE_s29_session0_lamp,46,192,52.4,0.34344708919525146,-0.5152369505177653
COHFACE_s29_session0_lamp,46,193,52.43333333333333,0.17215698957443237,-0.9227604397009043
COHFACE_s29_session0_lamp,46,194,52.46666666666667,0.011427873745560646,-1.2348843775729335
COHFACE_s29_session0_lamp,46,195,52.5,-0.13461969792842865,-1.4330517384736141
COHFACE_s29_session0_lamp,46,196,52.53333333333333,-0.24199235439300537,-1.5227402499016174
COHFACE_s29_session0_lamp,46,197,52.56666666666667,-0.32177019119262695,-1.5268490061768922
COHFACE_s29_session0_lamp,46,198,52.6,-0.3963243365287781,-1.4734617079452264
COHFACE_s29_session0_lamp,46,199,52.63333333333333,-0.46277251839637756,-1.3834029627943665
COHFACE_s29_session0_lamp,46,200,52.666666666666664,-0.5185028910636902,-1.2628623465085258
COHFACE_s29_session0_lamp,46,201,52.7,-0.5757474303245544,-1.1038907531676025
COHFACE_s29_session0_lamp,46,202,52.733333333333334,-0.6388266682624817,-0.892109456483552
COHFACE_s29_session0_lamp,46,203,52.766666666666666,-0.6870135068893433,-0.6181462251334541
COHFACE_s29_session0_lamp,46,204,52.8,-0.7207459211349487,-0.2881632843430818
COHFACE_s29_session0_lamp,46,205,52.833333333333336,-0.7565169930458069,0.0708309642624699
COHFACE_s29_session0_lamp,46,206,52.86666666666667,-0.784582257270813,0.41386142755877947
COHFACE_s29_session0_lamp,46,207,52.9,-0.7988744378089905,0.689497153856614
COHFACE_s29_session0_lamp,46,208,52.93333333333333,-0.8169249296188354,0.8567466995602069
COHFACE_s29_session0_lamp,46,209,52.96666666666667,-0.8458824157714844,0.9004659328320576
COHFACE_s29_session0_lamp,46,210,53.0,-0.7973170876502991,0.8371596469009557
COHFACE_s29_session0_lamp,46,211,53.03333333333333,-0.32987073063850403,0.7069422729943026
COHFACE_s29_session0_lamp,46,212,53.06666666666667,0.5590522289276123,0.5557965904747252
COHFACE_s29_session0_lamp,46,213,53.1,1.2795618772506714,0.41850403327346375
COHFACE_s29_session0_lamp,46,214,53.13333333333333,1.4778573513031006,0.3110886347457853
COHFACE_s29_session0_lamp,46,215,53.166666666666664,1.3430250883102417,0.23439074862287404
COHFACE_s29_session0_lamp,46,216,53.2,1.189152717590332,0.18340216964848777
COHFACE_s29_session0_lamp,46,217,53.233333333333334,1.135066270828247,0.15479540391839297
COHFACE_s29_session0_lamp,46,218,53.266666666666666,1.112289547920227,0.14851069737435302
COHFACE_s29_session0_lamp,46,219,53.3,0.999363362789154,0.16460560810937727
COHFACE_s29_session0_lamp,46,220,53.333333333333336,0.8238716125488281,0.1994085557672708
COHFACE_s29_session0_lamp,46,221,53.36666666666667,0.6924731135368347,0.2442605826658415
COHFACE_s29_session0_lamp,46,222,53.4,0.6029454469680786,0.28732419147928384
COHFACE_s29_session0_lamp,46,223,53.43333333333333,0.492874413728714,0.3165660360897524
COHFACE_s29_session0_lamp,46,224,53.46666666666667,0.32647815346717834,0.32179919159626336
COHFACE_s29_session0_lamp,46,225,53.5,0.13078369200229645,0.29521730950502306
COHFACE_s29_session0_lamp,46,226,53.53333333333333,-0.05691296234726906,0.23153181426967423
COHFACE_s29_session0_lamp,46,227,53.56666666666667,-0.21988622844219208,0.12906783445022296
COHFACE_s29_session0_lamp,46,228,53.6,-0.3507871925830841,-0.008284973247308616
COHFACE_s29_session0_lamp,46,229,53.63333333333333,-0.439714640378952,-0.16981419546892018
COHFACE_s29_session0_lamp,46,230,53.666666666666664,-0.5003334879875183,-0.3387671703529263
COHFACE_s29_session0_lamp,46,231,53.7,-0.5548688173294067,-0.49518153250441915
COHFACE_s29_session0_lamp,46,232,53.733333333333334,-0.6077980399131775,-0.6196685823932608
COHFACE_s29_session0_lamp,46,233,53.766666666666666,-0.6579045653343201,-0.6968558878190038
COHFACE_s29_session0_lamp,46,234,53.8,-0.7167226672172546,-0.7177406456669818
COHFACE_s29_session0_lamp,46,235,53.833333333333336,-0.7787150144577026,-0.6807338690358496
COHFACE_s29_session0_lamp,46,236,53.86666666666667,-0.8279022574424744,-0.5912314224365658
COHFACE_s29_session0_lamp,46,237,53.9,-0.8719739317893982,-0.4597191870260546
COHFACE_s29_session0_lamp,46,238,53.93333333333333,-0.904884397983551,-0.2991685256785219
COHFACE_s29_session0_lamp,46,239,53.96666666666667,-0.9334688186645508,-0.12302563616154905
COHFACE_s29_session0_lamp,47,0,47.0,-1.0560691356658936,-0.12804773629677657
COHFACE_s29_session0_lamp,47,1,47.03333333333333,-1.0945385694503784,0.1117126994618577
COHFACE_s29_session0_lamp,47,2,47.06666666666667,-1.1263675689697266,0.3169943834196313
COHFACE_s29_session0_lamp,47,3,47.1,-1.153356671333313,0.4606609205027533
COHFACE_s29_session0_lamp,47,4,47.13333333333333,-1.1792806386947632,0.5329275882406175
COHFACE_s29_session0_lamp,47,5,47.166666666666664,-1.1943676471710205,0.5424550681441065
COHFACE_s29_session0_lamp,47,6,47.2,-1.2059507369995117,0.5112957242374924
COHFACE_s29_session0_lamp,47,7,47.233333333333334,-1.2193019390106201,0.4665236559383311
COHFACE_s29_session0_lamp,47,8,47.266666666666666,-1.2315285205841064,0.43211598596009143
COHFACE_s29_session0_lamp,47,9,47.3,-1.2312257289886475,0.4236050631046344
COHFACE_s29_session0_lamp,47,10,47.333333333333336,-1.2387638092041016,0.44681438034345716
COHFACE_s29_session0_lamp,47,11,47.36666666666667,-1.255046010017395,0.5002049563869573
COHFACE_s29_session0_lamp,47,12,47.4,-1.1709908246994019,0.578000607996851
COHFACE_s29_session0_lamp,47,13,47.43333333333333,-0.7515258193016052,0.6710764827094163
COHFACE_s29_session0_lamp,47,14,47.46666666666667,-0.1918533891439438,0.7658938092896658
COHFACE_s29_session0_lamp,47,15,47.5,0.09103807806968689,0.844763600955289
COHFACE_s29_session0_lamp,47,16,47.53333333333333,0.1077258288860321,0.8896768069478529
COHFACE_s29_session0_lamp,47,17,47.56666666666667,0.07985522598028183,0.8882754264883123
COHFACE_s29_session0_lamp,47,18,47.6,0.11530724167823792,0.837970231620041
COHFACE_s29_session0_lamp,47,19,47.63333333333333,0.20431038737297058,0.7449113614682676
COHFACE_s29_session0_lamp,47,20,47.666666666666664,0.2658647298812866,0.6181275535884626
COHFACE_s29_session0_lamp,47,21,47.7,0.22440491616725922,0.46276105979697535
COHFACE_s29_session0_lamp,47,22,47.733333333333334,0.13214099407196045,0.27701990763366435
COHFACE_s29_session0_lamp,47,23,47.766666666666666,0.0745449960231781,0.05485974103812981
COHFACE_s29_session0_lamp,47,24,47.8,0.044965606182813644,-0.20756408313059538
COHFACE_s29_session0_lamp,47,25,47.833333333333336,0.004003283567726612,-0.5057710669386316
COHFACE_s29_session0_lamp,47,26,47.86666666666667,-0.06101730465888977,-0.8240137673495646
COHFACE_s29_session0_lamp,47,27,47.9,-0.13951896131038666,-1.1360964919372747
COHFACE_s29_session0_lamp,47,28,47.93333333333333,-0.2120344340801239,-1.4097244663529795
COHFACE_s29_session0_lamp,47,29,47.96666666666667,-0.27371856570243835,-1.6138308678163855
COHFACE_s29_session0_lamp,47,30,48.0,-0.3241819739341736,-1.7269045671522816
COHFACE_s29_session0_lamp,47,31,48.03333333333333,-0.3754078447818756,-1.7428012811759892
COHFACE_s29_session0_lamp,47,32,48.06666666666667,-0.42369744181632996,-1.6707736115864673
COHFACE_s29_session0_lamp,47,33,48.1,-0.4582139253616333,-1.5291941340277955
COHFACE_s29_session0_lamp,47,34,48.13333333333333,-0.4968942701816559,-1.3364308775849092
COHFACE_s29_session0_lamp,47,35,48.166666666666664,-0.5396735072135925,-1.1044303712309145
COHFACE_s29_session0_lamp,47,36,48.2,-0.5729246735572815,-0.8386308407540218
COHFACE_s29_session0_lamp,47,37,48.233333333333334,-0.5998705625534058,-0.5433001493272628
COHFACE_s29_session0_lamp,47,38,48.266666666666666,-0.6334569454193115,-0.22753002402525618
COHFACE_s29_session0_lamp,47,39,48.3,-0.6661889553070068,0.09342121556824186
COHFACE_s29_session0_lamp,47,40,48.333333333333336,-0.6864889860153198,0.40328400893470223
COHFACE_s29_session0_lamp,47,41,48.36666666666667,-0.7042312026023865,0.6928145029131677
COHFACE_s29_session0_lamp,47,42,48.4,-0.7239255905151367,0.9634499742604465
COHFACE_s29_session0_lamp,47,43,48.43333333333333,-0.7421815395355225,1.2215213984733095
COHFACE_s29_session0_lamp,47,44,48.46666666666667,-0.759583055973053,1.4659188085772545
COHFACE_s29_session0_lamp,47,45,48.5,-0.7341296672821045,1.6788113868437062
COHFACE_s29_session0_lamp,47,46,48.53333333333333,-0.44931307435035706,1.827814372177522
COHFACE_s29_session0_lamp,47,47,48.56666666666667,0.05776531621813774,1.879758791543943
COHFACE_s29_session0_lamp,47,48,48.6,0.3926992118358612,1.8172402198798254
COHFACE_s29_session0_lamp,47,49,48.63333333333333,0.46887022256851196,1.646814241415489
COHFACE_s29_session0_lamp,47,50,48.666666666666664,0.44171881675720215,1.3945243963292426
COHFACE_s29_session0_lamp,47,51,48.7,0.4321690499782562,1.0936976982844888
COHFACE_s29_session0_lamp,47,52,48.733333333333334,0.48539572954177856,0.7735889301390769
COHFACE_s29_session0_lamp,47,53,48.766666666666666,0.5349668860435486,0.4543755764664653
COHFACE_s29_session0_lamp,47,54,48.8,0.5025431513786316,0.14811697390209377
COHFACE_s29_session0_lamp,47,55,48.833333333333336,0.44796454906463623,-0.13826267447062016
COHFACE_s29_session0_lamp,47,56,48.86666666666667,0.42155399918556213,-0.4007401844006894
COHFACE_s29_session0_lamp,47,57,48.9,0.4037793278694153,-0.6367234362559362
COHFACE_s29_session0_lamp,47,58,48.93333333333333,0.3656559884548187,-0.8437812704424474
COHFACE_s29_session0_lamp,47,59,48.96666666666667,0.2844613492488861,-1.0189675473248268
COHFACE_s29_session0_lamp,47,60,49.0,0.18594089150428772,-1.1593568889352477
COHFACE_s29_session0_lamp,47,61,49.03333333333333,0.09113001078367233,-1.2634689295266102
COHFACE_s29_session0_lamp,47,62,49.06666666666667,0.0056579988449811935,-1.3321484001331474
COHFACE_s29_session0_lamp,47,63,49.1,-0.06437540799379349,-1.3675554150976994
COHFACE_s29_session0_lamp,47,64,49.13333333333333,-0.11959207057952881,-1.3705951605293298
COHFACE_s29_session0_lamp,47,65,49.166666666666664,-0.17228341102600098,-1.338838559965292
COHFACE_s29_session0_lamp,47,66,49.2,-0.22154094278812408,-1.2670116028599314
COHFACE_s29_session0_lamp,47,67,49.233333333333334,-0.2706308364868164,-1.1503460012223765
COHFACE_s29_session0_lamp,47,68,49.266666666666666,-0.32105639576911926,-0.9887461501858951
COHFACE_s29_session0_lamp,47,69,49.3,-0.37111425399780273,-0.7886811017412665
COHFACE_s29_session0_lamp,47,70,49.333333333333336,-0.4208963215351105,-0.5610500730155606
COHFACE_s29_session0_lamp,47,71,49.36666666666667,-0.4658277928829193,-0.3162607652623004
COHFACE_s29_session0_lamp,47,72,49.4,-0.5025992393493652,-0.06033648476408937
COHFACE_s29_session0_lamp,47,73,49.43333333333333,-0.535552978515625,0.20433739670585374
COHFACE_s29_session0_lamp,47,74,49.46666666666667,-0.568203866481781,0.4735733157739559
COHFACE_s29_session0_lamp,47,75,49.5,-0.6033746600151062,0.7354167121613248
COHFACE_s29_session0_lamp,47,76,49.53333333333333,-0.6321699619293213,0.9691646813262477
COHFACE_s29_session0_lamp,47,77,49.56666666666667,-0.5432912111282349,1.1516880237740719
COHFACE_s29_session0_lamp,47,78,49.6,-0.09029927849769592,1.2674017732702385
COHFACE_s29_session0_lamp,47,79,49.63333333333333,0.5647139549255371,1.3147654189849745
COHFACE_s29_session0_lamp,47,80,49.666666666666664,1.013920545578003,1.304837432885416
COHFACE_s29_session0_lamp,47,81,49.7,1.1512078046798706,1.253422067167235
COHFACE_s29_session0_lamp,47,82,49.733333333333334,1.166759967803955,1.1725719339126497
COHFACE_s29_session0_lamp,47,83,49.766666666666666,1.2326133251190186,1.0668978916364802
COHFACE_s29_session0_lamp,47,84,49.8,1.3522071838378906,0.9359298886511214
COHFACE_s29_session0_lamp,47,85,49.833333333333336,1.4330880641937256,0.7793810447943341
COHFACE_s29_session0_lamp,47,86,49.86666666666667,1.3738914728164673,0.6010146174312907
COHFACE_s29_session0_lamp,47,87,49.9,1.207419514656067,0.4088496502173319
COHFACE_s29_session0_lamp,47,88,49.93333333333333,1.0581382513046265,0.21245294099572862
COHFACE_s29_session0_lamp,47,89,49.96666666666667,0.9539019465446472,0.0197840402973783
COHFACE_s29_session0_lamp,47,90,50.0,0.8507472276687622,-0.16445619988941626
COHFACE_s29_session0_lamp,47,91,50.03333333333333,0.725005030632019,-0.33857615845245487
COHFACE_s29_session0_lamp,47,92,50.06666666666667,0.5744692087173462,-0.5023231291053207
COHFACE_s29_session0_lamp,47,93,50.1,0.4222245216369629,-0.6547773133868202
COHFACE_s29_session0_lamp,47,94,50.13333333333333,0.28498589992523193,-0.7924810778246623
COHFACE_s29_session0_lamp,47,95,50.166666666666664,0.1640402376651764,-0.9086621935033525
COHFACE_s29_session0_lamp,47,96,50.2,0.058836016803979874,-0.99442072570986
COHFACE_s29_session0_lamp,47,97,50.233333333333334,-0.031016122549772263,-1.0419945527829393
COHFACE_s29_session0_lamp,47,98,50.266666666666666,-0.113632932305336,-1.0486090479072883
COHFACE_s29_session0_lamp,47,99,50.3,-0.19803424179553986,-1.0183374101222546
COHFACE_s29_session0_lamp,47,100,50.333333333333336,-0.27673056721687317,-0.9601850759796113
COHFACE_s29_session0_lamp,47,101,50.36666666666667,-0.34865662455558777,-0.8829914452178388
COHFACE_s29_session0_lamp,47,102,50.4,-0.4222482144832611,-0.7902064320623906
COHFACE_s29_session0_lamp,47,103,50.43333333333333,-0.48865312337875366,-0.678260583651327
COHFACE_s29_session0_lamp,47,104,50.46666666666667,-0.5508293509483337,-0.5402377613356829
COHFACE_s29_session0_lamp,47,105,50.5,-0.6041858196258545,-0.37308829006606664
COHFACE_s29_session0_lamp,47,106,50.53333333333333,-0.6476140022277832,-0.18391998268709894
COHFACE_s29_session0_lamp,47,107,50.56666666666667,-0.6843475699424744,0.009210110023326638
COHFACE_s29_session0_lamp,47,108,50.6,-0.7142243981361389,0.1836327378264728
COHFACE_s29_session0_lamp,47,109,50.63333333333333,-0.7371362447738647,0.32251437290074797
COHFACE_s29_session0_lamp,47,110,50.666666666666664,-0.7703603506088257,0.42289887863088865
COHFACE_s29_session0_lamp,47,111,50.7,-0.7958245873451233,0.4958497657632195
COHFACE_s29_session0_lamp,47,112,50.733333333333334,-0.6347547769546509,0.5590283539243673
COHFACE_s29_session0_lamp,47,113,50.766666666666666,-0.026441320776939392,0.6273868273189324
COHFACE_s29_session0_lamp,47,114,50.8,0.7586995959281921,0.7076338222708098
COHFACE_s29_session0_lamp,47,115,50.833333333333336,1.2184077501296997,0.7980869977301382
COHFACE_s29_session0_lamp,47,116,50.86666666666667,1.2863212823867798,0.8916235220747786
COHFACE_s29_session0_lamp,47,117,50.9,1.2324836254119873,0.978197041163946
COHFACE_s29_session0_lamp,47,118,50.93333333333333,1.2472624778747559,1.0450733016787115
COHFACE_s29_session0_lamp,47,119,50.96666666666667,1.326959252357483,1.0758503064133105
COHFACE_s29_session0_lamp,47,120,51.0,1.3504875898361206,1.0511768621178008
COHFACE_s29_session0_lamp,47,121,51.03333333333333,1.2298825979232788,0.95351333271563
COHFACE_s29_session0_lamp,47,122,51.06666666666667,1.022632122039795,0.7754355941231132
COHFACE_s29_session0_lamp,47,123,51.1,0.8444852232933044,0.527532100609148
COHFACE_s29_session0_lamp,47,124,51.13333333333333,0.7235720157623291,0.24029681488433507
COHFACE_s29_session0_lamp,47,125,51.166666666666664,0.5988357067108154,-0.043371260110091375
COHFACE_s29_session0_lamp,47,126,51.2,0.44274625182151794,-0.2828268975574998
COHFACE_s29_session0_lamp,47,127,51.233333333333334,0.2740788161754608,-0.4543806542326822
COHFACE_s29_session0_lamp,47,128,51.266666666666666,0.11163009703159332,-0.5586663868444713
COHFACE_s29_session0_lamp,47,129,51.3,-0.029756158590316772,-0.617293073590401
COHFACE_s29_session0_lamp,47,130,51.333333333333336,-0.15589848160743713,-0.660834626466278
COHFACE_s29_session0_lamp,47,131,51.36666666666667,-0.2619246542453766,-0.7144034118346028
COHFACE_s29_session0_lamp,47,132,51.4,-0.3476075530052185,-0.7880331210870029
COHFACE_s29_session0_lamp,47,133,51.43333333333333,-0.42240503430366516,-0.8759399820539623
COHFACE_s29_session0_lamp,47,134,51.46666666666667,-0.4927196204662323,-0.9629464847816589
COHFACE_s29_session0_lamp,47,135,51.5,-0.5564099550247192,-1.0324388324718492
COHFACE_s29_session0_lamp,47,136,51.53333333333333,-0.6178452968597412,-1.071275357222811
COHFACE_s29_session0_lamp,47,137,51.56666666666667,-0.6781342625617981,-1.0708871492599115
COHFACE_s29_session0_lamp,47,138,51.6,-0.7350867986679077,-1.0265091579125087
COHFACE_s29_session0_lamp,47,139,51.63333333333333,-0.7846146821975708,-0.9365719556523373
COHFACE_s29_session0_lamp,47,140,51.666666666666664,-0.8248686194419861,-0.802618233334646
COHFACE_s29_session0_lamp,47,141,51.7,-0.8584928512573242,-0.6287979948739757
COHFACE_s29_session0_lamp,47,142,51.733333333333334,-0.8821239471435547,-0.42046228013116177
COHFACE_s29_session0_lamp,47,143,51.766666666666666,-0.8981682062149048,-0.18271426150020165
COHFACE_s29_session0_lamp,47,144,51.8,-0.9094645977020264,0.07966052818747354
COHFACE_s29_session0_lamp,47,145,51.833333333333336,-0.9238000512123108,0.36019228375276363
COHFACE_s29_session0_lamp,47,146,51.86666666666667,-0.9396063685417175,0.6475072195723582
COHFACE_s29_session0_lamp,47,147,51.9,-0.8994065523147583,0.9231698912350426
COHFACE_s29_session0_lamp,47,148,51.93333333333333,-0.49722954630851746,1.1630847308999115
COHFACE_s29_session0_lamp,47,149,51.96666666666667,0.3516017198562622,1.3431328413126125
COHFACE_s29_session0_lamp,47,150,52.0,1.1184217929840088,1.446551117901082
COHFACE_s29_session0_lamp,47,151,52.03333333333333,1.4027354717254639,1.4689324265421544
COHFACE_s29_session0_lamp,47,152,52.06666666666667,1.3574903011322021,1.418473008370398
COHFACE_s29_session0_lamp,47,153,52.1,1.281541109085083,1.3121348090789462
COHFACE_s29_session0_lamp,47,154,52.13333333333333,1.2994239330291748,1.169895865369349
COHFACE_s29_session0_lamp,47,155,52.166666666666664,1.3564088344573975,1.0090732596616312
COHFACE_s29_session0_lamp,47,156,52.2,1.3128670454025269,0.8400386553820848
COHFACE_s29_session0_lamp,47,157,52.233333333333334,1.1275606155395508,0.664259590926344
COHFACE_s29_session0_lamp,47,158,52.266666666666666,0.9318877458572388,0.47544934486328605
COHFACE_s29_session0_lamp,47,159,52.3,0.7932863831520081,0.2639279589899919
COHFACE_s29_session0_lamp,47,160,52.333333333333336,0.6673765778541565,0.022778777345834007
COHFACE_s29_session0_lamp,47,161,52.36666666666667,0.5168623924255371,-0.24682253588555436
COHFACE_s29_session0_lamp,47,162,52.4,0.34344708919525146,-0.5334424659832202
COHFACE_s29_session0_lamp,47,163,52.43333333333333,0.17215698957443237,-0.8172032393638919
COHFACE_s29_session0_lamp,47,164,52.46666666666667,0.011427873745560646,-1.074649961034411
COHFACE_s29_session0_lamp,47,165,52.5,-0.13461969792842865,-1.2845936277766898
COHFACE_s29_session0_lamp,47,166,52.53333333333333,-0.24199235439300537,-1.4326927414382638
COHFACE_s29_session0_lamp,47,167,52.56666666666667,-0.32177019119262695,-1.5133122446203988
COHFACE_s29_session0_lamp,47,168,52.6,-0.3963243365287781,-1.5284757683494374
COHFACE_s29_session0_lamp,47,169,52.63333333333333,-0.46277251839637756,-1.4848695537333874
COHFACE_s29_session0_lamp,47,170,52.666666666666664,-0.5185028910636902,-1.3903717986439112
COHFACE_s29_session0_lamp,47,171,52.7,-0.5757474303245544,-1.2514037002010339
COHFACE_s29_session0_lamp,47,172,52.733333333333334,-0.6388266682624817,-1.071825618730895
COHFACE_s29_session0_lamp,47,173,52.766666666666666,-0.6870135068893433,-0.85361714477198
COHFACE_s29_session0_lamp,47,174,52.8,-0.7207459211349487,-0.5993176297006185
COHFACE_s29_session0_lamp,47,175,52.833333333333336,-0.7565169930458069,-0.3155930958617052
COHFACE_s29_session0_lamp,47,176,52.86666666666667,-0.784582257270813,-0.016111711298559334
COHFACE_s29_session0_lamp,47,177,52.9,-0.7988744378089905,0.2788215958366344
COHFACE_s29_session0_lamp,47,178,52.93333333333333,-0.8169249296188354,0.5473814127849485
COHFACE_s29_session0_lamp,47,179,52.96666666666667,-0.8458824157714844,0.7743429302012648
COHFACE_s29_session0_lamp,47,180,53.0,-0.7973170876502991,0.956775689905356
COHFACE_s29_session0_lamp,47,181,53.03333333333333,-0.32987073063850403,1.1021915727364864
COHFACE_s29_session0_lamp,47,182,53.06666666666667,0.5590522289276123,1.2199222900410271
COHFACE_s29_session0_lamp,47,183,53.1,1.2795618772506714,1.3122867583756066
COHFACE_s29_session0_lamp,47,184,53.13333333333333,1.4778573513031006,1.3718857864215386
COHFACE_s29_session0_lamp,47,185,53.166666666666664,1.3430250883102417,1.3862044197024215
COHFACE_s29_session0_lamp,47,186,53.2,1.189152717590332,1.345398476094788
COHFACE_s29_session0_lamp,47,187,53.233333333333334,1.135066270828247,1.2475009358506703
COHFACE_s29_session0_lamp,47,188,53.266666666666666,1.112289547920227,1.098173479020574
COHFACE_s29_session0_lamp,47,189,53.3,0.999363362789154,0.9066733122035292
COHFACE_s29_session0_lamp,47,190,53.333333333333336,0.8238716125488281,0.682147259967969
COHFACE_s29_session0_lamp,47,191,53.36666666666667,0.6924731135368347,0.43320665353104953
COHFACE_s29_session0_lamp,47,192,53.4,0.6029454469680786,0.17019157294732373
COHFACE_s29_session0_lamp,47,193,53.43333333333333,0.492874413728714,-0.0930714818987588
COHFACE_s29_session0_lamp,47,194,53.46666666666667,0.32647815346717834,-0.34049587851171587
COHFACE_s29_session0_lamp,47,195,53.5,0.13078369200229645,-0.5575993910158725
COHFACE_s29_session0_lamp,47,196,53.53333333333333,-0.05691296234726906,-0.7354574717643169
COHFACE_s29_session0_lamp,47,197,53.56666666666667,-0.21988622844219208,-0.8721744443512622
COHFACE_s29_session0_lamp,47,198,53.6,-0.3507871925830841,-0.971259983906453
COHFACE_s29_session0_lamp,47,199,53.63333333333333,-0.439714640378952,-1.0383604045565533
COHFACE_s29_session0_lamp,47,200,53.666666666666664,-0.5003334879875183,-1.0782671091792622
COHFACE_s29_session0_lamp,47,201,53.7,-0.5548688173294067,-1.093241411146897
COHFACE_s29_session0_lamp,47,202,53.733333333333334,-0.6077980399131775,-1.0826413159309778
COHFACE_s29_session0_lamp,47,203,53.766666666666666,-0.6579045653343201,-1.0434189671375058
COHFACE_s29_session0_lamp,47,204,53.8,-0.7167226672172546,-0.9713360516142632
COHFACE_s29_session0_lamp,47,205,53.833333333333336,-0.7787150144577026,-0.8629900578073427
COHFACE_s29_session0_lamp,47,206,53.86666666666667,-0.8279022574424744,-0.7183359787917266
COHFACE_s29_session0_lamp,47,207,53.9,-0.8719739317893982,-0.5426528629368563
COHFACE_s29_session0_lamp,47,208,53.93333333333333,-0.904884397983551,-0.346627645361888
COHFACE_s29_session0_lamp,47,209,53.96666666666667,-0.9334688186645508,-0.1439523932782855
COHFACE_s29_session0_lamp,47,210,54.0,-0.9648975729942322,0.05263918237176187
COHFACE_s29_session0_lamp,47,211,54.03333333333333,-0.9213504195213318,0.23477906220302674
COHFACE_s29_session0_lamp,47,212,54.06666666666667,-0.43403130769729614,0.39939614224453773
COHFACE_s29_session0_lamp,47,213,54.1,0.5856844782829285,0.5467559291342082
COHFACE_s29_session0_lamp,47,214,54.13333333333333,1.4854226112365723,0.6770093262043276
COHFACE_s29_session0_lamp,47,215,54.166666666666664,1.7910420894622803,0.7874224703479292
COHFACE_s29_session0_lamp,47,216,54.2,1.6888444423675537,0.8716228990790881
COHFACE_s29_session0_lamp,47,217,54.233333333333334,1.5575648546218872,0.9208287891434053
COHFACE_s29_session0_lamp,47,218,54.266666666666666,1.5391305685043335,0.9263675732073001
COHFACE_s29_session0_lamp,47,219,54.3,1.5619990825653076,0.8827401100714194
COHFACE_s29_session0_lamp,47,220,54.333333333333336,1.4682643413543701,0.7904292272199311
COHFACE_s29_session0_lamp,47,221,54.36666666666667,1.207500696182251,0.6574769483044312
COHFACE_s29_session0_lamp,47,222,54.4,0.9382200241088867,0.49886196111491543
COHFACE_s29_session0_lamp,47,223,54.43333333333333,0.7570881247520447,0.33329810968755097
COHFACE_s29_session0_lamp,47,224,54.46666666666667,0.6173403859138489,0.17827209552518758
COHFACE_s29_session0_lamp,47,225,54.5,0.4529665410518646,0.04525485241488119
COHFACE_s29_session0_lamp,47,226,54.53333333333333,0.2493932843208313,-0.06275276102459947
COHFACE_s29_session0_lamp,47,227,54.56666666666667,0.04262412711977959,-0.15010008429490745
COHFACE_s29_session0_lamp,47,228,54.6,-0.1438179761171341,-0.2242667219880038
COHFACE_s29_session0_lamp,47,229,54.63333333333333,-0.3026382327079773,-0.2906962490385166
COHFACE_s29_session0_lamp,47,230,54.666666666666664,-0.4219507873058319,-0.34950924457283106
COHFACE_s29_session0_lamp,47,231,54.7,-0.515252947807312,-0.3958784122121292
COHFACE_s29_session0_lamp,47,232,54.733333333333334,-0.6005032658576965,-0.4234558931637959
COHFACE_s29_session0_lamp,47,233,54.766666666666666,-0.6707043051719666,-0.42836634535040025
COHFACE_s29_session0_lamp,47,234,54.8,-0.7385259866714478,-0.41141345418052916
COHFACE_s29_session0_lamp,47,235,54.833333333333336,-0.807104766368866,-0.3776845658547277
COHFACE_s29_session0_lamp,47,236,54.86666666666667,-0.8721686005592346,-0.33423689942020324
COHFACE_s29_session0_lamp,47,237,54.9,-0.9370107650756836,-0.2872898396705129
COHFACE_s29_session0_lamp,47,238,54.93333333333333,-0.9882041811943054,-0.24026750945818887
COHFACE_s29_session0_lamp,47,239,54.96666666666667,-1.0318000316619873,-0.19339388579330424
COHFACE_s29_session0_lamp,48,0,48.0,-0.3241819739341736,-0.153099523592468
COHFACE_s29_session0_lamp,48,1,48.03333333333333,-0.3754078447818756,0.07426676203499033
COHFACE_s29_session0_lamp,48,2,48.06666666666667,-0.42369744181632996,0.2563758354239098
COHFACE_s29_session0_lamp,48,3,48.1,-0.4582139253616333,0.3645801308990308
COHFACE_s29_session0_lamp,48,4,48.13333333333333,-0.4968942701816559,0.4016049836706168
COHFACE_s29_session0_lamp,48,5,48.166666666666664,-0.5396735072135925,0.3986044023192943
COHFACE_s29_session0_lamp,48,6,48.2,-0.5729246735572815,0.3990335722607219
COHFACE_s29_session0_lamp,48,7,48.233333333333334,-0.5998705625534058,0.4378603523151088
COHFACE_s29_session0_lamp,48,8,48.266666666666666,-0.6334569454193115,0.5267256720942641
COHFACE_s29_session0_lamp,48,9,48.3,-0.6661889553070068,0.6519898728953566
COHFACE_s29_session0_lamp,48,10,48.333333333333336,-0.6864889860153198,0.785958094377159
COHFACE_s29_session0_lamp,48,11,48.36666666666667,-0.7042312026023865,0.904272955376956
COHFACE_s29_session0_lamp,48,12,48.4,-0.7239255905151367,0.9977900263465103
COHFACE_s29_session0_lamp,48,13,48.43333333333333,-0.7421815395355225,1.070498275476019
COHFACE_s29_session0_lamp,48,14,48.46666666666667,-0.759583055973053,1.1264179879286584
COHFACE_s29_session0_lamp,48,15,48.5,-0.7341296672821045,1.157771524589869
COHFACE_s29_session0_lamp,48,16,48.53333333333333,-0.44931307435035706,1.1448629325349895
COHFACE_s29_session0_lamp,48,17,48.56666666666667,0.05776531621813774,1.0677079125002569
COHFACE_s29_session0_lamp,48,18,48.6,0.3926992118358612,0.919732046462895
COHFACE_s29_session0_lamp,48,19,48.63333333333333,0.46887022256851196,0.7126147610285927
COHFACE_s29_session0_lamp,48,20,48.666666666666664,0.44171881675720215,0.46962822291147954
COHFACE_s29_session0_lamp,48,21,48.7,0.4321690499782562,0.21413826504340552
COHFACE_s29_session0_lamp,48,22,48.733333333333334,0.48539572954177856,-0.03825356875489699
COHFACE_s29_session0_lamp,48,23,48.766666666666666,0.5349668860435486,-0.28044540446732036
COHFACE_s29_session0_lamp,48,24,48.8,0.5025431513786316,-0.5099675333564877
COHFACE_s29_session0_lamp,48,25,48.833333333333336,0.44796454906463623,-0.7252272652885443
COHFACE_s29_session0_lamp,48,26,48.86666666666667,0.42155399918556213,-0.923989626259895
COHFACE_s29_session0_lamp,48,27,48.9,0.4037793278694153,-1.1028881497876795
COHFACE_s29_session0_lamp,48,28,48.93333333333333,0.3656559884548187,-1.2566247265596826
COHFACE_s29_session0_lamp,48,29,48.96666666666667,0.2844613492488861,-1.3773878056688285
COHFACE_s29_session0_lamp,48,30,49.0,0.18594089150428772,-1.4558350859293505
COHFACE_s29_session0_lamp,48,31,49.03333333333333,0.09113001078367233,-1.4838486487225306
COHFACE_s29_session0_lamp,48,32,49.06666666666667,0.0056579988449811935,-1.4573535499144723
COHFACE_s29_session0_lamp,48,33,49.1,-0.06437540799379349,-1.3770755355487352
COHFACE_s29_session0_lamp,48,34,49.13333333333333,-0.11959207057952881,-1.247124379075573
COHFACE_s29_session0_lamp,48,35,49.166666666666664,-0.17228341102600098,-1.0733915976277428
COHFACE_s29_session0_lamp,48,36,49.2,-0.22154094278812408,-0.8634918322405746
COHFACE_s29_session0_lamp,48,37,49.233333333333334,-0.2706308364868164,-0.6279778872191627
COHFACE_s29_session0_lamp,48,38,49.266666666666666,-0.32105639576911926,-0.38088525805675244
COHFACE_s29_session0_lamp,48,39,49.3,-0.37111425399780273,-0.1376110490023633
COHFACE_s29_session0_lamp,48,40,49.333333333333336,-0.4208963215351105,0.09011226742317514
COHFACE_s29_session0_lamp,48,41,49.36666666666667,-0.4658277928829193,0.29969006269202075
COHFACE_s29_session0_lamp,48,42,49.4,-0.5025992393493652,0.4992728932998219
COHFACE_s29_session0_lamp,48,43,49.43333333333333,-0.535552978515625,0.7023627922939797
COHFACE_s29_session0_lamp,48,44,49.46666666666667,-0.568203866481781,0.9168372156127705
COHFACE_s29_session0_lamp,48,45,49.5,-0.6033746600151062,1.1346349776299236
COHFACE_s29_session0_lamp,48,46,49.53333333333333,-0.6321699619293213,1.3295314542852714
COHFACE_s29_session0_lamp,48,47,49.56666666666667,-0.5432912111282349,1.4662931284731753
COHFACE_s29_session0_lamp,48,48,49.6,-0.09029927849769592,1.5169377117648044
COHFACE_s29_session0_lamp,48,49,49.63333333333333,0.5647139549255371,1.4743230967687506
COHFACE_s29_session0_lamp,48,50,49.666666666666664,1.013920545578003,1.3544483348404444
COHFACE_s29_session0_lamp,48,51,49.7,1.1512078046798706,1.1861466670493908
COHFACE_s29_session0_lamp,48,52,49.733333333333334,1.166759967803955,0.9954822116478688
COHFACE_s29_session0_lamp,48,53,49.766666666666666,1.2326133251190186,0.7954966166896594
COHFACE_s29_session0_lamp,48,54,49.8,1.3522071838378906,0.5869851940793502
COHFACE_s29_session0_lamp,48,55,49.833333333333336,1.4330880641937256,0.36744892624696046
COHFACE_s29_session0_lamp,48,56,49.86666666666667,1.3738914728164673,0.1402552177726446
COHFACE_s29_session0_lamp,48,57,49.9,1.207419514656067,-0.08270520402656652
COHFACE_s29_session0_lamp,48,58,49.93333333333333,1.0581382513046265,-0.28566846022520076
COHFACE_s29_session0_lamp,48,59,49.96666666666667,0.9539019465446472,-0.45641332274423607
COHFACE_s29_session0_lamp,48,60,50.0,0.8507472276687622,-0.5912305277503481
COHFACE_s29_session0_lamp,48,61,50.03333333333333,0.725005030632019,-0.6951532011018893
COHFACE_s29_session0_lamp,48,62,50.06666666666667,0.5744692087173462,-0.7783170022132666
COHFACE_s29_session0_lamp,48,63,50.1,0.4222245216369629,-0.8508408436182938
COHFACE_s29_session0_lamp,48,64,50.13333333333333,0.28498589992523193,-0.9183899628446659
COHFACE_s29_session0_lamp,48,65,50.166666666666664,0.1640402376651764,-0.9797918234960901
COHFACE_s29_session0_lamp,48,66,50.2,0.058836016803979874,-1.0276222720508204
COHFACE_s29_session0_lamp,48,67,50.233333333333334,-0.031016122549772263,-1.051807410970749
COHFACE_s29_session0_lamp,48,68,50.266666666666666,-0.113632932305336,-1.044471908737693
COHFACE_s29_session0_lamp,48,69,50.3,-0.19803424179553986,-1.0030312638957106
COHFACE_s29_session0_lamp,48,70,50.333333333333336,-0.27673056721687317,-0.9294432971873565
COHFACE_s29_session0_lamp,48,71,50.36666666666667,-0.34865662455558777,-0.8261223905679546
COHFACE_s29_session0_lamp,48,72,50.4,-0.4222482144832611,-0.6915365784217885
COHFACE_s29_session0_lamp,48,73,50.43333333333333,-0.48865312337875366,-0.519223944952159
COHFACE_s29_session0_lamp,48,74,50.46666666666667,-0.5508293509483337,-0.3021226471394474
COHFACE_s29_session0_lamp,48,75,50.5,-0.6041858196258545,-0.040561540205023575
COHFACE_s29_session0_lamp,48,76,50.53333333333333,-0.6476140022277832,0.25092197513354436
COHFACE_s29_session0_lamp,48,77,50.56666666666667,-0.6843475699424744,0.5431474377075696
COHFACE_s29_session0_lamp,48,78,50.6,-0.7142243981361389,0.800090780932653
COHFACE_s29_session0_lamp,48,79,50.63333333333333,-0.7371362447738647,0.9916207084308818
COHFACE_s29_session0_lamp,48,80,50.666666666666664,-0.7703603506088257,1.1043167802908507
COHFACE_s29_session0_lamp,48,81,50.7,-0.7958245873451233,1.144330269866172
COHFACE_s29_session0_lamp,48,82,50.733333333333334,-0.6347547769546509,1.1313558509451478
COHFACE_s29_session0_lamp,48,83,50.766666666666666,-0.026441320776939392,1.087989273115936
COHFACE_s29_session0_lamp,48,84,50.8,0.7586995959281921,1.0301191267802137
COHFACE_s29_session0_lamp,48,85,50.833333333333336,1.2184077501296997,0.962074230512445
COHFACE_s29_session0_lamp,48,86,50.86666666666667,1.2863212823867798,0.8775105593884449
COHFACE_s29_session0_lamp,48,87,50.9,1.2324836254119873,0.7647308178444066
COHFACE_s29_session0_lamp,48,88,50.93333333333333,1.2472624778747559,0.6136867155987451
COHFACE_s29_session0_lamp,48,89,50.96666666666667,1.326959252357483,0.4216500877200074
COHFACE_s29_session0_lamp,48,90,51.0,1.3504875898361206,0.1955136526973227
COHFACE_s29_session0_lamp,48,91,51.03333333333333,1.2298825979232788,-0.04950956039406006
COHFACE_s29_session0_lamp,48,92,51.06666666666667,1.022632122039795,-0.29328549006892435
COHFACE_s29_session0_lamp,48,93,51.1,0.8444852232933044,-0.5143747168131814
COHFACE_s29_session0_lamp,48,94,51.13333333333333,0.7235720157623291,-0.6932132045241483
COHFACE_s29_session0_lamp,48,95,51.166666666666664,0.5988357067108154,-0.8152850611110309
COHFACE_s29_session0_lamp,48,96,51.2,0.44274625182151794,-0.8741850004511946
COHFACE_s29_session0_lamp,48,97,51.233333333333334,0.2740788161754608,-0.8733621806763483
COHFACE_s29_session0_lamp,48,98,51.266666666666666,0.11163009703159332,-0.8252663332970841
COHFACE_s29_session0_lamp,48,99,51.3,-0.029756158590316772,-0.7476202765326408
COHFACE_s29_session0_lamp,48,100,51.333333333333336,-0.15589848160743713,-0.6578886277087562
COHFACE_s29_session0_lamp,48,101,51.36666666666667,-0.2619246542453766,-0.5682940223866635
COHFACE_s29_session0_lamp,48,102,51.4,-0.3476075530052185,-0.48424581846114145
COHFACE_s29_session0_lamp,48,103,51.43333333333333,-0.42240503430366516,-0.4073396226074752
COHFACE_s29_session0_lamp,48,104,51.46666666666667,-0.4927196204662323,-0.34034130123845596
COHFACE_s29_session0_lamp,48,105,51.5,-0.5564099550247192,-0.28936301584176277
COHFACE_s29_session0_lamp,48,106,51.53333333333333,-0.6178452968597412,-0.26061448953633976
COHFACE_s29_session0_lamp,48,107,51.56666666666667,-0.6781342625617981,-0.25387124800379024
COHFACE_s29_session0_lamp,48,108,51.6,-0.7350867986679077,-0.2581056044475162
COHFACE_s29_session0_lamp,48,109,51.63333333333333,-0.7846146821975708,-0.25361254076820877
COHFACE_s29_session0_lamp,48,110,51.666666666666664,-0.8248686194419861,-0.21983505272403708
COHFACE_s29_session0_lamp,48,111,51.7,-0.8584928512573242,-0.1437098159791913
COHFACE_s29_session0_lamp,48,112,51.733333333333334,-0.8821239471435547,-0.023735407918521148
COHFACE_s29_session0_lamp,48,113,51.766666666666666,-0.8981682062149048,0.13138468049690458
COHFACE_s29_session0_lamp,48,114,51.8,-0.9094645977020264,0.3074243994930261
COHFACE_s29_session0_lamp,48,115,51.833333333333336,-0.9238000512123108,0.48940678884781835
COHFACE_s29_session0_lamp,48,116,51.86666666666667,-0.9396063685417175,0.6641283579586601
COHFACE_s29_session0_lamp,48,117,51.9,-0.8994065523147583,0.8200713849948925
COHFACE_s29_session0_lamp,48,118,51.93333333333333,-0.49722954630851746,0.9460960427566839
COHFACE_s29_session0_lamp,48,119,51.96666666666667,0.3516017198562622,1.0308491016588022
COHFACE_s29_session0_lamp,48,120,52.0,1.1184217929840088,1.0639956128900443
COHFACE_s29_session0_lamp,48,121,52.03333333333333,1.4027354717254639,1.0390764166160924
COHFACE_s29_session0_lamp,48,122,52.06666666666667,1.3574903011322021,0.9568992545232611
COHFACE_s29_session0_lamp,48,123,52.1,1.281541109085083,0.8277245351253701
COHFACE_s29_session0_lamp,48,124,52.13333333333333,1.2994239330291748,0.6701042127803287
COHFACE_s29_session0_lamp,48,125,52.166666666666664,1.3564088344573975,0.5053098821904561
COHFACE_s29_session0_lamp,48,126,52.2,1.3128670454025269,0.34921811977182016
COHFACE_s29_session0_lamp,48,127,52.233333333333334,1.1275606155395508,0.2060121592839627
COHFACE_s29_session0_lamp,48,128,52.266666666666666,0.9318877458572388,0.06764919627569105
COHFACE_s29_session0_lamp,48,129,52.3,0.7932863831520081,-0.08024622960492608
COHFACE_s29_session0_lamp,48,130,52.333333333333336,0.6673765778541565,-0.24943339302132683
COHFACE_s29_session0_lamp,48,131,52.36666666666667,0.5168623924255371,-0.44211627792800773
COHFACE_s29_session0_lamp,48,132,52.4,0.34344708919525146,-0.6490775173174369
COHFACE_s29_session0_lamp,48,133,52.43333333333333,0.17215698957443237,-0.8526149889449993
COHFACE_s29_session0_lamp,48,134,52.46666666666667,0.011427873745560646,-1.0321959762668798
COHFACE_s29_session0_lamp,48,135,52.5,-0.13461969792842865,-1.1704407345165935
COHFACE_s29_session0_lamp,48,136,52.53333333333333,-0.24199235439300537,-1.2572006833154734
COHFACE_s29_session0_lamp,48,137,52.56666666666667,-0.32177019119262695,-1.2902039410399522
COHFACE_s29_session0_lamp,48,138,52.6,-0.3963243365287781,-1.272285420634689
COHFACE_s29_session0_lamp,48,139,52.63333333333333,-0.46277251839637756,-1.2069347062401337
COHFACE_s29_session0_lamp,48,140,52.666666666666664,-0.5185028910636902,-1.0947661955895307
COHFACE_s29_session0_lamp,48,141,52.7,-0.5757474303245544,-0.932941353617507
COHFACE_s29_session0_lamp,48,142,52.733333333333334,-0.6388266682624817,-0.7178252768181571
COHFACE_s29_session0_lamp,48,143,52.766666666666666,-0.6870135068893433,-0.4495423533783489
COHFACE_s29_session0_lamp,48,144,52.8,-0.7207459211349487,-0.13659569018274584
COHFACE_s29_session0_lamp,48,145,52.833333333333336,-0.7565169930458069,0.20118815234131315
COHFACE_s29_session0_lamp,48,146,52.86666666666667,-0.784582257270813,0.5331442928630395
COHFACE_s29_session0_lamp,48,147,52.9,-0.7988744378089905,0.8231228500660801
COHFACE_s29_session0_lamp,48,148,52.93333333333333,-0.8169249296188354,1.0395730245041044
COHFACE_s29_session0_lamp,48,149,52.96666666666667,-0.8458824157714844,1.166957646548311
COHFACE_s29_session0_lamp,48,150,53.0,-0.7973170876502991,1.211824810549691
COHFACE_s29_session0_lamp,48,151,53.03333333333333,-0.32987073063850403,1.1980259997160383
COHFACE_s29_session0_lamp,48,152,53.06666666666667,0.5590522289276123,1.1527265463526137
COHFACE_s29_session0_lamp,48,153,53.1,1.2795618772506714,1.0920593933462757
COHFACE_s29_session0_lamp,48,154,53.13333333333333,1.4778573513031006,1.0157875254678472
COHFACE_s29_session0_lamp,48,155,53.166666666666664,1.3430250883102417,0.9137627611099547
COHFACE_s29_session0_lamp,48,156,53.2,1.189152717590332,0.778198105978859
COHFACE_s29_session0_lamp,48,157,53.233333333333334,1.135066270828247,0.6119340343302656
COHFACE_s29_session0_lamp,48,158,53.266666666666666,1.112289547920227,0.4273684977857357
COHFACE_s29_session0_lamp,48,159,53.3,0.999363362789154,0.23867831162492265
COHFACE_s29_session0_lamp,48,160,53.333333333333336,0.8238716125488281,0.05435960032771711
COHFACE_s29_session0_lamp,48,161,53.36666666666667,0.6924731135368347,-0.12438763879236045
COHFACE_s29_session0_lamp,48,162,53.4,0.6029454469680786,-0.2992345645227295
COHFACE_s29_session0_lamp,48,163,53.43333333333333,0.492874413728714,-0.46868297721916785
COHFACE_s29_session0_lamp,48,164,53.46666666666667,0.32647815346717834,-0.6252679692097544
COHFACE_s29_session0_lamp,48,165,53.5,0.13078369200229645,-0.7577078282471585
COHFACE_s29_session0_lamp,48,166,53.53333333333333,-0.05691296234726906,-0.8559320669114807
COHFACE_s29_session0_lamp,48,167,53.56666666666667,-0.21988622844219208,-0.9152948867785632
COHFACE_s29_session0_lamp,48,168,53.6,-0.3507871925830841,-0.9376821948713903
COHFACE_s29_session0_lamp,48,169,53.63333333333333,-0.439714640378952,-0.9297075765443045
COHFACE_s29_session0_lamp,48,170,53.666666666666664,-0.5003334879875183,-0.8994638310664483
COHFACE_s29_session0_lamp,48,171,53.7,-0.5548688173294067,-0.853203306607364
COHFACE_s29_session0_lamp,48,172,53.733333333333334,-0.6077980399131775,-0.7928411503538993
COHFACE_s29_session0_lamp,48,173,53.766666666666666,-0.6579045653343201,-0.7149399003815585
COHFACE_s29_session0_lamp,48,174,53.8,-0.7167226672172546,-0.6118203661917639
COHFACE_s29_session0_lamp,48,175,53.833333333333336,-0.7787150144577026,-0.475004229867864
COHFACE_s29_session0_lamp,48,176,53.86666666666667,-0.8279022574424744,-0.2999993913599226
COHFACE_s29_session0_lamp,48,177,53.9,-0.8719739317893982,-0.09030413432117511
COHFACE_s29_session0_lamp,48,178,53.93333333333333,-0.904884397983551,0.14151259003329775
COHFACE_s29_session0_lamp,48,179,53.96666666666667,-0.9334688186645508,0.3764414691225154
COHFACE_s29_session0_lamp,48,180,54.0,-0.9648975729942322,0.5941444384116753
COHFACE_s29_session0_lamp,48,181,54.03333333333333,-0.9213504195213318,0.778141365866449
COHFACE_s29_session0_lamp,48,182,54.06666666666667,-0.43403130769729614,0.919162085639173
COHFACE_s29_session0_lamp,48,183,54.1,0.5856844782829285,1.0159048832387236
COHFACE_s29_session0_lamp,48,184,54.13333333333333,1.4854226112365723,1.073087468817341
COHFACE_s29_session0_lamp,48,185,54.166666666666664,1.7910420894622803,1.0972247348592623
COHFACE_s29_session0_lamp,48,186,54.2,1.6888444423675537,1.0916366975598097
COHFACE_s29_session0_lamp,48,187,54.233333333333334,1.5575648546218872,1.0531434554101746
COHFACE_s29_session0_lamp,48,188,54.266666666666666,1.5391305685043335,0.9726642477356227
COHFACE_s29_session0_lamp,48,189,54.3,1.5619990825653076,0.8400521828208575
COHFACE_s29_session0_lamp,48,190,54.333333333333336,1.4682643413543701,0.6507679503064322
COHFACE_s29_session0_lamp,48,191,54.36666666666667,1.207500696182251,0.4106281264590177
COHFACE_s29_session0_lamp,48,192,54.4,0.9382200241088867,0.13621452595205996
COHFACE_s29_session0_lamp,48,193,54.43333333333333,0.7570881247520447,-0.1488357009267531
COHFACE_s29_session0_lamp,48,194,54.46666666666667,0.6173403859138489,-0.4196571429020494
COHFACE_s29_session0_lamp,48,195,54.5,0.4529665410518646,-0.655673978344583
COHFACE_s29_session0_lamp,48,196,54.53333333333333,0.2493932843208313,-0.8438956900906308
COHFACE_s29_session0_lamp,48,197,54.56666666666667,0.04262412711977959,-0.9792221843994062
COHFACE_s29_session0_lamp,48,198,54.6,-0.1438179761171341,-1.0623902101462397
COHFACE_s29_session0_lamp,48,199,54.63333333333333,-0.3026382327079773,-1.0971858863175419
COHFACE_s29_session0_lamp,48,200,54.666666666666664,-0.4219507873058319,-1.0885819399220578
COHFACE_s29_session0_lamp,48,201,54.7,-0.515252947807312,-1.0424781155755602
COHFACE_s29_session0_lamp,48,202,54.733333333333334,-0.6005032658576965,-0.9662965784704055
COHFACE_s29_session0_lamp,48,203,54.766666666666666,-0.6707043051719666,-0.868908317121568
COHFACE_s29_session0_lamp,48,204,54.8,-0.7385259866714478,-0.7589315022944079
COHFACE_s29_session0_lamp,48,205,54.833333333333336,-0.807104766368866,-0.6418398135558041
COHFACE_s29_session0_lamp,48,206,54.86666666666667,-0.8721686005592346,-0.5175058653484337
COHFACE_s29_session0_lamp,48,207,54.9,-0.9370107650756836,-0.38006502053933905
COHFACE_s29_session0_lamp,48,208,54.93333333333333,-0.9882041811943054,-0.22108172435180495
COHFACE_s29_session0_lamp,48,209,54.96666666666667,-1.0318000316619873,-0.03518224258365979
COHFACE_s29_session0_lamp,48,210,55.0,-1.0557447671890259,0.17456575226925317
COHFACE_s29_session0_lamp,48,211,55.03333333333333,-1.074730634689331,0.39484676579821903
COHFACE_s29_session0_lamp,48,212,55.06666666666667,-1.1032123565673828,0.6056460967287444
COHFACE_s29_session0_lamp,48,213,55.1,-1.1335487365722656,0.7877702452604388
COHFACE_s29_session0_lamp,48,214,55.13333333333333,-1.0557825565338135,0.9299904550823296
COHFACE_s29_session0_lamp,48,215,55.166666666666664,-0.4689966142177582,1.0312627358990147
COHFACE_s29_session0_lamp,48,216,55.2,0.5907946228981018,1.0968721264613046
COHFACE_s29_session0_lamp,48,217,55.233333333333334,1.3891462087631226,1.1315526616339495
COHFACE_s29_session0_lamp,48,218,55.266666666666666,1.5616638660430908,1.1342853482888848
COHFACE_s29_session0_lamp,48,219,55.3,1.4129124879837036,1.0978804153969066
COHFACE_s29_session0_lamp,48,220,55.333333333333336,1.294438123703003,1.01311631431967
COHFACE_s29_session0_lamp,48,221,55.36666666666667,1.2903932332992554,0.8745716490755505
COHFACE_s29_session0_lamp,48,222,55.4,1.3080651760101318,0.684957559468775
COHFACE_s29_session0_lamp,48,223,55.43333333333333,1.1915483474731445,0.4561354442874022
COHFACE_s29_session0_lamp,48,224,55.46666666666667,0.9252796769142151,0.20668830766279747
COHFACE_s29_session0_lamp,48,225,55.5,0.669701874256134,-0.04264896975894515
COHFACE_s29_session0_lamp,48,226,55.53333333333333,0.5010452270507812,-0.27348119679525773
COHFACE_s29_session0_lamp,48,227,55.56666666666667,0.3615354001522064,-0.47225049145567033
COHFACE_s29_session0_lamp,48,228,55.6,0.20464566349983215,-0.6304203185438247
COHFACE_s29_session0_lamp,48,229,55.63333333333333,0.02116149477660656,-0.7435270140991437
COHFACE_s29_session0_lamp,48,230,55.666666666666664,-0.16695696115493774,-0.8104008662996417
COHFACE_s29_session0_lamp,48,231,55.7,-0.3258204758167267,-0.8329397984789442
COHFACE_s29_session0_lamp,48,232,55.733333333333334,-0.4608420133590698,-0.8159627034644091
COHFACE_s29_session0_lamp,48,233,55.766666666666666,-0.5681281685829163,-0.7665903743600043
COHFACE_s29_session0_lamp,48,234,55.8,-0.645569920539856,-0.693220424635408
COHFACE_s29_session0_lamp,48,235,55.833333333333336,-0.7103363275527954,-0.6045405137583219
COHFACE_s29_session0_lamp,48,236,55.86666666666667,-0.7816459536552429,-0.5086039111809348
COHFACE_s29_session0_lamp,48,237,55.9,-0.8433732986450195,-0.41165851624306743
COHFACE_s29_session0_lamp,48,238,55.93333333333333,-0.8979626893997192,-0.31696920310072757
COHFACE_s29_session0_lamp,48,239,55.96666666666667,-0.9505837559700012,-0.2245121727681957
COHFACE_s29_session0_lamp,49,0,49.0,0.18594089150428772,-0.1893750058558164
COHFACE_s29_session0_lamp,49,1,49.03333333333333,0.09113001078367233,-0.16634347030268498
COHFACE_s29_session0_lamp,49,2,49.06666666666667,0.0056579988449811935,-0.16533655762454977
COHFACE_s29_session0_lamp,49,3,49.1,-0.06437540799379349,-0.1997226502387968
COHFACE_s29_session0_lamp,49,4,49.13333333333333,-0.11959207057952881,-0.2646853799493767
COHFACE_s29_session0_lamp,49,5,49.166666666666664,-0.17228341102600098,-0.3379522953366411
COHFACE_s29_session0_lamp,49,6,49.2,-0.22154094278812408,-0.38830687610040315
COHFACE_s29_session0_lamp,49,7,49.233333333333334,-0.2706308364868164,-0.3881266096678523
COHFACE_s29_session0_lamp,49,8,49.266666666666666,-0.32105639576911926,-0.32419524757756546
COHFACE_s29_session0_lamp,49,9,49.3,-0.37111425399780273,-0.20183413896161112
COHFACE_s29_session0_lamp,49,10,49.333333333333336,-0.4208963215351105,-0.04038967251970361
COHFACE_s29_session0_lamp,49,11,49.36666666666667,-0.4658277928829193,0.1374947974566402
COHFACE_s29_session0_lamp,49,12,49.4,-0.5025992393493652,0.3164201112036933
COHFACE_s29_session0_lamp,49,13,49.43333333333333,-0.535552978515625,0.49189638915219963
COHFACE_s29_session0_lamp,49,14,49.46666666666667,-0.568203866481781,0.6651804392522113
COHFACE_s29_session0_lamp,49,15,49.5,-0.6033746600151062,0.8337284387272104
COHFACE_s29_session0_lamp,49,16,49.53333333333333,-0.6321699619293213,0.9849136418952837
COHFACE_s29_session0_lamp,49,17,49.56666666666667,-0.5432912111282349,1.0981857333330338
COHFACE_s29_session0_lamp,49,18,49.6,-0.09029927849769592,1.1541580073516702
COHFACE_s29_session0_lamp,49,19,49.63333333333333,0.5647139549255371,1.143743521434462
COHFACE_s29_session0_lamp,49,20,49.666666666666664,1.013920545578003,1.0709647306293462
COHFACE_s29_session0_lamp,49,21,49.7,1.1512078046798706,0.9482825860814031
COHFACE_s29_session0_lamp,49,22,49.733333333333334,1.166759967803955,0.7887820287319676
COHFACE_s29_session0_lamp,49,23,49.766666666666666,1.2326133251190186,0.6011923296651707
COHFACE_s29_session0_lamp,49,24,49.8,1.3522071838378906,0.3904283195835226
COHFACE_s29_session0_lamp,49,25,49.833333333333336,1.4330880641937256,0.16157442757504958
COHFACE_s29_session0_lamp,49,26,49.86666666666667,1.3738914728164673,-0.07682575059576625
COHFACE_s29_session0_lamp,49,27,49.9,1.207419514656067,-0.31282168650487796
COHFACE_s29_session0_lamp,49,28,49.93333333333333,1.0581382513046265,-0.5339064455924757
COHFACE_s29_session0_lamp,49,29,49.96666666666667,0.9539019465446472,-0.7300878547924666
COHFACE_s29_session0_lamp,49,30,50.0,0.8507472276687622,-0.8952738479345146
COHFACE_s29_session0_lamp,49,31,50.03333333333333,0.725005030632019,-1.0269355825387203
COHFACE_s29_session0_lamp,49,32,50.06666666666667,0.5744692087173462,-1.1249293224848524
COHFACE_s29_session0_lamp,49,33,50.1,0.4222245216369629,-1.1901458685953297
COHFACE_s29_session0_lamp,49,34,50.13333333333333,0.28498589992523193,-1.223218704978334
COHFACE_s29_session0_lamp,49,35,50.166666666666664,0.1640402376651764,-1.2234982065909636
COHFACE_s29_session0_lamp,49,36,50.2,0.058836016803979874,-1.1888652054014395
COHFACE_s29_session0_lamp,49,37,50.233333333333334,-0.031016122549772263,-1.1169377312354274
COHFACE_s29_session0_lamp,49,38,50.266666666666666,-0.113632932305336,-1.0073343524265608
COHFACE_s29_session0_lamp,49,39,50.3,-0.19803424179553986,-0.8636301747813532
COHFACE_s29_session0_lamp,49,40,50.333333333333336,-0.27673056721687317,-0.6934879841309538
COHFACE_s29_session0_lamp,49,41,50.36666666666667,-0.34865662455558777,-0.5063781032849376
COHFACE_s29_session0_lamp,49,42,50.4,-0.4222482144832611,-0.30983102102431676
COHFACE_s29_session0_lamp,49,43,50.43333333333333,-0.48865312337875366,-0.10646951584165597
COHFACE_s29_session0_lamp,49,44,50.46666666666667,-0.5508293509483337,0.10574877765003399
COHFACE_s29_session0_lamp,49,45,50.5,-0.6041858196258545,0.3291956945847659
COHFACE_s29_session0_lamp,49,46,50.53333333333333,-0.6476140022277832,0.56010536081503
COHFACE_s29_session0_lamp,49,47,50.56666666666667,-0.6843475699424744,0.7841836718120986
COHFACE_s29_session0_lamp,49,48,50.6,-0.7142243981361389,0.9781856615761826
COHFACE_s29_session0_lamp,49,49,50.63333333333333,-0.7371362447738647,1.11792780527538
COHFACE_s29_session0_lamp,49,50,50.666666666666664,-0.7703603506088257,1.1884453217373867
COHFACE_s29_session0_lamp,49,51,50.7,-0.7958245873451233,1.190012252413539
COHFACE_s29_session0_lamp,49,52,50.733333333333334,-0.6347547769546509,1.1367891959637573
COHFACE_s29_session0_lamp,49,53,50.766666666666666,-0.026441320776939392,1.0499174638158362
COHFACE_s29_session0_lamp,49,54,50.8,0.7586995959281921,0.9496004497231118
COHFACE_s29_session0_lamp,49,55,50.833333333333336,1.2184077501296997,0.8499302923750789
COHFACE_s29_session0_lamp,49,56,50.86666666666667,1.2863212823867798,0.7573600946481048
COHFACE_s29_session0_lamp,49,57,50.9,1.2324836254119873,0.6712605453377641
COHFACE_s29_session0_lamp,49,58,50.93333333333333,1.2472624778747559,0.5847136104343731
COHFACE_s29_session0_lamp,49,59,50.96666666666667,1.326959252357483,0.48526821209188936
COHFACE_s29_session0_lamp,49,60,51.0,1.3504875898361206,0.3571269585622838
COHFACE_s29_session0_lamp,49,61,51.03333333333333,1.2298825979232788,0.1863451958646984
COHFACE_s29_session0_lamp,49,62,51.06666666666667,1.022632122039795,-0.031515116056593816
COHFACE_s29_session0_lamp,49,63,51.1,0.8444852232933044,-0.2848100521011477
COHFACE_s29_session0_lamp,49,64,51.13333333333333,0.7235720157623291,-0.5452027928610597
COHFACE_s29_session0_lamp,49,65,51.166666666666664,0.5988357067108154,-0.7755839991601454
COHFACE_s29_session0_lamp,49,66,51.2,0.44274625182151794,-0.9436298756940599
COHFACE_s29_session0_lamp,49,67,51.233333333333334,0.2740788161754608,-1.033810756450927
COHFACE_s29_session0_lamp,49,68,51.266666666666666,0.11163009703159332,-1.0513579859236997
COHFACE_s29_session0_lamp,49,69,51.3,-0.029756158590316772,-1.0165734228554988
COHFACE_s29_session0_lamp,49,70,51.333333333333336,-0.15589848160743713,-0.953406845554171
COHFACE_s29_session0_lamp,49,71,51.36666666666667,-0.2619246542453766,-0.8790977917846695
COHFACE_s29_session0_lamp,49,72,51.4,-0.3476075530052185,-0.80027561112178
COHFACE_s29_session0_lamp,49,73,51.43333333333333,-0.42240503430366516,-0.7162828142035434
COHFACE_s29_session0_lamp,49,74,51.46666666666667,-0.4927196204662323,-0.6256150189007111
COHFACE_s29_session0_lamp,49,75,51.5,-0.5564099550247192,-0.5297881193009114
COHFACE_s29_session0_lamp,49,76,51.53333333333333,-0.6178452968597412,-0.43197797480388916
COHFACE_s29_session0_lamp,49,77,51.56666666666667,-0.6781342625617981,-0.3326123668974876
COHFACE_s29_session0_lamp,49,78,51.6,-0.7350867986679077,-0.2266871369943339
COHFACE_s29_session0_lamp,49,79,51.63333333333333,-0.7846146821975708,-0.10603478259490295
COHFACE_s29_session0_lamp,49,80,51.666666666666664,-0.8248686194419861,0.0347053277489864
COHFACE_s29_session0_lamp,49,81,51.7,-0.8584928512573242,0.19303387677087558
COHFACE_s29_session0_lamp,49,82,51.733333333333334,-0.8821239471435547,0.3582424701060885
COHFACE_s29_session0_lamp,49,83,51.766666666666666,-0.8981682062149048,0.5158099525285047
COHFACE_s29_session0_lamp,49,84,51.8,-0.9094645977020264,0.6532610247065932
COHFACE_s29_session0_lamp,49,85,51.833333333333336,-0.9238000512123108,0.7635862077680776
COHFACE_s29_session0_lamp,49,86,51.86666666666667,-0.9396063685417175,0.8446322133548764
COHFACE_s29_session0_lamp,49,87,51.9,-0.8994065523147583,0.8960489335832368
COHFACE_s29_session0_lamp,49,88,51.93333333333333,-0.49722954630851746,0.9169183638436567
COHFACE_s29_session0_lamp,49,89,51.96666666666667,0.3516017198562622,0.9061178299130592
COHFACE_s29_session0_lamp,49,90,52.0,1.1184217929840088,0.8647271511545682
COHFACE_s29_session0_lamp,49,91,52.03333333333333,1.4027354717254639,0.7978875269986487
COHFACE_s29_session0_lamp,49,92,52.06666666666667,1.3574903011322021,0.7141813703464812
COHFACE_s29_session0_lamp,49,93,52.1,1.281541109085083,0.622732543094704
COHFACE_s29_session0_lamp,49,94,52.13333333333333,1.2994239330291748,0.5297528765117536
COHFACE_s29_session0_lamp,49,95,52.166666666666664,1.3564088344573975,0.43633025660482666
COHFACE_s29_session0_lamp,49,96,52.2,1.3128670454025269,0.3382344644149886
COHFACE_s29_session0_lamp,49,97,52.233333333333334,1.1275606155395508,0.22751270419758643
COHFACE_s29_session0_lamp,49,98,52.266666666666666,0.9318877458572388,0.09538114672370895
COHFACE_s29_session0_lamp,49,99,52.3,0.7932863831520081,-0.06417469262102163
COHFACE_s29_session0_lamp,49,100,52.333333333333336,0.6673765778541565,-0.25118186867222236
COHFACE_s29_session0_lamp,49,101,52.36666666666667,0.5168623924255371,-0.4581857906286469
COHFACE_s29_session0_lamp,49,102,52.4,0.34344708919525146,-0.6711326424276778
COHFACE_s29_session0_lamp,49,103,52.43333333333333,0.17215698957443237,-0.8722134447750374
COHFACE_s29_session0_lamp,49,104,52.46666666666667,0.011427873745560646,-1.0436490737653006
COHFACE_s29_session0_lamp,49,105,52.5,-0.13461969792842865,-1.1713016843952317
COHFACE_s29_session0_lamp,49,106,52.53333333333333,-0.24199235439300537,-1.2471242116104382
COHFACE_s29_session0_lamp,49,107,52.56666666666667,-0.32177019119262695,-1.2697457948309554
COHFACE_s29_session0_lamp,49,108,52.6,-0.3963243365287781,-1.2429856755296242
COHFACE_s29_session0_lamp,49,109,52.63333333333333,-0.46277251839637756,-1.172746597262721
COHFACE_s29_session0_lamp,49,110,52.666666666666664,-0.5185028910636902,-1.063391518059904
COHFACE_s29_session0_lamp,49,111,52.7,-0.5757474303245544,-0.9150771497220901
COHFACE_s29_session0_lamp,49,112,52.733333333333334,-0.6388266682624817,-0.7234006336934066
COHFACE_s29_session0_lamp,49,113,52.766666666666666,-0.6870135068893433,-0.4821580530582343
COHFACE_s29_session0_lamp,49,114,52.8,-0.7207459211349487,-0.1890481376868131
COHFACE_s29_session0_lamp,49,115,52.833333333333336,-0.7565169930458069,0.14740507093723676
COHFACE_s29_session0_lamp,49,116,52.86666666666667,-0.784582257270813,0.5031998213444446
COHFACE_s29_session0_lamp,49,117,52.9,-0.7988744378089905,0.8404114229742852
COHFACE_s29_session0_lamp,49,118,52.93333333333333,-0.8169249296188354,1.1166626378220446
COHFACE_s29_session0_lamp,49,119,52.96666666666667,-0.8458824157714844,1.2994644770129875
COHFACE_s29_session0_lamp,49,120,53.0,-0.7973170876502991,1.3777026930476952
COHFACE_s29_session0_lamp,49,121,53.03333333333333,-0.32987073063850403,1.3628934884346533
COHFACE_s29_session0_lamp,49,122,53.06666666666667,0.5590522289276123,1.2798190200092407
COHFACE_s29_session0_lamp,49,123,53.1,1.2795618772506714,1.1535687954431058
COHFACE_s29_session0_lamp,49,124,53.13333333333333,1.4778573513031006,1.001167531731108
COHFACE_s29_session0_lamp,49,125,53.166666666666664,1.3430250883102417,0.8312449266155165
COHFACE_s29_session0_lamp,49,126,53.2,1.189152717590332,0.6491634944731546
COHFACE_s29_session0_lamp,49,127,53.233333333333334,1.135066270828247,0.4619551135477357
COHFACE_s29_session0_lamp,49,128,53.266666666666666,1.112289547920227,0.27903762640075386
COHFACE_s29_session0_lamp,49,129,53.3,0.999363362789154,0.10887679954075138
COHFACE_s29_session0_lamp,49,130,53.333333333333336,0.8238716125488281,-0.04500030242430793
COHFACE_s29_session0_lamp,49,131,53.36666666666667,0.6924731135368347,-0.18500895687365745
COHFACE_s29_session0_lamp,49,132,53.4,0.6029454469680786,-0.316512935914568
COHFACE_s29_session0_lamp,49,133,53.43333333333333,0.492874413728714,-0.4429593937901575
COHFACE_s29_session0_lamp,49,134,53.46666666666667,0.32647815346717834,-0.5624925823975777
COHFACE_s29_session0_lamp,49,135,53.5,0.13078369200229645,-0.6681723430734937
COHFACE_s29_session0_lamp,49,136,53.53333333333333,-0.05691296234726906,-0.7513693559294331
COHFACE_s29_session0_lamp,49,137,53.56666666666667,-0.21988622844219208,-0.8059263278275363
COHFACE_s29_session0_lamp,49,138,53.6,-0.3507871925830841,-0.8305844028481555
COHFACE_s29_session0_lamp,49,139,53.63333333333333,-0.439714640378952,-0.828603859787334
COHFACE_s29_session0_lamp,49,140,53.666666666666664,-0.5003334879875183,-0.8052209174407188
COHFACE_s29_session0_lamp,49,141,53.7,-0.5548688173294067,-0.7645991249404369
COHFACE_s29_session0_lamp,49,142,53.733333333333334,-0.6077980399131775,-0.7078677266812137
COHFACE_s29_session0_lamp,49,143,53.766666666666666,-0.6579045653343201,-0.6329916882461845
COHFACE_s29_session0_lamp,49,144,53.8,-0.7167226672172546,-0.536227199851163
COHFACE_s29_session0_lamp,49,145,53.833333333333336,-0.7787150144577026,-0.4143168366799792
COHFACE_s29_session0_lamp,49,146,53.86666666666667,-0.8279022574424744,-0.2665409989133135
COHFACE_s29_session0_lamp,49,147,53.9,-0.8719739317893982,-0.09596589312508609
COHFACE_s29_session0_lamp,49,148,53.93333333333333,-0.904884397983551,0.09054781828552902
COHFACE_s29_session0_lamp,49,149,53.96666666666667,-0.9334688186645508,0.28354923770706025
COHFACE_s29_session0_lamp,49,150,54.0,-0.9648975729942322,0.47264496399216016
COHFACE_s29_session0_lamp,49,151,54.03333333333333,-0.9213504195213318,0.6475697263309744
COHFACE_s29_session0_lamp,49,152,54.06666666666667,-0.43403130769729614,0.7983971702226781
COHFACE_s29_session0_lamp,49,153,54.1,0.5856844782829285,0.9155601666260808
COHFACE_s29_session0_lamp,49,154,54.13333333333333,1.4854226112365723,0.9905069977617784
COHFACE_s29_session0_lamp,49,155,54.166666666666664,1.7910420894622803,1.0170762135642477
COHFACE_s29_session0_lamp,49,156,54.2,1.6888444423675537,0.992719715222756
COHFACE_s29_session0_lamp,49,157,54.233333333333334,1.5575648546218872,0.9185941472750363
COHFACE_s29_session0_lamp,49,158,54.266666666666666,1.5391305685043335,0.7985960661503159
COHFACE_s29_session0_lamp,49,159,54.3,1.5619990825653076,0.6384275724328772
COHFACE_s29_session0_lamp,49,160,54.333333333333336,1.4682643413543701,0.4455627611969915
COHFACE_s29_session0_lamp,49,161,54.36666666666667,1.207500696182251,0.22993065932525775
COHFACE_s29_session0_lamp,49,162,54.4,0.9382200241088867,0.004304333937146946
COHFACE_s29_session0_lamp,49,163,54.43333333333333,0.7570881247520447,-0.21663020951093853
COHFACE_s29_session0_lamp,49,164,54.46666666666667,0.6173403859138489,-0.41875724739491854
COHFACE_s29_session0_lamp,49,165,54.5,0.4529665410518646,-0.5916482927873743
COHFACE_s29_session0_lamp,49,166,54.53333333333333,0.2493932843208313,-0.7306058642779476
COHFACE_s29_session0_lamp,49,167,54.56666666666667,0.04262412711977959,-0.8361863550391171
COHFACE_s29_session0_lamp,49,168,54.6,-0.1438179761171341,-0.9111833063624979
COHFACE_s29_session0_lamp,49,169,54.63333333333333,-0.3026382327079773,-0.9568599451281923
COHFACE_s29_session0_lamp,49,170,54.666666666666664,-0.4219507873058319,-0.9711272659048261
COHFACE_s29_session0_lamp,49,171,54.7,-0.515252947807312,-0.9502504603999069
COHFACE_s29_session0_lamp,49,172,54.733333333333334,-0.6005032658576965,-0.8928378761298427
COHFACE_s29_session0_lamp,49,173,54.766666666666666,-0.6707043051719666,-0.8027882053898902
COHFACE_s29_session0_lamp,49,174,54.8,-0.7385259866714478,-0.6885899619837181
COHFACE_s29_session0_lamp,49,175,54.833333333333336,-0.807104766368866,-0.5590716333810718
COHFACE_s29_session0_lamp,49,176,54.86666666666667,-0.8721686005592346,-0.41826610601825054
COHFACE_s29_session0_lamp,49,177,54.9,-0.9370107650756836,-0.26306336979231687
COHFACE_s29_session0_lamp,49,178,54.93333333333333,-0.9882041811943054,-0.086167904852188
COHFACE_s29_session0_lamp,49,179,54.96666666666667,-1.0318000316619873,0.1164191947122386
COHFACE_s29_session0_lamp,49,180,55.0,-1.0557447671890259,0.3380451840320108
COHFACE_s29_session0_lamp,49,181,55.03333333333333,-1.074730634689331,0.5598698905106732
COHFACE_s29_session0_lamp,49,182,55.06666666666667,-1.1032123565673828,0.7572226778912077
COHFACE_s29_session0_lamp,49,183,55.1,-1.1335487365722656,0.9102991750039107
COHFACE_s29_session0_lamp,49,184,55.13333333333333,-1.0557825565338135,1.0123406470474041
COHFACE_s29_session0_lamp,49,185,55.166666666666664,-0.4689966142177582,1.0699919553822597
COHFACE_s29_session0_lamp,49,186,55.2,0.5907946228981018,1.0961133563463463
COHFACE_s29_session0_lamp,49,187,55.233333333333334,1.3891462087631226,1.1004116813589044
COHFACE_s29_session0_lamp,49,188,55.266666666666666,1.5616638660430908,1.0838498255983489
COHFACE_s29_session0_lamp,49,189,55.3,1.4129124879837036,1.0393635882682526
COHFACE_s29_session0_lamp,49,190,55.333333333333336,1.294438123703003,0.9570949017434978
COHFACE_s29_session0_lamp,49,191,55.36666666666667,1.2903932332992554,0.8301430803881271
COHFACE_s29_session0_lamp,49,192,55.4,1.3080651760101318,0.6578563515275583
COHFACE_s29_session0_lamp,49,193,55.43333333333333,1.1915483474731445,0.4461808347564971
COHFACE_s29_session0_lamp,49,194,55.46666666666667,0.9252796769142151,0.20620319968491213
COHFACE_s29_session0_lamp,49,195,55.5,0.669701874256134,-0.04775688018729039
COHFACE_s29_session0_lamp,49,196,55.53333333333333,0.5010452270507812,-0.2997342824705829
COHFACE_s29_session0_lamp,49,197,55.56666666666667,0.3615354001522064,-0.5334505228594768
COHFACE_s29_session0_lamp,49,198,55.6,0.20464566349983215,-0.7339867073416673
COHFACE_s29_session0_lamp,49,199,55.63333333333333,0.02116149477660656,-0.8900130828180891
COHFACE_s29_session0_lamp,49,200,55.666666666666664,-0.16695696115493774,-0.9956570091632653
COHFACE_s29_session0_lamp,49,201,55.7,-0.3258204758167267,-1.0506468172665773
COHFACE_s29_session0_lamp,49,202,55.733333333333334,-0.4608420133590698,-1.058545237120303
COHFACE_s29_session0_lamp,49,203,55.766666666666666,-0.5681281685829163,-1.0245020431042056
COHFACE_s29_session0_lamp,49,204,55.8,-0.645569920539856,-0.9543293526005643
COHFACE_s29_session0_lamp,49,205,55.833333333333336,-0.7103363275527954,-0.8554817280025013
COHFACE_s29_session0_lamp,49,206,55.86666666666667,-0.7816459536552429,-0.7386276149502211
COHFACE_s29_session0_lamp,49,207,55.9,-0.8433732986450195,-0.6175651811467308
COHFACE_s29_session0_lamp,49,208,55.93333333333333,-0.8979626893997192,-0.506264540377657
COHFACE_s29_session0_lamp,49,209,55.96666666666667,-0.9505837559700012,-0.41405429593598964
COHFACE_s29_session0_lamp,49,210,56.0,-1.001560926437378,-0.3417066661427751
COHFACE_s29_session0_lamp,49,211,56.03333333333333,-1.0455838441848755,-0.28093356697815963
COHFACE_s29_session0_lamp,49,212,56.06666666666667,-1.0771369934082031,-0.2175713088279508
COHFACE_s29_session0_lamp,49,213,56.1,-1.1030176877975464,-0.1366299006284189
COHFACE_s29_session0_lamp,49,214,56.13333333333333,-1.1183805465698242,-0.02722254728527996
COHFACE_s29_session0_lamp,49,215,56.166666666666664,-1.1220144033432007,0.11364016163029027
COHFACE_s29_session0_lamp,49,216,56.2,-1.129590392112732,0.27891266274159143
COHFACE_s29_session0_lamp,49,217,56.233333333333334,-1.1431201696395874,0.4518095142163167
COHFACE_s29_session0_lamp,49,218,56.266666666666666,-1.0932245254516602,0.6094969323307355
COHFACE_s29_session0_lamp,49,219,56.3,-0.6296879053115845,0.7301017468298728
COHFACE_s29_session0_lamp,49,220,56.333333333333336,0.3243475556373596,0.800607431645521
COHFACE_s29_session0_lamp,49,221,56.36666666666667,1.1420961618423462,0.8215420852574596
COHFACE_s29_session0_lamp,49,222,56.4,1.3888055086135864,0.8053695127459026
COHFACE_s29_session0_lamp,49,223,56.43333333333333,1.2825089693069458,0.7689850494680596
COHFACE_s29_session0_lamp,49,224,56.46666666666667,1.1844806671142578,0.7245777464002453
COHFACE_s29_session0_lamp,49,225,56.5,1.1931272745132446,0.6743026158274829
COHFACE_s29_session0_lamp,49,226,56.53333333333333,1.2276924848556519,0.6113648706763835
COHFACE_s29_session0_lamp,49,227,56.56666666666667,1.154679536819458,0.5256358848621742
COHFACE_s29_session0_lamp,49,228,56.6,0.9369059801101685,0.409365618043175
COHFACE_s29_session0_lamp,49,229,56.63333333333333,0.712654173374176,0.2596888279446454
COHFACE_s29_session0_lamp,49,230,56.666666666666664,0.5601716041564941,0.07837773959027572
COHFACE_s29_session0_lamp,49,231,56.7,0.4349755644798279,-0.12813837867750846
COHFACE_s29_session0_lamp,49,232,56.733333333333334,0.29082605242729187,-0.3467740266897286
COHFACE_s29_session0_lamp,49,233,56.766666666666666,0.1192006915807724,-0.5554483340215566
COHFACE_s29_session0_lamp,49,234,56.8,-0.05418754741549492,-0.7239150101316787
COHFACE_s29_session0_lamp,49,235,56.833333333333336,-0.20570217072963715,-0.8199361197688975
COHFACE_s29_session0_lamp,49,236,56.86666666666667,-0.33579742908477783,-0.8192690995048915
COHFACE_s29_session0_lamp,49,237,56.9,-0.43770843744277954,-0.7149841553349086
COHFACE_s29_session0_lamp,49,238,56.93333333333333,-0.5132088661193848,-0.5218720071825571
COHFACE_s29_session0_lamp,49,239,56.96666666666667,-0.5768613815307617,-0.2742020863763637
COHFACE_s29_session0_lamp,50,0,50.0,0.8507472276687622,-0.18559503643803887
COHFACE_s29_session0_lamp,50,1,50.03333333333333,0.725005030632019,-0.23479602434408484
COHFACE_s29_session0_lamp,50,2,50.06666666666667,0.5744692087173462,-0.2986439636181747
COHFACE_s29_session0_lamp,50,3,50.1,0.4222245216369629,-0.3844709675312493
COHFACE_s29_session0_lamp,50,4,50.13333333333333,0.28498589992523193,-0.4838531839400234
COHFACE_s29_session0_lamp,50,5,50.166666666666664,0.1640402376651764,-0.5737961102434949
COHFACE_s29_session0_lamp,50,6,50.2,0.058836016803979874,-0.6251147527547767
COHFACE_s29_session0_lamp,50,7,50.233333333333334,-0.031016122549772263,-0.6144845695797445
COHFACE_s29_session0_lamp,50,8,50.266666666666666,-0.113632932305336,-0.5345249147704815
COHFACE_s29_session0_lamp,50,9,50.3,-0.19803424179553986,-0.3968722446609985
COHFACE_s29_session0_lamp,50,10,50.333333333333336,-0.27673056721687317,-0.2263180837970595
COHFACE_s29_session0_lamp,50,11,50.36666666666667,-0.34865662455558777,-0.04872644395053659
COHFACE_s29_session0_lamp,50,12,50.4,-0.4222482144832611,0.12053219298481027
COHFACE_s29_session0_lamp,50,13,50.43333333333333,-0.48865312337875366,0.28065478808987643
COHFACE_s29_session0_lamp,50,14,50.46666666666667,-0.5508293509483337,0.4397155884984515
COHFACE_s29_session0_lamp,50,15,50.5,-0.6041858196258545,0.6033424945080674
COHFACE_s29_session0_lamp,50,16,50.53333333333333,-0.6476140022277832,0.7654454773718256
COHFACE_s29_session0_lamp,50,17,50.56666666666667,-0.6843475699424744,0.9071424406899203
COHFACE_s29_session0_lamp,50,18,50.6,-0.7142243981361389,1.0044078962381526
COHFACE_s29_session0_lamp,50,19,50.63333333333333,-0.7371362447738647,1.0393414183307166
COHFACE_s29_session0_lamp,50,20,50.666666666666664,-0.7703603506088257,1.0082075422268062
COHFACE_s29_session0_lamp,50,21,50.7,-0.7958245873451233,0.9221102645426116
COHFACE_s29_session0_lamp,50,22,50.733333333333334,-0.6347547769546509,0.8010755453253496
COHFACE_s29_session0_lamp,50,23,50.766666666666666,-0.026441320776939392,0.6658309075680773
COHFACE_s29_session0_lamp,50,24,50.8,0.7586995959281921,0.5314738032078642
COHFACE_s29_session0_lamp,50,25,50.833333333333336,1.2184077501296997,0.40479430584131665
COHFACE_s29_session0_lamp,50,26,50.86666666666667,1.2863212823867798,0.2847986912649685
COHFACE_s29_session0_lamp,50,27,50.9,1.2324836254119873,0.16510037406627115
COHFACE_s29_session0_lamp,50,28,50.93333333333333,1.2472624778747559,0.03709814900419463
COHFACE_s29_session0_lamp,50,29,50.96666666666667,1.326959252357483,-0.10665730942996153
COHFACE_s29_session0_lamp,50,30,51.0,1.3504875898361206,-0.26947824357806166
COHFACE_s29_session0_lamp,50,31,51.03333333333333,1.2298825979232788,-0.4486006666712455
COHFACE_s29_session0_lamp,50,32,51.06666666666667,1.022632122039795,-0.6346976646432956
COHFACE_s29_session0_lamp,50,33,51.1,0.8444852232933044,-0.8129349014972042
COHFACE_s29_session0_lamp,50,34,51.13333333333333,0.7235720157623291,-0.9655946286119051
COHFACE_s29_session0_lamp,50,35,51.166666666666664,0.5988357067108154,-1.0760541043637926
COHFACE_s29_session0_lamp,50,36,51.2,0.44274625182151794,-1.1331450404028705
COHFACE_s29_session0_lamp,50,37,51.233333333333334,0.2740788161754608,-1.1341898260261145
COHFACE_s29_session0_lamp,50,38,51.266666666666666,0.11163009703159332,-1.0851228230985768
COHFACE_s29_session0_lamp,50,39,51.3,-0.029756158590316772,-0.9973719843658884
COHFACE_s29_session0_lamp,50,40,51.333333333333336,-0.15589848160743713,-0.8830613014018139
COHFACE_s29_session0_lamp,50,41,51.36666666666667,-0.2619246542453766,-0.7511941961568503
COHFACE_s29_session0_lamp,50,42,51.4,-0.3476075530052185,-0.6067694320321719
COHFACE_s29_session0_lamp,50,43,51.43333333333333,-0.42240503430366516,-0.45275863811516454
COHFACE_s29_session0_lamp,50,44,51.46666666666667,-0.4927196204662323,-0.29293666468822915
COHFACE_s29_session0_lamp,50,45,51.5,-0.5564099550247192,-0.13305859271902656
COHFACE_s29_session0_lamp,50,46,51.53333333333333,-0.6178452968597412,0.02071155992144432
COHFACE_s29_session0_lamp,50,47,51.56666666666667,-0.6781342625617981,0.16484686758910164
COHFACE_s29_session0_lamp,50,48,51.6,-0.7350867986679077,0.3001083876264677
COHFACE_s29_session0_lamp,50,49,51.63333333333333,-0.7846146821975708,0.42966447786622336
COHFACE_s29_session0_lamp,50,50,51.666666666666664,-0.8248686194419861,0.5545173943576147
COHFACE_s29_session0_lamp,50,51,51.7,-0.8584928512573242,0.6697057965465929
COHFACE_s29_session0_lamp,50,52,51.733333333333334,-0.8821239471435547,0.7645588953909949
COHFACE_s29_session0_lamp,50,53,51.766666666666666,-0.8981682062149048,0.8274863364187587
COHFACE_s29_session0_lamp,50,54,51.8,-0.9094645977020264,0.8524794157986454
COHFACE_s29_session0_lamp,50,55,51.833333333333336,-0.9238000512123108,0.8430682704933888
COHFACE_s29_session0_lamp,50,56,51.86666666666667,-0.9396063685417175,0.8110581569585172
COHFACE_s29_session0_lamp,50,57,51.9,-0.8994065523147583,0.7707129960482887
COHFACE_s29_session0_lamp,50,58,51.93333333333333,-0.49722954630851746,0.7318392335534633
COHFACE_s29_session0_lamp,50,59,51.96666666666667,0.3516017198562622,0.6957081920251814
COHFACE_s29_session0_lamp,50,60,52.0,1.1184217929840088,0.6557302830637536
COHFACE_s29_session0_lamp,50,61,52.03333333333333,1.4027354717254639,0.6019632305879785
COHFACE_s29_session0_lamp,50,62,52.06666666666667,1.3574903011322021,0.5268095707923822
COHFACE_s29_session0_lamp,50,63,52.1,1.281541109085083,0.42902991490428444
COHFACE_s29_session0_lamp,50,64,52.13333333333333,1.2994239330291748,0.3140814345712257
COHFACE_s29_session0_lamp,50,65,52.166666666666664,1.3564088344573975,0.1906031827294855
COHFACE_s29_session0_lamp,50,66,52.2,1.3128670454025269,0.06508668487015332
COHFACE_s29_session0_lamp,50,67,52.233333333333334,1.1275606155395508,-0.06194423421622677
COHFACE_s29_session0_lamp,50,68,52.266666666666666,0.9318877458572388,-0.19564903769099717
COHFACE_s29_session0_lamp,50,69,52.3,0.7932863831520081,-0.34242297062742527
COHFACE_s29_session0_lamp,50,70,52.333333333333336,0.6673765778541565,-0.5040836369436625
COHFACE_s29_session0_lamp,50,71,52.36666666666667,0.5168623924255371,-0.6743782248529622
COHFACE_s29_session0_lamp,50,72,52.4,0.34344708919525146,-0.8395166275255808
COHFACE_s29_session0_lamp,50,73,52.43333333333333,0.17215698957443237,-0.9817200057695677
COHFACE_s29_session0_lamp,50,74,52.46666666666667,0.011427873745560646,-1.0837345355845376
COHFACE_s29_session0_lamp,50,75,52.5,-0.13461969792842865,-1.1327519420721583
COHFACE_s29_session0_lamp,50,76,52.53333333333333,-0.24199235439300537,-1.122921301387164
COHFACE_s29_session0_lamp,50,77,52.56666666666667,-0.32177019119262695,-1.0560665377878617
COHFACE_s29_session0_lamp,50,78,52.6,-0.3963243365287781,-0.9404437073327833
COHFACE_s29_session0_lamp,50,79,52.63333333333333,-0.46277251839637756,-0.7877752131455112
COHFACE_s29_session0_lamp,50,80,52.666666666666664,-0.5185028910636902,-0.6095270798547935
COHFACE_s29_session0_lamp,50,81,52.7,-0.5757474303245544,-0.41391294068634205
COHFACE_s29_session0_lamp,50,82,52.733333333333334,-0.6388266682624817,-0.20489715712835166
COHFACE_s29_session0_lamp,50,83,52.766666666666666,-0.6870135068893433,0.01625198985966684
COHFACE_s29_session0_lamp,50,84,52.8,-0.7207459211349487,0.24716903816063596
COHFACE_s29_session0_lamp,50,85,52.833333333333336,-0.7565169930458069,0.47975103158196286
COHFACE_s29_session0_lamp,50,86,52.86666666666667,-0.784582257270813,0.6972077969422843
COHFACE_s29_session0_lamp,50,87,52.9,-0.7988744378089905,0.8755539892316697
COHFACE_s29_session0_lamp,50,88,52.93333333333333,-0.8169249296188354,0.9906162067982547
COHFACE_s29_session0_lamp,50,89,52.96666666666667,-0.8458824157714844,1.0280862267358688
COHFACE_s29_session0_lamp,50,90,53.0,-0.7973170876502991,0.9906804256459493
COHFACE_s29_session0_lamp,50,91,53.03333333333333,-0.32987073063850403,0.8970156584860904
COHFACE_s29_session0_lamp,50,92,53.06666666666667,0.5590522289276123,0.772601657481227
COHFACE_s29_session0_lamp,50,93,53.1,1.2795618772506714,0.6391265844239924
COHFACE_s29_session0_lamp,50,94,53.13333333333333,1.4778573513031006,0.5085416705158169
COHFACE_s29_session0_lamp,50,95,53.166666666666664,1.3430250883102417,0.38410694787655336
COHFACE_s29_session0_lamp,50,96,53.2,1.189152717590332,0.2656631821553189
COHFACE_s29_session0_lamp,50,97,53.233333333333334,1.135066270828247,0.15428771076321485
COHFACE_s29_session0_lamp,50,98,53.266666666666666,1.112289547920227,0.05317480852785996
COHFACE_s29_session0_lamp,50,99,53.3,0.999363362789154,-0.034907840636780915
COHFACE_s29_session0_lamp,50,100,53.333333333333336,0.8238716125488281,-0.11074173487019753
COHFACE_s29_session0_lamp,50,101,53.36666666666667,0.6924731135368347,-0.1794227749192515
COHFACE_s29_session0_lamp,50,102,53.4,0.6029454469680786,-0.24783983331998033
COHFACE_s29_session0_lamp,50,103,53.43333333333333,0.492874413728714,-0.3204626168448821
COHFACE_s29_session0_lamp,50,104,53.46666666666667,0.32647815346717834,-0.3963103131075155
COHFACE_s29_session0_lamp,50,105,53.5,0.13078369200229645,-0.46917620523233583
COHFACE_s29_session0_lamp,50,106,53.53333333333333,-0.05691296234726906,-0.5308635833116934
COHFACE_s29_session0_lamp,50,107,53.56666666666667,-0.21988622844219208,-0.5751888189688711
COHFACE_s29_session0_lamp,50,108,53.6,-0.3507871925830841,-0.6003362389561712
COHFACE_s29_session0_lamp,50,109,53.63333333333333,-0.439714640378952,-0.6084904672333354
COHFACE_s29_session0_lamp,50,110,53.666666666666664,-0.5003334879875183,-0.6032866183222952
COHFACE_s29_session0_lamp,50,111,53.7,-0.5548688173294067,-0.5865692946272285
COHFACE_s29_session0_lamp,50,112,53.733333333333334,-0.6077980399131775,-0.5559507626484389
COHFACE_s29_session0_lamp,50,113,53.766666666666666,-0.6579045653343201,-0.5041466990716585
COHFACE_s29_session0_lamp,50,114,53.8,-0.7167226672172546,-0.4205482832238265
COHFACE_s29_session0_lamp,50,115,53.833333333333336,-0.7787150144577026,-0.2948929207046934
COHFACE_s29_session0_lamp,50,116,53.86666666666667,-0.8279022574424744,-0.12207030675056325
COHFACE_s29_session0_lamp,50,117,53.9,-0.8719739317893982,0.09364550632623408
COHFACE_s29_session0_lamp,50,118,53.93333333333333,-0.904884397983551,0.33679684556686695
COHFACE_s29_session0_lamp,50,119,53.96666666666667,-0.9334688186645508,0.5824383870178064
COHFACE_s29_session0_lamp,50,120,54.0,-0.9648975729942322,0.8008936212927541
COHFACE_s29_session0_lamp,50,121,54.03333333333333,-0.9213504195213318,0.9639962900771032
COHFACE_s29_session0_lamp,50,122,54.06666666666667,-0.43403130769729614,1.0511531483280219
COHFACE_s29_session0_lamp,50,123,54.1,0.5856844782829285,1.053843554014023
COHFACE_s29_session0_lamp,50,124,54.13333333333333,1.4854226112365723,0.977163002044811
COHFACE_s29_session0_lamp,50,125,54.166666666666664,1.7910420894622803,0.8374471107091416
COHFACE_s29_session0_lamp,50,126,54.2,1.6888444423675537,0.6565444761932652
COHFACE_s29_session0_lamp,50,127,54.233333333333334,1.5575648546218872,0.45508457626133475
COHFACE_s29_session0_lamp,50,128,54.266666666666666,1.5391305685043335,0.24773920465391025
COHFACE_s29_session0_lamp,50,129,54.3,1.5619990825653076,0.042373897671335654
COHFACE_s29_session0_lamp,50,130,54.333333333333336,1.4682643413543701,-0.157338146643411
COHFACE_s29_session0_lamp,50,131,54.36666666666667,1.207500696182251,-0.3481211142837801
COHFACE_s29_session0_lamp,50,132,54.4,0.9382200241088867,-0.5244749079733909
COHFACE_s29_session0_lamp,50,133,54.43333333333333,0.7570881247520447,-0.6783308951367539
COHFACE_s29_session0_lamp,50,134,54.46666666666667,0.6173403859138489,-0.8007044953283499
COHFACE_s29_session0_lamp,50,135,54.5,0.4529665410518646,-0.8841850096054041
COHFACE_s29_session0_lamp,50,136,54.53333333333333,0.2493932843208313,-0.924901014451456
COHFACE_s29_session0_lamp,50,137,54.56666666666667,0.04262412711977959,-0.9230516415666224
COHFACE_s29_session0_lamp,50,138,54.6,-0.1438179761171341,-0.881959053337744
COHFACE_s29_session0_lamp,50,139,54.63333333333333,-0.3026382327079773,-0.8064340298158197
COHFACE_s29_session0_lamp,50,140,54.666666666666664,-0.4219507873058319,-0.701593069075616
COHFACE_s29_session0_lamp,50,141,54.7,-0.515252947807312,-0.5728330499845874
COHFACE_s29_session0_lamp,50,142,54.733333333333334,-0.6005032658576965,-0.4266532863098822
COHFACE_s29_session0_lamp,50,143,54.766666666666666,-0.6707043051719666,-0.27123307071952046
COHFACE_s29_session0_lamp,50,144,54.8,-0.7385259866714478,-0.1157973122459222
COHFACE_s29_session0_lamp,50,145,54.833333333333336,-0.807104766368866,0.03135889336442159
COHFACE_s29_session0_lamp,50,146,54.86666666666667,-0.8721686005592346,0.16538762425573253
COHFACE_s29_session0_lamp,50,147,54.9,-0.9370107650756836,0.28660074717858725
COHFACE_s29_session0_lamp,50,148,54.93333333333333,-0.9882041811943054,0.40014260976768956
COHFACE_s29_session0_lamp,50,149,54.96666666666667,-1.0318000316619873,0.5132632333012007
COHFACE_s29_session0_lamp,50,150,55.0,-1.0557447671890259,0.6311700955679478
COHFACE_s29_session0_lamp,50,151,55.03333333333333,-1.074730634689331,0.7534248885032033
COHFACE_s29_session0_lamp,50,152,55.06666666666667,-1.1032123565673828,0.8727672970950195
COHFACE_s29_session0_lamp,50,153,55.1,-1.1335487365722656,0.9770475162129776
COHFACE_s29_session0_lamp,50,154,55.13333333333333,-1.0557825565338135,1.0532563601239455
COHFACE_s29_session0_lamp,50,155,55.166666666666664,-0.4689966142177582,1.0915040031311305
COHFACE_s29_session0_lamp,50,156,55.2,0.5907946228981018,1.0869745133654778
COHFACE_s29_session0_lamp,50,157,55.233333333333334,1.3891462087631226,1.0392219736302735
COHFACE_s29_session0_lamp,50,158,55.266666666666666,1.5616638660430908,0.9498079900267968
COHFACE_s29_session0_lamp,50,159,55.3,1.4129124879837036,0.8200719068572334
COHFACE_s29_session0_lamp,50,160,55.333333333333336,1.294438123703003,0.6502867291532705
COHFACE_s29_session0_lamp,50,161,55.36666666666667,1.2903932332992554,0.4404162349299624
COHFACE_s29_session0_lamp,50,162,55.4,1.3080651760101318,0.19209247282590322
COHFACE_s29_session0_lamp,50,163,55.43333333333333,1.1915483474731445,-0.0888813175293755
COHFACE_s29_session0_lamp,50,164,55.46666666666667,0.9252796769142151,-0.39058897813003524
COHFACE_s29_session0_lamp,50,165,55.5,0.669701874256134,-0.6947624670191986
COHFACE_s29_session0_lamp,50,166,55.53333333333333,0.5010452270507812,-0.978729541980189
COHFACE_s29_session0_lamp,50,167,55.56666666666667,0.3615354001522064,-1.2191555278874213
COHFACE_s29_session0_lamp,50,168,55.6,0.20464566349983215,-1.3966422153441371
COHFACE_s29_session0_lamp,50,169,55.63333333333333,0.02116149477660656,-1.4998238847149121
COHFACE_s29_session0_lamp,50,170,55.666666666666664,-0.16695696115493774,-1.5272379278867951
COHFACE_s29_session0_lamp,50,171,55.7,-0.3258204758167267,-1.4858492446981912
COHFACE_s29_session0_lamp,50,172,55.733333333333334,-0.4608420133590698,-1.387008755985401
COHFACE_s29_session0_lamp,50,173,55.766666666666666,-0.5681281685829163,-1.242254417614805
COHFACE_s29_session0_lamp,50,174,55.8,-0.645569920539856,-1.061152052153
COHFACE_s29_session0_lamp,50,175,55.833333333333336,-0.7103363275527954,-0.851706379568248
COHFACE_s29_session0_lamp,50,176,55.86666666666667,-0.7816459536552429,-0.6221514848404754
COHFACE_s29_session0_lamp,50,177,55.9,-0.8433732986450195,-0.38226436119581264
COHFACE_s29_session0_lamp,50,178,55.93333333333333,-0.8979626893997192,-0.14304968336585105
COHFACE_s29_session0_lamp,50,179,55.96666666666667,-0.9505837559700012,0.084957461581259
COHFACE_s29_session0_lamp,50,180,56.0,-1.001560926437378,0.29353312107232243
COHFACE_s29_session0_lamp,50,181,56.03333333333333,-1.0455838441848755,0.47774191541453676
COHFACE_s29_session0_lamp,50,182,56.06666666666667,-1.0771369934082031,0.6362220114393415
COHFACE_s29_session0_lamp,50,183,56.1,-1.1030176877975464,0.7713760721574591
COHFACE_s29_session0_lamp,50,184,56.13333333333333,-1.1183805465698242,0.8889078001220606
COHFACE_s29_session0_lamp,50,185,56.166666666666664,-1.1220144033432007,0.9953603220084072
COHFACE_s29_session0_lamp,50,186,56.2,-1.129590392112732,1.0937212683357023
COHFACE_s29_session0_lamp,50,187,56.233333333333334,-1.1431201696395874,1.1795295882396637
COHFACE_s29_session0_lamp,50,188,56.266666666666666,-1.0932245254516602,1.2407875957079277
COHFACE_s29_session0_lamp,50,189,56.3,-0.6296879053115845,1.2630215759841739
COHFACE_s29_session0_lamp,50,190,56.333333333333336,0.3243475556373596,1.2369545689396408
COHFACE_s29_session0_lamp,50,191,56.36666666666667,1.1420961618423462,1.1638213274474645
COHFACE_s29_session0_lamp,50,192,56.4,1.3888055086135864,1.0548482809114381
COHFACE_s29_session0_lamp,50,193,56.43333333333333,1.2825089693069458,0.9254022948844096
COHFACE_s29_session0_lamp,50,194,56.46666666666667,1.1844806671142578,0.7876109366147165
COHFACE_s29_session0_lamp,50,195,56.5,1.1931272745132446,0.645804357248185
COHFACE_s29_session0_lamp,50,196,56.53333333333333,1.2276924848556519,0.496811177872414
COHFACE_s29_session0_lamp,50,197,56.56666666666667,1.154679536819458,0.333919525488763
COHFACE_s29_session0_lamp,50,198,56.6,0.9369059801101685,0.15151026874829687
COHFACE_s29_session0_lamp,50,199,56.63333333333333,0.712654173374176,-0.052141490126638886
COHFACE_s29_session0_lamp,50,200,56.666666666666664,0.5601716041564941,-0.2743617549717206
COHFACE_s29_session0_lamp,50,201,56.7,0.4349755644798279,-0.508674739859858
COHFACE_s29_session0_lamp,50,202,56.733333333333334,0.29082605242729187,-0.7453798684747244
COHFACE_s29_session0_lamp,50,203,56.766666666666666,0.1192006915807724,-0.9720827130461506
COHFACE_s29_session0_lamp,50,204,56.8,-0.05418754741549492,-1.174812142192211
COHFACE_s29_session0_lamp,50,205,56.833333333333336,-0.20570217072963715,-1.339969134205356
COHFACE_s29_session0_lamp,50,206,56.86666666666667,-0.33579742908477783,-1.456363561020624
COHFACE_s29_session0_lamp,50,207,56.9,-0.43770843744277954,-1.516247175685163
COHFACE_s29_session0_lamp,50,208,56.93333333333333,-0.5132088661193848,-1.5151971663023067
COHFACE_s29_session0_lamp,50,209,56.96666666666667,-0.5768613815307617,-1.4518598434969647
COHFACE_s29_session0_lamp,50,210,57.0,-0.6345222592353821,-1.3285565374264858
COHFACE_s29_session0_lamp,50,211,57.03333333333333,-0.6902093887329102,-1.1525061373202197
COHFACE_s29_session0_lamp,50,212,57.06666666666667,-0.7396129369735718,-0.9360190852385714
COHFACE_s29_session0_lamp,50,213,57.1,-0.7892868518829346,-0.6941053654516784
COHFACE_s29_session0_lamp,50,214,57.13333333333333,-0.8392960429191589,-0.4400424333548575
COHFACE_s29_session0_lamp,50,215,57.166666666666664,-0.8759971857070923,-0.18175169148477216
COHFACE_s29_session0_lamp,50,216,57.2,-0.9085074663162231,0.07793691320337262
COHFACE_s29_session0_lamp,50,217,57.233333333333334,-0.9354966282844543,0.33650540871744117
COHFACE_s29_session0_lamp,50,218,57.266666666666666,-0.9471445083618164,0.5855311086745606
COHFACE_s29_session0_lamp,50,219,57.3,-0.9491128921508789,0.8079977980863309
COHFACE_s29_session0_lamp,50,220,57.333333333333336,-0.949296772480011,0.9821014478194448
COHFACE_s29_session0_lamp,50,221,57.36666666666667,-0.9623127579689026,1.089871443617408
COHFACE_s29_session0_lamp,50,222,57.4,-0.9632591009140015,1.1250127716768314
COHFACE_s29_session0_lamp,50,223,57.43333333333333,-0.7002728581428528,1.0946886901230155
COHFACE_s29_session0_lamp,50,224,57.46666666666667,0.1031726598739624,1.0148804405503822
COHFACE_s29_session0_lamp,50,225,57.5,1.0234378576278687,0.9036748744702865
COHFACE_s29_session0_lamp,50,226,57.53333333333333,1.4739044904708862,0.7768599866732128
COHFACE_s29_session0_lamp,50,227,57.56666666666667,1.4493162631988525,0.6467427704224993
COHFACE_s29_session0_lamp,50,228,57.6,1.3022087812423706,0.5220513245638615
COHFACE_s29_session0_lamp,50,229,57.63333333333333,1.2545627355575562,0.4067530048998538
COHFACE_s29_session0_lamp,50,230,57.666666666666664,1.2844611406326294,0.2984138167584316
COHFACE_s29_session0_lamp,50,231,57.7,1.2537840604782104,0.18899313904597997
COHFACE_s29_session0_lamp,50,232,57.733333333333334,1.0803146362304688,0.0698157486845518
COHFACE_s29_session0_lamp,50,233,57.766666666666666,0.8775525093078613,-0.06113660446814166
COHFACE_s29_session0_lamp,50,234,57.8,0.7437422871589661,-0.19434433550805563
COHFACE_s29_session0_lamp,50,235,57.833333333333336,0.6334711313247681,-0.3103552959076833
COHFACE_s29_session0_lamp,50,236,57.86666666666667,0.4940802752971649,-0.3876350647842924
COHFACE_s29_session0_lamp,50,237,57.9,0.32582923769950867,-0.4122375306417312
COHFACE_s29_session0_lamp,50,238,57.93333333333333,0.14931543171405792,-0.3843309972630783
COHFACE_s29_session0_lamp,50,239,57.96666666666667,-0.00788795668631792,-0.3188678684912817
COHFACE_s29_session0_lamp,51,0,51.0,1.3504875898361206,-0.02839093214235318
COHFACE_s29_session0_lamp,51,1,51.03333333333333,1.2298825979232788,0.17382942888205496
COHFACE_s29_session0_lamp,51,2,51.06666666666667,1.022632122039795,0.3118511544531982
COHFACE_s29_session0_lamp,51,3,51.1,0.8444852232933044,0.34887280123820585
COHFACE_s29_session0_lamp,51,4,51.13333333333333,0.7235720157623291,0.2888043736873635
COHFACE_s29_session0_lamp,51,5,51.166666666666664,0.5988357067108154,0.17388711253338468
COHFACE_s29_session0_lamp,51,6,51.2,0.44274625182151794,0.06496979988020966
COHFACE_s29_session0_lamp,51,7,51.233333333333334,0.2740788161754608,0.013655682374577949
COHFACE_s29_session0_lamp,51,8,51.266666666666666,0.11163009703159332,0.040034884097766
COHFACE_s29_session0_lamp,51,9,51.3,-0.029756158590316772,0.12710079898328613
COHFACE_s29_session0_lamp,51,10,51.333333333333336,-0.15589848160743713,0.23436260721441127
COHFACE_s29_session0_lamp,51,11,51.36666666666667,-0.2619246542453766,0.3222096656849143
COHFACE_s29_session0_lamp,51,12,51.4,-0.3476075530052185,0.37122927390293886
COHFACE_s29_session0_lamp,51,13,51.43333333333333,-0.42240503430366516,0.38419030329662857
COHFACE_s29_session0_lamp,51,14,51.46666666666667,-0.4927196204662323,0.3727564219633321
COHFACE_s29_session0_lamp,51,15,51.5,-0.5564099550247192,0.34296375210482827
COHFACE_s29_session0_lamp,51,16,51.53333333333333,-0.6178452968597412,0.2915493928870399
COHFACE_s29_session0_lamp,51,17,51.56666666666667,-0.6781342625617981,0.21372967139947893
COHFACE_s29_session0_lamp,51,18,51.6,-0.7350867986679077,0.11343863610770592
COHFACE_s29_session0_lamp,51,19,51.63333333333333,-0.7846146821975708,0.006278292523507358
COHFACE_s29_session0_lamp,51,20,51.666666666666664,-0.8248686194419861,-0.08696017900868562
COHFACE_s29_session0_lamp,51,21,51.7,-0.8584928512573242,-0.15014108273061835
COHFACE_s29_session0_lamp,51,22,51.733333333333334,-0.8821239471435547,-0.17745748498346856
COHFACE_s29_session0_lamp,51,23,51.766666666666666,-0.8981682062149048,-0.17208672154472818
COHFACE_s29_session0_lamp,51,24,51.8,-0.9094645977020264,-0.14075450855051225
COHFACE_s29_session0_lamp,51,25,51.833333333333336,-0.9238000512123108,-0.089484886286584
COHFACE_s29_session0_lamp,51,26,51.86666666666667,-0.9396063685417175,-0.023365290153450114
COHFACE_s29_session0_lamp,51,27,51.9,-0.8994065523147583,0.05108523061935803
COHFACE_s29_session0_lamp,51,28,51.93333333333333,-0.49722954630851746,0.1244480783172333
COHFACE_s29_session0_lamp,51,29,51.96666666666667,0.3516017198562622,0.1861454288194243
COHFACE_s29_session0_lamp,51,30,52.0,1.1184217929840088,0.22861103929896434
COHFACE_s29_session0_lamp,51,31,52.03333333333333,1.4027354717254639,0.25080667894129766
COHFACE_s29_session0_lamp,51,32,52.06666666666667,1.3574903011322021,0.2583493195595655
COHFACE_s29_session0_lamp,51,33,52.1,1.281541109085083,0.25988142044201945
COHFACE_s29_session0_lamp,51,34,52.13333333333333,1.2994239330291748,0.26175398127664545
COHFACE_s29_session0_lamp,51,35,52.166666666666664,1.3564088344573975,0.26402913234380465
COHFACE_s29_session0_lamp,51,36,52.2,1.3128670454025269,0.2597887055893428
COHFACE_s29_session0_lamp,51,37,52.233333333333334,1.1275606155395508,0.237724310472574
COHFACE_s29_session0_lamp,51,38,52.266666666666666,0.9318877458572388,0.18640040301233182
COHFACE_s29_session0_lamp,51,39,52.3,0.7932863831520081,0.09819200686507379
COHFACE_s29_session0_lamp,51,40,52.333333333333336,0.6673765778541565,-0.028356972801588404
COHFACE_s29_session0_lamp,51,41,52.36666666666667,0.5168623924255371,-0.18788727845442119
COHFACE_s29_session0_lamp,51,42,52.4,0.34344708919525146,-0.3687827704575505
COHFACE_s29_session0_lamp,51,43,52.43333333333333,0.17215698957443237,-0.5546291592156973
COHFACE_s29_session0_lamp,51,44,52.46666666666667,0.011427873745560646,-0.7268717915532678
COHFACE_s29_session0_lamp,51,45,52.5,-0.13461969792842865,-0.8687720544921436
COHFACE_s29_session0_lamp,51,46,52.53333333333333,-0.24199235439300537,-0.9693712453769712
COHFACE_s29_session0_lamp,51,47,52.56666666666667,-0.32177019119262695,-1.0252452899884794
COHFACE_s29_session0_lamp,51,48,52.6,-0.3963243365287781,-1.038859333078592
COHFACE_s29_session0_lamp,51,49,52.63333333333333,-0.46277251839637756,-1.0144428039365638
COHFACE_s29_session0_lamp,51,50,52.666666666666664,-0.5185028910636902,-0.9537270024470048
COHFACE_s29_session0_lamp,51,51,52.7,-0.5757474303245544,-0.8537372297468945
COHFACE_s29_session0_lamp,51,52,52.733333333333334,-0.6388266682624817,-0.707432229078768
COHFACE_s29_session0_lamp,51,53,52.766666666666666,-0.6870135068893433,-0.5067044387066167
COHFACE_s29_session0_lamp,51,54,52.8,-0.7207459211349487,-0.24701718818401097
COHFACE_s29_session0_lamp,51,55,52.833333333333336,-0.7565169930458069,0.0670319592578883
COHFACE_s29_session0_lamp,51,56,52.86666666666667,-0.784582257270813,0.41674312201505004
COHFACE_s29_session0_lamp,51,57,52.9,-0.7988744378089905,0.7679027831690672
COHFACE_s29_session0_lamp,51,58,52.93333333333333,-0.8169249296188354,1.0762931420860304
COHFACE_s29_session0_lamp,51,59,52.96666666666667,-0.8458824157714844,1.3002293919198074
COHFACE_s29_session0_lamp,51,60,53.0,-0.7973170876502991,1.4140412225820163
COHFACE_s29_session0_lamp,51,61,53.03333333333333,-0.32987073063850403,1.4142779494771514
COHFACE_s29_session0_lamp,51,62,53.06666666666667,0.5590522289276123,1.3163938731184093
COHFACE_s29_session0_lamp,51,63,53.1,1.2795618772506714,1.1468071169560632
COHFACE_s29_session0_lamp,51,64,53.13333333333333,1.4778573513031006,0.9357865909114139
COHFACE_s29_session0_lamp,51,65,53.166666666666664,1.3430250883102417,0.7126108315111368
COHFACE_s29_session0_lamp,51,66,53.2,1.189152717590332,0.5016127742940862
COHFACE_s29_session0_lamp,51,67,53.233333333333334,1.135066270828247,0.3181009742447203
COHFACE_s29_session0_lamp,51,68,53.266666666666666,1.112289547920227,0.16540029191950484
COHFACE_s29_session0_lamp,51,69,53.3,0.999363362789154,0.03551571813245747
COHFACE_s29_session0_lamp,51,70,53.333333333333336,0.8238716125488281,-0.08560893045333892
COHFACE_s29_session0_lamp,51,71,53.36666666666667,0.6924731135368347,-0.21017605436407324
COHFACE_s29_session0_lamp,51,72,53.4,0.6029454469680786,-0.3416829267561636
COHFACE_s29_session0_lamp,51,73,53.43333333333333,0.492874413728714,-0.4724602337368415
COHFACE_s29_session0_lamp,51,74,53.46666666666667,0.32647815346717834,-0.5867176790855109
COHFACE_s29_session0_lamp,51,75,53.5,0.13078369200229645,-0.6673942719670085
COHFACE_s29_session0_lamp,51,76,53.53333333333333,-0.05691296234726906,-0.7032007156791391
COHFACE_s29_session0_lamp,51,77,53.56666666666667,-0.21988622844219208,-0.6924457910959487
COHFACE_s29_session0_lamp,51,78,53.6,-0.3507871925830841,-0.6424954608125205
COHFACE_s29_session0_lamp,51,79,53.63333333333333,-0.439714640378952,-0.5661767665389694
COHFACE_s29_session0_lamp,51,80,53.666666666666664,-0.5003334879875183,-0.47734576894396447
COHFACE_s29_session0_lamp,51,81,53.7,-0.5548688173294067,-0.38730581176185574
COHFACE_s29_session0_lamp,51,82,53.733333333333334,-0.6077980399131775,-0.3028245860529027
COHFACE_s29_session0_lamp,51,83,53.766666666666666,-0.6579045653343201,-0.22582218289375772
COHFACE_s29_session0_lamp,51,84,53.8,-0.7167226672172546,-0.15451753286959521
COHFACE_s29_session0_lamp,51,85,53.833333333333336,-0.7787150144577026,-0.08561486555748965
COHFACE_s29_session0_lamp,51,86,53.86666666666667,-0.8279022574424744,-0.016723395771293722
COHFACE_s29_session0_lamp,51,87,53.9,-0.8719739317893982,0.052121027241195717
COHFACE_s29_session0_lamp,51,88,53.93333333333333,-0.904884397983551,0.11875328106169285
COHFACE_s29_session0_lamp,51,89,53.96666666666667,-0.9334688186645508,0.18088960330140816
COHFACE_s29_session0_lamp,51,90,54.0,-0.9648975729942322,0.23833416815202935
COHFACE_s29_session0_lamp,51,91,54.03333333333333,-0.9213504195213318,0.29344703209034373
COHFACE_s29_session0_lamp,51,92,54.06666666666667,-0.43403130769729614,0.3492591035293132
COHFACE_s29_session0_lamp,51,93,54.1,0.5856844782829285,0.4064288480638589
COHFACE_s29_session0_lamp,51,94,54.13333333333333,1.4854226112365723,0.4609342110048634
COHFACE_s29_session0_lamp,51,95,54.166666666666664,1.7910420894622803,0.5038062900626956
COHFACE_s29_session0_lamp,51,96,54.2,1.6888444423675537,0.523048919879883
COHFACE_s29_session0_lamp,51,97,54.233333333333334,1.5575648546218872,0.5068802463074511
COHFACE_s29_session0_lamp,51,98,54.266666666666666,1.5391305685043335,0.44702996819245855
COHFACE_s29_session0_lamp,51,99,54.3,1.5619990825653076,0.34103673351882086
COHFACE_s29_session0_lamp,51,100,54.333333333333336,1.4682643413543701,0.19304326747023876
COHFACE_s29_session0_lamp,51,101,54.36666666666667,1.207500696182251,0.013176329004940746
COHFACE_s29_session0_lamp,51,102,54.4,0.9382200241088867,-0.18402863859591256
COHFACE_s29_session0_lamp,51,103,54.43333333333333,0.7570881247520447,-0.38168960534145807
COHFACE_s29_session0_lamp,51,104,54.46666666666667,0.6173403859138489,-0.5629084495432031
COHFACE_s29_session0_lamp,51,105,54.5,0.4529665410518646,-0.7132505154297295
COHFACE_s29_session0_lamp,51,106,54.53333333333333,0.2493932843208313,-0.822942259314411
COHFACE_s29_session0_lamp,51,107,54.56666666666667,0.04262412711977959,-0.8879147047192653
COHFACE_s29_session0_lamp,51,108,54.6,-0.1438179761171341,-0.9088508673049257
COHFACE_s29_session0_lamp,51,109,54.63333333333333,-0.3026382327079773,-0.8884402085314634
COHFACE_s29_session0_lamp,51,110,54.666666666666664,-0.4219507873058319,-0.828696596490522
COHFACE_s29_session0_lamp,51,111,54.7,-0.515252947807312,-0.7306079987199569
COHFACE_s29_session0_lamp,51,112,54.733333333333334,-0.6005032658576965,-0.5964869517681712
COHFACE_s29_session0_lamp,51,113,54.766666666666666,-0.6707043051719666,-0.4328401183069562
COHFACE_s29_session0_lamp,51,114,54.8,-0.7385259866714478,-0.25074592055216705
COHFACE_s29_session0_lamp,51,115,54.833333333333336,-0.807104766368866,-0.06238361368864585
COHFACE_s29_session0_lamp,51,116,54.86666666666667,-0.8721686005592346,0.1245345457480786
COHFACE_s29_session0_lamp,51,117,54.9,-0.9370107650756836,0.3104366512294336
COHFACE_s29_session0_lamp,51,118,54.93333333333333,-0.9882041811943054,0.5022315199008586
COHFACE_s29_session0_lamp,51,119,54.96666666666667,-1.0318000316619873,0.706171250746265
COHFACE_s29_session0_lamp,51,120,55.0,-1.0557447671890259,0.9191949469932811
COHFACE_s29_session0_lamp,51,121,55.03333333333333,-1.074730634689331,1.1246124698841715
COHFACE_s29_session0_lamp,51,122,55.06666666666667,-1.1032123565673828,1.295807633388632
COHFACE_s29_session0_lamp,51,123,55.1,-1.1335487365722656,1.4065087829603165
COHFACE_s29_session0_lamp,51,124,55.13333333333333,-1.0557825565338135,1.4414227947482547
COHFACE_s29_session0_lamp,51,125,55.166666666666664,-0.4689966142177582,1.400545697428907
COHFACE_s29_session0_lamp,51,126,55.2,0.5907946228981018,1.2952615430997403
COHFACE_s29_session0_lamp,51,127,55.233333333333334,1.3891462087631226,1.1401770840599061
COHFACE_s29_session0_lamp,51,128,55.266666666666666,1.5616638660430908,0.9466255531544787
COHFACE_s29_session0_lamp,51,129,55.3,1.4129124879837036,0.7212142166806749
COHFACE_s29_session0_lamp,51,130,55.333333333333336,1.294438123703003,0.4683503373720147
COHFACE_s29_session0_lamp,51,131,55.36666666666667,1.2903932332992554,0.19325800927104728
COHFACE_s29_session0_lamp,51,132,55.4,1.3080651760101318,-0.09660751702443827
COHFACE_s29_session0_lamp,51,133,55.43333333333333,1.1915483474731445,-0.3913687774453695
COHFACE_s29_session0_lamp,51,134,55.46666666666667,0.9252796769142151,-0.6789359102402699
COHFACE_s29_session0_lamp,51,135,55.5,0.669701874256134,-0.9456174241147178
COHFACE_s29_session0_lamp,51,136,55.53333333333333,0.5010452270507812,-1.1772996591531162
COHFACE_s29_session0_lamp,51,137,55.56666666666667,0.3615354001522064,-1.3609927126280508
COHFACE_s29_session0_lamp,51,138,55.6,0.20464566349983215,-1.4864360496473439
COHFACE_s29_session0_lamp,51,139,55.63333333333333,0.02116149477660656,-1.5474474354371688
COHFACE_s29_session0_lamp,51,140,55.666666666666664,-0.16695696115493774,-1.5425071889445947
COHFACE_s29_session0_lamp,51,141,55.7,-0.3258204758167267,-1.474224484411286
COHFACE_s29_session0_lamp,51,142,55.733333333333334,-0.4608420133590698,-1.3481618269254758
COHFACE_s29_session0_lamp,51,143,55.766666666666666,-0.5681281685829163,-1.172188201529591
COHFACE_s29_session0_lamp,51,144,55.8,-0.645569920539856,-0.9571605999277667
COHFACE_s29_session0_lamp,51,145,55.833333333333336,-0.7103363275527954,-0.7183444579748577
COHFACE_s29_session0_lamp,51,146,55.86666666666667,-0.7816459536552429,-0.4755639870031683
COHFACE_s29_session0_lamp,51,147,55.9,-0.8433732986450195,-0.25012665404155443
COHFACE_s29_session0_lamp,51,148,55.93333333333333,-0.8979626893997192,-0.05869863707549475
COHFACE_s29_session0_lamp,51,149,55.96666666666667,-0.9505837559700012,0.09286722817936273
COHFACE_s29_session0_lamp,51,150,56.0,-1.001560926437378,0.2115272012690991
COHFACE_s29_session0_lamp,51,151,56.03333333333333,-1.0455838441848755,0.31272659236810896
COHFACE_s29_session0_lamp,51,152,56.06666666666667,-1.0771369934082031,0.4122193319917293
COHFACE_s29_session0_lamp,51,153,56.1,-1.1030176877975464,0.5193472749727606
COHFACE_s29_session0_lamp,51,154,56.13333333333333,-1.1183805465698242,0.6352022700411696
COHFACE_s29_session0_lamp,51,155,56.166666666666664,-1.1220144033432007,0.7548156474258743
COHFACE_s29_session0_lamp,51,156,56.2,-1.129590392112732,0.8700412796007454
COHFACE_s29_session0_lamp,51,157,56.233333333333334,-1.1431201696395874,0.9707972042368838
COHFACE_s29_session0_lamp,51,158,56.266666666666666,-1.0932245254516602,1.0454841433545088
COHFACE_s29_session0_lamp,51,159,56.3,-0.6296879053115845,1.0831050174420167
COHFACE_s29_session0_lamp,51,160,56.333333333333336,0.3243475556373596,1.07767554931027
COHFACE_s29_session0_lamp,51,161,56.36666666666667,1.1420961618423462,1.032254091174723
COHFACE_s29_session0_lamp,51,162,56.4,1.3888055086135864,0.9589345327860702
COHFACE_s29_session0_lamp,51,163,56.43333333333333,1.2825089693069458,0.8735817791069749
COHFACE_s29_session0_lamp,51,164,56.46666666666667,1.1844806671142578,0.7882449460297912
COHFACE_s29_session0_lamp,51,165,56.5,1.1931272745132446,0.7062761055608534
COHFACE_s29_session0_lamp,51,166,56.53333333333333,1.2276924848556519,0.6229371062228249
COHFACE_s29_session0_lamp,51,167,56.56666666666667,1.154679536819458,0.5299447459571821
COHFACE_s29_session0_lamp,51,168,56.6,0.9369059801101685,0.419842855938003
COHFACE_s29_session0_lamp,51,169,56.63333333333333,0.712654173374176,0.2872194978921636
COHFACE_s29_session0_lamp,51,170,56.666666666666664,0.5601716041564941,0.12755546073502377
COHFACE_s29_session0_lamp,51,171,56.7,0.4349755644798279,-0.06298995699764921
COHFACE_s29_session0_lamp,51,172,56.733333333333334,0.29082605242729187,-0.28498881496449086
COHFACE_s29_session0_lamp,51,173,56.766666666666666,0.1192006915807724,-0.5318975942541593
COHFACE_s29_session0_lamp,51,174,56.8,-0.05418754741549492,-0.7882913104512839
COHFACE_s29_session0_lamp,51,175,56.833333333333336,-0.20570217072963715,-1.0321880909781935
COHFACE_s29_session0_lamp,51,176,56.86666666666667,-0.33579742908477783,-1.2401924298265732
COHFACE_s29_session0_lamp,51,177,56.9,-0.43770843744277954,-1.3922588760568648
COHFACE_s29_session0_lamp,51,178,56.93333333333333,-0.5132088661193848,-1.4742811718935407
COHFACE_s29_session0_lamp,51,179,56.96666666666667,-0.5768613815307617,-1.4791738593707107
COHFACE_s29_session0_lamp,51,180,57.0,-0.6345222592353821,-1.4076415372130273
COHFACE_s29_session0_lamp,51,181,57.03333333333333,-0.6902093887329102,-1.2684998459396981
COHFACE_s29_session0_lamp,51,182,57.06666666666667,-0.7396129369735718,-1.0771041568826132
COHFACE_s29_session0_lamp,51,183,57.1,-0.7892868518829346,-0.8508254772810765
COHFACE_s29_session0_lamp,51,184,57.13333333333333,-0.8392960429191589,-0.6028534599157633
COHFACE_s29_session0_lamp,51,185,57.166666666666664,-0.8759971857070923,-0.3381388758170087
COHFACE_s29_session0_lamp,51,186,57.2,-0.9085074663162231,-0.05553431471152798
COHFACE_s29_session0_lamp,51,187,57.233333333333334,-0.9354966282844543,0.24335816739839788
COHFACE_s29_session0_lamp,51,188,57.266666666666666,-0.9471445083618164,0.5440058555019163
COHFACE_s29_session0_lamp,51,189,57.3,-0.9491128921508789,0.8157394451942881
COHFACE_s29_session0_lamp,51,190,57.333333333333336,-0.949296772480011,1.0200020143604474
COHFACE_s29_session0_lamp,51,191,57.36666666666667,-0.9623127579689026,1.1264109431500704
COHFACE_s29_session0_lamp,51,192,57.4,-0.9632591009140015,1.1266452699318585
COHFACE_s29_session0_lamp,51,193,57.43333333333333,-0.7002728581428528,1.037127819670503
COHFACE_s29_session0_lamp,51,194,57.46666666666667,0.1031726598739624,0.8899526547027173
COHFACE_s29_session0_lamp,51,195,57.5,1.0234378576278687,0.7196824807613884
COHFACE_s29_session0_lamp,51,196,57.53333333333333,1.4739044904708862,0.5541935412364131
COHFACE_s29_session0_lamp,51,197,57.56666666666667,1.4493162631988525,0.4122060653593439
COHFACE_s29_session0_lamp,51,198,57.6,1.3022087812423706,0.30449522258544826
COHFACE_s29_session0_lamp,51,199,57.63333333333333,1.2545627355575562,0.2343979869056167
COHFACE_s29_session0_lamp,51,200,57.666666666666664,1.2844611406326294,0.19655788809084285
COHFACE_s29_session0_lamp,51,201,57.7,1.2537840604782104,0.17672630469800704
COHFACE_s29_session0_lamp,51,202,57.733333333333334,1.0803146362304688,0.15559648266579051
COHFACE_s29_session0_lamp,51,203,57.766666666666666,0.8775525093078613,0.1161866933239882
COHFACE_s29_session0_lamp,51,204,57.8,0.7437422871589661,0.05048364121069772
COHFACE_s29_session0_lamp,51,205,57.833333333333336,0.6334711313247681,-0.0391480724641214
COHFACE_s29_session0_lamp,51,206,57.86666666666667,0.4940802752971649,-0.1439630572315384
COHFACE_s29_session0_lamp,51,207,57.9,0.32582923769950867,-0.25413828183065695
COHFACE_s29_session0_lamp,51,208,57.93333333333333,0.14931543171405792,-0.3614669180657542
COHFACE_s29_session0_lamp,51,209,57.96666666666667,-0.00788795668631792,-0.45883225239312336
COHFACE_s29_session0_lamp,51,210,58.0,-0.13794535398483276,-0.5385468111554274
COHFACE_s29_session0_lamp,51,211,58.03333333333333,-0.24502059817314148,-0.591897159125275
COHFACE_s29_session0_lamp,51,212,58.06666666666667,-0.3261016607284546,-0.6104687353044362
COHFACE_s29_session0_lamp,51,213,58.1,-0.390646368265152,-0.5881279972161562
COHFACE_s29_session0_lamp,51,214,58.13333333333333,-0.45057305693626404,-0.5225304248640598
COHFACE_s29_session0_lamp,51,215,58.166666666666664,-0.507201075553894,-0.41595335851985593
COHFACE_s29_session0_lamp,51,216,58.2,-0.5644077658653259,-0.2757074198540838
COHFACE_s29_session0_lamp,51,217,58.233333333333334,-0.6201002597808838,-0.11423248172953336
COHFACE_s29_session0_lamp,51,218,58.266666666666666,-0.6748411059379578,0.05130814143768506
COHFACE_s29_session0_lamp,51,219,58.3,-0.7231955528259277,0.20046538645306652
COHFACE_s29_session0_lamp,51,220,58.333333333333336,-0.7588962912559509,0.3127212136076716
COHFACE_s29_session0_lamp,51,221,58.36666666666667,-0.7888433933258057,0.3726488851733394
COHFACE_s29_session0_lamp,51,222,58.4,-0.8151295781135559,0.37559132431830045
COHFACE_s29_session0_lamp,51,223,58.43333333333333,-0.8411291837692261,0.33089294838640954
COHFACE_s29_session0_lamp,51,224,58.46666666666667,-0.8444980978965759,0.2597479414578249
COHFACE_s29_session0_lamp,51,225,58.5,-0.5273712873458862,0.1872344842124075
COHFACE_s29_session0_lamp,51,226,58.53333333333333,0.3559439778327942,0.13212728918311759
COHFACE_s29_session0_lamp,51,227,58.56666666666667,1.2805569171905518,0.10023649216375632
COHFACE_s29_session0_lamp,51,228,58.6,1.675704002380371,0.08489691262829717
COHFACE_s29_session0_lamp,51,229,58.63333333333333,1.6057517528533936,0.07347261661577784
COHFACE_s29_session0_lamp,51,230,58.666666666666664,1.4243007898330688,0.05501885657960283
COHFACE_s29_session0_lamp,51,231,58.7,1.3543647527694702,0.024438116695824144
COHFACE_s29_session0_lamp,51,232,58.733333333333334,1.3672293424606323,-0.017589867963051693
COHFACE_s29_session0_lamp,51,233,58.766666666666666,1.2981206178665161,-0.06622102813415043
COHFACE_s29_session0_lamp,51,234,58.8,1.0824397802352905,-0.11349245561301162
COHFACE_s29_session0_lamp,51,235,58.833333333333336,0.8566414713859558,-0.14925097766484036
COHFACE_s29_session0_lamp,51,236,58.86666666666667,0.704645574092865,-0.16340537869620347
COHFACE_s29_session0_lamp,51,237,58.9,0.5763726234436035,-0.14970361093958823
COHFACE_s29_session0_lamp,51,238,58.93333333333333,0.42378732562065125,-0.10927122650161845
COHFACE_s29_session0_lamp,51,239,58.96666666666667,0.23354369401931763,-0.05147269008190432
COHFACE_s29_session0_lamp,52,0,52.0,1.1184217929840088,0.1379252891301238
COHFACE_s29_session0_lamp,52,1,52.03333333333333,1.4027354717254639,0.6981155052071782
COHFACE_s29_session0_lamp,52,2,52.06666666666667,1.3574903011322021,1.2242106024863593
COHFACE_s29_session0_lamp,52,3,52.1,1.281541109085083,1.6895430427331286
COHFACE_s29_session0_lamp,52,4,52.13333333333333,1.2994239330291748,2.0736647474524386
COHFACE_s29_session0_lamp,52,5,52.166666666666664,1.3564088344573975,2.3618168303652967
COHFACE_s29_session0_lamp,52,6,52.2,1.3128670454025269,2.541098771636161
COHFACE_s29_session0_lamp,52,7,52.233333333333334,1.1275606155395508,2.596469935663872
COHFACE_s29_session0_lamp,52,8,52.266666666666666,0.9318877458572388,2.5101018871252325
COHFACE_s29_session0_lamp,52,9,52.3,0.7932863831520081,2.265724110672594
COHFACE_s29_session0_lamp,52,10,52.333333333333336,0.6673765778541565,1.8575708157079371
COHFACE_s29_session0_lamp,52,11,52.36666666666667,0.5168623924255371,1.300867788104626
COHFACE_s29_session0_lamp,52,12,52.4,0.34344708919525146,0.6377613353069589
COHFACE_s29_session0_lamp,52,13,52.43333333333333,0.17215698957443237,-0.0668204627979631
COHFACE_s29_session0_lamp,52,14,52.46666666666667,0.011427873745560646,-0.7388074223785168
COHFACE_s29_session0_lamp,52,15,52.5,-0.13461969792842865,-1.3113930270601704
COHFACE_s29_session0_lamp,52,16,52.53333333333333,-0.24199235439300537,-1.736922141572894
COHFACE_s29_session0_lamp,52,17,52.56666666666667,-0.32177019119262695,-1.9909618750699636
COHFACE_s29_session0_lamp,52,18,52.6,-0.3963243365287781,-2.0696320819395084
COHFACE_s29_session0_lamp,52,19,52.63333333333333,-0.46277251839637756,-1.9836850714516292
COHFACE_s29_session0_lamp,52,20,52.666666666666664,-0.5185028910636902,-1.752851883634692
COHFACE_s29_session0_lamp,52,21,52.7,-0.5757474303245544,-1.4024397725507378
COHFACE_s29_session0_lamp,52,22,52.733333333333334,-0.6388266682624817,-0.9623896294614196
COHFACE_s29_session0_lamp,52,23,52.766666666666666,-0.6870135068893433,-0.4679528998349261
COHFACE_s29_session0_lamp,52,24,52.8,-0.7207459211349487,0.03907249350345479
COHFACE_s29_session0_lamp,52,25,52.833333333333336,-0.7565169930458069,0.5098972248005001
COHFACE_s29_session0_lamp,52,26,52.86666666666667,-0.784582257270813,0.8912317075726572
COHFACE_s29_session0_lamp,52,27,52.9,-0.7988744378089905,1.1329105675270803
COHFACE_s29_session0_lamp,52,28,52.93333333333333,-0.8169249296188354,1.2007027586976071
COHFACE_s29_session0_lamp,52,29,52.96666666666667,-0.8458824157714844,1.0900299337093566
COHFACE_s29_session0_lamp,52,30,53.0,-0.7973170876502991,0.8324147322743938
COHFACE_s29_session0_lamp,52,31,53.03333333333333,-0.32987073063850403,0.4882017414753854
COHFACE_s29_session0_lamp,52,32,53.06666666666667,0.5590522289276123,0.12773325636951038
COHFACE_s29_session0_lamp,52,33,53.1,1.2795618772506714,-0.18890915569803932
COHFACE_s29_session0_lamp,52,34,53.13333333333333,1.4778573513031006,-0.423765813710212
COHFACE_s29_session0_lamp,52,35,53.166666666666664,1.3430250883102417,-0.5614151567528486
COHFACE_s29_session0_lamp,52,36,53.2,1.189152717590332,-0.6019483358520388
COHFACE_s29_session0_lamp,52,37,53.233333333333334,1.135066270828247,-0.5534078250270537
COHFACE_s29_session0_lamp,52,38,53.266666666666666,1.112289547920227,-0.4283853927085427
COHFACE_s29_session0_lamp,52,39,53.3,0.999363362789154,-0.24488287014783355
COHFACE_s29_session0_lamp,52,40,53.333333333333336,0.8238716125488281,-0.028218390517417175
COHFACE_s29_session0_lamp,52,41,53.36666666666667,0.6924731135368347,0.18970990097946389
COHFACE_s29_session0_lamp,52,42,53.4,0.6029454469680786,0.3754395919323059
COHFACE_s29_session0_lamp,52,43,53.43333333333333,0.492874413728714,0.501668588935847
COHFACE_s29_session0_lamp,52,44,53.46666666666667,0.32647815346717834,0.5537134429271986
COHFACE_s29_session0_lamp,52,45,53.5,0.13078369200229645,0.5310459973167924
COHFACE_s29_session0_lamp,52,46,53.53333333333333,-0.05691296234726906,0.4434522900946205
COHFACE_s29_session0_lamp,52,47,53.56666666666667,-0.21988622844219208,0.3047353653126473
COHFACE_s29_session0_lamp,52,48,53.6,-0.3507871925830841,0.12772841245586566
COHFACE_s29_session0_lamp,52,49,53.63333333333333,-0.439714640378952,-0.0771936454398239
COHFACE_s29_session0_lamp,52,50,53.666666666666664,-0.5003334879875183,-0.3002251554549
COHFACE_s29_session0_lamp,52,51,53.7,-0.5548688173294067,-0.528560667052628
COHFACE_s29_session0_lamp,52,52,53.733333333333334,-0.6077980399131775,-0.7431318361511897
COHFACE_s29_session0_lamp,52,53,53.766666666666666,-0.6579045653343201,-0.9172660903068626
COHFACE_s29_session0_lamp,52,54,53.8,-0.7167226672172546,-1.018537196591473
COHFACE_s29_session0_lamp,52,55,53.833333333333336,-0.7787150144577026,-1.0144145547584489
COHFACE_s29_session0_lamp,52,56,53.86666666666667,-0.8279022574424744,-0.880909265560254
COHFACE_s29_session0_lamp,52,57,53.9,-0.8719739317893982,-0.611770883797671
COHFACE_s29_session0_lamp,52,58,53.93333333333333,-0.904884397983551,-0.22485816322937613
COHFACE_s29_session0_lamp,52,59,53.96666666666667,-0.9334688186645508,0.23723491053209952
COHFACE_s29_session0_lamp,52,60,54.0,-0.9648975729942322,0.7133819942650836
COHFACE_s29_session0_lamp,52,61,54.03333333333333,-0.9213504195213318,1.1357371049062759
COHFACE_s29_session0_lamp,52,62,54.06666666666667,-0.43403130769729614,1.4441237358331318
COHFACE_s29_session0_lamp,52,63,54.1,0.5856844782829285,1.5988293638412192
COHFACE_s29_session0_lamp,52,64,54.13333333333333,1.4854226112365723,1.5874562043586602
COHFACE_s29_session0_lamp,52,65,54.166666666666664,1.7910420894622803,1.4233658504100852
COHFACE_s29_session0_lamp,52,66,54.2,1.6888444423675537,1.1372247393872479
COHFACE_s29_session0_lamp,52,67,54.233333333333334,1.5575648546218872,0.7665699921445321
COHFACE_s29_session0_lamp,52,68,54.266666666666666,1.5391305685043335,0.3484974798160862
COHFACE_s29_session0_lamp,52,69,54.3,1.5619990825653076,-0.0824775365953862
COHFACE_s29_session0_lamp,52,70,54.333333333333336,1.4682643413543701,-0.4933710649635181
COHFACE_s29_session0_lamp,52,71,54.36666666666667,1.207500696182251,-0.8522406304328969
COHFACE_s29_session0_lamp,52,72,54.4,0.9382200241088867,-1.1301560248428948
COHFACE_s29_session0_lamp,52,73,54.43333333333333,0.7570881247520447,-1.304780878049552
COHFACE_s29_session0_lamp,52,74,54.46666666666667,0.6173403859138489,-1.3639778513625593
COHFACE_s29_session0_lamp,52,75,54.5,0.4529665410518646,-1.3083971632493803
COHFACE_s29_session0_lamp,52,76,54.53333333333333,0.2493932843208313,-1.1521185769785958
COHFACE_s29_session0_lamp,52,77,54.56666666666667,0.04262412711977959,-0.9204161090653992
COHFACE_s29_session0_lamp,52,78,54.6,-0.1438179761171341,-0.644599882672727
COHFACE_s29_session0_lamp,52,79,54.63333333333333,-0.3026382327079773,-0.3556068946103061
COHFACE_s29_session0_lamp,52,80,54.666666666666664,-0.4219507873058319,-0.07940495367543589
COHFACE_s29_session0_lamp,52,81,54.7,-0.515252947807312,0.16347087602666743
COHFACE_s29_session0_lamp,52,82,54.733333333333334,-0.6005032658576965,0.3551391405085164
COHFACE_s29_session0_lamp,52,83,54.766666666666666,-0.6707043051719666,0.4781656329784923
COHFACE_s29_session0_lamp,52,84,54.8,-0.7385259866714478,0.5175302642700691
COHFACE_s29_session0_lamp,52,85,54.833333333333336,-0.807104766368866,0.4671006887651223
COHFACE_s29_session0_lamp,52,86,54.86666666666667,-0.8721686005592346,0.33696688780422174
COHFACE_s29_session0_lamp,52,87,54.9,-0.9370107650756836,0.15633118559145173
COHFACE_s29_session0_lamp,52,88,54.93333333333333,-0.9882041811943054,-0.03117701861732051
COHFACE_s29_session0_lamp,52,89,54.96666666666667,-1.0318000316619873,-0.17854640100545674
COHFACE_s29_session0_lamp,52,90,55.0,-1.0557447671890259,-0.24804344482914154
COHFACE_s29_session0_lamp,52,91,55.03333333333333,-1.074730634689331,-0.22002093929200528
COHFACE_s29_session0_lamp,52,92,55.06666666666667,-1.1032123565673828,-0.09477436407987805
COHFACE_s29_session0_lamp,52,93,55.1,-1.1335487365722656,0.11177071137191272
COHFACE_s29_session0_lamp,52,94,55.13333333333333,-1.0557825565338135,0.37472868773641427
COHFACE_s29_session0_lamp,52,95,55.166666666666664,-0.4689966142177582,0.6651898404001074
COHFACE_s29_session0_lamp,52,96,55.2,0.5907946228981018,0.9519070970698688
COHFACE_s29_session0_lamp,52,97,55.233333333333334,1.3891462087631226,1.2013197789008754
COHFACE_s29_session0_lamp,52,98,55.266666666666666,1.5616638660430908,1.3786343014840863
COHFACE_s29_session0_lamp,52,99,55.3,1.4129124879837036,1.4515018835419433
COHFACE_s29_session0_lamp,52,100,55.333333333333336,1.294438123703003,1.395631933654026
COHFACE_s29_session0_lamp,52,101,55.36666666666667,1.2903932332992554,1.200263005447403
COHFACE_s29_session0_lamp,52,102,55.4,1.3080651760101318,0.871680101470154
COHFACE_s29_session0_lamp,52,103,55.43333333333333,1.1915483474731445,0.43388468083692056
COHFACE_s29_session0_lamp,52,104,55.46666666666667,0.9252796769142151,-0.07401867326904227
COHFACE_s29_session0_lamp,52,105,55.5,0.669701874256134,-0.6035265341000259
COHFACE_s29_session0_lamp,52,106,55.53333333333333,0.5010452270507812,-1.1039995250965995
COHFACE_s29_session0_lamp,52,107,55.56666666666667,0.3615354001522064,-1.529252740278401
COHFACE_s29_session0_lamp,52,108,55.6,0.20464566349983215,-1.84222106727653
COHFACE_s29_session0_lamp,52,109,55.63333333333333,0.02116149477660656,-2.017705338207507
COHFACE_s29_session0_lamp,52,110,55.666666666666664,-0.16695696115493774,-2.0433212486975125
COHFACE_s29_session0_lamp,52,111,55.7,-0.3258204758167267,-1.918683213708815
COHFACE_s29_session0_lamp,52,112,55.733333333333334,-0.4608420133590698,-1.6536915245023345
COHFACE_s29_session0_lamp,52,113,55.766666666666666,-0.5681281685829163,-1.267632600072934
COHFACE_s29_session0_lamp,52,114,55.8,-0.645569920539856,-0.790230087161123
COHFACE_s29_session0_lamp,52,115,55.833333333333336,-0.7103363275527954,-0.26370376646935384
COHFACE_s29_session0_lamp,52,116,55.86666666666667,-0.7816459536552429,0.25738230890572295
COHFACE_s29_session0_lamp,52,117,55.9,-0.8433732986450195,0.711948322141558
COHFACE_s29_session0_lamp,52,118,55.93333333333333,-0.8979626893997192,1.0444356290543502
COHFACE_s29_session0_lamp,52,119,55.96666666666667,-0.9505837559700012,1.219018931932976
COHFACE_s29_session0_lamp,52,120,56.0,-1.001560926437378,1.2290203561786346
COHFACE_s29_session0_lamp,52,121,56.03333333333333,-1.0455838441848755,1.0964631764107362
COHFACE_s29_session0_lamp,52,122,56.06666666666667,-1.0771369934082031,0.8630893582623234
COHFACE_s29_session0_lamp,52,123,56.1,-1.1030176877975464,0.5788521239331847
COHFACE_s29_session0_lamp,52,124,56.13333333333333,-1.1183805465698242,0.29234893357470904
COHFACE_s29_session0_lamp,52,125,56.166666666666664,-1.1220144033432007,0.04374031322228783
COHFACE_s29_session0_lamp,52,126,56.2,-1.129590392112732,-0.14027312953295168
COHFACE_s29_session0_lamp,52,127,56.233333333333334,-1.1431201696395874,-0.24852446371645426
COHFACE_s29_session0_lamp,52,128,56.266666666666666,-1.0932245254516602,-0.28318258119003503
COHFACE_s29_session0_lamp,52,129,56.3,-0.6296879053115845,-0.25356518343134515
COHFACE_s29_session0_lamp,52,130,56.333333333333336,0.3243475556373596,-0.16888936198661436
COHFACE_s29_session0_lamp,52,131,56.36666666666667,1.1420961618423462,-0.03423361719354766
COHFACE_s29_session0_lamp,52,132,56.4,1.3888055086135864,0.14764169923466966
COHFACE_s29_session0_lamp,52,133,56.43333333333333,1.2825089693069458,0.3697889965974248
COHFACE_s29_session0_lamp,52,134,56.46666666666667,1.1844806671142578,0.6145703652637906
COHFACE_s29_session0_lamp,52,135,56.5,1.1931272745132446,0.8522413087540538
COHFACE_s29_session0_lamp,52,136,56.53333333333333,1.2276924848556519,1.0461965191074636
COHFACE_s29_session0_lamp,52,137,56.56666666666667,1.154679536819458,1.161867768592103
COHFACE_s29_session0_lamp,52,138,56.6,0.9369059801101685,1.1742469916648615
COHFACE_s29_session0_lamp,52,139,56.63333333333333,0.712654173374176,1.070895237674153
COHFACE_s29_session0_lamp,52,140,56.666666666666664,0.5601716041564941,0.8514533014058597
COHFACE_s29_session0_lamp,52,141,56.7,0.4349755644798279,0.5269661209226366
COHFACE_s29_session0_lamp,52,142,56.733333333333334,0.29082605242729187,0.12042241010470488
COHFACE_s29_session0_lamp,52,143,56.766666666666666,0.1192006915807724,-0.33325657314930685
COHFACE_s29_session0_lamp,52,144,56.8,-0.05418754741549492,-0.790113099345052
COHFACE_s29_session0_lamp,52,145,56.833333333333336,-0.20570217072963715,-1.2032092775027803
COHFACE_s29_session0_lamp,52,146,56.86666666666667,-0.33579742908477783,-1.5297298083105686
COHFACE_s29_session0_lamp,52,147,56.9,-0.43770843744277954,-1.7364578274718447
COHFACE_s29_session0_lamp,52,148,56.93333333333333,-0.5132088661193848,-1.802703168467361
COHFACE_s29_session0_lamp,52,149,56.96666666666667,-0.5768613815307617,-1.7217799080795846
COHFACE_s29_session0_lamp,52,150,57.0,-0.6345222592353821,-1.5022574252160585
COHFACE_s29_session0_lamp,52,151,57.03333333333333,-0.6902093887329102,-1.1686299401595124
COHFACE_s29_session0_lamp,52,152,57.06666666666667,-0.7396129369735718,-0.7594793254461912
COHFACE_s29_session0_lamp,52,153,57.1,-0.7892868518829346,-0.3214547537927495
COHFACE_s29_session0_lamp,52,154,57.13333333333333,-0.8392960429191589,0.10006211548272145
COHFACE_s29_session0_lamp,52,155,57.166666666666664,-0.8759971857070923,0.4696672050160101
COHFACE_s29_session0_lamp,52,156,57.2,-0.9085074663162231,0.7651637380153783
COHFACE_s29_session0_lamp,52,157,57.233333333333334,-0.9354966282844543,0.9735088550711836
COHFACE_s29_session0_lamp,52,158,57.266666666666666,-0.9471445083618164,1.0834839850006026
COHFACE_s29_session0_lamp,52,159,57.3,-0.9491128921508789,1.0824313235378509
COHFACE_s29_session0_lamp,52,160,57.333333333333336,-0.949296772480011,0.9613837853000125
COHFACE_s29_session0_lamp,52,161,57.36666666666667,-0.9623127579689026,0.7259554138581332
COHFACE_s29_session0_lamp,52,162,57.4,-0.9632591009140015,0.4050324504881494
COHFACE_s29_session0_lamp,52,163,57.43333333333333,-0.7002728581428528,0.05000013094121073
COHFACE_s29_session0_lamp,52,164,57.46666666666667,0.1031726598739624,-0.27611438676019673
COHFACE_s29_session0_lamp,52,165,57.5,1.0234378576278687,-0.513698072290843
COHFACE_s29_session0_lamp,52,166,57.53333333333333,1.4739044904708862,-0.6191220158210963
COHFACE_s29_session0_lamp,52,167,57.56666666666667,1.4493162631988525,-0.571799144581738
COHFACE_s29_session0_lamp,52,168,57.6,1.3022087812423706,-0.3764714319263223
COHFACE_s29_session0_lamp,52,169,57.63333333333333,1.2545627355575562,-0.06274909482727288
COHFACE_s29_session0_lamp,52,170,57.666666666666664,1.2844611406326294,0.31745068630756185
COHFACE_s29_session0_lamp,52,171,57.7,1.2537840604782104,0.6960441785598568
COHFACE_s29_session0_lamp,52,172,57.733333333333334,1.0803146362304688,1.0003540534490736
COHFACE_s29_session0_lamp,52,173,57.766666666666666,0.8775525093078613,1.1692021481195072
COHFACE_s29_session0_lamp,52,174,57.8,0.7437422871589661,1.168115522494918
COHFACE_s29_session0_lamp,52,175,57.833333333333336,0.6334711313247681,0.9967670997687947
COHFACE_s29_session0_lamp,52,176,57.86666666666667,0.4940802752971649,0.6859613632128696
COHFACE_s29_session0_lamp,52,177,57.9,0.32582923769950867,0.2871904281738249
COHFACE_s29_session0_lamp,52,178,57.93333333333333,0.14931543171405792,-0.14006508468858486
COHFACE_s29_session0_lamp,52,179,57.96666666666667,-0.00788795668631792,-0.5394241111273899
COHFACE_s29_session0_lamp,52,180,58.0,-0.13794535398483276,-0.8653627947344318
COHFACE_s29_session0_lamp,52,181,58.03333333333333,-0.24502059817314148,-1.0874190654216247
COHFACE_s29_session0_lamp,52,182,58.06666666666667,-0.3261016607284546,-1.1912166628607075
COHFACE_s29_session0_lamp,52,183,58.1,-0.390646368265152,-1.1768695745132287
COHFACE_s29_session0_lamp,52,184,58.13333333333333,-0.45057305693626404,-1.055656371097983
COHFACE_s29_session0_lamp,52,185,58.166666666666664,-0.507201075553894,-0.8462412751676961
COHFACE_s29_session0_lamp,52,186,58.2,-0.5644077658653259,-0.5717466473922079
COHFACE_s29_session0_lamp,52,187,58.233333333333334,-0.6201002597808838,-0.25836147184217967
COHFACE_s29_session0_lamp,52,188,58.266666666666666,-0.6748411059379578,0.0649462154557118
COHFACE_s29_session0_lamp,52,189,58.3,-0.7231955528259277,0.36691675719893574
COHFACE_s29_session0_lamp,52,190,58.333333333333336,-0.7588962912559509,0.6159754355148983
COHFACE_s29_session0_lamp,52,191,58.36666666666667,-0.7888433933258057,0.7842082711298659
COHFACE_s29_session0_lamp,52,192,58.4,-0.8151295781135559,0.8527399090736499
COHFACE_s29_session0_lamp,52,193,58.43333333333333,-0.8411291837692261,0.8167008827793112
COHFACE_s29_session0_lamp,52,194,58.46666666666667,-0.8444980978965759,0.6871940439624173
COHFACE_s29_session0_lamp,52,195,58.5,-0.5273712873458862,0.48858084563177945
COHFACE_s29_session0_lamp,52,196,58.53333333333333,0.3559439778327942,0.25214910090884063
COHFACE_s29_session0_lamp,52,197,58.56666666666667,1.2805569171905518,0.009416545953536458
COHFACE_s29_session0_lamp,52,198,58.6,1.675704002380371,-0.21214692220830894
COHFACE_s29_session0_lamp,52,199,58.63333333333333,1.6057517528533936,-0.3904796848650039
COHFACE_s29_session0_lamp,52,200,58.666666666666664,1.4243007898330688,-0.5088173088150727
COHFACE_s29_session0_lamp,52,201,58.7,1.3543647527694702,-0.555862087288819
COHFACE_s29_session0_lamp,52,202,58.733333333333334,1.3672293424606323,-0.5267679587359554
COHFACE_s29_session0_lamp,52,203,58.766666666666666,1.2981206178665161,-0.4242446617756118
COHFACE_s29_session0_lamp,52,204,58.8,1.0824397802352905,-0.259048902950358
COHFACE_s29_session0_lamp,52,205,58.833333333333336,0.8566414713859558,-0.049660442310318215
COHFACE_s29_session0_lamp,52,206,58.86666666666667,0.704645574092865,0.1789907519111851
COHFACE_s29_session0_lamp,52,207,58.9,0.5763726234436035,0.39811394401540656
COHFACE_s29_session0_lamp,52,208,58.93333333333333,0.42378732562065125,0.5791658332355796
COHFACE_s29_session0_lamp,52,209,58.96666666666667,0.23354369401931763,0.6987744332687525
COHFACE_s29_session0_lamp,52,210,59.0,0.032149672508239746,0.742615865245461
COHFACE_s29_session0_lamp,52,211,59.03333333333333,-0.14164413511753082,0.7063814454408395
COHFACE_s29_session0_lamp,52,212,59.06666666666667,-0.28567469120025635,0.5937522830959674
COHFACE_s29_session0_lamp,52,213,59.1,-0.39528608322143555,0.4132525493559398
COHFACE_s29_session0_lamp,52,214,59.13333333333333,-0.4718247950077057,0.17615024181789216
COHFACE_s29_session0_lamp,52,215,59.166666666666664,-0.5378079414367676,-0.10373851031768327
COHFACE_s29_session0_lamp,52,216,59.2,-0.6012657284736633,-0.4091398941816482
COHFACE_s29_session0_lamp,52,217,59.233333333333334,-0.6602892875671387,-0.7187357020970607
COHFACE_s29_session0_lamp,52,218,59.266666666666666,-0.7130617499351501,-1.0075347844276812
COHFACE_s29_session0_lamp,52,219,59.3,-0.7696735858917236,-1.2478537649241555
COHFACE_s29_session0_lamp,52,220,59.333333333333336,-0.8267342448234558,-1.4106428850502493
COHFACE_s29_session0_lamp,52,221,59.36666666666667,-0.8786901235580444,-1.4677433598949001
COHFACE_s29_session0_lamp,52,222,59.4,-0.9144449830055237,-1.396147386344249
COHFACE_s29_session0_lamp,52,223,59.43333333333333,-0.9342096447944641,-1.1845847607045858
COHFACE_s29_session0_lamp,52,224,59.46666666666667,-0.9447814226150513,-0.8408456703986574
COHFACE_s29_session0_lamp,52,225,59.5,-0.957678496837616,-0.39646571861628793
COHFACE_s29_session0_lamp,52,226,59.53333333333333,-0.9826397895812988,0.09474820091540137
COHFACE_s29_session0_lamp,52,227,59.56666666666667,-0.9536714553833008,0.5658296280369792
COHFACE_s29_session0_lamp,52,228,59.6,-0.5132088661193848,0.9513887056558795
COHFACE_s29_session0_lamp,52,229,59.63333333333333,0.5300189852714539,1.2029565481893214
COHFACE_s29_session0_lamp,52,230,59.666666666666664,1.521718144416809,1.2993154241671994
COHFACE_s29_session0_lamp,52,231,59.7,1.8683161735534668,1.2485920556253765
COHFACE_s29_session0_lamp,52,232,59.733333333333334,1.7584776878356934,1.0830107295968552
COHFACE_s29_session0_lamp,52,233,59.766666666666666,1.6167182922363281,0.8499321198009417
COHFACE_s29_session0_lamp,52,234,59.8,1.597964882850647,0.6022178137630103
COHFACE_s29_session0_lamp,52,235,59.833333333333336,1.6158368587493896,0.3888466061946235
COHFACE_s29_session0_lamp,52,236,59.86666666666667,1.5211882591247559,0.24580976649120068
COHFACE_s29_session0_lamp,52,237,59.9,1.2500852346420288,0.18823814434631578
COHFACE_s29_session0_lamp,52,238,59.93333333333333,0.9514036774635315,0.20626203247050345
COHFACE_s29_session0_lamp,52,239,59.96666666666667,0.7538111805915833,0.2673591877745948
COHFACE_s29_session0_lamp,53,0,53.0,-0.7973170876502991,0.028429579840737837
COHFACE_s29_session0_lamp,53,1,53.03333333333333,-0.32987073063850403,0.5246016402267054
COHFACE_s29_session0_lamp,53,2,53.06666666666667,0.5590522289276123,0.9389638314912644
COHFACE_s29_session0_lamp,53,3,53.1,1.2795618772506714,1.2162766222104602
COHFACE_s29_session0_lamp,53,4,53.13333333333333,1.4778573513031006,1.3435014765038737
COHFACE_s29_session0_lamp,53,5,53.166666666666664,1.3430250883102417,1.3511235931941532
COHFACE_s29_session0_lamp,53,6,53.2,1.189152717590332,1.297278291540332
COHFACE_s29_session0_lamp,53,7,53.233333333333334,1.135066270828247,1.241123238786068
COHFACE_s29_session0_lamp,53,8,53.266666666666666,1.112289547920227,1.2167675527663102
COHFACE_s29_session0_lamp,53,9,53.3,0.999363362789154,1.2192888655913627
COHFACE_s29_session0_lamp,53,10,53.333333333333336,0.8238716125488281,1.2103403516541003
COHFACE_s29_session0_lamp,53,11,53.36666666666667,0.6924731135368347,1.1415765419234576
COHFACE_s29_session0_lamp,53,12,53.4,0.6029454469680786,0.9824491536442931
COHFACE_s29_session0_lamp,53,13,53.43333333333333,0.492874413728714,0.7352887993301641
COHFACE_s29_session0_lamp,53,14,53.46666666666667,0.32647815346717834,0.4306873882198758
COHFACE_s29_session0_lamp,53,15,53.5,0.13078369200229645,0.11023510102194554
COHFACE_s29_session0_lamp,53,16,53.53333333333333,-0.05691296234726906,-0.190743916340325
COHFACE_s29_session0_lamp,53,17,53.56666666666667,-0.21988622844219208,-0.45182710503675166
COHFACE_s29_session0_lamp,53,18,53.6,-0.3507871925830841,-0.6665901934153714
COHFACE_s29_session0_lamp,53,19,53.63333333333333,-0.439714640378952,-0.8366001055488703
COHFACE_s29_session0_lamp,53,20,53.666666666666664,-0.5003334879875183,-0.9649085882678266
COHFACE_s29_session0_lamp,53,21,53.7,-0.5548688173294067,-1.0510858699359868
COHFACE_s29_session0_lamp,53,22,53.733333333333334,-0.6077980399131775,-1.0883081495456606
COHFACE_s29_session0_lamp,53,23,53.766666666666666,-0.6579045653343201,-1.0633213551903558
COHFACE_s29_session0_lamp,53,24,53.8,-0.7167226672172546,-0.9607158957997931
COHFACE_s29_session0_lamp,53,25,53.833333333333336,-0.7787150144577026,-0.771708384674456
COHFACE_s29_session0_lamp,53,26,53.86666666666667,-0.8279022574424744,-0.5040999701438987
COHFACE_s29_session0_lamp,53,27,53.9,-0.8719739317893982,-0.18717687198143407
COHFACE_s29_session0_lamp,53,28,53.93333333333333,-0.904884397983551,0.13359986433415652
COHFACE_s29_session0_lamp,53,29,53.96666666666667,-0.9334688186645508,0.41159847541501415
COHFACE_s29_session0_lamp,53,30,54.0,-0.9648975729942322,0.6160110439447845
COHFACE_s29_session0_lamp,53,31,54.03333333333333,-0.9213504195213318,0.7406413074947142
COHFACE_s29_session0_lamp,53,32,54.06666666666667,-0.43403130769729614,0.7997314261782408
COHFACE_s29_session0_lamp,53,33,54.1,0.5856844782829285,0.8146816144268352
COHFACE_s29_session0_lamp,53,34,54.13333333333333,1.4854226112365723,0.8003829156176837
COHFACE_s29_session0_lamp,53,35,54.166666666666664,1.7910420894622803,0.7586288385917388
COHFACE_s29_session0_lamp,53,36,54.2,1.6888444423675537,0.6805798141653732
COHFACE_s29_session0_lamp,53,37,54.233333333333334,1.5575648546218872,0.5548177213343424
COHFACE_s29_session0_lamp,53,38,54.266666666666666,1.5391305685043335,0.37562550964312136
COHFACE_s29_session0_lamp,53,39,54.3,1.5619990825653076,0.14763954097865306
COHFACE_s29_session0_lamp,53,40,54.333333333333336,1.4682643413543701,-0.11416443206019132
COHFACE_s29_session0_lamp,53,41,54.36666666666667,1.207500696182251,-0.3878997410252983
COHFACE_s29_session0_lamp,53,42,54.4,0.9382200241088867,-0.6495202050337839
COHFACE_s29_session0_lamp,53,43,54.43333333333333,0.7570881247520447,-0.8772722775805117
COHFACE_s29_session0_lamp,53,44,54.46666666666667,0.6173403859138489,-1.0551338137533142
COHFACE_s29_session0_lamp,53,45,54.5,0.4529665410518646,-1.1748591401058752
COHFACE_s29_session0_lamp,53,46,54.53333333333333,0.2493932843208313,-1.235840929829191
COHFACE_s29_session0_lamp,53,47,54.56666666666667,0.04262412711977959,-1.2421175670924072
COHFACE_s29_session0_lamp,53,48,54.6,-0.1438179761171341,-1.197447897995172
COHFACE_s29_session0_lamp,53,49,54.63333333333333,-0.3026382327079773,-1.1014193930443827
COHFACE_s29_session0_lamp,53,50,54.666666666666664,-0.4219507873058319,-0.9500734619034376
COHFACE_s29_session0_lamp,53,51,54.7,-0.515252947807312,-0.7420740759530178
COHFACE_s29_session0_lamp,53,52,54.733333333333334,-0.6005032658576965,-0.4867972248285139
COHFACE_s29_session0_lamp,53,53,54.766666666666666,-0.6707043051719666,-0.20773977786879927
COHFACE_s29_session0_lamp,53,54,54.8,-0.7385259866714478,0.0633614640861106
COHFACE_s29_session0_lamp,53,55,54.833333333333336,-0.807104766368866,0.30013165612951687
COHFACE_s29_session0_lamp,53,56,54.86666666666667,-0.8721686005592346,0.49492975290411656
COHFACE_s29_session0_lamp,53,57,54.9,-0.9370107650756836,0.6624983762582344
COHFACE_s29_session0_lamp,53,58,54.93333333333333,-0.9882041811943054,0.8299190320072624
COHFACE_s29_session0_lamp,53,59,54.96666666666667,-1.0318000316619873,1.0179455503093735
COHFACE_s29_session0_lamp,53,60,55.0,-1.0557447671890259,1.225150602542729
COHFACE_s29_session0_lamp,53,61,55.03333333333333,-1.074730634689331,1.4252273163652365
COHFACE_s29_session0_lamp,53,62,55.06666666666667,-1.1032123565673828,1.57918070800626
COHFACE_s29_session0_lamp,53,63,55.1,-1.1335487365722656,1.6542700633118774
COHFACE_s29_session0_lamp,53,64,55.13333333333333,-1.0557825565338135,1.6376253306317694
COHFACE_s29_session0_lamp,53,65,55.166666666666664,-0.4689966142177582,1.5368921734796346
COHFACE_s29_session0_lamp,53,66,55.2,0.5907946228981018,1.369881087885463
COHFACE_s29_session0_lamp,53,67,55.233333333333334,1.3891462087631226,1.1524222542144884
COHFACE_s29_session0_lamp,53,68,55.266666666666666,1.5616638660430908,0.8928791117507346
COHFACE_s29_session0_lamp,53,69,55.3,1.4129124879837036,0.595072191394268
COHFACE_s29_session0_lamp,53,70,55.333333333333336,1.294438123703003,0.2647804827097032
COHFACE_s29_session0_lamp,53,71,55.36666666666667,1.2903932332992554,-0.08641065528890186
COHFACE_s29_session0_lamp,53,72,55.4,1.3080651760101318,-0.44180578931537534
COHFACE_s29_session0_lamp,53,73,55.43333333333333,1.1915483474731445,-0.782292292907256
COHFACE_s29_session0_lamp,53,74,55.46666666666667,0.9252796769142151,-1.0887451020929388
COHFACE_s29_session0_lamp,53,75,55.5,0.669701874256134,-1.3442119028366903
COHFACE_s29_session0_lamp,53,76,55.53333333333333,0.5010452270507812,-1.5361950750396685
COHFACE_s29_session0_lamp,53,77,55.56666666666667,0.3615354001522064,-1.6581477847286827
COHFACE_s29_session0_lamp,53,78,55.6,0.20464566349983215,-1.7090731693361627
COHFACE_s29_session0_lamp,53,79,55.63333333333333,0.02116149477660656,-1.6911548264273604
COHFACE_s29_session0_lamp,53,80,55.666666666666664,-0.16695696115493774,-1.606668493023558
COHFACE_s29_session0_lamp,53,81,55.7,-0.3258204758167267,-1.4561427479605733
COHFACE_s29_session0_lamp,53,82,55.733333333333334,-0.4608420133590698,-1.2393806947216883
COHFACE_s29_session0_lamp,53,83,55.766666666666666,-0.5681281685829163,-0.9596347736185485
COHFACE_s29_session0_lamp,53,84,55.8,-0.645569920539856,-0.6294246771107459
COHFACE_s29_session0_lamp,53,85,55.833333333333336,-0.7103363275527954,-0.27475822470434214
COHFACE_s29_session0_lamp,53,86,55.86666666666667,-0.7816459536552429,0.06615000321362671
COHFACE_s29_session0_lamp,53,87,55.9,-0.8433732986450195,0.35161716075829735
COHFACE_s29_session0_lamp,53,88,55.93333333333333,-0.8979626893997192,0.5500318112604564
COHFACE_s29_session0_lamp,53,89,55.96666666666667,-0.9505837559700012,0.6512787985564897
COHFACE_s29_session0_lamp,53,90,56.0,-1.001560926437378,0.6689085383348601
COHFACE_s29_session0_lamp,53,91,56.03333333333333,-1.0455838441848755,0.6312879221117847
COHFACE_s29_session0_lamp,53,92,56.06666666666667,-1.0771369934082031,0.5681250356479053
COHFACE_s29_session0_lamp,53,93,56.1,-1.1030176877975464,0.5019151530785313
COHFACE_s29_session0_lamp,53,94,56.13333333333333,-1.1183805465698242,0.44790440761563793
COHFACE_s29_session0_lamp,53,95,56.166666666666664,-1.1220144033432007,0.4178939633613684
COHFACE_s29_session0_lamp,53,96,56.2,-1.129590392112732,0.4211539201246215
COHFACE_s29_session0_lamp,53,97,56.233333333333334,-1.1431201696395874,0.4603766676479189
COHFACE_s29_session0_lamp,53,98,56.266666666666666,-1.0932245254516602,0.5269020198822829
COHFACE_s29_session0_lamp,53,99,56.3,-0.6296879053115845,0.6014652744912055
COHFACE_s29_session0_lamp,53,100,56.333333333333336,0.3243475556373596,0.6622088420286095
COHFACE_s29_session0_lamp,53,101,56.36666666666667,1.1420961618423462,0.6951370044801327
COHFACE_s29_session0_lamp,53,102,56.4,1.3888055086135864,0.6996828079527007
COHFACE_s29_session0_lamp,53,103,56.43333333333333,1.2825089693069458,0.6855760604749797
COHFACE_s29_session0_lamp,53,104,56.46666666666667,1.1844806671142578,0.6640510458917651
COHFACE_s29_session0_lamp,53,105,56.5,1.1931272745132446,0.6404965198074214
COHFACE_s29_session0_lamp,53,106,56.53333333333333,1.2276924848556519,0.6131083011185587
COHFACE_s29_session0_lamp,53,107,56.56666666666667,1.154679536819458,0.5762241420640534
COHFACE_s29_session0_lamp,53,108,56.6,0.9369059801101685,0.5235174303981531
COHFACE_s29_session0_lamp,53,109,56.63333333333333,0.712654173374176,0.44769174190671157
COHFACE_s29_session0_lamp,53,110,56.666666666666664,0.5601716041564941,0.3381753744976898
COHFACE_s29_session0_lamp,53,111,56.7,0.4349755644798279,0.18145177930489356
COHFACE_s29_session0_lamp,53,112,56.733333333333334,0.29082605242729187,-0.03347723339744485
COHFACE_s29_session0_lamp,53,113,56.766666666666666,0.1192006915807724,-0.30696251520216095
COHFACE_s29_session0_lamp,53,114,56.8,-0.05418754741549492,-0.6233572664063174
COHFACE_s29_session0_lamp,53,115,56.833333333333336,-0.20570217072963715,-0.9523053441239092
COHFACE_s29_session0_lamp,53,116,56.86666666666667,-0.33579742908477783,-1.2555654125564633
COHFACE_s29_session0_lamp,53,117,56.9,-0.43770843744277954,-1.4948958417116116
COHFACE_s29_session0_lamp,53,118,56.93333333333333,-0.5132088661193848,-1.6380759725593113
COHFACE_s29_session0_lamp,53,119,56.96666666666667,-0.5768613815307617,-1.663586672180004
COHFACE_s29_session0_lamp,53,120,57.0,-0.6345222592353821,-1.5653292713208022
COHFACE_s29_session0_lamp,53,121,57.03333333333333,-0.6902093887329102,-1.356540152853068
COHFACE_s29_session0_lamp,53,122,57.06666666666667,-0.7396129369735718,-1.0693253756888965
COHFACE_s29_session0_lamp,53,123,57.1,-0.7892868518829346,-0.7463725050144482
COHFACE_s29_session0_lamp,53,124,57.13333333333333,-0.8392960429191589,-0.42589299026987204
COHFACE_s29_session0_lamp,53,125,57.166666666666664,-0.8759971857070923,-0.1273223057781233
COHFACE_s29_session0_lamp,53,126,57.2,-0.9085074663162231,0.15148919051558143
COHFACE_s29_session0_lamp,53,127,57.233333333333334,-0.9354966282844543,0.4206882617222204
COHFACE_s29_session0_lamp,53,128,57.266666666666666,-0.9471445083618164,0.6772244406631344
COHFACE_s29_session0_lamp,53,129,57.3,-0.9491128921508789,0.8935677975315499
COHFACE_s29_session0_lamp,53,130,57.333333333333336,-0.949296772480011,1.027271791975555
COHFACE_s29_session0_lamp,53,131,57.36666666666667,-0.9623127579689026,1.045971726926796
COHFACE_s29_session0_lamp,53,132,57.4,-0.9632591009140015,0.9498162568316478
COHFACE_s29_session0_lamp,53,133,57.43333333333333,-0.7002728581428528,0.7748317399643947
COHFACE_s29_session0_lamp,53,134,57.46666666666667,0.1031726598739624,0.5760488489185879
COHFACE_s29_session0_lamp,53,135,57.5,1.0234378576278687,0.4041339654529678
COHFACE_s29_session0_lamp,53,136,57.53333333333333,1.4739044904708862,0.2905359406184343
COHFACE_s29_session0_lamp,53,137,57.56666666666667,1.4493162631988525,0.24605893298017054
COHFACE_s29_session0_lamp,53,138,57.6,1.3022087812423706,0.2668823321037926
COHFACE_s29_session0_lamp,53,139,57.63333333333333,1.2545627355575562,0.33888420626493143
COHFACE_s29_session0_lamp,53,140,57.666666666666664,1.2844611406326294,0.4372569480760223
COHFACE_s29_session0_lamp,53,141,57.7,1.2537840604782104,0.5264406859310989
COHFACE_s29_session0_lamp,53,142,57.733333333333334,1.0803146362304688,0.5669136234398503
COHFACE_s29_session0_lamp,53,143,57.766666666666666,0.8775525093078613,0.529172058296627
COHFACE_s29_session0_lamp,53,144,57.8,0.7437422871589661,0.40678931039384825
COHFACE_s29_session0_lamp,53,145,57.833333333333336,0.6334711313247681,0.21865512176514731
COHFACE_s29_session0_lamp,53,146,57.86666666666667,0.4940802752971649,-0.0012058601745762575
COHFACE_s29_session0_lamp,53,147,57.9,0.32582923769950867,-0.21819319707943308
COHFACE_s29_session0_lamp,53,148,57.93333333333333,0.14931543171405792,-0.4067032709274105
COHFACE_s29_session0_lamp,53,149,57.96666666666667,-0.00788795668631792,-0.5513803176185226
COHFACE_s29_session0_lamp,53,150,58.0,-0.13794535398483276,-0.6434600670935907
COHFACE_s29_session0_lamp,53,151,58.03333333333333,-0.24502059817314148,-0.6779921042065504
COHFACE_s29_session0_lamp,53,152,58.06666666666667,-0.3261016607284546,-0.6546690152611715
COHFACE_s29_session0_lamp,53,153,58.1,-0.390646368265152,-0.5803279622189512
COHFACE_s29_session0_lamp,53,154,58.13333333333333,-0.45057305693626404,-0.4694066181654582
COHFACE_s29_session0_lamp,53,155,58.166666666666664,-0.507201075553894,-0.3404789252515175
COHFACE_s29_session0_lamp,53,156,58.2,-0.5644077658653259,-0.21043901488098865
COHFACE_s29_session0_lamp,53,157,58.233333333333334,-0.6201002597808838,-0.09017912268622044
COHFACE_s29_session0_lamp,53,158,58.266666666666666,-0.6748411059379578,0.01512532856343362
COHFACE_s29_session0_lamp,53,159,58.3,-0.7231955528259277,0.10138097210557227
COHFACE_s29_session0_lamp,53,160,58.333333333333336,-0.7588962912559509,0.16058101028854768
COHFACE_s29_session0_lamp,53,161,58.36666666666667,-0.7888433933258057,0.18038305082313827
COHFACE_s29_session0_lamp,53,162,58.4,-0.8151295781135559,0.14993536897079857
COHFACE_s29_session0_lamp,53,163,58.43333333333333,-0.8411291837692261,0.06846281961937692
COHFACE_s29_session0_lamp,53,164,58.46666666666667,-0.8444980978965759,-0.04993971007873143
COHFACE_s29_session0_lamp,53,165,58.5,-0.5273712873458862,-0.17982104919736025
COHFACE_s29_session0_lamp,53,166,58.53333333333333,0.3559439778327942,-0.29428371716488944
COHFACE_s29_session0_lamp,53,167,58.56666666666667,1.2805569171905518,-0.37428443871545375
COHFACE_s29_session0_lamp,53,168,58.6,1.675704002380371,-0.411433214107376
COHFACE_s29_session0_lamp,53,169,58.63333333333333,1.6057517528533936,-0.40420751706989116
COHFACE_s29_session0_lamp,53,170,58.666666666666664,1.4243007898330688,-0.3528603746821893
COHFACE_s29_session0_lamp,53,171,58.7,1.3543647527694702,-0.2586230913040465
COHFACE_s29_session0_lamp,53,172,58.733333333333334,1.3672293424606323,-0.12756342355559913
COHFACE_s29_session0_lamp,53,173,58.766666666666666,1.2981206178665161,0.02588323412064494
COHFACE_s29_session0_lamp,53,174,58.8,1.0824397802352905,0.18068764727537256
COHFACE_s29_session0_lamp,53,175,58.833333333333336,0.8566414713859558,0.3164598295392375
COHFACE_s29_session0_lamp,53,176,58.86666666666667,0.704645574092865,0.4210931830368847
COHFACE_s29_session0_lamp,53,177,58.9,0.5763726234436035,0.49291952892933305
COHFACE_s29_session0_lamp,53,178,58.93333333333333,0.42378732562065125,0.5361877065412765
COHFACE_s29_session0_lamp,53,179,58.96666666666667,0.23354369401931763,0.5542422246280925
COHFACE_s29_session0_lamp,53,180,59.0,0.032149672508239746,0.5459669084379775
COHFACE_s29_session0_lamp,53,181,59.03333333333333,-0.14164413511753082,0.5077264391907174
COHFACE_s29_session0_lamp,53,182,59.06666666666667,-0.28567469120025635,0.4384282796981187
COHFACE_s29_session0_lamp,53,183,59.1,-0.39528608322143555,0.3430697397131194
COHFACE_s29_session0_lamp,53,184,59.13333333333333,-0.4718247950077057,0.23186230928783375
COHFACE_s29_session0_lamp,53,185,59.166666666666664,-0.5378079414367676,0.11579091594595314
COHFACE_s29_session0_lamp,53,186,59.2,-0.6012657284736633,0.002084368933662181
COHFACE_s29_session0_lamp,53,187,59.233333333333334,-0.6602892875671387,-0.1071037238049448
COHFACE_s29_session0_lamp,53,188,59.266666666666666,-0.7130617499351501,-0.21208556338146303
COHFACE_s29_session0_lamp,53,189,59.3,-0.7696735858917236,-0.3112116231438173
COHFACE_s29_session0_lamp,53,190,59.333333333333336,-0.8267342448234558,-0.39771568700573195
COHFACE_s29_session0_lamp,53,191,59.36666666666667,-0.8786901235580444,-0.45978942141749596
COHFACE_s29_session0_lamp,53,192,59.4,-0.9144449830055237,-0.48372659651650735
COHFACE_s29_session0_lamp,53,193,59.43333333333333,-0.9342096447944641,-0.45846515312499014
COHFACE_s29_session0_lamp,53,194,59.46666666666667,-0.9447814226150513,-0.37977985962132854
COHFACE_s29_session0_lamp,53,195,59.5,-0.957678496837616,-0.2529387276734768
COHFACE_s29_session0_lamp,53,196,59.53333333333333,-0.9826397895812988,-0.09285606320576859
COHFACE_s29_session0_lamp,53,197,59.56666666666667,-0.9536714553833008,0.07902308420106663
COHFACE_s29_session0_lamp,53,198,59.6,-0.5132088661193848,0.24087639392933524
COHFACE_s29_session0_lamp,53,199,59.63333333333333,0.5300189852714539,0.3774468359882727
COHFACE_s29_session0_lamp,53,200,59.666666666666664,1.521718144416809,0.48364151433601893
COHFACE_s29_session0_lamp,53,201,59.7,1.8683161735534668,0.5616159760711854
COHFACE_s29_session0_lamp,53,202,59.733333333333334,1.7584776878356934,0.6127701832896085
COHFACE_s29_session0_lamp,53,203,59.766666666666666,1.6167182922363281,0.6304094857245061
COHFACE_s29_session0_lamp,53,204,59.8,1.597964882850647,0.5987542010858853
COHFACE_s29_session0_lamp,53,205,59.833333333333336,1.6158368587493896,0.49978944305925366
COHFACE_s29_session0_lamp,53,206,59.86666666666667,1.5211882591247559,0.32426019520398863
COHFACE_s29_session0_lamp,53,207,59.9,1.2500852346420288,0.08030494404535392
COHFACE_s29_session0_lamp,53,208,59.93333333333333,0.9514036774635315,-0.2054455533514677
COHFACE_s29_session0_lamp,53,209,59.96666666666667,0.7538111805915833,-0.495084920830938
COHFACE_s29_session0_lamp,53,210,60.0,0.6117867827415466,-0.7510504167961791
COHFACE_s29_session0_lamp,53,211,60.03333333333333,0.448727011680603,-0.9459413145003349
COHFACE_s29_session0_lamp,53,212,60.06666666666667,0.2512480616569519,-1.0657973693500962
COHFACE_s29_session0_lamp,53,213,60.1,0.05015686899423599,-1.1064745674452388
COHFACE_s29_session0_lamp,53,214,60.13333333333333,-0.122176893055439,-1.0674002648092047
COHFACE_s29_session0_lamp,53,215,60.166666666666664,-0.2637253701686859,-0.948487719673427
COHFACE_s29_session0_lamp,53,216,60.2,-0.38172391057014465,-0.7528976400659121
COHFACE_s29_session0_lamp,53,217,60.233333333333334,-0.47545868158340454,-0.49322316032187163
COHFACE_s29_session0_lamp,53,218,60.266666666666666,-0.5469845533370972,-0.19551176457743943
COHFACE_s29_session0_lamp,53,219,60.3,-0.6126540303230286,0.10345298130101045
COHFACE_s29_session0_lamp,53,220,60.333333333333336,-0.6786479949951172,0.365562221028163
COHFACE_s29_session0_lamp,53,221,60.36666666666667,-0.7395750880241394,0.5625528536446757
COHFACE_s29_session0_lamp,53,222,60.4,-0.803092360496521,0.6825762290640055
COHFACE_s29_session0_lamp,53,223,60.43333333333333,-0.8621159791946411,0.7292929419509655
COHFACE_s29_session0_lamp,53,224,60.46666666666667,-0.9109841585159302,0.7166135818349623
COHFACE_s29_session0_lamp,53,225,60.5,-0.9523249864578247,0.6642708851411505
COHFACE_s29_session0_lamp,53,226,60.53333333333333,-0.9852949380874634,0.5947972637401814
COHFACE_s29_session0_lamp,53,227,60.56666666666667,-1.0101426839828491,0.5282670598452113
COHFACE_s29_session0_lamp,53,228,60.6,-1.0241752862930298,0.47397794390444714
COHFACE_s29_session0_lamp,53,229,60.63333333333333,-1.032108187675476,0.4242126820223173
COHFACE_s29_session0_lamp,53,230,60.666666666666664,-1.0418472290039062,0.3568841727585314
COHFACE_s29_session0_lamp,53,231,60.7,-1.059151530265808,0.24868943924693032
COHFACE_s29_session0_lamp,53,232,60.733333333333334,-1.023894190788269,0.09179535004299712
COHFACE_s29_session0_lamp,53,233,60.766666666666666,-0.5485256910324097,-0.09698343726849731
COHFACE_s29_session0_lamp,53,234,60.8,0.5478855967521667,-0.28041659437995736
COHFACE_s29_session0_lamp,53,235,60.833333333333336,1.5541365146636963,-0.41532205194517824
COHFACE_s29_session0_lamp,53,236,60.86666666666667,1.8676023483276367,-0.46890680004994206
COHFACE_s29_session0_lamp,53,237,60.9,1.718110203742981,-0.42953069711965797
COHFACE_s29_session0_lamp,53,238,60.93333333333333,1.5547205209732056,-0.3090682678597662
COHFACE_s29_session0_lamp,53,239,60.96666666666667,1.5295212268829346,-0.13840836393116118
COHFACE_s29_session0_lamp,54,0,54.0,-0.9648975729942322,0.04323805358324154
COHFACE_s29_session0_lamp,54,1,54.03333333333333,-0.9213504195213318,0.3295832769966248
COHFACE_s29_session0_lamp,54,2,54.06666666666667,-0.43403130769729614,0.5658321431313679
COHFACE_s29_session0_lamp,54,3,54.1,0.5856844782829285,0.7217386410468846
COHFACE_s29_session0_lamp,54,4,54.13333333333333,1.4854226112365723,0.7956997668325303
COHFACE_s29_session0_lamp,54,5,54.166666666666664,1.7910420894622803,0.8132692661616825
COHFACE_s29_session0_lamp,54,6,54.2,1.6888444423675537,0.813055818991076
COHFACE_s29_session0_lamp,54,7,54.233333333333334,1.5575648546218872,0.8264291405189158
COHFACE_s29_session0_lamp,54,8,54.266666666666666,1.5391305685043335,0.8605365192112495
COHFACE_s29_session0_lamp,54,9,54.3,1.5619990825653076,0.8930496569326544
COHFACE_s29_session0_lamp,54,10,54.333333333333336,1.4682643413543701,0.8828631258731521
COHFACE_s29_session0_lamp,54,11,54.36666666666667,1.207500696182251,0.7930176956395999
COHFACE_s29_session0_lamp,54,12,54.4,0.9382200241088867,0.612892193846407
COHFACE_s29_session0_lamp,54,13,54.43333333333333,0.7570881247520447,0.36530840585523333
COHFACE_s29_session0_lamp,54,14,54.46666666666667,0.6173403859138489,0.09499333961102445
COHFACE_s29_session0_lamp,54,15,54.5,0.4529665410518646,-0.1522724795080938
COHFACE_s29_session0_lamp,54,16,54.53333333333333,0.2493932843208313,-0.34698324939947245
COHFACE_s29_session0_lamp,54,17,54.56666666666667,0.04262412711977959,-0.48192855047548316
COHFACE_s29_session0_lamp,54,18,54.6,-0.1438179761171341,-0.5663188843397827
COHFACE_s29_session0_lamp,54,19,54.63333333333333,-0.3026382327079773,-0.613442651581525
COHFACE_s29_session0_lamp,54,20,54.666666666666664,-0.4219507873058319,-0.6304181595510929
COHFACE_s29_session0_lamp,54,21,54.7,-0.515252947807312,-0.6165918420001888
COHFACE_s29_session0_lamp,54,22,54.733333333333334,-0.6005032658576965,-0.5702823601312093
COHFACE_s29_session0_lamp,54,23,54.766666666666666,-0.6707043051719666,-0.49713358529486795
COHFACE_s29_session0_lamp,54,24,54.8,-0.7385259866714478,-0.41248948950721476
COHFACE_s29_session0_lamp,54,25,54.833333333333336,-0.807104766368866,-0.33500457828894387
COHFACE_s29_session0_lamp,54,26,54.86666666666667,-0.8721686005592346,-0.27541999753584967
COHFACE_s29_session0_lamp,54,27,54.9,-0.9370107650756836,-0.22824190590295532
COHFACE_s29_session0_lamp,54,28,54.93333333333333,-0.9882041811943054,-0.17225709118944701
COHFACE_s29_session0_lamp,54,29,54.96666666666667,-1.0318000316619873,-0.08025022660093593
COHFACE_s29_session0_lamp,54,30,55.0,-1.0557447671890259,0.06708498618864152
COHFACE_s29_session0_lamp,54,31,55.03333333333333,-1.074730634689331,0.2702485380757482
COHFACE_s29_session0_lamp,54,32,55.06666666666667,-1.1032123565673828,0.5083650273556654
COHFACE_s29_session0_lamp,54,33,55.1,-1.1335487365722656,0.745722893495759
COHFACE_s29_session0_lamp,54,34,55.13333333333333,-1.0557825565338135,0.943690969281818
COHFACE_s29_session0_lamp,54,35,55.166666666666664,-0.4689966142177582,1.072160804921139
COHFACE_s29_session0_lamp,54,36,55.2,0.5907946228981018,1.115828354069074
COHFACE_s29_session0_lamp,54,37,55.233333333333334,1.3891462087631226,1.0738429425129605
COHFACE_s29_session0_lamp,54,38,55.266666666666666,1.5616638660430908,0.9545607014057104
COHFACE_s29_session0_lamp,54,39,55.3,1.4129124879837036,0.7689854024499665
COHFACE_s29_session0_lamp,54,40,55.333333333333336,1.294438123703003,0.5264866395163471
COHFACE_s29_session0_lamp,54,41,55.36666666666667,1.2903932332992554,0.23482814644766806
COHFACE_s29_session0_lamp,54,42,55.4,1.3080651760101318,-0.09587027476499976
COHFACE_s29_session0_lamp,54,43,55.43333333333333,1.1915483474731445,-0.44809255498995293
COHFACE_s29_session0_lamp,54,44,55.46666666666667,0.9252796769142151,-0.7950206421424016
COHFACE_s29_session0_lamp,54,45,55.5,0.669701874256134,-1.1044860546544086
COHFACE_s29_session0_lamp,54,46,55.53333333333333,0.5010452270507812,-1.347255010770868
COHFACE_s29_session0_lamp,54,47,55.56666666666667,0.3615354001522064,-1.5047289362950742
COHFACE_s29_session0_lamp,54,48,55.6,0.20464566349983215,-1.5717429253775905
COHFACE_s29_session0_lamp,54,49,55.63333333333333,0.02116149477660656,-1.553587314135544
COHFACE_s29_session0_lamp,54,50,55.666666666666664,-0.16695696115493774,-1.4596613777022436
COHFACE_s29_session0_lamp,54,51,55.7,-0.3258204758167267,-1.2975616111955721
COHFACE_s29_session0_lamp,54,52,55.733333333333334,-0.4608420133590698,-1.0706841820704864
COHFACE_s29_session0_lamp,54,53,55.766666666666666,-0.5681281685829163,-0.7805058744048319
COHFACE_s29_session0_lamp,54,54,55.8,-0.645569920539856,-0.4326625893464265
COHFACE_s29_session0_lamp,54,55,55.833333333333336,-0.7103363275527954,-0.044022337130373734
COHFACE_s29_session0_lamp,54,56,55.86666666666667,-0.7816459536552429,0.35344468307284793
COHFACE_s29_session0_lamp,54,57,55.9,-0.8433732986450195,0.7156430231388299
COHFACE_s29_session0_lamp,54,58,55.93333333333333,-0.8979626893997192,0.9966139213804434
COHFACE_s29_session0_lamp,54,59,55.96666666666667,-0.9505837559700012,1.1622412938948352
COHFACE_s29_session0_lamp,54,60,56.0,-1.001560926437378,1.200986572667728
COHFACE_s29_session0_lamp,54,61,56.03333333333333,-1.0455838441848755,1.126730779808892
COHFACE_s29_session0_lamp,54,62,56.06666666666667,-1.0771369934082031,0.9737682113449457
COHFACE_s29_session0_lamp,54,63,56.1,-1.1030176877975464,0.7874546875995615
COHFACE_s29_session0_lamp,54,64,56.13333333333333,-1.1183805465698242,0.6128638176906697
COHFACE_s29_session0_lamp,54,65,56.166666666666664,-1.1220144033432007,0.4822480026544847
COHFACE_s29_session0_lamp,54,66,56.2,-1.129590392112732,0.4043190299709845
COHFACE_s29_session0_lamp,54,67,56.233333333333334,-1.1431201696395874,0.36126318566858334
COHFACE_s29_session0_lamp,54,68,56.266666666666666,-1.0932245254516602,0.3179435154275648
COHFACE_s29_session0_lamp,54,69,56.3,-0.6296879053115845,0.24122500335795385
COHFACE_s29_session0_lamp,54,70,56.333333333333336,0.3243475556373596,0.11969525682390632
COHFACE_s29_session0_lamp,54,71,56.36666666666667,1.1420961618423462,-0.02789749337341113
COHFACE_s29_session0_lamp,54,72,56.4,1.3888055086135864,-0.16025978242556616
COHFACE_s29_session0_lamp,54,73,56.43333333333333,1.2825089693069458,-0.23212282936955497
COHFACE_s29_session0_lamp,54,74,56.46666666666667,1.1844806671142578,-0.21356494776652882
COHFACE_s29_session0_lamp,54,75,56.5,1.1931272745132446,-0.10125481186410672
COHFACE_s29_session0_lamp,54,76,56.53333333333333,1.2276924848556519,0.0818566333976169
COHFACE_s29_session0_lamp,54,77,56.56666666666667,1.154679536819458,0.29585869022917627
COHFACE_s29_session0_lamp,54,78,56.6,0.9369059801101685,0.4960501077178391
COHFACE_s29_session0_lamp,54,79,56.63333333333333,0.712654173374176,0.6423348779091328
COHFACE_s29_session0_lamp,54,80,56.666666666666664,0.5601716041564941,0.704170508982704
COHFACE_s29_session0_lamp,54,81,56.7,0.4349755644798279,0.6629349861617346
COHFACE_s29_session0_lamp,54,82,56.733333333333334,0.29082605242729187,0.5136933036335778
COHFACE_s29_session0_lamp,54,83,56.766666666666666,0.1192006915807724,0.2662218544333636
COHFACE_s29_session0_lamp,54,84,56.8,-0.05418754741549492,-0.05624485907448235
COHFACE_s29_session0_lamp,54,85,56.833333333333336,-0.20570217072963715,-0.42113766885908466
COHFACE_s29_session0_lamp,54,86,56.86666666666667,-0.33579742908477783,-0.7916651426177044
COHFACE_s29_session0_lamp,54,87,56.9,-0.43770843744277954,-1.1302747756224982
COHFACE_s29_session0_lamp,54,88,56.93333333333333,-0.5132088661193848,-1.4004573193755159
COHFACE_s29_session0_lamp,54,89,56.96666666666667,-0.5768613815307617,-1.5696676617278935
COHFACE_s29_session0_lamp,54,90,57.0,-0.6345222592353821,-1.615354190255333
COHFACE_s29_session0_lamp,54,91,57.03333333333333,-0.6902093887329102,-1.5322820825739711
COHFACE_s29_session0_lamp,54,92,57.06666666666667,-0.7396129369735718,-1.3359118026806354
COHFACE_s29_session0_lamp,54,93,57.1,-0.7892868518829346,-1.0572592505397937
COHFACE_s29_session0_lamp,54,94,57.13333333333333,-0.8392960429191589,-0.7302676818328966
COHFACE_s29_session0_lamp,54,95,57.166666666666664,-0.8759971857070923,-0.37916686824297796
COHFACE_s29_session0_lamp,54,96,57.2,-0.9085074663162231,-0.015037061811418131
COHFACE_s29_session0_lamp,54,97,57.233333333333334,-0.9354966282844543,0.35497474023219233
COHFACE_s29_session0_lamp,54,98,57.266666666666666,-0.9471445083618164,0.7127976554806725
COHFACE_s29_session0_lamp,54,99,57.3,-0.9491128921508789,1.021915624303759
COHFACE_s29_session0_lamp,54,100,57.333333333333336,-0.949296772480011,1.2351500335792223
COHFACE_s29_session0_lamp,54,101,57.36666666666667,-0.9623127579689026,1.3140766804406734
COHFACE_s29_session0_lamp,54,102,57.4,-0.9632591009140015,1.2475462948154785
COHFACE_s29_session0_lamp,54,103,57.43333333333333,-0.7002728581428528,1.057429454433031
COHFACE_s29_session0_lamp,54,104,57.46666666666667,0.1031726598739624,0.789532095298255
COHFACE_s29_session0_lamp,54,105,57.5,1.0234378576278687,0.4975187364076788
COHFACE_s29_session0_lamp,54,106,57.53333333333333,1.4739044904708862,0.22923397034168572
COHFACE_s29_session0_lamp,54,107,57.56666666666667,1.4493162631988525,0.019415004876329463
COHFACE_s29_session0_lamp,54,108,57.6,1.3022087812423706,-0.11310785924532746
COHFACE_s29_session0_lamp,54,109,57.63333333333333,1.2545627355575562,-0.1671481342283732
COHFACE_s29_session0_lamp,54,110,57.666666666666664,1.2844611406326294,-0.15990302514226376
COHFACE_s29_session0_lamp,54,111,57.7,1.2537840604782104,-0.12330154874667612
COHFACE_s29_session0_lamp,54,112,57.733333333333334,1.0803146362304688,-0.09370665663692701
COHFACE_s29_session0_lamp,54,113,57.766666666666666,0.8775525093078613,-0.0977628945405623
COHFACE_s29_session0_lamp,54,114,57.8,0.7437422871589661,-0.141724363249993
COHFACE_s29_session0_lamp,54,115,57.833333333333336,0.6334711313247681,-0.21076004418930452
COHFACE_s29_session0_lamp,54,116,57.86666666666667,0.4940802752971649,-0.2778541561676392
COHFACE_s29_session0_lamp,54,117,57.9,0.32582923769950867,-0.315596851481618
COHFACE_s29_session0_lamp,54,118,57.93333333333333,0.14931543171405792,-0.3044499414106351
COHFACE_s29_session0_lamp,54,119,57.96666666666667,-0.00788795668631792,-0.23591040754471304
COHFACE_s29_session0_lamp,54,120,58.0,-0.13794535398483276,-0.11290516116036556
COHFACE_s29_session0_lamp,54,121,58.03333333333333,-0.24502059817314148,0.05014004178748095
COHFACE_s29_session0_lamp,54,122,58.06666666666667,-0.3261016607284546,0.2280497202763624
COHFACE_s29_session0_lamp,54,123,58.1,-0.390646368265152,0.389045905370252
COHFACE_s29_session0_lamp,54,124,58.13333333333333,-0.45057305693626404,0.5031514428441315
COHFACE_s29_session0_lamp,54,125,58.166666666666664,-0.507201075553894,0.55180232734018
COHFACE_s29_session0_lamp,54,126,58.2,-0.5644077658653259,0.5332763477029449
COHFACE_s29_session0_lamp,54,127,58.233333333333334,-0.6201002597808838,0.4602474663593199
COHFACE_s29_session0_lamp,54,128,58.266666666666666,-0.6748411059379578,0.35095452136113414
COHFACE_s29_session0_lamp,54,129,58.3,-0.7231955528259277,0.21987234523453153
COHFACE_s29_session0_lamp,54,130,58.333333333333336,-0.7588962912559509,0.07362591785361312
COHFACE_s29_session0_lamp,54,131,58.36666666666667,-0.7888433933258057,-0.08608165605098361
COHFACE_s29_session0_lamp,54,132,58.4,-0.8151295781135559,-0.25537096095875794
COHFACE_s29_session0_lamp,54,133,58.43333333333333,-0.8411291837692261,-0.42230841213538073
COHFACE_s29_session0_lamp,54,134,58.46666666666667,-0.8444980978965759,-0.5667747617325639
COHFACE_s29_session0_lamp,54,135,58.5,-0.5273712873458862,-0.6667569349604855
COHFACE_s29_session0_lamp,54,136,58.53333333333333,0.3559439778327942,-0.7071364765134761
COHFACE_s29_session0_lamp,54,137,58.56666666666667,1.2805569171905518,-0.6851269540849503
COHFACE_s29_session0_lamp,54,138,58.6,1.675704002380371,-0.6090774293465887
COHFACE_s29_session0_lamp,54,139,58.63333333333333,1.6057517528533936,-0.49230789428790017
COHFACE_s29_session0_lamp,54,140,58.666666666666664,1.4243007898330688,-0.34712002766060307
COHFACE_s29_session0_lamp,54,141,58.7,1.3543647527694702,-0.18334350359839963
COHFACE_s29_session0_lamp,54,142,58.733333333333334,1.3672293424606323,-0.01117230116341375
COHFACE_s29_session0_lamp,54,143,58.766666666666666,1.2981206178665161,0.15580534214406722
COHFACE_s29_session0_lamp,54,144,58.8,1.0824397802352905,0.300815805281449
COHFACE_s29_session0_lamp,54,145,58.833333333333336,0.8566414713859558,0.40726245042083387
COHFACE_s29_session0_lamp,54,146,58.86666666666667,0.704645574092865,0.46261638637319985
COHFACE_s29_session0_lamp,54,147,58.9,0.5763726234436035,0.46056074773362893
COHFACE_s29_session0_lamp,54,148,58.93333333333333,0.42378732562065125,0.40155362587947036
COHFACE_s29_session0_lamp,54,149,58.96666666666667,0.23354369401931763,0.29332795867281464
COHFACE_s29_session0_lamp,54,150,59.0,0.032149672508239746,0.1512852082787447
COHFACE_s29_session0_lamp,54,151,59.03333333333333,-0.14164413511753082,-0.0030930182579477668
COHFACE_s29_session0_lamp,54,152,59.06666666666667,-0.28567469120025635,-0.14682547339490168
COHFACE_s29_session0_lamp,54,153,59.1,-0.39528608322143555,-0.2614440139672286
COHFACE_s29_session0_lamp,54,154,59.13333333333333,-0.4718247950077057,-0.337314541403305
COHFACE_s29_session0_lamp,54,155,59.166666666666664,-0.5378079414367676,-0.37403093818357125
COHFACE_s29_session0_lamp,54,156,59.2,-0.6012657284736633,-0.37741323245949243
COHFACE_s29_session0_lamp,54,157,59.233333333333334,-0.6602892875671387,-0.3557319007636673
COHFACE_s29_session0_lamp,54,158,59.266666666666666,-0.7130617499351501,-0.31725170451301477
COHFACE_s29_session0_lamp,54,159,59.3,-0.7696735858917236,-0.2690434567332154
COHFACE_s29_session0_lamp,54,160,59.333333333333336,-0.8267342448234558,-0.21555283410447376
COHFACE_s29_session0_lamp,54,161,59.36666666666667,-0.8786901235580444,-0.15608451314466554
COHFACE_s29_session0_lamp,54,162,59.4,-0.9144449830055237,-0.08273351435224839
COHFACE_s29_session0_lamp,54,163,59.43333333333333,-0.9342096447944641,0.018160182754523458
COHFACE_s29_session0_lamp,54,164,59.46666666666667,-0.9447814226150513,0.15938405025774005
COHFACE_s29_session0_lamp,54,165,59.5,-0.957678496837616,0.34316119320067784
COHFACE_s29_session0_lamp,54,166,59.53333333333333,-0.9826397895812988,0.5539687307990991
COHFACE_s29_session0_lamp,54,167,59.56666666666667,-0.9536714553833008,0.7596015930514806
COHFACE_s29_session0_lamp,54,168,59.6,-0.5132088661193848,0.9219143785155903
COHFACE_s29_session0_lamp,54,169,59.63333333333333,0.5300189852714539,1.0122279781527832
COHFACE_s29_session0_lamp,54,170,59.666666666666664,1.521718144416809,1.0221544183102513
COHFACE_s29_session0_lamp,54,171,59.7,1.8683161735534668,0.9626700067386668
COHFACE_s29_session0_lamp,54,172,59.733333333333334,1.7584776878356934,0.8525155641418606
COHFACE_s29_session0_lamp,54,173,59.766666666666666,1.6167182922363281,0.7046263364815953
COHFACE_s29_session0_lamp,54,174,59.8,1.597964882850647,0.5198413288867806
COHFACE_s29_session0_lamp,54,175,59.833333333333336,1.6158368587493896,0.2913958030567242
COHFACE_s29_session0_lamp,54,176,59.86666666666667,1.5211882591247559,0.016545461352550257
COHFACE_s29_session0_lamp,54,177,59.9,1.2500852346420288,-0.2925274029332045
COHFACE_s29_session0_lamp,54,178,59.93333333333333,0.9514036774635315,-0.6055562074189708
COHFACE_s29_session0_lamp,54,179,59.96666666666667,0.7538111805915833,-0.8811061629677528
COHFACE_s29_session0_lamp,54,180,60.0,0.6117867827415466,-1.080233623104987
COHFACE_s29_session0_lamp,54,181,60.03333333333333,0.448727011680603,-1.1797772814975058
COHFACE_s29_session0_lamp,54,182,60.06666666666667,0.2512480616569519,-1.1781783228287197
COHFACE_s29_session0_lamp,54,183,60.1,0.05015686899423599,-1.0909998324320322
COHFACE_s29_session0_lamp,54,184,60.13333333333333,-0.122176893055439,-0.939854447793423
COHFACE_s29_session0_lamp,54,185,60.166666666666664,-0.2637253701686859,-0.7425835321462813
COHFACE_s29_session0_lamp,54,186,60.2,-0.38172391057014465,-0.5109152783845937
COHFACE_s29_session0_lamp,54,187,60.233333333333334,-0.47545868158340454,-0.2559984631898643
COHFACE_s29_session0_lamp,54,188,60.266666666666666,-0.5469845533370972,0.0035547494971706842
COHFACE_s29_session0_lamp,54,189,60.3,-0.6126540303230286,0.23827806729409876
COHFACE_s29_session0_lamp,54,190,60.333333333333336,-0.6786479949951172,0.41286840942400843
COHFACE_s29_session0_lamp,54,191,60.36666666666667,-0.7395750880241394,0.49750918462263244
COHFACE_s29_session0_lamp,54,192,60.4,-0.803092360496521,0.4792842020076415
COHFACE_s29_session0_lamp,54,193,60.43333333333333,-0.8621159791946411,0.3677217366945956
COHFACE_s29_session0_lamp,54,194,60.46666666666667,-0.9109841585159302,0.19257921786580845
COHFACE_s29_session0_lamp,54,195,60.5,-0.9523249864578247,-0.004256603688575701
COHFACE_s29_session0_lamp,54,196,60.53333333333333,-0.9852949380874634,-0.18027283137556152
COHFACE_s29_session0_lamp,54,197,60.56666666666667,-1.0101426839828491,-0.30469710676074624
COHFACE_s29_session0_lamp,54,198,60.6,-1.0241752862930298,-0.36719321388020987
COHFACE_s29_session0_lamp,54,199,60.63333333333333,-1.032108187675476,-0.37751561332307215
COHFACE_s29_session0_lamp,54,200,60.666666666666664,-1.0418472290039062,-0.3546237529687417
COHFACE_s29_session0_lamp,54,201,60.7,-1.059151530265808,-0.31082358772834734
COHFACE_s29_session0_lamp,54,202,60.733333333333334,-1.023894190788269,-0.2416673668308036
COHFACE_s29_session0_lamp,54,203,60.766666666666666,-0.5485256910324097,-0.129951716586594
COHFACE_s29_session0_lamp,54,204,60.8,0.5478855967521667,0.03821976280325752
COHFACE_s29_session0_lamp,54,205,60.833333333333336,1.5541365146636963,0.2570695643807295
COHFACE_s29_session0_lamp,54,206,60.86666666666667,1.8676023483276367,0.4966426105318809
COHFACE_s29_session0_lamp,54,207,60.9,1.718110203742981,0.7138237223384388
COHFACE_s29_session0_lamp,54,208,60.93333333333333,1.5547205209732056,0.8717045841362216
COHFACE_s29_session0_lamp,54,209,60.96666666666667,1.5295212268829346,0.9545840535796789
COHFACE_s29_session0_lamp,54,210,61.0,1.5525412559509277,0.9695080446492923
COHFACE_s29_session0_lamp,54,211,61.03333333333333,1.4484888315200806,0.934869195887044
COHFACE_s29_session0_lamp,54,212,61.06666666666667,1.1726704835891724,0.8652681938361486
COHFACE_s29_session0_lamp,54,213,61.1,0.884636402130127,0.763551575225061
COHFACE_s29_session0_lamp,54,214,61.13333333333333,0.6933004856109619,0.62443587796146
COHFACE_s29_session0_lamp,54,215,61.166666666666664,0.5498160719871521,0.445064725298828
COHFACE_s29_session0_lamp,54,216,61.2,0.39458104968070984,0.23335196933387012
COHFACE_s29_session0_lamp,54,217,61.233333333333334,0.2067924588918686,0.007702443093406089
COHFACE_s29_session0_lamp,54,218,61.266666666666666,0.008075181394815445,-0.2108332158371143
COHFACE_s29_session0_lamp,54,219,61.3,-0.16539417207241058,-0.4071429256248822
COHFACE_s29_session0_lamp,54,220,61.333333333333336,-0.3067966401576996,-0.5751868645583027
COHFACE_s29_session0_lamp,54,221,61.36666666666667,-0.4160727560520172,-0.714640712800973
COHFACE_s29_session0_lamp,54,222,61.4,-0.496677964925766,-0.8247889435549961
COHFACE_s29_session0_lamp,54,223,61.43333333333333,-0.5641751885414124,-0.9006565640065531
COHFACE_s29_session0_lamp,54,224,61.46666666666667,-0.6225120425224304,-0.9337891159920649
COHFACE_s29_session0_lamp,54,225,61.5,-0.680270254611969,-0.9162689383200162
COHFACE_s29_session0_lamp,54,226,61.53333333333333,-0.7416894435882568,-0.8445483869440193
COHFACE_s29_session0_lamp,54,227,61.56666666666667,-0.7934182286262512,-0.7205048924312495
COHFACE_s29_session0_lamp,54,228,61.6,-0.845514714717865,-0.54978665298354
COHFACE_s29_session0_lamp,54,229,61.63333333333333,-0.8962485194206238,-0.3398103131077077
COHFACE_s29_session0_lamp,54,230,61.666666666666664,-0.9326414465904236,-0.09986972075033425
COHFACE_s29_session0_lamp,54,231,61.7,-0.9587491750717163,0.15627825285785443
COHFACE_s29_session0_lamp,54,232,61.733333333333334,-0.9808390736579895,0.40765986342774285
COHFACE_s29_session0_lamp,54,233,61.766666666666666,-0.996775209903717,0.6263513125984548
COHFACE_s29_session0_lamp,54,234,61.8,-1.0002306699752808,0.7820158047950572
COHFACE_s29_session0_lamp,54,235,61.833333333333336,-0.9996411800384521,0.8491325742381052
COHFACE_s29_session0_lamp,54,236,61.86666666666667,-1.007795810699463,0.8140196280835824
COHFACE_s29_session0_lamp,54,237,61.9,-1.0191625356674194,0.6791648658631475
COHFACE_s29_session0_lamp,54,238,61.93333333333333,-0.9079504609107971,0.46360968073929365
COHFACE_s29_session0_lamp,54,239,61.96666666666667,-0.22903041541576385,0.19955949226051797
COHFACE_s29_session0_lamp,55,0,55.0,-1.0557447671890259,0.1904590627361549
COHFACE_s29_session0_lamp,55,1,55.03333333333333,-1.074730634689331,0.8090929522287619
COHFACE_s29_session0_lamp,55,2,55.06666666666667,-1.1032123565673828,1.3671783036691803
COHFACE_s29_session0_lamp,55,3,55.1,-1.1335487365722656,1.817975037379576
COHFACE_s29_session0_lamp,55,4,55.13333333333333,-1.0557825565338135,2.13510803625972
COHFACE_s29_session0_lamp,55,5,55.166666666666664,-0.4689966142177582,2.3175628173319094
COHFACE_s29_session0_lamp,55,6,55.2,0.5907946228981018,2.3862019505988363
COHFACE_s29_session0_lamp,55,7,55.233333333333334,1.3891462087631226,2.37145154938983
COHFACE_s29_session0_lamp,55,8,55.266666666666666,1.5616638660430908,2.296581989896326
COHFACE_s29_session0_lamp,55,9,55.3,1.4129124879837036,2.1646383665951747
COHFACE_s29_session0_lamp,55,10,55.333333333333336,1.294438123703003,1.957173598581039
COHFACE_s29_session0_lamp,55,11,55.36666666666667,1.2903932332992554,1.647309361501717
COHFACE_s29_session0_lamp,55,12,55.4,1.3080651760101318,1.2200675333442315
COHFACE_s29_session0_lamp,55,13,55.43333333333333,1.1915483474731445,0.687399527625463
COHFACE_s29_session0_lamp,55,14,55.46666666666667,0.9252796769142151,0.08954484237441547
COHFACE_s29_session0_lamp,55,15,55.5,0.669701874256134,-0.5162613268298003
COHFACE_s29_session0_lamp,55,16,55.53333333333333,0.5010452270507812,-1.0720602508965298
COHFACE_s29_session0_lamp,55,17,55.56666666666667,0.3615354001522064,-1.5321229746642178
COHFACE_s29_session0_lamp,55,18,55.6,0.20464566349983215,-1.8684172263187089
COHFACE_s29_session0_lamp,55,19,55.63333333333333,0.02116149477660656,-2.06933342222446
COHFACE_s29_session0_lamp,55,20,55.666666666666664,-0.16695696115493774,-2.134772897996782
COHFACE_s29_session0_lamp,55,21,55.7,-0.3258204758167267,-2.0707160826337354
COHFACE_s29_session0_lamp,55,22,55.733333333333334,-0.4608420133590698,-1.8857016272002203
COHFACE_s29_session0_lamp,55,23,55.766666666666666,-0.5681281685829163,-1.590707010549469
COHFACE_s29_session0_lamp,55,24,55.8,-0.645569920539856,-1.2024617822636687
COHFACE_s29_session0_lamp,55,25,55.833333333333336,-0.7103363275527954,-0.7481651645372284
COHFACE_s29_session0_lamp,55,26,55.86666666666667,-0.7816459536552429,-0.2677209352940066
COHFACE_s29_session0_lamp,55,27,55.9,-0.8433732986450195,0.1900802784969969
COHFACE_s29_session0_lamp,55,28,55.93333333333333,-0.8979626893997192,0.5775875782153062
COHFACE_s29_session0_lamp,55,29,55.96666666666667,-0.9505837559700012,0.860217689745383
COHFACE_s29_session0_lamp,55,30,56.0,-1.001560926437378,1.023812358600781
COHFACE_s29_session0_lamp,55,31,56.03333333333333,-1.0455838441848755,1.0734956979702122
COHFACE_s29_session0_lamp,55,32,56.06666666666667,-1.0771369934082031,1.0262366553426745
COHFACE_s29_session0_lamp,55,33,56.1,-1.1030176877975464,0.9031867023655289
COHFACE_s29_session0_lamp,55,34,56.13333333333333,-1.1183805465698242,0.725558038424786
COHFACE_s29_session0_lamp,55,35,56.166666666666664,-1.1220144033432007,0.5133088657471919
COHFACE_s29_session0_lamp,55,36,56.2,-1.129590392112732,0.2845471437315955
COHFACE_s29_session0_lamp,55,37,56.233333333333334,-1.1431201696395874,0.05505969233023642
COHFACE_s29_session0_lamp,55,38,56.266666666666666,-1.0932245254516602,-0.1612551931702446
COHFACE_s29_session0_lamp,55,39,56.3,-0.6296879053115845,-0.3506146426330118
COHFACE_s29_session0_lamp,55,40,56.333333333333336,0.3243475556373596,-0.49747937570756906
COHFACE_s29_session0_lamp,55,41,56.36666666666667,1.1420961618423462,-0.5847866542185913
COHFACE_s29_session0_lamp,55,42,56.4,1.3888055086135864,-0.5972335013753918
COHFACE_s29_session0_lamp,55,43,56.43333333333333,1.2825089693069458,-0.526144506906661
COHFACE_s29_session0_lamp,55,44,56.46666666666667,1.1844806671142578,-0.3730174604279783
COHFACE_s29_session0_lamp,55,45,56.5,1.1931272745132446,-0.1495984286162897
COHFACE_s29_session0_lamp,55,46,56.53333333333333,1.2276924848556519,0.12506552689225914
COHFACE_s29_session0_lamp,55,47,56.56666666666667,1.154679536819458,0.42775880542156286
COHFACE_s29_session0_lamp,55,48,56.6,0.9369059801101685,0.7315453399932511
COHFACE_s29_session0_lamp,55,49,56.63333333333333,0.712654173374176,1.00358003858976
COHFACE_s29_session0_lamp,55,50,56.666666666666664,0.5601716041564941,1.2042992072701975
COHFACE_s29_session0_lamp,55,51,56.7,0.4349755644798279,1.2927004313062531
COHFACE_s29_session0_lamp,55,52,56.733333333333334,0.29082605242729187,1.2378323696640288
COHFACE_s29_session0_lamp,55,53,56.766666666666666,0.1192006915807724,1.0309046502490313
COHFACE_s29_session0_lamp,55,54,56.8,-0.05418754741549492,0.6909280212416382
COHFACE_s29_session0_lamp,55,55,56.833333333333336,-0.20570217072963715,0.2604868172908838
COHFACE_s29_session0_lamp,55,56,56.86666666666667,-0.33579742908477783,-0.20573665091344742
COHFACE_s29_session0_lamp,55,57,56.9,-0.43770843744277954,-0.6534646738696172
COHFACE_s29_session0_lamp,55,58,56.93333333333333,-0.5132088661193848,-1.037610194633923
COHFACE_s29_session0_lamp,55,59,56.96666666666667,-0.5768613815307617,-1.326630487562401
COHFACE_s29_session0_lamp,55,60,57.0,-0.6345222592353821,-1.5042207490821715
COHFACE_s29_session0_lamp,55,61,57.03333333333333,-0.6902093887329102,-1.5695910811817992
COHFACE_s29_session0_lamp,55,62,57.06666666666667,-0.7396129369735718,-1.535355801679708
COHFACE_s29_session0_lamp,55,63,57.1,-0.7892868518829346,-1.4213282415772102
COHFACE_s29_session0_lamp,55,64,57.13333333333333,-0.8392960429191589,-1.2451083686146223
COHFACE_s29_session0_lamp,55,65,57.166666666666664,-0.8759971857070923,-1.014205141787941
COHFACE_s29_session0_lamp,55,66,57.2,-0.9085074663162231,-0.7257599586545855
COHFACE_s29_session0_lamp,55,67,57.233333333333334,-0.9354966282844543,-0.37620761539011227
COHFACE_s29_session0_lamp,55,68,57.266666666666666,-0.9471445083618164,0.024287420643561486
COHFACE_s29_session0_lamp,55,69,57.3,-0.9491128921508789,0.4428804041752641
COHFACE_s29_session0_lamp,55,70,57.333333333333336,-0.949296772480011,0.828348190286375
COHFACE_s29_session0_lamp,55,71,57.36666666666667,-0.9623127579689026,1.1277177483848366
COHFACE_s29_session0_lamp,55,72,57.4,-0.9632591009140015,1.3054969723802168
COHFACE_s29_session0_lamp,55,73,57.43333333333333,-0.7002728581428528,1.3539635425426613
COHFACE_s29_session0_lamp,55,74,57.46666666666667,0.1031726598739624,1.2902217665980888
COHFACE_s29_session0_lamp,55,75,57.5,1.0234378576278687,1.1450717454343455
COHFACE_s29_session0_lamp,55,76,57.53333333333333,1.4739044904708862,0.9520484248355882
COHFACE_s29_session0_lamp,55,77,57.56666666666667,1.4493162631988525,0.7414050425279383
COHFACE_s29_session0_lamp,55,78,57.6,1.3022087812423706,0.5377869114844335
COHFACE_s29_session0_lamp,55,79,57.63333333333333,1.2545627355575562,0.357668996566793
COHFACE_s29_session0_lamp,55,80,57.666666666666664,1.2844611406326294,0.2056804912211223
COHFACE_s29_session0_lamp,55,81,57.7,1.2537840604782104,0.0733275516610644
COHFACE_s29_session0_lamp,55,82,57.733333333333334,1.0803146362304688,-0.056123072203287994
COHFACE_s29_session0_lamp,55,83,57.766666666666666,0.8775525093078613,-0.19718966490785417
COHFACE_s29_session0_lamp,55,84,57.8,0.7437422871589661,-0.3520164564613695
COHFACE_s29_session0_lamp,55,85,57.833333333333336,0.6334711313247681,-0.507309265270165
COHFACE_s29_session0_lamp,55,86,57.86666666666667,0.4940802752971649,-0.6399197997260742
COHFACE_s29_session0_lamp,55,87,57.9,0.32582923769950867,-0.7264705595171128
COHFACE_s29_session0_lamp,55,88,57.93333333333333,0.14931543171405792,-0.7510894754221965
COHFACE_s29_session0_lamp,55,89,57.96666666666667,-0.00788795668631792,-0.7083234033872712
COHFACE_s29_session0_lamp,55,90,58.0,-0.13794535398483276,-0.6019675360651388
COHFACE_s29_session0_lamp,55,91,58.03333333333333,-0.24502059817314148,-0.44241495878013315
COHFACE_s29_session0_lamp,55,92,58.06666666666667,-0.3261016607284546,-0.2446237449515325
COHFACE_s29_session0_lamp,55,93,58.1,-0.390646368265152,-0.02713284681908373
COHFACE_s29_session0_lamp,55,94,58.13333333333333,-0.45057305693626404,0.18863690632055943
COHFACE_s29_session0_lamp,55,95,58.166666666666664,-0.507201075553894,0.3797016012732553
COHFACE_s29_session0_lamp,55,96,58.2,-0.5644077658653259,0.5237638252865203
COHFACE_s29_session0_lamp,55,97,58.233333333333334,-0.6201002597808838,0.602081908183091
COHFACE_s29_session0_lamp,55,98,58.266666666666666,-0.6748411059379578,0.6024618747425655
COHFACE_s29_session0_lamp,55,99,58.3,-0.7231955528259277,0.5218492180220615
COHFACE_s29_session0_lamp,55,100,58.333333333333336,-0.7588962912559509,0.3678123001874507
COHFACE_s29_session0_lamp,55,101,58.36666666666667,-0.7888433933258057,0.15820364866931155
COHFACE_s29_session0_lamp,55,102,58.4,-0.8151295781135559,-0.08121805764128537
COHFACE_s29_session0_lamp,55,103,58.43333333333333,-0.8411291837692261,-0.32080692707345954
COHFACE_s29_session0_lamp,55,104,58.46666666666667,-0.8444980978965759,-0.5319625995673019
COHFACE_s29_session0_lamp,55,105,58.5,-0.5273712873458862,-0.6919550300713303
COHFACE_s29_session0_lamp,55,106,58.53333333333333,0.3559439778327942,-0.7872081056180955
COHFACE_s29_session0_lamp,55,107,58.56666666666667,1.2805569171905518,-0.8137304661829342
COHFACE_s29_session0_lamp,55,108,58.6,1.675704002380371,-0.7745538715756232
COHFACE_s29_session0_lamp,55,109,58.63333333333333,1.6057517528533936,-0.6757214135504915
COHFACE_s29_session0_lamp,55,110,58.666666666666664,1.4243007898330688,-0.523388375147663
COHFACE_s29_session0_lamp,55,111,58.7,1.3543647527694702,-0.3238629127176743
COHFACE_s29_session0_lamp,55,112,58.733333333333334,1.3672293424606323,-0.08607415434835382
COHFACE_s29_session0_lamp,55,113,58.766666666666666,1.2981206178665161,0.17588747172937447
COHFACE_s29_session0_lamp,55,114,58.8,1.0824397802352905,0.4421625477321233
COHFACE_s29_session0_lamp,55,115,58.833333333333336,0.8566414713859558,0.6888091431068276
COHFACE_s29_session0_lamp,55,116,58.86666666666667,0.704645574092865,0.8909795752696781
COHFACE_s29_session0_lamp,55,117,58.9,0.5763726234436035,1.0266927571938325
COHFACE_s29_session0_lamp,55,118,58.93333333333333,0.42378732562065125,1.080739097756005
COHFACE_s29_session0_lamp,55,119,58.96666666666667,0.23354369401931763,1.0480279049853507
COHFACE_s29_session0_lamp,55,120,59.0,0.032149672508239746,0.9346645875531974
COHFACE_s29_session0_lamp,55,121,59.03333333333333,-0.14164413511753082,0.7553184426193664
COHFACE_s29_session0_lamp,55,122,59.06666666666667,-0.28567469120025635,0.5280699030881574
COHFACE_s29_session0_lamp,55,123,59.1,-0.39528608322143555,0.27007793675492475
COHFACE_s29_session0_lamp,55,124,59.13333333333333,-0.4718247950077057,-0.003641870446867257
COHFACE_s29_session0_lamp,55,125,59.166666666666664,-0.5378079414367676,-0.2789172860592857
COHFACE_s29_session0_lamp,55,126,59.2,-0.6012657284736633,-0.5409729272698396
COHFACE_s29_session0_lamp,55,127,59.233333333333334,-0.6602892875671387,-0.774608087021104
COHFACE_s29_session0_lamp,55,128,59.266666666666666,-0.7130617499351501,-0.9655486147941429
COHFACE_s29_session0_lamp,55,129,59.3,-0.7696735858917236,-1.101142206965624
COHFACE_s29_session0_lamp,55,130,59.333333333333336,-0.8267342448234558,-1.1696391635626444
COHFACE_s29_session0_lamp,55,131,59.36666666666667,-0.8786901235580444,-1.1594262075653476
COHFACE_s29_session0_lamp,55,132,59.4,-0.9144449830055237,-1.0604036163661394
COHFACE_s29_session0_lamp,55,133,59.43333333333333,-0.9342096447944641,-0.8683559338428546
COHFACE_s29_session0_lamp,55,134,59.46666666666667,-0.9447814226150513,-0.5905143939545417
COHFACE_s29_session0_lamp,55,135,59.5,-0.957678496837616,-0.24864545695805437
COHFACE_s29_session0_lamp,55,136,59.53333333333333,-0.9826397895812988,0.12334035450851838
COHFACE_s29_session0_lamp,55,137,59.56666666666667,-0.9536714553833008,0.48722383912447553
COHFACE_s29_session0_lamp,55,138,59.6,-0.5132088661193848,0.8100990853035933
COHFACE_s29_session0_lamp,55,139,59.63333333333333,0.5300189852714539,1.0705418117278027
COHFACE_s29_session0_lamp,55,140,59.666666666666664,1.521718144416809,1.2580614483980581
COHFACE_s29_session0_lamp,55,141,59.7,1.8683161735534668,1.3669685899483783
COHFACE_s29_session0_lamp,55,142,59.733333333333334,1.7584776878356934,1.3897194818449075
COHFACE_s29_session0_lamp,55,143,59.766666666666666,1.6167182922363281,1.315229709091463
COHFACE_s29_session0_lamp,55,144,59.8,1.597964882850647,1.1338593833877362
COHFACE_s29_session0_lamp,55,145,59.833333333333336,1.6158368587493896,0.8459802922209166
COHFACE_s29_session0_lamp,55,146,59.86666666666667,1.5211882591247559,0.468934071440802
COHFACE_s29_session0_lamp,55,147,59.9,1.2500852346420288,0.038339801607547325
COHFACE_s29_session0_lamp,55,148,59.93333333333333,0.9514036774635315,-0.39737062519407323
COHFACE_s29_session0_lamp,55,149,59.96666666666667,0.7538111805915833,-0.7873264679968084
COHFACE_s29_session0_lamp,55,150,60.0,0.6117867827415466,-1.089768178481025
COHFACE_s29_session0_lamp,55,151,60.03333333333333,0.448727011680603,-1.2804735119244517
COHFACE_s29_session0_lamp,55,152,60.06666666666667,0.2512480616569519,-1.3545580905393453
COHFACE_s29_session0_lamp,55,153,60.1,0.05015686899423599,-1.3210225606878536
COHFACE_s29_session0_lamp,55,154,60.13333333333333,-0.122176893055439,-1.1937605496148866
COHFACE_s29_session0_lamp,55,155,60.166666666666664,-0.2637253701686859,-0.9851290418388681
COHFACE_s29_session0_lamp,55,156,60.2,-0.38172391057014465,-0.7060520394169929
COHFACE_s29_session0_lamp,55,157,60.233333333333334,-0.47545868158340454,-0.37171304229470115
COHFACE_s29_session0_lamp,55,158,60.266666666666666,-0.5469845533370972,-0.0078726667214169
COHFACE_s29_session0_lamp,55,159,60.3,-0.6126540303230286,0.3477246218496109
COHFACE_s29_session0_lamp,55,160,60.333333333333336,-0.6786479949951172,0.6511966451680861
COHFACE_s29_session0_lamp,55,161,60.36666666666667,-0.7395750880241394,0.8632114149653679
COHFACE_s29_session0_lamp,55,162,60.4,-0.803092360496521,0.9590030704325856
COHFACE_s29_session0_lamp,55,163,60.43333333333333,-0.8621159791946411,0.9330758246714982
COHFACE_s29_session0_lamp,55,164,60.46666666666667,-0.9109841585159302,0.7981694034814646
COHFACE_s29_session0_lamp,55,165,60.5,-0.9523249864578247,0.5810695445394501
COHFACE_s29_session0_lamp,55,166,60.53333333333333,-0.9852949380874634,0.3167605501250511
COHFACE_s29_session0_lamp,55,167,60.56666666666667,-1.0101426839828491,0.04079359357436483
COHFACE_s29_session0_lamp,55,168,60.6,-1.0241752862930298,-0.21869066839644474
COHFACE_s29_session0_lamp,55,169,60.63333333333333,-1.032108187675476,-0.4455168661628371
COHFACE_s29_session0_lamp,55,170,60.666666666666664,-1.0418472290039062,-0.6336302097032092
COHFACE_s29_session0_lamp,55,171,60.7,-1.059151530265808,-0.7797472083165456
COHFACE_s29_session0_lamp,55,172,60.733333333333334,-1.023894190788269,-0.8754706173745963
COHFACE_s29_session0_lamp,55,173,60.766666666666666,-0.5485256910324097,-0.9046603162081331
COHFACE_s29_session0_lamp,55,174,60.8,0.5478855967521667,-0.8482075526053485
COHFACE_s29_session0_lamp,55,175,60.833333333333336,1.5541365146636963,-0.6932525893503595
COHFACE_s29_session0_lamp,55,176,60.86666666666667,1.8676023483276367,-0.4412585970944616
COHFACE_s29_session0_lamp,55,177,60.9,1.718110203742981,-0.11047185124124749
COHFACE_s29_session0_lamp,55,178,60.93333333333333,1.5547205209732056,0.2679865176955666
COHFACE_s29_session0_lamp,55,179,60.96666666666667,1.5295212268829346,0.6572612226871658
COHFACE_s29_session0_lamp,55,180,61.0,1.5525412559509277,1.020461536879539
COHFACE_s29_session0_lamp,55,181,61.03333333333333,1.4484888315200806,1.3224861090979427
COHFACE_s29_session0_lamp,55,182,61.06666666666667,1.1726704835891724,1.530196873949201
COHFACE_s29_session0_lamp,55,183,61.1,0.884636402130127,1.6154400798401878
COHFACE_s29_session0_lamp,55,184,61.13333333333333,0.6933004856109619,1.5622792921184536
COHFACE_s29_session0_lamp,55,185,61.166666666666664,0.5498160719871521,1.3745060303483576
COHFACE_s29_session0_lamp,55,186,61.2,0.39458104968070984,1.0772966195209577
COHFACE_s29_session0_lamp,55,187,61.233333333333334,0.2067924588918686,0.7099923982850064
COHFACE_s29_session0_lamp,55,188,61.266666666666666,0.008075181394815445,0.3134037291147796
COHFACE_s29_session0_lamp,55,189,61.3,-0.16539417207241058,-0.08088984407887923
COHFACE_s29_session0_lamp,55,190,61.333333333333336,-0.3067966401576996,-0.4538807775189744
COHFACE_s29_session0_lamp,55,191,61.36666666666667,-0.4160727560520172,-0.795243219977146
COHFACE_s29_session0_lamp,55,192,61.4,-0.496677964925766,-1.0963312161565153
COHFACE_s29_session0_lamp,55,193,61.43333333333333,-0.5641751885414124,-1.3450131661390654
COHFACE_s29_session0_lamp,55,194,61.46666666666667,-0.6225120425224304,-1.5255038849564022
COHFACE_s29_session0_lamp,55,195,61.5,-0.680270254611969,-1.6229036494820053
COHFACE_s29_session0_lamp,55,196,61.53333333333333,-0.7416894435882568,-1.6287525810443584
COHFACE_s29_session0_lamp,55,197,61.56666666666667,-0.7934182286262512,-1.5431922811857077
COHFACE_s29_session0_lamp,55,198,61.6,-0.845514714717865,-1.3723141262001581
COHFACE_s29_session0_lamp,55,199,61.63333333333333,-0.8962485194206238,-1.123400836259837
COHFACE_s29_session0_lamp,55,200,61.666666666666664,-0.9326414465904236,-0.8025805218450873
COHFACE_s29_session0_lamp,55,201,61.7,-0.9587491750717163,-0.41760717706713685
COHFACE_s29_session0_lamp,55,202,61.733333333333334,-0.9808390736579895,0.015665080636943926
COHFACE_s29_session0_lamp,55,203,61.766666666666666,-0.996775209903717,0.46772515043626944
COHFACE_s29_session0_lamp,55,204,61.8,-1.0002306699752808,0.8950990140582276
COHFACE_s29_session0_lamp,55,205,61.833333333333336,-0.9996411800384521,1.246754871317034
COHFACE_s29_session0_lamp,55,206,61.86666666666667,-1.007795810699463,1.4754895934788774
COHFACE_s29_session0_lamp,55,207,61.9,-1.0191625356674194,1.5503644069444613
COHFACE_s29_session0_lamp,55,208,61.93333333333333,-0.9079504609107971,1.465610421540169
COHFACE_s29_session0_lamp,55,209,61.96666666666667,-0.22903041541576385,1.2426811597342582
COHFACE_s29_session0_lamp,55,210,62.0,0.9247227311134338,0.9248807037423371
COHFACE_s29_session0_lamp,55,211,62.03333333333333,1.7382642030715942,0.5667196628182071
COHFACE_s29_session0_lamp,55,212,62.06666666666667,1.8569549322128296,0.22147506617239762
COHFACE_s29_session0_lamp,55,213,62.1,1.6261274814605713,-0.0696812907927548
COHFACE_s29_session0_lamp,55,214,62.13333333333333,1.4468071460723877,-0.2844950046341307
COHFACE_s29_session0_lamp,55,215,62.166666666666664,1.4233274459838867,-0.4209803170279419
COHFACE_s29_session0_lamp,55,216,62.2,1.4234896898269653,-0.4930969116462058
COHFACE_s29_session0_lamp,55,217,62.233333333333334,1.271758794784546,-0.5221720514799663
COHFACE_s29_session0_lamp,55,218,62.266666666666666,1.010421872138977,-0.5273705137515948
COHFACE_s29_session0_lamp,55,219,62.3,0.8084384202957153,-0.5191390943074203
COHFACE_s29_session0_lamp,55,220,62.333333333333336,0.6840859651565552,-0.4979072392531282
COHFACE_s29_session0_lamp,55,221,62.36666666666667,0.5652114152908325,-0.45758630982251625
COHFACE_s29_session0_lamp,55,222,62.4,0.39461350440979004,-0.3913757936557862
COHFACE_s29_session0_lamp,55,223,62.43333333333333,0.19613415002822876,-0.2967073987220514
COHFACE_s29_session0_lamp,55,224,62.46666666666667,0.021329129114747047,-0.17688042657890546
COHFACE_s29_session0_lamp,55,225,62.5,-0.12439940124750137,-0.03920795642226019
COHFACE_s29_session0_lamp,55,226,62.53333333333333,-0.24334965646266937,0.10758643057820413
COHFACE_s29_session0_lamp,55,227,62.56666666666667,-0.3311631381511688,0.2530877701763462
COHFACE_s29_session0_lamp,55,228,62.6,-0.397995263338089,0.3811432396271694
COHFACE_s29_session0_lamp,55,229,62.63333333333333,-0.45724597573280334,0.4656163212086141
COHFACE_s29_session0_lamp,55,230,62.666666666666664,-0.5175566077232361,0.4720392577934491
COHFACE_s29_session0_lamp,55,231,62.7,-0.5722919702529907,0.3692145257022922
COHFACE_s29_session0_lamp,55,232,62.733333333333334,-0.6310127377510071,0.14831488599492876
COHFACE_s29_session0_lamp,55,233,62.766666666666666,-0.6948490738868713,-0.16015613666749576
COHFACE_s29_session0_lamp,55,234,62.8,-0.7509688138961792,-0.4838261697610628
COHFACE_s29_session0_lamp,55,235,62.833333333333336,-0.7965329885482788,-0.7269303161280246
COHFACE_s29_session0_lamp,55,236,62.86666666666667,-0.8380576968193054,-0.8040416206540006
COHFACE_s29_session0_lamp,55,237,62.9,-0.8728013038635254,-0.6734675348239249
COHFACE_s29_session0_lamp,55,238,62.93333333333333,-0.8904299736022949,-0.35515422634012733
COHFACE_s29_session0_lamp,55,239,62.96666666666667,-0.9024185538291931,0.07357470386705385
COHFACE_s29_session0_lamp,56,0,56.0,-1.001560926437378,-0.13358629176408385
COHFACE_s29_session0_lamp,56,1,56.03333333333333,-1.0455838441848755,0.12212241243355178
COHFACE_s29_session0_lamp,56,2,56.06666666666667,-1.0771369934082031,0.3580080271939481
COHFACE_s29_session0_lamp,56,3,56.1,-1.1030176877975464,0.5587049250651943
COHFACE_s29_session0_lamp,56,4,56.13333333333333,-1.1183805465698242,0.7221067717342617
COHFACE_s29_session0_lamp,56,5,56.166666666666664,-1.1220144033432007,0.8573729439572992
COHFACE_s29_session0_lamp,56,6,56.2,-1.129590392112732,0.9769876382935547
COHFACE_s29_session0_lamp,56,7,56.233333333333334,-1.1431201696395874,1.0876590321685693
COHFACE_s29_session0_lamp,56,8,56.266666666666666,-1.0932245254516602,1.1852346478777311
COHFACE_s29_session0_lamp,56,9,56.3,-0.6296879053115845,1.256241400533359
COHFACE_s29_session0_lamp,56,10,56.333333333333336,0.3243475556373596,1.2856081860252164
COHFACE_s29_session0_lamp,56,11,56.36666666666667,1.1420961618423462,1.2667445641064872
COHFACE_s29_session0_lamp,56,12,56.4,1.3888055086135864,1.207228295046557
COHFACE_s29_session0_lamp,56,13,56.43333333333333,1.2825089693069458,1.1250033124798302
COHFACE_s29_session0_lamp,56,14,56.46666666666667,1.1844806671142578,1.0373495921481592
COHFACE_s29_session0_lamp,56,15,56.5,1.1931272745132446,0.950930452466418
COHFACE_s29_session0_lamp,56,16,56.53333333333333,1.2276924848556519,0.8595291024653113
COHFACE_s29_session0_lamp,56,17,56.56666666666667,1.154679536819458,0.7494363306444449
COHFACE_s29_session0_lamp,56,18,56.6,0.9369059801101685,0.6073570466918112
COHFACE_s29_session0_lamp,56,19,56.63333333333333,0.712654173374176,0.4254973331693719
COHFACE_s29_session0_lamp,56,20,56.666666666666664,0.5601716041564941,0.2023707638000883
COHFACE_s29_session0_lamp,56,21,56.7,0.4349755644798279,-0.05841060754905118
COHFACE_s29_session0_lamp,56,22,56.733333333333334,0.29082605242729187,-0.3489089815467756
COHFACE_s29_session0_lamp,56,23,56.766666666666666,0.1192006915807724,-0.6568132646506459
COHFACE_s29_session0_lamp,56,24,56.8,-0.05418754741549492,-0.9655661213857692
COHFACE_s29_session0_lamp,56,25,56.833333333333336,-0.20570217072963715,-1.2554081602707265
COHFACE_s29_session0_lamp,56,26,56.86666666666667,-0.33579742908477783,-1.5049889534307
COHFACE_s29_session0_lamp,56,27,56.9,-0.43770843744277954,-1.6927724010854643
COHFACE_s29_session0_lamp,56,28,56.93333333333333,-0.5132088661193848,-1.7984095275561152
COHFACE_s29_session0_lamp,56,29,56.96666666666667,-0.5768613815307617,-1.8052742939410147
COHFACE_s29_session0_lamp,56,30,57.0,-0.6345222592353821,-1.7049001087176725
COHFACE_s29_session0_lamp,56,31,57.03333333333333,-0.6902093887329102,-1.502147220780638
COHFACE_s29_session0_lamp,56,32,57.06666666666667,-0.7396129369735718,-1.217968244240239
COHFACE_s29_session0_lamp,56,33,57.1,-0.7892868518829346,-0.8865824262184412
COHFACE_s29_session0_lamp,56,34,57.13333333333333,-0.8392960429191589,-0.546590125756714
COHFACE_s29_session0_lamp,56,35,57.166666666666664,-0.8759971857070923,-0.2295471416195364
COHFACE_s29_session0_lamp,56,36,57.2,-0.9085074663162231,0.04798629699725046
COHFACE_s29_session0_lamp,56,37,57.233333333333334,-0.9354966282844543,0.284253178062613
COHFACE_s29_session0_lamp,56,38,57.266666666666666,-0.9471445083618164,0.4844127698966845
COHFACE_s29_session0_lamp,56,39,57.3,-0.9491128921508789,0.6506599863597222
COHFACE_s29_session0_lamp,56,40,57.333333333333336,-0.949296772480011,0.7773707565815529
COHFACE_s29_session0_lamp,56,41,57.36666666666667,-0.9623127579689026,0.8545314214172874
COHFACE_s29_session0_lamp,56,42,57.4,-0.9632591009140015,0.876308420714299
COHFACE_s29_session0_lamp,56,43,57.43333333333333,-0.7002728581428528,0.8479211018592198
COHFACE_s29_session0_lamp,56,44,57.46666666666667,0.1031726598739624,0.7862195771986111
COHFACE_s29_session0_lamp,56,45,57.5,1.0234378576278687,0.7144419801875859
COHFACE_s29_session0_lamp,56,46,57.53333333333333,1.4739044904708862,0.6547353592776598
COHFACE_s29_session0_lamp,56,47,57.56666666666667,1.4493162631988525,0.6218928997794265
COHFACE_s29_session0_lamp,56,48,57.6,1.3022087812423706,0.6198071881144299
COHFACE_s29_session0_lamp,56,49,57.63333333333333,1.2545627355575562,0.6405857982957837
COHFACE_s29_session0_lamp,56,50,57.666666666666664,1.2844611406326294,0.666285197835099
COHFACE_s29_session0_lamp,56,51,57.7,1.2537840604782104,0.6735669334352052
COHFACE_s29_session0_lamp,56,52,57.733333333333334,1.0803146362304688,0.6407486709901568
COHFACE_s29_session0_lamp,56,53,57.766666666666666,0.8775525093078613,0.5551175778720558
COHFACE_s29_session0_lamp,56,54,57.8,0.7437422871589661,0.41745161592723706
COHFACE_s29_session0_lamp,56,55,57.833333333333336,0.6334711313247681,0.2416106134145669
COHFACE_s29_session0_lamp,56,56,57.86666666666667,0.4940802752971649,0.04963430618203739
COHFACE_s29_session0_lamp,56,57,57.9,0.32582923769950867,-0.13502395986802468
COHFACE_s29_session0_lamp,56,58,57.93333333333333,0.14931543171405792,-0.29340087940479637
COHFACE_s29_session0_lamp,56,59,57.96666666666667,-0.00788795668631792,-0.41464632969582005
COHFACE_s29_session0_lamp,56,60,58.0,-0.13794535398483276,-0.4971193990421841
COHFACE_s29_session0_lamp,56,61,58.03333333333333,-0.24502059817314148,-0.5471723475500463
COHFACE_s29_session0_lamp,56,62,58.06666666666667,-0.3261016607284546,-0.5759127125928881
COHFACE_s29_session0_lamp,56,63,58.1,-0.390646368265152,-0.5946583679308645
COHFACE_s29_session0_lamp,56,64,58.13333333333333,-0.45057305693626404,-0.6107325915499991
COHFACE_s29_session0_lamp,56,65,58.166666666666664,-0.507201075553894,-0.6255477081966069
COHFACE_s29_session0_lamp,56,66,58.2,-0.5644077658653259,-0.6357222005147076
COHFACE_s29_session0_lamp,56,67,58.233333333333334,-0.6201002597808838,-0.6361504885874041
COHFACE_s29_session0_lamp,56,68,58.266666666666666,-0.6748411059379578,-0.6229601252333171
COHFACE_s29_session0_lamp,56,69,58.3,-0.7231955528259277,-0.5947741935189317
COHFACE_s29_session0_lamp,56,70,58.333333333333336,-0.7588962912559509,-0.5521860237602135
COHFACE_s29_session0_lamp,56,71,58.36666666666667,-0.7888433933258057,-0.4964658861980343
COHFACE_s29_session0_lamp,56,72,58.4,-0.8151295781135559,-0.42837295153053695
COHFACE_s29_session0_lamp,56,73,58.43333333333333,-0.8411291837692261,-0.3473548199358007
COHFACE_s29_session0_lamp,56,74,58.46666666666667,-0.8444980978965759,-0.2513683150027537
COHFACE_s29_session0_lamp,56,75,58.5,-0.5273712873458862,-0.13764326047903214
COHFACE_s29_session0_lamp,56,76,58.53333333333333,0.3559439778327942,-0.004266981838817289
COHFACE_s29_session0_lamp,56,77,58.56666666666667,1.2805569171905518,0.14818393162107865
COHFACE_s29_session0_lamp,56,78,58.6,1.675704002380371,0.31588464061102106
COHFACE_s29_session0_lamp,56,79,58.63333333333333,1.6057517528533936,0.4921298136277452
COHFACE_s29_session0_lamp,56,80,58.666666666666664,1.4243007898330688,0.6680420232070335
COHFACE_s29_session0_lamp,56,81,58.7,1.3543647527694702,0.8326409377161431
COHFACE_s29_session0_lamp,56,82,58.733333333333334,1.3672293424606323,0.9724570064196647
COHFACE_s29_session0_lamp,56,83,58.766666666666666,1.2981206178665161,1.0719900834762075
COHFACE_s29_session0_lamp,56,84,58.8,1.0824397802352905,1.1159505273620922
COHFACE_s29_session0_lamp,56,85,58.833333333333336,0.8566414713859558,1.0928230501172704
COHFACE_s29_session0_lamp,56,86,58.86666666666667,0.704645574092865,0.9981976611436925
COHFACE_s29_session0_lamp,56,87,58.9,0.5763726234436035,0.8363939032163308
COHFACE_s29_session0_lamp,56,88,58.93333333333333,0.42378732562065125,0.6200333882621472
COHFACE_s29_session0_lamp,56,89,58.96666666666667,0.23354369401931763,0.3681102786262146
COHFACE_s29_session0_lamp,56,90,59.0,0.032149672508239746,0.10294273876664123
COHFACE_s29_session0_lamp,56,91,59.03333333333333,-0.14164413511753082,-0.15382662318717483
COHFACE_s29_session0_lamp,56,92,59.06666666666667,-0.28567469120025635,-0.38530155958937695
COHFACE_s29_session0_lamp,56,93,59.1,-0.39528608322143555,-0.5818690498252708
COHFACE_s29_session0_lamp,56,94,59.13333333333333,-0.4718247950077057,-0.7410739205279095
COHFACE_s29_session0_lamp,56,95,59.166666666666664,-0.5378079414367676,-0.8651515757389483
COHFACE_s29_session0_lamp,56,96,59.2,-0.6012657284736633,-0.9578403695395602
COHFACE_s29_session0_lamp,56,97,59.233333333333334,-0.6602892875671387,-1.0221639971112146
COHFACE_s29_session0_lamp,56,98,59.266666666666666,-0.7130617499351501,-1.0595834540457447
COHFACE_s29_session0_lamp,56,99,59.3,-0.7696735858917236,-1.0696477542860912
COHFACE_s29_session0_lamp,56,100,59.333333333333336,-0.8267342448234558,-1.0493415378372652
COHFACE_s29_session0_lamp,56,101,59.36666666666667,-0.8786901235580444,-0.9924574823265602
COHFACE_s29_session0_lamp,56,102,59.4,-0.9144449830055237,-0.8903005307734212
COHFACE_s29_session0_lamp,56,103,59.43333333333333,-0.9342096447944641,-0.7347610305243547
COHFACE_s29_session0_lamp,56,104,59.46666666666667,-0.9447814226150513,-0.5231310291286964
COHFACE_s29_session0_lamp,56,105,59.5,-0.957678496837616,-0.2622623023377463
COHFACE_s29_session0_lamp,56,106,59.53333333333333,-0.9826397895812988,0.03067994490341899
COHFACE_s29_session0_lamp,56,107,59.56666666666667,-0.9536714553833008,0.3320116517289904
COHFACE_s29_session0_lamp,56,108,59.6,-0.5132088661193848,0.6182251969494644
COHFACE_s29_session0_lamp,56,109,59.63333333333333,0.5300189852714539,0.8717708925143712
COHFACE_s29_session0_lamp,56,110,59.666666666666664,1.521718144416809,1.0822957230274217
COHFACE_s29_session0_lamp,56,111,59.7,1.8683161735534668,1.2427215669640526
COHFACE_s29_session0_lamp,56,112,59.733333333333334,1.7584776878356934,1.3437618476014745
COHFACE_s29_session0_lamp,56,113,59.766666666666666,1.6167182922363281,1.3721478790639487
COHFACE_s29_session0_lamp,56,114,59.8,1.597964882850647,1.3148813733512787
COHFACE_s29_session0_lamp,56,115,59.833333333333336,1.6158368587493896,1.1670233232120641
COHFACE_s29_session0_lamp,56,116,59.86666666666667,1.5211882591247559,0.9379707365214679
COHFACE_s29_session0_lamp,56,117,59.9,1.2500852346420288,0.652247823345555
COHFACE_s29_session0_lamp,56,118,59.93333333333333,0.9514036774635315,0.34432062605499286
COHFACE_s29_session0_lamp,56,119,59.96666666666667,0.7538111805915833,0.05008144976062068
COHFACE_s29_session0_lamp,56,120,60.0,0.6117867827415466,-0.20153924752540744
COHFACE_s29_session0_lamp,56,121,60.03333333333333,0.448727011680603,-0.3941787554208301
COHFACE_s29_session0_lamp,56,122,60.06666666666667,0.2512480616569519,-0.5252690391550683
COHFACE_s29_session0_lamp,56,123,60.1,0.05015686899423599,-0.6028000157224113
COHFACE_s29_session0_lamp,56,124,60.13333333333333,-0.122176893055439,-0.6396392661518465
COHFACE_s29_session0_lamp,56,125,60.166666666666664,-0.2637253701686859,-0.6485622550155347
COHFACE_s29_session0_lamp,56,126,60.2,-0.38172391057014465,-0.640046836108568
COHFACE_s29_session0_lamp,56,127,60.233333333333334,-0.47545868158340454,-0.6225400038488976
COHFACE_s29_session0_lamp,56,128,60.266666666666666,-0.5469845533370972,-0.6032357977808674
COHFACE_s29_session0_lamp,56,129,60.3,-0.6126540303230286,-0.5875915805144575
COHFACE_s29_session0_lamp,56,130,60.333333333333336,-0.6786479949951172,-0.5776219479338168
COHFACE_s29_session0_lamp,56,131,60.36666666666667,-0.7395750880241394,-0.5706751972282934
COHFACE_s29_session0_lamp,56,132,60.4,-0.803092360496521,-0.5603039007776217
COHFACE_s29_session0_lamp,56,133,60.43333333333333,-0.8621159791946411,-0.5391595331218062
COHFACE_s29_session0_lamp,56,134,60.46666666666667,-0.9109841585159302,-0.5020576396927139
COHFACE_s29_session0_lamp,56,135,60.5,-0.9523249864578247,-0.44728198781808326
COHFACE_s29_session0_lamp,56,136,60.53333333333333,-0.9852949380874634,-0.37613586228353096
COHFACE_s29_session0_lamp,56,137,60.56666666666667,-1.0101426839828491,-0.29231575100939705
COHFACE_s29_session0_lamp,56,138,60.6,-1.0241752862930298,-0.20188454390631513
COHFACE_s29_session0_lamp,56,139,60.63333333333333,-1.032108187675476,-0.1127911230329553
COHFACE_s29_session0_lamp,56,140,60.666666666666664,-1.0418472290039062,-0.032416103673340205
COHFACE_s29_session0_lamp,56,141,60.7,-1.059151530265808,0.03673973631556636
COHFACE_s29_session0_lamp,56,142,60.733333333333334,-1.023894190788269,0.1005620952702157
COHFACE_s29_session0_lamp,56,143,60.766666666666666,-0.5485256910324097,0.17251695402898792
COHFACE_s29_session0_lamp,56,144,60.8,0.5478855967521667,0.26742288801268194
COHFACE_s29_session0_lamp,56,145,60.833333333333336,1.5541365146636963,0.39271665664721295
COHFACE_s29_session0_lamp,56,146,60.86666666666667,1.8676023483276367,0.542677507872278
COHFACE_s29_session0_lamp,56,147,60.9,1.718110203742981,0.6998802131797877
COHFACE_s29_session0_lamp,56,148,60.93333333333333,1.5547205209732056,0.8434024140336409
COHFACE_s29_session0_lamp,56,149,60.96666666666667,1.5295212268829346,0.9584343720338634
COHFACE_s29_session0_lamp,56,150,61.0,1.5525412559509277,1.0407339445063273
COHFACE_s29_session0_lamp,56,151,61.03333333333333,1.4484888315200806,1.093006711718233
COHFACE_s29_session0_lamp,56,152,61.06666666666667,1.1726704835891724,1.1165413668907762
COHFACE_s29_session0_lamp,56,153,61.1,0.884636402130127,1.1051737168754523
COHFACE_s29_session0_lamp,56,154,61.13333333333333,0.6933004856109619,1.0464614176050742
COHFACE_s29_session0_lamp,56,155,61.166666666666664,0.5498160719871521,0.929050058260044
COHFACE_s29_session0_lamp,56,156,61.2,0.39458104968070984,0.7504820516826183
COHFACE_s29_session0_lamp,56,157,61.233333333333334,0.2067924588918686,0.5196857882563407
COHFACE_s29_session0_lamp,56,158,61.266666666666666,0.008075181394815445,0.2530462211351282
COHFACE_s29_session0_lamp,56,159,61.3,-0.16539417207241058,-0.03217268874889869
COHFACE_s29_session0_lamp,56,160,61.333333333333336,-0.3067966401576996,-0.32241349832993116
COHFACE_s29_session0_lamp,56,161,61.36666666666667,-0.4160727560520172,-0.6083125035917178
COHFACE_s29_session0_lamp,56,162,61.4,-0.496677964925766,-0.8820303108447949
COHFACE_s29_session0_lamp,56,163,61.43333333333333,-0.5641751885414124,-1.1340972245009788
COHFACE_s29_session0_lamp,56,164,61.46666666666667,-0.6225120425224304,-1.3522811029255148
COHFACE_s29_session0_lamp,56,165,61.5,-0.680270254611969,-1.5232817790199609
COHFACE_s29_session0_lamp,56,166,61.53333333333333,-0.7416894435882568,-1.6359491804374777
COHFACE_s29_session0_lamp,56,167,61.56666666666667,-0.7934182286262512,-1.6837389012217643
COHFACE_s29_session0_lamp,56,168,61.6,-0.845514714717865,-1.6649909802007263
COHFACE_s29_session0_lamp,56,169,61.63333333333333,-0.8962485194206238,-1.5813955030776754
COHFACE_s29_session0_lamp,56,170,61.666666666666664,-0.9326414465904236,-1.4361894078022035
COHFACE_s29_session0_lamp,56,171,61.7,-0.9587491750717163,-1.2334775888382543
COHFACE_s29_session0_lamp,56,172,61.733333333333334,-0.9808390736579895,-0.9788684073340076
COHFACE_s29_session0_lamp,56,173,61.766666666666666,-0.996775209903717,-0.6805078961840266
COHFACE_s29_session0_lamp,56,174,61.8,-1.0002306699752808,-0.3494979305122061
COHFACE_s29_session0_lamp,56,175,61.833333333333336,-0.9996411800384521,0.0007281937937897009
COHFACE_s29_session0_lamp,56,176,61.86666666666667,-1.007795810699463,0.35589523652296967
COHFACE_s29_session0_lamp,56,177,61.9,-1.0191625356674194,0.7024773312654851
COHFACE_s29_session0_lamp,56,178,61.93333333333333,-0.9079504609107971,1.0282009790540836
COHFACE_s29_session0_lamp,56,179,61.96666666666667,-0.22903041541576385,1.3209314607283469
COHFACE_s29_session0_lamp,56,180,62.0,0.9247227311134338,1.567232522024843
COHFACE_s29_session0_lamp,56,181,62.03333333333333,1.7382642030715942,1.752755108880111
COHFACE_s29_session0_lamp,56,182,62.06666666666667,1.8569549322128296,1.865012720593282
COHFACE_s29_session0_lamp,56,183,62.1,1.6261274814605713,1.8966829583966471
COHFACE_s29_session0_lamp,56,184,62.13333333333333,1.4468071460723877,1.8468432028056134
COHFACE_s29_session0_lamp,56,185,62.166666666666664,1.4233274459838867,1.7192062515839284
COHFACE_s29_session0_lamp,56,186,62.2,1.4234896898269653,1.5191894074495462
COHFACE_s29_session0_lamp,56,187,62.233333333333334,1.271758794784546,1.252878183735852
COHFACE_s29_session0_lamp,56,188,62.266666666666666,1.010421872138977,0.9291508475090983
COHFACE_s29_session0_lamp,56,189,62.3,0.8084384202957153,0.5631819582533969
COHFACE_s29_session0_lamp,56,190,62.333333333333336,0.6840859651565552,0.1780233837908014
COHFACE_s29_session0_lamp,56,191,62.36666666666667,0.5652114152908325,-0.19787843827151513
COHFACE_s29_session0_lamp,56,192,62.4,0.39461350440979004,-0.536411877629419
COHFACE_s29_session0_lamp,56,193,62.43333333333333,0.19613415002822876,-0.8157343727063919
COHFACE_s29_session0_lamp,56,194,62.46666666666667,0.021329129114747047,-1.023724662269019
COHFACE_s29_session0_lamp,56,195,62.5,-0.12439940124750137,-1.158307993147997
COHFACE_s29_session0_lamp,56,196,62.53333333333333,-0.24334965646266937,-1.2257510610409235
COHFACE_s29_session0_lamp,56,197,62.56666666666667,-0.3311631381511688,-1.2384197326243842
COHFACE_s29_session0_lamp,56,198,62.6,-0.397995263338089,-1.2126343641699773
COHFACE_s29_session0_lamp,56,199,62.63333333333333,-0.45724597573280334,-1.166107171354303
COHFACE_s29_session0_lamp,56,200,62.666666666666664,-0.5175566077232361,-1.1140977734153026
COHFACE_s29_session0_lamp,56,201,62.7,-0.5722919702529907,-1.0643268119258118
COHFACE_s29_session0_lamp,56,202,62.733333333333334,-0.6310127377510071,-1.0124410531209034
COHFACE_s29_session0_lamp,56,203,62.766666666666666,-0.6948490738868713,-0.941283351812868
COHFACE_s29_session0_lamp,56,204,62.8,-0.7509688138961792,-0.8269305530067312
COHFACE_s29_session0_lamp,56,205,62.833333333333336,-0.7965329885482788,-0.6512840786108147
COHFACE_s29_session0_lamp,56,206,62.86666666666667,-0.8380576968193054,-0.4158536170264736
COHFACE_s29_session0_lamp,56,207,62.9,-0.8728013038635254,-0.1482049614889963
COHFACE_s29_session0_lamp,56,208,62.93333333333333,-0.8904299736022949,0.10513395808452992
COHFACE_s29_session0_lamp,56,209,62.96666666666667,-0.9024185538291931,0.2980524839336091
COHFACE_s29_session0_lamp,56,210,63.0,-0.9241786003112793,0.4067876024071904
COHFACE_s29_session0_lamp,56,211,63.03333333333333,-0.9230916500091553,0.44152945730422366
COHFACE_s29_session0_lamp,56,212,63.06666666666667,-0.5678902268409729,0.4404035961363532
COHFACE_s29_session0_lamp,56,213,63.1,0.4616943597793579,0.4490188014972979
COHFACE_s29_session0_lamp,56,214,63.13333333333333,1.5422290563583374,0.4971662523029589
COHFACE_s29_session0_lamp,56,215,63.166666666666664,1.9512412548065186,0.5855225927917297
COHFACE_s29_session0_lamp,56,216,63.2,1.7930915355682373,0.6886563043405829
COHFACE_s29_session0_lamp,56,217,63.233333333333334,1.5415098667144775,0.7707951734387746
COHFACE_s29_session0_lamp,56,218,63.266666666666666,1.431314468383789,0.8039776125378459
COHFACE_s29_session0_lamp,56,219,63.3,1.4255661964416504,0.7784161134626864
COHFACE_s29_session0_lamp,56,220,63.333333333333336,1.3475944995880127,0.7016261784566603
COHFACE_s29_session0_lamp,56,221,63.36666666666667,1.1045567989349365,0.5903903121301142
COHFACE_s29_session0_lamp,56,222,63.4,0.8425223231315613,0.46233094043506234
COHFACE_s29_session0_lamp,56,223,63.43333333333333,0.676093578338623,0.33144837104397207
COHFACE_s29_session0_lamp,56,224,63.46666666666667,0.549329400062561,0.20763598092374838
COHFACE_s29_session0_lamp,56,225,63.5,0.39050915837287903,0.09752894214802718
COHFACE_s29_session0_lamp,56,226,63.53333333333333,0.190034419298172,0.004702682562787835
COHFACE_s29_session0_lamp,56,227,63.56666666666667,-0.014717714861035347,-0.07067078791790883
COHFACE_s29_session0_lamp,56,228,63.6,-0.1975475698709488,-0.1316609908646518
COHFACE_s29_session0_lamp,56,229,63.63333333333333,-0.3480239510536194,-0.18333556003406373
COHFACE_s29_session0_lamp,56,230,63.666666666666664,-0.45910078287124634,-0.23072241623145417
COHFACE_s29_session0_lamp,56,231,63.7,-0.5349473357200623,-0.27679476282357174
COHFACE_s29_session0_lamp,56,232,63.733333333333334,-0.5884930491447449,-0.3212478152964116
COHFACE_s29_session0_lamp,56,233,63.766666666666666,-0.6426444053649902,-0.360408486717169
COHFACE_s29_session0_lamp,56,234,63.8,-0.7011813521385193,-0.3881867003175076
COHFACE_s29_session0_lamp,56,235,63.833333333333336,-0.7610593438148499,-0.39777063332868423
COHFACE_s29_session0_lamp,56,236,63.86666666666667,-0.8209859728813171,-0.3837597490615227
COHFACE_s29_session0_lamp,56,237,63.9,-0.8766136169433594,-0.3443292809764008
COHFACE_s29_session0_lamp,56,238,63.93333333333333,-0.9272284507751465,-0.2827061072179745
COHFACE_s29_session0_lamp,56,239,63.96666666666667,-0.9673039317131042,-0.20710277598347257
COHFACE_s29_session0_lamp,57,0,57.0,-0.6345222592353821,-0.10846455660284224
COHFACE_s29_session0_lamp,57,1,57.03333333333333,-0.6902093887329102,0.18148578444660574
COHFACE_s29_session0_lamp,57,2,57.06666666666667,-0.7396129369735718,0.4216303349278259
COHFACE_s29_session0_lamp,57,3,57.1,-0.7892868518829346,0.5807490881920577
COHFACE_s29_session0_lamp,57,4,57.13333333333333,-0.8392960429191589,0.6581272793976668
COHFACE_s29_session0_lamp,57,5,57.166666666666664,-0.8759971857070923,0.6809595436247787
COHFACE_s29_session0_lamp,57,6,57.2,-0.9085074663162231,0.688811475537624
COHFACE_s29_session0_lamp,57,7,57.233333333333334,-0.9354966282844543,0.7131295735687112
COHFACE_s29_session0_lamp,57,8,57.266666666666666,-0.9471445083618164,0.7622396924668684
COHFACE_s29_session0_lamp,57,9,57.3,-0.9491128921508789,0.8192171004395992
COHFACE_s29_session0_lamp,57,10,57.333333333333336,-0.949296772480011,0.8537598654651566
COHFACE_s29_session0_lamp,57,11,57.36666666666667,-0.9623127579689026,0.8415139682475582
COHFACE_s29_session0_lamp,57,12,57.4,-0.9632591009140015,0.7785510637796599
COHFACE_s29_session0_lamp,57,13,57.43333333333333,-0.7002728581428528,0.681318295949561
COHFACE_s29_session0_lamp,57,14,57.46666666666667,0.1031726598739624,0.5741795310979794
COHFACE_s29_session0_lamp,57,15,57.5,1.0234378576278687,0.47623081933726685
COHFACE_s29_session0_lamp,57,16,57.53333333333333,1.4739044904708862,0.39653633227766977
COHFACE_s29_session0_lamp,57,17,57.56666666666667,1.4493162631988525,0.33718918482899474
COHFACE_s29_session0_lamp,57,18,57.6,1.3022087812423706,0.2971241782623778
COHFACE_s29_session0_lamp,57,19,57.63333333333333,1.2545627355575562,0.2710869625949509
COHFACE_s29_session0_lamp,57,20,57.666666666666664,1.2844611406326294,0.24532419309047357
COHFACE_s29_session0_lamp,57,21,57.7,1.2537840604782104,0.19682443840434188
COHFACE_s29_session0_lamp,57,22,57.733333333333334,1.0803146362304688,0.10062790158963397
COHFACE_s29_session0_lamp,57,23,57.766666666666666,0.8775525093078613,-0.05755397945134931
COHFACE_s29_session0_lamp,57,24,57.8,0.7437422871589661,-0.2716966710462024
COHFACE_s29_session0_lamp,57,25,57.833333333333336,0.6334711313247681,-0.5158859553404829
COHFACE_s29_session0_lamp,57,26,57.86666666666667,0.4940802752971649,-0.7543105419031982
COHFACE_s29_session0_lamp,57,27,57.9,0.32582923769950867,-0.9535328244382814
COHFACE_s29_session0_lamp,57,28,57.93333333333333,0.14931543171405792,-1.0899991344145017
COHFACE_s29_session0_lamp,57,29,57.96666666666667,-0.00788795668631792,-1.1510565391369332
COHFACE_s29_session0_lamp,57,30,58.0,-0.13794535398483276,-1.1325026671175464
COHFACE_s29_session0_lamp,57,31,58.03333333333333,-0.24502059817314148,-1.0367081241739078
COHFACE_s29_session0_lamp,57,32,58.06666666666667,-0.3261016607284546,-0.8727970479903833
COHFACE_s29_session0_lamp,57,33,58.1,-0.390646368265152,-0.6573954804171529
COHFACE_s29_session0_lamp,57,34,58.13333333333333,-0.45057305693626404,-0.4138952763925468
COHFACE_s29_session0_lamp,57,35,58.166666666666664,-0.507201075553894,-0.16949803414628944
COHFACE_s29_session0_lamp,57,36,58.2,-0.5644077658653259,0.04935199774811212
COHFACE_s29_session0_lamp,57,37,58.233333333333334,-0.6201002597808838,0.2217815560790675
COHFACE_s29_session0_lamp,57,38,58.266666666666666,-0.6748411059379578,0.3359509124815107
COHFACE_s29_session0_lamp,57,39,58.3,-0.7231955528259277,0.3899560240317902
COHFACE_s29_session0_lamp,57,40,58.333333333333336,-0.7588962912559509,0.390006234958076
COHFACE_s29_session0_lamp,57,41,58.36666666666667,-0.7888433933258057,0.34711954669307615
COHFACE_s29_session0_lamp,57,42,58.4,-0.8151295781135559,0.27451533471943396
COHFACE_s29_session0_lamp,57,43,58.43333333333333,-0.8411291837692261,0.18703522313320706
COHFACE_s29_session0_lamp,57,44,58.46666666666667,-0.8444980978965759,0.10139756784116621
COHFACE_s29_session0_lamp,57,45,58.5,-0.5273712873458862,0.034786223245640645
COHFACE_s29_session0_lamp,57,46,58.53333333333333,0.3559439778327942,0.0011759202131570745
COHFACE_s29_session0_lamp,57,47,58.56666666666667,1.2805569171905518,0.00763599507435473
COHFACE_s29_session0_lamp,57,48,58.6,1.675704002380371,0.053413964651351356
COHFACE_s29_session0_lamp,57,49,58.63333333333333,1.6057517528533936,0.13242474029001752
COHFACE_s29_session0_lamp,57,50,58.666666666666664,1.4243007898330688,0.23676967508012783
COHFACE_s29_session0_lamp,57,51,58.7,1.3543647527694702,0.3580018047506787
COHFACE_s29_session0_lamp,57,52,58.733333333333334,1.3672293424606323,0.4852801085090032
COHFACE_s29_session0_lamp,57,53,58.766666666666666,1.2981206178665161,0.6028523525716919
COHFACE_s29_session0_lamp,57,54,58.8,1.0824397802352905,0.6902988511240117
COHFACE_s29_session0_lamp,57,55,58.833333333333336,0.8566414713859558,0.7270507821512125
COHFACE_s29_session0_lamp,57,56,58.86666666666667,0.704645574092865,0.6994406709525861
COHFACE_s29_session0_lamp,57,57,58.9,0.5763726234436035,0.6064782338669419
COHFACE_s29_session0_lamp,57,58,58.93333333333333,0.42378732562065125,0.46119602503617796
COHFACE_s29_session0_lamp,57,59,58.96666666666667,0.23354369401931763,0.2867370972391213
COHFACE_s29_session0_lamp,57,60,59.0,0.032149672508239746,0.10856854601211707
COHFACE_s29_session0_lamp,57,61,59.03333333333333,-0.14164413511753082,-0.054223981029433134
COHFACE_s29_session0_lamp,57,62,59.06666666666667,-0.28567469120025635,-0.19484832871254715
COHFACE_s29_session0_lamp,57,63,59.1,-0.39528608322143555,-0.31912116224039777
COHFACE_s29_session0_lamp,57,64,59.13333333333333,-0.4718247950077057,-0.4401546980756983
COHFACE_s29_session0_lamp,57,65,59.166666666666664,-0.5378079414367676,-0.5703769883238246
COHFACE_s29_session0_lamp,57,66,59.2,-0.6012657284736633,-0.7150169491768507
COHFACE_s29_session0_lamp,57,67,59.233333333333334,-0.6602892875671387,-0.8696939260971489
COHFACE_s29_session0_lamp,57,68,59.266666666666666,-0.7130617499351501,-1.0215932532359844
COHFACE_s29_session0_lamp,57,69,59.3,-0.7696735858917236,-1.151647366141356
COHFACE_s29_session0_lamp,57,70,59.333333333333336,-0.8267342448234558,-1.2360335921193628
COHFACE_s29_session0_lamp,57,71,59.36666666666667,-0.8786901235580444,-1.247785263821387
COHFACE_s29_session0_lamp,57,72,59.4,-0.9144449830055237,-1.1607634708374137
COHFACE_s29_session0_lamp,57,73,59.43333333333333,-0.9342096447944641,-0.9572024364820391
COHFACE_s29_session0_lamp,57,74,59.46666666666667,-0.9447814226150513,-0.6369646764239212
COHFACE_s29_session0_lamp,57,75,59.5,-0.957678496837616,-0.22383332623683644
COHFACE_s29_session0_lamp,57,76,59.53333333333333,-0.9826397895812988,0.23596680742855425
COHFACE_s29_session0_lamp,57,77,59.56666666666667,-0.9536714553833008,0.6846528346667587
COHFACE_s29_session0_lamp,57,78,59.6,-0.5132088661193848,1.0696884571190435
COHFACE_s29_session0_lamp,57,79,59.63333333333333,0.5300189852714539,1.3588828119462149
COHFACE_s29_session0_lamp,57,80,59.666666666666664,1.521718144416809,1.5458928171338933
COHFACE_s29_session0_lamp,57,81,59.7,1.8683161735534668,1.6430824840002318
COHFACE_s29_session0_lamp,57,82,59.733333333333334,1.7584776878356934,1.6665402744645557
COHFACE_s29_session0_lamp,57,83,59.766666666666666,1.6167182922363281,1.6230178075404627
COHFACE_s29_session0_lamp,57,84,59.8,1.597964882850647,1.5064458826289684
COHFACE_s29_session0_lamp,57,85,59.833333333333336,1.6158368587493896,1.3049317245531593
COHFACE_s29_session0_lamp,57,86,59.86666666666667,1.5211882591247559,1.0129853880878923
COHFACE_s29_session0_lamp,57,87,59.9,1.2500852346420288,0.6414481645411232
COHFACE_s29_session0_lamp,57,88,59.93333333333333,0.9514036774635315,0.219740514540896
COHFACE_s29_session0_lamp,57,89,59.96666666666667,0.7538111805915833,-0.21035319431807487
COHFACE_s29_session0_lamp,57,90,60.0,0.6117867827415466,-0.6059056249376457
COHFACE_s29_session0_lamp,57,91,60.03333333333333,0.448727011680603,-0.9335727489295065
COHFACE_s29_session0_lamp,57,92,60.06666666666667,0.2512480616569519,-1.1751177882640338
COHFACE_s29_session0_lamp,57,93,60.1,0.05015686899423599,-1.3262615080779414
COHFACE_s29_session0_lamp,57,94,60.13333333333333,-0.122176893055439,-1.3913668815943545
COHFACE_s29_session0_lamp,57,95,60.166666666666664,-0.2637253701686859,-1.3783192156610273
COHFACE_s29_session0_lamp,57,96,60.2,-0.38172391057014465,-1.2962962634435198
COHFACE_s29_session0_lamp,57,97,60.233333333333334,-0.47545868158340454,-1.1561109341676847
COHFACE_s29_session0_lamp,57,98,60.266666666666666,-0.5469845533370972,-0.9712828036728337
COHFACE_s29_session0_lamp,57,99,60.3,-0.6126540303230286,-0.7583330636388264
COHFACE_s29_session0_lamp,57,100,60.333333333333336,-0.6786479949951172,-0.5358994923927883
COHFACE_s29_session0_lamp,57,101,60.36666666666667,-0.7395750880241394,-0.3231073928688696
COHFACE_s29_session0_lamp,57,102,60.4,-0.803092360496521,-0.13767813757264016
COHFACE_s29_session0_lamp,57,103,60.43333333333333,-0.8621159791946411,0.006343850386703695
COHFACE_s29_session0_lamp,57,104,60.46666666666667,-0.9109841585159302,0.10175370592368521
COHFACE_s29_session0_lamp,57,105,60.5,-0.9523249864578247,0.15162813865074637
COHFACE_s29_session0_lamp,57,106,60.53333333333333,-0.9852949380874634,0.17015384992012006
COHFACE_s29_session0_lamp,57,107,60.56666666666667,-1.0101426839828491,0.17784508140032323
COHFACE_s29_session0_lamp,57,108,60.6,-1.0241752862930298,0.19214014423292589
COHFACE_s29_session0_lamp,57,109,60.63333333333333,-1.032108187675476,0.21901734807397447
COHFACE_s29_session0_lamp,57,110,60.666666666666664,-1.0418472290039062,0.2518967110288957
COHFACE_s29_session0_lamp,57,111,60.7,-1.059151530265808,0.27943257567973584
COHFACE_s29_session0_lamp,57,112,60.733333333333334,-1.023894190788269,0.2967700312035675
COHFACE_s29_session0_lamp,57,113,60.766666666666666,-0.5485256910324097,0.3116415413502432
COHFACE_s29_session0_lamp,57,114,60.8,0.5478855967521667,0.3408691586299062
COHFACE_s29_session0_lamp,57,115,60.833333333333336,1.5541365146636963,0.4003462159348822
COHFACE_s29_session0_lamp,57,116,60.86666666666667,1.8676023483276367,0.49591013169214515
COHFACE_s29_session0_lamp,57,117,60.9,1.718110203742981,0.6208846982894757
COHFACE_s29_session0_lamp,57,118,60.93333333333333,1.5547205209732056,0.7601783736049248
COHFACE_s29_session0_lamp,57,119,60.96666666666667,1.5295212268829346,0.8959793353523174
COHFACE_s29_session0_lamp,57,120,61.0,1.5525412559509277,1.0104407499166115
COHFACE_s29_session0_lamp,57,121,61.03333333333333,1.4484888315200806,1.0850594052312932
COHFACE_s29_session0_lamp,57,122,61.06666666666667,1.1726704835891724,1.1004518105292074
COHFACE_s29_session0_lamp,57,123,61.1,0.884636402130127,1.040177905333484
COHFACE_s29_session0_lamp,57,124,61.13333333333333,0.6933004856109619,0.8978276836217176
COHFACE_s29_session0_lamp,57,125,61.166666666666664,0.5498160719871521,0.682385618889697
COHFACE_s29_session0_lamp,57,126,61.2,0.39458104968070984,0.4172979195543723
COHFACE_s29_session0_lamp,57,127,61.233333333333334,0.2067924588918686,0.13274326171804857
COHFACE_s29_session0_lamp,57,128,61.266666666666666,0.008075181394815445,-0.14520082047765168
COHFACE_s29_session0_lamp,57,129,61.3,-0.16539417207241058,-0.4029512406323448
COHFACE_s29_session0_lamp,57,130,61.333333333333336,-0.3067966401576996,-0.6411039013234408
COHFACE_s29_session0_lamp,57,131,61.36666666666667,-0.4160727560520172,-0.8687234972134558
COHFACE_s29_session0_lamp,57,132,61.4,-0.496677964925766,-1.0935278054372368
COHFACE_s29_session0_lamp,57,133,61.43333333333333,-0.5641751885414124,-1.3134600809054846
COHFACE_s29_session0_lamp,57,134,61.46666666666667,-0.6225120425224304,-1.5142419959849345
COHFACE_s29_session0_lamp,57,135,61.5,-0.680270254611969,-1.6738239077100197
COHFACE_s29_session0_lamp,57,136,61.53333333333333,-0.7416894435882568,-1.7702761471538728
COHFACE_s29_session0_lamp,57,137,61.56666666666667,-0.7934182286262512,-1.7878793656656153
COHFACE_s29_session0_lamp,57,138,61.6,-0.845514714717865,-1.7185470824620017
COHFACE_s29_session0_lamp,57,139,61.63333333333333,-0.8962485194206238,-1.559816989383541
COHFACE_s29_session0_lamp,57,140,61.666666666666664,-0.9326414465904236,-1.3129172718150988
COHFACE_s29_session0_lamp,57,141,61.7,-0.9587491750717163,-0.983442011375962
COHFACE_s29_session0_lamp,57,142,61.733333333333334,-0.9808390736579895,-0.5840640197664271
COHFACE_s29_session0_lamp,57,143,61.766666666666666,-0.996775209903717,-0.13647688962894955
COHFACE_s29_session0_lamp,57,144,61.8,-1.0002306699752808,0.32955634290488034
COHFACE_s29_session0_lamp,57,145,61.833333333333336,-0.9996411800384521,0.7798923420822205
COHFACE_s29_session0_lamp,57,146,61.86666666666667,-1.007795810699463,1.180802007551418
COHFACE_s29_session0_lamp,57,147,61.9,-1.0191625356674194,1.5033117087334127
COHFACE_s29_session0_lamp,57,148,61.93333333333333,-0.9079504609107971,1.7265362377290876
COHFACE_s29_session0_lamp,57,149,61.96666666666667,-0.22903041541576385,1.8402248434088795
COHFACE_s29_session0_lamp,57,150,62.0,0.9247227311134338,1.846538048169072
COHFACE_s29_session0_lamp,57,151,62.03333333333333,1.7382642030715942,1.7602879570471652
COHFACE_s29_session0_lamp,57,152,62.06666666666667,1.8569549322128296,1.606456644633596
COHFACE_s29_session0_lamp,57,153,62.1,1.6261274814605713,1.4144199957622183
COHFACE_s29_session0_lamp,57,154,62.13333333333333,1.4468071460723877,1.2099154767200078
COHFACE_s29_session0_lamp,57,155,62.166666666666664,1.4233274459838867,1.0075182286839455
COHFACE_s29_session0_lamp,57,156,62.2,1.4234896898269653,0.8070539399524167
COHFACE_s29_session0_lamp,57,157,62.233333333333334,1.271758794784546,0.5962166500183756
COHFACE_s29_session0_lamp,57,158,62.266666666666666,1.010421872138977,0.35886643125667483
COHFACE_s29_session0_lamp,57,159,62.3,0.8084384202957153,0.08543976601694923
COHFACE_s29_session0_lamp,57,160,62.333333333333336,0.6840859651565552,-0.2195575309709616
COHFACE_s29_session0_lamp,57,161,62.36666666666667,0.5652114152908325,-0.5365777535579273
COHFACE_s29_session0_lamp,57,162,62.4,0.39461350440979004,-0.8363567870017551
COHFACE_s29_session0_lamp,57,163,62.43333333333333,0.19613415002822876,-1.0880396037895494
COHFACE_s29_session0_lamp,57,164,62.46666666666667,0.021329129114747047,-1.2663433797641386
COHFACE_s29_session0_lamp,57,165,62.5,-0.12439940124750137,-1.3559781264330657
COHFACE_s29_session0_lamp,57,166,62.53333333333333,-0.24334965646266937,-1.3535948205981945
COHFACE_s29_session0_lamp,57,167,62.56666666666667,-0.3311631381511688,-1.2683682832692067
COHFACE_s29_session0_lamp,57,168,62.6,-0.397995263338089,-1.1217422435041464
COHFACE_s29_session0_lamp,57,169,62.63333333333333,-0.45724597573280334,-0.9454715475126801
COHFACE_s29_session0_lamp,57,170,62.666666666666664,-0.5175566077232361,-0.7761296033378675
COHFACE_s29_session0_lamp,57,171,62.7,-0.5722919702529907,-0.6451552243320443
COHFACE_s29_session0_lamp,57,172,62.733333333333334,-0.6310127377510071,-0.5666515221404499
COHFACE_s29_session0_lamp,57,173,62.766666666666666,-0.6948490738868713,-0.5288716512585783
COHFACE_s29_session0_lamp,57,174,62.8,-0.7509688138961792,-0.4965565768630265
COHFACE_s29_session0_lamp,57,175,62.833333333333336,-0.7965329885482788,-0.42681591740016656
COHFACE_s29_session0_lamp,57,176,62.86666666666667,-0.8380576968193054,-0.2918936539381086
COHFACE_s29_session0_lamp,57,177,62.9,-0.8728013038635254,-0.09546429421210124
COHFACE_s29_session0_lamp,57,178,62.93333333333333,-0.8904299736022949,0.1282569251143068
COHFACE_s29_session0_lamp,57,179,62.96666666666667,-0.9024185538291931,0.3329019443411031
COHFACE_s29_session0_lamp,57,180,63.0,-0.9241786003112793,0.48500184942286456
COHFACE_s29_session0_lamp,57,181,63.03333333333333,-0.9230916500091553,0.5806259033264035
COHFACE_s29_session0_lamp,57,182,63.06666666666667,-0.5678902268409729,0.6443362592996766
COHFACE_s29_session0_lamp,57,183,63.1,0.4616943597793579,0.7121904684497303
COHFACE_s29_session0_lamp,57,184,63.13333333333333,1.5422290563583374,0.8091634372379679
COHFACE_s29_session0_lamp,57,185,63.166666666666664,1.9512412548065186,0.933506706751214
COHFACE_s29_session0_lamp,57,186,63.2,1.7930915355682373,1.0560322150740742
COHFACE_s29_session0_lamp,57,187,63.233333333333334,1.5415098667144775,1.1340005416688268
COHFACE_s29_session0_lamp,57,188,63.266666666666666,1.431314468383789,1.1316287577407054
COHFACE_s29_session0_lamp,57,189,63.3,1.4255661964416504,1.0362029321001465
COHFACE_s29_session0_lamp,57,190,63.333333333333336,1.3475944995880127,0.8619619706213463
COHFACE_s29_session0_lamp,57,191,63.36666666666667,1.1045567989349365,0.6412505679442525
COHFACE_s29_session0_lamp,57,192,63.4,0.8425223231315613,0.40954467235017605
COHFACE_s29_session0_lamp,57,193,63.43333333333333,0.676093578338623,0.19323356260999794
COHFACE_s29_session0_lamp,57,194,63.46666666666667,0.549329400062561,0.005140167908203068
COHFACE_s29_session0_lamp,57,195,63.5,0.39050915837287903,-0.15316678012511029
COHFACE_s29_session0_lamp,57,196,63.53333333333333,0.190034419298172,-0.286257421484695
COHFACE_s29_session0_lamp,57,197,63.56666666666667,-0.014717714861035347,-0.40033138340209273
COHFACE_s29_session0_lamp,57,198,63.6,-0.1975475698709488,-0.5005134551259051
COHFACE_s29_session0_lamp,57,199,63.63333333333333,-0.3480239510536194,-0.5895281933724345
COHFACE_s29_session0_lamp,57,200,63.666666666666664,-0.45910078287124634,-0.6673252837147003
COHFACE_s29_session0_lamp,57,201,63.7,-0.5349473357200623,-0.7318789683784587
COHFACE_s29_session0_lamp,57,202,63.733333333333334,-0.5884930491447449,-0.7812738528100766
COHFACE_s29_session0_lamp,57,203,63.766666666666666,-0.6426444053649902,-0.8161831481239451
COHFACE_s29_session0_lamp,57,204,63.8,-0.7011813521385193,-0.8408483974619834
COHFACE_s29_session0_lamp,57,205,63.833333333333336,-0.7610593438148499,-0.8609210358174909
COHFACE_s29_session0_lamp,57,206,63.86666666666667,-0.8209859728813171,-0.8784553939588436
COHFACE_s29_session0_lamp,57,207,63.9,-0.8766136169433594,-0.8867184073019967
COHFACE_s29_session0_lamp,57,208,63.93333333333333,-0.9272284507751465,-0.8685071682974326
COHFACE_s29_session0_lamp,57,209,63.96666666666667,-0.9673039317131042,-0.8003322859997325
COHFACE_s29_session0_lamp,57,210,64.0,-1.003913164138794,-0.6615776255175697
COHFACE_s29_session0_lamp,57,211,64.03333333333333,-1.0274956226348877,-0.444640270492137
COHFACE_s29_session0_lamp,57,212,64.06666666666666,-1.0366289615631104,-0.16111390101663114
COHFACE_s29_session0_lamp,57,213,64.1,-1.0380457639694214,0.15934314868390176
COHFACE_s29_session0_lamp,57,214,64.13333333333334,-1.0406414270401,0.4775804240906924
COHFACE_s29_session0_lamp,57,215,64.16666666666667,-1.0502289533615112,0.7574656139560267
COHFACE_s29_session0_lamp,57,216,64.2,-1.0382566452026367,0.9764154000306734
COHFACE_s29_session0_lamp,57,217,64.23333333333333,-0.6357335448265076,1.128592677507081
COHFACE_s29_session0_lamp,57,218,64.26666666666667,0.49346923828125,1.2193550117060643
COHFACE_s29_session0_lamp,57,219,64.3,1.6721187829971313,1.254758195615331
COHFACE_s29_session0_lamp,57,220,64.33333333333333,2.1326920986175537,1.233202393970675
COHFACE_s29_session0_lamp,57,221,64.36666666666666,1.9932202100753784,1.1451525583611548
COHFACE_s29_session0_lamp,57,222,64.4,1.748154640197754,0.9813903044041673
COHFACE_s29_session0_lamp,57,223,64.43333333333334,1.6491150856018066,0.744218324189813
COHFACE_s29_session0_lamp,57,224,64.46666666666667,1.6620229482650757,0.4538138205980838
COHFACE_s29_session0_lamp,57,225,64.5,1.6117541790008545,0.14521650704448322
COHFACE_s29_session0_lamp,57,226,64.53333333333333,1.3608916997909546,-0.14187293691476266
COHFACE_s29_session0_lamp,57,227,64.56666666666666,1.0372812747955322,-0.3738680608050855
COHFACE_s29_session0_lamp,57,228,64.6,0.8049180507659912,-0.5295840108348692
COHFACE_s29_session0_lamp,57,229,64.63333333333334,0.6446323990821838,-0.6016829613877427
COHFACE_s29_session0_lamp,57,230,64.66666666666667,0.4824918806552887,-0.5958428847720166
COHFACE_s29_session0_lamp,57,231,64.7,0.28548339009284973,-0.529555808157865
COHFACE_s29_session0_lamp,57,232,64.73333333333333,0.0812666043639183,-0.4297354428125504
COHFACE_s29_session0_lamp,57,233,64.76666666666667,-0.10524579882621765,-0.3271142971400943
COHFACE_s29_session0_lamp,57,234,64.8,-0.26135143637657166,-0.2477656204491559
COHFACE_s29_session0_lamp,57,235,64.83333333333333,-0.3843952417373657,-0.20548102873102073
COHFACE_s29_session0_lamp,57,236,64.86666666666666,-0.47602105140686035,-0.199453490155271
COHFACE_s29_session0_lamp,57,237,64.9,-0.5458489656448364,-0.21871247525672532
COHFACE_s29_session0_lamp,57,238,64.93333333333334,-0.605597198009491,-0.2500179145889481
COHFACE_s29_session0_lamp,57,239,64.96666666666667,-0.6674813628196716,-0.2836122202562218
COHFACE_s29_session0_lamp,58,0,58.0,-0.13794535398483276,-0.03251784467186246
COHFACE_s29_session0_lamp,58,1,58.03333333333333,-0.24502059817314148,0.294921290228194
COHFACE_s29_session0_lamp,58,2,58.06666666666667,-0.3261016607284546,0.5785817979311139
COHFACE_s29_session0_lamp,58,3,58.1,-0.390646368265152,0.7850083482087848
COHFACE_s29_session0_lamp,58,4,58.13333333333333,-0.45057305693626404,0.9008386735698545
COHFACE_s29_session0_lamp,58,5,58.166666666666664,-0.507201075553894,0.935541438045197
COHFACE_s29_session0_lamp,58,6,58.2,-0.5644077658653259,0.9159595153123051
COHFACE_s29_session0_lamp,58,7,58.233333333333334,-0.6201002597808838,0.8741016778015054
COHFACE_s29_session0_lamp,58,8,58.266666666666666,-0.6748411059379578,0.8327326323381922
COHFACE_s29_session0_lamp,58,9,58.3,-0.7231955528259277,0.7951326620411473
COHFACE_s29_session0_lamp,58,10,58.333333333333336,-0.7588962912559509,0.7451887990169178
COHFACE_s29_session0_lamp,58,11,58.36666666666667,-0.7888433933258057,0.6595221301214712
COHFACE_s29_session0_lamp,58,12,58.4,-0.8151295781135559,0.5252453567463122
COHFACE_s29_session0_lamp,58,13,58.43333333333333,-0.8411291837692261,0.3518482844997015
COHFACE_s29_session0_lamp,58,14,58.46666666666667,-0.8444980978965759,0.1691111177039697
COHFACE_s29_session0_lamp,58,15,58.5,-0.5273712873458862,0.012180198587736108
COHFACE_s29_session0_lamp,58,16,58.53333333333333,0.3559439778327942,-0.09672075195663898
COHFACE_s29_session0_lamp,58,17,58.56666666666667,1.2805569171905518,-0.15821699263190056
COHFACE_s29_session0_lamp,58,18,58.6,1.675704002380371,-0.19094550760831597
COHFACE_s29_session0_lamp,58,19,58.63333333333333,1.6057517528533936,-0.21539482712662467
COHFACE_s29_session0_lamp,58,20,58.666666666666664,1.4243007898330688,-0.23808446025616498
COHFACE_s29_session0_lamp,58,21,58.7,1.3543647527694702,-0.2477586154573136
COHFACE_s29_session0_lamp,58,22,58.733333333333334,1.3672293424606323,-0.22586178932195303
COHFACE_s29_session0_lamp,58,23,58.766666666666666,1.2981206178665161,-0.16278844152359154
COHFACE_s29_session0_lamp,58,24,58.8,1.0824397802352905,-0.06811995066586984
COHFACE_s29_session0_lamp,58,25,58.833333333333336,0.8566414713859558,0.03176924448665012
COHFACE_s29_session0_lamp,58,26,58.86666666666667,0.704645574092865,0.10646653832540706
COHFACE_s29_session0_lamp,58,27,58.9,0.5763726234436035,0.13584852287844795
COHFACE_s29_session0_lamp,58,28,58.93333333333333,0.42378732562065125,0.11707214396040362
COHFACE_s29_session0_lamp,58,29,58.96666666666667,0.23354369401931763,0.060988834506708514
COHFACE_s29_session0_lamp,58,30,59.0,0.032149672508239746,-0.017918670456769595
COHFACE_s29_session0_lamp,58,31,59.03333333333333,-0.14164413511753082,-0.11022799714012392
COHFACE_s29_session0_lamp,58,32,59.06666666666667,-0.28567469120025635,-0.2134957177859459
COHFACE_s29_session0_lamp,58,33,59.1,-0.39528608322143555,-0.3278045251603393
COHFACE_s29_session0_lamp,58,34,59.13333333333333,-0.4718247950077057,-0.44970732380814815
COHFACE_s29_session0_lamp,58,35,59.166666666666664,-0.5378079414367676,-0.5696797965456147
COHFACE_s29_session0_lamp,58,36,59.2,-0.6012657284736633,-0.674833633231212
COHFACE_s29_session0_lamp,58,37,59.233333333333334,-0.6602892875671387,-0.7544056186884506
COHFACE_s29_session0_lamp,58,38,59.266666666666666,-0.7130617499351501,-0.8035463476698393
COHFACE_s29_session0_lamp,58,39,59.3,-0.7696735858917236,-0.8223421260277096
COHFACE_s29_session0_lamp,58,40,59.333333333333336,-0.8267342448234558,-0.8107459850673976
COHFACE_s29_session0_lamp,58,41,59.36666666666667,-0.8786901235580444,-0.7634272774725314
COHFACE_s29_session0_lamp,58,42,59.4,-0.9144449830055237,-0.6690015337997609
COHFACE_s29_session0_lamp,58,43,59.43333333333333,-0.9342096447944641,-0.5153138213522478
COHFACE_s29_session0_lamp,58,44,59.46666666666667,-0.9447814226150513,-0.2981244973392888
COHFACE_s29_session0_lamp,58,45,59.5,-0.957678496837616,-0.02766539276339635
COHFACE_s29_session0_lamp,58,46,59.53333333333333,-0.9826397895812988,0.2716880281852866
COHFACE_s29_session0_lamp,58,47,59.56666666666667,-0.9536714553833008,0.569291920167194
COHFACE_s29_session0_lamp,58,48,59.6,-0.5132088661193848,0.8393485874456609
COHFACE_s29_session0_lamp,58,49,59.63333333333333,0.5300189852714539,1.068406369843703
COHFACE_s29_session0_lamp,58,50,59.666666666666664,1.521718144416809,1.2543368375382467
COHFACE_s29_session0_lamp,58,51,59.7,1.8683161735534668,1.397418701572372
COHFACE_s29_session0_lamp,58,52,59.733333333333334,1.7584776878356934,1.4899344549362425
COHFACE_s29_session0_lamp,58,53,59.766666666666666,1.6167182922363281,1.5123177531388388
COHFACE_s29_session0_lamp,58,54,59.8,1.597964882850647,1.4395222995404178
COHFACE_s29_session0_lamp,58,55,59.833333333333336,1.6158368587493896,1.2542666774698839
COHFACE_s29_session0_lamp,58,56,59.86666666666667,1.5211882591247559,0.9592731422795957
COHFACE_s29_session0_lamp,58,57,59.9,1.2500852346420288,0.581389637689697
COHFACE_s29_session0_lamp,58,58,59.93333333333333,0.9514036774635315,0.16576512930110032
COHFACE_s29_session0_lamp,58,59,59.96666666666667,0.7538111805915833,-0.23637110689851532
COHFACE_s29_session0_lamp,58,60,60.0,0.6117867827415466,-0.5809972481944234
COHFACE_s29_session0_lamp,58,61,60.03333333333333,0.448727011680603,-0.8412167529180202
COHFACE_s29_session0_lamp,58,62,60.06666666666667,0.2512480616569519,-1.0107390268900138
COHFACE_s29_session0_lamp,58,63,60.1,0.05015686899423599,-1.099990300050376
COHFACE_s29_session0_lamp,58,64,60.13333333333333,-0.122176893055439,-1.127204174517831
COHFACE_s29_session0_lamp,58,65,60.166666666666664,-0.2637253701686859,-1.1092200938022505
COHFACE_s29_session0_lamp,58,66,60.2,-0.38172391057014465,-1.0562074916381308
COHFACE_s29_session0_lamp,58,67,60.233333333333334,-0.47545868158340454,-0.9717800439259798
COHFACE_s29_session0_lamp,58,68,60.266666666666666,-0.5469845533370972,-0.8569943335703529
COHFACE_s29_session0_lamp,58,69,60.3,-0.6126540303230286,-0.7152128399579848
COHFACE_s29_session0_lamp,58,70,60.333333333333336,-0.6786479949951172,-0.5552475410511934
COHFACE_s29_session0_lamp,58,71,60.36666666666667,-0.7395750880241394,-0.39154950108674047
COHFACE_s29_session0_lamp,58,72,60.4,-0.803092360496521,-0.2412793568562269
COHFACE_s29_session0_lamp,58,73,60.43333333333333,-0.8621159791946411,-0.1188923233252413
COHFACE_s29_session0_lamp,58,74,60.46666666666667,-0.9109841585159302,-0.02994085409226188
COHFACE_s29_session0_lamp,58,75,60.5,-0.9523249864578247,0.032710411556489204
COHFACE_s29_session0_lamp,58,76,60.53333333333333,-0.9852949380874634,0.08632744802187564
COHFACE_s29_session0_lamp,58,77,60.56666666666667,-1.0101426839828491,0.1482752502609651
COHFACE_s29_session0_lamp,58,78,60.6,-1.0241752862930298,0.22377095776413863
COHFACE_s29_session0_lamp,58,79,60.63333333333333,-1.032108187675476,0.3007518520615733
COHFACE_s29_session0_lamp,58,80,60.666666666666664,-1.0418472290039062,0.35760286243922274
COHFACE_s29_session0_lamp,58,81,60.7,-1.059151530265808,0.37999569781626397
COHFACE_s29_session0_lamp,58,82,60.733333333333334,-1.023894190788269,0.37459298356906723
COHFACE_s29_session0_lamp,58,83,60.766666666666666,-0.5485256910324097,0.3678867474000292
COHFACE_s29_session0_lamp,58,84,60.8,0.5478855967521667,0.3896799085926887
COHFACE_s29_session0_lamp,58,85,60.833333333333336,1.5541365146636963,0.4530077802263116
COHFACE_s29_session0_lamp,58,86,60.86666666666667,1.8676023483276367,0.5449389462255387
COHFACE_s29_session0_lamp,58,87,60.9,1.718110203742981,0.6347686065288732
COHFACE_s29_session0_lamp,58,88,60.93333333333333,1.5547205209732056,0.6939103132403343
COHFACE_s29_session0_lamp,58,89,60.96666666666667,1.5295212268829346,0.7135725188194932
COHFACE_s29_session0_lamp,58,90,61.0,1.5525412559509277,0.7076872005583358
COHFACE_s29_session0_lamp,58,91,61.03333333333333,1.4484888315200806,0.6988302183314584
COHFACE_s29_session0_lamp,58,92,61.06666666666667,1.1726704835891724,0.697515400503656
COHFACE_s29_session0_lamp,58,93,61.1,0.884636402130127,0.6905388924714083
COHFACE_s29_session0_lamp,58,94,61.13333333333333,0.6933004856109619,0.6470472770944202
COHFACE_s29_session0_lamp,58,95,61.166666666666664,0.5498160719871521,0.5377614855541778
COHFACE_s29_session0_lamp,58,96,61.2,0.39458104968070984,0.3536207624389546
COHFACE_s29_session0_lamp,58,97,61.233333333333334,0.2067924588918686,0.11125377727329672
COHFACE_s29_session0_lamp,58,98,61.266666666666666,0.008075181394815445,-0.1569354127269488
COHFACE_s29_session0_lamp,58,99,61.3,-0.16539417207241058,-0.41952737136285906
COHFACE_s29_session0_lamp,58,100,61.333333333333336,-0.3067966401576996,-0.6583832847107037
COHFACE_s29_session0_lamp,58,101,61.36666666666667,-0.4160727560520172,-0.8702253938268207
COHFACE_s29_session0_lamp,58,102,61.4,-0.496677964925766,-1.0589544397519746
COHFACE_s29_session0_lamp,58,103,61.43333333333333,-0.5641751885414124,-1.225570878448498
COHFACE_s29_session0_lamp,58,104,61.46666666666667,-0.6225120425224304,-1.3628961199650393
COHFACE_s29_session0_lamp,58,105,61.5,-0.680270254611969,-1.4578812390725542
COHFACE_s29_session0_lamp,58,106,61.53333333333333,-0.7416894435882568,-1.498277931709169
COHFACE_s29_session0_lamp,58,107,61.56666666666667,-0.7934182286262512,-1.4774424923860876
COHFACE_s29_session0_lamp,58,108,61.6,-0.845514714717865,-1.393508258423775
COHFACE_s29_session0_lamp,58,109,61.63333333333333,-0.8962485194206238,-1.244588729109107
COHFACE_s29_session0_lamp,58,110,61.666666666666664,-0.9326414465904236,-1.0254736410246614
COHFACE_s29_session0_lamp,58,111,61.7,-0.9587491750717163,-0.7304485039725687
COHFACE_s29_session0_lamp,58,112,61.733333333333334,-0.9808390736579895,-0.3617456662918935
COHFACE_s29_session0_lamp,58,113,61.766666666666666,-0.996775209903717,0.06210034707422819
COHFACE_s29_session0_lamp,58,114,61.8,-1.0002306699752808,0.504723434981706
COHFACE_s29_session0_lamp,58,115,61.833333333333336,-0.9996411800384521,0.9199595824737449
COHFACE_s29_session0_lamp,58,116,61.86666666666667,-1.007795810699463,1.2657963020520588
COHFACE_s29_session0_lamp,58,117,61.9,-1.0191625356674194,1.5163344324383596
COHFACE_s29_session0_lamp,58,118,61.93333333333333,-0.9079504609107971,1.6650376820177057
COHFACE_s29_session0_lamp,58,119,61.96666666666667,-0.22903041541576385,1.7185310370395557
COHFACE_s29_session0_lamp,58,120,62.0,0.9247227311134338,1.6869699378786593
COHFACE_s29_session0_lamp,58,121,62.03333333333333,1.7382642030715942,1.5789104989483178
COHFACE_s29_session0_lamp,58,122,62.06666666666667,1.8569549322128296,1.4034979526556566
COHFACE_s29_session0_lamp,58,123,62.1,1.6261274814605713,1.175692823798976
COHFACE_s29_session0_lamp,58,124,62.13333333333333,1.4468071460723877,0.9176860668001855
COHFACE_s29_session0_lamp,58,125,62.166666666666664,1.4233274459838867,0.653312436465367
COHFACE_s29_session0_lamp,58,126,62.2,1.4234896898269653,0.3990384865733773
COHFACE_s29_session0_lamp,58,127,62.233333333333334,1.271758794784546,0.15892977887637136
COHFACE_s29_session0_lamp,58,128,62.266666666666666,1.010421872138977,-0.07188983537442503
COHFACE_s29_session0_lamp,58,129,62.3,0.8084384202957153,-0.2975839156825174
COHFACE_s29_session0_lamp,58,130,62.333333333333336,0.6840859651565552,-0.5130350752876733
COHFACE_s29_session0_lamp,58,131,62.36666666666667,0.5652114152908325,-0.7028905912690249
COHFACE_s29_session0_lamp,58,132,62.4,0.39461350440979004,-0.8486215950142691
COHFACE_s29_session0_lamp,58,133,62.43333333333333,0.19613415002822876,-0.937923583986144
COHFACE_s29_session0_lamp,58,134,62.46666666666667,0.021329129114747047,-0.9699017706232315
COHFACE_s29_session0_lamp,58,135,62.5,-0.12439940124750137,-0.9534025121059383
COHFACE_s29_session0_lamp,58,136,62.53333333333333,-0.24334965646266937,-0.9009204211872308
COHFACE_s29_session0_lamp,58,137,62.56666666666667,-0.3311631381511688,-0.8232701577495619
COHFACE_s29_session0_lamp,58,138,62.6,-0.397995263338089,-0.7289668414022671
COHFACE_s29_session0_lamp,58,139,62.63333333333333,-0.45724597573280334,-0.627963918405138
COHFACE_s29_session0_lamp,58,140,62.666666666666664,-0.5175566077232361,-0.5350315644699497
COHFACE_s29_session0_lamp,58,141,62.7,-0.5722919702529907,-0.4672609783311409
COHFACE_s29_session0_lamp,58,142,62.733333333333334,-0.6310127377510071,-0.4345150020563158
COHFACE_s29_session0_lamp,58,143,62.766666666666666,-0.6948490738868713,-0.4285820302682198
COHFACE_s29_session0_lamp,58,144,62.8,-0.7509688138961792,-0.4210595316577259
COHFACE_s29_session0_lamp,58,145,62.833333333333336,-0.7965329885482788,-0.3761271183792222
COHFACE_s29_session0_lamp,58,146,62.86666666666667,-0.8380576968193054,-0.2726859064810851
COHFACE_s29_session0_lamp,58,147,62.9,-0.8728013038635254,-0.12075018379252064
COHFACE_s29_session0_lamp,58,148,62.93333333333333,-0.8904299736022949,0.04107846231726939
COHFACE_s29_session0_lamp,58,149,62.96666666666667,-0.9024185538291931,0.16782135675658502
COHFACE_s29_session0_lamp,58,150,63.0,-0.9241786003112793,0.23659934635586055
COHFACE_s29_session0_lamp,58,151,63.03333333333333,-0.9230916500091553,0.2624606715434176
COHFACE_s29_session0_lamp,58,152,63.06666666666667,-0.5678902268409729,0.29066806031703635
COHFACE_s29_session0_lamp,58,153,63.1,0.4616943597793579,0.3698953176688526
COHFACE_s29_session0_lamp,58,154,63.13333333333333,1.5422290563583374,0.5227310182005324
COHFACE_s29_session0_lamp,58,155,63.166666666666664,1.9512412548065186,0.731321163602216
COHFACE_s29_session0_lamp,58,156,63.2,1.7930915355682373,0.9462357031577506
COHFACE_s29_session0_lamp,58,157,63.233333333333334,1.5415098667144775,1.1120910839628104
COHFACE_s29_session0_lamp,58,158,63.266666666666666,1.431314468383789,1.1933063576205778
COHFACE_s29_session0_lamp,58,159,63.3,1.4255661964416504,1.1844641750955074
COHFACE_s29_session0_lamp,58,160,63.333333333333336,1.3475944995880127,1.1017708708735026
COHFACE_s29_session0_lamp,58,161,63.36666666666667,1.1045567989349365,0.9653217156337955
COHFACE_s29_session0_lamp,58,162,63.4,0.8425223231315613,0.7861510439938447
COHFACE_s29_session0_lamp,58,163,63.43333333333333,0.676093578338623,0.5659668399934593
COHFACE_s29_session0_lamp,58,164,63.46666666666667,0.549329400062561,0.30670768221873984
COHFACE_s29_session0_lamp,58,165,63.5,0.39050915837287903,0.02012504063774338
COHFACE_s29_session0_lamp,58,166,63.53333333333333,0.190034419298172,-0.2705314207495767
COHFACE_s29_session0_lamp,58,167,63.56666666666667,-0.014717714861035347,-0.5374057080432387
COHFACE_s29_session0_lamp,58,168,63.6,-0.1975475698709488,-0.7582051108458544
COHFACE_s29_session0_lamp,58,169,63.63333333333333,-0.3480239510536194,-0.9231108326103239
COHFACE_s29_session0_lamp,58,170,63.666666666666664,-0.45910078287124634,-1.035115110169675
COHFACE_s29_session0_lamp,58,171,63.7,-0.5349473357200623,-1.104976017237445
COHFACE_s29_session0_lamp,58,172,63.733333333333334,-0.5884930491447449,-1.1444530090772087
COHFACE_s29_session0_lamp,58,173,63.766666666666666,-0.6426444053649902,-1.1611445811465944
COHFACE_s29_session0_lamp,58,174,63.8,-0.7011813521385193,-1.1562477918550427
COHFACE_s29_session0_lamp,58,175,63.833333333333336,-0.7610593438148499,-1.1246625120472136
COHFACE_s29_session0_lamp,58,176,63.86666666666667,-0.8209859728813171,-1.056341252915758
COHFACE_s29_session0_lamp,58,177,63.9,-0.8766136169433594,-0.9385663903297743
COHFACE_s29_session0_lamp,58,178,63.93333333333333,-0.9272284507751465,-0.7597912305488405
COHFACE_s29_session0_lamp,58,179,63.96666666666667,-0.9673039317131042,-0.5153289701866983
COHFACE_s29_session0_lamp,58,180,64.0,-1.003913164138794,-0.213191613545123
COHFACE_s29_session0_lamp,58,181,64.03333333333333,-1.0274956226348877,0.12336277733824343
COHFACE_s29_session0_lamp,58,182,64.06666666666666,-1.0366289615631104,0.45943440695110604
COHFACE_s29_session0_lamp,58,183,64.1,-1.0380457639694214,0.7580046989914979
COHFACE_s29_session0_lamp,58,184,64.13333333333334,-1.0406414270401,0.9912392880526973
COHFACE_s29_session0_lamp,58,185,64.16666666666667,-1.0502289533615112,1.1475519772152907
COHFACE_s29_session0_lamp,58,186,64.2,-1.0382566452026367,1.2304443044569808
COHFACE_s29_session0_lamp,58,187,64.23333333333333,-0.6357335448265076,1.2502093826479632
COHFACE_s29_session0_lamp,58,188,64.26666666666667,0.49346923828125,1.2145441077112504
COHFACE_s29_session0_lamp,58,189,64.3,1.6721187829971313,1.1248638388004382
COHFACE_s29_session0_lamp,58,190,64.33333333333333,2.1326920986175537,0.9803553941865292
COHFACE_s29_session0_lamp,58,191,64.36666666666666,1.9932202100753784,0.7857154925253284
COHFACE_s29_session0_lamp,58,192,64.4,1.748154640197754,0.5561711747906595
COHFACE_s29_session0_lamp,58,193,64.43333333333334,1.6491150856018066,0.31581010399820975
COHFACE_s29_session0_lamp,58,194,64.46666666666667,1.6620229482650757,0.09021227444758059
COHFACE_s29_session0_lamp,58,195,64.5,1.6117541790008545,-0.10171691327210891
COHFACE_s29_session0_lamp,58,196,64.53333333333333,1.3608916997909546,-0.2516031818512952
COHFACE_s29_session0_lamp,58,197,64.56666666666666,1.0372812747955322,-0.35933693239279335
COHFACE_s29_session0_lamp,58,198,64.6,0.8049180507659912,-0.4272965336631072
COHFACE_s29_session0_lamp,58,199,64.63333333333334,0.6446323990821838,-0.45609587231165555
COHFACE_s29_session0_lamp,58,200,64.66666666666667,0.4824918806552887,-0.4454605018591875
COHFACE_s29_session0_lamp,58,201,64.7,0.28548339009284973,-0.39956657079980595
COHFACE_s29_session0_lamp,58,202,64.73333333333333,0.0812666043639183,-0.3320560276664909
COHFACE_s29_session0_lamp,58,203,64.76666666666667,-0.10524579882621765,-0.26531481571187787
COHFACE_s29_session0_lamp,58,204,64.8,-0.26135143637657166,-0.22260572860742261
COHFACE_s29_session0_lamp,58,205,64.83333333333333,-0.3843952417373657,-0.21744231519185142
COHFACE_s29_session0_lamp,58,206,64.86666666666666,-0.47602105140686035,-0.24770827584850244
COHFACE_s29_session0_lamp,58,207,64.9,-0.5458489656448364,-0.2994038292818296
COHFACE_s29_session0_lamp,58,208,64.93333333333334,-0.605597198009491,-0.3575557612643193
COHFACE_s29_session0_lamp,58,209,64.96666666666667,-0.6674813628196716,-0.4160068862923847
COHFACE_s29_session0_lamp,58,210,65.0,-0.7332373857498169,-0.4787988274468852
COHFACE_s29_session0_lamp,58,211,65.03333333333333,-0.7996423244476318,-0.5521835830448394
COHFACE_s29_session0_lamp,58,212,65.06666666666666,-0.8613480925559998,-0.6328845666743688
COHFACE_s29_session0_lamp,58,213,65.1,-0.9144774079322815,-0.7009877990675317
COHFACE_s29_session0_lamp,58,214,65.13333333333334,-0.963237464427948,-0.7232726286416808
COHFACE_s29_session0_lamp,58,215,65.16666666666667,-1.003156065940857,-0.6666276520892265
COHFACE_s29_session0_lamp,58,216,65.2,-1.0346065759658813,-0.5150154785253952
COHFACE_s29_session0_lamp,58,217,65.23333333333333,-1.055890679359436,-0.2806722488892327
COHFACE_s29_session0_lamp,58,218,65.26666666666667,-1.0716429948806763,-0.002588167949225441
COHFACE_s29_session0_lamp,58,219,65.3,-1.0748226642608643,0.26816504159215293
COHFACE_s29_session0_lamp,58,220,65.33333333333333,-1.0792405605316162,0.48922927891351803
COHFACE_s29_session0_lamp,58,221,65.36666666666666,-1.1005463600158691,0.6426862751200654
COHFACE_s29_session0_lamp,58,222,65.4,-1.0861947536468506,0.736690317746653
COHFACE_s29_session0_lamp,58,223,65.43333333333334,-0.6943840384483337,0.7922955276208214
COHFACE_s29_session0_lamp,58,224,65.46666666666667,0.4293787479400635,0.8248502872533284
COHFACE_s29_session0_lamp,58,225,65.5,1.638440489768982,0.833185093786565
COHFACE_s29_session0_lamp,58,226,65.53333333333333,2.1279280185699463,0.8032495019712788
COHFACE_s29_session0_lamp,58,227,65.56666666666666,1.9878017902374268,0.7215787770394174
COHFACE_s29_session0_lamp,58,228,65.6,1.7334082126617432,0.587172523756022
COHFACE_s29_session0_lamp,58,229,65.63333333333334,1.6409982442855835,0.4129167453713355
COHFACE_s29_session0_lamp,58,230,65.66666666666667,1.6575021743774414,0.21745974023905493
COHFACE_s29_session0_lamp,58,231,65.7,1.6057679653167725,0.016366346072492877
COHFACE_s29_session0_lamp,58,232,65.73333333333333,1.3588151931762695,-0.17978449567579285
COHFACE_s29_session0_lamp,58,233,65.76666666666667,1.0417317152023315,-0.36019118692439644
COHFACE_s29_session0_lamp,58,234,65.8,0.8196320533752441,-0.5078192368080579
COHFACE_s29_session0_lamp,58,235,65.83333333333333,0.6740549206733704,-0.5994599985302919
COHFACE_s29_session0_lamp,58,236,65.86666666666666,0.5232324600219727,-0.6133304893364666
COHFACE_s29_session0_lamp,58,237,65.9,0.3333079218864441,-0.5395886658274386
COHFACE_s29_session0_lamp,58,238,65.93333333333334,0.12332125753164291,-0.38747806396483847
COHFACE_s29_session0_lamp,58,239,65.96666666666667,-0.06719815731048584,-0.18531932263025663
COHFACE_s29_session0_lamp,59,0,59.0,0.032149672508239746,-0.1845264705930094
COHFACE_s29_session0_lamp,59,1,59.03333333333333,-0.14164413511753082,-0.1423966756232976
COHFACE_s29_session0_lamp,59,2,59.06666666666667,-0.28567469120025635,-0.12262256703056962
COHFACE_s29_session0_lamp,59,3,59.1,-0.39528608322143555,-0.1391376219008614
COHFACE_s29_session0_lamp,59,4,59.13333333333333,-0.4718247950077057,-0.1885524303398896
COHFACE_s29_session0_lamp,59,5,59.166666666666664,-0.5378079414367676,-0.25219950625478427
COHFACE_s29_session0_lamp,59,6,59.2,-0.6012657284736633,-0.3056942789299646
COHFACE_s29_session0_lamp,59,7,59.233333333333334,-0.6602892875671387,-0.3308237433023537
COHFACE_s29_session0_lamp,59,8,59.266666666666666,-0.7130617499351501,-0.3231441864576418
COHFACE_s29_session0_lamp,59,9,59.3,-0.7696735858917236,-0.290980850533498
COHFACE_s29_session0_lamp,59,10,59.333333333333336,-0.8267342448234558,-0.24621005995133172
COHFACE_s29_session0_lamp,59,11,59.36666666666667,-0.8786901235580444,-0.19234219840415429
COHFACE_s29_session0_lamp,59,12,59.4,-0.9144449830055237,-0.1183201573559001
COHFACE_s29_session0_lamp,59,13,59.43333333333333,-0.9342096447944641,-0.0038008522319373196
COHFACE_s29_session0_lamp,59,14,59.46666666666667,-0.9447814226150513,0.16639203446975548
COHFACE_s29_session0_lamp,59,15,59.5,-0.957678496837616,0.38812197487102734
COHFACE_s29_session0_lamp,59,16,59.53333333333333,-0.9826397895812988,0.6337007299449844
COHFACE_s29_session0_lamp,59,17,59.56666666666667,-0.9536714553833008,0.8607637682450496
COHFACE_s29_session0_lamp,59,18,59.6,-0.5132088661193848,1.0293332661181427
COHFACE_s29_session0_lamp,59,19,59.63333333333333,0.5300189852714539,1.1173464600740366
COHFACE_s29_session0_lamp,59,20,59.666666666666664,1.521718144416809,1.1262631417492648
COHFACE_s29_session0_lamp,59,21,59.7,1.8683161735534668,1.074598135140467
COHFACE_s29_session0_lamp,59,22,59.733333333333334,1.7584776878356934,0.9843713072003945
COHFACE_s29_session0_lamp,59,23,59.766666666666666,1.6167182922363281,0.8689967648401781
COHFACE_s29_session0_lamp,59,24,59.8,1.597964882850647,0.728953393232119
COHFACE_s29_session0_lamp,59,25,59.833333333333336,1.6158368587493896,0.5561344266315308
COHFACE_s29_session0_lamp,59,26,59.86666666666667,1.5211882591247559,0.34307554638099347
COHFACE_s29_session0_lamp,59,27,59.9,1.2500852346420288,0.09145570180543548
COHFACE_s29_session0_lamp,59,28,59.93333333333333,0.9514036774635315,-0.1844822347541333
COHFACE_s29_session0_lamp,59,29,59.96666666666667,0.7538111805915833,-0.46083021804196084
COHFACE_s29_session0_lamp,59,30,60.0,0.6117867827415466,-0.7112711802860556
COHFACE_s29_session0_lamp,59,31,60.03333333333333,0.448727011680603,-0.9149099935502805
COHFACE_s29_session0_lamp,59,32,60.06666666666667,0.2512480616569519,-1.0611257063644697
COHFACE_s29_session0_lamp,59,33,60.1,0.05015686899423599,-1.1498177980298665
COHFACE_s29_session0_lamp,59,34,60.13333333333333,-0.122176893055439,-1.1879110946832176
COHFACE_s29_session0_lamp,59,35,60.166666666666664,-0.2637253701686859,-1.1845943157693701
COHFACE_s29_session0_lamp,59,36,60.2,-0.38172391057014465,-1.1476884541160854
COHFACE_s29_session0_lamp,59,37,60.233333333333334,-0.47545868158340454,-1.082316062659099
COHFACE_s29_session0_lamp,59,38,60.266666666666666,-0.5469845533370972,-0.9917094503290227
COHFACE_s29_session0_lamp,59,39,60.3,-0.6126540303230286,-0.8791008218100765
COHFACE_s29_session0_lamp,59,40,60.333333333333336,-0.6786479949951172,-0.7493199342342967
COHFACE_s29_session0_lamp,59,41,60.36666666666667,-0.7395750880241394,-0.6089735941417349
COHFACE_s29_session0_lamp,59,42,60.4,-0.803092360496521,-0.46478822905892175
COHFACE_s29_session0_lamp,59,43,60.43333333333333,-0.8621159791946411,-0.32069802948436893
COHFACE_s29_session0_lamp,59,44,60.46666666666667,-0.9109841585159302,-0.17525097596944572
COHFACE_s29_session0_lamp,59,45,60.5,-0.9523249864578247,-0.021392581016777233
COHFACE_s29_session0_lamp,59,46,60.53333333333333,-0.9852949380874634,0.14989001292641796
COHFACE_s29_session0_lamp,59,47,60.56666666666667,-1.0101426839828491,0.3426465613005758
COHFACE_s29_session0_lamp,59,48,60.6,-1.0241752862930298,0.5492386914291246
COHFACE_s29_session0_lamp,59,49,60.63333333333333,-1.032108187675476,0.7487192861296714
COHFACE_s29_session0_lamp,59,50,60.666666666666664,-1.0418472290039062,0.9132733042389352
COHFACE_s29_session0_lamp,59,51,60.7,-1.059151530265808,1.0207172690892148
COHFACE_s29_session0_lamp,59,52,60.733333333333334,-1.023894190788269,1.0659636146650857
COHFACE_s29_session0_lamp,59,53,60.766666666666666,-0.5485256910324097,1.0637064407284476
COHFACE_s29_session0_lamp,59,54,60.8,0.5478855967521667,1.0401568231113005
COHFACE_s29_session0_lamp,59,55,60.833333333333336,1.5541365146636963,1.018937808704444
COHFACE_s29_session0_lamp,59,56,60.86666666666667,1.8676023483276367,1.009471230983978
COHFACE_s29_session0_lamp,59,57,60.9,1.718110203742981,1.0038334939517266
COHFACE_s29_session0_lamp,59,58,60.93333333333333,1.5547205209732056,0.9823733202492587
COHFACE_s29_session0_lamp,59,59,60.96666666666667,1.5295212268829346,0.9235127774544778
COHFACE_s29_session0_lamp,59,60,61.0,1.5525412559509277,0.8121909928406427
COHFACE_s29_session0_lamp,59,61,61.03333333333333,1.4484888315200806,0.6439444467394068
COHFACE_s29_session0_lamp,59,62,61.06666666666667,1.1726704835891724,0.42503778489635224
COHFACE_s29_session0_lamp,59,63,61.1,0.884636402130127,0.17064857888084842
COHFACE_s29_session0_lamp,59,64,61.13333333333333,0.6933004856109619,-0.09793115926931453
COHFACE_s29_session0_lamp,59,65,61.166666666666664,0.5498160719871521,-0.35747221424939635
COHFACE_s29_session0_lamp,59,66,61.2,0.39458104968070984,-0.5881878002406942
COHFACE_s29_session0_lamp,59,67,61.233333333333334,0.2067924588918686,-0.7785590658499849
COHFACE_s29_session0_lamp,59,68,61.266666666666666,0.008075181394815445,-0.9273090757895301
COHFACE_s29_session0_lamp,59,69,61.3,-0.16539417207241058,-1.0413610815113539
COHFACE_s29_session0_lamp,59,70,61.333333333333336,-0.3067966401576996,-1.1307108657638705
COHFACE_s29_session0_lamp,59,71,61.36666666666667,-0.4160727560520172,-1.2027321037203356
COHFACE_s29_session0_lamp,59,72,61.4,-0.496677964925766,-1.2584612306292113
COHFACE_s29_session0_lamp,59,73,61.43333333333333,-0.5641751885414124,-1.2922268223815407
COHFACE_s29_session0_lamp,59,74,61.46666666666667,-0.6225120425224304,-1.2944952096215494
COHFACE_s29_session0_lamp,59,75,61.5,-0.680270254611969,-1.2564241803988907
COHFACE_s29_session0_lamp,59,76,61.53333333333333,-0.7416894435882568,-1.1737099749827347
COHFACE_s29_session0_lamp,59,77,61.56666666666667,-0.7934182286262512,-1.0476030412222956
COHFACE_s29_session0_lamp,59,78,61.6,-0.845514714717865,-0.8826697409095582
COHFACE_s29_session0_lamp,59,79,61.63333333333333,-0.8962485194206238,-0.6829581409511573
COHFACE_s29_session0_lamp,59,80,61.666666666666664,-0.9326414465904236,-0.44930226396724043
COHFACE_s29_session0_lamp,59,81,61.7,-0.9587491750717163,-0.17987540062023913
COHFACE_s29_session0_lamp,59,82,61.733333333333334,-0.9808390736579895,0.1258888936800331
COHFACE_s29_session0_lamp,59,83,61.766666666666666,-0.996775209903717,0.4619095234155113
COHFACE_s29_session0_lamp,59,84,61.8,-1.0002306699752808,0.811349382803493
COHFACE_s29_session0_lamp,59,85,61.833333333333336,-0.9996411800384521,1.1461985088222761
COHFACE_s29_session0_lamp,59,86,61.86666666666667,-1.007795810699463,1.4318246806545556
COHFACE_s29_session0_lamp,59,87,61.9,-1.0191625356674194,1.6356708982492942
COHFACE_s29_session0_lamp,59,88,61.93333333333333,-0.9079504609107971,1.736705291301779
COHFACE_s29_session0_lamp,59,89,61.96666666666667,-0.22903041541576385,1.7312251249105945
COHFACE_s29_session0_lamp,59,90,62.0,0.9247227311134338,1.6324884133171544
COHFACE_s29_session0_lamp,59,91,62.03333333333333,1.7382642030715942,1.464865713524063
COHFACE_s29_session0_lamp,59,92,62.06666666666667,1.8569549322128296,1.255448975176858
COHFACE_s29_session0_lamp,59,93,62.1,1.6261274814605713,1.0265189745403784
COHFACE_s29_session0_lamp,59,94,62.13333333333333,1.4468071460723877,0.7913210518007221
COHFACE_s29_session0_lamp,59,95,62.166666666666664,1.4233274459838867,0.5539908714459204
COHFACE_s29_session0_lamp,59,96,62.2,1.4234896898269653,0.3129256291500178
COHFACE_s29_session0_lamp,59,97,62.233333333333334,1.271758794784546,0.06574998864024409
COHFACE_s29_session0_lamp,59,98,62.266666666666666,1.010421872138977,-0.18648053154019875
COHFACE_s29_session0_lamp,59,99,62.3,0.8084384202957153,-0.4376336714446838
COHFACE_s29_session0_lamp,59,100,62.333333333333336,0.6840859651565552,-0.6776309415178943
COHFACE_s29_session0_lamp,59,101,62.36666666666667,0.5652114152908325,-0.8950620188639488
COHFACE_s29_session0_lamp,59,102,62.4,0.39461350440979004,-1.0795836957912033
COHFACE_s29_session0_lamp,59,103,62.43333333333333,0.19613415002822876,-1.2230569510178368
COHFACE_s29_session0_lamp,59,104,62.46666666666667,0.021329129114747047,-1.3194364049135243
COHFACE_s29_session0_lamp,59,105,62.5,-0.12439940124750137,-1.3643186311354465
COHFACE_s29_session0_lamp,59,106,62.53333333333333,-0.24334965646266937,-1.35532919756199
COHFACE_s29_session0_lamp,59,107,62.56666666666667,-0.3311631381511688,-1.2938590511063912
COHFACE_s29_session0_lamp,59,108,62.6,-0.397995263338089,-1.187262388850682
COHFACE_s29_session0_lamp,59,109,62.63333333333333,-0.45724597573280334,-1.0494793566705665
COHFACE_s29_session0_lamp,59,110,62.666666666666664,-0.5175566077232361,-0.8981790845454168
COHFACE_s29_session0_lamp,59,111,62.7,-0.5722919702529907,-0.7482449508920421
COHFACE_s29_session0_lamp,59,112,62.733333333333334,-0.6310127377510071,-0.6040827127078174
COHFACE_s29_session0_lamp,59,113,62.766666666666666,-0.6948490738868713,-0.4552738102430851
COHFACE_s29_session0_lamp,59,114,62.8,-0.7509688138961792,-0.27983101247424363
COHFACE_s29_session0_lamp,59,115,62.833333333333336,-0.7965329885482788,-0.055808557605954115
COHFACE_s29_session0_lamp,59,116,62.86666666666667,-0.8380576968193054,0.2235545354171507
COHFACE_s29_session0_lamp,59,117,62.9,-0.8728013038635254,0.5397605238009426
COHFACE_s29_session0_lamp,59,118,62.93333333333333,-0.8904299736022949,0.8512129473985115
COHFACE_s29_session0_lamp,59,119,62.96666666666667,-0.9024185538291931,1.1082258328395485
COHFACE_s29_session0_lamp,59,120,63.0,-0.9241786003112793,1.2734469414080087
COHFACE_s29_session0_lamp,59,121,63.03333333333333,-0.9230916500091553,1.3364915033159523
COHFACE_s29_session0_lamp,59,122,63.06666666666667,-0.5678902268409729,1.3152906872901042
COHFACE_s29_session0_lamp,59,123,63.1,0.4616943597793579,1.2445830020198514
COHFACE_s29_session0_lamp,59,124,63.13333333333333,1.5422290563583374,1.1584891310986642
COHFACE_s29_session0_lamp,59,125,63.166666666666664,1.9512412548065186,1.07608805097712
COHFACE_s29_session0_lamp,59,126,63.2,1.7930915355682373,0.9961843655456999
COHFACE_s29_session0_lamp,59,127,63.233333333333334,1.5415098667144775,0.9021886965340202
COHFACE_s29_session0_lamp,59,128,63.266666666666666,1.431314468383789,0.7732385877774401
COHFACE_s29_session0_lamp,59,129,63.3,1.4255661964416504,0.5955840376478055
COHFACE_s29_session0_lamp,59,130,63.333333333333336,1.3475944995880127,0.36941328874314755
COHFACE_s29_session0_lamp,59,131,63.36666666666667,1.1045567989349365,0.10933604945780574
COHFACE_s29_session0_lamp,59,132,63.4,0.8425223231315613,-0.1603354547774145
COHFACE_s29_session0_lamp,59,133,63.43333333333333,0.676093578338623,-0.41280545082955533
COHFACE_s29_session0_lamp,59,134,63.46666666666667,0.549329400062561,-0.6258010348607892
COHFACE_s29_session0_lamp,59,135,63.5,0.39050915837287903,-0.7864562348813264
COHFACE_s29_session0_lamp,59,136,63.53333333333333,0.190034419298172,-0.8929955166871956
COHFACE_s29_session0_lamp,59,137,63.56666666666667,-0.014717714861035347,-0.9529778804979476
COHFACE_s29_session0_lamp,59,138,63.6,-0.1975475698709488,-0.9789026459311468
COHFACE_s29_session0_lamp,59,139,63.63333333333333,-0.3480239510536194,-0.9829560213345755
COHFACE_s29_session0_lamp,59,140,63.666666666666664,-0.45910078287124634,-0.9730687445265053
COHFACE_s29_session0_lamp,59,141,63.7,-0.5349473357200623,-0.9518143896946939
COHFACE_s29_session0_lamp,59,142,63.733333333333334,-0.5884930491447449,-0.9181133172333527
COHFACE_s29_session0_lamp,59,143,63.766666666666666,-0.6426444053649902,-0.870176522771006
COHFACE_s29_session0_lamp,59,144,63.8,-0.7011813521385193,-0.8076257152168681
COHFACE_s29_session0_lamp,59,145,63.833333333333336,-0.7610593438148499,-0.7314671804982728
COHFACE_s29_session0_lamp,59,146,63.86666666666667,-0.8209859728813171,-0.6420808689185485
COHFACE_s29_session0_lamp,59,147,63.9,-0.8766136169433594,-0.5367387625363572
COHFACE_s29_session0_lamp,59,148,63.93333333333333,-0.9272284507751465,-0.40861721083856883
COHFACE_s29_session0_lamp,59,149,63.96666666666667,-0.9673039317131042,-0.24858906799746291
COHFACE_s29_session0_lamp,59,150,64.0,-1.003913164138794,-0.049598809106098964
COHFACE_s29_session0_lamp,59,151,64.03333333333333,-1.0274956226348877,0.1881421283126914
COHFACE_s29_session0_lamp,59,152,64.06666666666666,-1.0366289615631104,0.4537442284715538
COHFACE_s29_session0_lamp,59,153,64.1,-1.0380457639694214,0.7261872618313209
COHFACE_s29_session0_lamp,59,154,64.13333333333334,-1.0406414270401,0.9792685959423663
COHFACE_s29_session0_lamp,59,155,64.16666666666667,-1.0502289533615112,1.1889766684334164
COHFACE_s29_session0_lamp,59,156,64.2,-1.0382566452026367,1.3395080693343964
COHFACE_s29_session0_lamp,59,157,64.23333333333333,-0.6357335448265076,1.424685066604002
COHFACE_s29_session0_lamp,59,158,64.26666666666667,0.49346923828125,1.4446737790060062
COHFACE_s29_session0_lamp,59,159,64.3,1.6721187829971313,1.4010583028855554
COHFACE_s29_session0_lamp,59,160,64.33333333333333,2.1326920986175537,1.2938860528573868
COHFACE_s29_session0_lamp,59,161,64.36666666666666,1.9932202100753784,1.1224892965955178
COHFACE_s29_session0_lamp,59,162,64.4,1.748154640197754,0.8894041199958732
COHFACE_s29_session0_lamp,59,163,64.43333333333334,1.6491150856018066,0.6048396780520553
COHFACE_s29_session0_lamp,59,164,64.46666666666667,1.6620229482650757,0.2886649127487974
COHFACE_s29_session0_lamp,59,165,64.5,1.6117541790008545,-0.03188077322694798
COHFACE_s29_session0_lamp,59,166,64.53333333333333,1.3608916997909546,-0.32812472376887125
COHFACE_s29_session0_lamp,59,167,64.56666666666666,1.0372812747955322,-0.5769234829253255
COHFACE_s29_session0_lamp,59,168,64.6,0.8049180507659912,-0.7657649907443609
COHFACE_s29_session0_lamp,59,169,64.63333333333334,0.6446323990821838,-0.8943350233578263
COHFACE_s29_session0_lamp,59,170,64.66666666666667,0.4824918806552887,-0.972482706343573
COHFACE_s29_session0_lamp,59,171,64.7,0.28548339009284973,-1.015659232528217
COHFACE_s29_session0_lamp,59,172,64.73333333333333,0.0812666043639183,-1.0392852872092029
COHFACE_s29_session0_lamp,59,173,64.76666666666667,-0.10524579882621765,-1.053545059780747
COHFACE_s29_session0_lamp,59,174,64.8,-0.26135143637657166,-1.0601777941209907
COHFACE_s29_session0_lamp,59,175,64.83333333333333,-0.3843952417373657,-1.052575304855507
COHFACE_s29_session0_lamp,59,176,64.86666666666666,-0.47602105140686035,-1.0194598024467447
COHFACE_s29_session0_lamp,59,177,64.9,-0.5458489656448364,-0.95085086322407
COHFACE_s29_session0_lamp,59,178,64.93333333333334,-0.605597198009491,-0.843692576809912
COHFACE_s29_session0_lamp,59,179,64.96666666666667,-0.6674813628196716,-0.7043037765286142
COHFACE_s29_session0_lamp,59,180,65.0,-0.7332373857498169,-0.5461367163076067
COHFACE_s29_session0_lamp,59,181,65.03333333333333,-0.7996423244476318,-0.3835754609536727
COHFACE_s29_session0_lamp,59,182,65.06666666666666,-0.8613480925559998,-0.22457255242928814
COHFACE_s29_session0_lamp,59,183,65.1,-0.9144774079322815,-0.06588755485682528
COHFACE_s29_session0_lamp,59,184,65.13333333333334,-0.963237464427948,0.10597651734122589
COHFACE_s29_session0_lamp,59,185,65.16666666666667,-1.003156065940857,0.3073474189913588
COHFACE_s29_session0_lamp,59,186,65.2,-1.0346065759658813,0.545954560937699
COHFACE_s29_session0_lamp,59,187,65.23333333333333,-1.055890679359436,0.81093022493631
COHFACE_s29_session0_lamp,59,188,65.26666666666667,-1.0716429948806763,1.0705476840225754
COHFACE_s29_session0_lamp,59,189,65.3,-1.0748226642608643,1.2810911535068286
COHFACE_s29_session0_lamp,59,190,65.33333333333333,-1.0792405605316162,1.403952611591687
COHFACE_s29_session0_lamp,59,191,65.36666666666666,-1.1005463600158691,1.4222383302893735
COHFACE_s29_session0_lamp,59,192,65.4,-1.0861947536468506,1.3472154508536989
COHFACE_s29_session0_lamp,59,193,65.43333333333334,-0.6943840384483337,1.210393076885185
COHFACE_s29_session0_lamp,59,194,65.46666666666667,0.4293787479400635,1.0462167794643564
COHFACE_s29_session0_lamp,59,195,65.5,1.638440489768982,0.8764208311095042
COHFACE_s29_session0_lamp,59,196,65.53333333333333,2.1279280185699463,0.7050350536755965
COHFACE_s29_session0_lamp,59,197,65.56666666666666,1.9878017902374268,0.5250886980860844
COHFACE_s29_session0_lamp,59,198,65.6,1.7334082126617432,0.330327719071396
COHFACE_s29_session0_lamp,59,199,65.63333333333334,1.6409982442855835,0.1231264535043502
COHFACE_s29_session0_lamp,59,200,65.66666666666667,1.6575021743774414,-0.08561804522685204
COHFACE_s29_session0_lamp,59,201,65.7,1.6057679653167725,-0.2823403199505472
COHFACE_s29_session0_lamp,59,202,65.73333333333333,1.3588151931762695,-0.4572573760804918
COHFACE_s29_session0_lamp,59,203,65.76666666666667,1.0417317152023315,-0.6075221635848438
COHFACE_s29_session0_lamp,59,204,65.8,0.8196320533752441,-0.7361658610874344
COHFACE_s29_session0_lamp,59,205,65.83333333333333,0.6740549206733704,-0.8483166609918291
COHFACE_s29_session0_lamp,59,206,65.86666666666666,0.5232324600219727,-0.9469007833837935
COHFACE_s29_session0_lamp,59,207,65.9,0.3333079218864441,-1.0296550756617644
COHFACE_s29_session0_lamp,59,208,65.93333333333334,0.12332125753164291,-1.0887465493934945
COHFACE_s29_session0_lamp,59,209,65.96666666666667,-0.06719815731048584,-1.113479454558028
COHFACE_s29_session0_lamp,59,210,66.0,-0.2177610546350479,-1.0951706651105437
COHFACE_s29_session0_lamp,59,211,66.03333333333333,-0.33741429448127747,-1.03181332554995
COHFACE_s29_session0_lamp,59,212,66.06666666666666,-0.4291698932647705,-0.929618882259166
COHFACE_s29_session0_lamp,59,213,66.1,-0.49408233165740967,-0.7997821211538245
COHFACE_s29_session0_lamp,59,214,66.13333333333334,-0.5468601584434509,-0.6517193912625509
COHFACE_s29_session0_lamp,59,215,66.16666666666667,-0.6045643091201782,-0.4869448074564599
COHFACE_s29_session0_lamp,59,216,66.2,-0.6683952808380127,-0.2984937938825367
COHFACE_s29_session0_lamp,59,217,66.23333333333333,-0.7323018908500671,-0.07792278093686104
COHFACE_s29_session0_lamp,59,218,66.26666666666667,-0.791904091835022,0.17361994252885368
COHFACE_s29_session0_lamp,59,219,66.3,-0.8358946442604065,0.437733563440395
COHFACE_s29_session0_lamp,59,220,66.33333333333333,-0.8653172254562378,0.6807231096610391
COHFACE_s29_session0_lamp,59,221,66.36666666666666,-0.8934095501899719,0.8653521056817716
COHFACE_s29_session0_lamp,59,222,66.4,-0.9157103300094604,0.9657327410102375
COHFACE_s29_session0_lamp,59,223,66.43333333333334,-0.9189386963844299,0.9764758500085408
COHFACE_s29_session0_lamp,59,224,66.46666666666667,-0.9140069484710693,0.9118064314914144
COHFACE_s29_session0_lamp,59,225,66.5,-0.9199606776237488,0.7972505726633564
COHFACE_s29_session0_lamp,59,226,66.53333333333333,-0.9291751980781555,0.6599189107291985
COHFACE_s29_session0_lamp,59,227,66.56666666666666,-0.7301713228225708,0.5220489828480498
COHFACE_s29_session0_lamp,59,228,66.6,0.13892748951911926,0.39859914965985566
COHFACE_s29_session0_lamp,59,229,66.63333333333334,1.3227250576019287,0.29686620555455434
COHFACE_s29_session0_lamp,59,230,66.66666666666667,1.9452929496765137,0.21644375871377294
COHFACE_s29_session0_lamp,59,231,66.7,1.8700681924819946,0.14996548325004064
COHFACE_s29_session0_lamp,59,232,66.73333333333333,1.5545258522033691,0.08622564436549478
COHFACE_s29_session0_lamp,59,233,66.76666666666667,1.3370226621627808,0.015963077898093515
COHFACE_s29_session0_lamp,59,234,66.8,1.276171326637268,-0.0623314719124491
COHFACE_s29_session0_lamp,59,235,66.83333333333333,1.2230582237243652,-0.14056605063372818
COHFACE_s29_session0_lamp,59,236,66.86666666666666,1.0279964208602905,-0.20482799761294784
COHFACE_s29_session0_lamp,59,237,66.9,0.7978449463844299,-0.24266033818670632
COHFACE_s29_session0_lamp,59,238,66.93333333333334,0.6548256278038025,-0.2496734753188755
COHFACE_s29_session0_lamp,59,239,66.96666666666667,0.5505082607269287,-0.23194673758459855
COHFACE_s29_session0_lamp,60,0,60.0,0.6117867827415466,-0.17715674336103604
COHFACE_s29_session0_lamp,60,1,60.03333333333333,0.448727011680603,-0.08427705748285677
COHFACE_s29_session0_lamp,60,2,60.06666666666667,0.2512480616569519,-0.028231365350811
COHFACE_s29_session0_lamp,60,3,60.1,0.05015686899423599,-0.03492713463515554
COHFACE_s29_session0_lamp,60,4,60.13333333333333,-0.122176893055439,-0.10550912875257172
COHFACE_s29_session0_lamp,60,5,60.166666666666664,-0.2637253701686859,-0.2165926517243627
COHFACE_s29_session0_lamp,60,6,60.2,-0.38172391057014465,-0.33010561934395966
COHFACE_s29_session0_lamp,60,7,60.233333333333334,-0.47545868158340454,-0.4080269839511608
COHFACE_s29_session0_lamp,60,8,60.266666666666666,-0.5469845533370972,-0.42589247314600304
COHFACE_s29_session0_lamp,60,9,60.3,-0.6126540303230286,-0.38024853449781637
COHFACE_s29_session0_lamp,60,10,60.333333333333336,-0.6786479949951172,-0.28756258744152485
COHFACE_s29_session0_lamp,60,11,60.36666666666667,-0.7395750880241394,-0.17535934994018254
COHFACE_s29_session0_lamp,60,12,60.4,-0.803092360496521,-0.0700532349413202
COHFACE_s29_session0_lamp,60,13,60.43333333333333,-0.8621159791946411,0.012752572649809862
COHFACE_s29_session0_lamp,60,14,60.46666666666667,-0.9109841585159302,0.07226187835842837
COHFACE_s29_session0_lamp,60,15,60.5,-0.9523249864578247,0.12066019517609188
COHFACE_s29_session0_lamp,60,16,60.53333333333333,-0.9852949380874634,0.17615786509445122
COHFACE_s29_session0_lamp,60,17,60.56666666666667,-1.0101426839828491,0.25226203675872283
COHFACE_s29_session0_lamp,60,18,60.6,-1.0241752862930298,0.34746007606978335
COHFACE_s29_session0_lamp,60,19,60.63333333333333,-1.032108187675476,0.4418323898289922
COHFACE_s29_session0_lamp,60,20,60.666666666666664,-1.0418472290039062,0.5051492793990693
COHFACE_s29_session0_lamp,60,21,60.7,-1.059151530265808,0.5141995215605977
COHFACE_s29_session0_lamp,60,22,60.733333333333334,-1.023894190788269,0.46919691395758945
COHFACE_s29_session0_lamp,60,23,60.766666666666666,-0.5485256910324097,0.3974274362963472
COHFACE_s29_session0_lamp,60,24,60.8,0.5478855967521667,0.3403102068950549
COHFACE_s29_session0_lamp,60,25,60.833333333333336,1.5541365146636963,0.33133696858904915
COHFACE_s29_session0_lamp,60,26,60.86666666666667,1.8676023483276367,0.3780401240537403
COHFACE_s29_session0_lamp,60,27,60.9,1.718110203742981,0.45822854307817984
COHFACE_s29_session0_lamp,60,28,60.93333333333333,1.5547205209732056,0.5318104894609778
COHFACE_s29_session0_lamp,60,29,60.96666666666667,1.5295212268829346,0.5604274008740998
COHFACE_s29_session0_lamp,60,30,61.0,1.5525412559509277,0.5234126467270859
COHFACE_s29_session0_lamp,60,31,61.03333333333333,1.4484888315200806,0.4222064629655803
COHFACE_s29_session0_lamp,60,32,61.06666666666667,1.1726704835891724,0.2736985979018183
COHFACE_s29_session0_lamp,60,33,61.1,0.884636402130127,0.09956386541408543
COHFACE_s29_session0_lamp,60,34,61.13333333333333,0.6933004856109619,-0.08128555589703255
COHFACE_s29_session0_lamp,60,35,61.166666666666664,0.5498160719871521,-0.25475271238978725
COHFACE_s29_session0_lamp,60,36,61.2,0.39458104968070984,-0.4104689605026675
COHFACE_s29_session0_lamp,60,37,61.233333333333334,0.2067924588918686,-0.541287572540507
COHFACE_s29_session0_lamp,60,38,61.266666666666666,0.008075181394815445,-0.6447218939012205
COHFACE_s29_session0_lamp,60,39,61.3,-0.16539417207241058,-0.7245841766238004
COHFACE_s29_session0_lamp,60,40,61.333333333333336,-0.3067966401576996,-0.7903202194501834
COHFACE_s29_session0_lamp,60,41,61.36666666666667,-0.4160727560520172,-0.8531749682918188
COHFACE_s29_session0_lamp,60,42,61.4,-0.496677964925766,-0.9206205653952612
COHFACE_s29_session0_lamp,60,43,61.43333333333333,-0.5641751885414124,-0.9918283831951098
COHFACE_s29_session0_lamp,60,44,61.46666666666667,-0.6225120425224304,-1.056558161993857
COHFACE_s29_session0_lamp,60,45,61.5,-0.680270254611969,-1.097982817285433
COHFACE_s29_session0_lamp,60,46,61.53333333333333,-0.7416894435882568,-1.0978290175981134
COHFACE_s29_session0_lamp,60,47,61.56666666666667,-0.7934182286262512,-1.0412386071194506
COHFACE_s29_session0_lamp,60,48,61.6,-0.845514714717865,-0.9195769900951346
COHFACE_s29_session0_lamp,60,49,61.63333333333333,-0.8962485194206238,-0.7310541777326719
COHFACE_s29_session0_lamp,60,50,61.666666666666664,-0.9326414465904236,-0.4800885970250007
COHFACE_s29_session0_lamp,60,51,61.7,-0.9587491750717163,-0.17634449284110926
COHFACE_s29_session0_lamp,60,52,61.733333333333334,-0.9808390736579895,0.16626051938977665
COHFACE_s29_session0_lamp,60,53,61.766666666666666,-0.996775209903717,0.5305659091407404
COHFACE_s29_session0_lamp,60,54,61.8,-1.0002306699752808,0.8967545710903562
COHFACE_s29_session0_lamp,60,55,61.833333333333336,-0.9996411800384521,1.2420629917283819
COHFACE_s29_session0_lamp,60,56,61.86666666666667,-1.007795810699463,1.5403408094915083
COHFACE_s29_session0_lamp,60,57,61.9,-1.0191625356674194,1.763230356603607
COHFACE_s29_session0_lamp,60,58,61.93333333333333,-0.9079504609107971,1.8841685814090268
COHFACE_s29_session0_lamp,60,59,61.96666666666667,-0.22903041541576385,1.884619609544254
COHFACE_s29_session0_lamp,60,60,62.0,0.9247227311134338,1.7602840051090043
COHFACE_s29_session0_lamp,60,61,62.03333333333333,1.7382642030715942,1.5245478788386526
COHFACE_s29_session0_lamp,60,62,62.06666666666667,1.8569549322128296,1.207368289989193
COHFACE_s29_session0_lamp,60,63,62.1,1.6261274814605713,0.8493645576989143
COHFACE_s29_session0_lamp,60,64,62.13333333333333,1.4468071460723877,0.4923131709390954
COHFACE_s29_session0_lamp,60,65,62.166666666666664,1.4233274459838867,0.1686684454098464
COHFACE_s29_session0_lamp,60,66,62.2,1.4234896898269653,-0.10599521759259511
COHFACE_s29_session0_lamp,60,67,62.233333333333334,1.271758794784546,-0.3340913129800023
COHFACE_s29_session0_lamp,60,68,62.266666666666666,1.010421872138977,-0.5300033339500889
COHFACE_s29_session0_lamp,60,69,62.3,0.8084384202957153,-0.7099602558820519
COHFACE_s29_session0_lamp,60,70,62.333333333333336,0.6840859651565552,-0.8828692514489033
COHFACE_s29_session0_lamp,60,71,62.36666666666667,0.5652114152908325,-1.046208937873186
COHFACE_s29_session0_lamp,60,72,62.4,0.39461350440979004,-1.1877145361334034
COHFACE_s29_session0_lamp,60,73,62.43333333333333,0.19613415002822876,-1.2904540314226502
COHFACE_s29_session0_lamp,60,74,62.46666666666667,0.021329129114747047,-1.3382395049383538
COHFACE_s29_session0_lamp,60,75,62.5,-0.12439940124750137,-1.3196928517897986
COHFACE_s29_session0_lamp,60,76,62.53333333333333,-0.24334965646266937,-1.230918042668973
COHFACE_s29_session0_lamp,60,77,62.56666666666667,-0.3311631381511688,-1.0773656027588363
COHFACE_s29_session0_lamp,60,78,62.6,-0.397995263338089,-0.8748435394140143
COHFACE_s29_session0_lamp,60,79,62.63333333333333,-0.45724597573280334,-0.6485119004693033
COHFACE_s29_session0_lamp,60,80,62.666666666666664,-0.5175566077232361,-0.42828225232976047
COHFACE_s29_session0_lamp,60,81,62.7,-0.5722919702529907,-0.24011903264233458
COHFACE_s29_session0_lamp,60,82,62.733333333333334,-0.6310127377510071,-0.09532996906626208
COHFACE_s29_session0_lamp,60,83,62.766666666666666,-0.6948490738868713,0.016831249252490334
COHFACE_s29_session0_lamp,60,84,62.8,-0.7509688138961792,0.12641939777620914
COHFACE_s29_session0_lamp,60,85,62.833333333333336,-0.7965329885482788,0.26705096737985906
COHFACE_s29_session0_lamp,60,86,62.86666666666667,-0.8380576968193054,0.45369608597733513
COHFACE_s29_session0_lamp,60,87,62.9,-0.8728013038635254,0.667752859912871
COHFACE_s29_session0_lamp,60,88,62.93333333333333,-0.8904299736022949,0.860803333371715
COHFACE_s29_session0_lamp,60,89,62.96666666666667,-0.9024185538291931,0.9774165771619878
COHFACE_s29_session0_lamp,60,90,63.0,-0.9241786003112793,0.9847275819660906
COHFACE_s29_session0_lamp,60,91,63.03333333333333,-0.9230916500091553,0.8912524850223319
COHFACE_s29_session0_lamp,60,92,63.06666666666667,-0.5678902268409729,0.7438680779187763
COHFACE_s29_session0_lamp,60,93,63.1,0.4616943597793579,0.6049825414363804
COHFACE_s29_session0_lamp,60,94,63.13333333333333,1.5422290563583374,0.5227744104707566
COHFACE_s29_session0_lamp,60,95,63.166666666666664,1.9512412548065186,0.5102827553629982
COHFACE_s29_session0_lamp,60,96,63.2,1.7930915355682373,0.5432444960671315
COHFACE_s29_session0_lamp,60,97,63.233333333333334,1.5415098667144775,0.5758619736976454
COHFACE_s29_session0_lamp,60,98,63.266666666666666,1.431314468383789,0.5643435405843572
COHFACE_s29_session0_lamp,60,99,63.3,1.4255661964416504,0.48529674151864755
COHFACE_s29_session0_lamp,60,100,63.333333333333336,1.3475944995880127,0.3410996049493436
COHFACE_s29_session0_lamp,60,101,63.36666666666667,1.1045567989349365,0.15289212526815316
COHFACE_s29_session0_lamp,60,102,63.4,0.8425223231315613,-0.052027731935860744
COHFACE_s29_session0_lamp,60,103,63.43333333333333,0.676093578338623,-0.25073496735177514
COHFACE_s29_session0_lamp,60,104,63.46666666666667,0.549329400062561,-0.4291501621845934
COHFACE_s29_session0_lamp,60,105,63.5,0.39050915837287903,-0.5811641785103274
COHFACE_s29_session0_lamp,60,106,63.53333333333333,0.190034419298172,-0.705458981147969
COHFACE_s29_session0_lamp,60,107,63.56666666666667,-0.014717714861035347,-0.8026724249090613
COHFACE_s29_session0_lamp,60,108,63.6,-0.1975475698709488,-0.873923929632522
COHFACE_s29_session0_lamp,60,109,63.63333333333333,-0.3480239510536194,-0.920373049351779
COHFACE_s29_session0_lamp,60,110,63.666666666666664,-0.45910078287124634,-0.9431727161659302
COHFACE_s29_session0_lamp,60,111,63.7,-0.5349473357200623,-0.9434666298892549
COHFACE_s29_session0_lamp,60,112,63.733333333333334,-0.5884930491447449,-0.9222306012734839
COHFACE_s29_session0_lamp,60,113,63.766666666666666,-0.6426444053649902,-0.8797179499745148
COHFACE_s29_session0_lamp,60,114,63.8,-0.7011813521385193,-0.8143761593642447
COHFACE_s29_session0_lamp,60,115,63.833333333333336,-0.7610593438148499,-0.7216019049766291
COHFACE_s29_session0_lamp,60,116,63.86666666666667,-0.8209859728813171,-0.5934038805202476
COHFACE_s29_session0_lamp,60,117,63.9,-0.8766136169433594,-0.420165613649287
COHFACE_s29_session0_lamp,60,118,63.93333333333333,-0.9272284507751465,-0.19473481507877413
COHFACE_s29_session0_lamp,60,119,63.96666666666667,-0.9673039317131042,0.0824400362872165
COHFACE_s29_session0_lamp,60,120,64.0,-1.003913164138794,0.39943350346888995
COHFACE_s29_session0_lamp,60,121,64.03333333333333,-1.0274956226348877,0.732379250469714
COHFACE_s29_session0_lamp,60,122,64.06666666666666,-1.0366289615631104,1.0491758464422711
COHFACE_s29_session0_lamp,60,123,64.1,-1.0380457639694214,1.3162129549269665
COHFACE_s29_session0_lamp,60,124,64.13333333333334,-1.0406414270401,1.505563616163721
COHFACE_s29_session0_lamp,60,125,64.16666666666667,-1.0502289533615112,1.599899095897014
COHFACE_s29_session0_lamp,60,126,64.2,-1.0382566452026367,1.5935773444515469
COHFACE_s29_session0_lamp,60,127,64.23333333333333,-0.6357335448265076,1.4904631960248635
COHFACE_s29_session0_lamp,60,128,64.26666666666667,0.49346923828125,1.3008837176566328
COHFACE_s29_session0_lamp,60,129,64.3,1.6721187829971313,1.0400351986173988
COHFACE_s29_session0_lamp,60,130,64.33333333333333,2.1326920986175537,0.7278783072911149
COHFACE_s29_session0_lamp,60,131,64.36666666666666,1.9932202100753784,0.3886015734783211
COHFACE_s29_session0_lamp,60,132,64.4,1.748154640197754,0.048261758285752784
COHFACE_s29_session0_lamp,60,133,64.43333333333334,1.6491150856018066,-0.2689486539074262
COHFACE_s29_session0_lamp,60,134,64.46666666666667,1.6620229482650757,-0.5443190872025573
COHFACE_s29_session0_lamp,60,135,64.5,1.6117541790008545,-0.7667183755033072
COHFACE_s29_session0_lamp,60,136,64.53333333333333,1.3608916997909546,-0.9323971077224882
COHFACE_s29_session0_lamp,60,137,64.56666666666666,1.0372812747955322,-1.0426986120014707
COHFACE_s29_session0_lamp,60,138,64.6,0.8049180507659912,-1.1009754977140094
COHFACE_s29_session0_lamp,60,139,64.63333333333334,0.6446323990821838,-1.1105170693363875
COHFACE_s29_session0_lamp,60,140,64.66666666666667,0.4824918806552887,-1.0746881488811306
COHFACE_s29_session0_lamp,60,141,64.7,0.28548339009284973,-0.9990151963340593
COHFACE_s29_session0_lamp,60,142,64.73333333333333,0.0812666043639183,-0.8934622451234256
COHFACE_s29_session0_lamp,60,143,64.76666666666667,-0.10524579882621765,-0.7726101779772768
COHFACE_s29_session0_lamp,60,144,64.8,-0.26135143637657166,-0.6524696701271255
COHFACE_s29_session0_lamp,60,145,64.83333333333333,-0.3843952417373657,-0.5449280269873258
COHFACE_s29_session0_lamp,60,146,64.86666666666666,-0.47602105140686035,-0.45306019592549823
COHFACE_s29_session0_lamp,60,147,64.9,-0.5458489656448364,-0.3707009555122054
COHFACE_s29_session0_lamp,60,148,64.93333333333334,-0.605597198009491,-0.28703670814289317
COHFACE_s29_session0_lamp,60,149,64.96666666666667,-0.6674813628196716,-0.19363118478740515
COHFACE_s29_session0_lamp,60,150,65.0,-0.7332373857498169,-0.08981428351517493
COHFACE_s29_session0_lamp,60,151,65.03333333333333,-0.7996423244476318,0.016780653282081247
COHFACE_s29_session0_lamp,60,152,65.06666666666666,-0.8613480925559998,0.11533474427637204
COHFACE_s29_session0_lamp,60,153,65.1,-0.9144774079322815,0.20028220011333836
COHFACE_s29_session0_lamp,60,154,65.13333333333334,-0.963237464427948,0.2781038982108895
COHFACE_s29_session0_lamp,60,155,65.16666666666667,-1.003156065940857,0.36725265749914504
COHFACE_s29_session0_lamp,60,156,65.2,-1.0346065759658813,0.4891549239458215
COHFACE_s29_session0_lamp,60,157,65.23333333333333,-1.055890679359436,0.6537792255871704
COHFACE_s29_session0_lamp,60,158,65.26666666666667,-1.0716429948806763,0.8481887387234909
COHFACE_s29_session0_lamp,60,159,65.3,-1.0748226642608643,1.036788490136482
COHFACE_s29_session0_lamp,60,160,65.33333333333333,-1.0792405605316162,1.1758132877414713
COHFACE_s29_session0_lamp,60,161,65.36666666666666,-1.1005463600158691,1.2349127210532873
COHFACE_s29_session0_lamp,60,162,65.4,-1.0861947536468506,1.2118523967546306
COHFACE_s29_session0_lamp,60,163,65.43333333333334,-0.6943840384483337,1.1294263616856401
COHFACE_s29_session0_lamp,60,164,65.46666666666667,0.4293787479400635,1.0169199968498686
COHFACE_s29_session0_lamp,60,165,65.5,1.638440489768982,0.8903605862242375
COHFACE_s29_session0_lamp,60,166,65.53333333333333,2.1279280185699463,0.7454393769161124
COHFACE_s29_session0_lamp,60,167,65.56666666666666,1.9878017902374268,0.5662958303500172
COHFACE_s29_session0_lamp,60,168,65.6,1.7334082126617432,0.3416787270541186
COHFACE_s29_session0_lamp,60,169,65.63333333333334,1.6409982442855835,0.07595244153453841
COHFACE_s29_session0_lamp,60,170,65.66666666666667,1.6575021743774414,-0.2115506068289918
COHFACE_s29_session0_lamp,60,171,65.7,1.6057679653167725,-0.4959084160404844
COHFACE_s29_session0_lamp,60,172,65.73333333333333,1.3588151931762695,-0.7570726768796001
COHFACE_s29_session0_lamp,60,173,65.76666666666667,1.0417317152023315,-0.985129248825795
COHFACE_s29_session0_lamp,60,174,65.8,0.8196320533752441,-1.1785438800432988
COHFACE_s29_session0_lamp,60,175,65.83333333333333,0.6740549206733704,-1.3378628937902939
COHFACE_s29_session0_lamp,60,176,65.86666666666666,0.5232324600219727,-1.45925868934963
COHFACE_s29_session0_lamp,60,177,65.9,0.3333079218864441,-1.5317397895194844
COHFACE_s29_session0_lamp,60,178,65.93333333333334,0.12332125753164291,-1.5397677560998386
COHFACE_s29_session0_lamp,60,179,65.96666666666667,-0.06719815731048584,-1.470293142549472
COHFACE_s29_session0_lamp,60,180,66.0,-0.2177610546350479,-1.3207500455477554
COHFACE_s29_session0_lamp,60,181,66.03333333333333,-0.33741429448127747,-1.1035292749389622
COHFACE_s29_session0_lamp,60,182,66.06666666666666,-0.4291698932647705,-0.8436470053992028
COHFACE_s29_session0_lamp,60,183,66.1,-0.49408233165740967,-0.5694161745686661
COHFACE_s29_session0_lamp,60,184,66.13333333333334,-0.5468601584434509,-0.2998057962641533
COHFACE_s29_session0_lamp,60,185,66.16666666666667,-0.6045643091201782,-0.035457593520456604
COHFACE_s29_session0_lamp,60,186,66.2,-0.6683952808380127,0.2391936203265843
COHFACE_s29_session0_lamp,60,187,66.23333333333333,-0.7323018908500671,0.5406629716614979
COHFACE_s29_session0_lamp,60,188,66.26666666666667,-0.791904091835022,0.8661764344331814
COHFACE_s29_session0_lamp,60,189,66.3,-0.8358946442604065,1.1827638965625278
COHFACE_s29_session0_lamp,60,190,66.33333333333333,-0.8653172254562378,1.4350474103568656
COHFACE_s29_session0_lamp,60,191,66.36666666666666,-0.8934095501899719,1.5686035788285342
COHFACE_s29_session0_lamp,60,192,66.4,-0.9157103300094604,1.5550808005086871
COHFACE_s29_session0_lamp,60,193,66.43333333333334,-0.9189386963844299,1.404252176606535
COHFACE_s29_session0_lamp,60,194,66.46666666666667,-0.9140069484710693,1.1578904091802131
COHFACE_s29_session0_lamp,60,195,66.5,-0.9199606776237488,0.8719618332489275
COHFACE_s29_session0_lamp,60,196,66.53333333333333,-0.9291751980781555,0.5979678827335888
COHFACE_s29_session0_lamp,60,197,66.56666666666666,-0.7301713228225708,0.37114979300916395
COHFACE_s29_session0_lamp,60,198,66.6,0.13892748951911926,0.20749305349113412
COHFACE_s29_session0_lamp,60,199,66.63333333333334,1.3227250576019287,0.10685779699037162
COHFACE_s29_session0_lamp,60,200,66.66666666666667,1.9452929496765137,0.05804354214322554
COHFACE_s29_session0_lamp,60,201,66.7,1.8700681924819946,0.043116251418195466
COHFACE_s29_session0_lamp,60,202,66.73333333333333,1.5545258522033691,0.041079056068822235
COHFACE_s29_session0_lamp,60,203,66.76666666666667,1.3370226621627808,0.032229776506889955
COHFACE_s29_session0_lamp,60,204,66.8,1.276171326637268,0.003107207543320856
COHFACE_s29_session0_lamp,60,205,66.83333333333333,1.2230582237243652,-0.050126374224965436
COHFACE_s29_session0_lamp,60,206,66.86666666666666,1.0279964208602905,-0.12208787960042453
COHFACE_s29_session0_lamp,60,207,66.9,0.7978449463844299,-0.20255761329949423
COHFACE_s29_session0_lamp,60,208,66.93333333333334,0.6548256278038025,-0.2825521082798985
COHFACE_s29_session0_lamp,60,209,66.96666666666667,0.5505082607269287,-0.35875901380288727
COHFACE_s29_session0_lamp,60,210,67.0,0.4064885079860687,-0.4342574838987137
COHFACE_s29_session0_lamp,60,211,67.03333333333333,0.20634904503822327,-0.5157537581511263
COHFACE_s29_session0_lamp,60,212,67.06666666666666,-0.011354207992553711,-0.6091428421483781
COHFACE_s29_session0_lamp,60,213,67.1,-0.2089359015226364,-0.7154049563123737
COHFACE_s29_session0_lamp,60,214,67.13333333333334,-0.36834558844566345,-0.8280915874333064
COHFACE_s29_session0_lamp,60,215,67.16666666666667,-0.47670242190361023,-0.9330129539651297
COHFACE_s29_session0_lamp,60,216,67.2,-0.5445836186408997,-1.0107004421400554
COHFACE_s29_session0_lamp,60,217,67.23333333333333,-0.5914293527603149,-1.0418065493519515
COHFACE_s29_session0_lamp,60,218,67.26666666666667,-0.6339004039764404,-1.0140315025536766
COHFACE_s29_session0_lamp,60,219,67.3,-0.6819249987602234,-0.9274290054902345
COHFACE_s29_session0_lamp,60,220,67.33333333333333,-0.7350218892097473,-0.7946700541943474
COHFACE_s29_session0_lamp,60,221,67.36666666666666,-0.7994909286499023,-0.6348036976381788
COHFACE_s29_session0_lamp,60,222,67.4,-0.8624025583267212,-0.4627199216368479
COHFACE_s29_session0_lamp,60,223,67.43333333333334,-0.9057171940803528,-0.2800688350237795
COHFACE_s29_session0_lamp,60,224,67.46666666666667,-0.9401201009750366,-0.07434093210601664
COHFACE_s29_session0_lamp,60,225,67.5,-0.9666009545326233,0.17096310450997473
COHFACE_s29_session0_lamp,60,226,67.53333333333333,-0.9901833534240723,0.4597072345377528
COHFACE_s29_session0_lamp,60,227,67.56666666666666,-1.017248272895813,0.7704061317893185
COHFACE_s29_session0_lamp,60,228,67.6,-0.9950393438339233,1.056589202331047
COHFACE_s29_session0_lamp,60,229,67.63333333333334,-0.5240564942359924,1.2618172801673735
COHFACE_s29_session0_lamp,60,230,67.66666666666667,0.6637535095214844,1.3418412904964252
COHFACE_s29_session0_lamp,60,231,67.7,1.7876406908035278,1.2821755787422362
COHFACE_s29_session0_lamp,60,232,67.73333333333333,2.131578207015991,1.1030228242873938
COHFACE_s29_session0_lamp,60,233,67.76666666666667,1.9224838018417358,0.8511187389884401
COHFACE_s29_session0_lamp,60,234,67.8,1.68388032913208,0.5838279468971967
COHFACE_s29_session0_lamp,60,235,67.83333333333333,1.6092936992645264,0.35253688404043976
COHFACE_s29_session0_lamp,60,236,67.86666666666666,1.6241320371627808,0.1907606134953904
COHFACE_s29_session0_lamp,60,237,67.9,1.5362699031829834,0.10914320116312953
COHFACE_s29_session0_lamp,60,238,67.93333333333334,1.2533459663391113,0.09659705045566702
COHFACE_s29_session0_lamp,60,239,67.96666666666667,0.9356784820556641,0.12552891547991038
COHFACE_s29_session0_lamp,61,0,61.0,1.5525412559509277,0.1880605280023055
COHFACE_s29_session0_lamp,61,1,61.03333333333333,1.4484888315200806,0.7306723434908586
COHFACE_s29_session0_lamp,61,2,61.06666666666667,1.1726704835891724,1.162924197783466
COHFACE_s29_session0_lamp,61,3,61.1,0.884636402130127,1.4130094798972581
COHFACE_s29_session0_lamp,61,4,61.13333333333333,0.6933004856109619,1.4643811926805061
COHFACE_s29_session0_lamp,61,5,61.166666666666664,0.5498160719871521,1.3575523365661364
COHFACE_s29_session0_lamp,61,6,61.2,0.39458104968070984,1.1691973222485514
COHFACE_s29_session0_lamp,61,7,61.233333333333334,0.2067924588918686,0.976805015196771
COHFACE_s29_session0_lamp,61,8,61.266666666666666,0.008075181394815445,0.8245863266452056
COHFACE_s29_session0_lamp,61,9,61.3,-0.16539417207241058,0.7067684823235646
COHFACE_s29_session0_lamp,61,10,61.333333333333336,-0.3067966401576996,0.5769741941907676
COHFACE_s29_session0_lamp,61,11,61.36666666666667,-0.4160727560520172,0.37909100608450846
COHFACE_s29_session0_lamp,61,12,61.4,-0.496677964925766,0.08204778972878513
COHFACE_s29_session0_lamp,61,13,61.43333333333333,-0.5641751885414124,-0.30168953094831696
COHFACE_s29_session0_lamp,61,14,61.46666666666667,-0.6225120425224304,-0.7223160409077982
COHFACE_s29_session0_lamp,61,15,61.5,-0.680270254611969,-1.115847912840665
COHFACE_s29_session0_lamp,61,16,61.53333333333333,-0.7416894435882568,-1.428535679926142
COHFACE_s29_session0_lamp,61,17,61.56666666666667,-0.7934182286262512,-1.629749464019605
COHFACE_s29_session0_lamp,61,18,61.6,-0.845514714717865,-1.709927511531374
COHFACE_s29_session0_lamp,61,19,61.63333333333333,-0.8962485194206238,-1.6695648952137254
COHFACE_s29_session0_lamp,61,20,61.666666666666664,-0.9326414465904236,-1.509349865827809
COHFACE_s29_session0_lamp,61,21,61.7,-0.9587491750717163,-1.2288282320423995
COHFACE_s29_session0_lamp,61,22,61.733333333333334,-0.9808390736579895,-0.8337723746752304
COHFACE_s29_session0_lamp,61,23,61.766666666666666,-0.996775209903717,-0.3460742194707613
COHFACE_s29_session0_lamp,61,24,61.8,-1.0002306699752808,0.19132877299595635
COHFACE_s29_session0_lamp,61,25,61.833333333333336,-0.9996411800384521,0.7187273374524792
COHFACE_s29_session0_lamp,61,26,61.86666666666667,-1.007795810699463,1.1724212511024257
COHFACE_s29_session0_lamp,61,27,61.9,-1.0191625356674194,1.5010098730968893
COHFACE_s29_session0_lamp,61,28,61.93333333333333,-0.9079504609107971,1.678213250678397
COHFACE_s29_session0_lamp,61,29,61.96666666666667,-0.22903041541576385,1.7069734359413817
COHFACE_s29_session0_lamp,61,30,62.0,0.9247227311134338,1.6143736249481175
COHFACE_s29_session0_lamp,61,31,62.03333333333333,1.7382642030715942,1.4410112409157054
COHFACE_s29_session0_lamp,61,32,62.06666666666667,1.8569549322128296,1.2290106018255311
COHFACE_s29_session0_lamp,61,33,62.1,1.6261274814605713,1.011474438631811
COHFACE_s29_session0_lamp,61,34,62.13333333333333,1.4468071460723877,0.8054779492819933
COHFACE_s29_session0_lamp,61,35,62.166666666666664,1.4233274459838867,0.6105680658353093
COHFACE_s29_session0_lamp,61,36,62.2,1.4234896898269653,0.41371512017979356
COHFACE_s29_session0_lamp,61,37,62.233333333333334,1.271758794784546,0.1991622604469176
COHFACE_s29_session0_lamp,61,38,62.266666666666666,1.010421872138977,-0.04135366818461822
COHFACE_s29_session0_lamp,61,39,62.3,0.8084384202957153,-0.3032266772656053
COHFACE_s29_session0_lamp,61,40,62.333333333333336,0.6840859651565552,-0.5706011987633857
COHFACE_s29_session0_lamp,61,41,62.36666666666667,0.5652114152908325,-0.822697314567762
COHFACE_s29_session0_lamp,61,42,62.4,0.39461350440979004,-1.0401683800791062
COHFACE_s29_session0_lamp,61,43,62.43333333333333,0.19613415002822876,-1.2077334489472975
COHFACE_s29_session0_lamp,61,44,62.46666666666667,0.021329129114747047,-1.312665215141596
COHFACE_s29_session0_lamp,61,45,62.5,-0.12439940124750137,-1.3423005474530145
COHFACE_s29_session0_lamp,61,46,62.53333333333333,-0.24334965646266937,-1.2851460655832716
COHFACE_s29_session0_lamp,61,47,62.56666666666667,-0.3311631381511688,-1.137841658209516
COHFACE_s29_session0_lamp,61,48,62.6,-0.397995263338089,-0.9150503730555506
COHFACE_s29_session0_lamp,61,49,62.63333333333333,-0.45724597573280334,-0.6550756466728351
COHFACE_s29_session0_lamp,61,50,62.666666666666664,-0.5175566077232361,-0.4142916516575578
COHFACE_s29_session0_lamp,61,51,62.7,-0.5722919702529907,-0.24856963008159721
COHFACE_s29_session0_lamp,61,52,62.733333333333334,-0.6310127377510071,-0.18748170776357995
COHFACE_s29_session0_lamp,61,53,62.766666666666666,-0.6948490738868713,-0.21391380258807627
COHFACE_s29_session0_lamp,61,54,62.8,-0.7509688138961792,-0.26352705231952567
COHFACE_s29_session0_lamp,61,55,62.833333333333336,-0.7965329885482788,-0.2504897550557413
COHFACE_s29_session0_lamp,61,56,62.86666666666667,-0.8380576968193054,-0.10950390032342584
COHFACE_s29_session0_lamp,61,57,62.9,-0.8728013038635254,0.16846237145261797
COHFACE_s29_session0_lamp,61,58,62.93333333333333,-0.8904299736022949,0.5271579035288637
COHFACE_s29_session0_lamp,61,59,62.96666666666667,-0.9024185538291931,0.8681075681600084
COHFACE_s29_session0_lamp,61,60,63.0,-0.9241786003112793,1.0933416696487066
COHFACE_s29_session0_lamp,61,61,63.03333333333333,-0.9230916500091553,1.1458568270190546
COHFACE_s29_session0_lamp,61,62,63.06666666666667,-0.5678902268409729,1.029692107433291
COHFACE_s29_session0_lamp,61,63,63.1,0.4616943597793579,0.8036065457349307
COHFACE_s29_session0_lamp,61,64,63.13333333333333,1.5422290563583374,0.554153348320632
COHFACE_s29_session0_lamp,61,65,63.166666666666664,1.9512412548065186,0.3610099916160474
COHFACE_s29_session0_lamp,61,66,63.2,1.7930915355682373,0.268748868570861
COHFACE_s29_session0_lamp,61,67,63.233333333333334,1.5415098667144775,0.2753050424299799
COHFACE_s29_session0_lamp,61,68,63.266666666666666,1.431314468383789,0.33998742416105154
COHFACE_s29_session0_lamp,61,69,63.3,1.4255661964416504,0.40578055771393007
COHFACE_s29_session0_lamp,61,70,63.333333333333336,1.3475944995880127,0.42501030141158624
COHFACE_s29_session0_lamp,61,71,63.36666666666667,1.1045567989349365,0.3768479426260695
COHFACE_s29_session0_lamp,61,72,63.4,0.8425223231315613,0.2701005364805466
COHFACE_s29_session0_lamp,61,73,63.43333333333333,0.676093578338623,0.13250323932994795
COHFACE_s29_session0_lamp,61,74,63.46666666666667,0.549329400062561,-0.0058866236870008595
COHFACE_s29_session0_lamp,61,75,63.5,0.39050915837287903,-0.1258785709908396
COHFACE_s29_session0_lamp,61,76,63.53333333333333,0.190034419298172,-0.2232302560258116
COHFACE_s29_session0_lamp,61,77,63.56666666666667,-0.014717714861035347,-0.3041038938800222
COHFACE_s29_session0_lamp,61,78,63.6,-0.1975475698709488,-0.3770680960023893
COHFACE_s29_session0_lamp,61,79,63.63333333333333,-0.3480239510536194,-0.4473234989379518
COHFACE_s29_session0_lamp,61,80,63.666666666666664,-0.45910078287124634,-0.5153731080957297
COHFACE_s29_session0_lamp,61,81,63.7,-0.5349473357200623,-0.5785324076440992
COHFACE_s29_session0_lamp,61,82,63.733333333333334,-0.5884930491447449,-0.6327230627681841
COHFACE_s29_session0_lamp,61,83,63.766666666666666,-0.6426444053649902,-0.6733048434827681
COHFACE_s29_session0_lamp,61,84,63.8,-0.7011813521385193,-0.6950922130828551
COHFACE_s29_session0_lamp,61,85,63.833333333333336,-0.7610593438148499,-0.6922999395379462
COHFACE_s29_session0_lamp,61,86,63.86666666666667,-0.8209859728813171,-0.6590511453453195
COHFACE_s29_session0_lamp,61,87,63.9,-0.8766136169433594,-0.5905338974100818
COHFACE_s29_session0_lamp,61,88,63.93333333333333,-0.9272284507751465,-0.48433425410126785
COHFACE_s29_session0_lamp,61,89,63.96666666666667,-0.9673039317131042,-0.3414152073981069
COHFACE_s29_session0_lamp,61,90,64.0,-1.003913164138794,-0.16670077837173922
COHFACE_s29_session0_lamp,61,91,64.03333333333333,-1.0274956226348877,0.030506979359808555
COHFACE_s29_session0_lamp,61,92,64.06666666666666,-1.0366289615631104,0.2365549561776743
COHFACE_s29_session0_lamp,61,93,64.1,-1.0380457639694214,0.43485560649780247
COHFACE_s29_session0_lamp,61,94,64.13333333333334,-1.0406414270401,0.609428044026306
COHFACE_s29_session0_lamp,61,95,64.16666666666667,-1.0502289533615112,0.7496703670592882
COHFACE_s29_session0_lamp,61,96,64.2,-1.0382566452026367,0.8533197584791604
COHFACE_s29_session0_lamp,61,97,64.23333333333333,-0.6357335448265076,0.9245284313871084
COHFACE_s29_session0_lamp,61,98,64.26666666666667,0.49346923828125,0.9673156323205179
COHFACE_s29_session0_lamp,61,99,64.3,1.6721187829971313,0.9785410195621209
COHFACE_s29_session0_lamp,61,100,64.33333333333333,2.1326920986175537,0.9454475263461184
COHFACE_s29_session0_lamp,61,101,64.36666666666666,1.9932202100753784,0.8501284292076083
COHFACE_s29_session0_lamp,61,102,64.4,1.748154640197754,0.6788716750949791
COHFACE_s29_session0_lamp,61,103,64.43333333333334,1.6491150856018066,0.4312617233115915
COHFACE_s29_session0_lamp,61,104,64.46666666666667,1.6620229482650757,0.12425576322479034
COHFACE_s29_session0_lamp,61,105,64.5,1.6117541790008545,-0.21042449310133426
COHFACE_s29_session0_lamp,61,106,64.53333333333333,1.3608916997909546,-0.5336335660652732
COHFACE_s29_session0_lamp,61,107,64.56666666666666,1.0372812747955322,-0.8072044544033422
COHFACE_s29_session0_lamp,61,108,64.6,0.8049180507659912,-1.000765874513619
COHFACE_s29_session0_lamp,61,109,64.63333333333334,0.6446323990821838,-1.0964254758596297
COHFACE_s29_session0_lamp,61,110,64.66666666666667,0.4824918806552887,-1.0917631546240307
COHFACE_s29_session0_lamp,61,111,64.7,0.28548339009284973,-1.0009446794399388
COHFACE_s29_session0_lamp,61,112,64.73333333333333,0.0812666043639183,-0.8525237849800581
COHFACE_s29_session0_lamp,61,113,64.76666666666667,-0.10524579882621765,-0.6824493995086222
COHFACE_s29_session0_lamp,61,114,64.8,-0.26135143637657166,-0.5229638131168856
COHFACE_s29_session0_lamp,61,115,64.83333333333333,-0.3843952417373657,-0.39145874836119837
COHFACE_s29_session0_lamp,61,116,64.86666666666666,-0.47602105140686035,-0.28547143363027516
COHFACE_s29_session0_lamp,61,117,64.9,-0.5458489656448364,-0.18813228546177965
COHFACE_s29_session0_lamp,61,118,64.93333333333334,-0.605597198009491,-0.0822861931251621
COHFACE_s29_session0_lamp,61,119,64.96666666666667,-0.6674813628196716,0.03469716844790823
COHFACE_s29_session0_lamp,61,120,65.0,-0.7332373857498169,0.14500275632345058
COHFACE_s29_session0_lamp,61,121,65.03333333333333,-0.7996423244476318,0.2185803250842546
COHFACE_s29_session0_lamp,61,122,65.06666666666666,-0.8613480925559998,0.2325297584428331
COHFACE_s29_session0_lamp,61,123,65.1,-0.9144774079322815,0.19095549709003123
COHFACE_s29_session0_lamp,61,124,65.13333333333334,-0.963237464427948,0.13200980054988123
COHFACE_s29_session0_lamp,61,125,65.16666666666667,-1.003156065940857,0.11451023041614612
COHFACE_s29_session0_lamp,61,126,65.2,-1.0346065759658813,0.1887681387164854
COHFACE_s29_session0_lamp,61,127,65.23333333333333,-1.055890679359436,0.3672710749837331
COHFACE_s29_session0_lamp,61,128,65.26666666666667,-1.0716429948806763,0.6127373209072119
COHFACE_s29_session0_lamp,61,129,65.3,-1.0748226642608643,0.8521674054899994
COHFACE_s29_session0_lamp,61,130,65.33333333333333,-1.0792405605316162,1.010564375300755
COHFACE_s29_session0_lamp,61,131,65.36666666666666,-1.1005463600158691,1.0459622542735496
COHFACE_s29_session0_lamp,61,132,65.4,-1.0861947536468506,0.9660968807283075
COHFACE_s29_session0_lamp,61,133,65.43333333333334,-0.6943840384483337,0.8179530521132761
COHFACE_s29_session0_lamp,61,134,65.46666666666667,0.4293787479400635,0.6584870398703822
COHFACE_s29_session0_lamp,61,135,65.5,1.638440489768982,0.5259439279910747
COHFACE_s29_session0_lamp,61,136,65.53333333333333,2.1279280185699463,0.42802654473959384
COHFACE_s29_session0_lamp,61,137,65.56666666666666,1.9878017902374268,0.34965342493322504
COHFACE_s29_session0_lamp,61,138,65.6,1.7334082126617432,0.26984341694677166
COHFACE_s29_session0_lamp,61,139,65.63333333333334,1.6409982442855835,0.1738594573140021
COHFACE_s29_session0_lamp,61,140,65.66666666666667,1.6575021743774414,0.054902120749121944
COHFACE_s29_session0_lamp,61,141,65.7,1.6057679653167725,-0.09004908281290502
COHFACE_s29_session0_lamp,61,142,65.73333333333333,1.3588151931762695,-0.2629638597337631
COHFACE_s29_session0_lamp,61,143,65.76666666666667,1.0417317152023315,-0.4630772264883876
COHFACE_s29_session0_lamp,61,144,65.8,0.8196320533752441,-0.683057129264385
COHFACE_s29_session0_lamp,61,145,65.83333333333333,0.6740549206733704,-0.9071442727259698
COHFACE_s29_session0_lamp,61,146,65.86666666666666,0.5232324600219727,-1.1131059707450217
COHFACE_s29_session0_lamp,61,147,65.9,0.3333079218864441,-1.2765999988506793
COHFACE_s29_session0_lamp,61,148,65.93333333333334,0.12332125753164291,-1.375697209653914
COHFACE_s29_session0_lamp,61,149,65.96666666666667,-0.06719815731048584,-1.3947084062673059
COHFACE_s29_session0_lamp,61,150,66.0,-0.2177610546350479,-1.327857111754777
COHFACE_s29_session0_lamp,61,151,66.03333333333333,-0.33741429448127747,-1.182696816230476
COHFACE_s29_session0_lamp,61,152,66.06666666666666,-0.4291698932647705,-0.980634061524166
COHFACE_s29_session0_lamp,61,153,66.1,-0.49408233165740967,-0.7508479179780505
COHFACE_s29_session0_lamp,61,154,66.13333333333334,-0.5468601584434509,-0.5172387915242219
COHFACE_s29_session0_lamp,61,155,66.16666666666667,-0.6045643091201782,-0.28475487957131995
COHFACE_s29_session0_lamp,61,156,66.2,-0.6683952808380127,-0.036423624212701684
COHFACE_s29_session0_lamp,61,157,66.23333333333333,-0.7323018908500671,0.2517935983035793
COHFACE_s29_session0_lamp,61,158,66.26666666666667,-0.791904091835022,0.585301269374187
COHFACE_s29_session0_lamp,61,159,66.3,-0.8358946442604065,0.9327165517762303
COHFACE_s29_session0_lamp,61,160,66.33333333333333,-0.8653172254562378,1.2303974823856119
COHFACE_s29_session0_lamp,61,161,66.36666666666666,-0.8934095501899719,1.4092859463725993
COHFACE_s29_session0_lamp,61,162,66.4,-0.9157103300094604,1.4277257134334125
COHFACE_s29_session0_lamp,61,163,66.43333333333334,-0.9189386963844299,1.2898770209432564
COHFACE_s29_session0_lamp,61,164,66.46666666666667,-0.9140069484710693,1.0408795634108021
COHFACE_s29_session0_lamp,61,165,66.5,-0.9199606776237488,0.74581521837669
COHFACE_s29_session0_lamp,61,166,66.53333333333333,-0.9291751980781555,0.4665867421769835
COHFACE_s29_session0_lamp,61,167,66.56666666666666,-0.7301713228225708,0.24725326736100597
COHFACE_s29_session0_lamp,61,168,66.6,0.13892748951911926,0.10993518274618173
COHFACE_s29_session0_lamp,61,169,66.63333333333334,1.3227250576019287,0.056832206721607895
COHFACE_s29_session0_lamp,61,170,66.66666666666667,1.9452929496765137,0.0731391245513367
COHFACE_s29_session0_lamp,61,171,66.7,1.8700681924819946,0.12947951269468375
COHFACE_s29_session0_lamp,61,172,66.73333333333333,1.5545258522033691,0.18660815128894587
COHFACE_s29_session0_lamp,61,173,66.76666666666667,1.3370226621627808,0.2053886421306082
COHFACE_s29_session0_lamp,61,174,66.8,1.276171326637268,0.1605729173961473
COHFACE_s29_session0_lamp,61,175,66.83333333333333,1.2230582237243652,0.05197402805717481
COHFACE_s29_session0_lamp,61,176,66.86666666666666,1.0279964208602905,-0.09390386283945554
COHFACE_s29_session0_lamp,61,177,66.9,0.7978449463844299,-0.23421696498475264
COHFACE_s29_session0_lamp,61,178,66.93333333333334,0.6548256278038025,-0.3279298570794743
COHFACE_s29_session0_lamp,61,179,66.96666666666667,0.5505082607269287,-0.35319510334966064
COHFACE_s29_session0_lamp,61,180,67.0,0.4064885079860687,-0.31610678442777
COHFACE_s29_session0_lamp,61,181,67.03333333333333,0.20634904503822327,-0.24764111615151868
COHFACE_s29_session0_lamp,61,182,67.06666666666666,-0.011354207992553711,-0.1910334642059288
COHFACE_s29_session0_lamp,61,183,67.1,-0.2089359015226364,-0.18531488577268804
COHFACE_s29_session0_lamp,61,184,67.13333333333334,-0.36834558844566345,-0.2511617562575412
COHFACE_s29_session0_lamp,61,185,67.16666666666667,-0.47670242190361023,-0.38367967766531036
COHFACE_s29_session0_lamp,61,186,67.2,-0.5445836186408997,-0.5545523741589327
COHFACE_s29_session0_lamp,61,187,67.23333333333333,-0.5914293527603149,-0.7228420908307844
COHFACE_s29_session0_lamp,61,188,67.26666666666667,-0.6339004039764404,-0.849792429779659
COHFACE_s29_session0_lamp,61,189,67.3,-0.6819249987602234,-0.9108035964962793
COHFACE_s29_session0_lamp,61,190,67.33333333333333,-0.7350218892097473,-0.8994241158156985
COHFACE_s29_session0_lamp,61,191,67.36666666666666,-0.7994909286499023,-0.8225913728133416
COHFACE_s29_session0_lamp,61,192,67.4,-0.8624025583267212,-0.6908201124450672
COHFACE_s29_session0_lamp,61,193,67.43333333333334,-0.9057171940803528,-0.5096868846421434
COHFACE_s29_session0_lamp,61,194,67.46666666666667,-0.9401201009750366,-0.2785639743707765
COHFACE_s29_session0_lamp,61,195,67.5,-0.9666009545326233,0.0016565862384984248
COHFACE_s29_session0_lamp,61,196,67.53333333333333,-0.9901833534240723,0.3167061259930072
COHFACE_s29_session0_lamp,61,197,67.56666666666666,-1.017248272895813,0.6321388031750226
COHFACE_s29_session0_lamp,61,198,67.6,-0.9950393438339233,0.8988665447051702
COHFACE_s29_session0_lamp,61,199,67.63333333333334,-0.5240564942359924,1.0706431458923054
COHFACE_s29_session0_lamp,61,200,67.66666666666667,0.6637535095214844,1.1242940961338546
COHFACE_s29_session0_lamp,61,201,67.7,1.7876406908035278,1.0703359901719547
COHFACE_s29_session0_lamp,61,202,67.73333333333333,2.131578207015991,0.9474160563952937
COHFACE_s29_session0_lamp,61,203,67.76666666666667,1.9224838018417358,0.8039588489781742
COHFACE_s29_session0_lamp,61,204,67.8,1.68388032913208,0.6772337270636934
COHFACE_s29_session0_lamp,61,205,67.83333333333333,1.6092936992645264,0.5803191802129093
COHFACE_s29_session0_lamp,61,206,67.86666666666666,1.6241320371627808,0.5019841708747869
COHFACE_s29_session0_lamp,61,207,67.9,1.5362699031829834,0.41732791183637247
COHFACE_s29_session0_lamp,61,208,67.93333333333334,1.2533459663391113,0.30238711531903006
COHFACE_s29_session0_lamp,61,209,67.96666666666667,0.9356784820556641,0.14555761954616478
COHFACE_s29_session0_lamp,61,210,68.0,0.722425639629364,-0.048196643737546924
COHFACE_s29_session0_lamp,61,211,68.03333333333333,0.5772486925125122,-0.2601514675712304
COHFACE_s29_session0_lamp,61,212,68.06666666666666,0.4185311794281006,-0.46459323587136125
COHFACE_s29_session0_lamp,61,213,68.1,0.22002477943897247,-0.636095152186701
COHFACE_s29_session0_lamp,61,214,68.13333333333334,0.0041438802145421505,-0.755306012976155
COHFACE_s29_session0_lamp,61,215,68.16666666666667,-0.18561306595802307,-0.8126535183689853
COHFACE_s29_session0_lamp,61,216,68.2,-0.32937324047088623,-0.8094559361170135
COHFACE_s29_session0_lamp,61,217,68.23333333333333,-0.4387737214565277,-0.7558805895625332
COHFACE_s29_session0_lamp,61,218,68.26666666666667,-0.5184217691421509,-0.6663377331636867
COHFACE_s29_session0_lamp,61,219,68.3,-0.5846698880195618,-0.5545188919731772
COHFACE_s29_session0_lamp,61,220,68.33333333333333,-0.6500149369239807,-0.4307906303352397
COHFACE_s29_session0_lamp,61,221,68.36666666666666,-0.7146137356758118,-0.30323531166709417
COHFACE_s29_session0_lamp,61,222,68.4,-0.7719447612762451,-0.18086113812434573
COHFACE_s29_session0_lamp,61,223,68.43333333333334,-0.8349158763885498,-0.07540024338943872
COHFACE_s29_session0_lamp,61,224,68.46666666666667,-0.900212287902832,0.001399004122730199
COHFACE_s29_session0_lamp,61,225,68.5,-0.9557317495346069,0.04472764974922017
COHFACE_s29_session0_lamp,61,226,68.53333333333333,-0.9981703162193298,0.06333491955122876
COHFACE_s29_session0_lamp,61,227,68.56666666666666,-1.026879072189331,0.07964726088276812
COHFACE_s29_session0_lamp,61,228,68.6,-1.0446321964263916,0.12063288235969569
COHFACE_s29_session0_lamp,61,229,68.63333333333334,-1.0558149814605713,0.20296299814932084
COHFACE_s29_session0_lamp,61,230,68.66666666666667,-1.0663435459136963,0.3208979493072621
COHFACE_s29_session0_lamp,61,231,68.7,-1.0891309976577759,0.44517182192509036
COHFACE_s29_session0_lamp,61,232,68.73333333333333,-1.04837965965271,0.5352660967960742
COHFACE_s29_session0_lamp,61,233,68.76666666666667,-0.46908316016197205,0.5592581030472098
COHFACE_s29_session0_lamp,61,234,68.8,0.8121209740638733,0.5100958019578385
COHFACE_s29_session0_lamp,61,235,68.83333333333333,1.8980848789215088,0.4086488332620729
COHFACE_s29_session0_lamp,61,236,68.86666666666666,2.150547981262207,0.2919963964643461
COHFACE_s29_session0_lamp,61,237,68.9,1.9081753492355347,0.1942414137615822
COHFACE_s29_session0_lamp,61,238,68.93333333333334,1.6955552101135254,0.13056387094036548
COHFACE_s29_session0_lamp,61,239,68.96666666666667,1.6640129089355469,0.09237535086945976
COHFACE_s29_session0_lamp,62,0,62.0,0.9247227311134338,0.12654149751919697
COHFACE_s29_session0_lamp,62,1,62.03333333333333,1.7382642030715942,0.8275414619531367
COHFACE_s29_session0_lamp,62,2,62.06666666666667,1.8569549322128296,1.4888899256227588
COHFACE_s29_session0_lamp,62,3,62.1,1.6261274814605713,2.0664311781780254
COHFACE_s29_session0_lamp,62,4,62.13333333333333,1.4468071460723877,2.5067201200646965
COHFACE_s29_session0_lamp,62,5,62.166666666666664,1.4233274459838867,2.7563660738082576
COHFACE_s29_session0_lamp,62,6,62.2,1.4234896898269653,2.7774254873476263
COHFACE_s29_session0_lamp,62,7,62.233333333333334,1.271758794784546,2.5612321136251124
COHFACE_s29_session0_lamp,62,8,62.266666666666666,1.010421872138977,2.133751930133126
COHFACE_s29_session0_lamp,62,9,62.3,0.8084384202957153,1.550132408902689
COHFACE_s29_session0_lamp,62,10,62.333333333333336,0.6840859651565552,0.8821640521598618
COHFACE_s29_session0_lamp,62,11,62.36666666666667,0.5652114152908325,0.20499962643192773
COHFACE_s29_session0_lamp,62,12,62.4,0.39461350440979004,-0.4134321280003327
COHFACE_s29_session0_lamp,62,13,62.43333333333333,0.19613415002822876,-0.9205290109250054
COHFACE_s29_session0_lamp,62,14,62.46666666666667,0.021329129114747047,-1.2846497020474952
COHFACE_s29_session0_lamp,62,15,62.5,-0.12439940124750137,-1.4968121212201537
COHFACE_s29_session0_lamp,62,16,62.53333333333333,-0.24334965646266937,-1.5679971542673206
COHFACE_s29_session0_lamp,62,17,62.56666666666667,-0.3311631381511688,-1.5236790511882283
COHFACE_s29_session0_lamp,62,18,62.6,-0.397995263338089,-1.3975331668136386
COHFACE_s29_session0_lamp,62,19,62.63333333333333,-0.45724597573280334,-1.2250613481635706
COHFACE_s29_session0_lamp,62,20,62.666666666666664,-0.5175566077232361,-1.0368079926021145
COHFACE_s29_session0_lamp,62,21,62.7,-0.5722919702529907,-0.850898689485575
COHFACE_s29_session0_lamp,62,22,62.733333333333334,-0.6310127377510071,-0.6661826114080249
COHFACE_s29_session0_lamp,62,23,62.766666666666666,-0.6948490738868713,-0.46033826561452007
COHFACE_s29_session0_lamp,62,24,62.8,-0.7509688138961792,-0.19951166924137848
COHFACE_s29_session0_lamp,62,25,62.833333333333336,-0.7965329885482788,0.13840930827811812
COHFACE_s29_session0_lamp,62,26,62.86666666666667,-0.8380576968193054,0.536766478871247
COHFACE_s29_session0_lamp,62,27,62.9,-0.8728013038635254,0.9281682276137444
COHFACE_s29_session0_lamp,62,28,62.93333333333333,-0.8904299736022949,1.2116746292012361
COHFACE_s29_session0_lamp,62,29,62.96666666666667,-0.9024185538291931,1.2958689893405764
COHFACE_s29_session0_lamp,62,30,63.0,-0.9241786003112793,1.145485320107132
COHFACE_s29_session0_lamp,62,31,63.03333333333333,-0.9230916500091553,0.8034534467834159
COHFACE_s29_session0_lamp,62,32,63.06666666666667,-0.5678902268409729,0.37444847592355013
COHFACE_s29_session0_lamp,62,33,63.1,0.4616943597793579,-0.020582624675966082
COHFACE_s29_session0_lamp,62,34,63.13333333333333,1.5422290563583374,-0.2935648108603597
COHFACE_s29_session0_lamp,62,35,63.166666666666664,1.9512412548065186,-0.4169329986074887
COHFACE_s29_session0_lamp,62,36,63.2,1.7930915355682373,-0.41920281270451865
COHFACE_s29_session0_lamp,62,37,63.233333333333334,1.5415098667144775,-0.3567460768210944
COHFACE_s29_session0_lamp,62,38,63.266666666666666,1.431314468383789,-0.28134346522569054
COHFACE_s29_session0_lamp,62,39,63.3,1.4255661964416504,-0.22096347440349665
COHFACE_s29_session0_lamp,62,40,63.333333333333336,1.3475944995880127,-0.17851092309364053
COHFACE_s29_session0_lamp,62,41,63.36666666666667,1.1045567989349365,-0.14128527514105182
COHFACE_s29_session0_lamp,62,42,63.4,0.8425223231315613,-0.0917166483479911
COHFACE_s29_session0_lamp,62,43,63.43333333333333,0.676093578338623,-0.015067316016199752
COHFACE_s29_session0_lamp,62,44,63.46666666666667,0.549329400062561,0.09526092053629213
COHFACE_s29_session0_lamp,62,45,63.5,0.39050915837287903,0.2332094400534781
COHFACE_s29_session0_lamp,62,46,63.53333333333333,0.190034419298172,0.3772415868546774
COHFACE_s29_session0_lamp,62,47,63.56666666666667,-0.014717714861035347,0.49244308574132756
COHFACE_s29_session0_lamp,62,48,63.6,-0.1975475698709488,0.5396033322071129
COHFACE_s29_session0_lamp,62,49,63.63333333333333,-0.3480239510536194,0.489104903596978
COHFACE_s29_session0_lamp,62,50,63.666666666666664,-0.45910078287124634,0.33328803211286434
COHFACE_s29_session0_lamp,62,51,63.7,-0.5349473357200623,0.09060627920014161
COHFACE_s29_session0_lamp,62,52,63.733333333333334,-0.5884930491447449,-0.20048841165854364
COHFACE_s29_session0_lamp,62,53,63.766666666666666,-0.6426444053649902,-0.4940484144298494
COHFACE_s29_session0_lamp,62,54,63.8,-0.7011813521385193,-0.7488882300202843
COHFACE_s29_session0_lamp,62,55,63.833333333333336,-0.7610593438148499,-0.9355377201915964
COHFACE_s29_session0_lamp,62,56,63.86666666666667,-0.8209859728813171,-1.0369703392350038
COHFACE_s29_session0_lamp,62,57,63.9,-0.8766136169433594,-1.0458088227782156
COHFACE_s29_session0_lamp,62,58,63.93333333333333,-0.9272284507751465,-0.9615401363582378
COHFACE_s29_session0_lamp,62,59,63.96666666666667,-0.9673039317131042,-0.7895875701684605
COHFACE_s29_session0_lamp,62,60,64.0,-1.003913164138794,-0.5417346286576465
COHFACE_s29_session0_lamp,62,61,64.03333333333333,-1.0274956226348877,-0.23623170500563667
COHFACE_s29_session0_lamp,62,62,64.06666666666666,-1.0366289615631104,0.10343788010317538
COHFACE_s29_session0_lamp,62,63,64.1,-1.0380457639694214,0.45104255687806827
COHFACE_s29_session0_lamp,62,64,64.13333333333334,-1.0406414270401,0.7808451035873561
COHFACE_s29_session0_lamp,62,65,64.16666666666667,-1.0502289533615112,1.0704475021699804
COHFACE_s29_session0_lamp,62,66,64.2,-1.0382566452026367,1.30092383060889
COHFACE_s29_session0_lamp,62,67,64.23333333333333,-0.6357335448265076,1.4532893517307839
COHFACE_s29_session0_lamp,62,68,64.26666666666667,0.49346923828125,1.5050724272292557
COHFACE_s29_session0_lamp,62,69,64.3,1.6721187829971313,1.4329359973287121
COHFACE_s29_session0_lamp,62,70,64.33333333333333,2.1326920986175537,1.2225702892745662
COHFACE_s29_session0_lamp,62,71,64.36666666666666,1.9932202100753784,0.8803341223293799
COHFACE_s29_session0_lamp,62,72,64.4,1.748154640197754,0.4391670416678823
COHFACE_s29_session0_lamp,62,73,64.43333333333334,1.6491150856018066,-0.04527792834633949
COHFACE_s29_session0_lamp,62,74,64.46666666666667,1.6620229482650757,-0.5069088424429232
COHFACE_s29_session0_lamp,62,75,64.5,1.6117541790008545,-0.8847018808364424
COHFACE_s29_session0_lamp,62,76,64.53333333333333,1.3608916997909546,-1.1359311304513737
COHFACE_s29_session0_lamp,62,77,64.56666666666666,1.0372812747955322,-1.2435963851913343
COHFACE_s29_session0_lamp,62,78,64.6,0.8049180507659912,-1.2168048940987588
COHFACE_s29_session0_lamp,62,79,64.63333333333334,0.6446323990821838,-1.0848559361260501
COHFACE_s29_session0_lamp,62,80,64.66666666666667,0.4824918806552887,-0.8874560265053918
COHFACE_s29_session0_lamp,62,81,64.7,0.28548339009284973,-0.6642311890951049
COHFACE_s29_session0_lamp,62,82,64.73333333333333,0.0812666043639183,-0.4461760269182389
COHFACE_s29_session0_lamp,62,83,64.76666666666667,-0.10524579882621765,-0.250713545817546
COHFACE_s29_session0_lamp,62,84,64.8,-0.26135143637657166,-0.08139457043814442
COHFACE_s29_session0_lamp,62,85,64.83333333333333,-0.3843952417373657,0.06748913387411139
COHFACE_s29_session0_lamp,62,86,64.86666666666666,-0.47602105140686035,0.20258229580905845
COHFACE_s29_session0_lamp,62,87,64.9,-0.5458489656448364,0.32251737207098746
COHFACE_s29_session0_lamp,62,88,64.93333333333334,-0.605597198009491,0.41262234080801785
COHFACE_s29_session0_lamp,62,89,64.96666666666667,-0.6674813628196716,0.44679666434590076
COHFACE_s29_session0_lamp,62,90,65.0,-0.7332373857498169,0.39707768340570415
COHFACE_s29_session0_lamp,62,91,65.03333333333333,-0.7996423244476318,0.2479325280613686
COHFACE_s29_session0_lamp,62,92,65.06666666666666,-0.8613480925559998,0.010101235149729928
COHFACE_s29_session0_lamp,62,93,65.1,-0.9144774079322815,-0.2721730609209303
COHFACE_s29_session0_lamp,62,94,65.13333333333334,-0.963237464427948,-0.526365050766419
COHFACE_s29_session0_lamp,62,95,65.16666666666667,-1.003156065940857,-0.6715290678647793
COHFACE_s29_session0_lamp,62,96,65.2,-1.0346065759658813,-0.6475827764435633
COHFACE_s29_session0_lamp,62,97,65.23333333333333,-1.055890679359436,-0.44177083019788815
COHFACE_s29_session0_lamp,62,98,65.26666666666667,-1.0716429948806763,-0.09860588127047837
COHFACE_s29_session0_lamp,62,99,65.3,-1.0748226642608643,0.2942751180133647
COHFACE_s29_session0_lamp,62,100,65.33333333333333,-1.0792405605316162,0.6401709449015064
COHFACE_s29_session0_lamp,62,101,65.36666666666666,-1.1005463600158691,0.8714794811319261
COHFACE_s29_session0_lamp,62,102,65.4,-1.0861947536468506,0.9717165385077543
COHFACE_s29_session0_lamp,62,103,65.43333333333334,-0.6943840384483337,0.9694755106329074
COHFACE_s29_session0_lamp,62,104,65.46666666666667,0.4293787479400635,0.9108485426787785
COHFACE_s29_session0_lamp,62,105,65.5,1.638440489768982,0.8307664191030597
COHFACE_s29_session0_lamp,62,106,65.53333333333333,2.1279280185699463,0.7410582824035574
COHFACE_s29_session0_lamp,62,107,65.56666666666666,1.9878017902374268,0.6378017870867598
COHFACE_s29_session0_lamp,62,108,65.6,1.7334082126617432,0.5157710108841596
COHFACE_s29_session0_lamp,62,109,65.63333333333334,1.6409982442855835,0.3750641495482271
COHFACE_s29_session0_lamp,62,110,65.66666666666667,1.6575021743774414,0.21616242689461138
COHFACE_s29_session0_lamp,62,111,65.7,1.6057679653167725,0.032491306991511
COHFACE_s29_session0_lamp,62,112,65.73333333333333,1.3588151931762695,-0.1886532339101717
COHFACE_s29_session0_lamp,62,113,65.76666666666667,1.0417317152023315,-0.4545887374243415
COHFACE_s29_session0_lamp,62,114,65.8,0.8196320533752441,-0.7531924816073959
COHFACE_s29_session0_lamp,62,115,65.83333333333333,0.6740549206733704,-1.0475962650851984
COHFACE_s29_session0_lamp,62,116,65.86666666666666,0.5232324600219727,-1.284455498084083
COHFACE_s29_session0_lamp,62,117,65.9,0.3333079218864441,-1.4113207900250693
COHFACE_s29_session0_lamp,62,118,65.93333333333334,0.12332125753164291,-1.3945464952176898
COHFACE_s29_session0_lamp,62,119,65.96666666666667,-0.06719815731048584,-1.2308620422726555
COHFACE_s29_session0_lamp,62,120,66.0,-0.2177610546350479,-0.9495955533107897
COHFACE_s29_session0_lamp,62,121,66.03333333333333,-0.33741429448127747,-0.60562010285962
COHFACE_s29_session0_lamp,62,122,66.06666666666666,-0.4291698932647705,-0.26447067158380766
COHFACE_s29_session0_lamp,62,123,66.1,-0.49408233165740967,0.017766757717186103
COHFACE_s29_session0_lamp,62,124,66.13333333333334,-0.5468601584434509,0.21457823647286417
COHFACE_s29_session0_lamp,62,125,66.16666666666667,-0.6045643091201782,0.34024579376700803
COHFACE_s29_session0_lamp,62,126,66.2,-0.6683952808380127,0.4421020553833683
COHFACE_s29_session0_lamp,62,127,66.23333333333333,-0.7323018908500671,0.5715203375941091
COHFACE_s29_session0_lamp,62,128,66.26666666666667,-0.791904091835022,0.7475149108244905
COHFACE_s29_session0_lamp,62,129,66.3,-0.8358946442604065,0.9369094280540147
COHFACE_s29_session0_lamp,62,130,66.33333333333333,-0.8653172254562378,1.0666764606837245
COHFACE_s29_session0_lamp,62,131,66.36666666666666,-0.8934095501899719,1.0626708246563976
COHFACE_s29_session0_lamp,62,132,66.4,-0.9157103300094604,0.8904084832614007
COHFACE_s29_session0_lamp,62,133,66.43333333333334,-0.9189386963844299,0.5725817498725903
COHFACE_s29_session0_lamp,62,134,66.46666666666667,-0.9140069484710693,0.1766449546589764
COHFACE_s29_session0_lamp,62,135,66.5,-0.9199606776237488,-0.2136682395317637
COHFACE_s29_session0_lamp,62,136,66.53333333333333,-0.9291751980781555,-0.5242816861520819
COHFACE_s29_session0_lamp,62,137,66.56666666666666,-0.7301713228225708,-0.7046497193996633
COHFACE_s29_session0_lamp,62,138,66.6,0.13892748951911926,-0.7312103328903884
COHFACE_s29_session0_lamp,62,139,66.63333333333334,1.3227250576019287,-0.6070865575546854
COHFACE_s29_session0_lamp,62,140,66.66666666666667,1.9452929496765137,-0.3618339397251943
COHFACE_s29_session0_lamp,62,141,66.7,1.8700681924819946,-0.04904799663307709
COHFACE_s29_session0_lamp,62,142,66.73333333333333,1.5545258522033691,0.2629993426927595
COHFACE_s29_session0_lamp,62,143,66.76666666666667,1.3370226621627808,0.5091176397147502
COHFACE_s29_session0_lamp,62,144,66.8,1.276171326637268,0.6475479299879858
COHFACE_s29_session0_lamp,62,145,66.83333333333333,1.2230582237243652,0.6724707024944016
COHFACE_s29_session0_lamp,62,146,66.86666666666666,1.0279964208602905,0.6110885700581272
COHFACE_s29_session0_lamp,62,147,66.9,0.7978449463844299,0.5062102980441696
COHFACE_s29_session0_lamp,62,148,66.93333333333334,0.6548256278038025,0.3936605551053333
COHFACE_s29_session0_lamp,62,149,66.96666666666667,0.5505082607269287,0.28664383495961204
COHFACE_s29_session0_lamp,62,150,67.0,0.4064885079860687,0.17446262553187358
COHFACE_s29_session0_lamp,62,151,67.03333333333333,0.20634904503822327,0.03432696060431888
COHFACE_s29_session0_lamp,62,152,67.06666666666666,-0.011354207992553711,-0.1518266901154228
COHFACE_s29_session0_lamp,62,153,67.1,-0.2089359015226364,-0.38467760195133893
COHFACE_s29_session0_lamp,62,154,67.13333333333334,-0.36834558844566345,-0.6436730708596845
COHFACE_s29_session0_lamp,62,155,67.16666666666667,-0.47670242190361023,-0.8912571435155168
COHFACE_s29_session0_lamp,62,156,67.2,-0.5445836186408997,-1.0824014986840707
COHFACE_s29_session0_lamp,62,157,67.23333333333333,-0.5914293527603149,-1.176850839840887
COHFACE_s29_session0_lamp,62,158,67.26666666666667,-0.6339004039764404,-1.151141909668828
COHFACE_s29_session0_lamp,62,159,67.3,-0.6819249987602234,-1.0064413449584868
COHFACE_s29_session0_lamp,62,160,67.33333333333333,-0.7350218892097473,-0.768247177656406
COHFACE_s29_session0_lamp,62,161,67.36666666666666,-0.7994909286499023,-0.4767306857307154
COHFACE_s29_session0_lamp,62,162,67.4,-0.8624025583267212,-0.17163771947624226
COHFACE_s29_session0_lamp,62,163,67.43333333333334,-0.9057171940803528,0.12044471176410071
COHFACE_s29_session0_lamp,62,164,67.46666666666667,-0.9401201009750366,0.389547987787924
COHFACE_s29_session0_lamp,62,165,67.5,-0.9666009545326233,0.6351125960880347
COHFACE_s29_session0_lamp,62,166,67.53333333333333,-0.9901833534240723,0.853548450358275
COHFACE_s29_session0_lamp,62,167,67.56666666666666,-1.017248272895813,1.029447236855065
COHFACE_s29_session0_lamp,62,168,67.6,-0.9950393438339233,1.1366423370987633
COHFACE_s29_session0_lamp,62,169,67.63333333333334,-0.5240564942359924,1.1484307837086472
COHFACE_s29_session0_lamp,62,170,67.66666666666667,0.6637535095214844,1.0499931236587736
COHFACE_s29_session0_lamp,62,171,67.7,1.7876406908035278,0.8451535003101245
COHFACE_s29_session0_lamp,62,172,67.73333333333333,2.131578207015991,0.5549782610272583
COHFACE_s29_session0_lamp,62,173,67.76666666666667,1.9224838018417358,0.2118496771319005
COHFACE_s29_session0_lamp,62,174,67.8,1.68388032913208,-0.14602564444287564
COHFACE_s29_session0_lamp,62,175,67.83333333333333,1.6092936992645264,-0.47775636660750254
COHFACE_s29_session0_lamp,62,176,67.86666666666666,1.6241320371627808,-0.7422671006314893
COHFACE_s29_session0_lamp,62,177,67.9,1.5362699031829834,-0.9029988090219783
COHFACE_s29_session0_lamp,62,178,67.93333333333334,1.2533459663391113,-0.9354820138764176
COHFACE_s29_session0_lamp,62,179,67.96666666666667,0.9356784820556641,-0.835182550377222
COHFACE_s29_session0_lamp,62,180,68.0,0.722425639629364,-0.6214757365671656
COHFACE_s29_session0_lamp,62,181,68.03333333333333,0.5772486925125122,-0.3347343185262239
COHFACE_s29_session0_lamp,62,182,68.06666666666666,0.4185311794281006,-0.026597629186336704
COHFACE_s29_session0_lamp,62,183,68.1,0.22002477943897247,0.2530454194346577
COHFACE_s29_session0_lamp,62,184,68.13333333333334,0.0041438802145421505,0.4669236429547914
COHFACE_s29_session0_lamp,62,185,68.16666666666667,-0.18561306595802307,0.5950104453833797
COHFACE_s29_session0_lamp,62,186,68.2,-0.32937324047088623,0.6330149588203055
COHFACE_s29_session0_lamp,62,187,68.23333333333333,-0.4387737214565277,0.5883230777507376
COHFACE_s29_session0_lamp,62,188,68.26666666666667,-0.5184217691421509,0.47671395961016294
COHFACE_s29_session0_lamp,62,189,68.3,-0.5846698880195618,0.32018132447972847
COHFACE_s29_session0_lamp,62,190,68.33333333333333,-0.6500149369239807,0.14366048118461588
COHFACE_s29_session0_lamp,62,191,68.36666666666666,-0.7146137356758118,-0.030896062646912525
COHFACE_s29_session0_lamp,62,192,68.4,-0.7719447612762451,-0.19095501719334906
COHFACE_s29_session0_lamp,62,193,68.43333333333334,-0.8349158763885498,-0.33555230752375886
COHFACE_s29_session0_lamp,62,194,68.46666666666667,-0.900212287902832,-0.4702231200143713
COHFACE_s29_session0_lamp,62,195,68.5,-0.9557317495346069,-0.5966698816792869
COHFACE_s29_session0_lamp,62,196,68.53333333333333,-0.9981703162193298,-0.7031634713694817
COHFACE_s29_session0_lamp,62,197,68.56666666666666,-1.026879072189331,-0.762131962312111
COHFACE_s29_session0_lamp,62,198,68.6,-1.0446321964263916,-0.737816876831038
COHFACE_s29_session0_lamp,62,199,68.63333333333334,-1.0558149814605713,-0.6013903312542349
COHFACE_s29_session0_lamp,62,200,68.66666666666667,-1.0663435459136963,-0.34667057637851895
COHFACE_s29_session0_lamp,62,201,68.7,-1.0891309976577759,0.0011730127838405543
COHFACE_s29_session0_lamp,62,202,68.73333333333333,-1.04837965965271,0.38833042676033014
COHFACE_s29_session0_lamp,62,203,68.76666666666667,-0.46908316016197205,0.7455175974316552
COHFACE_s29_session0_lamp,62,204,68.8,0.8121209740638733,1.0060878724906677
COHFACE_s29_session0_lamp,62,205,68.83333333333333,1.8980848789215088,1.1225606393635374
COHFACE_s29_session0_lamp,62,206,68.86666666666666,2.150547981262207,1.0777154837108198
COHFACE_s29_session0_lamp,62,207,68.9,1.9081753492355347,0.889014699331175
COHFACE_s29_session0_lamp,62,208,68.93333333333334,1.6955552101135254,0.6050054523049561
COHFACE_s29_session0_lamp,62,209,68.96666666666667,1.6640129089355469,0.2923514098626848
COHFACE_s29_session0_lamp,62,210,69.0,1.6818362474441528,0.015456664044900887
COHFACE_s29_session0_lamp,62,211,69.03333333333333,1.5611176490783691,-0.18449975004515054
COHFACE_s29_session0_lamp,62,212,69.06666666666666,1.237090826034546,-0.3019428849723488
COHFACE_s29_session0_lamp,62,213,69.1,0.8985068202018738,-0.3642043657053634
COHFACE_s29_session0_lamp,62,214,69.13333333333334,0.692197322845459,-0.4144448177343478
COHFACE_s29_session0_lamp,62,215,69.16666666666667,0.5540610551834106,-0.4884299921125833
COHFACE_s29_session0_lamp,62,216,69.2,0.3877350687980652,-0.5965561259817946
COHFACE_s29_session0_lamp,62,217,69.23333333333333,0.18293426930904388,-0.7193083022988267
COHFACE_s29_session0_lamp,62,218,69.26666666666667,-0.033817242830991745,-0.8165914547056459
COHFACE_s29_session0_lamp,62,219,69.3,-0.21886418759822845,-0.8445640475680636
COHFACE_s29_session0_lamp,62,220,69.33333333333333,-0.3588715195655823,-0.7720327642655237
COHFACE_s29_session0_lamp,62,221,69.36666666666666,-0.47663211822509766,-0.59100712975654
COHFACE_s29_session0_lamp,62,222,69.4,-0.5632883906364441,-0.3193808293066615
COHFACE_s29_session0_lamp,62,223,69.43333333333334,-0.6287469863891602,0.0035898315284306104
COHFACE_s29_session0_lamp,62,224,69.46666666666667,-0.696071207523346,0.3266015918593507
COHFACE_s29_session0_lamp,62,225,69.5,-0.7553814053535461,0.5975205893572477
COHFACE_s29_session0_lamp,62,226,69.53333333333333,-0.8134532570838928,0.774114599569166
COHFACE_s29_session0_lamp,62,227,69.56666666666666,-0.8776518702507019,0.8322247415751336
COHFACE_s29_session0_lamp,62,228,69.6,-0.9414395689964294,0.7690707191311271
COHFACE_s29_session0_lamp,62,229,69.63333333333334,-0.996548056602478,0.6004777184358481
COHFACE_s29_session0_lamp,62,230,69.66666666666667,-1.0373860597610474,0.3540773113944258
COHFACE_s29_session0_lamp,62,231,69.7,-1.070312738418579,0.06297588653088329
COHFACE_s29_session0_lamp,62,232,69.73333333333333,-1.0991458892822266,-0.23692133871149226
COHFACE_s29_session0_lamp,62,233,69.76666666666667,-1.1201056241989136,-0.5066825436723613
COHFACE_s29_session0_lamp,62,234,69.8,-1.1212844848632812,-0.7051985251317787
COHFACE_s29_session0_lamp,62,235,69.83333333333333,-1.1182291507720947,-0.7947289022448946
COHFACE_s29_session0_lamp,62,236,69.86666666666666,-1.1214250326156616,-0.7506597396783763
COHFACE_s29_session0_lamp,62,237,69.9,-1.138999581336975,-0.5709042082322469
COHFACE_s29_session0_lamp,62,238,69.93333333333334,-1.1209924221038818,-0.2799694395612798
COHFACE_s29_session0_lamp,62,239,69.96666666666667,-0.6839420199394226,0.0744693940710504
COHFACE_s29_session0_lamp,63,0,63.0,-0.9241786003112793,-0.027976173052765025
COHFACE_s29_session0_lamp,63,1,63.03333333333333,-0.9230916500091553,0.7192084989841588
COHFACE_s29_session0_lamp,63,2,63.06666666666667,-0.5678902268409729,1.3020203669220698
COHFACE_s29_session0_lamp,63,3,63.1,0.4616943597793579,1.6111854542822215
COHFACE_s29_session0_lamp,63,4,63.13333333333333,1.5422290563583374,1.630971112878813
COHFACE_s29_session0_lamp,63,5,63.166666666666664,1.9512412548065186,1.4405167000855787
COHFACE_s29_session0_lamp,63,6,63.2,1.7930915355682373,1.1767741786025556
COHFACE_s29_session0_lamp,63,7,63.233333333333334,1.5415098667144775,0.9740993522389454
COHFACE_s29_session0_lamp,63,8,63.266666666666666,1.431314468383789,0.9074350969212689
COHFACE_s29_session0_lamp,63,9,63.3,1.4255661964416504,0.9656234327555311
COHFACE_s29_session0_lamp,63,10,63.333333333333336,1.3475944995880127,1.0680143243570297
COHFACE_s29_session0_lamp,63,11,63.36666666666667,1.1045567989349365,1.1153445864612554
COHFACE_s29_session0_lamp,63,12,63.4,0.8425223231315613,1.0453114577837053
COHFACE_s29_session0_lamp,63,13,63.43333333333333,0.676093578338623,0.860315672051057
COHFACE_s29_session0_lamp,63,14,63.46666666666667,0.549329400062561,0.6150943608867365
COHFACE_s29_session0_lamp,63,15,63.5,0.39050915837287903,0.3783457911112326
COHFACE_s29_session0_lamp,63,16,63.53333333333333,0.190034419298172,0.19454691895657691
COHFACE_s29_session0_lamp,63,17,63.56666666666667,-0.014717714861035347,0.06658824316601272
COHFACE_s29_session0_lamp,63,18,63.6,-0.1975475698709488,-0.03540095909626062
COHFACE_s29_session0_lamp,63,19,63.63333333333333,-0.3480239510536194,-0.1489287077242506
COHFACE_s29_session0_lamp,63,20,63.666666666666664,-0.45910078287124634,-0.29513070071198466
COHFACE_s29_session0_lamp,63,21,63.7,-0.5349473357200623,-0.4697419317224413
COHFACE_s29_session0_lamp,63,22,63.733333333333334,-0.5884930491447449,-0.6511810280812533
COHFACE_s29_session0_lamp,63,23,63.766666666666666,-0.6426444053649902,-0.8167345613060871
COHFACE_s29_session0_lamp,63,24,63.8,-0.7011813521385193,-0.9548173025698327
COHFACE_s29_session0_lamp,63,25,63.833333333333336,-0.7610593438148499,-1.0661738367149738
COHFACE_s29_session0_lamp,63,26,63.86666666666667,-0.8209859728813171,-1.1548577365062116
COHFACE_s29_session0_lamp,63,27,63.9,-0.8766136169433594,-1.216220457817469
COHFACE_s29_session0_lamp,63,28,63.93333333333333,-0.9272284507751465,-1.230884654655636
COHFACE_s29_session0_lamp,63,29,63.96666666666667,-0.9673039317131042,-1.1700085674862444
COHFACE_s29_session0_lamp,63,30,64.0,-1.003913164138794,-1.0100421986777033
COHFACE_s29_session0_lamp,63,31,64.03333333333333,-1.0274956226348877,-0.748893629630617
COHFACE_s29_session0_lamp,63,32,64.06666666666666,-1.0366289615631104,-0.413789614631869
COHFACE_s29_session0_lamp,63,33,64.1,-1.0380457639694214,-0.05492804694988997
COHFACE_s29_session0_lamp,63,34,64.13333333333334,-1.0406414270401,0.2735474139644246
COHFACE_s29_session0_lamp,63,35,64.16666666666667,-1.0502289533615112,0.5359406303483576
COHFACE_s29_session0_lamp,63,36,64.2,-1.0382566452026367,0.7276038664994107
COHFACE_s29_session0_lamp,63,37,64.23333333333333,-0.6357335448265076,0.8690005048993464
COHFACE_s29_session0_lamp,63,38,64.26666666666667,0.49346923828125,0.984522988348205
COHFACE_s29_session0_lamp,63,39,64.3,1.6721187829971313,1.0800963556090073
COHFACE_s29_session0_lamp,63,40,64.33333333333333,2.1326920986175537,1.1343775775105418
COHFACE_s29_session0_lamp,63,41,64.36666666666666,1.9932202100753784,1.1093635713603722
COHFACE_s29_session0_lamp,63,42,64.4,1.748154640197754,0.9738403487488446
COHFACE_s29_session0_lamp,63,43,64.43333333333334,1.6491150856018066,0.7251102927244548
COHFACE_s29_session0_lamp,63,44,64.46666666666667,1.6620229482650757,0.3957691632272462
COHFACE_s29_session0_lamp,63,45,64.5,1.6117541790008545,0.0419086205956062
COHFACE_s29_session0_lamp,63,46,64.53333333333333,1.3608916997909546,-0.27905717364594446
COHFACE_s29_session0_lamp,63,47,64.56666666666666,1.0372812747955322,-0.5269949041910413
COHFACE_s29_session0_lamp,63,48,64.6,0.8049180507659912,-0.6847392767671523
COHFACE_s29_session0_lamp,63,49,64.63333333333334,0.6446323990821838,-0.7519181084295625
COHFACE_s29_session0_lamp,63,50,64.66666666666667,0.4824918806552887,-0.7358846832290744
COHFACE_s29_session0_lamp,63,51,64.7,0.28548339009284973,-0.6485536389258626
COHFACE_s29_session0_lamp,63,52,64.73333333333333,0.0812666043639183,-0.5101052156080561
COHFACE_s29_session0_lamp,63,53,64.76666666666667,-0.10524579882621765,-0.3525221475686029
COHFACE_s29_session0_lamp,63,54,64.8,-0.26135143637657166,-0.21512939402882436
COHFACE_s29_session0_lamp,63,55,64.83333333333333,-0.3843952417373657,-0.13089088777312263
COHFACE_s29_session0_lamp,63,56,64.86666666666666,-0.47602105140686035,-0.11081967258459319
COHFACE_s29_session0_lamp,63,57,64.9,-0.5458489656448364,-0.13739779367004096
COHFACE_s29_session0_lamp,63,58,64.93333333333334,-0.605597198009491,-0.17292958018648186
COHFACE_s29_session0_lamp,63,59,64.96666666666667,-0.6674813628196716,-0.17942828532324204
COHFACE_s29_session0_lamp,63,60,65.0,-0.7332373857498169,-0.1396289869888057
COHFACE_s29_session0_lamp,63,61,65.03333333333333,-0.7996423244476318,-0.06724397576374756
COHFACE_s29_session0_lamp,63,62,65.06666666666666,-0.8613480925559998,0.0009343141140505639
COHFACE_s29_session0_lamp,63,63,65.1,-0.9144774079322815,0.028837169190264238
COHFACE_s29_session0_lamp,63,64,65.13333333333334,-0.963237464427948,0.007680730430165135
COHFACE_s29_session0_lamp,63,65,65.16666666666667,-1.003156065940857,-0.03230801601347949
COHFACE_s29_session0_lamp,63,66,65.2,-1.0346065759658813,-0.03540230386841193
COHFACE_s29_session0_lamp,63,67,65.23333333333333,-1.055890679359436,0.04615782646244038
COHFACE_s29_session0_lamp,63,68,65.26666666666667,-1.0716429948806763,0.21883576124265075
COHFACE_s29_session0_lamp,63,69,65.3,-1.0748226642608643,0.43751093410496067
COHFACE_s29_session0_lamp,63,70,65.33333333333333,-1.0792405605316162,0.6274946625966925
COHFACE_s29_session0_lamp,63,71,65.36666666666666,-1.1005463600158691,0.7264311337854031
COHFACE_s29_session0_lamp,63,72,65.4,-1.0861947536468506,0.7187678268237168
COHFACE_s29_session0_lamp,63,73,65.43333333333334,-0.6943840384483337,0.6395587174441159
COHFACE_s29_session0_lamp,63,74,65.46666666666667,0.4293787479400635,0.5468666458844818
COHFACE_s29_session0_lamp,63,75,65.5,1.638440489768982,0.48420646145885826
COHFACE_s29_session0_lamp,63,76,65.53333333333333,2.1279280185699463,0.45815146917519545
COHFACE_s29_session0_lamp,63,77,65.56666666666666,1.9878017902374268,0.44233498853838166
COHFACE_s29_session0_lamp,63,78,65.6,1.7334082126617432,0.4003953774075784
COHFACE_s29_session0_lamp,63,79,65.63333333333334,1.6409982442855835,0.30997900859350225
COHFACE_s29_session0_lamp,63,80,65.66666666666667,1.6575021743774414,0.17347263584051767
COHFACE_s29_session0_lamp,63,81,65.7,1.6057679653167725,0.012547723167913256
COHFACE_s29_session0_lamp,63,82,65.73333333333333,1.3588151931762695,-0.14690079759192404
COHFACE_s29_session0_lamp,63,83,65.76666666666667,1.0417317152023315,-0.28934689477287817
COHFACE_s29_session0_lamp,63,84,65.8,0.8196320533752441,-0.4157316847785923
COHFACE_s29_session0_lamp,63,85,65.83333333333333,0.6740549206733704,-0.5384786869149053
COHFACE_s29_session0_lamp,63,86,65.86666666666666,0.5232324600219727,-0.6688482163575596
COHFACE_s29_session0_lamp,63,87,65.9,0.3333079218864441,-0.8041597536917316
COHFACE_s29_session0_lamp,63,88,65.93333333333334,0.12332125753164291,-0.9229037047023629
COHFACE_s29_session0_lamp,63,89,65.96666666666667,-0.06719815731048584,-0.991941300211581
COHFACE_s29_session0_lamp,63,90,66.0,-0.2177610546350479,-0.9831161845472701
COHFACE_s29_session0_lamp,63,91,66.03333333333333,-0.33741429448127747,-0.8902949552220918
COHFACE_s29_session0_lamp,63,92,66.06666666666666,-0.4291698932647705,-0.7360032172416344
COHFACE_s29_session0_lamp,63,93,66.1,-0.49408233165740967,-0.5612751483481813
COHFACE_s29_session0_lamp,63,94,66.13333333333334,-0.5468601584434509,-0.4018949902377715
COHFACE_s29_session0_lamp,63,95,66.16666666666667,-0.6045643091201782,-0.2645581407256076
COHFACE_s29_session0_lamp,63,96,66.2,-0.6683952808380127,-0.1208705799020002
COHFACE_s29_session0_lamp,63,97,66.23333333333333,-0.7323018908500671,0.07171515986486823
COHFACE_s29_session0_lamp,63,98,66.26666666666667,-0.791904091835022,0.33320923302580824
COHFACE_s29_session0_lamp,63,99,66.3,-0.8358946442604065,0.6346219703234777
COHFACE_s29_session0_lamp,63,100,66.33333333333333,-0.8653172254562378,0.9023125060654624
COHFACE_s29_session0_lamp,63,101,66.36666666666666,-0.8934095501899719,1.0524657459945563
COHFACE_s29_session0_lamp,63,102,66.4,-0.9157103300094604,1.033897584308164
COHFACE_s29_session0_lamp,63,103,66.43333333333334,-0.9189386963844299,0.8522673189434482
COHFACE_s29_session0_lamp,63,104,66.46666666666667,-0.9140069484710693,0.5638590368562018
COHFACE_s29_session0_lamp,63,105,66.5,-0.9199606776237488,0.2478946592396012
COHFACE_s29_session0_lamp,63,106,66.53333333333333,-0.9291751980781555,-0.024043033494973345
COHFACE_s29_session0_lamp,63,107,66.56666666666666,-0.7301713228225708,-0.20687758599074343
COHFACE_s29_session0_lamp,63,108,66.6,0.13892748951911926,-0.2851851433516571
COHFACE_s29_session0_lamp,63,109,66.63333333333334,1.3227250576019287,-0.2660253678669105
COHFACE_s29_session0_lamp,63,110,66.66666666666667,1.9452929496765137,-0.17003740080676352
COHFACE_s29_session0_lamp,63,111,66.7,1.8700681924819946,-0.026128827412936005
COHFACE_s29_session0_lamp,63,112,66.73333333333333,1.5545258522033691,0.130943380289005
COHFACE_s29_session0_lamp,63,113,66.76666666666667,1.3370226621627808,0.26450117613762586
COHFACE_s29_session0_lamp,63,114,66.8,1.276171326637268,0.3442033874687012
COHFACE_s29_session0_lamp,63,115,66.83333333333333,1.2230582237243652,0.3565007065656676
COHFACE_s29_session0_lamp,63,116,66.86666666666666,1.0279964208602905,0.31117509387450626
COHFACE_s29_session0_lamp,63,117,66.9,0.7978449463844299,0.23826634749803083
COHFACE_s29_session0_lamp,63,118,66.93333333333334,0.6548256278038025,0.17486212805367973
COHFACE_s29_session0_lamp,63,119,66.96666666666667,0.5505082607269287,0.14746544785747384
COHFACE_s29_session0_lamp,63,120,67.0,0.4064885079860687,0.15859302977321996
COHFACE_s29_session0_lamp,63,121,67.03333333333333,0.20634904503822327,0.18449938751424735
COHFACE_s29_session0_lamp,63,122,67.06666666666666,-0.011354207992553711,0.18568259414861846
COHFACE_s29_session0_lamp,63,123,67.1,-0.2089359015226364,0.12573514647984893
COHFACE_s29_session0_lamp,63,124,67.13333333333334,-0.36834558844566345,-0.010037209959511196
COHFACE_s29_session0_lamp,63,125,67.16666666666667,-0.47670242190361023,-0.20523894938142925
COHFACE_s29_session0_lamp,63,126,67.2,-0.5445836186408997,-0.41757064262936433
COHFACE_s29_session0_lamp,63,127,67.23333333333333,-0.5914293527603149,-0.5970092987745416
COHFACE_s29_session0_lamp,63,128,67.26666666666667,-0.6339004039764404,-0.708109807466751
COHFACE_s29_session0_lamp,63,129,67.3,-0.6819249987602234,-0.7443519777986447
COHFACE_s29_session0_lamp,63,130,67.33333333333333,-0.7350218892097473,-0.7262816677775263
COHFACE_s29_session0_lamp,63,131,67.36666666666666,-0.7994909286499023,-0.6844146980560627
COHFACE_s29_session0_lamp,63,132,67.4,-0.8624025583267212,-0.6373834085384147
COHFACE_s29_session0_lamp,63,133,67.43333333333334,-0.9057171940803528,-0.5793526423698425
COHFACE_s29_session0_lamp,63,134,67.46666666666667,-0.9401201009750366,-0.48520886278450037
COHFACE_s29_session0_lamp,63,135,67.5,-0.9666009545326233,-0.3307686865577357
COHFACE_s29_session0_lamp,63,136,67.53333333333333,-0.9901833534240723,-0.1152304830115288
COHFACE_s29_session0_lamp,63,137,67.56666666666666,-1.017248272895813,0.12919700697421527
COHFACE_s29_session0_lamp,63,138,67.6,-0.9950393438339233,0.34795275962022554
COHFACE_s29_session0_lamp,63,139,67.63333333333334,-0.5240564942359924,0.48964068773142866
COHFACE_s29_session0_lamp,63,140,67.66666666666667,0.6637535095214844,0.530976753271553
COHFACE_s29_session0_lamp,63,141,67.7,1.7876406908035278,0.48587528064698793
COHFACE_s29_session0_lamp,63,142,67.73333333333333,2.131578207015991,0.3944446432007431
COHFACE_s29_session0_lamp,63,143,67.76666666666667,1.9224838018417358,0.30073178842171083
COHFACE_s29_session0_lamp,63,144,67.8,1.68388032913208,0.23332135748092994
COHFACE_s29_session0_lamp,63,145,67.83333333333333,1.6092936992645264,0.1986968851346961
COHFACE_s29_session0_lamp,63,146,67.86666666666666,1.6241320371627808,0.18803691576978288
COHFACE_s29_session0_lamp,63,147,67.9,1.5362699031829834,0.19011751697375978
COHFACE_s29_session0_lamp,63,148,67.93333333333334,1.2533459663391113,0.2008181617038716
COHFACE_s29_session0_lamp,63,149,67.96666666666667,0.9356784820556641,0.22354618273907662
COHFACE_s29_session0_lamp,63,150,68.0,0.722425639629364,0.26162308405263085
COHFACE_s29_session0_lamp,63,151,68.03333333333333,0.5772486925125122,0.3092229606791742
COHFACE_s29_session0_lamp,63,152,68.06666666666666,0.4185311794281006,0.34853679967738455
COHFACE_s29_session0_lamp,63,153,68.1,0.22002477943897247,0.3564970391367045
COHFACE_s29_session0_lamp,63,154,68.13333333333334,0.0041438802145421505,0.31709357799681287
COHFACE_s29_session0_lamp,63,155,68.16666666666667,-0.18561306595802307,0.23079957887639696
COHFACE_s29_session0_lamp,63,156,68.2,-0.32937324047088623,0.11479843562541012
COHFACE_s29_session0_lamp,63,157,68.23333333333333,-0.4387737214565277,-0.005875405933274165
COHFACE_s29_session0_lamp,63,158,68.26666666666667,-0.5184217691421509,-0.11059441879835198
COHFACE_s29_session0_lamp,63,159,68.3,-0.5846698880195618,-0.19151378801661487
COHFACE_s29_session0_lamp,63,160,68.33333333333333,-0.6500149369239807,-0.2536351991319671
COHFACE_s29_session0_lamp,63,161,68.36666666666666,-0.7146137356758118,-0.30748680946276347
COHFACE_s29_session0_lamp,63,162,68.4,-0.7719447612762451,-0.35993603881502423
COHFACE_s29_session0_lamp,63,163,68.43333333333334,-0.8349158763885498,-0.4093492343301089
COHFACE_s29_session0_lamp,63,164,68.46666666666667,-0.900212287902832,-0.44747560161784344
COHFACE_s29_session0_lamp,63,165,68.5,-0.9557317495346069,-0.4653330282501414
COHFACE_s29_session0_lamp,63,166,68.53333333333333,-0.9981703162193298,-0.4580070675612968
COHFACE_s29_session0_lamp,63,167,68.56666666666666,-1.026879072189331,-0.42493160556955945
COHFACE_s29_session0_lamp,63,168,68.6,-1.0446321964263916,-0.366398556428087
COHFACE_s29_session0_lamp,63,169,68.63333333333334,-1.0558149814605713,-0.28040669953205477
COHFACE_s29_session0_lamp,63,170,68.66666666666667,-1.0663435459136963,-0.1638274291691217
COHFACE_s29_session0_lamp,63,171,68.7,-1.0891309976577759,-0.018449275874730563
COHFACE_s29_session0_lamp,63,172,68.73333333333333,-1.04837965965271,0.1418458077445185
COHFACE_s29_session0_lamp,63,173,68.76666666666667,-0.46908316016197205,0.2886643461671863
COHFACE_s29_session0_lamp,63,174,68.8,0.8121209740638733,0.3854854447847166
COHFACE_s29_session0_lamp,63,175,68.83333333333333,1.8980848789215088,0.4019583927393686
COHFACE_s29_session0_lamp,63,176,68.86666666666666,2.150547981262207,0.3299358561542023
COHFACE_s29_session0_lamp,63,177,68.9,1.9081753492355347,0.1924470429408963
COHFACE_s29_session0_lamp,63,178,68.93333333333334,1.6955552101135254,0.03884557227810832
COHFACE_s29_session0_lamp,63,179,68.96666666666667,1.6640129089355469,-0.07412593835239506
COHFACE_s29_session0_lamp,63,180,69.0,1.6818362474441528,-0.10741614894815028
COHFACE_s29_session0_lamp,63,181,69.03333333333333,1.5611176490783691,-0.05804425057567787
COHFACE_s29_session0_lamp,63,182,69.06666666666666,1.237090826034546,0.03988539075155554
COHFACE_s29_session0_lamp,63,183,69.1,0.8985068202018738,0.13342138381231075
COHFACE_s29_session0_lamp,63,184,69.13333333333334,0.692197322845459,0.17915340404549088
COHFACE_s29_session0_lamp,63,185,69.16666666666667,0.5540610551834106,0.1659539533227908
COHFACE_s29_session0_lamp,63,186,69.2,0.3877350687980652,0.11865933047445366
COHFACE_s29_session0_lamp,63,187,69.23333333333333,0.18293426930904388,0.08033784455279669
COHFACE_s29_session0_lamp,63,188,69.26666666666667,-0.033817242830991745,0.08455125945889128
COHFACE_s29_session0_lamp,63,189,69.3,-0.21886418759822845,0.1354817860433203
COHFACE_s29_session0_lamp,63,190,69.33333333333333,-0.3588715195655823,0.20745971643701683
COHFACE_s29_session0_lamp,63,191,69.36666666666666,-0.47663211822509766,0.2621572771765765
COHFACE_s29_session0_lamp,63,192,69.4,-0.5632883906364441,0.2714349402124868
COHFACE_s29_session0_lamp,63,193,69.43333333333334,-0.6287469863891602,0.23179895303935893
COHFACE_s29_session0_lamp,63,194,69.46666666666667,-0.696071207523346,0.16260629953076658
COHFACE_s29_session0_lamp,63,195,69.5,-0.7553814053535461,0.09044168472948563
COHFACE_s29_session0_lamp,63,196,69.53333333333333,-0.8134532570838928,0.030496148246974285
COHFACE_s29_session0_lamp,63,197,69.56666666666666,-0.8776518702507019,-0.022901858013234282
COHFACE_s29_session0_lamp,63,198,69.6,-0.9414395689964294,-0.09119801575466449
COHFACE_s29_session0_lamp,63,199,69.63333333333334,-0.996548056602478,-0.19617401675981455
COHFACE_s29_session0_lamp,63,200,69.66666666666667,-1.0373860597610474,-0.34419997829203214
COHFACE_s29_session0_lamp,63,201,69.7,-1.070312738418579,-0.5193611541277086
COHFACE_s29_session0_lamp,63,202,69.73333333333333,-1.0991458892822266,-0.688459740416617
COHFACE_s29_session0_lamp,63,203,69.76666666666667,-1.1201056241989136,-0.8140210776509397
COHFACE_s29_session0_lamp,63,204,69.8,-1.1212844848632812,-0.8681338309707785
COHFACE_s29_session0_lamp,63,205,69.83333333333333,-1.1182291507720947,-0.8407403949251835
COHFACE_s29_session0_lamp,63,206,69.86666666666666,-1.1214250326156616,-0.7392492039128479
COHFACE_s29_session0_lamp,63,207,69.9,-1.138999581336975,-0.5806044100356157
COHFACE_s29_session0_lamp,63,208,69.93333333333334,-1.1209924221038818,-0.38076739030521833
COHFACE_s29_session0_lamp,63,209,69.96666666666667,-0.6839420199394226,-0.14821990803251572
COHFACE_s29_session0_lamp,63,210,70.0,0.5016346573829651,0.11374726432340425
COHFACE_s29_session0_lamp,63,211,70.03333333333333,1.6957931518554688,0.3968103983075128
COHFACE_s29_session0_lamp,63,212,70.06666666666666,2.114809274673462,0.677172757742017
COHFACE_s29_session0_lamp,63,213,70.1,1.9271072149276733,0.9148149616477853
COHFACE_s29_session0_lamp,63,214,70.13333333333334,1.6833773851394653,1.0663388389057404
COHFACE_s29_session0_lamp,63,215,70.16666666666667,1.6095640659332275,1.1051145530043194
COHFACE_s29_session0_lamp,63,216,70.2,1.6304265260696411,1.0356495083195485
COHFACE_s29_session0_lamp,63,217,70.23333333333333,1.5545529127120972,0.8915167860220276
COHFACE_s29_session0_lamp,63,218,70.26666666666667,1.2672380208969116,0.7173597202791487
COHFACE_s29_session0_lamp,63,219,70.3,0.9310333728790283,0.5465506072709393
COHFACE_s29_session0_lamp,63,220,70.33333333333333,0.7159906029701233,0.3882457058449544
COHFACE_s29_session0_lamp,63,221,70.36666666666666,0.5740257501602173,0.2306500024551751
COHFACE_s29_session0_lamp,63,222,70.4,0.4088245928287506,0.05687602932763247
COHFACE_s29_session0_lamp,63,223,70.43333333333334,0.20840391516685486,-0.1376322741652544
COHFACE_s29_session0_lamp,63,224,70.46666666666667,0.003808611072599888,-0.3372423241536853
COHFACE_s29_session0_lamp,63,225,70.5,-0.18215222656726837,-0.5119875104264956
COHFACE_s29_session0_lamp,63,226,70.53333333333333,-0.33424004912376404,-0.6317525967145269
COHFACE_s29_session0_lamp,63,227,70.56666666666666,-0.45042163133621216,-0.6785181779247467
COHFACE_s29_session0_lamp,63,228,70.6,-0.5374943017959595,-0.6499199177812764
COHFACE_s29_session0_lamp,63,229,70.63333333333334,-0.6083226203918457,-0.5549904203129673
COHFACE_s29_session0_lamp,63,230,70.66666666666667,-0.6659942865371704,-0.4078692580465424
COHFACE_s29_session0_lamp,63,231,70.7,-0.7206972241401672,-0.224779419998855
COHFACE_s29_session0_lamp,63,232,70.73333333333333,-0.776660144329071,-0.025170529034355533
COHFACE_s29_session0_lamp,63,233,70.76666666666667,-0.8353268504142761,0.16619093691877795
COHFACE_s29_session0_lamp,63,234,70.8,-0.8893484473228455,0.31994099067936266
COHFACE_s29_session0_lamp,63,235,70.83333333333333,-0.9404013156890869,0.4070677111807566
COHFACE_s29_session0_lamp,63,236,70.86666666666666,-0.9874362945556641,0.4067650286050439
COHFACE_s29_session0_lamp,63,237,70.9,-1.017605185508728,0.3140393533198616
COHFACE_s29_session0_lamp,63,238,70.93333333333334,-1.0337196588516235,0.14353598459611408
COHFACE_s29_session0_lamp,63,239,70.96666666666667,-1.0500884056091309,-0.07252643418919778
COHFACE_s29_session0_lamp,64,0,64.0,-1.003913164138794,0.05737930620288334
COHFACE_s29_session0_lamp,64,1,64.03333333333333,-1.0274956226348877,0.7683352979888564
COHFACE_s29_session0_lamp,64,2,64.06666666666666,-1.0366289615631104,1.3797044887820789
COHFACE_s29_session0_lamp,64,3,64.1,-1.0380457639694214,1.819154415310463
COHFACE_s29_session0_lamp,64,4,64.13333333333334,-1.0406414270401,2.0604875294650435
COHFACE_s29_session0_lamp,64,5,64.16666666666667,-1.0502289533615112,2.1267701350249193
COHFACE_s29_session0_lamp,64,6,64.2,-1.0382566452026367,2.0754332076097675
COHFACE_s29_session0_lamp,64,7,64.23333333333333,-0.6357335448265076,1.971534573491727
COHFACE_s29_session0_lamp,64,8,64.26666666666667,0.49346923828125,1.86034174248906
COHFACE_s29_session0_lamp,64,9,64.3,1.6721187829971313,1.7506822267333515
COHFACE_s29_session0_lamp,64,10,64.33333333333333,2.1326920986175537,1.6169410105697481
COHFACE_s29_session0_lamp,64,11,64.36666666666666,1.9932202100753784,1.4193342996239948
COHFACE_s29_session0_lamp,64,12,64.4,1.748154640197754,1.131264211046361
COHFACE_s29_session0_lamp,64,13,64.43333333333334,1.6491150856018066,0.7577654212651124
COHFACE_s29_session0_lamp,64,14,64.46666666666667,1.6620229482650757,0.3357676600344578
COHFACE_s29_session0_lamp,64,15,64.5,1.6117541790008545,-0.08117457138099535
COHFACE_s29_session0_lamp,64,16,64.53333333333333,1.3608916997909546,-0.4433869289988466
COHFACE_s29_session0_lamp,64,17,64.56666666666666,1.0372812747955322,-0.7201677932002527
COHFACE_s29_session0_lamp,64,18,64.6,0.8049180507659912,-0.9038275892258554
COHFACE_s29_session0_lamp,64,19,64.63333333333334,0.6446323990821838,-1.0038409787124638
COHFACE_s29_session0_lamp,64,20,64.66666666666667,0.4824918806552887,-1.037153032458963
COHFACE_s29_session0_lamp,64,21,64.7,0.28548339009284973,-1.0210261960777982
COHFACE_s29_session0_lamp,64,22,64.73333333333333,0.0812666043639183,-0.9708717974869886
COHFACE_s29_session0_lamp,64,23,64.76666666666667,-0.10524579882621765,-0.9010476627565955
COHFACE_s29_session0_lamp,64,24,64.8,-0.26135143637657166,-0.8252825296021736
COHFACE_s29_session0_lamp,64,25,64.83333333333333,-0.3843952417373657,-0.7552442714642909
COHFACE_s29_session0_lamp,64,26,64.86666666666666,-0.47602105140686035,-0.6984637144825048
COHFACE_s29_session0_lamp,64,27,64.9,-0.5458489656448364,-0.657812943089936
COHFACE_s29_session0_lamp,64,28,64.93333333333334,-0.605597198009491,-0.6331437490076559
COHFACE_s29_session0_lamp,64,29,64.96666666666667,-0.6674813628196716,-0.6234946355261614
COHFACE_s29_session0_lamp,64,30,65.0,-0.7332373857498169,-0.627759304615039
COHFACE_s29_session0_lamp,64,31,65.03333333333333,-0.7996423244476318,-0.6428326603037909
COHFACE_s29_session0_lamp,64,32,65.06666666666666,-0.8613480925559998,-0.6599031868754931
COHFACE_s29_session0_lamp,64,33,65.1,-0.9144774079322815,-0.6612183507895164
COHFACE_s29_session0_lamp,64,34,65.13333333333334,-0.963237464427948,-0.620679358057373
COHFACE_s29_session0_lamp,64,35,65.16666666666667,-1.003156065940857,-0.5106490277188765
COHFACE_s29_session0_lamp,64,36,65.2,-1.0346065759658813,-0.3139033929430327
COHFACE_s29_session0_lamp,64,37,65.23333333333333,-1.055890679359436,-0.03552416745141912
COHFACE_s29_session0_lamp,64,38,65.26666666666667,-1.0716429948806763,0.29249368259891
COHFACE_s29_session0_lamp,64,39,65.3,-1.0748226642608643,0.6190248554574859
COHFACE_s29_session0_lamp,64,40,65.33333333333333,-1.0792405605316162,0.8928511429762478
COHFACE_s29_session0_lamp,64,41,65.36666666666666,-1.1005463600158691,1.084197195461177
COHFACE_s29_session0_lamp,64,42,65.4,-1.0861947536468506,1.1958222149916204
COHFACE_s29_session0_lamp,64,43,65.43333333333334,-0.6943840384483337,1.255242267234059
COHFACE_s29_session0_lamp,64,44,65.46666666666667,0.4293787479400635,1.292439262710821
COHFACE_s29_session0_lamp,64,45,65.5,1.638440489768982,1.3182149080580878
COHFACE_s29_session0_lamp,64,46,65.53333333333333,2.1279280185699463,1.3175493968861105
COHFACE_s29_session0_lamp,64,47,65.56666666666666,1.9878017902374268,1.2612456761015922
COHFACE_s29_session0_lamp,64,48,65.6,1.7334082126617432,1.1263598429153356
COHFACE_s29_session0_lamp,64,49,65.63333333333334,1.6409982442855835,0.9108679920542538
COHFACE_s29_session0_lamp,64,50,65.66666666666667,1.6575021743774414,0.6342724991167452
COHFACE_s29_session0_lamp,64,51,65.7,1.6057679653167725,0.3266761647788161
COHFACE_s29_session0_lamp,64,52,65.73333333333333,1.3588151931762695,0.015234276377102689
COHFACE_s29_session0_lamp,64,53,65.76666666666667,1.0417317152023315,-0.2837514763333189
COHFACE_s29_session0_lamp,64,54,65.8,0.8196320533752441,-0.5640541745339824
COHFACE_s29_session0_lamp,64,55,65.83333333333333,0.6740549206733704,-0.8226220670968829
COHFACE_s29_session0_lamp,64,56,65.86666666666666,0.5232324600219727,-1.051829318782608
COHFACE_s29_session0_lamp,64,57,65.9,0.3333079218864441,-1.2356754650790673
COHFACE_s29_session0_lamp,64,58,65.93333333333334,0.12332125753164291,-1.3524040447042955
COHFACE_s29_session0_lamp,64,59,65.96666666666667,-0.06719815731048584,-1.3828548799820717
COHFACE_s29_session0_lamp,64,60,66.0,-0.2177610546350479,-1.320815934954151
COHFACE_s29_session0_lamp,64,61,66.03333333333333,-0.33741429448127747,-1.1798945636801845
COHFACE_s29_session0_lamp,64,62,66.06666666666666,-0.4291698932647705,-0.9920140046816455
COHFACE_s29_session0_lamp,64,63,66.1,-0.49408233165740967,-0.7959351821412076
COHFACE_s29_session0_lamp,64,64,66.13333333333334,-0.5468601584434509,-0.6195194486929565
COHFACE_s29_session0_lamp,64,65,66.16666666666667,-0.6045643091201782,-0.464888456252702
COHFACE_s29_session0_lamp,64,66,66.2,-0.6683952808380127,-0.3075964967938848
COHFACE_s29_session0_lamp,64,67,66.23333333333333,-0.7323018908500671,-0.11450332180633663
COHFACE_s29_session0_lamp,64,68,66.26666666666667,-0.791904091835022,0.12883536734438852
COHFACE_s29_session0_lamp,64,69,66.3,-0.8358946442604065,0.400004457756311
COHFACE_s29_session0_lamp,64,70,66.33333333333333,-0.8653172254562378,0.6446533253171087
COHFACE_s29_session0_lamp,64,71,66.36666666666666,-0.8934095501899719,0.802569652653392
COHFACE_s29_session0_lamp,64,72,66.4,-0.9157103300094604,0.8380940130946254
COHFACE_s29_session0_lamp,64,73,66.43333333333334,-0.9189386963844299,0.7556865417018143
COHFACE_s29_session0_lamp,64,74,66.46666666666667,-0.9140069484710693,0.5939553984235417
COHFACE_s29_session0_lamp,64,75,66.5,-0.9199606776237488,0.4066333925294764
COHFACE_s29_session0_lamp,64,76,66.53333333333333,-0.9291751980781555,0.24384778041905886
COHFACE_s29_session0_lamp,64,77,66.56666666666666,-0.7301713228225708,0.14167906430760058
COHFACE_s29_session0_lamp,64,78,66.6,0.13892748951911926,0.11985002069449621
COHFACE_s29_session0_lamp,64,79,66.63333333333334,1.3227250576019287,0.18255409100716713
COHFACE_s29_session0_lamp,64,80,66.66666666666667,1.9452929496765137,0.31832175504986465
COHFACE_s29_session0_lamp,64,81,66.7,1.8700681924819946,0.4992868587004768
COHFACE_s29_session0_lamp,64,82,66.73333333333333,1.5545258522033691,0.6838413454924267
COHFACE_s29_session0_lamp,64,83,66.76666666666667,1.3370226621627808,0.8258805908732721
COHFACE_s29_session0_lamp,64,84,66.8,1.276171326637268,0.8886514195779168
COHFACE_s29_session0_lamp,64,85,66.83333333333333,1.2230582237243652,0.8565359764560182
COHFACE_s29_session0_lamp,64,86,66.86666666666666,1.0279964208602905,0.7385241781656583
COHFACE_s29_session0_lamp,64,87,66.9,0.7978449463844299,0.5617808619598328
COHFACE_s29_session0_lamp,64,88,66.93333333333334,0.6548256278038025,0.3588809285644354
COHFACE_s29_session0_lamp,64,89,66.96666666666667,0.5505082607269287,0.15503547153557745
COHFACE_s29_session0_lamp,64,90,67.0,0.4064885079860687,-0.03914223574541548
COHFACE_s29_session0_lamp,64,91,67.03333333333333,0.20634904503822327,-0.22702696925561788
COHFACE_s29_session0_lamp,64,92,67.06666666666666,-0.011354207992553711,-0.41889478342190983
COHFACE_s29_session0_lamp,64,93,67.1,-0.2089359015226364,-0.6221973991860501
COHFACE_s29_session0_lamp,64,94,67.13333333333334,-0.36834558844566345,-0.833600057600342
COHFACE_s29_session0_lamp,64,95,67.16666666666667,-0.47670242190361023,-1.0361916791913832
COHFACE_s29_session0_lamp,64,96,67.2,-0.5445836186408997,-1.2033561267491784
COHFACE_s29_session0_lamp,64,97,67.23333333333333,-0.5914293527603149,-1.308114882949305
COHFACE_s29_session0_lamp,64,98,67.26666666666667,-0.6339004039764404,-1.3338651946201137
COHFACE_s29_session0_lamp,64,99,67.3,-0.6819249987602234,-1.2810046642742736
COHFACE_s29_session0_lamp,64,100,67.33333333333333,-0.7350218892097473,-1.1654010780779882
COHFACE_s29_session0_lamp,64,101,67.36666666666666,-0.7994909286499023,-1.0088900708959347
COHFACE_s29_session0_lamp,64,102,67.4,-0.8624025583267212,-0.8269903449116891
COHFACE_s29_session0_lamp,64,103,67.43333333333334,-0.9057171940803528,-0.6214470851326036
COHFACE_s29_session0_lamp,64,104,67.46666666666667,-0.9401201009750366,-0.3828382279555394
COHFACE_s29_session0_lamp,64,105,67.5,-0.9666009545326233,-0.10248482608103437
COHFACE_s29_session0_lamp,64,106,67.53333333333333,-0.9901833534240723,0.2132433334894974
COHFACE_s29_session0_lamp,64,107,67.56666666666666,-1.017248272895813,0.5356221268505085
COHFACE_s29_session0_lamp,64,108,67.6,-0.9950393438339233,0.8193861577313878
COHFACE_s29_session0_lamp,64,109,67.63333333333334,-0.5240564942359924,1.0199384874109438
COHFACE_s29_session0_lamp,64,110,67.66666666666667,0.6637535095214844,1.1122409357913845
COHFACE_s29_session0_lamp,64,111,67.7,1.7876406908035278,1.0998517641019925
COHFACE_s29_session0_lamp,64,112,67.73333333333333,2.131578207015991,1.0094491095942486
COHFACE_s29_session0_lamp,64,113,67.76666666666667,1.9224838018417358,0.8760355306418212
COHFACE_s29_session0_lamp,64,114,67.8,1.68388032913208,0.7291122904172116
COHFACE_s29_session0_lamp,64,115,67.83333333333333,1.6092936992645264,0.5875704909893275
COHFACE_s29_session0_lamp,64,116,67.86666666666666,1.6241320371627808,0.46334643211880167
COHFACE_s29_session0_lamp,64,117,67.9,1.5362699031829834,0.36732336784859954
COHFACE_s29_session0_lamp,64,118,67.93333333333334,1.2533459663391113,0.3105711996374836
COHFACE_s29_session0_lamp,64,119,67.96666666666667,0.9356784820556641,0.29906695828218943
COHFACE_s29_session0_lamp,64,120,68.0,0.722425639629364,0.3261576575270304
COHFACE_s29_session0_lamp,64,121,68.03333333333333,0.5772486925125122,0.3696671863420613
COHFACE_s29_session0_lamp,64,122,68.06666666666666,0.4185311794281006,0.39768262171494334
COHFACE_s29_session0_lamp,64,123,68.1,0.22002477943897247,0.38090612945142743
COHFACE_s29_session0_lamp,64,124,68.13333333333334,0.0041438802145421505,0.30448610384378316
COHFACE_s29_session0_lamp,64,125,68.16666666666667,-0.18561306595802307,0.17229645011556938
COHFACE_s29_session0_lamp,64,126,68.2,-0.32937324047088623,0.0020583148136594353
COHFACE_s29_session0_lamp,64,127,68.23333333333333,-0.4387737214565277,-0.18426381906706352
COHFACE_s29_session0_lamp,64,128,68.26666666666667,-0.5184217691421509,-0.3686224736917557
COHFACE_s29_session0_lamp,64,129,68.3,-0.5846698880195618,-0.5401082362711526
COHFACE_s29_session0_lamp,64,130,68.33333333333333,-0.6500149369239807,-0.6938199953268364
COHFACE_s29_session0_lamp,64,131,68.36666666666666,-0.7146137356758118,-0.8282147586713395
COHFACE_s29_session0_lamp,64,132,68.4,-0.7719447612762451,-0.9428779519682368
COHFACE_s29_session0_lamp,64,133,68.43333333333334,-0.8349158763885498,-1.036675780864613
COHFACE_s29_session0_lamp,64,134,68.46666666666667,-0.900212287902832,-1.1056973816403473
COHFACE_s29_session0_lamp,64,135,68.5,-0.9557317495346069,-1.141267730732483
COHFACE_s29_session0_lamp,64,136,68.53333333333333,-0.9981703162193298,-1.129281105175327
COHFACE_s29_session0_lamp,64,137,68.56666666666666,-1.026879072189331,-1.052242388756263
COHFACE_s29_session0_lamp,64,138,68.6,-1.0446321964263916,-0.8944504626741966
COHFACE_s29_session0_lamp,64,139,68.63333333333334,-1.0558149814605713,-0.649123025537357
COHFACE_s29_session0_lamp,64,140,68.66666666666667,-1.0663435459136963,-0.32480818771120773
COHFACE_s29_session0_lamp,64,141,68.7,-1.0891309976577759,0.05191141327112363
COHFACE_s29_session0_lamp,64,142,68.73333333333333,-1.04837965965271,0.4392569634809154
COHFACE_s29_session0_lamp,64,143,68.76666666666667,-0.46908316016197205,0.7884323318928612
COHFACE_s29_session0_lamp,64,144,68.8,0.8121209740638733,1.054991338991714
COHFACE_s29_session0_lamp,64,145,68.83333333333333,1.8980848789215088,1.209939975749879
COHFACE_s29_session0_lamp,64,146,68.86666666666666,2.150547981262207,1.2468204975110793
COHFACE_s29_session0_lamp,64,147,68.9,1.9081753492355347,1.1820963736165124
COHFACE_s29_session0_lamp,64,148,68.93333333333334,1.6955552101135254,1.0484844240766922
COHFACE_s29_session0_lamp,64,149,68.96666666666667,1.6640129089355469,0.883454963831084
COHFACE_s29_session0_lamp,64,150,69.0,1.6818362474441528,0.7168792405201307
COHFACE_s29_session0_lamp,64,151,69.03333333333333,1.5611176490783691,0.5624664936751909
COHFACE_s29_session0_lamp,64,152,69.06666666666666,1.237090826034546,0.4169339001042783
COHFACE_s29_session0_lamp,64,153,69.1,0.8985068202018738,0.26789210575399236
COHFACE_s29_session0_lamp,64,154,69.13333333333334,0.692197322845459,0.10660633524679906
COHFACE_s29_session0_lamp,64,155,69.16666666666667,0.5540610551834106,-0.061698639306357925
COHFACE_s29_session0_lamp,64,156,69.2,0.3877350687980652,-0.21645028716984632
COHFACE_s29_session0_lamp,64,157,69.23333333333333,0.18293426930904388,-0.33063739938261794
COHFACE_s29_session0_lamp,64,158,69.26666666666667,-0.033817242830991745,-0.3850118244793496
COHFACE_s29_session0_lamp,64,159,69.3,-0.21886418759822845,-0.3791117459193277
COHFACE_s29_session0_lamp,64,160,69.33333333333333,-0.3588715195655823,-0.33262319444487165
COHFACE_s29_session0_lamp,64,161,69.36666666666666,-0.47663211822509766,-0.27644911517435944
COHFACE_s29_session0_lamp,64,162,69.4,-0.5632883906364441,-0.23875473149161397
COHFACE_s29_session0_lamp,64,163,69.43333333333334,-0.6287469863891602,-0.23380744615900875
COHFACE_s29_session0_lamp,64,164,69.46666666666667,-0.696071207523346,-0.25925343133218176
COHFACE_s29_session0_lamp,64,165,69.5,-0.7553814053535461,-0.30211477910537293
COHFACE_s29_session0_lamp,64,166,69.53333333333333,-0.8134532570838928,-0.3486132090308414
COHFACE_s29_session0_lamp,64,167,69.56666666666666,-0.8776518702507019,-0.39140073435111067
COHFACE_s29_session0_lamp,64,168,69.6,-0.9414395689964294,-0.43087361323729395
COHFACE_s29_session0_lamp,64,169,69.63333333333334,-0.996548056602478,-0.47174637206321757
COHFACE_s29_session0_lamp,64,170,69.66666666666667,-1.0373860597610474,-0.518215446611392
COHFACE_s29_session0_lamp,64,171,69.7,-1.070312738418579,-0.5703340934332578
COHFACE_s29_session0_lamp,64,172,69.73333333333333,-1.0991458892822266,-0.6223133662752863
COHFACE_s29_session0_lamp,64,173,69.76666666666667,-1.1201056241989136,-0.6622866966606948
COHFACE_s29_session0_lamp,64,174,69.8,-1.1212844848632812,-0.6734053056575691
COHFACE_s29_session0_lamp,64,175,69.83333333333333,-1.1182291507720947,-0.6367150574596675
COHFACE_s29_session0_lamp,64,176,69.86666666666666,-1.1214250326156616,-0.5357320156441746
COHFACE_s29_session0_lamp,64,177,69.9,-1.138999581336975,-0.36144495461026027
COHFACE_s29_session0_lamp,64,178,69.93333333333334,-1.1209924221038818,-0.11588226747019245
COHFACE_s29_session0_lamp,64,179,69.96666666666667,-0.6839420199394226,0.1869579151200783
COHFACE_s29_session0_lamp,64,180,70.0,0.5016346573829651,0.5225420782002559
COHFACE_s29_session0_lamp,64,181,70.03333333333333,1.6957931518554688,0.858628824916819
COHFACE_s29_session0_lamp,64,182,70.06666666666666,2.114809274673462,1.1593476965932368
COHFACE_s29_session0_lamp,64,183,70.1,1.9271072149276733,1.3910482771956862
COHFACE_s29_session0_lamp,64,184,70.13333333333334,1.6833773851394653,1.5293161359564635
COHFACE_s29_session0_lamp,64,185,70.16666666666667,1.6095640659332275,1.5646205839364395
COHFACE_s29_session0_lamp,64,186,70.2,1.6304265260696411,1.5033919033972072
COHFACE_s29_session0_lamp,64,187,70.23333333333333,1.5545529127120972,1.3631026656744258
COHFACE_s29_session0_lamp,64,188,70.26666666666667,1.2672380208969116,1.1635210232369884
COHFACE_s29_session0_lamp,64,189,70.3,0.9310333728790283,0.9190543533947824
COHFACE_s29_session0_lamp,64,190,70.33333333333333,0.7159906029701233,0.6366380784821986
COHFACE_s29_session0_lamp,64,191,70.36666666666666,0.5740257501602173,0.32012679031168223
COHFACE_s29_session0_lamp,64,192,70.4,0.4088245928287506,-0.02216807310891505
COHFACE_s29_session0_lamp,64,193,70.43333333333334,0.20840391516685486,-0.37227937442412623
COHFACE_s29_session0_lamp,64,194,70.46666666666667,0.003808611072599888,-0.7035100587395513
COHFACE_s29_session0_lamp,64,195,70.5,-0.18215222656726837,-0.9871021134289346
COHFACE_s29_session0_lamp,64,196,70.53333333333333,-0.33424004912376404,-1.200555976273013
COHFACE_s29_session0_lamp,64,197,70.56666666666666,-0.45042163133621216,-1.3327362270665195
COHFACE_s29_session0_lamp,64,198,70.6,-0.5374943017959595,-1.3835653848809109
COHFACE_s29_session0_lamp,64,199,70.63333333333334,-0.6083226203918457,-1.3599069400466126
COHFACE_s29_session0_lamp,64,200,70.66666666666667,-0.6659942865371704,-1.2712845125622858
COHFACE_s29_session0_lamp,64,201,70.7,-0.7206972241401672,-1.1283071192237577
COHFACE_s29_session0_lamp,64,202,70.73333333333333,-0.776660144329071,-0.94395162899311
COHFACE_s29_session0_lamp,64,203,70.76666666666667,-0.8353268504142761,-0.7354287168430211
COHFACE_s29_session0_lamp,64,204,70.8,-0.8893484473228455,-0.5239855696995619
COHFACE_s29_session0_lamp,64,205,70.83333333333333,-0.9404013156890869,-0.33134689833872893
COHFACE_s29_session0_lamp,64,206,70.86666666666666,-0.9874362945556641,-0.17342195979738984
COHFACE_s29_session0_lamp,64,207,70.9,-1.017605185508728,-0.05396982671530688
COHFACE_s29_session0_lamp,64,208,70.93333333333334,-1.0337196588516235,0.03763301996080598
COHFACE_s29_session0_lamp,64,209,70.96666666666667,-1.0500884056091309,0.12146333469924978
COHFACE_s29_session0_lamp,64,210,71.0,-1.0572047233581543,0.21611306045500198
COHFACE_s29_session0_lamp,64,211,71.03333333333333,-1.0532301664352417,0.32741601695305533
COHFACE_s29_session0_lamp,64,212,71.06666666666666,-1.0599734783172607,0.4437977654607092
COHFACE_s29_session0_lamp,64,213,71.1,-1.0701180696487427,0.5420363469343016
COHFACE_s29_session0_lamp,64,214,71.13333333333334,-1.0389758348464966,0.6010555366687914
COHFACE_s29_session0_lamp,64,215,71.16666666666667,-0.5893420577049255,0.6157804372836759
COHFACE_s29_session0_lamp,64,216,71.2,0.5576841235160828,0.6018773948895957
COHFACE_s29_session0_lamp,64,217,71.23333333333333,1.6604816913604736,0.5873597369038757
COHFACE_s29_session0_lamp,64,218,71.26666666666667,2.0075771808624268,0.5962327549823869
COHFACE_s29_session0_lamp,64,219,71.3,1.798688292503357,0.6350217447071118
COHFACE_s29_session0_lamp,64,220,71.33333333333333,1.5197985172271729,0.689981879761526
COHFACE_s29_session0_lamp,64,221,71.36666666666666,1.4040170907974243,0.7349091204829704
COHFACE_s29_session0_lamp,64,222,71.4,1.402578592300415,0.7436155090392277
COHFACE_s29_session0_lamp,64,223,71.43333333333334,1.3008947372436523,0.6999942129766694
COHFACE_s29_session0_lamp,64,224,71.46666666666667,1.0399688482284546,0.6013959423632703
COHFACE_s29_session0_lamp,64,225,71.5,0.8169228434562683,0.4555243745251005
COHFACE_s29_session0_lamp,64,226,71.53333333333333,0.6971722841262817,0.2745885676659327
COHFACE_s29_session0_lamp,64,227,71.56666666666666,0.5850085616111755,0.07105659090901695
COHFACE_s29_session0_lamp,64,228,71.6,0.4256313145160675,-0.14306636856428018
COHFACE_s29_session0_lamp,64,229,71.63333333333334,0.23589058220386505,-0.3546808832461798
COHFACE_s29_session0_lamp,64,230,71.66666666666667,0.04396520555019379,-0.5484293755712107
COHFACE_s29_session0_lamp,64,231,71.7,-0.13849693536758423,-0.7077803411039334
COHFACE_s29_session0_lamp,64,232,71.73333333333333,-0.28567469120025635,-0.8182125740538212
COHFACE_s29_session0_lamp,64,233,71.76666666666667,-0.38649338483810425,-0.8707695646835719
COHFACE_s29_session0_lamp,64,234,71.8,-0.45873305201530457,-0.8641340439905032
COHFACE_s29_session0_lamp,64,235,71.83333333333333,-0.522315263748169,-0.8043273255080484
COHFACE_s29_session0_lamp,64,236,71.86666666666666,-0.5768721699714661,-0.7022513318157774
COHFACE_s29_session0_lamp,64,237,71.9,-0.6293147802352905,-0.5701753570893202
COHFACE_s29_session0_lamp,64,238,71.93333333333334,-0.689365804195404,-0.41875835780215753
COHFACE_s29_session0_lamp,64,239,71.96666666666667,-0.7453665733337402,-0.25594579082196994
COHFACE_s29_session0_lamp,65,0,65.0,-0.7332373857498169,-0.09517595393993455
COHFACE_s29_session0_lamp,65,1,65.03333333333333,-0.7996423244476318,0.23550744755272965
COHFACE_s29_session0_lamp,65,2,65.06666666666666,-0.8613480925559998,0.4902223283294197
COHFACE_s29_session0_lamp,65,3,65.1,-0.9144774079322815,0.6207344965581383
COHFACE_s29_session0_lamp,65,4,65.13333333333334,-0.963237464427948,0.626925858923689
COHFACE_s29_session0_lamp,65,5,65.16666666666667,-1.003156065940857,0.5561123296455274
COHFACE_s29_session0_lamp,65,6,65.2,-1.0346065759658813,0.48161619023441105
COHFACE_s29_session0_lamp,65,7,65.23333333333333,-1.055890679359436,0.46935399449525034
COHFACE_s29_session0_lamp,65,8,65.26666666666667,-1.0716429948806763,0.5483522977273547
COHFACE_s29_session0_lamp,65,9,65.3,-1.0748226642608643,0.7001814842307968
COHFACE_s29_session0_lamp,65,10,65.33333333333333,-1.0792405605316162,0.8725887615310716
COHFACE_s29_session0_lamp,65,11,65.36666666666666,-1.1005463600158691,1.0089378581176576
COHFACE_s29_session0_lamp,65,12,65.4,-1.0861947536468506,1.0754528588575782
COHFACE_s29_session0_lamp,65,13,65.43333333333334,-0.6943840384483337,1.0703525062173118
COHFACE_s29_session0_lamp,65,14,65.46666666666667,0.4293787479400635,1.0128962229901817
COHFACE_s29_session0_lamp,65,15,65.5,1.638440489768982,0.924387814080748
COHFACE_s29_session0_lamp,65,16,65.53333333333333,2.1279280185699463,0.8157308689182877
COHFACE_s29_session0_lamp,65,17,65.56666666666666,1.9878017902374268,0.6877973710039574
COHFACE_s29_session0_lamp,65,18,65.6,1.7334082126617432,0.5399035286568191
COHFACE_s29_session0_lamp,65,19,65.63333333333334,1.6409982442855835,0.37659830780514536
COHFACE_s29_session0_lamp,65,20,65.66666666666667,1.6575021743774414,0.20701874817089005
COHFACE_s29_session0_lamp,65,21,65.7,1.6057679653167725,0.03889031329171519
COHFACE_s29_session0_lamp,65,22,65.73333333333333,1.3588151931762695,-0.12655515106424833
COHFACE_s29_session0_lamp,65,23,65.76666666666667,1.0417317152023315,-0.29411133956505064
COHFACE_s29_session0_lamp,65,24,65.8,0.8196320533752441,-0.469031821574692
COHFACE_s29_session0_lamp,65,25,65.83333333333333,0.6740549206733704,-0.6507786644692656
COHFACE_s29_session0_lamp,65,26,65.86666666666666,0.5232324600219727,-0.8302685268901385
COHFACE_s29_session0_lamp,65,27,65.9,0.3333079218864441,-0.9918368513345222
COHFACE_s29_session0_lamp,65,28,65.93333333333334,0.12332125753164291,-1.1185053701371503
COHFACE_s29_session0_lamp,65,29,65.96666666666667,-0.06719815731048584,-1.1980370921248775
COHFACE_s29_session0_lamp,65,30,66.0,-0.2177610546350479,-1.2273929975004592
COHFACE_s29_session0_lamp,65,31,66.03333333333333,-0.33741429448127747,-1.2137314325074016
COHFACE_s29_session0_lamp,65,32,66.06666666666666,-0.4291698932647705,-1.1707166341329938
COHFACE_s29_session0_lamp,65,33,66.1,-0.49408233165740967,-1.110596282308332
COHFACE_s29_session0_lamp,65,34,66.13333333333334,-0.5468601584434509,-1.035496132522825
COHFACE_s29_session0_lamp,65,35,66.16666666666667,-0.6045643091201782,-0.9334147254036484
COHFACE_s29_session0_lamp,65,36,66.2,-0.6683952808380127,-0.7830701570318537
COHFACE_s29_session0_lamp,65,37,66.23333333333333,-0.7323018908500671,-0.5669876079212254
COHFACE_s29_session0_lamp,65,38,66.26666666666667,-0.791904091835022,-0.2864152014617673
COHFACE_s29_session0_lamp,65,39,66.3,-0.8358946442604065,0.03114611343746453
COHFACE_s29_session0_lamp,65,40,66.33333333333333,-0.8653172254562378,0.33801929492505717
COHFACE_s29_session0_lamp,65,41,66.36666666666666,-0.8934095501899719,0.5844751864476483
COHFACE_s29_session0_lamp,65,42,66.4,-0.9157103300094604,0.7392698430364554
COHFACE_s29_session0_lamp,65,43,66.43333333333334,-0.9189386963844299,0.8009186363514179
COHFACE_s29_session0_lamp,65,44,66.46666666666667,-0.9140069484710693,0.7944907824246302
COHFACE_s29_session0_lamp,65,45,66.5,-0.9199606776237488,0.7579738203273095
COHFACE_s29_session0_lamp,65,46,66.53333333333333,-0.9291751980781555,0.7269961092172537
COHFACE_s29_session0_lamp,65,47,66.56666666666666,-0.7301713228225708,0.7250235942542638
COHFACE_s29_session0_lamp,65,48,66.6,0.13892748951911926,0.7607099234755195
COHFACE_s29_session0_lamp,65,49,66.63333333333334,1.3227250576019287,0.8294283418721169
COHFACE_s29_session0_lamp,65,50,66.66666666666667,1.9452929496765137,0.9153870629068683
COHFACE_s29_session0_lamp,65,51,66.7,1.8700681924819946,0.9934540914475949
COHFACE_s29_session0_lamp,65,52,66.73333333333333,1.5545258522033691,1.0328044600066897
COHFACE_s29_session0_lamp,65,53,66.76666666666667,1.3370226621627808,1.004663474585363
COHFACE_s29_session0_lamp,65,54,66.8,1.276171326637268,0.8930289601249124
COHFACE_s29_session0_lamp,65,55,66.83333333333333,1.2230582237243652,0.7033643566294989
COHFACE_s29_session0_lamp,65,56,66.86666666666666,1.0279964208602905,0.46356855722858836
COHFACE_s29_session0_lamp,65,57,66.9,0.7978449463844299,0.2149852375450451
COHFACE_s29_session0_lamp,65,58,66.93333333333334,0.6548256278038025,-0.0031478604821201118
COHFACE_s29_session0_lamp,65,59,66.96666666666667,0.5505082607269287,-0.16849978445309458
COHFACE_s29_session0_lamp,65,60,67.0,0.4064885079860687,-0.2829535339181027
COHFACE_s29_session0_lamp,65,61,67.03333333333333,0.20634904503822327,-0.36961482707382337
COHFACE_s29_session0_lamp,65,62,67.06666666666666,-0.011354207992553711,-0.4612360532667309
COHFACE_s29_session0_lamp,65,63,67.1,-0.2089359015226364,-0.5850563468229154
COHFACE_s29_session0_lamp,65,64,67.13333333333334,-0.36834558844566345,-0.7502618586154717
COHFACE_s29_session0_lamp,65,65,67.16666666666667,-0.47670242190361023,-0.9430933012701267
COHFACE_s29_session0_lamp,65,66,67.2,-0.5445836186408997,-1.1314887961021542
COHFACE_s29_session0_lamp,65,67,67.23333333333333,-0.5914293527603149,-1.277234163470924
COHFACE_s29_session0_lamp,65,68,67.26666666666667,-0.6339004039764404,-1.3503960424083419
COHFACE_s29_session0_lamp,65,69,67.3,-0.6819249987602234,-1.3396105565523004
COHFACE_s29_session0_lamp,65,70,67.33333333333333,-0.7350218892097473,-1.2533663236076824
COHFACE_s29_session0_lamp,65,71,67.36666666666666,-0.7994909286499023,-1.1117856227647902
COHFACE_s29_session0_lamp,65,72,67.4,-0.8624025583267212,-0.9338905298521165
COHFACE_s29_session0_lamp,65,73,67.43333333333334,-0.9057171940803528,-0.7281785846660579
COHFACE_s29_session0_lamp,65,74,67.46666666666667,-0.9401201009750366,-0.4920330837966231
COHFACE_s29_session0_lamp,65,75,67.5,-0.9666009545326233,-0.21981026096352999
COHFACE_s29_session0_lamp,65,76,67.53333333333333,-0.9901833534240723,0.08582697756222785
COHFACE_s29_session0_lamp,65,77,67.56666666666666,-1.017248272895813,0.4067015116225232
COHFACE_s29_session0_lamp,65,78,67.6,-0.9950393438339233,0.7109962973898145
COHFACE_s29_session0_lamp,65,79,67.63333333333334,-0.5240564942359924,0.9636331510484465
COHFACE_s29_session0_lamp,65,80,67.66666666666667,0.6637535095214844,1.1390825349803206
COHFACE_s29_session0_lamp,65,81,67.7,1.7876406908035278,1.2291005490716218
COHFACE_s29_session0_lamp,65,82,67.73333333333333,2.131578207015991,1.2419447523759628
COHFACE_s29_session0_lamp,65,83,67.76666666666667,1.9224838018417358,1.195422690494358
COHFACE_s29_session0_lamp,65,84,67.8,1.68388032913208,1.1090008628989183
COHFACE_s29_session0_lamp,65,85,67.83333333333333,1.6092936992645264,0.9990582772408011
COHFACE_s29_session0_lamp,65,86,67.86666666666666,1.6241320371627808,0.8779756678802979
COHFACE_s29_session0_lamp,65,87,67.9,1.5362699031829834,0.754928013892988
COHFACE_s29_session0_lamp,65,88,67.93333333333334,1.2533459663391113,0.6359453676266658
COHFACE_s29_session0_lamp,65,89,67.96666666666667,0.9356784820556641,0.5225949948792379
COHFACE_s29_session0_lamp,65,90,68.0,0.722425639629364,0.41071603382356875
COHFACE_s29_session0_lamp,65,91,68.03333333333333,0.5772486925125122,0.29134753258398927
COHFACE_s29_session0_lamp,65,92,68.06666666666666,0.4185311794281006,0.15472701281281356
COHFACE_s29_session0_lamp,65,93,68.1,0.22002477943897247,-0.0040500906982067954
COHFACE_s29_session0_lamp,65,94,68.13333333333334,0.0041438802145421505,-0.18075532638296382
COHFACE_s29_session0_lamp,65,95,68.16666666666667,-0.18561306595802307,-0.3618737526074529
COHFACE_s29_session0_lamp,65,96,68.2,-0.32937324047088623,-0.5290270062485244
COHFACE_s29_session0_lamp,65,97,68.23333333333333,-0.4387737214565277,-0.6658264491775817
COHFACE_s29_session0_lamp,65,98,68.26666666666667,-0.5184217691421509,-0.7638631588394582
COHFACE_s29_session0_lamp,65,99,68.3,-0.5846698880195618,-0.8251449702624393
COHFACE_s29_session0_lamp,65,100,68.33333333333333,-0.6500149369239807,-0.8600002487420393
COHFACE_s29_session0_lamp,65,101,68.36666666666666,-0.7146137356758118,-0.881540104134418
COHFACE_s29_session0_lamp,65,102,68.4,-0.7719447612762451,-0.8993666172116965
COHFACE_s29_session0_lamp,65,103,68.43333333333334,-0.8349158763885498,-0.915412834936489
COHFACE_s29_session0_lamp,65,104,68.46666666666667,-0.900212287902832,-0.9233811825437045
COHFACE_s29_session0_lamp,65,105,68.5,-0.9557317495346069,-0.9112621165404458
COHFACE_s29_session0_lamp,65,106,68.53333333333333,-0.9981703162193298,-0.8652019447712815
COHFACE_s29_session0_lamp,65,107,68.56666666666666,-1.026879072189331,-0.7731001461542173
COHFACE_s29_session0_lamp,65,108,68.6,-1.0446321964263916,-0.6273762966237365
COHFACE_s29_session0_lamp,65,109,68.63333333333334,-1.0558149814605713,-0.4272551684041508
COHFACE_s29_session0_lamp,65,110,68.66666666666667,-1.0663435459136963,-0.18080526911823397
COHFACE_s29_session0_lamp,65,111,68.7,-1.0891309976577759,0.09396654636443556
COHFACE_s29_session0_lamp,65,112,68.73333333333333,-1.04837965965271,0.37045871037844397
COHFACE_s29_session0_lamp,65,113,68.76666666666667,-0.46908316016197205,0.6183392573023995
COHFACE_s29_session0_lamp,65,114,68.8,0.8121209740638733,0.8111905199589179
COHFACE_s29_session0_lamp,65,115,68.83333333333333,1.8980848789215088,0.9342878869507655
COHFACE_s29_session0_lamp,65,116,68.86666666666666,2.150547981262207,0.9893004356808235
COHFACE_s29_session0_lamp,65,117,68.9,1.9081753492355347,0.9935144857973361
COHFACE_s29_session0_lamp,65,118,68.93333333333334,1.6955552101135254,0.9728800629837306
COHFACE_s29_session0_lamp,65,119,68.96666666666667,1.6640129089355469,0.950716096017524
COHFACE_s29_session0_lamp,65,120,69.0,1.6818362474441528,0.9366798195629497
COHFACE_s29_session0_lamp,65,121,69.03333333333333,1.5611176490783691,0.9216580204472221
COHFACE_s29_session0_lamp,65,122,69.06666666666666,1.237090826034546,0.8820525083209187
COHFACE_s29_session0_lamp,65,123,69.1,0.8985068202018738,0.7921709164397025
COHFACE_s29_session0_lamp,65,124,69.13333333333334,0.692197322845459,0.6385907478432428
COHFACE_s29_session0_lamp,65,125,69.16666666666667,0.5540610551834106,0.4287274612083551
COHFACE_s29_session0_lamp,65,126,69.2,0.3877350687980652,0.18899729639697968
COHFACE_s29_session0_lamp,65,127,69.23333333333333,0.18293426930904388,-0.046133936801998954
COHFACE_s29_session0_lamp,65,128,69.26666666666667,-0.033817242830991745,-0.24801856895847882
COHFACE_s29_session0_lamp,65,129,69.3,-0.21886418759822845,-0.4033600605907501
COHFACE_s29_session0_lamp,65,130,69.33333333333333,-0.3588715195655823,-0.5154178322664997
COHFACE_s29_session0_lamp,65,131,69.36666666666666,-0.47663211822509766,-0.5978421967346195
COHFACE_s29_session0_lamp,65,132,69.4,-0.5632883906364441,-0.6654917649221155
COHFACE_s29_session0_lamp,65,133,69.43333333333334,-0.6287469863891602,-0.7271215761729498
COHFACE_s29_session0_lamp,65,134,69.46666666666667,-0.696071207523346,-0.7829327597994901
COHFACE_s29_session0_lamp,65,135,69.5,-0.7553814053535461,-0.8269684086805892
COHFACE_s29_session0_lamp,65,136,69.53333333333333,-0.8134532570838928,-0.8518591056216854
COHFACE_s29_session0_lamp,65,137,69.56666666666666,-0.8776518702507019,-0.8527815916708303
COHFACE_s29_session0_lamp,65,138,69.6,-0.9414395689964294,-0.8288721081816889
COHFACE_s29_session0_lamp,65,139,69.63333333333334,-0.996548056602478,-0.7823499316951753
COHFACE_s29_session0_lamp,65,140,69.66666666666667,-1.0373860597610474,-0.7167079206168582
COHFACE_s29_session0_lamp,65,141,69.7,-1.070312738418579,-0.6352071452979776
COHFACE_s29_session0_lamp,65,142,69.73333333333333,-1.0991458892822266,-0.540139005643617
COHFACE_s29_session0_lamp,65,143,69.76666666666667,-1.1201056241989136,-0.4326361398041341
COHFACE_s29_session0_lamp,65,144,69.8,-1.1212844848632812,-0.31266656681433624
COHFACE_s29_session0_lamp,65,145,69.83333333333333,-1.1182291507720947,-0.17904835044291267
COHFACE_s29_session0_lamp,65,146,69.86666666666666,-1.1214250326156616,-0.02952636198381966
COHFACE_s29_session0_lamp,65,147,69.9,-1.138999581336975,0.13883736384732073
COHFACE_s29_session0_lamp,65,148,69.93333333333334,-1.1209924221038818,0.3284668337755023
COHFACE_s29_session0_lamp,65,149,69.96666666666667,-0.6839420199394226,0.538798653668992
COHFACE_s29_session0_lamp,65,150,70.0,0.5016346573829651,0.7627059149974497
COHFACE_s29_session0_lamp,65,151,70.03333333333333,1.6957931518554688,0.9833577455504001
COHFACE_s29_session0_lamp,65,152,70.06666666666666,2.114809274673462,1.1743707215134214
COHFACE_s29_session0_lamp,65,153,70.1,1.9271072149276733,1.3055270416991074
COHFACE_s29_session0_lamp,65,154,70.13333333333334,1.6833773851394653,1.3530771695122936
COHFACE_s29_session0_lamp,65,155,70.16666666666667,1.6095640659332275,1.3098105926451493
COHFACE_s29_session0_lamp,65,156,70.2,1.6304265260696411,1.188757230484885
COHFACE_s29_session0_lamp,65,157,70.23333333333333,1.5545529127120972,1.0172980044011335
COHFACE_s29_session0_lamp,65,158,70.26666666666667,1.2672380208969116,0.8244481187565413
COHFACE_s29_session0_lamp,65,159,70.3,0.9310333728790283,0.6286120524106599
COHFACE_s29_session0_lamp,65,160,70.33333333333333,0.7159906029701233,0.43250638089962734
COHFACE_s29_session0_lamp,65,161,70.36666666666666,0.5740257501602173,0.22724934714148626
COHFACE_s29_session0_lamp,65,162,70.4,0.4088245928287506,0.0023820690993083295
COHFACE_s29_session0_lamp,65,163,70.43333333333334,0.20840391516685486,-0.2442122172314545
COHFACE_s29_session0_lamp,65,164,70.46666666666667,0.003808611072599888,-0.5016651105673867
COHFACE_s29_session0_lamp,65,165,70.5,-0.18215222656726837,-0.7484436182534647
COHFACE_s29_session0_lamp,65,166,70.53333333333333,-0.33424004912376404,-0.9595007802121548
COHFACE_s29_session0_lamp,65,167,70.56666666666666,-0.45042163133621216,-1.1141590330995024
COHFACE_s29_session0_lamp,65,168,70.6,-0.5374943017959595,-1.2013747088065654
COHFACE_s29_session0_lamp,65,169,70.63333333333334,-0.6083226203918457,-1.2212715019796763
COHFACE_s29_session0_lamp,65,170,70.66666666666667,-0.6659942865371704,-1.183707240108129
COHFACE_s29_session0_lamp,65,171,70.7,-0.7206972241401672,-1.1052510222998244
COHFACE_s29_session0_lamp,65,172,70.73333333333333,-0.776660144329071,-1.005467039862105
COHFACE_s29_session0_lamp,65,173,70.76666666666667,-0.8353268504142761,-0.9027491739277176
COHFACE_s29_session0_lamp,65,174,70.8,-0.8893484473228455,-0.8099338399673763
COHFACE_s29_session0_lamp,65,175,70.83333333333333,-0.9404013156890869,-0.7304461752822996
COHFACE_s29_session0_lamp,65,176,70.86666666666666,-0.9874362945556641,-0.6562641586429093
COHFACE_s29_session0_lamp,65,177,70.9,-1.017605185508728,-0.5691556512236828
COHFACE_s29_session0_lamp,65,178,70.93333333333334,-1.0337196588516235,-0.4461398117185792
COHFACE_s29_session0_lamp,65,179,70.96666666666667,-1.0500884056091309,-0.2685616777523895
COHFACE_s29_session0_lamp,65,180,71.0,-1.0572047233581543,-0.031827981511309465
COHFACE_s29_session0_lamp,65,181,71.03333333333333,-1.0532301664352417,0.2488230776589156
COHFACE_s29_session0_lamp,65,182,71.06666666666666,-1.0599734783172607,0.5405773088013216
COHFACE_s29_session0_lamp,65,183,71.1,-1.0701180696487427,0.804042641944525
COHFACE_s29_session0_lamp,65,184,71.13333333333334,-1.0389758348464966,1.0087505202401694
COHFACE_s29_session0_lamp,65,185,71.16666666666667,-0.5893420577049255,1.1452479551492052
COHFACE_s29_session0_lamp,65,186,71.2,0.5576841235160828,1.2263802850867034
COHFACE_s29_session0_lamp,65,187,71.23333333333333,1.6604816913604736,1.2760793293354358
COHFACE_s29_session0_lamp,65,188,71.26666666666667,2.0075771808624268,1.3122900996778957
COHFACE_s29_session0_lamp,65,189,71.3,1.798688292503357,1.334996896424148
COHFACE_s29_session0_lamp,65,190,71.33333333333333,1.5197985172271729,1.3264312231456195
COHFACE_s29_session0_lamp,65,191,71.36666666666666,1.4040170907974243,1.262179747896965
COHFACE_s29_session0_lamp,65,192,71.4,1.402578592300415,1.12564297572715
COHFACE_s29_session0_lamp,65,193,71.43333333333334,1.3008947372436523,0.9174732906672695
COHFACE_s29_session0_lamp,65,194,71.46666666666667,1.0399688482284546,0.6557922893413237
COHFACE_s29_session0_lamp,65,195,71.5,0.8169228434562683,0.3687502089122162
COHFACE_s29_session0_lamp,65,196,71.53333333333333,0.6971722841262817,0.08458926451416915
COHFACE_s29_session0_lamp,65,197,71.56666666666666,0.5850085616111755,-0.1757021309242085
COHFACE_s29_session0_lamp,65,198,71.6,0.4256313145160675,-0.4009484116754061
COHFACE_s29_session0_lamp,65,199,71.63333333333334,0.23589058220386505,-0.5885762878968318
COHFACE_s29_session0_lamp,65,200,71.66666666666667,0.04396520555019379,-0.7420017346720841
COHFACE_s29_session0_lamp,65,201,71.7,-0.13849693536758423,-0.8683319911090145
COHFACE_s29_session0_lamp,65,202,71.73333333333333,-0.28567469120025635,-0.9765967733388777
COHFACE_s29_session0_lamp,65,203,71.76666666666667,-0.38649338483810425,-1.0755669538604538
COHFACE_s29_session0_lamp,65,204,71.8,-0.45873305201530457,-1.1702290437959637
COHFACE_s29_session0_lamp,65,205,71.83333333333333,-0.522315263748169,-1.2573282653821476
COHFACE_s29_session0_lamp,65,206,71.86666666666666,-0.5768721699714661,-1.3222999404223976
COHFACE_s29_session0_lamp,65,207,71.9,-0.6293147802352905,-1.3407340364405396
COHFACE_s29_session0_lamp,65,208,71.93333333333334,-0.689365804195404,-1.2860561432206674
COHFACE_s29_session0_lamp,65,209,71.96666666666667,-0.7453665733337402,-1.1417955170836787
COHFACE_s29_session0_lamp,65,210,72.0,-0.7974792718887329,-0.9132901595434936
COHFACE_s29_session0_lamp,65,211,72.03333333333333,-0.8507546782493591,-0.6319249756604542
COHFACE_s29_session0_lamp,65,212,72.06666666666666,-0.8925930261611938,-0.3467540604848702
COHFACE_s29_session0_lamp,65,213,72.1,-0.9324522018432617,-0.10448416406656925
COHFACE_s29_session0_lamp,65,214,72.13333333333334,-0.9797738194465637,0.07291011300339449
COHFACE_s29_session0_lamp,65,215,72.16666666666667,-0.9907457232475281,0.1995105163221736
COHFACE_s29_session0_lamp,65,216,72.2,-0.6627821922302246,0.3170170220225515
COHFACE_s29_session0_lamp,65,217,72.23333333333333,0.37115007638931274,0.46935803583315944
COHFACE_s29_session0_lamp,65,218,72.26666666666667,1.5233891010284424,0.674478043678969
COHFACE_s29_session0_lamp,65,219,72.3,1.9818264245986938,0.9105184797205106
COHFACE_s29_session0_lamp,65,220,72.33333333333333,1.820378065109253,1.1251087220096763
COHFACE_s29_session0_lamp,65,221,72.36666666666666,1.5420506000518799,1.2619046553622364
COHFACE_s29_session0_lamp,65,222,72.4,1.397403597831726,1.2876208731200143
COHFACE_s29_session0_lamp,65,223,72.43333333333334,1.3637253046035767,1.2034435329487954
COHFACE_s29_session0_lamp,65,224,72.46666666666667,1.2790859937667847,1.0369904641118945
COHFACE_s29_session0_lamp,65,225,72.5,1.0255467891693115,0.8242949266552072
COHFACE_s29_session0_lamp,65,226,72.53333333333333,0.747527539730072,0.5949942206246062
COHFACE_s29_session0_lamp,65,227,72.56666666666666,0.5734471678733826,0.3679192045097773
COHFACE_s29_session0_lamp,65,228,72.6,0.446477472782135,0.1551969707983051
COHFACE_s29_session0_lamp,65,229,72.63333333333334,0.29570910334587097,-0.03229104898912811
COHFACE_s29_session0_lamp,65,230,72.66666666666667,0.10304287821054459,-0.18362194561895767
COHFACE_s29_session0_lamp,65,231,72.7,-0.10811180621385574,-0.29096504867963613
COHFACE_s29_session0_lamp,65,232,72.73333333333333,-0.2943754494190216,-0.35363500206359155
COHFACE_s29_session0_lamp,65,233,72.76666666666667,-0.43413403630256653,-0.3793765522089483
COHFACE_s29_session0_lamp,65,234,72.8,-0.5348175168037415,-0.3816988192078341
COHFACE_s29_session0_lamp,65,235,72.83333333333333,-0.6050780415534973,-0.3748639848935316
COHFACE_s29_session0_lamp,65,236,72.86666666666666,-0.6551899909973145,-0.3691638858408013
COHFACE_s29_session0_lamp,65,237,72.9,-0.7043285369873047,-0.368392785955861
COHFACE_s29_session0_lamp,65,238,72.93333333333334,-0.756100594997406,-0.37002559629696474
COHFACE_s29_session0_lamp,65,239,72.96666666666667,-0.814913272857666,-0.3673466381168659
COHFACE_s29_session0_lamp,66,0,66.0,-0.2177610546350479,-0.1525917502410308
COHFACE_s29_session0_lamp,66,1,66.03333333333333,-0.33741429448127747,-0.00971921018031473
COHFACE_s29_session0_lamp,66,2,66.06666666666666,-0.4291698932647705,0.09037932723296084
COHFACE_s29_session0_lamp,66,3,66.1,-0.49408233165740967,0.12120928612471776
COHFACE_s29_session0_lamp,66,4,66.13333333333334,-0.5468601584434509,0.08513122973784848
COHFACE_s29_session0_lamp,66,5,66.16666666666667,-0.6045643091201782,0.01388693589589354
COHFACE_s29_session0_lamp,66,6,66.2,-0.6683952808380127,-0.04335613062311549
COHFACE_s29_session0_lamp,66,7,66.23333333333333,-0.7323018908500671,-0.040498883753050406
COHFACE_s29_session0_lamp,66,8,66.26666666666667,-0.791904091835022,0.04510330525993626
COHFACE_s29_session0_lamp,66,9,66.3,-0.8358946442604065,0.2019818373980425
COHFACE_s29_session0_lamp,66,10,66.33333333333333,-0.8653172254562378,0.3892959706514764
COHFACE_s29_session0_lamp,66,11,66.36666666666666,-0.8934095501899719,0.5550133065977775
COHFACE_s29_session0_lamp,66,12,66.4,-0.9157103300094604,0.6580283656419819
COHFACE_s29_session0_lamp,66,13,66.43333333333334,-0.9189386963844299,0.6827726648106384
COHFACE_s29_session0_lamp,66,14,66.46666666666667,-0.9140069484710693,0.6406413805332443
COHFACE_s29_session0_lamp,66,15,66.5,-0.9199606776237488,0.5608542463529145
COHFACE_s29_session0_lamp,66,16,66.53333333333333,-0.9291751980781555,0.47768799531056433
COHFACE_s29_session0_lamp,66,17,66.56666666666666,-0.7301713228225708,0.41999319534982815
COHFACE_s29_session0_lamp,66,18,66.6,0.13892748951911926,0.4050269323008345
COHFACE_s29_session0_lamp,66,19,66.63333333333334,1.3227250576019287,0.4355126200260268
COHFACE_s29_session0_lamp,66,20,66.66666666666667,1.9452929496765137,0.49869108952491187
COHFACE_s29_session0_lamp,66,21,66.7,1.8700681924819946,0.5678994344295288
COHFACE_s29_session0_lamp,66,22,66.73333333333333,1.5545258522033691,0.6083348468879857
COHFACE_s29_session0_lamp,66,23,66.76666666666667,1.3370226621627808,0.587391602012438
COHFACE_s29_session0_lamp,66,24,66.8,1.276171326637268,0.48664346511561407
COHFACE_s29_session0_lamp,66,25,66.83333333333333,1.2230582237243652,0.31000365623619
COHFACE_s29_session0_lamp,66,26,66.86666666666666,1.0279964208602905,0.08344691765471374
COHFACE_s29_session0_lamp,66,27,66.9,0.7978449463844299,-0.1543369178716726
COHFACE_s29_session0_lamp,66,28,66.93333333333334,0.6548256278038025,-0.3662641645447657
COHFACE_s29_session0_lamp,66,29,66.96666666666667,0.5505082607269287,-0.529591493695849
COHFACE_s29_session0_lamp,66,30,67.0,0.4064885079860687,-0.6418245854434916
COHFACE_s29_session0_lamp,66,31,67.03333333333333,0.20634904503822327,-0.7182115815889779
COHFACE_s29_session0_lamp,66,32,67.06666666666666,-0.011354207992553711,-0.7827117500247621
COHFACE_s29_session0_lamp,66,33,67.1,-0.2089359015226364,-0.8563709474548836
COHFACE_s29_session0_lamp,66,34,67.13333333333334,-0.36834558844566345,-0.9474657941086716
COHFACE_s29_session0_lamp,66,35,67.16666666666667,-0.47670242190361023,-1.04697234001696
COHFACE_s29_session0_lamp,66,36,67.2,-0.5445836186408997,-1.1312478927518166
COHFACE_s29_session0_lamp,66,37,67.23333333333333,-0.5914293527603149,-1.1712657027014173
COHFACE_s29_session0_lamp,66,38,67.26666666666667,-0.6339004039764404,-1.1447390323172089
COHFACE_s29_session0_lamp,66,39,67.3,-0.6819249987602234,-1.045597130681987
COHFACE_s29_session0_lamp,66,40,67.33333333333333,-0.7350218892097473,-0.886042718330932
COHFACE_s29_session0_lamp,66,41,67.36666666666666,-0.7994909286499023,-0.6899463047306074
COHFACE_s29_session0_lamp,66,42,67.4,-0.8624025583267212,-0.48105633677655746
COHFACE_s29_session0_lamp,66,43,67.43333333333334,-0.9057171940803528,-0.2724861014948376
COHFACE_s29_session0_lamp,66,44,67.46666666666667,-0.9401201009750366,-0.06308649102725679
COHFACE_s29_session0_lamp,66,45,67.5,-0.9666009545326233,0.15764333853506116
COHFACE_s29_session0_lamp,66,46,67.53333333333333,-0.9901833534240723,0.3991025598704843
COHFACE_s29_session0_lamp,66,47,67.56666666666666,-1.017248272895813,0.6595050580364031
COHFACE_s29_session0_lamp,66,48,67.6,-0.9950393438339233,0.9217560368528332
COHFACE_s29_session0_lamp,66,49,67.63333333333334,-0.5240564942359924,1.157342536411744
COHFACE_s29_session0_lamp,66,50,67.66666666666667,0.6637535095214844,1.3354866726005232
COHFACE_s29_session0_lamp,66,51,67.7,1.7876406908035278,1.4323308542019018
COHFACE_s29_session0_lamp,66,52,67.73333333333333,2.131578207015991,1.4366163220302024
COHFACE_s29_session0_lamp,66,53,67.76666666666667,1.9224838018417358,1.351558892842446
COHFACE_s29_session0_lamp,66,54,67.8,1.68388032913208,1.1940364059867825
COHFACE_s29_session0_lamp,66,55,67.83333333333333,1.6092936992645264,0.9915704721228993
COHFACE_s29_session0_lamp,66,56,67.86666666666666,1.6241320371627808,0.7766686073146231
COHFACE_s29_session0_lamp,66,57,67.9,1.5362699031829834,0.5785861407597831
COHFACE_s29_session0_lamp,66,58,67.93333333333334,1.2533459663391113,0.4146808339679026
COHFACE_s29_session0_lamp,66,59,67.96666666666667,0.9356784820556641,0.2852132267285699
COHFACE_s29_session0_lamp,66,60,68.0,0.722425639629364,0.17466475159339384
COHFACE_s29_session0_lamp,66,61,68.03333333333333,0.5772486925125122,0.05973446323355377
COHFACE_s29_session0_lamp,66,62,68.06666666666666,0.4185311794281006,-0.0791417331316254
COHFACE_s29_session0_lamp,66,63,68.1,0.22002477943897247,-0.2479797477779156
COHFACE_s29_session0_lamp,66,64,68.13333333333334,0.0041438802145421505,-0.43603222313283246
COHFACE_s29_session0_lamp,66,65,68.16666666666667,-0.18561306595802307,-0.6208912541663133
COHFACE_s29_session0_lamp,66,66,68.2,-0.32937324047088623,-0.7789114191023079
COHFACE_s29_session0_lamp,66,67,68.23333333333333,-0.4387737214565277,-0.8949767368767798
COHFACE_s29_session0_lamp,66,68,68.26666666666667,-0.5184217691421509,-0.9667331611603304
COHFACE_s29_session0_lamp,66,69,68.3,-0.5846698880195618,-1.0023021568411346
COHFACE_s29_session0_lamp,66,70,68.33333333333333,-0.6500149369239807,-1.0141728866396293
COHFACE_s29_session0_lamp,66,71,68.36666666666666,-0.7146137356758118,-1.0132009795015102
COHFACE_s29_session0_lamp,66,72,68.4,-0.7719447612762451,-1.005087576394655
COHFACE_s29_session0_lamp,66,73,68.43333333333334,-0.8349158763885498,-0.9893386013285845
COHFACE_s29_session0_lamp,66,74,68.46666666666667,-0.900212287902832,-0.9596213912381268
COHFACE_s29_session0_lamp,66,75,68.5,-0.9557317495346069,-0.9047651727636119
COHFACE_s29_session0_lamp,66,76,68.53333333333333,-0.9981703162193298,-0.8104277098319081
COHFACE_s29_session0_lamp,66,77,68.56666666666666,-1.026879072189331,-0.6619487088354971
COHFACE_s29_session0_lamp,66,78,68.6,-1.0446321964263916,-0.44875323765703035
COHFACE_s29_session0_lamp,66,79,68.63333333333334,-1.0558149814605713,-0.16977277546388206
COHFACE_s29_session0_lamp,66,80,68.66666666666667,-1.0663435459136963,0.16190124637675757
COHFACE_s29_session0_lamp,66,81,68.7,-1.0891309976577759,0.5176819678291108
COHFACE_s29_session0_lamp,66,82,68.73333333333333,-1.04837965965271,0.8574781575513755
COHFACE_s29_session0_lamp,66,83,68.76666666666667,-0.46908316016197205,1.1389086825868073
COHFACE_s29_session0_lamp,66,84,68.8,0.8121209740638733,1.3287492124872742
COHFACE_s29_session0_lamp,66,85,68.83333333333333,1.8980848789215088,1.4119114358468863
COHFACE_s29_session0_lamp,66,86,68.86666666666666,2.150547981262207,1.3941778961209252
COHFACE_s29_session0_lamp,66,87,68.9,1.9081753492355347,1.2978809475311819
COHFACE_s29_session0_lamp,66,88,68.93333333333334,1.6955552101135254,1.1529021288544887
COHFACE_s29_session0_lamp,66,89,68.96666666666667,1.6640129089355469,0.9869602725514838
COHFACE_s29_session0_lamp,66,90,69.0,1.6818362474441528,0.8185071087093656
COHFACE_s29_session0_lamp,66,91,69.03333333333333,1.5611176490783691,0.6539089448845394
COHFACE_s29_session0_lamp,66,92,69.06666666666666,1.237090826034546,0.48930996767677415
COHFACE_s29_session0_lamp,66,93,69.1,0.8985068202018738,0.3163586343436927
COHFACE_s29_session0_lamp,66,94,69.13333333333334,0.692197322845459,0.1294069997594031
COHFACE_s29_session0_lamp,66,95,69.16666666666667,0.5540610551834106,-0.06913472577748635
COHFACE_s29_session0_lamp,66,96,69.2,0.3877350687980652,-0.26780639191510264
COHFACE_s29_session0_lamp,66,97,69.23333333333333,0.18293426930904388,-0.4497625804837313
COHFACE_s29_session0_lamp,66,98,69.26666666666667,-0.033817242830991745,-0.5990072192488674
COHFACE_s29_session0_lamp,66,99,69.3,-0.21886418759822845,-0.7060371982038622
COHFACE_s29_session0_lamp,66,100,69.33333333333333,-0.3588715195655823,-0.7705631358944218
COHFACE_s29_session0_lamp,66,101,69.36666666666666,-0.47663211822509766,-0.8006989617154034
COHFACE_s29_session0_lamp,66,102,69.4,-0.5632883906364441,-0.8093380866802319
COHFACE_s29_session0_lamp,66,103,69.43333333333334,-0.6287469863891602,-0.8091587565149906
COHFACE_s29_session0_lamp,66,104,69.46666666666667,-0.696071207523346,-0.8080583720084491
COHFACE_s29_session0_lamp,66,105,69.5,-0.7553814053535461,-0.8066601426539112
COHFACE_s29_session0_lamp,66,106,69.53333333333333,-0.8134532570838928,-0.7987397193681051
COHFACE_s29_session0_lamp,66,107,69.56666666666666,-0.8776518702507019,-0.7743298179339456
COHFACE_s29_session0_lamp,66,108,69.6,-0.9414395689964294,-0.724326962314971
COHFACE_s29_session0_lamp,66,109,69.63333333333334,-0.996548056602478,-0.6448126613275775
COHFACE_s29_session0_lamp,66,110,69.66666666666667,-1.0373860597610474,-0.5391670985285599
COHFACE_s29_session0_lamp,66,111,69.7,-1.070312738418579,-0.41678101392168554
COHFACE_s29_session0_lamp,66,112,69.73333333333333,-1.0991458892822266,-0.28876666444025023
COHFACE_s29_session0_lamp,66,113,69.76666666666667,-1.1201056241989136,-0.1626544389869016
COHFACE_s29_session0_lamp,66,114,69.8,-1.1212844848632812,-0.038645467242414765
COHFACE_s29_session0_lamp,66,115,69.83333333333333,-1.1182291507720947,0.0907036198785405
COHFACE_s29_session0_lamp,66,116,69.86666666666666,-1.1214250326156616,0.23706983834919396
COHFACE_s29_session0_lamp,66,117,69.9,-1.138999581336975,0.4106072357748213
COHFACE_s29_session0_lamp,66,118,69.93333333333334,-1.1209924221038818,0.6141763628233072
COHFACE_s29_session0_lamp,66,119,69.96666666666667,-0.6839420199394226,0.8396735387364321
COHFACE_s29_session0_lamp,66,120,70.0,0.5016346573829651,1.0674558382497261
COHFACE_s29_session0_lamp,66,121,70.03333333333333,1.6957931518554688,1.26892809794123
COHFACE_s29_session0_lamp,66,122,70.06666666666666,2.114809274673462,1.4121706904843578
COHFACE_s29_session0_lamp,66,123,70.1,1.9271072149276733,1.4699783254971628
COHFACE_s29_session0_lamp,66,124,70.13333333333334,1.6833773851394653,1.4281035524309627
COHFACE_s29_session0_lamp,66,125,70.16666666666667,1.6095640659332275,1.2902198118087602
COHFACE_s29_session0_lamp,66,126,70.2,1.6304265260696411,1.0768235189457565
COHFACE_s29_session0_lamp,66,127,70.23333333333333,1.5545529127120972,0.8179835999335634
COHFACE_s29_session0_lamp,66,128,70.26666666666667,1.2672380208969116,0.5430733358398735
COHFACE_s29_session0_lamp,66,129,70.3,0.9310333728790283,0.2722760412763335
COHFACE_s29_session0_lamp,66,130,70.33333333333333,0.7159906029701233,0.013520925330223596
COHFACE_s29_session0_lamp,66,131,70.36666666666666,0.5740257501602173,-0.23450536913441303
COHFACE_s29_session0_lamp,66,132,70.4,0.4088245928287506,-0.4755923211794338
COHFACE_s29_session0_lamp,66,133,70.43333333333334,0.20840391516685486,-0.7092578718800424
COHFACE_s29_session0_lamp,66,134,70.46666666666667,0.003808611072599888,-0.9272319551450263
COHFACE_s29_session0_lamp,66,135,70.5,-0.18215222656726837,-1.1144447772040094
COHFACE_s29_session0_lamp,66,136,70.53333333333333,-0.33424004912376404,-1.2536337834657278
COHFACE_s29_session0_lamp,66,137,70.56666666666666,-0.45042163133621216,-1.3312436717141636
COHFACE_s29_session0_lamp,66,138,70.6,-0.5374943017959595,-1.3420512213935687
COHFACE_s29_session0_lamp,66,139,70.63333333333334,-0.6083226203918457,-1.2908340143699224
COHFACE_s29_session0_lamp,66,140,70.66666666666667,-0.6659942865371704,-1.1908703228114659
COHFACE_s29_session0_lamp,66,141,70.7,-0.7206972241401672,-1.060264695546015
COHFACE_s29_session0_lamp,66,142,70.73333333333333,-0.776660144329071,-0.9174722821448951
COHFACE_s29_session0_lamp,66,143,70.76666666666667,-0.8353268504142761,-0.7770982946015319
COHFACE_s29_session0_lamp,66,144,70.8,-0.8893484473228455,-0.6466005041205422
COHFACE_s29_session0_lamp,66,145,70.83333333333333,-0.9404013156890869,-0.5243439940612363
COHFACE_s29_session0_lamp,66,146,70.86666666666666,-0.9874362945556641,-0.3996058748948662
COHFACE_s29_session0_lamp,66,147,70.9,-1.017605185508728,-0.2552026331132378
COHFACE_s29_session0_lamp,66,148,70.93333333333334,-1.0337196588516235,-0.07295588633095554
COHFACE_s29_session0_lamp,66,149,70.96666666666667,-1.0500884056091309,0.15885114996471572
COHFACE_s29_session0_lamp,66,150,71.0,-1.0572047233581543,0.43819394580986576
COHFACE_s29_session0_lamp,66,151,71.03333333333333,-1.0532301664352417,0.7452934247041638
COHFACE_s29_session0_lamp,66,152,71.06666666666666,-1.0599734783172607,1.0447071924495939
COHFACE_s29_session0_lamp,66,153,71.1,-1.0701180696487427,1.294335948504153
COHFACE_s29_session0_lamp,66,154,71.13333333333334,-1.0389758348464966,1.4587347084767541
COHFACE_s29_session0_lamp,66,155,71.16666666666667,-0.5893420577049255,1.521151041819703
COHFACE_s29_session0_lamp,66,156,71.2,0.5576841235160828,1.4883369207240928
COHFACE_s29_session0_lamp,66,157,71.23333333333333,1.6604816913604736,1.3854364028658648
COHFACE_s29_session0_lamp,66,158,71.26666666666667,2.0075771808624268,1.243830214291121
COHFACE_s29_session0_lamp,66,159,71.3,1.798688292503357,1.08865825589054
COHFACE_s29_session0_lamp,66,160,71.33333333333333,1.5197985172271729,0.9318560358365254
COHFACE_s29_session0_lamp,66,161,71.36666666666666,1.4040170907974243,0.7724731194835073
COHFACE_s29_session0_lamp,66,162,71.4,1.402578592300415,0.602186112062549
COHFACE_s29_session0_lamp,66,163,71.43333333333334,1.3008947372436523,0.4122220520427918
COHFACE_s29_session0_lamp,66,164,71.46666666666667,1.0399688482284546,0.19857087554733407
COHFACE_s29_session0_lamp,66,165,71.5,0.8169228434562683,-0.035760867694414236
COHFACE_s29_session0_lamp,66,166,71.53333333333333,0.6971722841262817,-0.281098821078818
COHFACE_s29_session0_lamp,66,167,71.56666666666666,0.5850085616111755,-0.5231191032921053
COHFACE_s29_session0_lamp,66,168,71.6,0.4256313145160675,-0.7458947690763563
COHFACE_s29_session0_lamp,66,169,71.63333333333334,0.23589058220386505,-0.9355993887599552
COHFACE_s29_session0_lamp,66,170,71.66666666666667,0.04396520555019379,-1.084113404482685
COHFACE_s29_session0_lamp,66,171,71.7,-0.13849693536758423,-1.1912201074946507
COHFACE_s29_session0_lamp,66,172,71.73333333333333,-0.28567469120025635,-1.2641280969725976
COHFACE_s29_session0_lamp,66,173,71.76666666666667,-0.38649338483810425,-1.31385485274639
COHFACE_s29_session0_lamp,66,174,71.8,-0.45873305201530457,-1.3492406110175337
COHFACE_s29_session0_lamp,66,175,71.83333333333333,-0.522315263748169,-1.370623477318777
COHFACE_s29_session0_lamp,66,176,71.86666666666666,-0.5768721699714661,-1.3660181955627422
COHFACE_s29_session0_lamp,66,177,71.9,-0.6293147802352905,-1.312524831017705
COHFACE_s29_session0_lamp,66,178,71.93333333333334,-0.689365804195404,-1.184247249661001
COHFACE_s29_session0_lamp,66,179,71.96666666666667,-0.7453665733337402,-0.9650407268289364
COHFACE_s29_session0_lamp,66,180,72.0,-0.7974792718887329,-0.6608075825438736
COHFACE_s29_session0_lamp,66,181,72.03333333333333,-0.8507546782493591,-0.304191660558004
COHFACE_s29_session0_lamp,66,182,72.06666666666666,-0.8925930261611938,0.05341572991905098
COHFACE_s29_session0_lamp,66,183,72.1,-0.9324522018432617,0.36141480297626644
COHFACE_s29_session0_lamp,66,184,72.13333333333334,-0.9797738194465637,0.5922159841487314
COHFACE_s29_session0_lamp,66,185,72.16666666666667,-0.9907457232475281,0.7535222282895253
COHFACE_s29_session0_lamp,66,186,72.2,-0.6627821922302246,0.8821752040200428
COHFACE_s29_session0_lamp,66,187,72.23333333333333,0.37115007638931274,1.0214110835133576
COHFACE_s29_session0_lamp,66,188,72.26666666666667,1.5233891010284424,1.1939621239178797
COHFACE_s29_session0_lamp,66,189,72.3,1.9818264245986938,1.3867564611773935
COHFACE_s29_session0_lamp,66,190,72.33333333333333,1.820378065109253,1.5557563179043505
COHFACE_s29_session0_lamp,66,191,72.36666666666666,1.5420506000518799,1.647091092953807
COHFACE_s29_session0_lamp,66,192,72.4,1.397403597831726,1.6216792779505886
COHFACE_s29_session0_lamp,66,193,72.43333333333334,1.3637253046035767,1.4703019557739279
COHFACE_s29_session0_lamp,66,194,72.46666666666667,1.2790859937667847,1.2139936797843651
COHFACE_s29_session0_lamp,66,195,72.5,1.0255467891693115,0.8936974561589341
COHFACE_s29_session0_lamp,66,196,72.53333333333333,0.747527539730072,0.5566871234471054
COHFACE_s29_session0_lamp,66,197,72.56666666666666,0.5734471678733826,0.24517677742192995
COHFACE_s29_session0_lamp,66,198,72.6,0.446477472782135,-0.01137334553713919
COHFACE_s29_session0_lamp,66,199,72.63333333333334,0.29570910334587097,-0.20086331323982723
COHFACE_s29_session0_lamp,66,200,72.66666666666667,0.10304287821054459,-0.32987540386249753
COHFACE_s29_session0_lamp,66,201,72.7,-0.10811180621385574,-0.42028925539673245
COHFACE_s29_session0_lamp,66,202,72.73333333333333,-0.2943754494190216,-0.500806405212724
COHFACE_s29_session0_lamp,66,203,72.76666666666667,-0.43413403630256653,-0.5956545196165699
COHFACE_s29_session0_lamp,66,204,72.8,-0.5348175168037415,-0.7147603745597858
COHFACE_s29_session0_lamp,66,205,72.83333333333333,-0.6050780415534973,-0.8496199927702973
COHFACE_s29_session0_lamp,66,206,72.86666666666666,-0.6551899909973145,-0.976802010190281
COHFACE_s29_session0_lamp,66,207,72.9,-0.7043285369873047,-1.0676709036355145
COHFACE_s29_session0_lamp,66,208,72.93333333333334,-0.756100594997406,-1.100202484406236
COHFACE_s29_session0_lamp,66,209,72.96666666666667,-0.814913272857666,-1.0679299313441277
COHFACE_s29_session0_lamp,66,210,73.0,-0.880215048789978,-0.9824328833261479
COHFACE_s29_session0_lamp,66,211,73.03333333333333,-0.9479989409446716,-0.8685797558312431
COHFACE_s29_session0_lamp,66,212,73.06666666666666,-1.0064764022827148,-0.7546398961614125
COHFACE_s29_session0_lamp,66,213,73.1,-1.043739914894104,-0.661253773367146
COHFACE_s29_session0_lamp,66,214,73.13333333333334,-1.0627421140670776,-0.5934634577122816
COHFACE_s29_session0_lamp,66,215,73.16666666666667,-1.072697401046753,-0.5386511644008377
COHFACE_s29_session0_lamp,66,216,73.2,-1.0868598222732544,-0.47096083281207335
COHFACE_s29_session0_lamp,66,217,73.23333333333333,-1.1117022037506104,-0.3605319931386993
COHFACE_s29_session0_lamp,66,218,73.26666666666667,-1.0773857831954956,-0.18445310322192707
COHFACE_s29_session0_lamp,66,219,73.3,-0.5267386436462402,0.06397436263504923
COHFACE_s29_session0_lamp,66,220,73.33333333333333,0.73659348487854,0.37040155131706437
COHFACE_s29_session0_lamp,66,221,73.36666666666666,1.8295493125915527,0.7004477964849316
COHFACE_s29_session0_lamp,66,222,73.4,2.0897560119628906,1.0064061461343992
COHFACE_s29_session0_lamp,66,223,73.43333333333334,1.851022720336914,1.2379902685124355
COHFACE_s29_session0_lamp,66,224,73.46666666666667,1.6394193172454834,1.354391437496847
COHFACE_s29_session0_lamp,66,225,73.5,1.6059139966964722,1.334527467287799
COHFACE_s29_session0_lamp,66,226,73.53333333333333,1.6181188821792603,1.1827503401443693
COHFACE_s29_session0_lamp,66,227,73.56666666666666,1.4909112453460693,0.92813506311163
COHFACE_s29_session0_lamp,66,228,73.6,1.1723947525024414,0.6167479742821864
COHFACE_s29_session0_lamp,66,229,73.63333333333334,0.842927873134613,0.2986180739444408
COHFACE_s29_session0_lamp,66,230,73.66666666666667,0.6420691609382629,0.014152061821987444
COHFACE_s29_session0_lamp,66,231,73.7,0.5029000043869019,-0.21415863839637597
COHFACE_s29_session0_lamp,66,232,73.73333333333333,0.33624422550201416,-0.38154941549142024
COHFACE_s29_session0_lamp,66,233,73.76666666666667,0.13493670523166656,-0.49384772787666137
COHFACE_s29_session0_lamp,66,234,73.8,-0.07341144979000092,-0.5584783940558323
COHFACE_s29_session0_lamp,66,235,73.83333333333333,-0.25734445452690125,-0.5789008195472548
COHFACE_s29_session0_lamp,66,236,73.86666666666666,-0.40447893738746643,-0.5546662403105806
COHFACE_s29_session0_lamp,66,237,73.9,-0.5124139785766602,-0.48545215138726194
COHFACE_s29_session0_lamp,66,238,73.93333333333334,-0.5887526273727417,-0.3755795415664463
COHFACE_s29_session0_lamp,66,239,73.96666666666667,-0.6488144397735596,-0.2360745868933139
COHFACE_s29_session0_lamp,67,0,67.0,0.4064885079860687,-0.18395804839079832
COHFACE_s29_session0_lamp,67,1,67.03333333333333,0.20634904503822327,0.04527194346127906
COHFACE_s29_session0_lamp,67,2,67.06666666666666,-0.011354207992553711,0.1962463175423255
COHFACE_s29_session0_lamp,67,3,67.1,-0.2089359015226364,0.21367587114271308
COHFACE_s29_session0_lamp,67,4,67.13333333333334,-0.36834558844566345,0.08677679731222311
COHFACE_s29_session0_lamp,67,5,67.16666666666667,-0.47670242190361023,-0.14748497714390327
COHFACE_s29_session0_lamp,67,6,67.2,-0.5445836186408997,-0.4185270144251961
COHFACE_s29_session0_lamp,67,7,67.23333333333333,-0.5914293527603149,-0.6486933031423678
COHFACE_s29_session0_lamp,67,8,67.26666666666667,-0.6339004039764404,-0.7812015382867483
COHFACE_s29_session0_lamp,67,9,67.3,-0.6819249987602234,-0.797338336717124
COHFACE_s29_session0_lamp,67,10,67.33333333333333,-0.7350218892097473,-0.715702577790628
COHFACE_s29_session0_lamp,67,11,67.36666666666666,-0.7994909286499023,-0.5751652165605079
COHFACE_s29_session0_lamp,67,12,67.4,-0.8624025583267212,-0.4115220967639795
COHFACE_s29_session0_lamp,67,13,67.43333333333334,-0.9057171940803528,-0.24072716061018462
COHFACE_s29_session0_lamp,67,14,67.46666666666667,-0.9401201009750366,-0.05705104479918944
COHFACE_s29_session0_lamp,67,15,67.5,-0.9666009545326233,0.15448611536678136
COHFACE_s29_session0_lamp,67,16,67.53333333333333,-0.9901833534240723,0.40011439619214706
COHFACE_s29_session0_lamp,67,17,67.56666666666666,-1.017248272895813,0.6652108283310788
COHFACE_s29_session0_lamp,67,18,67.6,-0.9950393438339233,0.9155479801075465
COHFACE_s29_session0_lamp,67,19,67.63333333333334,-0.5240564942359924,1.110894074589846
COHFACE_s29_session0_lamp,67,20,67.66666666666667,0.6637535095214844,1.22204484714969
COHFACE_s29_session0_lamp,67,21,67.7,1.7876406908035278,1.2405728493763224
COHFACE_s29_session0_lamp,67,22,67.73333333333333,2.131578207015991,1.1766258256881528
COHFACE_s29_session0_lamp,67,23,67.76666666666667,1.9224838018417358,1.048732822073912
COHFACE_s29_session0_lamp,67,24,67.8,1.68388032913208,0.8739968928631587
COHFACE_s29_session0_lamp,67,25,67.83333333333333,1.6092936992645264,0.6649186901654256
COHFACE_s29_session0_lamp,67,26,67.86666666666666,1.6241320371627808,0.43271195493467507
COHFACE_s29_session0_lamp,67,27,67.9,1.5362699031829834,0.19176034120067317
COHFACE_s29_session0_lamp,67,28,67.93333333333334,1.2533459663391113,-0.0400580380347295
COHFACE_s29_session0_lamp,67,29,67.96666666666667,0.9356784820556641,-0.2461204075984203
COHFACE_s29_session0_lamp,67,30,68.0,0.722425639629364,-0.41720070816862104
COHFACE_s29_session0_lamp,67,31,68.03333333333333,0.5772486925125122,-0.5539766052504951
COHFACE_s29_session0_lamp,67,32,68.06666666666666,0.4185311794281006,-0.6638056049745972
COHFACE_s29_session0_lamp,67,33,68.1,0.22002477943897247,-0.7540998708748192
COHFACE_s29_session0_lamp,67,34,68.13333333333334,0.0041438802145421505,-0.8269129366079893
COHFACE_s29_session0_lamp,67,35,68.16666666666667,-0.18561306595802307,-0.8781876669304594
COHFACE_s29_session0_lamp,67,36,68.2,-0.32937324047088623,-0.9016192073724045
COHFACE_s29_session0_lamp,67,37,68.23333333333333,-0.4387737214565277,-0.893975188634058
COHFACE_s29_session0_lamp,67,38,68.26666666666667,-0.5184217691421509,-0.8582043503071545
COHFACE_s29_session0_lamp,67,39,68.3,-0.5846698880195618,-0.8025960252344312
COHFACE_s29_session0_lamp,67,40,68.33333333333333,-0.6500149369239807,-0.7369551343056727
COHFACE_s29_session0_lamp,67,41,68.36666666666666,-0.7146137356758118,-0.6684402930743115
COHFACE_s29_session0_lamp,67,42,68.4,-0.7719447612762451,-0.5994222184388063
COHFACE_s29_session0_lamp,67,43,68.43333333333334,-0.8349158763885498,-0.5279589191546675
COHFACE_s29_session0_lamp,67,44,68.46666666666667,-0.900212287902832,-0.4496091087523325
COHFACE_s29_session0_lamp,67,45,68.5,-0.9557317495346069,-0.3586308953795574
COHFACE_s29_session0_lamp,67,46,68.53333333333333,-0.9981703162193298,-0.24766205184492684
COHFACE_s29_session0_lamp,67,47,68.56666666666666,-1.026879072189331,-0.10702141475557961
COHFACE_s29_session0_lamp,67,48,68.6,-1.0446321964263916,0.07377395099497527
COHFACE_s29_session0_lamp,67,49,68.63333333333334,-1.0558149814605713,0.3005038138822013
COHFACE_s29_session0_lamp,67,50,68.66666666666667,-1.0663435459136963,0.5662558838803367
COHFACE_s29_session0_lamp,67,51,68.7,-1.0891309976577759,0.8457828324181037
COHFACE_s29_session0_lamp,67,52,68.73333333333333,-1.04837965965271,1.097503898253117
COHFACE_s29_session0_lamp,67,53,68.76666666666667,-0.46908316016197205,1.2749932107714492
COHFACE_s29_session0_lamp,67,54,68.8,0.8121209740638733,1.3439491785651796
COHFACE_s29_session0_lamp,67,55,68.83333333333333,1.8980848789215088,1.2963478896720044
COHFACE_s29_session0_lamp,67,56,68.86666666666666,2.150547981262207,1.1540799796636234
COHFACE_s29_session0_lamp,67,57,68.9,1.9081753492355347,0.9596869949062745
COHFACE_s29_session0_lamp,67,58,68.93333333333334,1.6955552101135254,0.758771857315208
COHFACE_s29_session0_lamp,67,59,68.96666666666667,1.6640129089355469,0.582880004494587
COHFACE_s29_session0_lamp,67,60,69.0,1.6818362474441528,0.4405204524315675
COHFACE_s29_session0_lamp,67,61,69.03333333333333,1.5611176490783691,0.3191066129616761
COHFACE_s29_session0_lamp,67,62,69.06666666666666,1.237090826034546,0.19535912745849263
COHFACE_s29_session0_lamp,67,63,69.1,0.8985068202018738,0.04845060621858918
COHFACE_s29_session0_lamp,67,64,69.13333333333334,0.692197322845459,-0.1301497783388068
COHFACE_s29_session0_lamp,67,65,69.16666666666667,0.5540610551834106,-0.3337101174292983
COHFACE_s29_session0_lamp,67,66,69.2,0.3877350687980652,-0.5438453399871315
COHFACE_s29_session0_lamp,67,67,69.23333333333333,0.18293426930904388,-0.7374501591120766
COHFACE_s29_session0_lamp,67,68,69.26666666666667,-0.033817242830991745,-0.8933140371196898
COHFACE_s29_session0_lamp,67,69,69.3,-0.21886418759822845,-0.9964450015701843
COHFACE_s29_session0_lamp,67,70,69.33333333333333,-0.3588715195655823,-1.040147498145978
COHFACE_s29_session0_lamp,67,71,69.36666666666666,-0.47663211822509766,-1.0266963560231759
COHFACE_s29_session0_lamp,67,72,69.4,-0.5632883906364441,-0.9666976864548124
COHFACE_s29_session0_lamp,67,73,69.43333333333334,-0.6287469863891602,-0.8764210720862601
COHFACE_s29_session0_lamp,67,74,69.46666666666667,-0.696071207523346,-0.7729624260758163
COHFACE_s29_session0_lamp,67,75,69.5,-0.7553814053535461,-0.6685935741174449
COHFACE_s29_session0_lamp,67,76,69.53333333333333,-0.8134532570838928,-0.566737744298357
COHFACE_s29_session0_lamp,67,77,69.56666666666666,-0.8776518702507019,-0.46185928657043296
COHFACE_s29_session0_lamp,67,78,69.6,-0.9414395689964294,-0.3440026283751366
COHFACE_s29_session0_lamp,67,79,69.63333333333334,-0.996548056602478,-0.20617375971343405
COHFACE_s29_session0_lamp,67,80,69.66666666666667,-1.0373860597610474,-0.050457675143198204
COHFACE_s29_session0_lamp,67,81,69.7,-1.070312738418579,0.1113400534971569
COHFACE_s29_session0_lamp,67,82,69.73333333333333,-1.0991458892822266,0.26372274447378835
COHFACE_s29_session0_lamp,67,83,69.76666666666667,-1.1201056241989136,0.3968074623897117
COHFACE_s29_session0_lamp,67,84,69.8,-1.1212844848632812,0.5124152131448665
COHFACE_s29_session0_lamp,67,85,69.83333333333333,-1.1182291507720947,0.6218600695469297
COHFACE_s29_session0_lamp,67,86,69.86666666666666,-1.1214250326156616,0.7363095009493937
COHFACE_s29_session0_lamp,67,87,69.9,-1.138999581336975,0.8564066659399656
COHFACE_s29_session0_lamp,67,88,69.93333333333334,-1.1209924221038818,0.9686033246084792
COHFACE_s29_session0_lamp,67,89,69.96666666666667,-0.6839420199394226,1.0508689065042671
COHFACE_s29_session0_lamp,67,90,70.0,0.5016346573829651,1.0835968589476341
COHFACE_s29_session0_lamp,67,91,70.03333333333333,1.6957931518554688,1.0580892475024772
COHFACE_s29_session0_lamp,67,92,70.06666666666666,2.114809274673462,0.9778363717670215
COHFACE_s29_session0_lamp,67,93,70.1,1.9271072149276733,0.8536231357881277
COHFACE_s29_session0_lamp,67,94,70.13333333333334,1.6833773851394653,0.6971849042186365
COHFACE_s29_session0_lamp,67,95,70.16666666666667,1.6095640659332275,0.5177833544520924
COHFACE_s29_session0_lamp,67,96,70.2,1.6304265260696411,0.32279507222522097
COHFACE_s29_session0_lamp,67,97,70.23333333333333,1.5545529127120972,0.12003779122131916
COHFACE_s29_session0_lamp,67,98,70.26666666666667,1.2672380208969116,-0.08138252330326429
COHFACE_s29_session0_lamp,67,99,70.3,0.9310333728790283,-0.2730921755004675
COHFACE_s29_session0_lamp,67,100,70.33333333333333,0.7159906029701233,-0.45072140619232504
COHFACE_s29_session0_lamp,67,101,70.36666666666666,0.5740257501602173,-0.6151983356243677
COHFACE_s29_session0_lamp,67,102,70.4,0.4088245928287506,-0.7701408463917776
COHFACE_s29_session0_lamp,67,103,70.43333333333334,0.20840391516685486,-0.916507282714274
COHFACE_s29_session0_lamp,67,104,70.46666666666667,0.003808611072599888,-1.048096554434058
COHFACE_s29_session0_lamp,67,105,70.5,-0.18215222656726837,-1.151384830152222
COHFACE_s29_session0_lamp,67,106,70.53333333333333,-0.33424004912376404,-1.210385759961838
COHFACE_s29_session0_lamp,67,107,70.56666666666666,-0.45042163133621216,-1.2137985803454032
COHFACE_s29_session0_lamp,67,108,70.6,-0.5374943017959595,-1.1601621359968415
COHFACE_s29_session0_lamp,67,109,70.63333333333334,-0.6083226203918457,-1.0580136757981062
COHFACE_s29_session0_lamp,67,110,70.66666666666667,-0.6659942865371704,-0.9212914014177934
COHFACE_s29_session0_lamp,67,111,70.7,-0.7206972241401672,-0.7631146124163936
COHFACE_s29_session0_lamp,67,112,70.73333333333333,-0.776660144329071,-0.5916511953133042
COHFACE_s29_session0_lamp,67,113,70.76666666666667,-0.8353268504142761,-0.41002498180822655
COHFACE_s29_session0_lamp,67,114,70.8,-0.8893484473228455,-0.21946404368731537
COHFACE_s29_session0_lamp,67,115,70.83333333333333,-0.9404013156890869,-0.02277117021450703
COHFACE_s29_session0_lamp,67,116,70.86666666666666,-0.9874362945556641,0.17497478775265193
COHFACE_s29_session0_lamp,67,117,70.9,-1.017605185508728,0.3692990495878278
COHFACE_s29_session0_lamp,67,118,70.93333333333334,-1.0337196588516235,0.5600687440169816
COHFACE_s29_session0_lamp,67,119,70.96666666666667,-1.0500884056091309,0.7517179509969526
COHFACE_s29_session0_lamp,67,120,71.0,-1.0572047233581543,0.9479152554239877
COHFACE_s29_session0_lamp,67,121,71.03333333333333,-1.0532301664352417,1.1432888497896685
COHFACE_s29_session0_lamp,67,122,71.06666666666666,-1.0599734783172607,1.3182391965162894
COHFACE_s29_session0_lamp,67,123,71.1,-1.0701180696487427,1.4420818123333872
COHFACE_s29_session0_lamp,67,124,71.13333333333334,-1.0389758348464966,1.4845521024949644
COHFACE_s29_session0_lamp,67,125,71.16666666666667,-0.5893420577049255,1.4297118800279836
COHFACE_s29_session0_lamp,67,126,71.2,0.5576841235160828,1.283993052032486
COHFACE_s29_session0_lamp,67,127,71.23333333333333,1.6604816913604736,1.073402651100958
COHFACE_s29_session0_lamp,67,128,71.26666666666667,2.0075771808624268,0.8319298929222687
COHFACE_s29_session0_lamp,67,129,71.3,1.798688292503357,0.5884845666646483
COHFACE_s29_session0_lamp,67,130,71.33333333333333,1.5197985172271729,0.35919215304403435
COHFACE_s29_session0_lamp,67,131,71.36666666666666,1.4040170907974243,0.14733262737297637
COHFACE_s29_session0_lamp,67,132,71.4,1.402578592300415,-0.05123111445333284
COHFACE_s29_session0_lamp,67,133,71.43333333333334,1.3008947372436523,-0.2413863958581626
COHFACE_s29_session0_lamp,67,134,71.46666666666667,1.0399688482284546,-0.42454304826631467
COHFACE_s29_session0_lamp,67,135,71.5,0.8169228434562683,-0.5981379132910921
COHFACE_s29_session0_lamp,67,136,71.53333333333333,0.6971722841262817,-0.7575634731480887
COHFACE_s29_session0_lamp,67,137,71.56666666666666,0.5850085616111755,-0.8980855061911653
COHFACE_s29_session0_lamp,67,138,71.6,0.4256313145160675,-1.015299775142314
COHFACE_s29_session0_lamp,67,139,71.63333333333334,0.23589058220386505,-1.1046116714051337
COHFACE_s29_session0_lamp,67,140,71.66666666666667,0.04396520555019379,-1.1613555366732717
COHFACE_s29_session0_lamp,67,141,71.7,-0.13849693536758423,-1.1825870780071872
COHFACE_s29_session0_lamp,67,142,71.73333333333333,-0.28567469120025635,-1.1696800385660142
COHFACE_s29_session0_lamp,67,143,71.76666666666667,-0.38649338483810425,-1.1293120108074755
COHFACE_s29_session0_lamp,67,144,71.8,-0.45873305201530457,-1.0707876075443568
COHFACE_s29_session0_lamp,67,145,71.83333333333333,-0.522315263748169,-0.9999770647070038
COHFACE_s29_session0_lamp,67,146,71.86666666666666,-0.5768721699714661,-0.9130951927949891
COHFACE_s29_session0_lamp,67,147,71.9,-0.6293147802352905,-0.794977529020333
COHFACE_s29_session0_lamp,67,148,71.93333333333334,-0.689365804195404,-0.6249263876459628
COHFACE_s29_session0_lamp,67,149,71.96666666666667,-0.7453665733337402,-0.3889782718556949
COHFACE_s29_session0_lamp,67,150,72.0,-0.7974792718887329,-0.092685245427441
COHFACE_s29_session0_lamp,67,151,72.03333333333333,-0.8507546782493591,0.2337603683091268
COHFACE_s29_session0_lamp,67,152,72.06666666666666,-0.8925930261611938,0.543698438692023
COHFACE_s29_session0_lamp,67,153,72.1,-0.9324522018432617,0.7937894711601207
COHFACE_s29_session0_lamp,67,154,72.13333333333334,-0.9797738194465637,0.9650990197033503
COHFACE_s29_session0_lamp,67,155,72.16666666666667,-0.9907457232475281,1.0719993725707142
COHFACE_s29_session0_lamp,67,156,72.2,-0.6627821922302246,1.151800213225506
COHFACE_s29_session0_lamp,67,157,72.23333333333333,0.37115007638931274,1.2400818215466938
COHFACE_s29_session0_lamp,67,158,72.26666666666667,1.5233891010284424,1.3464121234190025
COHFACE_s29_session0_lamp,67,159,72.3,1.9818264245986938,1.4456898487254128
COHFACE_s29_session0_lamp,67,160,72.33333333333333,1.820378065109253,1.4905489219638588
COHFACE_s29_session0_lamp,67,161,72.36666666666666,1.5420506000518799,1.4368292521566248
COHFACE_s29_session0_lamp,67,162,72.4,1.397403597831726,1.2662679687919804
COHFACE_s29_session0_lamp,67,163,72.43333333333334,1.3637253046035767,0.9935366724392737
COHFACE_s29_session0_lamp,67,164,72.46666666666667,1.2790859937667847,0.6565345007415846
COHFACE_s29_session0_lamp,67,165,72.5,1.0255467891693115,0.2995412490338329
COHFACE_s29_session0_lamp,67,166,72.53333333333333,0.747527539730072,-0.03993025965759692
COHFACE_s29_session0_lamp,67,167,72.56666666666666,0.5734471678733826,-0.3360856879876154
COHFACE_s29_session0_lamp,67,168,72.6,0.446477472782135,-0.5740680644555841
COHFACE_s29_session0_lamp,67,169,72.63333333333334,0.29570910334587097,-0.7484851257393774
COHFACE_s29_session0_lamp,67,170,72.66666666666667,0.10304287821054459,-0.8636265710796153
COHFACE_s29_session0_lamp,67,171,72.7,-0.10811180621385574,-0.9335981224300978
COHFACE_s29_session0_lamp,67,172,72.73333333333333,-0.2943754494190216,-0.9792379043284739
COHFACE_s29_session0_lamp,67,173,72.76666666666667,-0.43413403630256653,-1.0207701425890614
COHFACE_s29_session0_lamp,67,174,72.8,-0.5348175168037415,-1.0686888964236474
COHFACE_s29_session0_lamp,67,175,72.83333333333333,-0.6050780415534973,-1.1176988156036853
COHFACE_s29_session0_lamp,67,176,72.86666666666666,-0.6551899909973145,-1.1478435414792083
COHFACE_s29_session0_lamp,67,177,72.9,-0.7043285369873047,-1.133395570339074
COHFACE_s29_session0_lamp,67,178,72.93333333333334,-0.756100594997406,-1.0555952251785745
COHFACE_s29_session0_lamp,67,179,72.96666666666667,-0.814913272857666,-0.912746538324865
COHFACE_s29_session0_lamp,67,180,73.0,-0.880215048789978,-0.722343629777682
COHFACE_s29_session0_lamp,67,181,73.03333333333333,-0.9479989409446716,-0.5140675544261021
COHFACE_s29_session0_lamp,67,182,73.06666666666666,-1.0064764022827148,-0.3172621525446517
COHFACE_s29_session0_lamp,67,183,73.1,-1.043739914894104,-0.14928961254232076
COHFACE_s29_session0_lamp,67,184,73.13333333333334,-1.0627421140670776,-0.01044299602709677
COHFACE_s29_session0_lamp,67,185,73.16666666666667,-1.072697401046753,0.11275701059111921
COHFACE_s29_session0_lamp,67,186,73.2,-1.0868598222732544,0.23885355348129894
COHFACE_s29_session0_lamp,67,187,73.23333333333333,-1.1117022037506104,0.38283001777427444
COHFACE_s29_session0_lamp,67,188,73.26666666666667,-1.0773857831954956,0.5515648837938947
COHFACE_s29_session0_lamp,67,189,73.3,-0.5267386436462402,0.7435368939901958
COHFACE_s29_session0_lamp,67,190,73.33333333333333,0.73659348487854,0.9500088236692031
COHFACE_s29_session0_lamp,67,191,73.36666666666666,1.8295493125915527,1.1550320430438135
COHFACE_s29_session0_lamp,67,192,73.4,2.0897560119628906,1.334575588894205
COHFACE_s29_session0_lamp,67,193,73.43333333333334,1.851022720336914,1.4578614212310121
COHFACE_s29_session0_lamp,67,194,73.46666666666667,1.6394193172454834,1.4936427840173627
COHFACE_s29_session0_lamp,67,195,73.5,1.6059139966964722,1.4207327881601415
COHFACE_s29_session0_lamp,67,196,73.53333333333333,1.6181188821792603,1.2380327295360243
COHFACE_s29_session0_lamp,67,197,73.56666666666666,1.4909112453460693,0.9679900372352492
COHFACE_s29_session0_lamp,67,198,73.6,1.1723947525024414,0.6505060131389936
COHFACE_s29_session0_lamp,67,199,73.63333333333334,0.842927873134613,0.3297821202716083
COHFACE_s29_session0_lamp,67,200,73.66666666666667,0.6420691609382629,0.04071386138970934
COHFACE_s29_session0_lamp,67,201,73.7,0.5029000043869019,-0.19856007748034862
COHFACE_s29_session0_lamp,67,202,73.73333333333333,0.33624422550201416,-0.385588091219195
COHFACE_s29_session0_lamp,67,203,73.76666666666667,0.13493670523166656,-0.5268487792241489
COHFACE_s29_session0_lamp,67,204,73.8,-0.07341144979000092,-0.6305911027490934
COHFACE_s29_session0_lamp,67,205,73.83333333333333,-0.25734445452690125,-0.7032298471025052
COHFACE_s29_session0_lamp,67,206,73.86666666666666,-0.40447893738746643,-0.7496639332384041
COHFACE_s29_session0_lamp,67,207,73.9,-0.5124139785766602,-0.7750123676759921
COHFACE_s29_session0_lamp,67,208,73.93333333333334,-0.5887526273727417,-0.7851994505129049
COHFACE_s29_session0_lamp,67,209,73.96666666666667,-0.6488144397735596,-0.7858063592024223
COHFACE_s29_session0_lamp,67,210,74.0,-0.7101200222969055,-0.780525714637316
COHFACE_s29_session0_lamp,67,211,74.03333333333333,-0.7725287675857544,-0.770935091407182
COHFACE_s29_session0_lamp,67,212,74.06666666666666,-0.833163857460022,-0.7579669865724428
COHFACE_s29_session0_lamp,67,213,74.1,-0.8923982977867126,-0.7436489797221464
COHFACE_s29_session0_lamp,67,214,74.13333333333334,-0.9490426182746887,-0.7310094066098219
COHFACE_s29_session0_lamp,67,215,74.16666666666667,-1.0002630949020386,-0.7211983880831951
COHFACE_s29_session0_lamp,67,216,74.2,-1.042020320892334,-0.7092721429926648
COHFACE_s29_session0_lamp,67,217,74.23333333333333,-1.0703396797180176,-0.6819193235249071
COHFACE_s29_session0_lamp,67,218,74.26666666666667,-1.0914725065231323,-0.6200337929227862
COHFACE_s29_session0_lamp,67,219,74.3,-1.1088416576385498,-0.5063617004573778
COHFACE_s29_session0_lamp,67,220,74.33333333333333,-1.1138219833374023,-0.334900312650453
COHFACE_s29_session0_lamp,67,221,74.36666666666666,-1.1084306240081787,-0.11668174372691333
COHFACE_s29_session0_lamp,67,222,74.4,-1.1156713962554932,0.12221458471929797
COHFACE_s29_session0_lamp,67,223,74.43333333333334,-1.1415141820907593,0.35041234149896305
COHFACE_s29_session0_lamp,67,224,74.46666666666667,-1.0966637134552002,0.543834572109984
COHFACE_s29_session0_lamp,67,225,74.5,-0.5142309069633484,0.6938654270405087
COHFACE_s29_session0_lamp,67,226,74.53333333333333,0.7709477543830872,0.8060618852238816
COHFACE_s29_session0_lamp,67,227,74.56666666666666,1.860091209411621,0.8902403317316808
COHFACE_s29_session0_lamp,67,228,74.6,2.1218769550323486,0.9486763997429275
COHFACE_s29_session0_lamp,67,229,74.63333333333334,1.886350393295288,0.9707864568667123
COHFACE_s29_session0_lamp,67,230,74.66666666666667,1.6720755100250244,0.938233066642584
COHFACE_s29_session0_lamp,67,231,74.7,1.6307508945465088,0.8372675847071086
COHFACE_s29_session0_lamp,67,232,74.73333333333333,1.6372400522232056,0.6704225049554992
COHFACE_s29_session0_lamp,67,233,74.76666666666667,1.508896827697754,0.4603115210244069
COHFACE_s29_session0_lamp,67,234,74.8,1.1953822374343872,0.24363167258160048
COHFACE_s29_session0_lamp,67,235,74.83333333333333,0.8711607456207275,0.05921148569281963
COHFACE_s29_session0_lamp,67,236,74.86666666666666,0.6662680506706238,-0.06392221615997526
COHFACE_s29_session0_lamp,67,237,74.9,0.5205016732215881,-0.1140813065940815
COHFACE_s29_session0_lamp,67,238,74.93333333333334,0.35094738006591797,-0.0987090663074061
COHFACE_s29_session0_lamp,67,239,74.96666666666667,0.14233967661857605,-0.04125610848713123
COHFACE_s29_session0_lamp,68,0,68.0,0.722425639629364,0.011652288986337035
COHFACE_s29_session0_lamp,68,1,68.03333333333333,0.5772486925125122,0.568533460404508
COHFACE_s29_session0_lamp,68,2,68.06666666666666,0.4185311794281006,0.9925919416068701
COHFACE_s29_session0_lamp,68,3,68.1,0.22002477943897247,1.1966231213758598
COHFACE_s29_session0_lamp,68,4,68.13333333333334,0.0041438802145421505,1.1614068390802998
COHFACE_s29_session0_lamp,68,5,68.16666666666667,-0.18561306595802307,0.9377941014382187
COHFACE_s29_session0_lamp,68,6,68.2,-0.32937324047088623,0.6227504857780415
COHFACE_s29_session0_lamp,68,7,68.23333333333333,-0.4387737214565277,0.3201013848473957
COHFACE_s29_session0_lamp,68,8,68.26666666666667,-0.5184217691421509,0.10321925142200718
COHFACE_s29_session0_lamp,68,9,68.3,-0.5846698880195618,-0.005023323865948824
COHFACE_s29_session0_lamp,68,10,68.33333333333333,-0.6500149369239807,-0.028344407244260655
COHFACE_s29_session0_lamp,68,11,68.36666666666666,-0.7146137356758118,-0.014310463217366957
COHFACE_s29_session0_lamp,68,12,68.4,-0.7719447612762451,-0.00734641234788133
COHFACE_s29_session0_lamp,68,13,68.43333333333334,-0.8349158763885498,-0.03221506574300735
COHFACE_s29_session0_lamp,68,14,68.46666666666667,-0.900212287902832,-0.0922979326166187
COHFACE_s29_session0_lamp,68,15,68.5,-0.9557317495346069,-0.17591362646902925
COHFACE_s29_session0_lamp,68,16,68.53333333333333,-0.9981703162193298,-0.2619312018069357
COHFACE_s29_session0_lamp,68,17,68.56666666666666,-1.026879072189331,-0.32203619371529
COHFACE_s29_session0_lamp,68,18,68.6,-1.0446321964263916,-0.32388149277323275
COHFACE_s29_session0_lamp,68,19,68.63333333333334,-1.0558149814605713,-0.24047947096709432
COHFACE_s29_session0_lamp,68,20,68.66666666666667,-1.0663435459136963,-0.06509938348269566
COHFACE_s29_session0_lamp,68,21,68.7,-1.0891309976577759,0.17657916883349323
COHFACE_s29_session0_lamp,68,22,68.73333333333333,-1.04837965965271,0.4271129995203333
COHFACE_s29_session0_lamp,68,23,68.76666666666667,-0.46908316016197205,0.6149369874025744
COHFACE_s29_session0_lamp,68,24,68.8,0.8121209740638733,0.6829603895202111
COHFACE_s29_session0_lamp,68,25,68.83333333333333,1.8980848789215088,0.6141645003211257
COHFACE_s29_session0_lamp,68,26,68.86666666666666,2.150547981262207,0.44030187554093814
COHFACE_s29_session0_lamp,68,27,68.9,1.9081753492355347,0.22824965566101457
COHFACE_s29_session0_lamp,68,28,68.93333333333334,1.6955552101135254,0.05075529408947354
COHFACE_s29_session0_lamp,68,29,68.96666666666667,1.6640129089355469,-0.043643417465864705
COHFACE_s29_session0_lamp,68,30,69.0,1.6818362474441528,-0.04790771418693005
COHFACE_s29_session0_lamp,68,31,69.03333333333333,1.5611176490783691,0.004975305730644518
COHFACE_s29_session0_lamp,68,32,69.06666666666666,1.237090826034546,0.059773898305454445
COHFACE_s29_session0_lamp,68,33,69.1,0.8985068202018738,0.06443011648836641
COHFACE_s29_session0_lamp,68,34,69.13333333333334,0.692197322845459,-0.008209912468965016
COHFACE_s29_session0_lamp,68,35,69.16666666666667,0.5540610551834106,-0.15136494025915942
COHFACE_s29_session0_lamp,68,36,69.2,0.3877350687980652,-0.33027013102146097
COHFACE_s29_session0_lamp,68,37,69.23333333333333,0.18293426930904388,-0.49831464846521917
COHFACE_s29_session0_lamp,68,38,69.26666666666667,-0.033817242830991745,-0.6152044636272962
COHFACE_s29_session0_lamp,68,39,69.3,-0.21886418759822845,-0.6599604265902835
COHFACE_s29_session0_lamp,68,40,69.33333333333333,-0.3588715195655823,-0.6351319742847067
COHFACE_s29_session0_lamp,68,41,69.36666666666666,-0.47663211822509766,-0.5625423453392684
COHFACE_s29_session0_lamp,68,42,69.4,-0.5632883906364441,-0.47351634342862364
COHFACE_s29_session0_lamp,68,43,69.43333333333334,-0.6287469863891602,-0.397489720708234
COHFACE_s29_session0_lamp,68,44,69.46666666666667,-0.696071207523346,-0.35256730843062045
COHFACE_s29_session0_lamp,68,45,69.5,-0.7553814053535461,-0.34046775498329973
COHFACE_s29_session0_lamp,68,46,69.53333333333333,-0.8134532570838928,-0.34685414974799617
COHFACE_s29_session0_lamp,68,47,69.56666666666666,-0.8776518702507019,-0.3468219613946314
COHFACE_s29_session0_lamp,68,48,69.6,-0.9414395689964294,-0.3143592639400462
COHFACE_s29_session0_lamp,68,49,69.63333333333334,-0.996548056602478,-0.23324633487917296
COHFACE_s29_session0_lamp,68,50,69.66666666666667,-1.0373860597610474,-0.10517788923604285
COHFACE_s29_session0_lamp,68,51,69.7,-1.070312738418579,0.04925936500790086
COHFACE_s29_session0_lamp,68,52,69.73333333333333,-1.0991458892822266,0.1983286728032388
COHFACE_s29_session0_lamp,68,53,69.76666666666667,-1.1201056241989136,0.3127012419019802
COHFACE_s29_session0_lamp,68,54,69.8,-1.1212844848632812,0.37847284816408183
COHFACE_s29_session0_lamp,68,55,69.83333333333333,-1.1182291507720947,0.4032105805723055
COHFACE_s29_session0_lamp,68,56,69.86666666666666,-1.1214250326156616,0.4122878170571133
COHFACE_s29_session0_lamp,68,57,69.9,-1.138999581336975,0.4376400456812757
COHFACE_s29_session0_lamp,68,58,69.93333333333334,-1.1209924221038818,0.5040839972731902
COHFACE_s29_session0_lamp,68,59,69.96666666666667,-0.6839420199394226,0.6185338321774714
COHFACE_s29_session0_lamp,68,60,70.0,0.5016346573829651,0.76560178435171
COHFACE_s29_session0_lamp,68,61,70.03333333333333,1.6957931518554688,0.9107338323728347
COHFACE_s29_session0_lamp,68,62,70.06666666666666,2.114809274673462,1.0102037052373622
COHFACE_s29_session0_lamp,68,63,70.1,1.9271072149276733,1.0254682312788765
COHFACE_s29_session0_lamp,68,64,70.13333333333334,1.6833773851394653,0.9372377473334592
COHFACE_s29_session0_lamp,68,65,70.16666666666667,1.6095640659332275,0.7535442456519084
COHFACE_s29_session0_lamp,68,66,70.2,1.6304265260696411,0.507671826451895
COHFACE_s29_session0_lamp,68,67,70.23333333333333,1.5545529127120972,0.24599235411300605
COHFACE_s29_session0_lamp,68,68,70.26666666666667,1.2672380208969116,0.010697102776943704
COHFACE_s29_session0_lamp,68,69,70.3,0.9310333728790283,-0.17495227536505825
COHFACE_s29_session0_lamp,68,70,70.33333333333333,0.7159906029701233,-0.312742868280236
COHFACE_s29_session0_lamp,68,71,70.36666666666666,0.5740257501602173,-0.4250120717983246
COHFACE_s29_session0_lamp,68,72,70.4,0.4088245928287506,-0.5417036300390821
COHFACE_s29_session0_lamp,68,73,70.43333333333334,0.20840391516685486,-0.6843134464876047
COHFACE_s29_session0_lamp,68,74,70.46666666666667,0.003808611072599888,-0.8536424904643959
COHFACE_s29_session0_lamp,68,75,70.5,-0.18215222656726837,-1.026921272944272
COHFACE_s29_session0_lamp,68,76,70.53333333333333,-0.33424004912376404,-1.1654187190445287
COHFACE_s29_session0_lamp,68,77,70.56666666666666,-0.45042163133621216,-1.2287866216880265
COHFACE_s29_session0_lamp,68,78,70.6,-0.5374943017959595,-1.190037870502677
COHFACE_s29_session0_lamp,68,79,70.63333333333334,-0.6083226203918457,-1.0456635351605585
COHFACE_s29_session0_lamp,68,80,70.66666666666667,-0.6659942865371704,-0.8178339321947723
COHFACE_s29_session0_lamp,68,81,70.7,-0.7206972241401672,-0.5485891786769356
COHFACE_s29_session0_lamp,68,82,70.73333333333333,-0.776660144329071,-0.28833895758300504
COHFACE_s29_session0_lamp,68,83,70.76666666666667,-0.8353268504142761,-0.08227222446654354
COHFACE_s29_session0_lamp,68,84,70.8,-0.8893484473228455,0.041656486526920236
COHFACE_s29_session0_lamp,68,85,70.83333333333333,-0.9404013156890869,0.08033701968287202
COHFACE_s29_session0_lamp,68,86,70.86666666666666,-0.9874362945556641,0.057078628917358126
COHFACE_s29_session0_lamp,68,87,70.9,-1.017605185508728,0.016449545863707032
COHFACE_s29_session0_lamp,68,88,70.93333333333334,-1.0337196588516235,0.01235886268865784
COHFACE_s29_session0_lamp,68,89,70.96666666666667,-1.0500884056091309,0.09082186664377395
COHFACE_s29_session0_lamp,68,90,71.0,-1.0572047233581543,0.27162579999113856
COHFACE_s29_session0_lamp,68,91,71.03333333333333,-1.0532301664352417,0.5358754233943152
COHFACE_s29_session0_lamp,68,92,71.06666666666666,-1.0599734783172607,0.8268204426035919
COHFACE_s29_session0_lamp,68,93,71.1,-1.0701180696487427,1.067529657246329
COHFACE_s29_session0_lamp,68,94,71.13333333333334,-1.0389758348464966,1.191106853483268
COHFACE_s29_session0_lamp,68,95,71.16666666666667,-0.5893420577049255,1.1706917264265062
COHFACE_s29_session0_lamp,68,96,71.2,0.5576841235160828,1.0329310874235667
COHFACE_s29_session0_lamp,68,97,71.23333333333333,1.6604816913604736,0.8452073643724558
COHFACE_s29_session0_lamp,68,98,71.26666666666667,2.0075771808624268,0.6824271984341899
COHFACE_s29_session0_lamp,68,99,71.3,1.798688292503357,0.5918720099499465
COHFACE_s29_session0_lamp,68,100,71.33333333333333,1.5197985172271729,0.5742319356559398
COHFACE_s29_session0_lamp,68,101,71.36666666666666,1.4040170907974243,0.5881820055509137
COHFACE_s29_session0_lamp,68,102,71.4,1.402578592300415,0.5735342154243942
COHFACE_s29_session0_lamp,68,103,71.43333333333334,1.3008947372436523,0.4801233923502074
COHFACE_s29_session0_lamp,68,104,71.46666666666667,1.0399688482284546,0.28868091009790564
COHFACE_s29_session0_lamp,68,105,71.5,0.8169228434562683,0.01573821322499105
COHFACE_s29_session0_lamp,68,106,71.53333333333333,0.6971722841262817,-0.29628599624156193
COHFACE_s29_session0_lamp,68,107,71.56666666666666,0.5850085616111755,-0.5960828825577535
COHFACE_s29_session0_lamp,68,108,71.6,0.4256313145160675,-0.8394665841735848
COHFACE_s29_session0_lamp,68,109,71.63333333333334,0.23589058220386505,-1.0000341133027433
COHFACE_s29_session0_lamp,68,110,71.66666666666667,0.04396520555019379,-1.0736008791501643
COHFACE_s29_session0_lamp,68,111,71.7,-0.13849693536758423,-1.077077973498126
COHFACE_s29_session0_lamp,68,112,71.73333333333333,-0.28567469120025635,-1.0424776196587417
COHFACE_s29_session0_lamp,68,113,71.76666666666667,-0.38649338483810425,-1.0066377043522463
COHFACE_s29_session0_lamp,68,114,71.8,-0.45873305201530457,-0.998184915268947
COHFACE_s29_session0_lamp,68,115,71.83333333333333,-0.522315263748169,-1.0250216743316696
COHFACE_s29_session0_lamp,68,116,71.86666666666666,-0.5768721699714661,-1.0671014809486459
COHFACE_s29_session0_lamp,68,117,71.9,-0.6293147802352905,-1.0792001752669038
COHFACE_s29_session0_lamp,68,118,71.93333333333334,-0.689365804195404,-1.0058764745443114
COHFACE_s29_session0_lamp,68,119,71.96666666666667,-0.7453665733337402,-0.8057161185630938
COHFACE_s29_session0_lamp,68,120,72.0,-0.7974792718887329,-0.47578673148719053
COHFACE_s29_session0_lamp,68,121,72.03333333333333,-0.8507546782493591,-0.06341123610300722
COHFACE_s29_session0_lamp,68,122,72.06666666666666,-0.8925930261611938,0.3453241718120126
COHFACE_s29_session0_lamp,68,123,72.1,-0.9324522018432617,0.6603472999635381
COHFACE_s29_session0_lamp,68,124,72.13333333333334,-0.9797738194465637,0.8303856538167749
COHFACE_s29_session0_lamp,68,125,72.16666666666667,-0.9907457232475281,0.8695334964705372
COHFACE_s29_session0_lamp,68,126,72.2,-0.6627821922302246,0.8497422424741851
COHFACE_s29_session0_lamp,68,127,72.23333333333333,0.37115007638931274,0.8606599795993359
COHFACE_s29_session0_lamp,68,128,72.26666666666667,1.5233891010284424,0.9590459100321281
COHFACE_s29_session0_lamp,68,129,72.3,1.9818264245986938,1.1376472898708483
COHFACE_s29_session0_lamp,68,130,72.33333333333333,1.820378065109253,1.3310110488787472
COHFACE_s29_session0_lamp,68,131,72.36666666666666,1.5420506000518799,1.4523241708293142
COHFACE_s29_session0_lamp,68,132,72.4,1.397403597831726,1.437229151496531
COHFACE_s29_session0_lamp,68,133,72.43333333333334,1.3637253046035767,1.269398269160194
COHFACE_s29_session0_lamp,68,134,72.46666666666667,1.2790859937667847,0.9785694390617008
COHFACE_s29_session0_lamp,68,135,72.5,1.0255467891693115,0.6202846141031128
COHFACE_s29_session0_lamp,68,136,72.53333333333333,0.747527539730072,0.25324271914222135
COHFACE_s29_session0_lamp,68,137,72.56666666666666,0.5734471678733826,-0.07529440239261202
COHFACE_s29_session0_lamp,68,138,72.6,0.446477472782135,-0.335048857559935
COHFACE_s29_session0_lamp,68,139,72.63333333333334,0.29570910334587097,-0.513936873829329
COHFACE_s29_session0_lamp,68,140,72.66666666666667,0.10304287821054459,-0.6185021883596205
COHFACE_s29_session0_lamp,68,141,72.7,-0.10811180621385574,-0.6726798837180084
COHFACE_s29_session0_lamp,68,142,72.73333333333333,-0.2943754494190216,-0.7117167072079266
COHFACE_s29_session0_lamp,68,143,72.76666666666667,-0.43413403630256653,-0.7699470514375856
COHFACE_s29_session0_lamp,68,144,72.8,-0.5348175168037415,-0.8656804397124572
COHFACE_s29_session0_lamp,68,145,72.83333333333333,-0.6050780415534973,-0.9901984406427989
COHFACE_s29_session0_lamp,68,146,72.86666666666666,-0.6551899909973145,-1.1076601556593764
COHFACE_s29_session0_lamp,68,147,72.9,-0.7043285369873047,-1.1681240928096421
COHFACE_s29_session0_lamp,68,148,72.93333333333334,-0.756100594997406,-1.1291136685981709
COHFACE_s29_session0_lamp,68,149,72.96666666666667,-0.814913272857666,-0.9760991404138142
COHFACE_s29_session0_lamp,68,150,73.0,-0.880215048789978,-0.7320824740609874
COHFACE_s29_session0_lamp,68,151,73.03333333333333,-0.9479989409446716,-0.45124635145562675
COHFACE_s29_session0_lamp,68,152,73.06666666666666,-1.0064764022827148,-0.19897418455234922
COHFACE_s29_session0_lamp,68,153,73.1,-1.043739914894104,-0.026916747380501885
COHFACE_s29_session0_lamp,68,154,73.13333333333334,-1.0627421140670776,0.04596819796430236
COHFACE_s29_session0_lamp,68,155,73.16666666666667,-1.072697401046753,0.03861722452112544
COHFACE_s29_session0_lamp,68,156,73.2,-1.0868598222732544,-0.0014820195719401005
COHFACE_s29_session0_lamp,68,157,73.23333333333333,-1.1117022037506104,-0.016495593397105424
COHFACE_s29_session0_lamp,68,158,73.26666666666667,-1.0773857831954956,0.04257519384626254
COHFACE_s29_session0_lamp,68,159,73.3,-0.5267386436462402,0.2016977547392884
COHFACE_s29_session0_lamp,68,160,73.33333333333333,0.73659348487854,0.4570012600455303
COHFACE_s29_session0_lamp,68,161,73.36666666666666,1.8295493125915527,0.775087820434679
COHFACE_s29_session0_lamp,68,162,73.4,2.0897560119628906,1.0995343485707643
COHFACE_s29_session0_lamp,68,163,73.43333333333334,1.851022720336914,1.363004331553472
COHFACE_s29_session0_lamp,68,164,73.46666666666667,1.6394193172454834,1.5039500237855583
COHFACE_s29_session0_lamp,68,165,73.5,1.6059139966964722,1.4847760275622288
COHFACE_s29_session0_lamp,68,166,73.53333333333333,1.6181188821792603,1.3054549412347818
COHFACE_s29_session0_lamp,68,167,73.56666666666666,1.4909112453460693,1.005720739720568
COHFACE_s29_session0_lamp,68,168,73.6,1.1723947525024414,0.6523648401955542
COHFACE_s29_session0_lamp,68,169,73.63333333333334,0.842927873134613,0.3151593352832404
COHFACE_s29_session0_lamp,68,170,73.66666666666667,0.6420691609382629,0.04195717852479458
COHFACE_s29_session0_lamp,68,171,73.7,0.5029000043869019,-0.15475570593022253
COHFACE_s29_session0_lamp,68,172,73.73333333333333,0.33624422550201416,-0.29368313877715985
COHFACE_s29_session0_lamp,68,173,73.76666666666667,0.13493670523166656,-0.4067359924912412
COHFACE_s29_session0_lamp,68,174,73.8,-0.07341144979000092,-0.51835818989247
COHFACE_s29_session0_lamp,68,175,73.83333333333333,-0.25734445452690125,-0.6334111825660531
COHFACE_s29_session0_lamp,68,176,73.86666666666666,-0.40447893738746643,-0.7380613375327044
COHFACE_s29_session0_lamp,68,177,73.9,-0.5124139785766602,-0.8101196579822242
COHFACE_s29_session0_lamp,68,178,73.93333333333334,-0.5887526273727417,-0.8317741210752325
COHFACE_s29_session0_lamp,68,179,73.96666666666667,-0.6488144397735596,-0.7988058142614768
COHFACE_s29_session0_lamp,68,180,74.0,-0.7101200222969055,-0.7234530162557387
COHFACE_s29_session0_lamp,68,181,74.03333333333333,-0.7725287675857544,-0.631053042112001
COHFACE_s29_session0_lamp,68,182,74.06666666666666,-0.833163857460022,-0.5524338041591159
COHFACE_s29_session0_lamp,68,183,74.1,-0.8923982977867126,-0.5145074913933961
COHFACE_s29_session0_lamp,68,184,74.13333333333334,-0.9490426182746887,-0.5311859649520999
COHFACE_s29_session0_lamp,68,185,74.16666666666667,-1.0002630949020386,-0.5966676836200118
COHFACE_s29_session0_lamp,68,186,74.2,-1.042020320892334,-0.683651853771728
COHFACE_s29_session0_lamp,68,187,74.23333333333333,-1.0703396797180176,-0.7487632522730039
COHFACE_s29_session0_lamp,68,188,74.26666666666667,-1.0914725065231323,-0.7451973046132336
COHFACE_s29_session0_lamp,68,189,74.3,-1.1088416576385498,-0.6390462884191088
COHFACE_s29_session0_lamp,68,190,74.33333333333333,-1.1138219833374023,-0.42292994391374694
COHFACE_s29_session0_lamp,68,191,74.36666666666666,-1.1084306240081787,-0.12044385104921788
COHFACE_s29_session0_lamp,68,192,74.4,-1.1156713962554932,0.22165414618699286
COHFACE_s29_session0_lamp,68,193,74.43333333333334,-1.1415141820907593,0.5510328250481811
COHFACE_s29_session0_lamp,68,194,74.46666666666667,-1.0966637134552002,0.829621119849015
COHFACE_s29_session0_lamp,68,195,74.5,-0.5142309069633484,1.0463526697506742
COHFACE_s29_session0_lamp,68,196,74.53333333333333,0.7709477543830872,1.2163325484358776
COHFACE_s29_session0_lamp,68,197,74.56666666666666,1.860091209411621,1.3665017027120685
COHFACE_s29_session0_lamp,68,198,74.6,2.1218769550323486,1.5150892487431187
COHFACE_s29_session0_lamp,68,199,74.63333333333334,1.886350393295288,1.6557125999598712
COHFACE_s29_session0_lamp,68,200,74.66666666666667,1.6720755100250244,1.754428340515356
COHFACE_s29_session0_lamp,68,201,74.7,1.6307508945465088,1.7611707390721167
COHFACE_s29_session0_lamp,68,202,74.73333333333333,1.6372400522232056,1.6299234722627882
COHFACE_s29_session0_lamp,68,203,74.76666666666667,1.508896827697754,1.3382498315073301
COHFACE_s29_session0_lamp,68,204,74.8,1.1953822374343872,0.8980518676623827
COHFACE_s29_session0_lamp,68,205,74.83333333333333,0.8711607456207275,0.35440445818791216
COHFACE_s29_session0_lamp,68,206,74.86666666666666,0.6662680506706238,-0.22512462676566042
COHFACE_s29_session0_lamp,68,207,74.9,0.5205016732215881,-0.7656384622389301
COHFACE_s29_session0_lamp,68,208,74.93333333333334,0.35094738006591797,-1.2008506329388315
COHFACE_s29_session0_lamp,68,209,74.96666666666667,0.14233967661857605,-1.4879092769693467
COHFACE_s29_session0_lamp,68,210,75.0,-0.06940444558858871,-1.618345253392364
COHFACE_s29_session0_lamp,68,211,75.03333333333333,-0.2524181604385376,-1.6204183893094732
COHFACE_s29_session0_lamp,68,212,75.06666666666666,-0.38924041390419006,-1.548705433893877
COHFACE_s29_session0_lamp,68,213,75.1,-0.49322253465652466,-1.4618470964467707
COHFACE_s29_session0_lamp,68,214,75.13333333333334,-0.5780402421951294,-1.397111984147378
COHFACE_s29_session0_lamp,68,215,75.16666666666667,-0.6444181203842163,-1.3545921205193405
COHFACE_s29_session0_lamp,68,216,75.2,-0.6981639266014099,-1.299791509320749
COHFACE_s29_session0_lamp,68,217,75.23333333333333,-0.7511526942253113,-1.1836899990414702
COHFACE_s29_session0_lamp,68,218,75.26666666666667,-0.8128314018249512,-0.9702013616633663
COHFACE_s29_session0_lamp,68,219,75.3,-0.8737422227859497,-0.6570786951191421
COHFACE_s29_session0_lamp,68,220,75.33333333333333,-0.9290724396705627,-0.2796995247951098
COHFACE_s29_session0_lamp,68,221,75.36666666666666,-0.9807309508323669,0.10366370169958501
COHFACE_s29_session0_lamp,68,222,75.4,-1.018513560295105,0.4361390574025826
COHFACE_s29_session0_lamp,68,223,75.43333333333334,-1.043026089668274,0.6821923785722216
COHFACE_s29_session0_lamp,68,224,75.46666666666667,-1.0581673383712769,0.8333607035911058
COHFACE_s29_session0_lamp,68,225,75.5,-1.0699396133422852,0.9000580831832262
COHFACE_s29_session0_lamp,68,226,75.53333333333333,-1.0716159343719482,0.8988517445390536
COHFACE_s29_session0_lamp,68,227,75.56666666666666,-1.0616822242736816,0.8457860812171788
COHFACE_s29_session0_lamp,68,228,75.6,-1.058453917503357,0.7584047686840258
COHFACE_s29_session0_lamp,68,229,75.63333333333334,-1.0711995363235474,0.6601750212983367
COHFACE_s29_session0_lamp,68,230,75.66666666666667,-1.0878115892410278,0.5794411893593194
COHFACE_s29_session0_lamp,68,231,75.7,-0.9052467346191406,0.5405245141212119
COHFACE_s29_session0_lamp,68,232,75.73333333333333,-0.07176214456558228,0.5516460185710419
COHFACE_s29_session0_lamp,68,233,75.76666666666667,1.119065284729004,0.5977810179412283
COHFACE_s29_session0_lamp,68,234,75.8,1.7985748052597046,0.6440645421039957
COHFACE_s29_session0_lamp,68,235,75.83333333333333,1.7674920558929443,0.6490378268381064
COHFACE_s29_session0_lamp,68,236,75.86666666666666,1.4810423851013184,0.5812242589779752
COHFACE_s29_session0_lamp,68,237,75.9,1.297974705696106,0.4310251668455661
COHFACE_s29_session0_lamp,68,238,75.93333333333334,1.2691415548324585,0.2135429231379748
COHFACE_s29_session0_lamp,68,239,75.96666666666667,1.2444829940795898,-0.036760172440698916
COHFACE_s29_session0_lamp,69,0,69.0,1.6818362474441528,0.019389795136499844
COHFACE_s29_session0_lamp,69,1,69.03333333333333,1.5611176490783691,0.48787942216032926
COHFACE_s29_session0_lamp,69,2,69.06666666666666,1.237090826034546,0.8492829199344377
COHFACE_s29_session0_lamp,69,3,69.1,0.8985068202018738,1.0270673555360799
COHFACE_s29_session0_lamp,69,4,69.13333333333334,0.692197322845459,0.9956218430273215
COHFACE_s29_session0_lamp,69,5,69.16666666666667,0.5540610551834106,0.7865960441534016
COHFACE_s29_session0_lamp,69,6,69.2,0.3877350687980652,0.4769048360138577
COHFACE_s29_session0_lamp,69,7,69.23333333333333,0.18293426930904388,0.1623069266636137
COHFACE_s29_session0_lamp,69,8,69.26666666666667,-0.033817242830991745,-0.07376140053432888
COHFACE_s29_session0_lamp,69,9,69.3,-0.21886418759822845,-0.1845401949260857
COHFACE_s29_session0_lamp,69,10,69.33333333333333,-0.3588715195655823,-0.16871268785291618
COHFACE_s29_session0_lamp,69,11,69.36666666666666,-0.47663211822509766,-0.061712333448315296
COHFACE_s29_session0_lamp,69,12,69.4,-0.5632883906364441,0.08403716223200763
COHFACE_s29_session0_lamp,69,13,69.43333333333334,-0.6287469863891602,0.21910942294287616
COHFACE_s29_session0_lamp,69,14,69.46666666666667,-0.696071207523346,0.308955733979747
COHFACE_s29_session0_lamp,69,15,69.5,-0.7553814053535461,0.3360688847495261
COHFACE_s29_session0_lamp,69,16,69.53333333333333,-0.8134532570838928,0.2965668899110259
COHFACE_s29_session0_lamp,69,17,69.56666666666666,-0.8776518702507019,0.19665245440494775
COHFACE_s29_session0_lamp,69,18,69.6,-0.9414395689964294,0.05125057192136288
COHFACE_s29_session0_lamp,69,19,69.63333333333334,-0.996548056602478,-0.11683309352343312
COHFACE_s29_session0_lamp,69,20,69.66666666666667,-1.0373860597610474,-0.27993886160888276
COHFACE_s29_session0_lamp,69,21,69.7,-1.070312738418579,-0.41143618174202695
COHFACE_s29_session0_lamp,69,22,69.73333333333333,-1.0991458892822266,-0.4922523946286291
COHFACE_s29_session0_lamp,69,23,69.76666666666667,-1.1201056241989136,-0.5146608251037448
COHFACE_s29_session0_lamp,69,24,69.8,-1.1212844848632812,-0.48154320399236566
COHFACE_s29_session0_lamp,69,25,69.83333333333333,-1.1182291507720947,-0.4020988587081747
COHFACE_s29_session0_lamp,69,26,69.86666666666666,-1.1214250326156616,-0.28666107037682387
COHFACE_s29_session0_lamp,69,27,69.9,-1.138999581336975,-0.14334653792001054
COHFACE_s29_session0_lamp,69,28,69.93333333333334,-1.1209924221038818,0.021842404249636738
COHFACE_s29_session0_lamp,69,29,69.96666666666667,-0.6839420199394226,0.20168914680044162
COHFACE_s29_session0_lamp,69,30,70.0,0.5016346573829651,0.38341324809327176
COHFACE_s29_session0_lamp,69,31,70.03333333333333,1.6957931518554688,0.5466526227917331
COHFACE_s29_session0_lamp,69,32,70.06666666666666,2.114809274673462,0.6665339956890115
COHFACE_s29_session0_lamp,69,33,70.1,1.9271072149276733,0.7218707347984036
COHFACE_s29_session0_lamp,69,34,70.13333333333334,1.6833773851394653,0.704706946645677
COHFACE_s29_session0_lamp,69,35,70.16666666666667,1.6095640659332275,0.6252717321991789
COHFACE_s29_session0_lamp,69,36,70.2,1.6304265260696411,0.5081309160979336
COHFACE_s29_session0_lamp,69,37,70.23333333333333,1.5545529127120972,0.3803838329262269
COHFACE_s29_session0_lamp,69,38,70.26666666666667,1.2672380208969116,0.25819806875605267
COHFACE_s29_session0_lamp,69,39,70.3,0.9310333728790283,0.13970281275803367
COHFACE_s29_session0_lamp,69,40,70.33333333333333,0.7159906029701233,0.008427141310018286
COHFACE_s29_session0_lamp,69,41,70.36666666666666,0.5740257501602173,-0.15488914579329185
COHFACE_s29_session0_lamp,69,42,70.4,0.4088245928287506,-0.3586833869212728
COHFACE_s29_session0_lamp,69,43,70.43333333333334,0.20840391516685486,-0.5921594169482083
COHFACE_s29_session0_lamp,69,44,70.46666666666667,0.003808611072599888,-0.8259699309946282
COHFACE_s29_session0_lamp,69,45,70.5,-0.18215222656726837,-1.0211910428897122
COHFACE_s29_session0_lamp,69,46,70.53333333333333,-0.33424004912376404,-1.1419815847709383
COHFACE_s29_session0_lamp,69,47,70.56666666666666,-0.45042163133621216,-1.1662513697320462
COHFACE_s29_session0_lamp,69,48,70.6,-0.5374943017959595,-1.0906331292355682
COHFACE_s29_session0_lamp,69,49,70.63333333333334,-0.6083226203918457,-0.9293912121245436
COHFACE_s29_session0_lamp,69,50,70.66666666666667,-0.6659942865371704,-0.7093951118361401
COHFACE_s29_session0_lamp,69,51,70.7,-0.7206972241401672,-0.4637441868719821
COHFACE_s29_session0_lamp,69,52,70.73333333333333,-0.776660144329071,-0.22539226756888484
COHFACE_s29_session0_lamp,69,53,70.76666666666667,-0.8353268504142761,-0.02098384750132187
COHFACE_s29_session0_lamp,69,54,70.8,-0.8893484473228455,0.13457021969558847
COHFACE_s29_session0_lamp,69,55,70.83333333333333,-0.9404013156890869,0.2412393344799046
COHFACE_s29_session0_lamp,69,56,70.86666666666666,-0.9874362945556641,0.3129890010979154
COHFACE_s29_session0_lamp,69,57,70.9,-1.017605185508728,0.3722119133731625
COHFACE_s29_session0_lamp,69,58,70.93333333333334,-1.0337196588516235,0.4407765616187026
COHFACE_s29_session0_lamp,69,59,70.96666666666667,-1.0500884056091309,0.5307458779187123
COHFACE_s29_session0_lamp,69,60,71.0,-1.0572047233581543,0.6383995812475486
COHFACE_s29_session0_lamp,69,61,71.03333333333333,-1.0532301664352417,0.7444248073095194
COHFACE_s29_session0_lamp,69,62,71.06666666666666,-1.0599734783172607,0.8211890943711636
COHFACE_s29_session0_lamp,69,63,71.1,-1.0701180696487427,0.8449358419246825
COHFACE_s29_session0_lamp,69,64,71.13333333333334,-1.0389758348464966,0.8075077516560495
COHFACE_s29_session0_lamp,69,65,71.16666666666667,-0.5893420577049255,0.721331726159792
COHFACE_s29_session0_lamp,69,66,71.2,0.5576841235160828,0.6144769698836421
COHFACE_s29_session0_lamp,69,67,71.23333333333333,1.6604816913604736,0.5180098062143169
COHFACE_s29_session0_lamp,69,68,71.26666666666667,2.0075771808624268,0.45227435219256623
COHFACE_s29_session0_lamp,69,69,71.3,1.798688292503357,0.4192050945258988
COHFACE_s29_session0_lamp,69,70,71.33333333333333,1.5197985172271729,0.403831940382295
COHFACE_s29_session0_lamp,69,71,71.36666666666666,1.4040170907974243,0.3828657530905129
COHFACE_s29_session0_lamp,69,72,71.4,1.402578592300415,0.33524805411694863
COHFACE_s29_session0_lamp,69,73,71.43333333333334,1.3008947372436523,0.2497058655632804
COHFACE_s29_session0_lamp,69,74,71.46666666666667,1.0399688482284546,0.1266940543585115
COHFACE_s29_session0_lamp,69,75,71.5,0.8169228434562683,-0.024741964815579796
COHFACE_s29_session0_lamp,69,76,71.53333333333333,0.6971722841262817,-0.19219221544871398
COHFACE_s29_session0_lamp,69,77,71.56666666666666,0.5850085616111755,-0.36382648448752186
COHFACE_s29_session0_lamp,69,78,71.6,0.4256313145160675,-0.5295602151817274
COHFACE_s29_session0_lamp,69,79,71.63333333333334,0.23589058220386505,-0.6803523378126392
COHFACE_s29_session0_lamp,69,80,71.66666666666667,0.04396520555019379,-0.8076101353045276
COHFACE_s29_session0_lamp,69,81,71.7,-0.13849693536758423,-0.9041239349997153
COHFACE_s29_session0_lamp,69,82,71.73333333333333,-0.28567469120025635,-0.9664930725326768
COHFACE_s29_session0_lamp,69,83,71.76666666666667,-0.38649338483810425,-0.9973601204595264
COHFACE_s29_session0_lamp,69,84,71.8,-0.45873305201530457,-1.0048469006259444
COHFACE_s29_session0_lamp,69,85,71.83333333333333,-0.522315263748169,-0.997549897594488
COHFACE_s29_session0_lamp,69,86,71.86666666666666,-0.5768721699714661,-0.9765270691614736
COHFACE_s29_session0_lamp,69,87,71.9,-0.6293147802352905,-0.9292593759041801
COHFACE_s29_session0_lamp,69,88,71.93333333333334,-0.689365804195404,-0.8318257992632357
COHFACE_s29_session0_lamp,69,89,71.96666666666667,-0.7453665733337402,-0.6618561388216408
COHFACE_s29_session0_lamp,69,90,72.0,-0.7974792718887329,-0.4168161403555064
COHFACE_s29_session0_lamp,69,91,72.03333333333333,-0.8507546782493591,-0.12557213299967201
COHFACE_s29_session0_lamp,69,92,72.06666666666666,-0.8925930261611938,0.15785560666617754
COHFACE_s29_session0_lamp,69,93,72.1,-0.9324522018432617,0.3794247714507129
COHFACE_s29_session0_lamp,69,94,72.13333333333334,-0.9797738194465637,0.5160578563446854
COHFACE_s29_session0_lamp,69,95,72.16666666666667,-0.9907457232475281,0.5920140654216213
COHFACE_s29_session0_lamp,69,96,72.2,-0.6627821922302246,0.6669912901445254
COHFACE_s29_session0_lamp,69,97,72.23333333333333,0.37115007638931274,0.7997798591365687
COHFACE_s29_session0_lamp,69,98,72.26666666666667,1.5233891010284424,1.0083342657882266
COHFACE_s29_session0_lamp,69,99,72.3,1.9818264245986938,1.2516425357002534
COHFACE_s29_session0_lamp,69,100,72.33333333333333,1.820378065109253,1.4460175096178738
COHFACE_s29_session0_lamp,69,101,72.36666666666666,1.5420506000518799,1.506884700390532
COHFACE_s29_session0_lamp,69,102,72.4,1.397403597831726,1.3912040799172811
COHFACE_s29_session0_lamp,69,103,72.43333333333334,1.3637253046035767,1.1162149094679195
COHFACE_s29_session0_lamp,69,104,72.46666666666667,1.2790859937667847,0.7472313430121363
COHFACE_s29_session0_lamp,69,105,72.5,1.0255467891693115,0.36646466843615183
COHFACE_s29_session0_lamp,69,106,72.53333333333333,0.747527539730072,0.0419100592832852
COHFACE_s29_session0_lamp,69,107,72.56666666666666,0.5734471678733826,-0.19034525650081582
COHFACE_s29_session0_lamp,69,108,72.6,0.446477472782135,-0.327740269441188
COHFACE_s29_session0_lamp,69,109,72.63333333333334,0.29570910334587097,-0.3924149911487159
COHFACE_s29_session0_lamp,69,110,72.66666666666667,0.10304287821054459,-0.419515059979008
COHFACE_s29_session0_lamp,69,111,72.7,-0.10811180621385574,-0.44703699111202994
COHFACE_s29_session0_lamp,69,112,72.73333333333333,-0.2943754494190216,-0.5073942547205876
COHFACE_s29_session0_lamp,69,113,72.76666666666667,-0.43413403630256653,-0.6191545962912441
COHFACE_s29_session0_lamp,69,114,72.8,-0.5348175168037415,-0.7792597319307613
COHFACE_s29_session0_lamp,69,115,72.83333333333333,-0.6050780415534973,-0.9591483610689597
COHFACE_s29_session0_lamp,69,116,72.86666666666666,-0.6551899909973145,-1.1092029978556135
COHFACE_s29_session0_lamp,69,117,72.9,-0.7043285369873047,-1.173280736897429
COHFACE_s29_session0_lamp,69,118,72.93333333333334,-0.756100594997406,-1.10974985522455
COHFACE_s29_session0_lamp,69,119,72.96666666666667,-0.814913272857666,-0.9107287823356307
COHFACE_s29_session0_lamp,69,120,73.0,-0.880215048789978,-0.6103478809699872
COHFACE_s29_session0_lamp,69,121,73.03333333333333,-0.9479989409446716,-0.27659385016998084
COHFACE_s29_session0_lamp,69,122,73.06666666666666,-1.0064764022827148,0.011800480029463607
COHFACE_s29_session0_lamp,69,123,73.1,-1.043739914894104,0.19465254993387457
COHFACE_s29_session0_lamp,69,124,73.13333333333334,-1.0627421140670776,0.25285315538574177
COHFACE_s29_session0_lamp,69,125,73.16666666666667,-1.072697401046753,0.21343322097586834
COHFACE_s29_session0_lamp,69,126,73.2,-1.0868598222732544,0.13526334593389458
COHFACE_s29_session0_lamp,69,127,73.23333333333333,-1.1117022037506104,0.08331898934186732
COHFACE_s29_session0_lamp,69,128,73.26666666666667,-1.0773857831954956,0.10414759624402345
COHFACE_s29_session0_lamp,69,129,73.3,-0.5267386436462402,0.21269844832145723
COHFACE_s29_session0_lamp,69,130,73.33333333333333,0.73659348487854,0.3932638902094922
COHFACE_s29_session0_lamp,69,131,73.36666666666666,1.8295493125915527,0.6100926046357739
COHFACE_s29_session0_lamp,69,132,73.4,2.0897560119628906,0.8205287010991503
COHFACE_s29_session0_lamp,69,133,73.43333333333334,1.851022720336914,0.9853066185964662
COHFACE_s29_session0_lamp,69,134,73.46666666666667,1.6394193172454834,1.0743433564279816
COHFACE_s29_session0_lamp,69,135,73.5,1.6059139966964722,1.06948081670419
COHFACE_s29_session0_lamp,69,136,73.53333333333333,1.6181188821792603,0.9664779553708271
COHFACE_s29_session0_lamp,69,137,73.56666666666666,1.4909112453460693,0.7767916619720421
COHFACE_s29_session0_lamp,69,138,73.6,1.1723947525024414,0.5269340426170334
COHFACE_s29_session0_lamp,69,139,73.63333333333334,0.842927873134613,0.25290731337647065
COHFACE_s29_session0_lamp,69,140,73.66666666666667,0.6420691609382629,-0.009231770237017746
COHFACE_s29_session0_lamp,69,141,73.7,0.5029000043869019,-0.23202960537770817
COHFACE_s29_session0_lamp,69,142,73.73333333333333,0.33624422550201416,-0.4002844499136753
COHFACE_s29_session0_lamp,69,143,73.76666666666667,0.13493670523166656,-0.5091737220698683
COHFACE_s29_session0_lamp,69,144,73.8,-0.07341144979000092,-0.5600487755148511
COHFACE_s29_session0_lamp,69,145,73.83333333333333,-0.25734445452690125,-0.5580303423812695
COHFACE_s29_session0_lamp,69,146,73.86666666666666,-0.40447893738746643,-0.5130612877220524
COHFACE_s29_session0_lamp,69,147,73.9,-0.5124139785766602,-0.4422815904512423
COHFACE_s29_session0_lamp,69,148,73.93333333333334,-0.5887526273727417,-0.3696022101844826
COHFACE_s29_session0_lamp,69,149,73.96666666666667,-0.6488144397735596,-0.3201509618683687
COHFACE_s29_session0_lamp,69,150,74.0,-0.7101200222969055,-0.3119041870185457
COHFACE_s29_session0_lamp,69,151,74.03333333333333,-0.7725287675857544,-0.34979747944393996
COHFACE_s29_session0_lamp,69,152,74.06666666666666,-0.833163857460022,-0.4256955018330853
COHFACE_s29_session0_lamp,69,153,74.1,-0.8923982977867126,-0.5231837436398118
COHFACE_s29_session0_lamp,69,154,74.13333333333334,-0.9490426182746887,-0.6234367554391882
COHFACE_s29_session0_lamp,69,155,74.16666666666667,-1.0002630949020386,-0.7089657746921598
COHFACE_s29_session0_lamp,69,156,74.2,-1.042020320892334,-0.7647459227752672
COHFACE_s29_session0_lamp,69,157,74.23333333333333,-1.0703396797180176,-0.7783704011947781
COHFACE_s29_session0_lamp,69,158,74.26666666666667,-1.0914725065231323,-0.7406492208947967
COHFACE_s29_session0_lamp,69,159,74.3,-1.1088416576385498,-0.6465618066474166
COHFACE_s29_session0_lamp,69,160,74.33333333333333,-1.1138219833374023,-0.4956477598435009
COHFACE_s29_session0_lamp,69,161,74.36666666666666,-1.1084306240081787,-0.2912190199268914
COHFACE_s29_session0_lamp,69,162,74.4,-1.1156713962554932,-0.03866820559312803
COHFACE_s29_session0_lamp,69,163,74.43333333333334,-1.1415141820907593,0.2559283098803004
COHFACE_s29_session0_lamp,69,164,74.46666666666667,-1.0966637134552002,0.5853654253013044
COHFACE_s29_session0_lamp,69,165,74.5,-0.5142309069633484,0.9383517171477688
COHFACE_s29_session0_lamp,69,166,74.53333333333333,0.7709477543830872,1.2953209889473525
COHFACE_s29_session0_lamp,69,167,74.56666666666666,1.860091209411621,1.6258244919378324
COHFACE_s29_session0_lamp,69,168,74.6,2.1218769550323486,1.8900433397741108
COHFACE_s29_session0_lamp,69,169,74.63333333333334,1.886350393295288,2.045083171306564
COHFACE_s29_session0_lamp,69,170,74.66666666666667,1.6720755100250244,2.0544002169289404
COHFACE_s29_session0_lamp,69,171,74.7,1.6307508945465088,1.8971619215607922
COHFACE_s29_session0_lamp,69,172,74.73333333333333,1.6372400522232056,1.574318533293763
COHFACE_s29_session0_lamp,69,173,74.76666666666667,1.508896827697754,1.1096251358828761
COHFACE_s29_session0_lamp,69,174,74.8,1.1953822374343872,0.5460044936198394
COHFACE_s29_session0_lamp,69,175,74.83333333333333,0.8711607456207275,-0.06084586346022304
COHFACE_s29_session0_lamp,69,176,74.86666666666666,0.6662680506706238,-0.6497409959730966
COHFACE_s29_session0_lamp,69,177,74.9,0.5205016732215881,-1.1616525402918898
COHFACE_s29_session0_lamp,69,178,74.93333333333334,0.35094738006591797,-1.548431452881642
COHFACE_s29_session0_lamp,69,179,74.96666666666667,0.14233967661857605,-1.782657435894551
COHFACE_s29_session0_lamp,69,180,75.0,-0.06940444558858871,-1.8657332833685993
COHFACE_s29_session0_lamp,69,181,75.03333333333333,-0.2524181604385376,-1.8288387195263867
COHFACE_s29_session0_lamp,69,182,75.06666666666666,-0.38924041390419006,-1.7224610946415166
COHFACE_s29_session0_lamp,69,183,75.1,-0.49322253465652466,-1.595782147366098
COHFACE_s29_session0_lamp,69,184,75.13333333333334,-0.5780402421951294,-1.474625266792738
COHFACE_s29_session0_lamp,69,185,75.16666666666667,-0.6444181203842163,-1.3501422481836944
COHFACE_s29_session0_lamp,69,186,75.2,-0.6981639266014099,-1.1859389145484092
COHFACE_s29_session0_lamp,69,187,75.23333333333333,-0.7511526942253113,-0.9412301008383409
COHFACE_s29_session0_lamp,69,188,75.26666666666667,-0.8128314018249512,-0.5979717947388176
COHFACE_s29_session0_lamp,69,189,75.3,-0.8737422227859497,-0.17666655516294
COHFACE_s29_session0_lamp,69,190,75.33333333333333,-0.9290724396705627,0.2686527489602868
COHFACE_s29_session0_lamp,69,191,75.36666666666666,-0.9807309508323669,0.6735458746802871
COHFACE_s29_session0_lamp,69,192,75.4,-1.018513560295105,0.990075951551092
COHFACE_s29_session0_lamp,69,193,75.43333333333334,-1.043026089668274,1.2009635485007206
COHFACE_s29_session0_lamp,69,194,75.46666666666667,-1.0581673383712769,1.3145183746440035
COHFACE_s29_session0_lamp,69,195,75.5,-1.0699396133422852,1.347802225800694
COHFACE_s29_session0_lamp,69,196,75.53333333333333,-1.0716159343719482,1.3122304688989408
COHFACE_s29_session0_lamp,69,197,75.56666666666666,-1.0616822242736816,1.2116281241947258
COHFACE_s29_session0_lamp,69,198,75.6,-1.058453917503357,1.051565472120305
COHFACE_s29_session0_lamp,69,199,75.63333333333334,-1.0711995363235474,0.8498705314582825
COHFACE_s29_session0_lamp,69,200,75.66666666666667,-1.0878115892410278,0.6384979816781364
COHFACE_s29_session0_lamp,69,201,75.7,-0.9052467346191406,0.4544100965532583
COHFACE_s29_session0_lamp,69,202,75.73333333333333,-0.07176214456558228,0.3251682599289724
COHFACE_s29_session0_lamp,69,203,75.76666666666667,1.119065284729004,0.25831714583509696
COHFACE_s29_session0_lamp,69,204,75.8,1.7985748052597046,0.2406962860540066
COHFACE_s29_session0_lamp,69,205,75.83333333333333,1.7674920558929443,0.2471966256018817
COHFACE_s29_session0_lamp,69,206,75.86666666666666,1.4810423851013184,0.25282697407748234
COHFACE_s29_session0_lamp,69,207,75.9,1.297974705696106,0.24087560569907904
COHFACE_s29_session0_lamp,69,208,75.93333333333334,1.2691415548324585,0.20390543628390131
COHFACE_s29_session0_lamp,69,209,75.96666666666667,1.2444829940795898,0.13966464201222623
COHFACE_s29_session0_lamp,69,210,76.0,1.0592900514602661,0.04661043529697306
COHFACE_s29_session0_lamp,69,211,76.03333333333333,0.8223628997802734,-0.07724134013739113
COHFACE_s29_session0_lamp,69,212,76.06666666666666,0.6789217591285706,-0.23154276377277633
COHFACE_s29_session0_lamp,69,213,76.1,0.5690886378288269,-0.40949798001042265
COHFACE_s29_session0_lamp,69,214,76.13333333333334,0.42770782113075256,-0.5963443937825467
COHFACE_s29_session0_lamp,69,215,76.16666666666667,0.23931357264518738,-0.7728671101761542
COHFACE_s29_session0_lamp,69,216,76.2,0.03219833970069885,-0.9227245487223188
COHFACE_s29_session0_lamp,69,217,76.23333333333333,-0.15308113396167755,-1.039288806867167
COHFACE_s29_session0_lamp,69,218,76.26666666666667,-0.3103223741054535,-1.1276072432805049
COHFACE_s29_session0_lamp,69,219,76.3,-0.429256409406662,-1.199758461709353
COHFACE_s29_session0_lamp,69,220,76.33333333333333,-0.5027398467063904,-1.2654558132678497
COHFACE_s29_session0_lamp,69,221,76.36666666666666,-0.553533136844635,-1.3222897947004468
COHFACE_s29_session0_lamp,69,222,76.4,-0.6025635600090027,-1.350332714994439
COHFACE_s29_session0_lamp,69,223,76.43333333333334,-0.6498851776123047,-1.3141725758825655
COHFACE_s29_session0_lamp,69,224,76.46666666666667,-0.7015490531921387,-1.17275451210748
COHFACE_s29_session0_lamp,69,225,76.5,-0.7597615122795105,-0.89457319582785
COHFACE_s29_session0_lamp,69,226,76.53333333333333,-0.8186715841293335,-0.4734502249419734
COHFACE_s29_session0_lamp,69,227,76.56666666666666,-0.8714331984519958,0.06120989813461245
COHFACE_s29_session0_lamp,69,228,76.6,-0.9176895022392273,0.6453578707939275
COHFACE_s29_session0_lamp,69,229,76.63333333333334,-0.9517247676849365,1.1944549723193392
COHFACE_s29_session0_lamp,69,230,76.66666666666667,-0.982634425163269,1.6264820454717257
COHFACE_s29_session0_lamp,69,231,76.7,-1.0185461044311523,1.8846085329755298
COHFACE_s29_session0_lamp,69,232,76.73333333333333,-0.9144504070281982,1.9508032787673495
COHFACE_s29_session0_lamp,69,233,76.76666666666667,-0.2214057445526123,1.8463954627927943
COHFACE_s29_session0_lamp,69,234,76.8,0.9667719602584839,1.6211176876667854
COHFACE_s29_session0_lamp,69,235,76.83333333333333,1.7915016412734985,1.335821773534408
COHFACE_s29_session0_lamp,69,236,76.86666666666666,1.8921743631362915,1.0448483891716442
COHFACE_s29_session0_lamp,69,237,76.9,1.6521973609924316,0.782796397112659
COHFACE_s29_session0_lamp,69,238,76.93333333333334,1.480117678642273,0.5585838910416058
COHFACE_s29_session0_lamp,69,239,76.96666666666667,1.4524633884429932,0.35785141435417533
COHFACE_s29_session0_lamp,70,0,70.0,0.5016346573829651,0.1038745065066558
COHFACE_s29_session0_lamp,70,1,70.03333333333333,1.6957931518554688,0.7157852825547764
COHFACE_s29_session0_lamp,70,2,70.06666666666666,2.114809274673462,1.2349722854659375
COHFACE_s29_session0_lamp,70,3,70.1,1.9271072149276733,1.5926338067753785
COHFACE_s29_session0_lamp,70,4,70.13333333333334,1.6833773851394653,1.7598152567391796
COHFACE_s29_session0_lamp,70,5,70.16666666666667,1.6095640659332275,1.7527955658392866
COHFACE_s29_session0_lamp,70,6,70.2,1.6304265260696411,1.6225689601766287
COHFACE_s29_session0_lamp,70,7,70.23333333333333,1.5545529127120972,1.4313790863906368
COHFACE_s29_session0_lamp,70,8,70.26666666666667,1.2672380208969116,1.226106628835222
COHFACE_s29_session0_lamp,70,9,70.3,0.9310333728790283,1.0213161364081194
COHFACE_s29_session0_lamp,70,10,70.33333333333333,0.7159906029701233,0.8014459563143745
COHFACE_s29_session0_lamp,70,11,70.36666666666666,0.5740257501602173,0.5415234303036689
COHFACE_s29_session0_lamp,70,12,70.4,0.4088245928287506,0.2332948878444166
COHFACE_s29_session0_lamp,70,13,70.43333333333334,0.20840391516685486,-0.1010062346788847
COHFACE_s29_session0_lamp,70,14,70.46666666666667,0.003808611072599888,-0.4161425164809125
COHFACE_s29_session0_lamp,70,15,70.5,-0.18215222656726837,-0.6666225735863333
COHFACE_s29_session0_lamp,70,16,70.53333333333333,-0.33424004912376404,-0.829411576661122
COHFACE_s29_session0_lamp,70,17,70.56666666666666,-0.45042163133621216,-0.9122638416351813
COHFACE_s29_session0_lamp,70,18,70.6,-0.5374943017959595,-0.9428351360754514
COHFACE_s29_session0_lamp,70,19,70.63333333333334,-0.6083226203918457,-0.9461095644234001
COHFACE_s29_session0_lamp,70,20,70.66666666666667,-0.6659942865371704,-0.9257428640185495
COHFACE_s29_session0_lamp,70,21,70.7,-0.7206972241401672,-0.8627847138467613
COHFACE_s29_session0_lamp,70,22,70.73333333333333,-0.776660144329071,-0.7330837305887373
COHFACE_s29_session0_lamp,70,23,70.76666666666667,-0.8353268504142761,-0.531454335842915
COHFACE_s29_session0_lamp,70,24,70.8,-0.8893484473228455,-0.2860231154585967
COHFACE_s29_session0_lamp,70,25,70.83333333333333,-0.9404013156890869,-0.0520414519367319
COHFACE_s29_session0_lamp,70,26,70.86666666666666,-0.9874362945556641,0.11329029126095234
COHFACE_s29_session0_lamp,70,27,70.9,-1.017605185508728,0.181414655760596
COHFACE_s29_session0_lamp,70,28,70.93333333333334,-1.0337196588516235,0.16980720618476472
COHFACE_s29_session0_lamp,70,29,70.96666666666667,-1.0500884056091309,0.1339124509713261
COHFACE_s29_session0_lamp,70,30,71.0,-1.0572047233581543,0.13697171497324126
COHFACE_s29_session0_lamp,70,31,71.03333333333333,-1.0532301664352417,0.21509151842636137
COHFACE_s29_session0_lamp,70,32,71.06666666666666,-1.0599734783172607,0.35729845279985734
COHFACE_s29_session0_lamp,70,33,71.1,-1.0701180696487427,0.5111486564889117
COHFACE_s29_session0_lamp,70,34,71.13333333333334,-1.0389758348464966,0.6102953686323063
COHFACE_s29_session0_lamp,70,35,71.16666666666667,-0.5893420577049255,0.608741814737075
COHFACE_s29_session0_lamp,70,36,71.2,0.5576841235160828,0.5031670738909625
COHFACE_s29_session0_lamp,70,37,71.23333333333333,1.6604816913604736,0.33200680667701943
COHFACE_s29_session0_lamp,70,38,71.26666666666667,2.0075771808624268,0.15424964679057185
COHFACE_s29_session0_lamp,70,39,71.3,1.798688292503357,0.02215288428309468
COHFACE_s29_session0_lamp,70,40,71.33333333333333,1.5197985172271729,-0.037476550623356766
COHFACE_s29_session0_lamp,70,41,71.36666666666666,1.4040170907974243,-0.02689799940470226
COHFACE_s29_session0_lamp,70,42,71.4,1.402578592300415,0.031163398462825915
COHFACE_s29_session0_lamp,70,43,71.43333333333334,1.3008947372436523,0.10620185833674992
COHFACE_s29_session0_lamp,70,44,71.46666666666667,1.0399688482284546,0.16944133281807894
COHFACE_s29_session0_lamp,70,45,71.5,0.8169228434562683,0.1979051881647257
COHFACE_s29_session0_lamp,70,46,71.53333333333333,0.6971722841262817,0.17577945070676296
COHFACE_s29_session0_lamp,70,47,71.56666666666666,0.5850085616111755,0.09705760154357737
COHFACE_s29_session0_lamp,70,48,71.6,0.4256313145160675,-0.02989932162650858
COHFACE_s29_session0_lamp,70,49,71.63333333333334,0.23589058220386505,-0.17979118562920643
COHFACE_s29_session0_lamp,70,50,71.66666666666667,0.04396520555019379,-0.3150353381539039
COHFACE_s29_session0_lamp,70,51,71.7,-0.13849693536758423,-0.39938896739246743
COHFACE_s29_session0_lamp,70,52,71.73333333333333,-0.28567469120025635,-0.41574338383028003
COHFACE_s29_session0_lamp,70,53,71.76666666666667,-0.38649338483810425,-0.37837622734227744
COHFACE_s29_session0_lamp,70,54,71.8,-0.45873305201530457,-0.3307098547638005
COHFACE_s29_session0_lamp,70,55,71.83333333333333,-0.522315263748169,-0.32627952108631963
COHFACE_s29_session0_lamp,70,56,71.86666666666666,-0.5768721699714661,-0.40003184313752876
COHFACE_s29_session0_lamp,70,57,71.9,-0.6293147802352905,-0.5444203946845841
COHFACE_s29_session0_lamp,70,58,71.93333333333334,-0.689365804195404,-0.7053452676189822
COHFACE_s29_session0_lamp,70,59,71.96666666666667,-0.7453665733337402,-0.8042492370530194
COHFACE_s29_session0_lamp,70,60,72.0,-0.7974792718887329,-0.7773838553894097
COHFACE_s29_session0_lamp,70,61,72.03333333333333,-0.8507546782493591,-0.6108100773710304
COHFACE_s29_session0_lamp,70,62,72.06666666666666,-0.8925930261611938,-0.3494103762271221
COHFACE_s29_session0_lamp,70,63,72.1,-0.9324522018432617,-0.07221552737410064
COHFACE_s29_session0_lamp,70,64,72.13333333333334,-0.9797738194465637,0.15223545494879237
COHFACE_s29_session0_lamp,70,65,72.16666666666667,-0.9907457232475281,0.3026644074838548
COHFACE_s29_session0_lamp,70,66,72.2,-0.6627821922302246,0.41046869354856813
COHFACE_s29_session0_lamp,70,67,72.23333333333333,0.37115007638931274,0.5305732655540003
COHFACE_s29_session0_lamp,70,68,72.26666666666667,1.5233891010284424,0.6977426320549489
COHFACE_s29_session0_lamp,70,69,72.3,1.9818264245986938,0.8982730198911386
COHFACE_s29_session0_lamp,70,70,72.33333333333333,1.820378065109253,1.0755471728904882
COHFACE_s29_session0_lamp,70,71,72.36666666666666,1.5420506000518799,1.1641251522342735
COHFACE_s29_session0_lamp,70,72,72.4,1.397403597831726,1.1279434262833412
COHFACE_s29_session0_lamp,70,73,72.43333333333334,1.3637253046035767,0.9772004388605078
COHFACE_s29_session0_lamp,70,74,72.46666666666667,1.2790859937667847,0.7564113102962875
COHFACE_s29_session0_lamp,70,75,72.5,1.0255467891693115,0.5168805264588454
COHFACE_s29_session0_lamp,70,76,72.53333333333333,0.747527539730072,0.2937598986865209
COHFACE_s29_session0_lamp,70,77,72.56666666666666,0.5734471678733826,0.09972976868207331
COHFACE_s29_session0_lamp,70,78,72.6,0.446477472782135,-0.06665202811411965
COHFACE_s29_session0_lamp,70,79,72.63333333333334,0.29570910334587097,-0.20916724322925842
COHFACE_s29_session0_lamp,70,80,72.66666666666667,0.10304287821054459,-0.32879259845091025
COHFACE_s29_session0_lamp,70,81,72.7,-0.10811180621385574,-0.42696390919896804
COHFACE_s29_session0_lamp,70,82,72.73333333333333,-0.2943754494190216,-0.5111526844344403
COHFACE_s29_session0_lamp,70,83,72.76666666666667,-0.43413403630256653,-0.5948445929952445
COHFACE_s29_session0_lamp,70,84,72.8,-0.5348175168037415,-0.6891861749637419
COHFACE_s29_session0_lamp,70,85,72.83333333333333,-0.6050780415534973,-0.7911047166112416
COHFACE_s29_session0_lamp,70,86,72.86666666666666,-0.6551899909973145,-0.8766736673442128
COHFACE_s29_session0_lamp,70,87,72.9,-0.7043285369873047,-0.9063587418506318
COHFACE_s29_session0_lamp,70,88,72.93333333333334,-0.756100594997406,-0.8419009271339116
COHFACE_s29_session0_lamp,70,89,72.96666666666667,-0.814913272857666,-0.6673323395008396
COHFACE_s29_session0_lamp,70,90,73.0,-0.880215048789978,-0.40336455593485754
COHFACE_s29_session0_lamp,70,91,73.03333333333333,-0.9479989409446716,-0.10659806127462508
COHFACE_s29_session0_lamp,70,92,73.06666666666666,-1.0064764022827148,0.148417169255673
COHFACE_s29_session0_lamp,70,93,73.1,-1.043739914894104,0.2978232279414721
COHFACE_s29_session0_lamp,70,94,73.13333333333334,-1.0627421140670776,0.3148880621350402
COHFACE_s29_session0_lamp,70,95,73.16666666666667,-1.072697401046753,0.22119345373351373
COHFACE_s29_session0_lamp,70,96,73.2,-1.0868598222732544,0.07701245686499703
COHFACE_s29_session0_lamp,70,97,73.23333333333333,-1.1117022037506104,-0.0442331117477303
COHFACE_s29_session0_lamp,70,98,73.26666666666667,-1.0773857831954956,-0.0853589111702153
COHFACE_s29_session0_lamp,70,99,73.3,-0.5267386436462402,-0.02575443892641857
COHFACE_s29_session0_lamp,70,100,73.33333333333333,0.73659348487854,0.11504535789055921
COHFACE_s29_session0_lamp,70,101,73.36666666666666,1.8295493125915527,0.2901269312670431
COHFACE_s29_session0_lamp,70,102,73.4,2.0897560119628906,0.44678115313753086
COHFACE_s29_session0_lamp,70,103,73.43333333333334,1.851022720336914,0.5464499300058587
COHFACE_s29_session0_lamp,70,104,73.46666666666667,1.6394193172454834,0.5748565488723826
COHFACE_s29_session0_lamp,70,105,73.5,1.6059139966964722,0.5400142109747557
COHFACE_s29_session0_lamp,70,106,73.53333333333333,1.6181188821792603,0.4620402424069176
COHFACE_s29_session0_lamp,70,107,73.56666666666666,1.4909112453460693,0.3618678710289887
COHFACE_s29_session0_lamp,70,108,73.6,1.1723947525024414,0.2545478262114468
COHFACE_s29_session0_lamp,70,109,73.63333333333334,0.842927873134613,0.14872975770106348
COHFACE_s29_session0_lamp,70,110,73.66666666666667,0.6420691609382629,0.05017556876650085
COHFACE_s29_session0_lamp,70,111,73.7,0.5029000043869019,-0.034429864433568234
COHFACE_s29_session0_lamp,70,112,73.73333333333333,0.33624422550201416,-0.09631909415117791
COHFACE_s29_session0_lamp,70,113,73.76666666666667,0.13493670523166656,-0.12695349590316896
COHFACE_s29_session0_lamp,70,114,73.8,-0.07341144979000092,-0.12250844925786165
COHFACE_s29_session0_lamp,70,115,73.83333333333333,-0.25734445452690125,-0.0878598261342585
COHFACE_s29_session0_lamp,70,116,73.86666666666666,-0.40447893738746643,-0.03722008694649952
COHFACE_s29_session0_lamp,70,117,73.9,-0.5124139785766602,0.009821149565392664
COHFACE_s29_session0_lamp,70,118,73.93333333333334,-0.5887526273727417,0.03510750543174131
COHFACE_s29_session0_lamp,70,119,73.96666666666667,-0.6488144397735596,0.02765355174813345
COHFACE_s29_session0_lamp,70,120,74.0,-0.7101200222969055,-0.014982715780039454
COHFACE_s29_session0_lamp,70,121,74.03333333333333,-0.7725287675857544,-0.08971273541363793
COHFACE_s29_session0_lamp,70,122,74.06666666666666,-0.833163857460022,-0.19168155181538776
COHFACE_s29_session0_lamp,70,123,74.1,-0.8923982977867126,-0.31456556260077023
COHFACE_s29_session0_lamp,70,124,74.13333333333334,-0.9490426182746887,-0.44694827647642554
COHFACE_s29_session0_lamp,70,125,74.16666666666667,-1.0002630949020386,-0.5689778957828765
COHFACE_s29_session0_lamp,70,126,74.2,-1.042020320892334,-0.6546126849514786
COHFACE_s29_session0_lamp,70,127,74.23333333333333,-1.0703396797180176,-0.6810017433724556
COHFACE_s29_session0_lamp,70,128,74.26666666666667,-1.0914725065231323,-0.6403031817618847
COHFACE_s29_session0_lamp,70,129,74.3,-1.1088416576385498,-0.5456587860407354
COHFACE_s29_session0_lamp,70,130,74.33333333333333,-1.1138219833374023,-0.425695084749977
COHFACE_s29_session0_lamp,70,131,74.36666666666666,-1.1084306240081787,-0.3089824506249444
COHFACE_s29_session0_lamp,70,132,74.4,-1.1156713962554932,-0.20660876460217684
COHFACE_s29_session0_lamp,70,133,74.43333333333334,-1.1415141820907593,-0.1032795483174037
COHFACE_s29_session0_lamp,70,134,74.46666666666667,-1.0966637134552002,0.03649666299856909
COHFACE_s29_session0_lamp,70,135,74.5,-0.5142309069633484,0.24863077527462532
COHFACE_s29_session0_lamp,70,136,74.53333333333333,0.7709477543830872,0.5455468615581635
COHFACE_s29_session0_lamp,70,137,74.56666666666666,1.860091209411621,0.9008219128750886
COHFACE_s29_session0_lamp,70,138,74.6,2.1218769550323486,1.2511984049240537
COHFACE_s29_session0_lamp,70,139,74.63333333333334,1.886350393295288,1.5160159657366374
COHFACE_s29_session0_lamp,70,140,74.66666666666667,1.6720755100250244,1.6252151270227297
COHFACE_s29_session0_lamp,70,141,74.7,1.6307508945465088,1.5429600120769413
COHFACE_s29_session0_lamp,70,142,74.73333333333333,1.6372400522232056,1.2769265912774812
COHFACE_s29_session0_lamp,70,143,74.76666666666667,1.508896827697754,0.8713174238494508
COHFACE_s29_session0_lamp,70,144,74.8,1.1953822374343872,0.3898801041391263
COHFACE_s29_session0_lamp,70,145,74.83333333333333,0.8711607456207275,-0.10134192966312795
COHFACE_s29_session0_lamp,70,146,74.86666666666666,0.6662680506706238,-0.5449862930992002
COHFACE_s29_session0_lamp,70,147,74.9,0.5205016732215881,-0.8970227126216646
COHFACE_s29_session0_lamp,70,148,74.93333333333334,0.35094738006591797,-1.1295244952194599
COHFACE_s29_session0_lamp,70,149,74.96666666666667,0.14233967661857605,-1.235227198634198
COHFACE_s29_session0_lamp,70,150,75.0,-0.06940444558858871,-1.2321820199447833
COHFACE_s29_session0_lamp,70,151,75.03333333333333,-0.2524181604385376,-1.1620094258285965
COHFACE_s29_session0_lamp,70,152,75.06666666666666,-0.38924041390419006,-1.076218268261809
COHFACE_s29_session0_lamp,70,153,75.1,-0.49322253465652466,-1.0125771234606178
COHFACE_s29_session0_lamp,70,154,75.13333333333334,-0.5780402421951294,-0.9732000044436233
COHFACE_s29_session0_lamp,70,155,75.16666666666667,-0.6444181203842163,-0.9194802009005677
COHFACE_s29_session0_lamp,70,156,75.2,-0.6981639266014099,-0.7912260460158805
COHFACE_s29_session0_lamp,70,157,75.23333333333333,-0.7511526942253113,-0.5427823196851029
COHFACE_s29_session0_lamp,70,158,75.26666666666667,-0.8128314018249512,-0.17690637351434602
COHFACE_s29_session0_lamp,70,159,75.3,-0.8737422227859497,0.24454298830369708
COHFACE_s29_session0_lamp,70,160,75.33333333333333,-0.9290724396705627,0.6229403506126865
COHFACE_s29_session0_lamp,70,161,75.36666666666666,-0.9807309508323669,0.8689023697239724
COHFACE_s29_session0_lamp,70,162,75.4,-1.018513560295105,0.9460346923488095
COHFACE_s29_session0_lamp,70,163,75.43333333333334,-1.043026089668274,0.8855458818957068
COHFACE_s29_session0_lamp,70,164,75.46666666666667,-1.0581673383712769,0.7633699246568417
COHFACE_s29_session0_lamp,70,165,75.5,-1.0699396133422852,0.6554995643169514
COHFACE_s29_session0_lamp,70,166,75.53333333333333,-1.0716159343719482,0.5992184307525814
COHFACE_s29_session0_lamp,70,167,75.56666666666666,-1.0616822242736816,0.5818248898758589
COHFACE_s29_session0_lamp,70,168,75.6,-1.058453917503357,0.5597690661522405
COHFACE_s29_session0_lamp,70,169,75.63333333333334,-1.0711995363235474,0.4926726667200859
COHFACE_s29_session0_lamp,70,170,75.66666666666667,-1.0878115892410278,0.37002004879750855
COHFACE_s29_session0_lamp,70,171,75.7,-0.9052467346191406,0.21581983091167606
COHFACE_s29_session0_lamp,70,172,75.73333333333333,-0.07176214456558228,0.07214650807270183
COHFACE_s29_session0_lamp,70,173,75.76666666666667,1.119065284729004,-0.024860743526567836
COHFACE_s29_session0_lamp,70,174,75.8,1.7985748052597046,-0.06134793262412864
COHFACE_s29_session0_lamp,70,175,75.83333333333333,1.7674920558929443,-0.04722545254934716
COHFACE_s29_session0_lamp,70,176,75.86666666666666,1.4810423851013184,-0.00601035884596934
COHFACE_s29_session0_lamp,70,177,75.9,1.297974705696106,0.03771865108528759
COHFACE_s29_session0_lamp,70,178,75.93333333333334,1.2691415548324585,0.06549402411983381
COHFACE_s29_session0_lamp,70,179,75.96666666666667,1.2444829940795898,0.06513792964350633
COHFACE_s29_session0_lamp,70,180,76.0,1.0592900514602661,0.027858276892881218
COHFACE_s29_session0_lamp,70,181,76.03333333333333,0.8223628997802734,-0.05225267600942467
COHFACE_s29_session0_lamp,70,182,76.06666666666666,0.6789217591285706,-0.1737891581903717
COHFACE_s29_session0_lamp,70,183,76.1,0.5690886378288269,-0.32157873823447397
COHFACE_s29_session0_lamp,70,184,76.13333333333334,0.42770782113075256,-0.46517341400256923
COHFACE_s29_session0_lamp,70,185,76.16666666666667,0.23931357264518738,-0.56780835256534
COHFACE_s29_session0_lamp,70,186,76.2,0.03219833970069885,-0.6039023603215162
COHFACE_s29_session0_lamp,70,187,76.23333333333333,-0.15308113396167755,-0.5754476262624548
COHFACE_s29_session0_lamp,70,188,76.26666666666667,-0.3103223741054535,-0.5160939170994099
COHFACE_s29_session0_lamp,70,189,76.3,-0.429256409406662,-0.477707516984127
COHFACE_s29_session0_lamp,70,190,76.33333333333333,-0.5027398467063904,-0.5042414610736903
COHFACE_s29_session0_lamp,70,191,76.36666666666666,-0.553533136844635,-0.605746539314386
COHFACE_s29_session0_lamp,70,192,76.4,-0.6025635600090027,-0.7463192834008924
COHFACE_s29_session0_lamp,70,193,76.43333333333334,-0.6498851776123047,-0.8534421048093352
COHFACE_s29_session0_lamp,70,194,76.46666666666667,-0.7015490531921387,-0.8459607806926746
COHFACE_s29_session0_lamp,70,195,76.5,-0.7597615122795105,-0.6689086804579023
COHFACE_s29_session0_lamp,70,196,76.53333333333333,-0.8186715841293335,-0.319792564556276
COHFACE_s29_session0_lamp,70,197,76.56666666666666,-0.8714331984519958,0.14581160417659725
COHFACE_s29_session0_lamp,70,198,76.6,-0.9176895022392273,0.6327669854040374
COHFACE_s29_session0_lamp,70,199,76.63333333333334,-0.9517247676849365,1.0413675059474514
COHFACE_s29_session0_lamp,70,200,76.66666666666667,-0.982634425163269,1.302695807390965
COHFACE_s29_session0_lamp,70,201,76.7,-1.0185461044311523,1.3978758818464474
COHFACE_s29_session0_lamp,70,202,76.73333333333333,-0.9144504070281982,1.3540399852026486
COHFACE_s29_session0_lamp,70,203,76.76666666666667,-0.2214057445526123,1.222564211460587
COHFACE_s29_session0_lamp,70,204,76.8,0.9667719602584839,1.0531216875750662
COHFACE_s29_session0_lamp,70,205,76.83333333333333,1.7915016412734985,0.8765764151073003
COHFACE_s29_session0_lamp,70,206,76.86666666666666,1.8921743631362915,0.7021843908161136
COHFACE_s29_session0_lamp,70,207,76.9,1.6521973609924316,0.5257548716405658
COHFACE_s29_session0_lamp,70,208,76.93333333333334,1.480117678642273,0.34091762141147547
COHFACE_s29_session0_lamp,70,209,76.96666666666667,1.4524633884429932,0.14657240475950176
COHFACE_s29_session0_lamp,70,210,77.0,1.4348455667495728,-0.05211997023766633
COHFACE_s29_session0_lamp,70,211,77.03333333333333,1.2626903057098389,-0.24718283372050334
COHFACE_s29_session0_lamp,70,212,77.06666666666666,0.9491865634918213,-0.43128374833411504
COHFACE_s29_session0_lamp,70,213,77.1,0.683685839176178,-0.5979767553831946
COHFACE_s29_session0_lamp,70,214,77.13333333333334,0.5331823825836182,-0.7392852133062879
COHFACE_s29_session0_lamp,70,215,77.16666666666667,0.4081648588180542,-0.8441297979453326
COHFACE_s29_session0_lamp,70,216,77.2,0.24479684233665466,-0.9004562920114358
COHFACE_s29_session0_lamp,70,217,77.23333333333333,0.041120823472738266,-0.9004974877123783
COHFACE_s29_session0_lamp,70,218,77.26666666666667,-0.16063010692596436,-0.8453463387558413
COHFACE_s29_session0_lamp,70,219,77.3,-0.3244577646255493,-0.7446764704947052
COHFACE_s29_session0_lamp,70,220,77.33333333333333,-0.4573162794113159,-0.6108286304737988
COHFACE_s29_session0_lamp,70,221,77.36666666666666,-0.5572426915168762,-0.4513971518898964
COHFACE_s29_session0_lamp,70,222,77.4,-0.6210087537765503,-0.2671248202131098
COHFACE_s29_session0_lamp,70,223,77.43333333333334,-0.6721481084823608,-0.0590816808949843
COHFACE_s29_session0_lamp,70,224,77.46666666666667,-0.7300902009010315,0.15868507000154733
COHFACE_s29_session0_lamp,70,225,77.5,-0.7863667607307434,0.3513338389587081
COHFACE_s29_session0_lamp,70,226,77.53333333333333,-0.841015636920929,0.4695516213473786
COHFACE_s29_session0_lamp,70,227,77.56666666666666,-0.9004718065261841,0.47059792136313894
COHFACE_s29_session0_lamp,70,228,77.6,-0.9557641744613647,0.34359234259817717
COHFACE_s29_session0_lamp,70,229,77.63333333333334,-1.0031344890594482,0.12376569600655082
COHFACE_s29_session0_lamp,70,230,77.66666666666667,-1.0425772666931152,-0.11375075817018156
COHFACE_s29_session0_lamp,70,231,77.7,-1.0688202381134033,-0.27913759164749224
COHFACE_s29_session0_lamp,70,232,77.73333333333333,-1.0789539813995361,-0.3025354900168141
COHFACE_s29_session0_lamp,70,233,77.76666666666667,-1.081376552581787,-0.164793579691733
COHFACE_s29_session0_lamp,70,234,77.8,-1.0836964845657349,0.08923342964572441
COHFACE_s29_session0_lamp,70,235,77.83333333333333,-1.1018712520599365,0.3634966374257718
COHFACE_s29_session0_lamp,70,236,77.86666666666666,-1.117136836051941,0.5477859258021994
COHFACE_s29_session0_lamp,70,237,77.9,-0.8678047060966492,0.5647741525454677
COHFACE_s29_session0_lamp,70,238,77.93333333333334,0.1194656565785408,0.4053725668088923
COHFACE_s29_session0_lamp,70,239,77.96666666666667,1.3919203281402588,0.13444344187072224
COHFACE_s29_session0_lamp,71,0,71.0,-1.0572047233581543,0.0757940046980665
COHFACE_s29_session0_lamp,71,1,71.03333333333333,-1.0532301664352417,0.9257561074987956
COHFACE_s29_session0_lamp,71,2,71.06666666666666,-1.0599734783172607,1.6851386382190257
COHFACE_s29_session0_lamp,71,3,71.1,-1.0701180696487427,2.2685130766546684
COHFACE_s29_session0_lamp,71,4,71.13333333333334,-1.0389758348464966,2.6059985408776196
COHFACE_s29_session0_lamp,71,5,71.16666666666667,-0.5893420577049255,2.6627556855830825
COHFACE_s29_session0_lamp,71,6,71.2,0.5576841235160828,2.457108938334132
COHFACE_s29_session0_lamp,71,7,71.23333333333333,1.6604816913604736,2.064685549918883
COHFACE_s29_session0_lamp,71,8,71.26666666666667,2.0075771808624268,1.6007597513721605
COHFACE_s29_session0_lamp,71,9,71.3,1.798688292503357,1.184114546107938
COHFACE_s29_session0_lamp,71,10,71.33333333333333,1.5197985172271729,0.8972150858469995
COHFACE_s29_session0_lamp,71,11,71.36666666666666,1.4040170907974243,0.7610524271479732
COHFACE_s29_session0_lamp,71,12,71.4,1.402578592300415,0.7350701125367224
COHFACE_s29_session0_lamp,71,13,71.43333333333334,1.3008947372436523,0.7396064940719277
COHFACE_s29_session0_lamp,71,14,71.46666666666667,1.0399688482284546,0.6893033870367578
COHFACE_s29_session0_lamp,71,15,71.5,0.8169228434562683,0.5242247668517661
COHFACE_s29_session0_lamp,71,16,71.53333333333333,0.6971722841262817,0.22931687296866263
COHFACE_s29_session0_lamp,71,17,71.56666666666666,0.5850085616111755,-0.16169913152813223
COHFACE_s29_session0_lamp,71,18,71.6,0.4256313145160675,-0.5778798610391936
COHFACE_s29_session0_lamp,71,19,71.63333333333334,0.23589058220386505,-0.9347010283887727
COHFACE_s29_session0_lamp,71,20,71.66666666666667,0.04396520555019379,-1.1627999333220145
COHFACE_s29_session0_lamp,71,21,71.7,-0.13849693536758423,-1.2323418247236957
COHFACE_s29_session0_lamp,71,22,71.73333333333333,-0.28567469120025635,-1.1642323481075636
COHFACE_s29_session0_lamp,71,23,71.76666666666667,-0.38649338483810425,-1.0232060259767783
COHFACE_s29_session0_lamp,71,24,71.8,-0.45873305201530457,-0.8935409076541901
COHFACE_s29_session0_lamp,71,25,71.83333333333333,-0.522315263748169,-0.8447146885926946
COHFACE_s29_session0_lamp,71,26,71.86666666666666,-0.5768721699714661,-0.8999361479992185
COHFACE_s29_session0_lamp,71,27,71.9,-0.6293147802352905,-1.0220907335978957
COHFACE_s29_session0_lamp,71,28,71.93333333333334,-0.689365804195404,-1.126691368938997
COHFACE_s29_session0_lamp,71,29,71.96666666666667,-0.7453665733337402,-1.1199126747593826
COHFACE_s29_session0_lamp,71,30,72.0,-0.7974792718887329,-0.9458208806503633
COHFACE_s29_session0_lamp,71,31,72.03333333333333,-0.8507546782493591,-0.6188610827811936
COHFACE_s29_session0_lamp,71,32,72.06666666666666,-0.8925930261611938,-0.22236701946118098
COHFACE_s29_session0_lamp,71,33,72.1,-0.9324522018432617,0.12903425675872154
COHFACE_s29_session0_lamp,71,34,72.13333333333334,-0.9797738194465637,0.3441007914518805
COHFACE_s29_session0_lamp,71,35,72.16666666666667,-0.9907457232475281,0.39683692472626353
COHFACE_s29_session0_lamp,71,36,72.2,-0.6627821922302246,0.33374282667896316
COHFACE_s29_session0_lamp,71,37,72.23333333333333,0.37115007638931274,0.24512820469642335
COHFACE_s29_session0_lamp,71,38,72.26666666666667,1.5233891010284424,0.21828220446201024
COHFACE_s29_session0_lamp,71,39,72.3,1.9818264245986938,0.2978574306408314
COHFACE_s29_session0_lamp,71,40,72.33333333333333,1.820378065109253,0.4718556152847281
COHFACE_s29_session0_lamp,71,41,72.36666666666666,1.5420506000518799,0.6854576612940567
COHFACE_s29_session0_lamp,71,42,72.4,1.397403597831726,0.8697244475288811
COHFACE_s29_session0_lamp,71,43,72.43333333333334,1.3637253046035767,0.9676625027057036
COHFACE_s29_session0_lamp,71,44,72.46666666666667,1.2790859937667847,0.948431527965378
COHFACE_s29_session0_lamp,71,45,72.5,1.0255467891693115,0.8116805644215589
COHFACE_s29_session0_lamp,71,46,72.53333333333333,0.747527539730072,0.5874484426246017
COHFACE_s29_session0_lamp,71,47,72.56666666666666,0.5734471678733826,0.3325617241957965
COHFACE_s29_session0_lamp,71,48,72.6,0.446477472782135,0.11892206073539863
COHFACE_s29_session0_lamp,71,49,72.63333333333334,0.29570910334587097,0.010191437887702118
COHFACE_s29_session0_lamp,71,50,72.66666666666667,0.10304287821054459,0.03287360275093792
COHFACE_s29_session0_lamp,71,51,72.7,-0.10811180621385574,0.15708763324323358
COHFACE_s29_session0_lamp,71,52,72.73333333333333,-0.2943754494190216,0.3016905094484958
COHFACE_s29_session0_lamp,71,53,72.76666666666667,-0.43413403630256653,0.3666830013736807
COHFACE_s29_session0_lamp,71,54,72.8,-0.5348175168037415,0.27964194054511904
COHFACE_s29_session0_lamp,71,55,72.83333333333333,-0.6050780415534973,0.032895821606198646
COHFACE_s29_session0_lamp,71,56,72.86666666666666,-0.6551899909973145,-0.30838919106447893
COHFACE_s29_session0_lamp,71,57,72.9,-0.7043285369873047,-0.6324101095864489
COHFACE_s29_session0_lamp,71,58,72.93333333333334,-0.756100594997406,-0.8290811639553297
COHFACE_s29_session0_lamp,71,59,72.96666666666667,-0.814913272857666,-0.8376272540210807
COHFACE_s29_session0_lamp,71,60,73.0,-0.880215048789978,-0.671692252452572
COHFACE_s29_session0_lamp,71,61,73.03333333333333,-0.9479989409446716,-0.4117004687415764
COHFACE_s29_session0_lamp,71,62,73.06666666666666,-1.0064764022827148,-0.16952591392077704
COHFACE_s29_session0_lamp,71,63,73.1,-1.043739914894104,-0.04228217941169954
COHFACE_s29_session0_lamp,71,64,73.13333333333334,-1.0627421140670776,-0.07513484203274842
COHFACE_s29_session0_lamp,71,65,73.16666666666667,-1.072697401046753,-0.24711070565845636
COHFACE_s29_session0_lamp,71,66,73.2,-1.0868598222732544,-0.48268943756929505
COHFACE_s29_session0_lamp,71,67,73.23333333333333,-1.1117022037506104,-0.6815605524268231
COHFACE_s29_session0_lamp,71,68,73.26666666666667,-1.0773857831954956,-0.753976968384162
COHFACE_s29_session0_lamp,71,69,73.3,-0.5267386436462402,-0.6499101181025536
COHFACE_s29_session0_lamp,71,70,73.33333333333333,0.73659348487854,-0.37428862426080217
COHFACE_s29_session0_lamp,71,71,73.36666666666666,1.8295493125915527,0.014663320152199748
COHFACE_s29_session0_lamp,71,72,73.4,2.0897560119628906,0.42302652059711937
COHFACE_s29_session0_lamp,71,73,73.43333333333334,1.851022720336914,0.750173886472541
COHFACE_s29_session0_lamp,71,74,73.46666666666667,1.6394193172454834,0.9208995440552773
COHFACE_s29_session0_lamp,71,75,73.5,1.6059139966964722,0.9100071996324495
COHFACE_s29_session0_lamp,71,76,73.53333333333333,1.6181188821792603,0.7495846029897721
COHFACE_s29_session0_lamp,71,77,73.56666666666666,1.4909112453460693,0.5146477429523464
COHFACE_s29_session0_lamp,71,78,73.6,1.1723947525024414,0.2917814604100232
COHFACE_s29_session0_lamp,71,79,73.63333333333334,0.842927873134613,0.14382771069771097
COHFACE_s29_session0_lamp,71,80,73.66666666666667,0.6420691609382629,0.08681367992445892
COHFACE_s29_session0_lamp,71,81,73.7,0.5029000043869019,0.09030620517247816
COHFACE_s29_session0_lamp,71,82,73.73333333333333,0.33624422550201416,0.10052671411576952
COHFACE_s29_session0_lamp,71,83,73.76666666666667,0.13493670523166656,0.0732965266765309
COHFACE_s29_session0_lamp,71,84,73.8,-0.07341144979000092,-0.0014348444298676825
COHFACE_s29_session0_lamp,71,85,73.83333333333333,-0.25734445452690125,-0.09647059478590417
COHFACE_s29_session0_lamp,71,86,73.86666666666666,-0.40447893738746643,-0.16541013331864177
COHFACE_s29_session0_lamp,71,87,73.9,-0.5124139785766602,-0.16954806734649852
COHFACE_s29_session0_lamp,71,88,73.93333333333334,-0.5887526273727417,-0.0984852647787826
COHFACE_s29_session0_lamp,71,89,73.96666666666667,-0.6488144397735596,0.02459276978680515
COHFACE_s29_session0_lamp,71,90,74.0,-0.7101200222969055,0.15261766575070873
COHFACE_s29_session0_lamp,71,91,74.03333333333333,-0.7725287675857544,0.23242223039952822
COHFACE_s29_session0_lamp,71,92,74.06666666666666,-0.833163857460022,0.2229827093734698
COHFACE_s29_session0_lamp,71,93,74.1,-0.8923982977867126,0.1090667844145743
COHFACE_s29_session0_lamp,71,94,74.13333333333334,-0.9490426182746887,-0.09267605701903485
COHFACE_s29_session0_lamp,71,95,74.16666666666667,-1.0002630949020386,-0.3370566510663604
COHFACE_s29_session0_lamp,71,96,74.2,-1.042020320892334,-0.563457956556796
COHFACE_s29_session0_lamp,71,97,74.23333333333333,-1.0703396797180176,-0.7158984697926465
COHFACE_s29_session0_lamp,71,98,74.26666666666667,-1.0914725065231323,-0.7631056934609258
COHFACE_s29_session0_lamp,71,99,74.3,-1.1088416576385498,-0.7097729845462625
COHFACE_s29_session0_lamp,71,100,74.33333333333333,-1.1138219833374023,-0.5930705764435018
COHFACE_s29_session0_lamp,71,101,74.36666666666666,-1.1084306240081787,-0.4649102185685391
COHFACE_s29_session0_lamp,71,102,74.4,-1.1156713962554932,-0.3670823590256977
COHFACE_s29_session0_lamp,71,103,74.43333333333334,-1.1415141820907593,-0.310188253560647
COHFACE_s29_session0_lamp,71,104,74.46666666666667,-1.0966637134552002,-0.2664614217146346
COHFACE_s29_session0_lamp,71,105,74.5,-0.5142309069633484,-0.1810399100171996
COHFACE_s29_session0_lamp,71,106,74.53333333333333,0.7709477543830872,0.001976167526892155
COHFACE_s29_session0_lamp,71,107,74.56666666666666,1.860091209411621,0.309403370927618
COHFACE_s29_session0_lamp,71,108,74.6,2.1218769550323486,0.7179272268156286
COHFACE_s29_session0_lamp,71,109,74.63333333333334,1.886350393295288,1.1521458957911308
COHFACE_s29_session0_lamp,71,110,74.66666666666667,1.6720755100250244,1.5043987560035568
COHFACE_s29_session0_lamp,71,111,74.7,1.6307508945465088,1.6702031275535725
COHFACE_s29_session0_lamp,71,112,74.73333333333333,1.6372400522232056,1.5860843589516866
COHFACE_s29_session0_lamp,71,113,74.76666666666667,1.508896827697754,1.2546566887454542
COHFACE_s29_session0_lamp,71,114,74.8,1.1953822374343872,0.7464261179095881
COHFACE_s29_session0_lamp,71,115,74.83333333333333,0.8711607456207275,0.17716875469480386
COHFACE_s29_session0_lamp,71,116,74.86666666666666,0.6662680506706238,-0.33020278211334736
COHFACE_s29_session0_lamp,71,117,74.9,0.5205016732215881,-0.6844722397884999
COHFACE_s29_session0_lamp,71,118,74.93333333333334,0.35094738006591797,-0.8517721179025952
COHFACE_s29_session0_lamp,71,119,74.96666666666667,0.14233967661857605,-0.8602212884144781
COHFACE_s29_session0_lamp,71,120,75.0,-0.06940444558858871,-0.7832811668214282
COHFACE_s29_session0_lamp,71,121,75.03333333333333,-0.2524181604385376,-0.708113624437567
COHFACE_s29_session0_lamp,71,122,75.06666666666666,-0.38924041390419006,-0.6995805425523504
COHFACE_s29_session0_lamp,71,123,75.1,-0.49322253465652466,-0.7725701964621189
COHFACE_s29_session0_lamp,71,124,75.13333333333334,-0.5780402421951294,-0.8844157414977427
COHFACE_s29_session0_lamp,71,125,75.16666666666667,-0.6444181203842163,-0.9530778287709059
COHFACE_s29_session0_lamp,71,126,75.2,-0.6981639266014099,-0.8955532474614565
COHFACE_s29_session0_lamp,71,127,75.23333333333333,-0.7511526942253113,-0.6701730039620755
COHFACE_s29_session0_lamp,71,128,75.26666666666667,-0.8128314018249512,-0.30270213822975495
COHFACE_s29_session0_lamp,71,129,75.3,-0.8737422227859497,0.11782831290671161
COHFACE_s29_session0_lamp,71,130,75.33333333333333,-0.9290724396705627,0.47383729810013697
COHFACE_s29_session0_lamp,71,131,75.36666666666666,-0.9807309508323669,0.6692990077917326
COHFACE_s29_session0_lamp,71,132,75.4,-1.018513560295105,0.6709072502065189
COHFACE_s29_session0_lamp,71,133,75.43333333333334,-1.043026089668274,0.519664695092429
COHFACE_s29_session0_lamp,71,134,75.46666666666667,-1.0581673383712769,0.3084386672173728
COHFACE_s29_session0_lamp,71,135,75.5,-1.0699396133422852,0.1388994249391661
COHFACE_s29_session0_lamp,71,136,75.53333333333333,-1.0716159343719482,0.07942551281370962
COHFACE_s29_session0_lamp,71,137,75.56666666666666,-1.0616822242736816,0.1419032926058892
COHFACE_s29_session0_lamp,71,138,75.6,-1.058453917503357,0.2844114973471006
COHFACE_s29_session0_lamp,71,139,75.63333333333334,-1.0711995363235474,0.4349512140729718
COHFACE_s29_session0_lamp,71,140,75.66666666666667,-1.0878115892410278,0.5239200823182
COHFACE_s29_session0_lamp,71,141,75.7,-0.9052467346191406,0.5118407722327883
COHFACE_s29_session0_lamp,71,142,75.73333333333333,-0.07176214456558228,0.4028412192800453
COHFACE_s29_session0_lamp,71,143,75.76666666666667,1.119065284729004,0.24069547595550558
COHFACE_s29_session0_lamp,71,144,75.8,1.7985748052597046,0.09012964165011983
COHFACE_s29_session0_lamp,71,145,75.83333333333333,1.7674920558929443,0.010472597030168718
COHFACE_s29_session0_lamp,71,146,75.86666666666666,1.4810423851013184,0.031193030725285682
COHFACE_s29_session0_lamp,71,147,75.9,1.297974705696106,0.13859854547465342
COHFACE_s29_session0_lamp,71,148,75.93333333333334,1.2691415548324585,0.27943657653810383
COHFACE_s29_session0_lamp,71,149,75.96666666666667,1.2444829940795898,0.3809336487881404
COHFACE_s29_session0_lamp,71,150,76.0,1.0592900514602661,0.37994052328141176
COHFACE_s29_session0_lamp,71,151,76.03333333333333,0.8223628997802734,0.2495284330239604
COHFACE_s29_session0_lamp,71,152,76.06666666666666,0.6789217591285706,0.011986023151491432
COHFACE_s29_session0_lamp,71,153,76.1,0.5690886378288269,-0.26765417507705325
COHFACE_s29_session0_lamp,71,154,76.13333333333334,0.42770782113075256,-0.5058689906753809
COHFACE_s29_session0_lamp,71,155,76.16666666666667,0.23931357264518738,-0.6337308837873413
COHFACE_s29_session0_lamp,71,156,76.2,0.03219833970069885,-0.6256171988452129
COHFACE_s29_session0_lamp,71,157,76.23333333333333,-0.15308113396167755,-0.51120842545633
COHFACE_s29_session0_lamp,71,158,76.26666666666667,-0.3103223741054535,-0.3647486759868355
COHFACE_s29_session0_lamp,71,159,76.3,-0.429256409406662,-0.2747919246185725
COHFACE_s29_session0_lamp,71,160,76.33333333333333,-0.5027398467063904,-0.30600810347037755
COHFACE_s29_session0_lamp,71,161,76.36666666666666,-0.553533136844635,-0.4686878589318958
COHFACE_s29_session0_lamp,71,162,76.4,-0.6025635600090027,-0.7094358206163477
COHFACE_s29_session0_lamp,71,163,76.43333333333334,-0.6498851776123047,-0.9284357845215233
COHFACE_s29_session0_lamp,71,164,76.46666666666667,-0.7015490531921387,-1.0174675418969799
COHFACE_s29_session0_lamp,71,165,76.5,-0.7597615122795105,-0.9037356331728922
COHFACE_s29_session0_lamp,71,166,76.53333333333333,-0.8186715841293335,-0.5818616721613681
COHFACE_s29_session0_lamp,71,167,76.56666666666666,-0.8714331984519958,-0.12059945087537687
COHFACE_s29_session0_lamp,71,168,76.6,-0.9176895022392273,0.3599896067932959
COHFACE_s29_session0_lamp,71,169,76.63333333333334,-0.9517247676849365,0.7335374973500798
COHFACE_s29_session0_lamp,71,170,76.66666666666667,-0.982634425163269,0.916838485640663
COHFACE_s29_session0_lamp,71,171,76.7,-1.0185461044311523,0.9022014671307982
COHFACE_s29_session0_lamp,71,172,76.73333333333333,-0.9144504070281982,0.7571500534085747
COHFACE_s29_session0_lamp,71,173,76.76666666666667,-0.2214057445526123,0.5905951301832942
COHFACE_s29_session0_lamp,71,174,76.8,0.9667719602584839,0.5014580391437214
COHFACE_s29_session0_lamp,71,175,76.83333333333333,1.7915016412734985,0.5346481625775406
COHFACE_s29_session0_lamp,71,176,76.86666666666666,1.8921743631362915,0.6642530764956696
COHFACE_s29_session0_lamp,71,177,76.9,1.6521973609924316,0.8093252913329615
COHFACE_s29_session0_lamp,71,178,76.93333333333334,1.480117678642273,0.8728343211613961
COHFACE_s29_session0_lamp,71,179,76.96666666666667,1.4524633884429932,0.7854431954546879
COHFACE_s29_session0_lamp,71,180,77.0,1.4348455667495728,0.5353629584318436
COHFACE_s29_session0_lamp,71,181,77.03333333333333,1.2626903057098389,0.1730616291087448
COHFACE_s29_session0_lamp,71,182,77.06666666666666,0.9491865634918213,-0.20869274680492317
COHFACE_s29_session0_lamp,71,183,77.1,0.683685839176178,-0.509235558773975
COHFACE_s29_session0_lamp,71,184,77.13333333333334,0.5331823825836182,-0.655217198513572
COHFACE_s29_session0_lamp,71,185,77.16666666666667,0.4081648588180542,-0.6250188180089347
COHFACE_s29_session0_lamp,71,186,77.2,0.24479684233665466,-0.45521066803869525
COHFACE_s29_session0_lamp,71,187,77.23333333333333,0.041120823472738266,-0.22709118912803872
COHFACE_s29_session0_lamp,71,188,77.26666666666667,-0.16063010692596436,-0.03685810102567822
COHFACE_s29_session0_lamp,71,189,77.3,-0.3244577646255493,0.04139116702445445
COHFACE_s29_session0_lamp,71,190,77.33333333333333,-0.4573162794113159,-0.013906715491697225
COHFACE_s29_session0_lamp,71,191,77.36666666666666,-0.5572426915168762,-0.16202359960468785
COHFACE_s29_session0_lamp,71,192,77.4,-0.6210087537765503,-0.31856182827265267
COHFACE_s29_session0_lamp,71,193,77.43333333333334,-0.6721481084823608,-0.39731231085035895
COHFACE_s29_session0_lamp,71,194,77.46666666666667,-0.7300902009010315,-0.3560690552343993
COHFACE_s29_session0_lamp,71,195,77.5,-0.7863667607307434,-0.2216425210144039
COHFACE_s29_session0_lamp,71,196,77.53333333333333,-0.841015636920929,-0.0788023189658683
COHFACE_s29_session0_lamp,71,197,77.56666666666666,-0.9004718065261841,-0.027507206558690524
COHFACE_s29_session0_lamp,71,198,77.6,-0.9557641744613647,-0.13086204951336172
COHFACE_s29_session0_lamp,71,199,77.63333333333334,-1.0031344890594482,-0.3810318853166936
COHFACE_s29_session0_lamp,71,200,77.66666666666667,-1.0425772666931152,-0.6984924302231869
COHFACE_s29_session0_lamp,71,201,77.7,-1.0688202381134033,-0.962029232922948
COHFACE_s29_session0_lamp,71,202,77.73333333333333,-1.0789539813995361,-1.055153525303816
COHFACE_s29_session0_lamp,71,203,77.76666666666667,-1.081376552581787,-0.910915269147114
COHFACE_s29_session0_lamp,71,204,77.8,-1.0836964845657349,-0.538587130270619
COHFACE_s29_session0_lamp,71,205,77.83333333333333,-1.1018712520599365,-0.022176453573351313
COHFACE_s29_session0_lamp,71,206,77.86666666666666,-1.117136836051941,0.5084391122856643
COHFACE_s29_session0_lamp,71,207,77.9,-0.8678047060966492,0.9223298895615277
COHFACE_s29_session0_lamp,71,208,77.93333333333334,0.1194656565785408,1.131397675844291
COHFACE_s29_session0_lamp,71,209,77.96666666666667,1.3919203281402588,1.1176820502579934
COHFACE_s29_session0_lamp,71,210,78.0,2.0458736419677734,0.9350956275008313
COHFACE_s29_session0_lamp,71,211,78.03333333333333,1.992814540863037,0.6857519515796293
COHFACE_s29_session0_lamp,71,212,78.06666666666666,1.7345870733261108,0.4795787938671158
COHFACE_s29_session0_lamp,71,213,78.1,1.6151609420776367,0.3915942305878787
COHFACE_s29_session0_lamp,71,214,78.13333333333334,1.6213417053222656,0.43263681278249044
COHFACE_s29_session0_lamp,71,215,78.16666666666667,1.5900157690048218,0.5456325168220078
COHFACE_s29_session0_lamp,71,216,78.2,1.3733453750610352,0.6308227105209234
COHFACE_s29_session0_lamp,71,217,78.23333333333333,1.0283966064453125,0.5914777613140298
COHFACE_s29_session0_lamp,71,218,78.26666666666667,0.7561634182929993,0.38078215162628426
COHFACE_s29_session0_lamp,71,219,78.3,0.5962616801261902,0.027726746327710054
COHFACE_s29_session0_lamp,71,220,78.33333333333333,0.45129022002220154,-0.3712568470318755
COHFACE_s29_session0_lamp,71,221,78.36666666666666,0.2664000689983368,-0.691970132290097
COHFACE_s29_session0_lamp,71,222,78.4,0.05920913815498352,-0.8355181041733546
COHFACE_s29_session0_lamp,71,223,78.43333333333334,-0.1347440779209137,-0.7704208629949162
COHFACE_s29_session0_lamp,71,224,78.46666666666667,-0.298782616853714,-0.544627186530394
COHFACE_s29_session0_lamp,71,225,78.5,-0.4325496256351471,-0.2625855601236663
COHFACE_s29_session0_lamp,71,226,78.53333333333333,-0.534163236618042,-0.039097191311058016
COHFACE_s29_session0_lamp,71,227,78.56666666666666,-0.6083171963691711,0.04779797622067824
COHFACE_s29_session0_lamp,71,228,78.6,-0.6653940677642822,-0.016377681875895004
COHFACE_s29_session0_lamp,71,229,78.63333333333334,-0.7247421145439148,-0.18580367835725442
COHFACE_s29_session0_lamp,71,230,78.66666666666667,-0.7881782650947571,-0.38178063503126447
COHFACE_s29_session0_lamp,71,231,78.7,-0.8492621779441833,-0.527866361361137
COHFACE_s29_session0_lamp,71,232,78.73333333333333,-0.9072366952896118,-0.5765767211555558
COHFACE_s29_session0_lamp,71,233,78.76666666666667,-0.9619558453559875,-0.5195985704686238
COHFACE_s29_session0_lamp,71,234,78.8,-1.0100454092025757,-0.3824955457446123
COHFACE_s29_session0_lamp,71,235,78.83333333333333,-1.0509319305419922,-0.21007415193036663
COHFACE_s29_session0_lamp,71,236,78.86666666666666,-1.07517409324646,-0.04891354863007272
COHFACE_s29_session0_lamp,71,237,78.9,-1.0928784608840942,0.06810462611989576
COHFACE_s29_session0_lamp,71,238,78.93333333333334,-1.108711838722229,0.13132537800969157
COHFACE_s29_session0_lamp,71,239,78.96666666666667,-1.1091877222061157,0.1550385646710562
COHFACE_s29_session0_lamp,72,0,72.0,-0.7974792718887329,-0.0483179998532948
COHFACE_s29_session0_lamp,72,1,72.03333333333333,-0.8507546782493591,0.2717179529053462
COHFACE_s29_session0_lamp,72,2,72.06666666666666,-0.8925930261611938,0.5449236688372424
COHFACE_s29_session0_lamp,72,3,72.1,-0.9324522018432617,0.7377542538873914
COHFACE_s29_session0_lamp,72,4,72.13333333333334,-0.9797738194465637,0.8425646117248669
COHFACE_s29_session0_lamp,72,5,72.16666666666667,-0.9907457232475281,0.8787881719122281
COHFACE_s29_session0_lamp,72,6,72.2,-0.6627821922302246,0.8832435094956615
COHFACE_s29_session0_lamp,72,7,72.23333333333333,0.37115007638931274,0.8932080718014062
COHFACE_s29_session0_lamp,72,8,72.26666666666667,1.5233891010284424,0.9299194476248596
COHFACE_s29_session0_lamp,72,9,72.3,1.9818264245986938,0.9905818282597284
COHFACE_s29_session0_lamp,72,10,72.33333333333333,1.820378065109253,1.0530756276810245
COHFACE_s29_session0_lamp,72,11,72.36666666666666,1.5420506000518799,1.0904386257025465
COHFACE_s29_session0_lamp,72,12,72.4,1.397403597831726,1.0854975425851947
COHFACE_s29_session0_lamp,72,13,72.43333333333334,1.3637253046035767,1.0359698591935298
COHFACE_s29_session0_lamp,72,14,72.46666666666667,1.2790859937667847,0.9486752055431417
COHFACE_s29_session0_lamp,72,15,72.5,1.0255467891693115,0.8301856035131413
COHFACE_s29_session0_lamp,72,16,72.53333333333333,0.747527539730072,0.6821161219665514
COHFACE_s29_session0_lamp,72,17,72.56666666666666,0.5734471678733826,0.5035705444354881
COHFACE_s29_session0_lamp,72,18,72.6,0.446477472782135,0.29710111745343304
COHFACE_s29_session0_lamp,72,19,72.63333333333334,0.29570910334587097,0.07237658621358564
COHFACE_s29_session0_lamp,72,20,72.66666666666667,0.10304287821054459,-0.15550380608582576
COHFACE_s29_session0_lamp,72,21,72.7,-0.10811180621385574,-0.3715448755211324
COHFACE_s29_session0_lamp,72,22,72.73333333333333,-0.2943754494190216,-0.5661860441575579
COHFACE_s29_session0_lamp,72,23,72.76666666666667,-0.43413403630256653,-0.7370127051821077
COHFACE_s29_session0_lamp,72,24,72.8,-0.5348175168037415,-0.8861742834862756
COHFACE_s29_session0_lamp,72,25,72.83333333333333,-0.6050780415534973,-1.0156338187595368
COHFACE_s29_session0_lamp,72,26,72.86666666666666,-0.6551899909973145,-1.1234654995461018
COHFACE_s29_session0_lamp,72,27,72.9,-0.7043285369873047,-1.2034036173351252
COHFACE_s29_session0_lamp,72,28,72.93333333333334,-0.756100594997406,-1.2475835383687615
COHFACE_s29_session0_lamp,72,29,72.96666666666667,-0.814913272857666,-1.250460832679554
COHFACE_s29_session0_lamp,72,30,73.0,-0.880215048789978,-1.2114633968594115
COHFACE_s29_session0_lamp,72,31,73.03333333333333,-0.9479989409446716,-1.1349973073594457
COHFACE_s29_session0_lamp,72,32,73.06666666666666,-1.0064764022827148,-1.0281122160184732
COHFACE_s29_session0_lamp,72,33,73.1,-1.043739914894104,-0.897381109113262
COHFACE_s29_session0_lamp,72,34,73.13333333333334,-1.0627421140670776,-0.7466974204101332
COHFACE_s29_session0_lamp,72,35,73.16666666666667,-1.072697401046753,-0.5768725448703057
COHFACE_s29_session0_lamp,72,36,73.2,-1.0868598222732544,-0.38679767849468727
COHFACE_s29_session0_lamp,72,37,73.23333333333333,-1.1117022037506104,-0.17528286109052874
COHFACE_s29_session0_lamp,72,38,73.26666666666667,-1.0773857831954956,0.05716426931324519
COHFACE_s29_session0_lamp,72,39,73.3,-0.5267386436462402,0.3068610548737503
COHFACE_s29_session0_lamp,72,40,73.33333333333333,0.73659348487854,0.5657908448290088
COHFACE_s29_session0_lamp,72,41,73.36666666666666,1.8295493125915527,0.8209436590867258
COHFACE_s29_session0_lamp,72,42,73.4,2.0897560119628906,1.0546255362689025
COHFACE_s29_session0_lamp,72,43,73.43333333333334,1.851022720336914,1.24625925391298
COHFACE_s29_session0_lamp,72,44,73.46666666666667,1.6394193172454834,1.3758275786706722
COHFACE_s29_session0_lamp,72,45,73.5,1.6059139966964722,1.4284879961176729
COHFACE_s29_session0_lamp,72,46,73.53333333333333,1.6181188821792603,1.3992354785001326
COHFACE_s29_session0_lamp,72,47,73.56666666666666,1.4909112453460693,1.2957558454499314
COHFACE_s29_session0_lamp,72,48,73.6,1.1723947525024414,1.137244999109031
COHFACE_s29_session0_lamp,72,49,73.63333333333334,0.842927873134613,0.948426062684147
COHFACE_s29_session0_lamp,72,50,73.66666666666667,0.6420691609382629,0.7513515988918069
COHFACE_s29_session0_lamp,72,51,73.7,0.5029000043869019,0.5596662411750005
COHFACE_s29_session0_lamp,72,52,73.73333333333333,0.33624422550201416,0.37823952224529195
COHFACE_s29_session0_lamp,72,53,73.76666666666667,0.13493670523166656,0.2071061570416996
COHFACE_s29_session0_lamp,72,54,73.8,-0.07341144979000092,0.04589199464474852
COHFACE_s29_session0_lamp,72,55,73.83333333333333,-0.25734445452690125,-0.10460618066156754
COHFACE_s29_session0_lamp,72,56,73.86666666666666,-0.40447893738746643,-0.24379929874194642
COHFACE_s29_session0_lamp,72,57,73.9,-0.5124139785766602,-0.37304804467063823
COHFACE_s29_session0_lamp,72,58,73.93333333333334,-0.5887526273727417,-0.495546947656031
COHFACE_s29_session0_lamp,72,59,73.96666666666667,-0.6488144397735596,-0.6143897455920228
COHFACE_s29_session0_lamp,72,60,74.0,-0.7101200222969055,-0.7304435370630952
COHFACE_s29_session0_lamp,72,61,74.03333333333333,-0.7725287675857544,-0.8415688391745747
COHFACE_s29_session0_lamp,72,62,74.06666666666666,-0.833163857460022,-0.943430821728162
COHFACE_s29_session0_lamp,72,63,74.1,-0.8923982977867126,-1.0309394654045017
COHFACE_s29_session0_lamp,72,64,74.13333333333334,-0.9490426182746887,-1.0992305867783831
COHFACE_s29_session0_lamp,72,65,74.16666666666667,-1.0002630949020386,-1.1438131525023443
COHFACE_s29_session0_lamp,72,66,74.2,-1.042020320892334,-1.1602428235483238
COHFACE_s29_session0_lamp,72,67,74.23333333333333,-1.0703396797180176,-1.143920943530015
COHFACE_s29_session0_lamp,72,68,74.26666666666667,-1.0914725065231323,-1.0903076684014468
COHFACE_s29_session0_lamp,72,69,74.3,-1.1088416576385498,-0.9953523967218441
COHFACE_s29_session0_lamp,72,70,74.33333333333333,-1.1138219833374023,-0.8557476370835434
COHFACE_s29_session0_lamp,72,71,74.36666666666666,-1.1084306240081787,-0.6688879314016422
COHFACE_s29_session0_lamp,72,72,74.4,-1.1156713962554932,-0.4329713573523604
COHFACE_s29_session0_lamp,72,73,74.43333333333334,-1.1415141820907593,-0.14800148258282886
COHFACE_s29_session0_lamp,72,74,74.46666666666667,-1.0966637134552002,0.18190316472289933
COHFACE_s29_session0_lamp,72,75,74.5,-0.5142309069633484,0.5454746845841966
COHFACE_s29_session0_lamp,72,76,74.53333333333333,0.7709477543830872,0.9221582752258703
COHFACE_s29_session0_lamp,72,77,74.56666666666666,1.860091209411621,1.2825752867986022
COHFACE_s29_session0_lamp,72,78,74.6,2.1218769550323486,1.5920509469731792
COHFACE_s29_session0_lamp,72,79,74.63333333333334,1.886350393295288,1.8162144682539774
COHFACE_s29_session0_lamp,72,80,74.66666666666667,1.6720755100250244,1.9271719668565603
COHFACE_s29_session0_lamp,72,81,74.7,1.6307508945465088,1.9090051129791463
COHFACE_s29_session0_lamp,72,82,74.73333333333333,1.6372400522232056,1.7616114011591326
COHFACE_s29_session0_lamp,72,83,74.76666666666667,1.508896827697754,1.5018717931173897
COHFACE_s29_session0_lamp,72,84,74.8,1.1953822374343872,1.1611498385986805
COHFACE_s29_session0_lamp,72,85,74.83333333333333,0.8711607456207275,0.7790618727436446
COHFACE_s29_session0_lamp,72,86,74.86666666666666,0.6662680506706238,0.3953457664636244
COHFACE_s29_session0_lamp,72,87,74.9,0.5205016732215881,0.04268026694235969
COHFACE_s29_session0_lamp,72,88,74.93333333333334,0.35094738006591797,-0.25777601799205674
COHFACE_s29_session0_lamp,72,89,74.96666666666667,0.14233967661857605,-0.498002178658814
COHFACE_s29_session0_lamp,72,90,75.0,-0.06940444558858871,-0.682166769288275
COHFACE_s29_session0_lamp,72,91,75.03333333333333,-0.2524181604385376,-0.8230818722853646
COHFACE_s29_session0_lamp,72,92,75.06666666666666,-0.38924041390419006,-0.9363486928311977
COHFACE_s29_session0_lamp,72,93,75.1,-0.49322253465652466,-1.0337018327296021
COHFACE_s29_session0_lamp,72,94,75.13333333333334,-0.5780402421951294,-1.1182951127635077
COHFACE_s29_session0_lamp,72,95,75.16666666666667,-0.6444181203842163,-1.1843487295812012
COHFACE_s29_session0_lamp,72,96,75.2,-0.6981639266014099,-1.2211640735099947
COHFACE_s29_session0_lamp,72,97,75.23333333333333,-0.7511526942253113,-1.2188849169002907
COHFACE_s29_session0_lamp,72,98,75.26666666666667,-0.8128314018249512,-1.1727012145887796
COHFACE_s29_session0_lamp,72,99,75.3,-0.8737422227859497,-1.0836445832384176
COHFACE_s29_session0_lamp,72,100,75.33333333333333,-0.9290724396705627,-0.9564998982470574
COHFACE_s29_session0_lamp,72,101,75.36666666666666,-0.9807309508323669,-0.7971143089545625
COHFACE_s29_session0_lamp,72,102,75.4,-1.018513560295105,-0.6114373345485701
COHFACE_s29_session0_lamp,72,103,75.43333333333334,-1.043026089668274,-0.40695029573792213
COHFACE_s29_session0_lamp,72,104,75.46666666666667,-1.0581673383712769,-0.19482681430582718
COHFACE_s29_session0_lamp,72,105,75.5,-1.0699396133422852,0.009947670441930817
COHFACE_s29_session0_lamp,72,106,75.53333333333333,-1.0716159343719482,0.19206475397445508
COHFACE_s29_session0_lamp,72,107,75.56666666666666,-1.0616822242736816,0.34187748629394643
COHFACE_s29_session0_lamp,72,108,75.6,-1.058453917503357,0.46048697938531047
COHFACE_s29_session0_lamp,72,109,75.63333333333334,-1.0711995363235474,0.5602491444751272
COHFACE_s29_session0_lamp,72,110,75.66666666666667,-1.0878115892410278,0.6592153144334019
COHFACE_s29_session0_lamp,72,111,75.7,-0.9052467346191406,0.7716388296313093
COHFACE_s29_session0_lamp,72,112,75.73333333333333,-0.07176214456558228,0.8995928596842292
COHFACE_s29_session0_lamp,72,113,75.76666666666667,1.119065284729004,1.0306604720985184
COHFACE_s29_session0_lamp,72,114,75.8,1.7985748052597046,1.143038759132934
COHFACE_s29_session0_lamp,72,115,75.83333333333333,1.7674920558929443,1.2147839233085973
COHFACE_s29_session0_lamp,72,116,75.86666666666666,1.4810423851013184,1.231632813220268
COHFACE_s29_session0_lamp,72,117,75.9,1.297974705696106,1.18936634824691
COHFACE_s29_session0_lamp,72,118,75.93333333333334,1.2691415548324585,1.090932876823599
COHFACE_s29_session0_lamp,72,119,75.96666666666667,1.2444829940795898,0.9420112649137203
COHFACE_s29_session0_lamp,72,120,76.0,1.0592900514602661,0.7486513819891801
COHFACE_s29_session0_lamp,72,121,76.03333333333333,0.8223628997802734,0.5180436837855448
COHFACE_s29_session0_lamp,72,122,76.06666666666666,0.6789217591285706,0.26088242903199554
COHFACE_s29_session0_lamp,72,123,76.1,0.5690886378288269,-0.00732708638357062
COHFACE_s29_session0_lamp,72,124,76.13333333333334,0.42770782113075256,-0.2679691729613459
COHFACE_s29_session0_lamp,72,125,76.16666666666667,0.23931357264518738,-0.5038885142136379
COHFACE_s29_session0_lamp,72,126,76.2,0.03219833970069885,-0.7044206495149118
COHFACE_s29_session0_lamp,72,127,76.23333333333333,-0.15308113396167755,-0.867777668506095
COHFACE_s29_session0_lamp,72,128,76.26666666666667,-0.3103223741054535,-0.999331699570379
COHFACE_s29_session0_lamp,72,129,76.3,-0.429256409406662,-1.1068946039423018
COHFACE_s29_session0_lamp,72,130,76.33333333333333,-0.5027398467063904,-1.1955782330547065
COHFACE_s29_session0_lamp,72,131,76.36666666666666,-0.553533136844635,-1.2645490841554758
COHFACE_s29_session0_lamp,72,132,76.4,-0.6025635600090027,-1.3065386894462636
COHFACE_s29_session0_lamp,72,133,76.43333333333334,-0.6498851776123047,-1.3096658512084594
COHFACE_s29_session0_lamp,72,134,76.46666666666667,-0.7015490531921387,-1.260822418636304
COHFACE_s29_session0_lamp,72,135,76.5,-0.7597615122795105,-1.1499593881672845
COHFACE_s29_session0_lamp,72,136,76.53333333333333,-0.8186715841293335,-0.9742702886286883
COHFACE_s29_session0_lamp,72,137,76.56666666666666,-0.8714331984519958,-0.7408121445655603
COHFACE_s29_session0_lamp,72,138,76.6,-0.9176895022392273,-0.46623577552934264
COHFACE_s29_session0_lamp,72,139,76.63333333333334,-0.9517247676849365,-0.17318955530947852
COHFACE_s29_session0_lamp,72,140,76.66666666666667,-0.982634425163269,0.11566394463547953
COHFACE_s29_session0_lamp,72,141,76.7,-1.0185461044311523,0.38371373933036834
COHFACE_s29_session0_lamp,72,142,76.73333333333333,-0.9144504070281982,0.6236296407062566
COHFACE_s29_session0_lamp,72,143,76.76666666666667,-0.2214057445526123,0.8358571566373546
COHFACE_s29_session0_lamp,72,144,76.8,0.9667719602584839,1.0230813727348964
COHFACE_s29_session0_lamp,72,145,76.83333333333333,1.7915016412734985,1.1837797734460407
COHFACE_s29_session0_lamp,72,146,76.86666666666666,1.8921743631362915,1.30849145059792
COHFACE_s29_session0_lamp,72,147,76.9,1.6521973609924316,1.3810919008712266
COHFACE_s29_session0_lamp,72,148,76.93333333333334,1.480117678642273,1.385070984039812
COHFACE_s29_session0_lamp,72,149,76.96666666666667,1.4524633884429932,1.312095995715634
COHFACE_s29_session0_lamp,72,150,77.0,1.4348455667495728,1.168056936059925
COHFACE_s29_session0_lamp,72,151,77.03333333333333,1.2626903057098389,0.9725701667668024
COHFACE_s29_session0_lamp,72,152,77.06666666666666,0.9491865634918213,0.7521033934819744
COHFACE_s29_session0_lamp,72,153,77.1,0.683685839176178,0.5310435766369048
COHFACE_s29_session0_lamp,72,154,77.13333333333334,0.5331823825836182,0.32560186336679275
COHFACE_s29_session0_lamp,72,155,77.16666666666667,0.4081648588180542,0.14268119480002886
COHFACE_s29_session0_lamp,72,156,77.2,0.24479684233665466,-0.01765950851727088
COHFACE_s29_session0_lamp,72,157,77.23333333333333,0.041120823472738266,-0.15905724245444916
COHFACE_s29_session0_lamp,72,158,77.26666666666667,-0.16063010692596436,-0.28666938294318073
COHFACE_s29_session0_lamp,72,159,77.3,-0.3244577646255493,-0.4056294088341802
COHFACE_s29_session0_lamp,72,160,77.33333333333333,-0.4573162794113159,-0.5193741897601035
COHFACE_s29_session0_lamp,72,161,77.36666666666666,-0.5572426915168762,-0.6281126426962788
COHFACE_s29_session0_lamp,72,162,77.4,-0.6210087537765503,-0.7286560183076206
COHFACE_s29_session0_lamp,72,163,77.43333333333334,-0.6721481084823608,-0.816423960939099
COHFACE_s29_session0_lamp,72,164,77.46666666666667,-0.7300902009010315,-0.8886742542890252
COHFACE_s29_session0_lamp,72,165,77.5,-0.7863667607307434,-0.9466430527416352
COHFACE_s29_session0_lamp,72,166,77.53333333333333,-0.841015636920929,-0.9948482365896014
COHFACE_s29_session0_lamp,72,167,77.56666666666666,-0.9004718065261841,-1.0376506687643359
COHFACE_s29_session0_lamp,72,168,77.6,-0.9557641744613647,-1.0747663061133643
COHFACE_s29_session0_lamp,72,169,77.63333333333334,-1.0031344890594482,-1.0980110288748555
COHFACE_s29_session0_lamp,72,170,77.66666666666667,-1.0425772666931152,-1.0911035057713314
COHFACE_s29_session0_lamp,72,171,77.7,-1.0688202381134033,-1.0332418070974176
COHFACE_s29_session0_lamp,72,172,77.73333333333333,-1.0789539813995361,-0.9058079490745783
COHFACE_s29_session0_lamp,72,173,77.76666666666667,-1.081376552581787,-0.7000020416912746
COHFACE_s29_session0_lamp,72,174,77.8,-1.0836964845657349,-0.42195116177816133
COHFACE_s29_session0_lamp,72,175,77.83333333333333,-1.1018712520599365,-0.0923466873090672
COHFACE_s29_session0_lamp,72,176,77.86666666666666,-1.117136836051941,0.25946373774314696
COHFACE_s29_session0_lamp,72,177,77.9,-0.8678047060966492,0.6036289076773257
COHFACE_s29_session0_lamp,72,178,77.93333333333334,0.1194656565785408,0.9156180250801177
COHFACE_s29_session0_lamp,72,179,77.96666666666667,1.3919203281402588,1.1772581382538683
COHFACE_s29_session0_lamp,72,180,78.0,2.0458736419677734,1.3747716930563063
COHFACE_s29_session0_lamp,72,181,78.03333333333333,1.992814540863037,1.4979192104177548
COHFACE_s29_session0_lamp,72,182,78.06666666666666,1.7345870733261108,1.5421729032015439
COHFACE_s29_session0_lamp,72,183,78.1,1.6151609420776367,1.5117802477418825
COHFACE_s29_session0_lamp,72,184,78.13333333333334,1.6213417053222656,1.419806678840396
COHFACE_s29_session0_lamp,72,185,78.16666666666667,1.5900157690048218,1.2832939512788701
COHFACE_s29_session0_lamp,72,186,78.2,1.3733453750610352,1.1159658618714883
COHFACE_s29_session0_lamp,72,187,78.23333333333333,1.0283966064453125,0.923598586600795
COHFACE_s29_session0_lamp,72,188,78.26666666666667,0.7561634182929993,0.7055316175426145
COHFACE_s29_session0_lamp,72,189,78.3,0.5962616801261902,0.46125114941208684
COHFACE_s29_session0_lamp,72,190,78.33333333333333,0.45129022002220154,0.19714777652199478
COHFACE_s29_session0_lamp,72,191,78.36666666666666,0.2664000689983368,-0.07155101371189682
COHFACE_s29_session0_lamp,72,192,78.4,0.05920913815498352,-0.3247860385923857
COHFACE_s29_session0_lamp,72,193,78.43333333333334,-0.1347440779209137,-0.5444395050188365
COHFACE_s29_session0_lamp,72,194,78.46666666666667,-0.298782616853714,-0.7196254080603464
COHFACE_s29_session0_lamp,72,195,78.5,-0.4325496256351471,-0.84816247212241
COHFACE_s29_session0_lamp,72,196,78.53333333333333,-0.534163236618042,-0.9345720188171168
COHFACE_s29_session0_lamp,72,197,78.56666666666666,-0.6083171963691711,-0.9866354914110195
COHFACE_s29_session0_lamp,72,198,78.6,-0.6653940677642822,-1.0125582877037616
COHFACE_s29_session0_lamp,72,199,78.63333333333334,-0.7247421145439148,-1.0195802308301385
COHFACE_s29_session0_lamp,72,200,78.66666666666667,-0.7881782650947571,-1.0135343452071974
COHFACE_s29_session0_lamp,72,201,78.7,-0.8492621779441833,-0.9983646105620385
COHFACE_s29_session0_lamp,72,202,78.73333333333333,-0.9072366952896118,-0.975234022076306
COHFACE_s29_session0_lamp,72,203,78.76666666666667,-0.9619558453559875,-0.9418148977494062
COHFACE_s29_session0_lamp,72,204,78.8,-1.0100454092025757,-0.89267639942267
COHFACE_s29_session0_lamp,72,205,78.83333333333333,-1.0509319305419922,-0.8210889266020183
COHFACE_s29_session0_lamp,72,206,78.86666666666666,-1.07517409324646,-0.7214999004309474
COHFACE_s29_session0_lamp,72,207,78.9,-1.0928784608840942,-0.5913228602156756
COHFACE_s29_session0_lamp,72,208,78.93333333333334,-1.108711838722229,-0.43113993429455905
COHFACE_s29_session0_lamp,72,209,78.96666666666667,-1.1091877222061157,-0.24359345919579303
COHFACE_s29_session0_lamp,72,210,79.0,-1.1001137495040894,-0.03223175906372354
COHFACE_s29_session0_lamp,72,211,79.03333333333333,-1.1039801836013794,0.19844397772939723
COHFACE_s29_session0_lamp,72,212,79.06666666666666,-1.1255239248275757,0.4416280780551207
COHFACE_s29_session0_lamp,72,213,79.1,-1.1230202913284302,0.686777457502118
COHFACE_s29_session0_lamp,72,214,79.13333333333334,-0.7735183835029602,0.9196810384391834
COHFACE_s29_session0_lamp,72,215,79.16666666666667,0.32104894518852234,1.1245902886291332
COHFACE_s29_session0_lamp,72,216,79.2,1.5560129880905151,1.287224523198181
COHFACE_s29_session0_lamp,72,217,79.23333333333333,2.101858139038086,1.3966732974468123
COHFACE_s29_session0_lamp,72,218,79.26666666666667,1.986352562904358,1.4453380096944972
COHFACE_s29_session0_lamp,72,219,79.3,1.730715274810791,1.4278762238610778
COHFACE_s29_session0_lamp,72,220,79.33333333333333,1.6315999031066895,1.3408828724254513
COHFACE_s29_session0_lamp,72,221,79.36666666666666,1.6407711505889893,1.1843023655703395
COHFACE_s29_session0_lamp,72,222,79.4,1.591719150543213,0.963984160614012
COHFACE_s29_session0_lamp,72,223,79.43333333333334,1.3571118116378784,0.6935720139558661
COHFACE_s29_session0_lamp,72,224,79.46666666666667,1.039092779159546,0.39398361467150567
COHFACE_s29_session0_lamp,72,225,79.5,0.8054858446121216,0.0900532973324202
COHFACE_s29_session0_lamp,72,226,79.53333333333333,0.6577349305152893,-0.19438189561699196
COHFACE_s29_session0_lamp,72,227,79.56666666666666,0.5082156658172607,-0.44080216942009837
COHFACE_s29_session0_lamp,72,228,79.6,0.31216973066329956,-0.6381740653847268
COHFACE_s29_session0_lamp,72,229,79.63333333333334,0.09787324070930481,-0.7827482881588758
COHFACE_s29_session0_lamp,72,230,79.66666666666667,-0.09482000768184662,-0.8762605804348557
COHFACE_s29_session0_lamp,72,231,79.7,-0.25317519903182983,-0.9236084687509625
COHFACE_s29_session0_lamp,72,232,79.73333333333333,-0.3737855851650238,-0.9308577021280056
COHFACE_s29_session0_lamp,72,233,79.76666666666667,-0.46027421951293945,-0.904002751185407
COHFACE_s29_session0_lamp,72,234,79.8,-0.5268684029579163,-0.8485182617903612
COHFACE_s29_session0_lamp,72,235,79.83333333333333,-0.5799869298934937,-0.769462468444832
COHFACE_s29_session0_lamp,72,236,79.86666666666666,-0.6312344670295715,-0.6717360496416732
COHFACE_s29_session0_lamp,72,237,79.9,-0.6866782307624817,-0.5601471162049797
COHFACE_s29_session0_lamp,72,238,79.93333333333334,-0.7434036135673523,-0.4392076704362458
COHFACE_s29_session0_lamp,72,239,79.96666666666667,-0.8038115501403809,-0.31291587455540104
COHFACE_s29_session0_lamp,73,0,73.0,-0.880215048789978,-0.0979714698963825
COHFACE_s29_session0_lamp,73,1,73.03333333333333,-0.9479989409446716,0.07907950729464538
COHFACE_s29_session0_lamp,73,2,73.06666666666666,-1.0064764022827148,0.230736067536649
COHFACE_s29_session0_lamp,73,3,73.1,-1.043739914894104,0.33808407526578993
COHFACE_s29_session0_lamp,73,4,73.13333333333334,-1.0627421140670776,0.3988241628806025
COHFACE_s29_session0_lamp,73,5,73.16666666666667,-1.072697401046753,0.42852003924957055
COHFACE_s29_session0_lamp,73,6,73.2,-1.0868598222732544,0.4550016080495934
COHFACE_s29_session0_lamp,73,7,73.23333333333333,-1.1117022037506104,0.5076576641770988
COHFACE_s29_session0_lamp,73,8,73.26666666666667,-1.0773857831954956,0.605455436204354
COHFACE_s29_session0_lamp,73,9,73.3,-0.5267386436462402,0.7483099879561838
COHFACE_s29_session0_lamp,73,10,73.33333333333333,0.73659348487854,0.9158686318994493
COHFACE_s29_session0_lamp,73,11,73.36666666666666,1.8295493125915527,1.0748341052744101
COHFACE_s29_session0_lamp,73,12,73.4,2.0897560119628906,1.1910976032832572
COHFACE_s29_session0_lamp,73,13,73.43333333333334,1.851022720336914,1.2401620956100945
COHFACE_s29_session0_lamp,73,14,73.46666666666667,1.6394193172454834,1.211491012116089
COHFACE_s29_session0_lamp,73,15,73.5,1.6059139966964722,1.1070677205860702
COHFACE_s29_session0_lamp,73,16,73.53333333333333,1.6181188821792603,0.9374568586201073
COHFACE_s29_session0_lamp,73,17,73.56666666666666,1.4909112453460693,0.7184486784727366
COHFACE_s29_session0_lamp,73,18,73.6,1.1723947525024414,0.46899522223685797
COHFACE_s29_session0_lamp,73,19,73.63333333333334,0.842927873134613,0.20929805083218792
COHFACE_s29_session0_lamp,73,20,73.66666666666667,0.6420691609382629,-0.041673661931673274
COHFACE_s29_session0_lamp,73,21,73.7,0.5029000043869019,-0.26858927864021737
COHFACE_s29_session0_lamp,73,22,73.73333333333333,0.33624422550201416,-0.46112998302685815
COHFACE_s29_session0_lamp,73,23,73.76666666666667,0.13493670523166656,-0.6141538938391773
COHFACE_s29_session0_lamp,73,24,73.8,-0.07341144979000092,-0.7272785965006106
COHFACE_s29_session0_lamp,73,25,73.83333333333333,-0.25734445452690125,-0.8044620681643763
COHFACE_s29_session0_lamp,73,26,73.86666666666666,-0.40447893738746643,-0.8532997344498359
COHFACE_s29_session0_lamp,73,27,73.9,-0.5124139785766602,-0.8832905439748017
COHFACE_s29_session0_lamp,73,28,73.93333333333334,-0.5887526273727417,-0.9031164882147318
COHFACE_s29_session0_lamp,73,29,73.96666666666667,-0.6488144397735596,-0.9181261250846965
COHFACE_s29_session0_lamp,73,30,74.0,-0.7101200222969055,-0.929405095828725
COHFACE_s29_session0_lamp,73,31,74.03333333333333,-0.7725287675857544,-0.9348736223128538
COHFACE_s29_session0_lamp,73,32,74.06666666666666,-0.833163857460022,-0.9314961136783139
COHFACE_s29_session0_lamp,73,33,74.1,-0.8923982977867126,-0.9169726900051511
COHFACE_s29_session0_lamp,73,34,74.13333333333334,-0.9490426182746887,-0.8898063289247702
COHFACE_s29_session0_lamp,73,35,74.16666666666667,-1.0002630949020386,-0.8479404895128895
COHFACE_s29_session0_lamp,73,36,74.2,-1.042020320892334,-0.7872627732114088
COHFACE_s29_session0_lamp,73,37,74.23333333333333,-1.0703396797180176,-0.701411146716515
COHFACE_s29_session0_lamp,73,38,74.26666666666667,-1.0914725065231323,-0.5833921680366212
COHFACE_s29_session0_lamp,73,39,74.3,-1.1088416576385498,-0.42826028236654595
COHFACE_s29_session0_lamp,73,40,74.33333333333333,-1.1138219833374023,-0.23541663488886477
COHFACE_s29_session0_lamp,73,41,74.36666666666666,-1.1084306240081787,-0.009308749331380444
COHFACE_s29_session0_lamp,73,42,74.4,-1.1156713962554932,0.24175406472990357
COHFACE_s29_session0_lamp,73,43,74.43333333333334,-1.1415141820907593,0.507858717054271
COHFACE_s29_session0_lamp,73,44,74.46666666666667,-1.0966637134552002,0.7793458093659842
COHFACE_s29_session0_lamp,73,45,74.5,-0.5142309069633484,1.0469003855714734
COHFACE_s29_session0_lamp,73,46,74.53333333333333,0.7709477543830872,1.2994579408287739
COHFACE_s29_session0_lamp,73,47,74.56666666666666,1.860091209411621,1.5211427596819243
COHFACE_s29_session0_lamp,73,48,74.6,2.1218769550323486,1.6899564519092476
COHFACE_s29_session0_lamp,73,49,74.63333333333334,1.886350393295288,1.7806487975403567
COHFACE_s29_session0_lamp,73,50,74.66666666666667,1.6720755100250244,1.7715627108387186
COHFACE_s29_session0_lamp,73,51,74.7,1.6307508945465088,1.652303115320318
COHFACE_s29_session0_lamp,73,52,74.73333333333333,1.6372400522232056,1.42827278483602
COHFACE_s29_session0_lamp,73,53,74.76666666666667,1.508896827697754,1.1198568192054
COHFACE_s29_session0_lamp,73,54,74.8,1.1953822374343872,0.7570328780573573
COHFACE_s29_session0_lamp,73,55,74.83333333333333,0.8711607456207275,0.3723973018176641
COHFACE_s29_session0_lamp,73,56,74.86666666666666,0.6662680506706238,-0.004368447874431729
COHFACE_s29_session0_lamp,73,57,74.9,0.5205016732215881,-0.3493270672405391
COHFACE_s29_session0_lamp,73,58,74.93333333333334,0.35094738006591797,-0.645203757455203
COHFACE_s29_session0_lamp,73,59,74.96666666666667,0.14233967661857605,-0.8819861827790925
COHFACE_s29_session0_lamp,73,60,75.0,-0.06940444558858871,-1.057794986774662
COHFACE_s29_session0_lamp,73,61,75.03333333333333,-0.2524181604385376,-1.1789368327507692
COHFACE_s29_session0_lamp,73,62,75.06666666666666,-0.38924041390419006,-1.2574063020381183
COHFACE_s29_session0_lamp,73,63,75.1,-0.49322253465652466,-1.3054366168842566
COHFACE_s29_session0_lamp,73,64,75.13333333333334,-0.5780402421951294,-1.3293596257020601
COHFACE_s29_session0_lamp,73,65,75.16666666666667,-0.6444181203842163,-1.3265635673809375
COHFACE_s29_session0_lamp,73,66,75.2,-0.6981639266014099,-1.2878821844484283
COHFACE_s29_session0_lamp,73,67,75.23333333333333,-0.7511526942253113,-1.2042892400035212
COHFACE_s29_session0_lamp,73,68,75.26666666666667,-0.8128314018249512,-1.073801842012903
COHFACE_s29_session0_lamp,73,69,75.3,-0.8737422227859497,-0.9041228044613674
COHFACE_s29_session0_lamp,73,70,75.33333333333333,-0.9290724396705627,-0.7092766901660803
COHFACE_s29_session0_lamp,73,71,75.36666666666666,-0.9807309508323669,-0.5025503137942101
COHFACE_s29_session0_lamp,73,72,75.4,-1.018513560295105,-0.2907120347871952
COHFACE_s29_session0_lamp,73,73,75.43333333333334,-1.043026089668274,-0.07374260789367933
COHFACE_s29_session0_lamp,73,74,75.46666666666667,-1.0581673383712769,0.14970508980738562
COHFACE_s29_session0_lamp,73,75,75.5,-1.0699396133422852,0.37524548943797936
COHFACE_s29_session0_lamp,73,76,75.53333333333333,-1.0716159343719482,0.5896205143073717
COHFACE_s29_session0_lamp,73,77,75.56666666666666,-1.0616822242736816,0.7744434957767841
COHFACE_s29_session0_lamp,73,78,75.6,-1.058453917503357,0.9148614758938706
COHFACE_s29_session0_lamp,73,79,75.63333333333334,-1.0711995363235474,1.0074023346587049
COHFACE_s29_session0_lamp,73,80,75.66666666666667,-1.0878115892410278,1.0615180497631642
COHFACE_s29_session0_lamp,73,81,75.7,-0.9052467346191406,1.0933753957895262
COHFACE_s29_session0_lamp,73,82,75.73333333333333,-0.07176214456558228,1.1156195396419608
COHFACE_s29_session0_lamp,73,83,75.76666666666667,1.119065284729004,1.1295472741391686
COHFACE_s29_session0_lamp,73,84,75.8,1.7985748052597046,1.1243678856979924
COHFACE_s29_session0_lamp,73,85,75.83333333333333,1.7674920558929443,1.0835377290541788
COHFACE_s29_session0_lamp,73,86,75.86666666666666,1.4810423851013184,0.9938643879272425
COHFACE_s29_session0_lamp,73,87,75.9,1.297974705696106,0.8519454326259689
COHFACE_s29_session0_lamp,73,88,75.93333333333334,1.2691415548324585,0.6650806077910332
COHFACE_s29_session0_lamp,73,89,75.96666666666667,1.2444829940795898,0.44760041684363083
COHFACE_s29_session0_lamp,73,90,76.0,1.0592900514602661,0.21567633005803294
COHFACE_s29_session0_lamp,73,91,76.03333333333333,0.8223628997802734,-0.016558100745576457
COHFACE_s29_session0_lamp,73,92,76.06666666666666,0.6789217591285706,-0.2384102287327258
COHFACE_s29_session0_lamp,73,93,76.1,0.5690886378288269,-0.4421712999590582
COHFACE_s29_session0_lamp,73,94,76.13333333333334,0.42770782113075256,-0.6222760603709727
COHFACE_s29_session0_lamp,73,95,76.16666666666667,0.23931357264518738,-0.7752275781795039
COHFACE_s29_session0_lamp,73,96,76.2,0.03219833970069885,-0.9003492104637011
COHFACE_s29_session0_lamp,73,97,76.23333333333333,-0.15308113396167755,-1.0003978855658688
COHFACE_s29_session0_lamp,73,98,76.26666666666667,-0.3103223741054535,-1.0808240213811382
COHFACE_s29_session0_lamp,73,99,76.3,-0.429256409406662,-1.14717671683046
COHFACE_s29_session0_lamp,73,100,76.33333333333333,-0.5027398467063904,-1.20141961584063
COHFACE_s29_session0_lamp,73,101,76.36666666666666,-0.553533136844635,-1.2388966848859628
COHFACE_s29_session0_lamp,73,102,76.4,-0.6025635600090027,-1.247693584973268
COHFACE_s29_session0_lamp,73,103,76.43333333333334,-0.6498851776123047,-1.2112293579177782
COHFACE_s29_session0_lamp,73,104,76.46666666666667,-0.7015490531921387,-1.1135710865260402
COHFACE_s29_session0_lamp,73,105,76.5,-0.7597615122795105,-0.9456966801367547
COHFACE_s29_session0_lamp,73,106,76.53333333333333,-0.8186715841293335,-0.7102233593009436
COHFACE_s29_session0_lamp,73,107,76.56666666666666,-0.8714331984519958,-0.42239739757178607
COHFACE_s29_session0_lamp,73,108,76.6,-0.9176895022392273,-0.10652053776962382
COHFACE_s29_session0_lamp,73,109,76.63333333333334,-0.9517247676849365,0.21092199113062993
COHFACE_s29_session0_lamp,73,110,76.66666666666667,-0.982634425163269,0.5083169296071359
COHFACE_s29_session0_lamp,73,111,76.7,-1.0185461044311523,0.7727726595873827
COHFACE_s29_session0_lamp,73,112,76.73333333333333,-0.9144504070281982,0.9992247025208034
COHFACE_s29_session0_lamp,73,113,76.76666666666667,-0.2214057445526123,1.186063797164422
COHFACE_s29_session0_lamp,73,114,76.8,0.9667719602584839,1.3304649724346629
COHFACE_s29_session0_lamp,73,115,76.83333333333333,1.7915016412734985,1.4263861099812327
COHFACE_s29_session0_lamp,73,116,76.86666666666666,1.8921743631362915,1.4660363121654696
COHFACE_s29_session0_lamp,73,117,76.9,1.6521973609924316,1.443309704530337
COHFACE_s29_session0_lamp,73,118,76.93333333333334,1.480117678642273,1.3569469382201955
COHFACE_s29_session0_lamp,73,119,76.96666666666667,1.4524633884429932,1.2119243880195918
COHFACE_s29_session0_lamp,73,120,77.0,1.4348455667495728,1.0187809521272908
COHFACE_s29_session0_lamp,73,121,77.03333333333333,1.2626903057098389,0.7916008056307456
COHFACE_s29_session0_lamp,73,122,77.06666666666666,0.9491865634918213,0.5458040476792213
COHFACE_s29_session0_lamp,73,123,77.1,0.683685839176178,0.29651794122522795
COHFACE_s29_session0_lamp,73,124,77.13333333333334,0.5331823825836182,0.057390703212195075
COHFACE_s29_session0_lamp,73,125,77.16666666666667,0.4081648588180542,-0.1607340052071596
COHFACE_s29_session0_lamp,73,126,77.2,0.24479684233665466,-0.35126543200201377
COHFACE_s29_session0_lamp,73,127,77.23333333333333,0.041120823472738266,-0.5125923758067185
COHFACE_s29_session0_lamp,73,128,77.26666666666667,-0.16063010692596436,-0.6472391806630646
COHFACE_s29_session0_lamp,73,129,77.3,-0.3244577646255493,-0.7594652259120815
COHFACE_s29_session0_lamp,73,130,77.33333333333333,-0.4573162794113159,-0.852400269375796
COHFACE_s29_session0_lamp,73,131,77.36666666666666,-0.5572426915168762,-0.926342452075697
COHFACE_s29_session0_lamp,73,132,77.4,-0.6210087537765503,-0.9793599848102562
COHFACE_s29_session0_lamp,73,133,77.43333333333334,-0.6721481084823608,-1.0099379912080177
COHFACE_s29_session0_lamp,73,134,77.46666666666667,-0.7300902009010315,-1.0198497093888568
COHFACE_s29_session0_lamp,73,135,77.5,-0.7863667607307434,-1.0149213249235618
COHFACE_s29_session0_lamp,73,136,77.53333333333333,-0.841015636920929,-1.002560119388944
COHFACE_s29_session0_lamp,73,137,77.56666666666666,-0.9004718065261841,-0.9870849550166014
COHFACE_s29_session0_lamp,73,138,77.6,-0.9557641744613647,-0.9655636923319341
COHFACE_s29_session0_lamp,73,139,77.63333333333334,-1.0031344890594482,-0.9267711803821532
COHFACE_s29_session0_lamp,73,140,77.66666666666667,-1.0425772666931152,-0.8539704292885413
COHFACE_s29_session0_lamp,73,141,77.7,-1.0688202381134033,-0.730146531913128
COHFACE_s29_session0_lamp,73,142,77.73333333333333,-1.0789539813995361,-0.5436366635342761
COHFACE_s29_session0_lamp,73,143,77.76666666666667,-1.081376552581787,-0.29248635909813475
COHFACE_s29_session0_lamp,73,144,77.8,-1.0836964845657349,0.013605383981072045
COHFACE_s29_session0_lamp,73,145,77.83333333333333,-1.1018712520599365,0.35430009750212155
COHFACE_s29_session0_lamp,73,146,77.86666666666666,-1.117136836051941,0.7022584923281393
COHFACE_s29_session0_lamp,73,147,77.9,-0.8678047060966492,1.028033670978604
COHFACE_s29_session0_lamp,73,148,77.93333333333334,0.1194656565785408,1.304287542918184
COHFACE_s29_session0_lamp,73,149,77.96666666666667,1.3919203281402588,1.5082963612449953
COHFACE_s29_session0_lamp,73,150,78.0,2.0458736419677734,1.623772614130496
COHFACE_s29_session0_lamp,73,151,78.03333333333333,1.992814540863037,1.6435655239099618
COHFACE_s29_session0_lamp,73,152,78.06666666666666,1.7345870733261108,1.572431766923354
COHFACE_s29_session0_lamp,73,153,78.1,1.6151609420776367,1.4268958538810754
COHFACE_s29_session0_lamp,73,154,78.13333333333334,1.6213417053222656,1.2304449136145676
COHFACE_s29_session0_lamp,73,155,78.16666666666667,1.5900157690048218,1.0057557045186654
COHFACE_s29_session0_lamp,73,156,78.2,1.3733453750610352,0.7681474639503694
COHFACE_s29_session0_lamp,73,157,78.23333333333333,1.0283966064453125,0.5239770441511912
COHFACE_s29_session0_lamp,73,158,78.26666666666667,0.7561634182929993,0.27441891185651524
COHFACE_s29_session0_lamp,73,159,78.3,0.5962616801261902,0.02155676145603136
COHFACE_s29_session0_lamp,73,160,78.33333333333333,0.45129022002220154,-0.22740854064473903
COHFACE_s29_session0_lamp,73,161,78.36666666666666,0.2664000689983368,-0.46035440063204636
COHFACE_s29_session0_lamp,73,162,78.4,0.05920913815498352,-0.6642723614913554
COHFACE_s29_session0_lamp,73,163,78.43333333333334,-0.1347440779209137,-0.8301948300805171
COHFACE_s29_session0_lamp,73,164,78.46666666666667,-0.298782616853714,-0.9558668492301112
COHFACE_s29_session0_lamp,73,165,78.5,-0.4325496256351471,-1.0448232952540364
COHFACE_s29_session0_lamp,73,166,78.53333333333333,-0.534163236618042,-1.102962176812939
COHFACE_s29_session0_lamp,73,167,78.56666666666666,-0.6083171963691711,-1.135092253837868
COHFACE_s29_session0_lamp,73,168,78.6,-0.6653940677642822,-1.1434171602439522
COHFACE_s29_session0_lamp,73,169,78.63333333333334,-0.7247421145439148,-1.1282234497293393
COHFACE_s29_session0_lamp,73,170,78.66666666666667,-0.7881782650947571,-1.0895488113158753
COHFACE_s29_session0_lamp,73,171,78.7,-0.8492621779441833,-1.028212794277716
COHFACE_s29_session0_lamp,73,172,78.73333333333333,-0.9072366952896118,-0.9453936129197196
COHFACE_s29_session0_lamp,73,173,78.76666666666667,-0.9619558453559875,-0.8412293958534411
COHFACE_s29_session0_lamp,73,174,78.8,-1.0100454092025757,-0.7137769045001306
COHFACE_s29_session0_lamp,73,175,78.83333333333333,-1.0509319305419922,-0.5595453113073005
COHFACE_s29_session0_lamp,73,176,78.86666666666666,-1.07517409324646,-0.3758062485878496
COHFACE_s29_session0_lamp,73,177,78.9,-1.0928784608840942,-0.16361590974235377
COHFACE_s29_session0_lamp,73,178,78.93333333333334,-1.108711838722229,0.07019800996629895
COHFACE_s29_session0_lamp,73,179,78.96666666666667,-1.1091877222061157,0.31339336363017484
COHFACE_s29_session0_lamp,73,180,79.0,-1.1001137495040894,0.5509449161147512
COHFACE_s29_session0_lamp,73,181,79.03333333333333,-1.1039801836013794,0.7686326937487897
COHFACE_s29_session0_lamp,73,182,79.06666666666666,-1.1255239248275757,0.9560441858449148
COHFACE_s29_session0_lamp,73,183,79.1,-1.1230202913284302,1.1079660477050564
COHFACE_s29_session0_lamp,73,184,79.13333333333334,-0.7735183835029602,1.2237626064312996
COHFACE_s29_session0_lamp,73,185,79.16666666666667,0.32104894518852234,1.3049696925794083
COHFACE_s29_session0_lamp,73,186,79.2,1.5560129880905151,1.3520450681474585
COHFACE_s29_session0_lamp,73,187,79.23333333333333,2.101858139038086,1.361774419360089
COHFACE_s29_session0_lamp,73,188,79.26666666666667,1.986352562904358,1.326834783701542
COHFACE_s29_session0_lamp,73,189,79.3,1.730715274810791,1.2381547612499322
COHFACE_s29_session0_lamp,73,190,79.33333333333333,1.6315999031066895,1.0891963829564433
COHFACE_s29_session0_lamp,73,191,79.36666666666666,1.6407711505889893,0.880107774784129
COHFACE_s29_session0_lamp,73,192,79.4,1.591719150543213,0.6197441250339911
COHFACE_s29_session0_lamp,73,193,79.43333333333334,1.3571118116378784,0.32474098493618725
COHFACE_s29_session0_lamp,73,194,79.46666666666667,1.039092779159546,0.01635238061119866
COHFACE_s29_session0_lamp,73,195,79.5,0.8054858446121216,-0.28335912300868754
COHFACE_s29_session0_lamp,73,196,79.53333333333333,0.6577349305152893,-0.5546677676506627
COHFACE_s29_session0_lamp,73,197,79.56666666666666,0.5082156658172607,-0.7822661810445837
COHFACE_s29_session0_lamp,73,198,79.6,0.31216973066329956,-0.9565677516119114
COHFACE_s29_session0_lamp,73,199,79.63333333333334,0.09787324070930481,-1.07450588130814
COHFACE_s29_session0_lamp,73,200,79.66666666666667,-0.09482000768184662,-1.1395638762834799
COHFACE_s29_session0_lamp,73,201,79.7,-0.25317519903182983,-1.1604297272154431
COHFACE_s29_session0_lamp,73,202,79.73333333333333,-0.3737855851650238,-1.1481125253028568
COHFACE_s29_session0_lamp,73,203,79.76666666666667,-0.46027421951293945,-1.1123288873761663
COHFACE_s29_session0_lamp,73,204,79.8,-0.5268684029579163,-1.058708647734103
COHFACE_s29_session0_lamp,73,205,79.83333333333333,-0.5799869298934937,-0.9881513293858554
COHFACE_s29_session0_lamp,73,206,79.86666666666666,-0.6312344670295715,-0.8984062853330094
COHFACE_s29_session0_lamp,73,207,79.9,-0.6866782307624817,-0.7865911119783432
COHFACE_s29_session0_lamp,73,208,79.93333333333334,-0.7434036135673523,-0.650974072777301
COHFACE_s29_session0_lamp,73,209,79.96666666666667,-0.8038115501403809,-0.49117135366834697
COHFACE_s29_session0_lamp,73,210,80.0,-0.8626134395599365,-0.3073813554974591
COHFACE_s29_session0_lamp,73,211,80.03333333333333,-0.9076909422874451,-0.10032611073956871
COHFACE_s29_session0_lamp,73,212,80.06666666666666,-0.9350748658180237,0.12673350740991185
COHFACE_s29_session0_lamp,73,213,80.1,-0.9593493938446045,0.3643677976420706
COHFACE_s29_session0_lamp,73,214,80.13333333333334,-0.974955677986145,0.594495412801636
COHFACE_s29_session0_lamp,73,215,80.16666666666667,-0.9805795550346375,0.7923516998631651
COHFACE_s29_session0_lamp,73,216,80.2,-0.9751178622245789,0.9337308576351802
COHFACE_s29_session0_lamp,73,217,80.23333333333333,-0.9732847213745117,1.0043785540087355
COHFACE_s29_session0_lamp,73,218,80.26666666666667,-0.9846243858337402,1.005953098681087
COHFACE_s29_session0_lamp,73,219,80.3,-0.9933846592903137,0.9543352902429048
COHFACE_s29_session0_lamp,73,220,80.33333333333333,-0.7604644894599915,0.8710045031117482
COHFACE_s29_session0_lamp,73,221,80.36666666666666,0.16632764041423798,0.7728760270099353
COHFACE_s29_session0_lamp,73,222,80.4,1.391417384147644,0.666661886646345
COHFACE_s29_session0_lamp,73,223,80.43333333333334,2.032073497772217,0.5504697355130143
COHFACE_s29_session0_lamp,73,224,80.46666666666667,1.948472499847412,0.4205915481758383
COHFACE_s29_session0_lamp,73,225,80.5,1.610861897468567,0.27837944802142306
COHFACE_s29_session0_lamp,73,226,80.53333333333333,1.3713715076446533,0.13261802062785352
COHFACE_s29_session0_lamp,73,227,80.56666666666666,1.3040419816970825,-0.003830779184709289
COHFACE_s29_session0_lamp,73,228,80.6,1.2578558921813965,-0.12046309044622652
COHFACE_s29_session0_lamp,73,229,80.63333333333334,1.0779082775115967,-0.21413189869074484
COHFACE_s29_session0_lamp,73,230,80.66666666666667,0.8732426762580872,-0.2893806522068423
COHFACE_s29_session0_lamp,73,231,80.7,0.7424444556236267,-0.3541355624440381
COHFACE_s29_session0_lamp,73,232,80.73333333333333,0.6357423067092896,-0.41369559785428206
COHFACE_s29_session0_lamp,73,233,80.76666666666667,0.48924052715301514,-0.4667476431375372
COHFACE_s29_session0_lamp,73,234,80.8,0.2837475538253784,-0.505462660335313
COHFACE_s29_session0_lamp,73,235,80.83333333333333,0.05107615515589714,-0.5191258661483256
COHFACE_s29_session0_lamp,73,236,80.86666666666666,-0.1542005091905594,-0.49908926520062835
COHFACE_s29_session0_lamp,73,237,80.9,-0.3160706162452698,-0.4427211816542109
COHFACE_s29_session0_lamp,73,238,80.93333333333334,-0.43990930914878845,-0.355017869712326
COHFACE_s29_session0_lamp,73,239,80.96666666666667,-0.5196493268013,-0.24771878766392913
COHFACE_s29_session0_lamp,74,0,74.0,-0.7101200222969055,-0.21042220157191932
COHFACE_s29_session0_lamp,74,1,74.03333333333333,-0.7725287675857544,-0.1712974258087708
COHFACE_s29_session0_lamp,74,2,74.06666666666666,-0.833163857460022,-0.1437989822414056
COHFACE_s29_session0_lamp,74,3,74.1,-0.8923982977867126,-0.13819686559724054
COHFACE_s29_session0_lamp,74,4,74.13333333333334,-0.9490426182746887,-0.1550322281795101
COHFACE_s29_session0_lamp,74,5,74.16666666666667,-1.0002630949020386,-0.18470678812871985
COHFACE_s29_session0_lamp,74,6,74.2,-1.042020320892334,-0.21075087530616876
COHFACE_s29_session0_lamp,74,7,74.23333333333333,-1.0703396797180176,-0.21523743244527882
COHFACE_s29_session0_lamp,74,8,74.26666666666667,-1.0914725065231323,-0.1841850059440938
COHFACE_s29_session0_lamp,74,9,74.3,-1.1088416576385498,-0.11119240258484274
COHFACE_s29_session0_lamp,74,10,74.33333333333333,-1.1138219833374023,0.001770737840361871
COHFACE_s29_session0_lamp,74,11,74.36666666666666,-1.1084306240081787,0.14644138896130035
COHFACE_s29_session0_lamp,74,12,74.4,-1.1156713962554932,0.31182358524905174
COHFACE_s29_session0_lamp,74,13,74.43333333333334,-1.1415141820907593,0.48711706390719195
COHFACE_s29_session0_lamp,74,14,74.46666666666667,-1.0966637134552002,0.6626348769725526
COHFACE_s29_session0_lamp,74,15,74.5,-0.5142309069633484,0.8288510082259027
COHFACE_s29_session0_lamp,74,16,74.53333333333333,0.7709477543830872,0.9748427740632376
COHFACE_s29_session0_lamp,74,17,74.56666666666666,1.860091209411621,1.0875827520784465
COHFACE_s29_session0_lamp,74,18,74.6,2.1218769550323486,1.152884398733878
COHFACE_s29_session0_lamp,74,19,74.63333333333334,1.886350393295288,1.1577920528198893
COHFACE_s29_session0_lamp,74,20,74.66666666666667,1.6720755100250244,1.09343443419226
COHFACE_s29_session0_lamp,74,21,74.7,1.6307508945465088,0.9572788388218446
COHFACE_s29_session0_lamp,74,22,74.73333333333333,1.6372400522232056,0.7542816660818473
COHFACE_s29_session0_lamp,74,23,74.76666666666667,1.508896827697754,0.49693058526344785
COHFACE_s29_session0_lamp,74,24,74.8,1.1953822374343872,0.20413508352072188
COHFACE_s29_session0_lamp,74,25,74.83333333333333,0.8711607456207275,-0.10115816729867395
COHFACE_s29_session0_lamp,74,26,74.86666666666666,0.6662680506706238,-0.3953435553739239
COHFACE_s29_session0_lamp,74,27,74.9,0.5205016732215881,-0.6577556972839032
COHFACE_s29_session0_lamp,74,28,74.93333333333334,0.35094738006591797,-0.873685654769195
COHFACE_s29_session0_lamp,74,29,74.96666666666667,0.14233967661857605,-1.0362804779951715
COHFACE_s29_session0_lamp,74,30,75.0,-0.06940444558858871,-1.1469580565488935
COHFACE_s29_session0_lamp,74,31,75.03333333333333,-0.2524181604385376,-1.2139304073142294
COHFACE_s29_session0_lamp,74,32,75.06666666666666,-0.38924041390419006,-1.2485281997617392
COHFACE_s29_session0_lamp,74,33,75.1,-0.49322253465652466,-1.259965352994337
COHFACE_s29_session0_lamp,74,34,75.13333333333334,-0.5780402421951294,-1.250825681257481
COHFACE_s29_session0_lamp,74,35,75.16666666666667,-0.6444181203842163,-1.216031887144262
COHFACE_s29_session0_lamp,74,36,75.2,-0.6981639266014099,-1.1461417425025362
COHFACE_s29_session0_lamp,74,37,75.23333333333333,-0.7511526942253113,-1.0330521857212265
COHFACE_s29_session0_lamp,74,38,75.26666666666667,-0.8128314018249512,-0.8748580107512919
COHFACE_s29_session0_lamp,74,39,75.3,-0.8737422227859497,-0.6773821275663884
COHFACE_s29_session0_lamp,74,40,75.33333333333333,-0.9290724396705627,-0.4520264233561408
COHFACE_s29_session0_lamp,74,41,75.36666666666666,-0.9807309508323669,-0.21163326715058803
COHFACE_s29_session0_lamp,74,42,75.4,-1.018513560295105,0.03319082973852996
COHFACE_s29_session0_lamp,74,43,75.43333333333334,-1.043026089668274,0.2754384611214701
COHFACE_s29_session0_lamp,74,44,75.46666666666667,-1.0581673383712769,0.5103045327413687
COHFACE_s29_session0_lamp,74,45,75.5,-1.0699396133422852,0.7322432541583243
COHFACE_s29_session0_lamp,74,46,75.53333333333333,-1.0716159343719482,0.932851944357208
COHFACE_s29_session0_lamp,74,47,75.56666666666666,-1.0616822242736816,1.1015020555936577
COHFACE_s29_session0_lamp,74,48,75.6,-1.058453917503357,1.2284602744538098
COHFACE_s29_session0_lamp,74,49,75.63333333333334,-1.0711995363235474,1.308221300575734
COHFACE_s29_session0_lamp,74,50,75.66666666666667,-1.0878115892410278,1.3407260523492222
COHFACE_s29_session0_lamp,74,51,75.7,-0.9052467346191406,1.3297758132638786
COHFACE_s29_session0_lamp,74,52,75.73333333333333,-0.07176214456558228,1.279849636588182
COHFACE_s29_session0_lamp,74,53,75.76666666666667,1.119065284729004,1.193516837600293
COHFACE_s29_session0_lamp,74,54,75.8,1.7985748052597046,1.0711864392461894
COHFACE_s29_session0_lamp,74,55,75.83333333333333,1.7674920558929443,0.9133316989265183
COHFACE_s29_session0_lamp,74,56,75.86666666666666,1.4810423851013184,0.7235389984229229
COHFACE_s29_session0_lamp,74,57,75.9,1.297974705696106,0.510060323562982
COHFACE_s29_session0_lamp,74,58,75.93333333333334,1.2691415548324585,0.28460622429466015
COHFACE_s29_session0_lamp,74,59,75.96666666666667,1.2444829940795898,0.059030950310040235
COHFACE_s29_session0_lamp,74,60,76.0,1.0592900514602661,-0.15807116072920313
COHFACE_s29_session0_lamp,74,61,76.03333333333333,0.8223628997802734,-0.3628229151973945
COHFACE_s29_session0_lamp,74,62,76.06666666666666,0.6789217591285706,-0.5548169001977734
COHFACE_s29_session0_lamp,74,63,76.1,0.5690886378288269,-0.7341014444997915
COHFACE_s29_session0_lamp,74,64,76.13333333333334,0.42770782113075256,-0.8983730626694478
COHFACE_s29_session0_lamp,74,65,76.16666666666667,0.23931357264518738,-1.0421080542451606
COHFACE_s29_session0_lamp,74,66,76.2,0.03219833970069885,-1.158008228870968
COHFACE_s29_session0_lamp,74,67,76.23333333333333,-0.15308113396167755,-1.2396312831525076
COHFACE_s29_session0_lamp,74,68,76.26666666666667,-0.3103223741054535,-1.2834478334129946
COHFACE_s29_session0_lamp,74,69,76.3,-0.429256409406662,-1.2891188617126752
COHFACE_s29_session0_lamp,74,70,76.33333333333333,-0.5027398467063904,-1.2580699508019393
COHFACE_s29_session0_lamp,74,71,76.36666666666666,-0.553533136844635,-1.191483550227255
COHFACE_s29_session0_lamp,74,72,76.4,-0.6025635600090027,-1.0889522137032652
COHFACE_s29_session0_lamp,74,73,76.43333333333334,-0.6498851776123047,-0.9485091213713234
COHFACE_s29_session0_lamp,74,74,76.46666666666667,-0.7015490531921387,-0.7681412378707646
COHFACE_s29_session0_lamp,74,75,76.5,-0.7597615122795105,-0.5482962997005966
COHFACE_s29_session0_lamp,74,76,76.53333333333333,-0.8186715841293335,-0.29431865718326816
COHFACE_s29_session0_lamp,74,77,76.56666666666666,-0.8714331984519958,-0.017506522160358386
COHFACE_s29_session0_lamp,74,78,76.6,-0.9176895022392273,0.2660974190472801
COHFACE_s29_session0_lamp,74,79,76.63333333333334,-0.9517247676849365,0.5389962186976996
COHFACE_s29_session0_lamp,74,80,76.66666666666667,-0.982634425163269,0.7861799997121209
COHFACE_s29_session0_lamp,74,81,76.7,-1.0185461044311523,0.9977959508648832
COHFACE_s29_session0_lamp,74,82,76.73333333333333,-0.9144504070281982,1.1693812899283655
COHFACE_s29_session0_lamp,74,83,76.76666666666667,-0.2214057445526123,1.2998556068847615
COHFACE_s29_session0_lamp,74,84,76.8,0.9667719602584839,1.3884859928377995
COHFACE_s29_session0_lamp,74,85,76.83333333333333,1.7915016412734985,1.4323841439303504
COHFACE_s29_session0_lamp,74,86,76.86666666666666,1.8921743631362915,1.4258385460219967
COHFACE_s29_session0_lamp,74,87,76.9,1.6521973609924316,1.362027758822864
COHFACE_s29_session0_lamp,74,88,76.93333333333334,1.480117678642273,1.2365979352052896
COHFACE_s29_session0_lamp,74,89,76.96666666666667,1.4524633884429932,1.0515789750883693
COHFACE_s29_session0_lamp,74,90,77.0,1.4348455667495728,0.8176442647219144
COHFACE_s29_session0_lamp,74,91,77.03333333333333,1.2626903057098389,0.5532850191776609
COHFACE_s29_session0_lamp,74,92,77.06666666666666,0.9491865634918213,0.28100462720167024
COHFACE_s29_session0_lamp,74,93,77.1,0.683685839176178,0.0221186929690517
COHFACE_s29_session0_lamp,74,94,77.13333333333334,0.5331823825836182,-0.2078169582708205
COHFACE_s29_session0_lamp,74,95,77.16666666666667,0.4081648588180542,-0.40151509469266156
COHFACE_s29_session0_lamp,74,96,77.2,0.24479684233665466,-0.5599569343898366
COHFACE_s29_session0_lamp,74,97,77.23333333333333,0.041120823472738266,-0.6902186491149555
COHFACE_s29_session0_lamp,74,98,77.26666666666667,-0.16063010692596436,-0.8017997138346767
COHFACE_s29_session0_lamp,74,99,77.3,-0.3244577646255493,-0.9023542505901085
COHFACE_s29_session0_lamp,74,100,77.33333333333333,-0.4573162794113159,-0.9941120592691254
COHFACE_s29_session0_lamp,74,101,77.36666666666666,-0.5572426915168762,-1.0724668856435042
COHFACE_s29_session0_lamp,74,102,77.4,-0.6210087537765503,-1.1276790598828894
COHFACE_s29_session0_lamp,74,103,77.43333333333334,-0.6721481084823608,-1.149262143906773
COHFACE_s29_session0_lamp,74,104,77.46666666666667,-0.7300902009010315,-1.1309748452951331
COHFACE_s29_session0_lamp,74,105,77.5,-0.7863667607307434,-1.0737192037765015
COHFACE_s29_session0_lamp,74,106,77.53333333333333,-0.841015636920929,-0.9848089206187569
COHFACE_s29_session0_lamp,74,107,77.56666666666666,-0.9004718065261841,-0.8741345723379556
COHFACE_s29_session0_lamp,74,108,77.6,-0.9557641744613647,-0.7492901138700754
COHFACE_s29_session0_lamp,74,109,77.63333333333334,-1.0031344890594482,-0.6120536965693559
COHFACE_s29_session0_lamp,74,110,77.66666666666667,-1.0425772666931152,-0.4578102786007287
COHFACE_s29_session0_lamp,74,111,77.7,-1.0688202381134033,-0.2781465963185834
COHFACE_s29_session0_lamp,74,112,77.73333333333333,-1.0789539813995361,-0.06560172620489724
COHFACE_s29_session0_lamp,74,113,77.76666666666667,-1.081376552581787,0.18124929853677776
COHFACE_s29_session0_lamp,74,114,77.8,-1.0836964845657349,0.4544225714256177
COHFACE_s29_session0_lamp,74,115,77.83333333333333,-1.1018712520599365,0.7363999632711573
COHFACE_s29_session0_lamp,74,116,77.86666666666666,-1.117136836051941,1.0035477913712283
COHFACE_s29_session0_lamp,74,117,77.9,-0.8678047060966492,1.2316851509540243
COHFACE_s29_session0_lamp,74,118,77.93333333333334,0.1194656565785408,1.401114315326505
COHFACE_s29_session0_lamp,74,119,77.96666666666667,1.3919203281402588,1.4989672155936031
COHFACE_s29_session0_lamp,74,120,78.0,2.0458736419677734,1.5191923272054233
COHFACE_s29_session0_lamp,74,121,78.03333333333333,1.992814540863037,1.46223332021424
COHFACE_s29_session0_lamp,74,122,78.06666666666666,1.7345870733261108,1.335391323977154
COHFACE_s29_session0_lamp,74,123,78.1,1.6151609420776367,1.1527406431943799
COHFACE_s29_session0_lamp,74,124,78.13333333333334,1.6213417053222656,0.9329498665910972
COHFACE_s29_session0_lamp,74,125,78.16666666666667,1.5900157690048218,0.6948450388602548
COHFACE_s29_session0_lamp,74,126,78.2,1.3733453750610352,0.4526615871939216
COHFACE_s29_session0_lamp,74,127,78.23333333333333,1.0283966064453125,0.21373425929811585
COHFACE_s29_session0_lamp,74,128,78.26666666666667,0.7561634182929993,-0.020068980237192054
COHFACE_s29_session0_lamp,74,129,78.3,0.5962616801261902,-0.24832961779194032
COHFACE_s29_session0_lamp,74,130,78.33333333333333,0.45129022002220154,-0.46818246410364905
COHFACE_s29_session0_lamp,74,131,78.36666666666666,0.2664000689983368,-0.6729086179415383
COHFACE_s29_session0_lamp,74,132,78.4,0.05920913815498352,-0.8535035645396225
COHFACE_s29_session0_lamp,74,133,78.43333333333334,-0.1347440779209137,-1.0017370167889845
COHFACE_s29_session0_lamp,74,134,78.46666666666667,-0.298782616853714,-1.1125620485396004
COHFACE_s29_session0_lamp,74,135,78.5,-0.4325496256351471,-1.1845826516144136
COHFACE_s29_session0_lamp,74,136,78.53333333333333,-0.534163236618042,-1.2188560518112665
COHFACE_s29_session0_lamp,74,137,78.56666666666666,-0.6083171963691711,-1.2173633000563862
COHFACE_s29_session0_lamp,74,138,78.6,-0.6653940677642822,-1.18227588637505
COHFACE_s29_session0_lamp,74,139,78.63333333333334,-0.7247421145439148,-1.1161036674329718
COHFACE_s29_session0_lamp,74,140,78.66666666666667,-0.7881782650947571,-1.0219277351543492
COHFACE_s29_session0_lamp,74,141,78.7,-0.8492621779441833,-0.9029502733011411
COHFACE_s29_session0_lamp,74,142,78.73333333333333,-0.9072366952896118,-0.7615065775439349
COHFACE_s29_session0_lamp,74,143,78.76666666666667,-0.9619558453559875,-0.5984692029086818
COHFACE_s29_session0_lamp,74,144,78.8,-1.0100454092025757,-0.41376541058529454
COHFACE_s29_session0_lamp,74,145,78.83333333333333,-1.0509319305419922,-0.20788036793291326
COHFACE_s29_session0_lamp,74,146,78.86666666666666,-1.07517409324646,0.016443418920986004
COHFACE_s29_session0_lamp,74,147,78.9,-1.0928784608840942,0.2532030158283377
COHFACE_s29_session0_lamp,74,148,78.93333333333334,-1.108711838722229,0.49330467627065655
COHFACE_s29_session0_lamp,74,149,78.96666666666667,-1.1091877222061157,0.7256989318683196
COHFACE_s29_session0_lamp,74,150,79.0,-1.1001137495040894,0.9387380775096739
COHFACE_s29_session0_lamp,74,151,79.03333333333333,-1.1039801836013794,1.1210975338123033
COHFACE_s29_session0_lamp,74,152,79.06666666666666,-1.1255239248275757,1.2623212136949638
COHFACE_s29_session0_lamp,74,153,79.1,-1.1230202913284302,1.35361776129391
COHFACE_s29_session0_lamp,74,154,79.13333333333334,-0.7735183835029602,1.3892626452971433
COHFACE_s29_session0_lamp,74,155,79.16666666666667,0.32104894518852234,1.3681250054514444
COHFACE_s29_session0_lamp,74,156,79.2,1.5560129880905151,1.2942313950364162
COHFACE_s29_session0_lamp,74,157,79.23333333333333,2.101858139038086,1.1755558907839008
COHFACE_s29_session0_lamp,74,158,79.26666666666667,1.986352562904358,1.0213722329670891
COHFACE_s29_session0_lamp,74,159,79.3,1.730715274810791,0.8395613804665694
COHFACE_s29_session0_lamp,74,160,79.33333333333333,1.6315999031066895,0.635303911168826
COHFACE_s29_session0_lamp,74,161,79.36666666666666,1.6407711505889893,0.41165629388170805
COHFACE_s29_session0_lamp,74,162,79.4,1.591719150543213,0.1713542973554557
COHFACE_s29_session0_lamp,74,163,79.43333333333334,1.3571118116378784,-0.08132721547568236
COHFACE_s29_session0_lamp,74,164,79.46666666666667,1.039092779159546,-0.33939919953292896
COHFACE_s29_session0_lamp,74,165,79.5,0.8054858446121216,-0.5927596637535628
COHFACE_s29_session0_lamp,74,166,79.53333333333333,0.6577349305152893,-0.8285471386952926
COHFACE_s29_session0_lamp,74,167,79.56666666666666,0.5082156658172607,-1.032437976994257
COHFACE_s29_session0_lamp,74,168,79.6,0.31216973066329956,-1.1910311564957718
COHFACE_s29_session0_lamp,74,169,79.63333333333334,0.09787324070930481,-1.2949021837113857
COHFACE_s29_session0_lamp,74,170,79.66666666666667,-0.09482000768184662,-1.3411266465577936
COHFACE_s29_session0_lamp,74,171,79.7,-0.25317519903182983,-1.3338799159363444
COHFACE_s29_session0_lamp,74,172,79.73333333333333,-0.3737855851650238,-1.2825776553712607
COHFACE_s29_session0_lamp,74,173,79.76666666666667,-0.46027421951293945,-1.1983194069771268
COHFACE_s29_session0_lamp,74,174,79.8,-0.5268684029579163,-1.0902022919434409
COHFACE_s29_session0_lamp,74,175,79.83333333333333,-0.5799869298934937,-0.9630121349117999
COHFACE_s29_session0_lamp,74,176,79.86666666666666,-0.6312344670295715,-0.8170408600617899
COHFACE_s29_session0_lamp,74,177,79.9,-0.6866782307624817,-0.649813504400951
COHFACE_s29_session0_lamp,74,178,79.93333333333334,-0.7434036135673523,-0.45882244815239687
COHFACE_s29_session0_lamp,74,179,79.96666666666667,-0.8038115501403809,-0.24413925076446477
COHFACE_s29_session0_lamp,74,180,80.0,-0.8626134395599365,-0.009968235992974346
COHFACE_s29_session0_lamp,74,181,80.03333333333333,-0.9076909422874451,0.2352783332033923
COHFACE_s29_session0_lamp,74,182,80.06666666666666,-0.9350748658180237,0.4801656213944942
COHFACE_s29_session0_lamp,74,183,80.1,-0.9593493938446045,0.7120277059902759
COHFACE_s29_session0_lamp,74,184,80.13333333333334,-0.974955677986145,0.918695676417063
COHFACE_s29_session0_lamp,74,185,80.16666666666667,-0.9805795550346375,1.0898208539182428
COHFACE_s29_session0_lamp,74,186,80.2,-0.9751178622245789,1.21781637696419
COHFACE_s29_session0_lamp,74,187,80.23333333333333,-0.9732847213745117,1.2984601954501434
COHFACE_s29_session0_lamp,74,188,80.26666666666667,-0.9846243858337402,1.3308655732249492
COHFACE_s29_session0_lamp,74,189,80.3,-0.9933846592903137,1.3164739641384828
COHFACE_s29_session0_lamp,74,190,80.33333333333333,-0.7604644894599915,1.2573860961400147
COHFACE_s29_session0_lamp,74,191,80.36666666666666,0.16632764041423798,1.1551441044414392
COHFACE_s29_session0_lamp,74,192,80.4,1.391417384147644,1.0111353462962909
COHFACE_s29_session0_lamp,74,193,80.43333333333334,2.032073497772217,0.8287823203213871
COHFACE_s29_session0_lamp,74,194,80.46666666666667,1.948472499847412,0.6161444894188894
COHFACE_s29_session0_lamp,74,195,80.5,1.610861897468567,0.38684153507707303
COHFACE_s29_session0_lamp,74,196,80.53333333333333,1.3713715076446533,0.15814826228116613
COHFACE_s29_session0_lamp,74,197,80.56666666666666,1.3040419816970825,-0.053135019967119876
COHFACE_s29_session0_lamp,74,198,80.6,1.2578558921813965,-0.23522117863228423
COHFACE_s29_session0_lamp,74,199,80.63333333333334,1.0779082775115967,-0.3843146182549844
COHFACE_s29_session0_lamp,74,200,80.66666666666667,0.8732426762580872,-0.5048037421607472
COHFACE_s29_session0_lamp,74,201,80.7,0.7424444556236267,-0.6066515075755056
COHFACE_s29_session0_lamp,74,202,80.73333333333333,0.6357423067092896,-0.701097159619114
COHFACE_s29_session0_lamp,74,203,80.76666666666667,0.48924052715301514,-0.7963345992860253
COHFACE_s29_session0_lamp,74,204,80.8,0.2837475538253784,-0.8945957087162187
COHFACE_s29_session0_lamp,74,205,80.83333333333333,0.05107615515589714,-0.9912591010016534
COHFACE_s29_session0_lamp,74,206,80.86666666666666,-0.1542005091905594,-1.0757464736453908
COHFACE_s29_session0_lamp,74,207,80.9,-0.3160706162452698,-1.133657930711482
COHFACE_s29_session0_lamp,74,208,80.93333333333334,-0.43990930914878845,-1.1499097105919063
COHFACE_s29_session0_lamp,74,209,80.96666666666667,-0.5196493268013,-1.1127452926240626
COHFACE_s29_session0_lamp,74,210,81.0,-0.5633857250213623,-1.017776710790401
COHFACE_s29_session0_lamp,74,211,81.03333333333333,-0.5998814105987549,-0.8702913969636744
COHFACE_s29_session0_lamp,74,212,81.06666666666666,-0.6465432643890381,-0.6840369866079351
COHFACE_s29_session0_lamp,74,213,81.1,-0.7038580775260925,-0.4761862420781186
COHFACE_s29_session0_lamp,74,214,81.13333333333334,-0.7708524465560913,-0.26067309534267424
COHFACE_s29_session0_lamp,74,215,81.16666666666667,-0.8440384268760681,-0.04373583621777121
COHFACE_s29_session0_lamp,74,216,81.2,-0.9147207736968994,0.17530362797322652
COHFACE_s29_session0_lamp,74,217,81.23333333333333,-0.9728034734725952,0.3980914688150819
COHFACE_s29_session0_lamp,74,218,81.26666666666667,-1.0175024271011353,0.6197883672430653
COHFACE_s29_session0_lamp,74,219,81.3,-1.0387433767318726,0.8252174838302264
COHFACE_s29_session0_lamp,74,220,81.33333333333333,-1.0504993200302124,0.9915814027921305
COHFACE_s29_session0_lamp,74,221,81.36666666666666,-1.0731679201126099,1.0964719807090753
COHFACE_s29_session0_lamp,74,222,81.4,-1.0483471155166626,1.1264825341204172
COHFACE_s29_session0_lamp,74,223,81.43333333333334,-0.5559016466140747,1.0815410735543491
COHFACE_s29_session0_lamp,74,224,81.46666666666667,0.6872494220733643,0.9733140482220267
COHFACE_s29_session0_lamp,74,225,81.5,1.8683972358703613,0.819834965637127
COHFACE_s29_session0_lamp,74,226,81.53333333333333,2.232872724533081,0.6399241708376349
COHFACE_s29_session0_lamp,74,227,81.56666666666666,2.006192922592163,0.44981972228000344
COHFACE_s29_session0_lamp,74,228,81.6,1.7098366022109985,0.2623112017980995
COHFACE_s29_session0_lamp,74,229,81.63333333333334,1.5883069038391113,0.08717337865764849
COHFACE_s29_session0_lamp,74,230,81.66666666666667,1.5918543338775635,-0.0683682535234769
COHFACE_s29_session0_lamp,74,231,81.7,1.519901156425476,-0.19955019508436864
COHFACE_s29_session0_lamp,74,232,81.73333333333333,1.249668836593628,-0.3040046455057739
COHFACE_s29_session0_lamp,74,233,81.76666666666667,0.926025927066803,-0.3812331676837649
COHFACE_s29_session0_lamp,74,234,81.8,0.7056027054786682,-0.4316174272365806
COHFACE_s29_session0_lamp,74,235,81.83333333333333,0.5541421175003052,-0.45552000134107545
COHFACE_s29_session0_lamp,74,236,81.86666666666666,0.3876160979270935,-0.4531226038063991
COHFACE_s29_session0_lamp,74,237,81.9,0.18865007162094116,-0.4251950336784741
COHFACE_s29_session0_lamp,74,238,81.93333333333334,-0.02402413822710514,-0.3742985969520814
COHFACE_s29_session0_lamp,74,239,81.96666666666667,-0.227018803358078,-0.3055103363813286
COHFACE_s29_session0_lamp,75,0,75.0,-0.06940444558858871,-0.1811631164182797
COHFACE_s29_session0_lamp,75,1,75.03333333333333,-0.2524181604385376,-0.19412655902868098
COHFACE_s29_session0_lamp,75,2,75.06666666666666,-0.38924041390419006,-0.22398696631268603
COHFACE_s29_session0_lamp,75,3,75.1,-0.49322253465652466,-0.2817732098355477
COHFACE_s29_session0_lamp,75,4,75.13333333333334,-0.5780402421951294,-0.3647528575506785
COHFACE_s29_session0_lamp,75,5,75.16666666666667,-0.6444181203842163,-0.4567722377437706
COHFACE_s29_session0_lamp,75,6,75.2,-0.6981639266014099,-0.5339311322848687
COHFACE_s29_session0_lamp,75,7,75.23333333333333,-0.7511526942253113,-0.5726695378505081
COHFACE_s29_session0_lamp,75,8,75.26666666666667,-0.8128314018249512,-0.5566502299517437
COHFACE_s29_session0_lamp,75,9,75.3,-0.8737422227859497,-0.48006839912851157
COHFACE_s29_session0_lamp,75,10,75.33333333333333,-0.9290724396705627,-0.3469668177626534
COHFACE_s29_session0_lamp,75,11,75.36666666666666,-0.9807309508323669,-0.16797014874246755
COHFACE_s29_session0_lamp,75,12,75.4,-1.018513560295105,0.043071363604289974
COHFACE_s29_session0_lamp,75,13,75.43333333333334,-1.043026089668274,0.2705454283171415
COHFACE_s29_session0_lamp,75,14,75.46666666666667,-1.0581673383712769,0.4967225288634605
COHFACE_s29_session0_lamp,75,15,75.5,-1.0699396133422852,0.7016175804254392
COHFACE_s29_session0_lamp,75,16,75.53333333333333,-1.0716159343719482,0.8652366618617339
COHFACE_s29_session0_lamp,75,17,75.56666666666666,-1.0616822242736816,0.9724446933400273
COHFACE_s29_session0_lamp,75,18,75.6,-1.058453917503357,1.0180142616660408
COHFACE_s29_session0_lamp,75,19,75.63333333333334,-1.0711995363235474,1.0083337403982
COHFACE_s29_session0_lamp,75,20,75.66666666666667,-1.0878115892410278,0.9580465207105194
COHFACE_s29_session0_lamp,75,21,75.7,-0.9052467346191406,0.8831032325881317
COHFACE_s29_session0_lamp,75,22,75.73333333333333,-0.07176214456558228,0.7939132608033858
COHFACE_s29_session0_lamp,75,23,75.76666666666667,1.119065284729004,0.692231327571262
COHFACE_s29_session0_lamp,75,24,75.8,1.7985748052597046,0.573248115331975
COHFACE_s29_session0_lamp,75,25,75.83333333333333,1.7674920558929443,0.43132675758012434
COHFACE_s29_session0_lamp,75,26,75.86666666666666,1.4810423851013184,0.2656925806924817
COHFACE_s29_session0_lamp,75,27,75.9,1.297974705696106,0.08260402869359365
COHFACE_s29_session0_lamp,75,28,75.93333333333334,1.2691415548324585,-0.10686766372444627
COHFACE_s29_session0_lamp,75,29,75.96666666666667,1.2444829940795898,-0.29140244837065676
COHFACE_s29_session0_lamp,75,30,76.0,1.0592900514602661,-0.4632197515161199
COHFACE_s29_session0_lamp,75,31,76.03333333333333,0.8223628997802734,-0.6190331284892061
COHFACE_s29_session0_lamp,75,32,76.06666666666666,0.6789217591285706,-0.7582187391850176
COHFACE_s29_session0_lamp,75,33,76.1,0.5690886378288269,-0.8799357113313897
COHFACE_s29_session0_lamp,75,34,76.13333333333334,0.42770782113075256,-0.9812382010906083
COHFACE_s29_session0_lamp,75,35,76.16666666666667,0.23931357264518738,-1.0572826326883402
COHFACE_s29_session0_lamp,75,36,76.2,0.03219833970069885,-1.103353761738417
COHFACE_s29_session0_lamp,75,37,76.23333333333333,-0.15308113396167755,-1.1173625929388085
COHFACE_s29_session0_lamp,75,38,76.26666666666667,-0.3103223741054535,-1.1011944098592834
COHFACE_s29_session0_lamp,75,39,76.3,-0.429256409406662,-1.0599104216193078
COHFACE_s29_session0_lamp,75,40,76.33333333333333,-0.5027398467063904,-0.9989987315785303
COHFACE_s29_session0_lamp,75,41,76.36666666666666,-0.553533136844635,-0.9209361777413616
COHFACE_s29_session0_lamp,75,42,76.4,-0.6025635600090027,-0.8227011585038648
COHFACE_s29_session0_lamp,75,43,76.43333333333334,-0.6498851776123047,-0.6955769153594695
COHFACE_s29_session0_lamp,75,44,76.46666666666667,-0.7015490531921387,-0.5278570427119036
COHFACE_s29_session0_lamp,75,45,76.5,-0.7597615122795105,-0.31002966493120687
COHFACE_s29_session0_lamp,75,46,76.53333333333333,-0.8186715841293335,-0.040836794843994384
COHFACE_s29_session0_lamp,75,47,76.56666666666666,-0.8714331984519958,0.26832519604488025
COHFACE_s29_session0_lamp,75,48,76.6,-0.9176895022392273,0.5932546352956463
COHFACE_s29_session0_lamp,75,49,76.63333333333334,-0.9517247676849365,0.9021171549665714
COHFACE_s29_session0_lamp,75,50,76.66666666666667,-0.982634425163269,1.1641863591613812
COHFACE_s29_session0_lamp,75,51,76.7,-1.0185461044311523,1.3581738468153037
COHFACE_s29_session0_lamp,75,52,76.73333333333333,-0.9144504070281982,1.4763412825362092
COHFACE_s29_session0_lamp,75,53,76.76666666666667,-0.2214057445526123,1.5230191553548509
COHFACE_s29_session0_lamp,75,54,76.8,0.9667719602584839,1.5092346212321064
COHFACE_s29_session0_lamp,75,55,76.83333333333333,1.7915016412734985,1.446754554095734
COHFACE_s29_session0_lamp,75,56,76.86666666666666,1.8921743631362915,1.3440479346298506
COHFACE_s29_session0_lamp,75,57,76.9,1.6521973609924316,1.204943091011079
COHFACE_s29_session0_lamp,75,58,76.93333333333334,1.480117678642273,1.0297914304446356
COHFACE_s29_session0_lamp,75,59,76.96666666666667,1.4524633884429932,0.8184501348869045
COHFACE_s29_session0_lamp,75,60,77.0,1.4348455667495728,0.5736775692295288
COHFACE_s29_session0_lamp,75,61,77.03333333333333,1.2626903057098389,0.303290879370862
COHFACE_s29_session0_lamp,75,62,77.06666666666666,0.9491865634918213,0.02029502565357934
COHFACE_s29_session0_lamp,75,63,77.1,0.683685839176178,-0.2587424381611004
COHFACE_s29_session0_lamp,75,64,77.13333333333334,0.5331823825836182,-0.5164880690656359
COHFACE_s29_session0_lamp,75,65,77.16666666666667,0.4081648588180542,-0.738227363794857
COHFACE_s29_session0_lamp,75,66,77.2,0.24479684233665466,-0.914896044911461
COHFACE_s29_session0_lamp,75,67,77.23333333333333,0.041120823472738266,-1.0444918667296916
COHFACE_s29_session0_lamp,75,68,77.26666666666667,-0.16063010692596436,-1.1309944044397457
COHFACE_s29_session0_lamp,75,69,77.3,-0.3244577646255493,-1.181078381823166
COHFACE_s29_session0_lamp,75,70,77.33333333333333,-0.4573162794113159,-1.200240625529814
COHFACE_s29_session0_lamp,75,71,77.36666666666666,-0.5572426915168762,-1.1905033934180167
COHFACE_s29_session0_lamp,75,72,77.4,-0.6210087537765503,-1.151015611906785
COHFACE_s29_session0_lamp,75,73,77.43333333333334,-0.6721481084823608,-1.0810788042574273
COHFACE_s29_session0_lamp,75,74,77.46666666666667,-0.7300902009010315,-0.9834750857210187
COHFACE_s29_session0_lamp,75,75,77.5,-0.7863667607307434,-0.8656343075210037
COHFACE_s29_session0_lamp,75,76,77.53333333333333,-0.841015636920929,-0.7375442981035668
COHFACE_s29_session0_lamp,75,77,77.56666666666666,-0.9004718065261841,-0.6074454616969316
COHFACE_s29_session0_lamp,75,78,77.6,-0.9557641744613647,-0.47780989920987516
COHFACE_s29_session0_lamp,75,79,77.63333333333334,-1.0031344890594482,-0.3439347193131169
COHFACE_s29_session0_lamp,75,80,77.66666666666667,-1.0425772666931152,-0.195820912743766
COHFACE_s29_session0_lamp,75,81,77.7,-1.0688202381134033,-0.022292231585950104
COHFACE_s29_session0_lamp,75,82,77.73333333333333,-1.0789539813995361,0.18424454967079842
COHFACE_s29_session0_lamp,75,83,77.76666666666667,-1.081376552581787,0.4237456833338758
COHFACE_s29_session0_lamp,75,84,77.8,-1.0836964845657349,0.6862903824494089
COHFACE_s29_session0_lamp,75,85,77.83333333333333,-1.1018712520599365,0.9525248293809543
COHFACE_s29_session0_lamp,75,86,77.86666666666666,-1.117136836051941,1.1970327174326438
COHFACE_s29_session0_lamp,75,87,77.9,-0.8678047060966492,1.3937260756906398
COHFACE_s29_session0_lamp,75,88,77.93333333333334,0.1194656565785408,1.521202021497844
COHFACE_s29_session0_lamp,75,89,77.96666666666667,1.3919203281402588,1.566135869893125
COHFACE_s29_session0_lamp,75,90,78.0,2.0458736419677734,1.5244792623036283
COHFACE_s29_session0_lamp,75,91,78.03333333333333,1.992814540863037,1.4014838388066277
COHFACE_s29_session0_lamp,75,92,78.06666666666666,1.7345870733261108,1.210865594242245
COHFACE_s29_session0_lamp,75,93,78.1,1.6151609420776367,0.9723639818819799
COHFACE_s29_session0_lamp,75,94,78.13333333333334,1.6213417053222656,0.7074883622018258
COHFACE_s29_session0_lamp,75,95,78.16666666666667,1.5900157690048218,0.43478323722971646
COHFACE_s29_session0_lamp,75,96,78.2,1.3733453750610352,0.16677858094941542
COHFACE_s29_session0_lamp,75,97,78.23333333333333,1.0283966064453125,-0.08995466792408463
COHFACE_s29_session0_lamp,75,98,78.26666666666667,0.7561634182929993,-0.33216408807099795
COHFACE_s29_session0_lamp,75,99,78.3,0.5962616801261902,-0.5567527190445898
COHFACE_s29_session0_lamp,75,100,78.33333333333333,0.45129022002220154,-0.759041394568228
COHFACE_s29_session0_lamp,75,101,78.36666666666666,0.2664000689983368,-0.9331105868201252
COHFACE_s29_session0_lamp,75,102,78.4,0.05920913815498352,-1.0735692732018787
COHFACE_s29_session0_lamp,75,103,78.43333333333334,-0.1347440779209137,-1.177351618710738
COHFACE_s29_session0_lamp,75,104,78.46666666666667,-0.298782616853714,-1.2441608888550353
COHFACE_s29_session0_lamp,75,105,78.5,-0.4325496256351471,-1.2751629301974676
COHFACE_s29_session0_lamp,75,106,78.53333333333333,-0.534163236618042,-1.2710570555481433
COHFACE_s29_session0_lamp,75,107,78.56666666666666,-0.6083171963691711,-1.2312871702425376
COHFACE_s29_session0_lamp,75,108,78.6,-0.6653940677642822,-1.1550689401888468
COHFACE_s29_session0_lamp,75,109,78.63333333333334,-0.7247421145439148,-1.0432606689004278
COHFACE_s29_session0_lamp,75,110,78.66666666666667,-0.7881782650947571,-0.8994748828199556
COHFACE_s29_session0_lamp,75,111,78.7,-0.8492621779441833,-0.7294752471456524
COHFACE_s29_session0_lamp,75,112,78.73333333333333,-0.9072366952896118,-0.5391612035314945
COHFACE_s29_session0_lamp,75,113,78.76666666666667,-0.9619558453559875,-0.33245582958079084
COHFACE_s29_session0_lamp,75,114,78.8,-1.0100454092025757,-0.11056372717055718
COHFACE_s29_session0_lamp,75,115,78.83333333333333,-1.0509319305419922,0.12669929993763193
COHFACE_s29_session0_lamp,75,116,78.86666666666666,-1.07517409324646,0.37801731419943807
COHFACE_s29_session0_lamp,75,117,78.9,-1.0928784608840942,0.6375298616170474
COHFACE_s29_session0_lamp,75,118,78.93333333333334,-1.108711838722229,0.8930783257464795
COHFACE_s29_session0_lamp,75,119,78.96666666666667,-1.1091877222061157,1.1265601689433125
COHFACE_s29_session0_lamp,75,120,79.0,-1.1001137495040894,1.3164364023546495
COHFACE_s29_session0_lamp,75,121,79.03333333333333,-1.1039801836013794,1.44194046355731
COHFACE_s29_session0_lamp,75,122,79.06666666666666,-1.1255239248275757,1.4882957474182847
COHFACE_s29_session0_lamp,75,123,79.1,-1.1230202913284302,1.4516880716015335
COHFACE_s29_session0_lamp,75,124,79.13333333333334,-0.7735183835029602,1.3418222137710845
COHFACE_s29_session0_lamp,75,125,79.16666666666667,0.32104894518852234,1.179962875043353
COHFACE_s29_session0_lamp,75,126,79.2,1.5560129880905151,0.9923267992188365
COHFACE_s29_session0_lamp,75,127,79.23333333333333,2.101858139038086,0.8013248482911193
COHFACE_s29_session0_lamp,75,128,79.26666666666667,1.986352562904358,0.6185455241250762
COHFACE_s29_session0_lamp,75,129,79.3,1.730715274810791,0.44269421617539334
COHFACE_s29_session0_lamp,75,130,79.33333333333333,1.6315999031066895,0.26330872049980814
COHFACE_s29_session0_lamp,75,131,79.36666666666666,1.6407711505889893,0.06821223487269128
COHFACE_s29_session0_lamp,75,132,79.4,1.591719150543213,-0.149116371896659
COHFACE_s29_session0_lamp,75,133,79.43333333333334,1.3571118116378784,-0.38565057007081216
COHFACE_s29_session0_lamp,75,134,79.46666666666667,1.039092779159546,-0.6293777323120527
COHFACE_s29_session0_lamp,75,135,79.5,0.8054858446121216,-0.862881369028603
COHFACE_s29_session0_lamp,75,136,79.53333333333333,0.6577349305152893,-1.0678504688062151
COHFACE_s29_session0_lamp,75,137,79.56666666666666,0.5082156658172607,-1.229050612887743
COHFACE_s29_session0_lamp,75,138,79.6,0.31216973066329956,-1.3369713237277312
COHFACE_s29_session0_lamp,75,139,79.63333333333334,0.09787324070930481,-1.3887648115586588
COHFACE_s29_session0_lamp,75,140,79.66666666666667,-0.09482000768184662,-1.3874263686559323
COHFACE_s29_session0_lamp,75,141,79.7,-0.25317519903182983,-1.3395671843851988
COHFACE_s29_session0_lamp,75,142,79.73333333333333,-0.3737855851650238,-1.2525665908442618
COHFACE_s29_session0_lamp,75,143,79.76666666666667,-0.46027421951293945,-1.132171749834484
COHFACE_s29_session0_lamp,75,144,79.8,-0.5268684029579163,-0.9815069067760349
COHFACE_s29_session0_lamp,75,145,79.83333333333333,-0.5799869298934937,-0.8018510137744038
COHFACE_s29_session0_lamp,75,146,79.86666666666666,-0.6312344670295715,-0.5946179283764833
COHFACE_s29_session0_lamp,75,147,79.9,-0.6866782307624817,-0.3632600421059549
COHFACE_s29_session0_lamp,75,148,79.93333333333334,-0.7434036135673523,-0.11383416806063407
COHFACE_s29_session0_lamp,75,149,79.96666666666667,-0.8038115501403809,0.14616089102351967
COHFACE_s29_session0_lamp,75,150,80.0,-0.8626134395599365,0.40974212619933204
COHFACE_s29_session0_lamp,75,151,80.03333333333333,-0.9076909422874451,0.6713463510497402
COHFACE_s29_session0_lamp,75,152,80.06666666666666,-0.9350748658180237,0.9251732404283153
COHFACE_s29_session0_lamp,75,153,80.1,-0.9593493938446045,1.161389566548157
COHFACE_s29_session0_lamp,75,154,80.13333333333334,-0.974955677986145,1.3631549044137465
COHFACE_s29_session0_lamp,75,155,80.16666666666667,-0.9805795550346375,1.50802455658949
COHFACE_s29_session0_lamp,75,156,80.2,-0.9751178622245789,1.5745540313896704
COHFACE_s29_session0_lamp,75,157,80.23333333333333,-0.9732847213745117,1.5509879258854948
COHFACE_s29_session0_lamp,75,158,80.26666666666667,-0.9846243858337402,1.4409776415675795
COHFACE_s29_session0_lamp,75,159,80.3,-0.9933846592903137,1.262788087809506
COHFACE_s29_session0_lamp,75,160,80.33333333333333,-0.7604644894599915,1.0424918383074004
COHFACE_s29_session0_lamp,75,161,80.36666666666666,0.16632764041423798,0.8051589060834363
COHFACE_s29_session0_lamp,75,162,80.4,1.391417384147644,0.5684989953761842
COHFACE_s29_session0_lamp,75,163,80.43333333333334,2.032073497772217,0.341207380544408
COHFACE_s29_session0_lamp,75,164,80.46666666666667,1.948472499847412,0.12540650439154427
COHFACE_s29_session0_lamp,75,165,80.5,1.610861897468567,-0.07923673887415596
COHFACE_s29_session0_lamp,75,166,80.53333333333333,1.3713715076446533,-0.27218328962667904
COHFACE_s29_session0_lamp,75,167,80.56666666666666,1.3040419816970825,-0.45075743366642096
COHFACE_s29_session0_lamp,75,168,80.6,1.2578558921813965,-0.6108427355917848
COHFACE_s29_session0_lamp,75,169,80.63333333333334,1.0779082775115967,-0.7485818803476483
COHFACE_s29_session0_lamp,75,170,80.66666666666667,0.8732426762580872,-0.8620002419530418
COHFACE_s29_session0_lamp,75,171,80.7,0.7424444556236267,-0.9518415575475282
COHFACE_s29_session0_lamp,75,172,80.73333333333333,0.6357423067092896,-1.0213659757968794
COHFACE_s29_session0_lamp,75,173,80.76666666666667,0.48924052715301514,-1.0751699972442164
COHFACE_s29_session0_lamp,75,174,80.8,0.2837475538253784,-1.1172297809512897
COHFACE_s29_session0_lamp,75,175,80.83333333333333,0.05107615515589714,-1.148531194857295
COHFACE_s29_session0_lamp,75,176,80.86666666666666,-0.1542005091905594,-1.1649819096787988
COHFACE_s29_session0_lamp,75,177,80.9,-0.3160706162452698,-1.1566954559800318
COHFACE_s29_session0_lamp,75,178,80.93333333333334,-0.43990930914878845,-1.1098006393845081
COHFACE_s29_session0_lamp,75,179,80.96666666666667,-0.5196493268013,-1.0111012929588032
COHFACE_s29_session0_lamp,75,180,81.0,-0.5633857250213623,-0.854180739427063
COHFACE_s29_session0_lamp,75,181,81.03333333333333,-0.5998814105987549,-0.6439750852567729
COHFACE_s29_session0_lamp,75,182,81.06666666666666,-0.6465432643890381,-0.3967536498003795
COHFACE_s29_session0_lamp,75,183,81.1,-0.7038580775260925,-0.13445560188060324
COHFACE_s29_session0_lamp,75,184,81.13333333333334,-0.7708524465560913,0.12425121957227703
COHFACE_s29_session0_lamp,75,185,81.16666666666667,-0.8440384268760681,0.3711236831806123
COHFACE_s29_session0_lamp,75,186,81.2,-0.9147207736968994,0.6088262540529524
COHFACE_s29_session0_lamp,75,187,81.23333333333333,-0.9728034734725952,0.8436351230026038
COHFACE_s29_session0_lamp,75,188,81.26666666666667,-1.0175024271011353,1.074810540882068
COHFACE_s29_session0_lamp,75,189,81.3,-1.0387433767318726,1.2879702189482527
COHFACE_s29_session0_lamp,75,190,81.33333333333333,-1.0504993200302124,1.4571316498657632
COHFACE_s29_session0_lamp,75,191,81.36666666666666,-1.0731679201126099,1.5542342869320462
COHFACE_s29_session0_lamp,75,192,81.4,-1.0483471155166626,1.5604181741540777
COHFACE_s29_session0_lamp,75,193,81.43333333333334,-0.5559016466140747,1.4729160238922008
COHFACE_s29_session0_lamp,75,194,81.46666666666667,0.6872494220733643,1.3049555206127927
COHFACE_s29_session0_lamp,75,195,81.5,1.8683972358703613,1.0803515851445118
COHFACE_s29_session0_lamp,75,196,81.53333333333333,2.232872724533081,0.8263297202340665
COHFACE_s29_session0_lamp,75,197,81.56666666666666,2.006192922592163,0.5674439567648268
COHFACE_s29_session0_lamp,75,198,81.6,1.7098366022109985,0.3218166993035437
COHFACE_s29_session0_lamp,75,199,81.63333333333334,1.5883069038391113,0.09963954712551475
COHFACE_s29_session0_lamp,75,200,81.66666666666667,1.5918543338775635,-0.09652420612909196
COHFACE_s29_session0_lamp,75,201,81.7,1.519901156425476,-0.26994092049589463
COHFACE_s29_session0_lamp,75,202,81.73333333333333,1.249668836593628,-0.4266680027895486
COHFACE_s29_session0_lamp,75,203,81.76666666666667,0.926025927066803,-0.5718907196659089
COHFACE_s29_session0_lamp,75,204,81.8,0.7056027054786682,-0.7068222125703187
COHFACE_s29_session0_lamp,75,205,81.83333333333333,0.5541421175003052,-0.8275226144551938
COHFACE_s29_session0_lamp,75,206,81.86666666666666,0.3876160979270935,-0.9262955555504969
COHFACE_s29_session0_lamp,75,207,81.9,0.18865007162094116,-0.9949948903505534
COHFACE_s29_session0_lamp,75,208,81.93333333333334,-0.02402413822710514,-1.028397330072015
COHFACE_s29_session0_lamp,75,209,81.96666666666667,-0.227018803358078,-1.0257038471332376
COHFACE_s29_session0_lamp,75,210,82.0,-0.3855037987232208,-0.989517633775007
COHFACE_s29_session0_lamp,75,211,82.03333333333333,-0.5027506351470947,-0.923377764741443
COHFACE_s29_session0_lamp,75,212,82.06666666666666,-0.590223491191864,-0.8298340879066288
COHFACE_s29_session0_lamp,75,213,82.1,-0.6538597345352173,-0.7105342342006468
COHFACE_s29_session0_lamp,75,214,82.13333333333334,-0.7108446359634399,-0.5682065937516696
COHFACE_s29_session0_lamp,75,215,82.16666666666667,-0.7681162357330322,-0.40898050183996715
COHFACE_s29_session0_lamp,75,216,82.2,-0.8262583613395691,-0.2432367418536825
COHFACE_s29_session0_lamp,75,217,82.23333333333333,-0.8856118321418762,-0.08404896320882553
COHFACE_s29_session0_lamp,75,218,82.26666666666667,-0.947176992893219,0.05641666892469308
COHFACE_s29_session0_lamp,75,219,82.3,-1.0107591152191162,0.17097921343890174
COHFACE_s29_session0_lamp,75,220,82.33333333333333,-1.063585638999939,0.259859249102623
COHFACE_s29_session0_lamp,75,221,82.36666666666666,-1.1040234565734863,0.3299173476322167
COHFACE_s29_session0_lamp,75,222,82.4,-1.1340192556381226,0.39093550747896055
COHFACE_s29_session0_lamp,75,223,82.43333333333334,-1.1606839895248413,0.4507723880458841
COHFACE_s29_session0_lamp,75,224,82.46666666666667,-1.1740731000900269,0.511557992450312
COHFACE_s29_session0_lamp,75,225,82.5,-1.1763604879379272,0.5683165219490672
COHFACE_s29_session0_lamp,75,226,82.53333333333333,-1.1837255954742432,0.6103336561590842
COHFACE_s29_session0_lamp,75,227,82.56666666666666,-1.1956114768981934,0.6248051793348507
COHFACE_s29_session0_lamp,75,228,82.6,-1.2177608013153076,0.601856169564164
COHFACE_s29_session0_lamp,75,229,82.63333333333334,-1.0245376825332642,0.5393326218312612
COHFACE_s29_session0_lamp,75,230,82.66666666666667,-0.0893583670258522,0.4449216130141801
COHFACE_s29_session0_lamp,75,231,82.7,1.2746301889419556,0.3338219841224664
COHFACE_s29_session0_lamp,75,232,82.73333333333333,2.064318895339966,0.2230168697020923
COHFACE_s29_session0_lamp,75,233,82.76666666666667,2.0524654388427734,0.12559140946846825
COHFACE_s29_session0_lamp,75,234,82.8,1.7546436786651611,0.04801351526819884
COHFACE_s29_session0_lamp,75,235,82.83333333333333,1.5649787187576294,-0.009147332650255757
COHFACE_s29_session0_lamp,75,236,82.86666666666666,1.5312354564666748,-0.04859205510453509
COHFACE_s29_session0_lamp,75,237,82.9,1.5127794742584229,-0.0737664749944941
COHFACE_s29_session0_lamp,75,238,82.93333333333334,1.3383042812347412,-0.08759719495617488
COHFACE_s29_session0_lamp,75,239,82.96666666666667,1.0134987831115723,-0.09239382454810477
COHFACE_s29_session0_lamp,76,0,76.0,1.0592900514602661,-0.21289623552353984
COHFACE_s29_session0_lamp,76,1,76.03333333333333,0.8223628997802734,-0.030551820045517687
COHFACE_s29_session0_lamp,76,2,76.06666666666666,0.6789217591285706,0.09971661899236253
COHFACE_s29_session0_lamp,76,3,76.1,0.5690886378288269,0.14312583659784694
COHFACE_s29_session0_lamp,76,4,76.13333333333334,0.42770782113075256,0.09715994972487625
COHFACE_s29_session0_lamp,76,5,76.16666666666667,0.23931357264518738,-0.010323857784562598
COHFACE_s29_session0_lamp,76,6,76.2,0.03219833970069885,-0.13566430648808966
COHFACE_s29_session0_lamp,76,7,76.23333333333333,-0.15308113396167755,-0.23869526874398536
COHFACE_s29_session0_lamp,76,8,76.26666666666667,-0.3103223741054535,-0.2975632881838575
COHFACE_s29_session0_lamp,76,9,76.3,-0.429256409406662,-0.31326285200922915
COHFACE_s29_session0_lamp,76,10,76.33333333333333,-0.5027398467063904,-0.3027902019855725
COHFACE_s29_session0_lamp,76,11,76.36666666666666,-0.553533136844635,-0.2847140977302309
COHFACE_s29_session0_lamp,76,12,76.4,-0.6025635600090027,-0.26508161251212115
COHFACE_s29_session0_lamp,76,13,76.43333333333334,-0.6498851776123047,-0.2317975980458824
COHFACE_s29_session0_lamp,76,14,76.46666666666667,-0.7015490531921387,-0.16053068442880142
COHFACE_s29_session0_lamp,76,15,76.5,-0.7597615122795105,-0.028503461952681216
COHFACE_s29_session0_lamp,76,16,76.53333333333333,-0.8186715841293335,0.17118506585325566
COHFACE_s29_session0_lamp,76,17,76.56666666666666,-0.8714331984519958,0.4217895269593071
COHFACE_s29_session0_lamp,76,18,76.6,-0.9176895022392273,0.6856568829687764
COHFACE_s29_session0_lamp,76,19,76.63333333333334,-0.9517247676849365,0.9164907501096534
COHFACE_s29_session0_lamp,76,20,76.66666666666667,-0.982634425163269,1.0752221086241192
COHFACE_s29_session0_lamp,76,21,76.7,-1.0185461044311523,1.1418377668873951
COHFACE_s29_session0_lamp,76,22,76.73333333333333,-0.9144504070281982,1.118507988286304
COHFACE_s29_session0_lamp,76,23,76.76666666666667,-0.2214057445526123,1.0243424154655405
COHFACE_s29_session0_lamp,76,24,76.8,0.9667719602584839,0.8854758321326448
COHFACE_s29_session0_lamp,76,25,76.83333333333333,1.7915016412734985,0.7250255115416329
COHFACE_s29_session0_lamp,76,26,76.86666666666666,1.8921743631362915,0.556548106322906
COHFACE_s29_session0_lamp,76,27,76.9,1.6521973609924316,0.382807453811533
COHFACE_s29_session0_lamp,76,28,76.93333333333334,1.480117678642273,0.19959730465766032
COHFACE_s29_session0_lamp,76,29,76.96666666666667,1.4524633884429932,0.0024416133700753953
COHFACE_s29_session0_lamp,76,30,77.0,1.4348455667495728,-0.2072464544033897
COHFACE_s29_session0_lamp,76,31,77.03333333333333,1.2626903057098389,-0.4195522711134611
COHFACE_s29_session0_lamp,76,32,77.06666666666666,0.9491865634918213,-0.617799491802837
COHFACE_s29_session0_lamp,76,33,77.1,0.683685839176178,-0.7831942272162877
COHFACE_s29_session0_lamp,76,34,77.13333333333334,0.5331823825836182,-0.9002347071125815
COHFACE_s29_session0_lamp,76,35,77.16666666666667,0.4081648588180542,-0.9611977410224886
COHFACE_s29_session0_lamp,76,36,77.2,0.24479684233665466,-0.9684944865952536
COHFACE_s29_session0_lamp,76,37,77.23333333333333,0.041120823472738266,-0.933980294596611
COHFACE_s29_session0_lamp,76,38,77.26666666666667,-0.16063010692596436,-0.8748373778506724
COHFACE_s29_session0_lamp,76,39,77.3,-0.3244577646255493,-0.8069343962764639
COHFACE_s29_session0_lamp,76,40,77.33333333333333,-0.4573162794113159,-0.7383853747027429
COHFACE_s29_session0_lamp,76,41,77.36666666666666,-0.5572426915168762,-0.666935182704209
COHFACE_s29_session0_lamp,76,42,77.4,-0.6210087537765503,-0.5834624114495304
COHFACE_s29_session0_lamp,76,43,77.43333333333334,-0.6721481084823608,-0.4804948914365243
COHFACE_s29_session0_lamp,76,44,77.46666666666667,-0.7300902009010315,-0.36094795969951954
COHFACE_s29_session0_lamp,76,45,77.5,-0.7863667607307434,-0.24113718755622082
COHFACE_s29_session0_lamp,76,46,77.53333333333333,-0.841015636920929,-0.14502026857277267
COHFACE_s29_session0_lamp,76,47,77.56666666666666,-0.9004718065261841,-0.09190911341913999
COHFACE_s29_session0_lamp,76,48,77.6,-0.9557641744613647,-0.08422508514922566
COHFACE_s29_session0_lamp,76,49,77.63333333333334,-1.0031344890594482,-0.10242392319621953
COHFACE_s29_session0_lamp,76,50,77.66666666666667,-1.0425772666931152,-0.11040965848886944
COHFACE_s29_session0_lamp,76,51,77.7,-1.0688202381134033,-0.06920622176214455
COHFACE_s29_session0_lamp,76,52,77.73333333333333,-1.0789539813995361,0.047255714377639264
COHFACE_s29_session0_lamp,76,53,77.76666666666667,-1.081376552581787,0.24114877098225226
COHFACE_s29_session0_lamp,76,54,77.8,-1.0836964845657349,0.48926282465511384
COHFACE_s29_session0_lamp,76,55,77.83333333333333,-1.1018712520599365,0.751642250561862
COHFACE_s29_session0_lamp,76,56,77.86666666666666,-1.117136836051941,0.98653260840237
COHFACE_s29_session0_lamp,76,57,77.9,-0.8678047060966492,1.1645269340330737
COHFACE_s29_session0_lamp,76,58,77.93333333333334,0.1194656565785408,1.2744320480030633
COHFACE_s29_session0_lamp,76,59,77.96666666666667,1.3919203281402588,1.3180902887650752
COHFACE_s29_session0_lamp,76,60,78.0,2.0458736419677734,1.2997234852523671
COHFACE_s29_session0_lamp,76,61,78.03333333333333,1.992814540863037,1.2195857907673764
COHFACE_s29_session0_lamp,76,62,78.06666666666666,1.7345870733261108,1.0767018092204557
COHFACE_s29_session0_lamp,76,63,78.1,1.6151609420776367,0.8766513642030099
COHFACE_s29_session0_lamp,76,64,78.13333333333334,1.6213417053222656,0.6361703050210361
COHFACE_s29_session0_lamp,76,65,78.16666666666667,1.5900157690048218,0.3794798700122661
COHFACE_s29_session0_lamp,76,66,78.2,1.3733453750610352,0.12870039486711599
COHFACE_s29_session0_lamp,76,67,78.23333333333333,1.0283966064453125,-0.10410995229794091
COHFACE_s29_session0_lamp,76,68,78.26666666666667,0.7561634182929993,-0.31740161395771366
COHFACE_s29_session0_lamp,76,69,78.3,0.5962616801261902,-0.513560050438023
COHFACE_s29_session0_lamp,76,70,78.33333333333333,0.45129022002220154,-0.691359529144806
COHFACE_s29_session0_lamp,76,71,78.36666666666666,0.2664000689983368,-0.8437203444023336
COHFACE_s29_session0_lamp,76,72,78.4,0.05920913815498352,-0.961685574706181
COHFACE_s29_session0_lamp,76,73,78.43333333333334,-0.1347440779209137,-1.0400365950163928
COHFACE_s29_session0_lamp,76,74,78.46666666666667,-0.298782616853714,-1.0795274292443546
COHFACE_s29_session0_lamp,76,75,78.5,-0.4325496256351471,-1.0844560860707293
COHFACE_s29_session0_lamp,76,76,78.53333333333333,-0.534163236618042,-1.0582675229182066
COHFACE_s29_session0_lamp,76,77,78.56666666666666,-0.6083171963691711,-1.0012860451001806
COHFACE_s29_session0_lamp,76,78,78.6,-0.6653940677642822,-0.9127980407721928
COHFACE_s29_session0_lamp,76,79,78.63333333333334,-0.7247421145439148,-0.7960866657960017
COHFACE_s29_session0_lamp,76,80,78.66666666666667,-0.7881782650947571,-0.6622309626168184
COHFACE_s29_session0_lamp,76,81,78.7,-0.8492621779441833,-0.5285619011182232
COHFACE_s29_session0_lamp,76,82,78.73333333333333,-0.9072366952896118,-0.4109719454528659
COHFACE_s29_session0_lamp,76,83,78.76666666666667,-0.9619558453559875,-0.3139018014410792
COHFACE_s29_session0_lamp,76,84,78.8,-1.0100454092025757,-0.22470696272832102
COHFACE_s29_session0_lamp,76,85,78.83333333333333,-1.0509319305419922,-0.11756379610659419
COHFACE_s29_session0_lamp,76,86,78.86666666666666,-1.07517409324646,0.033802766017972004
COHFACE_s29_session0_lamp,76,87,78.9,-1.0928784608840942,0.24126637442331933
COHFACE_s29_session0_lamp,76,88,78.93333333333334,-1.108711838722229,0.4935912578213496
COHFACE_s29_session0_lamp,76,89,78.96666666666667,-1.1091877222061157,0.7585430221109943
COHFACE_s29_session0_lamp,76,90,79.0,-1.1001137495040894,0.9942647927664962
COHFACE_s29_session0_lamp,76,91,79.03333333333333,-1.1039801836013794,1.1637294842368067
COHFACE_s29_session0_lamp,76,92,79.06666666666666,-1.1255239248275757,1.245829364565217
COHFACE_s29_session0_lamp,76,93,79.1,-1.1230202913284302,1.2396391366035309
COHFACE_s29_session0_lamp,76,94,79.13333333333334,-0.7735183835029602,1.1617963995228722
COHFACE_s29_session0_lamp,76,95,79.16666666666667,0.32104894518852234,1.039187591944716
COHFACE_s29_session0_lamp,76,96,79.2,1.5560129880905151,0.8998859134835511
COHFACE_s29_session0_lamp,76,97,79.23333333333333,2.101858139038086,0.7650323811290337
COHFACE_s29_session0_lamp,76,98,79.26666666666667,1.986352562904358,0.6437146039813497
COHFACE_s29_session0_lamp,76,99,79.3,1.730715274810791,0.5320723543146281
COHFACE_s29_session0_lamp,76,100,79.33333333333333,1.6315999031066895,0.41677529245908596
COHFACE_s29_session0_lamp,76,101,79.36666666666666,1.6407711505889893,0.2816928076812969
COHFACE_s29_session0_lamp,76,102,79.4,1.591719150543213,0.1153343501656951
COHFACE_s29_session0_lamp,76,103,79.43333333333334,1.3571118116378784,-0.08379938069432004
COHFACE_s29_session0_lamp,76,104,79.46666666666667,1.039092779159546,-0.30595673614477203
COHFACE_s29_session0_lamp,76,105,79.5,0.8054858446121216,-0.5331489734122422
COHFACE_s29_session0_lamp,76,106,79.53333333333333,0.6577349305152893,-0.7447460616683482
COHFACE_s29_session0_lamp,76,107,79.56666666666666,0.5082156658172607,-0.9230789982933626
COHFACE_s29_session0_lamp,76,108,79.6,0.31216973066329956,-1.057020397616439
COHFACE_s29_session0_lamp,76,109,79.63333333333334,0.09787324070930481,-1.142806333759259
COHFACE_s29_session0_lamp,76,110,79.66666666666667,-0.09482000768184662,-1.1824546097048074
COHFACE_s29_session0_lamp,76,111,79.7,-0.25317519903182983,-1.180750100981251
COHFACE_s29_session0_lamp,76,112,79.73333333333333,-0.3737855851650238,-1.1420467180104963
COHFACE_s29_session0_lamp,76,113,79.76666666666667,-0.46027421951293945,-1.0682169772839363
COHFACE_s29_session0_lamp,76,114,79.8,-0.5268684029579163,-0.9588557480676523
COHFACE_s29_session0_lamp,76,115,79.83333333333333,-0.5799869298934937,-0.8138692647142797
COHFACE_s29_session0_lamp,76,116,79.86666666666666,-0.6312344670295715,-0.6369419226063633
COHFACE_s29_session0_lamp,76,117,79.9,-0.6866782307624817,-0.43736269771587266
COHFACE_s29_session0_lamp,76,118,79.93333333333334,-0.7434036135673523,-0.22846480665814833
COHFACE_s29_session0_lamp,76,119,79.96666666666667,-0.8038115501403809,-0.02316598680720669
COHFACE_s29_session0_lamp,76,120,80.0,-0.8626134395599365,0.17064439017279942
COHFACE_s29_session0_lamp,76,121,80.03333333333333,-0.9076909422874451,0.3516026302958891
COHFACE_s29_session0_lamp,76,122,80.06666666666666,-0.9350748658180237,0.5219192056712019
COHFACE_s29_session0_lamp,76,123,80.1,-0.9593493938446045,0.6817162870899283
COHFACE_s29_session0_lamp,76,124,80.13333333333334,-0.974955677986145,0.824467042188067
COHFACE_s29_session0_lamp,76,125,80.16666666666667,-0.9805795550346375,0.9370272779686815
COHFACE_s29_session0_lamp,76,126,80.2,-0.9751178622245789,1.0050122470989602
COHFACE_s29_session0_lamp,76,127,80.23333333333333,-0.9732847213745117,1.020664174350981
COHFACE_s29_session0_lamp,76,128,80.26666666666667,-0.9846243858337402,0.9881689024502291
COHFACE_s29_session0_lamp,76,129,80.3,-0.9933846592903137,0.9225234949759974
COHFACE_s29_session0_lamp,76,130,80.33333333333333,-0.7604644894599915,0.842337121330453
COHFACE_s29_session0_lamp,76,131,80.36666666666666,0.16632764041423798,0.7610916670337349
COHFACE_s29_session0_lamp,76,132,80.4,1.391417384147644,0.6821513008091525
COHFACE_s29_session0_lamp,76,133,80.43333333333334,2.032073497772217,0.6000844112440131
COHFACE_s29_session0_lamp,76,134,80.46666666666667,1.948472499847412,0.5067937827719055
COHFACE_s29_session0_lamp,76,135,80.5,1.610861897468567,0.39824803425263555
COHFACE_s29_session0_lamp,76,136,80.53333333333333,1.3713715076446533,0.27787163949988
COHFACE_s29_session0_lamp,76,137,80.56666666666666,1.3040419816970825,0.1551552254664953
COHFACE_s29_session0_lamp,76,138,80.6,1.2578558921813965,0.04088155016045073
COHFACE_s29_session0_lamp,76,139,80.63333333333334,1.0779082775115967,-0.058044473836768654
COHFACE_s29_session0_lamp,76,140,80.66666666666667,0.8732426762580872,-0.1414833803239018
COHFACE_s29_session0_lamp,76,141,80.7,0.7424444556236267,-0.215735391217435
COHFACE_s29_session0_lamp,76,142,80.73333333333333,0.6357423067092896,-0.2909983014629281
COHFACE_s29_session0_lamp,76,143,80.76666666666667,0.48924052715301514,-0.3782627634842079
COHFACE_s29_session0_lamp,76,144,80.8,0.2837475538253784,-0.48632969860882236
COHFACE_s29_session0_lamp,76,145,80.83333333333333,0.05107615515589714,-0.6186289223813355
COHFACE_s29_session0_lamp,76,146,80.86666666666666,-0.1542005091905594,-0.7699794563137439
COHFACE_s29_session0_lamp,76,147,80.9,-0.3160706162452698,-0.9248020748733553
COHFACE_s29_session0_lamp,76,148,80.93333333333334,-0.43990930914878845,-1.0589779704038944
COHFACE_s29_session0_lamp,76,149,80.96666666666667,-0.5196493268013,-1.1463936954044276
COHFACE_s29_session0_lamp,76,150,81.0,-0.5633857250213623,-1.1683607803448448
COHFACE_s29_session0_lamp,76,151,81.03333333333333,-0.5998814105987549,-1.1213366891055574
COHFACE_s29_session0_lamp,76,152,81.06666666666666,-0.6465432643890381,-1.0179337958533705
COHFACE_s29_session0_lamp,76,153,81.1,-0.7038580775260925,-0.8793013222697021
COHFACE_s29_session0_lamp,76,154,81.13333333333334,-0.7708524465560913,-0.7225428193041269
COHFACE_s29_session0_lamp,76,155,81.16666666666667,-0.8440384268760681,-0.5511128329532999
COHFACE_s29_session0_lamp,76,156,81.2,-0.9147207736968994,-0.3554627372019448
COHFACE_s29_session0_lamp,76,157,81.23333333333333,-0.9728034734725952,-0.12496007293802926
COHFACE_s29_session0_lamp,76,158,81.26666666666667,-1.0175024271011353,0.13641452908137863
COHFACE_s29_session0_lamp,76,159,81.3,-1.0387433767318726,0.4022657294486569
COHFACE_s29_session0_lamp,76,160,81.33333333333333,-1.0504993200302124,0.6310458395066117
COHFACE_s29_session0_lamp,76,161,81.36666666666666,-1.0731679201126099,0.7851801651331646
COHFACE_s29_session0_lamp,76,162,81.4,-1.0483471155166626,0.849871051313393
COHFACE_s29_session0_lamp,76,163,81.43333333333334,-0.5559016466140747,0.8390544465466201
COHFACE_s29_session0_lamp,76,164,81.46666666666667,0.6872494220733643,0.7855679275265957
COHFACE_s29_session0_lamp,76,165,81.5,1.8683972358703613,0.7236627930287545
COHFACE_s29_session0_lamp,76,166,81.53333333333333,2.232872724533081,0.6753628328948744
COHFACE_s29_session0_lamp,76,167,81.56666666666666,2.006192922592163,0.6470956186628335
COHFACE_s29_session0_lamp,76,168,81.6,1.7098366022109985,0.6347618778540381
COHFACE_s29_session0_lamp,76,169,81.63333333333334,1.5883069038391113,0.630530751151828
COHFACE_s29_session0_lamp,76,170,81.66666666666667,1.5918543338775635,0.6263579717703882
COHFACE_s29_session0_lamp,76,171,81.7,1.519901156425476,0.6141253520882846
COHFACE_s29_session0_lamp,76,172,81.73333333333333,1.249668836593628,0.5852521280262962
COHFACE_s29_session0_lamp,76,173,81.76666666666667,0.926025927066803,0.5321712109420774
COHFACE_s29_session0_lamp,76,174,81.8,0.7056027054786682,0.45159118665613296
COHFACE_s29_session0_lamp,76,175,81.83333333333333,0.5541421175003052,0.3472528377703407
COHFACE_s29_session0_lamp,76,176,81.86666666666666,0.3876160979270935,0.2296832295819456
COHFACE_s29_session0_lamp,76,177,81.9,0.18865007162094116,0.11231240093968789
COHFACE_s29_session0_lamp,76,178,81.93333333333334,-0.02402413822710514,0.00592204423286855
COHFACE_s29_session0_lamp,76,179,81.96666666666667,-0.227018803358078,-0.08516146538123104
COHFACE_s29_session0_lamp,76,180,82.0,-0.3855037987232208,-0.16266660949343797
COHFACE_s29_session0_lamp,76,181,82.03333333333333,-0.5027506351470947,-0.23018183711466006
COHFACE_s29_session0_lamp,76,182,82.06666666666666,-0.590223491191864,-0.28849473704127704
COHFACE_s29_session0_lamp,76,183,82.1,-0.6538597345352173,-0.3342573883052862
COHFACE_s29_session0_lamp,76,184,82.13333333333334,-0.7108446359634399,-0.3629953423636296
COHFACE_s29_session0_lamp,76,185,82.16666666666667,-0.7681162357330322,-0.37405560043637415
COHFACE_s29_session0_lamp,76,186,82.2,-0.8262583613395691,-0.3739394802540115
COHFACE_s29_session0_lamp,76,187,82.23333333333333,-0.8856118321418762,-0.3756873619208174
COHFACE_s29_session0_lamp,76,188,82.26666666666667,-0.947176992893219,-0.3941801534503594
COHFACE_s29_session0_lamp,76,189,82.3,-1.0107591152191162,-0.43937225765220633
COHFACE_s29_session0_lamp,76,190,82.33333333333333,-1.063585638999939,-0.5107862445419403
COHFACE_s29_session0_lamp,76,191,82.36666666666666,-1.1040234565734863,-0.5962792069787164
COHFACE_s29_session0_lamp,76,192,82.4,-1.1340192556381226,-0.6760417762807647
COHFACE_s29_session0_lamp,76,193,82.43333333333334,-1.1606839895248413,-0.7301592555245077
COHFACE_s29_session0_lamp,76,194,82.46666666666667,-1.1740731000900269,-0.7462934013820353
COHFACE_s29_session0_lamp,76,195,82.5,-1.1763604879379272,-0.723837407819868
COHFACE_s29_session0_lamp,76,196,82.53333333333333,-1.1837255954742432,-0.6723075588927708
COHFACE_s29_session0_lamp,76,197,82.56666666666666,-1.1956114768981934,-0.604417110453296
COHFACE_s29_session0_lamp,76,198,82.6,-1.2177608013153076,-0.5272698719238066
COHFACE_s29_session0_lamp,76,199,82.63333333333334,-1.0245376825332642,-0.4368025133191801
COHFACE_s29_session0_lamp,76,200,82.66666666666667,-0.0893583670258522,-0.31961777147653897
COHFACE_s29_session0_lamp,76,201,82.7,1.2746301889419556,-0.16244719222240794
COHFACE_s29_session0_lamp,76,202,82.73333333333333,2.064318895339966,0.03568420872967508
COHFACE_s29_session0_lamp,76,203,82.76666666666667,2.0524654388427734,0.25633310110761465
COHFACE_s29_session0_lamp,76,204,82.8,1.7546436786651611,0.4650971036319402
COHFACE_s29_session0_lamp,76,205,82.83333333333333,1.5649787187576294,0.624964419691635
COHFACE_s29_session0_lamp,76,206,82.86666666666666,1.5312354564666748,0.7123714163361268
COHFACE_s29_session0_lamp,76,207,82.9,1.5127794742584229,0.7267905396345278
COHFACE_s29_session0_lamp,76,208,82.93333333333334,1.3383042812347412,0.6890588338855642
COHFACE_s29_session0_lamp,76,209,82.96666666666667,1.0134987831115723,0.6306708797522157
COHFACE_s29_session0_lamp,76,210,83.0,0.730780303478241,0.5806636060976654
COHFACE_s29_session0_lamp,76,211,83.03333333333333,0.5565539002418518,0.5564597449116552
COHFACE_s29_session0_lamp,76,212,83.06666666666666,0.40761327743530273,0.5612823452390024
COHFACE_s29_session0_lamp,76,213,83.1,0.2178671658039093,0.5867460463418994
COHFACE_s29_session0_lamp,76,214,83.13333333333334,5.035179856349714e-05,0.6176733188909067
COHFACE_s29_session0_lamp,76,215,83.16666666666667,-0.2058914452791214,0.6369525073493271
COHFACE_s29_session0_lamp,76,216,83.2,-0.37852802872657776,0.6296930875316684
COHFACE_s29_session0_lamp,76,217,83.23333333333333,-0.521341860294342,0.5867045148362672
COHFACE_s29_session0_lamp,76,218,83.26666666666667,-0.6303800344467163,0.5069962621825337
COHFACE_s29_session0_lamp,76,219,83.3,-0.7092927098274231,0.39821304892212067
COHFACE_s29_session0_lamp,76,220,83.33333333333333,-0.7693058848381042,0.2738268689144689
COHFACE_s29_session0_lamp,76,221,83.36666666666666,-0.8242305517196655,0.14735641755952059
COHFACE_s29_session0_lamp,76,222,83.4,-0.8824375867843628,0.026348452180680236
COHFACE_s29_session0_lamp,76,223,83.43333333333334,-0.9433267712593079,-0.09008384317790494
COHFACE_s29_session0_lamp,76,224,83.46666666666667,-1.004697322845459,-0.2083567658127987
COHFACE_s29_session0_lamp,76,225,83.5,-1.0619093179702759,-0.3338260129819729
COHFACE_s29_session0_lamp,76,226,83.53333333333333,-1.1138004064559937,-0.46449423702115705
COHFACE_s29_session0_lamp,76,227,83.56666666666666,-1.1535946130752563,-0.5887791401951449
COHFACE_s29_session0_lamp,76,228,83.6,-1.1853803396224976,-0.6886612339091011
COHFACE_s29_session0_lamp,76,229,83.63333333333334,-1.2064049243927002,-0.7465097458746828
COHFACE_s29_session0_lamp,76,230,83.66666666666667,-1.2153761386871338,-0.7520891849124455
COHFACE_s29_session0_lamp,76,231,83.7,-1.218344807624817,-0.7064283968531644
COHFACE_s29_session0_lamp,76,232,83.73333333333333,-1.2150787115097046,-0.6210529671506815
COHFACE_s29_session0_lamp,76,233,83.76666666666667,-1.2153273820877075,-0.5134392198113625
COHFACE_s29_session0_lamp,76,234,83.8,-1.2280622720718384,-0.4011860155061597
COHFACE_s29_session0_lamp,76,235,83.83333333333333,-1.1864455938339233,-0.2975343001121731
COHFACE_s29_session0_lamp,76,236,83.86666666666666,-0.6611220836639404,-0.20957712735953554
COHFACE_s29_session0_lamp,76,237,83.9,0.5653087496757507,-0.13884737376239828
COHFACE_s29_session0_lamp,76,238,83.93333333333334,1.6980589628219604,-0.08305004089630741
COHFACE_s29_session0_lamp,76,239,83.96666666666667,2.0454139709472656,-0.03777427494834834
COHFACE_s29_session0_lamp,77,0,77.0,1.4348455667495728,-0.050374196955194475
COHFACE_s29_session0_lamp,77,1,77.03333333333333,1.2626903057098389,0.07399804528187356
COHFACE_s29_session0_lamp,77,2,77.06666666666666,0.9491865634918213,0.16274810057395747
COHFACE_s29_session0_lamp,77,3,77.1,0.683685839176178,0.19376087387299892
COHFACE_s29_session0_lamp,77,4,77.13333333333334,0.5331823825836182,0.16565405186269366
COHFACE_s29_session0_lamp,77,5,77.16666666666667,0.4081648588180542,0.09646448548204199
COHFACE_s29_session0_lamp,77,6,77.2,0.24479684233665466,0.013929007793689612
COHFACE_s29_session0_lamp,77,7,77.23333333333333,0.041120823472738266,-0.05711627059529258
COHFACE_s29_session0_lamp,77,8,77.26666666666667,-0.16063010692596436,-0.10349283696130356
COHFACE_s29_session0_lamp,77,9,77.3,-0.3244577646255493,-0.12451969396711585
COHFACE_s29_session0_lamp,77,10,77.33333333333333,-0.4573162794113159,-0.12534989342078304
COHFACE_s29_session0_lamp,77,11,77.36666666666666,-0.5572426915168762,-0.10782538954172688
COHFACE_s29_session0_lamp,77,12,77.4,-0.6210087537765503,-0.06637537957722642
COHFACE_s29_session0_lamp,77,13,77.43333333333334,-0.6721481084823608,0.006415696368702187
COHFACE_s29_session0_lamp,77,14,77.46666666666667,-0.7300902009010315,0.10807215925343658
COHFACE_s29_session0_lamp,77,15,77.5,-0.7863667607307434,0.21824311460924598
COHFACE_s29_session0_lamp,77,16,77.53333333333333,-0.841015636920929,0.302687956754347
COHFACE_s29_session0_lamp,77,17,77.56666666666666,-0.9004718065261841,0.32894513578853335
COHFACE_s29_session0_lamp,77,18,77.6,-0.9557641744613647,0.28449610227683375
COHFACE_s29_session0_lamp,77,19,77.63333333333334,-1.0031344890594482,0.1858164885519425
COHFACE_s29_session0_lamp,77,20,77.66666666666667,-1.0425772666931152,0.07296781630432869
COHFACE_s29_session0_lamp,77,21,77.7,-1.0688202381134033,-0.006544180707461606
COHFACE_s29_session0_lamp,77,22,77.73333333333333,-1.0789539813995361,-0.016129173928097866
COHFACE_s29_session0_lamp,77,23,77.76666666666667,-1.081376552581787,0.057189628503522966
COHFACE_s29_session0_lamp,77,24,77.8,-1.0836964845657349,0.1999264244272818
COHFACE_s29_session0_lamp,77,25,77.83333333333333,-1.1018712520599365,0.3787500327268908
COHFACE_s29_session0_lamp,77,26,77.86666666666666,-1.117136836051941,0.5524837211903576
COHFACE_s29_session0_lamp,77,27,77.9,-0.8678047060966492,0.6839936094103124
COHFACE_s29_session0_lamp,77,28,77.93333333333334,0.1194656565785408,0.7478107318769092
COHFACE_s29_session0_lamp,77,29,77.96666666666667,1.3919203281402588,0.7325377291647672
COHFACE_s29_session0_lamp,77,30,78.0,2.0458736419677734,0.6401400050480514
COHFACE_s29_session0_lamp,77,31,78.03333333333333,1.992814540863037,0.4845410397313558
COHFACE_s29_session0_lamp,77,32,78.06666666666666,1.7345870733261108,0.2892693965452273
COHFACE_s29_session0_lamp,77,33,78.1,1.6151609420776367,0.08220913475120778
COHFACE_s29_session0_lamp,77,34,78.13333333333334,1.6213417053222656,-0.11226352225454518
COHFACE_s29_session0_lamp,77,35,78.16666666666667,1.5900157690048218,-0.2801945251704036
COHFACE_s29_session0_lamp,77,36,78.2,1.3733453750610352,-0.420172229524614
COHFACE_s29_session0_lamp,77,37,78.23333333333333,1.0283966064453125,-0.5395633486962351
COHFACE_s29_session0_lamp,77,38,78.26666666666667,0.7561634182929993,-0.6472048580406792
COHFACE_s29_session0_lamp,77,39,78.3,0.5962616801261902,-0.7467810561491389
COHFACE_s29_session0_lamp,77,40,78.33333333333333,0.45129022002220154,-0.8343919405682855
COHFACE_s29_session0_lamp,77,41,78.36666666666666,0.2664000689983368,-0.9011225843244421
COHFACE_s29_session0_lamp,77,42,78.4,0.05920913815498352,-0.938443560858244
COHFACE_s29_session0_lamp,77,43,78.43333333333334,-0.1347440779209137,-0.9427564076569481
COHFACE_s29_session0_lamp,77,44,78.46666666666667,-0.298782616853714,-0.9162526578197406
COHFACE_s29_session0_lamp,77,45,78.5,-0.4325496256351471,-0.8639358800436298
COHFACE_s29_session0_lamp,77,46,78.53333333333333,-0.534163236618042,-0.7894595881819781
COHFACE_s29_session0_lamp,77,47,78.56666666666666,-0.6083171963691711,-0.6932015356704639
COHFACE_s29_session0_lamp,77,48,78.6,-0.6653940677642822,-0.5739517838356427
COHFACE_s29_session0_lamp,77,49,78.63333333333334,-0.7247421145439148,-0.4326722835252278
COHFACE_s29_session0_lamp,77,50,78.66666666666667,-0.7881782650947571,-0.27540180303143624
COHFACE_s29_session0_lamp,77,51,78.7,-0.8492621779441833,-0.11303403806410675
COHFACE_s29_session0_lamp,77,52,78.73333333333333,-0.9072366952896118,0.04238658147686704
COHFACE_s29_session0_lamp,77,53,78.76666666666667,-0.9619558453559875,0.18299345152023866
COHFACE_s29_session0_lamp,77,54,78.8,-1.0100454092025757,0.3088092587171915
COHFACE_s29_session0_lamp,77,55,78.83333333333333,-1.0509319305419922,0.4272493293009672
COHFACE_s29_session0_lamp,77,56,78.86666666666666,-1.07517409324646,0.5484972348140534
COHFACE_s29_session0_lamp,77,57,78.9,-1.0928784608840942,0.6794214602604896
COHFACE_s29_session0_lamp,77,58,78.93333333333334,-1.108711838722229,0.8191690146267057
COHFACE_s29_session0_lamp,77,59,78.96666666666667,-1.1091877222061157,0.958075651173137
COHFACE_s29_session0_lamp,77,60,79.0,-1.1001137495040894,1.0796157899206429
COHFACE_s29_session0_lamp,77,61,79.03333333333333,-1.1039801836013794,1.1643772159392145
COHFACE_s29_session0_lamp,77,62,79.06666666666666,-1.1255239248275757,1.195638082016302
COHFACE_s29_session0_lamp,77,63,79.1,-1.1230202913284302,1.1658931321904202
COHFACE_s29_session0_lamp,77,64,79.13333333333334,-0.7735183835029602,1.0815579280148229
COHFACE_s29_session0_lamp,77,65,79.16666666666667,0.32104894518852234,0.9619981685734605
COHFACE_s29_session0_lamp,77,66,79.2,1.5560129880905151,0.8316745529503206
COHFACE_s29_session0_lamp,77,67,79.23333333333333,2.101858139038086,0.7087963464048987
COHFACE_s29_session0_lamp,77,68,79.26666666666667,1.986352562904358,0.5967414127999914
COHFACE_s29_session0_lamp,77,69,79.3,1.730715274810791,0.4833375043506882
COHFACE_s29_session0_lamp,77,70,79.33333333333333,1.6315999031066895,0.3483390431794071
COHFACE_s29_session0_lamp,77,71,79.36666666666666,1.6407711505889893,0.17453884583279694
COHFACE_s29_session0_lamp,77,72,79.4,1.591719150543213,-0.04358483821686057
COHFACE_s29_session0_lamp,77,73,79.43333333333334,1.3571118116378784,-0.2974579510887851
COHFACE_s29_session0_lamp,77,74,79.46666666666667,1.039092779159546,-0.5678275641124589
COHFACE_s29_session0_lamp,77,75,79.5,0.8054858446121216,-0.8307329622884436
COHFACE_s29_session0_lamp,77,76,79.53333333333333,0.6577349305152893,-1.0630189861341321
COHFACE_s29_session0_lamp,77,77,79.56666666666666,0.5082156658172607,-1.2462742931522734
COHFACE_s29_session0_lamp,77,78,79.6,0.31216973066329956,-1.3692658359960654
COHFACE_s29_session0_lamp,77,79,79.63333333333334,0.09787324070930481,-1.4289558288874724
COHFACE_s29_session0_lamp,77,80,79.66666666666667,-0.09482000768184662,-1.4298050250378733
COHFACE_s29_session0_lamp,77,81,79.7,-0.25317519903182983,-1.3811398572491786
COHFACE_s29_session0_lamp,77,82,79.73333333333333,-0.3737855851650238,-1.2932012129112023
COHFACE_s29_session0_lamp,77,83,79.76666666666667,-0.46027421951293945,-1.1734849591699843
COHFACE_s29_session0_lamp,77,84,79.8,-0.5268684029579163,-1.0252187967577924
COHFACE_s29_session0_lamp,77,85,79.83333333333333,-0.5799869298934937,-0.8488640636761619
COHFACE_s29_session0_lamp,77,86,79.86666666666666,-0.6312344670295715,-0.6457455187330448
COHFACE_s29_session0_lamp,77,87,79.9,-0.6866782307624817,-0.4214778049689797
COHFACE_s29_session0_lamp,77,88,79.93333333333334,-0.7434036135673523,-0.186848606941302
COHFACE_s29_session0_lamp,77,89,79.96666666666667,-0.8038115501403809,0.04470688599837129
COHFACE_s29_session0_lamp,77,90,80.0,-0.8626134395599365,0.26173916120677765
COHFACE_s29_session0_lamp,77,91,80.03333333333333,-0.9076909422874451,0.45855220598667723
COHFACE_s29_session0_lamp,77,92,80.06666666666666,-0.9350748658180237,0.6351371535287252
COHFACE_s29_session0_lamp,77,93,80.1,-0.9593493938446045,0.7927062238859804
COHFACE_s29_session0_lamp,77,94,80.13333333333334,-0.974955677986145,0.9280482311614726
COHFACE_s29_session0_lamp,77,95,80.16666666666667,-0.9805795550346375,1.0317240583833607
COHFACE_s29_session0_lamp,77,96,80.2,-0.9751178622245789,1.0925827869010152
COHFACE_s29_session0_lamp,77,97,80.23333333333333,-0.9732847213745117,1.1059496935477913
COHFACE_s29_session0_lamp,77,98,80.26666666666667,-0.9846243858337402,1.0791039218889518
COHFACE_s29_session0_lamp,77,99,80.3,-0.9933846592903137,1.0288034271209605
COHFACE_s29_session0_lamp,77,100,80.33333333333333,-0.7604644894599915,0.97166797631047
COHFACE_s29_session0_lamp,77,101,80.36666666666666,0.16632764041423798,0.9141654791304712
COHFACE_s29_session0_lamp,77,102,80.4,1.391417384147644,0.8495787810810941
COHFACE_s29_session0_lamp,77,103,80.43333333333334,2.032073497772217,0.7643405633619411
COHFACE_s29_session0_lamp,77,104,80.46666666666667,1.948472499847412,0.649227267897101
COHFACE_s29_session0_lamp,77,105,80.5,1.610861897468567,0.5074884083481268
COHFACE_s29_session0_lamp,77,106,80.53333333333333,1.3713715076446533,0.35480865670088274
COHFACE_s29_session0_lamp,77,107,80.56666666666666,1.3040419816970825,0.2118809153630234
COHFACE_s29_session0_lamp,77,108,80.6,1.2578558921813965,0.09444847313683569
COHFACE_s29_session0_lamp,77,109,80.63333333333334,1.0779082775115967,0.006206519418239067
COHFACE_s29_session0_lamp,77,110,80.66666666666667,0.8732426762580872,-0.06232365176650702
COHFACE_s29_session0_lamp,77,111,80.7,0.7424444556236267,-0.1292545748594303
COHFACE_s29_session0_lamp,77,112,80.73333333333333,0.6357423067092896,-0.21409325395773005
COHFACE_s29_session0_lamp,77,113,80.76666666666667,0.48924052715301514,-0.33121024001900606
COHFACE_s29_session0_lamp,77,114,80.8,0.2837475538253784,-0.4856991056940736
COHFACE_s29_session0_lamp,77,115,80.83333333333333,0.05107615515589714,-0.6714836247892659
COHFACE_s29_session0_lamp,77,116,80.86666666666666,-0.1542005091905594,-0.8713644778801508
COHFACE_s29_session0_lamp,77,117,80.9,-0.3160706162452698,-1.0594958671661963
COHFACE_s29_session0_lamp,77,118,80.93333333333334,-0.43990930914878845,-1.2069228541866743
COHFACE_s29_session0_lamp,77,119,80.96666666666667,-0.5196493268013,-1.2896605479837564
COHFACE_s29_session0_lamp,77,120,81.0,-0.5633857250213623,-1.2968435865707661
COHFACE_s29_session0_lamp,77,121,81.03333333333333,-0.5998814105987549,-1.2349956125766421
COHFACE_s29_session0_lamp,77,122,81.06666666666666,-0.6465432643890381,-1.1249495648458947
COHFACE_s29_session0_lamp,77,123,81.1,-0.7038580775260925,-0.9913326808398891
COHFACE_s29_session0_lamp,77,124,81.13333333333334,-0.7708524465560913,-0.8496535872798235
COHFACE_s29_session0_lamp,77,125,81.16666666666667,-0.8440384268760681,-0.6988679170169301
COHFACE_s29_session0_lamp,77,126,81.2,-0.9147207736968994,-0.524741252818796
COHFACE_s29_session0_lamp,77,127,81.23333333333333,-0.9728034734725952,-0.31272511156858673
COHFACE_s29_session0_lamp,77,128,81.26666666666667,-1.0175024271011353,-0.06260643536751449
COHFACE_s29_session0_lamp,77,129,81.3,-1.0387433767318726,0.20476779430026232
COHFACE_s29_session0_lamp,77,130,81.33333333333333,-1.0504993200302124,0.4539524602383146
COHFACE_s29_session0_lamp,77,131,81.36666666666666,-1.0731679201126099,0.6513371568330371
COHFACE_s29_session0_lamp,77,132,81.4,-1.0483471155166626,0.7811392044017249
COHFACE_s29_session0_lamp,77,133,81.43333333333334,-0.5559016466140747,0.850502733708566
COHFACE_s29_session0_lamp,77,134,81.46666666666667,0.6872494220733643,0.8814528576749079
COHFACE_s29_session0_lamp,77,135,81.5,1.8683972358703613,0.8966466832790574
COHFACE_s29_session0_lamp,77,136,81.53333333333333,2.232872724533081,0.9083883598253932
COHFACE_s29_session0_lamp,77,137,81.56666666666666,2.006192922592163,0.9162272759699077
COHFACE_s29_session0_lamp,77,138,81.6,1.7098366022109985,0.9121546391542926
COHFACE_s29_session0_lamp,77,139,81.63333333333334,1.5883069038391113,0.888201812335149
COHFACE_s29_session0_lamp,77,140,81.66666666666667,1.5918543338775635,0.841256056701142
COHFACE_s29_session0_lamp,77,141,81.7,1.519901156425476,0.7732186681410932
COHFACE_s29_session0_lamp,77,142,81.73333333333333,1.249668836593628,0.6884238293875149
COHFACE_s29_session0_lamp,77,143,81.76666666666667,0.926025927066803,0.5916243663807578
COHFACE_s29_session0_lamp,77,144,81.8,0.7056027054786682,0.4879699335122804
COHFACE_s29_session0_lamp,77,145,81.83333333333333,0.5541421175003052,0.3837020641417628
COHFACE_s29_session0_lamp,77,146,81.86666666666666,0.3876160979270935,0.2855825322800785
COHFACE_s29_session0_lamp,77,147,81.9,0.18865007162094116,0.1984869819807634
COHFACE_s29_session0_lamp,77,148,81.93333333333334,-0.02402413822710514,0.12256711580503678
COHFACE_s29_session0_lamp,77,149,81.96666666666667,-0.227018803358078,0.052303806034711915
COHFACE_s29_session0_lamp,77,150,82.0,-0.3855037987232208,-0.02117455755394529
COHFACE_s29_session0_lamp,77,151,82.03333333333333,-0.5027506351470947,-0.10544279480216914
COHFACE_s29_session0_lamp,77,152,82.06666666666666,-0.590223491191864,-0.20279775029671904
COHFACE_s29_session0_lamp,77,153,82.1,-0.6538597345352173,-0.30972172791995806
COHFACE_s29_session0_lamp,77,154,82.13333333333334,-0.7108446359634399,-0.419718777915421
COHFACE_s29_session0_lamp,77,155,82.16666666666667,-0.7681162357330322,-0.5268332460873896
COHFACE_s29_session0_lamp,77,156,82.2,-0.8262583613395691,-0.6273692843639217
COHFACE_s29_session0_lamp,77,157,82.23333333333333,-0.8856118321418762,-0.7193711321282048
COHFACE_s29_session0_lamp,77,158,82.26666666666667,-0.947176992893219,-0.8010081027960136
COHFACE_s29_session0_lamp,77,159,82.3,-1.0107591152191162,-0.8693415548352429
COHFACE_s29_session0_lamp,77,160,82.33333333333333,-1.063585638999939,-0.9203442315160069
COHFACE_s29_session0_lamp,77,161,82.36666666666666,-1.1040234565734863,-0.9500677957029853
COHFACE_s29_session0_lamp,77,162,82.4,-1.1340192556381226,-0.956106013993399
COHFACE_s29_session0_lamp,77,163,82.43333333333334,-1.1606839895248413,-0.9383837219579682
COHFACE_s29_session0_lamp,77,164,82.46666666666667,-1.1740731000900269,-0.8988031184241694
COHFACE_s29_session0_lamp,77,165,82.5,-1.1763604879379272,-0.8398936509079975
COHFACE_s29_session0_lamp,77,166,82.53333333333333,-1.1837255954742432,-0.762919956448759
COHFACE_s29_session0_lamp,77,167,82.56666666666666,-1.1956114768981934,-0.6660895342348048
COHFACE_s29_session0_lamp,77,168,82.6,-1.2177608013153076,-0.5437997605844906
COHFACE_s29_session0_lamp,77,169,82.63333333333334,-1.0245376825332642,-0.38798142857514883
COHFACE_s29_session0_lamp,77,170,82.66666666666667,-0.0893583670258522,-0.1920568630383226
COHFACE_s29_session0_lamp,77,171,82.7,1.2746301889419556,0.043368326286922804
COHFACE_s29_session0_lamp,77,172,82.73333333333333,2.064318895339966,0.3057057861582566
COHFACE_s29_session0_lamp,77,173,82.76666666666667,2.0524654388427734,0.5698092140792292
COHFACE_s29_session0_lamp,77,174,82.8,1.7546436786651611,0.8035257970147844
COHFACE_s29_session0_lamp,77,175,82.83333333333333,1.5649787187576294,0.9780292047547279
COHFACE_s29_session0_lamp,77,176,82.86666666666666,1.5312354564666748,1.0782390806427808
COHFACE_s29_session0_lamp,77,177,82.9,1.5127794742584229,1.107730532816779
COHFACE_s29_session0_lamp,77,178,82.93333333333334,1.3383042812347412,1.085333481672674
COHFACE_s29_session0_lamp,77,179,82.96666666666667,1.0134987831115723,1.0353414256693263
COHFACE_s29_session0_lamp,77,180,83.0,0.730780303478241,0.9768128390926166
COHFACE_s29_session0_lamp,77,181,83.03333333333333,0.5565539002418518,0.9176708199420185
COHFACE_s29_session0_lamp,77,182,83.06666666666666,0.40761327743530273,0.8560176276767033
COHFACE_s29_session0_lamp,77,183,83.1,0.2178671658039093,0.786547704689304
COHFACE_s29_session0_lamp,77,184,83.13333333333334,5.035179856349714e-05,0.7071104060927171
COHFACE_s29_session0_lamp,77,185,83.16666666666667,-0.2058914452791214,0.6209850421353691
COHFACE_s29_session0_lamp,77,186,83.2,-0.37852802872657776,0.5338555169856104
COHFACE_s29_session0_lamp,77,187,83.23333333333333,-0.521341860294342,0.4482665381596904
COHFACE_s29_session0_lamp,77,188,83.26666666666667,-0.6303800344467163,0.3598720353927578
COHFACE_s29_session0_lamp,77,189,83.3,-0.7092927098274231,0.2583467016215158
COHFACE_s29_session0_lamp,77,190,83.33333333333333,-0.7693058848381042,0.1325711459981171
COHFACE_s29_session0_lamp,77,191,83.36666666666666,-0.8242305517196655,-0.02312138269784666
COHFACE_s29_session0_lamp,77,192,83.4,-0.8824375867843628,-0.2053632212134083
COHFACE_s29_session0_lamp,77,193,83.43333333333334,-0.9433267712593079,-0.4026273837784028
COHFACE_s29_session0_lamp,77,194,83.46666666666667,-1.004697322845459,-0.599382349196029
COHFACE_s29_session0_lamp,77,195,83.5,-1.0619093179702759,-0.7805874874048111
COHFACE_s29_session0_lamp,77,196,83.53333333333333,-1.1138004064559937,-0.9342841822571977
COHFACE_s29_session0_lamp,77,197,83.56666666666666,-1.1535946130752563,-1.0520203672939386
COHFACE_s29_session0_lamp,77,198,83.6,-1.1853803396224976,-1.1282166091117225
COHFACE_s29_session0_lamp,77,199,83.63333333333334,-1.2064049243927002,-1.159634201173202
COHFACE_s29_session0_lamp,77,200,83.66666666666667,-1.2153761386871338,-1.1452684059697908
COHFACE_s29_session0_lamp,77,201,83.7,-1.218344807624817,-1.086304067990808
COHFACE_s29_session0_lamp,77,202,83.73333333333333,-1.2150787115097046,-0.985909016480559
COHFACE_s29_session0_lamp,77,203,83.76666666666667,-1.2153273820877075,-0.8491072766665986
COHFACE_s29_session0_lamp,77,204,83.8,-1.2280622720718384,-0.6829989777410614
COHFACE_s29_session0_lamp,77,205,83.83333333333333,-1.1864455938339233,-0.49713700015606105
COHFACE_s29_session0_lamp,77,206,83.86666666666666,-0.6611220836639404,-0.30337810313332253
COHFACE_s29_session0_lamp,77,207,83.9,0.5653087496757507,-0.11448035263756383
COHFACE_s29_session0_lamp,77,208,83.93333333333334,1.6980589628219604,0.058660769545287976
COHFACE_s29_session0_lamp,77,209,83.96666666666667,2.0454139709472656,0.2102070977349548
COHFACE_s29_session0_lamp,77,210,84.0,1.8346540927886963,0.34123259026992003
COHFACE_s29_session0_lamp,77,211,84.03333333333333,1.5702348947525024,0.45855302477096027
COHFACE_s29_session0_lamp,77,212,84.06666666666666,1.4702218770980835,0.5701614959595841
COHFACE_s29_session0_lamp,77,213,84.1,1.4917385578155518,0.6789134087102741
COHFACE_s29_session0_lamp,77,214,84.13333333333334,1.438252329826355,0.7777019858929565
COHFACE_s29_session0_lamp,77,215,84.16666666666667,1.1936681270599365,0.8493505419044484
COHFACE_s29_session0_lamp,77,216,84.2,0.9286648631095886,0.8723708210072993
COHFACE_s29_session0_lamp,77,217,84.23333333333333,0.758629322052002,0.8305105196087074
COHFACE_s29_session0_lamp,77,218,84.26666666666667,0.6248731017112732,0.7214591371521408
COHFACE_s29_session0_lamp,77,219,84.3,0.4647766947746277,0.5601163975576998
COHFACE_s29_session0_lamp,77,220,84.33333333333333,0.26662179827690125,0.3748146286759356
COHFACE_s29_session0_lamp,77,221,84.36666666666666,0.05062732845544815,0.19852057365962794
COHFACE_s29_session0_lamp,77,222,84.4,-0.14326640963554382,0.058835111123201736
COHFACE_s29_session0_lamp,77,223,84.43333333333334,-0.29308846592903137,-0.029601615379947405
COHFACE_s29_session0_lamp,77,224,84.46666666666667,-0.3957294821739197,-0.06793004470841546
COHFACE_s29_session0_lamp,77,225,84.5,-0.46361610293388367,-0.07045884076932991
COHFACE_s29_session0_lamp,77,226,84.53333333333333,-0.5197033882141113,-0.05784219519593742
COHFACE_s29_session0_lamp,77,227,84.56666666666666,-0.566743791103363,-0.0488801393285339
COHFACE_s29_session0_lamp,77,228,84.6,-0.6145683526992798,-0.05446022542489167
COHFACE_s29_session0_lamp,77,229,84.63333333333334,-0.6701851487159729,-0.07608771182983803
COHFACE_s29_session0_lamp,77,230,84.66666666666667,-0.7227737307548523,-0.10875468235850512
COHFACE_s29_session0_lamp,77,231,84.7,-0.7784987092018127,-0.1454876409413858
COHFACE_s29_session0_lamp,77,232,84.73333333333333,-0.834526538848877,-0.18059918830423508
COHFACE_s29_session0_lamp,77,233,84.76666666666667,-0.8837299942970276,-0.2103059475328963
COHFACE_s29_session0_lamp,77,234,84.8,-0.9226049780845642,-0.23153646026940997
COHFACE_s29_session0_lamp,77,235,84.83333333333333,-0.9439432621002197,-0.24087694867597031
COHFACE_s29_session0_lamp,77,236,84.86666666666666,-0.9554721713066101,-0.23499504324253645
COHFACE_s29_session0_lamp,77,237,84.9,-0.9811851978302002,-0.2123697573434224
COHFACE_s29_session0_lamp,77,238,84.93333333333334,-1.012019157409668,-0.17504702048305895
COHFACE_s29_session0_lamp,77,239,84.96666666666667,-0.924497663974762,-0.12902112271868577
COHFACE_s29_session0_lamp,78,0,78.0,2.0458736419677734,-0.06061837203073157
COHFACE_s29_session0_lamp,78,1,78.03333333333333,1.992814540863037,0.21876499885840162
COHFACE_s29_session0_lamp,78,2,78.06666666666666,1.7345870733261108,0.4373878304223442
COHFACE_s29_session0_lamp,78,3,78.1,1.6151609420776367,0.5546032261631217
COHFACE_s29_session0_lamp,78,4,78.13333333333334,1.6213417053222656,0.5578922371946321
COHFACE_s29_session0_lamp,78,5,78.16666666666667,1.5900157690048218,0.4626534266833774
COHFACE_s29_session0_lamp,78,6,78.2,1.3733453750610352,0.3020293175490718
COHFACE_s29_session0_lamp,78,7,78.23333333333333,1.0283966064453125,0.11311460395895995
COHFACE_s29_session0_lamp,78,8,78.26666666666667,0.7561634182929993,-0.07357633518848976
COHFACE_s29_session0_lamp,78,9,78.3,0.5962616801261902,-0.23810074740323525
COHFACE_s29_session0_lamp,78,10,78.33333333333333,0.45129022002220154,-0.36936331574963915
COHFACE_s29_session0_lamp,78,11,78.36666666666666,0.2664000689983368,-0.46114805435113837
COHFACE_s29_session0_lamp,78,12,78.4,0.05920913815498352,-0.5097776981117143
COHFACE_s29_session0_lamp,78,13,78.43333333333334,-0.1347440779209137,-0.5148987127757797
COHFACE_s29_session0_lamp,78,14,78.46666666666667,-0.298782616853714,-0.4809980034820342
COHFACE_s29_session0_lamp,78,15,78.5,-0.4325496256351471,-0.41576459551318323
COHFACE_s29_session0_lamp,78,16,78.53333333333333,-0.534163236618042,-0.32463441112166497
COHFACE_s29_session0_lamp,78,17,78.56666666666666,-0.6083171963691711,-0.20584431717195262
COHFACE_s29_session0_lamp,78,18,78.6,-0.6653940677642822,-0.05208459182825096
COHFACE_s29_session0_lamp,78,19,78.63333333333334,-0.7247421145439148,0.13951209828436598
COHFACE_s29_session0_lamp,78,20,78.66666666666667,-0.7881782650947571,0.35559225773682035
COHFACE_s29_session0_lamp,78,21,78.7,-0.8492621779441833,0.5635913075635366
COHFACE_s29_session0_lamp,78,22,78.73333333333333,-0.9072366952896118,0.7223935576075872
COHFACE_s29_session0_lamp,78,23,78.76666666666667,-0.9619558453559875,0.800992014316916
COHFACE_s29_session0_lamp,78,24,78.8,-1.0100454092025757,0.7931035926880232
COHFACE_s29_session0_lamp,78,25,78.83333333333333,-1.0509319305419922,0.7182385740544495
COHFACE_s29_session0_lamp,78,26,78.86666666666666,-1.07517409324646,0.6094951758304014
COHFACE_s29_session0_lamp,78,27,78.9,-1.0928784608840942,0.4971675892933429
COHFACE_s29_session0_lamp,78,28,78.93333333333334,-1.108711838722229,0.3981172492604612
COHFACE_s29_session0_lamp,78,29,78.96666666666667,-1.1091877222061157,0.3150718511959398
COHFACE_s29_session0_lamp,78,30,79.0,-1.1001137495040894,0.2432026997887931
COHFACE_s29_session0_lamp,78,31,79.03333333333333,-1.1039801836013794,0.17785942793943807
COHFACE_s29_session0_lamp,78,32,79.06666666666666,-1.1255239248275757,0.1186002419802988
COHFACE_s29_session0_lamp,78,33,79.1,-1.1230202913284302,0.06854106565959563
COHFACE_s29_session0_lamp,78,34,79.13333333333334,-0.7735183835029602,0.031248450062885468
COHFACE_s29_session0_lamp,78,35,79.16666666666667,0.32104894518852234,0.008037674461760309
COHFACE_s29_session0_lamp,78,36,79.2,1.5560129880905151,-0.0031567483054245225
COHFACE_s29_session0_lamp,78,37,79.23333333333333,2.101858139038086,-0.008006796079224734
COHFACE_s29_session0_lamp,78,38,79.26666666666667,1.986352562904358,-0.015869635117264205
COHFACE_s29_session0_lamp,78,39,79.3,1.730715274810791,-0.03930275240567656
COHFACE_s29_session0_lamp,78,40,79.33333333333333,1.6315999031066895,-0.09182741755891177
COHFACE_s29_session0_lamp,78,41,79.36666666666666,1.6407711505889893,-0.1835330997630499
COHFACE_s29_session0_lamp,78,42,79.4,1.591719150543213,-0.3161562671221588
COHFACE_s29_session0_lamp,78,43,79.43333333333334,1.3571118116378784,-0.48050265239021916
COHFACE_s29_session0_lamp,78,44,79.46666666666667,1.039092779159546,-0.6579528659458028
COHFACE_s29_session0_lamp,78,45,79.5,0.8054858446121216,-0.825344465277481
COHFACE_s29_session0_lamp,78,46,79.53333333333333,0.6577349305152893,-0.9608022279291941
COHFACE_s29_session0_lamp,78,47,79.56666666666666,0.5082156658172607,-1.0481356654135439
COHFACE_s29_session0_lamp,78,48,79.6,0.31216973066329956,-1.0789300476895236
COHFACE_s29_session0_lamp,78,49,79.63333333333334,0.09787324070930481,-1.0529342580718697
COHFACE_s29_session0_lamp,78,50,79.66666666666667,-0.09482000768184662,-0.9775328022465141
COHFACE_s29_session0_lamp,78,51,79.7,-0.25317519903182983,-0.8662310341631039
COHFACE_s29_session0_lamp,78,52,79.73333333333333,-0.3737855851650238,-0.7353584587603021
COHFACE_s29_session0_lamp,78,53,79.76666666666667,-0.46027421951293945,-0.5987386545420511
COHFACE_s29_session0_lamp,78,54,79.8,-0.5268684029579163,-0.4619421203922403
COHFACE_s29_session0_lamp,78,55,79.83333333333333,-0.5799869298934937,-0.3193112706275571
COHFACE_s29_session0_lamp,78,56,79.86666666666666,-0.6312344670295715,-0.15647298312371782
COHFACE_s29_session0_lamp,78,57,79.9,-0.6866782307624817,0.0417002046784093
COHFACE_s29_session0_lamp,78,58,79.93333333333334,-0.7434036135673523,0.28130302440943056
COHFACE_s29_session0_lamp,78,59,79.96666666666667,-0.8038115501403809,0.5531644136788976
COHFACE_s29_session0_lamp,78,60,80.0,-0.8626134395599365,0.8337810211242039
COHFACE_s29_session0_lamp,78,61,80.03333333333333,-0.9076909422874451,1.092860357535691
COHFACE_s29_session0_lamp,78,62,80.06666666666666,-0.9350748658180237,1.3030814764571803
COHFACE_s29_session0_lamp,78,63,80.1,-0.9593493938446045,1.4467337126158215
COHFACE_s29_session0_lamp,78,64,80.13333333333334,-0.974955677986145,1.516550520476241
COHFACE_s29_session0_lamp,78,65,80.16666666666667,-0.9805795550346375,1.5121958254965517
COHFACE_s29_session0_lamp,78,66,80.2,-0.9751178622245789,1.4364525876327772
COHFACE_s29_session0_lamp,78,67,80.23333333333333,-0.9732847213745117,1.2945050663538593
COHFACE_s29_session0_lamp,78,68,80.26666666666667,-0.9846243858337402,1.0963318292631303
COHFACE_s29_session0_lamp,78,69,80.3,-0.9933846592903137,0.8589809586689486
COHFACE_s29_session0_lamp,78,70,80.33333333333333,-0.7604644894599915,0.6051657180787483
COHFACE_s29_session0_lamp,78,71,80.36666666666666,0.16632764041423798,0.3575672035897398
COHFACE_s29_session0_lamp,78,72,80.4,1.391417384147644,0.1322848580325421
COHFACE_s29_session0_lamp,78,73,80.43333333333334,2.032073497772217,-0.06381830926058325
COHFACE_s29_session0_lamp,78,74,80.46666666666667,1.948472499847412,-0.23033825874515415
COHFACE_s29_session0_lamp,78,75,80.5,1.610861897468567,-0.3680270307534179
COHFACE_s29_session0_lamp,78,76,80.53333333333333,1.3713715076446533,-0.475367568207728
COHFACE_s29_session0_lamp,78,77,80.56666666666666,1.3040419816970825,-0.5493799513866835
COHFACE_s29_session0_lamp,78,78,80.6,1.2578558921813965,-0.5894758889980501
COHFACE_s29_session0_lamp,78,79,80.63333333333334,1.0779082775115967,-0.6009163606262042
COHFACE_s29_session0_lamp,78,80,80.66666666666667,0.8732426762580872,-0.595061802471979
COHFACE_s29_session0_lamp,78,81,80.7,0.7424444556236267,-0.5862393547634565
COHFACE_s29_session0_lamp,78,82,80.73333333333333,0.6357423067092896,-0.587477433787995
COHFACE_s29_session0_lamp,78,83,80.76666666666667,0.48924052715301514,-0.6077311509949478
COHFACE_s29_session0_lamp,78,84,80.8,0.2837475538253784,-0.6513271982715748
COHFACE_s29_session0_lamp,78,85,80.83333333333333,0.05107615515589714,-0.7182254356978849
COHFACE_s29_session0_lamp,78,86,80.86666666666666,-0.1542005091905594,-0.8034467825292086
COHFACE_s29_session0_lamp,78,87,80.9,-0.3160706162452698,-0.895684400142753
COHFACE_s29_session0_lamp,78,88,80.93333333333334,-0.43990930914878845,-0.9771013294347831
COHFACE_s29_session0_lamp,78,89,80.96666666666667,-0.5196493268013,-1.0265186789801521
COHFACE_s29_session0_lamp,78,90,81.0,-0.5633857250213623,-1.0258236663832303
COHFACE_s29_session0_lamp,78,91,81.03333333333333,-0.5998814105987549,-0.9663171101266981
COHFACE_s29_session0_lamp,78,92,81.06666666666666,-0.6465432643890381,-0.8506158772358972
COHFACE_s29_session0_lamp,78,93,81.1,-0.7038580775260925,-0.6881332222091173
COHFACE_s29_session0_lamp,78,94,81.13333333333334,-0.7708524465560913,-0.48708054623619906
COHFACE_s29_session0_lamp,78,95,81.16666666666667,-0.8440384268760681,-0.24954069933164486
COHFACE_s29_session0_lamp,78,96,81.2,-0.9147207736968994,0.025079399930609765
COHFACE_s29_session0_lamp,78,97,81.23333333333333,-0.9728034734725952,0.32912843164117017
COHFACE_s29_session0_lamp,78,98,81.26666666666667,-1.0175024271011353,0.6366414179180353
COHFACE_s29_session0_lamp,78,99,81.3,-1.0387433767318726,0.9043581323008335
COHFACE_s29_session0_lamp,78,100,81.33333333333333,-1.0504993200302124,1.0870676716128318
COHFACE_s29_session0_lamp,78,101,81.36666666666666,-1.0731679201126099,1.1594462722742522
COHFACE_s29_session0_lamp,78,102,81.4,-1.0483471155166626,1.1299536100724057
COHFACE_s29_session0_lamp,78,103,81.43333333333334,-0.5559016466140747,1.0363662572935108
COHFACE_s29_session0_lamp,78,104,81.46666666666667,0.6872494220733643,0.9257197810983177
COHFACE_s29_session0_lamp,78,105,81.5,1.8683972358703613,0.8324601917475928
COHFACE_s29_session0_lamp,78,106,81.53333333333333,2.232872724533081,0.767811756281907
COHFACE_s29_session0_lamp,78,107,81.56666666666666,2.006192922592163,0.7237099045805845
COHFACE_s29_session0_lamp,78,108,81.6,1.7098366022109985,0.6850372098694791
COHFACE_s29_session0_lamp,78,109,81.63333333333334,1.5883069038391113,0.6403570803206964
COHFACE_s29_session0_lamp,78,110,81.66666666666667,1.5918543338775635,0.5849902618785119
COHFACE_s29_session0_lamp,78,111,81.7,1.519901156425476,0.5172969566536698
COHFACE_s29_session0_lamp,78,112,81.73333333333333,1.249668836593628,0.4339687842454966
COHFACE_s29_session0_lamp,78,113,81.76666666666667,0.926025927066803,0.329757232731231
COHFACE_s29_session0_lamp,78,114,81.8,0.7056027054786682,0.20205694865908835
COHFACE_s29_session0_lamp,78,115,81.83333333333333,0.5541421175003052,0.0559623178375773
COHFACE_s29_session0_lamp,78,116,81.86666666666666,0.3876160979270935,-0.09488199264212516
COHFACE_s29_session0_lamp,78,117,81.9,0.18865007162094116,-0.2327904347150846
COHFACE_s29_session0_lamp,78,118,81.93333333333334,-0.02402413822710514,-0.3430963839813648
COHFACE_s29_session0_lamp,78,119,81.96666666666667,-0.227018803358078,-0.41935692444564
COHFACE_s29_session0_lamp,78,120,82.0,-0.3855037987232208,-0.4639597755975272
COHFACE_s29_session0_lamp,78,121,82.03333333333333,-0.5027506351470947,-0.4847095397975761
COHFACE_s29_session0_lamp,78,122,82.06666666666666,-0.590223491191864,-0.49040285179764226
COHFACE_s29_session0_lamp,78,123,82.1,-0.6538597345352173,-0.488322317810454
COHFACE_s29_session0_lamp,78,124,82.13333333333334,-0.7108446359634399,-0.48424626310821045
COHFACE_s29_session0_lamp,78,125,82.16666666666667,-0.7681162357330322,-0.48336445078439216
COHFACE_s29_session0_lamp,78,126,82.2,-0.8262583613395691,-0.49041140686695006
COHFACE_s29_session0_lamp,78,127,82.23333333333333,-0.8856118321418762,-0.5086970399448685
COHFACE_s29_session0_lamp,78,128,82.26666666666667,-0.947176992893219,-0.5388288446668272
COHFACE_s29_session0_lamp,78,129,82.3,-1.0107591152191162,-0.5781121153977837
COHFACE_s29_session0_lamp,78,130,82.33333333333333,-1.063585638999939,-0.6210734341647072
COHFACE_s29_session0_lamp,78,131,82.36666666666666,-1.1040234565734863,-0.6607966495529719
COHFACE_s29_session0_lamp,78,132,82.4,-1.1340192556381226,-0.6903363489599113
COHFACE_s29_session0_lamp,78,133,82.43333333333334,-1.1606839895248413,-0.7036646758786586
COHFACE_s29_session0_lamp,78,134,82.46666666666667,-1.1740731000900269,-0.6961782914955817
COHFACE_s29_session0_lamp,78,135,82.5,-1.1763604879379272,-0.6649432919946453
COHFACE_s29_session0_lamp,78,136,82.53333333333333,-1.1837255954742432,-0.6082846122482382
COHFACE_s29_session0_lamp,78,137,82.56666666666666,-1.1956114768981934,-0.5240704256669416
COHFACE_s29_session0_lamp,78,138,82.6,-1.2177608013153076,-0.407085956263344
COHFACE_s29_session0_lamp,78,139,82.63333333333334,-1.0245376825332642,-0.24776754010267918
COHFACE_s29_session0_lamp,78,140,82.66666666666667,-0.0893583670258522,-0.03553494615026963
COHFACE_s29_session0_lamp,78,141,82.7,1.2746301889419556,0.2322291679048656
COHFACE_s29_session0_lamp,78,142,82.73333333333333,2.064318895339966,0.5397238772581712
COHFACE_s29_session0_lamp,78,143,82.76666666666667,2.0524654388427734,0.8487639123442868
COHFACE_s29_session0_lamp,78,144,82.8,1.7546436786651611,1.107240866655703
COHFACE_s29_session0_lamp,78,145,82.83333333333333,1.5649787187576294,1.2682950335488652
COHFACE_s29_session0_lamp,78,146,82.86666666666666,1.5312354564666748,1.3099621567926705
COHFACE_s29_session0_lamp,78,147,82.9,1.5127794742584229,1.2431715549433058
COHFACE_s29_session0_lamp,78,148,82.93333333333334,1.3383042812347412,1.1037729098786029
COHFACE_s29_session0_lamp,78,149,82.96666666666667,1.0134987831115723,0.9348282013769917
COHFACE_s29_session0_lamp,78,150,83.0,0.730780303478241,0.7700332469862201
COHFACE_s29_session0_lamp,78,151,83.03333333333333,0.5565539002418518,0.6262376969260486
COHFACE_s29_session0_lamp,78,152,83.06666666666666,0.40761327743530273,0.5061586474743186
COHFACE_s29_session0_lamp,78,153,83.1,0.2178671658039093,0.40635719680308297
COHFACE_s29_session0_lamp,78,154,83.13333333333334,5.035179856349714e-05,0.3238275798123668
COHFACE_s29_session0_lamp,78,155,83.16666666666667,-0.2058914452791214,0.2572220848693235
COHFACE_s29_session0_lamp,78,156,83.2,-0.37852802872657776,0.2033992867967089
COHFACE_s29_session0_lamp,78,157,83.23333333333333,-0.521341860294342,0.15346521452274153
COHFACE_s29_session0_lamp,78,158,83.26666666666667,-0.6303800344467163,0.0926033987085717
COHFACE_s29_session0_lamp,78,159,83.3,-0.7092927098274231,0.004951137019119731
COHFACE_s29_session0_lamp,78,160,83.33333333333333,-0.7693058848381042,-0.11923131706557338
COHFACE_s29_session0_lamp,78,161,83.36666666666666,-0.8242305517196655,-0.2787183981899019
COHFACE_s29_session0_lamp,78,162,83.4,-0.8824375867843628,-0.46158801621672013
COHFACE_s29_session0_lamp,78,163,83.43333333333334,-0.9433267712593079,-0.6497390310246728
COHFACE_s29_session0_lamp,78,164,83.46666666666667,-1.004697322845459,-0.8243814167437663
COHFACE_s29_session0_lamp,78,165,83.5,-1.0619093179702759,-0.9695348154170932
COHFACE_s29_session0_lamp,78,166,83.53333333333333,-1.1138004064559937,-1.0730055176516353
COHFACE_s29_session0_lamp,78,167,83.56666666666666,-1.1535946130752563,-1.126443983572799
COHFACE_s29_session0_lamp,78,168,83.6,-1.1853803396224976,-1.1259963157932589
COHFACE_s29_session0_lamp,78,169,83.63333333333334,-1.2064049243927002,-1.073429623381635
COHFACE_s29_session0_lamp,78,170,83.66666666666667,-1.2153761386871338,-0.9763077477172598
COHFACE_s29_session0_lamp,78,171,83.7,-1.218344807624817,-0.8460280868310037
COHFACE_s29_session0_lamp,78,172,83.73333333333333,-1.2150787115097046,-0.6941812009833774
COHFACE_s29_session0_lamp,78,173,83.76666666666667,-1.2153273820877075,-0.5291904747559769
COHFACE_s29_session0_lamp,78,174,83.8,-1.2280622720718384,-0.3550846023151939
COHFACE_s29_session0_lamp,78,175,83.83333333333333,-1.1864455938339233,-0.1727629200691721
COHFACE_s29_session0_lamp,78,176,83.86666666666666,-0.6611220836639404,0.01751370745059367
COHFACE_s29_session0_lamp,78,177,83.9,0.5653087496757507,0.214155407851559
COHFACE_s29_session0_lamp,78,178,83.93333333333334,1.6980589628219604,0.41353449802727743
COHFACE_s29_session0_lamp,78,179,83.96666666666667,2.0454139709472656,0.6099299792559824
COHFACE_s29_session0_lamp,78,180,84.0,1.8346540927886963,0.7952218832572161
COHFACE_s29_session0_lamp,78,181,84.03333333333333,1.5702348947525024,0.958360966108198
COHFACE_s29_session0_lamp,78,182,84.06666666666666,1.4702218770980835,1.0858295858016198
COHFACE_s29_session0_lamp,78,183,84.1,1.4917385578155518,1.1641601825830235
COHFACE_s29_session0_lamp,78,184,84.13333333333334,1.438252329826355,1.1836716407991283
COHFACE_s29_session0_lamp,78,185,84.16666666666667,1.1936681270599365,1.1410235031151625
COHFACE_s29_session0_lamp,78,186,84.2,0.9286648631095886,1.038944719192815
COHFACE_s29_session0_lamp,78,187,84.23333333333333,0.758629322052002,0.883786007618973
COHFACE_s29_session0_lamp,78,188,84.26666666666667,0.6248731017112732,0.6832757555771899
COHFACE_s29_session0_lamp,78,189,84.3,0.4647766947746277,0.4465836511356745
COHFACE_s29_session0_lamp,78,190,84.33333333333333,0.26662179827690125,0.18657934915714924
COHFACE_s29_session0_lamp,78,191,84.36666666666666,0.05062732845544815,-0.07813390552487871
COHFACE_s29_session0_lamp,78,192,84.4,-0.14326640963554382,-0.32422955798991526
COHFACE_s29_session0_lamp,78,193,84.43333333333334,-0.29308846592903137,-0.5285800486341296
COHFACE_s29_session0_lamp,78,194,84.46666666666667,-0.3957294821739197,-0.674897747545695
COHFACE_s29_session0_lamp,78,195,84.5,-0.46361610293388367,-0.7581326934221162
COHFACE_s29_session0_lamp,78,196,84.53333333333333,-0.5197033882141113,-0.7838444670569464
COHFACE_s29_session0_lamp,78,197,84.56666666666666,-0.566743791103363,-0.7631361833021136
COHFACE_s29_session0_lamp,78,198,84.6,-0.6145683526992798,-0.7069072691415877
COHFACE_s29_session0_lamp,78,199,84.63333333333334,-0.6701851487159729,-0.6235199097614623
COHFACE_s29_session0_lamp,78,200,84.66666666666667,-0.7227737307548523,-0.5208327503321067
COHFACE_s29_session0_lamp,78,201,84.7,-0.7784987092018127,-0.40973900543662345
COHFACE_s29_session0_lamp,78,202,84.73333333333333,-0.834526538848877,-0.30515240363935375
COHFACE_s29_session0_lamp,78,203,84.76666666666667,-0.8837299942970276,-0.22245761507694511
COHFACE_s29_session0_lamp,78,204,84.8,-0.9226049780845642,-0.17111221977809601
COHFACE_s29_session0_lamp,78,205,84.83333333333333,-0.9439432621002197,-0.14958309988886292
COHFACE_s29_session0_lamp,78,206,84.86666666666666,-0.9554721713066101,-0.14519169299385976
COHFACE_s29_session0_lamp,78,207,84.9,-0.9811851978302002,-0.13926916402642384
COHFACE_s29_session0_lamp,78,208,84.93333333333334,-1.012019157409668,-0.11455414788189056
COHFACE_s29_session0_lamp,78,209,84.96666666666667,-0.924497663974762,-0.06062747053824784
COHFACE_s29_session0_lamp,78,210,85.0,-0.26213014125823975,0.02470887259017122
COHFACE_s29_session0_lamp,78,211,85.03333333333333,0.9665070176124573,0.13703122287363453
COHFACE_s29_session0_lamp,78,212,85.06666666666666,1.8716201782226562,0.26733617571557083
COHFACE_s29_session0_lamp,78,213,85.1,1.9876017570495605,0.4028579777201426
COHFACE_s29_session0_lamp,78,214,85.13333333333334,1.692234992980957,0.5270562815249583
COHFACE_s29_session0_lamp,78,215,85.16666666666667,1.4268423318862915,0.6206135351413309
COHFACE_s29_session0_lamp,78,216,85.2,1.3320585489273071,0.6648583814929686
COHFACE_s29_session0_lamp,78,217,85.23333333333333,1.3055074214935303,0.6470545675716026
COHFACE_s29_session0_lamp,78,218,85.26666666666667,1.1539819240570068,0.5649901408403685
COHFACE_s29_session0_lamp,78,219,85.3,0.9073968529701233,0.42818027641972856
COHFACE_s29_session0_lamp,78,220,85.33333333333333,0.726940929889679,0.2552543537076979
COHFACE_s29_session0_lamp,78,221,85.36666666666666,0.6094939708709717,0.06955673838037758
COHFACE_s29_session0_lamp,78,222,85.4,0.47642457485198975,-0.10468487171920268
COHFACE_s29_session0_lamp,78,223,85.43333333333334,0.2896147668361664,-0.244999463739625
COHFACE_s29_session0_lamp,78,224,85.46666666666667,0.06330807507038116,-0.33344114682983994
COHFACE_s29_session0_lamp,78,225,85.5,-0.1557903289794922,-0.3607314604652912
COHFACE_s29_session0_lamp,78,226,85.53333333333333,-0.3314172923564911,-0.33047608138790485
COHFACE_s29_session0_lamp,78,227,85.56666666666666,-0.457035094499588,-0.25991418480544676
COHFACE_s29_session0_lamp,78,228,85.6,-0.5393274426460266,-0.1746158506657033
COHFACE_s29_session0_lamp,78,229,85.63333333333334,-0.5887147784233093,-0.09851577167933119
COHFACE_s29_session0_lamp,78,230,85.66666666666667,-0.6309532523155212,-0.044793988483805704
COHFACE_s29_session0_lamp,78,231,85.7,-0.6754521131515503,-0.013336003015153614
COHFACE_s29_session0_lamp,78,232,85.73333333333333,-0.7339025139808655,0.0043605870111857094
COHFACE_s29_session0_lamp,78,233,85.76666666666667,-0.7954027652740479,0.01728125209306944
COHFACE_s29_session0_lamp,78,234,85.8,-0.8570490479469299,0.029342861099499563
COHFACE_s29_session0_lamp,78,235,85.83333333333333,-0.9199606776237488,0.03861382284561767
COHFACE_s29_session0_lamp,78,236,85.86666666666666,-0.9723438024520874,0.04025006399698616
COHFACE_s29_session0_lamp,78,237,85.9,-1.0153177976608276,0.030342553646276575
COHFACE_s29_session0_lamp,78,238,85.93333333333334,-1.042463779449463,0.008384543304652058
COHFACE_s29_session0_lamp,78,239,85.96666666666667,-1.0530409812927246,-0.02233047595676318
COHFACE_s29_session0_lamp,79,0,79.0,-1.1001137495040894,0.06124298357561722
COHFACE_s29_session0_lamp,79,1,79.03333333333333,-1.1039801836013794,0.26535602946792797
COHFACE_s29_session0_lamp,79,2,79.06666666666666,-1.1255239248275757,0.43488123310664484
COHFACE_s29_session0_lamp,79,3,79.1,-1.1230202913284302,0.5482406348945588
COHFACE_s29_session0_lamp,79,4,79.13333333333334,-0.7735183835029602,0.6021854376119508
COHFACE_s29_session0_lamp,79,5,79.16666666666667,0.32104894518852234,0.612506791378636
COHFACE_s29_session0_lamp,79,6,79.2,1.5560129880905151,0.6068286201893917
COHFACE_s29_session0_lamp,79,7,79.23333333333333,2.101858139038086,0.6118942164742709
COHFACE_s29_session0_lamp,79,8,79.26666666666667,1.986352562904358,0.6404803161134194
COHFACE_s29_session0_lamp,79,9,79.3,1.730715274810791,0.6839156281878425
COHFACE_s29_session0_lamp,79,10,79.33333333333333,1.6315999031066895,0.7147817202632539
COHFACE_s29_session0_lamp,79,11,79.36666666666666,1.6407711505889893,0.6997948166747495
COHFACE_s29_session0_lamp,79,12,79.4,1.591719150543213,0.6163831273047412
COHFACE_s29_session0_lamp,79,13,79.43333333333334,1.3571118116378784,0.46353840822626374
COHFACE_s29_session0_lamp,79,14,79.46666666666667,1.039092779159546,0.26163346322178604
COHFACE_s29_session0_lamp,79,15,79.5,0.8054858446121216,0.04311835279283396
COHFACE_s29_session0_lamp,79,16,79.53333333333333,0.6577349305152893,-0.1596200519249136
COHFACE_s29_session0_lamp,79,17,79.56666666666666,0.5082156658172607,-0.3232523798383496
COHFACE_s29_session0_lamp,79,18,79.6,0.31216973066329956,-0.43679558051326955
COHFACE_s29_session0_lamp,79,19,79.63333333333334,0.09787324070930481,-0.5002888864740089
COHFACE_s29_session0_lamp,79,20,79.66666666666667,-0.09482000768184662,-0.521498721836663
COHFACE_s29_session0_lamp,79,21,79.7,-0.25317519903182983,-0.5125393366721726
COHFACE_s29_session0_lamp,79,22,79.73333333333333,-0.3737855851650238,-0.48664348844211375
COHFACE_s29_session0_lamp,79,23,79.76666666666667,-0.46027421951293945,-0.4546569678959056
COHFACE_s29_session0_lamp,79,24,79.8,-0.5268684029579163,-0.42187631878921966
COHFACE_s29_session0_lamp,79,25,79.83333333333333,-0.5799869298934937,-0.38700411123213846
COHFACE_s29_session0_lamp,79,26,79.86666666666666,-0.6312344670295715,-0.34445574477085894
COHFACE_s29_session0_lamp,79,27,79.9,-0.6866782307624817,-0.28920808891613153
COHFACE_s29_session0_lamp,79,28,79.93333333333334,-0.7434036135673523,-0.22136482975311977
COHFACE_s29_session0_lamp,79,29,79.96666666666667,-0.8038115501403809,-0.1472902887460744
COHFACE_s29_session0_lamp,79,30,80.0,-0.8626134395599365,-0.07619250189334484
COHFACE_s29_session0_lamp,79,31,80.03333333333333,-0.9076909422874451,-0.014281053371043136
COHFACE_s29_session0_lamp,79,32,80.06666666666666,-0.9350748658180237,0.03914939091391836
COHFACE_s29_session0_lamp,79,33,80.1,-0.9593493938446045,0.0903365674924103
COHFACE_s29_session0_lamp,79,34,80.13333333333334,-0.974955677986145,0.145166187122143
COHFACE_s29_session0_lamp,79,35,80.16666666666667,-0.9805795550346375,0.2034112372955978
COHFACE_s29_session0_lamp,79,36,80.2,-0.9751178622245789,0.2577102638322214
COHFACE_s29_session0_lamp,79,37,80.23333333333333,-0.9732847213745117,0.29817110043096035
COHFACE_s29_session0_lamp,79,38,80.26666666666667,-0.9846243858337402,0.3189519271485103
COHFACE_s29_session0_lamp,79,39,80.3,-0.9933846592903137,0.3216338622579045
COHFACE_s29_session0_lamp,79,40,80.33333333333333,-0.7604644894599915,0.3131837165902228
COHFACE_s29_session0_lamp,79,41,80.36666666666666,0.16632764041423798,0.30077401445299073
COHFACE_s29_session0_lamp,79,42,80.4,1.391417384147644,0.2877073463951316
COHFACE_s29_session0_lamp,79,43,80.43333333333334,2.032073497772217,0.2732375475873158
COHFACE_s29_session0_lamp,79,44,80.46666666666667,1.948472499847412,0.2557642214298769
COHFACE_s29_session0_lamp,79,45,80.5,1.610861897468567,0.23632235720212305
COHFACE_s29_session0_lamp,79,46,80.53333333333333,1.3713715076446533,0.21934216910149298
COHFACE_s29_session0_lamp,79,47,80.56666666666666,1.3040419816970825,0.20989261014579275
COHFACE_s29_session0_lamp,79,48,80.6,1.2578558921813965,0.20925367666023506
COHFACE_s29_session0_lamp,79,49,80.63333333333334,1.0779082775115967,0.21191606607960892
COHFACE_s29_session0_lamp,79,50,80.66666666666667,0.8732426762580872,0.20618089561375763
COHFACE_s29_session0_lamp,79,51,80.7,0.7424444556236267,0.1781829601192516
COHFACE_s29_session0_lamp,79,52,80.73333333333333,0.6357423067092896,0.11702045618637917
COHFACE_s29_session0_lamp,79,53,80.76666666666667,0.48924052715301514,0.018261494365654815
COHFACE_s29_session0_lamp,79,54,80.8,0.2837475538253784,-0.11530036168887463
COHFACE_s29_session0_lamp,79,55,80.83333333333333,0.05107615515589714,-0.2747545072511503
COHFACE_s29_session0_lamp,79,56,80.86666666666666,-0.1542005091905594,-0.4465140013422171
COHFACE_s29_session0_lamp,79,57,80.9,-0.3160706162452698,-0.6134919975640166
COHFACE_s29_session0_lamp,79,58,80.93333333333334,-0.43990930914878845,-0.7568409212869454
COHFACE_s29_session0_lamp,79,59,80.96666666666667,-0.5196493268013,-0.8593940008264016
COHFACE_s29_session0_lamp,79,60,81.0,-0.5633857250213623,-0.9104519240839825
COHFACE_s29_session0_lamp,79,61,81.03333333333333,-0.5998814105987549,-0.9095030928584213
COHFACE_s29_session0_lamp,79,62,81.06666666666666,-0.6465432643890381,-0.8658279783091687
COHFACE_s29_session0_lamp,79,63,81.1,-0.7038580775260925,-0.7928559778488505
COHFACE_s29_session0_lamp,79,64,81.13333333333334,-0.7708524465560913,-0.6999154072234252
COHFACE_s29_session0_lamp,79,65,81.16666666666667,-0.8440384268760681,-0.5867929893540837
COHFACE_s29_session0_lamp,79,66,81.2,-0.9147207736968994,-0.4456214203707661
COHFACE_s29_session0_lamp,79,67,81.23333333333333,-0.9728034734725952,-0.2698851571732721
COHFACE_s29_session0_lamp,79,68,81.26666666666667,-1.0175024271011353,-0.06452452518759581
COHFACE_s29_session0_lamp,79,69,81.3,-1.0387433767318726,0.15085709240479023
COHFACE_s29_session0_lamp,79,70,81.33333333333333,-1.0504993200302124,0.34916799409620314
COHFACE_s29_session0_lamp,79,71,81.36666666666666,-1.0731679201126099,0.5091429683797846
COHFACE_s29_session0_lamp,79,72,81.4,-1.0483471155166626,0.6255406823991976
COHFACE_s29_session0_lamp,79,73,81.43333333333334,-0.5559016466140747,0.7089250844406518
COHFACE_s29_session0_lamp,79,74,81.46666666666667,0.6872494220733643,0.775882964172589
COHFACE_s29_session0_lamp,79,75,81.5,1.8683972358703613,0.8375760175954868
COHFACE_s29_session0_lamp,79,76,81.53333333333333,2.232872724533081,0.8942224497537937
COHFACE_s29_session0_lamp,79,77,81.56666666666666,2.006192922592163,0.9373816854005794
COHFACE_s29_session0_lamp,79,78,81.6,1.7098366022109985,0.9564383810206206
COHFACE_s29_session0_lamp,79,79,81.63333333333334,1.5883069038391113,0.94401162996605
COHFACE_s29_session0_lamp,79,80,81.66666666666667,1.5918543338775635,0.8974668666336943
COHFACE_s29_session0_lamp,79,81,81.7,1.519901156425476,0.8175129879916573
COHFACE_s29_session0_lamp,79,82,81.73333333333333,1.249668836593628,0.7067689454452553
COHFACE_s29_session0_lamp,79,83,81.76666666666667,0.926025927066803,0.5701390156876749
COHFACE_s29_session0_lamp,79,84,81.8,0.7056027054786682,0.41612594186818885
COHFACE_s29_session0_lamp,79,85,81.83333333333333,0.5541421175003052,0.2566390385801101
COHFACE_s29_session0_lamp,79,86,81.86666666666666,0.3876160979270935,0.10412799079292101
COHFACE_s29_session0_lamp,79,87,81.9,0.18865007162094116,-0.03255164233150535
COHFACE_s29_session0_lamp,79,88,81.93333333333334,-0.02402413822710514,-0.15081616642011875
COHFACE_s29_session0_lamp,79,89,81.96666666666667,-0.227018803358078,-0.25372208316421874
COHFACE_s29_session0_lamp,79,90,82.0,-0.3855037987232208,-0.34649290082263834
COHFACE_s29_session0_lamp,79,91,82.03333333333333,-0.5027506351470947,-0.43261463172438597
COHFACE_s29_session0_lamp,79,92,82.06666666666666,-0.590223491191864,-0.5119882893321208
COHFACE_s29_session0_lamp,79,93,82.1,-0.6538597345352173,-0.581979922017222
COHFACE_s29_session0_lamp,79,94,82.13333333333334,-0.7108446359634399,-0.6401279199036294
COHFACE_s29_session0_lamp,79,95,82.16666666666667,-0.7681162357330322,-0.6863083644226473
COHFACE_s29_session0_lamp,79,96,82.2,-0.8262583613395691,-0.7229795456186058
COHFACE_s29_session0_lamp,79,97,82.23333333333333,-0.8856118321418762,-0.7536818734428364
COHFACE_s29_session0_lamp,79,98,82.26666666666667,-0.947176992893219,-0.7808827212271033
COHFACE_s29_session0_lamp,79,99,82.3,-1.0107591152191162,-0.804282929827815
COHFACE_s29_session0_lamp,79,100,82.33333333333333,-1.063585638999939,-0.8202542268485412
COHFACE_s29_session0_lamp,79,101,82.36666666666666,-1.1040234565734863,-0.8224942311895422
COHFACE_s29_session0_lamp,79,102,82.4,-1.1340192556381226,-0.8035466915915094
COHFACE_s29_session0_lamp,79,103,82.43333333333334,-1.1606839895248413,-0.7568172183929583
COHFACE_s29_session0_lamp,79,104,82.46666666666667,-1.1740731000900269,-0.6789508473076469
COHFACE_s29_session0_lamp,79,105,82.5,-1.1763604879379272,-0.57205867831265
COHFACE_s29_session0_lamp,79,106,82.53333333333333,-1.1837255954742432,-0.44417438281935984
COHFACE_s29_session0_lamp,79,107,82.56666666666666,-1.1956114768981934,-0.30625032245606326
COHFACE_s29_session0_lamp,79,108,82.6,-1.2177608013153076,-0.16621867916650457
COHFACE_s29_session0_lamp,79,109,82.63333333333334,-1.0245376825332642,-0.023655828101802293
COHFACE_s29_session0_lamp,79,110,82.66666666666667,-0.0893583670258522,0.13031244913675433
COHFACE_s29_session0_lamp,79,111,82.7,1.2746301889419556,0.3058856010617182
COHFACE_s29_session0_lamp,79,112,82.73333333333333,2.064318895339966,0.5037921097957317
COHFACE_s29_session0_lamp,79,113,82.76666666666667,2.0524654388427734,0.7083268111315808
COHFACE_s29_session0_lamp,79,114,82.8,1.7546436786651611,0.8902084026801005
COHFACE_s29_session0_lamp,79,115,82.83333333333333,1.5649787187576294,1.018890379702017
COHFACE_s29_session0_lamp,79,116,82.86666666666666,1.5312354564666748,1.0770150197914927
COHFACE_s29_session0_lamp,79,117,82.9,1.5127794742584229,1.0677051061136247
COHFACE_s29_session0_lamp,79,118,82.93333333333334,1.3383042812347412,1.010537444494977
COHFACE_s29_session0_lamp,79,119,82.96666666666667,1.0134987831115723,0.9297802023935785
COHFACE_s29_session0_lamp,79,120,83.0,0.730780303478241,0.842698412526689
COHFACE_s29_session0_lamp,79,121,83.03333333333333,0.5565539002418518,0.7545233261139274
COHFACE_s29_session0_lamp,79,122,83.06666666666666,0.40761327743530273,0.6617112297010377
COHFACE_s29_session0_lamp,79,123,83.1,0.2178671658039093,0.5597312752543608
COHFACE_s29_session0_lamp,79,124,83.13333333333334,5.035179856349714e-05,0.4491115789736397
COHFACE_s29_session0_lamp,79,125,83.16666666666667,-0.2058914452791214,0.3354263995001249
COHFACE_s29_session0_lamp,79,126,83.2,-0.37852802872657776,0.22408565358347252
COHFACE_s29_session0_lamp,79,127,83.23333333333333,-0.521341860294342,0.11501245829903647
COHFACE_s29_session0_lamp,79,128,83.26666666666667,-0.6303800344467163,0.0020706365185225364
COHFACE_s29_session0_lamp,79,129,83.3,-0.7092927098274231,-0.12201341768324309
COHFACE_s29_session0_lamp,79,130,83.33333333333333,-0.7693058848381042,-0.2591304119509274
COHFACE_s29_session0_lamp,79,131,83.36666666666666,-0.8242305517196655,-0.402842870611501
COHFACE_s29_session0_lamp,79,132,83.4,-0.8824375867843628,-0.540866977412911
COHFACE_s29_session0_lamp,79,133,83.43333333333334,-0.9433267712593079,-0.6604495386696785
COHFACE_s29_session0_lamp,79,134,83.46666666666667,-1.004697322845459,-0.7527077532255189
COHFACE_s29_session0_lamp,79,135,83.5,-1.0619093179702759,-0.8137245622152616
COHFACE_s29_session0_lamp,79,136,83.53333333333333,-1.1138004064559937,-0.842881436364264
COHFACE_s29_session0_lamp,79,137,83.56666666666666,-1.1535946130752563,-0.8405817426754489
COHFACE_s29_session0_lamp,79,138,83.6,-1.1853803396224976,-0.8072663482161431
COHFACE_s29_session0_lamp,79,139,83.63333333333334,-1.2064049243927002,-0.7440537601573283
COHFACE_s29_session0_lamp,79,140,83.66666666666667,-1.2153761386871338,-0.6538446535563399
COHFACE_s29_session0_lamp,79,141,83.7,-1.218344807624817,-0.5415054120970342
COHFACE_s29_session0_lamp,79,142,83.73333333333333,-1.2150787115097046,-0.4129198606249067
COHFACE_s29_session0_lamp,79,143,83.76666666666667,-1.2153273820877075,-0.2739191722617051
COHFACE_s29_session0_lamp,79,144,83.8,-1.2280622720718384,-0.1300663484369866
COHFACE_s29_session0_lamp,79,145,83.83333333333333,-1.1864455938339233,0.01275872262196305
COHFACE_s29_session0_lamp,79,146,83.86666666666666,-0.6611220836639404,0.1479621744464162
COHFACE_s29_session0_lamp,79,147,83.9,0.5653087496757507,0.2689851506729753
COHFACE_s29_session0_lamp,79,148,83.93333333333334,1.6980589628219604,0.37107430281993425
COHFACE_s29_session0_lamp,79,149,83.96666666666667,2.0454139709472656,0.45275656503750134
COHFACE_s29_session0_lamp,79,150,84.0,1.8346540927886963,0.5155180947861037
COHFACE_s29_session0_lamp,79,151,84.03333333333333,1.5702348947525024,0.5613759805624303
COHFACE_s29_session0_lamp,79,152,84.06666666666666,1.4702218770980835,0.5898684814569546
COHFACE_s29_session0_lamp,79,153,84.1,1.4917385578155518,0.5967672243489585
COHFACE_s29_session0_lamp,79,154,84.13333333333334,1.438252329826355,0.575559173962083
COHFACE_s29_session0_lamp,79,155,84.16666666666667,1.1936681270599365,0.5206637527703581
COHFACE_s29_session0_lamp,79,156,84.2,0.9286648631095886,0.430282541753262
COHFACE_s29_session0_lamp,79,157,84.23333333333333,0.758629322052002,0.307409706018979
COHFACE_s29_session0_lamp,79,158,84.26666666666667,0.6248731017112732,0.15921103836293035
COHFACE_s29_session0_lamp,79,159,84.3,0.4647766947746277,-0.003929515484449556
COHFACE_s29_session0_lamp,79,160,84.33333333333333,0.26662179827690125,-0.16894694232794755
COHFACE_s29_session0_lamp,79,161,84.36666666666666,0.05062732845544815,-0.320799610996944
COHFACE_s29_session0_lamp,79,162,84.4,-0.14326640963554382,-0.4445013251806254
COHFACE_s29_session0_lamp,79,163,84.43333333333334,-0.29308846592903137,-0.528748368497231
COHFACE_s29_session0_lamp,79,164,84.46666666666667,-0.3957294821739197,-0.5695769529278923
COHFACE_s29_session0_lamp,79,165,84.5,-0.46361610293388367,-0.5714036586696012
COHFACE_s29_session0_lamp,79,166,84.53333333333333,-0.5197033882141113,-0.5438495297603538
COHFACE_s29_session0_lamp,79,167,84.56666666666666,-0.566743791103363,-0.4956158137087605
COHFACE_s29_session0_lamp,79,168,84.6,-0.6145683526992798,-0.4294750382407758
COHFACE_s29_session0_lamp,79,169,84.63333333333334,-0.6701851487159729,-0.34245176971941
COHFACE_s29_session0_lamp,79,170,84.66666666666667,-0.7227737307548523,-0.2315779090638578
COHFACE_s29_session0_lamp,79,171,84.7,-0.7784987092018127,-0.101074232463499
COHFACE_s29_session0_lamp,79,172,84.73333333333333,-0.834526538848877,0.03481453853102638
COHFACE_s29_session0_lamp,79,173,84.76666666666667,-0.8837299942970276,0.1564330611142235
COHFACE_s29_session0_lamp,79,174,84.8,-0.9226049780845642,0.24848157345500713
COHFACE_s29_session0_lamp,79,175,84.83333333333333,-0.9439432621002197,0.3085301688568757
COHFACE_s29_session0_lamp,79,176,84.86666666666666,-0.9554721713066101,0.34835613850072256
COHFACE_s29_session0_lamp,79,177,84.9,-0.9811851978302002,0.38691014789889067
COHFACE_s29_session0_lamp,79,178,84.93333333333334,-1.012019157409668,0.43944309462592135
COHFACE_s29_session0_lamp,79,179,84.96666666666667,-0.924497663974762,0.5096769181233453
COHFACE_s29_session0_lamp,79,180,85.0,-0.26213014125823975,0.5889710094577717
COHFACE_s29_session0_lamp,79,181,85.03333333333333,0.9665070176124573,0.6614140953167547
COHFACE_s29_session0_lamp,79,182,85.06666666666666,1.8716201782226562,0.7109012223559049
COHFACE_s29_session0_lamp,79,183,85.1,1.9876017570495605,0.7264526793733158
COHFACE_s29_session0_lamp,79,184,85.13333333333334,1.692234992980957,0.7040139784933791
COHFACE_s29_session0_lamp,79,185,85.16666666666667,1.4268423318862915,0.6452214708558438
COHFACE_s29_session0_lamp,79,186,85.2,1.3320585489273071,0.5549269062736054
COHFACE_s29_session0_lamp,79,187,85.23333333333333,1.3055074214935303,0.43912345733031977
COHFACE_s29_session0_lamp,79,188,85.26666666666667,1.1539819240570068,0.303736032146745
COHFACE_s29_session0_lamp,79,189,85.3,0.9073968529701233,0.1538432597315873
COHFACE_s29_session0_lamp,79,190,85.33333333333333,0.726940929889679,-0.006842476387928145
COHFACE_s29_session0_lamp,79,191,85.36666666666666,0.6094939708709717,-0.1756878169212013
COHFACE_s29_session0_lamp,79,192,85.4,0.47642457485198975,-0.3494762926248078
COHFACE_s29_session0_lamp,79,193,85.43333333333334,0.2896147668361664,-0.5218461687030909
COHFACE_s29_session0_lamp,79,194,85.46666666666667,0.06330807507038116,-0.6816917276758324
COHFACE_s29_session0_lamp,79,195,85.5,-0.1557903289794922,-0.8145336067664081
COHFACE_s29_session0_lamp,79,196,85.53333333333333,-0.3314172923564911,-0.90698989247238
COHFACE_s29_session0_lamp,79,197,85.56666666666666,-0.457035094499588,-0.9520432056882732
COHFACE_s29_session0_lamp,79,198,85.6,-0.5393274426460266,-0.9518818441246433
COHFACE_s29_session0_lamp,79,199,85.63333333333334,-0.5887147784233093,-0.916535603860507
COHFACE_s29_session0_lamp,79,200,85.66666666666667,-0.6309532523155212,-0.8594155659668657
COHFACE_s29_session0_lamp,79,201,85.7,-0.6754521131515503,-0.7926934858364827
COHFACE_s29_session0_lamp,79,202,85.73333333333333,-0.7339025139808655,-0.724615716632047
COHFACE_s29_session0_lamp,79,203,85.76666666666667,-0.7954027652740479,-0.6587717957661146
COHFACE_s29_session0_lamp,79,204,85.8,-0.8570490479469299,-0.5942351166055994
COHFACE_s29_session0_lamp,79,205,85.83333333333333,-0.9199606776237488,-0.5258048612221012
COHFACE_s29_session0_lamp,79,206,85.86666666666666,-0.9723438024520874,-0.4445224624163144
COHFACE_s29_session0_lamp,79,207,85.9,-1.0153177976608276,-0.3392440686456317
COHFACE_s29_session0_lamp,79,208,85.93333333333334,-1.042463779449463,-0.1997380334931647
COHFACE_s29_session0_lamp,79,209,85.96666666666667,-1.0530409812927246,-0.020743533848505923
COHFACE_s29_session0_lamp,79,210,86.0,-1.0645860433578491,0.1945841924432002
COHFACE_s29_session0_lamp,79,211,86.03333333333333,-1.089552879333496,0.4335738043836158
COHFACE_s29_session0_lamp,79,212,86.06666666666666,-1.0851672887802124,0.6760105000164566
COHFACE_s29_session0_lamp,79,213,86.1,-0.7066646218299866,0.8983868990500022
COHFACE_s29_session0_lamp,79,214,86.13333333333334,0.430681973695755,1.0786217620028826
COHFACE_s29_session0_lamp,79,215,86.16666666666667,1.6649645566940308,1.1996119715539404
COHFACE_s29_session0_lamp,79,216,86.2,2.137385845184326,1.2511782594588416
COHFACE_s29_session0_lamp,79,217,86.23333333333333,1.968788743019104,1.2309512073473012
COHFACE_s29_session0_lamp,79,218,86.26666666666667,1.7126917839050293,1.1446069007517365
COHFACE_s29_session0_lamp,79,219,86.3,1.6150473356246948,1.0052229069380816
COHFACE_s29_session0_lamp,79,220,86.33333333333333,1.6152690649032593,0.8313439252253626
COHFACE_s29_session0_lamp,79,221,86.36666666666666,1.5421695709228516,0.643594593685816
COHFACE_s29_session0_lamp,79,222,86.4,1.2804865837097168,0.46008688693940236
COHFACE_s29_session0_lamp,79,223,86.43333333333334,0.9549131989479065,0.2917624493732889
COHFACE_s29_session0_lamp,79,224,86.46666666666667,0.7292662262916565,0.13997733336014065
COHFACE_s29_session0_lamp,79,225,86.5,0.5773946642875671,-0.001546229052251517
COHFACE_s29_session0_lamp,79,226,86.53333333333333,0.41237735748291016,-0.14073088869363684
COHFACE_s29_session0_lamp,79,227,86.56666666666666,0.21019382774829865,-0.2804975293917554
COHFACE_s29_session0_lamp,79,228,86.6,-0.010954047553241253,-0.41588988569384855
COHFACE_s29_session0_lamp,79,229,86.63333333333334,-0.2099146693944931,-0.5370422364883066
COHFACE_s29_session0_lamp,79,230,86.66666666666667,-0.37006518244743347,-0.635455752221343
COHFACE_s29_session0_lamp,79,231,86.7,-0.4950070381164551,-0.7083036046484559
COHFACE_s29_session0_lamp,79,232,86.73333333333333,-0.5839506983757019,-0.7574649185320226
COHFACE_s29_session0_lamp,79,233,86.76666666666667,-0.6481330990791321,-0.7845723904018288
COHFACE_s29_session0_lamp,79,234,86.8,-0.7131374478340149,-0.7864927194295604
COHFACE_s29_session0_lamp,79,235,86.83333333333333,-0.7770116329193115,-0.7551461540907439
COHFACE_s29_session0_lamp,79,236,86.86666666666666,-0.8401936888694763,-0.681994607482727
COHFACE_s29_session0_lamp,79,237,86.9,-0.9085723757743835,-0.5640932292911879
COHFACE_s29_session0_lamp,79,238,86.93333333333334,-0.9782596826553345,-0.40805137421741533
COHFACE_s29_session0_lamp,79,239,86.96666666666667,-1.0384892225265503,-0.23001181979297247
COHFACE_s29_session0_lamp,80,0,80.0,-0.8626134395599365,-0.1466679627029588
COHFACE_s29_session0_lamp,80,1,80.03333333333333,-0.9076909422874451,0.033923074581051475
COHFACE_s29_session0_lamp,80,2,80.06666666666666,-0.9350748658180237,0.20204591385089032
COHFACE_s29_session0_lamp,80,3,80.1,-0.9593493938446045,0.3451470600730938
COHFACE_s29_session0_lamp,80,4,80.13333333333334,-0.974955677986145,0.4581426024652709
COHFACE_s29_session0_lamp,80,5,80.16666666666667,-0.9805795550346375,0.544042459237022
COHFACE_s29_session0_lamp,80,6,80.2,-0.9751178622245789,0.6116041859751339
COHFACE_s29_session0_lamp,80,7,80.23333333333333,-0.9732847213745117,0.671094024338617
COHFACE_s29_session0_lamp,80,8,80.26666666666667,-0.9846243858337402,0.7295259496665925
COHFACE_s29_session0_lamp,80,9,80.3,-0.9933846592903137,0.7867626731951356
COHFACE_s29_session0_lamp,80,10,80.33333333333333,-0.7604644894599915,0.8345764844061533
COHFACE_s29_session0_lamp,80,11,80.36666666666666,0.16632764041423798,0.8602763595958686
COHFACE_s29_session0_lamp,80,12,80.4,1.391417384147644,0.8535591701762714
COHFACE_s29_session0_lamp,80,13,80.43333333333334,2.032073497772217,0.8125680032140873
COHFACE_s29_session0_lamp,80,14,80.46666666666667,1.948472499847412,0.7456324993663446
COHFACE_s29_session0_lamp,80,15,80.5,1.610861897468567,0.6679385397860073
COHFACE_s29_session0_lamp,80,16,80.53333333333333,1.3713715076446533,0.5949724686125489
COHFACE_s29_session0_lamp,80,17,80.56666666666666,1.3040419816970825,0.5357750908761049
COHFACE_s29_session0_lamp,80,18,80.6,1.2578558921813965,0.48875663836147115
COHFACE_s29_session0_lamp,80,19,80.63333333333334,1.0779082775115967,0.4416464821803231
COHFACE_s29_session0_lamp,80,20,80.66666666666667,0.8732426762580872,0.3756958979871459
COHFACE_s29_session0_lamp,80,21,80.7,0.7424444556236267,0.27264301190866314
COHFACE_s29_session0_lamp,80,22,80.73333333333333,0.6357423067092896,0.12153678605664087
COHFACE_s29_session0_lamp,80,23,80.76666666666667,0.48924052715301514,-0.07750809957269109
COHFACE_s29_session0_lamp,80,24,80.8,0.2837475538253784,-0.3136780729259292
COHFACE_s29_session0_lamp,80,25,80.83333333333333,0.05107615515589714,-0.5687044309554926
COHFACE_s29_session0_lamp,80,26,80.86666666666666,-0.1542005091905594,-0.8208037650088256
COHFACE_s29_session0_lamp,80,27,80.9,-0.3160706162452698,-1.0478501840421963
COHFACE_s29_session0_lamp,80,28,80.93333333333334,-0.43990930914878845,-1.2297650913444091
COHFACE_s29_session0_lamp,80,29,80.96666666666667,-0.5196493268013,-1.3509242380822852
COHFACE_s29_session0_lamp,80,30,81.0,-0.5633857250213623,-1.4028023994901198
COHFACE_s29_session0_lamp,80,31,81.03333333333333,-0.5998814105987549,-1.3857716915941354
COHFACE_s29_session0_lamp,80,32,81.06666666666666,-0.6465432643890381,-1.308320659003958
COHFACE_s29_session0_lamp,80,33,81.1,-0.7038580775260925,-1.183044516445055
COHFACE_s29_session0_lamp,80,34,81.13333333333334,-0.7708524465560913,-1.0212513720977174
COHFACE_s29_session0_lamp,80,35,81.16666666666667,-0.8440384268760681,-0.829676738563669
COHFACE_s29_session0_lamp,80,36,81.2,-0.9147207736968994,-0.6117069295572576
COHFACE_s29_session0_lamp,80,37,81.23333333333333,-0.9728034734725952,-0.37235989394031044
COHFACE_s29_session0_lamp,80,38,81.26666666666667,-1.0175024271011353,-0.12328941331814941
COHFACE_s29_session0_lamp,80,39,81.3,-1.0387433767318726,0.11657267226804019
COHFACE_s29_session0_lamp,80,40,81.33333333333333,-1.0504993200302124,0.32659155662371386
COHFACE_s29_session0_lamp,80,41,81.36666666666666,-1.0731679201126099,0.4936337514457551
COHFACE_s29_session0_lamp,80,42,81.4,-1.0483471155166626,0.6188211249003349
COHFACE_s29_session0_lamp,80,43,81.43333333333334,-0.5559016466140747,0.7165178761162133
COHFACE_s29_session0_lamp,80,44,81.46666666666667,0.6872494220733643,0.8056747654718955
COHFACE_s29_session0_lamp,80,45,81.5,1.8683972358703613,0.8990678269810771
COHFACE_s29_session0_lamp,80,46,81.53333333333333,2.232872724533081,0.9967037749061213
COHFACE_s29_session0_lamp,80,47,81.56666666666666,2.006192922592163,1.0862907664314294
COHFACE_s29_session0_lamp,80,48,81.6,1.7098366022109985,1.1494349380046343
COHFACE_s29_session0_lamp,80,49,81.63333333333334,1.5883069038391113,1.169528634701447
COHFACE_s29_session0_lamp,80,50,81.66666666666667,1.5918543338775635,1.137201936543593
COHFACE_s29_session0_lamp,80,51,81.7,1.519901156425476,1.051454607812973
COHFACE_s29_session0_lamp,80,52,81.73333333333333,1.249668836593628,0.9176450134095624
COHFACE_s29_session0_lamp,80,53,81.76666666666667,0.926025927066803,0.7450558961366127
COHFACE_s29_session0_lamp,80,54,81.8,0.7056027054786682,0.5456681233970093
COHFACE_s29_session0_lamp,80,55,81.83333333333333,0.5541421175003052,0.33368571322837687
COHFACE_s29_session0_lamp,80,56,81.86666666666666,0.3876160979270935,0.12447010598238879
COHFACE_s29_session0_lamp,80,57,81.9,0.18865007162094116,-0.06774332119566574
COHFACE_s29_session0_lamp,80,58,81.93333333333334,-0.02402413822710514,-0.232604033670283
COHFACE_s29_session0_lamp,80,59,81.96666666666667,-0.227018803358078,-0.3654021760985757
COHFACE_s29_session0_lamp,80,60,82.0,-0.3855037987232208,-0.4669170273490016
COHFACE_s29_session0_lamp,80,61,82.03333333333333,-0.5027506351470947,-0.5417014775910594
COHFACE_s29_session0_lamp,80,62,82.06666666666666,-0.590223491191864,-0.5959789832715338
COHFACE_s29_session0_lamp,80,63,82.1,-0.6538597345352173,-0.6362300330685152
COHFACE_s29_session0_lamp,80,64,82.13333333333334,-0.7108446359634399,-0.6687034672623509
COHFACE_s29_session0_lamp,80,65,82.16666666666667,-0.7681162357330322,-0.6992651322239368
COHFACE_s29_session0_lamp,80,66,82.2,-0.8262583613395691,-0.7328511053583353
COHFACE_s29_session0_lamp,80,67,82.23333333333333,-0.8856118321418762,-0.7722621948471547
COHFACE_s29_session0_lamp,80,68,82.26666666666667,-0.947176992893219,-0.8166717887114262
COHFACE_s29_session0_lamp,80,69,82.3,-1.0107591152191162,-0.8606598170128247
COHFACE_s29_session0_lamp,80,70,82.33333333333333,-1.063585638999939,-0.8945886532307873
COHFACE_s29_session0_lamp,80,71,82.36666666666666,-1.1040234565734863,-0.9065660058127538
COHFACE_s29_session0_lamp,80,72,82.4,-1.1340192556381226,-0.8853391231874248
COHFACE_s29_session0_lamp,80,73,82.43333333333334,-1.1606839895248413,-0.8229925170162413
COHFACE_s29_session0_lamp,80,74,82.46666666666667,-1.1740731000900269,-0.7166800981938685
COHFACE_s29_session0_lamp,80,75,82.5,-1.1763604879379272,-0.5691282781341055
COHFACE_s29_session0_lamp,80,76,82.53333333333333,-1.1837255954742432,-0.3876893440014564
COHFACE_s29_session0_lamp,80,77,82.56666666666666,-1.1956114768981934,-0.18187008202348812
COHFACE_s29_session0_lamp,80,78,82.6,-1.2177608013153076,0.03988338381719975
COHFACE_s29_session0_lamp,80,79,82.63333333333334,-1.0245376825332642,0.27231618508367716
COHFACE_s29_session0_lamp,80,80,82.66666666666667,-0.0893583670258522,0.5124488448932412
COHFACE_s29_session0_lamp,80,81,82.7,1.2746301889419556,0.7552900889994609
COHFACE_s29_session0_lamp,80,82,82.73333333333333,2.064318895339966,0.9887283848177644
COHFACE_s29_session0_lamp,80,83,82.76666666666667,2.0524654388427734,1.1917474379384996
COHFACE_s29_session0_lamp,80,84,82.8,1.7546436786651611,1.3384839790525545
COHFACE_s29_session0_lamp,80,85,82.83333333333333,1.5649787187576294,1.4068289037675068
COHFACE_s29_session0_lamp,80,86,82.86666666666666,1.5312354564666748,1.3870010704879532
COHFACE_s29_session0_lamp,80,87,82.9,1.5127794742584229,1.2853001344507688
COHFACE_s29_session0_lamp,80,88,82.93333333333334,1.3383042812347412,1.1214489772232994
COHFACE_s29_session0_lamp,80,89,82.96666666666667,1.0134987831115723,0.9217192317660133
COHFACE_s29_session0_lamp,80,90,83.0,0.730780303478241,0.7114466588674193
COHFACE_s29_session0_lamp,80,91,83.03333333333333,0.5565539002418518,0.5096505550379252
COHFACE_s29_session0_lamp,80,92,83.06666666666666,0.40761327743530273,0.32682794430659745
COHFACE_s29_session0_lamp,80,93,83.1,0.2178671658039093,0.16558814374019032
COHFACE_s29_session0_lamp,80,94,83.13333333333334,5.035179856349714e-05,0.02299509591369661
COHFACE_s29_session0_lamp,80,95,83.16666666666667,-0.2058914452791214,-0.10670226043528769
COHFACE_s29_session0_lamp,80,96,83.2,-0.37852802872657776,-0.22998479981974446
COHFACE_s29_session0_lamp,80,97,83.23333333333333,-0.521341860294342,-0.3529448849120472
COHFACE_s29_session0_lamp,80,98,83.26666666666667,-0.6303800344467163,-0.48059840879662435
COHFACE_s29_session0_lamp,80,99,83.3,-0.7092927098274231,-0.6158395656289715
COHFACE_s29_session0_lamp,80,100,83.33333333333333,-0.7693058848381042,-0.7579504250285427
COHFACE_s29_session0_lamp,80,101,83.36666666666666,-0.8242305517196655,-0.9014297321414921
COHFACE_s29_session0_lamp,80,102,83.4,-0.8824375867843628,-1.0360075490292016
COHFACE_s29_session0_lamp,80,103,83.43333333333334,-0.9433267712593079,-1.1481344167865657
COHFACE_s29_session0_lamp,80,104,83.46666666666667,-1.004697322845459,-1.2235425685282602
COHFACE_s29_session0_lamp,80,105,83.5,-1.0619093179702759,-1.250070916348073
COHFACE_s29_session0_lamp,80,106,83.53333333333333,-1.1138004064559937,-1.2199676229102006
COHFACE_s29_session0_lamp,80,107,83.56666666666666,-1.1535946130752563,-1.131237002834669
COHFACE_s29_session0_lamp,80,108,83.6,-1.1853803396224976,-0.9880008561037056
COHFACE_s29_session0_lamp,80,109,83.63333333333334,-1.2064049243927002,-0.7999494382961339
COHFACE_s29_session0_lamp,80,110,83.66666666666667,-1.2153761386871338,-0.5807541112946935
COHFACE_s29_session0_lamp,80,111,83.7,-1.218344807624817,-0.3453885509908343
COHFACE_s29_session0_lamp,80,112,83.73333333333333,-1.2150787115097046,-0.10697223259176535
COHFACE_s29_session0_lamp,80,113,83.76666666666667,-1.2153273820877075,0.12570262131722554
COHFACE_s29_session0_lamp,80,114,83.8,-1.2280622720718384,0.3490527951452178
COHFACE_s29_session0_lamp,80,115,83.83333333333333,-1.1864455938339233,0.5637372374091201
COHFACE_s29_session0_lamp,80,116,83.86666666666666,-0.6611220836639404,0.7720449215951273
COHFACE_s29_session0_lamp,80,117,83.9,0.5653087496757507,0.9742942413046624
COHFACE_s29_session0_lamp,80,118,83.93333333333334,1.6980589628219604,1.1655308981872217
COHFACE_s29_session0_lamp,80,119,83.96666666666667,2.0454139709472656,1.3340347318869554
COHFACE_s29_session0_lamp,80,120,84.0,1.8346540927886963,1.4624842762748993
COHFACE_s29_session0_lamp,80,121,84.03333333333333,1.5702348947525024,1.5315715395019482
COHFACE_s29_session0_lamp,80,122,84.06666666666666,1.4702218770980835,1.525056873345605
COHFACE_s29_session0_lamp,80,123,84.1,1.4917385578155518,1.434660481562226
COHFACE_s29_session0_lamp,80,124,84.13333333333334,1.438252329826355,1.2628107973552316
COHFACE_s29_session0_lamp,80,125,84.16666666666667,1.1936681270599365,1.0218606378034345
COHFACE_s29_session0_lamp,80,126,84.2,0.9286648631095886,0.7302073151949943
COHFACE_s29_session0_lamp,80,127,84.23333333333333,0.758629322052002,0.4075196099451933
COHFACE_s29_session0_lamp,80,128,84.26666666666667,0.6248731017112732,0.07153761286818487
COHFACE_s29_session0_lamp,80,129,84.3,0.4647766947746277,-0.2624288036221642
COHFACE_s29_session0_lamp,80,130,84.33333333333333,0.26662179827690125,-0.5801225509473288
COHFACE_s29_session0_lamp,80,131,84.36666666666666,0.05062732845544815,-0.8670098022028693
COHFACE_s29_session0_lamp,80,132,84.4,-0.14326640963554382,-1.1084257424190074
COHFACE_s29_session0_lamp,80,133,84.43333333333334,-0.29308846592903137,-1.2912749067372424
COHFACE_s29_session0_lamp,80,134,84.46666666666667,-0.3957294821739197,-1.4063694851009367
COHFACE_s29_session0_lamp,80,135,84.5,-0.46361610293388367,-1.4502629288794207
COHFACE_s29_session0_lamp,80,136,84.53333333333333,-0.5197033882141113,-1.4258102193948416
COHFACE_s29_session0_lamp,80,137,84.56666666666666,-0.566743791103363,-1.3413257929290339
COHFACE_s29_session0_lamp,80,138,84.6,-0.6145683526992798,-1.2087654158076309
COHFACE_s29_session0_lamp,80,139,84.63333333333334,-0.6701851487159729,-1.0415901956935179
COHFACE_s29_session0_lamp,80,140,84.66666666666667,-0.7227737307548523,-0.8528449136117436
COHFACE_s29_session0_lamp,80,141,84.7,-0.7784987092018127,-0.653689818517676
COHFACE_s29_session0_lamp,80,142,84.73333333333333,-0.834526538848877,-0.45239996162923496
COHFACE_s29_session0_lamp,80,143,84.76666666666667,-0.8837299942970276,-0.2537838081019304
COHFACE_s29_session0_lamp,80,144,84.8,-0.9226049780845642,-0.05906110962335613
COHFACE_s29_session0_lamp,80,145,84.83333333333333,-0.9439432621002197,0.1335663626192409
COHFACE_s29_session0_lamp,80,146,84.86666666666666,-0.9554721713066101,0.327317238018646
COHFACE_s29_session0_lamp,80,147,84.9,-0.9811851978302002,0.524266488410566
COHFACE_s29_session0_lamp,80,148,84.93333333333334,-1.012019157409668,0.7227350086437676
COHFACE_s29_session0_lamp,80,149,84.96666666666667,-0.924497663974762,0.9159603961347604
COHFACE_s29_session0_lamp,80,150,85.0,-0.26213014125823975,1.0926884677602982
COHFACE_s29_session0_lamp,80,151,85.03333333333333,0.9665070176124573,1.23924158184082
COHFACE_s29_session0_lamp,80,152,85.06666666666666,1.8716201782226562,1.3421141114512214
COHFACE_s29_session0_lamp,80,153,85.1,1.9876017570495605,1.3902928576898546
COHFACE_s29_session0_lamp,80,154,85.13333333333334,1.692234992980957,1.3768804067113214
COHFACE_s29_session0_lamp,80,155,85.16666666666667,1.4268423318862915,1.2998891846076532
COHFACE_s29_session0_lamp,80,156,85.2,1.3320585489273071,1.1621898273751745
COHFACE_s29_session0_lamp,80,157,85.23333333333333,1.3055074214935303,0.9707182183306672
COHFACE_s29_session0_lamp,80,158,85.26666666666667,1.1539819240570068,0.7352925112929907
COHFACE_s29_session0_lamp,80,159,85.3,0.9073968529701233,0.467538539212944
COHFACE_s29_session0_lamp,80,160,85.33333333333333,0.726940929889679,0.18025851791850692
COHFACE_s29_session0_lamp,80,161,85.36666666666666,0.6094939708709717,-0.11272482999668967
COHFACE_s29_session0_lamp,80,162,85.4,0.47642457485198975,-0.3964534873418006
COHFACE_s29_session0_lamp,80,163,85.43333333333334,0.2896147668361664,-0.6549352349647662
COHFACE_s29_session0_lamp,80,164,85.46666666666667,0.06330807507038116,-0.8722332488131984
COHFACE_s29_session0_lamp,80,165,85.5,-0.1557903289794922,-1.0350239362690656
COHFACE_s29_session0_lamp,80,166,85.53333333333333,-0.3314172923564911,-1.1359862708093025
COHFACE_s29_session0_lamp,80,167,85.56666666666666,-0.457035094499588,-1.1763042996439224
COHFACE_s29_session0_lamp,80,168,85.6,-0.5393274426460266,-1.16557784906386
COHFACE_s29_session0_lamp,80,169,85.63333333333334,-0.5887147784233093,-1.118790928148406
COHFACE_s29_session0_lamp,80,170,85.66666666666667,-0.6309532523155212,-1.0518779247865828
COHFACE_s29_session0_lamp,80,171,85.7,-0.6754521131515503,-0.9781721544043628
COHFACE_s29_session0_lamp,80,172,85.73333333333333,-0.7339025139808655,-0.9067930011003911
COHFACE_s29_session0_lamp,80,173,85.76666666666667,-0.7954027652740479,-0.8422605490025468
COHFACE_s29_session0_lamp,80,174,85.8,-0.8570490479469299,-0.7841058629349701
COHFACE_s29_session0_lamp,80,175,85.83333333333333,-0.9199606776237488,-0.7260745437025973
COHFACE_s29_session0_lamp,80,176,85.86666666666666,-0.9723438024520874,-0.6557341807233822
COHFACE_s29_session0_lamp,80,177,85.9,-1.0153177976608276,-0.5558909356924372
COHFACE_s29_session0_lamp,80,178,85.93333333333334,-1.042463779449463,-0.4086632080802314
COHFACE_s29_session0_lamp,80,179,85.96666666666667,-1.0530409812927246,-0.2016085538705789
COHFACE_s29_session0_lamp,80,180,86.0,-1.0645860433578491,0.06620983491133538
COHFACE_s29_session0_lamp,80,181,86.03333333333333,-1.089552879333496,0.38090710429090263
COHFACE_s29_session0_lamp,80,182,86.06666666666666,-1.0851672887802124,0.7150172109316514
COHFACE_s29_session0_lamp,80,183,86.1,-0.7066646218299866,1.0331703978407054
COHFACE_s29_session0_lamp,80,184,86.13333333333334,0.430681973695755,1.3001371928378536
COHFACE_s29_session0_lamp,80,185,86.16666666666667,1.6649645566940308,1.488256566935991
COHFACE_s29_session0_lamp,80,186,86.2,2.137385845184326,1.581892484795275
COHFACE_s29_session0_lamp,80,187,86.23333333333333,1.968788743019104,1.5782308880926323
COHFACE_s29_session0_lamp,80,188,86.26666666666667,1.7126917839050293,1.4853959726746422
COHFACE_s29_session0_lamp,80,189,86.3,1.6150473356246948,1.3195644320095128
COHFACE_s29_session0_lamp,80,190,86.33333333333333,1.6152690649032593,1.1022025199215242
COHFACE_s29_session0_lamp,80,191,86.36666666666666,1.5421695709228516,0.8574824552058896
COHFACE_s29_session0_lamp,80,192,86.4,1.2804865837097168,0.609361124439534
COHFACE_s29_session0_lamp,80,193,86.43333333333334,0.9549131989479065,0.3781643435467909
COHFACE_s29_session0_lamp,80,194,86.46666666666667,0.7292662262916565,0.17747789667632285
COHFACE_s29_session0_lamp,80,195,86.5,0.5773946642875671,0.012699031698143652
COHFACE_s29_session0_lamp,80,196,86.53333333333333,0.41237735748291016,-0.11799229979241141
COHFACE_s29_session0_lamp,80,197,86.56666666666666,0.21019382774829865,-0.2208675519398114
COHFACE_s29_session0_lamp,80,198,86.6,-0.010954047553241253,-0.30383728310047875
COHFACE_s29_session0_lamp,80,199,86.63333333333334,-0.2099146693944931,-0.37514371420261383
COHFACE_s29_session0_lamp,80,200,86.66666666666667,-0.37006518244743347,-0.4435189818994504
COHFACE_s29_session0_lamp,80,201,86.7,-0.4950070381164551,-0.5183131047928131
COHFACE_s29_session0_lamp,80,202,86.73333333333333,-0.5839506983757019,-0.6082071906173449
COHFACE_s29_session0_lamp,80,203,86.76666666666667,-0.6481330990791321,-0.718492427492104
COHFACE_s29_session0_lamp,80,204,86.8,-0.7131374478340149,-0.8482340527175349
COHFACE_s29_session0_lamp,80,205,86.83333333333333,-0.7770116329193115,-0.9888682898405524
COHFACE_s29_session0_lamp,80,206,86.86666666666666,-0.8401936888694763,-1.1247768985220548
COHFACE_s29_session0_lamp,80,207,86.9,-0.9085723757743835,-1.2353635110459813
COHFACE_s29_session0_lamp,80,208,86.93333333333334,-0.9782596826553345,-1.2981588478122712
COHFACE_s29_session0_lamp,80,209,86.96666666666667,-1.0384892225265503,-1.2929591387199852
COHFACE_s29_session0_lamp,80,210,87.0,-1.0886768102645874,-1.2068699216052123
COHFACE_s29_session0_lamp,80,211,87.03333333333333,-1.1271300315856934,-1.039054133021438
COHFACE_s29_session0_lamp,80,212,87.06666666666666,-1.1569311618804932,-0.8027309332968453
COHFACE_s29_session0_lamp,80,213,87.1,-1.1781774759292603,-0.5222526049236371
COHFACE_s29_session0_lamp,80,214,87.13333333333334,-1.188673496246338,-0.22565715282589385
COHFACE_s29_session0_lamp,80,215,87.16666666666667,-1.1901497840881348,0.06381644876773782
COHFACE_s29_session0_lamp,80,216,87.2,-1.192112684249878,0.3326464856481007
COHFACE_s29_session0_lamp,80,217,87.23333333333333,-1.207783818244934,0.5757078773053554
COHFACE_s29_session0_lamp,80,218,87.26666666666667,-1.2292951345443726,0.7900918409699189
COHFACE_s29_session0_lamp,80,219,87.3,-1.0682686567306519,0.9688207458427066
COHFACE_s29_session0_lamp,80,220,87.33333333333333,-0.22206006944179535,1.0993393919548347
COHFACE_s29_session0_lamp,80,221,87.36666666666666,1.0884368419647217,1.1682359519662782
COHFACE_s29_session0_lamp,80,222,87.4,1.9014590978622437,1.1688211849679595
COHFACE_s29_session0_lamp,80,223,87.43333333333334,1.9305139780044556,1.1058701286033144
COHFACE_s29_session0_lamp,80,224,87.46666666666667,1.6571993827819824,0.9941774366164747
COHFACE_s29_session0_lamp,80,225,87.5,1.4891104698181152,0.8522182242230318
COHFACE_s29_session0_lamp,80,226,87.53333333333333,1.4794526100158691,0.6952603879218792
COHFACE_s29_session0_lamp,80,227,87.56666666666666,1.4833135604858398,0.5319500841456353
COHFACE_s29_session0_lamp,80,228,87.6,1.3193724155426025,0.36539491502263494
COHFACE_s29_session0_lamp,80,229,87.63333333333334,1.0089564323425293,0.19675528846813173
COHFACE_s29_session0_lamp,80,230,87.66666666666667,0.7435962557792664,0.028579455793002237
COHFACE_s29_session0_lamp,80,231,87.7,0.5834619402885437,-0.13369331734339912
COHFACE_s29_session0_lamp,80,232,87.73333333333333,0.43453216552734375,-0.2820435093364869
COHFACE_s29_session0_lamp,80,233,87.76666666666667,0.24467788636684418,-0.4071107516905844
COHFACE_s29_session0_lamp,80,234,87.8,0.02624460682272911,-0.4996262305152847
COHFACE_s29_session0_lamp,80,235,87.83333333333333,-0.18080033361911774,-0.5518793845019223
COHFACE_s29_session0_lamp,80,236,87.86666666666666,-0.346834272146225,-0.5593145453256093
COHFACE_s29_session0_lamp,80,237,87.9,-0.46737974882125854,-0.5221321886115591
COHFACE_s29_session0_lamp,80,238,87.93333333333334,-0.5538846254348755,-0.44636080530731176
COHFACE_s29_session0_lamp,80,239,87.96666666666667,-0.6177912354469299,-0.34365577303713374
COHFACE_s29_session0_lamp,81,0,81.0,-0.5633857250213623,-0.20788476310449058
COHFACE_s29_session0_lamp,81,1,81.03333333333333,-0.5998814105987549,-0.1972851765969619
COHFACE_s29_session0_lamp,81,2,81.06666666666666,-0.6465432643890381,-0.19890502863325882
COHFACE_s29_session0_lamp,81,3,81.1,-0.7038580775260925,-0.22034065420265359
COHFACE_s29_session0_lamp,81,4,81.13333333333334,-0.7708524465560913,-0.25719825801825286
COHFACE_s29_session0_lamp,81,5,81.16666666666667,-0.8440384268760681,-0.29413105340166645
COHFACE_s29_session0_lamp,81,6,81.2,-0.9147207736968994,-0.3110675937998232
COHFACE_s29_session0_lamp,81,7,81.23333333333333,-0.9728034734725952,-0.2915482366656773
COHFACE_s29_session0_lamp,81,8,81.26666666666667,-1.0175024271011353,-0.22909603552082594
COHFACE_s29_session0_lamp,81,9,81.3,-1.0387433767318726,-0.12868665155033354
COHFACE_s29_session0_lamp,81,10,81.33333333333333,-1.0504993200302124,-0.0027257224093034044
COHFACE_s29_session0_lamp,81,11,81.36666666666666,-1.0731679201126099,0.1360959855635908
COHFACE_s29_session0_lamp,81,12,81.4,-1.0483471155166626,0.2803418763799235
COHFACE_s29_session0_lamp,81,13,81.43333333333334,-0.5559016466140747,0.4278410108402492
COHFACE_s29_session0_lamp,81,14,81.46666666666667,0.6872494220733643,0.5767494295551723
COHFACE_s29_session0_lamp,81,15,81.5,1.8683972358703613,0.7203018257723349
COHFACE_s29_session0_lamp,81,16,81.53333333333333,2.232872724533081,0.8455915777083232
COHFACE_s29_session0_lamp,81,17,81.56666666666666,2.006192922592163,0.9371299293691562
COHFACE_s29_session0_lamp,81,18,81.6,1.7098366022109985,0.9824991248467755
COHFACE_s29_session0_lamp,81,19,81.63333333333334,1.5883069038391113,0.9763763802496678
COHFACE_s29_session0_lamp,81,20,81.66666666666667,1.5918543338775635,0.9208746258544436
COHFACE_s29_session0_lamp,81,21,81.7,1.519901156425476,0.8229119949936917
COHFACE_s29_session0_lamp,81,22,81.73333333333333,1.249668836593628,0.6910692617481088
COHFACE_s29_session0_lamp,81,23,81.76666666666667,0.926025927066803,0.5340596507852893
COHFACE_s29_session0_lamp,81,24,81.8,0.7056027054786682,0.3609815077112312
COHFACE_s29_session0_lamp,81,25,81.83333333333333,0.5541421175003052,0.18183022926717285
COHFACE_s29_session0_lamp,81,26,81.86666666666666,0.3876160979270935,0.006824520253861031
COHFACE_s29_session0_lamp,81,27,81.9,0.18865007162094116,-0.15551353940213739
COHFACE_s29_session0_lamp,81,28,81.93333333333334,-0.02402413822710514,-0.3003093905311775
COHFACE_s29_session0_lamp,81,29,81.96666666666667,-0.227018803358078,-0.4269033119932562
COHFACE_s29_session0_lamp,81,30,82.0,-0.3855037987232208,-0.5375845588871815
COHFACE_s29_session0_lamp,81,31,82.03333333333333,-0.5027506351470947,-0.6352963446796648
COHFACE_s29_session0_lamp,81,32,82.06666666666666,-0.590223491191864,-0.7216648204342618
COHFACE_s29_session0_lamp,81,33,82.1,-0.6538597345352173,-0.7963154069276049
COHFACE_s29_session0_lamp,81,34,82.13333333333334,-0.7108446359634399,-0.8575138019794045
COHFACE_s29_session0_lamp,81,35,82.16666666666667,-0.7681162357330322,-0.9033902874411945
COHFACE_s29_session0_lamp,81,36,82.2,-0.8262583613395691,-0.9328524994675147
COHFACE_s29_session0_lamp,81,37,82.23333333333333,-0.8856118321418762,-0.9456435594386945
COHFACE_s29_session0_lamp,81,38,82.26666666666667,-0.947176992893219,-0.9415122533368843
COHFACE_s29_session0_lamp,81,39,82.3,-1.0107591152191162,-0.9189907597790218
COHFACE_s29_session0_lamp,81,40,82.33333333333333,-1.063585638999939,-0.8746661522237166
COHFACE_s29_session0_lamp,81,41,82.36666666666666,-1.1040234565734863,-0.8036906798852224
COHFACE_s29_session0_lamp,81,42,82.4,-1.1340192556381226,-0.7015146960674261
COHFACE_s29_session0_lamp,81,43,82.43333333333334,-1.1606839895248413,-0.5661021696247683
COHFACE_s29_session0_lamp,81,44,82.46666666666667,-1.1740731000900269,-0.39976822299329534
COHFACE_s29_session0_lamp,81,45,82.5,-1.1763604879379272,-0.2099445248065826
COHFACE_s29_session0_lamp,81,46,82.53333333333333,-1.1837255954742432,-0.008246747460645082
COHFACE_s29_session0_lamp,81,47,82.56666666666666,-1.1956114768981934,0.1924474346568878
COHFACE_s29_session0_lamp,81,48,82.6,-1.2177608013153076,0.38220300312130184
COHFACE_s29_session0_lamp,81,49,82.63333333333334,-1.0245376825332642,0.5574761309917687
COHFACE_s29_session0_lamp,81,50,82.66666666666667,-0.0893583670258522,0.7211424778595872
COHFACE_s29_session0_lamp,81,51,82.7,1.2746301889419556,0.8779083596473396
COHFACE_s29_session0_lamp,81,52,82.73333333333333,2.064318895339966,1.0273496776940287
COHFACE_s29_session0_lamp,81,53,82.76666666666667,2.0524654388427734,1.1593377268708376
COHFACE_s29_session0_lamp,81,54,82.8,1.7546436786651611,1.2555594086423731
COHFACE_s29_session0_lamp,81,55,82.83333333333333,1.5649787187576294,1.2968614301183643
COHFACE_s29_session0_lamp,81,56,82.86666666666666,1.5312354564666748,1.2720667683242455
COHFACE_s29_session0_lamp,81,57,82.9,1.5127794742584229,1.1827999777782106
COHFACE_s29_session0_lamp,81,58,82.93333333333334,1.3383042812347412,1.0417450341638053
COHFACE_s29_session0_lamp,81,59,82.96666666666667,1.0134987831115723,0.8660944188370201
COHFACE_s29_session0_lamp,81,60,83.0,0.730780303478241,0.6704371614267621
COHFACE_s29_session0_lamp,81,61,83.03333333333333,0.5565539002418518,0.46300941654874794
COHFACE_s29_session0_lamp,81,62,83.06666666666666,0.40761327743530273,0.24687474207623816
COHFACE_s29_session0_lamp,81,63,83.1,0.2178671658039093,0.02454548979686496
COHFACE_s29_session0_lamp,81,64,83.13333333333334,5.035179856349714e-05,-0.19758841448323985
COHFACE_s29_session0_lamp,81,65,83.16666666666667,-0.2058914452791214,-0.4083467720208504
COHFACE_s29_session0_lamp,81,66,83.2,-0.37852802872657776,-0.5948693130511548
COHFACE_s29_session0_lamp,81,67,83.23333333333333,-0.521341860294342,-0.7472813160666475
COHFACE_s29_session0_lamp,81,68,83.26666666666667,-0.6303800344467163,-0.8617160053606818
COHFACE_s29_session0_lamp,81,69,83.3,-0.7092927098274231,-0.940103019178445
COHFACE_s29_session0_lamp,81,70,83.33333333333333,-0.7693058848381042,-0.9875409662000693
COHFACE_s29_session0_lamp,81,71,83.36666666666666,-0.8242305517196655,-1.0093904362246888
COHFACE_s29_session0_lamp,81,72,83.4,-0.8824375867843628,-1.0095940222499193
COHFACE_s29_session0_lamp,81,73,83.43333333333334,-0.9433267712593079,-0.9902820260762883
COHFACE_s29_session0_lamp,81,74,83.46666666666667,-1.004697322845459,-0.951976493339398
COHFACE_s29_session0_lamp,81,75,83.5,-1.0619093179702759,-0.8938586102544455
COHFACE_s29_session0_lamp,81,76,83.53333333333333,-1.1138004064559937,-0.8140342900483404
COHFACE_s29_session0_lamp,81,77,83.56666666666666,-1.1535946130752563,-0.7100240610588681
COHFACE_s29_session0_lamp,81,78,83.6,-1.1853803396224976,-0.5796165337641607
COHFACE_s29_session0_lamp,81,79,83.63333333333334,-1.2064049243927002,-0.42192874371762756
COHFACE_s29_session0_lamp,81,80,83.66666666666667,-1.2153761386871338,-0.23830915955247256
COHFACE_s29_session0_lamp,81,81,83.7,-1.218344807624817,-0.0327402590035597
COHFACE_s29_session0_lamp,81,82,83.73333333333333,-1.2150787115097046,0.1883641378631884
COHFACE_s29_session0_lamp,81,83,83.76666666666667,-1.2153273820877075,0.4167184813855079
COHFACE_s29_session0_lamp,81,84,83.8,-1.2280622720718384,0.6425830382059202
COHFACE_s29_session0_lamp,81,85,83.83333333333333,-1.1864455938339233,0.8546997190568416
COHFACE_s29_session0_lamp,81,86,83.86666666666666,-0.6611220836639404,1.0400207616656776
COHFACE_s29_session0_lamp,81,87,83.9,0.5653087496757507,1.1840972924318305
COHFACE_s29_session0_lamp,81,88,83.93333333333334,1.6980589628219604,1.2729589634222713
COHFACE_s29_session0_lamp,81,89,83.96666666666667,2.0454139709472656,1.2963790774496617
COHFACE_s29_session0_lamp,81,90,84.0,1.8346540927886963,1.2510542675486545
COHFACE_s29_session0_lamp,81,91,84.03333333333333,1.5702348947525024,1.1417637208756588
COHFACE_s29_session0_lamp,81,92,84.06666666666666,1.4702218770980835,0.9797510669431413
COHFACE_s29_session0_lamp,81,93,84.1,1.4917385578155518,0.7793103038262706
COHFACE_s29_session0_lamp,81,94,84.13333333333334,1.438252329826355,0.5543740049685995
COHFACE_s29_session0_lamp,81,95,84.16666666666667,1.1936681270599365,0.31649073920359033
COHFACE_s29_session0_lamp,81,96,84.2,0.9286648631095886,0.07451812432307786
COHFACE_s29_session0_lamp,81,97,84.23333333333333,0.758629322052002,-0.1645105238873493
COHFACE_s29_session0_lamp,81,98,84.26666666666667,0.6248731017112732,-0.39408632500207547
COHFACE_s29_session0_lamp,81,99,84.3,0.4647766947746277,-0.6070962424277283
COHFACE_s29_session0_lamp,81,100,84.33333333333333,0.26662179827690125,-0.7954350064583297
COHFACE_s29_session0_lamp,81,101,84.36666666666666,0.05062732845544815,-0.9507961535077019
COHFACE_s29_session0_lamp,81,102,84.4,-0.14326640963554382,-1.0665415286160076
COHFACE_s29_session0_lamp,81,103,84.43333333333334,-0.29308846592903137,-1.139758487030531
COHFACE_s29_session0_lamp,81,104,84.46666666666667,-0.3957294821739197,-1.1721052161859022
COHFACE_s29_session0_lamp,81,105,84.5,-0.46361610293388367,-1.1684539139314403
COHFACE_s29_session0_lamp,81,106,84.53333333333333,-0.5197033882141113,-1.1337377707605998
COHFACE_s29_session0_lamp,81,107,84.56666666666666,-0.566743791103363,-1.0698190276698212
COHFACE_s29_session0_lamp,81,108,84.6,-0.6145683526992798,-0.9744881709570771
COHFACE_s29_session0_lamp,81,109,84.63333333333334,-0.6701851487159729,-0.8435480192068747
COHFACE_s29_session0_lamp,81,110,84.66666666666667,-0.7227737307548523,-0.6749430187530443
COHFACE_s29_session0_lamp,81,111,84.7,-0.7784987092018127,-0.47241672653377165
COHFACE_s29_session0_lamp,81,112,84.73333333333333,-0.834526538848877,-0.24630988962132366
COHFACE_s29_session0_lamp,81,113,84.76666666666667,-0.8837299942970276,-0.010753187699235658
COHFACE_s29_session0_lamp,81,114,84.8,-0.9226049780845642,0.2213120011204203
COHFACE_s29_session0_lamp,81,115,84.83333333333333,-0.9439432621002197,0.44238424885131494
COHFACE_s29_session0_lamp,81,116,84.86666666666666,-0.9554721713066101,0.6512162193548638
COHFACE_s29_session0_lamp,81,117,84.9,-0.9811851978302002,0.8494855801640167
COHFACE_s29_session0_lamp,81,118,84.93333333333334,-1.012019157409668,1.0364035659383284
COHFACE_s29_session0_lamp,81,119,84.96666666666667,-0.924497663974762,1.2047732498525956
COHFACE_s29_session0_lamp,81,120,85.0,-0.26213014125823975,1.3408362249306542
COHFACE_s29_session0_lamp,81,121,85.03333333333333,0.9665070176124573,1.427805583731601
COHFACE_s29_session0_lamp,81,122,85.06666666666666,1.8716201782226562,1.451253744578111
COHFACE_s29_session0_lamp,81,123,85.1,1.9876017570495605,1.403984312406706
COHFACE_s29_session0_lamp,81,124,85.13333333333334,1.692234992980957,1.2883673355532808
COHFACE_s29_session0_lamp,81,125,85.16666666666667,1.4268423318862915,1.1152807489708882
COHFACE_s29_session0_lamp,81,126,85.2,1.3320585489273071,0.9004477078939569
COHFACE_s29_session0_lamp,81,127,85.23333333333333,1.3055074214935303,0.6600698952963644
COHFACE_s29_session0_lamp,81,128,85.26666666666667,1.1539819240570068,0.4075140651083977
COHFACE_s29_session0_lamp,81,129,85.3,0.9073968529701233,0.15189143862973847
COHFACE_s29_session0_lamp,81,130,85.33333333333333,0.726940929889679,-0.10147094884835402
COHFACE_s29_session0_lamp,81,131,85.36666666666666,0.6094939708709717,-0.3491370306739974
COHFACE_s29_session0_lamp,81,132,85.4,0.47642457485198975,-0.5869658241892461
COHFACE_s29_session0_lamp,81,133,85.43333333333334,0.2896147668361664,-0.8078474172543938
COHFACE_s29_session0_lamp,81,134,85.46666666666667,0.06330807507038116,-1.0011128279482142
COHFACE_s29_session0_lamp,81,135,85.5,-0.1557903289794922,-1.15451708313781
COHFACE_s29_session0_lamp,81,136,85.53333333333333,-0.3314172923564911,-1.2581901247621035
COHFACE_s29_session0_lamp,81,137,85.56666666666666,-0.457035094499588,-1.3084554297168658
COHFACE_s29_session0_lamp,81,138,85.6,-0.5393274426460266,-1.3092470686921867
COHFACE_s29_session0_lamp,81,139,85.63333333333334,-0.5887147784233093,-1.2702976287942616
COHFACE_s29_session0_lamp,81,140,85.66666666666667,-0.6309532523155212,-1.203396584784542
COHFACE_s29_session0_lamp,81,141,85.7,-0.6754521131515503,-1.118980201217384
COHFACE_s29_session0_lamp,81,142,85.73333333333333,-0.7339025139808655,-1.0242213130759468
COHFACE_s29_session0_lamp,81,143,85.76666666666667,-0.7954027652740479,-0.9222185263191089
COHFACE_s29_session0_lamp,81,144,85.8,-0.8570490479469299,-0.811622759032151
COHFACE_s29_session0_lamp,81,145,85.83333333333333,-0.9199606776237488,-0.686757550681413
COHFACE_s29_session0_lamp,81,146,85.86666666666666,-0.9723438024520874,-0.5387830758980489
COHFACE_s29_session0_lamp,81,147,85.9,-1.0153177976608276,-0.3582332821780416
COHFACE_s29_session0_lamp,81,148,85.93333333333334,-1.042463779449463,-0.1385196650060285
COHFACE_s29_session0_lamp,81,149,85.96666666666667,-1.0530409812927246,0.12068700355055265
COHFACE_s29_session0_lamp,81,150,86.0,-1.0645860433578491,0.4114096561650592
COHFACE_s29_session0_lamp,81,151,86.03333333333333,-1.089552879333496,0.7174000156229281
COHFACE_s29_session0_lamp,81,152,86.06666666666666,-1.0851672887802124,1.0162518866280694
COHFACE_s29_session0_lamp,81,153,86.1,-0.7066646218299866,1.2829394050384875
COHFACE_s29_session0_lamp,81,154,86.13333333333334,0.430681973695755,1.4938378500439817
COHFACE_s29_session0_lamp,81,155,86.16666666666667,1.6649645566940308,1.63032802850317
COHFACE_s29_session0_lamp,81,156,86.2,2.137385845184326,1.6813174846971781
COHFACE_s29_session0_lamp,81,157,86.23333333333333,1.968788743019104,1.6443651534766184
COHFACE_s29_session0_lamp,81,158,86.26666666666667,1.7126917839050293,1.525494231900016
COHFACE_s29_session0_lamp,81,159,86.3,1.6150473356246948,1.3380395082215957
COHFACE_s29_session0_lamp,81,160,86.33333333333333,1.6152690649032593,1.1008552868006034
COHFACE_s29_session0_lamp,81,161,86.36666666666666,1.5421695709228516,0.8359364940820362
COHFACE_s29_session0_lamp,81,162,86.4,1.2804865837097168,0.565278180251853
COHFACE_s29_session0_lamp,81,163,86.43333333333334,0.9549131989479065,0.3071710725145329
COHFACE_s29_session0_lamp,81,164,86.46666666666667,0.7292662262916565,0.07310113660771003
COHFACE_s29_session0_lamp,81,165,86.5,0.5773946642875671,-0.1331450435638326
COHFACE_s29_session0_lamp,81,166,86.53333333333333,0.41237735748291016,-0.3135577536778984
COHFACE_s29_session0_lamp,81,167,86.56666666666666,0.21019382774829865,-0.4722999870093292
COHFACE_s29_session0_lamp,81,168,86.6,-0.010954047553241253,-0.612658160500826
COHFACE_s29_session0_lamp,81,169,86.63333333333334,-0.2099146693944931,-0.7362336375003787
COHFACE_s29_session0_lamp,81,170,86.66666666666667,-0.37006518244743347,-0.8440906746267544
COHFACE_s29_session0_lamp,81,171,86.7,-0.4950070381164551,-0.9380221861691267
COHFACE_s29_session0_lamp,81,172,86.73333333333333,-0.5839506983757019,-1.0204287834876415
COHFACE_s29_session0_lamp,81,173,86.76666666666667,-0.6481330990791321,-1.0928191281670898
COHFACE_s29_session0_lamp,81,174,86.8,-0.7131374478340149,-1.1540729045050409
COHFACE_s29_session0_lamp,81,175,86.83333333333333,-0.7770116329193115,-1.1996114237610402
COHFACE_s29_session0_lamp,81,176,86.86666666666666,-0.8401936888694763,-1.2217511730670105
COHFACE_s29_session0_lamp,81,177,86.9,-0.9085723757743835,-1.2108220763978208
COHFACE_s29_session0_lamp,81,178,86.93333333333334,-0.9782596826553345,-1.1568071477758084
COHFACE_s29_session0_lamp,81,179,86.96666666666667,-1.0384892225265503,-1.051660418816255
COHFACE_s29_session0_lamp,81,180,87.0,-1.0886768102645874,-0.8921968450893684
COHFACE_s29_session0_lamp,81,181,87.03333333333333,-1.1271300315856934,-0.6825825615973687
COHFACE_s29_session0_lamp,81,182,87.06666666666666,-1.1569311618804932,-0.43477228617213837
COHFACE_s29_session0_lamp,81,183,87.1,-1.1781774759292603,-0.1657051609214935
COHFACE_s29_session0_lamp,81,184,87.13333333333334,-1.188673496246338,0.10807617048567164
COHFACE_s29_session0_lamp,81,185,87.16666666666667,-1.1901497840881348,0.37559246925936723
COHFACE_s29_session0_lamp,81,186,87.2,-1.192112684249878,0.6328736364579308
COHFACE_s29_session0_lamp,81,187,87.23333333333333,-1.207783818244934,0.8790480036879789
COHFACE_s29_session0_lamp,81,188,87.26666666666667,-1.2292951345443726,1.1092937616875294
COHFACE_s29_session0_lamp,81,189,87.3,-1.0682686567306519,1.3096976255297783
COHFACE_s29_session0_lamp,81,190,87.33333333333333,-0.22206006944179535,1.4582536576584675
COHFACE_s29_session0_lamp,81,191,87.36666666666666,1.0884368419647217,1.5322768550109533
COHFACE_s29_session0_lamp,81,192,87.4,1.9014590978622437,1.5181049153083286
COHFACE_s29_session0_lamp,81,193,87.43333333333334,1.9305139780044556,1.4173094517441287
COHFACE_s29_session0_lamp,81,194,87.46666666666667,1.6571993827819824,1.2460708089323196
COHFACE_s29_session0_lamp,81,195,87.5,1.4891104698181152,1.0287053135321313
COHFACE_s29_session0_lamp,81,196,87.53333333333333,1.4794526100158691,0.789342030901915
COHFACE_s29_session0_lamp,81,197,87.56666666666666,1.4833135604858398,0.5459712849937651
COHFACE_s29_session0_lamp,81,198,87.6,1.3193724155426025,0.3089391882919998
COHFACE_s29_session0_lamp,81,199,87.63333333333334,1.0089564323425293,0.08312824897102732
COHFACE_s29_session0_lamp,81,200,87.66666666666667,0.7435962557792664,-0.12865616745703096
COHFACE_s29_session0_lamp,81,201,87.7,0.5834619402885437,-0.32341016220806884
COHFACE_s29_session0_lamp,81,202,87.73333333333333,0.43453216552734375,-0.49751278647022484
COHFACE_s29_session0_lamp,81,203,87.76666666666667,0.24467788636684418,-0.6474193759731623
COHFACE_s29_session0_lamp,81,204,87.8,0.02624460682272911,-0.7704555467228136
COHFACE_s29_session0_lamp,81,205,87.83333333333333,-0.18080033361911774,-0.8652981962493724
COHFACE_s29_session0_lamp,81,206,87.86666666666666,-0.346834272146225,-0.932233950511146
COHFACE_s29_session0_lamp,81,207,87.9,-0.46737974882125854,-0.973281763502767
COHFACE_s29_session0_lamp,81,208,87.93333333333334,-0.5538846254348755,-0.991913994083273
COHFACE_s29_session0_lamp,81,209,87.96666666666667,-0.6177912354469299,-0.9919219557583885
COHFACE_s29_session0_lamp,81,210,88.0,-0.6710233092308044,-0.9753415908730702
COHFACE_s29_session0_lamp,81,211,88.03333333333333,-0.722362756729126,-0.9401305442802915
COHFACE_s29_session0_lamp,81,212,88.06666666666666,-0.7747945785522461,-0.8789569232694531
COHFACE_s29_session0_lamp,81,213,88.1,-0.8307844996452332,-0.7804838035946358
COHFACE_s29_session0_lamp,81,214,88.13333333333334,-0.886747419834137,-0.6336474350977515
COHFACE_s29_session0_lamp,81,215,88.16666666666667,-0.9392386674880981,-0.4338677654805787
COHFACE_s29_session0_lamp,81,216,88.2,-0.9818989634513855,-0.18860283318855614
COHFACE_s29_session0_lamp,81,217,88.23333333333333,-1.0145227909088135,0.08087186012176381
COHFACE_s29_session0_lamp,81,218,88.26666666666667,-1.038727045059204,0.3434193657728843
COHFACE_s29_session0_lamp,81,219,88.3,-1.05282461643219,0.566927074767256
COHFACE_s29_session0_lamp,81,220,88.33333333333333,-1.0610982179641724,0.7282154948915016
COHFACE_s29_session0_lamp,81,221,88.36666666666666,-1.0639371871948242,0.8190499257052696
COHFACE_s29_session0_lamp,81,222,88.4,-1.062606930732727,0.8456474095184489
COHFACE_s29_session0_lamp,81,223,88.43333333333334,-1.057723879814148,0.8228209589618748
COHFACE_s29_session0_lamp,81,224,88.46666666666667,-1.0560961961746216,0.7663655231127433
COHFACE_s29_session0_lamp,81,225,88.5,-1.0661271810531616,0.6874786404337199
COHFACE_s29_session0_lamp,81,226,88.53333333333333,-0.9936820864677429,0.591354196182294
COHFACE_s29_session0_lamp,81,227,88.56666666666666,-0.3893864154815674,0.4796183851743478
COHFACE_s29_session0_lamp,81,228,88.6,0.8198592066764832,0.3542672903055676
COHFACE_s29_session0_lamp,81,229,88.63333333333334,1.7907500267028809,0.22034879230341842
COHFACE_s29_session0_lamp,81,230,88.66666666666667,1.9868500232696533,0.08601207437138751
COHFACE_s29_session0_lamp,81,231,88.7,1.730244755744934,-0.03946906845575747
COHFACE_s29_session0_lamp,81,232,88.73333333333333,1.476072907447815,-0.14797793018071223
COHFACE_s29_session0_lamp,81,233,88.76666666666667,1.3972737789154053,-0.23371799569001667
COHFACE_s29_session0_lamp,81,234,88.8,1.4109008312225342,-0.293084307600905
COHFACE_s29_session0_lamp,81,235,88.83333333333333,1.3029279708862305,-0.3241100758508994
COHFACE_s29_session0_lamp,81,236,88.86666666666666,1.0486479997634888,-0.32634327784110045
COHFACE_s29_session0_lamp,81,237,88.9,0.835708737373352,-0.30129802344365914
COHFACE_s29_session0_lamp,81,238,88.93333333333334,0.7107290625572205,-0.25301871591588404
COHFACE_s29_session0_lamp,81,239,88.96666666666667,0.5794116854667664,-0.1881276809941635
COHFACE_s29_session0_lamp,82,0,82.0,-0.3855037987232208,-0.0069129462353253275
COHFACE_s29_session0_lamp,82,1,82.03333333333333,-0.5027506351470947,-0.043661238665339136
COHFACE_s29_session0_lamp,82,2,82.06666666666666,-0.590223491191864,-0.09411816092727596
COHFACE_s29_session0_lamp,82,3,82.1,-0.6538597345352173,-0.1657636592623572
COHFACE_s29_session0_lamp,82,4,82.13333333333334,-0.7108446359634399,-0.25989474805684304
COHFACE_s29_session0_lamp,82,5,82.16666666666667,-0.7681162357330322,-0.3714129974487493
COHFACE_s29_session0_lamp,82,6,82.2,-0.8262583613395691,-0.49087183272703816
COHFACE_s29_session0_lamp,82,7,82.23333333333333,-0.8856118321418762,-0.6073980389581233
COHFACE_s29_session0_lamp,82,8,82.26666666666667,-0.947176992893219,-0.7107445876000706
COHFACE_s29_session0_lamp,82,9,82.3,-1.0107591152191162,-0.7916475678757816
COHFACE_s29_session0_lamp,82,10,82.33333333333333,-1.063585638999939,-0.8411351676427529
COHFACE_s29_session0_lamp,82,11,82.36666666666666,-1.1040234565734863,-0.8502741800493495
COHFACE_s29_session0_lamp,82,12,82.4,-1.1340192556381226,-0.8113542259507365
COHFACE_s29_session0_lamp,82,13,82.43333333333334,-1.1606839895248413,-0.7203208457995948
COHFACE_s29_session0_lamp,82,14,82.46666666666667,-1.1740731000900269,-0.5793664160006212
COHFACE_s29_session0_lamp,82,15,82.5,-1.1763604879379272,-0.39828146812899723
COHFACE_s29_session0_lamp,82,16,82.53333333333333,-1.1837255954742432,-0.19339224478443395
COHFACE_s29_session0_lamp,82,17,82.56666666666666,-1.1956114768981934,0.016339356681326366
COHFACE_s29_session0_lamp,82,18,82.6,-1.2177608013153076,0.2151935772907791
COHFACE_s29_session0_lamp,82,19,82.63333333333334,-1.0245376825332642,0.3959750418214476
COHFACE_s29_session0_lamp,82,20,82.66666666666667,-0.0893583670258522,0.5609864002977204
COHFACE_s29_session0_lamp,82,21,82.7,1.2746301889419556,0.7166694746842798
COHFACE_s29_session0_lamp,82,22,82.73333333333333,2.064318895339966,0.8646417468192626
COHFACE_s29_session0_lamp,82,23,82.76666666666667,2.0524654388427734,0.9953718612564393
COHFACE_s29_session0_lamp,82,24,82.8,1.7546436786651611,1.0891891006681433
COHFACE_s29_session0_lamp,82,25,82.83333333333333,1.5649787187576294,1.124242478709621
COHFACE_s29_session0_lamp,82,26,82.86666666666666,1.5312354564666748,1.0865364047207315
COHFACE_s29_session0_lamp,82,27,82.9,1.5127794742584229,0.9762183811075008
COHFACE_s29_session0_lamp,82,28,82.93333333333334,1.3383042812347412,0.8072514296050614
COHFACE_s29_session0_lamp,82,29,82.96666666666667,1.0134987831115723,0.6018440494565734
COHFACE_s29_session0_lamp,82,30,83.0,0.730780303478241,0.38343192559440814
COHFACE_s29_session0_lamp,82,31,83.03333333333333,0.5565539002418518,0.17165910579988242
COHFACE_s29_session0_lamp,82,32,83.06666666666666,0.40761327743530273,-0.019388258588121786
COHFACE_s29_session0_lamp,82,33,83.1,0.2178671658039093,-0.1806679004762472
COHFACE_s29_session0_lamp,82,34,83.13333333333334,5.035179856349714e-05,-0.30715952898422877
COHFACE_s29_session0_lamp,82,35,83.16666666666667,-0.2058914452791214,-0.3974450200764642
COHFACE_s29_session0_lamp,82,36,83.2,-0.37852802872657776,-0.4537875819699407
COHFACE_s29_session0_lamp,82,37,83.23333333333333,-0.521341860294342,-0.48188858420674163
COHFACE_s29_session0_lamp,82,38,83.26666666666667,-0.6303800344467163,-0.4897795790627224
COHFACE_s29_session0_lamp,82,39,83.3,-0.7092927098274231,-0.4861005094529866
COHFACE_s29_session0_lamp,82,40,83.33333333333333,-0.7693058848381042,-0.47850950099773626
COHFACE_s29_session0_lamp,82,41,83.36666666666666,-0.8242305517196655,-0.47279369102688473
COHFACE_s29_session0_lamp,82,42,83.4,-0.8824375867843628,-0.47260423141939634
COHFACE_s29_session0_lamp,82,43,83.43333333333334,-0.9433267712593079,-0.47929213565460993
COHFACE_s29_session0_lamp,82,44,83.46666666666667,-1.004697322845459,-0.491535536901298
COHFACE_s29_session0_lamp,82,45,83.5,-1.0619093179702759,-0.5049847142864464
COHFACE_s29_session0_lamp,82,46,83.53333333333333,-1.1138004064559937,-0.5124392359647089
COHFACE_s29_session0_lamp,82,47,83.56666666666666,-1.1535946130752563,-0.5049667541392217
COHFACE_s29_session0_lamp,82,48,83.6,-1.1853803396224976,-0.4740016651345282
COHFACE_s29_session0_lamp,82,49,83.63333333333334,-1.2064049243927002,-0.41396700900290384
COHFACE_s29_session0_lamp,82,50,83.66666666666667,-1.2153761386871338,-0.3245350984436565
COHFACE_s29_session0_lamp,82,51,83.7,-1.218344807624817,-0.21153743396164737
COHFACE_s29_session0_lamp,82,52,83.73333333333333,-1.2150787115097046,-0.08589479748974696
COHFACE_s29_session0_lamp,82,53,83.76666666666667,-1.2153273820877075,0.03936398892196596
COHFACE_s29_session0_lamp,82,54,83.8,-1.2280622720718384,0.15315024832167745
COHFACE_s29_session0_lamp,82,55,83.83333333333333,-1.1864455938339233,0.24995062541314136
COHFACE_s29_session0_lamp,82,56,83.86666666666666,-0.6611220836639404,0.3313524169484099
COHFACE_s29_session0_lamp,82,57,83.9,0.5653087496757507,0.40435163016683107
COHFACE_s29_session0_lamp,82,58,83.93333333333334,1.6980589628219604,0.4767647660827742
COHFACE_s29_session0_lamp,82,59,83.96666666666667,2.0454139709472656,0.5516434662665396
COHFACE_s29_session0_lamp,82,60,84.0,1.8346540927886963,0.6234059658914428
COHFACE_s29_session0_lamp,82,61,84.03333333333333,1.5702348947525024,0.6779170912372949
COHFACE_s29_session0_lamp,82,62,84.06666666666666,1.4702218770980835,0.6970156158117095
COHFACE_s29_session0_lamp,82,63,84.1,1.4917385578155518,0.6656698947205945
COHFACE_s29_session0_lamp,82,64,84.13333333333334,1.438252329826355,0.5782208230026334
COHFACE_s29_session0_lamp,82,65,84.16666666666667,1.1936681270599365,0.4404265425091396
COHFACE_s29_session0_lamp,82,66,84.2,0.9286648631095886,0.26654375268073655
COHFACE_s29_session0_lamp,82,67,84.23333333333333,0.758629322052002,0.07372579937789994
COHFACE_s29_session0_lamp,82,68,84.26666666666667,0.6248731017112732,-0.12261738594896705
COHFACE_s29_session0_lamp,82,69,84.3,0.4647766947746277,-0.31008693373639934
COHFACE_s29_session0_lamp,82,70,84.33333333333333,0.26662179827690125,-0.477738082237219
COHFACE_s29_session0_lamp,82,71,84.36666666666666,0.05062732845544815,-0.6144171491390483
COHFACE_s29_session0_lamp,82,72,84.4,-0.14326640963554382,-0.7092568534716011
COHFACE_s29_session0_lamp,82,73,84.43333333333334,-0.29308846592903137,-0.7543885658059547
COHFACE_s29_session0_lamp,82,74,84.46666666666667,-0.3957294821739197,-0.7479936212368027
COHFACE_s29_session0_lamp,82,75,84.5,-0.46361610293388367,-0.6953375328030594
COHFACE_s29_session0_lamp,82,76,84.53333333333333,-0.5197033882141113,-0.6065821811885326
COHFACE_s29_session0_lamp,82,77,84.56666666666666,-0.566743791103363,-0.4923012804303569
COHFACE_s29_session0_lamp,82,78,84.6,-0.6145683526992798,-0.3594487631933329
COHFACE_s29_session0_lamp,82,79,84.63333333333334,-0.6701851487159729,-0.2105466774176908
COHFACE_s29_session0_lamp,82,80,84.66666666666667,-0.7227737307548523,-0.046658061227032234
COHFACE_s29_session0_lamp,82,81,84.7,-0.7784987092018127,0.12810049360133063
COHFACE_s29_session0_lamp,82,82,84.73333333333333,-0.834526538848877,0.304003747069004
COHFACE_s29_session0_lamp,82,83,84.76666666666667,-0.8837299942970276,0.46727219199293446
COHFACE_s29_session0_lamp,82,84,84.8,-0.9226049780845642,0.6047251457822853
COHFACE_s29_session0_lamp,82,85,84.83333333333333,-0.9439432621002197,0.7081453771014565
COHFACE_s29_session0_lamp,82,86,84.86666666666666,-0.9554721713066101,0.7754457956924755
COHFACE_s29_session0_lamp,82,87,84.9,-0.9811851978302002,0.8084297727035781
COHFACE_s29_session0_lamp,82,88,84.93333333333334,-1.012019157409668,0.8095878153265611
COHFACE_s29_session0_lamp,82,89,84.96666666666667,-0.924497663974762,0.7807432727692766
COHFACE_s29_session0_lamp,82,90,85.0,-0.26213014125823975,0.7240776956456899
COHFACE_s29_session0_lamp,82,91,85.03333333333333,0.9665070176124573,0.6437004050918488
COHFACE_s29_session0_lamp,82,92,85.06666666666666,1.8716201782226562,0.545889721214778
COHFACE_s29_session0_lamp,82,93,85.1,1.9876017570495605,0.4376827154290118
COHFACE_s29_session0_lamp,82,94,85.13333333333334,1.692234992980957,0.3247226737460452
COHFACE_s29_session0_lamp,82,95,85.16666666666667,1.4268423318862915,0.20956200659372373
COHFACE_s29_session0_lamp,82,96,85.2,1.3320585489273071,0.0912280955572915
COHFACE_s29_session0_lamp,82,97,85.23333333333333,1.3055074214935303,-0.03380920749310621
COHFACE_s29_session0_lamp,82,98,85.26666666666667,1.1539819240570068,-0.16970711445596187
COHFACE_s29_session0_lamp,82,99,85.3,0.9073968529701233,-0.31905867103720864
COHFACE_s29_session0_lamp,82,100,85.33333333333333,0.726940929889679,-0.481049603210565
COHFACE_s29_session0_lamp,82,101,85.36666666666666,0.6094939708709717,-0.6502300192024736
COHFACE_s29_session0_lamp,82,102,85.4,0.47642457485198975,-0.8159006715917192
COHFACE_s29_session0_lamp,82,103,85.43333333333334,0.2896147668361664,-0.9624394421836834
COHFACE_s29_session0_lamp,82,104,85.46666666666667,0.06330807507038116,-1.0716055077785722
COHFACE_s29_session0_lamp,82,105,85.5,-0.1557903289794922,-1.1274277913382176
COHFACE_s29_session0_lamp,82,106,85.53333333333333,-0.3314172923564911,-1.12210385500344
COHFACE_s29_session0_lamp,82,107,85.56666666666666,-0.457035094499588,-1.0595961854723703
COHFACE_s29_session0_lamp,82,108,85.6,-0.5393274426460266,-0.9544983876408892
COHFACE_s29_session0_lamp,82,109,85.63333333333334,-0.5887147784233093,-0.8265757346355218
COHFACE_s29_session0_lamp,82,110,85.66666666666667,-0.6309532523155212,-0.6939358270307675
COHFACE_s29_session0_lamp,82,111,85.7,-0.6754521131515503,-0.568202816659977
COHFACE_s29_session0_lamp,82,112,85.73333333333333,-0.7339025139808655,-0.4531032748346392
COHFACE_s29_session0_lamp,82,113,85.76666666666667,-0.7954027652740479,-0.34549063273104125
COHFACE_s29_session0_lamp,82,114,85.8,-0.8570490479469299,-0.23709577699533932
COHFACE_s29_session0_lamp,82,115,85.83333333333333,-0.9199606776237488,-0.11621753696425582
COHFACE_s29_session0_lamp,82,116,85.86666666666666,-0.9723438024520874,0.030112698090496964
COHFACE_s29_session0_lamp,82,117,85.9,-1.0153177976608276,0.21256281939186286
COHFACE_s29_session0_lamp,82,118,85.93333333333334,-1.042463779449463,0.4346415784764006
COHFACE_s29_session0_lamp,82,119,85.96666666666667,-1.0530409812927246,0.6883243571487417
COHFACE_s29_session0_lamp,82,120,86.0,-1.0645860433578491,0.952808903145784
COHFACE_s29_session0_lamp,82,121,86.03333333333333,-1.089552879333496,1.198124071721944
COHFACE_s29_session0_lamp,82,122,86.06666666666666,-1.0851672887802124,1.3927825237895215
COHFACE_s29_session0_lamp,82,123,86.1,-0.7066646218299866,1.512252298149565
COHFACE_s29_session0_lamp,82,124,86.13333333333334,0.430681973695755,1.544517722630121
COHFACE_s29_session0_lamp,82,125,86.16666666666667,1.6649645566940308,1.4907486998105803
COHFACE_s29_session0_lamp,82,126,86.2,2.137385845184326,1.3619683231609654
COHFACE_s29_session0_lamp,82,127,86.23333333333333,1.968788743019104,1.1745113000113585
COHFACE_s29_session0_lamp,82,128,86.26666666666667,1.7126917839050293,0.9466674149710638
COHFACE_s29_session0_lamp,82,129,86.3,1.6150473356246948,0.6970508633791616
COHFACE_s29_session0_lamp,82,130,86.33333333333333,1.6152690649032593,0.4436760419209429
COHFACE_s29_session0_lamp,82,131,86.36666666666666,1.5421695709228516,0.2025117285489863
COHFACE_s29_session0_lamp,82,132,86.4,1.2804865837097168,-0.014628966551565132
COHFACE_s29_session0_lamp,82,133,86.43333333333334,0.9549131989479065,-0.2017767410833427
COHFACE_s29_session0_lamp,82,134,86.46666666666667,0.7292662262916565,-0.3587742311041174
COHFACE_s29_session0_lamp,82,135,86.5,0.5773946642875671,-0.48912604861285974
COHFACE_s29_session0_lamp,82,136,86.53333333333333,0.41237735748291016,-0.5966734578175094
COHFACE_s29_session0_lamp,82,137,86.56666666666666,0.21019382774829865,-0.6829645943125876
COHFACE_s29_session0_lamp,82,138,86.6,-0.010954047553241253,-0.7470280401476704
COHFACE_s29_session0_lamp,82,139,86.63333333333334,-0.2099146693944931,-0.7878108470763924
COHFACE_s29_session0_lamp,82,140,86.66666666666667,-0.37006518244743347,-0.8075165620881369
COHFACE_s29_session0_lamp,82,141,86.7,-0.4950070381164551,-0.8131520284498072
COHFACE_s29_session0_lamp,82,142,86.73333333333333,-0.5839506983757019,-0.8148113826325394
COHFACE_s29_session0_lamp,82,143,86.76666666666667,-0.6481330990791321,-0.8216196284073988
COHFACE_s29_session0_lamp,82,144,86.8,-0.7131374478340149,-0.8379234351566691
COHFACE_s29_session0_lamp,82,145,86.83333333333333,-0.7770116329193115,-0.8618744792119708
COHFACE_s29_session0_lamp,82,146,86.86666666666666,-0.8401936888694763,-0.8863079406825809
COHFACE_s29_session0_lamp,82,147,86.9,-0.9085723757743835,-0.90026637945854
COHFACE_s29_session0_lamp,82,148,86.93333333333334,-0.9782596826553345,-0.8903742539412787
COHFACE_s29_session0_lamp,82,149,86.96666666666667,-1.0384892225265503,-0.8428560495254268
COHFACE_s29_session0_lamp,82,150,87.0,-1.0886768102645874,-0.7469872513595593
COHFACE_s29_session0_lamp,82,151,87.03333333333333,-1.1271300315856934,-0.5992061755034197
COHFACE_s29_session0_lamp,82,152,87.06666666666666,-1.1569311618804932,-0.4055714679290269
COHFACE_s29_session0_lamp,82,153,87.1,-1.1781774759292603,-0.1803715589847849
COHFACE_s29_session0_lamp,82,154,87.13333333333334,-1.188673496246338,0.059063548581068194
COHFACE_s29_session0_lamp,82,155,87.16666666666667,-1.1901497840881348,0.2984740913023549
COHFACE_s29_session0_lamp,82,156,87.2,-1.192112684249878,0.5296709650502924
COHFACE_s29_session0_lamp,82,157,87.23333333333333,-1.207783818244934,0.7482203927356996
COHFACE_s29_session0_lamp,82,158,87.26666666666667,-1.2292951345443726,0.9476660113598565
COHFACE_s29_session0_lamp,82,159,87.3,-1.0682686567306519,1.1151708568659613
COHFACE_s29_session0_lamp,82,160,87.33333333333333,-0.22206006944179535,1.2326882597369286
COHFACE_s29_session0_lamp,82,161,87.36666666666666,1.0884368419647217,1.2837308146902293
COHFACE_s29_session0_lamp,82,162,87.4,1.9014590978622437,1.2614185642910927
COHFACE_s29_session0_lamp,82,163,87.43333333333334,1.9305139780044556,1.1722144163426047
COHFACE_s29_session0_lamp,82,164,87.46666666666667,1.6571993827819824,1.032896170048731
COHFACE_s29_session0_lamp,82,165,87.5,1.4891104698181152,0.8631040357228955
COHFACE_s29_session0_lamp,82,166,87.53333333333333,1.4794526100158691,0.6784079107342026
COHFACE_s29_session0_lamp,82,167,87.56666666666666,1.4833135604858398,0.48774567550815406
COHFACE_s29_session0_lamp,82,168,87.6,1.3193724155426025,0.29543039712157365
COHFACE_s29_session0_lamp,82,169,87.63333333333334,1.0089564323425293,0.10483292202190957
COHFACE_s29_session0_lamp,82,170,87.66666666666667,0.7435962557792664,-0.0793075082586874
COHFACE_s29_session0_lamp,82,171,87.7,0.5834619402885437,-0.25097109731017153
COHFACE_s29_session0_lamp,82,172,87.73333333333333,0.43453216552734375,-0.40434795547420954
COHFACE_s29_session0_lamp,82,173,87.76666666666667,0.24467788636684418,-0.5350575290445467
COHFACE_s29_session0_lamp,82,174,87.8,0.02624460682272911,-0.640213790601794
COHFACE_s29_session0_lamp,82,175,87.83333333333333,-0.18080033361911774,-0.7177235462508875
COHFACE_s29_session0_lamp,82,176,87.86666666666666,-0.346834272146225,-0.7658186625500515
COHFACE_s29_session0_lamp,82,177,87.9,-0.46737974882125854,-0.7834814679858653
COHFACE_s29_session0_lamp,82,178,87.93333333333334,-0.5538846254348755,-0.7715213304268926
COHFACE_s29_session0_lamp,82,179,87.96666666666667,-0.6177912354469299,-0.7332772674728077
COHFACE_s29_session0_lamp,82,180,88.0,-0.6710233092308044,-0.6738684491394288
COHFACE_s29_session0_lamp,82,181,88.03333333333333,-0.722362756729126,-0.5978112187234638
COHFACE_s29_session0_lamp,82,182,88.06666666666666,-0.7747945785522461,-0.5062419046515182
COHFACE_s29_session0_lamp,82,183,88.1,-0.8307844996452332,-0.3958442975743004
COHFACE_s29_session0_lamp,82,184,88.13333333333334,-0.886747419834137,-0.2610042866230371
COHFACE_s29_session0_lamp,82,185,88.16666666666667,-0.9392386674880981,-0.09885799956518612
COHFACE_s29_session0_lamp,82,186,88.2,-0.9818989634513855,0.08521119472962939
COHFACE_s29_session0_lamp,82,187,88.23333333333333,-1.0145227909088135,0.275028123432638
COHFACE_s29_session0_lamp,82,188,88.26666666666667,-1.038727045059204,0.44632778926596817
COHFACE_s29_session0_lamp,82,189,88.3,-1.05282461643219,0.574166475508869
COHFACE_s29_session0_lamp,82,190,88.33333333333333,-1.0610982179641724,0.6415058827075718
COHFACE_s29_session0_lamp,82,191,88.36666666666666,-1.0639371871948242,0.6445540425699354
COHFACE_s29_session0_lamp,82,192,88.4,-1.062606930732727,0.5926282580322817
COHFACE_s29_session0_lamp,82,193,88.43333333333334,-1.057723879814148,0.5035546136646349
COHFACE_s29_session0_lamp,82,194,88.46666666666667,-1.0560961961746216,0.3974154602106171
COHFACE_s29_session0_lamp,82,195,88.5,-1.0661271810531616,0.29132301193784743
COHFACE_s29_session0_lamp,82,196,88.53333333333333,-0.9936820864677429,0.19666398730483806
COHFACE_s29_session0_lamp,82,197,88.56666666666666,-0.3893864154815674,0.1188490120159466
COHFACE_s29_session0_lamp,82,198,88.6,0.8198592066764832,0.05866482979856966
COHFACE_s29_session0_lamp,82,199,88.63333333333334,1.7907500267028809,0.014060338241962005
COHFACE_s29_session0_lamp,82,200,88.66666666666667,1.9868500232696533,-0.018530986986931862
COHFACE_s29_session0_lamp,82,201,88.7,1.730244755744934,-0.04363666842276844
COHFACE_s29_session0_lamp,82,202,88.73333333333333,1.476072907447815,-0.0666326615022996
COHFACE_s29_session0_lamp,82,203,88.76666666666667,1.3972737789154053,-0.09341109203961744
COHFACE_s29_session0_lamp,82,204,88.8,1.4109008312225342,-0.12932409687372154
COHFACE_s29_session0_lamp,82,205,88.83333333333333,1.3029279708862305,-0.17746892836550549
COHFACE_s29_session0_lamp,82,206,88.86666666666666,1.0486479997634888,-0.23702390721520353
COHFACE_s29_session0_lamp,82,207,88.9,0.835708737373352,-0.3025850144844036
COHFACE_s29_session0_lamp,82,208,88.93333333333334,0.7107290625572205,-0.3650599462257738
COHFACE_s29_session0_lamp,82,209,88.96666666666667,0.5794116854667664,-0.4139767944351272
COHFACE_s29_session0_lamp,82,210,89.0,0.40437957644462585,-0.4405047962429898
COHFACE_s29_session0_lamp,82,211,89.03333333333333,0.19830258190631866,-0.4401666303253916
COHFACE_s29_session0_lamp,82,212,89.06666666666666,-0.00039847628795541823,-0.4141473020937605
COHFACE_s29_session0_lamp,82,213,89.1,-0.1583535224199295,-0.36844476265949194
COHFACE_s29_session0_lamp,82,214,89.13333333333334,-0.2776336371898651,-0.31096990094350957
COHFACE_s29_session0_lamp,82,215,89.16666666666667,-0.3674965798854828,-0.24788611479492242
COHFACE_s29_session0_lamp,82,216,89.2,-0.4259631931781769,-0.1813168145870032
COHFACE_s29_session0_lamp,82,217,89.23333333333333,-0.4776487350463867,-0.10997688438934286
COHFACE_s29_session0_lamp,82,218,89.26666666666667,-0.5309889912605286,-0.03216332192276806
COHFACE_s29_session0_lamp,82,219,89.3,-0.5872979760169983,0.05134603698990423
COHFACE_s29_session0_lamp,82,220,89.33333333333333,-0.6456618309020996,0.1367768718416465
COHFACE_s29_session0_lamp,82,221,89.36666666666666,-0.7109690308570862,0.2194043357019418
COHFACE_s29_session0_lamp,82,222,89.4,-0.7710200548171997,0.29594348439165935
COHFACE_s29_session0_lamp,82,223,89.43333333333334,-0.8220674991607666,0.3646810781325423
COHFACE_s29_session0_lamp,82,224,89.46666666666667,-0.8710924983024597,0.4231044611507578
COHFACE_s29_session0_lamp,82,225,89.5,-0.8987089395523071,0.46549230532180585
COHFACE_s29_session0_lamp,82,226,89.53333333333333,-0.9165160655975342,0.48324662846574634
COHFACE_s29_session0_lamp,82,227,89.56666666666666,-0.9439703226089478,0.4684985131127311
COHFACE_s29_session0_lamp,82,228,89.6,-0.9711595177650452,0.4185999915925975
COHFACE_s29_session0_lamp,82,229,89.63333333333334,-0.8687996864318848,0.3381307055587218
COHFACE_s29_session0_lamp,82,230,89.66666666666667,-0.18242259323596954,0.23710371675246272
COHFACE_s29_session0_lamp,82,231,89.7,1.0167053937911987,0.12710971568580942
COHFACE_s29_session0_lamp,82,232,89.73333333333333,1.8495789766311646,0.018411413032857225
COHFACE_s29_session0_lamp,82,233,89.76666666666667,1.929329752922058,-0.0803453846199823
COHFACE_s29_session0_lamp,82,234,89.8,1.6530084609985352,-0.16085131456373888
COHFACE_s29_session0_lamp,82,235,89.83333333333333,1.4346293210983276,-0.21476195925378094
COHFACE_s29_session0_lamp,82,236,89.86666666666666,1.3793476819992065,-0.23540627119625024
COHFACE_s29_session0_lamp,82,237,89.9,1.363481879234314,-0.22054010492237125
COHFACE_s29_session0_lamp,82,238,89.93333333333334,1.2058730125427246,-0.1743491641301828
COHFACE_s29_session0_lamp,82,239,89.96666666666667,0.9236952662467957,-0.10747451365780021
COHFACE_s29_session0_lamp,83,0,83.0,0.730780303478241,0.07985653262404692
COHFACE_s29_session0_lamp,83,1,83.03333333333333,0.5565539002418518,0.44371857977385065
COHFACE_s29_session0_lamp,83,2,83.06666666666666,0.40761327743530273,0.7505536255362258
COHFACE_s29_session0_lamp,83,3,83.1,0.2178671658039093,0.9625773394781723
COHFACE_s29_session0_lamp,83,4,83.13333333333334,5.035179856349714e-05,1.0692067997505557
COHFACE_s29_session0_lamp,83,5,83.16666666666667,-0.2058914452791214,1.0870756403391237
COHFACE_s29_session0_lamp,83,6,83.2,-0.37852802872657776,1.0490595215607434
COHFACE_s29_session0_lamp,83,7,83.23333333333333,-0.521341860294342,0.9874486237721334
COHFACE_s29_session0_lamp,83,8,83.26666666666667,-0.6303800344467163,0.9188569942740923
COHFACE_s29_session0_lamp,83,9,83.3,-0.7092927098274231,0.8376515291232837
COHFACE_s29_session0_lamp,83,10,83.33333333333333,-0.7693058848381042,0.7217019724342192
COHFACE_s29_session0_lamp,83,11,83.36666666666666,-0.8242305517196655,0.5482954181440436
COHFACE_s29_session0_lamp,83,12,83.4,-0.8824375867843628,0.31074441171362976
COHFACE_s29_session0_lamp,83,13,83.43333333333334,-0.9433267712593079,0.024939616843476342
COHFACE_s29_session0_lamp,83,14,83.46666666666667,-1.004697322845459,-0.2766452300011137
COHFACE_s29_session0_lamp,83,15,83.5,-1.0619093179702759,-0.5568602357435286
COHFACE_s29_session0_lamp,83,16,83.53333333333333,-1.1138004064559937,-0.7840788357642061
COHFACE_s29_session0_lamp,83,17,83.56666666666666,-1.1535946130752563,-0.9377053909959807
COHFACE_s29_session0_lamp,83,18,83.6,-1.1853803396224976,-1.0096193108965723
COHFACE_s29_session0_lamp,83,19,83.63333333333334,-1.2064049243927002,-1.003016284736141
COHFACE_s29_session0_lamp,83,20,83.66666666666667,-1.2153761386871338,-0.9295498912946525
COHFACE_s29_session0_lamp,83,21,83.7,-1.218344807624817,-0.8051577183283926
COHFACE_s29_session0_lamp,83,22,83.73333333333333,-1.2150787115097046,-0.6452285113585876
COHFACE_s29_session0_lamp,83,23,83.76666666666667,-1.2153273820877075,-0.4605566237241147
COHFACE_s29_session0_lamp,83,24,83.8,-1.2280622720718384,-0.25593207558778286
COHFACE_s29_session0_lamp,83,25,83.83333333333333,-1.1864455938339233,-0.0323740252329588
COHFACE_s29_session0_lamp,83,26,83.86666666666666,-0.6611220836639404,0.20800498235495873
COHFACE_s29_session0_lamp,83,27,83.9,0.5653087496757507,0.45721914059172203
COHFACE_s29_session0_lamp,83,28,83.93333333333334,1.6980589628219604,0.6993842579817195
COHFACE_s29_session0_lamp,83,29,83.96666666666667,2.0454139709472656,0.912469668185764
COHFACE_s29_session0_lamp,83,30,84.0,1.8346540927886963,1.0728128853019954
COHFACE_s29_session0_lamp,83,31,84.03333333333333,1.5702348947525024,1.160350783708571
COHFACE_s29_session0_lamp,83,32,84.06666666666666,1.4702218770980835,1.1629627980125155
COHFACE_s29_session0_lamp,83,33,84.1,1.4917385578155518,1.0790611764059022
COHFACE_s29_session0_lamp,83,34,84.13333333333334,1.438252329826355,0.9176387545351998
COHFACE_s29_session0_lamp,83,35,84.16666666666667,1.1936681270599365,0.6953546203531944
COHFACE_s29_session0_lamp,83,36,84.2,0.9286648631095886,0.43173452291642933
COHFACE_s29_session0_lamp,83,37,84.23333333333333,0.758629322052002,0.1448772814153722
COHFACE_s29_session0_lamp,83,38,84.26666666666667,0.6248731017112732,-0.15033220826062366
COHFACE_s29_session0_lamp,83,39,84.3,0.4647766947746277,-0.44127181671402277
COHFACE_s29_session0_lamp,83,40,84.33333333333333,0.26662179827690125,-0.7154405119968217
COHFACE_s29_session0_lamp,83,41,84.36666666666666,0.05062732845544815,-0.9592619733658967
COHFACE_s29_session0_lamp,83,42,84.4,-0.14326640963554382,-1.158992923993305
COHFACE_s29_session0_lamp,83,43,84.43333333333334,-0.29308846592903137,-1.3031600765574312
COHFACE_s29_session0_lamp,83,44,84.46666666666667,-0.3957294821739197,-1.3847228400557423
COHFACE_s29_session0_lamp,83,45,84.5,-0.46361610293388367,-1.401293554349157
COHFACE_s29_session0_lamp,83,46,84.53333333333333,-0.5197033882141113,-1.3532200379616224
COHFACE_s29_session0_lamp,83,47,84.56666666666666,-0.566743791103363,-1.2411036659629389
COHFACE_s29_session0_lamp,83,48,84.6,-0.6145683526992798,-1.065086454848662
COHFACE_s29_session0_lamp,83,49,84.63333333333334,-0.6701851487159729,-0.8272946813896406
COHFACE_s29_session0_lamp,83,50,84.66666666666667,-0.7227737307548523,-0.5365148779594868
COHFACE_s29_session0_lamp,83,51,84.7,-0.7784987092018127,-0.21194829719698818
COHFACE_s29_session0_lamp,83,52,84.73333333333333,-0.834526538848877,0.11758753748883902
COHFACE_s29_session0_lamp,83,53,84.76666666666667,-0.8837299942970276,0.42048906266753716
COHFACE_s29_session0_lamp,83,54,84.8,-0.9226049780845642,0.6727299843417001
COHFACE_s29_session0_lamp,83,55,84.83333333333333,-0.9439432621002197,0.8662289889528366
COHFACE_s29_session0_lamp,83,56,84.86666666666666,-0.9554721713066101,1.0101153107129053
COHFACE_s29_session0_lamp,83,57,84.9,-0.9811851978302002,1.123692582014899
COHFACE_s29_session0_lamp,83,58,84.93333333333334,-1.012019157409668,1.2249480294599426
COHFACE_s29_session0_lamp,83,59,84.96666666666667,-0.924497663974762,1.3208892316213774
COHFACE_s29_session0_lamp,83,60,85.0,-0.26213014125823975,1.4039728826504916
COHFACE_s29_session0_lamp,83,61,85.03333333333333,0.9665070176124573,1.4550779754254812
COHFACE_s29_session0_lamp,83,62,85.06666666666666,1.8716201782226562,1.4511059375485602
COHFACE_s29_session0_lamp,83,63,85.1,1.9876017570495605,1.3741532879510425
COHFACE_s29_session0_lamp,83,64,85.13333333333334,1.692234992980957,1.218355200578299
COHFACE_s29_session0_lamp,83,65,85.16666666666667,1.4268423318862915,0.9912289454285329
COHFACE_s29_session0_lamp,83,66,85.2,1.3320585489273071,0.7094751097665142
COHFACE_s29_session0_lamp,83,67,85.23333333333333,1.3055074214935303,0.39244300372634927
COHFACE_s29_session0_lamp,83,68,85.26666666666667,1.1539819240570068,0.05720520650113684
COHFACE_s29_session0_lamp,83,69,85.3,0.9073968529701233,-0.2826438768276419
COHFACE_s29_session0_lamp,83,70,85.33333333333333,0.726940929889679,-0.6150618801494583
COHFACE_s29_session0_lamp,83,71,85.36666666666666,0.6094939708709717,-0.9267280213943777
COHFACE_s29_session0_lamp,83,72,85.4,0.47642457485198975,-1.2012589240563367
COHFACE_s29_session0_lamp,83,73,85.43333333333334,0.2896147668361664,-1.4195176146951787
COHFACE_s29_session0_lamp,83,74,85.46666666666667,0.06330807507038116,-1.5626703262598698
COHFACE_s29_session0_lamp,83,75,85.5,-0.1557903289794922,-1.6177122341696577
COHFACE_s29_session0_lamp,83,76,85.53333333333333,-0.3314172923564911,-1.5830276192368793
COHFACE_s29_session0_lamp,83,77,85.56666666666666,-0.457035094499588,-1.4702910924505814
COHFACE_s29_session0_lamp,83,78,85.6,-0.5393274426460266,-1.30072514940369
COHFACE_s29_session0_lamp,83,79,85.63333333333334,-0.5887147784233093,-1.0975014708206627
COHFACE_s29_session0_lamp,83,80,85.66666666666667,-0.6309532523155212,-0.8790904507057957
COHFACE_s29_session0_lamp,83,81,85.7,-0.6754521131515503,-0.6577458189416188
COHFACE_s29_session0_lamp,83,82,85.73333333333333,-0.7339025139808655,-0.44283394660797276
COHFACE_s29_session0_lamp,83,83,85.76666666666667,-0.7954027652740479,-0.2445153233730006
COHFACE_s29_session0_lamp,83,84,85.8,-0.8570490479469299,-0.07338940204977193
COHFACE_s29_session0_lamp,83,85,85.83333333333333,-0.9199606776237488,0.0643877162941294
COHFACE_s29_session0_lamp,83,86,85.86666666666666,-0.9723438024520874,0.17269507994526775
COHFACE_s29_session0_lamp,83,87,85.9,-1.0153177976608276,0.2666889773946726
COHFACE_s29_session0_lamp,83,88,85.93333333333334,-1.042463779449463,0.36761736440012077
COHFACE_s29_session0_lamp,83,89,85.96666666666667,-1.0530409812927246,0.4936525672131482
COHFACE_s29_session0_lamp,83,90,86.0,-1.0645860433578491,0.6516471784202517
COHFACE_s29_session0_lamp,83,91,86.03333333333333,-1.089552879333496,0.8338096867236165
COHFACE_s29_session0_lamp,83,92,86.06666666666666,-1.0851672887802124,1.020098754722788
COHFACE_s29_session0_lamp,83,93,86.1,-0.7066646218299866,1.1842904589854681
COHFACE_s29_session0_lamp,83,94,86.13333333333334,0.430681973695755,1.3010481903712747
COHFACE_s29_session0_lamp,83,95,86.16666666666667,1.6649645566940308,1.352051174200031
COHFACE_s29_session0_lamp,83,96,86.2,2.137385845184326,1.32978556014583
COHFACE_s29_session0_lamp,83,97,86.23333333333333,1.968788743019104,1.2380563814600802
COHFACE_s29_session0_lamp,83,98,86.26666666666667,1.7126917839050293,1.0892774417288218
COHFACE_s29_session0_lamp,83,99,86.3,1.6150473356246948,0.8999791288950618
COHFACE_s29_session0_lamp,83,100,86.33333333333333,1.6152690649032593,0.6868753006596218
COHFACE_s29_session0_lamp,83,101,86.36666666666666,1.5421695709228516,0.4651049577177927
COHFACE_s29_session0_lamp,83,102,86.4,1.2804865837097168,0.24804017664062625
COHFACE_s29_session0_lamp,83,103,86.43333333333334,0.9549131989479065,0.04678423821695285
COHFACE_s29_session0_lamp,83,104,86.46666666666667,0.7292662262916565,-0.13118882848301427
COHFACE_s29_session0_lamp,83,105,86.5,0.5773946642875671,-0.28287164305871637
COHFACE_s29_session0_lamp,83,106,86.53333333333333,0.41237735748291016,-0.4087089702553053
COHFACE_s29_session0_lamp,83,107,86.56666666666666,0.21019382774829865,-0.5103331079785418
COHFACE_s29_session0_lamp,83,108,86.6,-0.010954047553241253,-0.5894574460092442
COHFACE_s29_session0_lamp,83,109,86.63333333333334,-0.2099146693944931,-0.6497212516992034
COHFACE_s29_session0_lamp,83,110,86.66666666666667,-0.37006518244743347,-0.7000189840271792
COHFACE_s29_session0_lamp,83,111,86.7,-0.4950070381164551,-0.7553259521857638
COHFACE_s29_session0_lamp,83,112,86.73333333333333,-0.5839506983757019,-0.8323344588066789
COHFACE_s29_session0_lamp,83,113,86.76666666666667,-0.6481330990791321,-0.9413013311824736
COHFACE_s29_session0_lamp,83,114,86.8,-0.7131374478340149,-1.0789540212650048
COHFACE_s29_session0_lamp,83,115,86.83333333333333,-0.7770116329193115,-1.2270036681412948
COHFACE_s29_session0_lamp,83,116,86.86666666666666,-0.8401936888694763,-1.356627926827478
COHFACE_s29_session0_lamp,83,117,86.9,-0.9085723757743835,-1.4355154568738042
COHFACE_s29_session0_lamp,83,118,86.93333333333334,-0.9782596826553345,-1.4343604464254582
COHFACE_s29_session0_lamp,83,119,86.96666666666667,-1.0384892225265503,-1.3322741748726106
COHFACE_s29_session0_lamp,83,120,87.0,-1.0886768102645874,-1.1218356811869825
COHFACE_s29_session0_lamp,83,121,87.03333333333333,-1.1271300315856934,-0.8133409874724827
COHFACE_s29_session0_lamp,83,122,87.06666666666666,-1.1569311618804932,-0.4355767924827169
COHFACE_s29_session0_lamp,83,123,87.1,-1.1781774759292603,-0.02981402543435935
COHFACE_s29_session0_lamp,83,124,87.13333333333334,-1.188673496246338,0.36337285912651224
COHFACE_s29_session0_lamp,83,125,87.16666666666667,-1.1901497840881348,0.7190520484529522
COHFACE_s29_session0_lamp,83,126,87.2,-1.192112684249878,1.0345399775467663
COHFACE_s29_session0_lamp,83,127,87.23333333333333,-1.207783818244934,1.3206023577665704
COHFACE_s29_session0_lamp,83,128,87.26666666666667,-1.2292951345443726,1.5819963292244341
COHFACE_s29_session0_lamp,83,129,87.3,-1.0682686567306519,1.8019870151242683
COHFACE_s29_session0_lamp,83,130,87.33333333333333,-0.22206006944179535,1.943216668495067
COHFACE_s29_session0_lamp,83,131,87.36666666666666,1.0884368419647217,1.9653141565791166
COHFACE_s29_session0_lamp,83,132,87.4,1.9014590978622437,1.8475890546361304
COHFACE_s29_session0_lamp,83,133,87.43333333333334,1.9305139780044556,1.6018648847157917
COHFACE_s29_session0_lamp,83,134,87.46666666666667,1.6571993827819824,1.2683022404591877
COHFACE_s29_session0_lamp,83,135,87.5,1.4891104698181152,0.8986801792925528
COHFACE_s29_session0_lamp,83,136,87.53333333333333,1.4794526100158691,0.5379553331044009
COHFACE_s29_session0_lamp,83,137,87.56666666666666,1.4833135604858398,0.21340424084491658
COHFACE_s29_session0_lamp,83,138,87.6,1.3193724155426025,-0.06587527085354593
COHFACE_s29_session0_lamp,83,139,87.63333333333334,1.0089564323425293,-0.3026454600496462
COHFACE_s29_session0_lamp,83,140,87.66666666666667,0.7435962557792664,-0.5040457543112258
COHFACE_s29_session0_lamp,83,141,87.7,0.5834619402885437,-0.6767076988403984
COHFACE_s29_session0_lamp,83,142,87.73333333333333,0.43453216552734375,-0.8250069734949981
COHFACE_s29_session0_lamp,83,143,87.76666666666667,0.24467788636684418,-0.9509688577362413
COHFACE_s29_session0_lamp,83,144,87.8,0.02624460682272911,-1.0545172824715197
COHFACE_s29_session0_lamp,83,145,87.83333333333333,-0.18080033361911774,-1.133884062955517
COHFACE_s29_session0_lamp,83,146,87.86666666666666,-0.346834272146225,-1.1864239228183968
COHFACE_s29_session0_lamp,83,147,87.9,-0.46737974882125854,-1.209702242977539
COHFACE_s29_session0_lamp,83,148,87.93333333333334,-0.5538846254348755,-1.2022560598845196
COHFACE_s29_session0_lamp,83,149,87.96666666666667,-0.6177912354469299,-1.1633598354777017
COHFACE_s29_session0_lamp,83,150,88.0,-0.6710233092308044,-1.0915988122387028
COHFACE_s29_session0_lamp,83,151,88.03333333333333,-0.722362756729126,-0.9828954013896339
COHFACE_s29_session0_lamp,83,152,88.06666666666666,-0.7747945785522461,-0.8294459349144844
COHFACE_s29_session0_lamp,83,153,88.1,-0.8307844996452332,-0.6213338534177109
COHFACE_s29_session0_lamp,83,154,88.13333333333334,-0.886747419834137,-0.35190403933524345
COHFACE_s29_session0_lamp,83,155,88.16666666666667,-0.9392386674880981,-0.025931340862445564
COHFACE_s29_session0_lamp,83,156,88.2,-0.9818989634513855,0.33320815330094006
COHFACE_s29_session0_lamp,83,157,88.23333333333333,-1.0145227909088135,0.682678781891686
COHFACE_s29_session0_lamp,83,158,88.26666666666667,-1.038727045059204,0.9691734795535348
COHFACE_s29_session0_lamp,83,159,88.3,-1.05282461643219,1.1459129636484398
COHFACE_s29_session0_lamp,83,160,88.33333333333333,-1.0610982179641724,1.189582436871898
COHFACE_s29_session0_lamp,83,161,88.36666666666666,-1.0639371871948242,1.1078092176584708
COHFACE_s29_session0_lamp,83,162,88.4,-1.062606930732727,0.9339416066579387
COHFACE_s29_session0_lamp,83,163,88.43333333333334,-1.057723879814148,0.7137488814811132
COHFACE_s29_session0_lamp,83,164,88.46666666666667,-1.0560961961746216,0.4914931586745337
COHFACE_s29_session0_lamp,83,165,88.5,-1.0661271810531616,0.30064333132297383
COHFACE_s29_session0_lamp,83,166,88.53333333333333,-0.9936820864677429,0.16072642467732282
COHFACE_s29_session0_lamp,83,167,88.56666666666666,-0.3893864154815674,0.078659190936782
COHFACE_s29_session0_lamp,83,168,88.6,0.8198592066764832,0.0514673679003087
COHFACE_s29_session0_lamp,83,169,88.63333333333334,1.7907500267028809,0.06817274908512955
COHFACE_s29_session0_lamp,83,170,88.66666666666667,1.9868500232696533,0.11107442393159893
COHFACE_s29_session0_lamp,83,171,88.7,1.730244755744934,0.15824010653454648
COHFACE_s29_session0_lamp,83,172,88.73333333333333,1.476072907447815,0.1880983401651954
COHFACE_s29_session0_lamp,83,173,88.76666666666667,1.3972737789154053,0.1848438993358349
COHFACE_s29_session0_lamp,83,174,88.8,1.4109008312225342,0.1421974348721888
COHFACE_s29_session0_lamp,83,175,88.83333333333333,1.3029279708862305,0.06383789206923647
COHFACE_s29_session0_lamp,83,176,88.86666666666666,1.0486479997634888,-0.03911222249339554
COHFACE_s29_session0_lamp,83,177,88.9,0.835708737373352,-0.15174286365905654
COHFACE_s29_session0_lamp,83,178,88.93333333333334,0.7107290625572205,-0.25877726037094634
COHFACE_s29_session0_lamp,83,179,88.96666666666667,0.5794116854667664,-0.34753333320505564
COHFACE_s29_session0_lamp,83,180,89.0,0.40437957644462585,-0.41049411567883065
COHFACE_s29_session0_lamp,83,181,89.03333333333333,0.19830258190631866,-0.4470137482467774
COHFACE_s29_session0_lamp,83,182,89.06666666666666,-0.00039847628795541823,-0.4632238392723638
COHFACE_s29_session0_lamp,83,183,89.1,-0.1583535224199295,-0.46952206849411815
COHFACE_s29_session0_lamp,83,184,89.13333333333334,-0.2776336371898651,-0.4761960875071948
COHFACE_s29_session0_lamp,83,185,89.16666666666667,-0.3674965798854828,-0.48905060951025686
COHFACE_s29_session0_lamp,83,186,89.2,-0.4259631931781769,-0.507335799633343
COHFACE_s29_session0_lamp,83,187,89.23333333333333,-0.4776487350463867,-0.5250990068350111
COHFACE_s29_session0_lamp,83,188,89.26666666666667,-0.5309889912605286,-0.534727317419936
COHFACE_s29_session0_lamp,83,189,89.3,-0.5872979760169983,-0.5299026761526416
COHFACE_s29_session0_lamp,83,190,89.33333333333333,-0.6456618309020996,-0.5059956941842602
COHFACE_s29_session0_lamp,83,191,89.36666666666666,-0.7109690308570862,-0.45831617439362665
COHFACE_s29_session0_lamp,83,192,89.4,-0.7710200548171997,-0.3806221578885995
COHFACE_s29_session0_lamp,83,193,89.43333333333334,-0.8220674991607666,-0.2661878885966014
COHFACE_s29_session0_lamp,83,194,89.46666666666667,-0.8710924983024597,-0.1114088814923626
COHFACE_s29_session0_lamp,83,195,89.5,-0.8987089395523071,0.08058397191571512
COHFACE_s29_session0_lamp,83,196,89.53333333333333,-0.9165160655975342,0.29925180543279234
COHFACE_s29_session0_lamp,83,197,89.56666666666666,-0.9439703226089478,0.5297524633886559
COHFACE_s29_session0_lamp,83,198,89.6,-0.9711595177650452,0.7574866287954777
COHFACE_s29_session0_lamp,83,199,89.63333333333334,-0.8687996864318848,0.9703047802630641
COHFACE_s29_session0_lamp,83,200,89.66666666666667,-0.18242259323596954,1.1565242425942286
COHFACE_s29_session0_lamp,83,201,89.7,1.0167053937911987,1.3006964906150065
COHFACE_s29_session0_lamp,83,202,89.73333333333333,1.8495789766311646,1.38164913552173
COHFACE_s29_session0_lamp,83,203,89.76666666666667,1.929329752922058,1.3763138996769426
COHFACE_s29_session0_lamp,83,204,89.8,1.6530084609985352,1.2684334807647517
COHFACE_s29_session0_lamp,83,205,89.83333333333333,1.4346293210983276,1.0571187937837145
COHFACE_s29_session0_lamp,83,206,89.86666666666666,1.3793476819992065,0.7599766053117163
COHFACE_s29_session0_lamp,83,207,89.9,1.363481879234314,0.40898305958272574
COHFACE_s29_session0_lamp,83,208,89.93333333333334,1.2058730125427246,0.04169754877188806
COHFACE_s29_session0_lamp,83,209,89.96666666666667,0.9236952662467957,-0.30741321624851714
COHFACE_s29_session0_lamp,83,210,90.0,0.7012550234794617,-0.6121976807016147
COHFACE_s29_session0_lamp,83,211,90.03333333333333,0.5668715238571167,-0.8562082269685914
COHFACE_s29_session0_lamp,83,212,90.06666666666666,0.4325583875179291,-1.0316553823849488
COHFACE_s29_session0_lamp,83,213,90.1,0.2505072355270386,-1.1374894270940514
COHFACE_s29_session0_lamp,83,214,90.13333333333334,0.03754642233252525,-1.1775937211008671
COHFACE_s29_session0_lamp,83,215,90.16666666666667,-0.1646316945552826,-1.1594404024888798
COHFACE_s29_session0_lamp,83,216,90.2,-0.33026549220085144,-1.0931669275353662
COHFACE_s29_session0_lamp,83,217,90.23333333333333,-0.4552343785762787,-0.9908115501521706
COHFACE_s29_session0_lamp,83,218,90.26666666666667,-0.5424314141273499,-0.8652979893459387
COHFACE_s29_session0_lamp,83,219,90.3,-0.599465012550354,-0.7288911372269881
COHFACE_s29_session0_lamp,83,220,90.33333333333333,-0.6451210975646973,-0.5913509623206509
COHFACE_s29_session0_lamp,83,221,90.36666666666666,-0.6953790187835693,-0.4584832453033549
COHFACE_s29_session0_lamp,83,222,90.4,-0.7478540539741516,-0.33177640278363346
COHFACE_s29_session0_lamp,83,223,90.43333333333334,-0.8041630387306213,-0.20932511857611288
COHFACE_s29_session0_lamp,83,224,90.46666666666667,-0.8640086054801941,-0.08759016095970758
COHFACE_s29_session0_lamp,83,225,90.5,-0.9189062118530273,0.03688757078041688
COHFACE_s29_session0_lamp,83,226,90.53333333333333,-0.9686504602432251,0.16657740769398502
COHFACE_s29_session0_lamp,83,227,90.56666666666666,-1.0103427171707153,0.3027619257507366
COHFACE_s29_session0_lamp,83,228,90.6,-1.0382728576660156,0.44487929912653223
COHFACE_s29_session0_lamp,83,229,90.63333333333334,-1.0489528179168701,0.5883138936162463
COHFACE_s29_session0_lamp,83,230,90.66666666666667,-1.0484986305236816,0.721433203841915
COHFACE_s29_session0_lamp,83,231,90.7,-1.048006534576416,0.8248797894745136
COHFACE_s29_session0_lamp,83,232,90.73333333333333,-1.062980055809021,0.8763028346041554
COHFACE_s29_session0_lamp,83,233,90.76666666666667,-1.0584214925765991,0.8603196689957741
COHFACE_s29_session0_lamp,83,234,90.8,-0.6949518322944641,0.778090567346753
COHFACE_s29_session0_lamp,83,235,90.83333333333333,0.41595175862312317,0.6491356644295568
COHFACE_s29_session0_lamp,83,236,90.86666666666666,1.6528732776641846,0.5031421307623496
COHFACE_s29_session0_lamp,83,237,90.9,2.156447649002075,0.36662143085330096
COHFACE_s29_session0_lamp,83,238,90.93333333333334,2.0093348026275635,0.25203112592573584
COHFACE_s29_session0_lamp,83,239,90.96666666666667,1.7536216974258423,0.1547534729724332
COHFACE_s29_session0_lamp,84,0,84.0,1.8346540927886963,-0.019359396814025383
COHFACE_s29_session0_lamp,84,1,84.03333333333333,1.5702348947525024,0.2681405171961273
COHFACE_s29_session0_lamp,84,2,84.06666666666666,1.4702218770980835,0.5014085402574647
COHFACE_s29_session0_lamp,84,3,84.1,1.4917385578155518,0.6433365223101385
COHFACE_s29_session0_lamp,84,4,84.13333333333334,1.438252329826355,0.6798812889073134
COHFACE_s29_session0_lamp,84,5,84.16666666666667,1.1936681270599365,0.6212065348137362
COHFACE_s29_session0_lamp,84,6,84.2,0.9286648631095886,0.494211113012268
COHFACE_s29_session0_lamp,84,7,84.23333333333333,0.758629322052002,0.33046560122948254
COHFACE_s29_session0_lamp,84,8,84.26666666666667,0.6248731017112732,0.1556395107922224
COHFACE_s29_session0_lamp,84,9,84.3,0.4647766947746277,-0.014879227672690433
COHFACE_s29_session0_lamp,84,10,84.33333333333333,0.26662179827690125,-0.1731572108722713
COHFACE_s29_session0_lamp,84,11,84.36666666666666,0.05062732845544815,-0.31206678430762363
COHFACE_s29_session0_lamp,84,12,84.4,-0.14326640963554382,-0.4209887869782847
COHFACE_s29_session0_lamp,84,13,84.43333333333334,-0.29308846592903137,-0.48817655711927843
COHFACE_s29_session0_lamp,84,14,84.46666666666667,-0.3957294821739197,-0.5077219349549906
COHFACE_s29_session0_lamp,84,15,84.5,-0.46361610293388367,-0.4842282560795669
COHFACE_s29_session0_lamp,84,16,84.53333333333333,-0.5197033882141113,-0.430181046059223
COHFACE_s29_session0_lamp,84,17,84.56666666666666,-0.566743791103363,-0.3574915420804085
COHFACE_s29_session0_lamp,84,18,84.6,-0.6145683526992798,-0.2699470786258317
COHFACE_s29_session0_lamp,84,19,84.63333333333334,-0.6701851487159729,-0.16288584830308117
COHFACE_s29_session0_lamp,84,20,84.66666666666667,-0.7227737307548523,-0.03028960478518264
COHFACE_s29_session0_lamp,84,21,84.7,-0.7784987092018127,0.12664037414863638
COHFACE_s29_session0_lamp,84,22,84.73333333333333,-0.834526538848877,0.2959733201796585
COHFACE_s29_session0_lamp,84,23,84.76666666666667,-0.8837299942970276,0.4587429808738874
COHFACE_s29_session0_lamp,84,24,84.8,-0.9226049780845642,0.5966455816308918
COHFACE_s29_session0_lamp,84,25,84.83333333333333,-0.9439432621002197,0.6982262463767713
COHFACE_s29_session0_lamp,84,26,84.86666666666666,-0.9554721713066101,0.7601733938061694
COHFACE_s29_session0_lamp,84,27,84.9,-0.9811851978302002,0.7844720597356273
COHFACE_s29_session0_lamp,84,28,84.93333333333334,-1.012019157409668,0.7747503249974291
COHFACE_s29_session0_lamp,84,29,84.96666666666667,-0.924497663974762,0.7347009434293753
COHFACE_s29_session0_lamp,84,30,85.0,-0.26213014125823975,0.6688372777811036
COHFACE_s29_session0_lamp,84,31,85.03333333333333,0.9665070176124573,0.5836397441787926
COHFACE_s29_session0_lamp,84,32,85.06666666666666,1.8716201782226562,0.4872886453961784
COHFACE_s29_session0_lamp,84,33,85.1,1.9876017570495605,0.38783303925259616
COHFACE_s29_session0_lamp,84,34,85.13333333333334,1.692234992980957,0.2909312380715168
COHFACE_s29_session0_lamp,84,35,85.16666666666667,1.4268423318862915,0.19837363211370865
COHFACE_s29_session0_lamp,84,36,85.2,1.3320585489273071,0.10776252638778124
COHFACE_s29_session0_lamp,84,37,85.23333333333333,1.3055074214935303,0.013047529958755048
COHFACE_s29_session0_lamp,84,38,85.26666666666667,1.1539819240570068,-0.09419286503014046
COHFACE_s29_session0_lamp,84,39,85.3,0.9073968529701233,-0.2223828451362935
COHFACE_s29_session0_lamp,84,40,85.33333333333333,0.726940929889679,-0.3763535559719588
COHFACE_s29_session0_lamp,84,41,85.36666666666666,0.6094939708709717,-0.5532851120771011
COHFACE_s29_session0_lamp,84,42,85.4,0.47642457485198975,-0.7399679008005421
COHFACE_s29_session0_lamp,84,43,85.43333333333334,0.2896147668361664,-0.9135251356287486
COHFACE_s29_session0_lamp,84,44,85.46666666666667,0.06330807507038116,-1.046829172709682
COHFACE_s29_session0_lamp,84,45,85.5,-0.1557903289794922,-1.1175261393339393
COHFACE_s29_session0_lamp,84,46,85.53333333333333,-0.3314172923564911,-1.116823870047098
COHFACE_s29_session0_lamp,84,47,85.56666666666666,-0.457035094499588,-1.0532641606305746
COHFACE_s29_session0_lamp,84,48,85.6,-0.5393274426460266,-0.9490088340542598
COHFACE_s29_session0_lamp,84,49,85.63333333333334,-0.5887147784233093,-0.8303803258854202
COHFACE_s29_session0_lamp,84,50,85.66666666666667,-0.6309532523155212,-0.7177266270721905
COHFACE_s29_session0_lamp,84,51,85.7,-0.6754521131515503,-0.6197677752995697
COHFACE_s29_session0_lamp,84,52,85.73333333333333,-0.7339025139808655,-0.5341942543607187
COHFACE_s29_session0_lamp,84,53,85.76666666666667,-0.7954027652740479,-0.4522538622167379
COHFACE_s29_session0_lamp,84,54,85.8,-0.8570490479469299,-0.3634745773164742
COHFACE_s29_session0_lamp,84,55,85.83333333333333,-0.9199606776237488,-0.2580233610154998
COHFACE_s29_session0_lamp,84,56,85.86666666666666,-0.9723438024520874,-0.12696660922750966
COHFACE_s29_session0_lamp,84,57,85.9,-1.0153177976608276,0.0373524546769111
COHFACE_s29_session0_lamp,84,58,85.93333333333334,-1.042463779449463,0.23893562062768303
COHFACE_s29_session0_lamp,84,59,85.96666666666667,-1.0530409812927246,0.47403429106297235
COHFACE_s29_session0_lamp,84,60,86.0,-1.0645860433578491,0.7278894570931292
COHFACE_s29_session0_lamp,84,61,86.03333333333333,-1.089552879333496,0.9753149962276002
COHFACE_s29_session0_lamp,84,62,86.06666666666666,-1.0851672887802124,1.1861015887088242
COHFACE_s29_session0_lamp,84,63,86.1,-0.7066646218299866,1.333237445532511
COHFACE_s29_session0_lamp,84,64,86.13333333333334,0.430681973695755,1.4001958337431935
COHFACE_s29_session0_lamp,84,65,86.16666666666667,1.6649645566940308,1.3840626218047316
COHFACE_s29_session0_lamp,84,66,86.2,2.137385845184326,1.2936728469253773
COHFACE_s29_session0_lamp,84,67,86.23333333333333,1.968788743019104,1.144591426068056
COHFACE_s29_session0_lamp,84,68,86.26666666666667,1.7126917839050293,0.9540547579316186
COHFACE_s29_session0_lamp,84,69,86.3,1.6150473356246948,0.7383277696128183
COHFACE_s29_session0_lamp,84,70,86.33333333333333,1.6152690649032593,0.5128698077442753
COHFACE_s29_session0_lamp,84,71,86.36666666666666,1.5421695709228516,0.2935297201283144
COHFACE_s29_session0_lamp,84,72,86.4,1.2804865837097168,0.0961448791193204
COHFACE_s29_session0_lamp,84,73,86.43333333333334,0.9549131989479065,-0.06666415805080707
COHFACE_s29_session0_lamp,84,74,86.46666666666667,0.7292662262916565,-0.18970457830931364
COHFACE_s29_session0_lamp,84,75,86.5,0.5773946642875671,-0.2768070515580215
COHFACE_s29_session0_lamp,84,76,86.53333333333333,0.41237735748291016,-0.3376763752371739
COHFACE_s29_session0_lamp,84,77,86.56666666666666,0.21019382774829865,-0.38161353086160693
COHFACE_s29_session0_lamp,84,78,86.6,-0.010954047553241253,-0.41271628790447157
COHFACE_s29_session0_lamp,84,79,86.63333333333334,-0.2099146693944931,-0.4304602056667378
COHFACE_s29_session0_lamp,84,80,86.66666666666667,-0.37006518244743347,-0.43499705192337057
COHFACE_s29_session0_lamp,84,81,86.7,-0.4950070381164551,-0.4323315547826503
COHFACE_s29_session0_lamp,84,82,86.73333333333333,-0.5839506983757019,-0.43479761652026006
COHFACE_s29_session0_lamp,84,83,86.76666666666667,-0.6481330990791321,-0.45624947714756237
COHFACE_s29_session0_lamp,84,84,86.8,-0.7131374478340149,-0.5055224733832594
COHFACE_s29_session0_lamp,84,85,86.83333333333333,-0.7770116329193115,-0.5825134998882857
COHFACE_s29_session0_lamp,84,86,86.86666666666666,-0.8401936888694763,-0.6780971646246807
COHFACE_s29_session0_lamp,84,87,86.9,-0.9085723757743835,-0.7759706966231683
COHFACE_s29_session0_lamp,84,88,86.93333333333334,-0.9782596826553345,-0.8549006926406248
COHFACE_s29_session0_lamp,84,89,86.96666666666667,-1.0384892225265503,-0.8920377309168213
COHFACE_s29_session0_lamp,84,90,87.0,-1.0886768102645874,-0.8685387578876554
COHFACE_s29_session0_lamp,84,91,87.03333333333333,-1.1271300315856934,-0.7766873318069472
COHFACE_s29_session0_lamp,84,92,87.06666666666666,-1.1569311618804932,-0.6246842986663212
COHFACE_s29_session0_lamp,84,93,87.1,-1.1781774759292603,-0.4347106134310902
COHFACE_s29_session0_lamp,84,94,87.13333333333334,-1.188673496246338,-0.2335786003327908
COHFACE_s29_session0_lamp,84,95,87.16666666666667,-1.1901497840881348,-0.04078249737464146
COHFACE_s29_session0_lamp,84,96,87.2,-1.192112684249878,0.13835004091264086
COHFACE_s29_session0_lamp,84,97,87.23333333333333,-1.207783818244934,0.30940303474436504
COHFACE_s29_session0_lamp,84,98,87.26666666666667,-1.2292951345443726,0.4778577051970278
COHFACE_s29_session0_lamp,84,99,87.3,-1.0682686567306519,0.6387227593973764
COHFACE_s29_session0_lamp,84,100,87.33333333333333,-0.22206006944179535,0.7746697433140542
COHFACE_s29_session0_lamp,84,101,87.36666666666666,1.0884368419647217,0.8641020528447535
COHFACE_s29_session0_lamp,84,102,87.4,1.9014590978622437,0.8931692719326789
COHFACE_s29_session0_lamp,84,103,87.43333333333334,1.9305139780044556,0.8629981120690872
COHFACE_s29_session0_lamp,84,104,87.46666666666667,1.6571993827819824,0.7875897244699289
COHFACE_s29_session0_lamp,84,105,87.5,1.4891104698181152,0.6848784700742422
COHFACE_s29_session0_lamp,84,106,87.53333333333333,1.4794526100158691,0.5676214303132985
COHFACE_s29_session0_lamp,84,107,87.56666666666666,1.4833135604858398,0.4398532528825161
COHFACE_s29_session0_lamp,84,108,87.6,1.3193724155426025,0.2999899972373784
COHFACE_s29_session0_lamp,84,109,87.63333333333334,1.0089564323425293,0.14708410010496492
COHFACE_s29_session0_lamp,84,110,87.66666666666667,0.7435962557792664,-0.014518278743273678
COHFACE_s29_session0_lamp,84,111,87.7,0.5834619402885437,-0.17469070882525645
COHFACE_s29_session0_lamp,84,112,87.73333333333333,0.43453216552734375,-0.32035694061791303
COHFACE_s29_session0_lamp,84,113,87.76666666666667,0.24467788636684418,-0.4388280015750144
COHFACE_s29_session0_lamp,84,114,87.8,0.02624460682272911,-0.5196576991321424
COHFACE_s29_session0_lamp,84,115,87.83333333333333,-0.18080033361911774,-0.5551574375362914
COHFACE_s29_session0_lamp,84,116,87.86666666666666,-0.346834272146225,-0.5409458640714628
COHFACE_s29_session0_lamp,84,117,87.9,-0.46737974882125854,-0.4776102974162745
COHFACE_s29_session0_lamp,84,118,87.93333333333334,-0.5538846254348755,-0.37321897156437145
COHFACE_s29_session0_lamp,84,119,87.96666666666667,-0.6177912354469299,-0.24480505777802083
COHFACE_s29_session0_lamp,84,120,88.0,-0.6710233092308044,-0.11612302836739243
COHFACE_s29_session0_lamp,84,121,88.03333333333333,-0.722362756729126,-0.010263629565464161
COHFACE_s29_session0_lamp,84,122,88.06666666666666,-0.7747945785522461,0.06078570471640251
COHFACE_s29_session0_lamp,84,123,88.1,-0.8307844996452332,0.10394668177139407
COHFACE_s29_session0_lamp,84,124,88.13333333333334,-0.886747419834137,0.14381233644340674
COHFACE_s29_session0_lamp,84,125,88.16666666666667,-0.9392386674880981,0.2101463930549079
COHFACE_s29_session0_lamp,84,126,88.2,-0.9818989634513855,0.3196223577125269
COHFACE_s29_session0_lamp,84,127,88.23333333333333,-1.0145227909088135,0.46257233876064624
COHFACE_s29_session0_lamp,84,128,88.26666666666667,-1.038727045059204,0.6033768515362042
COHFACE_s29_session0_lamp,84,129,88.3,-1.05282461643219,0.695032252172411
COHFACE_s29_session0_lamp,84,130,88.33333333333333,-1.0610982179641724,0.6998993816380601
COHFACE_s29_session0_lamp,84,131,88.36666666666666,-1.0639371871948242,0.6054120117354497
COHFACE_s29_session0_lamp,84,132,88.4,-1.062606930732727,0.42769673312993023
COHFACE_s29_session0_lamp,84,133,88.43333333333334,-1.057723879814148,0.2035288040712389
COHFACE_s29_session0_lamp,84,134,88.46666666666667,-1.0560961961746216,-0.023741146683640732
COHFACE_s29_session0_lamp,84,135,88.5,-1.0661271810531616,-0.21760659436739802
COHFACE_s29_session0_lamp,84,136,88.53333333333333,-0.9936820864677429,-0.35662387738266943
COHFACE_s29_session0_lamp,84,137,88.56666666666666,-0.3893864154815674,-0.4362030040925054
COHFACE_s29_session0_lamp,84,138,88.6,0.8198592066764832,-0.46536741246103963
COHFACE_s29_session0_lamp,84,139,88.63333333333334,1.7907500267028809,-0.46098569611136
COHFACE_s29_session0_lamp,84,140,88.66666666666667,1.9868500232696533,-0.441731376010038
COHFACE_s29_session0_lamp,84,141,88.7,1.730244755744934,-0.42314844005006186
COHFACE_s29_session0_lamp,84,142,88.73333333333333,1.476072907447815,-0.41443649493346385
COHFACE_s29_session0_lamp,84,143,88.76666666666667,1.3972737789154053,-0.41722059906929904
COHFACE_s29_session0_lamp,84,144,88.8,1.4109008312225342,-0.42646205607938575
COHFACE_s29_session0_lamp,84,145,88.83333333333333,1.3029279708862305,-0.4333296970236569
COHFACE_s29_session0_lamp,84,146,88.86666666666666,1.0486479997634888,-0.4290891507997866
COHFACE_s29_session0_lamp,84,147,88.9,0.835708737373352,-0.4083985111042151
COHFACE_s29_session0_lamp,84,148,88.93333333333334,0.7107290625572205,-0.3705322715513779
COHFACE_s29_session0_lamp,84,149,88.96666666666667,0.5794116854667664,-0.3182527142648522
COHFACE_s29_session0_lamp,84,150,89.0,0.40437957644462585,-0.25570573385727075
COHFACE_s29_session0_lamp,84,151,89.03333333333333,0.19830258190631866,-0.18729346078209497
COHFACE_s29_session0_lamp,84,152,89.06666666666666,-0.00039847628795541823,-0.11812932291251024
COHFACE_s29_session0_lamp,84,153,89.1,-0.1583535224199295,-0.05466335923799583
COHFACE_s29_session0_lamp,84,154,89.13333333333334,-0.2776336371898651,-0.003374821186123574
COHFACE_s29_session0_lamp,84,155,89.16666666666667,-0.3674965798854828,0.03285699830156641
COHFACE_s29_session0_lamp,84,156,89.2,-0.4259631931781769,0.0580134392929133
COHFACE_s29_session0_lamp,84,157,89.23333333333333,-0.4776487350463867,0.0821807770893517
COHFACE_s29_session0_lamp,84,158,89.26666666666667,-0.5309889912605286,0.11624471222184168
COHFACE_s29_session0_lamp,84,159,89.3,-0.5872979760169983,0.1657005529210171
COHFACE_s29_session0_lamp,84,160,89.33333333333333,-0.6456618309020996,0.2283637713741514
COHFACE_s29_session0_lamp,84,161,89.36666666666666,-0.7109690308570862,0.2977350774034434
COHFACE_s29_session0_lamp,84,162,89.4,-0.7710200548171997,0.36885403830062996
COHFACE_s29_session0_lamp,84,163,89.43333333333334,-0.8220674991607666,0.44117574368926255
COHFACE_s29_session0_lamp,84,164,89.46666666666667,-0.8710924983024597,0.515892690576026
COHFACE_s29_session0_lamp,84,165,89.5,-0.8987089395523071,0.5903745984205022
COHFACE_s29_session0_lamp,84,166,89.53333333333333,-0.9165160655975342,0.6552476799627659
COHFACE_s29_session0_lamp,84,167,89.56666666666666,-0.9439703226089478,0.697601322546433
COHFACE_s29_session0_lamp,84,168,89.6,-0.9711595177650452,0.7082422263411492
COHFACE_s29_session0_lamp,84,169,89.63333333333334,-0.8687996864318848,0.6870334842304103
COHFACE_s29_session0_lamp,84,170,89.66666666666667,-0.18242259323596954,0.6420430769438173
COHFACE_s29_session0_lamp,84,171,89.7,1.0167053937911987,0.5833490774434986
COHFACE_s29_session0_lamp,84,172,89.73333333333333,1.8495789766311646,0.5162611665303577
COHFACE_s29_session0_lamp,84,173,89.76666666666667,1.929329752922058,0.43872471638922306
COHFACE_s29_session0_lamp,84,174,89.8,1.6530084609985352,0.3441180488053454
COHFACE_s29_session0_lamp,84,175,89.83333333333333,1.4346293210983276,0.226817959452085
COHFACE_s29_session0_lamp,84,176,89.86666666666666,1.3793476819992065,0.0868310372740149
COHFACE_s29_session0_lamp,84,177,89.9,1.363481879234314,-0.06875760085445173
COHFACE_s29_session0_lamp,84,178,89.93333333333334,1.2058730125427246,-0.22764473850458214
COHFACE_s29_session0_lamp,84,179,89.96666666666667,0.9236952662467957,-0.376100549845823
COHFACE_s29_session0_lamp,84,180,90.0,0.7012550234794617,-0.5028738510857063
COHFACE_s29_session0_lamp,84,181,90.03333333333333,0.5668715238571167,-0.6017551789405617
COHFACE_s29_session0_lamp,84,182,90.06666666666666,0.4325583875179291,-0.6720364144473834
COHFACE_s29_session0_lamp,84,183,90.1,0.2505072355270386,-0.7169910296570459
COHFACE_s29_session0_lamp,84,184,90.13333333333334,0.03754642233252525,-0.7413979017736877
COHFACE_s29_session0_lamp,84,185,90.16666666666667,-0.1646316945552826,-0.749467799204379
COHFACE_s29_session0_lamp,84,186,90.2,-0.33026549220085144,-0.7439721370490017
COHFACE_s29_session0_lamp,84,187,90.23333333333333,-0.4552343785762787,-0.7264046566583111
COHFACE_s29_session0_lamp,84,188,90.26666666666667,-0.5424314141273499,-0.6974213298501452
COHFACE_s29_session0_lamp,84,189,90.3,-0.599465012550354,-0.6570727995529179
COHFACE_s29_session0_lamp,84,190,90.33333333333333,-0.6451210975646973,-0.605176999366012
COHFACE_s29_session0_lamp,84,191,90.36666666666666,-0.6953790187835693,-0.542399913498912
COHFACE_s29_session0_lamp,84,192,90.4,-0.7478540539741516,-0.47162394786342693
COHFACE_s29_session0_lamp,84,193,90.43333333333334,-0.8041630387306213,-0.39819708876094206
COHFACE_s29_session0_lamp,84,194,90.46666666666667,-0.8640086054801941,-0.3280225703214104
COHFACE_s29_session0_lamp,84,195,90.5,-0.9189062118530273,-0.263915171246597
COHFACE_s29_session0_lamp,84,196,90.53333333333333,-0.9686504602432251,-0.20210625102839594
COHFACE_s29_session0_lamp,84,197,90.56666666666666,-1.0103427171707153,-0.1313406456267514
COHFACE_s29_session0_lamp,84,198,90.6,-1.0382728576660156,-0.03620178516860883
COHFACE_s29_session0_lamp,84,199,90.63333333333334,-1.0489528179168701,0.09586551659328832
COHFACE_s29_session0_lamp,84,200,90.66666666666667,-1.0484986305236816,0.2669837621612515
COHFACE_s29_session0_lamp,84,201,90.7,-1.048006534576416,0.46504305095804654
COHFACE_s29_session0_lamp,84,202,90.73333333333333,-1.062980055809021,0.6663839303428558
COHFACE_s29_session0_lamp,84,203,90.76666666666667,-1.0584214925765991,0.8439409665809641
COHFACE_s29_session0_lamp,84,204,90.8,-0.6949518322944641,0.9762566212808287
COHFACE_s29_session0_lamp,84,205,90.83333333333333,0.41595175862312317,1.0522997272076275
COHFACE_s29_session0_lamp,84,206,90.86666666666666,1.6528732776641846,1.0704790855066832
COHFACE_s29_session0_lamp,84,207,90.9,2.156447649002075,1.03441435790092
COHFACE_s29_session0_lamp,84,208,90.93333333333334,2.0093348026275635,0.9493213092850181
COHFACE_s29_session0_lamp,84,209,90.96666666666667,1.7536216974258423,0.8211140321919259
COHFACE_s29_session0_lamp,84,210,91.0,1.655961036682129,0.6575742235600247
COHFACE_s29_session0_lamp,84,211,91.03333333333333,1.666776180267334,0.4694182942616109
COHFACE_s29_session0_lamp,84,212,91.06666666666666,1.608655571937561,0.2698067931556653
COHFACE_s29_session0_lamp,84,213,91.1,1.3614541292190552,0.07266658876872727
COHFACE_s29_session0_lamp,84,214,91.13333333333334,1.0308948755264282,-0.10873561587023989
COHFACE_s29_session0_lamp,84,215,91.16666666666667,0.7896957397460938,-0.2621914815196109
COHFACE_s29_session0_lamp,84,216,91.2,0.6316271424293518,-0.37691469473730504
COHFACE_s29_session0_lamp,84,217,91.23333333333333,0.4713036119937897,-0.4454950248216589
COHFACE_s29_session0_lamp,84,218,91.26666666666667,0.2716508209705353,-0.46728546233562096
COHFACE_s29_session0_lamp,84,219,91.3,0.06274569034576416,-0.4507775906765909
COHFACE_s29_session0_lamp,84,220,91.33333333333333,-0.1289958357810974,-0.41228290888755975
COHFACE_s29_session0_lamp,84,221,91.36666666666666,-0.2820029556751251,-0.370426282132885
COHFACE_s29_session0_lamp,84,222,91.4,-0.4014344811439514,-0.33903625478762905
COHFACE_s29_session0_lamp,84,223,91.43333333333334,-0.48820430040359497,-0.32255780408069806
COHFACE_s29_session0_lamp,84,224,91.46666666666667,-0.5518297553062439,-0.3166623845358445
COHFACE_s29_session0_lamp,84,225,91.5,-0.6125404834747314,-0.31332840268898854
COHFACE_s29_session0_lamp,84,226,91.53333333333333,-0.6688927412033081,-0.3067077852803233
COHFACE_s29_session0_lamp,84,227,91.56666666666666,-0.7293601632118225,-0.29568670317336987
COHFACE_s29_session0_lamp,84,228,91.6,-0.7935047149658203,-0.28167619542930444
COHFACE_s29_session0_lamp,84,229,91.63333333333334,-0.8526202440261841,-0.26394532116420116
COHFACE_s29_session0_lamp,84,230,91.66666666666667,-0.9060091972351074,-0.236936669689185
COHFACE_s29_session0_lamp,84,231,91.7,-0.9538823962211609,-0.19258711459048014
COHFACE_s29_session0_lamp,84,232,91.73333333333333,-0.9944769740104675,-0.12636595444830998
COHFACE_s29_session0_lamp,84,233,91.76666666666667,-1.022407054901123,-0.0424094126525163
COHFACE_s29_session0_lamp,84,234,91.8,-1.037396788597107,0.04610319438236296
COHFACE_s29_session0_lamp,84,235,91.83333333333333,-1.0477685928344727,0.12162801316131852
COHFACE_s29_session0_lamp,84,236,91.86666666666666,-1.0488338470458984,0.16915450497216716
COHFACE_s29_session0_lamp,84,237,91.9,-1.0466762781143188,0.18168462300034513
COHFACE_s29_session0_lamp,84,238,91.93333333333334,-1.0548200607299805,0.16219019843623084
COHFACE_s29_session0_lamp,84,239,91.96666666666667,-1.0726325511932373,0.12210311159612626
COHFACE_s29_session0_lamp,85,0,85.0,-0.26213014125823975,0.19146169850771882
COHFACE_s29_session0_lamp,85,1,85.03333333333333,0.9665070176124573,0.6899487882597817
COHFACE_s29_session0_lamp,85,2,85.06666666666666,1.8716201782226562,1.0964465427514027
COHFACE_s29_session0_lamp,85,3,85.1,1.9876017570495605,1.3457884088055356
COHFACE_s29_session0_lamp,85,4,85.13333333333334,1.692234992980957,1.4118200625570971
COHFACE_s29_session0_lamp,85,5,85.16666666666667,1.4268423318862915,1.310797690565482
COHFACE_s29_session0_lamp,85,6,85.2,1.3320585489273071,1.090500572281082
COHFACE_s29_session0_lamp,85,7,85.23333333333333,1.3055074214935303,0.8102968105273797
COHFACE_s29_session0_lamp,85,8,85.26666666666667,1.1539819240570068,0.5211297200971793
COHFACE_s29_session0_lamp,85,9,85.3,0.9073968529701233,0.25343465470519944
COHFACE_s29_session0_lamp,85,10,85.33333333333333,0.726940929889679,0.016496984011714826
COHFACE_s29_session0_lamp,85,11,85.36666666666666,0.6094939708709717,-0.1929534180991837
COHFACE_s29_session0_lamp,85,12,85.4,0.47642457485198975,-0.37933623953222934
COHFACE_s29_session0_lamp,85,13,85.43333333333334,0.2896147668361664,-0.5409112107169987
COHFACE_s29_session0_lamp,85,14,85.46666666666667,0.06330807507038116,-0.6699356955416714
COHFACE_s29_session0_lamp,85,15,85.5,-0.1557903289794922,-0.7586471270650064
COHFACE_s29_session0_lamp,85,16,85.53333333333333,-0.3314172923564911,-0.8061032264291514
COHFACE_s29_session0_lamp,85,17,85.56666666666666,-0.457035094499588,-0.8206927567475935
COHFACE_s29_session0_lamp,85,18,85.6,-0.5393274426460266,-0.8158620972091244
COHFACE_s29_session0_lamp,85,19,85.63333333333334,-0.5887147784233093,-0.8012367269313412
COHFACE_s29_session0_lamp,85,20,85.66666666666667,-0.6309532523155212,-0.7754111735971859
COHFACE_s29_session0_lamp,85,21,85.7,-0.6754521131515503,-0.7264466559845699
COHFACE_s29_session0_lamp,85,22,85.73333333333333,-0.7339025139808655,-0.6404693313028379
COHFACE_s29_session0_lamp,85,23,85.76666666666667,-0.7954027652740479,-0.5124219695979834
COHFACE_s29_session0_lamp,85,24,85.8,-0.8570490479469299,-0.3514037196534684
COHFACE_s29_session0_lamp,85,25,85.83333333333333,-0.9199606776237488,-0.1768488860104867
COHFACE_s29_session0_lamp,85,26,85.86666666666666,-0.9723438024520874,-0.00807452995014308
COHFACE_s29_session0_lamp,85,27,85.9,-1.0153177976608276,0.1458102516044356
COHFACE_s29_session0_lamp,85,28,85.93333333333334,-1.042463779449463,0.28897831007672853
COHFACE_s29_session0_lamp,85,29,85.96666666666667,-1.0530409812927246,0.4330036238186558
COHFACE_s29_session0_lamp,85,30,86.0,-1.0645860433578491,0.5860542870198115
COHFACE_s29_session0_lamp,85,31,86.03333333333333,-1.089552879333496,0.7442195919934148
COHFACE_s29_session0_lamp,85,32,86.06666666666666,-1.0851672887802124,0.890016715143034
COHFACE_s29_session0_lamp,85,33,86.1,-0.7066646218299866,0.9983734735013751
COHFACE_s29_session0_lamp,85,34,86.13333333333334,0.430681973695755,1.046561630408213
COHFACE_s29_session0_lamp,85,35,86.16666666666667,1.6649645566940308,1.023185985181656
COHFACE_s29_session0_lamp,85,36,86.2,2.137385845184326,0.9322826174650858
COHFACE_s29_session0_lamp,85,37,86.23333333333333,1.968788743019104,0.7911346621541845
COHFACE_s29_session0_lamp,85,38,86.26666666666667,1.7126917839050293,0.6234115984020716
COHFACE_s29_session0_lamp,85,39,86.3,1.6150473356246948,0.45123782071634516
COHFACE_s29_session0_lamp,85,40,86.33333333333333,1.6152690649032593,0.28982123641341895
COHFACE_s29_session0_lamp,85,41,86.36666666666666,1.5421695709228516,0.14641334669358916
COHFACE_s29_session0_lamp,85,42,86.4,1.2804865837097168,0.022736087030575808
COHFACE_s29_session0_lamp,85,43,86.43333333333334,0.9549131989479065,-0.08165657090067449
COHFACE_s29_session0_lamp,85,44,86.46666666666667,0.7292662262916565,-0.16726289925949808
COHFACE_s29_session0_lamp,85,45,86.5,0.5773946642875671,-0.23428920858663302
COHFACE_s29_session0_lamp,85,46,86.53333333333333,0.41237735748291016,-0.2831740919235234
COHFACE_s29_session0_lamp,85,47,86.56666666666666,0.21019382774829865,-0.31498293713147096
COHFACE_s29_session0_lamp,85,48,86.6,-0.010954047553241253,-0.3317759680521263
COHFACE_s29_session0_lamp,85,49,86.63333333333334,-0.2099146693944931,-0.3376665114066734
COHFACE_s29_session0_lamp,85,50,86.66666666666667,-0.37006518244743347,-0.3402846590665549
COHFACE_s29_session0_lamp,85,51,86.7,-0.4950070381164551,-0.35103604664322835
COHFACE_s29_session0_lamp,85,52,86.73333333333333,-0.5839506983757019,-0.38269709914529515
COHFACE_s29_session0_lamp,85,53,86.76666666666667,-0.6481330990791321,-0.4446815503327462
COHFACE_s29_session0_lamp,85,54,86.8,-0.7131374478340149,-0.5383908946592197
COHFACE_s29_session0_lamp,85,55,86.83333333333333,-0.7770116329193115,-0.6552899376577673
COHFACE_s29_session0_lamp,85,56,86.86666666666666,-0.8401936888694763,-0.778168144311509
COHFACE_s29_session0_lamp,85,57,86.9,-0.9085723757743835,-0.8841904528616139
COHFACE_s29_session0_lamp,85,58,86.93333333333334,-0.9782596826553345,-0.9489956748386028
COHFACE_s29_session0_lamp,85,59,86.96666666666667,-1.0384892225265503,-0.9523312374418159
COHFACE_s29_session0_lamp,85,60,87.0,-1.0886768102645874,-0.884915511140982
COHFACE_s29_session0_lamp,85,61,87.03333333333333,-1.1271300315856934,-0.7538654355067927
COHFACE_s29_session0_lamp,85,62,87.06666666666666,-1.1569311618804932,-0.5824776221154464
COHFACE_s29_session0_lamp,85,63,87.1,-1.1781774759292603,-0.40162199575625795
COHFACE_s29_session0_lamp,85,64,87.13333333333334,-1.188673496246338,-0.23486667519300605
COHFACE_s29_session0_lamp,85,65,87.16666666666667,-1.1901497840881348,-0.08516620570940513
COHFACE_s29_session0_lamp,85,66,87.2,-1.192112684249878,0.06685908752006685
COHFACE_s29_session0_lamp,85,67,87.23333333333333,-1.207783818244934,0.248592027830283
COHFACE_s29_session0_lamp,85,68,87.26666666666667,-1.2292951345443726,0.4725849109145833
COHFACE_s29_session0_lamp,85,69,87.3,-1.0682686567306519,0.7210047102249776
COHFACE_s29_session0_lamp,85,70,87.33333333333333,-0.22206006944179535,0.9490901391735874
COHFACE_s29_session0_lamp,85,71,87.36666666666666,1.0884368419647217,1.1063671576491463
COHFACE_s29_session0_lamp,85,72,87.4,1.9014590978622437,1.1622846862034215
COHFACE_s29_session0_lamp,85,73,87.43333333333334,1.9305139780044556,1.1202649655974162
COHFACE_s29_session0_lamp,85,74,87.46666666666667,1.6571993827819824,1.0128196262677138
COHFACE_s29_session0_lamp,85,75,87.5,1.4891104698181152,0.8828461719895474
COHFACE_s29_session0_lamp,85,76,87.53333333333333,1.4794526100158691,0.763234019931039
COHFACE_s29_session0_lamp,85,77,87.56666666666666,1.4833135604858398,0.6656585200798762
COHFACE_s29_session0_lamp,85,78,87.6,1.3193724155426025,0.582459736005141
COHFACE_s29_session0_lamp,85,79,87.63333333333334,1.0089564323425293,0.4976557983550373
COHFACE_s29_session0_lamp,85,80,87.66666666666667,0.7435962557792664,0.39895222173256706
COHFACE_s29_session0_lamp,85,81,87.7,0.5834619402885437,0.2838771142970941
COHFACE_s29_session0_lamp,85,82,87.73333333333333,0.43453216552734375,0.15840543941130308
COHFACE_s29_session0_lamp,85,83,87.76666666666667,0.24467788636684418,0.03143058490205502
COHFACE_s29_session0_lamp,85,84,87.8,0.02624460682272911,-0.09023166210668425
COHFACE_s29_session0_lamp,85,85,87.83333333333333,-0.18080033361911774,-0.2035303568933265
COHFACE_s29_session0_lamp,85,86,87.86666666666666,-0.346834272146225,-0.30757951310613824
COHFACE_s29_session0_lamp,85,87,87.9,-0.46737974882125854,-0.40082968021580345
COHFACE_s29_session0_lamp,85,88,87.93333333333334,-0.5538846254348755,-0.4795338570186795
COHFACE_s29_session0_lamp,85,89,87.96666666666667,-0.6177912354469299,-0.538726431560534
COHFACE_s29_session0_lamp,85,90,88.0,-0.6710233092308044,-0.5746883747321389
COHFACE_s29_session0_lamp,85,91,88.03333333333333,-0.722362756729126,-0.5865939208869191
COHFACE_s29_session0_lamp,85,92,88.06666666666666,-0.7747945785522461,-0.5759415059368802
COHFACE_s29_session0_lamp,85,93,88.1,-0.8307844996452332,-0.5444815470709755
COHFACE_s29_session0_lamp,85,94,88.13333333333334,-0.886747419834137,-0.49278082580408095
COHFACE_s29_session0_lamp,85,95,88.16666666666667,-0.9392386674880981,-0.42116853930575304
COHFACE_s29_session0_lamp,85,96,88.2,-0.9818989634513855,-0.33278912034811775
COHFACE_s29_session0_lamp,85,97,88.23333333333333,-1.0145227909088135,-0.23645342418030854
COHFACE_s29_session0_lamp,85,98,88.26666666666667,-1.038727045059204,-0.1466130984976519
COHFACE_s29_session0_lamp,85,99,88.3,-1.05282461643219,-0.07944883336882534
COHFACE_s29_session0_lamp,85,100,88.33333333333333,-1.0610982179641724,-0.04673175296607571
COHFACE_s29_session0_lamp,85,101,88.36666666666666,-1.0639371871948242,-0.050799654313433806
COHFACE_s29_session0_lamp,85,102,88.4,-1.062606930732727,-0.08338855746765542
COHFACE_s29_session0_lamp,85,103,88.43333333333334,-1.057723879814148,-0.12896203254576336
COHFACE_s29_session0_lamp,85,104,88.46666666666667,-1.0560961961746216,-0.17108465167226003
COHFACE_s29_session0_lamp,85,105,88.5,-1.0661271810531616,-0.198918991550306
COHFACE_s29_session0_lamp,85,106,88.53333333333333,-0.9936820864677429,-0.21046571590565152
COHFACE_s29_session0_lamp,85,107,88.56666666666666,-0.3893864154815674,-0.21052414782053785
COHFACE_s29_session0_lamp,85,108,88.6,0.8198592066764832,-0.20445783584853827
COHFACE_s29_session0_lamp,85,109,88.63333333333334,1.7907500267028809,-0.1917088062258964
COHFACE_s29_session0_lamp,85,110,88.66666666666667,1.9868500232696533,-0.16347463441472623
COHFACE_s29_session0_lamp,85,111,88.7,1.730244755744934,-0.10665094860716691
COHFACE_s29_session0_lamp,85,112,88.73333333333333,1.476072907447815,-0.01231763961033961
COHFACE_s29_session0_lamp,85,113,88.76666666666667,1.3972737789154053,0.11601857188219578
COHFACE_s29_session0_lamp,85,114,88.8,1.4109008312225342,0.25959800403182337
COHFACE_s29_session0_lamp,85,115,88.83333333333333,1.3029279708862305,0.3895581015553201
COHFACE_s29_session0_lamp,85,116,88.86666666666666,1.0486479997634888,0.4782791413616409
COHFACE_s29_session0_lamp,85,117,88.9,0.835708737373352,0.5114137289439981
COHFACE_s29_session0_lamp,85,118,88.93333333333334,0.7107290625572205,0.49414938974368466
COHFACE_s29_session0_lamp,85,119,88.96666666666667,0.5794116854667664,0.4479278392668022
COHFACE_s29_session0_lamp,85,120,89.0,0.40437957644462585,0.399021440361153
COHFACE_s29_session0_lamp,85,121,89.03333333333333,0.19830258190631866,0.3650577337245336
COHFACE_s29_session0_lamp,85,122,89.06666666666666,-0.00039847628795541823,0.34688825045035643
COHFACE_s29_session0_lamp,85,123,89.1,-0.1583535224199295,0.3302882739137031
COHFACE_s29_session0_lamp,85,124,89.13333333333334,-0.2776336371898651,0.2963095256849933
COHFACE_s29_session0_lamp,85,125,89.16666666666667,-0.3674965798854828,0.23391295532123205
COHFACE_s29_session0_lamp,85,126,89.2,-0.4259631931781769,0.1470080856530818
COHFACE_s29_session0_lamp,85,127,89.23333333333333,-0.4776487350463867,0.05162258977624176
COHFACE_s29_session0_lamp,85,128,89.26666666666667,-0.5309889912605286,-0.03417819274578071
COHFACE_s29_session0_lamp,85,129,89.3,-0.5872979760169983,-0.10005566303663381
COHFACE_s29_session0_lamp,85,130,89.33333333333333,-0.6456618309020996,-0.1463172606345645
COHFACE_s29_session0_lamp,85,131,89.36666666666666,-0.7109690308570862,-0.17906919388831993
COHFACE_s29_session0_lamp,85,132,89.4,-0.7710200548171997,-0.2023691646899459
COHFACE_s29_session0_lamp,85,133,89.43333333333334,-0.8220674991607666,-0.2138475483995218
COHFACE_s29_session0_lamp,85,134,89.46666666666667,-0.8710924983024597,-0.20684959989635798
COHFACE_s29_session0_lamp,85,135,89.5,-0.8987089395523071,-0.17680842794577936
COHFACE_s29_session0_lamp,85,136,89.53333333333333,-0.9165160655975342,-0.1265559649434173
COHFACE_s29_session0_lamp,85,137,89.56666666666666,-0.9439703226089478,-0.06635628570104013
COHFACE_s29_session0_lamp,85,138,89.6,-0.9711595177650452,-0.008541514744651979
COHFACE_s29_session0_lamp,85,139,89.63333333333334,-0.8687996864318848,0.0393480788075691
COHFACE_s29_session0_lamp,85,140,89.66666666666667,-0.18242259323596954,0.0779692888760039
COHFACE_s29_session0_lamp,85,141,89.7,1.0167053937911987,0.11367061326835579
COHFACE_s29_session0_lamp,85,142,89.73333333333333,1.8495789766311646,0.15189958563532868
COHFACE_s29_session0_lamp,85,143,89.76666666666667,1.929329752922058,0.19116467724745945
COHFACE_s29_session0_lamp,85,144,89.8,1.6530084609985352,0.22145241280102945
COHFACE_s29_session0_lamp,85,145,89.83333333333333,1.4346293210983276,0.22792862385584828
COHFACE_s29_session0_lamp,85,146,89.86666666666666,1.3793476819992065,0.19784673046919524
COHFACE_s29_session0_lamp,85,147,89.9,1.363481879234314,0.12713300193137525
COHFACE_s29_session0_lamp,85,148,89.93333333333334,1.2058730125427246,0.023377428184326823
COHFACE_s29_session0_lamp,85,149,89.96666666666667,0.9236952662467957,-0.09627539112160716
COHFACE_s29_session0_lamp,85,150,90.0,0.7012550234794617,-0.21131132918371043
COHFACE_s29_session0_lamp,85,151,90.03333333333333,0.5668715238571167,-0.3050330515898812
COHFACE_s29_session0_lamp,85,152,90.06666666666666,0.4325583875179291,-0.3692175001923716
COHFACE_s29_session0_lamp,85,153,90.1,0.2505072355270386,-0.40423181924686097
COHFACE_s29_session0_lamp,85,154,90.13333333333334,0.03754642233252525,-0.4153593014471521
COHFACE_s29_session0_lamp,85,155,90.16666666666667,-0.1646316945552826,-0.40827034846584737
COHFACE_s29_session0_lamp,85,156,90.2,-0.33026549220085144,-0.3866601795694651
COHFACE_s29_session0_lamp,85,157,90.23333333333333,-0.4552343785762787,-0.35317284667507265
COHFACE_s29_session0_lamp,85,158,90.26666666666667,-0.5424314141273499,-0.3121894781181438
COHFACE_s29_session0_lamp,85,159,90.3,-0.599465012550354,-0.2716473070119199
COHFACE_s29_session0_lamp,85,160,90.33333333333333,-0.6451210975646973,-0.24179921419825665
COHFACE_s29_session0_lamp,85,161,90.36666666666666,-0.6953790187835693,-0.23110695290767688
COHFACE_s29_session0_lamp,85,162,90.4,-0.7478540539741516,-0.2416708170040586
COHFACE_s29_session0_lamp,85,163,90.43333333333334,-0.8041630387306213,-0.26712140173194043
COHFACE_s29_session0_lamp,85,164,90.46666666666667,-0.8640086054801941,-0.2942680186350649
COHFACE_s29_session0_lamp,85,165,90.5,-0.9189062118530273,-0.3074137829661897
COHFACE_s29_session0_lamp,85,166,90.53333333333333,-0.9686504602432251,-0.29293728943154557
COHFACE_s29_session0_lamp,85,167,90.56666666666666,-1.0103427171707153,-0.2421769478791102
COHFACE_s29_session0_lamp,85,168,90.6,-1.0382728576660156,-0.15226908369328118
COHFACE_s29_session0_lamp,85,169,90.63333333333334,-1.0489528179168701,-0.025960655448622427
COHFACE_s29_session0_lamp,85,170,90.66666666666667,-1.0484986305236816,0.12857737636056948
COHFACE_s29_session0_lamp,85,171,90.7,-1.048006534576416,0.29806073772696906
COHFACE_s29_session0_lamp,85,172,90.73333333333333,-1.062980055809021,0.46574165026114805
COHFACE_s29_session0_lamp,85,173,90.76666666666667,-1.0584214925765991,0.6151498167283452
COHFACE_s29_session0_lamp,85,174,90.8,-0.6949518322944641,0.7345791336813127
COHFACE_s29_session0_lamp,85,175,90.83333333333333,0.41595175862312317,0.8196785160938982
COHFACE_s29_session0_lamp,85,176,90.86666666666666,1.6528732776641846,0.8728268439802644
COHFACE_s29_session0_lamp,85,177,90.9,2.156447649002075,0.9002112018322325
COHFACE_s29_session0_lamp,85,178,90.93333333333334,2.0093348026275635,0.9082937305048343
COHFACE_s29_session0_lamp,85,179,90.96666666666667,1.7536216974258423,0.9006563398047798
COHFACE_s29_session0_lamp,85,180,91.0,1.655961036682129,0.8754565735191051
COHFACE_s29_session0_lamp,85,181,91.03333333333333,1.666776180267334,0.8241169484517205
COHFACE_s29_session0_lamp,85,182,91.06666666666666,1.608655571937561,0.7330866817043187
COHFACE_s29_session0_lamp,85,183,91.1,1.3614541292190552,0.5900849149854631
COHFACE_s29_session0_lamp,85,184,91.13333333333334,1.0308948755264282,0.3929160069291172
COHFACE_s29_session0_lamp,85,185,91.16666666666667,0.7896957397460938,0.15564242375026935
COHFACE_s29_session0_lamp,85,186,91.2,0.6316271424293518,-0.0928335371358778
COHFACE_s29_session0_lamp,85,187,91.23333333333333,0.4713036119937897,-0.3185267847033176
COHFACE_s29_session0_lamp,85,188,91.26666666666667,0.2716508209705353,-0.495671846102998
COHFACE_s29_session0_lamp,85,189,91.3,0.06274569034576416,-0.6160788276704153
COHFACE_s29_session0_lamp,85,190,91.33333333333333,-0.1289958357810974,-0.6895603232271708
COHFACE_s29_session0_lamp,85,191,91.36666666666666,-0.2820029556751251,-0.7359553889195782
COHFACE_s29_session0_lamp,85,192,91.4,-0.4014344811439514,-0.7738082539427551
COHFACE_s29_session0_lamp,85,193,91.43333333333334,-0.48820430040359497,-0.8119784337428626
COHFACE_s29_session0_lamp,85,194,91.46666666666667,-0.5518297553062439,-0.8481270101803353
COHFACE_s29_session0_lamp,85,195,91.5,-0.6125404834747314,-0.8737083346292706
COHFACE_s29_session0_lamp,85,196,91.53333333333333,-0.6688927412033081,-0.8812704152611911
COHFACE_s29_session0_lamp,85,197,91.56666666666666,-0.7293601632118225,-0.8687529690736184
COHFACE_s29_session0_lamp,85,198,91.6,-0.7935047149658203,-0.8378810133965033
COHFACE_s29_session0_lamp,85,199,91.63333333333334,-0.8526202440261841,-0.7883745340829061
COHFACE_s29_session0_lamp,85,200,91.66666666666667,-0.9060091972351074,-0.713542535909504
COHFACE_s29_session0_lamp,85,201,91.7,-0.9538823962211609,-0.6023251923522961
COHFACE_s29_session0_lamp,85,202,91.73333333333333,-0.9944769740104675,-0.44740967600847437
COHFACE_s29_session0_lamp,85,203,91.76666666666667,-1.022407054901123,-0.25355851103000343
COHFACE_s29_session0_lamp,85,204,91.8,-1.037396788597107,-0.039772115110986994
COHFACE_s29_session0_lamp,85,205,91.83333333333333,-1.0477685928344727,0.16688974740969717
COHFACE_s29_session0_lamp,85,206,91.86666666666666,-1.0488338470458984,0.3425206964790138
COHFACE_s29_session0_lamp,85,207,91.9,-1.0466762781143188,0.47592691108277224
COHFACE_s29_session0_lamp,85,208,91.93333333333334,-1.0548200607299805,0.5705870379678998
COHFACE_s29_session0_lamp,85,209,91.96666666666667,-1.0726325511932373,0.6377846225111062
COHFACE_s29_session0_lamp,85,210,92.0,-0.9481070637702942,0.685768402734888
COHFACE_s29_session0_lamp,85,211,92.03333333333333,-0.15773704648017883,0.7127487736024312
COHFACE_s29_session0_lamp,85,212,92.06666666666666,1.1823554039001465,0.7087233920856781
COHFACE_s29_session0_lamp,85,213,92.1,2.091897487640381,0.6648676608523189
COHFACE_s29_session0_lamp,85,214,92.13333333333334,2.1756985187530518,0.5840419021848329
COHFACE_s29_session0_lamp,85,215,92.16666666666667,1.8989770412445068,0.4850021113870131
COHFACE_s29_session0_lamp,85,216,92.2,1.7090741395950317,0.3966681170217755
COHFACE_s29_session0_lamp,85,217,92.23333333333333,1.683782935142517,0.344850324248131
COHFACE_s29_session0_lamp,85,218,92.26666666666667,1.6879359483718872,0.33856140481955205
COHFACE_s29_session0_lamp,85,219,92.3,1.528093695640564,0.36386094040945494
COHFACE_s29_session0_lamp,85,220,92.33333333333333,1.2008060216903687,0.3894756181747052
COHFACE_s29_session0_lamp,85,221,92.36666666666666,0.9078889489173889,0.38187373888600756
COHFACE_s29_session0_lamp,85,222,92.4,0.7279900312423706,0.3215714568264872
COHFACE_s29_session0_lamp,85,223,92.43333333333334,0.5831483006477356,0.21147448062247534
COHFACE_s29_session0_lamp,85,224,92.46666666666667,0.4028870761394501,0.0733488085345435
COHFACE_s29_session0_lamp,85,225,92.5,0.19486336410045624,-0.06419269479712571
COHFACE_s29_session0_lamp,85,226,92.53333333333333,-0.010364622808992863,-0.1787931811983798
COHFACE_s29_session0_lamp,85,227,92.56666666666666,-0.1803947538137436,-0.26185645587975126
COHFACE_s29_session0_lamp,85,228,92.6,-0.3144970238208771,-0.3177162074933758
COHFACE_s29_session0_lamp,85,229,92.63333333333334,-0.4157591164112091,-0.35653086696590724
COHFACE_s29_session0_lamp,85,230,92.66666666666667,-0.4875716269016266,-0.3861278369605175
COHFACE_s29_session0_lamp,85,231,92.7,-0.5417446494102478,-0.40776057099083957
COHFACE_s29_session0_lamp,85,232,92.73333333333333,-0.5894501805305481,-0.4173049760714212
COHFACE_s29_session0_lamp,85,233,92.76666666666667,-0.6431095004081726,-0.40972394304613446
COHFACE_s29_session0_lamp,85,234,92.8,-0.6987317204475403,-0.3833869264430281
COHFACE_s29_session0_lamp,85,235,92.83333333333333,-0.753191351890564,-0.3418326535750702
COHFACE_s29_session0_lamp,85,236,92.86666666666666,-0.8132585883140564,-0.29229800328532285
COHFACE_s29_session0_lamp,85,237,92.9,-0.8659552931785583,-0.24207269853207575
COHFACE_s29_session0_lamp,85,238,92.93333333333334,-0.9030728936195374,-0.19499358591426333
COHFACE_s29_session0_lamp,85,239,92.96666666666667,-0.9311867952346802,-0.15026412006040887
COHFACE_s29_session0_lamp,86,0,86.0,-1.0645860433578491,-0.04136091355165864
COHFACE_s29_session0_lamp,86,1,86.03333333333333,-1.089552879333496,0.396472064892024
COHFACE_s29_session0_lamp,86,2,86.06666666666666,-1.0851672887802124,0.7752145408367785
COHFACE_s29_session0_lamp,86,3,86.1,-0.7066646218299866,1.0510823961593423
COHFACE_s29_session0_lamp,86,4,86.13333333333334,0.430681973695755,1.2097551397915172
COHFACE_s29_session0_lamp,86,5,86.16666666666667,1.6649645566940308,1.2687206929022083
COHFACE_s29_session0_lamp,86,6,86.2,2.137385845184326,1.267545225811919
COHFACE_s29_session0_lamp,86,7,86.23333333333333,1.968788743019104,1.249530787626528
COHFACE_s29_session0_lamp,86,8,86.26666666666667,1.7126917839050293,1.2429117232844786
COHFACE_s29_session0_lamp,86,9,86.3,1.6150473356246948,1.2506185910804686
COHFACE_s29_session0_lamp,86,10,86.33333333333333,1.6152690649032593,1.253787005177348
COHFACE_s29_session0_lamp,86,11,86.36666666666666,1.5421695709228516,1.2266453695744035
COHFACE_s29_session0_lamp,86,12,86.4,1.2804865837097168,1.1529961056542013
COHFACE_s29_session0_lamp,86,13,86.43333333333334,0.9549131989479065,1.0335614055107096
COHFACE_s29_session0_lamp,86,14,86.46666666666667,0.7292662262916565,0.8812044539425108
COHFACE_s29_session0_lamp,86,15,86.5,0.5773946642875671,0.7103296267212602
COHFACE_s29_session0_lamp,86,16,86.53333333333333,0.41237735748291016,0.5294152677495239
COHFACE_s29_session0_lamp,86,17,86.56666666666666,0.21019382774829865,0.34104497018465435
COHFACE_s29_session0_lamp,86,18,86.6,-0.010954047553241253,0.14680122488990993
COHFACE_s29_session0_lamp,86,19,86.63333333333334,-0.2099146693944931,-0.04905683884888928
COHFACE_s29_session0_lamp,86,20,86.66666666666667,-0.37006518244743347,-0.24047086289778594
COHFACE_s29_session0_lamp,86,21,86.7,-0.4950070381164551,-0.4232713380215648
COHFACE_s29_session0_lamp,86,22,86.73333333333333,-0.5839506983757019,-0.5976831431340796
COHFACE_s29_session0_lamp,86,23,86.76666666666667,-0.6481330990791321,-0.7671945065829346
COHFACE_s29_session0_lamp,86,24,86.8,-0.7131374478340149,-0.9345394713166931
COHFACE_s29_session0_lamp,86,25,86.83333333333333,-0.7770116329193115,-1.0975875557879802
COHFACE_s29_session0_lamp,86,26,86.86666666666666,-0.8401936888694763,-1.247395692938276
COHFACE_s29_session0_lamp,86,27,86.9,-0.9085723757743835,-1.3690240486092997
COHFACE_s29_session0_lamp,86,28,86.93333333333334,-0.9782596826553345,-1.444844872146527
COHFACE_s29_session0_lamp,86,29,86.96666666666667,-1.0384892225265503,-1.4597442591047443
COHFACE_s29_session0_lamp,86,30,87.0,-1.0886768102645874,-1.406857800357233
COHFACE_s29_session0_lamp,86,31,87.03333333333333,-1.1271300315856934,-1.2913157746757056
COHFACE_s29_session0_lamp,86,32,87.06666666666666,-1.1569311618804932,-1.1289999143452745
COHFACE_s29_session0_lamp,86,33,87.1,-1.1781774759292603,-0.9392488879379239
COHFACE_s29_session0_lamp,86,34,87.13333333333334,-1.188673496246338,-0.7347658427639572
COHFACE_s29_session0_lamp,86,35,87.16666666666667,-1.1901497840881348,-0.5152056561681744
COHFACE_s29_session0_lamp,86,36,87.2,-1.192112684249878,-0.26967249003208876
COHFACE_s29_session0_lamp,86,37,87.23333333333333,-1.207783818244934,0.012029284503678718
COHFACE_s29_session0_lamp,86,38,87.26666666666667,-1.2292951345443726,0.325794773617114
COHFACE_s29_session0_lamp,86,39,87.3,-1.0682686567306519,0.6464222241401845
COHFACE_s29_session0_lamp,86,40,87.33333333333333,-0.22206006944179535,0.9334687636053308
COHFACE_s29_session0_lamp,86,41,87.36666666666666,1.0884368419647217,1.147801551601271
COHFACE_s29_session0_lamp,86,42,87.4,1.9014590978622437,1.2693160090228466
COHFACE_s29_session0_lamp,86,43,87.43333333333334,1.9305139780044556,1.304735002237657
COHFACE_s29_session0_lamp,86,44,87.46666666666667,1.6571993827819824,1.2809259272959366
COHFACE_s29_session0_lamp,86,45,87.5,1.4891104698181152,1.2286726099993088
COHFACE_s29_session0_lamp,86,46,87.53333333333333,1.4794526100158691,1.1672759874259075
COHFACE_s29_session0_lamp,86,47,87.56666666666666,1.4833135604858398,1.0986894346747258
COHFACE_s29_session0_lamp,86,48,87.6,1.3193724155426025,1.0127946312848186
COHFACE_s29_session0_lamp,86,49,87.63333333333334,1.0089564323425293,0.8982788202004606
COHFACE_s29_session0_lamp,86,50,87.66666666666667,0.7435962557792664,0.7513053104582775
COHFACE_s29_session0_lamp,86,51,87.7,0.5834619402885437,0.5773120286151942
COHFACE_s29_session0_lamp,86,52,87.73333333333333,0.43453216552734375,0.38686046180586303
COHFACE_s29_session0_lamp,86,53,87.76666666666667,0.24467788636684418,0.19016476982380145
COHFACE_s29_session0_lamp,86,54,87.8,0.02624460682272911,-0.00572205706943681
COHFACE_s29_session0_lamp,86,55,87.83333333333333,-0.18080033361911774,-0.19631573091274943
COHFACE_s29_session0_lamp,86,56,87.86666666666666,-0.346834272146225,-0.37752482808977883
COHFACE_s29_session0_lamp,86,57,87.9,-0.46737974882125854,-0.544260529410957
COHFACE_s29_session0_lamp,86,58,87.93333333333334,-0.5538846254348755,-0.6910087454752322
COHFACE_s29_session0_lamp,86,59,87.96666666666667,-0.6177912354469299,-0.8136950068925857
COHFACE_s29_session0_lamp,86,60,88.0,-0.6710233092308044,-0.9109525698156644
COHFACE_s29_session0_lamp,86,61,88.03333333333333,-0.722362756729126,-0.9831579277369111
COHFACE_s29_session0_lamp,86,62,88.06666666666666,-0.7747945785522461,-1.029293413401782
COHFACE_s29_session0_lamp,86,63,88.1,-0.8307844996452332,-1.0437829230407556
COHFACE_s29_session0_lamp,86,64,88.13333333333334,-0.886747419834137,-1.01640386909817
COHFACE_s29_session0_lamp,86,65,88.16666666666667,-0.9392386674880981,-0.9369754514540479
COHFACE_s29_session0_lamp,86,66,88.2,-0.9818989634513855,-0.803064649536345
COHFACE_s29_session0_lamp,86,67,88.23333333333333,-1.0145227909088135,-0.6259656722275858
COHFACE_s29_session0_lamp,86,68,88.26666666666667,-1.038727045059204,-0.4302719733917478
COHFACE_s29_session0_lamp,86,69,88.3,-1.05282461643219,-0.2458364334719484
COHFACE_s29_session0_lamp,86,70,88.33333333333333,-1.0610982179641724,-0.09584679258174732
COHFACE_s29_session0_lamp,86,71,88.36666666666666,-1.0639371871948242,0.01240242763198729
COHFACE_s29_session0_lamp,86,72,88.4,-1.062606930732727,0.08896139626684568
COHFACE_s29_session0_lamp,86,73,88.43333333333334,-1.057723879814148,0.1543043253834554
COHFACE_s29_session0_lamp,86,74,88.46666666666667,-1.0560961961746216,0.22787574414287837
COHFACE_s29_session0_lamp,86,75,88.5,-1.0661271810531616,0.31816976196335117
COHFACE_s29_session0_lamp,86,76,88.53333333333333,-0.9936820864677429,0.41951550309432106
COHFACE_s29_session0_lamp,86,77,88.56666666666666,-0.3893864154815674,0.5170160779274229
COHFACE_s29_session0_lamp,86,78,88.6,0.8198592066764832,0.5963087121385152
COHFACE_s29_session0_lamp,86,79,88.63333333333334,1.7907500267028809,0.652068821731657
COHFACE_s29_session0_lamp,86,80,88.66666666666667,1.9868500232696533,0.6904007900645392
COHFACE_s29_session0_lamp,86,81,88.7,1.730244755744934,0.7241348392977904
COHFACE_s29_session0_lamp,86,82,88.73333333333333,1.476072907447815,0.7638922979623625
COHFACE_s29_session0_lamp,86,83,88.76666666666667,1.3972737789154053,0.8098106888265822
COHFACE_s29_session0_lamp,86,84,88.8,1.4109008312225342,0.8484061607062713
COHFACE_s29_session0_lamp,86,85,88.83333333333333,1.3029279708862305,0.8565458519999463
COHFACE_s29_session0_lamp,86,86,88.86666666666666,1.0486479997634888,0.8110230293503838
COHFACE_s29_session0_lamp,86,87,88.9,0.835708737373352,0.6992676363436033
COHFACE_s29_session0_lamp,86,88,88.93333333333334,0.7107290625572205,0.5257419445889019
COHFACE_s29_session0_lamp,86,89,88.96666666666667,0.5794116854667664,0.3105301489802189
COHFACE_s29_session0_lamp,86,90,89.0,0.40437957644462585,0.08093376180599617
COHFACE_s29_session0_lamp,86,91,89.03333333333333,0.19830258190631866,-0.13919992038242104
COHFACE_s29_session0_lamp,86,92,89.06666666666666,-0.00039847628795541823,-0.336776883562873
COHFACE_s29_session0_lamp,86,93,89.1,-0.1583535224199295,-0.5101034597360932
COHFACE_s29_session0_lamp,86,94,89.13333333333334,-0.2776336371898651,-0.6636207451161161
COHFACE_s29_session0_lamp,86,95,89.16666666666667,-0.3674965798854828,-0.8007485022184914
COHFACE_s29_session0_lamp,86,96,89.2,-0.4259631931781769,-0.9194927669431993
COHFACE_s29_session0_lamp,86,97,89.23333333333333,-0.4776487350463867,-1.0131055929754573
COHFACE_s29_session0_lamp,86,98,89.26666666666667,-0.5309889912605286,-1.0742339051408396
COHFACE_s29_session0_lamp,86,99,89.3,-0.5872979760169983,-1.0986654219898968
COHFACE_s29_session0_lamp,86,100,89.33333333333333,-0.6456618309020996,-1.085875051657485
COHFACE_s29_session0_lamp,86,101,89.36666666666666,-0.7109690308570862,-1.0367116216478538
COHFACE_s29_session0_lamp,86,102,89.4,-0.7710200548171997,-0.950965763877808
COHFACE_s29_session0_lamp,86,103,89.43333333333334,-0.8220674991607666,-0.8274636225869266
COHFACE_s29_session0_lamp,86,104,89.46666666666667,-0.8710924983024597,-0.6668710914647267
COHFACE_s29_session0_lamp,86,105,89.5,-0.8987089395523071,-0.47474282839707166
COHFACE_s29_session0_lamp,86,106,89.53333333333333,-0.9165160655975342,-0.26180620111715397
COHFACE_s29_session0_lamp,86,107,89.56666666666666,-0.9439703226089478,-0.04049141896314066
COHFACE_s29_session0_lamp,86,108,89.6,-0.9711595177650452,0.18011414949032262
COHFACE_s29_session0_lamp,86,109,89.63333333333334,-0.8687996864318848,0.39701754282162127
COHFACE_s29_session0_lamp,86,110,89.66666666666667,-0.18242259323596954,0.611348392094828
COHFACE_s29_session0_lamp,86,111,89.7,1.0167053937911987,0.8226876109142627
COHFACE_s29_session0_lamp,86,112,89.73333333333333,1.8495789766311646,1.023579295558277
COHFACE_s29_session0_lamp,86,113,89.76666666666667,1.929329752922058,1.1981405751160172
COHFACE_s29_session0_lamp,86,114,89.8,1.6530084609985352,1.3257137259395637
COHFACE_s29_session0_lamp,86,115,89.83333333333333,1.4346293210983276,1.387314124660513
COHFACE_s29_session0_lamp,86,116,89.86666666666666,1.3793476819992065,1.371811273121288
COHFACE_s29_session0_lamp,86,117,89.9,1.363481879234314,1.2797263835404997
COHFACE_s29_session0_lamp,86,118,89.93333333333334,1.2058730125427246,1.12355381754314
COHFACE_s29_session0_lamp,86,119,89.96666666666667,0.9236952662467957,0.9243628007129754
COHFACE_s29_session0_lamp,86,120,90.0,0.7012550234794617,0.7055303343402808
COHFACE_s29_session0_lamp,86,121,90.03333333333333,0.5668715238571167,0.48578405454595375
COHFACE_s29_session0_lamp,86,122,90.06666666666666,0.4325583875179291,0.27462894683896427
COHFACE_s29_session0_lamp,86,123,90.1,0.2505072355270386,0.07247955640746438
COHFACE_s29_session0_lamp,86,124,90.13333333333334,0.03754642233252525,-0.12484168415079362
COHFACE_s29_session0_lamp,86,125,90.16666666666667,-0.1646316945552826,-0.32027583088515255
COHFACE_s29_session0_lamp,86,126,90.2,-0.33026549220085144,-0.512003831381121
COHFACE_s29_session0_lamp,86,127,90.23333333333333,-0.4552343785762787,-0.6939849745119924
COHFACE_s29_session0_lamp,86,128,90.26666666666667,-0.5424314141273499,-0.8592815582173831
COHFACE_s29_session0_lamp,86,129,90.3,-0.599465012550354,-1.0030552132814767
COHFACE_s29_session0_lamp,86,130,90.33333333333333,-0.6451210975646973,-1.1229356268599133
COHFACE_s29_session0_lamp,86,131,90.36666666666666,-0.6953790187835693,-1.2169315137052725
COHFACE_s29_session0_lamp,86,132,90.4,-0.7478540539741516,-1.2810710381567387
COHFACE_s29_session0_lamp,86,133,90.43333333333334,-0.8041630387306213,-1.309073732063314
COHFACE_s29_session0_lamp,86,134,90.46666666666667,-0.8640086054801941,-1.2945297135884106
COHFACE_s29_session0_lamp,86,135,90.5,-0.9189062118530273,-1.2338829896369572
COHFACE_s29_session0_lamp,86,136,90.53333333333333,-0.9686504602432251,-1.1277891218367464
COHFACE_s29_session0_lamp,86,137,90.56666666666666,-1.0103427171707153,-0.9796793608594099
COHFACE_s29_session0_lamp,86,138,90.6,-1.0382728576660156,-0.7927296539679246
COHFACE_s29_session0_lamp,86,139,90.63333333333334,-1.0489528179168701,-0.5679865723324664
COHFACE_s29_session0_lamp,86,140,90.66666666666667,-1.0484986305236816,-0.3057184005680892
COHFACE_s29_session0_lamp,86,141,90.7,-1.048006534576416,-0.00955962725869582
COHFACE_s29_session0_lamp,86,142,90.73333333333333,-1.062980055809021,0.3094765398711221
COHFACE_s29_session0_lamp,86,143,90.76666666666667,-1.0584214925765991,0.6322976537662435
COHFACE_s29_session0_lamp,86,144,90.8,-0.6949518322944641,0.9349912683532278
COHFACE_s29_session0_lamp,86,145,90.83333333333333,0.41595175862312317,1.1939549543869303
COHFACE_s29_session0_lamp,86,146,90.86666666666666,1.6528732776641846,1.3904101593858051
COHFACE_s29_session0_lamp,86,147,90.9,2.156447649002075,1.5131331212450312
COHFACE_s29_session0_lamp,86,148,90.93333333333334,2.0093348026275635,1.559387849803243
COHFACE_s29_session0_lamp,86,149,90.96666666666667,1.7536216974258423,1.5342579022761444
COHFACE_s29_session0_lamp,86,150,91.0,1.655961036682129,1.4482727360152663
COHFACE_s29_session0_lamp,86,151,91.03333333333333,1.666776180267334,1.3135823573951848
COHFACE_s29_session0_lamp,86,152,91.06666666666666,1.608655571937561,1.1403006040273254
COHFACE_s29_session0_lamp,86,153,91.1,1.3614541292190552,0.9353422575686753
COHFACE_s29_session0_lamp,86,154,91.13333333333334,1.0308948755264282,0.7046393118054989
COHFACE_s29_session0_lamp,86,155,91.16666666666667,0.7896957397460938,0.45692591798863014
COHFACE_s29_session0_lamp,86,156,91.2,0.6316271424293518,0.2055523583186575
COHFACE_s29_session0_lamp,86,157,91.23333333333333,0.4713036119937897,-0.034029195612962415
COHFACE_s29_session0_lamp,86,158,91.26666666666667,0.2716508209705353,-0.24967360070783973
COHFACE_s29_session0_lamp,86,159,91.3,0.06274569034576416,-0.4366594136561915
COHFACE_s29_session0_lamp,86,160,91.33333333333333,-0.1289958357810974,-0.5975142812243431
COHFACE_s29_session0_lamp,86,161,91.36666666666666,-0.2820029556751251,-0.7380364043223748
COHFACE_s29_session0_lamp,86,162,91.4,-0.4014344811439514,-0.86249495219377
COHFACE_s29_session0_lamp,86,163,91.43333333333334,-0.48820430040359497,-0.9710834362677507
COHFACE_s29_session0_lamp,86,164,91.46666666666667,-0.5518297553062439,-1.0607831667736438
COHFACE_s29_session0_lamp,86,165,91.5,-0.6125404834747314,-1.1283112915879265
COHFACE_s29_session0_lamp,86,166,91.53333333333333,-0.6688927412033081,-1.1724145186149615
COHFACE_s29_session0_lamp,86,167,91.56666666666666,-0.7293601632118225,-1.1933617339895706
COHFACE_s29_session0_lamp,86,168,91.6,-0.7935047149658203,-1.189809198443853
COHFACE_s29_session0_lamp,86,169,91.63333333333334,-0.8526202440261841,-1.155679819170567
COHFACE_s29_session0_lamp,86,170,91.66666666666667,-0.9060091972351074,-1.080441880121417
COHFACE_s29_session0_lamp,86,171,91.7,-0.9538823962211609,-0.9541840877869721
COHFACE_s29_session0_lamp,86,172,91.73333333333333,-0.9944769740104675,-0.7750374574039539
COHFACE_s29_session0_lamp,86,173,91.76666666666667,-1.022407054901123,-0.5538666723030574
COHFACE_s29_session0_lamp,86,174,91.8,-1.037396788597107,-0.3122445717480315
COHFACE_s29_session0_lamp,86,175,91.83333333333333,-1.0477685928344727,-0.07384881924009587
COHFACE_s29_session0_lamp,86,176,91.86666666666666,-1.0488338470458984,0.14611724464318582
COHFACE_s29_session0_lamp,86,177,91.9,-1.0466762781143188,0.34687741292358293
COHFACE_s29_session0_lamp,86,178,91.93333333333334,-1.0548200607299805,0.5388641287666298
COHFACE_s29_session0_lamp,86,179,91.96666666666667,-1.0726325511932373,0.7323417455256447
COHFACE_s29_session0_lamp,86,180,92.0,-0.9481070637702942,0.9249620212466183
COHFACE_s29_session0_lamp,86,181,92.03333333333333,-0.15773704648017883,1.0971633194149328
COHFACE_s29_session0_lamp,86,182,92.06666666666666,1.1823554039001465,1.2195195495448756
COHFACE_s29_session0_lamp,86,183,92.1,2.091897487640381,1.2681451514458923
COHFACE_s29_session0_lamp,86,184,92.13333333333334,2.1756985187530518,1.2387493520644306
COHFACE_s29_session0_lamp,86,185,92.16666666666667,1.8989770412445068,1.1504383716458908
COHFACE_s29_session0_lamp,86,186,92.2,1.7090741395950317,1.0366521572515819
COHFACE_s29_session0_lamp,86,187,92.23333333333333,1.683782935142517,0.9284038339559596
COHFACE_s29_session0_lamp,86,188,92.26666666666667,1.6879359483718872,0.839296142567352
COHFACE_s29_session0_lamp,86,189,92.3,1.528093695640564,0.7605371054006775
COHFACE_s29_session0_lamp,86,190,92.33333333333333,1.2008060216903687,0.6683684625492047
COHFACE_s29_session0_lamp,86,191,92.36666666666666,0.9078889489173889,0.5392196389638885
COHFACE_s29_session0_lamp,86,192,92.4,0.7279900312423706,0.3635163054287103
COHFACE_s29_session0_lamp,86,193,92.43333333333334,0.5831483006477356,0.1503908176239169
COHFACE_s29_session0_lamp,86,194,92.46666666666667,0.4028870761394501,-0.07794680467684488
COHFACE_s29_session0_lamp,86,195,92.5,0.19486336410045624,-0.29696312913072165
COHFACE_s29_session0_lamp,86,196,92.53333333333333,-0.010364622808992863,-0.4889088820099919
COHFACE_s29_session0_lamp,86,197,92.56666666666666,-0.1803947538137436,-0.64635241358045
COHFACE_s29_session0_lamp,86,198,92.6,-0.3144970238208771,-0.7702206316133704
COHFACE_s29_session0_lamp,86,199,92.63333333333334,-0.4157591164112091,-0.8651876593373398
COHFACE_s29_session0_lamp,86,200,92.66666666666667,-0.4875716269016266,-0.9357410587232139
COHFACE_s29_session0_lamp,86,201,92.7,-0.5417446494102478,-0.9848147617748032
COHFACE_s29_session0_lamp,86,202,92.73333333333333,-0.5894501805305481,-1.0147026362319571
COHFACE_s29_session0_lamp,86,203,92.76666666666667,-0.6431095004081726,-1.0283686224975095
COHFACE_s29_session0_lamp,86,204,92.8,-0.6987317204475403,-1.0291211620590512
COHFACE_s29_session0_lamp,86,205,92.83333333333333,-0.753191351890564,-1.0179718402859597
COHFACE_s29_session0_lamp,86,206,92.86666666666666,-0.8132585883140564,-0.9900953861458005
COHFACE_s29_session0_lamp,86,207,92.9,-0.8659552931785583,-0.9333687443113785
COHFACE_s29_session0_lamp,86,208,92.93333333333334,-0.9030728936195374,-0.8317476391150112
COHFACE_s29_session0_lamp,86,209,92.96666666666667,-0.9311867952346802,-0.6736411996564983
COHFACE_s29_session0_lamp,86,210,93.0,-0.9507838487625122,-0.46144604556920854
COHFACE_s29_session0_lamp,86,211,93.03333333333333,-0.9610527753829956,-0.21590691384365196
COHFACE_s29_session0_lamp,86,212,93.06666666666666,-0.9575648903846741,0.029449341257022286
COHFACE_s29_session0_lamp,86,213,93.1,-0.9597874283790588,0.24293380294695158
COHFACE_s29_session0_lamp,86,214,93.13333333333334,-0.9813528060913086,0.4107655685705999
COHFACE_s29_session0_lamp,86,215,93.16666666666667,-0.9765508770942688,0.5442123118244371
COHFACE_s29_session0_lamp,86,216,93.2,-0.5879306793212891,0.6717573076769233
COHFACE_s29_session0_lamp,86,217,93.23333333333333,0.5238760113716125,0.8194836054980315
COHFACE_s29_session0_lamp,86,218,93.26666666666667,1.6983726024627686,0.9912286997831153
COHFACE_s29_session0_lamp,86,219,93.3,2.1287553310394287,1.1613852496981112
COHFACE_s29_session0_lamp,86,220,93.33333333333333,1.9149564504623413,1.2854970802969008
COHFACE_s29_session0_lamp,86,221,93.36666666666666,1.5851110219955444,1.3223080083887264
COHFACE_s29_session0_lamp,86,222,93.4,1.4213969707489014,1.253641519137378
COHFACE_s29_session0_lamp,86,223,93.43333333333334,1.401313304901123,1.090480069459496
COHFACE_s29_session0_lamp,86,224,93.46666666666667,1.3228007555007935,0.863736536049264
COHFACE_s29_session0_lamp,86,225,93.5,1.0901942253112793,0.6081246946642488
COHFACE_s29_session0_lamp,86,226,93.53333333333333,0.8682082295417786,0.3496392627798996
COHFACE_s29_session0_lamp,86,227,93.56666666666666,0.7389565706253052,0.10215567464073068
COHFACE_s29_session0_lamp,86,228,93.6,0.6203199625015259,-0.12816312325309698
COHFACE_s29_session0_lamp,86,229,93.63333333333334,0.45173904299736023,-0.33613301158003484
COHFACE_s29_session0_lamp,86,230,93.66666666666667,0.23552827537059784,-0.5136432367101992
COHFACE_s29_session0_lamp,86,231,93.7,0.007783173117786646,-0.6504360937319684
COHFACE_s29_session0_lamp,86,232,93.73333333333333,-0.1866837590932846,-0.7380510748695525
COHFACE_s29_session0_lamp,86,233,93.76666666666667,-0.3342778980731964,-0.7738415446653698
COHFACE_s29_session0_lamp,86,234,93.8,-0.4333445429801941,-0.7625837461728179
COHFACE_s29_session0_lamp,86,235,93.83333333333333,-0.4956018626689911,-0.7149654691010816
COHFACE_s29_session0_lamp,86,236,93.86666666666666,-0.5441077351570129,-0.6438262263058244
COHFACE_s29_session0_lamp,86,237,93.9,-0.5869572758674622,-0.5598991332514575
COHFACE_s29_session0_lamp,86,238,93.93333333333334,-0.6352630853652954,-0.46893943907580715
COHFACE_s29_session0_lamp,86,239,93.96666666666667,-0.6898092031478882,-0.37145383005159194
COHFACE_s29_session0_lamp,87,0,87.0,-1.0886768102645874,-0.1312542728224014
COHFACE_s29_session0_lamp,87,1,87.03333333333333,-1.1271300315856934,0.1358557470493222
COHFACE_s29_session0_lamp,87,2,87.06666666666666,-1.1569311618804932,0.35698290356898676
COHFACE_s29_session0_lamp,87,3,87.1,-1.1781774759292603,0.5002226877764552
COHFACE_s29_session0_lamp,87,4,87.13333333333334,-1.188673496246338,0.5625387376135292
COHFACE_s29_session0_lamp,87,5,87.16666666666667,-1.1901497840881348,0.5697466216407251
COHFACE_s29_session0_lamp,87,6,87.2,-1.192112684249878,0.5641480989901037
COHFACE_s29_session0_lamp,87,7,87.23333333333333,-1.207783818244934,0.5849526518718037
COHFACE_s29_session0_lamp,87,8,87.26666666666667,-1.2292951345443726,0.6503373692831749
COHFACE_s29_session0_lamp,87,9,87.3,-1.0682686567306519,0.749722338319014
COHFACE_s29_session0_lamp,87,10,87.33333333333333,-0.22206006944179535,0.8507729151320337
COHFACE_s29_session0_lamp,87,11,87.36666666666666,1.0884368419647217,0.9181084590146447
COHFACE_s29_session0_lamp,87,12,87.4,1.9014590978622437,0.9326919198446662
COHFACE_s29_session0_lamp,87,13,87.43333333333334,1.9305139780044556,0.8995573912943169
COHFACE_s29_session0_lamp,87,14,87.46666666666667,1.6571993827819824,0.8400796911786996
COHFACE_s29_session0_lamp,87,15,87.5,1.4891104698181152,0.7758115506945579
COHFACE_s29_session0_lamp,87,16,87.53333333333333,1.4794526100158691,0.7149226579605132
COHFACE_s29_session0_lamp,87,17,87.56666666666666,1.4833135604858398,0.6486953351257346
COHFACE_s29_session0_lamp,87,18,87.6,1.3193724155426025,0.5586480475474146
COHFACE_s29_session0_lamp,87,19,87.63333333333334,1.0089564323425293,0.4289105871176483
COHFACE_s29_session0_lamp,87,20,87.66666666666667,0.7435962557792664,0.25628777366824534
COHFACE_s29_session0_lamp,87,21,87.7,0.5834619402885437,0.05271456328403901
COHFACE_s29_session0_lamp,87,22,87.73333333333333,0.43453216552734375,-0.16012603566814504
COHFACE_s29_session0_lamp,87,23,87.76666666666667,0.24467788636684418,-0.3598369497859905
COHFACE_s29_session0_lamp,87,24,87.8,0.02624460682272911,-0.5307659894564679
COHFACE_s29_session0_lamp,87,25,87.83333333333333,-0.18080033361911774,-0.6667512863935218
COHFACE_s29_session0_lamp,87,26,87.86666666666666,-0.346834272146225,-0.7692317784120375
COHFACE_s29_session0_lamp,87,27,87.9,-0.46737974882125854,-0.8431721604838038
COHFACE_s29_session0_lamp,87,28,87.93333333333334,-0.5538846254348755,-0.8936504583740351
COHFACE_s29_session0_lamp,87,29,87.96666666666667,-0.6177912354469299,-0.9245647810644334
COHFACE_s29_session0_lamp,87,30,88.0,-0.6710233092308044,-0.9388936114471933
COHFACE_s29_session0_lamp,87,31,88.03333333333333,-0.722362756729126,-0.9387781440312137
COHFACE_s29_session0_lamp,87,32,88.06666666666666,-0.7747945785522461,-0.9242420895650778
COHFACE_s29_session0_lamp,87,33,88.1,-0.8307844996452332,-0.8911361044146788
COHFACE_s29_session0_lamp,87,34,88.13333333333334,-0.886747419834137,-0.8304834471192171
COHFACE_s29_session0_lamp,87,35,88.16666666666667,-0.9392386674880981,-0.7312655447326694
COHFACE_s29_session0_lamp,87,36,88.2,-0.9818989634513855,-0.5864393418352054
COHFACE_s29_session0_lamp,87,37,88.23333333333333,-1.0145227909088135,-0.39927692776854984
COHFACE_s29_session0_lamp,87,38,88.26666666666667,-1.038727045059204,-0.18608862268479848
COHFACE_s29_session0_lamp,87,39,88.3,-1.05282461643219,0.02713627514825402
COHFACE_s29_session0_lamp,87,40,88.33333333333333,-1.0610982179641724,0.21335380894324282
COHFACE_s29_session0_lamp,87,41,88.36666666666666,-1.0639371871948242,0.35435426299597655
COHFACE_s29_session0_lamp,87,42,88.4,-1.062606930732727,0.44681690981034683
COHFACE_s29_session0_lamp,87,43,88.43333333333334,-1.057723879814148,0.501282067811426
COHFACE_s29_session0_lamp,87,44,88.46666666666667,-1.0560961961746216,0.5347771290336231
COHFACE_s29_session0_lamp,87,45,88.5,-1.0661271810531616,0.561468936526725
COHFACE_s29_session0_lamp,87,46,88.53333333333333,-0.9936820864677429,0.5866317984429599
COHFACE_s29_session0_lamp,87,47,88.56666666666666,-0.3893864154815674,0.6069286952163362
COHFACE_s29_session0_lamp,87,48,88.6,0.8198592066764832,0.6159269962081726
COHFACE_s29_session0_lamp,87,49,88.63333333333334,1.7907500267028809,0.6106223073081501
COHFACE_s29_session0_lamp,87,50,88.66666666666667,1.9868500232696533,0.5945873789274405
COHFACE_s29_session0_lamp,87,51,88.7,1.730244755744934,0.5759144461267733
COHFACE_s29_session0_lamp,87,52,88.73333333333333,1.476072907447815,0.561538653210072
COHFACE_s29_session0_lamp,87,53,88.76666666666667,1.3972737789154053,0.5517342832648975
COHFACE_s29_session0_lamp,87,54,88.8,1.4109008312225342,0.5383336628290744
COHFACE_s29_session0_lamp,87,55,88.83333333333333,1.3029279708862305,0.5079281529084281
COHFACE_s29_session0_lamp,87,56,88.86666666666666,1.0486479997634888,0.44840732595325095
COHFACE_s29_session0_lamp,87,57,88.9,0.835708737373352,0.35523758293976704
COHFACE_s29_session0_lamp,87,58,88.93333333333334,0.7107290625572205,0.23391898085377447
COHFACE_s29_session0_lamp,87,59,88.96666666666667,0.5794116854667664,0.09714118060544134
COHFACE_s29_session0_lamp,87,60,89.0,0.40437957644462585,-0.04173548402675484
COHFACE_s29_session0_lamp,87,61,89.03333333333333,0.19830258190631866,-0.1749555697618491
COHFACE_s29_session0_lamp,87,62,89.06666666666666,-0.00039847628795541823,-0.302527588470063
COHFACE_s29_session0_lamp,87,63,89.1,-0.1583535224199295,-0.42893753620795366
COHFACE_s29_session0_lamp,87,64,89.13333333333334,-0.2776336371898651,-0.5567481570904802
COHFACE_s29_session0_lamp,87,65,89.16666666666667,-0.3674965798854828,-0.6816264796814419
COHFACE_s29_session0_lamp,87,66,89.2,-0.4259631931781769,-0.7923327587323734
COHFACE_s29_session0_lamp,87,67,89.23333333333333,-0.4776487350463867,-0.8757111197970295
COHFACE_s29_session0_lamp,87,68,89.26666666666667,-0.5309889912605286,-0.9231409585094881
COHFACE_s29_session0_lamp,87,69,89.3,-0.5872979760169983,-0.933833340318613
COHFACE_s29_session0_lamp,87,70,89.33333333333333,-0.6456618309020996,-0.9127560405235355
COHFACE_s29_session0_lamp,87,71,89.36666666666666,-0.7109690308570862,-0.8649463562453438
COHFACE_s29_session0_lamp,87,72,89.4,-0.7710200548171997,-0.790572226255272
COHFACE_s29_session0_lamp,87,73,89.43333333333334,-0.8220674991607666,-0.6845261965041113
COHFACE_s29_session0_lamp,87,74,89.46666666666667,-0.8710924983024597,-0.5408944821212498
COHFACE_s29_session0_lamp,87,75,89.5,-0.8987089395523071,-0.3589542022132516
COHFACE_s29_session0_lamp,87,76,89.53333333333333,-0.9165160655975342,-0.14621007021575597
COHFACE_s29_session0_lamp,87,77,89.56666666666666,-0.9439703226089478,0.08384262913560908
COHFACE_s29_session0_lamp,87,78,89.6,-0.9711595177650452,0.3175171050931211
COHFACE_s29_session0_lamp,87,79,89.63333333333334,-0.8687996864318848,0.5458060413995267
COHFACE_s29_session0_lamp,87,80,89.66666666666667,-0.18242259323596954,0.7645852627081869
COHFACE_s29_session0_lamp,87,81,89.7,1.0167053937911987,0.9700157151297387
COHFACE_s29_session0_lamp,87,82,89.73333333333333,1.8495789766311646,1.1527989276678876
COHFACE_s29_session0_lamp,87,83,89.76666666666667,1.929329752922058,1.2959626695565536
COHFACE_s29_session0_lamp,87,84,89.8,1.6530084609985352,1.3781814618895933
COHFACE_s29_session0_lamp,87,85,89.83333333333333,1.4346293210983276,1.3809098631264294
COHFACE_s29_session0_lamp,87,86,89.86666666666666,1.3793476819992065,1.2958266086668246
COHFACE_s29_session0_lamp,87,87,89.9,1.363481879234314,1.129342238297682
COHFACE_s29_session0_lamp,87,88,89.93333333333334,1.2058730125427246,0.9020866157058278
COHFACE_s29_session0_lamp,87,89,89.96666666666667,0.9236952662467957,0.6431459485199068
COHFACE_s29_session0_lamp,87,90,90.0,0.7012550234794617,0.38117564626926803
COHFACE_s29_session0_lamp,87,91,90.03333333333333,0.5668715238571167,0.13625329572458764
COHFACE_s29_session0_lamp,87,92,90.06666666666666,0.4325583875179291,-0.08376127695858933
COHFACE_s29_session0_lamp,87,93,90.1,0.2505072355270386,-0.28086867204892896
COHFACE_s29_session0_lamp,87,94,90.13333333333334,0.03754642233252525,-0.46053407776250005
COHFACE_s29_session0_lamp,87,95,90.16666666666667,-0.1646316945552826,-0.6254686256438832
COHFACE_s29_session0_lamp,87,96,90.2,-0.33026549220085144,-0.7731574232337528
COHFACE_s29_session0_lamp,87,97,90.23333333333333,-0.4552343785762787,-0.8978914968335123
COHFACE_s29_session0_lamp,87,98,90.26666666666667,-0.5424314141273499,-0.9951395201392507
COHFACE_s29_session0_lamp,87,99,90.3,-0.599465012550354,-1.0648531243737094
COHFACE_s29_session0_lamp,87,100,90.33333333333333,-0.6451210975646973,-1.1113914396265152
COHFACE_s29_session0_lamp,87,101,90.36666666666666,-0.6953790187835693,-1.1402505953611854
COHFACE_s29_session0_lamp,87,102,90.4,-0.7478540539741516,-1.153970650449401
COHFACE_s29_session0_lamp,87,103,90.43333333333334,-0.8041630387306213,-1.149999421498536
COHFACE_s29_session0_lamp,87,104,90.46666666666667,-0.8640086054801941,-1.1216386113500354
COHFACE_s29_session0_lamp,87,105,90.5,-0.9189062118530273,-1.0608823700606587
COHFACE_s29_session0_lamp,87,106,90.53333333333333,-0.9686504602432251,-0.9608161573410536
COHFACE_s29_session0_lamp,87,107,90.56666666666666,-1.0103427171707153,-0.8161393094774627
COHFACE_s29_session0_lamp,87,108,90.6,-1.0382728576660156,-0.6226247535173439
COHFACE_s29_session0_lamp,87,109,90.63333333333334,-1.0489528179168701,-0.3777237297643846
COHFACE_s29_session0_lamp,87,110,90.66666666666667,-1.0484986305236816,-0.08349230454056564
COHFACE_s29_session0_lamp,87,111,90.7,-1.048006534576416,0.24945078735670356
COHFACE_s29_session0_lamp,87,112,90.73333333333333,-1.062980055809021,0.5999304548907842
COHFACE_s29_session0_lamp,87,113,90.76666666666667,-1.0584214925765991,0.9385550160069902
COHFACE_s29_session0_lamp,87,114,90.8,-0.6949518322944641,1.2340078449280527
COHFACE_s29_session0_lamp,87,115,90.83333333333333,0.41595175862312317,1.4604744557757643
COHFACE_s29_session0_lamp,87,116,90.86666666666666,1.6528732776641846,1.603271693707716
COHFACE_s29_session0_lamp,87,117,90.9,2.156447649002075,1.6610348908426416
COHFACE_s29_session0_lamp,87,118,90.93333333333334,2.0093348026275635,1.6438837553304861
COHFACE_s29_session0_lamp,87,119,90.96666666666667,1.7536216974258423,1.567896829249104
COHFACE_s29_session0_lamp,87,120,91.0,1.655961036682129,1.4475861388332187
COHFACE_s29_session0_lamp,87,121,91.03333333333333,1.666776180267334,1.2895948837790139
COHFACE_s29_session0_lamp,87,122,91.06666666666666,1.608655571937561,1.091385376669898
COHFACE_s29_session0_lamp,87,123,91.1,1.3614541292190552,0.8466851038512891
COHFACE_s29_session0_lamp,87,124,91.13333333333334,1.0308948755264282,0.5550617281150219
COHFACE_s29_session0_lamp,87,125,91.16666666666667,0.7896957397460938,0.22953215763942802
COHFACE_s29_session0_lamp,87,126,91.2,0.6316271424293518,-0.10322234343052086
COHFACE_s29_session0_lamp,87,127,91.23333333333333,0.4713036119937897,-0.4109415276864696
COHFACE_s29_session0_lamp,87,128,91.26666666666667,0.2716508209705353,-0.6676593996762695
COHFACE_s29_session0_lamp,87,129,91.3,0.06274569034576416,-0.862373535810746
COHFACE_s29_session0_lamp,87,130,91.33333333333333,-0.1289958357810974,-0.9998903308917022
COHFACE_s29_session0_lamp,87,131,91.36666666666666,-0.2820029556751251,-1.094322398735775
COHFACE_s29_session0_lamp,87,132,91.4,-0.4014344811439514,-1.1598403696287036
COHFACE_s29_session0_lamp,87,133,91.43333333333334,-0.48820430040359497,-1.2041698324177614
COHFACE_s29_session0_lamp,87,134,91.46666666666667,-0.5518297553062439,-1.2278217198742432
COHFACE_s29_session0_lamp,87,135,91.5,-0.6125404834747314,-1.2280311119800646
COHFACE_s29_session0_lamp,87,136,91.53333333333333,-0.6688927412033081,-1.2034518142341155
COHFACE_s29_session0_lamp,87,137,91.56666666666666,-0.7293601632118225,-1.1555984222575277
COHFACE_s29_session0_lamp,87,138,91.6,-0.7935047149658203,-1.0859014220387766
COHFACE_s29_session0_lamp,87,139,91.63333333333334,-0.8526202440261841,-0.9910575379130975
COHFACE_s29_session0_lamp,87,140,91.66666666666667,-0.9060091972351074,-0.8613890837023955
COHFACE_s29_session0_lamp,87,141,91.7,-0.9538823962211609,-0.6852968211234364
COHFACE_s29_session0_lamp,87,142,91.73333333333333,-0.9944769740104675,-0.45816029306732814
COHFACE_s29_session0_lamp,87,143,91.76666666666667,-1.022407054901123,-0.18989252711929583
COHFACE_s29_session0_lamp,87,144,91.8,-1.037396788597107,0.09465949929514063
COHFACE_s29_session0_lamp,87,145,91.83333333333333,-1.0477685928344727,0.3640074108915564
COHFACE_s29_session0_lamp,87,146,91.86666666666666,-1.0488338470458984,0.5927318004678086
COHFACE_s29_session0_lamp,87,147,91.9,-1.0466762781143188,0.7710470888891735
COHFACE_s29_session0_lamp,87,148,91.93333333333334,-1.0548200607299805,0.9054392636630049
COHFACE_s29_session0_lamp,87,149,91.96666666666667,-1.0726325511932373,1.0101381041281967
COHFACE_s29_session0_lamp,87,150,92.0,-0.9481070637702942,1.0948787985626784
COHFACE_s29_session0_lamp,87,151,92.03333333333333,-0.15773704648017883,1.1566922824995938
COHFACE_s29_session0_lamp,87,152,92.06666666666666,1.1823554039001465,1.1808438340195528
COHFACE_s29_session0_lamp,87,153,92.1,2.091897487640381,1.1503769212294328
COHFACE_s29_session0_lamp,87,154,92.13333333333334,2.1756985187530518,1.058509075147981
COHFACE_s29_session0_lamp,87,155,92.16666666666667,1.8989770412445068,0.9162450976740676
COHFACE_s29_session0_lamp,87,156,92.2,1.7090741395950317,0.7501140973233292
COHFACE_s29_session0_lamp,87,157,92.23333333333333,1.683782935142517,0.5906237218296917
COHFACE_s29_session0_lamp,87,158,92.26666666666667,1.6879359483718872,0.4577980937576319
COHFACE_s29_session0_lamp,87,159,92.3,1.528093695640564,0.3523694852489373
COHFACE_s29_session0_lamp,87,160,92.33333333333333,1.2008060216903687,0.2579885269591027
COHFACE_s29_session0_lamp,87,161,92.36666666666666,0.9078889489173889,0.1530287934164768
COHFACE_s29_session0_lamp,87,162,92.4,0.7279900312423706,0.024403190474249548
COHFACE_s29_session0_lamp,87,163,92.43333333333334,0.5831483006477356,-0.12526255134142264
COHFACE_s29_session0_lamp,87,164,92.46666666666667,0.4028870761394501,-0.2805842596359543
COHFACE_s29_session0_lamp,87,165,92.5,0.19486336410045624,-0.4230707903661338
COHFACE_s29_session0_lamp,87,166,92.53333333333333,-0.010364622808992863,-0.5407065574218638
COHFACE_s29_session0_lamp,87,167,92.56666666666666,-0.1803947538137436,-0.6320371572167394
COHFACE_s29_session0_lamp,87,168,92.6,-0.3144970238208771,-0.7034197026517186
COHFACE_s29_session0_lamp,87,169,92.63333333333334,-0.4157591164112091,-0.7623092302100064
COHFACE_s29_session0_lamp,87,170,92.66666666666667,-0.4875716269016266,-0.8114984444463136
COHFACE_s29_session0_lamp,87,171,92.7,-0.5417446494102478,-0.8480272573432492
COHFACE_s29_session0_lamp,87,172,92.73333333333333,-0.5894501805305481,-0.8668153119677681
COHFACE_s29_session0_lamp,87,173,92.76666666666667,-0.6431095004081726,-0.8656293315225717
COHFACE_s29_session0_lamp,87,174,92.8,-0.6987317204475403,-0.8472513160381857
COHFACE_s29_session0_lamp,87,175,92.83333333333333,-0.753191351890564,-0.8169045607220123
COHFACE_s29_session0_lamp,87,176,92.86666666666666,-0.8132585883140564,-0.776557171482618
COHFACE_s29_session0_lamp,87,177,92.9,-0.8659552931785583,-0.7203483849981223
COHFACE_s29_session0_lamp,87,178,92.93333333333334,-0.9030728936195374,-0.6352584541223548
COHFACE_s29_session0_lamp,87,179,92.96666666666667,-0.9311867952346802,-0.5080313771203675
COHFACE_s29_session0_lamp,87,180,93.0,-0.9507838487625122,-0.33485938053119085
COHFACE_s29_session0_lamp,87,181,93.03333333333333,-0.9610527753829956,-0.12749369113977707
COHFACE_s29_session0_lamp,87,182,93.06666666666666,-0.9575648903846741,0.0893426814000777
COHFACE_s29_session0_lamp,87,183,93.1,-0.9597874283790588,0.2892803932871608
COHFACE_s29_session0_lamp,87,184,93.13333333333334,-0.9813528060913086,0.4582095684988839
COHFACE_s29_session0_lamp,87,185,93.16666666666667,-0.9765508770942688,0.6016811020314303
COHFACE_s29_session0_lamp,87,186,93.2,-0.5879306793212891,0.7398743452212294
COHFACE_s29_session0_lamp,87,187,93.23333333333333,0.5238760113716125,0.8919469366460456
COHFACE_s29_session0_lamp,87,188,93.26666666666667,1.6983726024627686,1.0592101345478817
COHFACE_s29_session0_lamp,87,189,93.3,2.1287553310394287,1.2184597008827425
COHFACE_s29_session0_lamp,87,190,93.33333333333333,1.9149564504623413,1.3306379611890615
COHFACE_s29_session0_lamp,87,191,93.36666666666666,1.5851110219955444,1.3599440712754127
COHFACE_s29_session0_lamp,87,192,93.4,1.4213969707489014,1.2914935599850548
COHFACE_s29_session0_lamp,87,193,93.43333333333334,1.401313304901123,1.1367202491732782
COHFACE_s29_session0_lamp,87,194,93.46666666666667,1.3228007555007935,0.9245754771591137
COHFACE_s29_session0_lamp,87,195,93.5,1.0901942253112793,0.6859215090562517
COHFACE_s29_session0_lamp,87,196,93.53333333333333,0.8682082295417786,0.4411937879988333
COHFACE_s29_session0_lamp,87,197,93.56666666666666,0.7389565706253052,0.19738206050113255
COHFACE_s29_session0_lamp,87,198,93.6,0.6203199625015259,-0.046167139029361356
COHFACE_s29_session0_lamp,87,199,93.63333333333334,0.45173904299736023,-0.28868493838507703
COHFACE_s29_session0_lamp,87,200,93.66666666666667,0.23552827537059784,-0.5222962267242504
COHFACE_s29_session0_lamp,87,201,93.7,0.007783173117786646,-0.7332087358913478
COHFACE_s29_session0_lamp,87,202,93.73333333333333,-0.1866837590932846,-0.908007525781809
COHFACE_s29_session0_lamp,87,203,93.76666666666667,-0.3342778980731964,-1.039829132483399
COHFACE_s29_session0_lamp,87,204,93.8,-0.4333445429801941,-1.1300317610641957
COHFACE_s29_session0_lamp,87,205,93.83333333333333,-0.4956018626689911,-1.1845866380746568
COHFACE_s29_session0_lamp,87,206,93.86666666666666,-0.5441077351570129,-1.207756072211263
COHFACE_s29_session0_lamp,87,207,93.9,-0.5869572758674622,-1.1971827084442912
COHFACE_s29_session0_lamp,87,208,93.93333333333334,-0.6352630853652954,-1.1439310088032049
COHFACE_s29_session0_lamp,87,209,93.96666666666667,-0.6898092031478882,-1.038302567566253
COHFACE_s29_session0_lamp,87,210,94.0,-0.7553814053535461,-0.8784018382631011
COHFACE_s29_session0_lamp,87,211,94.03333333333333,-0.8203586935997009,-0.6758131874571678
COHFACE_s29_session0_lamp,87,212,94.06666666666666,-0.8797338008880615,-0.45350364521246267
COHFACE_s29_session0_lamp,87,213,94.1,-0.9244056940078735,-0.23552643775015436
COHFACE_s29_session0_lamp,87,214,94.13333333333334,-0.9575757384300232,-0.03411770502176577
COHFACE_s29_session0_lamp,87,215,94.16666666666667,-0.9839863181114197,0.15705857648350838
COHFACE_s29_session0_lamp,87,216,94.2,-1.0149608850479126,0.3576019656454471
COHFACE_s29_session0_lamp,87,217,94.23333333333333,-1.0060491561889648,0.5846385435044157
COHFACE_s29_session0_lamp,87,218,94.26666666666667,-0.5647376179695129,0.835905791654635
COHFACE_s29_session0_lamp,87,219,94.3,0.6338983774185181,1.0829344796225775
COHFACE_s29_session0_lamp,87,220,94.33333333333333,1.8334373235702515,1.2796500675503344
COHFACE_s29_session0_lamp,87,221,94.36666666666666,2.228260040283203,1.38182655932478
COHFACE_s29_session0_lamp,87,222,94.4,2.010735273361206,1.3658561629601704
COHFACE_s29_session0_lamp,87,223,94.43333333333334,1.7234907150268555,1.2362470183219902
COHFACE_s29_session0_lamp,87,224,94.46666666666667,1.6027721166610718,1.0197040921737992
COHFACE_s29_session0_lamp,87,225,94.5,1.598857045173645,0.7521783110766528
COHFACE_s29_session0_lamp,87,226,94.53333333333333,1.5190305709838867,0.4671198424206207
COHFACE_s29_session0_lamp,87,227,94.56666666666666,1.2400649785995483,0.18948081341832493
COHFACE_s29_session0_lamp,87,228,94.6,0.914405107498169,-0.06450716119105904
COHFACE_s29_session0_lamp,87,229,94.63333333333334,0.7009575963020325,-0.2844333426019638
COHFACE_s29_session0_lamp,87,230,94.66666666666667,0.5551966428756714,-0.462680703464217
COHFACE_s29_session0_lamp,87,231,94.7,0.3896006941795349,-0.5931239531647133
COHFACE_s29_session0_lamp,87,232,94.73333333333333,0.1844862550497055,-0.6719598853795133
COHFACE_s29_session0_lamp,87,233,94.76666666666667,-0.03891657665371895,-0.6998083645539981
COHFACE_s29_session0_lamp,87,234,94.8,-0.23190724849700928,-0.6833444910009763
COHFACE_s29_session0_lamp,87,235,94.83333333333333,-0.3830703794956207,-0.6347416838045447
COHFACE_s29_session0_lamp,87,236,94.86666666666666,-0.5001712441444397,-0.5683626155598589
COHFACE_s29_session0_lamp,87,237,94.9,-0.5817822813987732,-0.49589011754561213
COHFACE_s29_session0_lamp,87,238,94.93333333333334,-0.6414818167686462,-0.4223990134793791
COHFACE_s29_session0_lamp,87,239,94.96666666666667,-0.6951356530189514,-0.345664225117542
COHFACE_s29_session0_lamp,88,0,88.0,-0.6710233092308044,-0.14352722282987948
COHFACE_s29_session0_lamp,88,1,88.03333333333333,-0.722362756729126,-0.07064797106765716
COHFACE_s29_session0_lamp,88,2,88.06666666666666,-0.7747945785522461,-0.02834722005909621
COHFACE_s29_session0_lamp,88,3,88.1,-0.8307844996452332,-0.03430664108592029
COHFACE_s29_session0_lamp,88,4,88.13333333333334,-0.886747419834137,-0.08211716944991473
COHFACE_s29_session0_lamp,88,5,88.16666666666667,-0.9392386674880981,-0.14412644691228102
COHFACE_s29_session0_lamp,88,6,88.2,-0.9818989634513855,-0.18478297351423922
COHFACE_s29_session0_lamp,88,7,88.23333333333333,-1.0145227909088135,-0.1774993303214178
COHFACE_s29_session0_lamp,88,8,88.26666666666667,-1.038727045059204,-0.11611866698560426
COHFACE_s29_session0_lamp,88,9,88.3,-1.05282461643219,-0.015285646389804366
COHFACE_s29_session0_lamp,88,10,88.33333333333333,-1.0610982179641724,0.0996825388168349
COHFACE_s29_session0_lamp,88,11,88.36666666666666,-1.0639371871948242,0.20703316506028557
COHFACE_s29_session0_lamp,88,12,88.4,-1.062606930732727,0.2985067551961448
COHFACE_s29_session0_lamp,88,13,88.43333333333334,-1.057723879814148,0.37956815948317973
COHFACE_s29_session0_lamp,88,14,88.46666666666667,-1.0560961961746216,0.4609892033772189
COHFACE_s29_session0_lamp,88,15,88.5,-1.0661271810531616,0.5481899176405746
COHFACE_s29_session0_lamp,88,16,88.53333333333333,-0.9936820864677429,0.635308208097779
COHFACE_s29_session0_lamp,88,17,88.56666666666666,-0.3893864154815674,0.7071365060904798
COHFACE_s29_session0_lamp,88,18,88.6,0.8198592066764832,0.7468781150134638
COHFACE_s29_session0_lamp,88,19,88.63333333333334,1.7907500267028809,0.7444239017083002
COHFACE_s29_session0_lamp,88,20,88.66666666666667,1.9868500232696533,0.7003051923951837
COHFACE_s29_session0_lamp,88,21,88.7,1.730244755744934,0.6237310915527164
COHFACE_s29_session0_lamp,88,22,88.73333333333333,1.476072907447815,0.5267570306768486
COHFACE_s29_session0_lamp,88,23,88.76666666666667,1.3972737789154053,0.4184124706030293
COHFACE_s29_session0_lamp,88,24,88.8,1.4109008312225342,0.3017460214943353
COHFACE_s29_session0_lamp,88,25,88.83333333333333,1.3029279708862305,0.17459782214774805
COHFACE_s29_session0_lamp,88,26,88.86666666666666,1.0486479997634888,0.03320938666316023
COHFACE_s29_session0_lamp,88,27,88.9,0.835708737373352,-0.12323937730197614
COHFACE_s29_session0_lamp,88,28,88.93333333333334,0.7107290625572205,-0.28960399834340644
COHFACE_s29_session0_lamp,88,29,88.96666666666667,0.5794116854667664,-0.45510864271203405
COHFACE_s29_session0_lamp,88,30,89.0,0.40437957644462585,-0.6069342798246827
COHFACE_s29_session0_lamp,88,31,89.03333333333333,0.19830258190631866,-0.734887907256797
COHFACE_s29_session0_lamp,88,32,89.06666666666666,-0.00039847628795541823,-0.8343224328881067
COHFACE_s29_session0_lamp,88,33,89.1,-0.1583535224199295,-0.905696781419325
COHFACE_s29_session0_lamp,88,34,89.13333333333334,-0.2776336371898651,-0.9515066598551168
COHFACE_s29_session0_lamp,88,35,89.16666666666667,-0.3674965798854828,-0.9730904829892937
COHFACE_s29_session0_lamp,88,36,89.2,-0.4259631931781769,-0.9696721275568653
COHFACE_s29_session0_lamp,88,37,89.23333333333333,-0.4776487350463867,-0.940082298331939
COHFACE_s29_session0_lamp,88,38,89.26666666666667,-0.5309889912605286,-0.8852868002079617
COHFACE_s29_session0_lamp,88,39,89.3,-0.5872979760169983,-0.8090582861633432
COHFACE_s29_session0_lamp,88,40,89.33333333333333,-0.6456618309020996,-0.7157212729341338
COHFACE_s29_session0_lamp,88,41,89.36666666666666,-0.7109690308570862,-0.6064979884721396
COHFACE_s29_session0_lamp,88,42,89.4,-0.7710200548171997,-0.4774442151734509
COHFACE_s29_session0_lamp,88,43,89.43333333333334,-0.8220674991607666,-0.3211667942881596
COHFACE_s29_session0_lamp,88,44,89.46666666666667,-0.8710924983024597,-0.13188339399729798
COHFACE_s29_session0_lamp,88,45,89.5,-0.8987089395523071,0.08914943737566784
COHFACE_s29_session0_lamp,88,46,89.53333333333333,-0.9165160655975342,0.3313286696631971
COHFACE_s29_session0_lamp,88,47,89.56666666666666,-0.9439703226089478,0.57710464690751
COHFACE_s29_session0_lamp,88,48,89.6,-0.9711595177650452,0.8075600110391719
COHFACE_s29_session0_lamp,88,49,89.63333333333334,-0.8687996864318848,1.007602605166642
COHFACE_s29_session0_lamp,88,50,89.66666666666667,-0.18242259323596954,1.1678384367864896
COHFACE_s29_session0_lamp,88,51,89.7,1.0167053937911987,1.2828376059366384
COHFACE_s29_session0_lamp,88,52,89.73333333333333,1.8495789766311646,1.348139239201125
COHFACE_s29_session0_lamp,88,53,89.76666666666667,1.929329752922058,1.3589273053373674
COHFACE_s29_session0_lamp,88,54,89.8,1.6530084609985352,1.311389330046195
COHFACE_s29_session0_lamp,88,55,89.83333333333333,1.4346293210983276,1.2054268502501317
COHFACE_s29_session0_lamp,88,56,89.86666666666666,1.3793476819992065,1.046751516045978
COHFACE_s29_session0_lamp,88,57,89.9,1.363481879234314,0.8471851904611389
COHFACE_s29_session0_lamp,88,58,89.93333333333334,1.2058730125427246,0.6229239851900327
COHFACE_s29_session0_lamp,88,59,89.96666666666667,0.9236952662467957,0.39119724514004495
COHFACE_s29_session0_lamp,88,60,90.0,0.7012550234794617,0.16627206510074577
COHFACE_s29_session0_lamp,88,61,90.03333333333333,0.5668715238571167,-0.043763037183094725
COHFACE_s29_session0_lamp,88,62,90.06666666666666,0.4325583875179291,-0.23779156491910167
COHFACE_s29_session0_lamp,88,63,90.1,0.2505072355270386,-0.4191989077527318
COHFACE_s29_session0_lamp,88,64,90.13333333333334,0.03754642233252525,-0.5912237904738257
COHFACE_s29_session0_lamp,88,65,90.16666666666667,-0.1646316945552826,-0.752832178430523
COHFACE_s29_session0_lamp,88,66,90.2,-0.33026549220085144,-0.8976484725188055
COHFACE_s29_session0_lamp,88,67,90.23333333333333,-0.4552343785762787,-1.016582343613686
COHFACE_s29_session0_lamp,88,68,90.26666666666667,-0.5424314141273499,-1.1023940450490144
COHFACE_s29_session0_lamp,88,69,90.3,-0.599465012550354,-1.153179649898019
COHFACE_s29_session0_lamp,88,70,90.33333333333333,-0.6451210975646973,-1.1725676182142655
COHFACE_s29_session0_lamp,88,71,90.36666666666666,-0.6953790187835693,-1.1666871933962402
COHFACE_s29_session0_lamp,88,72,90.4,-0.7478540539741516,-1.1401280725507184
COHFACE_s29_session0_lamp,88,73,90.43333333333334,-0.8041630387306213,-1.093572560748542
COHFACE_s29_session0_lamp,88,74,90.46666666666667,-0.8640086054801941,-1.0241547964397666
COHFACE_s29_session0_lamp,88,75,90.5,-0.9189062118530273,-0.9274559749428978
COHFACE_s29_session0_lamp,88,76,90.53333333333333,-0.9686504602432251,-0.7992301087309738
COHFACE_s29_session0_lamp,88,77,90.56666666666666,-1.0103427171707153,-0.6358329728586929
COHFACE_s29_session0_lamp,88,78,90.6,-1.0382728576660156,-0.43398045725257495
COHFACE_s29_session0_lamp,88,79,90.63333333333334,-1.0489528179168701,-0.19140168102790744
COHFACE_s29_session0_lamp,88,80,90.66666666666667,-1.0484986305236816,0.09072837283251864
COHFACE_s29_session0_lamp,88,81,90.7,-1.048006534576416,0.4043893824326568
COHFACE_s29_session0_lamp,88,82,90.73333333333333,-1.062980055809021,0.7324861948749527
COHFACE_s29_session0_lamp,88,83,90.76666666666667,-1.0584214925765991,1.0497297021085734
COHFACE_s29_session0_lamp,88,84,90.8,-0.6949518322944641,1.32681438033402
COHFACE_s29_session0_lamp,88,85,90.83333333333333,0.41595175862312317,1.5362855807412903
COHFACE_s29_session0_lamp,88,86,90.86666666666666,1.6528732776641846,1.6580645491287205
COHFACE_s29_session0_lamp,88,87,90.9,2.156447649002075,1.6832344613502064
COHFACE_s29_session0_lamp,88,88,90.93333333333334,2.0093348026275635,1.6153953942366277
COHFACE_s29_session0_lamp,88,89,90.96666666666667,1.7536216974258423,1.4692698400584108
COHFACE_s29_session0_lamp,88,90,91.0,1.655961036682129,1.2665458041578306
COHFACE_s29_session0_lamp,88,91,91.03333333333333,1.666776180267334,1.0298581593406557
COHFACE_s29_session0_lamp,88,92,91.06666666666666,1.608655571937561,0.7772711705441852
COHFACE_s29_session0_lamp,88,93,91.1,1.3614541292190552,0.5200182020340565
COHFACE_s29_session0_lamp,88,94,91.13333333333334,1.0308948755264282,0.264421796518215
COHFACE_s29_session0_lamp,88,95,91.16666666666667,0.7896957397460938,0.01605927531880046
COHFACE_s29_session0_lamp,88,96,91.2,0.6316271424293518,-0.21739726578600121
COHFACE_s29_session0_lamp,88,97,91.23333333333333,0.4713036119937897,-0.42711435568402156
COHFACE_s29_session0_lamp,88,98,91.26666666666667,0.2716508209705353,-0.6068717004109168
COHFACE_s29_session0_lamp,88,99,91.3,0.06274569034576416,-0.7562025864709745
COHFACE_s29_session0_lamp,88,100,91.33333333333333,-0.1289958357810974,-0.8801616259352641
COHFACE_s29_session0_lamp,88,101,91.36666666666666,-0.2820029556751251,-0.9858031932343865
COHFACE_s29_session0_lamp,88,102,91.4,-0.4014344811439514,-1.07773283048479
COHFACE_s29_session0_lamp,88,103,91.43333333333334,-0.48820430040359497,-1.1555058945200105
COHFACE_s29_session0_lamp,88,104,91.46666666666667,-0.5518297553062439,-1.2142557777725704
COHFACE_s29_session0_lamp,88,105,91.5,-0.6125404834747314,-1.2477392680960866
COHFACE_s29_session0_lamp,88,106,91.53333333333333,-0.6688927412033081,-1.2513851533213014
COHFACE_s29_session0_lamp,88,107,91.56666666666666,-0.7293601632118225,-1.2230520370188873
COHFACE_s29_session0_lamp,88,108,91.6,-0.7935047149658203,-1.161107354445249
COHFACE_s29_session0_lamp,88,109,91.63333333333334,-0.8526202440261841,-1.0617136714227584
COHFACE_s29_session0_lamp,88,110,91.66666666666667,-0.9060091972351074,-0.9181230744247432
COHFACE_s29_session0_lamp,88,111,91.7,-0.9538823962211609,-0.7235967147654925
COHFACE_s29_session0_lamp,88,112,91.73333333333333,-0.9944769740104675,-0.4768983537194544
COHFACE_s29_session0_lamp,88,113,91.76666666666667,-1.022407054901123,-0.18700117580478334
COHFACE_s29_session0_lamp,88,114,91.8,-1.037396788597107,0.12652971125094137
COHFACE_s29_session0_lamp,88,115,91.83333333333333,-1.0477685928344727,0.43865940032381173
COHFACE_s29_session0_lamp,88,116,91.86666666666666,-1.0488338470458984,0.7270315135493693
COHFACE_s29_session0_lamp,88,117,91.9,-1.0466762781143188,0.978243227865652
COHFACE_s29_session0_lamp,88,118,91.93333333333334,-1.0548200607299805,1.1881697932213429
COHFACE_s29_session0_lamp,88,119,91.96666666666667,-1.0726325511932373,1.3561032018949533
COHFACE_s29_session0_lamp,88,120,92.0,-0.9481070637702942,1.4770253607951314
COHFACE_s29_session0_lamp,88,121,92.03333333333333,-0.15773704648017883,1.538139298079733
COHFACE_s29_session0_lamp,88,122,92.06666666666666,1.1823554039001465,1.523006235443075
COHFACE_s29_session0_lamp,88,123,92.1,2.091897487640381,1.421329537580378
COHFACE_s29_session0_lamp,88,124,92.13333333333334,2.1756985187530518,1.2383329954520719
COHFACE_s29_session0_lamp,88,125,92.16666666666667,1.8989770412445068,0.9974403378793453
COHFACE_s29_session0_lamp,88,126,92.2,1.7090741395950317,0.7338328825159435
COHFACE_s29_session0_lamp,88,127,92.23333333333333,1.683782935142517,0.4818788506646282
COHFACE_s29_session0_lamp,88,128,92.26666666666667,1.6879359483718872,0.2629903161716176
COHFACE_s29_session0_lamp,88,129,92.3,1.528093695640564,0.08019287568932801
COHFACE_s29_session0_lamp,88,130,92.33333333333333,1.2008060216903687,-0.07820765673497831
COHFACE_s29_session0_lamp,88,131,92.36666666666666,0.9078889489173889,-0.22859211266681523
COHFACE_s29_session0_lamp,88,132,92.4,0.7279900312423706,-0.3816365076373673
COHFACE_s29_session0_lamp,88,133,92.43333333333334,0.5831483006477356,-0.5371006927376366
COHFACE_s29_session0_lamp,88,134,92.46666666666667,0.4028870761394501,-0.6854922486972325
COHFACE_s29_session0_lamp,88,135,92.5,0.19486336410045624,-0.8140860580267362
COHFACE_s29_session0_lamp,88,136,92.53333333333333,-0.010364622808992863,-0.913103591093364
COHFACE_s29_session0_lamp,88,137,92.56666666666666,-0.1803947538137436,-0.9789094808427867
COHFACE_s29_session0_lamp,88,138,92.6,-0.3144970238208771,-1.0134147365099477
COHFACE_s29_session0_lamp,88,139,92.63333333333334,-0.4157591164112091,-1.0210365174012486
COHFACE_s29_session0_lamp,88,140,92.66666666666667,-0.4875716269016266,-1.0055608008525438
COHFACE_s29_session0_lamp,88,141,92.7,-0.5417446494102478,-0.9687758975129481
COHFACE_s29_session0_lamp,88,142,92.73333333333333,-0.5894501805305481,-0.9112214524885044
COHFACE_s29_session0_lamp,88,143,92.76666666666667,-0.6431095004081726,-0.8338278573464492
COHFACE_s29_session0_lamp,88,144,92.8,-0.6987317204475403,-0.7386121590685291
COHFACE_s29_session0_lamp,88,145,92.83333333333333,-0.753191351890564,-0.627406541223484
COHFACE_s29_session0_lamp,88,146,92.86666666666666,-0.8132585883140564,-0.4994125473863932
COHFACE_s29_session0_lamp,88,147,92.9,-0.8659552931785583,-0.3499033308352969
COHFACE_s29_session0_lamp,88,148,92.93333333333334,-0.9030728936195374,-0.17233088457610365
COHFACE_s29_session0_lamp,88,149,92.96666666666667,-0.9311867952346802,0.0359712198890879
COHFACE_s29_session0_lamp,88,150,93.0,-0.9507838487625122,0.26739968046005597
COHFACE_s29_session0_lamp,88,151,93.03333333333333,-0.9610527753829956,0.5017507095016892
COHFACE_s29_session0_lamp,88,152,93.06666666666666,-0.9575648903846741,0.7113282088329802
COHFACE_s29_session0_lamp,88,153,93.1,-0.9597874283790588,0.8724231077291783
COHFACE_s29_session0_lamp,88,154,93.13333333333334,-0.9813528060913086,0.976971178960525
COHFACE_s29_session0_lamp,88,155,93.16666666666667,-0.9765508770942688,1.0364997552174067
COHFACE_s29_session0_lamp,88,156,93.2,-0.5879306793212891,1.074516069393097
COHFACE_s29_session0_lamp,88,157,93.23333333333333,0.5238760113716125,1.1108746688891478
COHFACE_s29_session0_lamp,88,158,93.26666666666667,1.6983726024627686,1.1474710738568807
COHFACE_s29_session0_lamp,88,159,93.3,2.1287553310394287,1.164567318273583
COHFACE_s29_session0_lamp,88,160,93.33333333333333,1.9149564504623413,1.1304843609565172
COHFACE_s29_session0_lamp,88,161,93.36666666666666,1.5851110219955444,1.0189126763189513
COHFACE_s29_session0_lamp,88,162,93.4,1.4213969707489014,0.8235875942662759
COHFACE_s29_session0_lamp,88,163,93.43333333333334,1.401313304901123,0.5622329268980625
COHFACE_s29_session0_lamp,88,164,93.46666666666667,1.3228007555007935,0.26886536389624577
COHFACE_s29_session0_lamp,88,165,93.5,1.0901942253112793,-0.01972020662297934
COHFACE_s29_session0_lamp,88,166,93.53333333333333,0.8682082295417786,-0.2758092448729496
COHFACE_s29_session0_lamp,88,167,93.56666666666666,0.7389565706253052,-0.48632099070915036
COHFACE_s29_session0_lamp,88,168,93.6,0.6203199625015259,-0.6515253821267308
COHFACE_s29_session0_lamp,88,169,93.63333333333334,0.45173904299736023,-0.7794976405163754
COHFACE_s29_session0_lamp,88,170,93.66666666666667,0.23552827537059784,-0.8799536994405879
COHFACE_s29_session0_lamp,88,171,93.7,0.007783173117786646,-0.9602113568913904
COHFACE_s29_session0_lamp,88,172,93.73333333333333,-0.1866837590932846,-1.0240508662901213
COHFACE_s29_session0_lamp,88,173,93.76666666666667,-0.3342778980731964,-1.0724373353664272
COHFACE_s29_session0_lamp,88,174,93.8,-0.4333445429801941,-1.1043658656566062
COHFACE_s29_session0_lamp,88,175,93.83333333333333,-0.4956018626689911,-1.1166830542526236
COHFACE_s29_session0_lamp,88,176,93.86666666666666,-0.5441077351570129,-1.103118545588404
COHFACE_s29_session0_lamp,88,177,93.9,-0.5869572758674622,-1.0540306616334172
COHFACE_s29_session0_lamp,88,178,93.93333333333334,-0.6352630853652954,-0.9586027689055461
COHFACE_s29_session0_lamp,88,179,93.96666666666667,-0.6898092031478882,-0.8098513144521835
COHFACE_s29_session0_lamp,88,180,94.0,-0.7553814053535461,-0.610328116496259
COHFACE_s29_session0_lamp,88,181,94.03333333333333,-0.8203586935997009,-0.3747221323972429
COHFACE_s29_session0_lamp,88,182,94.06666666666666,-0.8797338008880615,-0.12641628481145556
COHFACE_s29_session0_lamp,88,183,94.1,-0.9244056940078735,0.11159074397965418
COHFACE_s29_session0_lamp,88,184,94.13333333333334,-0.9575757384300232,0.32690582922464906
COHFACE_s29_session0_lamp,88,185,94.16666666666667,-0.9839863181114197,0.5226772705176156
COHFACE_s29_session0_lamp,88,186,94.2,-1.0149608850479126,0.713024595928385
COHFACE_s29_session0_lamp,88,187,94.23333333333333,-1.0060491561889648,0.910470229313019
COHFACE_s29_session0_lamp,88,188,94.26666666666667,-0.5647376179695129,1.1128794981022467
COHFACE_s29_session0_lamp,88,189,94.3,0.6338983774185181,1.2988140761140523
COHFACE_s29_session0_lamp,88,190,94.33333333333333,1.8334373235702515,1.4348760911838097
COHFACE_s29_session0_lamp,88,191,94.36666666666666,2.228260040283203,1.4905996526120509
COHFACE_s29_session0_lamp,88,192,94.4,2.010735273361206,1.4517550312834318
COHFACE_s29_session0_lamp,88,193,94.43333333333334,1.7234907150268555,1.3246444553058798
COHFACE_s29_session0_lamp,88,194,94.46666666666667,1.6027721166610718,1.1306868889832353
COHFACE_s29_session0_lamp,88,195,94.5,1.598857045173645,0.8965742495807165
COHFACE_s29_session0_lamp,88,196,94.53333333333333,1.5190305709838867,0.6459458986846096
COHFACE_s29_session0_lamp,88,197,94.56666666666666,1.2400649785995483,0.3953848316597965
COHFACE_s29_session0_lamp,88,198,94.6,0.914405107498169,0.15443938547349156
COHFACE_s29_session0_lamp,88,199,94.63333333333334,0.7009575963020325,-0.0720727788419721
COHFACE_s29_session0_lamp,88,200,94.66666666666667,0.5551966428756714,-0.28124277720262386
COHFACE_s29_session0_lamp,88,201,94.7,0.3896006941795349,-0.469942203755917
COHFACE_s29_session0_lamp,88,202,94.73333333333333,0.1844862550497055,-0.6341227671976079
COHFACE_s29_session0_lamp,88,203,94.76666666666667,-0.03891657665371895,-0.7696702715052166
COHFACE_s29_session0_lamp,88,204,94.8,-0.23190724849700928,-0.874012434493377
COHFACE_s29_session0_lamp,88,205,94.83333333333333,-0.3830703794956207,-0.9471454286452877
COHFACE_s29_session0_lamp,88,206,94.86666666666666,-0.5001712441444397,-0.9912592643471014
COHFACE_s29_session0_lamp,88,207,94.9,-0.5817822813987732,-1.0093423237305201
COHFACE_s29_session0_lamp,88,208,94.93333333333334,-0.6414818167686462,-1.0040593564243327
COHFACE_s29_session0_lamp,88,209,94.96666666666667,-0.6951356530189514,-0.9779111391198145
COHFACE_s29_session0_lamp,88,210,95.0,-0.7503523230552673,-0.9342190139261001
COHFACE_s29_session0_lamp,88,211,95.03333333333333,-0.807818591594696,-0.8773018798840693
COHFACE_s29_session0_lamp,88,212,95.06666666666666,-0.8690052032470703,-0.8106801300851391
COHFACE_s29_session0_lamp,88,213,95.1,-0.9295321106910706,-0.7339559944482937
COHFACE_s29_session0_lamp,88,214,95.13333333333334,-0.992378830909729,-0.640770561964166
COHFACE_s29_session0_lamp,88,215,95.16666666666667,-1.0388190746307373,-0.5203730438028723
COHFACE_s29_session0_lamp,88,216,95.2,-1.0730867385864258,-0.3632913025394355
COHFACE_s29_session0_lamp,88,217,95.23333333333333,-1.0980318784713745,-0.16856232144679797
COHFACE_s29_session0_lamp,88,218,95.26666666666667,-1.1051050424575806,0.05196500645460922
COHFACE_s29_session0_lamp,88,219,95.3,-1.112507939338684,0.2759193209549442
COHFACE_s29_session0_lamp,88,220,95.33333333333333,-1.132423996925354,0.4791990267213963
COHFACE_s29_session0_lamp,88,221,95.36666666666666,-1.1424442529678345,0.6464947269363087
COHFACE_s29_session0_lamp,88,222,95.4,-0.866831362247467,0.7763797462367835
COHFACE_s29_session0_lamp,88,223,95.43333333333334,0.19729137420654297,0.8766598760073091
COHFACE_s29_session0_lamp,88,224,95.46666666666667,1.560917615890503,0.9530600225643696
COHFACE_s29_session0_lamp,88,225,95.5,2.2314612865448,0.9998586957641724
COHFACE_s29_session0_lamp,88,226,95.53333333333333,2.1333138942718506,0.9994710610159079
COHFACE_s29_session0_lamp,88,227,95.56666666666666,1.8297926187515259,0.9314309159448698
COHFACE_s29_session0_lamp,88,228,95.6,1.6687932014465332,0.785240056419203
COHFACE_s29_session0_lamp,88,229,95.63333333333334,1.6608548164367676,0.5695540643113864
COHFACE_s29_session0_lamp,88,230,95.66666666666667,1.6313295364379883,0.31268664983970557
COHFACE_s29_session0_lamp,88,231,95.7,1.4015241861343384,0.05439000139883471
COHFACE_s29_session0_lamp,88,232,95.73333333333333,1.0567214488983154,-0.16675271381529172
COHFACE_s29_session0_lamp,88,233,95.76666666666667,0.7977476119995117,-0.3244422319494156
COHFACE_s29_session0_lamp,88,234,95.8,0.6375971436500549,-0.4100940959574823
COHFACE_s29_session0_lamp,88,235,95.83333333333333,0.48008549213409424,-0.4315216849891354
COHFACE_s29_session0_lamp,88,236,95.86666666666666,0.27693942189216614,-0.4063498547312024
COHFACE_s29_session0_lamp,88,237,95.9,0.05847911536693573,-0.3532613870249654
COHFACE_s29_session0_lamp,88,238,95.93333333333334,-0.1462676078081131,-0.28497940447208714
COHFACE_s29_session0_lamp,88,239,95.96666666666667,-0.31426990032196045,-0.20600554438253602
COHFACE_s29_session0_lamp,89,0,89.0,0.40437957644462585,-0.1700417250487417
COHFACE_s29_session0_lamp,89,1,89.03333333333333,0.19830258190631866,0.024708025567130167
COHFACE_s29_session0_lamp,89,2,89.06666666666666,-0.00039847628795541823,0.1634681496800993
COHFACE_s29_session0_lamp,89,3,89.1,-0.1583535224199295,0.20937872598991802
COHFACE_s29_session0_lamp,89,4,89.13333333333334,-0.2776336371898651,0.1581169594544962
COHFACE_s29_session0_lamp,89,5,89.16666666666667,-0.3674965798854828,0.038457786466609176
COHFACE_s29_session0_lamp,89,6,89.2,-0.4259631931781769,-0.10084240076653335
COHFACE_s29_session0_lamp,89,7,89.23333333333333,-0.4776487350463867,-0.21255104532202218
COHFACE_s29_session0_lamp,89,8,89.26666666666667,-0.5309889912605286,-0.27038574020300066
COHFACE_s29_session0_lamp,89,9,89.3,-0.5872979760169983,-0.2760468382037026
COHFACE_s29_session0_lamp,89,10,89.33333333333333,-0.6456618309020996,-0.2500638764213194
COHFACE_s29_session0_lamp,89,11,89.36666666666666,-0.7109690308570862,-0.21246691468624315
COHFACE_s29_session0_lamp,89,12,89.4,-0.7710200548171997,-0.1664920961185358
COHFACE_s29_session0_lamp,89,13,89.43333333333334,-0.8220674991607666,-0.09688936319119876
COHFACE_s29_session0_lamp,89,14,89.46666666666667,-0.8710924983024597,0.01665272586120753
COHFACE_s29_session0_lamp,89,15,89.5,-0.8987089395523071,0.1818457524379309
COHFACE_s29_session0_lamp,89,16,89.53333333333333,-0.9165160655975342,0.3849993709189482
COHFACE_s29_session0_lamp,89,17,89.56666666666666,-0.9439703226089478,0.5966204009045322
COHFACE_s29_session0_lamp,89,18,89.6,-0.9711595177650452,0.7859539157996196
COHFACE_s29_session0_lamp,89,19,89.63333333333334,-0.8687996864318848,0.9331652902579389
COHFACE_s29_session0_lamp,89,20,89.66666666666667,-0.18242259323596954,1.03159998417088
COHFACE_s29_session0_lamp,89,21,89.7,1.0167053937911987,1.0813002010704231
COHFACE_s29_session0_lamp,89,22,89.73333333333333,1.8495789766311646,1.081020135247966
COHFACE_s29_session0_lamp,89,23,89.76666666666667,1.929329752922058,1.0255548114496758
COHFACE_s29_session0_lamp,89,24,89.8,1.6530084609985352,0.9095466907526338
COHFACE_s29_session0_lamp,89,25,89.83333333333333,1.4346293210983276,0.7336095927672484
COHFACE_s29_session0_lamp,89,26,89.86666666666666,1.3793476819992065,0.5080746696758932
COHFACE_s29_session0_lamp,89,27,89.9,1.363481879234314,0.2524708757472982
COHFACE_s29_session0_lamp,89,28,89.93333333333334,1.2058730125427246,-0.008599313782305924
COHFACE_s29_session0_lamp,89,29,89.96666666666667,0.9236952662467957,-0.25146302178522356
COHFACE_s29_session0_lamp,89,30,90.0,0.7012550234794617,-0.4594050741437953
COHFACE_s29_session0_lamp,89,31,90.03333333333333,0.5668715238571167,-0.626751352571306
COHFACE_s29_session0_lamp,89,32,90.06666666666666,0.4325583875179291,-0.758830554686986
COHFACE_s29_session0_lamp,89,33,90.1,0.2505072355270386,-0.8668126605044336
COHFACE_s29_session0_lamp,89,34,90.13333333333334,0.03754642233252525,-0.9595465407715567
COHFACE_s29_session0_lamp,89,35,90.16666666666667,-0.1646316945552826,-1.0370970267683162
COHFACE_s29_session0_lamp,89,36,90.2,-0.33026549220085144,-1.0900803638931498
COHFACE_s29_session0_lamp,89,37,90.23333333333333,-0.4552343785762787,-1.1054090340134086
COHFACE_s29_session0_lamp,89,38,90.26666666666667,-0.5424314141273499,-1.0749946720751016
COHFACE_s29_session0_lamp,89,39,90.3,-0.599465012550354,-1.0019923618962672
COHFACE_s29_session0_lamp,89,40,90.33333333333333,-0.6451210975646973,-0.9007036904981423
COHFACE_s29_session0_lamp,89,41,90.36666666666666,-0.6953790187835693,-0.7902371251043103
COHFACE_s29_session0_lamp,89,42,90.4,-0.7478540539741516,-0.6858770607342881
COHFACE_s29_session0_lamp,89,43,90.43333333333334,-0.8041630387306213,-0.5932083647815809
COHFACE_s29_session0_lamp,89,44,90.46666666666667,-0.8640086054801941,-0.507586123156745
COHFACE_s29_session0_lamp,89,45,90.5,-0.9189062118530273,-0.41778638377437616
COHFACE_s29_session0_lamp,89,46,90.53333333333333,-0.9686504602432251,-0.31059830870128674
COHFACE_s29_session0_lamp,89,47,90.56666666666666,-1.0103427171707153,-0.17384899536830506
COHFACE_s29_session0_lamp,89,48,90.6,-1.0382728576660156,0.0020914329086212675
COHFACE_s29_session0_lamp,89,49,90.63333333333334,-1.0489528179168701,0.2224313135674007
COHFACE_s29_session0_lamp,89,50,90.66666666666667,-1.0484986305236816,0.48452053013840085
COHFACE_s29_session0_lamp,89,51,90.7,-1.048006534576416,0.7741278771232658
COHFACE_s29_session0_lamp,89,52,90.73333333333333,-1.062980055809021,1.0645930973645075
COHFACE_s29_session0_lamp,89,53,90.76666666666667,-1.0584214925765991,1.3212477211683764
COHFACE_s29_session0_lamp,89,54,90.8,-0.6949518322944641,1.5101019587469033
COHFACE_s29_session0_lamp,89,55,90.83333333333333,0.41595175862312317,1.6069406415396372
COHFACE_s29_session0_lamp,89,56,90.86666666666666,1.6528732776641846,1.6032670593610625
COHFACE_s29_session0_lamp,89,57,90.9,2.156447649002075,1.5075440188425164
COHFACE_s29_session0_lamp,89,58,90.93333333333334,2.0093348026275635,1.341575349801642
COHFACE_s29_session0_lamp,89,59,90.96666666666667,1.7536216974258423,1.1328494604106931
COHFACE_s29_session0_lamp,89,60,91.0,1.655961036682129,0.905150121450763
COHFACE_s29_session0_lamp,89,61,91.03333333333333,1.666776180267334,0.6712165133670152
COHFACE_s29_session0_lamp,89,62,91.06666666666666,1.608655571937561,0.4313281328898244
COHFACE_s29_session0_lamp,89,63,91.1,1.3614541292190552,0.17919780137023797
COHFACE_s29_session0_lamp,89,64,91.13333333333334,1.0308948755264282,-0.08794409373552507
COHFACE_s29_session0_lamp,89,65,91.16666666666667,0.7896957397460938,-0.3613923459236738
COHFACE_s29_session0_lamp,89,66,91.2,0.6316271424293518,-0.6204457234998925
COHFACE_s29_session0_lamp,89,67,91.23333333333333,0.4713036119937897,-0.8399560212292554
COHFACE_s29_session0_lamp,89,68,91.26666666666667,0.2716508209705353,-1.0013058317203938
COHFACE_s29_session0_lamp,89,69,91.3,0.06274569034576416,-1.1000109711052872
COHFACE_s29_session0_lamp,89,70,91.33333333333333,-0.1289958357810974,-1.1457525758060423
COHFACE_s29_session0_lamp,89,71,91.36666666666666,-0.2820029556751251,-1.1556698461525314
COHFACE_s29_session0_lamp,89,72,91.4,-0.4014344811439514,-1.1454949803497907
COHFACE_s29_session0_lamp,89,73,91.43333333333334,-0.48820430040359497,-1.1236733490596191
COHFACE_s29_session0_lamp,89,74,91.46666666666667,-0.5518297553062439,-1.0911164448810906
COHFACE_s29_session0_lamp,89,75,91.5,-0.6125404834747314,-1.045392642509315
COHFACE_s29_session0_lamp,89,76,91.53333333333333,-0.6688927412033081,-0.9853128406922241
COHFACE_s29_session0_lamp,89,77,91.56666666666666,-0.7293601632118225,-0.9118579415906826
COHFACE_s29_session0_lamp,89,78,91.6,-0.7935047149658203,-0.8244468943119428
COHFACE_s29_session0_lamp,89,79,91.63333333333334,-0.8526202440261841,-0.7156894140098609
COHFACE_s29_session0_lamp,89,80,91.66666666666667,-0.9060091972351074,-0.570049130649568
COHFACE_s29_session0_lamp,89,81,91.7,-0.9538823962211609,-0.36992469716546766
COHFACE_s29_session0_lamp,89,82,91.73333333333333,-0.9944769740104675,-0.1070248638292343
COHFACE_s29_session0_lamp,89,83,91.76666666666667,-1.022407054901123,0.20796030273299396
COHFACE_s29_session0_lamp,89,84,91.8,-1.037396788597107,0.544253979456028
COHFACE_s29_session0_lamp,89,85,91.83333333333333,-1.0477685928344727,0.8603121447497875
COHFACE_s29_session0_lamp,89,86,91.86666666666666,-1.0488338470458984,1.1189320443418984
COHFACE_s29_session0_lamp,89,87,91.9,-1.0466762781143188,1.299787220476739
COHFACE_s29_session0_lamp,89,88,91.93333333333334,-1.0548200607299805,1.4026198268869685
COHFACE_s29_session0_lamp,89,89,91.96666666666667,-1.0726325511932373,1.4400733812369317
COHFACE_s29_session0_lamp,89,90,92.0,-0.9481070637702942,1.4254394534811552
COHFACE_s29_session0_lamp,89,91,92.03333333333333,-0.15773704648017883,1.3634303041628326
COHFACE_s29_session0_lamp,89,92,92.06666666666666,1.1823554039001465,1.2495845457046524
COHFACE_s29_session0_lamp,89,93,92.1,2.091897487640381,1.0780045309123212
COHFACE_s29_session0_lamp,89,94,92.13333333333334,2.1756985187530518,0.8517154764255229
COHFACE_s29_session0_lamp,89,95,92.16666666666667,1.8989770412445068,0.5883606599908985
COHFACE_s29_session0_lamp,89,96,92.2,1.7090741395950317,0.3171641366311126
COHFACE_s29_session0_lamp,89,97,92.23333333333333,1.683782935142517,0.06872219561496769
COHFACE_s29_session0_lamp,89,98,92.26666666666667,1.6879359483718872,-0.13645867064999115
COHFACE_s29_session0_lamp,89,99,92.3,1.528093695640564,-0.29420833805191476
COHFACE_s29_session0_lamp,89,100,92.33333333333333,1.2008060216903687,-0.41470876229119025
COHFACE_s29_session0_lamp,89,101,92.36666666666666,0.9078889489173889,-0.5142261888242241
COHFACE_s29_session0_lamp,89,102,92.4,0.7279900312423706,-0.6057702335118647
COHFACE_s29_session0_lamp,89,103,92.43333333333334,0.5831483006477356,-0.6937211040004461
COHFACE_s29_session0_lamp,89,104,92.46666666666667,0.4028870761394501,-0.774289201711633
COHFACE_s29_session0_lamp,89,105,92.5,0.19486336410045624,-0.8399815729305252
COHFACE_s29_session0_lamp,89,106,92.53333333333333,-0.010364622808992863,-0.8845240535170392
COHFACE_s29_session0_lamp,89,107,92.56666666666666,-0.1803947538137436,-0.9053674978786157
COHFACE_s29_session0_lamp,89,108,92.6,-0.3144970238208771,-0.9029956071502488
COHFACE_s29_session0_lamp,89,109,92.63333333333334,-0.4157591164112091,-0.8784154440819897
COHFACE_s29_session0_lamp,89,110,92.66666666666667,-0.4875716269016266,-0.8312761744322213
COHFACE_s29_session0_lamp,89,111,92.7,-0.5417446494102478,-0.7604188300325433
COHFACE_s29_session0_lamp,89,112,92.73333333333333,-0.5894501805305481,-0.6666467112538523
COHFACE_s29_session0_lamp,89,113,92.76666666666667,-0.6431095004081726,-0.5554692721690753
COHFACE_s29_session0_lamp,89,114,92.8,-0.6987317204475403,-0.43697987067665056
COHFACE_s29_session0_lamp,89,115,92.83333333333333,-0.753191351890564,-0.3215169093199889
COHFACE_s29_session0_lamp,89,116,92.86666666666666,-0.8132585883140564,-0.21276277840190266
COHFACE_s29_session0_lamp,89,117,92.9,-0.8659552931785583,-0.1027247571355914
COHFACE_s29_session0_lamp,89,118,92.93333333333334,-0.9030728936195374,0.026493639745152536
COHFACE_s29_session0_lamp,89,119,92.96666666666667,-0.9311867952346802,0.192556466371344
COHFACE_s29_session0_lamp,89,120,93.0,-0.9507838487625122,0.39893414534140836
COHFACE_s29_session0_lamp,89,121,93.03333333333333,-0.9610527753829956,0.6260953780374477
COHFACE_s29_session0_lamp,89,122,93.06666666666666,-0.9575648903846741,0.8354261576535548
COHFACE_s29_session0_lamp,89,123,93.1,-0.9597874283790588,0.9860947217707494
COHFACE_s29_session0_lamp,89,124,93.13333333333334,-0.9813528060913086,1.0558682556400611
COHFACE_s29_session0_lamp,89,125,93.16666666666667,-0.9765508770942688,1.052675127872145
COHFACE_s29_session0_lamp,89,126,93.2,-0.5879306793212891,1.0086861119032786
COHFACE_s29_session0_lamp,89,127,93.23333333333333,0.5238760113716125,0.9598053787939165
COHFACE_s29_session0_lamp,89,128,93.26666666666667,1.6983726024627686,0.9233466539740988
COHFACE_s29_session0_lamp,89,129,93.3,2.1287553310394287,0.8881816578970768
COHFACE_s29_session0_lamp,89,130,93.33333333333333,1.9149564504623413,0.8230130265199719
COHFACE_s29_session0_lamp,89,131,93.36666666666666,1.5851110219955444,0.6964477138126358
COHFACE_s29_session0_lamp,89,132,93.4,1.4213969707489014,0.495979784950293
COHFACE_s29_session0_lamp,89,133,93.43333333333334,1.401313304901123,0.23523393486030345
COHFACE_s29_session0_lamp,89,134,93.46666666666667,1.3228007555007935,-0.052587149287427165
COHFACE_s29_session0_lamp,89,135,93.5,1.0901942253112793,-0.32885883329515553
COHFACE_s29_session0_lamp,89,136,93.53333333333333,0.8682082295417786,-0.5627285828419272
COHFACE_s29_session0_lamp,89,137,93.56666666666666,0.7389565706253052,-0.7378650371213583
COHFACE_s29_session0_lamp,89,138,93.6,0.6203199625015259,-0.8521254161239067
COHFACE_s29_session0_lamp,89,139,93.63333333333334,0.45173904299736023,-0.9129728856254455
COHFACE_s29_session0_lamp,89,140,93.66666666666667,0.23552827537059784,-0.9321731800246247
COHFACE_s29_session0_lamp,89,141,93.7,0.007783173117786646,-0.921993543826104
COHFACE_s29_session0_lamp,89,142,93.73333333333333,-0.1866837590932846,-0.8934033912410988
COHFACE_s29_session0_lamp,89,143,93.76666666666667,-0.3342778980731964,-0.8554893585434498
COHFACE_s29_session0_lamp,89,144,93.8,-0.4333445429801941,-0.8147621093800863
COHFACE_s29_session0_lamp,89,145,93.83333333333333,-0.4956018626689911,-0.7734593926840311
COHFACE_s29_session0_lamp,89,146,93.86666666666666,-0.5441077351570129,-0.727227508467187
COHFACE_s29_session0_lamp,89,147,93.9,-0.5869572758674622,-0.6641039311393983
COHFACE_s29_session0_lamp,89,148,93.93333333333334,-0.6352630853652954,-0.5673968351416792
COHFACE_s29_session0_lamp,89,149,93.96666666666667,-0.6898092031478882,-0.42338462135257643
COHFACE_s29_session0_lamp,89,150,94.0,-0.7553814053535461,-0.2308407757079205
COHFACE_s29_session0_lamp,89,151,94.03333333333333,-0.8203586935997009,-0.006247731736834168
COHFACE_s29_session0_lamp,89,152,94.06666666666666,-0.8797338008880615,0.2205489275502071
COHFACE_s29_session0_lamp,89,153,94.1,-0.9244056940078735,0.4199984980115485
COHFACE_s29_session0_lamp,89,154,94.13333333333334,-0.9575757384300232,0.5783647296609161
COHFACE_s29_session0_lamp,89,155,94.16666666666667,-0.9839863181114197,0.704587290699562
COHFACE_s29_session0_lamp,89,156,94.2,-1.0149608850479126,0.8226798377335899
COHFACE_s29_session0_lamp,89,157,94.23333333333333,-1.0060491561889648,0.953383060531472
COHFACE_s29_session0_lamp,89,158,94.26666666666667,-0.5647376179695129,1.0965600275765708
COHFACE_s29_session0_lamp,89,159,94.3,0.6338983774185181,1.2260960768735503
COHFACE_s29_session0_lamp,89,160,94.33333333333333,1.8334373235702515,1.3008835425676146
COHFACE_s29_session0_lamp,89,161,94.36666666666666,2.228260040283203,1.284891178347383
COHFACE_s29_session0_lamp,89,162,94.4,2.010735273361206,1.1639996842263094
COHFACE_s29_session0_lamp,89,163,94.43333333333334,1.7234907150268555,0.9504855120195752
COHFACE_s29_session0_lamp,89,164,94.46666666666667,1.6027721166610718,0.6751686839851512
COHFACE_s29_session0_lamp,89,165,94.5,1.598857045173645,0.3745992086848694
COHFACE_s29_session0_lamp,89,166,94.53333333333333,1.5190305709838867,0.0806393452230338
COHFACE_s29_session0_lamp,89,167,94.56666666666666,1.2400649785995483,-0.18479727629261047
COHFACE_s29_session0_lamp,89,168,94.6,0.914405107498169,-0.41070149817358703
COHFACE_s29_session0_lamp,89,169,94.63333333333334,0.7009575963020325,-0.5953668325492169
COHFACE_s29_session0_lamp,89,170,94.66666666666667,0.5551966428756714,-0.7432890124275081
COHFACE_s29_session0_lamp,89,171,94.7,0.3896006941795349,-0.8611550719637066
COHFACE_s29_session0_lamp,89,172,94.73333333333333,0.1844862550497055,-0.954088651535693
COHFACE_s29_session0_lamp,89,173,94.76666666666667,-0.03891657665371895,-1.0236663583192058
COHFACE_s29_session0_lamp,89,174,94.8,-0.23190724849700928,-1.068135342959808
COHFACE_s29_session0_lamp,89,175,94.83333333333333,-0.3830703794956207,-1.083796944340929
COHFACE_s29_session0_lamp,89,176,94.86666666666666,-0.5001712441444397,-1.0662524439551788
COHFACE_s29_session0_lamp,89,177,94.9,-0.5817822813987732,-1.0112705819816685
COHFACE_s29_session0_lamp,89,178,94.93333333333334,-0.6414818167686462,-0.9163084996655804
COHFACE_s29_session0_lamp,89,179,94.96666666666667,-0.6951356530189514,-0.7835203488544769
COHFACE_s29_session0_lamp,89,180,95.0,-0.7503523230552673,-0.6229747412682565
COHFACE_s29_session0_lamp,89,181,95.03333333333333,-0.807818591594696,-0.452847182210229
COHFACE_s29_session0_lamp,89,182,95.06666666666666,-0.8690052032470703,-0.2939950263190993
COHFACE_s29_session0_lamp,89,183,95.1,-0.9295321106910706,-0.15999264638400532
COHFACE_s29_session0_lamp,89,184,95.13333333333334,-0.992378830909729,-0.04829126076879342
COHFACE_s29_session0_lamp,89,185,95.16666666666667,-1.0388190746307373,0.06049830489536977
COHFACE_s29_session0_lamp,89,186,95.2,-1.0730867385864258,0.19251984725665322
COHFACE_s29_session0_lamp,89,187,95.23333333333333,-1.0980318784713745,0.36445128298716417
COHFACE_s29_session0_lamp,89,188,95.26666666666667,-1.1051050424575806,0.5710319686142944
COHFACE_s29_session0_lamp,89,189,95.3,-1.112507939338684,0.785096499515123
COHFACE_s29_session0_lamp,89,190,95.33333333333333,-1.132423996925354,0.971086925923004
COHFACE_s29_session0_lamp,89,191,95.36666666666666,-1.1424442529678345,1.1036821537890793
COHFACE_s29_session0_lamp,89,192,95.4,-0.866831362247467,1.1790234946973317
COHFACE_s29_session0_lamp,89,193,95.43333333333334,0.19729137420654297,1.2108282123144194
COHFACE_s29_session0_lamp,89,194,95.46666666666667,1.560917615890503,1.2150844717122593
COHFACE_s29_session0_lamp,89,195,95.5,2.2314612865448,1.1954771705132814
COHFACE_s29_session0_lamp,89,196,95.53333333333333,2.1333138942718506,1.1397992241911195
COHFACE_s29_session0_lamp,89,197,95.56666666666666,1.8297926187515259,1.0285504583432683
COHFACE_s29_session0_lamp,89,198,95.6,1.6687932014465332,0.8487019208925294
COHFACE_s29_session0_lamp,89,199,95.63333333333334,1.6608548164367676,0.6034216297651975
COHFACE_s29_session0_lamp,89,200,95.66666666666667,1.6313295364379883,0.3128483974172223
COHFACE_s29_session0_lamp,89,201,95.7,1.4015241861343384,0.007277110146588984
COHFACE_s29_session0_lamp,89,202,95.73333333333333,1.0567214488983154,-0.28249238659341724
COHFACE_s29_session0_lamp,89,203,95.76666666666667,0.7977476119995117,-0.5331451327698916
COHFACE_s29_session0_lamp,89,204,95.8,0.6375971436500549,-0.7327640387169081
COHFACE_s29_session0_lamp,89,205,95.83333333333333,0.48008549213409424,-0.8802868209371955
COHFACE_s29_session0_lamp,89,206,95.86666666666666,0.27693942189216614,-0.9812948798753807
COHFACE_s29_session0_lamp,89,207,95.9,0.05847911536693573,-1.0419897913850988
COHFACE_s29_session0_lamp,89,208,95.93333333333334,-0.1462676078081131,-1.0645620588482976
COHFACE_s29_session0_lamp,89,209,95.96666666666667,-0.31426990032196045,-1.047016395306525
COHFACE_s29_session0_lamp,89,210,96.0,-0.4485289752483368,-0.9876800626909326
COHFACE_s29_session0_lamp,89,211,96.03333333333333,-0.5487095713615417,-0.8910243093748147
COHFACE_s29_session0_lamp,89,212,96.06666666666666,-0.6217982769012451,-0.7700046926072723
COHFACE_s29_session0_lamp,89,213,96.1,-0.6812922954559326,-0.6421965016493579
COHFACE_s29_session0_lamp,89,214,96.13333333333334,-0.7377365231513977,-0.5215599708028553
COHFACE_s29_session0_lamp,89,215,96.16666666666667,-0.7998045682907104,-0.41151331117341766
COHFACE_s29_session0_lamp,89,216,96.2,-0.857405960559845,-0.3049636977056287
COHFACE_s29_session0_lamp,89,217,96.23333333333333,-0.9203608632087708,-0.19223923494369385
COHFACE_s29_session0_lamp,89,218,96.26666666666667,-0.9791519045829773,-0.07117623040861307
COHFACE_s29_session0_lamp,89,219,96.3,-1.0268683433532715,0.0490439362878279
COHFACE_s29_session0_lamp,89,220,96.33333333333333,-1.0640994310379028,0.15389487784967934
COHFACE_s29_session0_lamp,89,221,96.36666666666666,-1.0892013311386108,0.23469615470155852
COHFACE_s29_session0_lamp,89,222,96.4,-1.1063270568847656,0.2956724910074423
COHFACE_s29_session0_lamp,89,223,96.43333333333334,-1.1110424995422363,0.3505267630262694
COHFACE_s29_session0_lamp,89,224,96.46666666666667,-1.11714768409729,0.4111209025506428
COHFACE_s29_session0_lamp,89,225,96.5,-1.1325591802597046,0.47771832041889534
COHFACE_s29_session0_lamp,89,226,96.53333333333333,-1.1092580556869507,0.5384916267340359
COHFACE_s29_session0_lamp,89,227,96.56666666666666,-0.657088041305542,0.5780304118420436
COHFACE_s29_session0_lamp,89,228,96.6,0.4967191815376282,0.5874417177825673
COHFACE_s29_session0_lamp,89,229,96.63333333333334,1.6025125980377197,0.567975938453737
COHFACE_s29_session0_lamp,89,230,96.66666666666667,1.9789820909500122,0.5264910696468746
COHFACE_s29_session0_lamp,89,231,96.7,1.8177175521850586,0.4682426802833387
COHFACE_s29_session0_lamp,89,232,96.73333333333333,1.5840890407562256,0.3939095732054213
COHFACE_s29_session0_lamp,89,233,96.76666666666667,1.5019643306732178,0.3031620191848223
COHFACE_s29_session0_lamp,89,234,96.8,1.5239568948745728,0.2008148517117465
COHFACE_s29_session0_lamp,89,235,96.83333333333333,1.4527446031570435,0.09924271677550016
COHFACE_s29_session0_lamp,89,236,96.86666666666666,1.1926946640014648,0.01446345011468125
COHFACE_s29_session0_lamp,89,237,96.9,0.922386646270752,-0.04125353369972619
COHFACE_s29_session0_lamp,89,238,96.93333333333334,0.7668001055717468,-0.06542472694072164
COHFACE_s29_session0_lamp,89,239,96.96666666666667,0.6540577411651611,-0.0667568038627363
COHFACE_s29_session0_lamp,90,0,90.0,0.7012550234794617,-0.04067881247243989
COHFACE_s29_session0_lamp,90,1,90.03333333333333,0.5668715238571167,0.1565741291416227
COHFACE_s29_session0_lamp,90,2,90.06666666666666,0.4325583875179291,0.29812053574024017
COHFACE_s29_session0_lamp,90,3,90.1,0.2505072355270386,0.34568088375383055
COHFACE_s29_session0_lamp,90,4,90.13333333333334,0.03754642233252525,0.28716743252237886
COHFACE_s29_session0_lamp,90,5,90.16666666666667,-0.1646316945552826,0.13962823353071543
COHFACE_s29_session0_lamp,90,6,90.2,-0.33026549220085144,-0.05791292034754349
COHFACE_s29_session0_lamp,90,7,90.23333333333333,-0.4552343785762787,-0.25961642403104535
COHFACE_s29_session0_lamp,90,8,90.26666666666667,-0.5424314141273499,-0.4297082338077517
COHFACE_s29_session0_lamp,90,9,90.3,-0.599465012550354,-0.5532658964995675
COHFACE_s29_session0_lamp,90,10,90.33333333333333,-0.6451210975646973,-0.6357509540011439
COHFACE_s29_session0_lamp,90,11,90.36666666666666,-0.6953790187835693,-0.6921909797665191
COHFACE_s29_session0_lamp,90,12,90.4,-0.7478540539741516,-0.7331695282061239
COHFACE_s29_session0_lamp,90,13,90.43333333333334,-0.8041630387306213,-0.7564498046653523
COHFACE_s29_session0_lamp,90,14,90.46666666666667,-0.8640086054801941,-0.7482457402376744
COHFACE_s29_session0_lamp,90,15,90.5,-0.9189062118530273,-0.6912930324179988
COHFACE_s29_session0_lamp,90,16,90.53333333333333,-0.9686504602432251,-0.57355284266577
COHFACE_s29_session0_lamp,90,17,90.56666666666666,-1.0103427171707153,-0.3928040659131329
COHFACE_s29_session0_lamp,90,18,90.6,-1.0382728576660156,-0.15636826753108207
COHFACE_s29_session0_lamp,90,19,90.63333333333334,-1.0489528179168701,0.1215100609023289
COHFACE_s29_session0_lamp,90,20,90.66666666666667,-1.0484986305236816,0.42175711005235594
COHFACE_s29_session0_lamp,90,21,90.7,-1.048006534576416,0.7212549808473546
COHFACE_s29_session0_lamp,90,22,90.73333333333333,-1.062980055809021,0.9938262550648393
COHFACE_s29_session0_lamp,90,23,90.76666666666667,-1.0584214925765991,1.2130722359234698
COHFACE_s29_session0_lamp,90,24,90.8,-0.6949518322944641,1.3564803140815487
COHFACE_s29_session0_lamp,90,25,90.83333333333333,0.41595175862312317,1.40877651302475
COHFACE_s29_session0_lamp,90,26,90.86666666666666,1.6528732776641846,1.3640157640394164
COHFACE_s29_session0_lamp,90,27,90.9,2.156447649002075,1.2275063865470561
COHFACE_s29_session0_lamp,90,28,90.93333333333334,2.0093348026275635,1.017375320976046
COHFACE_s29_session0_lamp,90,29,90.96666666666667,1.7536216974258423,0.7632624885526644
COHFACE_s29_session0_lamp,90,30,91.0,1.655961036682129,0.4996967855440006
COHFACE_s29_session0_lamp,90,31,91.03333333333333,1.666776180267334,0.25509205814121144
COHFACE_s29_session0_lamp,90,32,91.06666666666666,1.608655571937561,0.04188859990199292
COHFACE_s29_session0_lamp,90,33,91.1,1.3614541292190552,-0.14534457389798172
COHFACE_s29_session0_lamp,90,34,91.13333333333334,1.0308948755264282,-0.32155971846880843
COHFACE_s29_session0_lamp,90,35,91.16666666666667,0.7896957397460938,-0.49756016325763136
COHFACE_s29_session0_lamp,90,36,91.2,0.6316271424293518,-0.6702516626268121
COHFACE_s29_session0_lamp,90,37,91.23333333333333,0.4713036119937897,-0.823641359353557
COHFACE_s29_session0_lamp,90,38,91.26666666666667,0.2716508209705353,-0.9392053973724338
COHFACE_s29_session0_lamp,90,39,91.3,0.06274569034576416,-1.0071826152424903
COHFACE_s29_session0_lamp,90,40,91.33333333333333,-0.1289958357810974,-1.0305532101543624
COHFACE_s29_session0_lamp,90,41,91.36666666666666,-0.2820029556751251,-1.0197512805726816
COHFACE_s29_session0_lamp,90,42,91.4,-0.4014344811439514,-0.9831710917084513
COHFACE_s29_session0_lamp,90,43,91.43333333333334,-0.48820430040359497,-0.9213658440074086
COHFACE_s29_session0_lamp,90,44,91.46666666666667,-0.5518297553062439,-0.8296463987829372
COHFACE_s29_session0_lamp,90,45,91.5,-0.6125404834747314,-0.7071458957391096
COHFACE_s29_session0_lamp,90,46,91.53333333333333,-0.6688927412033081,-0.5650139643707923
COHFACE_s29_session0_lamp,90,47,91.56666666666666,-0.7293601632118225,-0.4259701013614207
COHFACE_s29_session0_lamp,90,48,91.6,-0.7935047149658203,-0.31288481512944916
COHFACE_s29_session0_lamp,90,49,91.63333333333334,-0.8526202440261841,-0.23253939710760763
COHFACE_s29_session0_lamp,90,50,91.66666666666667,-0.9060091972351074,-0.16665359799210713
COHFACE_s29_session0_lamp,90,51,91.7,-0.9538823962211609,-0.07943690793631335
COHFACE_s29_session0_lamp,90,52,91.73333333333333,-0.9944769740104675,0.06101755740867554
COHFACE_s29_session0_lamp,90,53,91.76666666666667,-1.022407054901123,0.2612807684187636
COHFACE_s29_session0_lamp,90,54,91.8,-1.037396788597107,0.4953234813372063
COHFACE_s29_session0_lamp,90,55,91.83333333333333,-1.0477685928344727,0.7162564524812108
COHFACE_s29_session0_lamp,90,56,91.86666666666666,-1.0488338470458984,0.8798876966641532
COHFACE_s29_session0_lamp,90,57,91.9,-1.0466762781143188,0.9658328212618285
COHFACE_s29_session0_lamp,90,58,91.93333333333334,-1.0548200607299805,0.9838680314278113
COHFACE_s29_session0_lamp,90,59,91.96666666666667,-1.0726325511932373,0.9625808851097295
COHFACE_s29_session0_lamp,90,60,92.0,-0.9481070637702942,0.9284091013587658
COHFACE_s29_session0_lamp,90,61,92.03333333333333,-0.15773704648017883,0.8889584601669457
COHFACE_s29_session0_lamp,90,62,92.06666666666666,1.1823554039001465,0.8311862073925242
COHFACE_s29_session0_lamp,90,63,92.1,2.091897487640381,0.7349522730219453
COHFACE_s29_session0_lamp,90,64,92.13333333333334,2.1756985187530518,0.5920252387852672
COHFACE_s29_session0_lamp,90,65,92.16666666666667,1.8989770412445068,0.4169412115780869
COHFACE_s29_session0_lamp,90,66,92.2,1.7090741395950317,0.24201945946064263
COHFACE_s29_session0_lamp,90,67,92.23333333333333,1.683782935142517,0.09970043021845079
COHFACE_s29_session0_lamp,90,68,92.26666666666667,1.6879359483718872,0.0036379060951452196
COHFACE_s29_session0_lamp,90,69,92.3,1.528093695640564,-0.0592254274439261
COHFACE_s29_session0_lamp,90,70,92.33333333333333,1.2008060216903687,-0.1203743362383981
COHFACE_s29_session0_lamp,90,71,92.36666666666666,0.9078889489173889,-0.2103291487331135
COHFACE_s29_session0_lamp,90,72,92.4,0.7279900312423706,-0.3403946104418968
COHFACE_s29_session0_lamp,90,73,92.43333333333334,0.5831483006477356,-0.4967683270738621
COHFACE_s29_session0_lamp,90,74,92.46666666666667,0.4028870761394501,-0.6492596818405789
COHFACE_s29_session0_lamp,90,75,92.5,0.19486336410045624,-0.7673239330717543
COHFACE_s29_session0_lamp,90,76,92.53333333333333,-0.010364622808992863,-0.8332300535620745
COHFACE_s29_session0_lamp,90,77,92.56666666666666,-0.1803947538137436,-0.8459668891036708
COHFACE_s29_session0_lamp,90,78,92.6,-0.3144970238208771,-0.8158290804824214
COHFACE_s29_session0_lamp,90,79,92.63333333333334,-0.4157591164112091,-0.7548067448488166
COHFACE_s29_session0_lamp,90,80,92.66666666666667,-0.4875716269016266,-0.6695711310531793
COHFACE_s29_session0_lamp,90,81,92.7,-0.5417446494102478,-0.5613211031481274
COHFACE_s29_session0_lamp,90,82,92.73333333333333,-0.5894501805305481,-0.43156194460172115
COHFACE_s29_session0_lamp,90,83,92.76666666666667,-0.6431095004081726,-0.28859214611303374
COHFACE_s29_session0_lamp,90,84,92.8,-0.6987317204475403,-0.14904148544281126
COHFACE_s29_session0_lamp,90,85,92.83333333333333,-0.753191351890564,-0.03219209110126546
COHFACE_s29_session0_lamp,90,86,92.86666666666666,-0.8132585883140564,0.05017889018079877
COHFACE_s29_session0_lamp,90,87,92.9,-0.8659552931785583,0.10185749599103651
COHFACE_s29_session0_lamp,90,88,92.93333333333334,-0.9030728936195374,0.14142710591585153
COHFACE_s29_session0_lamp,90,89,92.96666666666667,-0.9311867952346802,0.1909169368354067
COHFACE_s29_session0_lamp,90,90,93.0,-0.9507838487625122,0.26020062627024654
COHFACE_s29_session0_lamp,90,91,93.03333333333333,-0.9610527753829956,0.33829132525942446
COHFACE_s29_session0_lamp,90,92,93.06666666666666,-0.9575648903846741,0.3991817856904278
COHFACE_s29_session0_lamp,90,93,93.1,-0.9597874283790588,0.41991780043641846
COHFACE_s29_session0_lamp,90,94,93.13333333333334,-0.9813528060913086,0.3989112647213971
COHFACE_s29_session0_lamp,90,95,93.16666666666667,-0.9765508770942688,0.36086072468673924
COHFACE_s29_session0_lamp,90,96,93.2,-0.5879306793212891,0.34362579580817243
COHFACE_s29_session0_lamp,90,97,93.23333333333333,0.5238760113716125,0.3750293630745428
COHFACE_s29_session0_lamp,90,98,93.26666666666667,1.6983726024627686,0.4543909343953948
COHFACE_s29_session0_lamp,90,99,93.3,2.1287553310394287,0.5506790190604918
COHFACE_s29_session0_lamp,90,100,93.33333333333333,1.9149564504623413,0.618661520988159
COHFACE_s29_session0_lamp,90,101,93.36666666666666,1.5851110219955444,0.623018444599747
COHFACE_s29_session0_lamp,90,102,93.4,1.4213969707489014,0.5553399297300281
COHFACE_s29_session0_lamp,90,103,93.43333333333334,1.401313304901123,0.43397705782872603
COHFACE_s29_session0_lamp,90,104,93.46666666666667,1.3228007555007935,0.28904364629084073
COHFACE_s29_session0_lamp,90,105,93.5,1.0901942253112793,0.14457182885122782
COHFACE_s29_session0_lamp,90,106,93.53333333333333,0.8682082295417786,0.009200175244658063
COHFACE_s29_session0_lamp,90,107,93.56666666666666,0.7389565706253052,-0.121239825180723
COHFACE_s29_session0_lamp,90,108,93.6,0.6203199625015259,-0.2537756932172538
COHFACE_s29_session0_lamp,90,109,93.63333333333334,0.45173904299736023,-0.38894091097700995
COHFACE_s29_session0_lamp,90,110,93.66666666666667,0.23552827537059784,-0.5181312793406074
COHFACE_s29_session0_lamp,90,111,93.7,0.007783173117786646,-0.6285379766404161
COHFACE_s29_session0_lamp,90,112,93.73333333333333,-0.1866837590932846,-0.7112519753201242
COHFACE_s29_session0_lamp,90,113,93.76666666666667,-0.3342778980731964,-0.7661951605259145
COHFACE_s29_session0_lamp,90,114,93.8,-0.4333445429801941,-0.8001593457062166
COHFACE_s29_session0_lamp,90,115,93.83333333333333,-0.4956018626689911,-0.8191878778829838
COHFACE_s29_session0_lamp,90,116,93.86666666666666,-0.5441077351570129,-0.8203896330367995
COHFACE_s29_session0_lamp,90,117,93.9,-0.5869572758674622,-0.7890717176500613
COHFACE_s29_session0_lamp,90,118,93.93333333333334,-0.6352630853652954,-0.7044855965787149
COHFACE_s29_session0_lamp,90,119,93.96666666666667,-0.6898092031478882,-0.55244147050915
COHFACE_s29_session0_lamp,90,120,94.0,-0.7553814053535461,-0.3379194512904168
COHFACE_s29_session0_lamp,90,121,94.03333333333333,-0.8203586935997009,-0.08904321379769871
COHFACE_s29_session0_lamp,90,122,94.06666666666666,-0.8797338008880615,0.1524289221346848
COHFACE_s29_session0_lamp,90,123,94.1,-0.9244056940078735,0.3507302177839191
COHFACE_s29_session0_lamp,90,124,94.13333333333334,-0.9575757384300232,0.49438800442462794
COHFACE_s29_session0_lamp,90,125,94.16666666666667,-0.9839863181114197,0.6005664037238951
COHFACE_s29_session0_lamp,90,126,94.2,-1.0149608850479126,0.7013196657490751
COHFACE_s29_session0_lamp,90,127,94.23333333333333,-1.0060491561889648,0.8199321144166026
COHFACE_s29_session0_lamp,90,128,94.26666666666667,-0.5647376179695129,0.9526594993567324
COHFACE_s29_session0_lamp,90,129,94.3,0.6338983774185181,1.068001981990866
COHFACE_s29_session0_lamp,90,130,94.33333333333333,1.8334373235702515,1.1237062398630404
COHFACE_s29_session0_lamp,90,131,94.36666666666666,2.228260040283203,1.0898079757228902
COHFACE_s29_session0_lamp,90,132,94.4,2.010735273361206,0.9629480365796207
COHFACE_s29_session0_lamp,90,133,94.43333333333334,1.7234907150268555,0.7644147358424749
COHFACE_s29_session0_lamp,90,134,94.46666666666667,1.6027721166610718,0.5263464743716766
COHFACE_s29_session0_lamp,90,135,94.5,1.598857045173645,0.2775548191457345
COHFACE_s29_session0_lamp,90,136,94.53333333333333,1.5190305709838867,0.03705804237920363
COHFACE_s29_session0_lamp,90,137,94.56666666666666,1.2400649785995483,-0.18479342012207242
COHFACE_s29_session0_lamp,90,138,94.6,0.914405107498169,-0.3824264113754274
COHFACE_s29_session0_lamp,90,139,94.63333333333334,0.7009575963020325,-0.5524607350016262
COHFACE_s29_session0_lamp,90,140,94.66666666666667,0.5551966428756714,-0.6930210288872227
COHFACE_s29_session0_lamp,90,141,94.7,0.3896006941795349,-0.8031844165030131
COHFACE_s29_session0_lamp,90,142,94.73333333333333,0.1844862550497055,-0.8815888934979984
COHFACE_s29_session0_lamp,90,143,94.76666666666667,-0.03891657665371895,-0.9251978447011672
COHFACE_s29_session0_lamp,90,144,94.8,-0.23190724849700928,-0.9296460800890068
COHFACE_s29_session0_lamp,90,145,94.83333333333333,-0.3830703794956207,-0.8914468691738223
COHFACE_s29_session0_lamp,90,146,94.86666666666666,-0.5001712441444397,-0.8110258883575009
COHFACE_s29_session0_lamp,90,147,94.9,-0.5817822813987732,-0.6950759137431369
COHFACE_s29_session0_lamp,90,148,94.93333333333334,-0.6414818167686462,-0.5572399935561472
COHFACE_s29_session0_lamp,90,149,94.96666666666667,-0.6951356530189514,-0.4168118929539684
COHFACE_s29_session0_lamp,90,150,95.0,-0.7503523230552673,-0.29528870106289745
COHFACE_s29_session0_lamp,90,151,95.03333333333333,-0.807818591594696,-0.2106327193268374
COHFACE_s29_session0_lamp,90,152,95.06666666666666,-0.8690052032470703,-0.16986926229246987
COHFACE_s29_session0_lamp,90,153,95.1,-0.9295321106910706,-0.16261068193398714
COHFACE_s29_session0_lamp,90,154,95.13333333333334,-0.992378830909729,-0.16016716012335536
COHFACE_s29_session0_lamp,90,155,95.16666666666667,-1.0388190746307373,-0.12404345438429898
COHFACE_s29_session0_lamp,90,156,95.2,-1.0730867385864258,-0.022404366356601625
COHFACE_s29_session0_lamp,90,157,95.23333333333333,-1.0980318784713745,0.1532562054930269
COHFACE_s29_session0_lamp,90,158,95.26666666666667,-1.1051050424575806,0.381493170594953
COHFACE_s29_session0_lamp,90,159,95.3,-1.112507939338684,0.6201505647092743
COHFACE_s29_session0_lamp,90,160,95.33333333333333,-1.132423996925354,0.8273342978560849
COHFACE_s29_session0_lamp,90,161,95.36666666666666,-1.1424442529678345,0.981334005860624
COHFACE_s29_session0_lamp,90,162,95.4,-0.866831362247467,1.0862748796388737
COHFACE_s29_session0_lamp,90,163,95.43333333333334,0.19729137420654297,1.1596235176475853
COHFACE_s29_session0_lamp,90,164,95.46666666666667,1.560917615890503,1.211352793730237
COHFACE_s29_session0_lamp,90,165,95.5,2.2314612865448,1.2311507999275688
COHFACE_s29_session0_lamp,90,166,95.53333333333333,2.1333138942718506,1.192887248612309
COHFACE_s29_session0_lamp,90,167,95.56666666666666,1.8297926187515259,1.071787149538098
COHFACE_s29_session0_lamp,90,168,95.6,1.6687932014465332,0.8611472951394032
COHFACE_s29_session0_lamp,90,169,95.63333333333334,1.6608548164367676,0.5773514048838261
COHFACE_s29_session0_lamp,90,170,95.66666666666667,1.6313295364379883,0.2518925209094957
COHFACE_s29_session0_lamp,90,171,95.7,1.4015241861343384,-0.0817889243153751
COHFACE_s29_session0_lamp,90,172,95.73333333333333,1.0567214488983154,-0.3978050897970952
COHFACE_s29_session0_lamp,90,173,95.76666666666667,0.7977476119995117,-0.6801169815086171
COHFACE_s29_session0_lamp,90,174,95.8,0.6375971436500549,-0.9197551950222543
COHFACE_s29_session0_lamp,90,175,95.83333333333333,0.48008549213409424,-1.1111287356297324
COHFACE_s29_session0_lamp,90,176,95.86666666666666,0.27693942189216614,-1.249669218668088
COHFACE_s29_session0_lamp,90,177,95.9,0.05847911536693573,-1.3306927161058608
COHFACE_s29_session0_lamp,90,178,95.93333333333334,-0.1462676078081131,-1.349444419588664
COHFACE_s29_session0_lamp,90,179,95.96666666666667,-0.31426990032196045,-1.3030640467879382
COHFACE_s29_session0_lamp,90,180,96.0,-0.4485289752483368,-1.194150070999588
COHFACE_s29_session0_lamp,90,181,96.03333333333333,-0.5487095713615417,-1.033645906973727
COHFACE_s29_session0_lamp,90,182,96.06666666666666,-0.6217982769012451,-0.8402215228064149
COHFACE_s29_session0_lamp,90,183,96.1,-0.6812922954559326,-0.6351140358739736
COHFACE_s29_session0_lamp,90,184,96.13333333333334,-0.7377365231513977,-0.4346778002365694
COHFACE_s29_session0_lamp,90,185,96.16666666666667,-0.7998045682907104,-0.24533523735820548
COHFACE_s29_session0_lamp,90,186,96.2,-0.857405960559845,-0.06494676530590301
COHFACE_s29_session0_lamp,90,187,96.23333333333333,-0.9203608632087708,0.10972649178624443
COHFACE_s29_session0_lamp,90,188,96.26666666666667,-0.9791519045829773,0.2753422298431358
COHFACE_s29_session0_lamp,90,189,96.3,-1.0268683433532715,0.4211035321169877
COHFACE_s29_session0_lamp,90,190,96.33333333333333,-1.0640994310379028,0.5358687527352114
COHFACE_s29_session0_lamp,90,191,96.36666666666666,-1.0892013311386108,0.617004697984119
COHFACE_s29_session0_lamp,90,192,96.4,-1.1063270568847656,0.6728647415616507
COHFACE_s29_session0_lamp,90,193,96.43333333333334,-1.1110424995422363,0.7161378813464883
COHFACE_s29_session0_lamp,90,194,96.46666666666667,-1.11714768409729,0.7538236318044869
COHFACE_s29_session0_lamp,90,195,96.5,-1.1325591802597046,0.7832312306324127
COHFACE_s29_session0_lamp,90,196,96.53333333333333,-1.1092580556869507,0.7978274697780412
COHFACE_s29_session0_lamp,90,197,96.56666666666666,-0.657088041305542,0.7974280629688284
COHFACE_s29_session0_lamp,90,198,96.6,0.4967191815376282,0.7927736568194095
COHFACE_s29_session0_lamp,90,199,96.63333333333334,1.6025125980377197,0.7988306467161612
COHFACE_s29_session0_lamp,90,200,96.66666666666667,1.9789820909500122,0.821280880238198
COHFACE_s29_session0_lamp,90,201,96.7,1.8177175521850586,0.8474892077343233
COHFACE_s29_session0_lamp,90,202,96.73333333333333,1.5840890407562256,0.8500159786270823
COHFACE_s29_session0_lamp,90,203,96.76666666666667,1.5019643306732178,0.8007744396558774
COHFACE_s29_session0_lamp,90,204,96.8,1.5239568948745728,0.6856518433773069
COHFACE_s29_session0_lamp,90,205,96.83333333333333,1.4527446031570435,0.5094715402507434
COHFACE_s29_session0_lamp,90,206,96.86666666666666,1.1926946640014648,0.2897556789689456
COHFACE_s29_session0_lamp,90,207,96.9,0.922386646270752,0.04640102113171797
COHFACE_s29_session0_lamp,90,208,96.93333333333334,0.7668001055717468,-0.2048180079251719
COHFACE_s29_session0_lamp,90,209,96.96666666666667,0.6540577411651611,-0.45257235704648846
COHFACE_s29_session0_lamp,90,210,97.0,0.5032569169998169,-0.6874330681319161
COHFACE_s29_session0_lamp,90,211,97.03333333333333,0.3084222972393036,-0.9008693964657066
COHFACE_s29_session0_lamp,90,212,97.06666666666666,0.1023290753364563,-1.0864967469250877
COHFACE_s29_session0_lamp,90,213,97.1,-0.07621797919273376,-1.2407450163623581
COHFACE_s29_session0_lamp,90,214,97.13333333333334,-0.21353232860565186,-1.3610206427534286
COHFACE_s29_session0_lamp,90,215,97.16666666666667,-0.3112849295139313,-1.44273900449333
COHFACE_s29_session0_lamp,90,216,97.2,-0.3810587525367737,-1.4781549061848631
COHFACE_s29_session0_lamp,90,217,97.23333333333333,-0.43417730927467346,-1.4585070376229698
COHFACE_s29_session0_lamp,90,218,97.26666666666667,-0.48845306038856506,-1.3780516662484272
COHFACE_s29_session0_lamp,90,219,97.3,-0.5514944791793823,-1.236789617634767
COHFACE_s29_session0_lamp,90,220,97.33333333333333,-0.6142979860305786,-1.0398202147264277
COHFACE_s29_session0_lamp,90,221,97.36666666666666,-0.6762956976890564,-0.7942056378550876
COHFACE_s29_session0_lamp,90,222,97.4,-0.7368713021278381,-0.5064833902257498
COHFACE_s29_session0_lamp,90,223,97.43333333333334,-0.7899519801139832,-0.18351289725670428
COHFACE_s29_session0_lamp,90,224,97.46666666666667,-0.8350943326950073,0.16374964340395437
COHFACE_s29_session0_lamp,90,225,97.5,-0.8611534237861633,0.516781935412785
COHFACE_s29_session0_lamp,90,226,97.53333333333333,-0.8807612657546997,0.8494080456241071
COHFACE_s29_session0_lamp,90,227,97.56666666666666,-0.9168351292610168,1.131441458207252
COHFACE_s29_session0_lamp,90,228,97.6,-0.9519842863082886,1.3336284631350286
COHFACE_s29_session0_lamp,90,229,97.63333333333334,-0.7454098463058472,1.4313819858330457
COHFACE_s29_session0_lamp,90,230,97.66666666666667,0.14176106452941895,1.407724117715856
COHFACE_s29_session0_lamp,90,231,97.7,1.3173283338546753,1.2579867075430415
COHFACE_s29_session0_lamp,90,232,97.73333333333333,1.9455740451812744,0.9968556687625972
COHFACE_s29_session0_lamp,90,233,97.76666666666667,1.9075427055358887,0.663929424509339
COHFACE_s29_session0_lamp,90,234,97.8,1.6483038663864136,0.32139034789723714
COHFACE_s29_session0_lamp,90,235,97.83333333333333,1.4933284521102905,0.0401664413410967
COHFACE_s29_session0_lamp,90,236,97.86666666666666,1.4666637182235718,-0.12152721509339474
COHFACE_s29_session0_lamp,90,237,97.9,1.4220296144485474,-0.1375968893884049
COHFACE_s29_session0_lamp,90,238,97.93333333333334,1.2094635963439941,-0.022981105107520102
COHFACE_s29_session0_lamp,90,239,97.96666666666667,0.944536030292511,0.1706861686424
COHFACE_s29_session0_lamp,91,0,91.0,1.655961036682129,0.10531755094377906
COHFACE_s29_session0_lamp,91,1,91.03333333333333,1.666776180267334,0.8058929530154464
COHFACE_s29_session0_lamp,91,2,91.06666666666666,1.608655571937561,1.377892460492577
COHFACE_s29_session0_lamp,91,3,91.1,1.3614541292190552,1.7273938181628887
COHFACE_s29_session0_lamp,91,4,91.13333333333334,1.0308948755264282,1.8196692179792202
COHFACE_s29_session0_lamp,91,5,91.16666666666667,0.7896957397460938,1.6883963145202243
COHFACE_s29_session0_lamp,91,6,91.2,0.6316271424293518,1.4210588266137387
COHFACE_s29_session0_lamp,91,7,91.23333333333333,0.4713036119937897,1.1230367199132805
COHFACE_s29_session0_lamp,91,8,91.26666666666667,0.2716508209705353,0.8750818915910552
COHFACE_s29_session0_lamp,91,9,91.3,0.06274569034576416,0.7046322069185215
COHFACE_s29_session0_lamp,91,10,91.33333333333333,-0.1289958357810974,0.5846779668982013
COHFACE_s29_session0_lamp,91,11,91.36666666666666,-0.2820029556751251,0.4586656264982868
COHFACE_s29_session0_lamp,91,12,91.4,-0.4014344811439514,0.27586337782084863
COHFACE_s29_session0_lamp,91,13,91.43333333333334,-0.48820430040359497,0.017571439579340115
COHFACE_s29_session0_lamp,91,14,91.46666666666667,-0.5518297553062439,-0.2971068426422501
COHFACE_s29_session0_lamp,91,15,91.5,-0.6125404834747314,-0.6239887789557298
COHFACE_s29_session0_lamp,91,16,91.53333333333333,-0.6688927412033081,-0.9144046218408403
COHFACE_s29_session0_lamp,91,17,91.56666666666666,-0.7293601632118225,-1.1319411685630334
COHFACE_s29_session0_lamp,91,18,91.6,-0.7935047149658203,-1.258326658575801
COHFACE_s29_session0_lamp,91,19,91.63333333333334,-0.8526202440261841,-1.288613419418106
COHFACE_s29_session0_lamp,91,20,91.66666666666667,-0.9060091972351074,-1.221790510537396
COHFACE_s29_session0_lamp,91,21,91.7,-0.9538823962211609,-1.0548948611167757
COHFACE_s29_session0_lamp,91,22,91.73333333333333,-0.9944769740104675,-0.7857569433281106
COHFACE_s29_session0_lamp,91,23,91.76666666666667,-1.022407054901123,-0.4234967437629248
COHFACE_s29_session0_lamp,91,24,91.8,-1.037396788597107,-4.349224037558837e-05
COHFACE_s29_session0_lamp,91,25,91.83333333333333,-1.0477685928344727,0.4265327724507307
COHFACE_s29_session0_lamp,91,26,91.86666666666666,-1.0488338470458984,0.7832034063909693
COHFACE_s29_session0_lamp,91,27,91.9,-1.0466762781143188,1.005730705534616
COHFACE_s29_session0_lamp,91,28,91.93333333333334,-1.0548200607299805,1.0632711325915665
COHFACE_s29_session0_lamp,91,29,91.96666666666667,-1.0726325511932373,0.9690668340878196
COHFACE_s29_session0_lamp,91,30,92.0,-0.9481070637702942,0.7705951058710939
COHFACE_s29_session0_lamp,91,31,92.03333333333333,-0.15773704648017883,0.525774183597912
COHFACE_s29_session0_lamp,91,32,92.06666666666666,1.1823554039001465,0.2802058733312717
COHFACE_s29_session0_lamp,91,33,92.1,2.091897487640381,0.05838468488657367
COHFACE_s29_session0_lamp,91,34,92.13333333333334,2.1756985187530518,-0.1292510575282226
COHFACE_s29_session0_lamp,91,35,92.16666666666667,1.8989770412445068,-0.2730752085638084
COHFACE_s29_session0_lamp,91,36,92.2,1.7090741395950317,-0.3577823427255666
COHFACE_s29_session0_lamp,91,37,92.23333333333333,1.683782935142517,-0.368764569259817
COHFACE_s29_session0_lamp,91,38,92.26666666666667,1.6879359483718872,-0.30564854788904333
COHFACE_s29_session0_lamp,91,39,92.3,1.528093695640564,-0.19023200706999538
COHFACE_s29_session0_lamp,91,40,92.33333333333333,1.2008060216903687,-0.060146644122411566
COHFACE_s29_session0_lamp,91,41,92.36666666666666,0.9078889489173889,0.048971825838289365
COHFACE_s29_session0_lamp,91,42,92.4,0.7279900312423706,0.12042391539782343
COHFACE_s29_session0_lamp,91,43,92.43333333333334,0.5831483006477356,0.16024022241191746
COHFACE_s29_session0_lamp,91,44,92.46666666666667,0.4028870761394501,0.18607454606495963
COHFACE_s29_session0_lamp,91,45,92.5,0.19486336410045624,0.21063033344509896
COHFACE_s29_session0_lamp,91,46,92.53333333333333,-0.010364622808992863,0.23128862457298374
COHFACE_s29_session0_lamp,91,47,92.56666666666666,-0.1803947538137436,0.23157829889894094
COHFACE_s29_session0_lamp,91,48,92.6,-0.3144970238208771,0.1920676937980454
COHFACE_s29_session0_lamp,91,49,92.63333333333334,-0.4157591164112091,0.10309351869005268
COHFACE_s29_session0_lamp,91,50,92.66666666666667,-0.4875716269016266,-0.028337470547144993
COHFACE_s29_session0_lamp,91,51,92.7,-0.5417446494102478,-0.18100788704118054
COHFACE_s29_session0_lamp,91,52,92.73333333333333,-0.5894501805305481,-0.32929385044188525
COHFACE_s29_session0_lamp,91,53,92.76666666666667,-0.6431095004081726,-0.45435512320668653
COHFACE_s29_session0_lamp,91,54,92.8,-0.6987317204475403,-0.5502869639805166
COHFACE_s29_session0_lamp,91,55,92.83333333333333,-0.753191351890564,-0.621576266438417
COHFACE_s29_session0_lamp,91,56,92.86666666666666,-0.8132585883140564,-0.6728193642934713
COHFACE_s29_session0_lamp,91,57,92.9,-0.8659552931785583,-0.6968120773049835
COHFACE_s29_session0_lamp,91,58,92.93333333333334,-0.9030728936195374,-0.6703704541753033
COHFACE_s29_session0_lamp,91,59,92.96666666666667,-0.9311867952346802,-0.5643462625084581
COHFACE_s29_session0_lamp,91,60,93.0,-0.9507838487625122,-0.36450730197267756
COHFACE_s29_session0_lamp,91,61,93.03333333333333,-0.9610527753829956,-0.0900847192080738
COHFACE_s29_session0_lamp,91,62,93.06666666666666,-0.9575648903846741,0.20482132599047054
COHFACE_s29_session0_lamp,91,63,93.1,-0.9597874283790588,0.45218783683871994
COHFACE_s29_session0_lamp,91,64,93.13333333333334,-0.9813528060913086,0.6026479296233581
COHFACE_s29_session0_lamp,91,65,93.16666666666667,-0.9765508770942688,0.6489551464593517
COHFACE_s29_session0_lamp,91,66,93.2,-0.5879306793212891,0.6245874257279819
COHFACE_s29_session0_lamp,91,67,93.23333333333333,0.5238760113716125,0.5783338494585523
COHFACE_s29_session0_lamp,91,68,93.26666666666667,1.6983726024627686,0.5423209009503738
COHFACE_s29_session0_lamp,91,69,93.3,2.1287553310394287,0.5153820866335905
COHFACE_s29_session0_lamp,91,70,93.33333333333333,1.9149564504623413,0.4717821299948709
COHFACE_s29_session0_lamp,91,71,93.36666666666666,1.5851110219955444,0.38664915125895427
COHFACE_s29_session0_lamp,91,72,93.4,1.4213969707489014,0.25818608841388296
COHFACE_s29_session0_lamp,91,73,93.43333333333334,1.401313304901123,0.11067409405404119
COHFACE_s29_session0_lamp,91,74,93.46666666666667,1.3228007555007935,-0.021477064949566946
COHFACE_s29_session0_lamp,91,75,93.5,1.0901942253112793,-0.11395422562602923
COHFACE_s29_session0_lamp,91,76,93.53333333333333,0.8682082295417786,-0.16183908017770776
COHFACE_s29_session0_lamp,91,77,93.56666666666666,0.7389565706253052,-0.1738359090028417
COHFACE_s29_session0_lamp,91,78,93.6,0.6203199625015259,-0.1595076850241867
COHFACE_s29_session0_lamp,91,79,93.63333333333334,0.45173904299736023,-0.1217738714230089
COHFACE_s29_session0_lamp,91,80,93.66666666666667,0.23552827537059784,-0.06046262559958871
COHFACE_s29_session0_lamp,91,81,93.7,0.007783173117786646,0.017579868223930272
COHFACE_s29_session0_lamp,91,82,93.73333333333333,-0.1866837590932846,0.0915531202165294
COHFACE_s29_session0_lamp,91,83,93.76666666666667,-0.3342778980731964,0.1298719488920416
COHFACE_s29_session0_lamp,91,84,93.8,-0.4333445429801941,0.10250014985468585
COHFACE_s29_session0_lamp,91,85,93.83333333333333,-0.4956018626689911,-0.004824559827784295
COHFACE_s29_session0_lamp,91,86,93.86666666666666,-0.5441077351570129,-0.18193908534722095
COHFACE_s29_session0_lamp,91,87,93.9,-0.5869572758674622,-0.39490984246627797
COHFACE_s29_session0_lamp,91,88,93.93333333333334,-0.6352630853652954,-0.5960902767690944
COHFACE_s29_session0_lamp,91,89,93.96666666666667,-0.6898092031478882,-0.7404362195652564
COHFACE_s29_session0_lamp,91,90,94.0,-0.7553814053535461,-0.8015630243694776
COHFACE_s29_session0_lamp,91,91,94.03333333333333,-0.8203586935997009,-0.7794659280688022
COHFACE_s29_session0_lamp,91,92,94.06666666666666,-0.8797338008880615,-0.6945393346320006
COHFACE_s29_session0_lamp,91,93,94.1,-0.9244056940078735,-0.5700849116897875
COHFACE_s29_session0_lamp,91,94,94.13333333333334,-0.9575757384300232,-0.41443872569372303
COHFACE_s29_session0_lamp,91,95,94.16666666666667,-0.9839863181114197,-0.21619685449658593
COHFACE_s29_session0_lamp,91,96,94.2,-1.0149608850479126,0.04256363929695082
COHFACE_s29_session0_lamp,91,97,94.23333333333333,-1.0060491561889648,0.3634279741546037
COHFACE_s29_session0_lamp,91,98,94.26666666666667,-0.5647376179695129,0.7153491445519367
COHFACE_s29_session0_lamp,91,99,94.3,0.6338983774185181,1.037900914629406
COHFACE_s29_session0_lamp,91,100,94.33333333333333,1.8334373235702515,1.2642650695812359
COHFACE_s29_session0_lamp,91,101,94.36666666666666,2.228260040283203,1.3504075983883672
COHFACE_s29_session0_lamp,91,102,94.4,2.010735273361206,1.2920151555868933
COHFACE_s29_session0_lamp,91,103,94.43333333333334,1.7234907150268555,1.1190808352136932
COHFACE_s29_session0_lamp,91,104,94.46666666666667,1.6027721166610718,0.8746794279265632
COHFACE_s29_session0_lamp,91,105,94.5,1.598857045173645,0.5950219867974346
COHFACE_s29_session0_lamp,91,106,94.53333333333333,1.5190305709838867,0.3027247031457383
COHFACE_s29_session0_lamp,91,107,94.56666666666666,1.2400649785995483,0.012092356137288936
COHFACE_s29_session0_lamp,91,108,94.6,0.914405107498169,-0.26288914691950277
COHFACE_s29_session0_lamp,91,109,94.63333333333334,0.7009575963020325,-0.5059071871554188
COHFACE_s29_session0_lamp,91,110,94.66666666666667,0.5551966428756714,-0.7019097453343577
COHFACE_s29_session0_lamp,91,111,94.7,0.3896006941795349,-0.8418842853044842
COHFACE_s29_session0_lamp,91,112,94.73333333333333,0.1844862550497055,-0.9240424716083665
COHFACE_s29_session0_lamp,91,113,94.76666666666667,-0.03891657665371895,-0.950881860875027
COHFACE_s29_session0_lamp,91,114,94.8,-0.23190724849700928,-0.9250144002553566
COHFACE_s29_session0_lamp,91,115,94.83333333333333,-0.3830703794956207,-0.847173210768231
COHFACE_s29_session0_lamp,91,116,94.86666666666666,-0.5001712441444397,-0.7179469175561555
COHFACE_s29_session0_lamp,91,117,94.9,-0.5817822813987732,-0.5423694931020346
COHFACE_s29_session0_lamp,91,118,94.93333333333334,-0.6414818167686462,-0.33505734256790076
COHFACE_s29_session0_lamp,91,119,94.96666666666667,-0.6951356530189514,-0.12301888923807819
COHFACE_s29_session0_lamp,91,120,95.0,-0.7503523230552673,0.056795371536560064
COHFACE_s29_session0_lamp,91,121,95.03333333333333,-0.807818591594696,0.16684424541906534
COHFACE_s29_session0_lamp,91,122,95.06666666666666,-0.8690052032470703,0.18356892446230808
COHFACE_s29_session0_lamp,91,123,95.1,-0.9295321106910706,0.11104777892676074
COHFACE_s29_session0_lamp,91,124,95.13333333333334,-0.992378830909729,-0.015180270536271644
COHFACE_s29_session0_lamp,91,125,95.16666666666667,-1.0388190746307373,-0.139924418717086
COHFACE_s29_session0_lamp,91,126,95.2,-1.0730867385864258,-0.21201957157128504
COHFACE_s29_session0_lamp,91,127,95.23333333333333,-1.0980318784713745,-0.20688906965869777
COHFACE_s29_session0_lamp,91,128,95.26666666666667,-1.1051050424575806,-0.13391766318710613
COHFACE_s29_session0_lamp,91,129,95.3,-1.112507939338684,-0.02342988602704398
COHFACE_s29_session0_lamp,91,130,95.33333333333333,-1.132423996925354,0.09804760181457119
COHFACE_s29_session0_lamp,91,131,95.36666666666666,-1.1424442529678345,0.22671329489144912
COHFACE_s29_session0_lamp,91,132,95.4,-0.866831362247467,0.3806643217576407
COHFACE_s29_session0_lamp,91,133,95.43333333333334,0.19729137420654297,0.5792219294645831
COHFACE_s29_session0_lamp,91,134,95.46666666666667,1.560917615890503,0.8172127621011496
COHFACE_s29_session0_lamp,91,135,95.5,2.2314612865448,1.053810567390321
COHFACE_s29_session0_lamp,91,136,95.53333333333333,2.1333138942718506,1.2254970244598953
COHFACE_s29_session0_lamp,91,137,95.56666666666666,1.8297926187515259,1.2754957028444118
COHFACE_s29_session0_lamp,91,138,95.6,1.6687932014465332,1.1804235124167315
COHFACE_s29_session0_lamp,91,139,95.63333333333334,1.6608548164367676,0.9574314766155604
COHFACE_s29_session0_lamp,91,140,95.66666666666667,1.6313295364379883,0.6503094635576612
COHFACE_s29_session0_lamp,91,141,95.7,1.4015241861343384,0.3074074516301786
COHFACE_s29_session0_lamp,91,142,95.73333333333333,1.0567214488983154,-0.03414080990040287
COHFACE_s29_session0_lamp,91,143,95.76666666666667,0.7977476119995117,-0.3519986288730086
COHFACE_s29_session0_lamp,91,144,95.8,0.6375971436500549,-0.6334849547398931
COHFACE_s29_session0_lamp,91,145,95.83333333333333,0.48008549213409424,-0.8689979792329442
COHFACE_s29_session0_lamp,91,146,95.86666666666666,0.27693942189216614,-1.0486574177112549
COHFACE_s29_session0_lamp,91,147,95.9,0.05847911536693573,-1.162285065220313
COHFACE_s29_session0_lamp,91,148,95.93333333333334,-0.1462676078081131,-1.2010889512042455
COHFACE_s29_session0_lamp,91,149,95.96666666666667,-0.31426990032196045,-1.1600920971659463
COHFACE_s29_session0_lamp,91,150,96.0,-0.4485289752483368,-1.0409277979619296
COHFACE_s29_session0_lamp,91,151,96.03333333333333,-0.5487095713615417,-0.8541601827485986
COHFACE_s29_session0_lamp,91,152,96.06666666666666,-0.6217982769012451,-0.6194689046635571
COHFACE_s29_session0_lamp,91,153,96.1,-0.6812922954559326,-0.36248349923317613
COHFACE_s29_session0_lamp,91,154,96.13333333333334,-0.7377365231513977,-0.10933726481197818
COHFACE_s29_session0_lamp,91,155,96.16666666666667,-0.7998045682907104,0.11791716658639319
COHFACE_s29_session0_lamp,91,156,96.2,-0.857405960559845,0.30238648208864183
COHFACE_s29_session0_lamp,91,157,96.23333333333333,-0.9203608632087708,0.4304982192173856
COHFACE_s29_session0_lamp,91,158,96.26666666666667,-0.9791519045829773,0.4913239268465683
COHFACE_s29_session0_lamp,91,159,96.3,-1.0268683433532715,0.480429820183827
COHFACE_s29_session0_lamp,91,160,96.33333333333333,-1.0640994310379028,0.4057862794880999
COHFACE_s29_session0_lamp,91,161,96.36666666666666,-1.0892013311386108,0.289032320519012
COHFACE_s29_session0_lamp,91,162,96.4,-1.1063270568847656,0.1586121503130615
COHFACE_s29_session0_lamp,91,163,96.43333333333334,-1.1110424995422363,0.03874913416211333
COHFACE_s29_session0_lamp,91,164,96.46666666666667,-1.11714768409729,-0.057272801310618855
COHFACE_s29_session0_lamp,91,165,96.5,-1.1325591802597046,-0.12381864889353066
COHFACE_s29_session0_lamp,91,166,96.53333333333333,-1.1092580556869507,-0.15262111998429492
COHFACE_s29_session0_lamp,91,167,96.56666666666666,-0.657088041305542,-0.12562457238869337
COHFACE_s29_session0_lamp,91,168,96.6,0.4967191815376282,-0.019754582065413466
COHFACE_s29_session0_lamp,91,169,96.63333333333334,1.6025125980377197,0.17651792297223948
COHFACE_s29_session0_lamp,91,170,96.66666666666667,1.9789820909500122,0.44516268068146964
COHFACE_s29_session0_lamp,91,171,96.7,1.8177175521850586,0.7332549186228234
COHFACE_s29_session0_lamp,91,172,96.73333333333333,1.5840890407562256,0.9678560066382436
COHFACE_s29_session0_lamp,91,173,96.76666666666667,1.5019643306732178,1.0853566856217614
COHFACE_s29_session0_lamp,91,174,96.8,1.5239568948745728,1.0583380733278411
COHFACE_s29_session0_lamp,91,175,96.83333333333333,1.4527446031570435,0.9033367700048801
COHFACE_s29_session0_lamp,91,176,96.86666666666666,1.1926946640014648,0.6663695274527601
COHFACE_s29_session0_lamp,91,177,96.9,0.922386646270752,0.39792477235948276
COHFACE_s29_session0_lamp,91,178,96.93333333333334,0.7668001055717468,0.1330469257240485
COHFACE_s29_session0_lamp,91,179,96.96666666666667,0.6540577411651611,-0.11480179602302931
COHFACE_s29_session0_lamp,91,180,97.0,0.5032569169998169,-0.3476322913919082
COHFACE_s29_session0_lamp,91,181,97.03333333333333,0.3084222972393036,-0.5721595177045963
COHFACE_s29_session0_lamp,91,182,97.06666666666666,0.1023290753364563,-0.79091955075844
COHFACE_s29_session0_lamp,91,183,97.1,-0.07621797919273376,-0.9976179948840316
COHFACE_s29_session0_lamp,91,184,97.13333333333334,-0.21353232860565186,-1.1766948027927442
COHFACE_s29_session0_lamp,91,185,97.16666666666667,-0.3112849295139313,-1.3066076544876597
COHFACE_s29_session0_lamp,91,186,97.2,-0.3810587525367737,-1.3657034742097038
COHFACE_s29_session0_lamp,91,187,97.23333333333333,-0.43417730927467346,-1.338476229152629
COHFACE_s29_session0_lamp,91,188,97.26666666666667,-0.48845306038856506,-1.2194923480104083
COHFACE_s29_session0_lamp,91,189,97.3,-0.5514944791793823,-1.0134839891804126
COHFACE_s29_session0_lamp,91,190,97.33333333333333,-0.6142979860305786,-0.7328862193393844
COHFACE_s29_session0_lamp,91,191,97.36666666666666,-0.6762956976890564,-0.395869993985737
COHFACE_s29_session0_lamp,91,192,97.4,-0.7368713021278381,-0.02662880129851634
COHFACE_s29_session0_lamp,91,193,97.43333333333334,-0.7899519801139832,0.3435546354203762
COHFACE_s29_session0_lamp,91,194,97.46666666666667,-0.8350943326950073,0.6781635186647715
COHFACE_s29_session0_lamp,91,195,97.5,-0.8611534237861633,0.9425473772144415
COHFACE_s29_session0_lamp,91,196,97.53333333333333,-0.8807612657546997,1.1138012255603387
COHFACE_s29_session0_lamp,91,197,97.56666666666666,-0.9168351292610168,1.1871165227649845
COHFACE_s29_session0_lamp,91,198,97.6,-0.9519842863082886,1.1736029279646454
COHFACE_s29_session0_lamp,91,199,97.63333333333334,-0.7454098463058472,1.0907132162319602
COHFACE_s29_session0_lamp,91,200,97.66666666666667,0.14176106452941895,0.9529375625357798
COHFACE_s29_session0_lamp,91,201,97.7,1.3173283338546753,0.7708980612987265
COHFACE_s29_session0_lamp,91,202,97.73333333333333,1.9455740451812744,0.5592420355401956
COHFACE_s29_session0_lamp,91,203,97.76666666666667,1.9075427055358887,0.3447607065883421
COHFACE_s29_session0_lamp,91,204,97.8,1.6483038663864136,0.1644972792776656
COHFACE_s29_session0_lamp,91,205,97.83333333333333,1.4933284521102905,0.051189563995503125
COHFACE_s29_session0_lamp,91,206,97.86666666666666,1.4666637182235718,0.014959319763865522
COHFACE_s29_session0_lamp,91,207,97.9,1.4220296144485474,0.0355026165827615
COHFACE_s29_session0_lamp,91,208,97.93333333333334,1.2094635963439941,0.07215255437579837
COHFACE_s29_session0_lamp,91,209,97.96666666666667,0.944536030292511,0.08590310159468736
COHFACE_s29_session0_lamp,91,210,98.0,0.7748249769210815,0.05854811109392978
COHFACE_s29_session0_lamp,91,211,98.03333333333333,0.6577132940292358,-0.003648061660201569
COHFACE_s29_session0_lamp,91,212,98.06666666666666,0.5128283500671387,-0.08216641510448176
COHFACE_s29_session0_lamp,91,213,98.1,0.3140677809715271,-0.1632723023183157
COHFACE_s29_session0_lamp,91,214,98.13333333333334,0.09349311143159866,-0.24752604882594692
COHFACE_s29_session0_lamp,91,215,98.16666666666667,-0.10874449461698532,-0.34688229187686015
COHFACE_s29_session0_lamp,91,216,98.2,-0.26540711522102356,-0.4734138515432989
COHFACE_s29_session0_lamp,91,217,98.23333333333333,-0.3825782835483551,-0.6281164607029761
COHFACE_s29_session0_lamp,91,218,98.26666666666667,-0.4555966854095459,-0.79628235003991
COHFACE_s29_session0_lamp,91,219,98.3,-0.5105321407318115,-0.950770087696053
COHFACE_s29_session0_lamp,91,220,98.33333333333333,-0.5627097487449646,-1.0605064123385277
COHFACE_s29_session0_lamp,91,221,98.36666666666666,-0.613075852394104,-1.1000775799909777
COHFACE_s29_session0_lamp,91,222,98.4,-0.674511194229126,-1.0566469115575434
COHFACE_s29_session0_lamp,91,223,98.43333333333334,-0.7376229166984558,-0.9318203817606184
COHFACE_s29_session0_lamp,91,224,98.46666666666667,-0.7999559640884399,-0.7379824841542445
COHFACE_s29_session0_lamp,91,225,98.5,-0.8592877984046936,-0.491153105725505
COHFACE_s29_session0_lamp,91,226,98.53333333333333,-0.9126009941101074,-0.20494542667366925
COHFACE_s29_session0_lamp,91,227,98.56666666666666,-0.9506702423095703,0.10965161994480437
COHFACE_s29_session0_lamp,91,228,98.6,-0.9711595177650452,0.43768712191988546
COHFACE_s29_session0_lamp,91,229,98.63333333333334,-0.9807687997817993,0.7516873857127674
COHFACE_s29_session0_lamp,91,230,98.66666666666667,-0.9846351742744446,1.0097035055833532
COHFACE_s29_session0_lamp,91,231,98.7,-1.0053246021270752,1.1658657963363264
COHFACE_s29_session0_lamp,91,232,98.73333333333333,-1.0124787092208862,1.1901639011330776
COHFACE_s29_session0_lamp,91,233,98.76666666666667,-0.668908953666687,1.0857648619583045
COHFACE_s29_session0_lamp,91,234,98.8,0.4415295422077179,0.8920293171895375
COHFACE_s29_session0_lamp,91,235,98.83333333333333,1.70122230052948,0.6698606336751675
COHFACE_s29_session0_lamp,91,236,98.86666666666666,2.2571635246276855,0.477307159293124
COHFACE_s29_session0_lamp,91,237,98.9,2.1506235599517822,0.3486878714221036
COHFACE_s29_session0_lamp,91,238,98.93333333333334,1.9082348346710205,0.28586374364206174
COHFACE_s29_session0_lamp,91,239,98.96666666666667,1.8207403421401978,0.2620313048120111
COHFACE_s29_session0_lamp,92,0,92.0,-0.9481070637702942,-0.005245783326461073
COHFACE_s29_session0_lamp,92,1,92.03333333333333,-0.15773704648017883,0.7463652152067248
COHFACE_s29_session0_lamp,92,2,92.06666666666666,1.1823554039001465,1.3493973421306322
COHFACE_s29_session0_lamp,92,3,92.1,2.091897487640381,1.6993008093750845
COHFACE_s29_session0_lamp,92,4,92.13333333333334,2.1756985187530518,1.7673750794745329
COHFACE_s29_session0_lamp,92,5,92.16666666666667,1.8989770412445068,1.605848293894131
COHFACE_s29_session0_lamp,92,6,92.2,1.7090741395950317,1.3221758243453734
COHFACE_s29_session0_lamp,92,7,92.23333333333333,1.683782935142517,1.0320446725842365
COHFACE_s29_session0_lamp,92,8,92.26666666666667,1.6879359483718872,0.8135319109129044
COHFACE_s29_session0_lamp,92,9,92.3,1.528093695640564,0.6856389703760575
COHFACE_s29_session0_lamp,92,10,92.33333333333333,1.2008060216903687,0.6193246669574587
COHFACE_s29_session0_lamp,92,11,92.36666666666666,0.9078889489173889,0.5688908027561859
COHFACE_s29_session0_lamp,92,12,92.4,0.7279900312423706,0.500960519202962
COHFACE_s29_session0_lamp,92,13,92.43333333333334,0.5831483006477356,0.40440367181331854
COHFACE_s29_session0_lamp,92,14,92.46666666666667,0.4028870761394501,0.2824991104149096
COHFACE_s29_session0_lamp,92,15,92.5,0.19486336410045624,0.14179429906689386
COHFACE_s29_session0_lamp,92,16,92.53333333333333,-0.010364622808992863,-0.01119957869834585
COHFACE_s29_session0_lamp,92,17,92.56666666666666,-0.1803947538137436,-0.16656525148888077
COHFACE_s29_session0_lamp,92,18,92.6,-0.3144970238208771,-0.3090365562552327
COHFACE_s29_session0_lamp,92,19,92.63333333333334,-0.4157591164112091,-0.4228888023442605
COHFACE_s29_session0_lamp,92,20,92.66666666666667,-0.4875716269016266,-0.5002211186783503
COHFACE_s29_session0_lamp,92,21,92.7,-0.5417446494102478,-0.5444141183612807
COHFACE_s29_session0_lamp,92,22,92.73333333333333,-0.5894501805305481,-0.5654848593206846
COHFACE_s29_session0_lamp,92,23,92.76666666666667,-0.6431095004081726,-0.5722556466901932
COHFACE_s29_session0_lamp,92,24,92.8,-0.6987317204475403,-0.5685427152062943
COHFACE_s29_session0_lamp,92,25,92.83333333333333,-0.753191351890564,-0.5556437625976243
COHFACE_s29_session0_lamp,92,26,92.86666666666666,-0.8132585883140564,-0.5363973127397839
COHFACE_s29_session0_lamp,92,27,92.9,-0.8659552931785583,-0.5145457420367325
COHFACE_s29_session0_lamp,92,28,92.93333333333334,-0.9030728936195374,-0.4895946398030603
COHFACE_s29_session0_lamp,92,29,92.96666666666667,-0.9311867952346802,-0.4540120019371464
COHFACE_s29_session0_lamp,92,30,93.0,-0.9507838487625122,-0.3981898872977826
COHFACE_s29_session0_lamp,92,31,93.03333333333333,-0.9610527753829956,-0.3205065075254048
COHFACE_s29_session0_lamp,92,32,93.06666666666666,-0.9575648903846741,-0.23277919686945117
COHFACE_s29_session0_lamp,92,33,93.1,-0.9597874283790588,-0.1533802924716735
COHFACE_s29_session0_lamp,92,34,93.13333333333334,-0.9813528060913086,-0.09189212393681656
COHFACE_s29_session0_lamp,92,35,93.16666666666667,-0.9765508770942688,-0.03885738601660599
COHFACE_s29_session0_lamp,92,36,93.2,-0.5879306793212891,0.028810897782211957
COHFACE_s29_session0_lamp,92,37,93.23333333333333,0.5238760113716125,0.12907789744847056
COHFACE_s29_session0_lamp,92,38,93.26666666666667,1.6983726024627686,0.25696943971288533
COHFACE_s29_session0_lamp,92,39,93.3,2.1287553310394287,0.3828367369983102
COHFACE_s29_session0_lamp,92,40,93.33333333333333,1.9149564504623413,0.4695167447517374
COHFACE_s29_session0_lamp,92,41,93.36666666666666,1.5851110219955444,0.4958993514306824
COHFACE_s29_session0_lamp,92,42,93.4,1.4213969707489014,0.46897248351431503
COHFACE_s29_session0_lamp,92,43,93.43333333333334,1.401313304901123,0.4154263665096059
COHFACE_s29_session0_lamp,92,44,93.46666666666667,1.3228007555007935,0.36106115936555244
COHFACE_s29_session0_lamp,92,45,93.5,1.0901942253112793,0.31593003201592434
COHFACE_s29_session0_lamp,92,46,93.53333333333333,0.8682082295417786,0.27564658558735267
COHFACE_s29_session0_lamp,92,47,93.56666666666666,0.7389565706253052,0.23370336025784125
COHFACE_s29_session0_lamp,92,48,93.6,0.6203199625015259,0.19112411888207062
COHFACE_s29_session0_lamp,92,49,93.63333333333334,0.45173904299736023,0.1543520876678742
COHFACE_s29_session0_lamp,92,50,93.66666666666667,0.23552827537059784,0.1251772799086856
COHFACE_s29_session0_lamp,92,51,93.7,0.007783173117786646,0.09471146922458046
COHFACE_s29_session0_lamp,92,52,93.73333333333333,-0.1866837590932846,0.048377355859046324
COHFACE_s29_session0_lamp,92,53,93.76666666666667,-0.3342778980731964,-0.02266435627527491
COHFACE_s29_session0_lamp,92,54,93.8,-0.4333445429801941,-0.11431076161674512
COHFACE_s29_session0_lamp,92,55,93.83333333333333,-0.4956018626689911,-0.21279945567016179
COHFACE_s29_session0_lamp,92,56,93.86666666666666,-0.5441077351570129,-0.3039436603550311
COHFACE_s29_session0_lamp,92,57,93.9,-0.5869572758674622,-0.3782364365505794
COHFACE_s29_session0_lamp,92,58,93.93333333333334,-0.6352630853652954,-0.4281895392347687
COHFACE_s29_session0_lamp,92,59,93.96666666666667,-0.6898092031478882,-0.444126988175879
COHFACE_s29_session0_lamp,92,60,94.0,-0.7553814053535461,-0.41633502306550835
COHFACE_s29_session0_lamp,92,61,94.03333333333333,-0.8203586935997009,-0.3439829828295113
COHFACE_s29_session0_lamp,92,62,94.06666666666666,-0.8797338008880615,-0.2419827742175995
COHFACE_s29_session0_lamp,92,63,94.1,-0.9244056940078735,-0.13610775292512362
COHFACE_s29_session0_lamp,92,64,94.13333333333334,-0.9575757384300232,-0.04739191560817232
COHFACE_s29_session0_lamp,92,65,94.16666666666667,-0.9839863181114197,0.021740056734606276
COHFACE_s29_session0_lamp,92,66,94.2,-1.0149608850479126,0.08709831432410416
COHFACE_s29_session0_lamp,92,67,94.23333333333333,-1.0060491561889648,0.16698046974961156
COHFACE_s29_session0_lamp,92,68,94.26666666666667,-0.5647376179695129,0.26350423048185295
COHFACE_s29_session0_lamp,92,69,94.3,0.6338983774185181,0.35705729401097297
COHFACE_s29_session0_lamp,92,70,94.33333333333333,1.8334373235702515,0.41878294538507016
COHFACE_s29_session0_lamp,92,71,94.36666666666666,2.228260040283203,0.4305240957398695
COHFACE_s29_session0_lamp,92,72,94.4,2.010735273361206,0.39568843376057716
COHFACE_s29_session0_lamp,92,73,94.43333333333334,1.7234907150268555,0.33269731681636366
COHFACE_s29_session0_lamp,92,74,94.46666666666667,1.6027721166610718,0.258543782569393
COHFACE_s29_session0_lamp,92,75,94.5,1.598857045173645,0.17841998460390146
COHFACE_s29_session0_lamp,92,76,94.53333333333333,1.5190305709838867,0.08950288256500863
COHFACE_s29_session0_lamp,92,77,94.56666666666666,1.2400649785995483,-0.007545901265281357
COHFACE_s29_session0_lamp,92,78,94.6,0.914405107498169,-0.10223703629695692
COHFACE_s29_session0_lamp,92,79,94.63333333333334,0.7009575963020325,-0.1797624568090675
COHFACE_s29_session0_lamp,92,80,94.66666666666667,0.5551966428756714,-0.23238312048727153
COHFACE_s29_session0_lamp,92,81,94.7,0.3896006941795349,-0.26434698509488075
COHFACE_s29_session0_lamp,92,82,94.73333333333333,0.1844862550497055,-0.28509190317026845
COHFACE_s29_session0_lamp,92,83,94.76666666666667,-0.03891657665371895,-0.2976725550943625
COHFACE_s29_session0_lamp,92,84,94.8,-0.23190724849700928,-0.29406172472914355
COHFACE_s29_session0_lamp,92,85,94.83333333333333,-0.3830703794956207,-0.2625852181620565
COHFACE_s29_session0_lamp,92,86,94.86666666666666,-0.5001712441444397,-0.20089720848750747
COHFACE_s29_session0_lamp,92,87,94.9,-0.5817822813987732,-0.12212563456778237
COHFACE_s29_session0_lamp,92,88,94.93333333333334,-0.6414818167686462,-0.04855983846204855
COHFACE_s29_session0_lamp,92,89,94.96666666666667,-0.6951356530189514,0.001078190575363455
COHFACE_s29_session0_lamp,92,90,95.0,-0.7503523230552673,0.019696099993309766
COHFACE_s29_session0_lamp,92,91,95.03333333333333,-0.807818591594696,0.00960254431204972
COHFACE_s29_session0_lamp,92,92,95.06666666666666,-0.8690052032470703,-0.024728021910706235
COHFACE_s29_session0_lamp,92,93,95.1,-0.9295321106910706,-0.07886754919117767
COHFACE_s29_session0_lamp,92,94,95.13333333333334,-0.992378830909729,-0.1430772233019333
COHFACE_s29_session0_lamp,92,95,95.16666666666667,-1.0388190746307373,-0.1972322382343779
COHFACE_s29_session0_lamp,92,96,95.2,-1.0730867385864258,-0.2151655048237314
COHFACE_s29_session0_lamp,92,97,95.23333333333333,-1.0980318784713745,-0.1787943320005257
COHFACE_s29_session0_lamp,92,98,95.26666666666667,-1.1051050424575806,-0.09146634722897419
COHFACE_s29_session0_lamp,92,99,95.3,-1.112507939338684,0.022212002738062
COHFACE_s29_session0_lamp,92,100,95.33333333333333,-1.132423996925354,0.13208712869992334
COHFACE_s29_session0_lamp,92,101,95.36666666666666,-1.1424442529678345,0.2219189795441654
COHFACE_s29_session0_lamp,92,102,95.4,-0.866831362247467,0.2967394401320569
COHFACE_s29_session0_lamp,92,103,95.43333333333334,0.19729137420654297,0.3717225194610396
COHFACE_s29_session0_lamp,92,104,95.46666666666667,1.560917615890503,0.45236308929218855
COHFACE_s29_session0_lamp,92,105,95.5,2.2314612865448,0.5239181163901931
COHFACE_s29_session0_lamp,92,106,95.53333333333333,2.1333138942718506,0.5594247149371729
COHFACE_s29_session0_lamp,92,107,95.56666666666666,1.8297926187515259,0.5389848006491583
COHFACE_s29_session0_lamp,92,108,95.6,1.6687932014465332,0.4635252989318371
COHFACE_s29_session0_lamp,92,109,95.63333333333334,1.6608548164367676,0.35160071631084966
COHFACE_s29_session0_lamp,92,110,95.66666666666667,1.6313295364379883,0.22381420368858082
COHFACE_s29_session0_lamp,92,111,95.7,1.4015241861343384,0.0902700908230982
COHFACE_s29_session0_lamp,92,112,95.73333333333333,1.0567214488983154,-0.04894401917674241
COHFACE_s29_session0_lamp,92,113,95.76666666666667,0.7977476119995117,-0.19382928567869256
COHFACE_s29_session0_lamp,92,114,95.8,0.6375971436500549,-0.3361906718976603
COHFACE_s29_session0_lamp,92,115,95.83333333333333,0.48008549213409424,-0.46049374562883916
COHFACE_s29_session0_lamp,92,116,95.86666666666666,0.27693942189216614,-0.5512629663140125
COHFACE_s29_session0_lamp,92,117,95.9,0.05847911536693573,-0.5984860643979661
COHFACE_s29_session0_lamp,92,118,95.93333333333334,-0.1462676078081131,-0.5969679068849743
COHFACE_s29_session0_lamp,92,119,95.96666666666667,-0.31426990032196045,-0.5436917717564689
COHFACE_s29_session0_lamp,92,120,96.0,-0.4485289752483368,-0.4392756875822825
COHFACE_s29_session0_lamp,92,121,96.03333333333333,-0.5487095713615417,-0.29414564083313566
COHFACE_s29_session0_lamp,92,122,96.06666666666666,-0.6217982769012451,-0.13267491460511174
COHFACE_s29_session0_lamp,92,123,96.1,-0.6812922954559326,0.012373293248982519
COHFACE_s29_session0_lamp,92,124,96.13333333333334,-0.7377365231513977,0.11426483881307217
COHFACE_s29_session0_lamp,92,125,96.16666666666667,-0.7998045682907104,0.16531921828803095
COHFACE_s29_session0_lamp,92,126,96.2,-0.857405960559845,0.1778771465844754
COHFACE_s29_session0_lamp,92,127,96.23333333333333,-0.9203608632087708,0.17187734366017846
COHFACE_s29_session0_lamp,92,128,96.26666666666667,-0.9791519045829773,0.15936834859329096
COHFACE_s29_session0_lamp,92,129,96.3,-1.0268683433532715,0.13908643370318793
COHFACE_s29_session0_lamp,92,130,96.33333333333333,-1.0640994310379028,0.10404535150830468
COHFACE_s29_session0_lamp,92,131,96.36666666666666,-1.0892013311386108,0.05287195013768574
COHFACE_s29_session0_lamp,92,132,96.4,-1.1063270568847656,-0.006153399768215276
COHFACE_s29_session0_lamp,92,133,96.43333333333334,-1.1110424995422363,-0.06094310913621503
COHFACE_s29_session0_lamp,92,134,96.46666666666667,-1.11714768409729,-0.10389198222192085
COHFACE_s29_session0_lamp,92,135,96.5,-1.1325591802597046,-0.13300058136153814
COHFACE_s29_session0_lamp,92,136,96.53333333333333,-1.1092580556869507,-0.1445796466770896
COHFACE_s29_session0_lamp,92,137,96.56666666666666,-0.657088041305542,-0.12616214666427172
COHFACE_s29_session0_lamp,92,138,96.6,0.4967191815376282,-0.05931628786009581
COHFACE_s29_session0_lamp,92,139,96.63333333333334,1.6025125980377197,0.06649743665750901
COHFACE_s29_session0_lamp,92,140,96.66666666666667,1.9789820909500122,0.23900504911325848
COHFACE_s29_session0_lamp,92,141,96.7,1.8177175521850586,0.42072466829403943
COHFACE_s29_session0_lamp,92,142,96.73333333333333,1.5840890407562256,0.5640390606862772
COHFACE_s29_session0_lamp,92,143,96.76666666666667,1.5019643306732178,0.6347145693401418
COHFACE_s29_session0_lamp,92,144,96.8,1.5239568948745728,0.6271412857071721
COHFACE_s29_session0_lamp,92,145,96.83333333333333,1.4527446031570435,0.5603371448336053
COHFACE_s29_session0_lamp,92,146,96.86666666666666,1.1926946640014648,0.4598900230926318
COHFACE_s29_session0_lamp,92,147,96.9,0.922386646270752,0.3421068997135468
COHFACE_s29_session0_lamp,92,148,96.93333333333334,0.7668001055717468,0.21145562247762434
COHFACE_s29_session0_lamp,92,149,96.96666666666667,0.6540577411651611,0.06862544940536665
COHFACE_s29_session0_lamp,92,150,97.0,0.5032569169998169,-0.08163009559791032
COHFACE_s29_session0_lamp,92,151,97.03333333333333,0.3084222972393036,-0.23059826894783989
COHFACE_s29_session0_lamp,92,152,97.06666666666666,0.1023290753364563,-0.37117727379851867
COHFACE_s29_session0_lamp,92,153,97.1,-0.07621797919273376,-0.5004349613083392
COHFACE_s29_session0_lamp,92,154,97.13333333333334,-0.21353232860565186,-0.6156937349496566
COHFACE_s29_session0_lamp,92,155,97.16666666666667,-0.3112849295139313,-0.7092120272810344
COHFACE_s29_session0_lamp,92,156,97.2,-0.3810587525367737,-0.7682501978508748
COHFACE_s29_session0_lamp,92,157,97.23333333333333,-0.43417730927467346,-0.7815972465995199
COHFACE_s29_session0_lamp,92,158,97.26666666666667,-0.48845306038856506,-0.7466159747070383
COHFACE_s29_session0_lamp,92,159,97.3,-0.5514944791793823,-0.6696358888388082
COHFACE_s29_session0_lamp,92,160,97.33333333333333,-0.6142979860305786,-0.5591609338467346
COHFACE_s29_session0_lamp,92,161,97.36666666666666,-0.6762956976890564,-0.4189572859511938
COHFACE_s29_session0_lamp,92,162,97.4,-0.7368713021278381,-0.24866695278877274
COHFACE_s29_session0_lamp,92,163,97.43333333333334,-0.7899519801139832,-0.052481656736649354
COHFACE_s29_session0_lamp,92,164,97.46666666666667,-0.8350943326950073,0.15249253026777887
COHFACE_s29_session0_lamp,92,165,97.5,-0.8611534237861633,0.33816210927884804
COHFACE_s29_session0_lamp,92,166,97.53333333333333,-0.8807612657546997,0.4785283384519072
COHFACE_s29_session0_lamp,92,167,97.56666666666666,-0.9168351292610168,0.5637678164723227
COHFACE_s29_session0_lamp,92,168,97.6,-0.9519842863082886,0.6031677178664204
COHFACE_s29_session0_lamp,92,169,97.63333333333334,-0.7454098463058472,0.6137798147187834
COHFACE_s29_session0_lamp,92,170,97.66666666666667,0.14176106452941895,0.6046673950594841
COHFACE_s29_session0_lamp,92,171,97.7,1.3173283338546753,0.5712640473773087
COHFACE_s29_session0_lamp,92,172,97.73333333333333,1.9455740451812744,0.5047016682890465
COHFACE_s29_session0_lamp,92,173,97.76666666666667,1.9075427055358887,0.40678197219211343
COHFACE_s29_session0_lamp,92,174,97.8,1.6483038663864136,0.29614470330404336
COHFACE_s29_session0_lamp,92,175,97.83333333333333,1.4933284521102905,0.19905505594275727
COHFACE_s29_session0_lamp,92,176,97.86666666666666,1.4666637182235718,0.13259231263935262
COHFACE_s29_session0_lamp,92,177,97.9,1.4220296144485474,0.09529419500881382
COHFACE_s29_session0_lamp,92,178,97.93333333333334,1.2094635963439941,0.07272156619401567
COHFACE_s29_session0_lamp,92,179,97.96666666666667,0.944536030292511,0.051551495486372695
COHFACE_s29_session0_lamp,92,180,98.0,0.7748249769210815,0.029105028181105264
COHFACE_s29_session0_lamp,92,181,98.03333333333333,0.6577132940292358,0.010493777864811628
COHFACE_s29_session0_lamp,92,182,98.06666666666666,0.5128283500671387,-0.002114593178737376
COHFACE_s29_session0_lamp,92,183,98.1,0.3140677809715271,-0.016249854755283764
COHFACE_s29_session0_lamp,92,184,98.13333333333334,0.09349311143159866,-0.04516949038700739
COHFACE_s29_session0_lamp,92,185,98.16666666666667,-0.10874449461698532,-0.09741160653737875
COHFACE_s29_session0_lamp,92,186,98.2,-0.26540711522102356,-0.16982737059287914
COHFACE_s29_session0_lamp,92,187,98.23333333333333,-0.3825782835483551,-0.25018690087762085
COHFACE_s29_session0_lamp,92,188,98.26666666666667,-0.4555966854095459,-0.32582507810732203
COHFACE_s29_session0_lamp,92,189,98.3,-0.5105321407318115,-0.38931110909776784
COHFACE_s29_session0_lamp,92,190,98.33333333333333,-0.5627097487449646,-0.4367930244644373
COHFACE_s29_session0_lamp,92,191,98.36666666666666,-0.613075852394104,-0.4632095594560833
COHFACE_s29_session0_lamp,92,192,98.4,-0.674511194229126,-0.4615315785850978
COHFACE_s29_session0_lamp,92,193,98.43333333333334,-0.7376229166984558,-0.4283512755689641
COHFACE_s29_session0_lamp,92,194,98.46666666666667,-0.7999559640884399,-0.3701924137416833
COHFACE_s29_session0_lamp,92,195,98.5,-0.8592877984046936,-0.3024374959081467
COHFACE_s29_session0_lamp,92,196,98.53333333333333,-0.9126009941101074,-0.23971291720248825
COHFACE_s29_session0_lamp,92,197,98.56666666666666,-0.9506702423095703,-0.1856694492572562
COHFACE_s29_session0_lamp,92,198,98.6,-0.9711595177650452,-0.13181711052842052
COHFACE_s29_session0_lamp,92,199,98.63333333333334,-0.9807687997817993,-0.06758120019625145
COHFACE_s29_session0_lamp,92,200,98.66666666666667,-0.9846351742744446,0.007066740221459508
COHFACE_s29_session0_lamp,92,201,98.7,-1.0053246021270752,0.07861683436403218
COHFACE_s29_session0_lamp,92,202,98.73333333333333,-1.0124787092208862,0.1301755657324844
COHFACE_s29_session0_lamp,92,203,98.76666666666667,-0.668908953666687,0.15586693210012764
COHFACE_s29_session0_lamp,92,204,98.8,0.4415295422077179,0.16636630799876534
COHFACE_s29_session0_lamp,92,205,98.83333333333333,1.70122230052948,0.1800189427317763
COHFACE_s29_session0_lamp,92,206,98.86666666666666,2.2571635246276855,0.20741682445663193
COHFACE_s29_session0_lamp,92,207,98.9,2.1506235599517822,0.2437280510348396
COHFACE_s29_session0_lamp,92,208,98.93333333333334,1.9082348346710205,0.27519811457595067
COHFACE_s29_session0_lamp,92,209,98.96666666666667,1.8207403421401978,0.2926486775471369
COHFACE_s29_session0_lamp,92,210,99.0,1.838141918182373,0.298764000809942
COHFACE_s29_session0_lamp,92,211,99.03333333333333,1.7843149900436401,0.3024148418742225
COHFACE_s29_session0_lamp,92,212,99.06666666666666,1.5299214124679565,0.3067745526546786
COHFACE_s29_session0_lamp,92,213,99.1,1.1897692680358887,0.3048092787927931
COHFACE_s29_session0_lamp,92,214,99.13333333333334,0.9427623748779297,0.28769666261667964
COHFACE_s29_session0_lamp,92,215,99.16666666666667,0.7803406715393066,0.25781187710624337
COHFACE_s29_session0_lamp,92,216,99.2,0.6098238825798035,0.23225085837716633
COHFACE_s29_session0_lamp,92,217,99.23333333333333,0.3977823257446289,0.23065755980680527
COHFACE_s29_session0_lamp,92,218,99.26666666666667,0.17381711304187775,0.2564425810259547
COHFACE_s29_session0_lamp,92,219,99.3,-0.027371421456336975,0.28844102958209306
COHFACE_s29_session0_lamp,92,220,99.33333333333333,-0.19075025618076324,0.2914819502547594
COHFACE_s29_session0_lamp,92,221,99.36666666666666,-0.31943413615226746,0.23818458528400863
COHFACE_s29_session0_lamp,92,222,99.4,-0.41767340898513794,0.12555927562158214
COHFACE_s29_session0_lamp,92,223,99.43333333333334,-0.48727962374687195,-0.024749532390450295
COHFACE_s29_session0_lamp,92,224,99.46666666666667,-0.5517810583114624,-0.17923848638298012
COHFACE_s29_session0_lamp,92,225,99.5,-0.6180562376976013,-0.3057590910198163
COHFACE_s29_session0_lamp,92,226,99.53333333333333,-0.687262237071991,-0.37978305870519313
COHFACE_s29_session0_lamp,92,227,99.56666666666666,-0.7496277093887329,-0.3869795874245847
COHFACE_s29_session0_lamp,92,228,99.6,-0.8179848194122314,-0.3283299630518588
COHFACE_s29_session0_lamp,92,229,99.63333333333334,-0.8820644617080688,-0.22758904689836632
COHFACE_s29_session0_lamp,92,230,99.66666666666667,-0.9351829886436462,-0.13241364441928352
COHFACE_s29_session0_lamp,92,231,99.7,-0.9763994812965393,-0.10001392573610361
COHFACE_s29_session0_lamp,92,232,99.73333333333333,-1.0061951875686646,-0.16935449702216995
COHFACE_s29_session0_lamp,92,233,99.76666666666667,-1.028268814086914,-0.335146520324827
COHFACE_s29_session0_lamp,92,234,99.8,-1.046449065208435,-0.5417383691031864
COHFACE_s29_session0_lamp,92,235,99.83333333333333,-1.0494178533554077,-0.704015809846278
COHFACE_s29_session0_lamp,92,236,99.86666666666666,-1.0589784383773804,-0.7444588613095438
COHFACE_s29_session0_lamp,92,237,99.9,-1.092553973197937,-0.6253984978250768
COHFACE_s29_session0_lamp,92,238,99.93333333333334,-1.061536192893982,-0.3619434799104685
COHFACE_s29_session0_lamp,92,239,99.96666666666667,-0.48824214935302734,-0.014835262231560458
COHFACE_s29_session0_lamp,93,0,93.0,-0.9507838487625122,0.031420929871244646
COHFACE_s29_session0_lamp,93,1,93.03333333333333,-0.9610527753829956,0.7611966122113913
COHFACE_s29_session0_lamp,93,2,93.06666666666666,-0.9575648903846741,1.3832243007932017
COHFACE_s29_session0_lamp,93,3,93.1,-0.9597874283790588,1.815480919652757
COHFACE_s29_session0_lamp,93,4,93.13333333333334,-0.9813528060913086,2.0186189303007676
COHFACE_s29_session0_lamp,93,5,93.16666666666667,-0.9765508770942688,2.0032208964802076
COHFACE_s29_session0_lamp,93,6,93.2,-0.5879306793212891,1.8215417312849287
COHFACE_s29_session0_lamp,93,7,93.23333333333333,0.5238760113716125,1.5465274474349975
COHFACE_s29_session0_lamp,93,8,93.26666666666667,1.6983726024627686,1.2477661296674287
COHFACE_s29_session0_lamp,93,9,93.3,2.1287553310394287,0.9752516732017339
COHFACE_s29_session0_lamp,93,10,93.33333333333333,1.9149564504623413,0.7556784253914897
COHFACE_s29_session0_lamp,93,11,93.36666666666666,1.5851110219955444,0.5972494101649506
COHFACE_s29_session0_lamp,93,12,93.4,1.4213969707489014,0.49459841300243323
COHFACE_s29_session0_lamp,93,13,93.43333333333334,1.401313304901123,0.42915807646743204
COHFACE_s29_session0_lamp,93,14,93.46666666666667,1.3228007555007935,0.369301553302928
COHFACE_s29_session0_lamp,93,15,93.5,1.0901942253112793,0.2785672045336111
COHFACE_s29_session0_lamp,93,16,93.53333333333333,0.8682082295417786,0.13295468202811395
COHFACE_s29_session0_lamp,93,17,93.56666666666666,0.7389565706253052,-0.06281097713660926
COHFACE_s29_session0_lamp,93,18,93.6,0.6203199625015259,-0.27346864714951075
COHFACE_s29_session0_lamp,93,19,93.63333333333334,0.45173904299736023,-0.45082025501371287
COHFACE_s29_session0_lamp,93,20,93.66666666666667,0.23552827537059784,-0.5608567769660301
COHFACE_s29_session0_lamp,93,21,93.7,0.007783173117786646,-0.6023060498101733
COHFACE_s29_session0_lamp,93,22,93.73333333333333,-0.1866837590932846,-0.6051412514908469
COHFACE_s29_session0_lamp,93,23,93.76666666666667,-0.3342778980731964,-0.6120640922266655
COHFACE_s29_session0_lamp,93,24,93.8,-0.4333445429801941,-0.6559122304426687
COHFACE_s29_session0_lamp,93,25,93.83333333333333,-0.4956018626689911,-0.7455448055646376
COHFACE_s29_session0_lamp,93,26,93.86666666666666,-0.5441077351570129,-0.8643079666478362
COHFACE_s29_session0_lamp,93,27,93.9,-0.5869572758674622,-0.9773488509772916
COHFACE_s29_session0_lamp,93,28,93.93333333333334,-0.6352630853652954,-1.0431812628725534
COHFACE_s29_session0_lamp,93,29,93.96666666666667,-0.6898092031478882,-1.0274970364788576
COHFACE_s29_session0_lamp,93,30,94.0,-0.7553814053535461,-0.9171604037296535
COHFACE_s29_session0_lamp,93,31,94.03333333333333,-0.8203586935997009,-0.7291912994213706
COHFACE_s29_session0_lamp,93,32,94.06666666666666,-0.8797338008880615,-0.507406401085673
COHFACE_s29_session0_lamp,93,33,94.1,-0.9244056940078735,-0.30355144670270395
COHFACE_s29_session0_lamp,93,34,94.13333333333334,-0.9575757384300232,-0.15053093670259363
COHFACE_s29_session0_lamp,93,35,94.16666666666667,-0.9839863181114197,-0.04375449437408914
COHFACE_s29_session0_lamp,93,36,94.2,-1.0149608850479126,0.05611422901674872
COHFACE_s29_session0_lamp,93,37,94.23333333333333,-1.0060491561889648,0.19857054476501826
COHFACE_s29_session0_lamp,93,38,94.26666666666667,-0.5647376179695129,0.4109827979235526
COHFACE_s29_session0_lamp,93,39,94.3,0.6338983774185181,0.6785444265626094
COHFACE_s29_session0_lamp,93,40,94.33333333333333,1.8334373235702515,0.9483992415491562
COHFACE_s29_session0_lamp,93,41,94.36666666666666,2.228260040283203,1.154183995691521
COHFACE_s29_session0_lamp,93,42,94.4,2.010735273361206,1.245066905627407
COHFACE_s29_session0_lamp,93,43,94.43333333333334,1.7234907150268555,1.203155415709154
COHFACE_s29_session0_lamp,93,44,94.46666666666667,1.6027721166610718,1.0445148428866255
COHFACE_s29_session0_lamp,93,45,94.5,1.598857045173645,0.8101052271181772
COHFACE_s29_session0_lamp,93,46,94.53333333333333,1.5190305709838867,0.5537013794863572
COHFACE_s29_session0_lamp,93,47,94.56666666666666,1.2400649785995483,0.3285532141447215
COHFACE_s29_session0_lamp,93,48,94.6,0.914405107498169,0.17227208159731844
COHFACE_s29_session0_lamp,93,49,94.63333333333334,0.7009575963020325,0.09284864818184836
COHFACE_s29_session0_lamp,93,50,94.66666666666667,0.5551966428756714,0.06388404282389767
COHFACE_s29_session0_lamp,93,51,94.7,0.3896006941795349,0.036289388376431184
COHFACE_s29_session0_lamp,93,52,94.73333333333333,0.1844862550497055,-0.03626094015305993
COHFACE_s29_session0_lamp,93,53,94.76666666666667,-0.03891657665371895,-0.17182085716714446
COHFACE_s29_session0_lamp,93,54,94.8,-0.23190724849700928,-0.35014622400213274
COHFACE_s29_session0_lamp,93,55,94.83333333333333,-0.3830703794956207,-0.5244171135794662
COHFACE_s29_session0_lamp,93,56,94.86666666666666,-0.5001712441444397,-0.6467326974606092
COHFACE_s29_session0_lamp,93,57,94.9,-0.5817822813987732,-0.691258229482986
COHFACE_s29_session0_lamp,93,58,94.93333333333334,-0.6414818167686462,-0.6632535993341091
COHFACE_s29_session0_lamp,93,59,94.96666666666667,-0.6951356530189514,-0.5929891127616996
COHFACE_s29_session0_lamp,93,60,95.0,-0.7503523230552673,-0.5210550653475888
COHFACE_s29_session0_lamp,93,61,95.03333333333333,-0.807818591594696,-0.4825036357274983
COHFACE_s29_session0_lamp,93,62,95.06666666666666,-0.8690052032470703,-0.494047861394276
COHFACE_s29_session0_lamp,93,63,95.1,-0.9295321106910706,-0.5463076858208716
COHFACE_s29_session0_lamp,93,64,95.13333333333334,-0.992378830909729,-0.6042587566519431
COHFACE_s29_session0_lamp,93,65,95.16666666666667,-1.0388190746307373,-0.6192723927952383
COHFACE_s29_session0_lamp,93,66,95.2,-1.0730867385864258,-0.5510803510985504
COHFACE_s29_session0_lamp,93,67,95.23333333333333,-1.0980318784713745,-0.3901359512741234
COHFACE_s29_session0_lamp,93,68,95.26666666666667,-1.1051050424575806,-0.16661060143480058
COHFACE_s29_session0_lamp,93,69,95.3,-1.112507939338684,0.06264028725480934
COHFACE_s29_session0_lamp,93,70,95.33333333333333,-1.132423996925354,0.24394468305980552
COHFACE_s29_session0_lamp,93,71,95.36666666666666,-1.1424442529678345,0.35572736855734294
COHFACE_s29_session0_lamp,93,72,95.4,-0.866831362247467,0.4178220837877873
COHFACE_s29_session0_lamp,93,73,95.43333333333334,0.19729137420654297,0.4748323343519763
COHFACE_s29_session0_lamp,93,74,95.46666666666667,1.560917615890503,0.5649466680827974
COHFACE_s29_session0_lamp,93,75,95.5,2.2314612865448,0.6953025182136776
COHFACE_s29_session0_lamp,93,76,95.53333333333333,2.1333138942718506,0.8385539545278331
COHFACE_s29_session0_lamp,93,77,95.56666666666666,1.8297926187515259,0.9494192863612086
COHFACE_s29_session0_lamp,93,78,95.6,1.6687932014465332,0.9875688445153946
COHFACE_s29_session0_lamp,93,79,95.63333333333334,1.6608548164367676,0.9325997369871271
COHFACE_s29_session0_lamp,93,80,95.66666666666667,1.6313295364379883,0.7870257976510197
COHFACE_s29_session0_lamp,93,81,95.7,1.4015241861343384,0.5727315330494775
COHFACE_s29_session0_lamp,93,82,95.73333333333333,1.0567214488983154,0.3259763333209192
COHFACE_s29_session0_lamp,93,83,95.76666666666667,0.7977476119995117,0.09034682475244499
COHFACE_s29_session0_lamp,93,84,95.8,0.6375971436500549,-0.09490218601748888
COHFACE_s29_session0_lamp,93,85,95.83333333333333,0.48008549213409424,-0.2094417037067069
COHFACE_s29_session0_lamp,93,86,95.86666666666666,0.27693942189216614,-0.2613826566490343
COHFACE_s29_session0_lamp,93,87,95.9,0.05847911536693573,-0.28303235191207665
COHFACE_s29_session0_lamp,93,88,95.93333333333334,-0.1462676078081131,-0.312736177035321
COHFACE_s29_session0_lamp,93,89,95.96666666666667,-0.31426990032196045,-0.37327564397312757
COHFACE_s29_session0_lamp,93,90,96.0,-0.4485289752483368,-0.46051849463247757
COHFACE_s29_session0_lamp,93,91,96.03333333333333,-0.5487095713615417,-0.5491145541315787
COHFACE_s29_session0_lamp,93,92,96.06666666666666,-0.6217982769012451,-0.60979330535903
COHFACE_s29_session0_lamp,93,93,96.1,-0.6812922954559326,-0.6254001694668369
COHFACE_s29_session0_lamp,93,94,96.13333333333334,-0.7377365231513977,-0.596486563397118
COHFACE_s29_session0_lamp,93,95,96.16666666666667,-0.7998045682907104,-0.5367407855027724
COHFACE_s29_session0_lamp,93,96,96.2,-0.857405960559845,-0.46475076865693776
COHFACE_s29_session0_lamp,93,97,96.23333333333333,-0.9203608632087708,-0.3978811432680377
COHFACE_s29_session0_lamp,93,98,96.26666666666667,-0.9791519045829773,-0.3488128011813062
COHFACE_s29_session0_lamp,93,99,96.3,-1.0268683433532715,-0.32210956656753525
COHFACE_s29_session0_lamp,93,100,96.33333333333333,-1.0640994310379028,-0.31086372705255433
COHFACE_s29_session0_lamp,93,101,96.36666666666666,-1.0892013311386108,-0.29740136204354317
COHFACE_s29_session0_lamp,93,102,96.4,-1.1063270568847656,-0.2611101290586586
COHFACE_s29_session0_lamp,93,103,96.43333333333334,-1.1110424995422363,-0.1907713225163833
COHFACE_s29_session0_lamp,93,104,96.46666666666667,-1.11714768409729,-0.09310670827953145
COHFACE_s29_session0_lamp,93,105,96.5,-1.1325591802597046,0.010419581861495143
COHFACE_s29_session0_lamp,93,106,96.53333333333333,-1.1092580556869507,0.09839259186656525
COHFACE_s29_session0_lamp,93,107,96.56666666666666,-0.657088041305542,0.16607274066030125
COHFACE_s29_session0_lamp,93,108,96.6,0.4967191815376282,0.23119238550987142
COHFACE_s29_session0_lamp,93,109,96.63333333333334,1.6025125980377197,0.32315108113946567
COHFACE_s29_session0_lamp,93,110,96.66666666666667,1.9789820909500122,0.46246456586250606
COHFACE_s29_session0_lamp,93,111,96.7,1.8177175521850586,0.6451286611571365
COHFACE_s29_session0_lamp,93,112,96.73333333333333,1.5840890407562256,0.8422434928497272
COHFACE_s29_session0_lamp,93,113,96.76666666666667,1.5019643306732178,1.013305315705216
COHFACE_s29_session0_lamp,93,114,96.8,1.5239568948745728,1.12215951655264
COHFACE_s29_session0_lamp,93,115,96.83333333333333,1.4527446031570435,1.145198239150612
COHFACE_s29_session0_lamp,93,116,96.86666666666666,1.1926946640014648,1.0712557164785312
COHFACE_s29_session0_lamp,93,117,96.9,0.922386646270752,0.900609157373387
COHFACE_s29_session0_lamp,93,118,96.93333333333334,0.7668001055717468,0.6476871206279181
COHFACE_s29_session0_lamp,93,119,96.96666666666667,0.6540577411651611,0.3437914034661746
COHFACE_s29_session0_lamp,93,120,97.0,0.5032569169998169,0.032549507963406735
COHFACE_s29_session0_lamp,93,121,97.03333333333333,0.3084222972393036,-0.2441603279970456
COHFACE_s29_session0_lamp,93,122,97.06666666666666,0.1023290753364563,-0.4623943410251052
COHFACE_s29_session0_lamp,93,123,97.1,-0.07621797919273376,-0.6228575833970599
COHFACE_s29_session0_lamp,93,124,97.13333333333334,-0.21353232860565186,-0.743649592613496
COHFACE_s29_session0_lamp,93,125,97.16666666666667,-0.3112849295139313,-0.8453040704567732
COHFACE_s29_session0_lamp,93,126,97.2,-0.3810587525367737,-0.9384485327821912
COHFACE_s29_session0_lamp,93,127,97.23333333333333,-0.43417730927467346,-1.0201856712828707
COHFACE_s29_session0_lamp,93,128,97.26666666666667,-0.48845306038856506,-1.0777693444304297
COHFACE_s29_session0_lamp,93,129,97.3,-0.5514944791793823,-1.094076619654225
COHFACE_s29_session0_lamp,93,130,97.33333333333333,-0.6142979860305786,-1.0518137683003488
COHFACE_s29_session0_lamp,93,131,97.36666666666666,-0.6762956976890564,-0.9377934515542479
COHFACE_s29_session0_lamp,93,132,97.4,-0.7368713021278381,-0.7491795389535623
COHFACE_s29_session0_lamp,93,133,97.43333333333334,-0.7899519801139832,-0.5000423423917862
COHFACE_s29_session0_lamp,93,134,97.46666666666667,-0.8350943326950073,-0.22273716593796702
COHFACE_s29_session0_lamp,93,135,97.5,-0.8611534237861633,0.04070903032600414
COHFACE_s29_session0_lamp,93,136,97.53333333333333,-0.8807612657546997,0.2553982890044822
COHFACE_s29_session0_lamp,93,137,97.56666666666666,-0.9168351292610168,0.4090591407509724
COHFACE_s29_session0_lamp,93,138,97.6,-0.9519842863082886,0.5148727724382772
COHFACE_s29_session0_lamp,93,139,97.63333333333334,-0.7454098463058472,0.5977666055209482
COHFACE_s29_session0_lamp,93,140,97.66666666666667,0.14176106452941895,0.673522808706901
COHFACE_s29_session0_lamp,93,141,97.7,1.3173283338546753,0.7368868073646592
COHFACE_s29_session0_lamp,93,142,97.73333333333333,1.9455740451812744,0.7673858720580716
COHFACE_s29_session0_lamp,93,143,97.76666666666667,1.9075427055358887,0.7470022760479621
COHFACE_s29_session0_lamp,93,144,97.8,1.6483038663864136,0.6750221411043983
COHFACE_s29_session0_lamp,93,145,97.83333333333333,1.4933284521102905,0.5689872145774916
COHFACE_s29_session0_lamp,93,146,97.86666666666666,1.4666637182235718,0.4536255196320648
COHFACE_s29_session0_lamp,93,147,97.9,1.4220296144485474,0.3492727902784234
COHFACE_s29_session0_lamp,93,148,97.93333333333334,1.2094635963439941,0.26831571870405135
COHFACE_s29_session0_lamp,93,149,97.96666666666667,0.944536030292511,0.21813000297168259
COHFACE_s29_session0_lamp,93,150,98.0,0.7748249769210815,0.2028636195842142
COHFACE_s29_session0_lamp,93,151,98.03333333333333,0.6577132940292358,0.21921049542459997
COHFACE_s29_session0_lamp,93,152,98.06666666666666,0.5128283500671387,0.2500719834324168
COHFACE_s29_session0_lamp,93,153,98.1,0.3140677809715271,0.2651585423849817
COHFACE_s29_session0_lamp,93,154,98.13333333333334,0.09349311143159866,0.23263055606175545
COHFACE_s29_session0_lamp,93,155,98.16666666666667,-0.10874449461698532,0.13576061502325215
COHFACE_s29_session0_lamp,93,156,98.2,-0.26540711522102356,-0.017148795682104374
COHFACE_s29_session0_lamp,93,157,98.23333333333333,-0.3825782835483551,-0.19737330967583802
COHFACE_s29_session0_lamp,93,158,98.26666666666667,-0.4555966854095459,-0.3713313356803358
COHFACE_s29_session0_lamp,93,159,98.3,-0.5105321407318115,-0.5154466845417873
COHFACE_s29_session0_lamp,93,160,98.33333333333333,-0.5627097487449646,-0.6215897171350201
COHFACE_s29_session0_lamp,93,161,98.36666666666666,-0.613075852394104,-0.6933039843398628
COHFACE_s29_session0_lamp,93,162,98.4,-0.674511194229126,-0.7387197476658537
COHFACE_s29_session0_lamp,93,163,98.43333333333334,-0.7376229166984558,-0.7653109964592265
COHFACE_s29_session0_lamp,93,164,98.46666666666667,-0.7999559640884399,-0.7770441171378897
COHFACE_s29_session0_lamp,93,165,98.5,-0.8592877984046936,-0.7717470211801672
COHFACE_s29_session0_lamp,93,166,98.53333333333333,-0.9126009941101074,-0.7388759702162215
COHFACE_s29_session0_lamp,93,167,98.56666666666666,-0.9506702423095703,-0.6612996460624466
COHFACE_s29_session0_lamp,93,168,98.6,-0.9711595177650452,-0.5239158742746312
COHFACE_s29_session0_lamp,93,169,98.63333333333334,-0.9807687997817993,-0.3265577774813317
COHFACE_s29_session0_lamp,93,170,98.66666666666667,-0.9846351742744446,-0.09282677667238354
COHFACE_s29_session0_lamp,93,171,98.7,-1.0053246021270752,0.13377725114726566
COHFACE_s29_session0_lamp,93,172,98.73333333333333,-1.0124787092208862,0.30737462028158963
COHFACE_s29_session0_lamp,93,173,98.76666666666667,-0.668908953666687,0.40162827184579863
COHFACE_s29_session0_lamp,93,174,98.8,0.4415295422077179,0.4222488656740563
COHFACE_s29_session0_lamp,93,175,98.83333333333333,1.70122230052948,0.4017785555539769
COHFACE_s29_session0_lamp,93,176,98.86666666666666,2.2571635246276855,0.381069393245669
COHFACE_s29_session0_lamp,93,177,98.9,2.1506235599517822,0.3906129847289776
COHFACE_s29_session0_lamp,93,178,98.93333333333334,1.9082348346710205,0.44165147866081206
COHFACE_s29_session0_lamp,93,179,98.96666666666667,1.8207403421401978,0.5272348637880089
COHFACE_s29_session0_lamp,93,180,99.0,1.838141918182373,0.6271893608467313
COHFACE_s29_session0_lamp,93,181,99.03333333333333,1.7843149900436401,0.7126047645282266
COHFACE_s29_session0_lamp,93,182,99.06666666666666,1.5299214124679565,0.751810643044348
COHFACE_s29_session0_lamp,93,183,99.1,1.1897692680358887,0.7218778569306967
COHFACE_s29_session0_lamp,93,184,99.13333333333334,0.9427623748779297,0.6227935654252453
COHFACE_s29_session0_lamp,93,185,99.16666666666667,0.7803406715393066,0.4836974436524039
COHFACE_s29_session0_lamp,93,186,99.2,0.6098238825798035,0.3520525306254944
COHFACE_s29_session0_lamp,93,187,99.23333333333333,0.3977823257446289,0.2677999048017911
COHFACE_s29_session0_lamp,93,188,99.26666666666667,0.17381711304187775,0.23753706540328834
COHFACE_s29_session0_lamp,93,189,99.3,-0.027371421456336975,0.2270974521196436
COHFACE_s29_session0_lamp,93,190,99.33333333333333,-0.19075025618076324,0.17943461356051732
COHFACE_s29_session0_lamp,93,191,99.36666666666666,-0.31943413615226746,0.04720221999952215
COHFACE_s29_session0_lamp,93,192,99.4,-0.41767340898513794,-0.18053866966354642
COHFACE_s29_session0_lamp,93,193,99.43333333333334,-0.48727962374687195,-0.4730667858370904
COHFACE_s29_session0_lamp,93,194,99.46666666666667,-0.5517810583114624,-0.7733940344984674
COHFACE_s29_session0_lamp,93,195,99.5,-0.6180562376976013,-1.0207627855850654
COHFACE_s29_session0_lamp,93,196,99.53333333333333,-0.687262237071991,-1.168466356492398
COHFACE_s29_session0_lamp,93,197,99.56666666666666,-0.7496277093887329,-1.1942127742851434
COHFACE_s29_session0_lamp,93,198,99.6,-0.8179848194122314,-1.104589960661729
COHFACE_s29_session0_lamp,93,199,99.63333333333334,-0.8820644617080688,-0.9334308301445157
COHFACE_s29_session0_lamp,93,200,99.66666666666667,-0.9351829886436462,-0.7313738111134677
COHFACE_s29_session0_lamp,93,201,99.7,-0.9763994812965393,-0.54616798488197
COHFACE_s29_session0_lamp,93,202,99.73333333333333,-1.0061951875686646,-0.40090660944443557
COHFACE_s29_session0_lamp,93,203,99.76666666666667,-1.028268814086914,-0.28319831746055013
COHFACE_s29_session0_lamp,93,204,99.8,-1.046449065208435,-0.15489936688895706
COHFACE_s29_session0_lamp,93,205,99.83333333333333,-1.0494178533554077,0.020246836914059724
COHFACE_s29_session0_lamp,93,206,99.86666666666666,-1.0589784383773804,0.2473828498311007
COHFACE_s29_session0_lamp,93,207,99.9,-1.092553973197937,0.4898011517753862
COHFACE_s29_session0_lamp,93,208,99.93333333333334,-1.061536192893982,0.6852865388758064
COHFACE_s29_session0_lamp,93,209,99.96666666666667,-0.48824214935302734,0.7796880893810095
COHFACE_s29_session0_lamp,93,210,100.0,0.8184640407562256,0.7561543411290024
COHFACE_s29_session0_lamp,93,211,100.03333333333333,1.9554212093353271,0.6421222437475038
COHFACE_s29_session0_lamp,93,212,100.06666666666666,2.2638959884643555,0.49293782434070704
COHFACE_s29_session0_lamp,93,213,100.1,2.0425965785980225,0.36596548467672924
COHFACE_s29_session0_lamp,93,214,100.13333333333334,1.8044960498809814,0.2999111107137216
COHFACE_s29_session0_lamp,93,215,100.16666666666667,1.7336677312850952,0.30529031139386037
COHFACE_s29_session0_lamp,93,216,100.2,1.7472623586654663,0.3644599084573289
COHFACE_s29_session0_lamp,93,217,100.23333333333333,1.6479631662368774,0.43819984154652214
COHFACE_s29_session0_lamp,93,218,100.26666666666667,1.3498494625091553,0.4784880648050807
COHFACE_s29_session0_lamp,93,219,100.3,1.0367079973220825,0.4473748414394468
COHFACE_s29_session0_lamp,93,220,100.33333333333333,0.8448529839515686,0.3363450775215005
COHFACE_s29_session0_lamp,93,221,100.36666666666666,0.7035478353500366,0.1751326099038935
COHFACE_s29_session0_lamp,93,222,100.4,0.5338529348373413,0.021173618932332425
COHFACE_s29_session0_lamp,93,223,100.43333333333334,0.34081903100013733,-0.06851929189326879
COHFACE_s29_session0_lamp,93,224,100.46666666666667,0.168809711933136,-0.06851529904845333
COHFACE_s29_session0_lamp,93,225,100.5,0.03198744356632233,-0.00011881715386558717
COHFACE_s29_session0_lamp,93,226,100.53333333333333,-0.0868762955069542,0.07915654458568934
COHFACE_s29_session0_lamp,93,227,100.56666666666666,-0.19118285179138184,0.10500260095884166
COHFACE_s29_session0_lamp,93,228,100.6,-0.28524747490882874,0.036305186729266886
COHFACE_s29_session0_lamp,93,229,100.63333333333334,-0.3669828772544861,-0.13090795020176818
COHFACE_s29_session0_lamp,93,230,100.66666666666667,-0.43957945704460144,-0.3685283871369598
COHFACE_s29_session0_lamp,93,231,100.7,-0.5028912425041199,-0.6308241673448791
COHFACE_s29_session0_lamp,93,232,100.73333333333333,-0.5676306486129761,-0.867998106747981
COHFACE_s29_session0_lamp,93,233,100.76666666666667,-0.6437854170799255,-1.0355816015828334
COHFACE_s29_session0_lamp,93,234,100.8,-0.723649799823761,-1.10145077583576
COHFACE_s29_session0_lamp,93,235,100.83333333333333,-0.7973711490631104,-1.051743582039408
COHFACE_s29_session0_lamp,93,236,100.86666666666666,-0.8660851120948792,-0.8933566654031777
COHFACE_s29_session0_lamp,93,237,100.9,-0.9327279925346375,-0.6498515212618401
COHFACE_s29_session0_lamp,93,238,100.93333333333334,-0.9984569549560547,-0.35223433397921405
COHFACE_s29_session0_lamp,93,239,100.96666666666667,-1.0653972625732422,-0.03068900660325992
COHFACE_s29_session0_lamp,94,0,94.0,-0.7553814053535461,-0.02845040189819384
COHFACE_s29_session0_lamp,94,1,94.03333333333333,-0.8203586935997009,0.5360601762152147
COHFACE_s29_session0_lamp,94,2,94.06666666666666,-0.8797338008880615,1.0025593180446923
COHFACE_s29_session0_lamp,94,3,94.1,-0.9244056940078735,1.3019465653738527
COHFACE_s29_session0_lamp,94,4,94.13333333333334,-0.9575757384300232,1.4159150418391249
COHFACE_s29_session0_lamp,94,5,94.16666666666667,-0.9839863181114197,1.379395223177752
COHFACE_s29_session0_lamp,94,6,94.2,-1.0149608850479126,1.2624255969546538
COHFACE_s29_session0_lamp,94,7,94.23333333333333,-1.0060491561889648,1.1389432076456985
COHFACE_s29_session0_lamp,94,8,94.26666666666667,-0.5647376179695129,1.0575294803439552
COHFACE_s29_session0_lamp,94,9,94.3,0.6338983774185181,1.0283640071997247
COHFACE_s29_session0_lamp,94,10,94.33333333333333,1.8334373235702515,1.0307314551991142
COHFACE_s29_session0_lamp,94,11,94.36666666666666,2.228260040283203,1.0328845780260776
COHFACE_s29_session0_lamp,94,12,94.4,2.010735273361206,1.0095968612201671
COHFACE_s29_session0_lamp,94,13,94.43333333333334,1.7234907150268555,0.9473118785255473
COHFACE_s29_session0_lamp,94,14,94.46666666666667,1.6027721166610718,0.839355171332167
COHFACE_s29_session0_lamp,94,15,94.5,1.598857045173645,0.6818931304293904
COHFACE_s29_session0_lamp,94,16,94.53333333333333,1.5190305709838867,0.47679757358675573
COHFACE_s29_session0_lamp,94,17,94.56666666666666,1.2400649785995483,0.23738722923009625
COHFACE_s29_session0_lamp,94,18,94.6,0.914405107498169,-0.01130356631180231
COHFACE_s29_session0_lamp,94,19,94.63333333333334,0.7009575963020325,-0.24134762777978866
COHFACE_s29_session0_lamp,94,20,94.66666666666667,0.5551966428756714,-0.43440288704860786
COHFACE_s29_session0_lamp,94,21,94.7,0.3896006941795349,-0.5880173156449208
COHFACE_s29_session0_lamp,94,22,94.73333333333333,0.1844862550497055,-0.7111637740053904
COHFACE_s29_session0_lamp,94,23,94.76666666666667,-0.03891657665371895,-0.8135394080948923
COHFACE_s29_session0_lamp,94,24,94.8,-0.23190724849700928,-0.8975026201555623
COHFACE_s29_session0_lamp,94,25,94.83333333333333,-0.3830703794956207,-0.958264976327775
COHFACE_s29_session0_lamp,94,26,94.86666666666666,-0.5001712441444397,-0.9903573804252317
COHFACE_s29_session0_lamp,94,27,94.9,-0.5817822813987732,-0.993527394914219
COHFACE_s29_session0_lamp,94,28,94.93333333333334,-0.6414818167686462,-0.9734554157726445
COHFACE_s29_session0_lamp,94,29,94.96666666666667,-0.6951356530189514,-0.9382441755858121
COHFACE_s29_session0_lamp,94,30,95.0,-0.7503523230552673,-0.8945302455604369
COHFACE_s29_session0_lamp,94,31,95.03333333333333,-0.807818591594696,-0.8457209456950148
COHFACE_s29_session0_lamp,94,32,95.06666666666666,-0.8690052032470703,-0.7915775166993159
COHFACE_s29_session0_lamp,94,33,95.1,-0.9295321106910706,-0.727147489305529
COHFACE_s29_session0_lamp,94,34,95.13333333333334,-0.992378830909729,-0.6416059524443295
COHFACE_s29_session0_lamp,94,35,95.16666666666667,-1.0388190746307373,-0.5203223796074274
COHFACE_s29_session0_lamp,94,36,95.2,-1.0730867385864258,-0.35226699139608514
COHFACE_s29_session0_lamp,94,37,95.23333333333333,-1.0980318784713745,-0.1399543093077049
COHFACE_s29_session0_lamp,94,38,95.26666666666667,-1.1051050424575806,0.09555011997311633
COHFACE_s29_session0_lamp,94,39,95.3,-1.112507939338684,0.32106033103715026
COHFACE_s29_session0_lamp,94,40,95.33333333333333,-1.132423996925354,0.5075725661837431
COHFACE_s29_session0_lamp,94,41,95.36666666666666,-1.1424442529678345,0.6461384996223188
COHFACE_s29_session0_lamp,94,42,95.4,-0.866831362247467,0.7514898996817794
COHFACE_s29_session0_lamp,94,43,95.43333333333334,0.19729137420654297,0.8495327629709645
COHFACE_s29_session0_lamp,94,44,95.46666666666667,1.560917615890503,0.9573069805084862
COHFACE_s29_session0_lamp,94,45,95.5,2.2314612865448,1.0702257369738404
COHFACE_s29_session0_lamp,94,46,95.53333333333333,2.1333138942718506,1.1649518926512992
COHFACE_s29_session0_lamp,94,47,95.56666666666666,1.8297926187515259,1.2137385418786637
COHFACE_s29_session0_lamp,94,48,95.6,1.6687932014465332,1.1984722551084916
COHFACE_s29_session0_lamp,94,49,95.63333333333334,1.6608548164367676,1.1151573546837654
COHFACE_s29_session0_lamp,94,50,95.66666666666667,1.6313295364379883,0.9693647520078739
COHFACE_s29_session0_lamp,94,51,95.7,1.4015241861343384,0.7705244824650317
COHFACE_s29_session0_lamp,94,52,95.73333333333333,1.0567214488983154,0.5309093627350783
COHFACE_s29_session0_lamp,94,53,95.76666666666667,0.7977476119995117,0.2679964281867519
COHFACE_s29_session0_lamp,94,54,95.8,0.6375971436500549,0.004770473808201482
COHFACE_s29_session0_lamp,94,55,95.83333333333333,0.48008549213409424,-0.2352976813192099
COHFACE_s29_session0_lamp,94,56,95.86666666666666,0.27693942189216614,-0.4358342136782804
COHFACE_s29_session0_lamp,94,57,95.9,0.05847911536693573,-0.5915809626067587
COHFACE_s29_session0_lamp,94,58,95.93333333333334,-0.1462676078081131,-0.7060125431291872
COHFACE_s29_session0_lamp,94,59,95.96666666666667,-0.31426990032196045,-0.7854882407098868
COHFACE_s29_session0_lamp,94,60,96.0,-0.4485289752483368,-0.835018819472902
COHFACE_s29_session0_lamp,94,61,96.03333333333333,-0.5487095713615417,-0.8581374244804933
COHFACE_s29_session0_lamp,94,62,96.06666666666666,-0.6217982769012451,-0.8589655421360914
COHFACE_s29_session0_lamp,94,63,96.1,-0.6812922954559326,-0.8427153293671614
COHFACE_s29_session0_lamp,94,64,96.13333333333334,-0.7377365231513977,-0.8134835506961539
COHFACE_s29_session0_lamp,94,65,96.16666666666667,-0.7998045682907104,-0.7718982576104959
COHFACE_s29_session0_lamp,94,66,96.2,-0.857405960559845,-0.7157276161714613
COHFACE_s29_session0_lamp,94,67,96.23333333333333,-0.9203608632087708,-0.6435801102202786
COHFACE_s29_session0_lamp,94,68,96.26666666666667,-0.9791519045829773,-0.5581572191025848
COHFACE_s29_session0_lamp,94,69,96.3,-1.0268683433532715,-0.4652231677850246
COHFACE_s29_session0_lamp,94,70,96.33333333333333,-1.0640994310379028,-0.36875768433080913
COHFACE_s29_session0_lamp,94,71,96.36666666666666,-1.0892013311386108,-0.2671358333797042
COHFACE_s29_session0_lamp,94,72,96.4,-1.1063270568847656,-0.15475315097017955
COHFACE_s29_session0_lamp,94,73,96.43333333333334,-1.1110424995422363,-0.028616342261685947
COHFACE_s29_session0_lamp,94,74,96.46666666666667,-1.11714768409729,0.105819496513197
COHFACE_s29_session0_lamp,94,75,96.5,-1.1325591802597046,0.2358839765061383
COHFACE_s29_session0_lamp,94,76,96.53333333333333,-1.1092580556869507,0.3506299058198281
COHFACE_s29_session0_lamp,94,77,96.56666666666666,-0.657088041305542,0.4507853821656662
COHFACE_s29_session0_lamp,94,78,96.6,0.4967191815376282,0.5505367850625486
COHFACE_s29_session0_lamp,94,79,96.63333333333334,1.6025125980377197,0.6673997793896467
COHFACE_s29_session0_lamp,94,80,96.66666666666667,1.9789820909500122,0.8067824323155144
COHFACE_s29_session0_lamp,94,81,96.7,1.8177175521850586,0.9536096422809875
COHFACE_s29_session0_lamp,94,82,96.73333333333333,1.5840890407562256,1.0780829399085565
COHFACE_s29_session0_lamp,94,83,96.76666666666667,1.5019643306732178,1.1512095837177752
COHFACE_s29_session0_lamp,94,84,96.8,1.5239568948745728,1.158050819809213
COHFACE_s29_session0_lamp,94,85,96.83333333333333,1.4527446031570435,1.0992123760797734
COHFACE_s29_session0_lamp,94,86,96.86666666666666,1.1926946640014648,0.9822985012732522
COHFACE_s29_session0_lamp,94,87,96.9,0.922386646270752,0.8135748351250429
COHFACE_s29_session0_lamp,94,88,96.93333333333334,0.7668001055717468,0.5972559475606805
COHFACE_s29_session0_lamp,94,89,96.96666666666667,0.6540577411651611,0.3407721682661453
COHFACE_s29_session0_lamp,94,90,97.0,0.5032569169998169,0.058963516992043594
COHFACE_s29_session0_lamp,94,91,97.03333333333333,0.3084222972393036,-0.2278397964084885
COHFACE_s29_session0_lamp,94,92,97.06666666666666,0.1023290753364563,-0.5002075836196885
COHFACE_s29_session0_lamp,94,93,97.1,-0.07621797919273376,-0.744463819686552
COHFACE_s29_session0_lamp,94,94,97.13333333333334,-0.21353232860565186,-0.9524240150241413
COHFACE_s29_session0_lamp,94,95,97.16666666666667,-0.3112849295139313,-1.117927933001323
COHFACE_s29_session0_lamp,94,96,97.2,-0.3810587525367737,-1.2345711176796574
COHFACE_s29_session0_lamp,94,97,97.23333333333333,-0.43417730927467346,-1.2968755529755178
COHFACE_s29_session0_lamp,94,98,97.26666666666667,-0.48845306038856506,-1.302855873241025
COHFACE_s29_session0_lamp,94,99,97.3,-0.5514944791793823,-1.254304676970165
COHFACE_s29_session0_lamp,94,100,97.33333333333333,-0.6142979860305786,-1.154310114676844
COHFACE_s29_session0_lamp,94,101,97.36666666666666,-0.6762956976890564,-1.005360009546307
COHFACE_s29_session0_lamp,94,102,97.4,-0.7368713021278381,-0.8110721055679088
COHFACE_s29_session0_lamp,94,103,97.43333333333334,-0.7899519801139832,-0.5806503943621645
COHFACE_s29_session0_lamp,94,104,97.46666666666667,-0.8350943326950073,-0.33146870430887004
COHFACE_s29_session0_lamp,94,105,97.5,-0.8611534237861633,-0.08554208315211241
COHFACE_s29_session0_lamp,94,106,97.53333333333333,-0.8807612657546997,0.13926294461686833
COHFACE_s29_session0_lamp,94,107,97.56666666666666,-0.9168351292610168,0.3369449940706378
COHFACE_s29_session0_lamp,94,108,97.6,-0.9519842863082886,0.5130253074150225
COHFACE_s29_session0_lamp,94,109,97.63333333333334,-0.7454098463058472,0.6748898034177024
COHFACE_s29_session0_lamp,94,110,97.66666666666667,0.14176106452941895,0.820078183926448
COHFACE_s29_session0_lamp,94,111,97.7,1.3173283338546753,0.9329242983614682
COHFACE_s29_session0_lamp,94,112,97.73333333333333,1.9455740451812744,0.993262372508429
COHFACE_s29_session0_lamp,94,113,97.76666666666667,1.9075427055358887,0.990555796799707
COHFACE_s29_session0_lamp,94,114,97.8,1.6483038663864136,0.9321317408715488
COHFACE_s29_session0_lamp,94,115,97.83333333333333,1.4933284521102905,0.8390346475836143
COHFACE_s29_session0_lamp,94,116,97.86666666666666,1.4666637182235718,0.7337289053135189
COHFACE_s29_session0_lamp,94,117,97.9,1.4220296144485474,0.6304456133981209
COHFACE_s29_session0_lamp,94,118,97.93333333333334,1.2094635963439941,0.5347906970723474
COHFACE_s29_session0_lamp,94,119,97.96666666666667,0.944536030292511,0.44966524854162504
COHFACE_s29_session0_lamp,94,120,98.0,0.7748249769210815,0.37914425922046596
COHFACE_s29_session0_lamp,94,121,98.03333333333333,0.6577132940292358,0.32507875179975615
COHFACE_s29_session0_lamp,94,122,98.06666666666666,0.5128283500671387,0.2799768719472117
COHFACE_s29_session0_lamp,94,123,98.1,0.3140677809715271,0.2249998679567456
COHFACE_s29_session0_lamp,94,124,98.13333333333334,0.09349311143159866,0.13754631198964834
COHFACE_s29_session0_lamp,94,125,98.16666666666667,-0.10874449461698532,0.003949089323004562
COHFACE_s29_session0_lamp,94,126,98.2,-0.26540711522102356,-0.171929523206343
COHFACE_s29_session0_lamp,94,127,98.23333333333333,-0.3825782835483551,-0.37035444750689195
COHFACE_s29_session0_lamp,94,128,98.26666666666667,-0.4555966854095459,-0.5655912140773965
COHFACE_s29_session0_lamp,94,129,98.3,-0.5105321407318115,-0.7362159201590276
COHFACE_s29_session0_lamp,94,130,98.33333333333333,-0.5627097487449646,-0.8699050414939232
COHFACE_s29_session0_lamp,94,131,98.36666666666666,-0.613075852394104,-0.9625655955762601
COHFACE_s29_session0_lamp,94,132,98.4,-0.674511194229126,-1.0152245654530083
COHFACE_s29_session0_lamp,94,133,98.43333333333334,-0.7376229166984558,-1.031474761003695
COHFACE_s29_session0_lamp,94,134,98.46666666666667,-0.7999559640884399,-1.015436686250142
COHFACE_s29_session0_lamp,94,135,98.5,-0.8592877984046936,-0.968932606190294
COHFACE_s29_session0_lamp,94,136,98.53333333333333,-0.9126009941101074,-0.8886828768011543
COHFACE_s29_session0_lamp,94,137,98.56666666666666,-0.9506702423095703,-0.7667199062532496
COHFACE_s29_session0_lamp,94,138,98.6,-0.9711595177650452,-0.5961410796863844
COHFACE_s29_session0_lamp,94,139,98.63333333333334,-0.9807687997817993,-0.3800238538669489
COHFACE_s29_session0_lamp,94,140,98.66666666666667,-0.9846351742744446,-0.13715233729562448
COHFACE_s29_session0_lamp,94,141,98.7,-1.0053246021270752,0.10154526209859417
COHFACE_s29_session0_lamp,94,142,98.73333333333333,-1.0124787092208862,0.3058831806978907
COHFACE_s29_session0_lamp,94,143,98.76666666666667,-0.668908953666687,0.4611007943924172
COHFACE_s29_session0_lamp,94,144,98.8,0.4415295422077179,0.5739569412152447
COHFACE_s29_session0_lamp,94,145,98.83333333333333,1.70122230052948,0.6651163035948502
COHFACE_s29_session0_lamp,94,146,98.86666666666666,2.2571635246276855,0.7534262079239543
COHFACE_s29_session0_lamp,94,147,98.9,2.1506235599517822,0.8441441769372925
COHFACE_s29_session0_lamp,94,148,98.93333333333334,1.9082348346710205,0.9286677318718991
COHFACE_s29_session0_lamp,94,149,98.96666666666667,1.8207403421401978,0.9930288173184888
COHFACE_s29_session0_lamp,94,150,99.0,1.838141918182373,1.0260290193996862
COHFACE_s29_session0_lamp,94,151,99.03333333333333,1.7843149900436401,1.0204203052042158
COHFACE_s29_session0_lamp,94,152,99.06666666666666,1.5299214124679565,0.969474801675236
COHFACE_s29_session0_lamp,94,153,99.1,1.1897692680358887,0.8667953455903892
COHFACE_s29_session0_lamp,94,154,99.13333333333334,0.9427623748779297,0.7126594781236248
COHFACE_s29_session0_lamp,94,155,99.16666666666667,0.7803406715393066,0.5213358331091605
COHFACE_s29_session0_lamp,94,156,99.2,0.6098238825798035,0.32039208219870874
COHFACE_s29_session0_lamp,94,157,99.23333333333333,0.3977823257446289,0.13861868061855986
COHFACE_s29_session0_lamp,94,158,99.26666666666667,0.17381711304187775,-0.010233577085038722
COHFACE_s29_session0_lamp,94,159,99.3,-0.027371421456336975,-0.135290535853157
COHFACE_s29_session0_lamp,94,160,99.33333333333333,-0.19075025618076324,-0.2614105780917034
COHFACE_s29_session0_lamp,94,161,99.36666666666666,-0.31943413615226746,-0.4120876810747581
COHFACE_s29_session0_lamp,94,162,99.4,-0.41767340898513794,-0.5943167121591358
COHFACE_s29_session0_lamp,94,163,99.43333333333334,-0.48727962374687195,-0.7946578271648055
COHFACE_s29_session0_lamp,94,164,99.46666666666667,-0.5517810583114624,-0.9861365788237632
COHFACE_s29_session0_lamp,94,165,99.5,-0.6180562376976013,-1.1384607804083637
COHFACE_s29_session0_lamp,94,166,99.53333333333333,-0.687262237071991,-1.225743950608311
COHFACE_s29_session0_lamp,94,167,99.56666666666666,-0.7496277093887329,-1.2316095321972278
COHFACE_s29_session0_lamp,94,168,99.6,-0.8179848194122314,-1.1535504253017708
COHFACE_s29_session0_lamp,94,169,99.63333333333334,-0.8820644617080688,-1.0058739279080797
COHFACE_s29_session0_lamp,94,170,99.66666666666667,-0.9351829886436462,-0.8174430839895267
COHFACE_s29_session0_lamp,94,171,99.7,-0.9763994812965393,-0.6214792978124092
COHFACE_s29_session0_lamp,94,172,99.73333333333333,-1.0061951875686646,-0.4409050870594597
COHFACE_s29_session0_lamp,94,173,99.76666666666667,-1.028268814086914,-0.27831546725121165
COHFACE_s29_session0_lamp,94,174,99.8,-1.046449065208435,-0.11844484946015127
COHFACE_s29_session0_lamp,94,175,99.83333333333333,-1.0494178533554077,0.05713204232413921
COHFACE_s29_session0_lamp,94,176,99.86666666666666,-1.0589784383773804,0.25291089244751075
COHFACE_s29_session0_lamp,94,177,99.9,-1.092553973197937,0.45269493640749886
COHFACE_s29_session0_lamp,94,178,99.93333333333334,-1.061536192893982,0.6282701142084951
COHFACE_s29_session0_lamp,94,179,99.96666666666667,-0.48824214935302734,0.7567411586342927
COHFACE_s29_session0_lamp,94,180,100.0,0.8184640407562256,0.8332372373211707
COHFACE_s29_session0_lamp,94,181,100.03333333333333,1.9554212093353271,0.8698412062590511
COHFACE_s29_session0_lamp,94,182,100.06666666666666,2.2638959884643555,0.8836218920886199
COHFACE_s29_session0_lamp,94,183,100.1,2.0425965785980225,0.8851351479042746
COHFACE_s29_session0_lamp,94,184,100.13333333333334,1.8044960498809814,0.8755051525650743
COHFACE_s29_session0_lamp,94,185,100.16666666666667,1.7336677312850952,0.8507467585300469
COHFACE_s29_session0_lamp,94,186,100.2,1.7472623586654663,0.8064674513776179
COHFACE_s29_session0_lamp,94,187,100.23333333333333,1.6479631662368774,0.7382811204681361
COHFACE_s29_session0_lamp,94,188,100.26666666666667,1.3498494625091553,0.6400537264346736
COHFACE_s29_session0_lamp,94,189,100.3,1.0367079973220825,0.5057176886277635
COHFACE_s29_session0_lamp,94,190,100.33333333333333,0.8448529839515686,0.33621316680515795
COHFACE_s29_session0_lamp,94,191,100.36666666666666,0.7035478353500366,0.14611282606307635
COHFACE_s29_session0_lamp,94,192,100.4,0.5338529348373413,-0.03762094687483221
COHFACE_s29_session0_lamp,94,193,100.43333333333334,0.34081903100013733,-0.1870593776332409
COHFACE_s29_session0_lamp,94,194,100.46666666666667,0.168809711933136,-0.2883138023250958
COHFACE_s29_session0_lamp,94,195,100.5,0.03198744356632233,-0.3491469243324019
COHFACE_s29_session0_lamp,94,196,100.53333333333333,-0.0868762955069542,-0.39335764254866745
COHFACE_s29_session0_lamp,94,197,100.56666666666666,-0.19118285179138184,-0.4460489924856366
COHFACE_s29_session0_lamp,94,198,100.6,-0.28524747490882874,-0.5201689283095071
COHFACE_s29_session0_lamp,94,199,100.63333333333334,-0.3669828772544861,-0.6126254649921585
COHFACE_s29_session0_lamp,94,200,100.66666666666667,-0.43957945704460144,-0.7096430935149993
COHFACE_s29_session0_lamp,94,201,100.7,-0.5028912425041199,-0.7944301751574164
COHFACE_s29_session0_lamp,94,202,100.73333333333333,-0.5676306486129761,-0.8518638130012234
COHFACE_s29_session0_lamp,94,203,100.76666666666667,-0.6437854170799255,-0.8704848626608839
COHFACE_s29_session0_lamp,94,204,100.8,-0.723649799823761,-0.8444815375232051
COHFACE_s29_session0_lamp,94,205,100.83333333333333,-0.7973711490631104,-0.7762144957321648
COHFACE_s29_session0_lamp,94,206,100.86666666666666,-0.8660851120948792,-0.6764398633435121
COHFACE_s29_session0_lamp,94,207,100.9,-0.9327279925346375,-0.5592872543667897
COHFACE_s29_session0_lamp,94,208,100.93333333333334,-0.9984569549560547,-0.4337183502504492
COHFACE_s29_session0_lamp,94,209,100.96666666666667,-1.0653972625732422,-0.29786644648388805
COHFACE_s29_session0_lamp,94,210,101.0,-1.1438339948654175,-0.1419330068988731
COHFACE_s29_session0_lamp,94,211,101.03333333333333,-1.2300846576690674,0.04091867870901654
COHFACE_s29_session0_lamp,94,212,101.06666666666666,-1.308775544166565,0.24350164648497372
COHFACE_s29_session0_lamp,94,213,101.1,-1.176117181777954,0.4429791269873406
COHFACE_s29_session0_lamp,94,214,101.13333333333334,-0.2986312210559845,0.6116012824673143
COHFACE_s29_session0_lamp,94,215,101.16666666666667,1.0611556768417358,0.7325425950640596
COHFACE_s29_session0_lamp,94,216,101.2,1.8599939346313477,0.8081806537809307
COHFACE_s29_session0_lamp,94,217,101.23333333333333,1.8422842025756836,0.8532826367391606
COHFACE_s29_session0_lamp,94,218,101.26666666666667,1.5137690305709839,0.8789091907482848
COHFACE_s29_session0_lamp,94,219,101.3,1.2919235229492188,0.8817243161603536
COHFACE_s29_session0_lamp,94,220,101.33333333333333,1.247851848602295,0.8481542632890396
COHFACE_s29_session0_lamp,94,221,101.36666666666666,1.222019910812378,0.7691148093204783
COHFACE_s29_session0_lamp,94,222,101.4,1.0335770845413208,0.6514357503278477
COHFACE_s29_session0_lamp,94,223,101.43333333333334,0.744575023651123,0.5151120199241189
COHFACE_s29_session0_lamp,94,224,101.46666666666667,0.5357131361961365,0.37930805748987795
COHFACE_s29_session0_lamp,94,225,101.5,0.3960248827934265,0.2505648955720963
COHFACE_s29_session0_lamp,94,226,101.53333333333333,0.24484550952911377,0.1228979982991349
COHFACE_s29_session0_lamp,94,227,101.56666666666666,0.04931328818202019,-0.0124551592480141
COHFACE_s29_session0_lamp,94,228,101.6,-0.16128982603549957,-0.1575280709883186
COHFACE_s29_session0_lamp,94,229,101.63333333333334,-0.3550267517566681,-0.30610697691930366
COHFACE_s29_session0_lamp,94,230,101.66666666666667,-0.5159342885017395,-0.44898252260450133
COHFACE_s29_session0_lamp,94,231,101.7,-0.6368421316146851,-0.5785055568099018
COHFACE_s29_session0_lamp,94,232,101.73333333333333,-0.7264347076416016,-0.68788449231291
COHFACE_s29_session0_lamp,94,233,101.76666666666667,-0.7901952862739563,-0.767700487869156
COHFACE_s29_session0_lamp,94,234,101.8,-0.8307682871818542,-0.8050846482524087
COHFACE_s29_session0_lamp,94,235,101.83333333333333,-0.8651820421218872,-0.7879969706148449
COHFACE_s29_session0_lamp,94,236,101.86666666666666,-0.9028998017311096,-0.7115548025312025
COHFACE_s29_session0_lamp,94,237,101.9,-0.9440027475357056,-0.5811157307044168
COHFACE_s29_session0_lamp,94,238,101.93333333333334,-0.9950609803199768,-0.41037384875601185
COHFACE_s29_session0_lamp,94,239,101.96666666666667,-1.0411118268966675,-0.21733916202899167
COHFACE_s29_session0_lamp,95,0,95.0,-0.7503523230552673,-0.12723482287577176
COHFACE_s29_session0_lamp,95,1,95.03333333333333,-0.807818591594696,0.0959590225912659
COHFACE_s29_session0_lamp,95,2,95.06666666666666,-0.8690052032470703,0.27119233086356925
COHFACE_s29_session0_lamp,95,3,95.1,-0.9295321106910706,0.3667225888957992
COHFACE_s29_session0_lamp,95,4,95.13333333333334,-0.992378830909729,0.38224886436720673
COHFACE_s29_session0_lamp,95,5,95.16666666666667,-1.0388190746307373,0.34766044534225266
COHFACE_s29_session0_lamp,95,6,95.2,-1.0730867385864258,0.30826812385573976
COHFACE_s29_session0_lamp,95,7,95.23333333333333,-1.0980318784713745,0.30347913091366774
COHFACE_s29_session0_lamp,95,8,95.26666666666667,-1.1051050424575806,0.35008437426286965
COHFACE_s29_session0_lamp,95,9,95.3,-1.112507939338684,0.4390879215717477
COHFACE_s29_session0_lamp,95,10,95.33333333333333,-1.132423996925354,0.5468451219439682
COHFACE_s29_session0_lamp,95,11,95.36666666666666,-1.1424442529678345,0.6521071118275191
COHFACE_s29_session0_lamp,95,12,95.4,-0.866831362247467,0.7466263032526109
COHFACE_s29_session0_lamp,95,13,95.43333333333334,0.19729137420654297,0.8321270838956161
COHFACE_s29_session0_lamp,95,14,95.46666666666667,1.560917615890503,0.9081456014258069
COHFACE_s29_session0_lamp,95,15,95.5,2.2314612865448,0.9628978278830539
COHFACE_s29_session0_lamp,95,16,95.53333333333333,2.1333138942718506,0.9753320421597339
COHFACE_s29_session0_lamp,95,17,95.56666666666666,1.8297926187515259,0.9261150440810221
COHFACE_s29_session0_lamp,95,18,95.6,1.6687932014465332,0.8084317849664775
COHFACE_s29_session0_lamp,95,19,95.63333333333334,1.6608548164367676,0.6308023013177797
COHFACE_s29_session0_lamp,95,20,95.66666666666667,1.6313295364379883,0.41162967248554816
COHFACE_s29_session0_lamp,95,21,95.7,1.4015241861343384,0.171481891924942
COHFACE_s29_session0_lamp,95,22,95.73333333333333,1.0567214488983154,-0.07143471557408956
COHFACE_s29_session0_lamp,95,23,95.76666666666667,0.7977476119995117,-0.3019893305081801
COHFACE_s29_session0_lamp,95,24,95.8,0.6375971436500549,-0.507873485968047
COHFACE_s29_session0_lamp,95,25,95.83333333333333,0.48008549213409424,-0.6807708813031288
COHFACE_s29_session0_lamp,95,26,95.86666666666666,0.27693942189216614,-0.8181446372238923
COHFACE_s29_session0_lamp,95,27,95.9,0.05847911536693573,-0.9228851627353745
COHFACE_s29_session0_lamp,95,28,95.93333333333334,-0.1462676078081131,-0.9999181397518716
COHFACE_s29_session0_lamp,95,29,95.96666666666667,-0.31426990032196045,-1.0520789216452884
COHFACE_s29_session0_lamp,95,30,96.0,-0.4485289752483368,-1.0784217743087852
COHFACE_s29_session0_lamp,95,31,96.03333333333333,-0.5487095713615417,-1.0760127408791833
COHFACE_s29_session0_lamp,95,32,96.06666666666666,-0.6217982769012451,-1.0431218746003843
COHFACE_s29_session0_lamp,95,33,96.1,-0.6812922954559326,-0.9806462121559267
COHFACE_s29_session0_lamp,95,34,96.13333333333334,-0.7377365231513977,-0.8908582695374263
COHFACE_s29_session0_lamp,95,35,96.16666666666667,-0.7998045682907104,-0.7755799031034548
COHFACE_s29_session0_lamp,95,36,96.2,-0.857405960559845,-0.6363938954521188
COHFACE_s29_session0_lamp,95,37,96.23333333333333,-0.9203608632087708,-0.47719286969208397
COHFACE_s29_session0_lamp,95,38,96.26666666666667,-0.9791519045829773,-0.3063676234075754
COHFACE_s29_session0_lamp,95,39,96.3,-1.0268683433532715,-0.1354318769093827
COHFACE_s29_session0_lamp,95,40,96.33333333333333,-1.0640994310379028,0.025936798852889836
COHFACE_s29_session0_lamp,95,41,96.36666666666666,-1.0892013311386108,0.17461255410323237
COHFACE_s29_session0_lamp,95,42,96.4,-1.1063270568847656,0.31404081157104097
COHFACE_s29_session0_lamp,95,43,96.43333333333334,-1.1110424995422363,0.44871340519336117
COHFACE_s29_session0_lamp,95,44,96.46666666666667,-1.11714768409729,0.577598516366724
COHFACE_s29_session0_lamp,95,45,96.5,-1.1325591802597046,0.6929199038051311
COHFACE_s29_session0_lamp,95,46,96.53333333333333,-1.1092580556869507,0.7862894046266139
COHFACE_s29_session0_lamp,95,47,96.56666666666666,-0.657088041305542,0.8572453000032502
COHFACE_s29_session0_lamp,95,48,96.6,0.4967191815376282,0.9159493473041047
COHFACE_s29_session0_lamp,95,49,96.63333333333334,1.6025125980377197,0.9757303907662205
COHFACE_s29_session0_lamp,95,50,96.66666666666667,1.9789820909500122,1.0402786127243466
COHFACE_s29_session0_lamp,95,51,96.7,1.8177175521850586,1.0960985619044772
COHFACE_s29_session0_lamp,95,52,96.73333333333333,1.5840890407562256,1.11704293259641
COHFACE_s29_session0_lamp,95,53,96.76666666666667,1.5019643306732178,1.0781528794823287
COHFACE_s29_session0_lamp,95,54,96.8,1.5239568948745728,0.9689322816119109
COHFACE_s29_session0_lamp,95,55,96.83333333333333,1.4527446031570435,0.7971165887198778
COHFACE_s29_session0_lamp,95,56,96.86666666666666,1.1926946640014648,0.5822368338607035
COHFACE_s29_session0_lamp,95,57,96.9,0.922386646270752,0.345802985473087
COHFACE_s29_session0_lamp,95,58,96.93333333333334,0.7668001055717468,0.10492701052708878
COHFACE_s29_session0_lamp,95,59,96.96666666666667,0.6540577411651611,-0.12898634486199645
COHFACE_s29_session0_lamp,95,60,97.0,0.5032569169998169,-0.3490989691544544
COHFACE_s29_session0_lamp,95,61,97.03333333333333,0.3084222972393036,-0.5523354165479782
COHFACE_s29_session0_lamp,95,62,97.06666666666666,0.1023290753364563,-0.738733822449134
COHFACE_s29_session0_lamp,95,63,97.1,-0.07621797919273376,-0.9090178010989357
COHFACE_s29_session0_lamp,95,64,97.13333333333334,-0.21353232860565186,-1.0606402600941174
COHFACE_s29_session0_lamp,95,65,97.16666666666667,-0.3112849295139313,-1.1854566239772033
COHFACE_s29_session0_lamp,95,66,97.2,-0.3810587525367737,-1.2716848567591381
COHFACE_s29_session0_lamp,95,67,97.23333333333333,-0.43417730927467346,-1.309295747164277
COHFACE_s29_session0_lamp,95,68,97.26666666666667,-0.48845306038856506,-1.2947065257963861
COHFACE_s29_session0_lamp,95,69,97.3,-0.5514944791793823,-1.2308932239808306
COHFACE_s29_session0_lamp,95,70,97.33333333333333,-0.6142979860305786,-1.1232117828735428
COHFACE_s29_session0_lamp,95,71,97.36666666666666,-0.6762956976890564,-0.9751631194813037
COHFACE_s29_session0_lamp,95,72,97.4,-0.7368713021278381,-0.7880303093331466
COHFACE_s29_session0_lamp,95,73,97.43333333333334,-0.7899519801139832,-0.5645438328632615
COHFACE_s29_session0_lamp,95,74,97.46666666666667,-0.8350943326950073,-0.31299440870127576
COHFACE_s29_session0_lamp,95,75,97.5,-0.8611534237861633,-0.04756718985535241
COHFACE_s29_session0_lamp,95,76,97.53333333333333,-0.8807612657546997,0.21613925368996187
COHFACE_s29_session0_lamp,95,77,97.56666666666666,-0.9168351292610168,0.4669602664553469
COHFACE_s29_session0_lamp,95,78,97.6,-0.9519842863082886,0.699950872339539
COHFACE_s29_session0_lamp,95,79,97.63333333333334,-0.7454098463058472,0.9117217725616151
COHFACE_s29_session0_lamp,95,80,97.66666666666667,0.14176106452941895,1.093464680939888
COHFACE_s29_session0_lamp,95,81,97.7,1.3173283338546753,1.2290953601564896
COHFACE_s29_session0_lamp,95,82,97.73333333333333,1.9455740451812744,1.3015580004926521
COHFACE_s29_session0_lamp,95,83,97.76666666666667,1.9075427055358887,1.3027524756516402
COHFACE_s29_session0_lamp,95,84,97.8,1.6483038663864136,1.2390408011335408
COHFACE_s29_session0_lamp,95,85,97.83333333333333,1.4933284521102905,1.1276775748654344
COHFACE_s29_session0_lamp,95,86,97.86666666666666,1.4666637182235718,0.9871501630719731
COHFACE_s29_session0_lamp,95,87,97.9,1.4220296144485474,0.8293549519019796
COHFACE_s29_session0_lamp,95,88,97.93333333333334,1.2094635963439941,0.6590387368690849
COHFACE_s29_session0_lamp,95,89,97.96666666666667,0.944536030292511,0.47912219425915153
COHFACE_s29_session0_lamp,95,90,98.0,0.7748249769210815,0.2957617745199596
COHFACE_s29_session0_lamp,95,91,98.03333333333333,0.6577132940292358,0.1180405664366298
COHFACE_s29_session0_lamp,95,92,98.06666666666666,0.5128283500671387,-0.04699666964858552
COHFACE_s29_session0_lamp,95,93,98.1,0.3140677809715271,-0.19861813236238213
COHFACE_s29_session0_lamp,95,94,98.13333333333334,0.09349311143159866,-0.34187315278203767
COHFACE_s29_session0_lamp,95,95,98.16666666666667,-0.10874449461698532,-0.4828547378665067
COHFACE_s29_session0_lamp,95,96,98.2,-0.26540711522102356,-0.6235888430595548
COHFACE_s29_session0_lamp,95,97,98.23333333333333,-0.3825782835483551,-0.7600012319316685
COHFACE_s29_session0_lamp,95,98,98.26666666666667,-0.4555966854095459,-0.8834030797838204
COHFACE_s29_session0_lamp,95,99,98.3,-0.5105321407318115,-0.9834035416674148
COHFACE_s29_session0_lamp,95,100,98.33333333333333,-0.5627097487449646,-1.0503397734989803
COHFACE_s29_session0_lamp,95,101,98.36666666666666,-0.613075852394104,-1.0770101906693983
COHFACE_s29_session0_lamp,95,102,98.4,-0.674511194229126,-1.0603451863711018
COHFACE_s29_session0_lamp,95,103,98.43333333333334,-0.7376229166984558,-1.002865378488112
COHFACE_s29_session0_lamp,95,104,98.46666666666667,-0.7999559640884399,-0.912374274518714
COHFACE_s29_session0_lamp,95,105,98.5,-0.8592877984046936,-0.7985648292321849
COHFACE_s29_session0_lamp,95,106,98.53333333333333,-0.9126009941101074,-0.6679064172562991
COHFACE_s29_session0_lamp,95,107,98.56666666666666,-0.9506702423095703,-0.5206112122081525
COHFACE_s29_session0_lamp,95,108,98.6,-0.9711595177650452,-0.35270621945133335
COHFACE_s29_session0_lamp,95,109,98.63333333333334,-0.9807687997817993,-0.16251385896632362
COHFACE_s29_session0_lamp,95,110,98.66666666666667,-0.9846351742744446,0.04311836691762902
COHFACE_s29_session0_lamp,95,111,98.7,-1.0053246021270752,0.24826432880575325
COHFACE_s29_session0_lamp,95,112,98.73333333333333,-1.0124787092208862,0.4346228160857238
COHFACE_s29_session0_lamp,95,113,98.76666666666667,-0.668908953666687,0.5912386512669061
COHFACE_s29_session0_lamp,95,114,98.8,0.4415295422077179,0.7197500157052525
COHFACE_s29_session0_lamp,95,115,98.83333333333333,1.70122230052948,0.8305049129383109
COHFACE_s29_session0_lamp,95,116,98.86666666666666,2.2571635246276855,0.9326795538202945
COHFACE_s29_session0_lamp,95,117,98.9,2.1506235599517822,1.0266806397005743
COHFACE_s29_session0_lamp,95,118,98.93333333333334,1.9082348346710205,1.1040332782751168
COHFACE_s29_session0_lamp,95,119,98.96666666666667,1.8207403421401978,1.1527607965036197
COHFACE_s29_session0_lamp,95,120,99.0,1.838141918182373,1.1623242994610048
COHFACE_s29_session0_lamp,95,121,99.03333333333333,1.7843149900436401,1.1244145438893298
COHFACE_s29_session0_lamp,95,122,99.06666666666666,1.5299214124679565,1.03175011764158
COHFACE_s29_session0_lamp,95,123,99.1,1.1897692680358887,0.8798269369852416
COHFACE_s29_session0_lamp,95,124,99.13333333333334,0.9427623748779297,0.6725170506260111
COHFACE_s29_session0_lamp,95,125,99.16666666666667,0.7803406715393066,0.4265886815752312
COHFACE_s29_session0_lamp,95,126,99.2,0.6098238825798035,0.16941096525210966
COHFACE_s29_session0_lamp,95,127,99.23333333333333,0.3977823257446289,-0.07097310930554872
COHFACE_s29_session0_lamp,95,128,99.26666666666667,0.17381711304187775,-0.27769935753549285
COHFACE_s29_session0_lamp,95,129,99.3,-0.027371421456336975,-0.4507945950301056
COHFACE_s29_session0_lamp,95,130,99.33333333333333,-0.19075025618076324,-0.6030916756161594
COHFACE_s29_session0_lamp,95,131,99.36666666666666,-0.31943413615226746,-0.7497371278969505
COHFACE_s29_session0_lamp,95,132,99.4,-0.41767340898513794,-0.8983914233424637
COHFACE_s29_session0_lamp,95,133,99.43333333333334,-0.48727962374687195,-1.045366504452265
COHFACE_s29_session0_lamp,95,134,99.46666666666667,-0.5517810583114624,-1.177593426581364
COHFACE_s29_session0_lamp,95,135,99.5,-0.6180562376976013,-1.2767153035851917
COHFACE_s29_session0_lamp,95,136,99.53333333333333,-0.687262237071991,-1.3229413788999045
COHFACE_s29_session0_lamp,95,137,99.56666666666666,-0.7496277093887329,-1.2993622833043288
COHFACE_s29_session0_lamp,95,138,99.6,-0.8179848194122314,-1.197711010213576
COHFACE_s29_session0_lamp,95,139,99.63333333333334,-0.8820644617080688,-1.023871498918404
COHFACE_s29_session0_lamp,95,140,99.66666666666667,-0.9351829886436462,-0.7988007637940251
COHFACE_s29_session0_lamp,95,141,99.7,-0.9763994812965393,-0.5516534308765305
COHFACE_s29_session0_lamp,95,142,99.73333333333333,-1.0061951875686646,-0.30749924728225236
COHFACE_s29_session0_lamp,95,143,99.76666666666667,-1.028268814086914,-0.0773206078077285
COHFACE_s29_session0_lamp,95,144,99.8,-1.046449065208435,0.1423494603533078
COHFACE_s29_session0_lamp,95,145,99.83333333333333,-1.0494178533554077,0.35929382625898537
COHFACE_s29_session0_lamp,95,146,99.86666666666666,-1.0589784383773804,0.572549864770526
COHFACE_s29_session0_lamp,95,147,99.9,-1.092553973197937,0.7670764856726798
COHFACE_s29_session0_lamp,95,148,99.93333333333334,-1.061536192893982,0.9208189699808355
COHFACE_s29_session0_lamp,95,149,99.96666666666667,-0.48824214935302734,1.0187676104719887
COHFACE_s29_session0_lamp,95,150,100.0,0.8184640407562256,1.062751661257929
COHFACE_s29_session0_lamp,95,151,100.03333333333333,1.9554212093353271,1.068964969188269
COHFACE_s29_session0_lamp,95,152,100.06666666666666,2.2638959884643555,1.0556228353635932
COHFACE_s29_session0_lamp,95,153,100.1,2.0425965785980225,1.031094512571593
COHFACE_s29_session0_lamp,95,154,100.13333333333334,1.8044960498809814,0.9908907534452113
COHFACE_s29_session0_lamp,95,155,100.16666666666667,1.7336677312850952,0.9236370708485772
COHFACE_s29_session0_lamp,95,156,100.2,1.7472623586654663,0.8197674972212962
COHFACE_s29_session0_lamp,95,157,100.23333333333333,1.6479631662368774,0.6765053754283242
COHFACE_s29_session0_lamp,95,158,100.26666666666667,1.3498494625091553,0.497797163103882
COHFACE_s29_session0_lamp,95,159,100.3,1.0367079973220825,0.2925230878750124
COHFACE_s29_session0_lamp,95,160,100.33333333333333,0.8448529839515686,0.07393324456274583
COHFACE_s29_session0_lamp,95,161,100.36666666666666,0.7035478353500366,-0.14031095901648727
COHFACE_s29_session0_lamp,95,162,100.4,0.5338529348373413,-0.33035075659929586
COHFACE_s29_session0_lamp,95,163,100.43333333333334,0.34081903100013733,-0.47999827381554605
COHFACE_s29_session0_lamp,95,164,100.46666666666667,0.168809711933136,-0.583553849748979
COHFACE_s29_session0_lamp,95,165,100.5,0.03198744356632233,-0.6484764839635179
COHFACE_s29_session0_lamp,95,166,100.53333333333333,-0.0868762955069542,-0.6912362326276168
COHFACE_s29_session0_lamp,95,167,100.56666666666666,-0.19118285179138184,-0.728692258532059
COHFACE_s29_session0_lamp,95,168,100.6,-0.28524747490882874,-0.7705215320425236
COHFACE_s29_session0_lamp,95,169,100.63333333333334,-0.3669828772544861,-0.8169644848741132
COHFACE_s29_session0_lamp,95,170,100.66666666666667,-0.43957945704460144,-0.8614129087674965
COHFACE_s29_session0_lamp,95,171,100.7,-0.5028912425041199,-0.8940042960189136
COHFACE_s29_session0_lamp,95,172,100.73333333333333,-0.5676306486129761,-0.9037787761373939
COHFACE_s29_session0_lamp,95,173,100.76666666666667,-0.6437854170799255,-0.8802359984233153
COHFACE_s29_session0_lamp,95,174,100.8,-0.723649799823761,-0.8159755361172221
COHFACE_s29_session0_lamp,95,175,100.83333333333333,-0.7973711490631104,-0.7100759842041227
COHFACE_s29_session0_lamp,95,176,100.86666666666666,-0.8660851120948792,-0.5694247965402698
COHFACE_s29_session0_lamp,95,177,100.9,-0.9327279925346375,-0.40549351209025525
COHFACE_s29_session0_lamp,95,178,100.93333333333334,-0.9984569549560547,-0.2278571740165523
COHFACE_s29_session0_lamp,95,179,100.96666666666667,-1.0653972625732422,-0.039457600517110884
COHFACE_s29_session0_lamp,95,180,101.0,-1.1438339948654175,0.16183442605103954
COHFACE_s29_session0_lamp,95,181,101.03333333333333,-1.2300846576690674,0.3756112902079599
COHFACE_s29_session0_lamp,95,182,101.06666666666666,-1.308775544166565,0.5913039793917814
COHFACE_s29_session0_lamp,95,183,101.1,-1.176117181777954,0.7879572981269637
COHFACE_s29_session0_lamp,95,184,101.13333333333334,-0.2986312210559845,0.943347990738436
COHFACE_s29_session0_lamp,95,185,101.16666666666667,1.0611556768417358,1.0462589050729358
COHFACE_s29_session0_lamp,95,186,101.2,1.8599939346313477,1.1017872632507149
COHFACE_s29_session0_lamp,95,187,101.23333333333333,1.8422842025756836,1.1241732739617312
COHFACE_s29_session0_lamp,95,188,101.26666666666667,1.5137690305709839,1.1225755433042564
COHFACE_s29_session0_lamp,95,189,101.3,1.2919235229492188,1.092216161690347
COHFACE_s29_session0_lamp,95,190,101.33333333333333,1.247851848602295,1.0187101180578932
COHFACE_s29_session0_lamp,95,191,101.36666666666666,1.222019910812378,0.8918594916510786
COHFACE_s29_session0_lamp,95,192,101.4,1.0335770845413208,0.7170238854507449
COHFACE_s29_session0_lamp,95,193,101.43333333333334,0.744575023651123,0.5143250514778771
COHFACE_s29_session0_lamp,95,194,101.46666666666667,0.5357131361961365,0.30712784864742215
COHFACE_s29_session0_lamp,95,195,101.5,0.3960248827934265,0.11031399237175811
COHFACE_s29_session0_lamp,95,196,101.53333333333333,0.24484550952911377,-0.07311425649269099
COHFACE_s29_session0_lamp,95,197,101.56666666666666,0.04931328818202019,-0.24720695788182362
COHFACE_s29_session0_lamp,95,198,101.6,-0.16128982603549957,-0.4161327227015445
COHFACE_s29_session0_lamp,95,199,101.63333333333334,-0.3550267517566681,-0.580727095261785
COHFACE_s29_session0_lamp,95,200,101.66666666666667,-0.5159342885017395,-0.7389798665433494
COHFACE_s29_session0_lamp,95,201,101.7,-0.6368421316146851,-0.8870079727907406
COHFACE_s29_session0_lamp,95,202,101.73333333333333,-0.7264347076416016,-1.0183204372920704
COHFACE_s29_session0_lamp,95,203,101.76666666666667,-0.7901952862739563,-1.1227846915230528
COHFACE_s29_session0_lamp,95,204,101.8,-0.8307682871818542,-1.1879238189501138
COHFACE_s29_session0_lamp,95,205,101.83333333333333,-0.8651820421218872,-1.2030187169116149
COHFACE_s29_session0_lamp,95,206,101.86666666666666,-0.9028998017311096,-1.1632219014909464
COHFACE_s29_session0_lamp,95,207,101.9,-0.9440027475357056,-1.0701890856830856
COHFACE_s29_session0_lamp,95,208,101.93333333333334,-0.9950609803199768,-0.929035711455793
COHFACE_s29_session0_lamp,95,209,101.96666666666667,-1.0411118268966675,-0.7451738784551978
COHFACE_s29_session0_lamp,95,210,102.0,-1.0794298648834229,-0.5246539884508734
COHFACE_s29_session0_lamp,95,211,102.03333333333333,-1.1150386333465576,-0.27799936027944294
COHFACE_s29_session0_lamp,95,212,102.06666666666666,-1.1337542533874512,-0.023314303600716818
COHFACE_s29_session0_lamp,95,213,102.1,-1.1424063444137573,0.2162599661709368
COHFACE_s29_session0_lamp,95,214,102.13333333333334,-1.1634093523025513,0.4212805892586787
COHFACE_s29_session0_lamp,95,215,102.16666666666667,-1.099356770515442,0.5853665850074597
COHFACE_s29_session0_lamp,95,216,102.2,-0.5302427411079407,0.7171509059380028
COHFACE_s29_session0_lamp,95,217,102.23333333333333,0.5430241823196411,0.8313655342044047
COHFACE_s29_session0_lamp,95,218,102.26666666666667,1.339450716972351,0.9350909062349282
COHFACE_s29_session0_lamp,95,219,102.3,1.4627810716629028,1.0203489959097243
COHFACE_s29_session0_lamp,95,220,102.33333333333333,1.2022931575775146,1.0687954787045142
COHFACE_s29_session0_lamp,95,221,102.36666666666666,0.9447848200798035,1.0640162813012353
COHFACE_s29_session0_lamp,95,222,102.4,0.8391479849815369,1.0014423560758339
COHFACE_s29_session0_lamp,95,223,102.43333333333334,0.8072162866592407,0.8889361022191912
COHFACE_s29_session0_lamp,95,224,102.46666666666667,0.6787378787994385,0.7396710881369191
COHFACE_s29_session0_lamp,95,225,102.5,0.48930540680885315,0.5649512416223436
COHFACE_s29_session0_lamp,95,226,102.53333333333333,0.3591398596763611,0.3725892756183248
COHFACE_s29_session0_lamp,95,227,102.56666666666666,0.2675735056400299,0.16998902536214938
COHFACE_s29_session0_lamp,95,228,102.6,0.1472659558057785,-0.03300779620358327
COHFACE_s29_session0_lamp,95,229,102.63333333333334,-0.02030373178422451,-0.22517043777653128
COHFACE_s29_session0_lamp,95,230,102.66666666666667,-0.22005926072597504,-0.3975780882545209
COHFACE_s29_session0_lamp,95,231,102.7,-0.41149255633354187,-0.5455611356804564
COHFACE_s29_session0_lamp,95,232,102.73333333333333,-0.5688744187355042,-0.666591703082426
COHFACE_s29_session0_lamp,95,233,102.76666666666667,-0.6825955510139465,-0.7562431206460738
COHFACE_s29_session0_lamp,95,234,102.8,-0.7548136115074158,-0.8062360622080882
COHFACE_s29_session0_lamp,95,235,102.83333333333333,-0.8086459040641785,-0.8067323894402426
COHFACE_s29_session0_lamp,95,236,102.86666666666666,-0.8513116240501404,-0.7513578257457888
COHFACE_s29_session0_lamp,95,237,102.9,-0.8911978602409363,-0.6413575182908196
COHFACE_s29_session0_lamp,95,238,102.93333333333334,-0.9370810389518738,-0.4866446107884779
COHFACE_s29_session0_lamp,95,239,102.96666666666667,-0.988079845905304,-0.30410894874149225
COHFACE_s29_session0_lamp,96,0,96.0,-0.4485289752483368,-0.12256359953109086
COHFACE_s29_session0_lamp,96,1,96.03333333333333,-0.5487095713615417,0.34622709640382987
COHFACE_s29_session0_lamp,96,2,96.06666666666666,-0.6217982769012451,0.7140168483324388
COHFACE_s29_session0_lamp,96,3,96.1,-0.6812922954559326,0.9095317279722427
COHFACE_s29_session0_lamp,96,4,96.13333333333334,-0.7377365231513977,0.911229708716392
COHFACE_s29_session0_lamp,96,5,96.16666666666667,-0.7998045682907104,0.7507447878147783
COHFACE_s29_session0_lamp,96,6,96.2,-0.857405960559845,0.4974524736234017
COHFACE_s29_session0_lamp,96,7,96.23333333333333,-0.9203608632087708,0.2308287876717015
COHFACE_s29_session0_lamp,96,8,96.26666666666667,-0.9791519045829773,0.01357636469290089
COHFACE_s29_session0_lamp,96,9,96.3,-1.0268683433532715,-0.12250611975082944
COHFACE_s29_session0_lamp,96,10,96.33333333333333,-1.0640994310379028,-0.1743611566603481
COHFACE_s29_session0_lamp,96,11,96.36666666666666,-1.0892013311386108,-0.1555996764296083
COHFACE_s29_session0_lamp,96,12,96.4,-1.1063270568847656,-0.08525262168424311
COHFACE_s29_session0_lamp,96,13,96.43333333333334,-1.1110424995422363,0.016081183479236927
COHFACE_s29_session0_lamp,96,14,96.46666666666667,-1.11714768409729,0.12544954956094123
COHFACE_s29_session0_lamp,96,15,96.5,-1.1325591802597046,0.22004812699201529
COHFACE_s29_session0_lamp,96,16,96.53333333333333,-1.1092580556869507,0.2860798933778703
COHFACE_s29_session0_lamp,96,17,96.56666666666666,-0.657088041305542,0.3278647627932358
COHFACE_s29_session0_lamp,96,18,96.6,0.4967191815376282,0.3672691741893506
COHFACE_s29_session0_lamp,96,19,96.63333333333334,1.6025125980377197,0.4295294187553589
COHFACE_s29_session0_lamp,96,20,96.66666666666667,1.9789820909500122,0.5236622649879614
COHFACE_s29_session0_lamp,96,21,96.7,1.8177175521850586,0.6323206442938784
COHFACE_s29_session0_lamp,96,22,96.73333333333333,1.5840890407562256,0.719339806541172
COHFACE_s29_session0_lamp,96,23,96.76666666666667,1.5019643306732178,0.7494840492354404
COHFACE_s29_session0_lamp,96,24,96.8,1.5239568948745728,0.7059002969033273
COHFACE_s29_session0_lamp,96,25,96.83333333333333,1.4527446031570435,0.5935434091485502
COHFACE_s29_session0_lamp,96,26,96.86666666666666,1.1926946640014648,0.4292977646689944
COHFACE_s29_session0_lamp,96,27,96.9,0.922386646270752,0.22979974854921065
COHFACE_s29_session0_lamp,96,28,96.93333333333334,0.7668001055717468,0.006558923023546297
COHFACE_s29_session0_lamp,96,29,96.96666666666667,0.6540577411651611,-0.23109078304699318
COHFACE_s29_session0_lamp,96,30,97.0,0.5032569169998169,-0.47165548770744803
COHFACE_s29_session0_lamp,96,31,97.03333333333333,0.3084222972393036,-0.7016370746759609
COHFACE_s29_session0_lamp,96,32,97.06666666666666,0.1023290753364563,-0.9093693013734337
COHFACE_s29_session0_lamp,96,33,97.1,-0.07621797919273376,-1.0869883500400206
COHFACE_s29_session0_lamp,96,34,97.13333333333334,-0.21353232860565186,-1.2278969041009162
COHFACE_s29_session0_lamp,96,35,97.16666666666667,-0.3112849295139313,-1.3229733733596254
COHFACE_s29_session0_lamp,96,36,97.2,-0.3810587525367737,-1.3604163473713757
COHFACE_s29_session0_lamp,96,37,97.23333333333333,-0.43417730927467346,-1.3304726546574939
COHFACE_s29_session0_lamp,96,38,97.26666666666667,-0.48845306038856506,-1.2311308763869946
COHFACE_s29_session0_lamp,96,39,97.3,-0.5514944791793823,-1.069304617892875
COHFACE_s29_session0_lamp,96,40,97.33333333333333,-0.6142979860305786,-0.8561762234532883
COHFACE_s29_session0_lamp,96,41,97.36666666666666,-0.6762956976890564,-0.6010819730772702
COHFACE_s29_session0_lamp,96,42,97.4,-0.7368713021278381,-0.30998698147359405
COHFACE_s29_session0_lamp,96,43,97.43333333333334,-0.7899519801139832,0.009474093287490938
COHFACE_s29_session0_lamp,96,44,97.46666666666667,-0.8350943326950073,0.341184636793309
COHFACE_s29_session0_lamp,96,45,97.5,-0.8611534237861633,0.6595122479883031
COHFACE_s29_session0_lamp,96,46,97.53333333333333,-0.8807612657546997,0.936612860843854
COHFACE_s29_session0_lamp,96,47,97.56666666666666,-0.9168351292610168,1.1526461594811035
COHFACE_s29_session0_lamp,96,48,97.6,-0.9519842863082886,1.3001019313388305
COHFACE_s29_session0_lamp,96,49,97.63333333333334,-0.7454098463058472,1.378314814442599
COHFACE_s29_session0_lamp,96,50,97.66666666666667,0.14176106452941895,1.384162120438273
COHFACE_s29_session0_lamp,96,51,97.7,1.3173283338546753,1.3096912118223138
COHFACE_s29_session0_lamp,96,52,97.73333333333333,1.9455740451812744,1.1507241039496656
COHFACE_s29_session0_lamp,96,53,97.76666666666667,1.9075427055358887,0.9193653355173923
COHFACE_s29_session0_lamp,96,54,97.8,1.6483038663864136,0.6486954815010381
COHFACE_s29_session0_lamp,96,55,97.83333333333333,1.4933284521102905,0.3835211772859947
COHFACE_s29_session0_lamp,96,56,97.86666666666666,1.4666637182235718,0.16251848900965085
COHFACE_s29_session0_lamp,96,57,97.9,1.4220296144485474,0.004215874563929826
COHFACE_s29_session0_lamp,96,58,97.93333333333334,1.2094635963439941,-0.0946833771881718
COHFACE_s29_session0_lamp,96,59,97.96666666666667,0.944536030292511,-0.15029142359387235
COHFACE_s29_session0_lamp,96,60,98.0,0.7748249769210815,-0.1805634867304542
COHFACE_s29_session0_lamp,96,61,98.03333333333333,0.6577132940292358,-0.20014554601326068
COHFACE_s29_session0_lamp,96,62,98.06666666666666,0.5128283500671387,-0.22146756190795608
COHFACE_s29_session0_lamp,96,63,98.1,0.3140677809715271,-0.25645198645369555
COHFACE_s29_session0_lamp,96,64,98.13333333333334,0.09349311143159866,-0.31441878527384337
COHFACE_s29_session0_lamp,96,65,98.16666666666667,-0.10874449461698532,-0.39738913028200845
COHFACE_s29_session0_lamp,96,66,98.2,-0.26540711522102356,-0.4976221736113565
COHFACE_s29_session0_lamp,96,67,98.23333333333333,-0.3825782835483551,-0.6006108070367936
COHFACE_s29_session0_lamp,96,68,98.26666666666667,-0.4555966854095459,-0.6914115767652307
COHFACE_s29_session0_lamp,96,69,98.3,-0.5105321407318115,-0.7589883198247273
COHFACE_s29_session0_lamp,96,70,98.33333333333333,-0.5627097487449646,-0.7960598427845427
COHFACE_s29_session0_lamp,96,71,98.36666666666666,-0.613075852394104,-0.7969719668975287
COHFACE_s29_session0_lamp,96,72,98.4,-0.674511194229126,-0.7576813500573211
COHFACE_s29_session0_lamp,96,73,98.43333333333334,-0.7376229166984558,-0.6789725733025155
COHFACE_s29_session0_lamp,96,74,98.46666666666667,-0.7999559640884399,-0.5695032959584707
COHFACE_s29_session0_lamp,96,75,98.5,-0.8592877984046936,-0.4439717069469435
COHFACE_s29_session0_lamp,96,76,98.53333333333333,-0.9126009941101074,-0.31581007094283986
COHFACE_s29_session0_lamp,96,77,98.56666666666666,-0.9506702423095703,-0.18952369940094715
COHFACE_s29_session0_lamp,96,78,98.6,-0.9711595177650452,-0.0595543928733391
COHFACE_s29_session0_lamp,96,79,98.63333333333334,-0.9807687997817993,0.08197339696307207
COHFACE_s29_session0_lamp,96,80,98.66666666666667,-0.9846351742744446,0.23433162680565292
COHFACE_s29_session0_lamp,96,81,98.7,-1.0053246021270752,0.38379858974304837
COHFACE_s29_session0_lamp,96,82,98.73333333333333,-1.0124787092208862,0.5104793531640117
COHFACE_s29_session0_lamp,96,83,98.76666666666667,-0.668908953666687,0.6012433042459531
COHFACE_s29_session0_lamp,96,84,98.8,0.4415295422077179,0.6576782735171957
COHFACE_s29_session0_lamp,96,85,98.83333333333333,1.70122230052948,0.6917373915784234
COHFACE_s29_session0_lamp,96,86,98.86666666666666,2.2571635246276855,0.7134746026229051
COHFACE_s29_session0_lamp,96,87,98.9,2.1506235599517822,0.7229723226942302
COHFACE_s29_session0_lamp,96,88,98.93333333333334,1.9082348346710205,0.7134654466941364
COHFACE_s29_session0_lamp,96,89,98.96666666666667,1.8207403421401978,0.6811587550672935
COHFACE_s29_session0_lamp,96,90,99.0,1.838141918182373,0.6310928868018101
COHFACE_s29_session0_lamp,96,91,99.03333333333333,1.7843149900436401,0.5728082175001662
COHFACE_s29_session0_lamp,96,92,99.06666666666666,1.5299214124679565,0.5106347983154101
COHFACE_s29_session0_lamp,96,93,99.1,1.1897692680358887,0.4395560544708747
COHFACE_s29_session0_lamp,96,94,99.13333333333334,0.9427623748779297,0.3514435770987089
COHFACE_s29_session0_lamp,96,95,99.16666666666667,0.7803406715393066,0.2454240377130829
COHFACE_s29_session0_lamp,96,96,99.2,0.6098238825798035,0.13175616383767078
COHFACE_s29_session0_lamp,96,97,99.23333333333333,0.3977823257446289,0.024343100843583355
COHFACE_s29_session0_lamp,96,98,99.26666666666667,0.17381711304187775,-0.07206063434184423
COHFACE_s29_session0_lamp,96,99,99.3,-0.027371421456336975,-0.16811994698205143
COHFACE_s29_session0_lamp,96,100,99.33333333333333,-0.19075025618076324,-0.2834191989786133
COHFACE_s29_session0_lamp,96,101,99.36666666666666,-0.31943413615226746,-0.4319554071265328
COHFACE_s29_session0_lamp,96,102,99.4,-0.41767340898513794,-0.6107156307566762
COHFACE_s29_session0_lamp,96,103,99.43333333333334,-0.48727962374687195,-0.799281822660764
COHFACE_s29_session0_lamp,96,104,99.46666666666667,-0.5517810583114624,-0.9686341074146553
COHFACE_s29_session0_lamp,96,105,99.5,-0.6180562376976013,-1.090704397391412
COHFACE_s29_session0_lamp,96,106,99.53333333333333,-0.687262237071991,-1.143258705870547
COHFACE_s29_session0_lamp,96,107,99.56666666666666,-0.7496277093887329,-1.1117608448773881
COHFACE_s29_session0_lamp,96,108,99.6,-0.8179848194122314,-0.9923699717790682
COHFACE_s29_session0_lamp,96,109,99.63333333333334,-0.8820644617080688,-0.7967282639119105
COHFACE_s29_session0_lamp,96,110,99.66666666666667,-0.9351829886436462,-0.5539343325723941
COHFACE_s29_session0_lamp,96,111,99.7,-0.9763994812965393,-0.3040476034219774
COHFACE_s29_session0_lamp,96,112,99.73333333333333,-1.0061951875686646,-0.08320164903622673
COHFACE_s29_session0_lamp,96,113,99.76666666666667,-1.028268814086914,0.09170505905457108
COHFACE_s29_session0_lamp,96,114,99.8,-1.046449065208435,0.22790181390374362
COHFACE_s29_session0_lamp,96,115,99.83333333333333,-1.0494178533554077,0.3464827571215748
COHFACE_s29_session0_lamp,96,116,99.86666666666666,-1.0589784383773804,0.46426557133481555
COHFACE_s29_session0_lamp,96,117,99.9,-1.092553973197937,0.5818804212856928
COHFACE_s29_session0_lamp,96,118,99.93333333333334,-1.061536192893982,0.6862490437424855
COHFACE_s29_session0_lamp,96,119,99.96666666666667,-0.48824214935302734,0.7630551657394025
COHFACE_s29_session0_lamp,96,120,100.0,0.8184640407562256,0.8071017789075932
COHFACE_s29_session0_lamp,96,121,100.03333333333333,1.9554212093353271,0.8217939837932652
COHFACE_s29_session0_lamp,96,122,100.06666666666666,2.2638959884643555,0.8105534505599176
COHFACE_s29_session0_lamp,96,123,100.1,2.0425965785980225,0.7707529885405195
COHFACE_s29_session0_lamp,96,124,100.13333333333334,1.8044960498809814,0.6963975526565431
COHFACE_s29_session0_lamp,96,125,100.16666666666667,1.7336677312850952,0.5858621546256659
COHFACE_s29_session0_lamp,96,126,100.2,1.7472623586654663,0.4464680048207106
COHFACE_s29_session0_lamp,96,127,100.23333333333333,1.6479631662368774,0.29151883818844043
COHFACE_s29_session0_lamp,96,128,100.26666666666667,1.3498494625091553,0.13331456512518786
COHFACE_s29_session0_lamp,96,129,100.3,1.0367079973220825,-0.020375846029585833
COHFACE_s29_session0_lamp,96,130,100.33333333333333,0.8448529839515686,-0.16321013069113258
COHFACE_s29_session0_lamp,96,131,100.36666666666666,0.7035478353500366,-0.2848513383662821
COHFACE_s29_session0_lamp,96,132,100.4,0.5338529348373413,-0.370451879167569
COHFACE_s29_session0_lamp,96,133,100.43333333333334,0.34081903100013733,-0.4080368441524119
COHFACE_s29_session0_lamp,96,134,100.46666666666667,0.168809711933136,-0.39875547750611023
COHFACE_s29_session0_lamp,96,135,100.5,0.03198744356632233,-0.360734039822956
COHFACE_s29_session0_lamp,96,136,100.53333333333333,-0.0868762955069542,-0.32165545146463176
COHFACE_s29_session0_lamp,96,137,100.56666666666666,-0.19118285179138184,-0.3043534767595146
COHFACE_s29_session0_lamp,96,138,100.6,-0.28524747490882874,-0.31579820985303053
COHFACE_s29_session0_lamp,96,139,100.63333333333334,-0.3669828772544861,-0.34734566060130934
COHFACE_s29_session0_lamp,96,140,100.66666666666667,-0.43957945704460144,-0.3842636742807736
COHFACE_s29_session0_lamp,96,141,100.7,-0.5028912425041199,-0.4151051736884081
COHFACE_s29_session0_lamp,96,142,100.73333333333333,-0.5676306486129761,-0.43405668178425993
COHFACE_s29_session0_lamp,96,143,100.76666666666667,-0.6437854170799255,-0.4374974589233895
COHFACE_s29_session0_lamp,96,144,100.8,-0.723649799823761,-0.4209266465411412
COHFACE_s29_session0_lamp,96,145,100.83333333333333,-0.7973711490631104,-0.38053750828963573
COHFACE_s29_session0_lamp,96,146,100.86666666666666,-0.8660851120948792,-0.3174529273212427
COHFACE_s29_session0_lamp,96,147,100.9,-0.9327279925346375,-0.23886709187549465
COHFACE_s29_session0_lamp,96,148,100.93333333333334,-0.9984569549560547,-0.1535219747934662
COHFACE_s29_session0_lamp,96,149,100.96666666666667,-1.0653972625732422,-0.0652414480766254
COHFACE_s29_session0_lamp,96,150,101.0,-1.1438339948654175,0.029004249184286915
COHFACE_s29_session0_lamp,96,151,101.03333333333333,-1.2300846576690674,0.13364698617775522
COHFACE_s29_session0_lamp,96,152,101.06666666666666,-1.308775544166565,0.24626009560083248
COHFACE_s29_session0_lamp,96,153,101.1,-1.176117181777954,0.35502901862882646
COHFACE_s29_session0_lamp,96,154,101.13333333333334,-0.2986312210559845,0.4460106508615852
COHFACE_s29_session0_lamp,96,155,101.16666666666667,1.0611556768417358,0.5148654956717694
COHFACE_s29_session0_lamp,96,156,101.2,1.8599939346313477,0.5716794578959281
COHFACE_s29_session0_lamp,96,157,101.23333333333333,1.8422842025756836,0.631742709310954
COHFACE_s29_session0_lamp,96,158,101.26666666666667,1.5137690305709839,0.6985051265476965
COHFACE_s29_session0_lamp,96,159,101.3,1.2919235229492188,0.7541405054187285
COHFACE_s29_session0_lamp,96,160,101.33333333333333,1.247851848602295,0.7675241558567023
COHFACE_s29_session0_lamp,96,161,101.36666666666666,1.222019910812378,0.7144724901686554
COHFACE_s29_session0_lamp,96,162,101.4,1.0335770845413208,0.5941960928214322
COHFACE_s29_session0_lamp,96,163,101.43333333333334,0.744575023651123,0.42883460563018955
COHFACE_s29_session0_lamp,96,164,101.46666666666667,0.5357131361961365,0.2482801924662872
COHFACE_s29_session0_lamp,96,165,101.5,0.3960248827934265,0.07461438158323185
COHFACE_s29_session0_lamp,96,166,101.53333333333333,0.24484550952911377,-0.08296574542456552
COHFACE_s29_session0_lamp,96,167,101.56666666666666,0.04931328818202019,-0.22378312466489444
COHFACE_s29_session0_lamp,96,168,101.6,-0.16128982603549957,-0.3498950641521089
COHFACE_s29_session0_lamp,96,169,101.63333333333334,-0.3550267517566681,-0.4646454438432908
COHFACE_s29_session0_lamp,96,170,101.66666666666667,-0.5159342885017395,-0.5739928127134097
COHFACE_s29_session0_lamp,96,171,101.7,-0.6368421316146851,-0.68501981606487
COHFACE_s29_session0_lamp,96,172,101.73333333333333,-0.7264347076416016,-0.7998995615383934
COHFACE_s29_session0_lamp,96,173,101.76666666666667,-0.7901952862739563,-0.9099531192091659
COHFACE_s29_session0_lamp,96,174,101.8,-0.8307682871818542,-0.9957317585811404
COHFACE_s29_session0_lamp,96,175,101.83333333333333,-0.8651820421218872,-1.0343798296743916
COHFACE_s29_session0_lamp,96,176,101.86666666666666,-0.9028998017311096,-1.0092187796413326
COHFACE_s29_session0_lamp,96,177,101.9,-0.9440027475357056,-0.9146197502428073
COHFACE_s29_session0_lamp,96,178,101.93333333333334,-0.9950609803199768,-0.7541546990746454
COHFACE_s29_session0_lamp,96,179,101.96666666666667,-1.0411118268966675,-0.5363871745427702
COHFACE_s29_session0_lamp,96,180,102.0,-1.0794298648834229,-0.27393608065746317
COHFACE_s29_session0_lamp,96,181,102.03333333333333,-1.1150386333465576,0.013153038209134965
COHFACE_s29_session0_lamp,96,182,102.06666666666666,-1.1337542533874512,0.29494411344084415
COHFACE_s29_session0_lamp,96,183,102.1,-1.1424063444137573,0.5367559644757114
COHFACE_s29_session0_lamp,96,184,102.13333333333334,-1.1634093523025513,0.7124777262997575
COHFACE_s29_session0_lamp,96,185,102.16666666666667,-1.099356770515442,0.8179007297911106
COHFACE_s29_session0_lamp,96,186,102.2,-0.5302427411079407,0.8726414294480822
COHFACE_s29_session0_lamp,96,187,102.23333333333333,0.5430241823196411,0.9061132153290414
COHFACE_s29_session0_lamp,96,188,102.26666666666667,1.339450716972351,0.9366402802916294
COHFACE_s29_session0_lamp,96,189,102.3,1.4627810716629028,0.9600666835654882
COHFACE_s29_session0_lamp,96,190,102.33333333333333,1.2022931575775146,0.9562962638853644
COHFACE_s29_session0_lamp,96,191,102.36666666666666,0.9447848200798035,0.9070831201053375
COHFACE_s29_session0_lamp,96,192,102.4,0.8391479849815369,0.8098865685693061
COHFACE_s29_session0_lamp,96,193,102.43333333333334,0.8072162866592407,0.6770854583501451
COHFACE_s29_session0_lamp,96,194,102.46666666666667,0.6787378787994385,0.5234625789066973
COHFACE_s29_session0_lamp,96,195,102.5,0.48930540680885315,0.354759268285236
COHFACE_s29_session0_lamp,96,196,102.53333333333333,0.3591398596763611,0.1669423709904863
COHFACE_s29_session0_lamp,96,197,102.56666666666666,0.2675735056400299,-0.04509027832618709
COHFACE_s29_session0_lamp,96,198,102.6,0.1472659558057785,-0.2783152833366922
COHFACE_s29_session0_lamp,96,199,102.63333333333334,-0.02030373178422451,-0.5196621039613508
COHFACE_s29_session0_lamp,96,200,102.66666666666667,-0.22005926072597504,-0.7510522239079296
COHFACE_s29_session0_lamp,96,201,102.7,-0.41149255633354187,-0.9548486012750543
COHFACE_s29_session0_lamp,96,202,102.73333333333333,-0.5688744187355042,-1.1151206464154149
COHFACE_s29_session0_lamp,96,203,102.76666666666667,-0.6825955510139465,-1.2162236732528184
COHFACE_s29_session0_lamp,96,204,102.8,-0.7548136115074158,-1.2431209129330878
COHFACE_s29_session0_lamp,96,205,102.83333333333333,-0.8086459040641785,-1.1855323819437336
COHFACE_s29_session0_lamp,96,206,102.86666666666666,-0.8513116240501404,-1.0431259641888067
COHFACE_s29_session0_lamp,96,207,102.9,-0.8911978602409363,-0.8268261409028488
COHFACE_s29_session0_lamp,96,208,102.93333333333334,-0.9370810389518738,-0.5546976996542802
COHFACE_s29_session0_lamp,96,209,102.96666666666667,-0.988079845905304,-0.246139759817153
COHFACE_s29_session0_lamp,96,210,103.0,-1.0314106941223145,0.08013463843449761
COHFACE_s29_session0_lamp,96,211,103.03333333333333,-1.0748063325881958,0.40253286277659317
COHFACE_s29_session0_lamp,96,212,103.06666666666666,-1.1159363985061646,0.6920233493768332
COHFACE_s29_session0_lamp,96,213,103.1,-1.1601539850234985,0.9138427032781998
COHFACE_s29_session0_lamp,96,214,103.13333333333334,-1.1935782432556152,1.0378801391764518
COHFACE_s29_session0_lamp,96,215,103.16666666666667,-0.9878526926040649,1.0520409771353525
COHFACE_s29_session0_lamp,96,216,103.2,-0.18211977183818817,0.9688108452838082
COHFACE_s29_session0_lamp,96,217,103.23333333333333,0.810752809047699,0.8192342050704711
COHFACE_s29_session0_lamp,96,218,103.26666666666667,1.3142298460006714,0.6383261818154246
COHFACE_s29_session0_lamp,96,219,103.3,1.2931565046310425,0.4524040330652831
COHFACE_s29_session0_lamp,96,220,103.33333333333333,1.1098507642745972,0.2754961269266031
COHFACE_s29_session0_lamp,96,221,103.36666666666666,1.0151102542877197,0.11361894694154312
COHFACE_s29_session0_lamp,96,222,103.4,1.0336743593215942,-0.02933979303516872
COHFACE_s29_session0_lamp,96,223,103.43333333333334,1.0249357223510742,-0.14915244648618736
COHFACE_s29_session0_lamp,96,224,103.46666666666667,0.8657964468002319,-0.2420971826318527
COHFACE_s29_session0_lamp,96,225,103.5,0.620060384273529,-0.3056623675595228
COHFACE_s29_session0_lamp,96,226,103.53333333333333,0.43225017189979553,-0.33748591886345203
COHFACE_s29_session0_lamp,96,227,103.56666666666666,0.3107205033302307,-0.33467482338787835
COHFACE_s29_session0_lamp,96,228,103.6,0.19262464344501495,-0.2963827709872167
COHFACE_s29_session0_lamp,96,229,103.63333333333334,0.037503164261579514,-0.2291854181139192
COHFACE_s29_session0_lamp,96,230,103.66666666666667,-0.14413702487945557,-0.15032895702077956
COHFACE_s29_session0_lamp,96,231,103.7,-0.31173914670944214,-0.0836304454253002
COHFACE_s29_session0_lamp,96,232,103.73333333333333,-0.45347151160240173,-0.048690506772082004
COHFACE_s29_session0_lamp,96,233,103.76666666666667,-0.5622879862785339,-0.050535748886521605
COHFACE_s29_session0_lamp,96,234,103.8,-0.6430067420005798,-0.07730465204630825
COHFACE_s29_session0_lamp,96,235,103.83333333333333,-0.7056587934494019,-0.10778679147092668
COHFACE_s29_session0_lamp,96,236,103.86666666666666,-0.7585340142250061,-0.12319988879720034
COHFACE_s29_session0_lamp,96,237,103.9,-0.8151295781135559,-0.11508697211501265
COHFACE_s29_session0_lamp,96,238,103.93333333333334,-0.8691998720169067,-0.08604713016840045
COHFACE_s29_session0_lamp,96,239,103.96666666666667,-0.9172568917274475,-0.04611241480233895
COHFACE_s29_session0_lamp,97,0,97.0,0.5032569169998169,-0.12156706006046616
COHFACE_s29_session0_lamp,97,1,97.03333333333333,0.3084222972393036,-0.16346190078981152
COHFACE_s29_session0_lamp,97,2,97.06666666666666,0.1023290753364563,-0.21485826179384213
COHFACE_s29_session0_lamp,97,3,97.1,-0.07621797919273376,-0.2814426528190983
COHFACE_s29_session0_lamp,97,4,97.13333333333334,-0.21353232860565186,-0.3582793583825317
COHFACE_s29_session0_lamp,97,5,97.16666666666667,-0.3112849295139313,-0.4298788929971639
COHFACE_s29_session0_lamp,97,6,97.2,-0.3810587525367737,-0.47492967383655
COHFACE_s29_session0_lamp,97,7,97.23333333333333,-0.43417730927467346,-0.47384183135157243
COHFACE_s29_session0_lamp,97,8,97.26666666666667,-0.48845306038856506,-0.4154251286852274
COHFACE_s29_session0_lamp,97,9,97.3,-0.5514944791793823,-0.29938384073348023
COHFACE_s29_session0_lamp,97,10,97.33333333333333,-0.6142979860305786,-0.13407180527147305
COHFACE_s29_session0_lamp,97,11,97.36666666666666,-0.6762956976890564,0.06797955192450496
COHFACE_s29_session0_lamp,97,12,97.4,-0.7368713021278381,0.2932461220795793
COHFACE_s29_session0_lamp,97,13,97.43333333333334,-0.7899519801139832,0.5271948938986577
COHFACE_s29_session0_lamp,97,14,97.46666666666667,-0.8350943326950073,0.752113883285717
COHFACE_s29_session0_lamp,97,15,97.5,-0.8611534237861633,0.9458724947692609
COHFACE_s29_session0_lamp,97,16,97.53333333333333,-0.8807612657546997,1.0841421775437046
COHFACE_s29_session0_lamp,97,17,97.56666666666666,-0.9168351292610168,1.1458485785856016
COHFACE_s29_session0_lamp,97,18,97.6,-0.9519842863082886,1.1187515688591438
COHFACE_s29_session0_lamp,97,19,97.63333333333334,-0.7454098463058472,1.0018301109873198
COHFACE_s29_session0_lamp,97,20,97.66666666666667,0.14176106452941895,0.8042061613128293
COHFACE_s29_session0_lamp,97,21,97.7,1.3173283338546753,0.5431639920761501
COHFACE_s29_session0_lamp,97,22,97.73333333333333,1.9455740451812744,0.24316878356023108
COHFACE_s29_session0_lamp,97,23,97.76666666666667,1.9075427055358887,-0.06502351117579291
COHFACE_s29_session0_lamp,97,24,97.8,1.6483038663864136,-0.34772525498734647
COHFACE_s29_session0_lamp,97,25,97.83333333333333,1.4933284521102905,-0.5752579671073195
COHFACE_s29_session0_lamp,97,26,97.86666666666666,1.4666637182235718,-0.7298331500411752
COHFACE_s29_session0_lamp,97,27,97.9,1.4220296144485474,-0.809429575012257
COHFACE_s29_session0_lamp,97,28,97.93333333333334,1.2094635963439941,-0.8247390020373391
COHFACE_s29_session0_lamp,97,29,97.96666666666667,0.944536030292511,-0.7910030573626639
COHFACE_s29_session0_lamp,97,30,98.0,0.7748249769210815,-0.7202294875390287
COHFACE_s29_session0_lamp,97,31,98.03333333333333,0.6577132940292358,-0.6188964509810505
COHFACE_s29_session0_lamp,97,32,98.06666666666666,0.5128283500671387,-0.49178694315133137
COHFACE_s29_session0_lamp,97,33,98.1,0.3140677809715271,-0.3478701192975715
COHFACE_s29_session0_lamp,97,34,98.13333333333334,0.09349311143159866,-0.2030586523484764
COHFACE_s29_session0_lamp,97,35,98.16666666666667,-0.10874449461698532,-0.07737816197897948
COHFACE_s29_session0_lamp,97,36,98.2,-0.26540711522102356,0.011815193808391562
COHFACE_s29_session0_lamp,97,37,98.23333333333333,-0.3825782835483551,0.05627555677144053
COHFACE_s29_session0_lamp,97,38,98.26666666666667,-0.4555966854095459,0.059114769517411125
COHFACE_s29_session0_lamp,97,39,98.3,-0.5105321407318115,0.031875822621051805
COHFACE_s29_session0_lamp,97,40,98.33333333333333,-0.5627097487449646,-0.011365814484567935
COHFACE_s29_session0_lamp,97,41,98.36666666666666,-0.613075852394104,-0.059370502852595416
COHFACE_s29_session0_lamp,97,42,98.4,-0.674511194229126,-0.1063341454875983
COHFACE_s29_session0_lamp,97,43,98.43333333333334,-0.7376229166984558,-0.15149650714906907
COHFACE_s29_session0_lamp,97,44,98.46666666666667,-0.7999559640884399,-0.1964487181614977
COHFACE_s29_session0_lamp,97,45,98.5,-0.8592877984046936,-0.24113909715033313
COHFACE_s29_session0_lamp,97,46,98.53333333333333,-0.9126009941101074,-0.280273536663977
COHFACE_s29_session0_lamp,97,47,98.56666666666666,-0.9506702423095703,-0.30232959113623536
COHFACE_s29_session0_lamp,97,48,98.6,-0.9711595177650452,-0.2926735566165022
COHFACE_s29_session0_lamp,97,49,98.63333333333334,-0.9807687997817993,-0.2400325039154464
COHFACE_s29_session0_lamp,97,50,98.66666666666667,-0.9846351742744446,-0.14286326179859712
COHFACE_s29_session0_lamp,97,51,98.7,-1.0053246021270752,-0.01124621474427892
COHFACE_s29_session0_lamp,97,52,98.73333333333333,-1.0124787092208862,0.13772074854023375
COHFACE_s29_session0_lamp,97,53,98.76666666666667,-0.668908953666687,0.2885925542387113
COHFACE_s29_session0_lamp,97,54,98.8,0.4415295422077179,0.4343664929676774
COHFACE_s29_session0_lamp,97,55,98.83333333333333,1.70122230052948,0.5763774219178348
COHFACE_s29_session0_lamp,97,56,98.86666666666666,2.2571635246276855,0.7179167820676229
COHFACE_s29_session0_lamp,97,57,98.9,2.1506235599517822,0.8571248632785791
COHFACE_s29_session0_lamp,97,58,98.93333333333334,1.9082348346710205,0.984111321253707
COHFACE_s29_session0_lamp,97,59,98.96666666666667,1.8207403421401978,1.0828946402781696
COHFACE_s29_session0_lamp,97,60,99.0,1.838141918182373,1.1352787098327093
COHFACE_s29_session0_lamp,97,61,99.03333333333333,1.7843149900436401,1.1239667309586818
COHFACE_s29_session0_lamp,97,62,99.06666666666666,1.5299214124679565,1.035286590154152
COHFACE_s29_session0_lamp,97,63,99.1,1.1897692680358887,0.863432222706977
COHFACE_s29_session0_lamp,97,64,99.13333333333334,0.9427623748779297,0.6154212352492218
COHFACE_s29_session0_lamp,97,65,99.16666666666667,0.7803406715393066,0.31273557916305256
COHFACE_s29_session0_lamp,97,66,99.2,0.6098238825798035,-0.01356070176030403
COHFACE_s29_session0_lamp,97,67,99.23333333333333,0.3977823257446289,-0.333000817998504
COHFACE_s29_session0_lamp,97,68,99.26666666666667,0.17381711304187775,-0.6256015923072336
COHFACE_s29_session0_lamp,97,69,99.3,-0.027371421456336975,-0.8853087466550335
COHFACE_s29_session0_lamp,97,70,99.33333333333333,-0.19075025618076324,-1.1151196909191905
COHFACE_s29_session0_lamp,97,71,99.36666666666666,-0.31943413615226746,-1.317628782162251
COHFACE_s29_session0_lamp,97,72,99.4,-0.41767340898513794,-1.487314600599179
COHFACE_s29_session0_lamp,97,73,99.43333333333334,-0.48727962374687195,-1.6089428530854766
COHFACE_s29_session0_lamp,97,74,99.46666666666667,-0.5517810583114624,-1.6617811343958468
COHFACE_s29_session0_lamp,97,75,99.5,-0.6180562376976013,-1.6260423345271777
COHFACE_s29_session0_lamp,97,76,99.53333333333333,-0.687262237071991,-1.488631060864
COHFACE_s29_session0_lamp,97,77,99.56666666666666,-0.7496277093887329,-1.247577980762265
COHFACE_s29_session0_lamp,97,78,99.6,-0.8179848194122314,-0.9152081962981683
COHFACE_s29_session0_lamp,97,79,99.63333333333334,-0.8820644617080688,-0.5189415521811159
COHFACE_s29_session0_lamp,97,80,99.66666666666667,-0.9351829886436462,-0.09759820749827364
COHFACE_s29_session0_lamp,97,81,99.7,-0.9763994812965393,0.30776468379705196
COHFACE_s29_session0_lamp,97,82,99.73333333333333,-1.0061951875686646,0.6658137248729361
COHFACE_s29_session0_lamp,97,83,99.76666666666667,-1.028268814086914,0.963479123223818
COHFACE_s29_session0_lamp,97,84,99.8,-1.046449065208435,1.204853379672521
COHFACE_s29_session0_lamp,97,85,99.83333333333333,-1.0494178533554077,1.3995423599323467
COHFACE_s29_session0_lamp,97,86,99.86666666666666,-1.0589784383773804,1.5477865806301052
COHFACE_s29_session0_lamp,97,87,99.9,-1.092553973197937,1.6333610229144695
COHFACE_s29_session0_lamp,97,88,99.93333333333334,-1.061536192893982,1.62976363320533
COHFACE_s29_session0_lamp,97,89,99.96666666666667,-0.48824214935302734,1.5155008681101962
COHFACE_s29_session0_lamp,97,90,100.0,0.8184640407562256,1.2884249358779387
COHFACE_s29_session0_lamp,97,91,100.03333333333333,1.9554212093353271,0.9704494989389673
COHFACE_s29_session0_lamp,97,92,100.06666666666666,2.2638959884643555,0.6008256684645069
COHFACE_s29_session0_lamp,97,93,100.1,2.0425965785980225,0.22311209262059303
COHFACE_s29_session0_lamp,97,94,100.13333333333334,1.8044960498809814,-0.1267264593916167
COHFACE_s29_session0_lamp,97,95,100.16666666666667,1.7336677312850952,-0.426194563595929
COHFACE_s29_session0_lamp,97,96,100.2,1.7472623586654663,-0.6657196524543432
COHFACE_s29_session0_lamp,97,97,100.23333333333333,1.6479631662368774,-0.8444127319061515
COHFACE_s29_session0_lamp,97,98,100.26666666666667,1.3498494625091553,-0.9650012366453901
COHFACE_s29_session0_lamp,97,99,100.3,1.0367079973220825,-1.0294783001674472
COHFACE_s29_session0_lamp,97,100,100.33333333333333,0.8448529839515686,-1.0363921792538147
COHFACE_s29_session0_lamp,97,101,100.36666666666666,0.7035478353500366,-0.980869048324501
COHFACE_s29_session0_lamp,97,102,100.4,0.5338529348373413,-0.8582622788416873
COHFACE_s29_session0_lamp,97,103,100.43333333333334,0.34081903100013733,-0.6707451960149643
COHFACE_s29_session0_lamp,97,104,100.46666666666667,0.168809711933136,-0.4335459684966979
COHFACE_s29_session0_lamp,97,105,100.5,0.03198744356632233,-0.17615925934120247
COHFACE_s29_session0_lamp,97,106,100.53333333333333,-0.0868762955069542,0.06418455365636214
COHFACE_s29_session0_lamp,97,107,100.56666666666666,-0.19118285179138184,0.25466031357626784
COHFACE_s29_session0_lamp,97,108,100.6,-0.28524747490882874,0.37769908894520393
COHFACE_s29_session0_lamp,97,109,100.63333333333334,-0.3669828772544861,0.43360239140646534
COHFACE_s29_session0_lamp,97,110,100.66666666666667,-0.43957945704460144,0.43404901509442056
COHFACE_s29_session0_lamp,97,111,100.7,-0.5028912425041199,0.3923024299602422
COHFACE_s29_session0_lamp,97,112,100.73333333333333,-0.5676306486129761,0.3171683665226065
COHFACE_s29_session0_lamp,97,113,100.76666666666667,-0.6437854170799255,0.2136124539050928
COHFACE_s29_session0_lamp,97,114,100.8,-0.723649799823761,0.08747075352858744
COHFACE_s29_session0_lamp,97,115,100.83333333333333,-0.7973711490631104,-0.050728671735682816
COHFACE_s29_session0_lamp,97,116,100.86666666666666,-0.8660851120948792,-0.1855962250346193
COHFACE_s29_session0_lamp,97,117,100.9,-0.9327279925346375,-0.299542089604905
COHFACE_s29_session0_lamp,97,118,100.93333333333334,-0.9984569549560547,-0.37624592591412903
COHFACE_s29_session0_lamp,97,119,100.96666666666667,-1.0653972625732422,-0.4038625647833259
COHFACE_s29_session0_lamp,97,120,101.0,-1.1438339948654175,-0.37783315104993215
COHFACE_s29_session0_lamp,97,121,101.03333333333333,-1.2300846576690674,-0.3028602414669191
COHFACE_s29_session0_lamp,97,122,101.06666666666666,-1.308775544166565,-0.19245057919928016
COHFACE_s29_session0_lamp,97,123,101.1,-1.176117181777954,-0.0644830741558235
COHFACE_s29_session0_lamp,97,124,101.13333333333334,-0.2986312210559845,0.06623340595065938
COHFACE_s29_session0_lamp,97,125,101.16666666666667,1.0611556768417358,0.19420527748046862
COHFACE_s29_session0_lamp,97,126,101.2,1.8599939346313477,0.3231749137946714
COHFACE_s29_session0_lamp,97,127,101.23333333333333,1.8422842025756836,0.4581261192527006
COHFACE_s29_session0_lamp,97,128,101.26666666666667,1.5137690305709839,0.5944573035903848
COHFACE_s29_session0_lamp,97,129,101.3,1.2919235229492188,0.7132537984554495
COHFACE_s29_session0_lamp,97,130,101.33333333333333,1.247851848602295,0.7879653582205721
COHFACE_s29_session0_lamp,97,131,101.36666666666666,1.222019910812378,0.798930954267404
COHFACE_s29_session0_lamp,97,132,101.4,1.0335770845413208,0.7448745066971911
COHFACE_s29_session0_lamp,97,133,101.43333333333334,0.744575023651123,0.6418710852904518
COHFACE_s29_session0_lamp,97,134,101.46666666666667,0.5357131361961365,0.5109249491655157
COHFACE_s29_session0_lamp,97,135,101.5,0.3960248827934265,0.3648021531156176
COHFACE_s29_session0_lamp,97,136,101.53333333333333,0.24484550952911377,0.20370016450095615
COHFACE_s29_session0_lamp,97,137,101.56666666666666,0.04931328818202019,0.02084276538529354
COHFACE_s29_session0_lamp,97,138,101.6,-0.16128982603549957,-0.188176897594838
COHFACE_s29_session0_lamp,97,139,101.63333333333334,-0.3550267517566681,-0.41945998705005294
COHFACE_s29_session0_lamp,97,140,101.66666666666667,-0.5159342885017395,-0.6606046701090289
COHFACE_s29_session0_lamp,97,141,101.7,-0.6368421316146851,-0.8936687812201564
COHFACE_s29_session0_lamp,97,142,101.73333333333333,-0.7264347076416016,-1.0984078281718463
COHFACE_s29_session0_lamp,97,143,101.76666666666667,-0.7901952862739563,-1.2551998502484139
COHFACE_s29_session0_lamp,97,144,101.8,-0.8307682871818542,-1.348010137675792
COHFACE_s29_session0_lamp,97,145,101.83333333333333,-0.8651820421218872,-1.3669272203650575
COHFACE_s29_session0_lamp,97,146,101.86666666666666,-0.9028998017311096,-1.308925610316685
COHFACE_s29_session0_lamp,97,147,101.9,-0.9440027475357056,-1.176036233173137
COHFACE_s29_session0_lamp,97,148,101.93333333333334,-0.9950609803199768,-0.9721122646874746
COHFACE_s29_session0_lamp,97,149,101.96666666666667,-1.0411118268966675,-0.7010261696243775
COHFACE_s29_session0_lamp,97,150,102.0,-1.0794298648834229,-0.3685353936179963
COHFACE_s29_session0_lamp,97,151,102.03333333333333,-1.1150386333465576,0.012786503938067404
COHFACE_s29_session0_lamp,97,152,102.06666666666666,-1.1337542533874512,0.4193874391504199
COHFACE_s29_session0_lamp,97,153,102.1,-1.1424063444137573,0.8178810345603793
COHFACE_s29_session0_lamp,97,154,102.13333333333334,-1.1634093523025513,1.1727492608377332
COHFACE_s29_session0_lamp,97,155,102.16666666666667,-1.099356770515442,1.4565980590961682
COHFACE_s29_session0_lamp,97,156,102.2,-0.5302427411079407,1.655808825652075
COHFACE_s29_session0_lamp,97,157,102.23333333333333,0.5430241823196411,1.7672100260010324
COHFACE_s29_session0_lamp,97,158,102.26666666666667,1.339450716972351,1.789326322621814
COHFACE_s29_session0_lamp,97,159,102.3,1.4627810716629028,1.7168962114730018
COHFACE_s29_session0_lamp,97,160,102.33333333333333,1.2022931575775146,1.5437537715282774
COHFACE_s29_session0_lamp,97,161,102.36666666666666,0.9447848200798035,1.2713619006576966
COHFACE_s29_session0_lamp,97,162,102.4,0.8391479849815369,0.9159471923201564
COHFACE_s29_session0_lamp,97,163,102.43333333333334,0.8072162866592407,0.5086715817284453
COHFACE_s29_session0_lamp,97,164,102.46666666666667,0.6787378787994385,0.08842682040871641
COHFACE_s29_session0_lamp,97,165,102.5,0.48930540680885315,-0.3084258813014974
COHFACE_s29_session0_lamp,97,166,102.53333333333333,0.3591398596763611,-0.6559288279991733
COHFACE_s29_session0_lamp,97,167,102.56666666666666,0.2675735056400299,-0.941012030826154
COHFACE_s29_session0_lamp,97,168,102.6,0.1472659558057785,-1.1612604279842185
COHFACE_s29_session0_lamp,97,169,102.63333333333334,-0.02030373178422451,-1.320737563344338
COHFACE_s29_session0_lamp,97,170,102.66666666666667,-0.22005926072597504,-1.4259808616127059
COHFACE_s29_session0_lamp,97,171,102.7,-0.41149255633354187,-1.482691927625505
COHFACE_s29_session0_lamp,97,172,102.73333333333333,-0.5688744187355042,-1.4932217534731669
COHFACE_s29_session0_lamp,97,173,102.76666666666667,-0.6825955510139465,-1.4552927098060902
COHFACE_s29_session0_lamp,97,174,102.8,-0.7548136115074158,-1.3623237530803711
COHFACE_s29_session0_lamp,97,175,102.83333333333333,-0.8086459040641785,-1.2053290426451837
COHFACE_s29_session0_lamp,97,176,102.86666666666666,-0.8513116240501404,-0.976167779182306
COHFACE_s29_session0_lamp,97,177,102.9,-0.8911978602409363,-0.6718436245421073
COHFACE_s29_session0_lamp,97,178,102.93333333333334,-0.9370810389518738,-0.29924775947304627
COHFACE_s29_session0_lamp,97,179,102.96666666666667,-0.988079845905304,0.12088786475821128
COHFACE_s29_session0_lamp,97,180,103.0,-1.0314106941223145,0.5527160948284057
COHFACE_s29_session0_lamp,97,181,103.03333333333333,-1.0748063325881958,0.9485881042171447
COHFACE_s29_session0_lamp,97,182,103.06666666666666,-1.1159363985061646,1.2577026640657913
COHFACE_s29_session0_lamp,97,183,103.1,-1.1601539850234985,1.4385652583144684
COHFACE_s29_session0_lamp,97,184,103.13333333333334,-1.1935782432556152,1.4712168708321847
COHFACE_s29_session0_lamp,97,185,103.16666666666667,-0.9878526926040649,1.3639901857375423
COHFACE_s29_session0_lamp,97,186,103.2,-0.18211977183818817,1.1509450652034134
COHFACE_s29_session0_lamp,97,187,103.23333333333333,0.810752809047699,0.8801778329673396
COHFACE_s29_session0_lamp,97,188,103.26666666666667,1.3142298460006714,0.5981171209404392
COHFACE_s29_session0_lamp,97,189,103.3,1.2931565046310425,0.3371976428038512
COHFACE_s29_session0_lamp,97,190,103.33333333333333,1.1098507642745972,0.11186920862531433
COHFACE_s29_session0_lamp,97,191,103.36666666666666,1.0151102542877197,-0.07716290549298167
COHFACE_s29_session0_lamp,97,192,103.4,1.0336743593215942,-0.23461010776028446
COHFACE_s29_session0_lamp,97,193,103.43333333333334,1.0249357223510742,-0.3632658419443006
COHFACE_s29_session0_lamp,97,194,103.46666666666667,0.8657964468002319,-0.4606919609899977
COHFACE_s29_session0_lamp,97,195,103.5,0.620060384273529,-0.5200235267865428
COHFACE_s29_session0_lamp,97,196,103.53333333333333,0.43225017189979553,-0.5333020686143298
COHFACE_s29_session0_lamp,97,197,103.56666666666666,0.3107205033302307,-0.49554220945213084
COHFACE_s29_session0_lamp,97,198,103.6,0.19262464344501495,-0.4081416834318197
COHFACE_s29_session0_lamp,97,199,103.63333333333334,0.037503164261579514,-0.2804767048538961
COHFACE_s29_session0_lamp,97,200,103.66666666666667,-0.14413702487945557,-0.12858481807619215
COHFACE_s29_session0_lamp,97,201,103.7,-0.31173914670944214,0.0291964278755141
COHFACE_s29_session0_lamp,97,202,103.73333333333333,-0.45347151160240173,0.17757900314496172
COHFACE_s29_session0_lamp,97,203,103.76666666666667,-0.5622879862785339,0.30717726460635325
COHFACE_s29_session0_lamp,97,204,103.8,-0.6430067420005798,0.4126593998391815
COHFACE_s29_session0_lamp,97,205,103.83333333333333,-0.7056587934494019,0.48750460840970333
COHFACE_s29_session0_lamp,97,206,103.86666666666666,-0.7585340142250061,0.5199821929582775
COHFACE_s29_session0_lamp,97,207,103.9,-0.8151295781135559,0.49494969444391834
COHFACE_s29_session0_lamp,97,208,103.93333333333334,-0.8691998720169067,0.4017452219875453
COHFACE_s29_session0_lamp,97,209,103.96666666666667,-0.9172568917274475,0.243063789220104
COHFACE_s29_session0_lamp,97,210,104.0,-0.9683854579925537,0.037752085911442995
COHFACE_s29_session0_lamp,97,211,104.03333333333333,-1.0209145545959473,-0.18583737842200393
COHFACE_s29_session0_lamp,97,212,104.06666666666666,-1.0522730350494385,-0.40189688898212095
COHFACE_s29_session0_lamp,97,213,104.1,-1.0737195014953613,-0.596008630292411
COHFACE_s29_session0_lamp,97,214,104.13333333333334,-1.0991188287734985,-0.7649983899871252
COHFACE_s29_session0_lamp,97,215,104.16666666666667,-1.1304502487182617,-0.9091306089861263
COHFACE_s29_session0_lamp,97,216,104.2,-1.095717430114746,-1.0232319291225493
COHFACE_s29_session0_lamp,97,217,104.23333333333333,-0.6386374235153198,-1.0932866948610536
COHFACE_s29_session0_lamp,97,218,104.26666666666667,0.3234877586364746,-1.1002883618454145
COHFACE_s29_session0_lamp,97,219,104.3,1.1524407863616943,-1.0279918830414863
COHFACE_s29_session0_lamp,97,220,104.33333333333333,1.4211103916168213,-0.8697486867392094
COHFACE_s29_session0_lamp,97,221,104.36666666666666,1.3263968229293823,-0.6317515428290116
COHFACE_s29_session0_lamp,97,222,104.4,1.1914401054382324,-0.33305725424823374
COHFACE_s29_session0_lamp,97,223,104.43333333333334,1.1655595302581787,-0.0038111934823535634
COHFACE_s29_session0_lamp,97,224,104.46666666666667,1.1934734582901,0.3184440435460985
COHFACE_s29_session0_lamp,97,225,104.5,1.1267764568328857,0.5955443907967517
COHFACE_s29_session0_lamp,97,226,104.53333333333333,0.9187690019607544,0.797767015957653
COHFACE_s29_session0_lamp,97,227,104.56666666666666,0.7054188251495361,0.9114538806776437
COHFACE_s29_session0_lamp,97,228,104.6,0.5637513995170593,0.9409839651778843
COHFACE_s29_session0_lamp,97,229,104.63333333333334,0.4504844844341278,0.9037436153591372
COHFACE_s29_session0_lamp,97,230,104.66666666666667,0.30750298500061035,0.8211723078066949
COHFACE_s29_session0_lamp,97,231,104.7,0.1279933899641037,0.7113593978060389
COHFACE_s29_session0_lamp,97,232,104.73333333333333,-0.06107679009437561,0.5868332716269526
COHFACE_s29_session0_lamp,97,233,104.76666666666667,-0.22567231953144073,0.4569997033910071
COHFACE_s29_session0_lamp,97,234,104.8,-0.3596610128879547,0.3316263465518618
COHFACE_s29_session0_lamp,97,235,104.83333333333333,-0.4635079503059387,0.22182720050765292
COHFACE_s29_session0_lamp,97,236,104.86666666666666,-0.5395437479019165,0.1377728266036152
COHFACE_s29_session0_lamp,97,237,104.9,-0.600827693939209,0.08506539232627523
COHFACE_s29_session0_lamp,97,238,104.93333333333334,-0.6592997312545776,0.06212264707787657
COHFACE_s29_session0_lamp,97,239,104.96666666666667,-0.7141973376274109,0.05990696499107141
COHFACE_s29_session0_lamp,98,0,98.0,0.7748249769210815,-0.01414384515081228
COHFACE_s29_session0_lamp,98,1,98.03333333333333,0.6577132940292358,0.4305854778921126
COHFACE_s29_session0_lamp,98,2,98.06666666666666,0.5128283500671387,0.8003763454682683
COHFACE_s29_session0_lamp,98,3,98.1,0.3140677809715271,1.0414544231874021
COHFACE_s29_session0_lamp,98,4,98.13333333333334,0.09349311143159866,1.1334596403199073
COHFACE_s29_session0_lamp,98,5,98.16666666666667,-0.10874449461698532,1.0927623956911936
COHFACE_s29_session0_lamp,98,6,98.2,-0.26540711522102356,0.9624458263263733
COHFACE_s29_session0_lamp,98,7,98.23333333333333,-0.3825782835483551,0.7927798052415136
COHFACE_s29_session0_lamp,98,8,98.26666666666667,-0.4555966854095459,0.621946416320895
COHFACE_s29_session0_lamp,98,9,98.3,-0.5105321407318115,0.4670807876099146
COHFACE_s29_session0_lamp,98,10,98.33333333333333,-0.5627097487449646,0.32885636023198694
COHFACE_s29_session0_lamp,98,11,98.36666666666666,-0.613075852394104,0.20362953076784313
COHFACE_s29_session0_lamp,98,12,98.4,-0.674511194229126,0.09247294993073306
COHFACE_s29_session0_lamp,98,13,98.43333333333334,-0.7376229166984558,0.00032813619432333317
COHFACE_s29_session0_lamp,98,14,98.46666666666667,-0.7999559640884399,-0.07137782832135375
COHFACE_s29_session0_lamp,98,15,98.5,-0.8592877984046936,-0.12889288607824875
COHFACE_s29_session0_lamp,98,16,98.53333333333333,-0.9126009941101074,-0.18156600423772204
COHFACE_s29_session0_lamp,98,17,98.56666666666666,-0.9506702423095703,-0.23261997461050793
COHFACE_s29_session0_lamp,98,18,98.6,-0.9711595177650452,-0.2745243306760319
COHFACE_s29_session0_lamp,98,19,98.63333333333334,-0.9807687997817993,-0.29435767605069524
COHFACE_s29_session0_lamp,98,20,98.66666666666667,-0.9846351742744446,-0.28465395078721223
COHFACE_s29_session0_lamp,98,21,98.7,-1.0053246021270752,-0.24932691706895285
COHFACE_s29_session0_lamp,98,22,98.73333333333333,-1.0124787092208862,-0.1991364357487549
COHFACE_s29_session0_lamp,98,23,98.76666666666667,-0.668908953666687,-0.14134433347635547
COHFACE_s29_session0_lamp,98,24,98.8,0.4415295422077179,-0.07375772821101878
COHFACE_s29_session0_lamp,98,25,98.83333333333333,1.70122230052948,0.010625111162007157
COHFACE_s29_session0_lamp,98,26,98.86666666666666,2.2571635246276855,0.11269042388897556
COHFACE_s29_session0_lamp,98,27,98.9,2.1506235599517822,0.2208958325582493
COHFACE_s29_session0_lamp,98,28,98.93333333333334,1.9082348346710205,0.31578826108239827
COHFACE_s29_session0_lamp,98,29,98.96666666666667,1.8207403421401978,0.38119085035231864
COHFACE_s29_session0_lamp,98,30,99.0,1.838141918182373,0.4120091123095083
COHFACE_s29_session0_lamp,98,31,99.03333333333333,1.7843149900436401,0.41213300882368403
COHFACE_s29_session0_lamp,98,32,99.06666666666666,1.5299214124679565,0.38591228335734723
COHFACE_s29_session0_lamp,98,33,99.1,1.1897692680358887,0.33293453743965024
COHFACE_s29_session0_lamp,98,34,99.13333333333334,0.9427623748779297,0.25139364381326795
COHFACE_s29_session0_lamp,98,35,99.16666666666667,0.7803406715393066,0.14575575848292827
COHFACE_s29_session0_lamp,98,36,99.2,0.6098238825798035,0.02959026060243123
COHFACE_s29_session0_lamp,98,37,99.23333333333333,0.3977823257446289,-0.08138099937738157
COHFACE_s29_session0_lamp,98,38,99.26666666666667,0.17381711304187775,-0.18104115051475236
COHFACE_s29_session0_lamp,98,39,99.3,-0.027371421456336975,-0.27861403722437245
COHFACE_s29_session0_lamp,98,40,99.33333333333333,-0.19075025618076324,-0.39232272264255424
COHFACE_s29_session0_lamp,98,41,99.36666666666666,-0.31943413615226746,-0.535146723876715
COHFACE_s29_session0_lamp,98,42,99.4,-0.41767340898513794,-0.7030599817206054
COHFACE_s29_session0_lamp,98,43,99.43333333333334,-0.48727962374687195,-0.8736202238349108
COHFACE_s29_session0_lamp,98,44,99.46666666666667,-0.5517810583114624,-1.0139316226331785
COHFACE_s29_session0_lamp,98,45,99.5,-0.6180562376976013,-1.090744970268123
COHFACE_s29_session0_lamp,98,46,99.53333333333333,-0.687262237071991,-1.0777654722705667
COHFACE_s29_session0_lamp,98,47,99.56666666666666,-0.7496277093887329,-0.9609154208307565
COHFACE_s29_session0_lamp,98,48,99.6,-0.8179848194122314,-0.7436629730309862
COHFACE_s29_session0_lamp,98,49,99.63333333333334,-0.8820644617080688,-0.451025090295859
COHFACE_s29_session0_lamp,98,50,99.66666666666667,-0.9351829886436462,-0.12704793051208219
COHFACE_s29_session0_lamp,98,51,99.7,-0.9763994812965393,0.17806881353369738
COHFACE_s29_session0_lamp,98,52,99.73333333333333,-1.0061951875686646,0.4273486852990975
COHFACE_s29_session0_lamp,98,53,99.76666666666667,-1.028268814086914,0.6116885767311643
COHFACE_s29_session0_lamp,98,54,99.8,-1.046449065208435,0.7490813604217477
COHFACE_s29_session0_lamp,98,55,99.83333333333333,-1.0494178533554077,0.8672577204118254
COHFACE_s29_session0_lamp,98,56,99.86666666666666,-1.0589784383773804,0.9811829579867742
COHFACE_s29_session0_lamp,98,57,99.9,-1.092553973197937,1.0815451338888304
COHFACE_s29_session0_lamp,98,58,99.93333333333334,-1.061536192893982,1.1415706309852807
COHFACE_s29_session0_lamp,98,59,99.96666666666667,-0.48824214935302734,1.1352225778182499
COHFACE_s29_session0_lamp,98,60,100.0,0.8184640407562256,1.0522851393140695
COHFACE_s29_session0_lamp,98,61,100.03333333333333,1.9554212093353271,0.900342591690427
COHFACE_s29_session0_lamp,98,62,100.06666666666666,2.2638959884643555,0.69616754071376
COHFACE_s29_session0_lamp,98,63,100.1,2.0425965785980225,0.45724845792231855
COHFACE_s29_session0_lamp,98,64,100.13333333333334,1.8044960498809814,0.20013089756559155
COHFACE_s29_session0_lamp,98,65,100.16666666666667,1.7336677312850952,-0.05704885932543359
COHFACE_s29_session0_lamp,98,66,100.2,1.7472623586654663,-0.294198896252083
COHFACE_s29_session0_lamp,98,67,100.23333333333333,1.6479631662368774,-0.49373682627713616
COHFACE_s29_session0_lamp,98,68,100.26666666666667,1.3498494625091553,-0.6462328309758746
COHFACE_s29_session0_lamp,98,69,100.3,1.0367079973220825,-0.7512231232669736
COHFACE_s29_session0_lamp,98,70,100.33333333333333,0.8448529839515686,-0.8116412952349256
COHFACE_s29_session0_lamp,98,71,100.36666666666666,0.7035478353500366,-0.8267931086623675
COHFACE_s29_session0_lamp,98,72,100.4,0.5338529348373413,-0.7907359921891148
COHFACE_s29_session0_lamp,98,73,100.43333333333334,0.34081903100013733,-0.6985609714040513
COHFACE_s29_session0_lamp,98,74,100.46666666666667,0.168809711933136,-0.5557413142874328
COHFACE_s29_session0_lamp,98,75,100.5,0.03198744356632233,-0.38208559232975275
COHFACE_s29_session0_lamp,98,76,100.53333333333333,-0.0868762955069542,-0.2059126242159405
COHFACE_s29_session0_lamp,98,77,100.56666666666666,-0.19118285179138184,-0.05216479822039622
COHFACE_s29_session0_lamp,98,78,100.6,-0.28524747490882874,0.06667682834323482
COHFACE_s29_session0_lamp,98,79,100.63333333333334,-0.3669828772544861,0.150363367918964
COHFACE_s29_session0_lamp,98,80,100.66666666666667,-0.43957945704460144,0.20330825424097054
COHFACE_s29_session0_lamp,98,81,100.7,-0.5028912425041199,0.22783299820904362
COHFACE_s29_session0_lamp,98,82,100.73333333333333,-0.5676306486129761,0.22386038736302538
COHFACE_s29_session0_lamp,98,83,100.76666666666667,-0.6437854170799255,0.1933578340720016
COHFACE_s29_session0_lamp,98,84,100.8,-0.723649799823761,0.14342869565293168
COHFACE_s29_session0_lamp,98,85,100.83333333333333,-0.7973711490631104,0.08403502191907902
COHFACE_s29_session0_lamp,98,86,100.86666666666666,-0.8660851120948792,0.022767857263952265
COHFACE_s29_session0_lamp,98,87,100.9,-0.9327279925346375,-0.03720836315732452
COHFACE_s29_session0_lamp,98,88,100.93333333333334,-0.9984569549560547,-0.09349847611058877
COHFACE_s29_session0_lamp,98,89,100.96666666666667,-1.0653972625732422,-0.13914661606701284
COHFACE_s29_session0_lamp,98,90,101.0,-1.1438339948654175,-0.16217277309992945
COHFACE_s29_session0_lamp,98,91,101.03333333333333,-1.2300846576690674,-0.15236018133747267
COHFACE_s29_session0_lamp,98,92,101.06666666666666,-1.308775544166565,-0.1099855124121687
COHFACE_s29_session0_lamp,98,93,101.1,-1.176117181777954,-0.047650189672612406
COHFACE_s29_session0_lamp,98,94,101.13333333333334,-0.2986312210559845,0.01825569943199212
COHFACE_s29_session0_lamp,98,95,101.16666666666667,1.0611556768417358,0.08026298451133135
COHFACE_s29_session0_lamp,98,96,101.2,1.8599939346313477,0.14525622696781276
COHFACE_s29_session0_lamp,98,97,101.23333333333333,1.8422842025756836,0.22611010136390372
COHFACE_s29_session0_lamp,98,98,101.26666666666667,1.5137690305709839,0.3258099487135598
COHFACE_s29_session0_lamp,98,99,101.3,1.2919235229492188,0.428599483400086
COHFACE_s29_session0_lamp,98,100,101.33333333333333,1.247851848602295,0.5070129637811138
COHFACE_s29_session0_lamp,98,101,101.36666666666666,1.222019910812378,0.5395976257757664
COHFACE_s29_session0_lamp,98,102,101.4,1.0335770845413208,0.5243468664578449
COHFACE_s29_session0_lamp,98,103,101.43333333333334,0.744575023651123,0.4762492829080342
COHFACE_s29_session0_lamp,98,104,101.46666666666667,0.5357131361961365,0.4122129659250362
COHFACE_s29_session0_lamp,98,105,101.5,0.3960248827934265,0.33796501264686185
COHFACE_s29_session0_lamp,98,106,101.53333333333333,0.24484550952911377,0.2475325246111414
COHFACE_s29_session0_lamp,98,107,101.56666666666666,0.04931328818202019,0.13307161512046314
COHFACE_s29_session0_lamp,98,108,101.6,-0.16128982603549957,-0.005541742554560929
COHFACE_s29_session0_lamp,98,109,101.63333333333334,-0.3550267517566681,-0.1597657322803901
COHFACE_s29_session0_lamp,98,110,101.66666666666667,-0.5159342885017395,-0.3188238354957748
COHFACE_s29_session0_lamp,98,111,101.7,-0.6368421316146851,-0.47530759441225395
COHFACE_s29_session0_lamp,98,112,101.73333333333333,-0.7264347076416016,-0.6245828888147336
COHFACE_s29_session0_lamp,98,113,101.76666666666667,-0.7901952862739563,-0.7601073072214884
COHFACE_s29_session0_lamp,98,114,101.8,-0.8307682871818542,-0.8702922235037135
COHFACE_s29_session0_lamp,98,115,101.83333333333333,-0.8651820421218872,-0.9401320394636505
COHFACE_s29_session0_lamp,98,116,101.86666666666666,-0.9028998017311096,-0.9558048307165027
COHFACE_s29_session0_lamp,98,117,101.9,-0.9440027475357056,-0.9080062619451251
COHFACE_s29_session0_lamp,98,118,101.93333333333334,-0.9950609803199768,-0.7923784593753603
COHFACE_s29_session0_lamp,98,119,101.96666666666667,-1.0411118268966675,-0.6093842606517956
COHFACE_s29_session0_lamp,98,120,102.0,-1.0794298648834229,-0.36654070649676074
COHFACE_s29_session0_lamp,98,121,102.03333333333333,-1.1150386333465576,-0.0825115562508441
COHFACE_s29_session0_lamp,98,122,102.06666666666666,-1.1337542533874512,0.21165083811871807
COHFACE_s29_session0_lamp,98,123,102.1,-1.1424063444137573,0.47899684161486933
COHFACE_s29_session0_lamp,98,124,102.13333333333334,-1.1634093523025513,0.6900405926452664
COHFACE_s29_session0_lamp,98,125,102.16666666666667,-1.099356770515442,0.83500253940977
COHFACE_s29_session0_lamp,98,126,102.2,-0.5302427411079407,0.9250720476609617
COHFACE_s29_session0_lamp,98,127,102.23333333333333,0.5430241823196411,0.9796252182568873
COHFACE_s29_session0_lamp,98,128,102.26666666666667,1.339450716972351,1.0082922180049365
COHFACE_s29_session0_lamp,98,129,102.3,1.4627810716629028,1.002478246667863
COHFACE_s29_session0_lamp,98,130,102.33333333333333,1.2022931575775146,0.9431673515202652
COHFACE_s29_session0_lamp,98,131,102.36666666666666,0.9447848200798035,0.8180717940977238
COHFACE_s29_session0_lamp,98,132,102.4,0.8391479849815369,0.6338461505779187
COHFACE_s29_session0_lamp,98,133,102.43333333333334,0.8072162866592407,0.41373318554752775
COHFACE_s29_session0_lamp,98,134,102.46666666666667,0.6787378787994385,0.18386822128641728
COHFACE_s29_session0_lamp,98,135,102.5,0.48930540680885315,-0.03943354328423993
COHFACE_s29_session0_lamp,98,136,102.53333333333333,0.3591398596763611,-0.25222684859628913
COHFACE_s29_session0_lamp,98,137,102.56666666666666,0.2675735056400299,-0.4562792657238258
COHFACE_s29_session0_lamp,98,138,102.6,0.1472659558057785,-0.6510102490424788
COHFACE_s29_session0_lamp,98,139,102.63333333333334,-0.02030373178422451,-0.8306847528480467
COHFACE_s29_session0_lamp,98,140,102.66666666666667,-0.22005926072597504,-0.9866214007324722
COHFACE_s29_session0_lamp,98,141,102.7,-0.41149255633354187,-1.1092455211461103
COHFACE_s29_session0_lamp,98,142,102.73333333333333,-0.5688744187355042,-1.1870808620169413
COHFACE_s29_session0_lamp,98,143,102.76666666666667,-0.6825955510139465,-1.205095399592365
COHFACE_s29_session0_lamp,98,144,102.8,-0.7548136115074158,-1.14656633611834
COHFACE_s29_session0_lamp,98,145,102.83333333333333,-0.8086459040641785,-0.9995411111168766
COHFACE_s29_session0_lamp,98,146,102.86666666666666,-0.8513116240501404,-0.7641597055008073
COHFACE_s29_session0_lamp,98,147,102.9,-0.8911978602409363,-0.4552751562812744
COHFACE_s29_session0_lamp,98,148,102.93333333333334,-0.9370810389518738,-0.09826546099148567
COHFACE_s29_session0_lamp,98,149,102.96666666666667,-0.988079845905304,0.27847956331548557
COHFACE_s29_session0_lamp,98,150,103.0,-1.0314106941223145,0.6482683725663114
COHFACE_s29_session0_lamp,98,151,103.03333333333333,-1.0748063325881958,0.9848819106796007
COHFACE_s29_session0_lamp,98,152,103.06666666666666,-1.1159363985061646,1.2590039064448393
COHFACE_s29_session0_lamp,98,153,103.1,-1.1601539850234985,1.439452361624909
COHFACE_s29_session0_lamp,98,154,103.13333333333334,-1.1935782432556152,1.502120131345415
COHFACE_s29_session0_lamp,98,155,103.16666666666667,-0.9878526926040649,1.441573973367019
COHFACE_s29_session0_lamp,98,156,103.2,-0.18211977183818817,1.2760697948154671
COHFACE_s29_session0_lamp,98,157,103.23333333333333,0.810752809047699,1.0405383986471397
COHFACE_s29_session0_lamp,98,158,103.26666666666667,1.3142298460006714,0.7717107775543249
COHFACE_s29_session0_lamp,98,159,103.3,1.2931565046310425,0.4958219870625379
COHFACE_s29_session0_lamp,98,160,103.33333333333333,1.1098507642745972,0.22580827345277726
COHFACE_s29_session0_lamp,98,161,103.36666666666666,1.0151102542877197,-0.03351074649602552
COHFACE_s29_session0_lamp,98,162,103.4,1.0336743593215942,-0.2786883035424674
COHFACE_s29_session0_lamp,98,163,103.43333333333334,1.0249357223510742,-0.5044183927901057
COHFACE_s29_session0_lamp,98,164,103.46666666666667,0.8657964468002319,-0.7038420428380217
COHFACE_s29_session0_lamp,98,165,103.5,0.620060384273529,-0.8690994511601261
COHFACE_s29_session0_lamp,98,166,103.53333333333333,0.43225017189979553,-0.9904899365692962
COHFACE_s29_session0_lamp,98,167,103.56666666666666,0.3107205033302307,-1.0562418972270609
COHFACE_s29_session0_lamp,98,168,103.6,0.19262464344501495,-1.0557746135204527
COHFACE_s29_session0_lamp,98,169,103.63333333333334,0.037503164261579514,-0.9861435604497933
COHFACE_s29_session0_lamp,98,170,103.66666666666667,-0.14413702487945557,-0.8568097433534783
COHFACE_s29_session0_lamp,98,171,103.7,-0.31173914670944214,-0.687571162038214
COHFACE_s29_session0_lamp,98,172,103.73333333333333,-0.45347151160240173,-0.5005071586643057
COHFACE_s29_session0_lamp,98,173,103.76666666666667,-0.5622879862785339,-0.31261119281123295
COHFACE_s29_session0_lamp,98,174,103.8,-0.6430067420005798,-0.13472989378270045
COHFACE_s29_session0_lamp,98,175,103.83333333333333,-0.7056587934494019,0.023897661119586282
COHFACE_s29_session0_lamp,98,176,103.86666666666666,-0.7585340142250061,0.15165970396342437
COHFACE_s29_session0_lamp,98,177,103.9,-0.8151295781135559,0.23685305180623462
COHFACE_s29_session0_lamp,98,178,103.93333333333334,-0.8691998720169067,0.2753340727371906
COHFACE_s29_session0_lamp,98,179,103.96666666666667,-0.9172568917274475,0.2762993393230001
COHFACE_s29_session0_lamp,98,180,104.0,-0.9683854579925537,0.25930849715733584
COHFACE_s29_session0_lamp,98,181,104.03333333333333,-1.0209145545959473,0.24263310158631957
COHFACE_s29_session0_lamp,98,182,104.06666666666666,-1.0522730350494385,0.2311895434238566
COHFACE_s29_session0_lamp,98,183,104.1,-1.0737195014953613,0.2142602621774984
COHFACE_s29_session0_lamp,98,184,104.13333333333334,-1.0991188287734985,0.17590635105914107
COHFACE_s29_session0_lamp,98,185,104.16666666666667,-1.1304502487182617,0.11058896943339605
COHFACE_s29_session0_lamp,98,186,104.2,-1.095717430114746,0.03189070964141776
COHFACE_s29_session0_lamp,98,187,104.23333333333333,-0.6386374235153198,-0.03270403672460435
COHFACE_s29_session0_lamp,98,188,104.26666666666667,0.3234877586364746,-0.056626398397997005
COHFACE_s29_session0_lamp,98,189,104.3,1.1524407863616943,-0.02686507152282236
COHFACE_s29_session0_lamp,98,190,104.33333333333333,1.4211103916168213,0.05371174601742856
COHFACE_s29_session0_lamp,98,191,104.36666666666666,1.3263968229293823,0.17268742405727364
COHFACE_s29_session0_lamp,98,192,104.4,1.1914401054382324,0.3149457498276057
COHFACE_s29_session0_lamp,98,193,104.43333333333334,1.1655595302581787,0.4638438514919649
COHFACE_s29_session0_lamp,98,194,104.46666666666667,1.1934734582901,0.5987178202819708
COHFACE_s29_session0_lamp,98,195,104.5,1.1267764568328857,0.6959983910760009
COHFACE_s29_session0_lamp,98,196,104.53333333333333,0.9187690019607544,0.7371557350356486
COHFACE_s29_session0_lamp,98,197,104.56666666666666,0.7054188251495361,0.7183868385101431
COHFACE_s29_session0_lamp,98,198,104.6,0.5637513995170593,0.6533170022820626
COHFACE_s29_session0_lamp,98,199,104.63333333333334,0.4504844844341278,0.5645288120846903
COHFACE_s29_session0_lamp,98,200,104.66666666666667,0.30750298500061035,0.469159974166097
COHFACE_s29_session0_lamp,98,201,104.7,0.1279933899641037,0.3693149541507542
COHFACE_s29_session0_lamp,98,202,104.73333333333333,-0.06107679009437561,0.2538483910732533
COHFACE_s29_session0_lamp,98,203,104.76666666666667,-0.22567231953144073,0.10885188499837362
COHFACE_s29_session0_lamp,98,204,104.8,-0.3596610128879547,-0.07168506019765732
COHFACE_s29_session0_lamp,98,205,104.83333333333333,-0.4635079503059387,-0.2820094325991897
COHFACE_s29_session0_lamp,98,206,104.86666666666666,-0.5395437479019165,-0.5074994097890586
COHFACE_s29_session0_lamp,98,207,104.9,-0.600827693939209,-0.729128484257876
COHFACE_s29_session0_lamp,98,208,104.93333333333334,-0.6592997312545776,-0.9260145681824773
COHFACE_s29_session0_lamp,98,209,104.96666666666667,-0.7141973376274109,-1.0772929364506438
COHFACE_s29_session0_lamp,98,210,105.0,-0.7738752961158752,-1.166045130130225
COHFACE_s29_session0_lamp,98,211,105.03333333333333,-0.8289567232131958,-1.1850344711534126
COHFACE_s29_session0_lamp,98,212,105.06666666666666,-0.8828972578048706,-1.1397899048725166
COHFACE_s29_session0_lamp,98,213,105.1,-0.9325819611549377,-1.0444637007463233
COHFACE_s29_session0_lamp,98,214,105.13333333333334,-0.9730954766273499,-0.9117788966646991
COHFACE_s29_session0_lamp,98,215,105.16666666666667,-1.0045890808105469,-0.7446708332273031
COHFACE_s29_session0_lamp,98,216,105.2,-1.0218878984451294,-0.5372483023134486
COHFACE_s29_session0_lamp,98,217,105.23333333333333,-1.0377861261367798,-0.28572207580359904
COHFACE_s29_session0_lamp,98,218,105.26666666666667,-1.0593029260635376,-0.0009370386512555749
COHFACE_s29_session0_lamp,98,219,105.3,-1.0780184268951416,0.28874035167252554
COHFACE_s29_session0_lamp,98,220,105.33333333333333,-0.903521716594696,0.5481701813235615
COHFACE_s29_session0_lamp,98,221,105.36666666666666,-0.1483873724937439,0.7523586345972968
COHFACE_s29_session0_lamp,98,222,105.4,0.9227921962738037,0.8961458273317475
COHFACE_s29_session0_lamp,98,223,105.43333333333334,1.5965427160263062,0.9885811532502261
COHFACE_s29_session0_lamp,98,224,105.46666666666667,1.675763487815857,1.0375132655980521
COHFACE_s29_session0_lamp,98,225,105.5,1.5114978551864624,1.038766880185664
COHFACE_s29_session0_lamp,98,226,105.53333333333333,1.4145348072052002,0.9789829595848333
COHFACE_s29_session0_lamp,98,227,105.56666666666666,1.4316551685333252,0.8483677134588932
COHFACE_s29_session0_lamp,98,228,105.6,1.435900092124939,0.6516541406533354
COHFACE_s29_session0_lamp,98,229,105.63333333333334,1.2873542308807373,0.40834104429235835
COHFACE_s29_session0_lamp,98,230,105.66666666666667,1.0327118635177612,0.14377220103527347
COHFACE_s29_session0_lamp,98,231,105.7,0.8248882293701172,-0.11956334553642657
COHFACE_s29_session0_lamp,98,232,105.73333333333333,0.6854270696640015,-0.36355373576958816
COHFACE_s29_session0_lamp,98,233,105.76666666666667,0.5452682971954346,-0.5701599730069281
COHFACE_s29_session0_lamp,98,234,105.8,0.36839762330055237,-0.7180428931213069
COHFACE_s29_session0_lamp,98,235,105.83333333333333,0.17025893926620483,-0.7853981900973847
COHFACE_s29_session0_lamp,98,236,105.86666666666666,-0.01977379061281681,-0.7578568921606944
COHFACE_s29_session0_lamp,98,237,105.9,-0.17551714181900024,-0.6355823761015239
COHFACE_s29_session0_lamp,98,238,105.93333333333334,-0.29487836360931396,-0.43522393116667474
COHFACE_s29_session0_lamp,98,239,105.96666666666667,-0.3902948796749115,-0.18683138713638622
