recording_id,measurement_id,sample_index,time_seconds,gt_signal,predicted_signal
UBFC_PHYS_s20_T2_ctrl,0,0,0.0,0.817988395690918,-0.021172060045309023
UBFC_PHYS_s20_T2_ctrl,0,1,0.03333333333333333,0.6500211358070374,-0.49252251783951545
UBFC_PHYS_s20_T2_ctrl,0,2,0.06666666666666667,0.5207234621047974,-0.910415312171776
UBFC_PHYS_s20_T2_ctrl,0,3,0.1,0.5139673948287964,-1.2297697782545922
UBFC_PHYS_s20_T2_ctrl,0,4,0.13333333333333333,0.6034390330314636,-1.4269263763326037
UBFC_PHYS_s20_T2_ctrl,0,5,0.16666666666666666,0.6927077770233154,-1.5053598546452711
UBFC_PHYS_s20_T2_ctrl,0,6,0.2,0.711717963218689,-1.4899316241419203
UBFC_PHYS_s20_T2_ctrl,0,7,0.23333333333333334,0.6159772276878357,-1.413391233764822
UBFC_PHYS_s20_T2_ctrl,0,8,0.26666666666666666,0.36971724033355713,-1.3014139913257001
UBFC_PHYS_s20_T2_ctrl,0,9,0.3,0.038489583879709244,-1.163651571194363
UBFC_PHYS_s20_T2_ctrl,0,10,0.3333333333333333,-0.17330053448677063,-0.9939291495432869
UBFC_PHYS_s20_T2_ctrl,0,11,0.36666666666666664,-0.11401796340942383,-0.7777960383335834
UBFC_PHYS_s20_T2_ctrl,0,12,0.4,0.1415949910879135,-0.5040237804676263
UBFC_PHYS_s20_T2_ctrl,0,13,0.43333333333333335,0.39321112632751465,-0.17575806528866342
UBFC_PHYS_s20_T2_ctrl,0,14,0.4666666666666667,0.5525964498519897,0.18308410555475196
UBFC_PHYS_s20_T2_ctrl,0,15,0.5,0.6493921875953674,0.5298299239119757
UBFC_PHYS_s20_T2_ctrl,0,16,0.5333333333333333,0.6823810338973999,0.8136327289887081
UBFC_PHYS_s20_T2_ctrl,0,17,0.5666666666666667,0.6486009359359741,0.9911359991976261
UBFC_PHYS_s20_T2_ctrl,0,18,0.6,0.5977177619934082,1.0407806495904628
UBFC_PHYS_s20_T2_ctrl,0,19,0.6333333333333333,0.5442782044410706,0.9677107873822228
UBFC_PHYS_s20_T2_ctrl,0,20,0.6666666666666666,0.4562470614910126,0.7979957896200636
UBFC_PHYS_s20_T2_ctrl,0,21,0.7,0.3583963215351105,0.5678316947747
UBFC_PHYS_s20_T2_ctrl,0,22,0.7333333333333333,0.31469520926475525,0.3133956713303422
UBFC_PHYS_s20_T2_ctrl,0,23,0.7666666666666667,0.3159733712673187,0.06570192649332014
UBFC_PHYS_s20_T2_ctrl,0,24,0.8,0.2754981219768524,-0.149727252539524
UBFC_PHYS_s20_T2_ctrl,0,25,0.8333333333333334,0.15212464332580566,-0.3127964468184256
UBFC_PHYS_s20_T2_ctrl,0,26,0.8666666666666667,0.0028835234697908163,-0.4101885115821119
UBFC_PHYS_s20_T2_ctrl,0,27,0.9,-0.0726500153541565,-0.4367674887259572
UBFC_PHYS_s20_T2_ctrl,0,28,0.9333333333333333,-0.024282580241560936,-0.3962552064234394
UBFC_PHYS_s20_T2_ctrl,0,29,0.9666666666666667,0.10335144400596619,-0.3011935105562682
UBFC_PHYS_s20_T2_ctrl,0,30,1.0,0.22364108264446259,-0.17170290408482478
UBFC_PHYS_s20_T2_ctrl,0,31,1.0333333333333334,0.2998238503932953,-0.03220592092463026
UBFC_PHYS_s20_T2_ctrl,0,32,1.0666666666666667,0.34847530722618103,0.09353251417686613
UBFC_PHYS_s20_T2_ctrl,0,33,1.1,0.3777514100074768,0.18747624678376482
UBFC_PHYS_s20_T2_ctrl,0,34,1.1333333333333333,0.40110331773757935,0.24077119247677525
UBFC_PHYS_s20_T2_ctrl,0,35,1.1666666666666667,0.4570585787296295,0.2540246030265865
UBFC_PHYS_s20_T2_ctrl,0,36,1.2,0.5582771897315979,0.23475178119502943
UBFC_PHYS_s20_T2_ctrl,0,37,1.2333333333333334,0.6619303822517395,0.1941123396037133
UBFC_PHYS_s20_T2_ctrl,0,38,1.2666666666666666,0.728415310382843,0.14395513731565926
UBFC_PHYS_s20_T2_ctrl,0,39,1.3,0.7739220857620239,0.0939195731429771
UBFC_PHYS_s20_T2_ctrl,0,40,1.3333333333333333,0.8237705826759338,0.04928481784322745
UBFC_PHYS_s20_T2_ctrl,0,41,1.3666666666666667,0.8431662321090698,0.011116107980038628
UBFC_PHYS_s20_T2_ctrl,0,42,1.4,0.8148842453956604,-0.021470384877461755
UBFC_PHYS_s20_T2_ctrl,0,43,1.4333333333333333,0.867207944393158,-0.04878791773504926
UBFC_PHYS_s20_T2_ctrl,0,44,1.4666666666666666,1.145787239074707,-0.06919575374438057
UBFC_PHYS_s20_T2_ctrl,0,45,1.5,1.590366005897522,-0.0794446939959906
UBFC_PHYS_s20_T2_ctrl,0,46,1.5333333333333334,2.004349708557129,-0.07647859912071422
UBFC_PHYS_s20_T2_ctrl,0,47,1.5666666666666667,2.223869800567627,-0.05962767495808007
UBFC_PHYS_s20_T2_ctrl,0,48,1.6,2.1557414531707764,-0.03203510450647925
UBFC_PHYS_s20_T2_ctrl,0,49,1.6333333333333333,1.9672627449035645,-0.000333021729483682
UBFC_PHYS_s20_T2_ctrl,0,50,1.6666666666666667,2.017232894897461,0.02740776141348983
UBFC_PHYS_s20_T2_ctrl,0,51,1.7,2.2708981037139893,0.04441666824564561
UBFC_PHYS_s20_T2_ctrl,0,52,1.7333333333333334,2.2538154125213623,0.04755639399968631
UBFC_PHYS_s20_T2_ctrl,0,53,1.7666666666666666,1.8014256954193115,0.03832324362065444
UBFC_PHYS_s20_T2_ctrl,0,54,1.8,1.2288274765014648,0.022224509078072552
UBFC_PHYS_s20_T2_ctrl,0,55,1.8333333333333333,0.6286980509757996,0.006924222584310905
UBFC_PHYS_s20_T2_ctrl,0,56,1.8666666666666667,-0.27287575602531433,-0.00017494191188199078
UBFC_PHYS_s20_T2_ctrl,0,57,1.9,-1.688921570777893,0.005902720448056786
UBFC_PHYS_s20_T2_ctrl,0,58,1.9333333333333333,-3.421060085296631,0.026384805112909863
UBFC_PHYS_s20_T2_ctrl,0,59,1.9666666666666666,-4.850415229797363,0.058554233391933865
UBFC_PHYS_s20_T2_ctrl,0,60,2.0,-5.372292518615723,0.09667035676069213
UBFC_PHYS_s20_T2_ctrl,0,61,2.033333333333333,-4.899939060211182,0.1337248546942253
UBFC_PHYS_s20_T2_ctrl,0,62,2.066666666666667,-3.9745261669158936,0.16337483180834228
UBFC_PHYS_s20_T2_ctrl,0,63,2.1,-3.1708030700683594,0.18115055059364635
UBFC_PHYS_s20_T2_ctrl,0,64,2.1333333333333333,-2.710399627685547,0.1845064271233374
UBFC_PHYS_s20_T2_ctrl,0,65,2.1666666666666665,-2.4526970386505127,0.17184194492200452
UBFC_PHYS_s20_T2_ctrl,0,66,2.2,-2.2331769466400146,0.1412573009537994
UBFC_PHYS_s20_T2_ctrl,0,67,2.2333333333333334,-2.081805467605591,0.09025053022531924
UBFC_PHYS_s20_T2_ctrl,0,68,2.2666666666666666,-2.0615577697753906,0.01692391384125276
UBFC_PHYS_s20_T2_ctrl,0,69,2.3,-2.0021941661834717,-0.0775412577908743
UBFC_PHYS_s20_T2_ctrl,0,70,2.3333333333333335,-1.6024121046066284,-0.18653884933528492
UBFC_PHYS_s20_T2_ctrl,0,71,2.3666666666666667,-0.8195251226425171,-0.2980414940039076
UBFC_PHYS_s20_T2_ctrl,0,72,2.4,-0.030227068811655045,-0.3973646076101019
UBFC_PHYS_s20_T2_ctrl,0,73,2.433333333333333,0.3455335199832916,-0.4711629444300729
UBFC_PHYS_s20_T2_ctrl,0,74,2.466666666666667,0.3267059326171875,-0.5105493951594131
UBFC_PHYS_s20_T2_ctrl,0,75,2.5,0.2957661747932434,-0.5111487629578606
UBFC_PHYS_s20_T2_ctrl,0,76,2.533333333333333,0.4945717453956604,-0.4715514388738822
UBFC_PHYS_s20_T2_ctrl,0,77,2.566666666666667,0.8221880793571472,-0.3948001432631276
UBFC_PHYS_s20_T2_ctrl,0,78,2.6,1.1320520639419556,-0.292105569435551
UBFC_PHYS_s20_T2_ctrl,0,79,2.6333333333333333,1.3644551038742065,-0.18273673884791683
UBFC_PHYS_s20_T2_ctrl,0,80,2.6666666666666665,1.5027202367782593,-0.08844600956092517
UBFC_PHYS_s20_T2_ctrl,0,81,2.7,1.5524470806121826,-0.025744449672389147
UBFC_PHYS_s20_T2_ctrl,0,82,2.7333333333333334,1.5397465229034424,0.0003603940225319919
UBFC_PHYS_s20_T2_ctrl,0,83,2.7666666666666666,1.519417643547058,-0.0019354868304401855
UBFC_PHYS_s20_T2_ctrl,0,84,2.8,1.5662634372711182,-0.01430666945890149
UBFC_PHYS_s20_T2_ctrl,0,85,2.8333333333333335,1.681967854499817,-0.013491817070112731
UBFC_PHYS_s20_T2_ctrl,0,86,2.8666666666666667,1.7469717264175415,0.02315269613689258
UBFC_PHYS_s20_T2_ctrl,0,87,2.9,1.6358929872512817,0.11227486540127607
UBFC_PHYS_s20_T2_ctrl,0,88,2.933333333333333,1.35086190700531,0.25952094587582547
UBFC_PHYS_s20_T2_ctrl,0,89,2.966666666666667,1.0434528589248657,0.4549612949727851
UBFC_PHYS_s20_T2_ctrl,0,90,3.0,0.9716726541519165,0.6710548326745889
UBFC_PHYS_s20_T2_ctrl,0,91,3.033333333333333,1.2694041728973389,0.8668466073178672
UBFC_PHYS_s20_T2_ctrl,0,92,3.066666666666667,1.6007739305496216,0.9985217672779972
UBFC_PHYS_s20_T2_ctrl,0,93,3.1,1.5003465414047241,1.03262830870558
UBFC_PHYS_s20_T2_ctrl,0,94,3.1333333333333333,0.8808416724205017,0.956876050677086
UBFC_PHYS_s20_T2_ctrl,0,95,3.1666666666666665,-0.018804725259542465,0.7830426368095836
UBFC_PHYS_s20_T2_ctrl,0,96,3.2,-0.9551324844360352,0.541160496421917
UBFC_PHYS_s20_T2_ctrl,0,97,3.2333333333333334,-1.706288456916809,0.268934711764083
UBFC_PHYS_s20_T2_ctrl,0,98,3.2666666666666666,-2.063809871673584,0.0009146879707933354
UBFC_PHYS_s20_T2_ctrl,0,99,3.3,-2.0105326175689697,-0.23844717764542844
UBFC_PHYS_s20_T2_ctrl,0,100,3.3333333333333335,-1.7214032411575317,-0.4367244287298571
UBFC_PHYS_s20_T2_ctrl,0,101,3.3666666666666667,-1.3968911170959473,-0.5923479089860043
UBFC_PHYS_s20_T2_ctrl,0,102,3.4,-1.156413197517395,-0.711540352718324
UBFC_PHYS_s20_T2_ctrl,0,103,3.433333333333333,-1.0140498876571655,-0.8035200327185648
UBFC_PHYS_s20_T2_ctrl,0,104,3.466666666666667,-0.977530837059021,-0.8752501257355989
UBFC_PHYS_s20_T2_ctrl,0,105,3.5,-1.1141729354858398,-0.9279532427527406
UBFC_PHYS_s20_T2_ctrl,0,106,3.533333333333333,-1.3999546766281128,-0.956198351978975
UBFC_PHYS_s20_T2_ctrl,0,107,3.566666666666667,-1.6204484701156616,-0.9488693789263374
UBFC_PHYS_s20_T2_ctrl,0,108,3.6,-1.6477159261703491,-0.8912277869891566
UBFC_PHYS_s20_T2_ctrl,0,109,3.6333333333333333,-1.5709651708602905,-0.7674037701007588
UBFC_PHYS_s20_T2_ctrl,0,110,3.6666666666666665,-1.471653699874878,-0.563875170573068
UBFC_PHYS_s20_T2_ctrl,0,111,3.7,-1.303889274597168,-0.27541258497325544
UBFC_PHYS_s20_T2_ctrl,0,112,3.7333333333333334,-1.0849575996398926,0.08768746828878317
UBFC_PHYS_s20_T2_ctrl,0,113,3.7666666666666666,-0.9673054814338684,0.49483512035126337
UBFC_PHYS_s20_T2_ctrl,0,114,3.8,-1.0044331550598145,0.8962613808891816
UBFC_PHYS_s20_T2_ctrl,0,115,3.8333333333333335,-1.0666981935501099,1.2322270795181276
UBFC_PHYS_s20_T2_ctrl,0,116,3.8666666666666667,-1.0362656116485596,1.4477714737500142
UBFC_PHYS_s20_T2_ctrl,0,117,3.9,-0.8593308925628662,1.506087639008189
UBFC_PHYS_s20_T2_ctrl,0,118,3.933333333333333,-0.5093567967414856,1.3961132938749157
UBFC_PHYS_s20_T2_ctrl,0,119,3.966666666666667,-0.05889451131224632,1.1332337270159436
UBFC_PHYS_s20_T2_ctrl,0,120,4.0,0.3821945786476135,0.7542304513075103
UBFC_PHYS_s20_T2_ctrl,0,121,4.033333333333333,0.8942928910255432,0.3094415272443997
UBFC_PHYS_s20_T2_ctrl,0,122,4.066666666666666,1.5841171741485596,-0.14589835794432587
UBFC_PHYS_s20_T2_ctrl,0,123,4.1,2.213198184967041,-0.5604381049226214
UBFC_PHYS_s20_T2_ctrl,0,124,4.133333333333334,2.408027172088623,-0.894134833208236
UBFC_PHYS_s20_T2_ctrl,0,125,4.166666666666667,2.1586427688598633,-1.1221512092452557
UBFC_PHYS_s20_T2_ctrl,0,126,4.2,1.757866621017456,-1.2346705684997166
UBFC_PHYS_s20_T2_ctrl,0,127,4.233333333333333,1.4075273275375366,-1.2337181457517614
UBFC_PHYS_s20_T2_ctrl,0,128,4.266666666666667,1.1562966108322144,-1.1293355738430255
UBFC_PHYS_s20_T2_ctrl,0,129,4.3,1.020790696144104,-0.9381192971884856
UBFC_PHYS_s20_T2_ctrl,0,130,4.333333333333333,0.9536160230636597,-0.6837207925329241
UBFC_PHYS_s20_T2_ctrl,0,131,4.366666666666666,0.8684455156326294,-0.3956950071578911
UBFC_PHYS_s20_T2_ctrl,0,132,4.4,0.7239518761634827,-0.10568640249989422
UBFC_PHYS_s20_T2_ctrl,0,133,4.433333333333334,0.5027276873588562,0.1570875145789915
UBFC_PHYS_s20_T2_ctrl,0,134,4.466666666666667,0.2155866175889969,0.3694999330672113
UBFC_PHYS_s20_T2_ctrl,0,135,4.5,0.007570133078843355,0.5164911208297036
UBFC_PHYS_s20_T2_ctrl,0,136,4.533333333333333,0.10503537952899933,0.5912885863960003
UBFC_PHYS_s20_T2_ctrl,0,137,4.566666666666666,0.4593917429447174,0.5945130695909056
UBFC_PHYS_s20_T2_ctrl,0,138,4.6,0.7155525088310242,0.5333419860398623
UBFC_PHYS_s20_T2_ctrl,0,139,4.633333333333334,0.589358925819397,0.4220956212824773
UBFC_PHYS_s20_T2_ctrl,0,140,4.666666666666667,0.1827600598335266,0.2831701409575496
UBFC_PHYS_s20_T2_ctrl,0,141,4.7,-0.1687559336423874,0.145114167037311
UBFC_PHYS_s20_T2_ctrl,0,142,4.733333333333333,-0.29914918541908264,0.037256313236153964
UBFC_PHYS_s20_T2_ctrl,0,143,4.766666666666667,-0.3132292926311493,-0.016827441454653154
UBFC_PHYS_s20_T2_ctrl,0,144,4.8,-0.3331524729728699,-0.004809089586068826
UBFC_PHYS_s20_T2_ctrl,0,145,4.833333333333333,-0.398602694272995,0.07162411368610314
UBFC_PHYS_s20_T2_ctrl,0,146,4.866666666666666,-0.5669960379600525,0.197434516480114
UBFC_PHYS_s20_T2_ctrl,0,147,4.9,-0.8325502872467041,0.34794963674107204
UBFC_PHYS_s20_T2_ctrl,0,148,4.933333333333334,-1.0795406103134155,0.4941407854535839
UBFC_PHYS_s20_T2_ctrl,0,149,4.966666666666667,-1.2402650117874146,0.6071842296975779
UBFC_PHYS_s20_T2_ctrl,0,150,5.0,-1.2885513305664062,0.6616904927874964
UBFC_PHYS_s20_T2_ctrl,0,151,5.033333333333333,-1.1524975299835205,0.6386479084696683
UBFC_PHYS_s20_T2_ctrl,0,152,5.066666666666666,-0.9433043599128723,0.5283173655728661
UBFC_PHYS_s20_T2_ctrl,0,153,5.1,-0.9312125444412231,0.33230159934395215
UBFC_PHYS_s20_T2_ctrl,0,154,5.133333333333334,-1.116627812385559,0.06430092496017224
UBFC_PHYS_s20_T2_ctrl,0,155,5.166666666666667,-1.137605905532837,-0.25057909357012054
UBFC_PHYS_s20_T2_ctrl,0,156,5.2,-0.674909770488739,-0.578072508518655
UBFC_PHYS_s20_T2_ctrl,0,157,5.233333333333333,0.3049567937850952,-0.8785697242483195
UBFC_PHYS_s20_T2_ctrl,0,158,5.266666666666667,1.5788016319274902,-1.1126804042694016
UBFC_PHYS_s20_T2_ctrl,0,159,5.3,2.681980848312378,-1.2486471050042571
UBFC_PHYS_s20_T2_ctrl,0,160,5.333333333333333,3.1518590450286865,-1.2694279727082027
UBFC_PHYS_s20_T2_ctrl,0,161,5.366666666666666,2.9148099422454834,-1.1753529909495686
UBFC_PHYS_s20_T2_ctrl,0,162,5.4,2.362743616104126,-0.9813581707357992
UBFC_PHYS_s20_T2_ctrl,0,163,5.433333333333334,1.945838212966919,-0.7111133037651415
UBFC_PHYS_s20_T2_ctrl,0,164,5.466666666666667,1.7943044900894165,-0.39080758207776406
UBFC_PHYS_s20_T2_ctrl,0,165,5.5,1.7437459230422974,-0.04518927839424604
UBFC_PHYS_s20_T2_ctrl,0,166,5.533333333333333,1.5357496738433838,0.3032301868350171
UBFC_PHYS_s20_T2_ctrl,0,167,5.566666666666666,1.1100189685821533,0.6327021379065939
UBFC_PHYS_s20_T2_ctrl,0,168,5.6,0.7159785628318787,0.9201646650956402
UBFC_PHYS_s20_T2_ctrl,0,169,5.633333333333334,0.5116342306137085,1.1405631708064319
UBFC_PHYS_s20_T2_ctrl,0,170,5.666666666666667,0.2118738442659378,1.2691896293423797
UBFC_PHYS_s20_T2_ctrl,0,171,5.7,-0.43850988149642944,1.2878130610413294
UBFC_PHYS_s20_T2_ctrl,0,172,5.733333333333333,-1.1277457475662231,1.192088366447717
UBFC_PHYS_s20_T2_ctrl,0,173,5.766666666666667,-1.338338851928711,0.9949774448721026
UBFC_PHYS_s20_T2_ctrl,0,174,5.8,-1.035839557647705,0.7240951339725432
UBFC_PHYS_s20_T2_ctrl,0,175,5.833333333333333,-0.6688435673713684,0.4145842607530629
UBFC_PHYS_s20_T2_ctrl,0,176,5.866666666666666,-0.6157286167144775,0.1005011293987393
UBFC_PHYS_s20_T2_ctrl,0,177,5.9,-0.8422278165817261,-0.19156956909433043
UBFC_PHYS_s20_T2_ctrl,0,178,5.933333333333334,-1.0960959196090698,-0.44482646473862547
UBFC_PHYS_s20_T2_ctrl,0,179,5.966666666666667,-1.2349088191986084,-0.6508276513657619
UBFC_PHYS_s20_T2_ctrl,0,180,6.0,-1.188428282737732,-0.8057408442107167
UBFC_PHYS_s20_T2_ctrl,0,181,6.033333333333333,-0.9116748571395874,-0.9063797109110688
UBFC_PHYS_s20_T2_ctrl,0,182,6.066666666666666,-0.5669960379600525,-0.9481543859342528
UBFC_PHYS_s20_T2_ctrl,0,183,6.1,-0.3490990996360779,-0.9265935136916246
UBFC_PHYS_s20_T2_ctrl,0,184,6.133333333333334,-0.2287486046552658,-0.8417401935351196
UBFC_PHYS_s20_T2_ctrl,0,185,6.166666666666667,-0.10097255557775497,-0.7025207642338981
UBFC_PHYS_s20_T2_ctrl,0,186,6.2,-0.02602737955749035,-0.5277393935151606
UBFC_PHYS_s20_T2_ctrl,0,187,6.233333333333333,-0.10531426221132278,-0.34078156354712447
UBFC_PHYS_s20_T2_ctrl,0,188,6.266666666666667,-0.2762436270713806,-0.1606252588819976
UBFC_PHYS_s20_T2_ctrl,0,189,6.3,-0.40071266889572144,0.0033272457886848513
UBFC_PHYS_s20_T2_ctrl,0,190,6.333333333333333,-0.422542929649353,0.15011569071070896
UBFC_PHYS_s20_T2_ctrl,0,191,6.366666666666666,-0.31822022795677185,0.2829040854162297
UBFC_PHYS_s20_T2_ctrl,0,192,6.4,-0.08464042842388153,0.40434578416136907
UBFC_PHYS_s20_T2_ctrl,0,193,6.433333333333334,0.2085668444633484,0.5135265699893088
UBFC_PHYS_s20_T2_ctrl,0,194,6.466666666666667,0.45916858315467834,0.6053927291626692
UBFC_PHYS_s20_T2_ctrl,0,195,6.5,0.5739194750785828,0.6724455040145642
UBFC_PHYS_s20_T2_ctrl,0,196,6.533333333333333,0.4776715636253357,0.7074980930458414
UBFC_PHYS_s20_T2_ctrl,0,197,6.566666666666666,0.24198175966739655,0.7056198754453935
UBFC_PHYS_s20_T2_ctrl,0,198,6.6,0.03721141442656517,0.6645982212520286
UBFC_PHYS_s20_T2_ctrl,0,199,6.633333333333334,-0.06808513402938843,0.5845781515931655
UBFC_PHYS_s20_T2_ctrl,0,200,6.666666666666667,-0.11608737707138062,0.46750980736937425
UBFC_PHYS_s20_T2_ctrl,0,201,6.7,-0.11470776796340942,0.31681612401127934
UBFC_PHYS_s20_T2_ctrl,0,202,6.733333333333333,-0.08482302725315094,0.1375383101362521
UBFC_PHYS_s20_T2_ctrl,0,203,6.766666666666667,-0.12130147963762283,-0.063006332990447
UBFC_PHYS_s20_T2_ctrl,0,204,6.8,-0.258714497089386,-0.2742730297720748
UBFC_PHYS_s20_T2_ctrl,0,205,6.833333333333333,-0.4509466290473938,-0.48168606278536097
UBFC_PHYS_s20_T2_ctrl,0,206,6.866666666666666,-0.6341098546981812,-0.6667665279650575
UBFC_PHYS_s20_T2_ctrl,0,207,6.9,-0.6983428001403809,-0.809112969540246
UBFC_PHYS_s20_T2_ctrl,0,208,6.933333333333334,-0.5672191977500916,-0.8898988177243533
UBFC_PHYS_s20_T2_ctrl,0,209,6.966666666666667,-0.3061486780643463,-0.8953205292821443
UBFC_PHYS_s20_T2_ctrl,0,210,7.0,-0.03320945426821709,-0.8190472652989456
UBFC_PHYS_s20_T2_ctrl,0,211,7.033333333333333,0.17906758189201355,-0.6634918353782283
UBFC_PHYS_s20_T2_ctrl,0,212,7.066666666666666,0.29183024168014526,-0.44009491571391735
UBFC_PHYS_s20_T2_ctrl,0,213,7.1,0.321086049079895,-0.16905970563998254
UBFC_PHYS_s20_T2_ctrl,0,214,7.133333333333334,0.32934340834617615,0.12168376115533901
UBFC_PHYS_s20_T2_ctrl,0,215,7.166666666666667,0.31088101863861084,0.39909110862182967
UBFC_PHYS_s20_T2_ctrl,0,216,7.2,0.19850382208824158,0.6293120641479639
UBFC_PHYS_s20_T2_ctrl,0,217,7.233333333333333,0.0051558190025389194,0.7829804435048737
UBFC_PHYS_s20_T2_ctrl,0,218,7.266666666666667,-0.18754296004772186,0.8407113390166054
UBFC_PHYS_s20_T2_ctrl,0,219,7.3,-0.3678455352783203,0.7979813598395241
UBFC_PHYS_s20_T2_ctrl,0,220,7.333333333333333,-0.5836324691772461,0.667618496893948
UBFC_PHYS_s20_T2_ctrl,0,221,7.366666666666666,-0.8470767140388489,0.4775258446150066
UBFC_PHYS_s20_T2_ctrl,0,222,7.4,-1.095487356185913,0.2638541678448768
UBFC_PHYS_s20_T2_ctrl,0,223,7.433333333333334,-1.1954277753829956,0.06246518806742821
UBFC_PHYS_s20_T2_ctrl,0,224,7.466666666666667,-1.059536337852478,-0.09844782287132146
UBFC_PHYS_s20_T2_ctrl,0,225,7.5,-0.7617642283439636,-0.2022264561989937
UBFC_PHYS_s20_T2_ctrl,0,226,7.533333333333333,-0.416273832321167,-0.24402180484913658
UBFC_PHYS_s20_T2_ctrl,0,227,7.566666666666666,-0.06851118803024292,-0.22952528885952142
UBFC_PHYS_s20_T2_ctrl,0,228,7.6,0.22467578947544098,-0.1731044396958945
UBFC_PHYS_s20_T2_ctrl,0,229,7.633333333333334,0.3907359540462494,-0.09495307166594343
UBFC_PHYS_s20_T2_ctrl,0,230,7.666666666666667,0.44163942337036133,-0.017501485229687478
UBFC_PHYS_s20_T2_ctrl,0,231,7.7,0.44080761075019836,0.0379762221435389
UBFC_PHYS_s20_T2_ctrl,0,232,7.733333333333333,0.412566214799881,0.054396173515725524
UBFC_PHYS_s20_T2_ctrl,0,233,7.766666666666667,0.35377058386802673,0.02205300873613583
UBFC_PHYS_s20_T2_ctrl,0,234,7.8,0.2636294364929199,-0.05862689608526376
UBFC_PHYS_s20_T2_ctrl,0,235,7.833333333333333,0.15161743760108948,-0.17641349193156097
UBFC_PHYS_s20_T2_ctrl,0,236,7.866666666666666,0.01290596928447485,-0.31143701614227787
UBFC_PHYS_s20_T2_ctrl,0,237,7.9,-0.19584089517593384,-0.43983429961522713
UBFC_PHYS_s20_T2_ctrl,0,238,7.933333333333334,-0.4567491114139557,-0.5394567827942637
UBFC_PHYS_s20_T2_ctrl,0,239,7.966666666666667,-0.6074712872505188,-0.5943964216318589
UBFC_PHYS_s20_T2_ctrl,0,240,8.0,-0.5125218033790588,-0.5969688669672515
UBFC_PHYS_s20_T2_ctrl,0,241,8.033333333333333,-0.24524302780628204,-0.546911871921501
UBFC_PHYS_s20_T2_ctrl,0,242,8.066666666666666,0.04228350520133972,-0.44881719835820844
UBFC_PHYS_s20_T2_ctrl,0,243,8.1,0.3067827522754669,-0.3097915797503345
UBFC_PHYS_s20_T2_ctrl,0,244,8.133333333333333,0.5146369338035583,-0.13812165627581643
UBFC_PHYS_s20_T2_ctrl,0,245,8.166666666666666,0.611351490020752,0.05763415543653663
UBFC_PHYS_s20_T2_ctrl,0,246,8.2,0.6327151656150818,0.26859943641784223
UBFC_PHYS_s20_T2_ctrl,0,247,8.233333333333333,0.6483168601989746,0.4830842836265091
UBFC_PHYS_s20_T2_ctrl,0,248,8.266666666666667,0.6264054775238037,0.6837364479625482
UBFC_PHYS_s20_T2_ctrl,0,249,8.3,0.5440956354141235,0.8494742415915929
UBFC_PHYS_s20_T2_ctrl,0,250,8.333333333333334,0.4873896837234497,0.9618122134286713
UBFC_PHYS_s20_T2_ctrl,0,251,8.366666666666667,0.48006558418273926,1.009712104113496
UBFC_PHYS_s20_T2_ctrl,0,252,8.4,0.422304630279541,0.990288931138426
UBFC_PHYS_s20_T2_ctrl,0,253,8.433333333333334,0.2624729871749878,0.9065499115282778
UBFC_PHYS_s20_T2_ctrl,0,254,8.466666666666667,0.09633167833089828,0.7643340240663098
UBFC_PHYS_s20_T2_ctrl,0,255,8.5,0.07817360013723373,0.57101356461195
UBFC_PHYS_s20_T2_ctrl,0,256,8.533333333333333,0.28057020902633667,0.3363399365691576
UBFC_PHYS_s20_T2_ctrl,0,257,8.566666666666666,0.6334860920906067,0.07357537643354123
UBFC_PHYS_s20_T2_ctrl,0,258,8.6,1.0688133239746094,-0.2001491420506227
UBFC_PHYS_s20_T2_ctrl,0,259,8.633333333333333,1.5440882444381714,-0.4642318702849574
UBFC_PHYS_s20_T2_ctrl,0,260,8.666666666666666,1.9316160678863525,-0.6962801951613697
UBFC_PHYS_s20_T2_ctrl,0,261,8.7,2.1085102558135986,-0.875966603331852
UBFC_PHYS_s20_T2_ctrl,0,262,8.733333333333333,2.1319026947021484,-0.9902974920528523
UBFC_PHYS_s20_T2_ctrl,0,263,8.766666666666667,2.053609848022461,-1.037941137113408
UBFC_PHYS_s20_T2_ctrl,0,264,8.8,1.7808735370635986,-1.0300898707328532
UBFC_PHYS_s20_T2_ctrl,0,265,8.833333333333334,1.3474129438400269,-0.9857797214632008
UBFC_PHYS_s20_T2_ctrl,0,266,8.866666666666667,0.9326784610748291,-0.9225416884605862
UBFC_PHYS_s20_T2_ctrl,0,267,8.9,0.654565691947937,-0.8461652301948112
UBFC_PHYS_s20_T2_ctrl,0,268,8.933333333333334,0.5355339050292969,-0.7442302396180214
UBFC_PHYS_s20_T2_ctrl,0,269,8.966666666666667,0.2754575312137604,-0.5879330217967579
UBFC_PHYS_s20_T2_ctrl,0,270,9.0,-0.7273754477500916,-0.3440648989749989
UBFC_PHYS_s20_T2_ctrl,0,271,9.033333333333333,-2.35624623298645,0.004373372545941265
UBFC_PHYS_s20_T2_ctrl,0,272,9.066666666666666,-3.4501535892486572,0.43796811859402396
UBFC_PHYS_s20_T2_ctrl,0,273,9.1,-3.435688018798828,0.8957554384597092
UBFC_PHYS_s20_T2_ctrl,0,274,9.133333333333333,-2.902895450592041,1.2896571869693478
UBFC_PHYS_s20_T2_ctrl,0,275,9.166666666666666,-2.500577449798584,1.5316536634574858
UBFC_PHYS_s20_T2_ctrl,0,276,9.2,-2.2768781185150146,1.5625068526499841
UBFC_PHYS_s20_T2_ctrl,0,277,9.233333333333333,-1.9766104221343994,1.3688493396592967
UBFC_PHYS_s20_T2_ctrl,0,278,9.266666666666667,-1.178182601928711,0.9833942342143919
UBFC_PHYS_s20_T2_ctrl,0,279,9.3,0.5301575064659119,0.47184312429765796
UBFC_PHYS_s20_T2_ctrl,0,280,9.333333333333334,2.924020767211914,-0.086018398258436
UBFC_PHYS_s20_T2_ctrl,0,281,9.366666666666667,4.987549304962158,-0.6114604762451511
UBFC_PHYS_s20_T2_ctrl,0,282,9.4,5.753292560577393,-1.035066299244558
UBFC_PHYS_s20_T2_ctrl,0,283,9.433333333333334,5.225004196166992,-1.3017583966240203
UBFC_PHYS_s20_T2_ctrl,0,284,9.466666666666667,4.102327823638916,-1.3756723755525357
UBFC_PHYS_s20_T2_ctrl,0,285,9.5,2.847229480743408,-1.24617011338158
UBFC_PHYS_s20_T2_ctrl,0,286,9.533333333333333,1.4943006038665771,-0.9333817016031155
UBFC_PHYS_s20_T2_ctrl,0,287,9.566666666666666,0.07009883224964142,-0.4890185815688907
UBFC_PHYS_s20_T2_ctrl,0,288,9.6,-1.3198968172073364,0.010029895909064605
UBFC_PHYS_s20_T2_ctrl,0,289,9.633333333333333,-2.5568573474884033,0.4752778227228458
UBFC_PHYS_s20_T2_ctrl,0,290,9.666666666666666,-3.4933879375457764,0.8257074635816484
UBFC_PHYS_s20_T2_ctrl,0,291,9.7,-3.9451284408569336,1.0088831759982637
UBFC_PHYS_s20_T2_ctrl,0,292,9.733333333333333,-3.7312891483306885,1.0167238944586021
UBFC_PHYS_s20_T2_ctrl,0,293,9.766666666666667,-2.882810115814209,0.8859952533141646
UBFC_PHYS_s20_T2_ctrl,0,294,9.8,-1.7959223985671997,0.6822469027189182
UBFC_PHYS_s20_T2_ctrl,0,295,9.833333333333334,-0.805282711982727,0.4749979740361587
UBFC_PHYS_s20_T2_ctrl,0,296,9.866666666666667,0.07515063881874084,0.31469521367016073
UBFC_PHYS_s20_T2_ctrl,0,297,9.9,0.8182318210601807,0.22245824715940163
UBFC_PHYS_s20_T2_ctrl,0,298,9.933333333333334,1.2402701377868652,0.19344962094121432
UBFC_PHYS_s20_T2_ctrl,0,299,9.966666666666667,1.24201500415802,0.2047548811168817
UBFC_PHYS_s20_T2_ctrl,1,0,10.0,0.801554799079895,0.10678090442258541
UBFC_PHYS_s20_T2_ctrl,1,1,10.033333333333333,-0.09634681046009064,-0.28011020441635104
UBFC_PHYS_s20_T2_ctrl,1,2,10.066666666666666,-1.1044142246246338,-0.6154132998773353
UBFC_PHYS_s20_T2_ctrl,1,3,10.1,-1.602919340133667,-0.8573643966504062
UBFC_PHYS_s20_T2_ctrl,1,4,10.133333333333333,-1.3537174463272095,-0.9860850818096932
UBFC_PHYS_s20_T2_ctrl,1,5,10.166666666666666,-0.8025437593460083,-1.007323891569865
UBFC_PHYS_s20_T2_ctrl,1,6,10.2,-0.5627354383468628,-0.9461966630564408
UBFC_PHYS_s20_T2_ctrl,1,7,10.233333333333333,-0.7995208501815796,-0.8378483992390341
UBFC_PHYS_s20_T2_ctrl,1,8,10.266666666666667,-1.1454981565475464,-0.7195352272778721
UBFC_PHYS_s20_T2_ctrl,1,9,10.3,-1.0922006368637085,-0.6251743415162273
UBFC_PHYS_s20_T2_ctrl,1,10,10.333333333333334,-0.5800819993019104,-0.5801387671959134
UBFC_PHYS_s20_T2_ctrl,1,11,10.366666666666667,-0.08697359263896942,-0.5918042396245508
UBFC_PHYS_s20_T2_ctrl,1,12,10.4,-0.03631357476115227,-0.6402421230532215
UBFC_PHYS_s20_T2_ctrl,1,13,10.433333333333334,-0.29734352231025696,-0.6813593897275966
UBFC_PHYS_s20_T2_ctrl,1,14,10.466666666666667,-0.5180199146270752,-0.6636092630438594
UBFC_PHYS_s20_T2_ctrl,1,15,10.5,-0.6041237115859985,-0.5476939853640508
UBFC_PHYS_s20_T2_ctrl,1,16,10.533333333333333,-0.594831645488739,-0.3212068551967673
UBFC_PHYS_s20_T2_ctrl,1,17,10.566666666666666,-0.5046296119689941,-0.0043569869989858005
UBFC_PHYS_s20_T2_ctrl,1,18,10.6,-0.4307800233364105,0.3546475925439566
UBFC_PHYS_s20_T2_ctrl,1,19,10.633333333333333,-0.4619632065296173,0.6933759357545255
UBFC_PHYS_s20_T2_ctrl,1,20,10.666666666666666,-0.5455917716026306,0.9530830999297553
UBFC_PHYS_s20_T2_ctrl,1,21,10.7,-0.6111840605735779,1.0928592094301266
UBFC_PHYS_s20_T2_ctrl,1,22,10.733333333333333,-0.6361590027809143,1.0957824690999711
UBFC_PHYS_s20_T2_ctrl,1,23,10.766666666666667,-0.5880147218704224,0.9672057336139481
UBFC_PHYS_s20_T2_ctrl,1,24,10.8,-0.5117914080619812,0.7287052286022488
UBFC_PHYS_s20_T2_ctrl,1,25,10.833333333333334,-0.5150578022003174,0.413555123627554
UBFC_PHYS_s20_T2_ctrl,1,26,10.866666666666667,-0.5541737675666809,0.0648140329439153
UBFC_PHYS_s20_T2_ctrl,1,27,10.9,-0.4845847189426422,-0.26780900325097906
UBFC_PHYS_s20_T2_ctrl,1,28,10.933333333333334,-0.32193300127983093,-0.5339137204111233
UBFC_PHYS_s20_T2_ctrl,1,29,10.966666666666667,-0.21988259255886078,-0.6899201936416555
UBFC_PHYS_s20_T2_ctrl,1,30,11.0,-0.22828195989131927,-0.7067242984263962
UBFC_PHYS_s20_T2_ctrl,1,31,11.033333333333333,-0.2902831733226776,-0.5760802947643602
UBFC_PHYS_s20_T2_ctrl,1,32,11.066666666666666,-0.4165578782558441,-0.31481107795489727
UBFC_PHYS_s20_T2_ctrl,1,33,11.1,-0.6013847589492798,0.03355379388283088
UBFC_PHYS_s20_T2_ctrl,1,34,11.133333333333333,-0.650320291519165,0.4026617472296376
UBFC_PHYS_s20_T2_ctrl,1,35,11.166666666666666,-0.39829835295677185,0.7173699459094308
UBFC_PHYS_s20_T2_ctrl,1,36,11.2,0.031246639788150787,0.9142756484134362
UBFC_PHYS_s20_T2_ctrl,1,37,11.233333333333333,0.43890050053596497,0.9573480625115844
UBFC_PHYS_s20_T2_ctrl,1,38,11.266666666666667,0.7797651290893555,0.8430780127689006
UBFC_PHYS_s20_T2_ctrl,1,39,11.3,0.9786721467971802,0.5964637874963633
UBFC_PHYS_s20_T2_ctrl,1,40,11.333333333333334,0.8982288241386414,0.26116910732952714
UBFC_PHYS_s20_T2_ctrl,1,41,11.366666666666667,0.6032158732414246,-0.11167998324403429
UBFC_PHYS_s20_T2_ctrl,1,42,11.4,0.32692909240722656,-0.4724795836529556
UBFC_PHYS_s20_T2_ctrl,1,43,11.433333333333334,0.16796985268592834,-0.7778538011673156
UBFC_PHYS_s20_T2_ctrl,1,44,11.466666666666667,-0.0032841358333826065,-0.9916367136894553
UBFC_PHYS_s20_T2_ctrl,1,45,11.5,-0.3357087969779968,-1.084924672726351
UBFC_PHYS_s20_T2_ctrl,1,46,11.533333333333333,-0.7902084589004517,-1.0376741261848668
UBFC_PHYS_s20_T2_ctrl,1,47,11.566666666666666,-1.217907190322876,-0.8432249354943864
UBFC_PHYS_s20_T2_ctrl,1,48,11.6,-1.5112565755844116,-0.5151814014385888
UBFC_PHYS_s20_T2_ctrl,1,49,11.633333333333333,-1.5478161573410034,-0.0940987184177081
UBFC_PHYS_s20_T2_ctrl,1,50,11.666666666666666,-1.3001155853271484,0.3524126022961551
UBFC_PHYS_s20_T2_ctrl,1,51,11.7,-0.944115936756134,0.744639715495445
UBFC_PHYS_s20_T2_ctrl,1,52,11.733333333333333,-0.6170271039009094,1.015710771609748
UBFC_PHYS_s20_T2_ctrl,1,53,11.766666666666667,-0.330819308757782,1.128878438584586
UBFC_PHYS_s20_T2_ctrl,1,54,11.8,-0.17192092537879944,1.080207996705583
UBFC_PHYS_s20_T2_ctrl,1,55,11.833333333333334,-0.1700543910264969,0.8919030161191966
UBFC_PHYS_s20_T2_ctrl,1,56,11.866666666666667,-0.18823276460170746,0.6017080202841758
UBFC_PHYS_s20_T2_ctrl,1,57,11.9,-0.17904213070869446,0.25258979072665355
UBFC_PHYS_s20_T2_ctrl,1,58,11.933333333333334,-0.21939566731452942,-0.11435787236247677
UBFC_PHYS_s20_T2_ctrl,1,59,11.966666666666667,-0.2702788710594177,-0.4625573227756195
UBFC_PHYS_s20_T2_ctrl,1,60,12.0,-0.2118484079837799,-0.758867563114712
UBFC_PHYS_s20_T2_ctrl,1,61,12.033333333333333,-0.08963136374950409,-0.9711402136793311
UBFC_PHYS_s20_T2_ctrl,1,62,12.066666666666666,-0.047898221760988235,-1.0680258878022426
UBFC_PHYS_s20_T2_ctrl,1,63,12.1,-0.00916775781661272,-1.024879984264251
UBFC_PHYS_s20_T2_ctrl,1,64,12.133333333333333,0.26831603050231934,-0.8346540267257396
UBFC_PHYS_s20_T2_ctrl,1,65,12.166666666666666,0.8632314205169678,-0.5177817694566721
UBFC_PHYS_s20_T2_ctrl,1,66,12.2,1.5994348526000977,-0.12487033969512598
UBFC_PHYS_s20_T2_ctrl,1,67,12.233333333333333,2.2198729515075684,0.27266384029882645
UBFC_PHYS_s20_T2_ctrl,1,68,12.266666666666667,2.5567407608032227,0.6014806563201462
UBFC_PHYS_s20_T2_ctrl,1,69,12.3,2.5940308570861816,0.8051956140771752
UBFC_PHYS_s20_T2_ctrl,1,70,12.333333333333334,2.39479923248291,0.8561416328307104
UBFC_PHYS_s20_T2_ctrl,1,71,12.366666666666667,2.041862964630127,0.7567513576569675
UBFC_PHYS_s20_T2_ctrl,1,72,12.4,1.6664472818374634,0.5322186879196013
UBFC_PHYS_s20_T2_ctrl,1,73,12.433333333333334,1.3761615753173828,0.2204260266398497
UBFC_PHYS_s20_T2_ctrl,1,74,12.466666666666667,1.1642091274261475,-0.13587331583168474
UBFC_PHYS_s20_T2_ctrl,1,75,12.5,0.964977502822876,-0.49176923461532585
UBFC_PHYS_s20_T2_ctrl,1,76,12.533333333333333,0.7439156174659729,-0.7996421296693346
UBFC_PHYS_s20_T2_ctrl,1,77,12.566666666666666,0.48353487253189087,-1.0111611599134902
UBFC_PHYS_s20_T2_ctrl,1,78,12.6,0.21566776931285858,-1.0838540807207004
UBFC_PHYS_s20_T2_ctrl,1,79,12.633333333333333,0.08872354030609131,-0.9897574881817952
UBFC_PHYS_s20_T2_ctrl,1,80,12.666666666666666,0.20801906287670135,-0.723968521148243
UBFC_PHYS_s20_T2_ctrl,1,81,12.7,0.44086846709251404,-0.3115399346493567
UBFC_PHYS_s20_T2_ctrl,1,82,12.733333333333333,0.6111485958099365,0.19065817334712254
UBFC_PHYS_s20_T2_ctrl,1,83,12.766666666666667,0.7284761667251587,0.7015556022578987
UBFC_PHYS_s20_T2_ctrl,1,84,12.8,0.7882862091064453,1.1328889239671798
UBFC_PHYS_s20_T2_ctrl,1,85,12.833333333333334,0.6646084189414978,1.4106577717826332
UBFC_PHYS_s20_T2_ctrl,1,86,12.866666666666667,0.3747893273830414,1.4936191853205034
UBFC_PHYS_s20_T2_ctrl,1,87,12.9,0.10166751593351364,1.3803464306878865
UBFC_PHYS_s20_T2_ctrl,1,88,12.933333333333334,-0.05447164922952652,1.1033070280197612
UBFC_PHYS_s20_T2_ctrl,1,89,12.966666666666667,-0.13450920581817627,0.715525789906048
UBFC_PHYS_s20_T2_ctrl,1,90,13.0,-0.2218911349773407,0.2761694875069749
UBFC_PHYS_s20_T2_ctrl,1,91,13.033333333333333,-0.372268408536911,-0.15926148279429836
UBFC_PHYS_s20_T2_ctrl,1,92,13.066666666666666,-0.5621674060821533,-0.5428206938250674
UBFC_PHYS_s20_T2_ctrl,1,93,13.1,-0.7402179837226868,-0.8351155542033162
UBFC_PHYS_s20_T2_ctrl,1,94,13.133333333333333,-0.860548198223114,-1.0062758115604584
UBFC_PHYS_s20_T2_ctrl,1,95,13.166666666666666,-0.8436276912689209,-1.0386287248055803
UBFC_PHYS_s20_T2_ctrl,1,96,13.2,-0.6463640332221985,-0.9308722862310468
UBFC_PHYS_s20_T2_ctrl,1,97,13.233333333333333,-0.3420184850692749,-0.7015558715848085
UBFC_PHYS_s20_T2_ctrl,1,98,13.266666666666667,-0.02590564824640751,-0.3896364941009435
UBFC_PHYS_s20_T2_ctrl,1,99,13.3,0.23922254145145416,-0.05038873502887137
UBFC_PHYS_s20_T2_ctrl,1,100,13.333333333333334,0.3790498673915863,0.2538951704045555
UBFC_PHYS_s20_T2_ctrl,1,101,13.366666666666667,0.40197572112083435,0.4674615781477139
UBFC_PHYS_s20_T2_ctrl,1,102,13.4,0.42041781544685364,0.555016312616202
UBFC_PHYS_s20_T2_ctrl,1,103,13.433333333333334,0.4625161588191986,0.5098159111201962
UBFC_PHYS_s20_T2_ctrl,1,104,13.466666666666667,0.4177194833755493,0.3531351605300176
UBFC_PHYS_s20_T2_ctrl,1,105,13.5,0.22516271471977234,0.1262516392331068
UBFC_PHYS_s20_T2_ctrl,1,106,13.533333333333333,0.02520071156322956,-0.12190587473807393
UBFC_PHYS_s20_T2_ctrl,1,107,13.566666666666666,-0.0005452081677503884,-0.34692726548179414
UBFC_PHYS_s20_T2_ctrl,1,108,13.6,0.054740551859140396,-0.5171777854411773
UBFC_PHYS_s20_T2_ctrl,1,109,13.633333333333333,-0.07650479674339294,-0.6158357998948653
UBFC_PHYS_s20_T2_ctrl,1,110,13.666666666666666,-0.3707062005996704,-0.6377942997525365
UBFC_PHYS_s20_T2_ctrl,1,111,13.7,-0.4758201539516449,-0.5854689045513861
UBFC_PHYS_s20_T2_ctrl,1,112,13.733333333333333,-0.20876456797122955,-0.4661464031892069
UBFC_PHYS_s20_T2_ctrl,1,113,13.766666666666667,0.2518216073513031,-0.29146240842517224
UBFC_PHYS_s20_T2_ctrl,1,114,13.8,0.6321064829826355,-0.07819471577509779
UBFC_PHYS_s20_T2_ctrl,1,115,13.833333333333334,0.8058153390884399,0.1515496577753943
UBFC_PHYS_s20_T2_ctrl,1,116,13.866666666666667,0.8070732355117798,0.37190318752079593
UBFC_PHYS_s20_T2_ctrl,1,117,13.9,0.7374030351638794,0.5565897794588528
UBFC_PHYS_s20_T2_ctrl,1,118,13.933333333333334,0.6348859667778015,0.6834510263283807
UBFC_PHYS_s20_T2_ctrl,1,119,13.966666666666667,0.4817698001861572,0.7389554869024161
UBFC_PHYS_s20_T2_ctrl,1,120,14.0,0.2927229404449463,0.721016047621242
UBFC_PHYS_s20_T2_ctrl,1,121,14.033333333333333,0.12982775270938873,0.6382972519897528
UBFC_PHYS_s20_T2_ctrl,1,122,14.066666666666666,0.05845332145690918,0.5065052467535424
UBFC_PHYS_s20_T2_ctrl,1,123,14.1,0.0473758801817894,0.3443400230676329
UBFC_PHYS_s20_T2_ctrl,1,124,14.133333333333333,-0.08646637946367264,0.1704253569372247
UBFC_PHYS_s20_T2_ctrl,1,125,14.166666666666666,-0.4576417803764343,0.0009313732041949423
UBFC_PHYS_s20_T2_ctrl,1,126,14.2,-0.8593917489051819,-0.15198842728474915
UBFC_PHYS_s20_T2_ctrl,1,127,14.233333333333333,-0.9391250014305115,-0.28035062439446123
UBFC_PHYS_s20_T2_ctrl,1,128,14.266666666666667,-0.6316347122192383,-0.37914796968567993
UBFC_PHYS_s20_T2_ctrl,1,129,14.3,-0.20034490525722504,-0.4445166868686057
UBFC_PHYS_s20_T2_ctrl,1,130,14.333333333333334,0.17363029718399048,-0.4722848250806179
UBFC_PHYS_s20_T2_ctrl,1,131,14.366666666666667,0.427498459815979,-0.458001381461813
UBFC_PHYS_s20_T2_ctrl,1,132,14.4,0.4678925573825836,-0.3988070608289349
UBFC_PHYS_s20_T2_ctrl,1,133,14.433333333333334,0.3467305302619934,-0.29665080017844786
UBFC_PHYS_s20_T2_ctrl,1,134,14.466666666666667,0.2856220006942749,-0.16109545053881671
UBFC_PHYS_s20_T2_ctrl,1,135,14.5,0.31554731726646423,-0.009106505835524435
UBFC_PHYS_s20_T2_ctrl,1,136,14.533333333333333,0.24328021705150604,0.13847491782015095
UBFC_PHYS_s20_T2_ctrl,1,137,14.566666666666666,0.0037153458688408136,0.26166906265350826
UBFC_PHYS_s20_T2_ctrl,1,138,14.6,-0.31623196601867676,0.3453755288297298
UBFC_PHYS_s20_T2_ctrl,1,139,14.633333333333333,-0.6020745635032654,0.3813318496701771
UBFC_PHYS_s20_T2_ctrl,1,140,14.666666666666666,-0.7880375981330872,0.3679057992851861
UBFC_PHYS_s20_T2_ctrl,1,141,14.7,-0.9490459561347961,0.3087957067665438
UBFC_PHYS_s20_T2_ctrl,1,142,14.733333333333333,-1.1760320663452148,0.2116288991148206
UBFC_PHYS_s20_T2_ctrl,1,143,14.766666666666667,-1.3284584283828735,0.08710778391151533
UBFC_PHYS_s20_T2_ctrl,1,144,14.8,-1.1884890794754028,-0.05131740210065135
UBFC_PHYS_s20_T2_ctrl,1,145,14.833333333333334,-0.7753573656082153,-0.18789692097996277
UBFC_PHYS_s20_T2_ctrl,1,146,14.866666666666667,-0.24144910275936127,-0.305908238101591
UBFC_PHYS_s20_T2_ctrl,1,147,14.9,0.276167631149292,-0.39046858576820553
UBFC_PHYS_s20_T2_ctrl,1,148,14.933333333333334,0.6264460682868958,-0.43196619729242647
UBFC_PHYS_s20_T2_ctrl,1,149,14.966666666666667,0.7117382884025574,-0.4279259912379712
UBFC_PHYS_s20_T2_ctrl,1,150,15.0,0.6408710479736328,-0.3826009935649185
UBFC_PHYS_s20_T2_ctrl,1,151,15.033333333333333,0.6111891865730286,-0.30520311812724055
UBFC_PHYS_s20_T2_ctrl,1,152,15.066666666666666,0.6186959147453308,-0.20765711462711484
UBFC_PHYS_s20_T2_ctrl,1,153,15.1,0.5344789624214172,-0.10252797547630514
UBFC_PHYS_s20_T2_ctrl,1,154,15.133333333333333,0.374606728553772,-0.0015436838274047395
UBFC_PHYS_s20_T2_ctrl,1,155,15.166666666666666,0.261275976896286,0.0851358548680928
UBFC_PHYS_s20_T2_ctrl,1,156,15.2,0.18243543803691864,0.14934875531013034
UBFC_PHYS_s20_T2_ctrl,1,157,15.233333333333333,0.0028226582799106836,0.18592767874485577
UBFC_PHYS_s20_T2_ctrl,1,158,15.266666666666667,-0.3091513514518738,0.19416784630944292
UBFC_PHYS_s20_T2_ctrl,1,159,15.3,-0.5760648846626282,0.17869572275629542
UBFC_PHYS_s20_T2_ctrl,1,160,15.333333333333334,-0.5872843861579895,0.14906339229734125
UBFC_PHYS_s20_T2_ctrl,1,161,15.366666666666667,-0.32142579555511475,0.11796660529558807
UBFC_PHYS_s20_T2_ctrl,1,162,15.4,0.05583612248301506,0.09855863218009678
UBFC_PHYS_s20_T2_ctrl,1,163,15.433333333333334,0.37399807572364807,0.10183162387287605
UBFC_PHYS_s20_T2_ctrl,1,164,15.466666666666667,0.551561713218689,0.13437008169327933
UBFC_PHYS_s20_T2_ctrl,1,165,15.5,0.5873098373413086,0.1961388349039673
UBFC_PHYS_s20_T2_ctrl,1,166,15.533333333333333,0.5562686324119568,0.2787070763930171
UBFC_PHYS_s20_T2_ctrl,1,167,15.566666666666666,0.5326123833656311,0.3650300382825244
UBFC_PHYS_s20_T2_ctrl,1,168,15.6,0.5028291344642639,0.43165656406850056
UBFC_PHYS_s20_T2_ctrl,1,169,15.633333333333333,0.4265652000904083,0.45371191559332225
UBFC_PHYS_s20_T2_ctrl,1,170,15.666666666666666,0.3194020986557007,0.4118937389601366
UBFC_PHYS_s20_T2_ctrl,1,171,15.7,0.24457867443561554,0.2996174646645753
UBFC_PHYS_s20_T2_ctrl,1,172,15.733333333333333,0.19935593008995056,0.12788801664209584
UBFC_PHYS_s20_T2_ctrl,1,173,15.766666666666667,0.06326165795326233,-0.074646619745536
UBFC_PHYS_s20_T2_ctrl,1,174,15.8,-0.22669947147369385,-0.26754681376530726
UBFC_PHYS_s20_T2_ctrl,1,175,15.833333333333334,-0.5236803889274597,-0.4096207300019221
UBFC_PHYS_s20_T2_ctrl,1,176,15.866666666666667,-0.6175140142440796,-0.4719613634733478
UBFC_PHYS_s20_T2_ctrl,1,177,15.9,-0.4598734974861145,-0.44782235255706315
UBFC_PHYS_s20_T2_ctrl,1,178,15.933333333333334,-0.1873197853565216,-0.3550904998455351
UBFC_PHYS_s20_T2_ctrl,1,179,15.966666666666667,0.04826856777071953,-0.2289381419234038
UBFC_PHYS_s20_T2_ctrl,1,180,16.0,0.1786009520292282,-0.10821676044427406
UBFC_PHYS_s20_T2_ctrl,1,181,16.033333333333335,0.19361433386802673,-0.024322353487606824
UBFC_PHYS_s20_T2_ctrl,1,182,16.066666666666666,0.1629991978406906,0.0037538155823101816
UBFC_PHYS_s20_T2_ctrl,1,183,16.1,0.18718291819095612,-0.029830639959311334
UBFC_PHYS_s20_T2_ctrl,1,184,16.133333333333333,0.26981738209724426,-0.1191877041835436
UBFC_PHYS_s20_T2_ctrl,1,185,16.166666666666668,0.3054031431674957,-0.24887430809988048
UBFC_PHYS_s20_T2_ctrl,1,186,16.2,0.22309330105781555,-0.39592948512380666
UBFC_PHYS_s20_T2_ctrl,1,187,16.233333333333334,0.06914528459310532,-0.5315745021572185
UBFC_PHYS_s20_T2_ctrl,1,188,16.266666666666666,-0.06313477456569672,-0.6235890056338242
UBFC_PHYS_s20_T2_ctrl,1,189,16.3,-0.1668691188097,-0.6411882778482871
UBFC_PHYS_s20_T2_ctrl,1,190,16.333333333333332,-0.3242458701133728,-0.5626409244267924
UBFC_PHYS_s20_T2_ctrl,1,191,16.366666666666667,-0.5176750421524048,-0.3839741155384479
UBFC_PHYS_s20_T2_ctrl,1,192,16.4,-0.5648657083511353,-0.12487169526078462
UBFC_PHYS_s20_T2_ctrl,1,193,16.433333333333334,-0.35027584433555603,0.1735212244913834
UBFC_PHYS_s20_T2_ctrl,1,194,16.466666666666665,-0.0006263615796342492,0.4593779833338724
UBFC_PHYS_s20_T2_ctrl,1,195,16.5,0.29607051610946655,0.684987838652258
UBFC_PHYS_s20_T2_ctrl,1,196,16.533333333333335,0.4936181902885437,0.819668920039535
UBFC_PHYS_s20_T2_ctrl,1,197,16.566666666666666,0.6091197729110718,0.8547810426408956
UBFC_PHYS_s20_T2_ctrl,1,198,16.6,0.6244375109672546,0.800342400131049
UBFC_PHYS_s20_T2_ctrl,1,199,16.633333333333333,0.5793973803520203,0.6782012531784151
UBFC_PHYS_s20_T2_ctrl,1,200,16.666666666666668,0.5409508943557739,0.5152917618030967
UBFC_PHYS_s20_T2_ctrl,1,201,16.7,0.49260377883911133,0.3382668989486585
UBFC_PHYS_s20_T2_ctrl,1,202,16.733333333333334,0.38846367597579956,0.17011909886768478
UBFC_PHYS_s20_T2_ctrl,1,203,16.766666666666666,0.24762192368507385,0.028775433473215716
UBFC_PHYS_s20_T2_ctrl,1,204,16.8,0.09095526486635208,-0.07304442807387468
UBFC_PHYS_s20_T2_ctrl,1,205,16.833333333333332,-0.1278546154499054,-0.1278357439495549
UBFC_PHYS_s20_T2_ctrl,1,206,16.866666666666667,-0.44033583998680115,-0.13377531061244505
UBFC_PHYS_s20_T2_ctrl,1,207,16.9,-0.7576862573623657,-0.09552620646725016
UBFC_PHYS_s20_T2_ctrl,1,208,16.933333333333334,-0.9016523957252502,-0.024819874104794047
UBFC_PHYS_s20_T2_ctrl,1,209,16.966666666666665,-0.7960920929908752,0.060041245316727575
UBFC_PHYS_s20_T2_ctrl,1,210,17.0,-0.5508667826652527,0.1366059913337155
UBFC_PHYS_s20_T2_ctrl,1,211,17.033333333333335,-0.30365321040153503,0.18316372819627874
UBFC_PHYS_s20_T2_ctrl,1,212,17.066666666666666,-0.1067953109741211,0.18461935396546264
UBFC_PHYS_s20_T2_ctrl,1,213,17.1,-0.01604550890624523,0.13610692400430338
UBFC_PHYS_s20_T2_ctrl,1,214,17.133333333333333,-0.05000821128487587,0.04314595032777602
UBFC_PHYS_s20_T2_ctrl,1,215,17.166666666666668,-0.11963783949613571,-0.08058245191352109
UBFC_PHYS_s20_T2_ctrl,1,216,17.2,-0.19912759959697723,-0.21683239155369285
UBFC_PHYS_s20_T2_ctrl,1,217,17.233333333333334,-0.40541955828666687,-0.3470450198736472
UBFC_PHYS_s20_T2_ctrl,1,218,17.266666666666666,-0.7562052011489868,-0.45585593526826623
UBFC_PHYS_s20_T2_ctrl,1,219,17.3,-1.052333950996399,-0.5320336879491439
UBFC_PHYS_s20_T2_ctrl,1,220,17.333333333333332,-1.1205637454986572,-0.5672790110415649
UBFC_PHYS_s20_T2_ctrl,1,221,17.366666666666667,-0.9356353878974915,-0.5553951364692133
UBFC_PHYS_s20_T2_ctrl,1,222,17.4,-0.5637093186378479,-0.49264139536714563
UBFC_PHYS_s20_T2_ctrl,1,223,17.433333333333334,-0.09585988521575928,-0.3781731466969889
UBFC_PHYS_s20_T2_ctrl,1,224,17.466666666666665,0.4375614821910858,-0.21496562284501594
UBFC_PHYS_s20_T2_ctrl,1,225,17.5,1.0492756366729736,-0.012961542965489866
UBFC_PHYS_s20_T2_ctrl,1,226,17.533333333333335,1.6624301671981812,0.20729587948157246
UBFC_PHYS_s20_T2_ctrl,1,227,17.566666666666666,2.197880506515503,0.4153604541020709
UBFC_PHYS_s20_T2_ctrl,1,228,17.6,2.7024314403533936,0.57650199907897
UBFC_PHYS_s20_T2_ctrl,1,229,17.633333333333333,3.150235891342163,0.6584073434226297
UBFC_PHYS_s20_T2_ctrl,1,230,17.666666666666668,3.3979568481445312,0.6369877314701391
UBFC_PHYS_s20_T2_ctrl,1,231,17.7,3.468296527862549,0.5015196593848283
UBFC_PHYS_s20_T2_ctrl,1,232,17.733333333333334,3.5582144260406494,0.2584489070449501
UBFC_PHYS_s20_T2_ctrl,1,233,17.766666666666666,3.7608139514923096,-0.06773895136122743
UBFC_PHYS_s20_T2_ctrl,1,234,17.8,3.9311752319335938,-0.43690764069737226
UBFC_PHYS_s20_T2_ctrl,1,235,17.833333333333332,3.717092514038086,-0.7979238670291531
UBFC_PHYS_s20_T2_ctrl,1,236,17.866666666666667,2.8452208042144775,-1.094776909238781
UBFC_PHYS_s20_T2_ctrl,1,237,17.9,1.550012469291687,-1.2736300588534883
UBFC_PHYS_s20_T2_ctrl,1,238,17.933333333333334,0.33985278010368347,-1.2905879457739846
UBFC_PHYS_s20_T2_ctrl,1,239,17.966666666666665,-0.6452481746673584,-1.120043204638421
UBFC_PHYS_s20_T2_ctrl,1,240,18.0,-1.512230396270752,-0.7627515987067207
UBFC_PHYS_s20_T2_ctrl,1,241,18.033333333333335,-2.083672046661377,-0.25195102934196933
UBFC_PHYS_s20_T2_ctrl,1,242,18.066666666666666,-2.139221668243408,0.34602842449237114
UBFC_PHYS_s20_T2_ctrl,1,243,18.1,-1.8376758098602295,0.9412378668657078
UBFC_PHYS_s20_T2_ctrl,1,244,18.133333333333333,-1.5503522157669067,1.4384958587493548
UBFC_PHYS_s20_T2_ctrl,1,245,18.166666666666668,-1.4964054822921753,1.7577291137471385
UBFC_PHYS_s20_T2_ctrl,1,246,18.2,-1.6400469541549683,1.8499727441592366
UBFC_PHYS_s20_T2_ctrl,1,247,18.233333333333334,-1.800527811050415,1.704507018589757
UBFC_PHYS_s20_T2_ctrl,1,248,18.266666666666666,-1.8078113794326782,1.3469121697413537
UBFC_PHYS_s20_T2_ctrl,1,249,18.3,-1.6505765914916992,0.831870510289662
UBFC_PHYS_s20_T2_ctrl,1,250,18.333333333333332,-1.4512639045715332,0.2335218551329231
UBFC_PHYS_s20_T2_ctrl,1,251,18.366666666666667,-1.2486034631729126,-0.365418328159131
UBFC_PHYS_s20_T2_ctrl,1,252,18.4,-0.9727833271026611,-0.88425087327071
UBFC_PHYS_s20_T2_ctrl,1,253,18.433333333333334,-0.6365039348602295,-1.2527612872971083
UBFC_PHYS_s20_T2_ctrl,1,254,18.466666666666665,-0.3594055771827698,-1.418202179482007
UBFC_PHYS_s20_T2_ctrl,1,255,18.5,-0.26571398973464966,-1.3533301187235325
UBFC_PHYS_s20_T2_ctrl,1,256,18.533333333333335,-0.4127436578273773,-1.0652042258520567
UBFC_PHYS_s20_T2_ctrl,1,257,18.566666666666666,-0.6182240843772888,-0.6013415243631696
UBFC_PHYS_s20_T2_ctrl,1,258,18.6,-0.6284088492393494,-0.04732851721863279
UBFC_PHYS_s20_T2_ctrl,1,259,18.633333333333333,-0.48998141288757324,0.49088468605862956
UBFC_PHYS_s20_T2_ctrl,1,260,18.666666666666668,-0.4504394233226776,0.9153533622961189
UBFC_PHYS_s20_T2_ctrl,1,261,18.7,-0.5624311566352844,1.1597811780078857
UBFC_PHYS_s20_T2_ctrl,1,262,18.733333333333334,-0.7095825672149658,1.1997590595709453
UBFC_PHYS_s20_T2_ctrl,1,263,18.766666666666666,-0.808650553226471,1.0493615824566258
UBFC_PHYS_s20_T2_ctrl,1,264,18.8,-0.845636248588562,0.7484116112288135
UBFC_PHYS_s20_T2_ctrl,1,265,18.833333333333332,-0.8997250199317932,0.34805658901617526
UBFC_PHYS_s20_T2_ctrl,1,266,18.866666666666667,-1.0374220609664917,-0.100120326709114
UBFC_PHYS_s20_T2_ctrl,1,267,18.9,-1.1586652994155884,-0.5496452619094406
UBFC_PHYS_s20_T2_ctrl,1,268,18.933333333333334,-1.1883876323699951,-0.9596528739547814
UBFC_PHYS_s20_T2_ctrl,1,269,18.966666666666665,-1.2763173580169678,-1.292410117457525
UBFC_PHYS_s20_T2_ctrl,1,270,19.0,-1.497014045715332,-1.5113439271181897
UBFC_PHYS_s20_T2_ctrl,1,271,19.033333333333335,-1.6075044870376587,-1.5834992660028977
UBFC_PHYS_s20_T2_ctrl,1,272,19.066666666666666,-1.437711238861084,-1.4864600939113692
UBFC_PHYS_s20_T2_ctrl,1,273,19.1,-1.122815728187561,-1.215780881648038
UBFC_PHYS_s20_T2_ctrl,1,274,19.133333333333333,-0.835066020488739,-0.7900768068723005
UBFC_PHYS_s20_T2_ctrl,1,275,19.166666666666668,-0.5920521020889282,-0.25259248703124926
UBFC_PHYS_s20_T2_ctrl,1,276,19.2,-0.3054588735103607,0.33222712500340346
UBFC_PHYS_s20_T2_ctrl,1,277,19.233333333333334,0.09618965536355972,0.8885581657166135
UBFC_PHYS_s20_T2_ctrl,1,278,19.266666666666666,0.525268018245697,1.3431917848913328
UBFC_PHYS_s20_T2_ctrl,1,279,19.3,0.7395941615104675,1.6381532972523944
UBFC_PHYS_s20_T2_ctrl,1,280,19.333333333333332,0.6180466413497925,1.7393868901529879
UBFC_PHYS_s20_T2_ctrl,1,281,19.366666666666667,0.23924283683300018,1.6421877256100976
UBFC_PHYS_s20_T2_ctrl,1,282,19.4,-0.29718121886253357,1.3724507591510648
UBFC_PHYS_s20_T2_ctrl,1,283,19.433333333333334,-0.8907169699668884,0.9812474170480756
UBFC_PHYS_s20_T2_ctrl,1,284,19.466666666666665,-1.3115988969802856,0.5333192375643153
UBFC_PHYS_s20_T2_ctrl,1,285,19.5,-1.3725450038909912,0.0932258251505367
UBFC_PHYS_s20_T2_ctrl,1,286,19.533333333333335,-1.205085039138794,-0.2869957002700921
UBFC_PHYS_s20_T2_ctrl,1,287,19.566666666666666,-1.045212745666504,-0.5752920695786548
UBFC_PHYS_s20_T2_ctrl,1,288,19.6,-0.885989785194397,-0.7605682745236628
UBFC_PHYS_s20_T2_ctrl,1,289,19.633333333333333,-0.672272264957428,-0.847523852488487
UBFC_PHYS_s20_T2_ctrl,1,290,19.666666666666668,-0.46200379729270935,-0.8487026833898224
UBFC_PHYS_s20_T2_ctrl,1,291,19.7,-0.26346197724342346,-0.7792930696319696
UBFC_PHYS_s20_T2_ctrl,1,292,19.733333333333334,-0.04810110852122307,-0.6565044645639927
UBFC_PHYS_s20_T2_ctrl,1,293,19.766666666666666,0.09687945991754532,-0.5012952201566626
UBFC_PHYS_s20_T2_ctrl,1,294,19.8,0.09789387881755829,-0.3391472060191461
UBFC_PHYS_s20_T2_ctrl,1,295,19.833333333333332,-0.02103644423186779,-0.1964875480269577
UBFC_PHYS_s20_T2_ctrl,1,296,19.866666666666667,-0.25374385714530945,-0.09352454285672103
UBFC_PHYS_s20_T2_ctrl,1,297,19.9,-0.5670568943023682,-0.03833485778718048
UBFC_PHYS_s20_T2_ctrl,1,298,19.933333333333334,-0.8836566209793091,-0.025117833350949643
UBFC_PHYS_s20_T2_ctrl,1,299,19.966666666666665,-1.204598069190979,-0.03693599482292639
UBFC_PHYS_s20_T2_ctrl,2,0,20.0,-1.547532081604004,-0.05364318512480536
UBFC_PHYS_s20_T2_ctrl,2,1,20.033333333333335,-1.8287286758422852,-0.4902243365646768
UBFC_PHYS_s20_T2_ctrl,2,2,20.066666666666666,-1.948855996131897,-0.895007472772756
UBFC_PHYS_s20_T2_ctrl,2,3,20.1,-1.8650041818618774,-1.2394967698727206
UBFC_PHYS_s20_T2_ctrl,2,4,20.133333333333333,-1.5861611366271973,-1.5062875157483806
UBFC_PHYS_s20_T2_ctrl,2,5,20.166666666666668,-1.1523150205612183,-1.6918205046159334
UBFC_PHYS_s20_T2_ctrl,2,6,20.2,-0.5882987976074219,-1.8013535792972974
UBFC_PHYS_s20_T2_ctrl,2,7,20.233333333333334,0.08667442202568054,-1.840405842149555
UBFC_PHYS_s20_T2_ctrl,2,8,20.266666666666666,0.8019199967384338,-1.8071949154344233
UBFC_PHYS_s20_T2_ctrl,2,9,20.3,1.4746006727218628,-1.6898086960786733
UBFC_PHYS_s20_T2_ctrl,2,10,20.333333333333332,2.0614614486694336,-1.4698863754831784
UBFC_PHYS_s20_T2_ctrl,2,11,20.366666666666667,2.5038084983825684,-1.1321855233118494
UBFC_PHYS_s20_T2_ctrl,2,12,20.4,2.7118046283721924,-0.6767753983520667
UBFC_PHYS_s20_T2_ctrl,2,13,20.433333333333334,2.5678586959838867,-0.1285417931248483
UBFC_PHYS_s20_T2_ctrl,2,14,20.466666666666665,2.001915216445923,0.46005231173966854
UBFC_PHYS_s20_T2_ctrl,2,15,20.5,1.193830132484436,1.0149226154580597
UBFC_PHYS_s20_T2_ctrl,2,16,20.533333333333335,0.5155702233314514,1.4548014487179897
UBFC_PHYS_s20_T2_ctrl,2,17,20.566666666666666,0.11432744562625885,1.7115329564748996
UBFC_PHYS_s20_T2_ctrl,2,18,20.6,-0.0977872833609581,1.7493015878301033
UBFC_PHYS_s20_T2_ctrl,2,19,20.633333333333333,-0.16759949922561646,1.5728659173653274
UBFC_PHYS_s20_T2_ctrl,2,20,20.666666666666668,-0.11973927915096283,1.2222781702054641
UBFC_PHYS_s20_T2_ctrl,2,21,20.7,-0.019819142296910286,0.7594102462214253
UBFC_PHYS_s20_T2_ctrl,2,22,20.733333333333334,0.15575626492500305,0.2532797621230995
UBFC_PHYS_s20_T2_ctrl,2,23,20.766666666666666,0.4749123454093933,-0.2288086668847052
UBFC_PHYS_s20_T2_ctrl,2,24,20.8,0.7995462417602539,-0.6246669358753467
UBFC_PHYS_s20_T2_ctrl,2,25,20.833333333333332,0.8587679862976074,-0.8823893756256427
UBFC_PHYS_s20_T2_ctrl,2,26,20.866666666666667,0.6170322299003601,-0.9694097974395712
UBFC_PHYS_s20_T2_ctrl,2,27,20.9,0.3162168562412262,-0.8815757403569323
UBFC_PHYS_s20_T2_ctrl,2,28,20.933333333333334,0.11698521673679352,-0.6484657063109822
UBFC_PHYS_s20_T2_ctrl,2,29,20.966666666666665,-0.07137184590101242,-0.33207526828696354
UBFC_PHYS_s20_T2_ctrl,2,30,21.0,-0.3557942509651184,-0.015254684220070813
UBFC_PHYS_s20_T2_ctrl,2,31,21.033333333333335,-0.7111244797706604,0.2232186050568514
UBFC_PHYS_s20_T2_ctrl,2,32,21.066666666666666,-1.1074777841567993,0.3372923982677227
UBFC_PHYS_s20_T2_ctrl,2,33,21.1,-1.5816774368286133,0.3255750546267546
UBFC_PHYS_s20_T2_ctrl,2,34,21.133333333333333,-2.0891499519348145,0.22215519244841533
UBFC_PHYS_s20_T2_ctrl,2,35,21.166666666666668,-2.4300754070281982,0.07882338865356052
UBFC_PHYS_s20_T2_ctrl,2,36,21.2,-2.4141287803649902,-0.05212448884395309
UBFC_PHYS_s20_T2_ctrl,2,37,21.233333333333334,-2.0552480220794678,-0.13079085946432042
UBFC_PHYS_s20_T2_ctrl,2,38,21.266666666666666,-1.5049670934677124,-0.13647975928818246
UBFC_PHYS_s20_T2_ctrl,2,39,21.3,-0.8128299713134766,-0.06845061718170385
UBFC_PHYS_s20_T2_ctrl,2,40,21.333333333333332,0.0422632172703743,0.057803844731722794
UBFC_PHYS_s20_T2_ctrl,2,41,21.366666666666667,0.8768448829650879,0.216195244353387
UBFC_PHYS_s20_T2_ctrl,2,42,21.4,1.3980932235717773,0.37584145481093845
UBFC_PHYS_s20_T2_ctrl,2,43,21.433333333333334,1.5740946531295776,0.5063800061741246
UBFC_PHYS_s20_T2_ctrl,2,44,21.466666666666665,1.5525890588760376,0.5825525099665225
UBFC_PHYS_s20_T2_ctrl,2,45,21.5,1.309778094291687,0.5880582933358263
UBFC_PHYS_s20_T2_ctrl,2,46,21.533333333333335,0.7928916811943054,0.5181925854124544
UBFC_PHYS_s20_T2_ctrl,2,47,21.566666666666666,0.24005436897277832,0.3802868295683401
UBFC_PHYS_s20_T2_ctrl,2,48,21.6,-0.1178118884563446,0.19180260633144144
UBFC_PHYS_s20_T2_ctrl,2,49,21.633333333333333,-0.29419881105422974,-0.02320098943770644
UBFC_PHYS_s20_T2_ctrl,2,50,21.666666666666668,-0.3723292648792267,-0.2380919357797861
UBFC_PHYS_s20_T2_ctrl,2,51,21.7,-0.39675644040107727,-0.42683950555613315
UBFC_PHYS_s20_T2_ctrl,2,52,21.733333333333334,-0.4486946165561676,-0.566208437376935
UBFC_PHYS_s20_T2_ctrl,2,53,21.766666666666666,-0.578215479850769,-0.6379603471553185
UBFC_PHYS_s20_T2_ctrl,2,54,21.8,-0.6781356334686279,-0.6315292334909963
UBFC_PHYS_s20_T2_ctrl,2,55,21.833333333333332,-0.5956025719642639,-0.5468710133044143
UBFC_PHYS_s20_T2_ctrl,2,56,21.866666666666667,-0.3016040623188019,-0.39650719142420865
UBFC_PHYS_s20_T2_ctrl,2,57,21.9,0.11657945066690445,-0.205285775870924
UBFC_PHYS_s20_T2_ctrl,2,58,21.933333333333334,0.5683401823043823,-0.006988367391751267
UBFC_PHYS_s20_T2_ctrl,2,59,21.966666666666665,0.9925087690353394,0.16219609915168642
UBFC_PHYS_s20_T2_ctrl,2,60,22.0,1.3100823163986206,0.27169058605132
UBFC_PHYS_s20_T2_ctrl,2,61,22.033333333333335,1.4660186767578125,0.30301597259616186
UBFC_PHYS_s20_T2_ctrl,2,62,22.066666666666666,1.50787353515625,0.25331713582473475
UBFC_PHYS_s20_T2_ctrl,2,63,22.1,1.480687141418457,0.13625959273618338
UBFC_PHYS_s20_T2_ctrl,2,64,22.133333333333333,1.3980324268341064,-0.02007827923240899
UBFC_PHYS_s20_T2_ctrl,2,65,22.166666666666668,1.3153573274612427,-0.1793192167847957
UBFC_PHYS_s20_T2_ctrl,2,66,22.2,1.279162883758545,-0.3057738615436545
UBFC_PHYS_s20_T2_ctrl,2,67,22.233333333333334,1.2239786386489868,-0.3731090504007477
UBFC_PHYS_s20_T2_ctrl,2,68,22.266666666666666,1.0522782802581787,-0.3698486952825229
UBFC_PHYS_s20_T2_ctrl,2,69,22.3,0.7373421788215637,-0.2997228975157825
UBFC_PHYS_s20_T2_ctrl,2,70,22.333333333333332,0.3482115864753723,-0.17750070348629124
UBFC_PHYS_s20_T2_ctrl,2,71,22.366666666666667,0.08931190520524979,-0.02334781720467296
UBFC_PHYS_s20_T2_ctrl,2,72,22.4,0.14926399290561676,0.1421996262212227
UBFC_PHYS_s20_T2_ctrl,2,73,22.433333333333334,0.4411119520664215,0.30190706743867723
UBFC_PHYS_s20_T2_ctrl,2,74,22.466666666666665,0.7286182045936584,0.44355253211765766
UBFC_PHYS_s20_T2_ctrl,2,75,22.5,0.9220676422119141,0.5592268967800536
UBFC_PHYS_s20_T2_ctrl,2,76,22.533333333333335,1.0222312211990356,0.6430711717241235
UBFC_PHYS_s20_T2_ctrl,2,77,22.566666666666666,0.9982909560203552,0.6893701830811262
UBFC_PHYS_s20_T2_ctrl,2,78,22.6,0.9069730639457703,0.6919492631408936
UBFC_PHYS_s20_T2_ctrl,2,79,22.633333333333333,0.8785085082054138,0.6446481594683803
UBFC_PHYS_s20_T2_ctrl,2,80,22.666666666666668,0.8940696716308594,0.5427886741130454
UBFC_PHYS_s20_T2_ctrl,2,81,22.7,0.8077021837234497,0.38570662320411075
UBFC_PHYS_s20_T2_ctrl,2,82,22.733333333333334,0.5987727046012878,0.1795913905106918
UBFC_PHYS_s20_T2_ctrl,2,83,22.766666666666666,0.37708190083503723,-0.06083263579512458
UBFC_PHYS_s20_T2_ctrl,2,84,22.8,0.16971464455127716,-0.3127599181621812
UBFC_PHYS_s20_T2_ctrl,2,85,22.833333333333332,-0.07987266778945923,-0.5481569335826246
UBFC_PHYS_s20_T2_ctrl,2,86,22.866666666666667,-0.3822299838066101,-0.7382547562551686
UBFC_PHYS_s20_T2_ctrl,2,87,22.9,-0.7253668904304504,-0.85802492008529
UBFC_PHYS_s20_T2_ctrl,2,88,22.933333333333334,-1.0771061182022095,-0.8905721178067755
UBFC_PHYS_s20_T2_ctrl,2,89,22.966666666666665,-1.2913916110992432,-0.8327759372727995
UBFC_PHYS_s20_T2_ctrl,2,90,23.0,-1.1920801401138306,-0.6999448869594557
UBFC_PHYS_s20_T2_ctrl,2,91,23.033333333333335,-0.8019148707389832,-0.5241317037953745
UBFC_PHYS_s20_T2_ctrl,2,92,23.066666666666666,-0.3341465890407562,-0.3456166236259672
UBFC_PHYS_s20_T2_ctrl,2,93,23.1,0.07586073130369186,-0.20215933092140714
UBFC_PHYS_s20_T2_ctrl,2,94,23.133333333333333,0.37919187545776367,-0.11968512201067405
UBFC_PHYS_s20_T2_ctrl,2,95,23.166666666666668,0.5314154028892517,-0.10645096503279254
UBFC_PHYS_s20_T2_ctrl,2,96,23.2,0.5587032437324524,-0.15169893861104472
UBFC_PHYS_s20_T2_ctrl,2,97,23.233333333333334,0.5803508758544922,-0.22872119918089237
UBFC_PHYS_s20_T2_ctrl,2,98,23.266666666666666,0.6551337838172913,-0.3009822937688548
UBFC_PHYS_s20_T2_ctrl,2,99,23.3,0.7120223045349121,-0.32896771789580914
UBFC_PHYS_s20_T2_ctrl,2,100,23.333333333333332,0.6904760599136353,-0.27717777426754636
UBFC_PHYS_s20_T2_ctrl,2,101,23.366666666666667,0.6045752167701721,-0.12230263381129364
UBFC_PHYS_s20_T2_ctrl,2,102,23.4,0.46637094020843506,0.13874897392740396
UBFC_PHYS_s20_T2_ctrl,2,103,23.433333333333334,0.26722046732902527,0.48461765106953264
UBFC_PHYS_s20_T2_ctrl,2,104,23.466666666666665,0.023212453350424767,0.8712539596115889
UBFC_PHYS_s20_T2_ctrl,2,105,23.5,-0.2605404555797577,1.2399070656572793
UBFC_PHYS_s20_T2_ctrl,2,106,23.533333333333335,-0.604509174823761,1.529482293487883
UBFC_PHYS_s20_T2_ctrl,2,107,23.566666666666666,-0.9113705158233643,1.6895509908937312
UBFC_PHYS_s20_T2_ctrl,2,108,23.6,-0.9648100137710571,1.6903711037032485
UBFC_PHYS_s20_T2_ctrl,2,109,23.633333333333333,-0.6749706268310547,1.5269311545428477
UBFC_PHYS_s20_T2_ctrl,2,110,23.666666666666668,-0.2075878530740738,1.2171966332255053
UBFC_PHYS_s20_T2_ctrl,2,111,23.7,0.22181513905525208,0.797661244539986
UBFC_PHYS_s20_T2_ctrl,2,112,23.733333333333334,0.5655606985092163,0.3174530490272367
UBFC_PHYS_s20_T2_ctrl,2,113,23.766666666666666,0.8724828958511353,-0.16979826501048648
UBFC_PHYS_s20_T2_ctrl,2,114,23.8,1.1112362146377563,-0.614759081534943
UBFC_PHYS_s20_T2_ctrl,2,115,23.833333333333332,1.190482497215271,-0.9780524452093683
UBFC_PHYS_s20_T2_ctrl,2,116,23.866666666666667,1.0669264793395996,-1.2321385486587522
UBFC_PHYS_s20_T2_ctrl,2,117,23.9,0.7723395824432373,-1.3618997073975234
UBFC_PHYS_s20_T2_ctrl,2,118,23.933333333333334,0.4106793999671936,-1.3653669487441662
UBFC_PHYS_s20_T2_ctrl,2,119,23.966666666666665,0.1467076539993286,-1.254500179160496
UBFC_PHYS_s20_T2_ctrl,2,120,24.0,0.0952158197760582,-1.055228512410634
UBFC_PHYS_s20_T2_ctrl,2,121,24.033333333333335,0.1446991115808487,-0.8054730874924092
UBFC_PHYS_s20_T2_ctrl,2,122,24.066666666666666,0.049445293843746185,-0.5501453924113918
UBFC_PHYS_s20_T2_ctrl,2,123,24.1,-0.20545756816864014,-0.33279154930170074
UBFC_PHYS_s20_T2_ctrl,2,124,24.133333333333333,-0.45896053314208984,-0.18590284988084033
UBFC_PHYS_s20_T2_ctrl,2,125,24.166666666666668,-0.7166225910186768,-0.1239865753213181
UBFC_PHYS_s20_T2_ctrl,2,126,24.2,-1.0303008556365967,-0.1417141316410386
UBFC_PHYS_s20_T2_ctrl,2,127,24.233333333333334,-1.2030967473983765,-0.21725092729563636
UBFC_PHYS_s20_T2_ctrl,2,128,24.266666666666666,-1.08380126953125,-0.31877931065837417
UBFC_PHYS_s20_T2_ctrl,2,129,24.3,-0.8497750759124756,-0.4106237973242727
UBFC_PHYS_s20_T2_ctrl,2,130,24.333333333333332,-0.5848497748374939,-0.4577249925209328
UBFC_PHYS_s20_T2_ctrl,2,131,24.366666666666667,-0.14037252962589264,-0.4296734959498194
UBFC_PHYS_s20_T2_ctrl,2,132,24.4,0.44019895792007446,-0.3052947284304656
UBFC_PHYS_s20_T2_ctrl,2,133,24.433333333333334,0.8660311698913574,-0.07805251582657415
UBFC_PHYS_s20_T2_ctrl,2,134,24.466666666666665,0.9961606860160828,0.23920720439340246
UBFC_PHYS_s20_T2_ctrl,2,135,24.5,0.935153603553772,0.613169587269458
UBFC_PHYS_s20_T2_ctrl,2,136,24.533333333333335,0.7616273164749146,0.9940773505979742
UBFC_PHYS_s20_T2_ctrl,2,137,24.566666666666666,0.48142489790916443,1.324375091316171
UBFC_PHYS_s20_T2_ctrl,2,138,24.6,0.18444399535655975,1.5498407191978778
UBFC_PHYS_s20_T2_ctrl,2,139,24.633333333333333,0.028183098882436752,1.629739442021721
UBFC_PHYS_s20_T2_ctrl,2,140,24.666666666666668,0.081521175801754,1.5440705194588733
UBFC_PHYS_s20_T2_ctrl,2,141,24.7,0.2935141623020172,1.2976669175055675
UBFC_PHYS_s20_T2_ctrl,2,142,24.733333333333334,0.5475040674209595,0.920399195300176
UBFC_PHYS_s20_T2_ctrl,2,143,24.766666666666666,0.642960786819458,0.4622766701753772
UBFC_PHYS_s20_T2_ctrl,2,144,24.8,0.39625439047813416,-0.015718480681238087
UBFC_PHYS_s20_T2_ctrl,2,145,24.833333333333332,-0.06435208022594452,-0.45223268647664616
UBFC_PHYS_s20_T2_ctrl,2,146,24.866666666666667,-0.41059309244155884,-0.795230514505523
UBFC_PHYS_s20_T2_ctrl,2,147,24.9,-0.562187671661377,-1.0091882375924077
UBFC_PHYS_s20_T2_ctrl,2,148,24.933333333333334,-0.6807324886322021,-1.0790763118215685
UBFC_PHYS_s20_T2_ctrl,2,149,24.966666666666665,-0.7648277282714844,-1.011194358283273
UBFC_PHYS_s20_T2_ctrl,2,150,25.0,-0.6750314831733704,-0.8311439094095148
UBFC_PHYS_s20_T2_ctrl,2,151,25.033333333333335,-0.4477410912513733,-0.5793230122465177
UBFC_PHYS_s20_T2_ctrl,2,152,25.066666666666666,-0.23343521356582642,-0.30432868760722726
UBFC_PHYS_s20_T2_ctrl,2,153,25.1,-0.08111025393009186,-0.05473882652042345
UBFC_PHYS_s20_T2_ctrl,2,154,25.133333333333333,-0.03223561495542526,0.12940991575380129
UBFC_PHYS_s20_T2_ctrl,2,155,25.166666666666668,-0.19825521111488342,0.223340304081397
UBFC_PHYS_s20_T2_ctrl,2,156,25.2,-0.5727173089981079,0.22102937971053627
UBFC_PHYS_s20_T2_ctrl,2,157,25.233333333333334,-0.8898851275444031,0.13490807950674688
UBFC_PHYS_s20_T2_ctrl,2,158,25.266666666666666,-0.8779352903366089,-0.007972006540468184
UBFC_PHYS_s20_T2_ctrl,2,159,25.3,-0.6209833025932312,-0.17227000498980882
UBFC_PHYS_s20_T2_ctrl,2,160,25.333333333333332,-0.38642966747283936,-0.3216692047650125
UBFC_PHYS_s20_T2_ctrl,2,161,25.366666666666667,-0.19730165600776672,-0.425368471238958
UBFC_PHYS_s20_T2_ctrl,2,162,25.4,0.1358736753463745,-0.4627690941919251
UBFC_PHYS_s20_T2_ctrl,2,163,25.433333333333334,0.6996870040893555,-0.4262159190248665
UBFC_PHYS_s20_T2_ctrl,2,164,25.466666666666665,1.3754311800003052,-0.321533291366654
UBFC_PHYS_s20_T2_ctrl,2,165,25.5,1.8910393714904785,-0.16594388601077115
UBFC_PHYS_s20_T2_ctrl,2,166,25.533333333333335,1.938230037689209,0.01623107702667099
UBFC_PHYS_s20_T2_ctrl,2,167,25.566666666666666,1.5241447687149048,0.19890363534945393
UBFC_PHYS_s20_T2_ctrl,2,168,25.6,0.9584040641784668,0.3592284399415459
UBFC_PHYS_s20_T2_ctrl,2,169,25.633333333333333,0.5182685256004333,0.48095607881460534
UBFC_PHYS_s20_T2_ctrl,2,170,25.666666666666668,0.3119968771934509,0.5556530387205547
UBFC_PHYS_s20_T2_ctrl,2,171,25.7,0.3671000301837921,0.5821718542079111
UBFC_PHYS_s20_T2_ctrl,2,172,25.733333333333334,0.5011857748031616,0.5649855331862107
UBFC_PHYS_s20_T2_ctrl,2,173,25.766666666666666,0.3105563819408417,0.512067411964538
UBFC_PHYS_s20_T2_ctrl,2,174,25.8,-0.30564144253730774,0.4327260141308157
UBFC_PHYS_s20_T2_ctrl,2,175,25.833333333333332,-0.9473012089729309,0.33550924848344943
UBFC_PHYS_s20_T2_ctrl,2,176,25.866666666666667,-1.2971129417419434,0.22657624816063135
UBFC_PHYS_s20_T2_ctrl,2,177,25.9,-1.3905611038208008,0.10919063523181592
UBFC_PHYS_s20_T2_ctrl,2,178,25.933333333333334,-1.3430863618850708,-0.015532763281946638
UBFC_PHYS_s20_T2_ctrl,2,179,25.966666666666665,-1.238418698310852,-0.14704137078332843
UBFC_PHYS_s20_T2_ctrl,2,180,26.0,-1.102304220199585,-0.283383984051618
UBFC_PHYS_s20_T2_ctrl,2,181,26.033333333333335,-0.6847090125083923,-0.4193267620541411
UBFC_PHYS_s20_T2_ctrl,2,182,26.066666666666666,0.2730432152748108,-0.5448968399893493
UBFC_PHYS_s20_T2_ctrl,2,183,26.1,1.5209189653396606,-0.6445956707365831
UBFC_PHYS_s20_T2_ctrl,2,184,26.133333333333333,2.4737613201141357,-0.6983709884094672
UBFC_PHYS_s20_T2_ctrl,2,185,26.166666666666668,2.7322959899902344,-0.6859765699640068
UBFC_PHYS_s20_T2_ctrl,2,186,26.2,2.2186150550842285,-0.5939947576698393
UBFC_PHYS_s20_T2_ctrl,2,187,26.233333333333334,1.2107303142547607,-0.42246863603593277
UBFC_PHYS_s20_T2_ctrl,2,188,26.266666666666666,0.2658814489841461,-0.1885071998858559
UBFC_PHYS_s20_T2_ctrl,2,189,26.3,-0.34015193581581116,0.07482712322565183
UBFC_PHYS_s20_T2_ctrl,2,190,26.333333333333332,-0.8100504875183105,0.3245445910619891
UBFC_PHYS_s20_T2_ctrl,2,191,26.366666666666667,-1.2767637968063354,0.517266802590409
UBFC_PHYS_s20_T2_ctrl,2,192,26.4,-1.6723054647445679,0.6197673471252653
UBFC_PHYS_s20_T2_ctrl,2,193,26.433333333333334,-2.007692337036133,0.6172613329672011
UBFC_PHYS_s20_T2_ctrl,2,194,26.466666666666665,-2.3190371990203857,0.5172800602343423
UBFC_PHYS_s20_T2_ctrl,2,195,26.5,-2.4878971576690674,0.34836155498402605
UBFC_PHYS_s20_T2_ctrl,2,196,26.533333333333335,-2.376636028289795,0.15361211590076296
UBFC_PHYS_s20_T2_ctrl,2,197,26.566666666666666,-2.0716207027435303,-0.019938862988163997
UBFC_PHYS_s20_T2_ctrl,2,198,26.6,-1.7598294019699097,-0.13360586286560128
UBFC_PHYS_s20_T2_ctrl,2,199,26.633333333333333,-1.5296580791473389,-0.16701906519353005
UBFC_PHYS_s20_T2_ctrl,2,200,26.666666666666668,-1.3715306520462036,-0.12285222630952004
UBFC_PHYS_s20_T2_ctrl,2,201,26.7,-1.2503888607025146,-0.024810181028426043
UBFC_PHYS_s20_T2_ctrl,2,202,26.733333333333334,-1.0928701162338257,0.09010261384783017
UBFC_PHYS_s20_T2_ctrl,2,203,26.766666666666666,-0.819119393825531,0.1817273210754962
UBFC_PHYS_s20_T2_ctrl,2,204,26.8,-0.4725334346294403,0.2166191960458326
UBFC_PHYS_s20_T2_ctrl,2,205,26.833333333333332,-0.22473150491714478,0.17594930245075519
UBFC_PHYS_s20_T2_ctrl,2,206,26.866666666666667,-0.20371277630329132,0.060196496334956974
UBFC_PHYS_s20_T2_ctrl,2,207,26.9,-0.3314482271671295,-0.11014541810100972
UBFC_PHYS_s20_T2_ctrl,2,208,26.933333333333334,-0.39917075634002686,-0.2978966707553305
UBFC_PHYS_s20_T2_ctrl,2,209,26.966666666666665,-0.3201679289340973,-0.45590819341731353
UBFC_PHYS_s20_T2_ctrl,2,210,27.0,-0.1452011615037918,-0.5366134609297213
UBFC_PHYS_s20_T2_ctrl,2,211,27.033333333333335,0.11570705473423004,-0.5038209630456703
UBFC_PHYS_s20_T2_ctrl,2,212,27.066666666666666,0.4404018521308899,-0.34512992782438484
UBFC_PHYS_s20_T2_ctrl,2,213,27.1,0.7050836682319641,-0.08227327250671512
UBFC_PHYS_s20_T2_ctrl,2,214,27.133333333333333,0.8494759202003479,0.22712877265135015
UBFC_PHYS_s20_T2_ctrl,2,215,27.166666666666668,0.9532102346420288,0.5051178055224517
UBFC_PHYS_s20_T2_ctrl,2,216,27.2,1.0349113941192627,0.6813027399048269
UBFC_PHYS_s20_T2_ctrl,2,217,27.233333333333334,1.0018616914749146,0.7153829845070422
UBFC_PHYS_s20_T2_ctrl,2,218,27.266666666666666,0.8534929752349854,0.6053566617378656
UBFC_PHYS_s20_T2_ctrl,2,219,27.3,0.7125092148780823,0.3831194076322256
UBFC_PHYS_s20_T2_ctrl,2,220,27.333333333333332,0.6223072409629822,0.10171026608446226
UBFC_PHYS_s20_T2_ctrl,2,221,27.366666666666667,0.5299749374389648,-0.18016691787622408
UBFC_PHYS_s20_T2_ctrl,2,222,27.4,0.4049580991268158,-0.4116633342942855
UBFC_PHYS_s20_T2_ctrl,2,223,27.433333333333334,0.2565893828868866,-0.5583822074999085
UBFC_PHYS_s20_T2_ctrl,2,224,27.466666666666665,0.08843950927257538,-0.6053806920152863
UBFC_PHYS_s20_T2_ctrl,2,225,27.5,-0.0761193186044693,-0.5560121220594919
UBFC_PHYS_s20_T2_ctrl,2,226,27.533333333333335,-0.15250496566295624,-0.42832783325151075
UBFC_PHYS_s20_T2_ctrl,2,227,27.566666666666666,-0.06102478876709938,-0.250553911311629
UBFC_PHYS_s20_T2_ctrl,2,228,27.6,0.18365274369716644,-0.05615928561507985
UBFC_PHYS_s20_T2_ctrl,2,229,27.633333333333333,0.4689881503582001,0.12191073832625839
UBFC_PHYS_s20_T2_ctrl,2,230,27.666666666666668,0.6974755525588989,0.25723637989468323
UBFC_PHYS_s20_T2_ctrl,2,231,27.7,0.8672282099723816,0.3344624865983222
UBFC_PHYS_s20_T2_ctrl,2,232,27.733333333333334,1.006264328956604,0.3512713026277156
UBFC_PHYS_s20_T2_ctrl,2,233,27.766666666666666,1.0929564237594604,0.3174346771368073
UBFC_PHYS_s20_T2_ctrl,2,234,27.8,1.0905420780181885,0.2511719197292433
UBFC_PHYS_s20_T2_ctrl,2,235,27.833333333333332,1.037305474281311,0.1736014147549824
UBFC_PHYS_s20_T2_ctrl,2,236,27.866666666666667,1.023123860359192,0.10273509132631338
UBFC_PHYS_s20_T2_ctrl,2,237,27.9,1.029250979423523,0.048925975366478115
UBFC_PHYS_s20_T2_ctrl,2,238,27.933333333333334,0.9075614809989929,0.01321287322515157
UBFC_PHYS_s20_T2_ctrl,2,239,27.966666666666665,0.6278662085533142,-0.010715094026893987
UBFC_PHYS_s20_T2_ctrl,2,240,28.0,0.31219974160194397,-0.03206903218383161
UBFC_PHYS_s20_T2_ctrl,2,241,28.033333333333335,-0.003121828893199563,-0.05875040749858293
UBFC_PHYS_s20_T2_ctrl,2,242,28.066666666666666,-0.27169904112815857,-0.09499613558187261
UBFC_PHYS_s20_T2_ctrl,2,243,28.1,-0.2895122170448303,-0.14106615533744787
UBFC_PHYS_s20_T2_ctrl,2,244,28.133333333333333,0.0019502592040225863,-0.1942208606445107
UBFC_PHYS_s20_T2_ctrl,2,245,28.166666666666668,0.4141487181186676,-0.2495589918914058
UBFC_PHYS_s20_T2_ctrl,2,246,28.2,0.8090412020683289,-0.3002573271843666
UBFC_PHYS_s20_T2_ctrl,2,247,28.233333333333334,1.062483310699463,-0.3378339156173432
UBFC_PHYS_s20_T2_ctrl,2,248,28.266666666666666,0.9269571304321289,-0.35309044159091874
UBFC_PHYS_s20_T2_ctrl,2,249,28.3,0.4548674523830414,-0.3381976614737618
UBFC_PHYS_s20_T2_ctrl,2,250,28.333333333333332,0.07269574701786041,-0.2894058865396101
UBFC_PHYS_s20_T2_ctrl,2,251,28.366666666666667,-0.1012565940618515,-0.20895073222266847
UBFC_PHYS_s20_T2_ctrl,2,252,28.4,-0.3721061050891876,-0.10521412540889336
UBFC_PHYS_s20_T2_ctrl,2,253,28.433333333333334,-0.8254087567329407,0.009095293453524554
UBFC_PHYS_s20_T2_ctrl,2,254,28.466666666666665,-1.191694736480713,0.1200907424209972
UBFC_PHYS_s20_T2_ctrl,2,255,28.5,-1.370719075202942,0.21577334056359312
UBFC_PHYS_s20_T2_ctrl,2,256,28.533333333333335,-1.5034860372543335,0.2882937655827633
UBFC_PHYS_s20_T2_ctrl,2,257,28.566666666666666,-1.5449352264404297,0.33546512329723494
UBFC_PHYS_s20_T2_ctrl,2,258,28.6,-1.2720568180084229,0.3611464620518087
UBFC_PHYS_s20_T2_ctrl,2,259,28.633333333333333,-0.6613571643829346,0.37373222284954477
UBFC_PHYS_s20_T2_ctrl,2,260,28.666666666666668,0.020047469064593315,0.383063695678514
UBFC_PHYS_s20_T2_ctrl,2,261,28.7,0.47726577520370483,0.3971314098171979
UBFC_PHYS_s20_T2_ctrl,2,262,28.733333333333334,0.6559453010559082,0.41941225401772614
UBFC_PHYS_s20_T2_ctrl,2,263,28.766666666666666,0.7150655388832092,0.4470478371557342
UBFC_PHYS_s20_T2_ctrl,2,264,28.8,0.7943118810653687,0.4703114038999905
UBFC_PHYS_s20_T2_ctrl,2,265,28.833333333333332,0.863941490650177,0.4739999368606865
UBFC_PHYS_s20_T2_ctrl,2,266,28.866666666666667,0.7694992423057556,0.44091453075085285
UBFC_PHYS_s20_T2_ctrl,2,267,28.9,0.4293041229248047,0.3570006513173227
UBFC_PHYS_s20_T2_ctrl,2,268,28.933333333333334,0.015888357535004616,0.21656994088537213
UBFC_PHYS_s20_T2_ctrl,2,269,28.966666666666665,-0.19557714462280273,0.0251425040016128
UBFC_PHYS_s20_T2_ctrl,2,270,29.0,-0.1856764256954193,-0.20080070668880387
UBFC_PHYS_s20_T2_ctrl,2,271,29.033333333333335,-0.23789864778518677,-0.4360270641179911
UBFC_PHYS_s20_T2_ctrl,2,272,29.066666666666666,-0.5395864248275757,-0.6501244082043239
UBFC_PHYS_s20_T2_ctrl,2,273,29.1,-0.9132573008537292,-0.8124667281768037
UBFC_PHYS_s20_T2_ctrl,2,274,29.133333333333333,-1.014394760131836,-0.8980637388812233
UBFC_PHYS_s20_T2_ctrl,2,275,29.166666666666668,-0.7156081795692444,-0.8931783305209199
UBFC_PHYS_s20_T2_ctrl,2,276,29.2,-0.25755804777145386,-0.7991673359254393
UBFC_PHYS_s20_T2_ctrl,2,277,29.233333333333334,-0.018865590915083885,-0.6328099326184188
UBFC_PHYS_s20_T2_ctrl,2,278,29.266666666666666,-0.14357809722423553,-0.4227751867423794
UBFC_PHYS_s20_T2_ctrl,2,279,29.3,-0.4044254422187805,-0.20336328925221758
UBFC_PHYS_s20_T2_ctrl,2,280,29.333333333333332,-0.5471134185791016,-0.00718272422392043
UBFC_PHYS_s20_T2_ctrl,2,281,29.366666666666667,-0.5985849499702454,0.14129383861314654
UBFC_PHYS_s20_T2_ctrl,2,282,29.4,-0.752208411693573,0.22989379851942113
UBFC_PHYS_s20_T2_ctrl,2,283,29.433333333333334,-1.0372596979141235,0.2599233855786868
UBFC_PHYS_s20_T2_ctrl,2,284,29.466666666666665,-1.2625821828842163,0.24432606229641635
UBFC_PHYS_s20_T2_ctrl,2,285,29.5,-1.3558071851730347,0.20341838027847686
UBFC_PHYS_s20_T2_ctrl,2,286,29.533333333333335,-1.5446511507034302,0.15937968185620696
UBFC_PHYS_s20_T2_ctrl,2,287,29.566666666666666,-2.009376049041748,0.13107550560778414
UBFC_PHYS_s20_T2_ctrl,2,288,29.6,-2.5917937755584717,0.13024167410158333
UBFC_PHYS_s20_T2_ctrl,2,289,29.633333333333333,-2.850226879119873,0.1594157990921446
UBFC_PHYS_s20_T2_ctrl,2,290,29.666666666666668,-2.4139461517333984,0.21195943008268914
UBFC_PHYS_s20_T2_ctrl,2,291,29.7,-1.4653642177581787,0.2744525312684019
UBFC_PHYS_s20_T2_ctrl,2,292,29.733333333333334,-0.5533013939857483,0.3308804918392367
UBFC_PHYS_s20_T2_ctrl,2,293,29.766666666666666,0.14768148958683014,0.3672397355023504
UBFC_PHYS_s20_T2_ctrl,2,294,29.8,0.7323512434959412,0.3750691662161944
UBFC_PHYS_s20_T2_ctrl,2,295,29.833333333333332,0.9271396994590759,0.3525605750288595
UBFC_PHYS_s20_T2_ctrl,2,296,29.866666666666667,0.5104372501373291,0.30328460207468294
UBFC_PHYS_s20_T2_ctrl,2,297,29.9,-0.1405145525932312,0.2338909076267867
UBFC_PHYS_s20_T2_ctrl,2,298,29.933333333333334,-0.5198255777359009,0.15191394603991357
UBFC_PHYS_s20_T2_ctrl,2,299,29.966666666666665,-0.5107972621917725,0.06433482300644568
UBFC_PHYS_s20_T2_ctrl,3,0,30.0,-0.21458733081817627,-0.0033114561830605935
UBFC_PHYS_s20_T2_ctrl,3,1,30.033333333333335,0.25368812680244446,-0.7252147941759409
UBFC_PHYS_s20_T2_ctrl,3,2,30.066666666666666,0.669437050819397,-1.3486643282333448
UBFC_PHYS_s20_T2_ctrl,3,3,30.1,0.8355175256729126,-1.7906114248930047
UBFC_PHYS_s20_T2_ctrl,3,4,30.133333333333333,0.8344625234603882,-2.001814955423228
UBFC_PHYS_s20_T2_ctrl,3,5,30.166666666666668,0.9251108765602112,-1.9755280278660377
UBFC_PHYS_s20_T2_ctrl,3,6,30.2,1.1407557725906372,-1.7419963094452515
UBFC_PHYS_s20_T2_ctrl,3,7,30.233333333333334,1.2673753499984741,-1.3565823450408319
UBFC_PHYS_s20_T2_ctrl,3,8,30.266666666666666,1.2583065032958984,-0.8870280717604332
UBFC_PHYS_s20_T2_ctrl,3,9,30.3,1.3162906169891357,-0.40183697813718877
UBFC_PHYS_s20_T2_ctrl,3,10,30.333333333333332,1.542891263961792,0.038945870483745496
UBFC_PHYS_s20_T2_ctrl,3,11,30.366666666666667,1.85415518283844,0.3898553004391106
UBFC_PHYS_s20_T2_ctrl,3,12,30.4,2.0850162506103516,0.6231891616103954
UBFC_PHYS_s20_T2_ctrl,3,13,30.433333333333334,2.0547866821289062,0.7299666120902691
UBFC_PHYS_s20_T2_ctrl,3,14,30.466666666666665,1.7445777654647827,0.7188285554022857
UBFC_PHYS_s20_T2_ctrl,3,15,30.5,1.331689476966858,0.612432857610174
UBFC_PHYS_s20_T2_ctrl,3,16,30.533333333333335,0.9171781539916992,0.4418576203551421
UBFC_PHYS_s20_T2_ctrl,3,17,30.566666666666666,0.47537896037101746,0.24050316335824867
UBFC_PHYS_s20_T2_ctrl,3,18,30.6,0.06849605590105057,0.03894915549587234
UBFC_PHYS_s20_T2_ctrl,3,19,30.633333333333333,-0.26717475056648254,-0.1380059737896653
UBFC_PHYS_s20_T2_ctrl,3,20,30.666666666666668,-0.6787848472595215,-0.2720669771856791
UBFC_PHYS_s20_T2_ctrl,3,21,30.7,-1.1932365894317627,-0.35094122193602695
UBFC_PHYS_s20_T2_ctrl,3,22,30.733333333333334,-1.472647786140442,-0.3677355395620695
UBFC_PHYS_s20_T2_ctrl,3,23,30.766666666666666,-1.2166087627410889,-0.32115690820502285
UBFC_PHYS_s20_T2_ctrl,3,24,30.8,-0.6398515105247498,-0.2164954888524899
UBFC_PHYS_s20_T2_ctrl,3,25,30.833333333333332,-0.1618376076221466,-0.0664477995588039
UBFC_PHYS_s20_T2_ctrl,3,26,30.866666666666667,0.08054734021425247,0.10914861980413246
UBFC_PHYS_s20_T2_ctrl,3,27,30.9,0.20708578824996948,0.28532781239138655
UBFC_PHYS_s20_T2_ctrl,3,28,30.933333333333334,0.3908374011516571,0.43597947589401287
UBFC_PHYS_s20_T2_ctrl,3,29,30.966666666666665,0.7011680603027344,0.5394354625960714
UBFC_PHYS_s20_T2_ctrl,3,30,31.0,0.9780634641647339,0.5835647163585684
UBFC_PHYS_s20_T2_ctrl,3,31,31.033333333333335,1.0133246183395386,0.5669853607071895
UBFC_PHYS_s20_T2_ctrl,3,32,31.066666666666666,0.9545289874076843,0.4963486795239429
UBFC_PHYS_s20_T2_ctrl,3,33,31.1,1.0244426727294922,0.3829612061734755
UBFC_PHYS_s20_T2_ctrl,3,34,31.133333333333333,1.0150490999221802,0.24050518958422354
UBFC_PHYS_s20_T2_ctrl,3,35,31.166666666666668,0.5588046908378601,0.08370182156431823
UBFC_PHYS_s20_T2_ctrl,3,36,31.2,-0.31519725918769836,-0.07246062533936126
UBFC_PHYS_s20_T2_ctrl,3,37,31.233333333333334,-1.2955913543701172,-0.21335122647045868
UBFC_PHYS_s20_T2_ctrl,3,38,31.266666666666666,-2.0530974864959717,-0.3256132967825861
UBFC_PHYS_s20_T2_ctrl,3,39,31.3,-2.2423675060272217,-0.3986758784101984
UBFC_PHYS_s20_T2_ctrl,3,40,31.333333333333332,-1.8177729845046997,-0.426525221844489
UBFC_PHYS_s20_T2_ctrl,3,41,31.366666666666667,-1.2191650867462158,-0.40881172527319576
UBFC_PHYS_s20_T2_ctrl,3,42,31.4,-0.8753992319107056,-0.3507143619277798
UBFC_PHYS_s20_T2_ctrl,3,43,31.433333333333334,-0.7829046845436096,-0.261471400724961
UBFC_PHYS_s20_T2_ctrl,3,44,31.466666666666665,-0.7777311205863953,-0.15224780281001837
UBFC_PHYS_s20_T2_ctrl,3,45,31.5,-0.8582352995872498,-0.0346206289531849
UBFC_PHYS_s20_T2_ctrl,3,46,31.533333333333335,-1.0735353231430054,0.07995269614391122
UBFC_PHYS_s20_T2_ctrl,3,47,31.566666666666666,-1.3624008893966675,0.18028925477894944
UBFC_PHYS_s20_T2_ctrl,3,48,31.6,-1.6139967441558838,0.2559397111178694
UBFC_PHYS_s20_T2_ctrl,3,49,31.633333333333333,-1.6743748188018799,0.29848760693388365
UBFC_PHYS_s20_T2_ctrl,3,50,31.666666666666668,-1.4400038719177246,0.3032890247114284
UBFC_PHYS_s20_T2_ctrl,3,51,31.7,-1.085018515586853,0.27039386503371055
UBFC_PHYS_s20_T2_ctrl,3,52,31.733333333333334,-0.8984468579292297,0.2043238755333468
UBFC_PHYS_s20_T2_ctrl,3,53,31.766666666666666,-0.7658624649047852,0.11338017274384878
UBFC_PHYS_s20_T2_ctrl,3,54,31.8,-0.296511709690094,0.008785574956422404
UBFC_PHYS_s20_T2_ctrl,3,55,31.833333333333332,0.4748108983039856,-0.09647128360296531
UBFC_PHYS_s20_T2_ctrl,3,56,31.866666666666667,1.2330880165100098,-0.18906249100087907
UBFC_PHYS_s20_T2_ctrl,3,57,31.9,1.9107595682144165,-0.25679122156239387
UBFC_PHYS_s20_T2_ctrl,3,58,31.933333333333334,2.5295138359069824,-0.289985204486583
UBFC_PHYS_s20_T2_ctrl,3,59,31.966666666666665,2.896733045578003,-0.2827769252635568
UBFC_PHYS_s20_T2_ctrl,3,60,32.0,2.8828353881835938,-0.23434417898706358
UBFC_PHYS_s20_T2_ctrl,3,61,32.03333333333333,2.6149075031280518,-0.15021172969214142
UBFC_PHYS_s20_T2_ctrl,3,62,32.06666666666667,2.232269048690796,-0.04299369540451651
UBFC_PHYS_s20_T2_ctrl,3,63,32.1,1.8078367710113525,0.06862984335556697
UBFC_PHYS_s20_T2_ctrl,3,64,32.13333333333333,1.4896140098571777,0.16317275640979595
UBFC_PHYS_s20_T2_ctrl,3,65,32.166666666666664,1.3366601467132568,0.22137782239615333
UBFC_PHYS_s20_T2_ctrl,3,66,32.2,1.1879870891571045,0.2315501036011832
UBFC_PHYS_s20_T2_ctrl,3,67,32.233333333333334,0.9086164236068726,0.19294057670202816
UBFC_PHYS_s20_T2_ctrl,3,68,32.266666666666666,0.5408291816711426,0.11579543022062466
UBFC_PHYS_s20_T2_ctrl,3,69,32.3,0.13094361126422882,0.017841494418302323
UBFC_PHYS_s20_T2_ctrl,3,70,32.333333333333336,-0.2901614308357239,-0.0814545554655951
UBFC_PHYS_s20_T2_ctrl,3,71,32.36666666666667,-0.5709522366523743,-0.166213776253528
UBFC_PHYS_s20_T2_ctrl,3,72,32.4,-0.5690045356750488,-0.22732045375704601
UBFC_PHYS_s20_T2_ctrl,3,73,32.43333333333333,-0.32921651005744934,-0.2629184914087237
UBFC_PHYS_s20_T2_ctrl,3,74,32.46666666666667,-0.019595971331000328,-0.27625311071110115
UBFC_PHYS_s20_T2_ctrl,3,75,32.5,0.21572862565517426,-0.271412369353672
UBFC_PHYS_s20_T2_ctrl,3,76,32.53333333333333,0.3233989179134369,-0.24933329289145806
UBFC_PHYS_s20_T2_ctrl,3,77,32.56666666666667,0.37856295704841614,-0.2076904078352679
UBFC_PHYS_s20_T2_ctrl,3,78,32.6,0.5081852078437805,-0.14445536091566594
UBFC_PHYS_s20_T2_ctrl,3,79,32.63333333333333,0.7633315324783325,-0.061163718802122714
UBFC_PHYS_s20_T2_ctrl,3,80,32.666666666666664,0.9687308669090271,0.036052048429175185
UBFC_PHYS_s20_T2_ctrl,3,81,32.7,0.7443416714668274,0.13711126215556768
UBFC_PHYS_s20_T2_ctrl,3,82,32.733333333333334,-0.022274034097790718,0.22976507549368202
UBFC_PHYS_s20_T2_ctrl,3,83,32.766666666666666,-0.8228930234909058,0.30211733319492345
UBFC_PHYS_s20_T2_ctrl,3,84,32.8,-1.0534296035766602,0.3452932655738215
UBFC_PHYS_s20_T2_ctrl,3,85,32.833333333333336,-0.6658002734184265,0.35553413087553826
UBFC_PHYS_s20_T2_ctrl,3,86,32.86666666666667,0.055572375655174255,0.3350068084316039
UBFC_PHYS_s20_T2_ctrl,3,87,32.9,0.755601704120636,0.2907610597559967
UBFC_PHYS_s20_T2_ctrl,3,88,32.93333333333333,1.0161447525024414,0.2322115221553841
UBFC_PHYS_s20_T2_ctrl,3,89,32.96666666666667,0.6271155476570129,0.16839479335712115
UBFC_PHYS_s20_T2_ctrl,3,90,33.0,-0.11111672967672348,0.1060455959765935
UBFC_PHYS_s20_T2_ctrl,3,91,33.03333333333333,-0.6231541633605957,0.04911998476291515
UBFC_PHYS_s20_T2_ctrl,3,92,33.06666666666667,-0.6633656620979309,-0.0006651969075968153
UBFC_PHYS_s20_T2_ctrl,3,93,33.1,-0.44952645897865295,-0.0436036253938605
UBFC_PHYS_s20_T2_ctrl,3,94,33.13333333333333,-0.3161914050579071,-0.08217162648514535
UBFC_PHYS_s20_T2_ctrl,3,95,33.166666666666664,-0.3938349187374115,-0.12043853748500041
UBFC_PHYS_s20_T2_ctrl,3,96,33.2,-0.6376603245735168,-0.1623906920224835
UBFC_PHYS_s20_T2_ctrl,3,97,33.233333333333334,-0.9865997433662415,-0.2098202545845063
UBFC_PHYS_s20_T2_ctrl,3,98,33.266666666666666,-1.3674730062484741,-0.2607866422548594
UBFC_PHYS_s20_T2_ctrl,3,99,33.3,-1.7076680660247803,-0.30978806996093783
UBFC_PHYS_s20_T2_ctrl,3,100,33.333333333333336,-2.054943799972534,-0.3494649190486418
UBFC_PHYS_s20_T2_ctrl,3,101,33.36666666666667,-2.457221269607544,-0.37239323571195054
UBFC_PHYS_s20_T2_ctrl,3,102,33.4,-2.6963601112365723,-0.3720949135889024
UBFC_PHYS_s20_T2_ctrl,3,103,33.43333333333333,-2.499725341796875,-0.34316300578479264
UBFC_PHYS_s20_T2_ctrl,3,104,33.46666666666667,-2.0158684253692627,-0.28127981560725146
UBFC_PHYS_s20_T2_ctrl,3,105,33.5,-1.5119260549545288,-0.1845266598812678
UBFC_PHYS_s20_T2_ctrl,3,106,33.53333333333333,-0.7007368206977844,-0.05555987800389216
UBFC_PHYS_s20_T2_ctrl,3,107,33.56666666666667,0.6990174651145935,0.09751943148395777
UBFC_PHYS_s20_T2_ctrl,3,108,33.6,2.2234842777252197,0.2623224222647314
UBFC_PHYS_s20_T2_ctrl,3,109,33.63333333333333,3.2465853691101074,0.4244335593827244
UBFC_PHYS_s20_T2_ctrl,3,110,33.666666666666664,3.5498151779174805,0.5695742133734176
UBFC_PHYS_s20_T2_ctrl,3,111,33.7,3.0956804752349854,0.6844820263552036
UBFC_PHYS_s20_T2_ctrl,3,112,33.733333333333334,2.1224889755249023,0.7570621280681729
UBFC_PHYS_s20_T2_ctrl,3,113,33.766666666666666,1.2005455493927002,0.7778924169965532
UBFC_PHYS_s20_T2_ctrl,3,114,33.8,0.5669808983802795,0.7427452098298101
UBFC_PHYS_s20_T2_ctrl,3,115,33.833333333333336,0.06214580312371254,0.6534142403779812
UBFC_PHYS_s20_T2_ctrl,3,116,33.86666666666667,-0.30115774273872375,0.5165923294024367
UBFC_PHYS_s20_T2_ctrl,3,117,33.9,-0.4754549562931061,0.34304698114619026
UBFC_PHYS_s20_T2_ctrl,3,118,33.93333333333333,-0.5850932002067566,0.14731038953363385
UBFC_PHYS_s20_T2_ctrl,3,119,33.96666666666667,-0.6799209713935852,-0.05396558424373661
UBFC_PHYS_s20_T2_ctrl,3,120,34.0,-0.7523301243782043,-0.2451747083149973
UBFC_PHYS_s20_T2_ctrl,3,121,34.03333333333333,-0.8653159737586975,-0.41482647701600894
UBFC_PHYS_s20_T2_ctrl,3,122,34.06666666666667,-0.9379076957702637,-0.5571028813457517
UBFC_PHYS_s20_T2_ctrl,3,123,34.1,-0.8109431862831116,-0.6710048322367747
UBFC_PHYS_s20_T2_ctrl,3,124,34.13333333333333,-0.5776677131652832,-0.7572999262854351
UBFC_PHYS_s20_T2_ctrl,3,125,34.166666666666664,-0.5434615015983582,-0.8145763082348259
UBFC_PHYS_s20_T2_ctrl,3,126,34.2,-0.864991307258606,-0.8363319094813958
UBFC_PHYS_s20_T2_ctrl,3,127,34.233333333333334,-1.3072774410247803,-0.8112266916234747
UBFC_PHYS_s20_T2_ctrl,3,128,34.266666666666666,-1.3644702434539795,-0.727586065537656
UBFC_PHYS_s20_T2_ctrl,3,129,34.3,-0.7598773837089539,-0.5818316941631879
UBFC_PHYS_s20_T2_ctrl,3,130,34.333333333333336,0.2166416049003601,-0.38655206908526596
UBFC_PHYS_s20_T2_ctrl,3,131,34.36666666666667,0.9713683128356934,-0.17094066658611945
UBFC_PHYS_s20_T2_ctrl,3,132,34.4,1.05937922000885,0.027845463161454646
UBFC_PHYS_s20_T2_ctrl,3,133,34.43333333333333,0.4696170687675476,0.17758525177167436
UBFC_PHYS_s20_T2_ctrl,3,134,34.46666666666667,-0.353035032749176,0.26220446240756823
UBFC_PHYS_s20_T2_ctrl,3,135,34.5,-0.7988919019699097,0.28554723316833797
UBFC_PHYS_s20_T2_ctrl,3,136,34.53333333333333,-0.6891724467277527,0.26681937879121825
UBFC_PHYS_s20_T2_ctrl,3,137,34.56666666666667,-0.5380851030349731,0.23178182580937623
UBFC_PHYS_s20_T2_ctrl,3,138,34.6,-0.7477652430534363,0.20375851380274057
UBFC_PHYS_s20_T2_ctrl,3,139,34.63333333333333,-1.1125295162200928,0.19761118970887462
UBFC_PHYS_s20_T2_ctrl,3,140,34.666666666666664,-1.257712960243225,0.2177521780868465
UBFC_PHYS_s20_T2_ctrl,3,141,34.7,-1.1530656814575195,0.2591303890799292
UBFC_PHYS_s20_T2_ctrl,3,142,34.733333333333334,-1.0452330112457275,0.3099784458548416
UBFC_PHYS_s20_T2_ctrl,3,143,34.766666666666666,-1.1342381238937378,0.3553043510627188
UBFC_PHYS_s20_T2_ctrl,3,144,34.8,-1.1523960828781128,0.3805057395074028
UBFC_PHYS_s20_T2_ctrl,3,145,34.833333333333336,-0.45835188031196594,0.3749064661355908
UBFC_PHYS_s20_T2_ctrl,3,146,34.86666666666667,1.004844069480896,0.3342458267142121
UBFC_PHYS_s20_T2_ctrl,3,147,34.9,2.349414110183716,0.2605299027243752
UBFC_PHYS_s20_T2_ctrl,3,148,34.93333333333333,2.854857921600342,0.15960554070128846
UBFC_PHYS_s20_T2_ctrl,3,149,34.96666666666667,2.7586708068847656,0.03866484933433064
UBFC_PHYS_s20_T2_ctrl,3,150,35.0,2.6478962898254395,-0.09490441955617512
UBFC_PHYS_s20_T2_ctrl,3,151,35.03333333333333,2.80433988571167,-0.2330408657212975
UBFC_PHYS_s20_T2_ctrl,3,152,35.06666666666667,3.037655830383301,-0.3656354201054472
UBFC_PHYS_s20_T2_ctrl,3,153,35.1,2.8553245067596436,-0.4797974796070163
UBFC_PHYS_s20_T2_ctrl,3,154,35.13333333333333,2.019038677215576,-0.5604537929619776
UBFC_PHYS_s20_T2_ctrl,3,155,35.166666666666664,0.8771288990974426,-0.5919541936555415
UBFC_PHYS_s20_T2_ctrl,3,156,35.2,-0.035826653242111206,-0.5603968077592657
UBFC_PHYS_s20_T2_ctrl,3,157,35.233333333333334,-0.43962574005126953,-0.4564541428203391
UBFC_PHYS_s20_T2_ctrl,3,158,35.266666666666666,-0.4366636276245117,-0.27820305361717734
UBFC_PHYS_s20_T2_ctrl,3,159,35.3,-0.4386315941810608,-0.03321286622521043
UBFC_PHYS_s20_T2_ctrl,3,160,35.333333333333336,-0.6789877414703369,0.2605160110876687
UBFC_PHYS_s20_T2_ctrl,3,161,35.36666666666667,-1.0015928745269775,0.5748098282902135
UBFC_PHYS_s20_T2_ctrl,3,162,35.4,-1.2580578327178955,0.8728466544884891
UBFC_PHYS_s20_T2_ctrl,3,163,35.43333333333333,-1.476279377937317,1.112033879390225
UBFC_PHYS_s20_T2_ctrl,3,164,35.46666666666667,-1.552725911140442,1.2495600828367068
UBFC_PHYS_s20_T2_ctrl,3,165,35.5,-1.2985939979553223,1.2526279771727833
UBFC_PHYS_s20_T2_ctrl,3,166,35.53333333333333,-0.8332603573799133,1.1098189679131893
UBFC_PHYS_s20_T2_ctrl,3,167,35.56666666666667,-0.46129369735717773,0.8351625146601289
UBFC_PHYS_s20_T2_ctrl,3,168,35.6,-0.28001725673675537,0.46335492582430876
UBFC_PHYS_s20_T2_ctrl,3,169,35.63333333333333,-0.309009313583374,0.041754097678579065
UBFC_PHYS_s20_T2_ctrl,3,170,35.666666666666664,-0.5970227718353271,-0.37739844805256306
UBFC_PHYS_s20_T2_ctrl,3,171,35.7,-1.0610376596450806,-0.7440107105708003
UBFC_PHYS_s20_T2_ctrl,3,172,35.733333333333334,-1.5066105127334595,-1.0161698314535115
UBFC_PHYS_s20_T2_ctrl,3,173,35.766666666666666,-1.8220943212509155,-1.16493390565337
UBFC_PHYS_s20_T2_ctrl,3,174,35.8,-1.9968987703323364,-1.177657964045294
UBFC_PHYS_s20_T2_ctrl,3,175,35.833333333333336,-2.0546395778656006,-1.0595007985058844
UBFC_PHYS_s20_T2_ctrl,3,176,35.86666666666667,-2.0810954570770264,-0.8328560650456854
UBFC_PHYS_s20_T2_ctrl,3,177,35.9,-2.1678078174591064,-0.534566483897315
UBFC_PHYS_s20_T2_ctrl,3,178,35.93333333333333,-2.178438901901245,-0.21097583576970083
UBFC_PHYS_s20_T2_ctrl,3,179,35.96666666666667,-1.808217167854309,0.0888277119785825
UBFC_PHYS_s20_T2_ctrl,3,180,36.0,-1.0469169616699219,0.3202762404643212
UBFC_PHYS_s20_T2_ctrl,3,181,36.03333333333333,-0.2875036597251892,0.44897511727987105
UBFC_PHYS_s20_T2_ctrl,3,182,36.06666666666667,0.15772423148155212,0.4540499515880624
UBFC_PHYS_s20_T2_ctrl,3,183,36.1,0.3072696924209595,0.3299024560516276
UBFC_PHYS_s20_T2_ctrl,3,184,36.13333333333333,0.3555559515953064,0.08751600997767639
UBFC_PHYS_s20_T2_ctrl,3,185,36.166666666666664,0.5020987391471863,-0.2435736452964273
UBFC_PHYS_s20_T2_ctrl,3,186,36.2,0.793581485748291,-0.6141030889713093
UBFC_PHYS_s20_T2_ctrl,3,187,36.233333333333334,1.0925101041793823,-0.958378643024597
UBFC_PHYS_s20_T2_ctrl,3,188,36.266666666666666,1.2454842329025269,-1.2032045686915858
UBFC_PHYS_s20_T2_ctrl,3,189,36.3,1.2283406257629395,-1.28058613623469
UBFC_PHYS_s20_T2_ctrl,3,190,36.333333333333336,1.0927940607070923,-1.142252561939828
UBFC_PHYS_s20_T2_ctrl,3,191,36.36666666666667,0.830445408821106,-0.7739991599438847
UBFC_PHYS_s20_T2_ctrl,3,192,36.4,0.450363427400589,-0.20575264977215932
UBFC_PHYS_s20_T2_ctrl,3,193,36.43333333333333,0.15957047045230865,0.4881932134774254
UBFC_PHYS_s20_T2_ctrl,3,194,36.46666666666667,0.2245134860277176,1.2007046816789668
UBFC_PHYS_s20_T2_ctrl,3,195,36.5,0.6028304100036621,1.8128190310409267
UBFC_PHYS_s20_T2_ctrl,3,196,36.53333333333333,0.9571056365966797,2.219360326335677
UBFC_PHYS_s20_T2_ctrl,3,197,36.56666666666667,1.082284688949585,2.352290077750392
UBFC_PHYS_s20_T2_ctrl,3,198,36.6,1.0348505973815918,2.1951777725882713
UBFC_PHYS_s20_T2_ctrl,3,199,36.63333333333333,0.9296351671218872,1.783489860227172
UBFC_PHYS_s20_T2_ctrl,3,200,36.666666666666664,0.832190215587616,1.1912011776583913
UBFC_PHYS_s20_T2_ctrl,3,201,36.7,0.7737394571304321,0.5098806746083394
UBFC_PHYS_s20_T2_ctrl,3,202,36.733333333333334,0.7292065620422363,-0.17215297408185126
UBFC_PHYS_s20_T2_ctrl,3,203,36.766666666666666,0.631680428981781,-0.7830428286331942
UBFC_PHYS_s20_T2_ctrl,3,204,36.8,0.46697959303855896,-1.2710845849381445
UBFC_PHYS_s20_T2_ctrl,3,205,36.833333333333336,0.2445380985736847,-1.6027032835408328
UBFC_PHYS_s20_T2_ctrl,3,206,36.86666666666667,-0.0895502120256424,-1.7594256897388596
UBFC_PHYS_s20_T2_ctrl,3,207,36.9,-0.5195821523666382,-1.7380717443371712
UBFC_PHYS_s20_T2_ctrl,3,208,36.93333333333333,-0.8178817629814148,-1.5538721111811575
UBFC_PHYS_s20_T2_ctrl,3,209,36.96666666666667,-0.7594919204711914,-1.2418166757457614
UBFC_PHYS_s20_T2_ctrl,3,210,37.0,-0.41909393668174744,-0.8527827257955471
UBFC_PHYS_s20_T2_ctrl,3,211,37.03333333333333,-0.06636062264442444,-0.4432931650563702
UBFC_PHYS_s20_T2_ctrl,3,212,37.06666666666667,0.1532810777425766,-0.06241670506721823
UBFC_PHYS_s20_T2_ctrl,3,213,37.1,0.24981306493282318,0.2566967370332175
UBFC_PHYS_s20_T2_ctrl,3,214,37.13333333333333,0.2533635199069977,0.49814033121848583
UBFC_PHYS_s20_T2_ctrl,3,215,37.166666666666664,0.18702061474323273,0.6603534381536769
UBFC_PHYS_s20_T2_ctrl,3,216,37.2,0.10264135152101517,0.7514214385994407
UBFC_PHYS_s20_T2_ctrl,3,217,37.233333333333334,0.06967277824878693,0.7838622548030808
UBFC_PHYS_s20_T2_ctrl,3,218,37.266666666666666,0.09046833962202072,0.7703530789598768
UBFC_PHYS_s20_T2_ctrl,3,219,37.3,0.08249501883983612,0.7218067103752481
UBFC_PHYS_s20_T2_ctrl,3,220,37.333333333333336,-0.008964874781668186,0.6474642518379874
UBFC_PHYS_s20_T2_ctrl,3,221,37.36666666666667,-0.1936294585466385,0.5551262820862772
UBFC_PHYS_s20_T2_ctrl,3,222,37.4,-0.43844902515411377,0.4508465395531454
UBFC_PHYS_s20_T2_ctrl,3,223,37.43333333333333,-0.5841396450996399,0.3388111768971797
UBFC_PHYS_s20_T2_ctrl,3,224,37.46666666666667,-0.4455093443393707,0.22128848147285743
UBFC_PHYS_s20_T2_ctrl,3,225,37.5,-0.06607658416032791,0.09773274336906465
UBFC_PHYS_s20_T2_ctrl,3,226,37.53333333333333,0.32224246859550476,-0.035164979870261376
UBFC_PHYS_s20_T2_ctrl,3,227,37.56666666666667,0.5906776785850525,-0.17853233583827116
UBFC_PHYS_s20_T2_ctrl,3,228,37.6,0.7473240494728088,-0.323906959954791
UBFC_PHYS_s20_T2_ctrl,3,229,37.63333333333333,0.8044560551643372,-0.45162705114027013
UBFC_PHYS_s20_T2_ctrl,3,230,37.666666666666664,0.7756871581077576,-0.5373695082638179
UBFC_PHYS_s20_T2_ctrl,3,231,37.7,0.7002753615379333,-0.5625800543053336
UBFC_PHYS_s20_T2_ctrl,3,232,37.733333333333334,0.6024652123451233,-0.5233730959157157
UBFC_PHYS_s20_T2_ctrl,3,233,37.766666666666666,0.46931275725364685,-0.4325787186575111
UBFC_PHYS_s20_T2_ctrl,3,234,37.8,0.2994789481163025,-0.314346006530999
UBFC_PHYS_s20_T2_ctrl,3,235,37.833333333333336,0.12270653247833252,-0.19552949121038685
UBFC_PHYS_s20_T2_ctrl,3,236,37.86666666666667,-0.06759821623563766,-0.09735076230894289
UBFC_PHYS_s20_T2_ctrl,3,237,37.9,-0.30990201234817505,-0.029371558906375352
UBFC_PHYS_s20_T2_ctrl,3,238,37.93333333333333,-0.527068555355072,0.012312049963155769
UBFC_PHYS_s20_T2_ctrl,3,239,37.96666666666667,-0.52290940284729,0.04120190558155509
UBFC_PHYS_s20_T2_ctrl,3,240,38.0,-0.23832470178604126,0.0725054778606286
UBFC_PHYS_s20_T2_ctrl,3,241,38.03333333333333,0.14881764352321625,0.11562900940923082
UBFC_PHYS_s20_T2_ctrl,3,242,38.06666666666667,0.4637334644794464,0.17010368601787254
UBFC_PHYS_s20_T2_ctrl,3,243,38.1,0.6733729839324951,0.22600846703072605
UBFC_PHYS_s20_T2_ctrl,3,244,38.13333333333333,0.7791361808776855,0.2681064466642344
UBFC_PHYS_s20_T2_ctrl,3,245,38.166666666666664,0.787352979183197,0.2813044948093667
UBFC_PHYS_s20_T2_ctrl,3,246,38.2,0.7159176468849182,0.25545937239087696
UBFC_PHYS_s20_T2_ctrl,3,247,38.233333333333334,0.5604885816574097,0.18834352377784097
UBFC_PHYS_s20_T2_ctrl,3,248,38.266666666666666,0.3246365189552307,0.0863499413919032
UBFC_PHYS_s20_T2_ctrl,3,249,38.3,0.066791832447052,-0.03673051242922176
UBFC_PHYS_s20_T2_ctrl,3,250,38.333333333333336,-0.14550548791885376,-0.16244542683697383
UBFC_PHYS_s20_T2_ctrl,3,251,38.36666666666667,-0.315055251121521,-0.27151511955791896
UBFC_PHYS_s20_T2_ctrl,3,252,38.4,-0.5284075736999512,-0.34787108520437554
UBFC_PHYS_s20_T2_ctrl,3,253,38.43333333333333,-0.823420524597168,-0.38163687306442906
UBFC_PHYS_s20_T2_ctrl,3,254,38.46666666666667,-1.0379698276519775,-0.3702971462016342
UBFC_PHYS_s20_T2_ctrl,3,255,38.5,-0.9373598694801331,-0.31791721461567407
UBFC_PHYS_s20_T2_ctrl,3,256,38.53333333333333,-0.5221993327140808,-0.23301773731577388
UBFC_PHYS_s20_T2_ctrl,3,257,38.56666666666667,-0.05195589363574982,-0.12629714066420292
UBFC_PHYS_s20_T2_ctrl,3,258,38.6,0.2857843041419983,-0.008827064459419345
UBFC_PHYS_s20_T2_ctrl,3,259,38.63333333333333,0.46446382999420166,0.10931402664374894
UBFC_PHYS_s20_T2_ctrl,3,260,38.666666666666664,0.5362846255302429,0.2197594295913116
UBFC_PHYS_s20_T2_ctrl,3,261,38.7,0.5653375387191772,0.3154803429829181
UBFC_PHYS_s20_T2_ctrl,3,262,38.733333333333334,0.5426957011222839,0.38977927189779593
UBFC_PHYS_s20_T2_ctrl,3,263,38.766666666666666,0.3717866539955139,0.43589439127733615
UBFC_PHYS_s20_T2_ctrl,3,264,38.8,0.07427823543548584,0.447857973217144
UBFC_PHYS_s20_T2_ctrl,3,265,38.833333333333336,-0.16457654535770416,0.4224673481087941
UBFC_PHYS_s20_T2_ctrl,3,266,38.86666666666667,-0.278110146522522,0.36135210587054767
UBFC_PHYS_s20_T2_ctrl,3,267,38.9,-0.39432185888290405,0.27148501177250145
UBFC_PHYS_s20_T2_ctrl,3,268,38.93333333333333,-0.6154243350028992,0.16383425160796838
UBFC_PHYS_s20_T2_ctrl,3,269,38.96666666666667,-0.847381055355072,0.051274395452990215
UBFC_PHYS_s20_T2_ctrl,3,270,39.0,-0.8749731779098511,-0.05356649315780597
UBFC_PHYS_s20_T2_ctrl,3,271,39.03333333333333,-0.6056656241416931,-0.14041180395045272
UBFC_PHYS_s20_T2_ctrl,3,272,39.06666666666667,-0.2231895923614502,-0.20288116627440597
UBFC_PHYS_s20_T2_ctrl,3,273,39.1,0.07555640488862991,-0.23863375375122556
UBFC_PHYS_s20_T2_ctrl,3,274,39.13333333333333,0.25506773591041565,-0.24841286390114672
UBFC_PHYS_s20_T2_ctrl,3,275,39.166666666666664,0.3410091996192932,-0.23533759585348904
UBFC_PHYS_s20_T2_ctrl,3,276,39.2,0.35863977670669556,-0.20462667928029668
UBFC_PHYS_s20_T2_ctrl,3,277,39.233333333333334,0.37673699855804443,-0.1627549047306131
UBFC_PHYS_s20_T2_ctrl,3,278,39.266666666666666,0.4153457283973694,-0.11611266201251237
UBFC_PHYS_s20_T2_ctrl,3,279,39.3,0.3960109353065491,-0.07032447558112262
UBFC_PHYS_s20_T2_ctrl,3,280,39.333333333333336,0.3047944903373718,-0.03034897796219026
UBFC_PHYS_s20_T2_ctrl,3,281,39.36666666666667,0.22067898511886597,-0.000436023312707527
UBFC_PHYS_s20_T2_ctrl,3,282,39.4,0.1546809822320938,0.016473057794980376
UBFC_PHYS_s20_T2_ctrl,3,283,39.43333333333333,0.016354989260435104,0.019671694276598997
UBFC_PHYS_s20_T2_ctrl,3,284,39.46666666666667,-0.2577812373638153,0.011278038916702295
UBFC_PHYS_s20_T2_ctrl,3,285,39.5,-0.5831252336502075,-0.004431614862707709
UBFC_PHYS_s20_T2_ctrl,3,286,39.53333333333333,-0.7323055267333984,-0.022696701518167238
UBFC_PHYS_s20_T2_ctrl,3,287,39.56666666666667,-0.5847280621528625,-0.03958444368612804
UBFC_PHYS_s20_T2_ctrl,3,288,39.6,-0.2574363350868225,-0.05217837615054765
UBFC_PHYS_s20_T2_ctrl,3,289,39.63333333333333,0.0738927572965622,-0.05767915115073542
UBFC_PHYS_s20_T2_ctrl,3,290,39.666666666666664,0.3230540156364441,-0.052506459400128214
UBFC_PHYS_s20_T2_ctrl,3,291,39.7,0.4470158517360687,-0.03323379602777451
UBFC_PHYS_s20_T2_ctrl,3,292,39.733333333333334,0.4750949442386627,0.0007749493376686997
UBFC_PHYS_s20_T2_ctrl,3,293,39.766666666666666,0.5339311361312866,0.04512441916162652
UBFC_PHYS_s20_T2_ctrl,3,294,39.8,0.6441577672958374,0.09018343758179058
UBFC_PHYS_s20_T2_ctrl,3,295,39.833333333333336,0.6571017503738403,0.12367688565282106
UBFC_PHYS_s20_T2_ctrl,3,296,39.86666666666667,0.5091996788978577,0.13517776950227642
UBFC_PHYS_s20_T2_ctrl,3,297,39.9,0.3125649392604828,0.12011684970959831
UBFC_PHYS_s20_T2_ctrl,3,298,39.93333333333333,0.16161958873271942,0.08157546845155472
UBFC_PHYS_s20_T2_ctrl,3,299,39.96666666666667,0.004648610018193722,0.029146590876480492
UBFC_PHYS_s20_T2_ctrl,4,0,40.0,-0.2194565385580063,0.01515295793851
UBFC_PHYS_s20_T2_ctrl,4,1,40.03333333333333,-0.3886208236217499,-0.5764932126265547
UBFC_PHYS_s20_T2_ctrl,4,2,40.06666666666667,-0.3023344576358795,-1.0654223936583895
UBFC_PHYS_s20_T2_ctrl,4,3,40.1,0.044271763414144516,-1.3745202733613135
UBFC_PHYS_s20_T2_ctrl,4,4,40.13333333333333,0.46056845784187317,-1.4745751485581091
UBFC_PHYS_s20_T2_ctrl,4,5,40.166666666666664,0.7796434164047241,-1.391039352444733
UBFC_PHYS_s20_T2_ctrl,4,6,40.2,0.9238327145576477,-1.1884753332058056
UBFC_PHYS_s20_T2_ctrl,4,7,40.233333333333334,0.886603593826294,-0.9451698204179162
UBFC_PHYS_s20_T2_ctrl,4,8,40.266666666666666,0.7874746918678284,-0.728732267411345
UBFC_PHYS_s20_T2_ctrl,4,9,40.3,0.7650966644287109,-0.5795300400954775
UBFC_PHYS_s20_T2_ctrl,4,10,40.333333333333336,0.7862371206283569,-0.5053301280546171
UBFC_PHYS_s20_T2_ctrl,4,11,40.36666666666667,0.7646706104278564,-0.4867393605621944
UBFC_PHYS_s20_T2_ctrl,4,12,40.4,0.6789117455482483,-0.48931244732005874
UBFC_PHYS_s20_T2_ctrl,4,13,40.43333333333333,0.5158136487007141,-0.4755411463549101
UBFC_PHYS_s20_T2_ctrl,4,14,40.46666666666667,0.2750720679759979,-0.4134523740227227
UBFC_PHYS_s20_T2_ctrl,4,15,40.5,-0.02864457666873932,-0.2825304562703708
UBFC_PHYS_s20_T2_ctrl,4,16,40.53333333333333,-0.3874238133430481,-0.07786355030285055
UBFC_PHYS_s20_T2_ctrl,4,17,40.56666666666667,-0.6462220549583435,0.18698767562991994
UBFC_PHYS_s20_T2_ctrl,4,18,40.6,-0.5733868479728699,0.479614715807616
UBFC_PHYS_s20_T2_ctrl,4,19,40.63333333333333,-0.22272296249866486,0.7535501548504835
UBFC_PHYS_s20_T2_ctrl,4,20,40.666666666666664,0.11692435294389725,0.958188815095412
UBFC_PHYS_s20_T2_ctrl,4,21,40.7,0.32735514640808105,1.0508915407071282
UBFC_PHYS_s20_T2_ctrl,4,22,40.733333333333334,0.45190533995628357,1.0077618072377976
UBFC_PHYS_s20_T2_ctrl,4,23,40.766666666666666,0.4244349002838135,0.829594599903047
UBFC_PHYS_s20_T2_ctrl,4,24,40.8,0.1810964196920395,0.5417759543313959
UBFC_PHYS_s20_T2_ctrl,4,25,40.833333333333336,-0.15027324855327606,0.1892992489369627
UBFC_PHYS_s20_T2_ctrl,4,26,40.86666666666667,-0.4305162727832794,-0.17102009896534892
UBFC_PHYS_s20_T2_ctrl,4,27,40.9,-0.6453293561935425,-0.478592084834616
UBFC_PHYS_s20_T2_ctrl,4,28,40.93333333333333,-0.7877941727638245,-0.6765283414546452
UBFC_PHYS_s20_T2_ctrl,4,29,40.96666666666667,-0.8474216461181641,-0.7193334447381846
UBFC_PHYS_s20_T2_ctrl,4,30,41.0,-0.9184917211532593,-0.5810813592595088
UBFC_PHYS_s20_T2_ctrl,4,31,41.03333333333333,-1.1062806844711304,-0.26339338344627927
UBFC_PHYS_s20_T2_ctrl,4,32,41.06666666666667,-1.3446485996246338,0.19834407750225186
UBFC_PHYS_s20_T2_ctrl,4,33,41.1,-1.436149001121521,0.7328517799080234
UBFC_PHYS_s20_T2_ctrl,4,34,41.13333333333333,-1.2269761562347412,1.2382454446299038
UBFC_PHYS_s20_T2_ctrl,4,35,41.166666666666664,-0.7889505624771118,1.5981233455520627
UBFC_PHYS_s20_T2_ctrl,4,36,41.2,-0.36060258746147156,1.7071759518440397
UBFC_PHYS_s20_T2_ctrl,4,37,41.233333333333334,-0.07486144453287125,1.5000549733664401
UBFC_PHYS_s20_T2_ctrl,4,38,41.266666666666666,0.10047049820423126,0.9737116661569121
UBFC_PHYS_s20_T2_ctrl,4,39,41.3,0.19351288676261902,0.19170569325911527
UBFC_PHYS_s20_T2_ctrl,4,40,41.333333333333336,0.20680175721645355,-0.7305941403529692
UBFC_PHYS_s20_T2_ctrl,4,41,41.36666666666667,0.176328644156456,-1.6504507223044709
UBFC_PHYS_s20_T2_ctrl,4,42,41.4,0.1332564800977707,-2.423767219155557
UBFC_PHYS_s20_T2_ctrl,4,43,41.43333333333333,0.09192910045385361,-2.9274862397851997
UBFC_PHYS_s20_T2_ctrl,4,44,41.46666666666667,0.059853218495845795,-3.075895314384324
UBFC_PHYS_s20_T2_ctrl,4,45,41.5,-0.011906685307621956,-2.830834000026852
UBFC_PHYS_s20_T2_ctrl,4,46,41.53333333333333,-0.2099210023880005,-2.2071382147803162
UBFC_PHYS_s20_T2_ctrl,4,47,41.56666666666667,-0.5171069502830505,-1.2751039808484674
UBFC_PHYS_s20_T2_ctrl,4,48,41.6,-0.8033350110054016,-0.15723995325134119
UBFC_PHYS_s20_T2_ctrl,4,49,41.63333333333333,-0.9112893342971802,0.9871769411919975
UBFC_PHYS_s20_T2_ctrl,4,50,41.666666666666664,-0.7762703895568848,1.9902249464400352
UBFC_PHYS_s20_T2_ctrl,4,51,41.7,-0.4868367314338684,2.7097647138737218
UBFC_PHYS_s20_T2_ctrl,4,52,41.733333333333334,-0.16613873839378357,3.0595144726595405
UBFC_PHYS_s20_T2_ctrl,4,53,41.766666666666666,0.126601904630661,3.0217219257879875
UBFC_PHYS_s20_T2_ctrl,4,54,41.8,0.28827977180480957,2.640591251974131
UBFC_PHYS_s20_T2_ctrl,4,55,41.833333333333336,0.22333675622940063,2.0058620296748986
UBFC_PHYS_s20_T2_ctrl,4,56,41.86666666666667,0.07283776253461838,1.2329647845554095
UBFC_PHYS_s20_T2_ctrl,4,57,41.9,0.04445435851812363,0.44190813245411875
UBFC_PHYS_s20_T2_ctrl,4,58,41.93333333333333,0.08296164870262146,-0.26285261618701916
UBFC_PHYS_s20_T2_ctrl,4,59,41.96666666666667,0.022624090313911438,-0.8089532761889197
UBFC_PHYS_s20_T2_ctrl,4,60,42.0,-0.11872486025094986,-1.1651852086195083
UBFC_PHYS_s20_T2_ctrl,4,61,42.03333333333333,-0.21734654903411865,-1.338466184625386
UBFC_PHYS_s20_T2_ctrl,4,62,42.06666666666667,-0.21442502737045288,-1.360823218954528
UBFC_PHYS_s20_T2_ctrl,4,63,42.1,-0.10533455014228821,-1.2747297002120737
UBFC_PHYS_s20_T2_ctrl,4,64,42.13333333333333,0.10294567793607712,-1.1219889523253095
UBFC_PHYS_s20_T2_ctrl,4,65,42.166666666666664,0.44488558173179626,-0.9372395330072351
UBFC_PHYS_s20_T2_ctrl,4,66,42.2,0.9295540452003479,-0.7454221308062517
UBFC_PHYS_s20_T2_ctrl,4,67,42.233333333333334,1.272204041481018,-0.5613345223242349
UBFC_PHYS_s20_T2_ctrl,4,68,42.266666666666666,1.025477409362793,-0.3903876782709879
UBFC_PHYS_s20_T2_ctrl,4,69,42.3,0.33879777789115906,-0.230942833704128
UBFC_PHYS_s20_T2_ctrl,4,70,42.333333333333336,-0.0636419877409935,-0.07796843796253188
UBFC_PHYS_s20_T2_ctrl,4,71,42.36666666666667,0.11274494975805283,0.07293964426885417
UBFC_PHYS_s20_T2_ctrl,4,72,42.4,0.4967426061630249,0.22183768046664046
UBFC_PHYS_s20_T2_ctrl,4,73,42.43333333333333,0.7317628860473633,0.3613791411297415
UBFC_PHYS_s20_T2_ctrl,4,74,42.46666666666667,0.7560074329376221,0.47592541763624074
UBFC_PHYS_s20_T2_ctrl,4,75,42.5,0.5675286650657654,0.5451228001606756
UBFC_PHYS_s20_T2_ctrl,4,76,42.53333333333333,0.18626993894577026,0.5511870725789222
UBFC_PHYS_s20_T2_ctrl,4,77,42.56666666666667,-0.2697513699531555,0.48615035843105725
UBFC_PHYS_s20_T2_ctrl,4,78,42.6,-0.6834917068481445,0.35620844738874685
UBFC_PHYS_s20_T2_ctrl,4,79,42.63333333333333,-0.9382525682449341,0.18176573973969323
UBFC_PHYS_s20_T2_ctrl,4,80,42.666666666666664,-0.903681218624115,-0.006729667555164329
UBFC_PHYS_s20_T2_ctrl,4,81,42.7,-0.5732042789459229,-0.17561786927868456
UBFC_PHYS_s20_T2_ctrl,4,82,42.733333333333334,-0.14660106599330902,-0.2954312424998239
UBFC_PHYS_s20_T2_ctrl,4,83,42.766666666666666,0.1649874597787857,-0.34658743533537123
UBFC_PHYS_s20_T2_ctrl,4,84,42.8,0.31956443190574646,-0.3222464675769454
UBFC_PHYS_s20_T2_ctrl,4,85,42.833333333333336,0.352776437997818,-0.22846584611544254
UBFC_PHYS_s20_T2_ctrl,4,86,42.86666666666667,0.3206599950790405,-0.08217316360305002
UBFC_PHYS_s20_T2_ctrl,4,87,42.9,0.30471333861351013,0.0923113769153776
UBFC_PHYS_s20_T2_ctrl,4,88,42.93333333333333,0.3063161373138428,0.2674305660542063
UBFC_PHYS_s20_T2_ctrl,4,89,42.96666666666667,0.26141801476478577,0.4165004998442131
UBFC_PHYS_s20_T2_ctrl,4,90,43.0,0.15090733766555786,0.517206523069526
UBFC_PHYS_s20_T2_ctrl,4,91,43.03333333333333,-0.02854313515126705,0.5540716025649113
UBFC_PHYS_s20_T2_ctrl,4,92,43.06666666666667,-0.2743162512779236,0.5199842958901124
UBFC_PHYS_s20_T2_ctrl,4,93,43.1,-0.5545186996459961,0.41724008547465985
UBFC_PHYS_s20_T2_ctrl,4,94,43.13333333333333,-0.8125459551811218,0.25814311612776375
UBFC_PHYS_s20_T2_ctrl,4,95,43.166666666666664,-0.8861318230628967,0.06474475078396452
UBFC_PHYS_s20_T2_ctrl,4,96,43.2,-0.5899421572685242,-0.13350081401306013
UBFC_PHYS_s20_T2_ctrl,4,97,43.233333333333334,-0.032844264060258865,-0.3057730333264762
UBFC_PHYS_s20_T2_ctrl,4,98,43.266666666666666,0.4242928922176361,-0.42798663443048013
UBFC_PHYS_s20_T2_ctrl,4,99,43.3,0.5964395403862,-0.48834423683648187
UBFC_PHYS_s20_T2_ctrl,4,100,43.333333333333336,0.5537325739860535,-0.48832911338038953
UBFC_PHYS_s20_T2_ctrl,4,101,43.36666666666667,0.37529653310775757,-0.4401275939226859
UBFC_PHYS_s20_T2_ctrl,4,102,43.4,0.137151837348938,-0.3619883861865346
UBFC_PHYS_s20_T2_ctrl,4,103,43.43333333333333,-0.02245662920176983,-0.27318004898171366
UBFC_PHYS_s20_T2_ctrl,4,104,43.46666666666667,-0.06072046235203743,-0.18975911938577364
UBFC_PHYS_s20_T2_ctrl,4,105,43.5,-0.13911466300487518,-0.12176349935658107
UBFC_PHYS_s20_T2_ctrl,4,106,43.53333333333333,-0.3296222984790802,-0.07219575335014028
UBFC_PHYS_s20_T2_ctrl,4,107,43.56666666666667,-0.4412285089492798,-0.03792289859436291
UBFC_PHYS_s20_T2_ctrl,4,108,43.6,-0.45756062865257263,-0.011996845484034091
UBFC_PHYS_s20_T2_ctrl,4,109,43.63333333333333,-0.5831860899925232,0.013611817543500927
UBFC_PHYS_s20_T2_ctrl,4,110,43.666666666666664,-0.7590252757072449,0.045409731515300554
UBFC_PHYS_s20_T2_ctrl,4,111,43.7,-0.7246364951133728,0.08594689927670102
UBFC_PHYS_s20_T2_ctrl,4,112,43.733333333333334,-0.49694034457206726,0.13211586149821714
UBFC_PHYS_s20_T2_ctrl,4,113,43.766666666666666,-0.2816809117794037,0.17520754595902183
UBFC_PHYS_s20_T2_ctrl,4,114,43.8,-0.11501209437847137,0.20314007014692523
UBFC_PHYS_s20_T2_ctrl,4,115,43.833333333333336,0.053421810269355774,0.20452988527674587
UBFC_PHYS_s20_T2_ctrl,4,116,43.86666666666667,0.21925880014896393,0.17318730104805669
UBFC_PHYS_s20_T2_ctrl,4,117,43.9,0.3986281156539917,0.11079438621225458
UBFC_PHYS_s20_T2_ctrl,4,118,43.93333333333333,0.6471604704856873,0.026847208667147786
UBFC_PHYS_s20_T2_ctrl,4,119,43.96666666666667,0.9724435806274414,-0.06356614003230038
UBFC_PHYS_s20_T2_ctrl,4,120,44.0,1.2437394857406616,-0.14317722303922642
UBFC_PHYS_s20_T2_ctrl,4,121,44.03333333333333,1.2315664291381836,-0.19597759766001357
UBFC_PHYS_s20_T2_ctrl,4,122,44.06666666666667,0.8832154273986816,-0.20975744604385874
UBFC_PHYS_s20_T2_ctrl,4,123,44.1,0.3865159749984741,-0.1771877515615751
UBFC_PHYS_s20_T2_ctrl,4,124,44.13333333333333,-0.04404343664646149,-0.09599911001306523
UBFC_PHYS_s20_T2_ctrl,4,125,44.166666666666664,-0.38216912746429443,0.030309283634329984
UBFC_PHYS_s20_T2_ctrl,4,126,44.2,-0.684404730796814,0.19122180085395085
UBFC_PHYS_s20_T2_ctrl,4,127,44.233333333333334,-0.8714430332183838,0.36887457711463195
UBFC_PHYS_s20_T2_ctrl,4,128,44.266666666666666,-0.9311922192573547,0.5392936160088004
UBFC_PHYS_s20_T2_ctrl,4,129,44.3,-1.14551842212677,0.6748713293772305
UBFC_PHYS_s20_T2_ctrl,4,130,44.333333333333336,-1.5916593074798584,0.747738787409497
UBFC_PHYS_s20_T2_ctrl,4,131,44.36666666666667,-1.90294349193573,0.7336937942053368
UBFC_PHYS_s20_T2_ctrl,4,132,44.4,-1.7917226552963257,0.6165606106845811
UBFC_PHYS_s20_T2_ctrl,4,133,44.43333333333333,-1.3096106052398682,0.392936750548147
UBFC_PHYS_s20_T2_ctrl,4,134,44.46666666666667,-0.6507666110992432,0.07653484037730816
UBFC_PHYS_s20_T2_ctrl,4,135,44.5,-0.11415998637676239,-0.2993975880167835
UBFC_PHYS_s20_T2_ctrl,4,136,44.53333333333333,0.005926776211708784,-0.6838878712023788
UBFC_PHYS_s20_T2_ctrl,4,137,44.56666666666667,-0.23657990992069244,-1.0167571492369545
UBFC_PHYS_s20_T2_ctrl,4,138,44.6,-0.5904290676116943,-1.241946915351336
UBFC_PHYS_s20_T2_ctrl,4,139,44.63333333333333,-0.8818306922912598,-1.3196042981405012
UBFC_PHYS_s20_T2_ctrl,4,140,44.666666666666664,-1.021150827407837,-1.233392593910538
UBFC_PHYS_s20_T2_ctrl,4,141,44.7,-0.9010234475135803,-0.9925971326596008
UBFC_PHYS_s20_T2_ctrl,4,142,44.733333333333334,-0.4835297167301178,-0.6295473240046005
UBFC_PHYS_s20_T2_ctrl,4,143,44.766666666666666,0.052894312888383865,-0.19355702293454213
UBFC_PHYS_s20_T2_ctrl,4,144,44.8,0.43551236391067505,0.2570234331236922
UBFC_PHYS_s20_T2_ctrl,4,145,44.833333333333336,0.582237720489502,0.6628993847853493
UBFC_PHYS_s20_T2_ctrl,4,146,44.86666666666667,0.5782815217971802,0.9715222501291155
UBFC_PHYS_s20_T2_ctrl,4,147,44.9,0.5209060311317444,1.1448433155147881
UBFC_PHYS_s20_T2_ctrl,4,148,44.93333333333333,0.47044891119003296,1.1656227248218975
UBFC_PHYS_s20_T2_ctrl,4,149,44.96666666666667,0.44224807620048523,1.038960278621542
UBFC_PHYS_s20_T2_ctrl,4,150,45.0,0.3925416171550751,0.7889522816441871
UBFC_PHYS_s20_T2_ctrl,4,151,45.03333333333333,0.29093754291534424,0.45358810795925697
UBFC_PHYS_s20_T2_ctrl,4,152,45.06666666666667,0.18278034031391144,0.07964404335459618
UBFC_PHYS_s20_T2_ctrl,4,153,45.1,0.10611066222190857,-0.2823642258110503
UBFC_PHYS_s20_T2_ctrl,4,154,45.13333333333333,0.017978057265281677,-0.5837166688718614
UBFC_PHYS_s20_T2_ctrl,4,155,45.166666666666664,-0.16670681536197662,-0.7842679862716848
UBFC_PHYS_s20_T2_ctrl,4,156,45.2,-0.4225023686885834,-0.8595775043310451
UBFC_PHYS_s20_T2_ctrl,4,157,45.233333333333334,-0.5443745255470276,-0.8058380496926273
UBFC_PHYS_s20_T2_ctrl,4,158,45.266666666666666,-0.3756362795829773,-0.640655621818222
UBFC_PHYS_s20_T2_ctrl,4,159,45.3,-0.04148710519075394,-0.3987479020253188
UBFC_PHYS_s20_T2_ctrl,4,160,45.333333333333336,0.26300048828125,-0.12375622052888689
UBFC_PHYS_s20_T2_ctrl,4,161,45.36666666666667,0.47736722230911255,0.14069348225397904
UBFC_PHYS_s20_T2_ctrl,4,162,45.4,0.5699024200439453,0.3582916863199648
UBFC_PHYS_s20_T2_ctrl,4,163,45.43333333333333,0.5277634859085083,0.5044297335659165
UBFC_PHYS_s20_T2_ctrl,4,164,45.46666666666667,0.45458340644836426,0.567983419849783
UBFC_PHYS_s20_T2_ctrl,4,165,45.5,0.4491461217403412,0.5521060987804702
UBFC_PHYS_s20_T2_ctrl,4,166,45.53333333333333,0.4500996768474579,0.47372118559126025
UBFC_PHYS_s20_T2_ctrl,4,167,45.56666666666667,0.3781977593898773,0.35955961920525964
UBFC_PHYS_s20_T2_ctrl,4,168,45.6,0.2800021171569824,0.2391224340457606
UBFC_PHYS_s20_T2_ctrl,4,169,45.63333333333333,0.2034541815519333,0.13755353629587674
UBFC_PHYS_s20_T2_ctrl,4,170,45.666666666666664,0.09785330295562744,0.07045975651886607
UBFC_PHYS_s20_T2_ctrl,4,171,45.7,-0.08944877237081528,0.04144043596739137
UBFC_PHYS_s20_T2_ctrl,4,172,45.733333333333334,-0.3020707070827484,0.0425915363042368
UBFC_PHYS_s20_T2_ctrl,4,173,45.766666666666666,-0.3931248188018799,0.05777922874884127
UBFC_PHYS_s20_T2_ctrl,4,174,45.8,-0.2654705047607422,0.06759231290249573
UBFC_PHYS_s20_T2_ctrl,4,175,45.833333333333336,0.007874458096921444,0.05419100136642568
UBFC_PHYS_s20_T2_ctrl,4,176,45.86666666666667,0.27336785197257996,0.005080019849231466
UBFC_PHYS_s20_T2_ctrl,4,177,45.9,0.45352840423583984,-0.08427234855311244
UBFC_PHYS_s20_T2_ctrl,4,178,45.93333333333333,0.5482547283172607,-0.20888636810023647
UBFC_PHYS_s20_T2_ctrl,4,179,45.96666666666667,0.5574859380722046,-0.353705798769798
UBFC_PHYS_s20_T2_ctrl,4,180,46.0,0.5008814334869385,-0.4949159511783897
UBFC_PHYS_s20_T2_ctrl,4,181,46.03333333333333,0.4426741302013397,-0.6047688832050373
UBFC_PHYS_s20_T2_ctrl,4,182,46.06666666666667,0.4021785855293274,-0.6591423057106925
UBFC_PHYS_s20_T2_ctrl,4,183,46.1,0.32875505089759827,-0.6446824334969008
UBFC_PHYS_s20_T2_ctrl,4,184,46.13333333333333,0.21102173626422882,-0.5627687913203675
UBFC_PHYS_s20_T2_ctrl,4,185,46.166666666666664,0.085680291056633,-0.4284867967466856
UBFC_PHYS_s20_T2_ctrl,4,186,46.2,-0.06765908002853394,-0.2651347249267497
UBFC_PHYS_s20_T2_ctrl,4,187,46.233333333333334,-0.3155624568462372,-0.09701263113809772
UBFC_PHYS_s20_T2_ctrl,4,188,46.266666666666666,-0.6571168899536133,0.05678671802733459
UBFC_PHYS_s20_T2_ctrl,4,189,46.3,-0.9572627544403076,0.18543111033968704
UBFC_PHYS_s20_T2_ctrl,4,190,46.333333333333336,-1.0456997156143188,0.28582110298230523
UBFC_PHYS_s20_T2_ctrl,4,191,46.36666666666667,-0.8963977098464966,0.3597815840888877
UBFC_PHYS_s20_T2_ctrl,4,192,46.4,-0.6435033679008484,0.4107759698199377
UBFC_PHYS_s20_T2_ctrl,4,193,46.43333333333333,-0.3947884738445282,0.442005854484395
UBFC_PHYS_s20_T2_ctrl,4,194,46.46666666666667,-0.1748424470424652,0.4562154028565206
UBFC_PHYS_s20_T2_ctrl,4,195,46.5,-0.013732637278735638,0.4559701680872887
UBFC_PHYS_s20_T2_ctrl,4,196,46.53333333333333,0.09754897654056549,0.44360144297752097
UBFC_PHYS_s20_T2_ctrl,4,197,46.56666666666667,0.2578878402709961,0.420678984599418
UBFC_PHYS_s20_T2_ctrl,4,198,46.6,0.4843261241912842,0.38734094644101624
UBFC_PHYS_s20_T2_ctrl,4,199,46.63333333333333,0.6427173018455505,0.34219048187765727
UBFC_PHYS_s20_T2_ctrl,4,200,46.666666666666664,0.6313355565071106,0.283077483723377
UBFC_PHYS_s20_T2_ctrl,4,201,46.7,0.5242536067962646,0.20859174688243223
UBFC_PHYS_s20_T2_ctrl,4,202,46.733333333333334,0.43429505825042725,0.11971838440710089
UBFC_PHYS_s20_T2_ctrl,4,203,46.766666666666666,0.32510313391685486,0.020835021099339324
UBFC_PHYS_s20_T2_ctrl,4,204,46.8,0.0911378562450409,-0.0804309413441367
UBFC_PHYS_s20_T2_ctrl,4,205,46.833333333333336,-0.21499308943748474,-0.1745227361104913
UBFC_PHYS_s20_T2_ctrl,4,206,46.86666666666667,-0.4165375828742981,-0.2519335808964888
UBFC_PHYS_s20_T2_ctrl,4,207,46.9,-0.3930436670780182,-0.30487951849971684
UBFC_PHYS_s20_T2_ctrl,4,208,46.93333333333333,-0.14873133599758148,-0.32860288149169653
UBFC_PHYS_s20_T2_ctrl,4,209,46.96666666666667,0.21720968186855316,-0.3230845109485908
UBFC_PHYS_s20_T2_ctrl,4,210,47.0,0.5520080924034119,-0.294433269088433
UBFC_PHYS_s20_T2_ctrl,4,211,47.03333333333333,0.7538163065910339,-0.25386605024065667
UBFC_PHYS_s20_T2_ctrl,4,212,47.06666666666667,0.8641443848609924,-0.21430715922829827
UBFC_PHYS_s20_T2_ctrl,4,213,47.1,0.9707596898078918,-0.18678923739492995
UBFC_PHYS_s20_T2_ctrl,4,214,47.13333333333333,1.1503115892410278,-0.17777342149074835
UBFC_PHYS_s20_T2_ctrl,4,215,47.166666666666664,1.4325225353240967,-0.18725033481946543
UBFC_PHYS_s20_T2_ctrl,4,216,47.2,1.7199476957321167,-0.20803095179754208
UBFC_PHYS_s20_T2_ctrl,4,217,47.233333333333334,1.8836950063705444,-0.22714516078730176
UBFC_PHYS_s20_T2_ctrl,4,218,47.266666666666666,1.9201936721801758,-0.2292447384305651
UBFC_PHYS_s20_T2_ctrl,4,219,47.3,1.8277397155761719,-0.2008535808424444
UBFC_PHYS_s20_T2_ctrl,4,220,47.333333333333336,1.5410652160644531,-0.1343947641642566
UBFC_PHYS_s20_T2_ctrl,4,221,47.36666666666667,1.1667451858520508,-0.031153829275325333
UBFC_PHYS_s20_T2_ctrl,4,222,47.4,0.9433704018592834,0.0975905293579681
UBFC_PHYS_s20_T2_ctrl,4,223,47.43333333333333,0.8989997506141663,0.23186309220181425
UBFC_PHYS_s20_T2_ctrl,4,224,47.46666666666667,0.87800133228302,0.346781433379932
UBFC_PHYS_s20_T2_ctrl,4,225,47.5,0.8018591403961182,0.418294882063595
UBFC_PHYS_s20_T2_ctrl,4,226,47.53333333333333,0.6215768456459045,0.4295273301481687
UBFC_PHYS_s20_T2_ctrl,4,227,47.56666666666667,0.27188679575920105,0.37573907652936867
UBFC_PHYS_s20_T2_ctrl,4,228,47.6,-0.13345420360565186,0.26631701666417473
UBFC_PHYS_s20_T2_ctrl,4,229,47.63333333333333,-0.34560951590538025,0.12287479977223872
UBFC_PHYS_s20_T2_ctrl,4,230,47.666666666666664,-0.2872196435928345,-0.02604381631716864
UBFC_PHYS_s20_T2_ctrl,4,231,47.7,-0.11738583445549011,-0.15182613160538114
UBFC_PHYS_s20_T2_ctrl,4,232,47.733333333333334,-0.02063067816197872,-0.23216561202733177
UBFC_PHYS_s20_T2_ctrl,4,233,47.766666666666666,-0.07605845481157303,-0.2550258185431091
UBFC_PHYS_s20_T2_ctrl,4,234,47.8,-0.2752697765827179,-0.21973185610765122
UBFC_PHYS_s20_T2_ctrl,4,235,47.833333333333336,-0.49659544229507446,-0.13615598920533203
UBFC_PHYS_s20_T2_ctrl,4,236,47.86666666666667,-0.4694090485572815,-0.022453981662112304
UBFC_PHYS_s20_T2_ctrl,4,237,47.9,-0.038078662008047104,0.09880724193350154
UBFC_PHYS_s20_T2_ctrl,4,238,47.93333333333333,0.5844694375991821,0.2053361990037437
UBFC_PHYS_s20_T2_ctrl,4,239,47.96666666666667,1.095309853553772,0.2789447854004849
UBFC_PHYS_s20_T2_ctrl,4,240,48.0,1.4382033348083496,0.30795018732842594
UBFC_PHYS_s20_T2_ctrl,4,241,48.03333333333333,1.6376581192016602,0.288697418200187
UBFC_PHYS_s20_T2_ctrl,4,242,48.06666666666667,1.6183233261108398,0.22602887353520787
UBFC_PHYS_s20_T2_ctrl,4,243,48.1,1.357252836227417,0.13179788717765548
UBFC_PHYS_s20_T2_ctrl,4,244,48.13333333333333,1.0386648178100586,0.021934077056026968
UBFC_PHYS_s20_T2_ctrl,4,245,48.166666666666664,0.9208503365516663,-0.08611449844350598
UBFC_PHYS_s20_T2_ctrl,4,246,48.2,1.0881074666976929,-0.17515414432858392
UBFC_PHYS_s20_T2_ctrl,4,247,48.233333333333334,1.4101241827011108,-0.2302590927885402
UBFC_PHYS_s20_T2_ctrl,4,248,48.266666666666666,1.5991102457046509,-0.24118977853194684
UBFC_PHYS_s20_T2_ctrl,4,249,48.3,1.2716765403747559,-0.20437565055339074
UBFC_PHYS_s20_T2_ctrl,4,250,48.333333333333336,0.439813494682312,-0.12403576971264343
UBFC_PHYS_s20_T2_ctrl,4,251,48.36666666666667,-0.26545023918151855,-0.012470755660298467
UBFC_PHYS_s20_T2_ctrl,4,252,48.4,-0.4225023686885834,0.11079085322929513
UBFC_PHYS_s20_T2_ctrl,4,253,48.43333333333333,-0.49537813663482666,0.22157690565228963
UBFC_PHYS_s20_T2_ctrl,4,254,48.46666666666667,-1.1045562028884888,0.2952846123541503
UBFC_PHYS_s20_T2_ctrl,4,255,48.5,-2.1434009075164795,0.3118521143269247
UBFC_PHYS_s20_T2_ctrl,4,256,48.53333333333333,-3.0253560543060303,0.26057922876859957
UBFC_PHYS_s20_T2_ctrl,4,257,48.56666666666667,-3.5080766677856445,0.14391052956415462
UBFC_PHYS_s20_T2_ctrl,4,258,48.6,-3.8176162242889404,-0.021379226842854645
UBFC_PHYS_s20_T2_ctrl,4,259,48.63333333333333,-4.179276466369629,-0.2075036098315415
UBFC_PHYS_s20_T2_ctrl,4,260,48.666666666666664,-4.540672779083252,-0.38287979784603515
UBFC_PHYS_s20_T2_ctrl,4,261,48.7,-4.619330883026123,-0.5201602137602477
UBFC_PHYS_s20_T2_ctrl,4,262,48.733333333333334,-3.999075174331665,-0.6023649460662328
UBFC_PHYS_s20_T2_ctrl,4,263,48.766666666666666,-2.594329833984375,-0.6252686708104451
UBFC_PHYS_s20_T2_ctrl,4,264,48.8,-1.24332857131958,-0.5957440892457291
UBFC_PHYS_s20_T2_ctrl,4,265,48.833333333333336,-0.8998264670372009,-0.5273025841567558
UBFC_PHYS_s20_T2_ctrl,4,266,48.86666666666667,-1.402551531791687,-0.4348587528379882
UBFC_PHYS_s20_T2_ctrl,4,267,48.9,-1.7317097187042236,-0.3310933451244254
UBFC_PHYS_s20_T2_ctrl,4,268,48.93333333333333,-1.215350866317749,-0.22501939408782903
UBFC_PHYS_s20_T2_ctrl,4,269,48.96666666666667,-0.0470866896212101,-0.12156819744311702
UBFC_PHYS_s20_T2_ctrl,4,270,49.0,1.1570067405700684,-0.021552337841706994
UBFC_PHYS_s20_T2_ctrl,4,271,49.03333333333333,1.893169641494751,0.07786905229758591
UBFC_PHYS_s20_T2_ctrl,4,272,49.06666666666667,2.033220052719116,0.18210058155004327
UBFC_PHYS_s20_T2_ctrl,4,273,49.1,1.765048623085022,0.29734355617638875
UBFC_PHYS_s20_T2_ctrl,4,274,49.13333333333333,1.4891067743301392,0.42819107893194774
UBFC_PHYS_s20_T2_ctrl,4,275,49.166666666666664,1.5003870725631714,0.5747925229013301
UBFC_PHYS_s20_T2_ctrl,4,276,49.2,1.7178782224655151,0.7303297636940452
UBFC_PHYS_s20_T2_ctrl,4,277,49.233333333333334,1.8407647609710693,0.8799844114923328
UBFC_PHYS_s20_T2_ctrl,4,278,49.266666666666666,1.677078366279602,1.0020364794980317
UBFC_PHYS_s20_T2_ctrl,4,279,49.3,1.2351574897766113,1.0710489563422576
UBFC_PHYS_s20_T2_ctrl,4,280,49.333333333333336,0.6294081211090088,1.0626562941638715
UBFC_PHYS_s20_T2_ctrl,4,281,49.36666666666667,0.003086406970396638,0.9590536585144409
UBFC_PHYS_s20_T2_ctrl,4,282,49.4,-0.5069830417633057,0.7541532956813718
UBFC_PHYS_s20_T2_ctrl,4,283,49.43333333333333,-0.7870029211044312,0.4573184419060357
UBFC_PHYS_s20_T2_ctrl,4,284,49.46666666666667,-0.7725576162338257,0.09435084935422794
UBFC_PHYS_s20_T2_ctrl,4,285,49.5,-0.5161736607551575,-0.29558149024100183
UBFC_PHYS_s20_T2_ctrl,4,286,49.53333333333333,-0.16490115225315094,-0.6662763528507758
UBFC_PHYS_s20_T2_ctrl,4,287,49.56666666666667,0.17056675255298615,-0.9713077890943141
UBFC_PHYS_s20_T2_ctrl,4,288,49.6,0.4102533459663391,-1.1704268272457183
UBFC_PHYS_s20_T2_ctrl,4,289,49.63333333333333,0.4315764009952545,-1.2365375198181892
UBFC_PHYS_s20_T2_ctrl,4,290,49.666666666666664,0.1375170350074768,-1.1622245170976448
UBFC_PHYS_s20_T2_ctrl,4,291,49.7,-0.44483983516693115,-0.9628065626057226
UBFC_PHYS_s20_T2_ctrl,4,292,49.733333333333334,-1.0700254440307617,-0.6746429508885747
UBFC_PHYS_s20_T2_ctrl,4,293,49.766666666666666,-1.3242181539535522,-0.3494359413781068
UBFC_PHYS_s20_T2_ctrl,4,294,49.8,-1.051116704940796,-0.04496285561281642
UBFC_PHYS_s20_T2_ctrl,4,295,49.833333333333336,-0.6576849222183228,0.18751708054827307
UBFC_PHYS_s20_T2_ctrl,4,296,49.86666666666667,-0.6544591188430786,0.3158343342542664
UBFC_PHYS_s20_T2_ctrl,4,297,49.9,-1.0687675476074219,0.3335092092912138
UBFC_PHYS_s20_T2_ctrl,4,298,49.93333333333333,-1.4736013412475586,0.2584660538088194
UBFC_PHYS_s20_T2_ctrl,4,299,49.96666666666667,-1.4524811506271362,0.1262996386050739
UBFC_PHYS_s20_T2_ctrl,5,0,50.0,-0.8926240801811218,-0.05220491155049076
UBFC_PHYS_s20_T2_ctrl,5,1,50.03333333333333,0.01745055988430977,-0.5648130432559338
UBFC_PHYS_s20_T2_ctrl,5,2,50.06666666666667,0.9326987266540527,-1.0018946194450653
UBFC_PHYS_s20_T2_ctrl,5,3,50.1,1.6343713998794556,-1.3006403787998237
UBFC_PHYS_s20_T2_ctrl,5,4,50.13333333333333,2.050039052963257,-1.4229317346651456
UBFC_PHYS_s20_T2_ctrl,5,5,50.166666666666664,2.135209560394287,-1.362438815010538
UBFC_PHYS_s20_T2_ctrl,5,6,50.2,1.9507479667663574,-1.1415430518772225
UBFC_PHYS_s20_T2_ctrl,5,7,50.233333333333334,1.7595303058624268,-0.8016095028413641
UBFC_PHYS_s20_T2_ctrl,5,8,50.266666666666666,1.7733871936798096,-0.3919932014573565
UBFC_PHYS_s20_T2_ctrl,5,9,50.3,1.881787896156311,0.0362712275201586
UBFC_PHYS_s20_T2_ctrl,5,10,50.333333333333336,1.8099874258041382,0.43207336487026643
UBFC_PHYS_s20_T2_ctrl,5,11,50.36666666666667,1.3659768104553223,0.7467529874019909
UBFC_PHYS_s20_T2_ctrl,5,12,50.4,0.5702067017555237,0.9405661784056918
UBFC_PHYS_s20_T2_ctrl,5,13,50.43333333333333,-0.2636851370334625,0.9924183619030672
UBFC_PHYS_s20_T2_ctrl,5,14,50.46666666666667,-0.7183471322059631,0.9078088013435903
UBFC_PHYS_s20_T2_ctrl,5,15,50.5,-0.6738141775131226,0.7167583452883667
UBFC_PHYS_s20_T2_ctrl,5,16,50.53333333333333,-0.360825777053833,0.46164689835458533
UBFC_PHYS_s20_T2_ctrl,5,17,50.56666666666667,-0.020711829885840416,0.18317578045095903
UBFC_PHYS_s20_T2_ctrl,5,18,50.6,0.3041655719280243,-0.08886214454498341
UBFC_PHYS_s20_T2_ctrl,5,19,50.63333333333333,0.676375687122345,-0.3363704176207051
UBFC_PHYS_s20_T2_ctrl,5,20,50.666666666666664,1.0776792764663696,-0.5464483804984427
UBFC_PHYS_s20_T2_ctrl,5,21,50.7,1.1887174844741821,-0.7031584327283993
UBFC_PHYS_s20_T2_ctrl,5,22,50.733333333333334,0.6950206756591797,-0.782921787261916
UBFC_PHYS_s20_T2_ctrl,5,23,50.766666666666666,-0.015660030767321587,-0.7573972528434163
UBFC_PHYS_s20_T2_ctrl,5,24,50.8,-0.13406285643577576,-0.6039105323053777
UBFC_PHYS_s20_T2_ctrl,5,25,50.833333333333336,0.4113083481788635,-0.3195653717005897
UBFC_PHYS_s20_T2_ctrl,5,26,50.86666666666667,1.0240368843078613,0.06707768032641168
UBFC_PHYS_s20_T2_ctrl,5,27,50.9,1.355913758277893,0.49383001781338876
UBFC_PHYS_s20_T2_ctrl,5,28,50.93333333333333,1.5013000965118408,0.8758480585277117
UBFC_PHYS_s20_T2_ctrl,5,29,50.96666666666667,1.5222985744476318,1.128895425151991
UBFC_PHYS_s20_T2_ctrl,5,30,51.0,1.323168396949768,1.1958248839214156
UBFC_PHYS_s20_T2_ctrl,5,31,51.03333333333333,0.8858123421669006,1.060856656905372
UBFC_PHYS_s20_T2_ctrl,5,32,51.06666666666667,0.3286738991737366,0.7470498656867445
UBFC_PHYS_s20_T2_ctrl,5,33,51.1,-0.22286497056484222,0.30401045348026384
UBFC_PHYS_s20_T2_ctrl,5,34,51.13333333333333,-0.6034135818481445,-0.20653179280823558
UBFC_PHYS_s20_T2_ctrl,5,35,51.166666666666664,-0.7149995565414429,-0.7209574858302514
UBFC_PHYS_s20_T2_ctrl,5,36,51.2,-0.7298709154129028,-1.1783645940439822
UBFC_PHYS_s20_T2_ctrl,5,37,51.233333333333334,-0.8996438384056091,-1.5229858798785205
UBFC_PHYS_s20_T2_ctrl,5,38,51.266666666666666,-1.189949870109558,-1.7073025474882744
UBFC_PHYS_s20_T2_ctrl,5,39,51.3,-1.3814313411712646,-1.6971769318115675
UBFC_PHYS_s20_T2_ctrl,5,40,51.333333333333336,-1.4106872081756592,-1.4788309472543266
UBFC_PHYS_s20_T2_ctrl,5,41,51.36666666666667,-1.336228847503662,-1.0658440210540971
UBFC_PHYS_s20_T2_ctrl,5,42,51.4,-1.259822964668274,-0.5029356391307332
UBFC_PHYS_s20_T2_ctrl,5,43,51.43333333333333,-1.3352956771850586,0.13739945151037017
UBFC_PHYS_s20_T2_ctrl,5,44,51.46666666666667,-1.5807441473007202,0.766177964678001
UBFC_PHYS_s20_T2_ctrl,5,45,51.5,-1.7672549486160278,1.294371422784784
UBFC_PHYS_s20_T2_ctrl,5,46,51.53333333333333,-1.722722053527832,1.6507235612707312
UBFC_PHYS_s20_T2_ctrl,5,47,51.56666666666667,-1.5577980279922485,1.7966141147851244
UBFC_PHYS_s20_T2_ctrl,5,48,51.6,-1.4220283031463623,1.7330706790652026
UBFC_PHYS_s20_T2_ctrl,5,49,51.63333333333333,-1.3984736204147339,1.4953703219976155
UBFC_PHYS_s20_T2_ctrl,5,50,51.666666666666664,-1.4894059896469116,1.1377467522074838
UBFC_PHYS_s20_T2_ctrl,5,51,51.7,-1.58989417552948,0.7172524047486534
UBFC_PHYS_s20_T2_ctrl,5,52,51.733333333333334,-1.612901210784912,0.28301087666651514
UBFC_PHYS_s20_T2_ctrl,5,53,51.766666666666666,-1.4852874279022217,-0.12698235490982993
UBFC_PHYS_s20_T2_ctrl,5,54,51.8,-1.0732107162475586,-0.48318881778914197
UBFC_PHYS_s20_T2_ctrl,5,55,51.833333333333336,-0.4915233552455902,-0.7608295400803143
UBFC_PHYS_s20_T2_ctrl,5,56,51.86666666666667,-0.1328861266374588,-0.9385714964516072
UBFC_PHYS_s20_T2_ctrl,5,57,51.9,-0.14161013066768646,-1.0006853447111461
UBFC_PHYS_s20_T2_ctrl,5,58,51.93333333333333,-0.2503962814807892,-0.9419064469427836
UBFC_PHYS_s20_T2_ctrl,5,59,51.96666666666667,-0.20606622099876404,-0.7725427454940802
UBFC_PHYS_s20_T2_ctrl,5,60,52.0,-0.07125011831521988,-0.521156155577455
UBFC_PHYS_s20_T2_ctrl,5,61,52.03333333333333,-0.12824009358882904,-0.23253851689619398
UBFC_PHYS_s20_T2_ctrl,5,62,52.06666666666667,-0.4868975877761841,0.039534458319869625
UBFC_PHYS_s20_T2_ctrl,5,63,52.1,-0.9478287100791931,0.24328555275282465
UBFC_PHYS_s20_T2_ctrl,5,64,52.13333333333333,-1.3086975812911987,0.34096447445759853
UBFC_PHYS_s20_T2_ctrl,5,65,52.166666666666664,-1.549459457397461,0.31839226214296673
UBFC_PHYS_s20_T2_ctrl,5,66,52.2,-1.6833828687667847,0.188731558879203
UBFC_PHYS_s20_T2_ctrl,5,67,52.233333333333334,-1.71018385887146,-0.011945225438921798
UBFC_PHYS_s20_T2_ctrl,5,68,52.266666666666666,-1.6233091354370117,-0.23521842594099968
UBFC_PHYS_s20_T2_ctrl,5,69,52.3,-1.3546507358551025,-0.4309104372891243
UBFC_PHYS_s20_T2_ctrl,5,70,52.333333333333336,-0.9392873048782349,-0.55485138318152
UBFC_PHYS_s20_T2_ctrl,5,71,52.36666666666667,-0.6315129995346069,-0.5746587426597654
UBFC_PHYS_s20_T2_ctrl,5,72,52.4,-0.6600586771965027,-0.47450621757539724
UBFC_PHYS_s20_T2_ctrl,5,73,52.43333333333333,-1.0165859460830688,-0.25940874008518816
UBFC_PHYS_s20_T2_ctrl,5,74,52.46666666666667,-1.5263510942459106,0.042860564017176105
UBFC_PHYS_s20_T2_ctrl,5,75,52.5,-1.9836301803588867,0.38609840784015914
UBFC_PHYS_s20_T2_ctrl,5,76,52.53333333333333,-2.171581506729126,0.715835914977658
UBFC_PHYS_s20_T2_ctrl,5,77,52.56666666666667,-1.8647202253341675,0.9805784545249074
UBFC_PHYS_s20_T2_ctrl,5,78,52.6,-1.0399174690246582,1.1404067648438265
UBFC_PHYS_s20_T2_ctrl,5,79,52.63333333333333,-0.10929077863693237,1.1709685891963626
UBFC_PHYS_s20_T2_ctrl,5,80,52.666666666666664,0.593700647354126,1.063707956176304
UBFC_PHYS_s20_T2_ctrl,5,81,52.7,1.3003439903259277,0.8255486404738948
UBFC_PHYS_s20_T2_ctrl,5,82,52.733333333333334,2.1205410957336426,0.47849685069856945
UBFC_PHYS_s20_T2_ctrl,5,83,52.766666666666666,2.546495199203491,0.05675559311217647
UBFC_PHYS_s20_T2_ctrl,5,84,52.8,2.358422040939331,-0.39832435745720973
UBFC_PHYS_s20_T2_ctrl,5,85,52.833333333333336,2.019566059112549,-0.8423758291708057
UBFC_PHYS_s20_T2_ctrl,5,86,52.86666666666667,1.8428139686584473,-1.2303944996484282
UBFC_PHYS_s20_T2_ctrl,5,87,52.9,1.7853776216506958,-1.5188880657185213
UBFC_PHYS_s20_T2_ctrl,5,88,52.93333333333333,1.8079382181167603,-1.669247413258916
UBFC_PHYS_s20_T2_ctrl,5,89,52.96666666666667,1.8533029556274414,-1.6531812290056547
UBFC_PHYS_s20_T2_ctrl,5,90,53.0,1.7951768636703491,-1.4593947866019572
UBFC_PHYS_s20_T2_ctrl,5,91,53.03333333333333,1.6254647970199585,-1.0990598499626596
UBFC_PHYS_s20_T2_ctrl,5,92,53.06666666666667,1.4437217712402344,-0.6075803293327658
UBFC_PHYS_s20_T2_ctrl,5,93,53.1,1.271493911743164,-0.04066247438695157
UBFC_PHYS_s20_T2_ctrl,5,94,53.13333333333333,1.0400241613388062,0.5342866182815798
UBFC_PHYS_s20_T2_ctrl,5,95,53.166666666666664,0.6745496988296509,1.0475691191942567
UBFC_PHYS_s20_T2_ctrl,5,96,53.2,0.2538301646709442,1.4361620873220657
UBFC_PHYS_s20_T2_ctrl,5,97,53.233333333333334,-0.00582017982378602,1.653583991985563
UBFC_PHYS_s20_T2_ctrl,5,98,53.266666666666666,-0.08064362406730652,1.6788507289932288
UBFC_PHYS_s20_T2_ctrl,5,99,53.3,-0.206370547413826,1.5196963587648025
UBFC_PHYS_s20_T2_ctrl,5,100,53.333333333333336,-0.5005516409873962,1.208652394202987
UBFC_PHYS_s20_T2_ctrl,5,101,53.36666666666667,-0.8964585661888123,0.7943201270844897
UBFC_PHYS_s20_T2_ctrl,5,102,53.4,-1.2821604013442993,0.33153665116818665
UBFC_PHYS_s20_T2_ctrl,5,103,53.43333333333333,-1.4552809000015259,-0.12529923317910083
UBFC_PHYS_s20_T2_ctrl,5,104,53.46666666666667,-1.2564347982406616,-0.525808615183313
UBFC_PHYS_s20_T2_ctrl,5,105,53.5,-0.8433233499526978,-0.8282050732809052
UBFC_PHYS_s20_T2_ctrl,5,106,53.53333333333333,-0.4757592976093292,-1.0053258641242093
UBFC_PHYS_s20_T2_ctrl,5,107,53.56666666666667,-0.1499689221382141,-1.0486336194650643
UBFC_PHYS_s20_T2_ctrl,5,108,53.6,0.1369083821773529,-0.9679664432689302
UBFC_PHYS_s20_T2_ctrl,5,109,53.63333333333333,0.24831172823905945,-0.7866426272038926
UBFC_PHYS_s20_T2_ctrl,5,110,53.666666666666664,0.2171488106250763,-0.5343828893972645
UBFC_PHYS_s20_T2_ctrl,5,111,53.7,0.19259990751743317,-0.24280196791631153
UBFC_PHYS_s20_T2_ctrl,5,112,53.733333333333334,0.16695542633533478,0.05554844275544007
UBFC_PHYS_s20_T2_ctrl,5,113,53.766666666666666,0.1312682181596756,0.32749573872671955
UBFC_PHYS_s20_T2_ctrl,5,114,53.8,0.1794530600309372,0.5412257241005569
UBFC_PHYS_s20_T2_ctrl,5,115,53.833333333333336,0.3178804814815521,0.6708820580096494
UBFC_PHYS_s20_T2_ctrl,5,116,53.86666666666667,0.5065621733665466,0.7023717456093557
UBFC_PHYS_s20_T2_ctrl,5,117,53.9,0.6630259156227112,0.6368558618829063
UBFC_PHYS_s20_T2_ctrl,5,118,53.93333333333333,0.5488836765289307,0.4902698737953883
UBFC_PHYS_s20_T2_ctrl,5,119,53.96666666666667,0.0022748729679733515,0.28946227930132357
UBFC_PHYS_s20_T2_ctrl,5,120,54.0,-0.7568950057029724,0.06649896154758964
UBFC_PHYS_s20_T2_ctrl,5,121,54.03333333333333,-1.2743088006973267,-0.14668808196010652
UBFC_PHYS_s20_T2_ctrl,5,122,54.06666666666667,-1.3025705814361572,-0.32232466854861563
UBFC_PHYS_s20_T2_ctrl,5,123,54.1,-0.9119182825088501,-0.43978055821932305
UBFC_PHYS_s20_T2_ctrl,5,124,54.13333333333333,-0.3523046672344208,-0.4877017283762132
UBFC_PHYS_s20_T2_ctrl,5,125,54.166666666666664,0.09988214075565338,-0.46517890928951394
UBFC_PHYS_s20_T2_ctrl,5,126,54.2,0.25705599784851074,-0.38177042849374826
UBFC_PHYS_s20_T2_ctrl,5,127,54.233333333333334,0.15644606947898865,-0.2561373993371342
UBFC_PHYS_s20_T2_ctrl,5,128,54.266666666666666,0.04013293981552124,-0.11305250856822943
UBFC_PHYS_s20_T2_ctrl,5,129,54.3,0.07817360013723373,0.021310999975623465
UBFC_PHYS_s20_T2_ctrl,5,130,54.333333333333336,0.198686420917511,0.12454795795861427
UBFC_PHYS_s20_T2_ctrl,5,131,54.36666666666667,0.255879282951355,0.18122667536944523
UBFC_PHYS_s20_T2_ctrl,5,132,54.4,0.1810964196920395,0.18384210287273986
UBFC_PHYS_s20_T2_ctrl,5,133,54.43333333333333,-0.0014378956984728575,0.13331036655484546
UBFC_PHYS_s20_T2_ctrl,5,134,54.46666666666667,-0.23104117810726166,0.03959696309910265
UBFC_PHYS_s20_T2_ctrl,5,135,54.5,-0.47630706429481506,-0.07834677444964656
UBFC_PHYS_s20_T2_ctrl,5,136,54.53333333333333,-0.650239109992981,-0.1945628271770075
UBFC_PHYS_s20_T2_ctrl,5,137,54.56666666666667,-0.5759025812149048,-0.2812044554104104
UBFC_PHYS_s20_T2_ctrl,5,138,54.6,-0.23430760204792023,-0.3154436693221583
UBFC_PHYS_s20_T2_ctrl,5,139,54.63333333333333,0.16699600219726562,-0.28445160664263375
UBFC_PHYS_s20_T2_ctrl,5,140,54.666666666666664,0.47937577962875366,-0.18732152985102699
UBFC_PHYS_s20_T2_ctrl,5,141,54.7,0.6847547888755798,-0.035523958440563295
UBFC_PHYS_s20_T2_ctrl,5,142,54.733333333333334,0.7473037838935852,0.14837391447148235
UBFC_PHYS_s20_T2_ctrl,5,143,54.766666666666666,0.6885892748832703,0.33578252097105143
UBFC_PHYS_s20_T2_ctrl,5,144,54.8,0.6531658172607422,0.49961879046008745
UBFC_PHYS_s20_T2_ctrl,5,145,54.833333333333336,0.6806362271308899,0.619748474669866
UBFC_PHYS_s20_T2_ctrl,5,146,54.86666666666667,0.6829693913459778,0.68404103416655
UBFC_PHYS_s20_T2_ctrl,5,147,54.9,0.65438312292099,0.6854846054543309
UBFC_PHYS_s20_T2_ctrl,5,148,54.93333333333333,0.6409724950790405,0.6183478669814968
UBFC_PHYS_s20_T2_ctrl,5,149,54.96666666666667,0.57256019115448,0.4780950886882844
UBFC_PHYS_s20_T2_ctrl,5,150,55.0,0.36089178919792175,0.2655391828171043
UBFC_PHYS_s20_T2_ctrl,5,151,55.03333333333333,0.06863807141780853,-0.008650560582688763
UBFC_PHYS_s20_T2_ctrl,5,152,55.06666666666667,-0.15907838940620422,-0.32176169125685833
UBFC_PHYS_s20_T2_ctrl,5,153,55.1,-0.2217085361480713,-0.6399970724159109
UBFC_PHYS_s20_T2_ctrl,5,154,55.13333333333333,-0.0855736956000328,-0.9221372478286742
UBFC_PHYS_s20_T2_ctrl,5,155,55.166666666666664,0.18539755046367645,-1.1243306367403951
UBFC_PHYS_s20_T2_ctrl,5,156,55.2,0.45924973487854004,-1.205721726484874
UBFC_PHYS_s20_T2_ctrl,5,157,55.233333333333334,0.6333035230636597,-1.13580385870051
UBFC_PHYS_s20_T2_ctrl,5,158,55.266666666666666,0.6820158362388611,-0.9031254561520009
UBFC_PHYS_s20_T2_ctrl,5,159,55.3,0.6487226486206055,-0.5234900356902973
UBFC_PHYS_s20_T2_ctrl,5,160,55.333333333333336,0.5930919647216797,-0.043742948098929695
UBFC_PHYS_s20_T2_ctrl,5,161,55.36666666666667,0.5492488741874695,0.463944201527272
UBFC_PHYS_s20_T2_ctrl,5,162,55.4,0.5039246678352356,0.917852062029214
UBFC_PHYS_s20_T2_ctrl,5,163,55.43333333333333,0.40986788272857666,1.2481431475255875
UBFC_PHYS_s20_T2_ctrl,5,164,55.46666666666667,0.23557063937187195,1.4155087698074342
UBFC_PHYS_s20_T2_ctrl,5,165,55.5,-0.0042985533364117146,1.4163205633367615
UBFC_PHYS_s20_T2_ctrl,5,166,55.53333333333333,-0.279875248670578,1.2734913340907836
UBFC_PHYS_s20_T2_ctrl,5,167,55.56666666666667,-0.5300306081771851,1.0222027438099794
UBFC_PHYS_s20_T2_ctrl,5,168,55.6,-0.6355909109115601,0.6982087503336314
UBFC_PHYS_s20_T2_ctrl,5,169,55.63333333333333,-0.5198864340782166,0.33315931401771004
UBFC_PHYS_s20_T2_ctrl,5,170,55.666666666666664,-0.26327937841415405,-0.04447970130570223
UBFC_PHYS_s20_T2_ctrl,5,171,55.7,0.012561067938804626,-0.4095090515438027
UBFC_PHYS_s20_T2_ctrl,5,172,55.733333333333334,0.27525466680526733,-0.7423326110478143
UBFC_PHYS_s20_T2_ctrl,5,173,55.766666666666666,0.48994600772857666,-1.0290696587305044
UBFC_PHYS_s20_T2_ctrl,5,174,55.8,0.5876749753952026,-1.2583825238850952
UBFC_PHYS_s20_T2_ctrl,5,175,55.833333333333336,0.5865997076034546,-1.4177573664532102
UBFC_PHYS_s20_T2_ctrl,5,176,55.86666666666667,0.5386380553245544,-1.4916836717342672
UBFC_PHYS_s20_T2_ctrl,5,177,55.9,0.4429987668991089,-1.463290062454368
UBFC_PHYS_s20_T2_ctrl,5,178,55.93333333333333,0.3223033547401428,-1.3188095861263998
UBFC_PHYS_s20_T2_ctrl,5,179,55.96666666666667,0.23843130469322205,-1.0522057643408036
UBFC_PHYS_s20_T2_ctrl,5,180,56.0,0.17403607070446014,-0.6692044136470486
UBFC_PHYS_s20_T2_ctrl,5,181,56.03333333333333,0.033194322139024734,-0.19190217245548455
UBFC_PHYS_s20_T2_ctrl,5,182,56.06666666666667,-0.21491193771362305,0.33755048672796806
UBFC_PHYS_s20_T2_ctrl,5,183,56.1,-0.4741767942905426,0.8581330418869104
UBFC_PHYS_s20_T2_ctrl,5,184,56.13333333333333,-0.5525912642478943,1.299001732873282
UBFC_PHYS_s20_T2_ctrl,5,185,56.166666666666664,-0.334491491317749,1.5974354175887608
UBFC_PHYS_s20_T2_ctrl,5,186,56.2,0.04086332023143768,1.7179383466973845
UBFC_PHYS_s20_T2_ctrl,5,187,56.233333333333334,0.33837172389030457,1.657670870619766
UBFC_PHYS_s20_T2_ctrl,5,188,56.266666666666666,0.5281489491462708,1.4372094095757102
UBFC_PHYS_s20_T2_ctrl,5,189,56.3,0.691510796546936,1.0895479163929507
UBFC_PHYS_s20_T2_ctrl,5,190,56.333333333333336,0.7787303924560547,0.6545267666442213
UBFC_PHYS_s20_T2_ctrl,5,191,56.36666666666667,0.7518483400344849,0.17832291644156475
UBFC_PHYS_s20_T2_ctrl,5,192,56.4,0.6920585632324219,-0.2858655307519155
UBFC_PHYS_s20_T2_ctrl,5,193,56.43333333333333,0.6335672736167908,-0.6820382844481515
UBFC_PHYS_s20_T2_ctrl,5,194,56.46666666666667,0.5318617224693298,-0.9610849788362082
UBFC_PHYS_s20_T2_ctrl,5,195,56.5,0.3910199999809265,-1.0906439383150515
UBFC_PHYS_s20_T2_ctrl,5,196,56.53333333333333,0.23676764965057373,-1.0615495755253725
UBFC_PHYS_s20_T2_ctrl,5,197,56.56666666666667,0.03921996429562569,-0.8897366147039331
UBFC_PHYS_s20_T2_ctrl,5,198,56.6,-0.23217733204364777,-0.6140434511613266
UBFC_PHYS_s20_T2_ctrl,5,199,56.63333333333333,-0.5085046887397766,-0.2916817501863893
UBFC_PHYS_s20_T2_ctrl,5,200,56.666666666666664,-0.6223832368850708,0.010877565678169655
UBFC_PHYS_s20_T2_ctrl,5,201,56.7,-0.49700120091438293,0.23691373901079396
UBFC_PHYS_s20_T2_ctrl,5,202,56.733333333333334,-0.26423293352127075,0.3608240572869565
UBFC_PHYS_s20_T2_ctrl,5,203,56.766666666666666,-0.06120738387107849,0.3930219369139139
UBFC_PHYS_s20_T2_ctrl,5,204,56.8,0.1465250551700592,0.36561986913179384
UBFC_PHYS_s20_T2_ctrl,5,205,56.833333333333336,0.3788469731807709,0.3129212498922995
UBFC_PHYS_s20_T2_ctrl,5,206,56.86666666666667,0.5307255983352661,0.2571739830276816
UBFC_PHYS_s20_T2_ctrl,5,207,56.9,0.5425131320953369,0.2040109612638118
UBFC_PHYS_s20_T2_ctrl,5,208,56.93333333333333,0.4814857542514801,0.14697119161322464
UBFC_PHYS_s20_T2_ctrl,5,209,56.96666666666667,0.4155486226081848,0.0758945938690996
UBFC_PHYS_s20_T2_ctrl,5,210,57.0,0.330763578414917,-0.01532475948365798
UBFC_PHYS_s20_T2_ctrl,5,211,57.03333333333333,0.2013847678899765,-0.12440223391246351
UBFC_PHYS_s20_T2_ctrl,5,212,57.06666666666667,0.05709400027990341,-0.24074431515638828
UBFC_PHYS_s20_T2_ctrl,5,213,57.1,-0.07916257530450821,-0.34907779049598286
UBFC_PHYS_s20_T2_ctrl,5,214,57.13333333333333,-0.2540278732776642,-0.4343507582178844
UBFC_PHYS_s20_T2_ctrl,5,215,57.166666666666664,-0.5149564146995544,-0.4847991839312954
UBFC_PHYS_s20_T2_ctrl,5,216,57.2,-0.7850146293640137,-0.49258375001356663
UBFC_PHYS_s20_T2_ctrl,5,217,57.233333333333334,-0.909950315952301,-0.45396046871353296
UBFC_PHYS_s20_T2_ctrl,5,218,57.266666666666666,-0.8005757927894592,-0.3698673861802119
UBFC_PHYS_s20_T2_ctrl,5,219,57.3,-0.49986186623573303,-0.24643414477241202
UBFC_PHYS_s20_T2_ctrl,5,220,57.333333333333336,-0.12511569261550903,-0.09483541548463334
UBFC_PHYS_s20_T2_ctrl,5,221,57.36666666666667,0.21911679208278656,0.07001075379558293
UBFC_PHYS_s20_T2_ctrl,5,222,57.4,0.4902300536632538,0.23174157162664188
UBFC_PHYS_s20_T2_ctrl,5,223,57.43333333333333,0.6653590798377991,0.37502527840182165
UBFC_PHYS_s20_T2_ctrl,5,224,57.46666666666667,0.7138888239860535,0.4874617694798511
UBFC_PHYS_s20_T2_ctrl,5,225,57.5,0.6664344072341919,0.5603599519171855
UBFC_PHYS_s20_T2_ctrl,5,226,57.53333333333333,0.6042911410331726,0.5887685472371961
UBFC_PHYS_s20_T2_ctrl,5,227,57.56666666666667,0.5438521504402161,0.5719088065697377
UBFC_PHYS_s20_T2_ctrl,5,228,57.6,0.44312047958374023,0.5138107384442399
UBFC_PHYS_s20_T2_ctrl,5,229,57.63333333333333,0.30351632833480835,0.4226568402862255
UBFC_PHYS_s20_T2_ctrl,5,230,57.666666666666664,0.15750105679035187,0.30880833205444075
UBFC_PHYS_s20_T2_ctrl,5,231,57.7,0.004161689430475235,0.18299930804857864
UBFC_PHYS_s20_T2_ctrl,5,232,57.733333333333334,-0.17610032856464386,0.05532727727813481
UBFC_PHYS_s20_T2_ctrl,5,233,57.766666666666666,-0.37904471158981323,-0.0653129239077739
UBFC_PHYS_s20_T2_ctrl,5,234,57.8,-0.5882379412651062,-0.17157529083825876
UBFC_PHYS_s20_T2_ctrl,5,235,57.833333333333336,-0.7780963182449341,-0.25778996257587417
UBFC_PHYS_s20_T2_ctrl,5,236,57.86666666666667,-0.8503836989402771,-0.3200011399477501
UBFC_PHYS_s20_T2_ctrl,5,237,57.9,-0.6973081231117249,-0.35613281409136704
UBFC_PHYS_s20_T2_ctrl,5,238,57.93333333333333,-0.3609272241592407,-0.3662471978559342
UBFC_PHYS_s20_T2_ctrl,5,239,57.96666666666667,-0.0005857848445884883,-0.3526153549062036
UBFC_PHYS_s20_T2_ctrl,5,240,58.0,0.30185267329216003,-0.3195183225272554
UBFC_PHYS_s20_T2_ctrl,5,241,58.03333333333333,0.5428985953330994,-0.2729175207505494
UBFC_PHYS_s20_T2_ctrl,5,242,58.06666666666667,0.6771669387817383,-0.2200511398906909
UBFC_PHYS_s20_T2_ctrl,5,243,58.1,0.6814072132110596,-0.16892253856323236
UBFC_PHYS_s20_T2_ctrl,5,244,58.13333333333333,0.6234636306762695,-0.1273424730020177
UBFC_PHYS_s20_T2_ctrl,5,245,58.166666666666664,0.569253146648407,-0.10101400762115521
UBFC_PHYS_s20_T2_ctrl,5,246,58.2,0.5291836857795715,-0.09109822504785656
UBFC_PHYS_s20_T2_ctrl,5,247,58.233333333333334,0.4967426061630249,-0.09259861234212587
UBFC_PHYS_s20_T2_ctrl,5,248,58.266666666666666,0.4353094696998596,-0.09459988675942499
UBFC_PHYS_s20_T2_ctrl,5,249,58.3,0.298200786113739,-0.0828384417123802
UBFC_PHYS_s20_T2_ctrl,5,250,58.333333333333336,0.0987662747502327,-0.04422040851015539
UBFC_PHYS_s20_T2_ctrl,5,251,58.36666666666667,-0.10498964786529541,0.02795657623521617
UBFC_PHYS_s20_T2_ctrl,5,252,58.4,-0.2700962722301483,0.13001556277502782
UBFC_PHYS_s20_T2_ctrl,5,253,58.43333333333333,-0.41164809465408325,0.24740205163942214
UBFC_PHYS_s20_T2_ctrl,5,254,58.46666666666667,-0.5925187468528748,0.35816056749480324
UBFC_PHYS_s20_T2_ctrl,5,255,58.5,-0.8232378959655762,0.43897087814034336
UBFC_PHYS_s20_T2_ctrl,5,256,58.53333333333333,-0.9546252489089966,0.47162381521982893
UBFC_PHYS_s20_T2_ctrl,5,257,58.56666666666667,-0.8305822610855103,0.44751478182581206
UBFC_PHYS_s20_T2_ctrl,5,258,58.6,-0.5015660524368286,0.3691290257991475
UBFC_PHYS_s20_T2_ctrl,5,259,58.63333333333333,-0.14489683508872986,0.24900577427511733
UBFC_PHYS_s20_T2_ctrl,5,260,58.666666666666664,0.15090733766555786,0.1066715899336493
UBFC_PHYS_s20_T2_ctrl,5,261,58.7,0.38298580050468445,-0.03607247076140019
UBFC_PHYS_s20_T2_ctrl,5,262,58.733333333333334,0.5289605259895325,-0.1603453340040756
UBFC_PHYS_s20_T2_ctrl,5,263,58.766666666666666,0.5835564732551575,-0.2540695948428256
UBFC_PHYS_s20_T2_ctrl,5,264,58.8,0.6100124716758728,-0.31345023860062754
UBFC_PHYS_s20_T2_ctrl,5,265,58.833333333333336,0.6380307078361511,-0.3418277396737576
UBFC_PHYS_s20_T2_ctrl,5,266,58.86666666666667,0.6284140348434448,-0.34655050428759643
UBFC_PHYS_s20_T2_ctrl,5,267,58.9,0.5676503777503967,-0.335231016858056
UBFC_PHYS_s20_T2_ctrl,5,268,58.93333333333333,0.4897025525569916,-0.31285526097984806
UBFC_PHYS_s20_T2_ctrl,5,269,58.96666666666667,0.39659929275512695,-0.28102715198284695
UBFC_PHYS_s20_T2_ctrl,5,270,59.0,0.25924715399742126,-0.2391522288256213
UBFC_PHYS_s20_T2_ctrl,5,271,59.03333333333333,0.09905031323432922,-0.18598826319919373
UBFC_PHYS_s20_T2_ctrl,5,272,59.06666666666667,-0.03968144208192825,-0.12059762658991871
UBFC_PHYS_s20_T2_ctrl,5,273,59.1,-0.17782483994960785,-0.04258125305590998
UBFC_PHYS_s20_T2_ctrl,5,274,59.13333333333333,-0.3753116726875305,0.047740236799296044
UBFC_PHYS_s20_T2_ctrl,5,275,59.166666666666664,-0.6259337067604065,0.14798229896675474
UBFC_PHYS_s20_T2_ctrl,5,276,59.2,-0.7921358346939087,0.2516666348304809
UBFC_PHYS_s20_T2_ctrl,5,277,59.233333333333334,-0.7224047780036926,0.3475920650766665
UBFC_PHYS_s20_T2_ctrl,5,278,59.266666666666666,-0.43954458832740784,0.4218088836923875
UBFC_PHYS_s20_T2_ctrl,5,279,59.3,-0.12645472586154938,0.46215514733834406
UBFC_PHYS_s20_T2_ctrl,5,280,59.333333333333336,0.1130695641040802,0.4630423232343248
UBFC_PHYS_s20_T2_ctrl,5,281,59.36666666666667,0.29676032066345215,0.4264476495188651
UBFC_PHYS_s20_T2_ctrl,5,282,59.4,0.4215133786201477,0.35910501782234205
UBFC_PHYS_s20_T2_ctrl,5,283,59.43333333333333,0.4558412730693817,0.26987483587623484
UBFC_PHYS_s20_T2_ctrl,5,284,59.46666666666667,0.4382309913635254,0.16866325831005333
UBFC_PHYS_s20_T2_ctrl,5,285,59.5,0.44366827607154846,0.06532958509748252
UBFC_PHYS_s20_T2_ctrl,5,286,59.53333333333333,0.47130101919174194,-0.03189413658466591
UBFC_PHYS_s20_T2_ctrl,5,287,59.56666666666667,0.47016486525535583,-0.11765332782070712
UBFC_PHYS_s20_T2_ctrl,5,288,59.6,0.42997363209724426,-0.18976551742674785
UBFC_PHYS_s20_T2_ctrl,5,289,59.63333333333333,0.35500818490982056,-0.24827793425368588
UBFC_PHYS_s20_T2_ctrl,5,290,59.666666666666664,0.24413232505321503,-0.29393533644632003
UBFC_PHYS_s20_T2_ctrl,5,291,59.7,0.12698738276958466,-0.3274716177639222
UBFC_PHYS_s20_T2_ctrl,5,292,59.733333333333334,0.01404211763292551,-0.34976433929053763
UBFC_PHYS_s20_T2_ctrl,5,293,59.766666666666666,-0.1680661290884018,-0.36154158404637887
UBFC_PHYS_s20_T2_ctrl,5,294,59.8,-0.45689111948013306,-0.36217733614763
UBFC_PHYS_s20_T2_ctrl,5,295,59.833333333333336,-0.7408671975135803,-0.34812982079945387
UBFC_PHYS_s20_T2_ctrl,5,296,59.86666666666667,-0.8560644388198853,-0.31287792627659305
UBFC_PHYS_s20_T2_ctrl,5,297,59.9,-0.7470348477363586,-0.25097591787797674
UBFC_PHYS_s20_T2_ctrl,5,298,59.93333333333333,-0.5307407379150391,-0.16409286690836122
UBFC_PHYS_s20_T2_ctrl,5,299,59.96666666666667,-0.34889623522758484,-0.06264678717417849
UBFC_PHYS_s20_T2_ctrl,6,0,60.0,-0.1814158707857132,-0.0686758728707135
UBFC_PHYS_s20_T2_ctrl,6,1,60.03333333333333,0.04139081761240959,-0.29341733722239194
UBFC_PHYS_s20_T2_ctrl,6,2,60.06666666666667,0.23386642336845398,-0.48518903831219906
UBFC_PHYS_s20_T2_ctrl,6,3,60.1,0.3047742247581482,-0.6182397138827427
UBFC_PHYS_s20_T2_ctrl,6,4,60.13333333333333,0.2993166446685791,-0.6774203540839596
UBFC_PHYS_s20_T2_ctrl,6,5,60.166666666666664,0.2820715308189392,-0.6614988943091175
UBFC_PHYS_s20_T2_ctrl,6,6,60.2,0.2516390085220337,-0.5819890016254848
UBFC_PHYS_s20_T2_ctrl,6,7,60.233333333333334,0.19610978662967682,-0.45877100894125483
UBFC_PHYS_s20_T2_ctrl,6,8,60.266666666666666,0.1102089062333107,-0.314358915112962
UBFC_PHYS_s20_T2_ctrl,6,9,60.3,-0.014402152970433235,-0.16885034596617315
UBFC_PHYS_s20_T2_ctrl,6,10,60.333333333333336,-0.1499689221382141,-0.036673832335985986
UBFC_PHYS_s20_T2_ctrl,6,11,60.36666666666667,-0.24800224602222443,0.07479629034216373
UBFC_PHYS_s20_T2_ctrl,6,12,60.4,-0.3147103488445282,0.16470467337040706
UBFC_PHYS_s20_T2_ctrl,6,13,60.43333333333333,-0.42984676361083984,0.23618521577551344
UBFC_PHYS_s20_T2_ctrl,6,14,60.46666666666667,-0.6332983374595642,0.2930561216121155
UBFC_PHYS_s20_T2_ctrl,6,15,60.5,-0.8204990029335022,0.3379865985505607
UBFC_PHYS_s20_T2_ctrl,6,16,60.53333333333333,-0.8152645826339722,0.37247118748436925
UBFC_PHYS_s20_T2_ctrl,6,17,60.56666666666667,-0.6002283096313477,0.39702042047338576
UBFC_PHYS_s20_T2_ctrl,6,18,60.6,-0.32170984148979187,0.4106784686320555
UBFC_PHYS_s20_T2_ctrl,6,19,60.63333333333333,-0.1018652394413948,0.4099654689412537
UBFC_PHYS_s20_T2_ctrl,6,20,60.666666666666664,0.05484199523925781,0.38814282323888577
UBFC_PHYS_s20_T2_ctrl,6,21,60.7,0.16216738522052765,0.33625962730683123
UBFC_PHYS_s20_T2_ctrl,6,22,60.733333333333334,0.1982603520154953,0.24637844242623255
UBFC_PHYS_s20_T2_ctrl,6,23,60.766666666666666,0.1935940384864807,0.11613617260282387
UBFC_PHYS_s20_T2_ctrl,6,24,60.8,0.2203543782234192,-0.047286309356229045
UBFC_PHYS_s20_T2_ctrl,6,25,60.833333333333336,0.26158031821250916,-0.2263925502509054
UBFC_PHYS_s20_T2_ctrl,6,26,60.86666666666667,0.24301646649837494,-0.39669201817512056
UBFC_PHYS_s20_T2_ctrl,6,27,60.9,0.15352454781532288,-0.5330505075580017
UBFC_PHYS_s20_T2_ctrl,6,28,60.93333333333333,0.044677529484033585,-0.6163674194244679
UBFC_PHYS_s20_T2_ctrl,6,29,60.96666666666667,-0.04649832844734192,-0.6368247138210843
UBFC_PHYS_s20_T2_ctrl,6,30,61.0,-0.13607139885425568,-0.5934396651416187
UBFC_PHYS_s20_T2_ctrl,6,31,61.03333333333333,-0.26622119545936584,-0.49307435762866125
UBFC_PHYS_s20_T2_ctrl,6,32,61.06666666666667,-0.4555318057537079,-0.34982294500791816
UBFC_PHYS_s20_T2_ctrl,6,33,61.1,-0.6868393421173096,-0.18321356589952262
UBFC_PHYS_s20_T2_ctrl,6,34,61.13333333333333,-0.8660057783126831,-0.015009940962689164
UBFC_PHYS_s20_T2_ctrl,6,35,61.166666666666664,-0.854279100894928,0.13410084027076621
UBFC_PHYS_s20_T2_ctrl,6,36,61.2,-0.6407036185264587,0.24712465214910737
UBFC_PHYS_s20_T2_ctrl,6,37,61.233333333333334,-0.3672368824481964,0.3124661329497692
UBFC_PHYS_s20_T2_ctrl,6,38,61.266666666666666,-0.12574462592601776,0.325061117162656
UBFC_PHYS_s20_T2_ctrl,6,39,61.3,0.08839893341064453,0.28763963205517795
UBFC_PHYS_s20_T2_ctrl,6,40,61.333333333333336,0.24940729141235352,0.2112958034419336
UBFC_PHYS_s20_T2_ctrl,6,41,61.36666666666667,0.3452494740486145,0.11322593870044748
UBFC_PHYS_s20_T2_ctrl,6,42,61.4,0.41688764095306396,0.012449763371435713
UBFC_PHYS_s20_T2_ctrl,6,43,61.43333333333333,0.47053006291389465,-0.07288125777715325
UBFC_PHYS_s20_T2_ctrl,6,44,61.46666666666667,0.46868380904197693,-0.12607900911602746
UBFC_PHYS_s20_T2_ctrl,6,45,61.5,0.40197572112083435,-0.13305254327437296
UBFC_PHYS_s20_T2_ctrl,6,46,61.53333333333333,0.2998238503932953,-0.08493413851828013
UBFC_PHYS_s20_T2_ctrl,6,47,61.56666666666667,0.18381504714488983,0.018888541190361575
UBFC_PHYS_s20_T2_ctrl,6,48,61.6,0.030637990683317184,0.16820181041512317
UBFC_PHYS_s20_T2_ctrl,6,49,61.63333333333333,-0.18458084762096405,0.34037296616805596
UBFC_PHYS_s20_T2_ctrl,6,50,61.666666666666664,-0.4312669336795807,0.501918063174265
UBFC_PHYS_s20_T2_ctrl,6,51,61.7,-0.6581109762191772,0.6164528455159721
UBFC_PHYS_s20_T2_ctrl,6,52,61.733333333333334,-0.8250029683113098,0.6565288458648746
UBFC_PHYS_s20_T2_ctrl,6,53,61.766666666666666,-0.8393874168395996,0.6115766050003211
UBFC_PHYS_s20_T2_ctrl,6,54,61.8,-0.6305999755859375,0.48839312730597095
UBFC_PHYS_s20_T2_ctrl,6,55,61.833333333333336,-0.3039575219154358,0.3056172242509875
UBFC_PHYS_s20_T2_ctrl,6,56,61.86666666666667,-0.02063067816197872,0.08578054137169992
UBFC_PHYS_s20_T2_ctrl,6,57,61.9,0.18797416985034943,-0.15023486601720154
UBFC_PHYS_s20_T2_ctrl,6,58,61.93333333333333,0.3547849953174591,-0.38407643855141677
UBFC_PHYS_s20_T2_ctrl,6,59,61.96666666666667,0.4580932855606079,-0.5969343394608911
UBFC_PHYS_s20_T2_ctrl,6,60,62.0,0.49175167083740234,-0.7658972362601115
UBFC_PHYS_s20_T2_ctrl,6,61,62.03333333333333,0.5070288181304932,-0.8643926310791941
UBFC_PHYS_s20_T2_ctrl,6,62,62.06666666666667,0.5115125179290771,-0.8677789440056087
UBFC_PHYS_s20_T2_ctrl,6,63,62.1,0.46472758054733276,-0.7611348622542643
UBFC_PHYS_s20_T2_ctrl,6,64,62.13333333333333,0.3750733435153961,-0.5463643267081946
UBFC_PHYS_s20_T2_ctrl,6,65,62.166666666666664,0.2837960422039032,-0.24637210532810414
UBFC_PHYS_s20_T2_ctrl,6,66,62.2,0.1823137104511261,0.09558306763193349
UBFC_PHYS_s20_T2_ctrl,6,67,62.233333333333334,0.03751574084162712,0.4225049770025244
UBFC_PHYS_s20_T2_ctrl,6,68,62.266666666666666,-0.14359837770462036,0.6757735357934495
UBFC_PHYS_s20_T2_ctrl,6,69,62.3,-0.33972588181495667,0.8105118404896713
UBFC_PHYS_s20_T2_ctrl,6,70,62.333333333333336,-0.5423456430435181,0.8084051434433541
UBFC_PHYS_s20_T2_ctrl,6,71,62.36666666666667,-0.6915056109428406,0.6797804260689178
UBFC_PHYS_s20_T2_ctrl,6,72,62.4,-0.6824570298194885,0.45447245001843967
UBFC_PHYS_s20_T2_ctrl,6,73,62.43333333333333,-0.48801344633102417,0.16879103076676966
UBFC_PHYS_s20_T2_ctrl,6,74,62.46666666666667,-0.21458733081817627,-0.14424856491951585
UBFC_PHYS_s20_T2_ctrl,6,75,62.5,0.015482590533792973,-0.4561367992389019
UBFC_PHYS_s20_T2_ctrl,6,76,62.53333333333333,0.18062977492809296,-0.7376267734953778
UBFC_PHYS_s20_T2_ctrl,6,77,62.56666666666667,0.3060929477214813,-0.9558148538843138
UBFC_PHYS_s20_T2_ctrl,6,78,62.6,0.3714214563369751,-1.0769249680361344
UBFC_PHYS_s20_T2_ctrl,6,79,62.63333333333333,0.37136057019233704,-1.0718568869072527
UBFC_PHYS_s20_T2_ctrl,6,80,62.666666666666664,0.3476029336452484,-0.9226030023316947
UBFC_PHYS_s20_T2_ctrl,6,81,62.7,0.3337459862232208,-0.6290601742494318
UBFC_PHYS_s20_T2_ctrl,6,82,62.733333333333334,0.32181641459465027,-0.21519755236989271
UBFC_PHYS_s20_T2_ctrl,6,83,62.766666666666666,0.2739156186580658,0.2670378894008371
UBFC_PHYS_s20_T2_ctrl,6,84,62.8,0.1559591442346573,0.7411874666175021
UBFC_PHYS_s20_T2_ctrl,6,85,62.833333333333336,-0.006936039309948683,1.1242581922446089
UBFC_PHYS_s20_T2_ctrl,6,86,62.86666666666667,-0.15076017379760742,1.3531814047196355
UBFC_PHYS_s20_T2_ctrl,6,87,62.9,-0.26169687509536743,1.4016754445003852
UBFC_PHYS_s20_T2_ctrl,6,88,62.93333333333333,-0.3999214172363281,1.2803522020881752
UBFC_PHYS_s20_T2_ctrl,6,89,62.96666666666667,-0.6065988540649414,1.0253716894519807
UBFC_PHYS_s20_T2_ctrl,6,90,63.0,-0.7870231866836548,0.6832622290205425
UBFC_PHYS_s20_T2_ctrl,6,91,63.03333333333333,-0.7592484354972839,0.29990307142539147
UBFC_PHYS_s20_T2_ctrl,6,92,63.06666666666667,-0.5065569877624512,-0.08388382699846877
UBFC_PHYS_s20_T2_ctrl,6,93,63.1,-0.18890227377414703,-0.43350142241042433
UBFC_PHYS_s20_T2_ctrl,6,94,63.13333333333333,0.055694106966257095,-0.7206508697992962
UBFC_PHYS_s20_T2_ctrl,6,95,63.166666666666664,0.21532286703586578,-0.9225101941359078
UBFC_PHYS_s20_T2_ctrl,6,96,63.2,0.3097042739391327,-1.0209934556131155
UBFC_PHYS_s20_T2_ctrl,6,97,63.233333333333334,0.3241293132305145,-1.0036064370913376
UBFC_PHYS_s20_T2_ctrl,6,98,63.266666666666666,0.2852973937988281,-0.866514493397168
UBFC_PHYS_s20_T2_ctrl,6,99,63.3,0.282436728477478,-0.6193090313718216
UBFC_PHYS_s20_T2_ctrl,6,100,63.333333333333336,0.3190977871417999,-0.28920846211001416
UBFC_PHYS_s20_T2_ctrl,6,101,63.36666666666667,0.3045916259288788,0.07882790206606831
UBFC_PHYS_s20_T2_ctrl,6,102,63.4,0.22284984588623047,0.4279848239977427
UBFC_PHYS_s20_T2_ctrl,6,103,63.43333333333333,0.13623885810375214,0.7011846903034212
UBFC_PHYS_s20_T2_ctrl,6,104,63.46666666666667,0.053300078958272934,0.8547184399314646
UBFC_PHYS_s20_T2_ctrl,6,105,63.5,-0.06607658416032791,0.8675261574113765
UBFC_PHYS_s20_T2_ctrl,6,106,63.53333333333333,-0.2367219179868698,0.7433566908777122
UBFC_PHYS_s20_T2_ctrl,6,107,63.56666666666667,-0.4558970034122467,0.5071244820505723
UBFC_PHYS_s20_T2_ctrl,6,108,63.6,-0.6830047965049744,0.19740676604865864
UBFC_PHYS_s20_T2_ctrl,6,109,63.63333333333333,-0.7788673043251038,-0.14280173340693522
UBFC_PHYS_s20_T2_ctrl,6,110,63.666666666666664,-0.6357735395431519,-0.47376906833528654
UBFC_PHYS_s20_T2_ctrl,6,111,63.7,-0.3360131084918976,-0.7612896153593613
UBFC_PHYS_s20_T2_ctrl,6,112,63.733333333333334,-0.03889019414782524,-0.9744513582650834
UBFC_PHYS_s20_T2_ctrl,6,113,63.766666666666666,0.18947550654411316,-1.0842254112743264
UBFC_PHYS_s20_T2_ctrl,6,114,63.8,0.3317982852458954,-1.065828039748814
UBFC_PHYS_s20_T2_ctrl,6,115,63.833333333333336,0.3718475103378296,-0.9045761679171545
UBFC_PHYS_s20_T2_ctrl,6,116,63.86666666666667,0.35508933663368225,-0.6035043098493803
UBFC_PHYS_s20_T2_ctrl,6,117,63.9,0.35328367352485657,-0.18984662505410563
UBFC_PHYS_s20_T2_ctrl,6,118,63.93333333333333,0.36714062094688416,0.2833561358197953
UBFC_PHYS_s20_T2_ctrl,6,119,63.96666666666667,0.34518861770629883,0.7442259041206465
UBFC_PHYS_s20_T2_ctrl,6,120,64.0,0.27233314514160156,1.1172471318689652
UBFC_PHYS_s20_T2_ctrl,6,121,64.03333333333333,0.17387375235557556,1.3421058975270856
UBFC_PHYS_s20_T2_ctrl,6,122,64.06666666666666,0.05346238613128662,1.3893128413275402
UBFC_PHYS_s20_T2_ctrl,6,123,64.1,-0.11349046975374222,1.2648405489560666
UBFC_PHYS_s20_T2_ctrl,6,124,64.13333333333334,-0.33806225657463074,1.002692575921523
UBFC_PHYS_s20_T2_ctrl,6,125,64.16666666666667,-0.5831252336502075,0.6511543228187004
UBFC_PHYS_s20_T2_ctrl,6,126,64.2,-0.7341923117637634,0.25884343476022237
UBFC_PHYS_s20_T2_ctrl,6,127,64.23333333333333,-0.6632439494132996,-0.13428117880089702
UBFC_PHYS_s20_T2_ctrl,6,128,64.26666666666667,-0.3889860212802887,-0.4991332355333364
UBFC_PHYS_s20_T2_ctrl,6,129,64.3,-0.08713589608669281,-0.8146312693861779
UBFC_PHYS_s20_T2_ctrl,6,130,64.33333333333333,0.11205514520406723,-1.0626186671403004
UBFC_PHYS_s20_T2_ctrl,6,131,64.36666666666666,0.1897798329591751,-1.2238597058133822
UBFC_PHYS_s20_T2_ctrl,6,132,64.4,0.18931320309638977,-1.2775705419361472
UBFC_PHYS_s20_T2_ctrl,6,133,64.43333333333334,0.18793359398841858,-1.2055456158820865
UBFC_PHYS_s20_T2_ctrl,6,134,64.46666666666667,0.20964212715625763,-0.9997419923882346
UBFC_PHYS_s20_T2_ctrl,6,135,64.5,0.17829662561416626,-0.6701651052320261
UBFC_PHYS_s20_T2_ctrl,6,136,64.53333333333333,0.061638593673706055,-0.24994041241568454
UBFC_PHYS_s20_T2_ctrl,6,137,64.56666666666666,-0.035826653242111206,0.20489559657892933
UBFC_PHYS_s20_T2_ctrl,6,138,64.6,-0.046295441687107086,0.6235287652289874
UBFC_PHYS_s20_T2_ctrl,6,139,64.63333333333334,-0.039864037185907364,0.9383951971068808
UBFC_PHYS_s20_T2_ctrl,6,140,64.66666666666667,-0.14296944439411163,1.1063297403549321
UBFC_PHYS_s20_T2_ctrl,6,141,64.7,-0.373140811920166,1.1186775422073478
UBFC_PHYS_s20_T2_ctrl,6,142,64.73333333333333,-0.5585763454437256,0.996555256560277
UBFC_PHYS_s20_T2_ctrl,6,143,64.76666666666667,-0.5120754241943359,0.7785654934806814
UBFC_PHYS_s20_T2_ctrl,6,144,64.8,-0.2652270495891571,0.507411879318955
UBFC_PHYS_s20_T2_ctrl,6,145,64.83333333333333,0.04713242128491402,0.21950311627659516
UBFC_PHYS_s20_T2_ctrl,6,146,64.86666666666666,0.3748704791069031,-0.05996883984400709
UBFC_PHYS_s20_T2_ctrl,6,147,64.9,0.701005756855011,-0.3159031137443569
UBFC_PHYS_s20_T2_ctrl,6,148,64.93333333333334,0.9756897687911987,-0.5378174026299437
UBFC_PHYS_s20_T2_ctrl,6,149,64.96666666666667,1.1091059446334839,-0.713536567784201
UBFC_PHYS_s20_T2_ctrl,6,150,65.0,1.095533013343811,-0.8254023346183974
UBFC_PHYS_s20_T2_ctrl,6,151,65.03333333333333,1.1871349811553955,-0.8514643686872575
UBFC_PHYS_s20_T2_ctrl,6,152,65.06666666666666,1.5010566711425781,-0.7720750235237647
UBFC_PHYS_s20_T2_ctrl,6,153,65.1,1.6680907011032104,-0.5800891499272325
UBFC_PHYS_s20_T2_ctrl,6,154,65.13333333333334,1.3976469039916992,-0.2904563137970806
UBFC_PHYS_s20_T2_ctrl,6,155,65.16666666666667,0.9278498291969299,0.05655761507755826
UBFC_PHYS_s20_T2_ctrl,6,156,65.2,0.523523211479187,0.4021387457931557
UBFC_PHYS_s20_T2_ctrl,6,157,65.23333333333333,0.1168837770819664,0.6861473581345326
UBFC_PHYS_s20_T2_ctrl,6,158,65.26666666666667,-0.35323792695999146,0.8671177925490966
UBFC_PHYS_s20_T2_ctrl,6,159,65.3,-0.7258538007736206,0.9309127072300851
UBFC_PHYS_s20_T2_ctrl,6,160,65.33333333333333,-0.8366281986236572,0.8853380361829186
UBFC_PHYS_s20_T2_ctrl,6,161,65.36666666666666,-0.6814426183700562,0.7499321389908545
UBFC_PHYS_s20_T2_ctrl,6,162,65.4,-0.3966347277164459,0.5473639274160801
UBFC_PHYS_s20_T2_ctrl,6,163,65.43333333333334,-0.12755028903484344,0.2985011739531621
UBFC_PHYS_s20_T2_ctrl,6,164,65.46666666666667,0.06906413286924362,0.021492546853489804
UBFC_PHYS_s20_T2_ctrl,6,165,65.5,0.18073122203350067,-0.26637743616245513
UBFC_PHYS_s20_T2_ctrl,6,166,65.53333333333333,0.20773501694202423,-0.5458253920202935
UBFC_PHYS_s20_T2_ctrl,6,167,65.56666666666666,0.2344750612974167,-0.7935279118624444
UBFC_PHYS_s20_T2_ctrl,6,168,65.6,0.3415975570678711,-0.9821152466724203
UBFC_PHYS_s20_T2_ctrl,6,169,65.63333333333334,0.4843261241912842,-1.0825361303602345
UBFC_PHYS_s20_T2_ctrl,6,170,65.66666666666667,0.5818319320678711,-1.068893670830602
UBFC_PHYS_s20_T2_ctrl,6,171,65.7,0.6305239796638489,-0.925490768473967
UBFC_PHYS_s20_T2_ctrl,6,172,65.73333333333333,0.6145367622375488,-0.6543083014570259
UBFC_PHYS_s20_T2_ctrl,6,173,65.76666666666667,0.5181670784950256,-0.27985992800172216
UBFC_PHYS_s20_T2_ctrl,6,174,65.8,0.44433778524398804,0.15116333258267337
UBFC_PHYS_s20_T2_ctrl,6,175,65.83333333333333,0.43697312474250793,0.576985979698695
UBFC_PHYS_s20_T2_ctrl,6,176,65.86666666666666,0.39122289419174194,0.9338334652805842
UBFC_PHYS_s20_T2_ctrl,6,177,65.9,0.28481048345565796,1.1719099195438984
UBFC_PHYS_s20_T2_ctrl,6,178,65.93333333333334,0.21361863613128662,1.2680484820403317
UBFC_PHYS_s20_T2_ctrl,6,179,65.96666666666667,0.21102173626422882,1.2269756656506754
UBFC_PHYS_s20_T2_ctrl,6,180,66.0,0.2552909255027771,1.0713902990471165
UBFC_PHYS_s20_T2_ctrl,6,181,66.03333333333333,0.2869813144207001,0.829214183718305
UBFC_PHYS_s20_T2_ctrl,6,182,66.06666666666666,0.11252178251743317,0.524546402114868
UBFC_PHYS_s20_T2_ctrl,6,183,66.1,-0.3907916843891144,0.1755231807233179
UBFC_PHYS_s20_T2_ctrl,6,184,66.13333333333334,-0.9679750204086304,-0.20179439206209146
UBFC_PHYS_s20_T2_ctrl,6,185,66.16666666666667,-1.1856893301010132,-0.5880792665609471
UBFC_PHYS_s20_T2_ctrl,6,186,66.2,-0.9046753644943237,-0.9573248413658154
UBFC_PHYS_s20_T2_ctrl,6,187,66.23333333333333,-0.291338175535202,-1.2767375460644321
UBFC_PHYS_s20_T2_ctrl,6,188,66.26666666666667,0.46695929765701294,-1.509828853178317
UBFC_PHYS_s20_T2_ctrl,6,189,66.3,1.1213397979736328,-1.6211978317662459
UBFC_PHYS_s20_T2_ctrl,6,190,66.33333333333333,1.362730622291565,-1.5822178179160813
UBFC_PHYS_s20_T2_ctrl,6,191,66.36666666666666,1.0240978002548218,-1.3776117603372802
UBFC_PHYS_s20_T2_ctrl,6,192,66.4,0.07726062089204788,-1.0122940672149063
UBFC_PHYS_s20_T2_ctrl,6,193,66.43333333333334,-1.2635154724121094,-0.5171276492530219
UBFC_PHYS_s20_T2_ctrl,6,194,66.46666666666667,-2.394915819168091,0.05072908858500814
UBFC_PHYS_s20_T2_ctrl,6,195,66.5,-2.8357410430908203,0.619061729119985
UBFC_PHYS_s20_T2_ctrl,6,196,66.53333333333333,-2.7683026790618896,1.119705978666665
UBFC_PHYS_s20_T2_ctrl,6,197,66.56666666666666,-2.6192238330841064,1.5026012865751213
UBFC_PHYS_s20_T2_ctrl,6,198,66.6,-2.4550302028656006,1.7394369099532356
UBFC_PHYS_s20_T2_ctrl,6,199,66.63333333333334,-2.238776445388794,1.8202047585928625
UBFC_PHYS_s20_T2_ctrl,6,200,66.66666666666667,-2.0256271362304688,1.747103810850878
UBFC_PHYS_s20_T2_ctrl,6,201,66.7,-1.7900184392929077,1.5301143730846902
UBFC_PHYS_s20_T2_ctrl,6,202,66.73333333333333,-1.4226572513580322,1.1860419211183826
UBFC_PHYS_s20_T2_ctrl,6,203,66.76666666666667,-0.9627406001091003,0.7399565055165731
UBFC_PHYS_s20_T2_ctrl,6,204,66.8,-0.6057670712471008,0.22709502166671156
UBFC_PHYS_s20_T2_ctrl,6,205,66.83333333333333,-0.45713457465171814,-0.3070226943302061
UBFC_PHYS_s20_T2_ctrl,6,206,66.86666666666666,-0.4685366451740265,-0.8095118547988983
UBFC_PHYS_s20_T2_ctrl,6,207,66.9,-0.5453280806541443,-1.2259634913203081
UBFC_PHYS_s20_T2_ctrl,6,208,66.93333333333334,-0.6589022278785706,-1.5081321740449027
UBFC_PHYS_s20_T2_ctrl,6,209,66.96666666666667,-0.8479491472244263,-1.6215407941213478
UBFC_PHYS_s20_T2_ctrl,6,210,67.0,-1.0767408609390259,-1.5519033872513985
UBFC_PHYS_s20_T2_ctrl,6,211,67.03333333333333,-1.129855751991272,-1.3101058040649871
UBFC_PHYS_s20_T2_ctrl,6,212,67.06666666666666,-0.7276391983032227,-0.9333642841966685
UBFC_PHYS_s20_T2_ctrl,6,213,67.1,0.222971573472023,-0.4785994644832666
UBFC_PHYS_s20_T2_ctrl,6,214,67.13333333333334,1.3838508129119873,-0.009563660040286987
UBFC_PHYS_s20_T2_ctrl,6,215,67.16666666666667,2.1868436336517334,0.4154391387633006
UBFC_PHYS_s20_T2_ctrl,6,216,67.2,2.43815541267395,0.7512280455209973
UBFC_PHYS_s20_T2_ctrl,6,217,67.23333333333333,2.414377450942993,0.9683800696147338
UBFC_PHYS_s20_T2_ctrl,6,218,67.26666666666667,2.3350296020507812,1.0528998923133934
UBFC_PHYS_s20_T2_ctrl,6,219,67.3,2.176922559738159,1.0067294757311107
UBFC_PHYS_s20_T2_ctrl,6,220,67.33333333333333,1.9331376552581787,0.8482665142655631
UBFC_PHYS_s20_T2_ctrl,6,221,67.36666666666666,1.6370900869369507,0.6076979733589454
UBFC_PHYS_s20_T2_ctrl,6,222,67.4,1.2968138456344604,0.31829502283188615
UBFC_PHYS_s20_T2_ctrl,6,223,67.43333333333334,0.9743304252624512,0.011006141614208886
UBFC_PHYS_s20_T2_ctrl,6,224,67.46666666666667,0.7560683488845825,-0.28588792193362633
UBFC_PHYS_s20_T2_ctrl,6,225,67.5,0.617438018321991,-0.5462061355154673
UBFC_PHYS_s20_T2_ctrl,6,226,67.53333333333333,0.44303932785987854,-0.7465099134695236
UBFC_PHYS_s20_T2_ctrl,6,227,67.56666666666666,0.19700248539447784,-0.8674177502089144
UBFC_PHYS_s20_T2_ctrl,6,228,67.6,-0.0601726770401001,-0.8954644106221976
UBFC_PHYS_s20_T2_ctrl,6,229,67.63333333333334,-0.30870500206947327,-0.82579418649058
UBFC_PHYS_s20_T2_ctrl,6,230,67.66666666666667,-0.5811978578567505,-0.6647588882131181
UBFC_PHYS_s20_T2_ctrl,6,231,67.7,-0.7921967506408691,-0.43045165830800464
UBFC_PHYS_s20_T2_ctrl,6,232,67.73333333333333,-0.7535676956176758,-0.1502823515434129
UBFC_PHYS_s20_T2_ctrl,6,233,67.76666666666667,-0.43305230140686035,0.1439644978530446
UBFC_PHYS_s20_T2_ctrl,6,234,67.8,-0.031018313020467758,0.4217807575043678
UBFC_PHYS_s20_T2_ctrl,6,235,67.83333333333333,0.3089536130428314,0.6574885465989319
UBFC_PHYS_s20_T2_ctrl,6,236,67.86666666666666,0.5939440727233887,0.8312603634580028
UBFC_PHYS_s20_T2_ctrl,6,237,67.9,0.7827475070953369,0.9295296367585862
UBFC_PHYS_s20_T2_ctrl,6,238,67.93333333333334,0.7619519233703613,0.9458113552113078
UBFC_PHYS_s20_T2_ctrl,6,239,67.96666666666667,0.5907993912696838,0.8817109497488526
UBFC_PHYS_s20_T2_ctrl,6,240,68.0,0.4908387064933777,0.7473143590585047
UBFC_PHYS_s20_T2_ctrl,6,241,68.03333333333333,0.5291228294372559,0.559790699056817
UBFC_PHYS_s20_T2_ctrl,6,242,68.06666666666666,0.5750556588172913,0.3404037879459662
UBFC_PHYS_s20_T2_ctrl,6,243,68.1,0.5554773807525635,0.11149074837551018
UBFC_PHYS_s20_T2_ctrl,6,244,68.13333333333334,0.4539950489997864,-0.10595420897487236
UBFC_PHYS_s20_T2_ctrl,6,245,68.16666666666667,0.26685526967048645,-0.2944480833183042
UBFC_PHYS_s20_T2_ctrl,6,246,68.2,0.05528833717107773,-0.4417563347659951
UBFC_PHYS_s20_T2_ctrl,6,247,68.23333333333333,-0.13996677100658417,-0.5414448083740759
UBFC_PHYS_s20_T2_ctrl,6,248,68.26666666666667,-0.38945263624191284,-0.592231355934931
UBFC_PHYS_s20_T2_ctrl,6,249,68.3,-0.7175152897834778,-0.5968523771500738
UBFC_PHYS_s20_T2_ctrl,6,250,68.33333333333333,-0.9803711771965027,-0.561174471685088
UBFC_PHYS_s20_T2_ctrl,6,251,68.36666666666666,-1.0217797756195068,-0.494114459273615
UBFC_PHYS_s20_T2_ctrl,6,252,68.4,-0.8642001152038574,-0.4077288140725487
UBFC_PHYS_s20_T2_ctrl,6,253,68.43333333333334,-0.6571980118751526,-0.3158396106241969
UBFC_PHYS_s20_T2_ctrl,6,254,68.46666666666667,-0.45887938141822815,-0.23093365382554717
UBFC_PHYS_s20_T2_ctrl,6,255,68.5,-0.22828195989131927,-0.1605885053342447
UBFC_PHYS_s20_T2_ctrl,6,256,68.53333333333333,-0.01428042259067297,-0.10527484715461811
UBFC_PHYS_s20_T2_ctrl,6,257,68.56666666666666,0.10365577042102814,-0.059542217457488895
UBFC_PHYS_s20_T2_ctrl,6,258,68.6,0.16119353473186493,-0.01610408875727987
UBFC_PHYS_s20_T2_ctrl,6,259,68.63333333333334,0.20911462604999542,0.030057130113137386
UBFC_PHYS_s20_T2_ctrl,6,260,68.66666666666667,0.24250926077365875,0.0795612895130808
UBFC_PHYS_s20_T2_ctrl,6,261,68.7,0.25638648867607117,0.1291398300609856
UBFC_PHYS_s20_T2_ctrl,6,262,68.73333333333333,0.2441931962966919,0.17398324860412093
UBFC_PHYS_s20_T2_ctrl,6,263,68.76666666666667,0.18050804734230042,0.20990236488521974
UBFC_PHYS_s20_T2_ctrl,6,264,68.8,0.06301820278167725,0.23442406183861786
UBFC_PHYS_s20_T2_ctrl,6,265,68.83333333333333,-0.07926401495933533,0.24726507242997176
UBFC_PHYS_s20_T2_ctrl,6,266,68.86666666666666,-0.21268022060394287,0.2503317838651914
UBFC_PHYS_s20_T2_ctrl,6,267,68.9,-0.3419170379638672,0.24702378304425818
UBFC_PHYS_s20_T2_ctrl,6,268,68.93333333333334,-0.5424876809120178,0.24084026296156105
UBFC_PHYS_s20_T2_ctrl,6,269,68.96666666666667,-0.8124242424964905,0.2335468300942097
UBFC_PHYS_s20_T2_ctrl,6,270,69.0,-0.9330993294715881,0.22379433905525578
UBFC_PHYS_s20_T2_ctrl,6,271,69.03333333333333,-0.7071682214736938,0.2075145935689987
UBFC_PHYS_s20_T2_ctrl,6,272,69.06666666666666,-0.286996454000473,0.17988236317025766
UBFC_PHYS_s20_T2_ctrl,6,273,69.1,0.06320079416036606,0.137148985833742
UBFC_PHYS_s20_T2_ctrl,6,274,69.13333333333334,0.25159844756126404,0.07759962654415316
UBFC_PHYS_s20_T2_ctrl,6,275,69.16666666666667,0.343951016664505,0.0019890265708923933
UBFC_PHYS_s20_T2_ctrl,6,276,69.2,0.4098881781101227,-0.08629403673675844
UBFC_PHYS_s20_T2_ctrl,6,277,69.23333333333333,0.4516010284423828,-0.1812931073358165
UBFC_PHYS_s20_T2_ctrl,6,278,69.26666666666667,0.4390222430229187,-0.2748579223933078
UBFC_PHYS_s20_T2_ctrl,6,279,69.3,0.39893245697021484,-0.3574937789401178
UBFC_PHYS_s20_T2_ctrl,6,280,69.33333333333333,0.3725576102733612,-0.419691744266726
UBFC_PHYS_s20_T2_ctrl,6,281,69.36666666666666,0.30653929710388184,-0.45354379620703206
UBFC_PHYS_s20_T2_ctrl,6,282,69.4,0.1457338184118271,-0.45417584301218844
UBFC_PHYS_s20_T2_ctrl,6,283,69.43333333333334,-0.0403306670486927,-0.42034005066146307
UBFC_PHYS_s20_T2_ctrl,6,284,69.46666666666667,-0.16605758666992188,-0.35415072390600616
UBFC_PHYS_s20_T2_ctrl,6,285,69.5,-0.273626446723938,-0.26057016278284056
UBFC_PHYS_s20_T2_ctrl,6,286,69.53333333333333,-0.4557346999645233,-0.14682523619132484
UBFC_PHYS_s20_T2_ctrl,6,287,69.56666666666666,-0.7222627997398376,-0.02147591045832417
UBFC_PHYS_s20_T2_ctrl,6,288,69.6,-0.9856258630752563,0.10669188864358091
UBFC_PHYS_s20_T2_ctrl,6,289,69.63333333333334,-1.0633100271224976,0.22934034459282543
UBFC_PHYS_s20_T2_ctrl,6,290,69.66666666666667,-0.8222234845161438,0.33877517794237794
UBFC_PHYS_s20_T2_ctrl,6,291,69.7,-0.38348785042762756,0.42816917578038
UBFC_PHYS_s20_T2_ctrl,6,292,69.73333333333333,-0.015944067388772964,0.49191008712781475
UBFC_PHYS_s20_T2_ctrl,6,293,69.76666666666667,0.18657426536083221,0.5257242588039424
UBFC_PHYS_s20_T2_ctrl,6,294,69.8,0.31633856892585754,0.5267093400939993
UBFC_PHYS_s20_T2_ctrl,6,295,69.83333333333333,0.42084386944770813,0.49384717084577684
UBFC_PHYS_s20_T2_ctrl,6,296,69.86666666666666,0.4913661777973175,0.42890310597722436
UBFC_PHYS_s20_T2_ctrl,6,297,69.9,0.5322877764701843,0.3369593093883557
UBFC_PHYS_s20_T2_ctrl,6,298,69.93333333333334,0.5371975898742676,0.2260852632178745
UBFC_PHYS_s20_T2_ctrl,6,299,69.96666666666667,0.49948152899742126,0.10603877439203763
UBFC_PHYS_s20_T2_ctrl,7,0,70.0,0.42449578642845154,-0.01755275030312611
UBFC_PHYS_s20_T2_ctrl,7,1,70.03333333333333,0.2994180917739868,-0.329135682756285
UBFC_PHYS_s20_T2_ctrl,7,2,70.06666666666666,0.13788221776485443,-0.601213318013964
UBFC_PHYS_s20_T2_ctrl,7,3,70.1,-0.030470527708530426,-0.8007603552988241
UBFC_PHYS_s20_T2_ctrl,7,4,70.13333333333334,-0.21941596269607544,-0.9098410832351196
UBFC_PHYS_s20_T2_ctrl,7,5,70.16666666666667,-0.4662643373012543,-0.9292238384912217
UBFC_PHYS_s20_T2_ctrl,7,6,70.2,-0.754095196723938,-0.8749067912003256
UBFC_PHYS_s20_T2_ctrl,7,7,70.23333333333333,-0.9678329825401306,-0.7713549917213709
UBFC_PHYS_s20_T2_ctrl,7,8,70.26666666666667,-0.9490256905555725,-0.6445155880681086
UBFC_PHYS_s20_T2_ctrl,7,9,70.3,-0.6537895798683167,-0.5162711320527779
UBFC_PHYS_s20_T2_ctrl,7,10,70.33333333333333,-0.1904441863298416,-0.4012305577654778
UBFC_PHYS_s20_T2_ctrl,7,11,70.36666666666666,0.27874425053596497,-0.30596950992654326
UBFC_PHYS_s20_T2_ctrl,7,12,70.4,0.6048389673233032,-0.23023200400376026
UBFC_PHYS_s20_T2_ctrl,7,13,70.43333333333334,0.7438750267028809,-0.16918983146116118
UBFC_PHYS_s20_T2_ctrl,7,14,70.46666666666667,0.7983086705207825,-0.11572964931202494
UBFC_PHYS_s20_T2_ctrl,7,15,70.5,0.8818966746330261,-0.06183089978082684
UBFC_PHYS_s20_T2_ctrl,7,16,70.53333333333333,1.0007256269454956,0.0008758803233527013
UBFC_PHYS_s20_T2_ctrl,7,17,70.56666666666666,1.1304492950439453,0.0803482673005452
UBFC_PHYS_s20_T2_ctrl,7,18,70.6,1.292492389678955,0.18243807506461182
UBFC_PHYS_s20_T2_ctrl,7,19,70.63333333333334,1.472084879875183,0.3080974158903443
UBFC_PHYS_s20_T2_ctrl,7,20,70.66666666666667,1.5816419124603271,0.4507012202939444
UBFC_PHYS_s20_T2_ctrl,7,21,70.7,1.5894529819488525,0.5958233331629328
UBFC_PHYS_s20_T2_ctrl,7,22,70.73333333333333,1.5113834142684937,0.7239870203635055
UBFC_PHYS_s20_T2_ctrl,7,23,70.76666666666667,1.2487304210662842,0.8149400809658986
UBFC_PHYS_s20_T2_ctrl,7,24,70.8,0.7445850968360901,0.8519540363331121
UBFC_PHYS_s20_T2_ctrl,7,25,70.83333333333333,0.10586719959974289,0.824887199923895
UBFC_PHYS_s20_T2_ctrl,7,26,70.86666666666666,-0.6876305341720581,0.7314177283165889
UBFC_PHYS_s20_T2_ctrl,7,27,70.9,-1.5780863761901855,0.5765710806989405
UBFC_PHYS_s20_T2_ctrl,7,28,70.93333333333334,-2.098076820373535,0.3711502485276337
UBFC_PHYS_s20_T2_ctrl,7,29,70.96666666666667,-2.1201303005218506,0.1299892508027198
UBFC_PHYS_s20_T2_ctrl,7,30,71.0,-2.357341766357422,-0.12949003672394754
UBFC_PHYS_s20_T2_ctrl,7,31,71.03333333333333,-3.1756722927093506,-0.38845381706048066
UBFC_PHYS_s20_T2_ctrl,7,32,71.06666666666666,-3.7250607013702393,-0.6274217333522372
UBFC_PHYS_s20_T2_ctrl,7,33,71.1,-3.2488930225372314,-0.8263052947166452
UBFC_PHYS_s20_T2_ctrl,7,34,71.13333333333334,-2.0629982948303223,-0.9643647907060745
UBFC_PHYS_s20_T2_ctrl,7,35,71.16666666666667,-1.1116368770599365,-1.021502330907367
UBFC_PHYS_s20_T2_ctrl,7,36,71.2,-1.0421086549758911,-0.9815663859766525
UBFC_PHYS_s20_T2_ctrl,7,37,71.23333333333333,-1.6529909372329712,-0.8373318661603555
UBFC_PHYS_s20_T2_ctrl,7,38,71.26666666666667,-1.970848560333252,-0.5955852462917408
UBFC_PHYS_s20_T2_ctrl,7,39,71.3,-1.126224160194397,-0.2797790039888746
UBFC_PHYS_s20_T2_ctrl,7,40,71.33333333333333,0.6566959619522095,0.07141249870761329
UBFC_PHYS_s20_T2_ctrl,7,41,71.36666666666666,2.364042043685913,0.4100366822540154
UBFC_PHYS_s20_T2_ctrl,7,42,71.4,3.2629377841949463,0.6877411251866261
UBFC_PHYS_s20_T2_ctrl,7,43,71.43333333333334,3.432183265686035,0.8643044612090185
UBFC_PHYS_s20_T2_ctrl,7,44,71.46666666666667,3.363507032394409,0.9139773375922624
UBFC_PHYS_s20_T2_ctrl,7,45,71.5,3.4181437492370605,0.829439569089729
UBFC_PHYS_s20_T2_ctrl,7,46,71.53333333333333,3.6027069091796875,0.6231282436514838
UBFC_PHYS_s20_T2_ctrl,7,47,71.56666666666666,3.649369955062866,0.32553673670892896
UBFC_PHYS_s20_T2_ctrl,7,48,71.6,3.404388189315796,-0.019345079027420425
UBFC_PHYS_s20_T2_ctrl,7,49,71.63333333333334,2.8257033824920654,-0.36068905780111277
UBFC_PHYS_s20_T2_ctrl,7,50,71.66666666666667,1.8422458171844482,-0.6483390616009966
UBFC_PHYS_s20_T2_ctrl,7,51,71.7,0.7871906757354736,-0.8395514074359423
UBFC_PHYS_s20_T2_ctrl,7,52,71.73333333333333,0.3604860305786133,-0.9043089416894979
UBFC_PHYS_s20_T2_ctrl,7,53,71.76666666666667,0.5857475996017456,-0.8294347496021703
UBFC_PHYS_s20_T2_ctrl,7,54,71.8,0.7997288703918457,-0.6213915396062181
UBFC_PHYS_s20_T2_ctrl,7,55,71.83333333333333,0.8018591403961182,-0.30716436060678126
UBFC_PHYS_s20_T2_ctrl,7,56,71.86666666666666,0.6825839281082153,0.06771940086976838
UBFC_PHYS_s20_T2_ctrl,7,57,71.9,0.3861508071422577,0.4450651629802213
UBFC_PHYS_s20_T2_ctrl,7,58,71.93333333333334,0.09866483509540558,0.7635531135805593
UBFC_PHYS_s20_T2_ctrl,7,59,71.96666666666667,0.09931406378746033,0.9702723113082717
UBFC_PHYS_s20_T2_ctrl,7,60,72.0,0.2285102903842926,1.0314201899759627
UBFC_PHYS_s20_T2_ctrl,7,61,72.03333333333333,0.22378310561180115,0.9385796441475329
UBFC_PHYS_s20_T2_ctrl,7,62,72.06666666666666,0.24676981568336487,0.709511758363897
UBFC_PHYS_s20_T2_ctrl,7,63,72.1,0.5845100283622742,0.3849800641855558
UBFC_PHYS_s20_T2_ctrl,7,64,72.13333333333334,1.1787558794021606,0.022029612713524462
UBFC_PHYS_s20_T2_ctrl,7,65,72.16666666666667,1.5239216089248657,-0.31693806229771543
UBFC_PHYS_s20_T2_ctrl,7,66,72.2,1.1511636972427368,-0.5767898587858024
UBFC_PHYS_s20_T2_ctrl,7,67,72.23333333333333,0.3037395179271698,-0.7186292068638658
UBFC_PHYS_s20_T2_ctrl,7,68,72.26666666666667,-0.29501035809516907,-0.7234664921705348
UBFC_PHYS_s20_T2_ctrl,7,69,72.3,-0.42213717103004456,-0.5927963278397852
UBFC_PHYS_s20_T2_ctrl,7,70,72.33333333333333,-0.4890887439250946,-0.34762642548351547
UBFC_PHYS_s20_T2_ctrl,7,71,72.36666666666666,-0.8343762159347534,-0.026320308009134503
UBFC_PHYS_s20_T2_ctrl,7,72,72.4,-1.5087610483169556,0.3193915145655834
UBFC_PHYS_s20_T2_ctrl,7,73,72.43333333333334,-2.355109930038452,0.6315781435575343
UBFC_PHYS_s20_T2_ctrl,7,74,72.46666666666667,-2.978773832321167,0.856378420327065
UBFC_PHYS_s20_T2_ctrl,7,75,72.5,-3.081331491470337,0.9555783926951318
UBFC_PHYS_s20_T2_ctrl,7,76,72.53333333333333,-2.8910064697265625,0.9151218787122409
UBFC_PHYS_s20_T2_ctrl,7,77,72.56666666666666,-2.803299903869629,0.7445017835727789
UBFC_PHYS_s20_T2_ctrl,7,78,72.6,-2.8186988830566406,0.46796428760965464
UBFC_PHYS_s20_T2_ctrl,7,79,72.63333333333334,-2.793318033218384,0.11518946821642864
UBFC_PHYS_s20_T2_ctrl,7,80,72.66666666666667,-2.7122864723205566,-0.2836421820937297
UBFC_PHYS_s20_T2_ctrl,7,81,72.7,-2.554544448852539,-0.6973984342320675
UBFC_PHYS_s20_T2_ctrl,7,82,72.73333333333333,-2.269148111343384,-1.0907179350856218
UBFC_PHYS_s20_T2_ctrl,7,83,72.76666666666667,-1.9119515419006348,-1.4232330341978383
UBFC_PHYS_s20_T2_ctrl,7,84,72.8,-1.5641483068466187,-1.6533146562719074
UBFC_PHYS_s20_T2_ctrl,7,85,72.83333333333333,-1.2614662647247314,-1.7444770735454802
UBFC_PHYS_s20_T2_ctrl,7,86,72.86666666666666,-1.1022230386734009,-1.6725052371470557
UBFC_PHYS_s20_T2_ctrl,7,87,72.9,-1.1533091068267822,-1.431645397149823
UBFC_PHYS_s20_T2_ctrl,7,88,72.93333333333334,-1.2357203960418701,-1.0385544303294194
UBFC_PHYS_s20_T2_ctrl,7,89,72.96666666666667,-1.0716484785079956,-0.5331812407735759
UBFC_PHYS_s20_T2_ctrl,7,90,73.0,-0.6543373465538025,0.024847063653503934
UBFC_PHYS_s20_T2_ctrl,7,91,73.03333333333333,-0.25694939494132996,0.5659566221304088
UBFC_PHYS_s20_T2_ctrl,7,92,73.06666666666666,-0.09257317334413528,1.0247014709368785
UBFC_PHYS_s20_T2_ctrl,7,93,73.1,-0.1928585022687912,1.353141804155789
UBFC_PHYS_s20_T2_ctrl,7,94,73.13333333333334,-0.47437968850135803,1.5288391653359474
UBFC_PHYS_s20_T2_ctrl,7,95,73.16666666666667,-0.7816467881202698,1.5540486474874515
UBFC_PHYS_s20_T2_ctrl,7,96,73.2,-0.994147002696991,1.448251134797021
UBFC_PHYS_s20_T2_ctrl,7,97,73.23333333333333,-1.074407696723938,1.241087591875577
UBFC_PHYS_s20_T2_ctrl,7,98,73.26666666666667,-0.986356258392334,0.9684052947272519
UBFC_PHYS_s20_T2_ctrl,7,99,73.3,-0.7335836887359619,0.6692309952169221
UBFC_PHYS_s20_T2_ctrl,7,100,73.33333333333333,-0.40661659836769104,0.38188135245973537
UBFC_PHYS_s20_T2_ctrl,7,101,73.36666666666666,-0.026838913559913635,0.1385336256868972
UBFC_PHYS_s20_T2_ctrl,7,102,73.4,0.45718032121658325,-0.040365730317590574
UBFC_PHYS_s20_T2_ctrl,7,103,73.43333333333334,0.9725856184959412,-0.14863791781602081
UBFC_PHYS_s20_T2_ctrl,7,104,73.46666666666667,1.3394193649291992,-0.19283194568122217
UBFC_PHYS_s20_T2_ctrl,7,105,73.5,1.470157504081726,-0.18801056566164775
UBFC_PHYS_s20_T2_ctrl,7,106,73.53333333333333,1.3994930982589722,-0.15267672183545972
UBFC_PHYS_s20_T2_ctrl,7,107,73.56666666666666,1.2094521522521973,-0.10468343942704238
UBFC_PHYS_s20_T2_ctrl,7,108,73.6,0.9702118635177612,-0.0589491248187817
UBFC_PHYS_s20_T2_ctrl,7,109,73.63333333333334,0.7341569066047668,-0.026703206088245286
UBFC_PHYS_s20_T2_ctrl,7,110,73.66666666666667,0.5275605916976929,-0.01598958957494755
UBFC_PHYS_s20_T2_ctrl,7,111,73.7,0.3285115957260132,-0.033264177947971034
UBFC_PHYS_s20_T2_ctrl,7,112,73.73333333333333,0.061395131051540375,-0.08524918887491106
UBFC_PHYS_s20_T2_ctrl,7,113,73.76666666666667,-0.3134118914604187,-0.17970566145301478
UBFC_PHYS_s20_T2_ctrl,7,114,73.8,-0.6917693614959717,-0.32342323797676287
UBFC_PHYS_s20_T2_ctrl,7,115,73.83333333333333,-0.8727414608001709,-0.515879327990557
UBFC_PHYS_s20_T2_ctrl,7,116,73.86666666666666,-0.7390817999839783,-0.7417565278807389
UBFC_PHYS_s20_T2_ctrl,7,117,73.9,-0.39578261971473694,-0.9695205905430593
UBFC_PHYS_s20_T2_ctrl,7,118,73.93333333333334,-0.06784167140722275,-1.1573927826499204
UBFC_PHYS_s20_T2_ctrl,7,119,73.96666666666667,0.1450440138578415,-1.2618397218136186
UBFC_PHYS_s20_T2_ctrl,7,120,74.0,0.2765936851501465,-1.24563794731973
UBFC_PHYS_s20_T2_ctrl,7,121,74.03333333333333,0.36505091190338135,-1.085079835611463
UBFC_PHYS_s20_T2_ctrl,7,122,74.06666666666666,0.44920697808265686,-0.7761490631489
UBFC_PHYS_s20_T2_ctrl,7,123,74.1,0.5139065384864807,-0.33946212338563325
UBFC_PHYS_s20_T2_ctrl,7,124,74.13333333333334,0.4762108027935028,0.1782435063315054
UBFC_PHYS_s20_T2_ctrl,7,125,74.16666666666667,0.35206636786460876,0.709835187872212
UBFC_PHYS_s20_T2_ctrl,7,126,74.2,0.24110935628414154,1.1809180079130441
UBFC_PHYS_s20_T2_ctrl,7,127,74.23333333333333,0.12349777668714523,1.5266774957659655
UBFC_PHYS_s20_T2_ctrl,7,128,74.26666666666667,-0.07147328555583954,1.7064964800843603
UBFC_PHYS_s20_T2_ctrl,7,129,74.3,-0.30418068170547485,1.7093233700665151
UBFC_PHYS_s20_T2_ctrl,7,130,74.33333333333333,-0.5426499843597412,1.5493213613915373
UBFC_PHYS_s20_T2_ctrl,7,131,74.36666666666666,-0.7575644850730896,1.2577946251940089
UBFC_PHYS_s20_T2_ctrl,7,132,74.4,-0.8016916513442993,0.8753660732929184
UBFC_PHYS_s20_T2_ctrl,7,133,74.43333333333334,-0.570201575756073,0.4454609557053777
UBFC_PHYS_s20_T2_ctrl,7,134,74.46666666666667,-0.16151300072669983,0.00952840875047045
UBFC_PHYS_s20_T2_ctrl,7,135,74.5,0.26746392250061035,-0.39602430859137666
UBFC_PHYS_s20_T2_ctrl,7,136,74.53333333333333,0.625492513179779,-0.7415711951441846
UBFC_PHYS_s20_T2_ctrl,7,137,74.56666666666666,0.8268340826034546,-1.0051868759504268
UBFC_PHYS_s20_T2_ctrl,7,138,74.6,0.8202403783798218,-1.1728045682496002
UBFC_PHYS_s20_T2_ctrl,7,139,74.63333333333334,0.7076197266578674,-1.2371965235211988
UBFC_PHYS_s20_T2_ctrl,7,140,74.66666666666667,0.6356975436210632,-1.1966080949577274
UBFC_PHYS_s20_T2_ctrl,7,141,74.7,0.6039868593215942,-1.054922037758646
UBFC_PHYS_s20_T2_ctrl,7,142,74.73333333333333,0.5415798425674438,-0.8233171949891595
UBFC_PHYS_s20_T2_ctrl,7,143,74.76666666666667,0.44780710339546204,-0.5214765754742537
UBFC_PHYS_s20_T2_ctrl,7,144,74.8,0.29339244961738586,-0.1771861145408544
UBFC_PHYS_s20_T2_ctrl,7,145,74.83333333333333,-0.00703748082742095,0.17574572667927607
UBFC_PHYS_s20_T2_ctrl,7,146,74.86666666666666,-0.41745057702064514,0.500906688258065
UBFC_PHYS_s20_T2_ctrl,7,147,74.9,-0.7706505060195923,0.7633261858685346
UBFC_PHYS_s20_T2_ctrl,7,148,74.93333333333334,-0.8831697106361389,0.9335453453019555
UBFC_PHYS_s20_T2_ctrl,7,149,74.96666666666667,-0.6584964990615845,0.9912470903041734
UBFC_PHYS_s20_T2_ctrl,7,150,75.0,-0.21489165723323822,0.9279384923669544
UBFC_PHYS_s20_T2_ctrl,7,151,75.03333333333333,0.17517220973968506,0.7481439200543318
UBFC_PHYS_s20_T2_ctrl,7,152,75.06666666666666,0.4168470799922943,0.4688938249590296
UBFC_PHYS_s20_T2_ctrl,7,153,75.1,0.5905356407165527,0.11763849253053217
UBFC_PHYS_s20_T2_ctrl,7,154,75.13333333333334,0.6984291076660156,-0.27064317448555103
UBFC_PHYS_s20_T2_ctrl,7,155,75.16666666666667,0.7326758503913879,-0.6558957862133242
UBFC_PHYS_s20_T2_ctrl,7,156,75.2,0.7958334684371948,-0.9946433535693573
UBFC_PHYS_s20_T2_ctrl,7,157,75.23333333333333,0.8833168745040894,-1.241415842185688
UBFC_PHYS_s20_T2_ctrl,7,158,75.26666666666667,0.8473050594329834,-1.3523639690136786
UBFC_PHYS_s20_T2_ctrl,7,159,75.3,0.7079443335533142,-1.2945045287694943
UBFC_PHYS_s20_T2_ctrl,7,160,75.33333333333333,0.6048592329025269,-1.0584234878425283
UBFC_PHYS_s20_T2_ctrl,7,161,75.36666666666666,0.4809785485267639,-0.666921470822031
UBFC_PHYS_s20_T2_ctrl,7,162,75.4,0.18693946301937103,-0.1739063700553969
UBFC_PHYS_s20_T2_ctrl,7,163,75.43333333333334,-0.22124190628528595,0.3489013771037916
UBFC_PHYS_s20_T2_ctrl,7,164,75.46666666666667,-0.5106349587440491,0.8318628441169944
UBFC_PHYS_s20_T2_ctrl,7,165,75.5,-0.5441716313362122,1.2215093409662001
UBFC_PHYS_s20_T2_ctrl,7,166,75.53333333333333,-0.38417765498161316,1.4844189446442382
UBFC_PHYS_s20_T2_ctrl,7,167,75.56666666666666,-0.12120003998279572,1.605258465651945
UBFC_PHYS_s20_T2_ctrl,7,168,75.6,0.20818136632442474,1.5832732767243434
UBFC_PHYS_s20_T2_ctrl,7,169,75.63333333333334,0.480167031288147,1.4301325858424632
UBFC_PHYS_s20_T2_ctrl,7,170,75.66666666666667,0.5760497450828552,1.1692818541375782
UBFC_PHYS_s20_T2_ctrl,7,171,75.7,0.5676503777503967,0.8342715138420452
UBFC_PHYS_s20_T2_ctrl,7,172,75.73333333333333,0.585098385810852,0.4646590695361601
UBFC_PHYS_s20_T2_ctrl,7,173,75.76666666666667,0.6065025925636292,0.09974003901676158
UBFC_PHYS_s20_T2_ctrl,7,174,75.8,0.5528602004051208,-0.22783265977681844
UBFC_PHYS_s20_T2_ctrl,7,175,75.83333333333333,0.4613191485404968,-0.4950752189536862
UBFC_PHYS_s20_T2_ctrl,7,176,75.86666666666666,0.4109228849411011,-0.6880133400946605
UBFC_PHYS_s20_T2_ctrl,7,177,75.9,0.36740434169769287,-0.8001265958525184
UBFC_PHYS_s20_T2_ctrl,7,178,75.93333333333334,0.2200094759464264,-0.8317687143958459
UBFC_PHYS_s20_T2_ctrl,7,179,75.96666666666667,-0.07936545461416245,-0.7909941446500034
UBFC_PHYS_s20_T2_ctrl,7,180,76.0,-0.471742182970047,-0.6942896924011618
UBFC_PHYS_s20_T2_ctrl,7,181,76.03333333333333,-0.7776905298233032,-0.564232675908818
UBFC_PHYS_s20_T2_ctrl,7,182,76.06666666666666,-0.79463130235672,-0.4243622511955381
UBFC_PHYS_s20_T2_ctrl,7,183,76.1,-0.5206168293952942,-0.294823146499464
UBFC_PHYS_s20_T2_ctrl,7,184,76.13333333333334,-0.14966459572315216,-0.19045369689392844
UBFC_PHYS_s20_T2_ctrl,7,185,76.16666666666667,0.15760250389575958,-0.12074848939583235
UBFC_PHYS_s20_T2_ctrl,7,186,76.2,0.35090991854667664,-0.09106312872285077
UBFC_PHYS_s20_T2_ctrl,7,187,76.23333333333333,0.4317387342453003,-0.1045553871685836
UBFC_PHYS_s20_T2_ctrl,7,188,76.26666666666667,0.44878092408180237,-0.1634443179963866
UBFC_PHYS_s20_T2_ctrl,7,189,76.3,0.4777527153491974,-0.26761293785183393
UBFC_PHYS_s20_T2_ctrl,7,190,76.33333333333333,0.5415595769882202,-0.41060381982365457
UBFC_PHYS_s20_T2_ctrl,7,191,76.36666666666666,0.5798842906951904,-0.5751417959657662
UBFC_PHYS_s20_T2_ctrl,7,192,76.4,0.49503839015960693,-0.730997015566557
UBFC_PHYS_s20_T2_ctrl,7,193,76.43333333333334,0.29511696100234985,-0.8380028550668398
UBFC_PHYS_s20_T2_ctrl,7,194,76.46666666666667,0.11024948209524155,-0.8542016730525355
UBFC_PHYS_s20_T2_ctrl,7,195,76.5,0.0017879523802548647,-0.7461391689054069
UBFC_PHYS_s20_T2_ctrl,7,196,76.53333333333333,-0.10484763234853745,-0.49875177841934726
UBFC_PHYS_s20_T2_ctrl,7,197,76.56666666666666,-0.2801592946052551,-0.12305716126565013
UBFC_PHYS_s20_T2_ctrl,7,198,76.6,-0.5151998400688171,0.34138771101969295
UBFC_PHYS_s20_T2_ctrl,7,199,76.63333333333334,-0.6886652708053589,0.83293200895986
UBFC_PHYS_s20_T2_ctrl,7,200,76.66666666666667,-0.6254264712333679,1.2814577999442267
UBFC_PHYS_s20_T2_ctrl,7,201,76.7,-0.3255443274974823,1.622343616129417
UBFC_PHYS_s20_T2_ctrl,7,202,76.73333333333333,0.02209659293293953,1.806856847146807
UBFC_PHYS_s20_T2_ctrl,7,203,76.76666666666667,0.30767545104026794,1.8086308206126156
UBFC_PHYS_s20_T2_ctrl,7,204,76.8,0.5518254637718201,1.6264779967636034
UBFC_PHYS_s20_T2_ctrl,7,205,76.83333333333333,0.7375450730323792,1.2840077802606236
UBFC_PHYS_s20_T2_ctrl,7,206,76.86666666666666,0.8366333842277527,0.8260013077330997
UBFC_PHYS_s20_T2_ctrl,7,207,76.9,0.8869484663009644,0.311021028616026
UBFC_PHYS_s20_T2_ctrl,7,208,76.93333333333334,0.9247862696647644,-0.19895519900606473
UBFC_PHYS_s20_T2_ctrl,7,209,76.96666666666667,0.9277686476707458,-0.6496852826424702
UBFC_PHYS_s20_T2_ctrl,7,210,77.0,0.8432473540306091,-1.0032483888916448
UBFC_PHYS_s20_T2_ctrl,7,211,77.03333333333333,0.6412362456321716,-1.2401399492415845
UBFC_PHYS_s20_T2_ctrl,7,212,77.06666666666666,0.3812410235404968,-1.3555841173172651
UBFC_PHYS_s20_T2_ctrl,7,213,77.1,0.1614370048046112,-1.3551032900410482
UBFC_PHYS_s20_T2_ctrl,7,214,77.13333333333334,2.286572453158442e-05,-1.2509826846063723
UBFC_PHYS_s20_T2_ctrl,7,215,77.16666666666667,-0.18364758789539337,-1.057574760458329
UBFC_PHYS_s20_T2_ctrl,7,216,77.2,-0.4686380922794342,-0.7872528361714168
UBFC_PHYS_s20_T2_ctrl,7,217,77.23333333333333,-0.8008192777633667,-0.452326511777703
UBFC_PHYS_s20_T2_ctrl,7,218,77.26666666666667,-0.9573642015457153,-0.07272333405303776
UBFC_PHYS_s20_T2_ctrl,7,219,77.3,-0.7777108550071716,0.3163339711392071
UBFC_PHYS_s20_T2_ctrl,7,220,77.33333333333333,-0.39058879017829895,0.663510547793652
UBFC_PHYS_s20_T2_ctrl,7,221,77.36666666666666,-0.014767343178391457,0.9135044011172213
UBFC_PHYS_s20_T2_ctrl,7,222,77.4,0.2675248086452484,1.0274515888786957
UBFC_PHYS_s20_T2_ctrl,7,223,77.43333333333334,0.45571956038475037,0.9970544121807375
UBFC_PHYS_s20_T2_ctrl,7,224,77.46666666666667,0.563876748085022,0.8453164515497613
UBFC_PHYS_s20_T2_ctrl,7,225,77.5,0.6420883536338806,0.6158368021154311
UBFC_PHYS_s20_T2_ctrl,7,226,77.53333333333333,0.7287196516990662,0.35685042930704663
UBFC_PHYS_s20_T2_ctrl,7,227,77.56666666666666,0.791654109954834,0.10892512852586664
UBFC_PHYS_s20_T2_ctrl,7,228,77.6,0.7577319741249084,-0.10024152469019398
UBFC_PHYS_s20_T2_ctrl,7,229,77.63333333333334,0.5712414383888245,-0.2564807002328005
UBFC_PHYS_s20_T2_ctrl,7,230,77.66666666666667,0.2762893736362457,-0.35750712475720864
UBFC_PHYS_s20_T2_ctrl,7,231,77.7,0.0029443884268403053,-0.41014712596720665
UBFC_PHYS_s20_T2_ctrl,7,232,77.73333333333333,-0.18622420728206635,-0.4270970723176264
UBFC_PHYS_s20_T2_ctrl,7,233,77.76666666666667,-0.3406997323036194,-0.4232900115660109
UBFC_PHYS_s20_T2_ctrl,7,234,77.8,-0.5083829760551453,-0.41223884675463984
UBFC_PHYS_s20_T2_ctrl,7,235,77.83333333333333,-0.7219990491867065,-0.40307594698727556
UBFC_PHYS_s20_T2_ctrl,7,236,77.86666666666666,-0.9841042757034302,-0.39885045160182325
UBFC_PHYS_s20_T2_ctrl,7,237,77.9,-1.135840892791748,-0.3964419916295567
UBFC_PHYS_s20_T2_ctrl,7,238,77.93333333333334,-0.9896023869514465,-0.38803237914440986
UBFC_PHYS_s20_T2_ctrl,7,239,77.96666666666667,-0.6390805244445801,-0.3636781981377561
UBFC_PHYS_s20_T2_ctrl,7,240,78.0,-0.3378390669822693,-0.31427266011066973
UBFC_PHYS_s20_T2_ctrl,7,241,78.03333333333333,-0.14148838818073273,-0.23403609879137713
UBFC_PHYS_s20_T2_ctrl,7,242,78.06666666666666,0.04183715954422951,-0.1219314920858877
UBFC_PHYS_s20_T2_ctrl,7,243,78.1,0.19326943159103394,0.018263848508865744
UBFC_PHYS_s20_T2_ctrl,7,244,78.13333333333334,0.24640461802482605,0.1788294618791074
UBFC_PHYS_s20_T2_ctrl,7,245,78.16666666666667,0.2362198680639267,0.3489793496645113
UBFC_PHYS_s20_T2_ctrl,7,246,78.2,0.25559523701667786,0.5152154579663515
UBFC_PHYS_s20_T2_ctrl,7,247,78.23333333333333,0.3227091133594513,0.6611708952007231
UBFC_PHYS_s20_T2_ctrl,7,248,78.26666666666667,0.36486831307411194,0.7678539926985041
UBFC_PHYS_s20_T2_ctrl,7,249,78.3,0.3360588550567627,0.8158241089935202
UBFC_PHYS_s20_T2_ctrl,7,250,78.33333333333333,0.26857978105545044,0.7895590932110279
UBFC_PHYS_s20_T2_ctrl,7,251,78.36666666666666,0.1888262778520584,0.6828210727079022
UBFC_PHYS_s20_T2_ctrl,7,252,78.4,0.07573899626731873,0.502853453232099
UBFC_PHYS_s20_T2_ctrl,7,253,78.43333333333334,-0.11389623582363129,0.27071602900443714
UBFC_PHYS_s20_T2_ctrl,7,254,78.46666666666667,-0.40523698925971985,0.017439667256564966
UBFC_PHYS_s20_T2_ctrl,7,255,78.5,-0.7386354804039001,-0.22186663934775352
UBFC_PHYS_s20_T2_ctrl,7,256,78.53333333333333,-0.9091387987136841,-0.41439389632781737
UBFC_PHYS_s20_T2_ctrl,7,257,78.56666666666666,-0.7632655501365662,-0.5357416702341715
UBFC_PHYS_s20_T2_ctrl,7,258,78.6,-0.41130319237709045,-0.5745565873892688
UBFC_PHYS_s20_T2_ctrl,7,259,78.63333333333334,-0.08853579312562943,-0.5341597923624937
UBFC_PHYS_s20_T2_ctrl,7,260,78.66666666666667,0.1285901516675949,-0.43087401147863463
UBFC_PHYS_s20_T2_ctrl,7,261,78.7,0.26971593499183655,-0.29003339621718954
UBFC_PHYS_s20_T2_ctrl,7,262,78.73333333333333,0.31400540471076965,-0.1408073926934407
UBFC_PHYS_s20_T2_ctrl,7,263,78.76666666666667,0.28332942724227905,-0.01093746703045653
UBFC_PHYS_s20_T2_ctrl,7,264,78.8,0.2872450649738312,0.07767998300711468
UBFC_PHYS_s20_T2_ctrl,7,265,78.83333333333333,0.3445596694946289,0.11185818637751124
UBFC_PHYS_s20_T2_ctrl,7,266,78.86666666666666,0.38515666127204895,0.08849073303576338
UBFC_PHYS_s20_T2_ctrl,7,267,78.9,0.37361258268356323,0.015104415571178661
UBFC_PHYS_s20_T2_ctrl,7,268,78.93333333333334,0.29901233315467834,-0.09058330650788086
UBFC_PHYS_s20_T2_ctrl,7,269,78.96666666666667,0.14979147911071777,-0.20310049657525825
UBFC_PHYS_s20_T2_ctrl,7,270,79.0,-0.035339731723070145,-0.2941005409416653
UBFC_PHYS_s20_T2_ctrl,7,271,79.03333333333333,-0.18553440272808075,-0.33932536131809116
UBFC_PHYS_s20_T2_ctrl,7,272,79.06666666666666,-0.3075079917907715,-0.3255425108274608
UBFC_PHYS_s20_T2_ctrl,7,273,79.1,-0.47302037477493286,-0.2539559599767462
UBFC_PHYS_s20_T2_ctrl,7,274,79.13333333333334,-0.6450656056404114,-0.1387762097422296
UBFC_PHYS_s20_T2_ctrl,7,275,79.16666666666667,-0.5945881605148315,-0.0020912871630685264
UBFC_PHYS_s20_T2_ctrl,7,276,79.2,-0.12602867186069489,0.13270044733036646
UBFC_PHYS_s20_T2_ctrl,7,277,79.23333333333333,0.6160989999771118,0.24600510907990925
UBFC_PHYS_s20_T2_ctrl,7,278,79.26666666666667,1.1799123287200928,0.3245506969369037
UBFC_PHYS_s20_T2_ctrl,7,279,79.3,1.2286449670791626,0.3620370524020389
UBFC_PHYS_s20_T2_ctrl,7,280,79.33333333333333,0.8672890663146973,0.35870172984669313
UBFC_PHYS_s20_T2_ctrl,7,281,79.36666666666666,0.4530414938926697,0.3203583943242763
UBFC_PHYS_s20_T2_ctrl,7,282,79.4,0.21451133489608765,0.2570398393272
UBFC_PHYS_s20_T2_ctrl,7,283,79.43333333333334,0.1169649288058281,0.18096353216277652
UBFC_PHYS_s20_T2_ctrl,7,284,79.46666666666667,0.08184579014778137,0.10398976933073517
UBFC_PHYS_s20_T2_ctrl,7,285,79.5,0.12869159877300262,0.03523771496588043
UBFC_PHYS_s20_T2_ctrl,7,286,79.53333333333333,0.2408253252506256,-0.02032465868038921
UBFC_PHYS_s20_T2_ctrl,7,287,79.56666666666666,0.359735369682312,-0.061507706298849704
UBFC_PHYS_s20_T2_ctrl,7,288,79.6,0.5534688234329224,-0.08908373278417736
UBFC_PHYS_s20_T2_ctrl,7,289,79.63333333333334,0.8439168930053711,-0.10393000117557431
UBFC_PHYS_s20_T2_ctrl,7,290,79.66666666666667,1.0190459489822388,-0.10620196491841963
UBFC_PHYS_s20_T2_ctrl,7,291,79.7,0.9184765815734863,-0.09601928908894017
UBFC_PHYS_s20_T2_ctrl,7,292,79.73333333333333,0.6466938257217407,-0.0750844111716626
UBFC_PHYS_s20_T2_ctrl,7,293,79.76666666666667,0.4067637622356415,-0.04774552652917932
UBFC_PHYS_s20_T2_ctrl,7,294,79.8,0.42875632643699646,-0.02058589708269293
UBFC_PHYS_s20_T2_ctrl,7,295,79.83333333333333,0.7716295123100281,-0.0004361917929536288
UBFC_PHYS_s20_T2_ctrl,7,296,79.86666666666666,1.0396995544433594,0.008219301060164254
UBFC_PHYS_s20_T2_ctrl,7,297,79.9,0.8359435796737671,0.004621981780740549
UBFC_PHYS_s20_T2_ctrl,7,298,79.93333333333334,0.37182721495628357,-0.008617382978414639
UBFC_PHYS_s20_T2_ctrl,7,299,79.96666666666667,0.04660492390394211,-0.026728643325685413
UBFC_PHYS_s20_T2_ctrl,8,0,80.0,-0.1671125888824463,-0.003106129188395314
UBFC_PHYS_s20_T2_ctrl,8,1,80.03333333333333,-0.4286903142929077,-0.4631875934558013
UBFC_PHYS_s20_T2_ctrl,8,2,80.06666666666666,-0.6716839075088501,-0.8380929923074772
UBFC_PHYS_s20_T2_ctrl,8,3,80.1,-0.8776512742042542,-1.0587274463818146
UBFC_PHYS_s20_T2_ctrl,8,4,80.13333333333334,-1.1453560590744019,-1.0909068459394096
UBFC_PHYS_s20_T2_ctrl,8,5,80.16666666666667,-1.4694219827651978,-0.9415755195227317
UBFC_PHYS_s20_T2_ctrl,8,6,80.2,-1.7676200866699219,-0.6502066369622945
UBFC_PHYS_s20_T2_ctrl,8,7,80.23333333333333,-2.048877477645874,-0.27483941651782373
UBFC_PHYS_s20_T2_ctrl,8,8,80.26666666666667,-2.3745462894439697,0.12116093950751403
UBFC_PHYS_s20_T2_ctrl,8,9,80.3,-2.6828479766845703,0.48021645939125734
UBFC_PHYS_s20_T2_ctrl,8,10,80.33333333333333,-2.860797166824341,0.758421718338207
UBFC_PHYS_s20_T2_ctrl,8,11,80.36666666666666,-3.009997606277466,0.9292382521408264
UBFC_PHYS_s20_T2_ctrl,8,12,80.4,-3.2907681465148926,0.9830662346555767
UBFC_PHYS_s20_T2_ctrl,8,13,80.43333333333334,-3.477299213409424,0.9236310444681504
UBFC_PHYS_s20_T2_ctrl,8,14,80.46666666666667,-3.1837878227233887,0.7629151101445566
UBFC_PHYS_s20_T2_ctrl,8,15,80.5,-2.487288475036621,0.5168003545968707
UBFC_PHYS_s20_T2_ctrl,8,16,80.53333333333333,-1.7648203372955322,0.20286073058220494
UBFC_PHYS_s20_T2_ctrl,8,17,80.56666666666666,-1.1711831092834473,-0.15923400419461758
UBFC_PHYS_s20_T2_ctrl,8,18,80.6,-0.7010208964347839,-0.5449956838609159
UBFC_PHYS_s20_T2_ctrl,8,19,80.63333333333334,-0.056885965168476105,-0.921075269517682
UBFC_PHYS_s20_T2_ctrl,8,20,80.66666666666667,1.2659552097320557,-1.243307707048092
UBFC_PHYS_s20_T2_ctrl,8,21,80.7,2.977602243423462,-1.4617827127808005
UBFC_PHYS_s20_T2_ctrl,8,22,80.73333333333333,3.994495153427124,-1.5320881584623798
UBFC_PHYS_s20_T2_ctrl,8,23,80.76666666666667,3.9489681720733643,-1.4261494571747033
UBFC_PHYS_s20_T2_ctrl,8,24,80.8,3.485825538635254,-1.1397855802266532
UBFC_PHYS_s20_T2_ctrl,8,25,80.83333333333333,3.0416932106018066,-0.6982192097573587
UBFC_PHYS_s20_T2_ctrl,8,26,80.86666666666666,2.7291715145111084,-0.15743291779974877
UBFC_PHYS_s20_T2_ctrl,8,27,80.9,2.598717451095581,0.4036816075141158
UBFC_PHYS_s20_T2_ctrl,8,28,80.93333333333334,2.415229558944702,0.8997932483411666
UBFC_PHYS_s20_T2_ctrl,8,29,80.96666666666667,1.9625557661056519,1.2578270522581514
UBFC_PHYS_s20_T2_ctrl,8,30,81.0,1.3411235809326172,1.4326668495037835
UBFC_PHYS_s20_T2_ctrl,8,31,81.03333333333333,0.4287969172000885,1.4166407636011493
UBFC_PHYS_s20_T2_ctrl,8,32,81.06666666666666,-1.0793986320495605,1.2396588340690864
UBFC_PHYS_s20_T2_ctrl,8,33,81.1,-2.954367160797119,0.9575463079939954
UBFC_PHYS_s20_T2_ctrl,8,34,81.13333333333334,-4.456577301025391,0.6328193589685692
UBFC_PHYS_s20_T2_ctrl,8,35,81.16666666666667,-4.953439235687256,0.3180420308926031
UBFC_PHYS_s20_T2_ctrl,8,36,81.2,-4.408798694610596,0.046917176306575104
UBFC_PHYS_s20_T2_ctrl,8,37,81.23333333333333,-3.386143684387207,-0.16760430462264597
UBFC_PHYS_s20_T2_ctrl,8,38,81.26666666666667,-2.3083655834198,-0.32982431327799355
UBFC_PHYS_s20_T2_ctrl,8,39,81.3,-1.038030743598938,-0.45434505529657665
UBFC_PHYS_s20_T2_ctrl,8,40,81.33333333333333,0.45360955595970154,-0.5577347048969168
UBFC_PHYS_s20_T2_ctrl,8,41,81.36666666666666,1.799214243888855,-0.6507102277766255
UBFC_PHYS_s20_T2_ctrl,8,42,81.4,2.646496534347534,-0.7329066274863629
UBFC_PHYS_s20_T2_ctrl,8,43,81.43333333333334,2.8285844326019287,-0.7921936830939258
UBFC_PHYS_s20_T2_ctrl,8,44,81.46666666666667,2.3517472743988037,-0.808690950119734
UBFC_PHYS_s20_T2_ctrl,8,45,81.5,1.471070408821106,-0.7618076426215051
UBFC_PHYS_s20_T2_ctrl,8,46,81.53333333333333,0.6186959147453308,-0.6382416057358595
UBFC_PHYS_s20_T2_ctrl,8,47,81.56666666666666,0.06307906657457352,-0.43880182290371916
UBFC_PHYS_s20_T2_ctrl,8,48,81.6,-0.3015635013580322,-0.1815161973640491
UBFC_PHYS_s20_T2_ctrl,8,49,81.63333333333334,-0.7105563879013062,0.10143020861728606
UBFC_PHYS_s20_T2_ctrl,8,50,81.66666666666667,-1.113057017326355,0.3722177077230223
UBFC_PHYS_s20_T2_ctrl,8,51,81.7,-1.181672215461731,0.5975919245524552
UBFC_PHYS_s20_T2_ctrl,8,52,81.73333333333333,-0.7879564762115479,0.75678851404764
UBFC_PHYS_s20_T2_ctrl,8,53,81.76666666666667,-0.23935940861701965,0.8438651445605357
UBFC_PHYS_s20_T2_ctrl,8,54,81.8,0.14135153591632843,0.8644386766780955
UBFC_PHYS_s20_T2_ctrl,8,55,81.83333333333333,0.4010627269744873,0.8300385563308365
UBFC_PHYS_s20_T2_ctrl,8,56,81.86666666666666,0.6378480792045593,0.7529647212091756
UBFC_PHYS_s20_T2_ctrl,8,57,81.9,0.7641836404800415,0.6435557947274027
UBFC_PHYS_s20_T2_ctrl,8,58,81.93333333333334,0.7907208204269409,0.5099069207538837
UBFC_PHYS_s20_T2_ctrl,8,59,81.96666666666667,0.9541435241699219,0.35833394777179883
UBFC_PHYS_s20_T2_ctrl,8,60,82.0,1.3399062156677246,0.1936655404915568
UBFC_PHYS_s20_T2_ctrl,8,61,82.03333333333333,1.618059515953064,0.019500570246988595
UBFC_PHYS_s20_T2_ctrl,8,62,82.06666666666666,1.4655723571777344,-0.16115828224043208
UBFC_PHYS_s20_T2_ctrl,8,63,82.1,1.0697871446609497,-0.3443689052629521
UBFC_PHYS_s20_T2_ctrl,8,64,82.13333333333334,0.9174419045448303,-0.523082057901326
UBFC_PHYS_s20_T2_ctrl,8,65,82.16666666666667,1.2016410827636719,-0.6854060694337726
UBFC_PHYS_s20_T2_ctrl,8,66,82.2,1.626519799232483,-0.8144484852788181
UBFC_PHYS_s20_T2_ctrl,8,67,82.23333333333333,1.766610860824585,-0.8906817808213039
UBFC_PHYS_s20_T2_ctrl,8,68,82.26666666666667,1.5353033542633057,-0.8963138940207696
UBFC_PHYS_s20_T2_ctrl,8,69,82.3,1.2787977457046509,-0.8197433651914009
UBFC_PHYS_s20_T2_ctrl,8,70,82.33333333333333,1.2643321752548218,-0.6589039250321785
UBFC_PHYS_s20_T2_ctrl,8,71,82.36666666666666,1.364657998085022,-0.4232044666763154
UBFC_PHYS_s20_T2_ctrl,8,72,82.4,1.3608437776565552,-0.13392050522975155
UBFC_PHYS_s20_T2_ctrl,8,73,82.43333333333334,1.164939522743225,0.17701546205044982
UBFC_PHYS_s20_T2_ctrl,8,74,82.46666666666667,0.6441577672958374,0.47073632583538666
UBFC_PHYS_s20_T2_ctrl,8,75,82.5,-0.20363162457942963,0.7091013341720507
UBFC_PHYS_s20_T2_ctrl,8,76,82.53333333333333,-0.9674475193023682,0.8640244893007407
UBFC_PHYS_s20_T2_ctrl,8,77,82.56666666666666,-1.429027795791626,0.9228884712274018
UBFC_PHYS_s20_T2_ctrl,8,78,82.6,-1.8624478578567505,0.8879672592348784
UBFC_PHYS_s20_T2_ctrl,8,79,82.63333333333334,-2.3299524784088135,0.7717193969059621
UBFC_PHYS_s20_T2_ctrl,8,80,82.66666666666667,-2.6544647216796875,0.5905035400109445
UBFC_PHYS_s20_T2_ctrl,8,81,82.7,-3.0547943115234375,0.3593647836780789
UBFC_PHYS_s20_T2_ctrl,8,82,82.73333333333333,-3.7311065196990967,0.09055781553723273
UBFC_PHYS_s20_T2_ctrl,8,83,82.76666666666667,-4.136325836181641,-0.2021344702150765
UBFC_PHYS_s20_T2_ctrl,8,84,82.8,-3.6016669273376465,-0.49655118979731755
UBFC_PHYS_s20_T2_ctrl,8,85,82.83333333333333,-2.28531813621521,-0.7605264872606696
UBFC_PHYS_s20_T2_ctrl,8,86,82.86666666666666,-0.7695752382278442,-0.9577007730333461
UBFC_PHYS_s20_T2_ctrl,8,87,82.9,0.6090995073318481,-1.0568284863467443
UBFC_PHYS_s20_T2_ctrl,8,88,82.93333333333334,1.7079572677612305,-1.0404195152325881
UBFC_PHYS_s20_T2_ctrl,8,89,82.96666666666667,2.3691952228546143,-0.9092568746681502
UBFC_PHYS_s20_T2_ctrl,8,90,83.0,2.6436357498168945,-0.6814913907362786
UBFC_PHYS_s20_T2_ctrl,8,91,83.03333333333333,2.7143001556396484,-0.38737818336027835
UBFC_PHYS_s20_T2_ctrl,8,92,83.06666666666666,2.4541831016540527,-0.06206621310530498
UBFC_PHYS_s20_T2_ctrl,8,93,83.1,1.7290774583816528,0.26034020292104354
UBFC_PHYS_s20_T2_ctrl,8,94,83.13333333333334,0.9140740036964417,0.5504087447723587
UBFC_PHYS_s20_T2_ctrl,8,95,83.16666666666667,0.4437697231769562,0.7858993009794664
UBFC_PHYS_s20_T2_ctrl,8,96,83.2,0.23392727971076965,0.9531380452847612
UBFC_PHYS_s20_T2_ctrl,8,97,83.23333333333333,0.023374760523438454,1.0458773430284656
UBFC_PHYS_s20_T2_ctrl,8,98,83.26666666666667,-0.15786109864711761,1.062038692828816
UBFC_PHYS_s20_T2_ctrl,8,99,83.3,-0.2758175730705261,1.0004542787459076
UBFC_PHYS_s20_T2_ctrl,8,100,83.33333333333333,-0.5596922039985657,0.8597999639079222
UBFC_PHYS_s20_T2_ctrl,8,101,83.36666666666666,-1.107802391052246,0.6414404684820353
UBFC_PHYS_s20_T2_ctrl,8,102,83.4,-1.6247090101242065,0.354837629997216
UBFC_PHYS_s20_T2_ctrl,8,103,83.43333333333334,-1.7398048639297485,0.021396624193142647
UBFC_PHYS_s20_T2_ctrl,8,104,83.46666666666667,-1.381269097328186,-0.32592060342794266
UBFC_PHYS_s20_T2_ctrl,8,105,83.5,-0.7687636613845825,-0.647765394912373
UBFC_PHYS_s20_T2_ctrl,8,106,83.53333333333333,-0.13716697692871094,-0.9066873002210082
UBFC_PHYS_s20_T2_ctrl,8,107,83.56666666666666,0.4669187366962433,-1.0749621676669834
UBFC_PHYS_s20_T2_ctrl,8,108,83.6,1.087194561958313,-1.1393255061515128
UBFC_PHYS_s20_T2_ctrl,8,109,83.63333333333334,1.6953176259994507,-1.1014041394995948
UBFC_PHYS_s20_T2_ctrl,8,110,83.66666666666667,2.116544485092163,-0.9743699381795287
UBFC_PHYS_s20_T2_ctrl,8,111,83.7,2.1421077251434326,-0.7778886197783883
UBFC_PHYS_s20_T2_ctrl,8,112,83.73333333333333,1.8749710321426392,-0.5334660409164823
UBFC_PHYS_s20_T2_ctrl,8,113,83.76666666666667,1.7533422708511353,-0.2618840371829494
UBFC_PHYS_s20_T2_ctrl,8,114,83.8,1.8974910974502563,0.016946547241424702
UBFC_PHYS_s20_T2_ctrl,8,115,83.83333333333333,1.8513755798339844,0.28274971873288957
UBFC_PHYS_s20_T2_ctrl,8,116,83.86666666666666,1.2950284481048584,0.5142309814798197
UBFC_PHYS_s20_T2_ctrl,8,117,83.9,0.4630233645439148,0.691343190307812
UBFC_PHYS_s20_T2_ctrl,8,118,83.93333333333334,-0.28415608406066895,0.7998016170726915
UBFC_PHYS_s20_T2_ctrl,8,119,83.96666666666667,-0.8850564956665039,0.834299480059252
UBFC_PHYS_s20_T2_ctrl,8,120,84.0,-1.354285478591919,0.7987443243166701
UBFC_PHYS_s20_T2_ctrl,8,121,84.03333333333333,-1.5402079820632935,0.7041067642353372
UBFC_PHYS_s20_T2_ctrl,8,122,84.06666666666666,-1.4500060081481934,0.565289324006064
UBFC_PHYS_s20_T2_ctrl,8,123,84.1,-1.2542842626571655,0.39887958151390235
UBFC_PHYS_s20_T2_ctrl,8,124,84.13333333333334,-0.959839403629303,0.2222141100795415
UBFC_PHYS_s20_T2_ctrl,8,125,84.16666666666667,-0.5334187746047974,0.052702312818980177
UBFC_PHYS_s20_T2_ctrl,8,126,84.2,-0.19261504709720612,-0.09314203844948837
UBFC_PHYS_s20_T2_ctrl,8,127,84.23333333333333,-0.13927696645259857,-0.20081847748101997
UBFC_PHYS_s20_T2_ctrl,8,128,84.26666666666667,-0.2519787549972534,-0.259224761259025
UBFC_PHYS_s20_T2_ctrl,8,129,84.3,-0.32158809900283813,-0.2626106281427502
UBFC_PHYS_s20_T2_ctrl,8,130,84.33333333333333,-0.33296987414360046,-0.21255594357998656
UBFC_PHYS_s20_T2_ctrl,8,131,84.36666666666666,-0.33718985319137573,-0.11867081130588443
UBFC_PHYS_s20_T2_ctrl,8,132,84.4,-0.33625659346580505,0.0023971348294076766
UBFC_PHYS_s20_T2_ctrl,8,133,84.43333333333334,-0.3706859052181244,0.1290801464975813
UBFC_PHYS_s20_T2_ctrl,8,134,84.46666666666667,-0.5220370292663574,0.23752103431863697
UBFC_PHYS_s20_T2_ctrl,8,135,84.5,-0.7142894268035889,0.30417648918236295
UBFC_PHYS_s20_T2_ctrl,8,136,84.53333333333333,-0.6850336194038391,0.3089653012668529
UBFC_PHYS_s20_T2_ctrl,8,137,84.56666666666666,-0.34502115845680237,0.24034459952394474
UBFC_PHYS_s20_T2_ctrl,8,138,84.6,0.10130232572555542,0.10047566698379626
UBFC_PHYS_s20_T2_ctrl,8,139,84.63333333333334,0.4336458146572113,-0.09421776820328841
UBFC_PHYS_s20_T2_ctrl,8,140,84.66666666666667,0.6285966038703918,-0.31757929114421724
UBFC_PHYS_s20_T2_ctrl,8,141,84.7,0.7394724488258362,-0.5394734666462836
UBFC_PHYS_s20_T2_ctrl,8,142,84.73333333333333,0.7824837565422058,-0.7305669780129193
UBFC_PHYS_s20_T2_ctrl,8,143,84.76666666666667,0.8075398802757263,-0.8660601986211837
UBFC_PHYS_s20_T2_ctrl,8,144,84.8,0.8733147382736206,-0.9287133869140224
UBFC_PHYS_s20_T2_ctrl,8,145,84.83333333333333,0.9275454878807068,-0.9116488466951205
UBFC_PHYS_s20_T2_ctrl,8,146,84.86666666666666,0.9253543615341187,-0.8199551937870292
UBFC_PHYS_s20_T2_ctrl,8,147,84.9,0.9216415882110596,-0.6688603583187274
UBFC_PHYS_s20_T2_ctrl,8,148,84.93333333333334,0.9418082237243652,-0.47868109332823905
UBFC_PHYS_s20_T2_ctrl,8,149,84.96666666666667,0.9816951155662537,-0.26922587313646035
UBFC_PHYS_s20_T2_ctrl,8,150,85.0,1.0760562419891357,-0.0558803370885474
UBFC_PHYS_s20_T2_ctrl,8,151,85.03333333333333,1.1267567873001099,0.15130432223698623
UBFC_PHYS_s20_T2_ctrl,8,152,85.06666666666666,0.9493757486343384,0.34605139221339337
UBFC_PHYS_s20_T2_ctrl,8,153,85.1,0.6310109496116638,0.5240002752039074
UBFC_PHYS_s20_T2_ctrl,8,154,85.13333333333334,0.4902503192424774,0.6817091537113388
UBFC_PHYS_s20_T2_ctrl,8,155,85.16666666666667,0.7402839660644531,0.816386306760418
UBFC_PHYS_s20_T2_ctrl,8,156,85.2,1.351714015007019,0.9256742241287366
UBFC_PHYS_s20_T2_ctrl,8,157,85.23333333333333,1.9989936351776123,1.00651215892581
UBFC_PHYS_s20_T2_ctrl,8,158,85.26666666666667,2.195039987564087,1.0533891726959703
UBFC_PHYS_s20_T2_ctrl,8,159,85.3,1.87503182888031,1.0575472187308683
UBFC_PHYS_s20_T2_ctrl,8,160,85.33333333333333,1.4339427947998047,1.0083713099270173
UBFC_PHYS_s20_T2_ctrl,8,161,85.36666666666666,1.0126956701278687,0.897517638679324
UBFC_PHYS_s20_T2_ctrl,8,162,85.4,0.4967426061630249,0.7238137676966838
UBFC_PHYS_s20_T2_ctrl,8,163,85.43333333333334,0.06912499666213989,0.494892676859932
UBFC_PHYS_s20_T2_ctrl,8,164,85.46666666666667,-0.04672149941325188,0.22494545326744017
UBFC_PHYS_s20_T2_ctrl,8,165,85.5,-0.12511569261550903,-0.06848057983917316
UBFC_PHYS_s20_T2_ctrl,8,166,85.53333333333333,-0.5250194072723389,-0.36679788839548744
UBFC_PHYS_s20_T2_ctrl,8,167,85.56666666666666,-1.1019389629364014,-0.6515096556732402
UBFC_PHYS_s20_T2_ctrl,8,168,85.6,-1.5816774368286133,-0.9046898883853609
UBFC_PHYS_s20_T2_ctrl,8,169,85.63333333333334,-1.8804436922073364,-1.1099597648399961
UBFC_PHYS_s20_T2_ctrl,8,170,85.66666666666667,-2.0019912719726562,-1.2540740984953396
UBFC_PHYS_s20_T2_ctrl,8,171,85.7,-1.9614144563674927,-1.3281287321714919
UBFC_PHYS_s20_T2_ctrl,8,172,85.73333333333333,-1.8292561769485474,-1.327673096363343
UBFC_PHYS_s20_T2_ctrl,8,173,85.76666666666667,-1.7167166471481323,-1.2514767079550162
UBFC_PHYS_s20_T2_ctrl,8,174,85.8,-1.7171021699905396,-1.1000106624637227
UBFC_PHYS_s20_T2_ctrl,8,175,85.83333333333333,-1.8036725521087646,-0.8757375318786473
UBFC_PHYS_s20_T2_ctrl,8,176,85.86666666666666,-1.8249753713607788,-0.5853684532295035
UBFC_PHYS_s20_T2_ctrl,8,177,85.9,-1.6850870847702026,-0.2422428221763078
UBFC_PHYS_s20_T2_ctrl,8,178,85.93333333333334,-1.4845772981643677,0.13268340130230816
UBFC_PHYS_s20_T2_ctrl,8,179,85.96666666666667,-1.3988590240478516,0.5120570886418344
UBFC_PHYS_s20_T2_ctrl,8,180,86.0,-1.47023344039917,0.8653451152447891
UBFC_PHYS_s20_T2_ctrl,8,181,86.03333333333333,-1.5939315557479858,1.1628427866331208
UBFC_PHYS_s20_T2_ctrl,8,182,86.06666666666666,-1.6348531246185303,1.3793173561903032
UBFC_PHYS_s20_T2_ctrl,8,183,86.1,-1.5521578788757324,1.4963849272631295
UBFC_PHYS_s20_T2_ctrl,8,184,86.13333333333334,-1.4506146907806396,1.5038720100168783
UBFC_PHYS_s20_T2_ctrl,8,185,86.16666666666667,-1.4151506423950195,1.4013816424775087
UBFC_PHYS_s20_T2_ctrl,8,186,86.2,-1.3090628385543823,1.1994057988885887
UBFC_PHYS_s20_T2_ctrl,8,187,86.23333333333333,-0.9561266303062439,0.9175949786650485
UBFC_PHYS_s20_T2_ctrl,8,188,86.26666666666667,-0.42396312952041626,0.5802474654938693
UBFC_PHYS_s20_T2_ctrl,8,189,86.3,0.09880685806274414,0.2115956654121023
UBFC_PHYS_s20_T2_ctrl,8,190,86.33333333333333,0.5168077945709229,-0.16703391435290904
UBFC_PHYS_s20_T2_ctrl,8,191,86.36666666666666,0.758198618888855,-0.5370762349453706
UBFC_PHYS_s20_T2_ctrl,8,192,86.4,0.785608172416687,-0.8803757239664589
UBFC_PHYS_s20_T2_ctrl,8,193,86.43333333333334,0.7178856730461121,-1.1770670557808969
UBFC_PHYS_s20_T2_ctrl,8,194,86.46666666666667,0.7175813317298889,-1.4053932614638138
UBFC_PHYS_s20_T2_ctrl,8,195,86.5,0.7650357484817505,-1.544001565480411
UBFC_PHYS_s20_T2_ctrl,8,196,86.53333333333333,0.7096891403198242,-1.5756813847190334
UBFC_PHYS_s20_T2_ctrl,8,197,86.56666666666666,0.5169700980186462,-1.4901825324589197
UBFC_PHYS_s20_T2_ctrl,8,198,86.6,0.24932613968849182,-1.2862820367224865
UBFC_PHYS_s20_T2_ctrl,8,199,86.63333333333334,-0.038443852216005325,-0.9756050921445986
UBFC_PHYS_s20_T2_ctrl,8,200,86.66666666666667,-0.2629750370979309,-0.5859468205321895
UBFC_PHYS_s20_T2_ctrl,8,201,86.7,-0.37782740592956543,-0.15762603841553569
UBFC_PHYS_s20_T2_ctrl,8,202,86.73333333333333,-0.5216312408447266,0.2666530539024893
UBFC_PHYS_s20_T2_ctrl,8,203,86.76666666666667,-0.805952250957489,0.6510024660203851
UBFC_PHYS_s20_T2_ctrl,8,204,86.8,-0.9942687153816223,0.9701633334594736
UBFC_PHYS_s20_T2_ctrl,8,205,86.83333333333333,-0.8120793104171753,1.2074927984013055
UBFC_PHYS_s20_T2_ctrl,8,206,86.86666666666666,-0.3444530665874481,1.350336565898608
UBFC_PHYS_s20_T2_ctrl,8,207,86.9,0.14372526109218597,1.3887169132185393
UBFC_PHYS_s20_T2_ctrl,8,208,86.93333333333334,0.5073534250259399,1.3186369812516097
UBFC_PHYS_s20_T2_ctrl,8,209,86.96666666666667,0.6983479857444763,1.1463274844079125
UBFC_PHYS_s20_T2_ctrl,8,210,87.0,0.7199956178665161,0.8901651902142824
UBFC_PHYS_s20_T2_ctrl,8,211,87.03333333333333,0.6960959434509277,0.5782595064868822
UBFC_PHYS_s20_T2_ctrl,8,212,87.06666666666666,0.757305920124054,0.24290174574996473
UBFC_PHYS_s20_T2_ctrl,8,213,87.1,0.8661935329437256,-0.08402482570423028
UBFC_PHYS_s20_T2_ctrl,8,214,87.13333333333334,0.9190446734428406,-0.37317388474073326
UBFC_PHYS_s20_T2_ctrl,8,215,87.16666666666667,0.893765389919281,-0.5987947233235055
UBFC_PHYS_s20_T2_ctrl,8,216,87.2,0.7990593314170837,-0.7404283900006408
UBFC_PHYS_s20_T2_ctrl,8,217,87.23333333333333,0.5998682975769043,-0.7866737639198422
UBFC_PHYS_s20_T2_ctrl,8,218,87.26666666666667,0.3188948929309845,-0.7394922834452385
UBFC_PHYS_s20_T2_ctrl,8,219,87.3,0.06508760899305344,-0.6148866912943323
UBFC_PHYS_s20_T2_ctrl,8,220,87.33333333333333,-0.16924285888671875,-0.4387658733152515
UBFC_PHYS_s20_T2_ctrl,8,221,87.36666666666666,-0.44976991415023804,-0.24014073097573552
UBFC_PHYS_s20_T2_ctrl,8,222,87.4,-0.6152011156082153,-0.044671099161319935
UBFC_PHYS_s20_T2_ctrl,8,223,87.43333333333334,-0.4322204887866974,0.12821241739396905
UBFC_PHYS_s20_T2_ctrl,8,224,87.46666666666667,-0.0285837110131979,0.2645859449878237
UBFC_PHYS_s20_T2_ctrl,8,225,87.5,0.2759850323200226,0.3547668747640362
UBFC_PHYS_s20_T2_ctrl,8,226,87.53333333333333,0.4511546790599823,0.3930506184171675
UBFC_PHYS_s20_T2_ctrl,8,227,87.56666666666666,0.628941535949707,0.3780566464443028
UBFC_PHYS_s20_T2_ctrl,8,228,87.6,0.7466545104980469,0.31306166245202915
UBFC_PHYS_s20_T2_ctrl,8,229,87.63333333333334,0.7116165161132812,0.20566774235062907
UBFC_PHYS_s20_T2_ctrl,8,230,87.66666666666667,0.5987727046012878,0.06688270465004592
UBFC_PHYS_s20_T2_ctrl,8,231,87.7,0.5095851421356201,-0.08959366735272863
UBFC_PHYS_s20_T2_ctrl,8,232,87.73333333333333,0.41895705461502075,-0.24784237972493917
UBFC_PHYS_s20_T2_ctrl,8,233,87.76666666666667,0.23832985758781433,-0.39066932199823146
UBFC_PHYS_s20_T2_ctrl,8,234,87.8,-0.03692222386598587,-0.5014437861434857
UBFC_PHYS_s20_T2_ctrl,8,235,87.83333333333333,-0.2863066494464874,-0.5667937502878946
UBFC_PHYS_s20_T2_ctrl,8,236,87.86666666666666,-0.4227052628993988,-0.5794367272589452
UBFC_PHYS_s20_T2_ctrl,8,237,87.9,-0.5291379690170288,-0.5398560281950512
UBFC_PHYS_s20_T2_ctrl,8,238,87.93333333333334,-0.7624945640563965,-0.45594101731812375
UBFC_PHYS_s20_T2_ctrl,8,239,87.96666666666667,-1.1487239599227905,-0.34033108261514133
UBFC_PHYS_s20_T2_ctrl,8,240,88.0,-1.492449164390564,-0.2065050356295494
UBFC_PHYS_s20_T2_ctrl,8,241,88.03333333333333,-1.4991037845611572,-0.06574878496118415
UBFC_PHYS_s20_T2_ctrl,8,242,88.06666666666666,-1.1487442255020142,0.07386680944279037
UBFC_PHYS_s20_T2_ctrl,8,243,88.1,-0.721714973449707,0.20659497487944878
UBFC_PHYS_s20_T2_ctrl,8,244,88.13333333333334,-0.43349865078926086,0.3271194010157804
UBFC_PHYS_s20_T2_ctrl,8,245,88.16666666666667,-0.24441120028495789,0.42913755907288387
UBFC_PHYS_s20_T2_ctrl,8,246,88.2,-0.06285073608160019,0.5052071032903602
UBFC_PHYS_s20_T2_ctrl,8,247,88.23333333333333,0.08876412361860275,0.5477716003418546
UBFC_PHYS_s20_T2_ctrl,8,248,88.26666666666667,0.12262538075447083,0.550978863804694
UBFC_PHYS_s20_T2_ctrl,8,249,88.3,0.024855809286236763,0.5126842113847844
UBFC_PHYS_s20_T2_ctrl,8,250,88.33333333333333,-0.11030519753694534,0.43573714836602745
UBFC_PHYS_s20_T2_ctrl,8,251,88.36666666666666,-0.20077095925807953,0.3275537022116311
UBFC_PHYS_s20_T2_ctrl,8,252,88.4,-0.22542130947113037,0.19827931774677754
UBFC_PHYS_s20_T2_ctrl,8,253,88.43333333333334,-0.19131658971309662,0.05906731477435656
UBFC_PHYS_s20_T2_ctrl,8,254,88.46666666666667,-0.1582668572664261,-0.07898007081328956
UBFC_PHYS_s20_T2_ctrl,8,255,88.5,-0.22158680856227875,-0.20573967234853777
UBFC_PHYS_s20_T2_ctrl,8,256,88.53333333333333,-0.4061702489852905,-0.3126713988506107
UBFC_PHYS_s20_T2_ctrl,8,257,88.56666666666666,-0.6779327392578125,-0.39220924226946635
UBFC_PHYS_s20_T2_ctrl,8,258,88.6,-0.9883648157119751,-0.43639755277493475
UBFC_PHYS_s20_T2_ctrl,8,259,88.63333333333334,-1.158827543258667,-0.4364722944108965
UBFC_PHYS_s20_T2_ctrl,8,260,88.66666666666667,-0.9761106371879578,-0.38434165832695394
UBFC_PHYS_s20_T2_ctrl,8,261,88.7,-0.48610636591911316,-0.2758903257343437
UBFC_PHYS_s20_T2_ctrl,8,262,88.73333333333333,0.043906573206186295,-0.11489343515828514
UBFC_PHYS_s20_T2_ctrl,8,263,88.76666666666667,0.4408482015132904,0.08457904440183192
UBFC_PHYS_s20_T2_ctrl,8,264,88.8,0.6805551052093506,0.2985004635022437
UBFC_PHYS_s20_T2_ctrl,8,265,88.83333333333333,0.7617896199226379,0.4960433035907297
UBFC_PHYS_s20_T2_ctrl,8,266,88.86666666666666,0.7657255530357361,0.6450509284808413
UBFC_PHYS_s20_T2_ctrl,8,267,88.9,0.8130583167076111,0.7187732814933309
UBFC_PHYS_s20_T2_ctrl,8,268,88.93333333333334,0.8615474700927734,0.7021509303231972
UBFC_PHYS_s20_T2_ctrl,8,269,88.96666666666667,0.7779391407966614,0.5955114147627282
UBFC_PHYS_s20_T2_ctrl,8,270,89.0,0.5824406147003174,0.4143019561393406
UBFC_PHYS_s20_T2_ctrl,8,271,89.03333333333333,0.4153863191604614,0.18451940873336273
UBFC_PHYS_s20_T2_ctrl,8,272,89.06666666666666,0.2999861538410187,-0.06457317413308761
UBFC_PHYS_s20_T2_ctrl,8,273,89.1,0.14475996792316437,-0.3072218013754359
UBFC_PHYS_s20_T2_ctrl,8,274,89.13333333333334,-0.12138263881206512,-0.5250796956743043
UBFC_PHYS_s20_T2_ctrl,8,275,89.16666666666667,-0.4896973967552185,-0.7071665894606182
UBFC_PHYS_s20_T2_ctrl,8,276,89.2,-0.8461231589317322,-0.8470592526740454
UBFC_PHYS_s20_T2_ctrl,8,277,89.23333333333333,-0.9949382543563843,-0.9403504210891587
UBFC_PHYS_s20_T2_ctrl,8,278,89.26666666666667,-0.841294527053833,-0.983523312642084
UBFC_PHYS_s20_T2_ctrl,8,279,89.3,-0.5470322966575623,-0.9732673313930241
UBFC_PHYS_s20_T2_ctrl,8,280,89.33333333333333,-0.3035517632961273,-0.9063737451241073
UBFC_PHYS_s20_T2_ctrl,8,281,89.36666666666666,-0.10574031621217728,-0.781460665871922
UBFC_PHYS_s20_T2_ctrl,8,282,89.4,0.09472889453172684,-0.6019401307625253
UBFC_PHYS_s20_T2_ctrl,8,283,89.43333333333334,0.23924283683300018,-0.3779075193887548
UBFC_PHYS_s20_T2_ctrl,8,284,89.46666666666667,0.30775660276412964,-0.12570582460478447
UBFC_PHYS_s20_T2_ctrl,8,285,89.5,0.387976735830307,0.13470170820807817
UBFC_PHYS_s20_T2_ctrl,8,286,89.53333333333333,0.4800046980381012,0.38345044720641513
UBFC_PHYS_s20_T2_ctrl,8,287,89.56666666666666,0.4562876224517822,0.603760869048233
UBFC_PHYS_s20_T2_ctrl,8,288,89.6,0.31201714277267456,0.7833407916662377
UBFC_PHYS_s20_T2_ctrl,8,289,89.63333333333334,0.19657643139362335,0.9144668090880528
UBFC_PHYS_s20_T2_ctrl,8,290,89.66666666666667,0.1498929262161255,0.9933492845106875
UBFC_PHYS_s20_T2_ctrl,8,291,89.7,0.035994116216897964,1.019533555623409
UBFC_PHYS_s20_T2_ctrl,8,292,89.73333333333333,-0.22785590589046478,0.9955222311472001
UBFC_PHYS_s20_T2_ctrl,8,293,89.76666666666667,-0.569308876991272,0.9262111372444102
UBFC_PHYS_s20_T2_ctrl,8,294,89.8,-0.8170296549797058,0.8183132385570228
UBFC_PHYS_s20_T2_ctrl,8,295,89.83333333333333,-0.7895592451095581,0.6804942953664018
UBFC_PHYS_s20_T2_ctrl,8,296,89.86666666666666,-0.4913204610347748,0.5235803529878965
UBFC_PHYS_s20_T2_ctrl,8,297,89.9,-0.1509224772453308,0.35903072610502323
UBFC_PHYS_s20_T2_ctrl,8,298,89.93333333333334,0.10217472165822983,0.19595820739423828
UBFC_PHYS_s20_T2_ctrl,8,299,89.96666666666667,0.3392846882343292,0.0390439289469387
UBFC_PHYS_s20_T2_ctrl,9,0,90.0,0.5602248311042786,-0.022065735736880462
UBFC_PHYS_s20_T2_ctrl,9,1,90.03333333333333,0.6733121275901794,-0.5876471903018229
UBFC_PHYS_s20_T2_ctrl,9,2,90.06666666666666,0.7039069533348083,-1.0713897271104713
UBFC_PHYS_s20_T2_ctrl,9,3,90.1,0.6787899732589722,-1.407120784255465
UBFC_PHYS_s20_T2_ctrl,9,4,90.13333333333334,0.53583824634552,-1.5612287867381853
UBFC_PHYS_s20_T2_ctrl,9,5,90.16666666666667,0.31808337569236755,-1.539294126690032
UBFC_PHYS_s20_T2_ctrl,9,6,90.2,0.2054424285888672,-1.3781453562833328
UBFC_PHYS_s20_T2_ctrl,9,7,90.23333333333333,0.2354286164045334,-1.1301435293002013
UBFC_PHYS_s20_T2_ctrl,9,8,90.26666666666667,0.2192385196685791,-0.8468907901387169
UBFC_PHYS_s20_T2_ctrl,9,9,90.3,0.006657157093286514,-0.5683667064185878
UBFC_PHYS_s20_T2_ctrl,9,10,90.33333333333333,-0.3422010540962219,-0.3193298146419177
UBFC_PHYS_s20_T2_ctrl,9,11,90.36666666666666,-0.6486363410949707,-0.11057650901943486
UBFC_PHYS_s20_T2_ctrl,9,12,90.4,-0.739000678062439,0.057400020013186295
UBFC_PHYS_s20_T2_ctrl,9,13,90.43333333333334,-0.5843019485473633,0.1901413489540795
UBFC_PHYS_s20_T2_ctrl,9,14,90.46666666666667,-0.3193157911300659,0.2953381247622325
UBFC_PHYS_s20_T2_ctrl,9,15,90.5,-0.054207902401685715,0.37943065246962715
UBFC_PHYS_s20_T2_ctrl,9,16,90.53333333333333,0.21035221219062805,0.4453745168076301
UBFC_PHYS_s20_T2_ctrl,9,17,90.56666666666666,0.4238668382167816,0.4927744083249586
UBFC_PHYS_s20_T2_ctrl,9,18,90.6,0.49442973732948303,0.5200461344954689
UBFC_PHYS_s20_T2_ctrl,9,19,90.63333333333334,0.45805272459983826,0.5268204701930101
UBFC_PHYS_s20_T2_ctrl,9,20,90.66666666666667,0.41678619384765625,0.5151748740883045
UBFC_PHYS_s20_T2_ctrl,9,21,90.7,0.38584646582603455,0.4889892050396749
UBFC_PHYS_s20_T2_ctrl,9,22,90.73333333333333,0.3306012749671936,0.451923313928951
UBFC_PHYS_s20_T2_ctrl,9,23,90.76666666666667,0.2694318890571594,0.4055806142185933
UBFC_PHYS_s20_T2_ctrl,9,24,90.8,0.23064057528972626,0.34892555490524485
UBFC_PHYS_s20_T2_ctrl,9,25,90.83333333333333,0.16997839510440826,0.27926691287483213
UBFC_PHYS_s20_T2_ctrl,9,26,90.86666666666666,0.0076512861996889114,0.19431467579767767
UBFC_PHYS_s20_T2_ctrl,9,27,90.9,-0.26181861758232117,0.09412697369135287
UBFC_PHYS_s20_T2_ctrl,9,28,90.93333333333334,-0.5097017288208008,-0.01790578166176796
UBFC_PHYS_s20_T2_ctrl,9,29,90.96666666666667,-0.5500552654266357,-0.13538010845395596
UBFC_PHYS_s20_T2_ctrl,9,30,91.0,-0.31379738450050354,-0.2501916406942338
UBFC_PHYS_s20_T2_ctrl,9,31,91.03333333333333,0.05989379435777664,-0.3539682431627666
UBFC_PHYS_s20_T2_ctrl,9,32,91.06666666666666,0.35411548614501953,-0.4391344904875849
UBFC_PHYS_s20_T2_ctrl,9,33,91.1,0.4836566150188446,-0.4995937759547863
UBFC_PHYS_s20_T2_ctrl,9,34,91.13333333333334,0.4982845187187195,-0.5309704487998426
UBFC_PHYS_s20_T2_ctrl,9,35,91.16666666666667,0.49946123361587524,-0.5303015420786862
UBFC_PHYS_s20_T2_ctrl,9,36,91.2,0.5517037510871887,-0.4955248877666066
UBFC_PHYS_s20_T2_ctrl,9,37,91.23333333333333,0.6129542589187622,-0.42547538413468905
UBFC_PHYS_s20_T2_ctrl,9,38,91.26666666666667,0.5743455290794373,-0.32066164332907987
UBFC_PHYS_s20_T2_ctrl,9,39,91.3,0.41713109612464905,-0.1845681931130678
UBFC_PHYS_s20_T2_ctrl,9,40,91.33333333333333,0.23550976812839508,-0.02496677355329255
UBFC_PHYS_s20_T2_ctrl,9,41,91.36666666666666,0.07042344659566879,0.14544173706165656
UBFC_PHYS_s20_T2_ctrl,9,42,91.4,-0.15938271582126617,0.30966808291888326
UBFC_PHYS_s20_T2_ctrl,9,43,91.43333333333334,-0.5222804546356201,0.4487475686603128
UBFC_PHYS_s20_T2_ctrl,9,44,91.46666666666667,-0.8872070908546448,0.5454260725171066
UBFC_PHYS_s20_T2_ctrl,9,45,91.5,-0.9702270030975342,0.5882251077993067
UBFC_PHYS_s20_T2_ctrl,9,46,91.53333333333333,-0.6676667928695679,0.5746377297700811
UBFC_PHYS_s20_T2_ctrl,9,47,91.56666666666666,-0.21896961331367493,0.5121661323152994
UBFC_PHYS_s20_T2_ctrl,9,48,91.6,0.19077396392822266,0.41654660327722237
UBFC_PHYS_s20_T2_ctrl,9,49,91.63333333333334,0.567548930644989,0.30730611757247184
UBFC_PHYS_s20_T2_ctrl,9,50,91.66666666666667,0.869317889213562,0.20208376460829616
UBFC_PHYS_s20_T2_ctrl,9,51,91.7,0.995653510093689,0.11218556215240887
UBFC_PHYS_s20_T2_ctrl,9,52,91.73333333333333,1.0048847198486328,0.04088681588985127
UBFC_PHYS_s20_T2_ctrl,9,53,91.76666666666667,1.0267149209976196,-0.015241259952321244
UBFC_PHYS_s20_T2_ctrl,9,54,91.8,1.0310769081115723,-0.06299797753262021
UBFC_PHYS_s20_T2_ctrl,9,55,91.83333333333333,0.9226762652397156,-0.10926112446326844
UBFC_PHYS_s20_T2_ctrl,9,56,91.86666666666666,0.7258995175361633,-0.15880872145772706
UBFC_PHYS_s20_T2_ctrl,9,57,91.9,0.5178019404411316,-0.21316548892510895
UBFC_PHYS_s20_T2_ctrl,9,58,91.93333333333334,0.2945691645145416,-0.27049525395482577
UBFC_PHYS_s20_T2_ctrl,9,59,91.96666666666667,-0.02580420672893524,-0.3267196683695805
UBFC_PHYS_s20_T2_ctrl,9,60,92.0,-0.468090295791626,-0.3773283430842378
UBFC_PHYS_s20_T2_ctrl,9,61,92.03333333333333,-0.8583367466926575,-0.4187465821914483
UBFC_PHYS_s20_T2_ctrl,9,62,92.06666666666666,-0.9374410510063171,-0.44868661332526816
UBFC_PHYS_s20_T2_ctrl,9,63,92.1,-0.6699796915054321,-0.4655886346474369
UBFC_PHYS_s20_T2_ctrl,9,64,92.13333333333334,-0.2634822726249695,-0.4676341763710577
UBFC_PHYS_s20_T2_ctrl,9,65,92.16666666666667,0.10049078613519669,-0.4520632808787662
UBFC_PHYS_s20_T2_ctrl,9,66,92.2,0.3648480176925659,-0.41524869280089016
UBFC_PHYS_s20_T2_ctrl,9,67,92.23333333333333,0.4908589720726013,-0.35359220038675054
UBFC_PHYS_s20_T2_ctrl,9,68,92.26666666666667,0.4752572476863861,-0.2649732199090834
UBFC_PHYS_s20_T2_ctrl,9,69,92.3,0.42425233125686646,-0.15019162671491346
UBFC_PHYS_s20_T2_ctrl,9,70,92.33333333333333,0.4277419149875641,-0.013863419977335478
UBFC_PHYS_s20_T2_ctrl,9,71,92.36666666666666,0.4454333484172821,0.13565038215091763
UBFC_PHYS_s20_T2_ctrl,9,72,92.4,0.40507981181144714,0.28732179338512426
UBFC_PHYS_s20_T2_ctrl,9,73,92.43333333333334,0.3263610303401947,0.4291887754077639
UBFC_PHYS_s20_T2_ctrl,9,74,92.46666666666667,0.2542359232902527,0.5501503231087307
UBFC_PHYS_s20_T2_ctrl,9,75,92.5,0.1457338184118271,0.6411059490417647
UBFC_PHYS_s20_T2_ctrl,9,76,92.53333333333333,-0.07912199944257736,0.6955871729476064
UBFC_PHYS_s20_T2_ctrl,9,77,92.56666666666666,-0.3959043323993683,0.7107942030047694
UBFC_PHYS_s20_T2_ctrl,9,78,92.6,-0.6691884398460388,0.6884397082499437
UBFC_PHYS_s20_T2_ctrl,9,79,92.63333333333334,-0.7224859595298767,0.633441728611266
UBFC_PHYS_s20_T2_ctrl,9,80,92.66666666666667,-0.5035949349403381,0.5509503194511941
UBFC_PHYS_s20_T2_ctrl,9,81,92.7,-0.1517745852470398,0.4445441079153694
UBFC_PHYS_s20_T2_ctrl,9,82,92.73333333333333,0.18468745052814484,0.3168442343796894
UBFC_PHYS_s20_T2_ctrl,9,83,92.76666666666667,0.4750949442386627,0.17187968041748317
UBFC_PHYS_s20_T2_ctrl,9,84,92.8,0.6845113039016724,0.017353035235961354
UBFC_PHYS_s20_T2_ctrl,9,85,92.83333333333333,0.7517468929290771,-0.13574313304836116
UBFC_PHYS_s20_T2_ctrl,9,86,92.86666666666666,0.7284761667251587,-0.2761076158854706
UBFC_PHYS_s20_T2_ctrl,9,87,92.9,0.729308009147644,-0.39506163624048235
UBFC_PHYS_s20_T2_ctrl,9,88,92.93333333333334,0.7623779773712158,-0.4878685663983612
UBFC_PHYS_s20_T2_ctrl,9,89,92.96666666666667,0.7437735795974731,-0.5533412358583568
UBFC_PHYS_s20_T2_ctrl,9,90,93.0,0.6265677809715271,-0.592337450242933
UBFC_PHYS_s20_T2_ctrl,9,91,93.03333333333333,0.41410815715789795,-0.6062707210640609
UBFC_PHYS_s20_T2_ctrl,9,92,93.06666666666666,0.13485926389694214,-0.5963932618354433
UBFC_PHYS_s20_T2_ctrl,9,93,93.1,-0.16766037046909332,-0.5640653709653546
UBFC_PHYS_s20_T2_ctrl,9,94,93.13333333333334,-0.45687082409858704,-0.5114416889358918
UBFC_PHYS_s20_T2_ctrl,9,95,93.16666666666667,-0.6913636326789856,-0.44139495652302424
UBFC_PHYS_s20_T2_ctrl,9,96,93.2,-0.7739372253417969,-0.3570248417885782
UBFC_PHYS_s20_T2_ctrl,9,97,93.23333333333333,-0.6287537813186646,-0.26250955891550815
UBFC_PHYS_s20_T2_ctrl,9,98,93.26666666666667,-0.3265993297100067,-0.1643501137488736
UBFC_PHYS_s20_T2_ctrl,9,99,93.3,-0.005576719529926777,-0.06961707228332381
UBFC_PHYS_s20_T2_ctrl,9,100,93.33333333333333,0.2517404556274414,0.018464105267156045
UBFC_PHYS_s20_T2_ctrl,9,101,93.36666666666666,0.37685874104499817,0.10354653652324367
UBFC_PHYS_s20_T2_ctrl,9,102,93.4,0.35596171021461487,0.19514733985851515
UBFC_PHYS_s20_T2_ctrl,9,103,93.43333333333334,0.3127678334712982,0.3030208608689763
UBFC_PHYS_s20_T2_ctrl,9,104,93.46666666666667,0.36338725686073303,0.4298200888474507
UBFC_PHYS_s20_T2_ctrl,9,105,93.5,0.4342342019081116,0.5677373973853357
UBFC_PHYS_s20_T2_ctrl,9,106,93.53333333333333,0.3836350440979004,0.7006994502635754
UBFC_PHYS_s20_T2_ctrl,9,107,93.56666666666666,0.248433455824852,0.8092299347080235
UBFC_PHYS_s20_T2_ctrl,9,108,93.6,0.14500343799591064,0.8752894711461432
UBFC_PHYS_s20_T2_ctrl,9,109,93.63333333333334,0.06159801408648491,0.8852503701824833
UBFC_PHYS_s20_T2_ctrl,9,110,93.66666666666667,-0.10401580482721329,0.8308649388293702
UBFC_PHYS_s20_T2_ctrl,9,111,93.7,-0.3866528570652008,0.7096928625959178
UBFC_PHYS_s20_T2_ctrl,9,112,93.73333333333333,-0.7047742009162903,0.5255553038042009
UBFC_PHYS_s20_T2_ctrl,9,113,93.76666666666667,-0.8728429079055786,0.28848534330672665
UBFC_PHYS_s20_T2_ctrl,9,114,93.8,-0.7377833724021912,0.013794406899306583
UBFC_PHYS_s20_T2_ctrl,9,115,93.83333333333333,-0.3777056932449341,-0.27984655286368726
UBFC_PHYS_s20_T2_ctrl,9,116,93.86666666666666,0.022441495209932327,-0.5724505656764068
UBFC_PHYS_s20_T2_ctrl,9,117,93.9,0.38073378801345825,-0.8432614467193926
UBFC_PHYS_s20_T2_ctrl,9,118,93.93333333333334,0.6584001779556274,-1.0702713654299334
UBFC_PHYS_s20_T2_ctrl,9,119,93.96666666666667,0.8020823001861572,-1.2311055067960217
UBFC_PHYS_s20_T2_ctrl,9,120,94.0,0.8758102059364319,-1.3062615329102418
UBFC_PHYS_s20_T2_ctrl,9,121,94.03333333333333,1.0051281452178955,-1.283931736299444
UBFC_PHYS_s20_T2_ctrl,9,122,94.06666666666666,1.1174038648605347,-1.1643010564775493
UBFC_PHYS_s20_T2_ctrl,9,123,94.1,1.0353983640670776,-0.9603429321480096
UBFC_PHYS_s20_T2_ctrl,9,124,94.13333333333334,0.7672269344329834,-0.6945499990675046
UBFC_PHYS_s20_T2_ctrl,9,125,94.16666666666667,0.48211470246315,-0.39359587048553596
UBFC_PHYS_s20_T2_ctrl,9,126,94.2,0.27379390597343445,-0.08318095227555629
UBFC_PHYS_s20_T2_ctrl,9,127,94.23333333333333,0.12152981013059616,0.21491505851127587
UBFC_PHYS_s20_T2_ctrl,9,128,94.26666666666667,0.0037762110587209463,0.4834129143313738
UBFC_PHYS_s20_T2_ctrl,9,129,94.3,-0.06905897706747055,0.7093687323630257
UBFC_PHYS_s20_T2_ctrl,9,130,94.33333333333333,-0.03777433559298515,0.8840281573916173
UBFC_PHYS_s20_T2_ctrl,9,131,94.36666666666666,0.1688016653060913,1.002380513915391
UBFC_PHYS_s20_T2_ctrl,9,132,94.4,0.49948152899742126,1.0624640226654225
UBFC_PHYS_s20_T2_ctrl,9,133,94.43333333333334,0.7991405129432678,1.0648620006452276
UBFC_PHYS_s20_T2_ctrl,9,134,94.46666666666667,0.9920218586921692,1.0125593888518654
UBFC_PHYS_s20_T2_ctrl,9,135,94.5,1.0736216306686401,0.9110299060197179
UBFC_PHYS_s20_T2_ctrl,9,136,94.53333333333333,1.0018211603164673,0.768367689993257
UBFC_PHYS_s20_T2_ctrl,9,137,94.56666666666666,0.8112120628356934,0.5952719990236611
UBFC_PHYS_s20_T2_ctrl,9,138,94.6,0.625228762626648,0.40472529456372897
UBFC_PHYS_s20_T2_ctrl,9,139,94.63333333333334,0.4585396349430084,0.2112783897927018
UBFC_PHYS_s20_T2_ctrl,9,140,94.66666666666667,0.21988774836063385,0.029665635302322708
UBFC_PHYS_s20_T2_ctrl,9,141,94.7,-0.07058060169219971,-0.12760202734256149
UBFC_PHYS_s20_T2_ctrl,9,142,94.73333333333333,-0.27679142355918884,-0.25304733228426846
UBFC_PHYS_s20_T2_ctrl,9,143,94.76666666666667,-0.3426271080970764,-0.3459409181295555
UBFC_PHYS_s20_T2_ctrl,9,144,94.8,-0.3718017637729645,-0.41186805074254257
UBFC_PHYS_s20_T2_ctrl,9,145,94.83333333333333,-0.5001459121704102,-0.4598083057488481
UBFC_PHYS_s20_T2_ctrl,9,146,94.86666666666666,-0.7458175420761108,-0.49801996747804855
UBFC_PHYS_s20_T2_ctrl,9,147,94.9,-0.9726007580757141,-0.5313712703698481
UBFC_PHYS_s20_T2_ctrl,9,148,94.93333333333334,-1.0251882076263428,-0.5610036779428328
UBFC_PHYS_s20_T2_ctrl,9,149,94.96666666666667,-0.8981425166130066,-0.5852935995414765
UBFC_PHYS_s20_T2_ctrl,9,150,95.0,-0.7352879047393799,-0.6012589625471999
UBFC_PHYS_s20_T2_ctrl,9,151,95.03333333333333,-0.6596934795379639,-0.6059652587450911
UBFC_PHYS_s20_T2_ctrl,9,152,95.06666666666666,-0.6763908267021179,-0.5974234555785088
UBFC_PHYS_s20_T2_ctrl,9,153,95.1,-0.7781977653503418,-0.5745038260636167
UBFC_PHYS_s20_T2_ctrl,9,154,95.13333333333334,-0.9456983804702759,-0.5358928257888858
UBFC_PHYS_s20_T2_ctrl,9,155,95.16666666666667,-1.0794798135757446,-0.47862342085845755
UBFC_PHYS_s20_T2_ctrl,9,156,95.2,-1.127380609512329,-0.39733826608179956
UBFC_PHYS_s20_T2_ctrl,9,157,95.23333333333333,-1.1722787618637085,-0.2857723814118426
UBFC_PHYS_s20_T2_ctrl,9,158,95.26666666666667,-1.2461485862731934,-0.14006848429002314
UBFC_PHYS_s20_T2_ctrl,9,159,95.3,-1.2403461933135986,0.03827789670045078
UBFC_PHYS_s20_T2_ctrl,9,160,95.33333333333333,-1.086580753326416,0.24114121995063598
UBFC_PHYS_s20_T2_ctrl,9,161,95.36666666666666,-0.8041059970855713,0.4542707204836064
UBFC_PHYS_s20_T2_ctrl,9,162,95.4,-0.45975178480148315,0.6593114074995561
UBFC_PHYS_s20_T2_ctrl,9,163,95.43333333333334,-0.2135729044675827,0.8367656926833417
UBFC_PHYS_s20_T2_ctrl,9,164,95.46666666666667,-0.19683502614498138,0.9690716016542483
UBFC_PHYS_s20_T2_ctrl,9,165,95.5,-0.24349823594093323,1.0428592529978942
UBFC_PHYS_s20_T2_ctrl,9,166,95.53333333333333,-0.03036908619105816,1.0502787589757507
UBFC_PHYS_s20_T2_ctrl,9,167,95.56666666666666,0.4002106189727783,0.9900569086703447
UBFC_PHYS_s20_T2_ctrl,9,168,95.6,0.7176827788352966,0.8681267156391765
UBFC_PHYS_s20_T2_ctrl,9,169,95.63333333333334,0.7357190847396851,0.6968646705538607
UBFC_PHYS_s20_T2_ctrl,9,170,95.66666666666667,0.5192424058914185,0.49278897802043875
UBFC_PHYS_s20_T2_ctrl,9,171,95.7,0.2759241759777069,0.27347532037712163
UBFC_PHYS_s20_T2_ctrl,9,172,95.73333333333333,0.23078258335590363,0.05459534210948611
UBFC_PHYS_s20_T2_ctrl,9,173,95.76666666666667,0.3627380430698395,-0.15202053451190747
UBFC_PHYS_s20_T2_ctrl,9,174,95.8,0.3978368937969208,-0.3390790019161003
UBFC_PHYS_s20_T2_ctrl,9,175,95.83333333333333,0.2748691737651825,-0.5037291504516036
UBFC_PHYS_s20_T2_ctrl,9,176,95.86666666666666,0.21893419325351715,-0.6466473430535672
UBFC_PHYS_s20_T2_ctrl,9,177,95.9,0.3501795530319214,-0.7698139924448486
UBFC_PHYS_s20_T2_ctrl,9,178,95.93333333333334,0.5081446766853333,-0.8735383304939441
UBFC_PHYS_s20_T2_ctrl,9,179,95.96666666666667,0.49323272705078125,-0.9542659238569708
UBFC_PHYS_s20_T2_ctrl,9,180,96.0,0.32863330841064453,-1.0042411803233835
UBFC_PHYS_s20_T2_ctrl,9,181,96.03333333333333,0.20288610458374023,-1.0133951623384618
UBFC_PHYS_s20_T2_ctrl,9,182,96.06666666666666,0.21010875701904297,-0.9725911392449929
UBFC_PHYS_s20_T2_ctrl,9,183,96.1,0.2984442412853241,-0.8763178530318
UBFC_PHYS_s20_T2_ctrl,9,184,96.13333333333334,0.42009320855140686,-0.724457948968162
UBFC_PHYS_s20_T2_ctrl,9,185,96.16666666666667,0.5626594424247742,-0.524282188250541
UBFC_PHYS_s20_T2_ctrl,9,186,96.2,0.6434882283210754,-0.2916389869170793
UBFC_PHYS_s20_T2_ctrl,9,187,96.23333333333333,0.5432029366493225,-0.0483631488558118
UBFC_PHYS_s20_T2_ctrl,9,188,96.26666666666667,0.2504217028617859,0.18339192843408278
UBFC_PHYS_s20_T2_ctrl,9,189,96.3,-0.1773379147052765,0.3856245171208176
UBFC_PHYS_s20_T2_ctrl,9,190,96.33333333333333,-0.7323460578918457,0.5464754964521048
UBFC_PHYS_s20_T2_ctrl,9,191,96.36666666666666,-1.3762577772140503,0.6616570351798511
UBFC_PHYS_s20_T2_ctrl,9,192,96.4,-2.020210027694702,0.7354899469563956
UBFC_PHYS_s20_T2_ctrl,9,193,96.43333333333334,-2.576618194580078,0.7798484097279663
UBFC_PHYS_s20_T2_ctrl,9,194,96.46666666666667,-2.797172784805298,0.8104436094412376
UBFC_PHYS_s20_T2_ctrl,9,195,96.5,-2.3460817337036133,0.8412516799354124
UBFC_PHYS_s20_T2_ctrl,9,196,96.53333333333333,-1.2823227643966675,0.8787651421695604
UBFC_PHYS_s20_T2_ctrl,9,197,96.56666666666666,-0.16145212948322296,0.918346331436889
UBFC_PHYS_s20_T2_ctrl,9,198,96.6,0.5364266037940979,0.9444864166054002
UBFC_PHYS_s20_T2_ctrl,9,199,96.63333333333334,0.6734744310379028,0.9358882896058871
UBFC_PHYS_s20_T2_ctrl,9,200,96.66666666666667,0.4830276668071747,0.873644061005224
UBFC_PHYS_s20_T2_ctrl,9,201,96.7,0.38913318514823914,0.7484467657265796
UBFC_PHYS_s20_T2_ctrl,9,202,96.73333333333333,0.6581567525863647,0.5640327165942691
UBFC_PHYS_s20_T2_ctrl,9,203,96.76666666666667,1.2421367168426514,0.3358715788673106
UBFC_PHYS_s20_T2_ctrl,9,204,96.8,1.762127161026001,0.08591013090052599
UBFC_PHYS_s20_T2_ctrl,9,205,96.83333333333333,1.74810791015625,-0.16423335731383923
UBFC_PHYS_s20_T2_ctrl,9,206,96.86666666666666,1.186140775680542,-0.3991957747094089
UBFC_PHYS_s20_T2_ctrl,9,207,96.9,0.4945514500141144,-0.6129135974806731
UBFC_PHYS_s20_T2_ctrl,9,208,96.93333333333334,-0.16776181757450104,-0.8077631355719546
UBFC_PHYS_s20_T2_ctrl,9,209,96.96666666666667,-0.9510342478752136,-0.9899439105569936
UBFC_PHYS_s20_T2_ctrl,9,210,97.0,-1.7593425512313843,-1.1631075673807763
UBFC_PHYS_s20_T2_ctrl,9,211,97.03333333333333,-2.3653149604797363,-1.3236706110046077
UBFC_PHYS_s20_T2_ctrl,9,212,97.06666666666666,-2.882911443710327,-1.459162628738044
UBFC_PHYS_s20_T2_ctrl,9,213,97.1,-3.361980438232422,-1.5486795573770364
UBFC_PHYS_s20_T2_ctrl,9,214,97.13333333333334,-3.3714144229888916,-1.5652980256975022
UBFC_PHYS_s20_T2_ctrl,9,215,97.16666666666667,-2.533545970916748,-1.4811356832332825
UBFC_PHYS_s20_T2_ctrl,9,216,97.2,-1.1290239095687866,-1.2747629155508962
UBFC_PHYS_s20_T2_ctrl,9,217,97.23333333333333,0.31114473938941956,-0.939545942156249
UBFC_PHYS_s20_T2_ctrl,9,218,97.26666666666667,1.5564844608306885,-0.4902612888073005
UBFC_PHYS_s20_T2_ctrl,9,219,97.3,2.3750991821289062,0.035461722011843985
UBFC_PHYS_s20_T2_ctrl,9,220,97.33333333333333,2.438114881515503,0.5818445780307094
UBFC_PHYS_s20_T2_ctrl,9,221,97.36666666666666,1.9375402927398682,1.08408734990564
UBFC_PHYS_s20_T2_ctrl,9,222,97.4,1.4508023262023926,1.479511255089228
UBFC_PHYS_s20_T2_ctrl,9,223,97.43333333333334,1.0807225704193115,1.7179928751881453
UBFC_PHYS_s20_T2_ctrl,9,224,97.46666666666667,0.5521906614303589,1.7696950063599954
UBFC_PHYS_s20_T2_ctrl,9,225,97.5,-0.04173056408762932,1.6289988218910292
UBFC_PHYS_s20_T2_ctrl,9,226,97.53333333333333,-0.3460964262485504,1.315713441282549
UBFC_PHYS_s20_T2_ctrl,9,227,97.56666666666666,-0.38892513513565063,0.8762662468933554
UBFC_PHYS_s20_T2_ctrl,9,228,97.6,-0.4193373918533325,0.38244412255269816
UBFC_PHYS_s20_T2_ctrl,9,229,97.63333333333334,-0.4721682667732239,-0.07916170295845507
UBFC_PHYS_s20_T2_ctrl,9,230,97.66666666666667,-0.4068194627761841,-0.4261204159183536
UBFC_PHYS_s20_T2_ctrl,9,231,97.7,-0.23528145253658295,-0.598726651524051
UBFC_PHYS_s20_T2_ctrl,9,232,97.73333333333333,-0.09947121888399124,-0.5724417387314085
UBFC_PHYS_s20_T2_ctrl,9,233,97.76666666666667,0.03571007773280144,-0.3625703957633005
UBFC_PHYS_s20_T2_ctrl,9,234,97.8,0.3106781244277954,-0.02091211509574102
UBFC_PHYS_s20_T2_ctrl,9,235,97.83333333333333,0.6301182508468628,0.3746372173131397
UBFC_PHYS_s20_T2_ctrl,9,236,97.86666666666666,0.769661545753479,0.7354491649791586
UBFC_PHYS_s20_T2_ctrl,9,237,97.9,0.6733121275901794,0.9794921131595319
UBFC_PHYS_s20_T2_ctrl,9,238,97.93333333333334,0.45525291562080383,1.047228617616842
UBFC_PHYS_s20_T2_ctrl,9,239,97.96666666666667,0.24257011711597443,0.912584659941075
UBFC_PHYS_s20_T2_ctrl,9,240,98.0,0.136299729347229,0.5864930040418501
UBFC_PHYS_s20_T2_ctrl,9,241,98.03333333333333,0.1572778820991516,0.11182634453448141
UBFC_PHYS_s20_T2_ctrl,9,242,98.06666666666666,0.16084863245487213,-0.44800752571670643
UBFC_PHYS_s20_T2_ctrl,9,243,98.1,-0.05524260550737381,-1.0215667296785993
UBFC_PHYS_s20_T2_ctrl,9,244,98.13333333333334,-0.5682538747787476,-1.5389045225504383
UBFC_PHYS_s20_T2_ctrl,9,245,98.16666666666667,-1.2402650117874146,-1.935987283308843
UBFC_PHYS_s20_T2_ctrl,9,246,98.2,-1.732622742652893,-2.1564301493750717
UBFC_PHYS_s20_T2_ctrl,9,247,98.23333333333333,-1.700506329536438,-2.1565897750243708
UBFC_PHYS_s20_T2_ctrl,9,248,98.26666666666667,-1.1734960079193115,-1.915180780561717
UBFC_PHYS_s20_T2_ctrl,9,249,98.3,-0.5971242189407349,-1.4431177300911113
UBFC_PHYS_s20_T2_ctrl,9,250,98.33333333333333,-0.3028416633605957,-0.789209945816012
UBFC_PHYS_s20_T2_ctrl,9,251,98.36666666666666,-0.22097815573215485,-0.03820620100121272
UBFC_PHYS_s20_T2_ctrl,9,252,98.4,-0.11464690417051315,0.7017729277081247
UBFC_PHYS_s20_T2_ctrl,9,253,98.43333333333334,0.08470644801855087,1.3238020549918947
UBFC_PHYS_s20_T2_ctrl,9,254,98.46666666666667,0.2632642388343811,1.7505284030711168
UBFC_PHYS_s20_T2_ctrl,9,255,98.5,0.35784855484962463,1.9501153402911486
UBFC_PHYS_s20_T2_ctrl,9,256,98.53333333333333,0.4093809425830841,1.9341382037294954
UBFC_PHYS_s20_T2_ctrl,9,257,98.56666666666666,0.4421466588973999,1.7435473933919885
UBFC_PHYS_s20_T2_ctrl,9,258,98.6,0.5214537978172302,1.4313660180261538
UBFC_PHYS_s20_T2_ctrl,9,259,98.63333333333334,0.7281718254089355,1.051202724678878
UBFC_PHYS_s20_T2_ctrl,9,260,98.66666666666667,0.9225748181343079,0.653127067279824
UBFC_PHYS_s20_T2_ctrl,9,261,98.7,0.8968086242675781,0.28097205440358114
UBFC_PHYS_s20_T2_ctrl,9,262,98.73333333333333,0.8126931190490723,-0.03142991511936187
UBFC_PHYS_s20_T2_ctrl,9,263,98.76666666666667,1.0523797273635864,-0.263217265300782
UBFC_PHYS_s20_T2_ctrl,9,264,98.8,1.6256067752838135,-0.40774905156987845
UBFC_PHYS_s20_T2_ctrl,9,265,98.83333333333333,2.093212842941284,-0.47233767390540254
UBFC_PHYS_s20_T2_ctrl,9,266,98.86666666666666,1.830255389213562,-0.47621463776688194
UBFC_PHYS_s20_T2_ctrl,9,267,98.9,0.5692328810691833,-0.44613130924097494
UBFC_PHYS_s20_T2_ctrl,9,268,98.93333333333334,-0.8925632238388062,-0.41069279405769465
UBFC_PHYS_s20_T2_ctrl,9,269,98.96666666666667,-1.3977432250976562,-0.3960630178260117
UBFC_PHYS_s20_T2_ctrl,9,270,99.0,-0.9452723264694214,-0.4226907437716998
UBFC_PHYS_s20_T2_ctrl,9,271,99.03333333333333,-0.31994473934173584,-0.5000304445433036
UBFC_PHYS_s20_T2_ctrl,9,272,99.06666666666666,0.1975705623626709,-0.6208470147850003
UBFC_PHYS_s20_T2_ctrl,9,273,99.1,0.556755542755127,-0.7610390309342976
UBFC_PHYS_s20_T2_ctrl,9,274,99.13333333333334,0.6408507823944092,-0.8860148888807062
UBFC_PHYS_s20_T2_ctrl,9,275,99.16666666666667,0.5386177897453308,-0.9594278999906846
UBFC_PHYS_s20_T2_ctrl,9,276,99.2,0.16326294839382172,-0.9512594941117712
UBFC_PHYS_s20_T2_ctrl,9,277,99.23333333333333,-0.7225468158721924,-0.8439942924252472
UBFC_PHYS_s20_T2_ctrl,9,278,99.26666666666667,-1.7232900857925415,-0.6365625043836572
UBFC_PHYS_s20_T2_ctrl,9,279,99.3,-2.097752332687378,-0.34646217574115556
UBFC_PHYS_s20_T2_ctrl,9,280,99.33333333333333,-1.7529516220092773,-0.008960156196494687
UBFC_PHYS_s20_T2_ctrl,9,281,99.36666666666666,-1.0962176322937012,0.32898860811570435
UBFC_PHYS_s20_T2_ctrl,9,282,99.4,-0.5624311566352844,0.6194948573337135
UBFC_PHYS_s20_T2_ctrl,9,283,99.43333333333334,-0.3781723082065582,0.8254934734169346
UBFC_PHYS_s20_T2_ctrl,9,284,99.46666666666667,-0.3838936388492584,0.9295895938170153
UBFC_PHYS_s20_T2_ctrl,9,285,99.5,-0.24015064537525177,0.936546016644317
UBFC_PHYS_s20_T2_ctrl,9,286,99.53333333333333,0.09438399225473404,0.868364851159285
UBFC_PHYS_s20_T2_ctrl,9,287,99.56666666666666,0.34989550709724426,0.7535521004571248
UBFC_PHYS_s20_T2_ctrl,9,288,99.6,0.39686304330825806,0.6157317673129944
UBFC_PHYS_s20_T2_ctrl,9,289,99.63333333333334,0.3689868450164795,0.4691916441242883
UBFC_PHYS_s20_T2_ctrl,9,290,99.66666666666667,0.39010703563690186,0.3221507527962289
UBFC_PHYS_s20_T2_ctrl,9,291,99.7,0.36125698685646057,0.18169632129688174
UBFC_PHYS_s20_T2_ctrl,9,292,99.73333333333333,0.1492842733860016,0.05623005768784281
UBFC_PHYS_s20_T2_ctrl,9,293,99.76666666666667,-0.1518557369709015,-0.04573903401600451
UBFC_PHYS_s20_T2_ctrl,9,294,99.8,-0.3222576081752777,-0.11895591608444278
UBFC_PHYS_s20_T2_ctrl,9,295,99.83333333333333,-0.3105512261390686,-0.16322260529607305
UBFC_PHYS_s20_T2_ctrl,9,296,99.86666666666666,-0.22860658168792725,-0.1824246175797834
UBFC_PHYS_s20_T2_ctrl,9,297,99.9,-0.16066089272499084,-0.18236907643610883
UBFC_PHYS_s20_T2_ctrl,9,298,99.93333333333334,-0.09413538128137589,-0.16891319936269641
UBFC_PHYS_s20_T2_ctrl,9,299,99.96666666666667,0.004810916725546122,-0.1473686637973832
UBFC_PHYS_s20_T2_ctrl,10,0,100.0,0.1469511091709137,0.0018170377451629336
UBFC_PHYS_s20_T2_ctrl,10,1,100.03333333333333,0.3705693483352661,-0.4477406894291993
UBFC_PHYS_s20_T2_ctrl,10,2,100.06666666666666,0.7361046075820923,-0.8039686953714704
UBFC_PHYS_s20_T2_ctrl,10,3,100.1,1.1371647119522095,-0.9963042003079359
UBFC_PHYS_s20_T2_ctrl,10,4,100.13333333333334,1.2398643493652344,-1.002431636410835
UBFC_PHYS_s20_T2_ctrl,10,5,100.16666666666667,0.9030980467796326,-0.8533349096443126
UBFC_PHYS_s20_T2_ctrl,10,6,100.2,0.47111842036247253,-0.6156068766867393
UBFC_PHYS_s20_T2_ctrl,10,7,100.23333333333333,0.30627554655075073,-0.3649506200925769
UBFC_PHYS_s20_T2_ctrl,10,8,100.26666666666667,0.2474799007177353,-0.16265098598725145
UBFC_PHYS_s20_T2_ctrl,10,9,100.3,-0.09626565873622894,-0.04208056540052917
UBFC_PHYS_s20_T2_ctrl,10,10,100.33333333333333,-0.6416571736335754,-0.007149027022776755
UBFC_PHYS_s20_T2_ctrl,10,11,100.36666666666666,-0.9086721539497375,-0.039481363302074315
UBFC_PHYS_s20_T2_ctrl,10,12,100.4,-0.6226266622543335,-0.10984360882917094
UBFC_PHYS_s20_T2_ctrl,10,13,100.43333333333334,0.009923581965267658,-0.18915680819678415
UBFC_PHYS_s20_T2_ctrl,10,14,100.46666666666667,0.5433855056762695,-0.2558614563599752
UBFC_PHYS_s20_T2_ctrl,10,15,100.5,0.6713035702705383,-0.29832143785437903
UBFC_PHYS_s20_T2_ctrl,10,16,100.53333333333333,0.4713415801525116,-0.31259846153554643
UBFC_PHYS_s20_T2_ctrl,10,17,100.56666666666666,0.3017512559890747,-0.2973588140163884
UBFC_PHYS_s20_T2_ctrl,10,18,100.6,0.3409280478954315,-0.24887577208105116
UBFC_PHYS_s20_T2_ctrl,10,19,100.63333333333334,0.4738573431968689,-0.1595977825006733
UBFC_PHYS_s20_T2_ctrl,10,20,100.66666666666667,0.4962151050567627,-0.021458344386173202
UBFC_PHYS_s20_T2_ctrl,10,21,100.7,0.3282681107521057,0.16749518803985783
UBFC_PHYS_s20_T2_ctrl,10,22,100.73333333333333,0.04609771445393562,0.3962323336285275
UBFC_PHYS_s20_T2_ctrl,10,23,100.76666666666667,-0.25086289644241333,0.6376925775228001
UBFC_PHYS_s20_T2_ctrl,10,24,100.8,-0.5261555314064026,0.8517290696574229
UBFC_PHYS_s20_T2_ctrl,10,25,100.83333333333333,-0.7349835634231567,0.9937786262507634
UBFC_PHYS_s20_T2_ctrl,10,26,100.86666666666666,-0.7554139494895935,1.026641877813275
UBFC_PHYS_s20_T2_ctrl,10,27,100.9,-0.508626401424408,0.9308547999123533
UBFC_PHYS_s20_T2_ctrl,10,28,100.93333333333334,-0.12026678025722504,0.7107202058593283
UBFC_PHYS_s20_T2_ctrl,10,29,100.96666666666667,0.21029135584831238,0.39510770589930133
UBFC_PHYS_s20_T2_ctrl,10,30,101.0,0.44305962324142456,0.03236869293849287
UBFC_PHYS_s20_T2_ctrl,10,31,101.03333333333333,0.5956888794898987,-0.32088023793143017
UBFC_PHYS_s20_T2_ctrl,10,32,101.06666666666666,0.6384972929954529,-0.6145485843453313
UBFC_PHYS_s20_T2_ctrl,10,33,101.1,0.6284545660018921,-0.8183696224286299
UBFC_PHYS_s20_T2_ctrl,10,34,101.13333333333334,0.6731700897216797,-0.9281525413667109
UBFC_PHYS_s20_T2_ctrl,10,35,101.16666666666667,0.7652386426925659,-0.9601400202872259
UBFC_PHYS_s20_T2_ctrl,10,36,101.2,0.831561267375946,-0.9370148573352063
UBFC_PHYS_s20_T2_ctrl,10,37,101.23333333333333,0.8007838726043701,-0.8766260173758827
UBFC_PHYS_s20_T2_ctrl,10,38,101.26666666666667,0.6137455105781555,-0.7874744489463256
UBFC_PHYS_s20_T2_ctrl,10,39,101.3,0.31280839443206787,-0.6672184897069491
UBFC_PHYS_s20_T2_ctrl,10,40,101.33333333333333,0.0019908358808606863,-0.5035544360571051
UBFC_PHYS_s20_T2_ctrl,10,41,101.36666666666666,-0.29369160532951355,-0.2802153497243835
UBFC_PHYS_s20_T2_ctrl,10,42,101.4,-0.575577974319458,0.01285701398373186
UBFC_PHYS_s20_T2_ctrl,10,43,101.43333333333334,-0.7836553454399109,0.3698047667446844
UBFC_PHYS_s20_T2_ctrl,10,44,101.46666666666667,-0.823826253414154,0.7628742494355695
UBFC_PHYS_s20_T2_ctrl,10,45,101.5,-0.6166010499000549,1.1414924108567177
UBFC_PHYS_s20_T2_ctrl,10,46,101.53333333333333,-0.19985798001289368,1.4388659199246252
UBFC_PHYS_s20_T2_ctrl,10,47,101.56666666666666,0.18178622424602509,1.5889719296803038
UBFC_PHYS_s20_T2_ctrl,10,48,101.6,0.2933315932750702,1.5486842692944178
UBFC_PHYS_s20_T2_ctrl,10,49,101.63333333333334,0.1322217732667923,1.312555621618994
UBFC_PHYS_s20_T2_ctrl,10,50,101.66666666666667,-0.03716568648815155,0.9142593723749984
UBFC_PHYS_s20_T2_ctrl,10,51,101.7,0.09162478148937225,0.41642041158117915
UBFC_PHYS_s20_T2_ctrl,10,52,101.73333333333333,0.4728023409843445,-0.10688686047432074
UBFC_PHYS_s20_T2_ctrl,10,53,101.76666666666667,0.6871893405914307,-0.5890556752728315
UBFC_PHYS_s20_T2_ctrl,10,54,101.8,0.5332008004188538,-0.9839729632741394
UBFC_PHYS_s20_T2_ctrl,10,55,101.83333333333333,0.3225468099117279,-1.2659531470591894
UBFC_PHYS_s20_T2_ctrl,10,56,101.86666666666666,0.39227786660194397,-1.4202465288886836
UBFC_PHYS_s20_T2_ctrl,10,57,101.9,0.6479313969612122,-1.437497773797571
UBFC_PHYS_s20_T2_ctrl,10,58,101.93333333333334,0.591773271560669,-1.3164623035903338
UBFC_PHYS_s20_T2_ctrl,10,59,101.96666666666667,-0.1965104043483734,-1.0691095567405742
UBFC_PHYS_s20_T2_ctrl,10,60,102.0,-1.421541452407837,-0.7238100840891905
UBFC_PHYS_s20_T2_ctrl,10,61,102.03333333333333,-2.103189468383789,-0.32502930955020126
UBFC_PHYS_s20_T2_ctrl,10,62,102.06666666666666,-1.7536414861679077,0.07166743598598926
UBFC_PHYS_s20_T2_ctrl,10,63,102.1,-0.855983316898346,0.4097405054763458
UBFC_PHYS_s20_T2_ctrl,10,64,102.13333333333334,-0.034264449030160904,0.6443411209036579
UBFC_PHYS_s20_T2_ctrl,10,65,102.16666666666667,0.5987727046012878,0.7522733423338546
UBFC_PHYS_s20_T2_ctrl,10,66,102.2,1.0859771966934204,0.7360548756806871
UBFC_PHYS_s20_T2_ctrl,10,67,102.23333333333333,1.2943588495254517,0.6214992859597894
UBFC_PHYS_s20_T2_ctrl,10,68,102.26666666666667,1.2379167079925537,0.4499535008205677
UBFC_PHYS_s20_T2_ctrl,10,69,102.3,1.175327181816101,0.26778466059133493
UBFC_PHYS_s20_T2_ctrl,10,70,102.33333333333333,1.1413847208023071,0.11576570512632621
UBFC_PHYS_s20_T2_ctrl,10,71,102.36666666666666,0.9670265913009644,0.020705424498088106
UBFC_PHYS_s20_T2_ctrl,10,72,102.4,0.6480531096458435,-0.00886739932726361
UBFC_PHYS_s20_T2_ctrl,10,73,102.43333333333334,0.26340624690055847,0.018110222744121884
UBFC_PHYS_s20_T2_ctrl,10,74,102.46666666666667,-0.16680826246738434,0.08083065223719707
UBFC_PHYS_s20_T2_ctrl,10,75,102.5,-0.5776473879814148,0.15527258711534594
UBFC_PHYS_s20_T2_ctrl,10,76,102.53333333333333,-0.9269114136695862,0.2229883187357417
UBFC_PHYS_s20_T2_ctrl,10,77,102.56666666666666,-1.2597417831420898,0.2764009196681483
UBFC_PHYS_s20_T2_ctrl,10,78,102.6,-1.556296706199646,0.31875492756517165
UBFC_PHYS_s20_T2_ctrl,10,79,102.63333333333334,-1.7250957489013672,0.35897979241732625
UBFC_PHYS_s20_T2_ctrl,10,80,102.66666666666667,-1.671899676322937,0.40358810374310666
UBFC_PHYS_s20_T2_ctrl,10,81,102.7,-1.3581808805465698,0.44917012644881626
UBFC_PHYS_s20_T2_ctrl,10,82,102.73333333333333,-0.9011451601982117,0.47913266914099867
UBFC_PHYS_s20_T2_ctrl,10,83,102.76666666666667,-0.5014037489891052,0.46761032612274056
UBFC_PHYS_s20_T2_ctrl,10,84,102.8,-0.22834283113479614,0.38927538168427134
UBFC_PHYS_s20_T2_ctrl,10,85,102.83333333333333,-0.03280368819832802,0.22980484800952064
UBFC_PHYS_s20_T2_ctrl,10,86,102.86666666666666,0.12950313091278076,-0.007225670293378199
UBFC_PHYS_s20_T2_ctrl,10,87,102.9,0.27196794748306274,-0.2993721454430139
UBFC_PHYS_s20_T2_ctrl,10,88,102.93333333333334,0.38552185893058777,-0.610022961916804
UBFC_PHYS_s20_T2_ctrl,10,89,102.96666666666667,0.4682171940803528,-0.8960574238067318
UBFC_PHYS_s20_T2_ctrl,10,90,103.0,0.5255317687988281,-1.1165042126020037
UBFC_PHYS_s20_T2_ctrl,10,91,103.03333333333333,0.512811005115509,-1.2412731899423226
UBFC_PHYS_s20_T2_ctrl,10,92,103.06666666666666,0.38255974650382996,-1.2579703418375747
UBFC_PHYS_s20_T2_ctrl,10,93,103.1,0.19509537518024445,-1.1739749019454273
UBFC_PHYS_s20_T2_ctrl,10,94,103.13333333333334,0.06445867568254471,-1.0128452917922002
UBFC_PHYS_s20_T2_ctrl,10,95,103.16666666666667,-0.007849015295505524,-0.8062229665295588
UBFC_PHYS_s20_T2_ctrl,10,96,103.2,-0.11982043087482452,-0.5840461741910341
UBFC_PHYS_s20_T2_ctrl,10,97,103.23333333333333,-0.3302918076515198,-0.3670085697941721
UBFC_PHYS_s20_T2_ctrl,10,98,103.26666666666667,-0.6241888999938965,-0.16369569520567023
UBFC_PHYS_s20_T2_ctrl,10,99,103.3,-0.9079620838165283,0.02710273501969159
UBFC_PHYS_s20_T2_ctrl,10,100,103.33333333333333,-0.9956889152526855,0.21068602541940548
UBFC_PHYS_s20_T2_ctrl,10,101,103.36666666666666,-0.7775485515594482,0.39094438057784126
UBFC_PHYS_s20_T2_ctrl,10,102,103.4,-0.3987649977207184,0.5669797823274937
UBFC_PHYS_s20_T2_ctrl,10,103,103.43333333333334,-0.07112838327884674,0.7317224862922634
UBFC_PHYS_s20_T2_ctrl,10,104,103.46666666666667,0.17904728651046753,0.872443284894191
UBFC_PHYS_s20_T2_ctrl,10,105,103.5,0.3943675756454468,0.9731954153615128
UBFC_PHYS_s20_T2_ctrl,10,106,103.53333333333333,0.5245173573493958,1.0190662664516912
UBFC_PHYS_s20_T2_ctrl,10,107,103.56666666666666,0.5477678179740906,1.0018810886837635
UBFC_PHYS_s20_T2_ctrl,10,108,103.6,0.5258969664573669,0.9250580948036415
UBFC_PHYS_s20_T2_ctrl,10,109,103.63333333333334,0.4997858703136444,0.8038406052393046
UBFC_PHYS_s20_T2_ctrl,10,110,103.66666666666667,0.4510735273361206,0.6604632292708693
UBFC_PHYS_s20_T2_ctrl,10,111,103.7,0.3649088740348816,0.5172700294960242
UBFC_PHYS_s20_T2_ctrl,10,112,103.73333333333333,0.2543373703956604,0.3907346723202181
UBFC_PHYS_s20_T2_ctrl,10,113,103.76666666666667,0.1324043720960617,0.2886299410010411
UBFC_PHYS_s20_T2_ctrl,10,114,103.8,0.036176711320877075,0.21037190545093132
UBFC_PHYS_s20_T2_ctrl,10,115,103.83333333333333,0.03526373580098152,0.14847206650069147
UBFC_PHYS_s20_T2_ctrl,10,116,103.86666666666666,0.13220147788524628,0.09048969443149386
UBFC_PHYS_s20_T2_ctrl,10,117,103.9,0.21067683398723602,0.022461104105625886
UBFC_PHYS_s20_T2_ctrl,10,118,103.93333333333334,0.15281444787979126,-0.0667489656336949
UBFC_PHYS_s20_T2_ctrl,10,119,103.96666666666667,0.018809881061315536,-0.18224593785091425
UBFC_PHYS_s20_T2_ctrl,10,120,104.0,0.051697298884391785,-0.3220448686037051
UBFC_PHYS_s20_T2_ctrl,10,121,104.03333333333333,0.3651929199695587,-0.4778872325807814
UBFC_PHYS_s20_T2_ctrl,10,122,104.06666666666666,0.6871082186698914,-0.6372193104229399
UBFC_PHYS_s20_T2_ctrl,10,123,104.1,0.7162219882011414,-0.7853575834251425
UBFC_PHYS_s20_T2_ctrl,10,124,104.13333333333334,0.416928231716156,-0.9071529732349908
UBFC_PHYS_s20_T2_ctrl,10,125,104.16666666666667,-0.08585773408412933,-0.9878774457089516
UBFC_PHYS_s20_T2_ctrl,10,126,104.2,-0.5961503982543945,-1.0136601232049887
UBFC_PHYS_s20_T2_ctrl,10,127,104.23333333333333,-0.8708140850067139,-0.9722668672980886
UBFC_PHYS_s20_T2_ctrl,10,128,104.26666666666667,-0.8304605484008789,-0.8552901973974164
UBFC_PHYS_s20_T2_ctrl,10,129,104.3,-0.6543982625007629,-0.6627080385137647
UBFC_PHYS_s20_T2_ctrl,10,130,104.33333333333333,-0.5003487467765808,-0.4080928081212393
UBFC_PHYS_s20_T2_ctrl,10,131,104.36666666666666,-0.37766510248184204,-0.12040721371059197
UBFC_PHYS_s20_T2_ctrl,10,132,104.4,-0.27886083722114563,0.15981601511770363
UBFC_PHYS_s20_T2_ctrl,10,133,104.43333333333334,-0.23832470178604126,0.3896335070241514
UBFC_PHYS_s20_T2_ctrl,10,134,104.46666666666667,-0.2809911072254181,0.535527149636796
UBFC_PHYS_s20_T2_ctrl,10,135,104.5,-0.4187895953655243,0.5833027659704765
UBFC_PHYS_s20_T2_ctrl,10,136,104.53333333333333,-0.6793123483657837,0.5426493146012602
UBFC_PHYS_s20_T2_ctrl,10,137,104.56666666666666,-1.0345208644866943,0.44479615554184415
UBFC_PHYS_s20_T2_ctrl,10,138,104.6,-1.3766230344772339,0.33410270832442507
UBFC_PHYS_s20_T2_ctrl,10,139,104.63333333333334,-1.5791007280349731,0.2566443216947385
UBFC_PHYS_s20_T2_ctrl,10,140,104.66666666666667,-1.5446916818618774,0.2485378855687932
UBFC_PHYS_s20_T2_ctrl,10,141,104.7,-1.2499020099639893,0.32608574728978756
UBFC_PHYS_s20_T2_ctrl,10,142,104.73333333333333,-0.8216148614883423,0.4791170281049916
UBFC_PHYS_s20_T2_ctrl,10,143,104.76666666666667,-0.4571954607963562,0.6682490027294449
UBFC_PHYS_s20_T2_ctrl,10,144,104.8,-0.19669300317764282,0.8296659680937204
UBFC_PHYS_s20_T2_ctrl,10,145,104.83333333333333,0.024815233424305916,0.8928494866932902
UBFC_PHYS_s20_T2_ctrl,10,146,104.86666666666666,0.17496933043003082,0.8065326559767645
UBFC_PHYS_s20_T2_ctrl,10,147,104.9,0.26600316166877747,0.5586701220772344
UBFC_PHYS_s20_T2_ctrl,10,148,104.93333333333334,0.5351484417915344,0.1817410468708763
UBFC_PHYS_s20_T2_ctrl,10,149,104.96666666666667,1.1653249263763428,-0.2579054234617518
UBFC_PHYS_s20_T2_ctrl,10,150,105.0,1.9753375053405762,-0.6822214758297732
UBFC_PHYS_s20_T2_ctrl,10,151,105.03333333333333,2.6326801776885986,-1.025909348153808
UBFC_PHYS_s20_T2_ctrl,10,152,105.06666666666666,2.955751895904541,-1.2534155785099776
UBFC_PHYS_s20_T2_ctrl,10,153,105.1,2.8143014907836914,-1.360244603815698
UBFC_PHYS_s20_T2_ctrl,10,154,105.13333333333334,2.2163426876068115,-1.3599494485358028
UBFC_PHYS_s20_T2_ctrl,10,155,105.16666666666667,1.4314067363739014,-1.2672658393734262
UBFC_PHYS_s20_T2_ctrl,10,156,105.2,0.6688689589500427,-1.0871306183247438
UBFC_PHYS_s20_T2_ctrl,10,157,105.23333333333333,-0.11233402788639069,-0.8162653671050027
UBFC_PHYS_s20_T2_ctrl,10,158,105.26666666666667,-0.9008408784866333,-0.4553287357716436
UBFC_PHYS_s20_T2_ctrl,10,159,105.3,-1.500848650932312,-0.02153988326090481
UBFC_PHYS_s20_T2_ctrl,10,160,105.33333333333333,-1.7132879495620728,0.4455498783128772
UBFC_PHYS_s20_T2_ctrl,10,161,105.36666666666666,-1.4502089023590088,0.8879426841753648
UBFC_PHYS_s20_T2_ctrl,10,162,105.4,-0.8793554902076721,1.2421349714603367
UBFC_PHYS_s20_T2_ctrl,10,163,105.43333333333334,-0.34536606073379517,1.4571452422934144
UBFC_PHYS_s20_T2_ctrl,10,164,105.46666666666667,-0.028218520805239677,1.510358153904303
UBFC_PHYS_s20_T2_ctrl,10,165,105.5,0.09156391024589539,1.412125532436254
UBFC_PHYS_s20_T2_ctrl,10,166,105.53333333333333,0.05159585922956467,1.197924707620795
UBFC_PHYS_s20_T2_ctrl,10,167,105.56666666666666,-0.05041397735476494,0.9149076082169868
UBFC_PHYS_s20_T2_ctrl,10,168,105.6,-0.09687430411577225,0.6081425516022392
UBFC_PHYS_s20_T2_ctrl,10,169,105.63333333333334,-0.09324268996715546,0.30924768094391364
UBFC_PHYS_s20_T2_ctrl,10,170,105.66666666666667,-0.09630623459815979,0.03148254619358576
UBFC_PHYS_s20_T2_ctrl,10,171,105.7,-0.07709316164255142,-0.22405775755706758
UBFC_PHYS_s20_T2_ctrl,10,172,105.73333333333333,-0.0047651855275034904,-0.4554229152850042
UBFC_PHYS_s20_T2_ctrl,10,173,105.76666666666667,0.05504487827420235,-0.6520947701273925
UBFC_PHYS_s20_T2_ctrl,10,174,105.8,0.04530647024512291,-0.7969438066792711
UBFC_PHYS_s20_T2_ctrl,10,175,105.83333333333333,0.010410502552986145,-0.8734188037440651
UBFC_PHYS_s20_T2_ctrl,10,176,105.86666666666666,0.010309060104191303,-0.8732366900114488
UBFC_PHYS_s20_T2_ctrl,10,177,105.9,0.010552520863711834,-0.8007491642014161
UBFC_PHYS_s20_T2_ctrl,10,178,105.93333333333334,-0.12574462592601776,-0.6722012072347036
UBFC_PHYS_s20_T2_ctrl,10,179,105.96666666666667,-0.4632616639137268,-0.5104952778993845
UBFC_PHYS_s20_T2_ctrl,10,180,106.0,-0.8098475933074951,-0.33812088282274383
UBFC_PHYS_s20_T2_ctrl,10,181,106.03333333333333,-0.8493490219116211,-0.17233184945180666
UBFC_PHYS_s20_T2_ctrl,10,182,106.06666666666666,-0.5387952327728271,-0.02411112650798404
UBFC_PHYS_s20_T2_ctrl,10,183,106.1,-0.13199344277381897,0.1003572560264329
UBFC_PHYS_s20_T2_ctrl,10,184,106.13333333333334,0.12471508234739304,0.1972718812589419
UBFC_PHYS_s20_T2_ctrl,10,185,106.16666666666667,0.2499145120382309,0.26327299391929815
UBFC_PHYS_s20_T2_ctrl,10,186,106.2,0.4062362611293793,0.2946344167701513
UBFC_PHYS_s20_T2_ctrl,10,187,106.23333333333333,0.6163830161094666,0.28737920472323725
UBFC_PHYS_s20_T2_ctrl,10,188,106.26666666666667,0.753856897354126,0.23850497500266574
UBFC_PHYS_s20_T2_ctrl,10,189,106.3,0.7577928304672241,0.14883520959709698
UBFC_PHYS_s20_T2_ctrl,10,190,106.33333333333333,0.6566959619522095,0.026546340916120154
UBFC_PHYS_s20_T2_ctrl,10,191,106.36666666666666,0.47554126381874084,-0.11088676471148014
UBFC_PHYS_s20_T2_ctrl,10,192,106.4,0.2758024334907532,-0.23766952650626405
UBFC_PHYS_s20_T2_ctrl,10,193,106.43333333333334,0.1505015790462494,-0.32369310095585585
UBFC_PHYS_s20_T2_ctrl,10,194,106.46666666666667,0.10239789634943008,-0.34100784630552117
UBFC_PHYS_s20_T2_ctrl,10,195,106.5,0.03830698877573013,-0.27154686472340545
UBFC_PHYS_s20_T2_ctrl,10,196,106.53333333333333,-0.09277606010437012,-0.11418258256772792
UBFC_PHYS_s20_T2_ctrl,10,197,106.56666666666666,-0.2780492901802063,0.11125155079472263
UBFC_PHYS_s20_T2_ctrl,10,198,106.6,-0.5734477043151855,0.3654911196923872
UBFC_PHYS_s20_T2_ctrl,10,199,106.63333333333334,-1.0053461790084839,0.5989685029222676
UBFC_PHYS_s20_T2_ctrl,10,200,106.66666666666667,-1.3558071851730347,0.7657037737693213
UBFC_PHYS_s20_T2_ctrl,10,201,106.7,-1.3502684831619263,0.8347384574477842
UBFC_PHYS_s20_T2_ctrl,10,202,106.73333333333333,-1.0330398082733154,0.7952219094496984
UBFC_PHYS_s20_T2_ctrl,10,203,106.76666666666667,-0.6390196681022644,0.6553202550752089
UBFC_PHYS_s20_T2_ctrl,10,204,106.8,-0.2576797902584076,0.4372462368872469
UBFC_PHYS_s20_T2_ctrl,10,205,106.83333333333333,0.12098202109336853,0.17214290684983347
UBFC_PHYS_s20_T2_ctrl,10,206,106.86666666666666,0.48899245262145996,-0.10412670438534047
UBFC_PHYS_s20_T2_ctrl,10,207,106.9,0.8336915373802185,-0.3560075873458685
UBFC_PHYS_s20_T2_ctrl,10,208,106.93333333333334,1.0609210729599,-0.5541532002300082
UBFC_PHYS_s20_T2_ctrl,10,209,106.96666666666667,1.051953673362732,-0.6803336705123759
UBFC_PHYS_s20_T2_ctrl,10,210,107.0,0.8888961672782898,-0.7295051654901281
UBFC_PHYS_s20_T2_ctrl,10,211,107.03333333333333,0.8095687031745911,-0.707599921013998
UBFC_PHYS_s20_T2_ctrl,10,212,107.06666666666666,0.9638616442680359,-0.6265497240203632
UBFC_PHYS_s20_T2_ctrl,10,213,107.1,1.3655304908752441,-0.500632936476953
UBFC_PHYS_s20_T2_ctrl,10,214,107.13333333333334,1.850259780883789,-0.34532710752406737
UBFC_PHYS_s20_T2_ctrl,10,215,107.16666666666667,2.0662293434143066,-0.17673232790813773
UBFC_PHYS_s20_T2_ctrl,10,216,107.2,1.7099658250808716,-0.010553180851177216
UBFC_PHYS_s20_T2_ctrl,10,217,107.23333333333333,0.8068500757217407,0.13910110017049923
UBFC_PHYS_s20_T2_ctrl,10,218,107.26666666666667,-0.23189328610897064,0.2607562206596741
UBFC_PHYS_s20_T2_ctrl,10,219,107.3,-0.8478882312774658,0.346099630714762
UBFC_PHYS_s20_T2_ctrl,10,220,107.33333333333333,-0.858843982219696,0.3897845945252509
UBFC_PHYS_s20_T2_ctrl,10,221,107.36666666666666,-0.5791284441947937,0.3885028276811221
UBFC_PHYS_s20_T2_ctrl,10,222,107.4,-0.37819260358810425,0.3403268678853002
UBFC_PHYS_s20_T2_ctrl,10,223,107.43333333333334,-0.2842169404029846,0.24605681897075088
UBFC_PHYS_s20_T2_ctrl,10,224,107.46666666666667,-0.14098118245601654,0.11212898275095816
UBFC_PHYS_s20_T2_ctrl,10,225,107.5,0.04317619279026985,-0.04745909158079574
UBFC_PHYS_s20_T2_ctrl,10,226,107.53333333333333,0.07273632287979126,-0.21165517912258808
UBFC_PHYS_s20_T2_ctrl,10,227,107.56666666666666,-0.12659674882888794,-0.3552747434511502
UBFC_PHYS_s20_T2_ctrl,10,228,107.6,-0.37040188908576965,-0.453742036482731
UBFC_PHYS_s20_T2_ctrl,10,229,107.63333333333334,-0.42966416478157043,-0.48853970484404324
UBFC_PHYS_s20_T2_ctrl,10,230,107.66666666666667,-0.3760826289653778,-0.45171382288080225
UBFC_PHYS_s20_T2_ctrl,10,231,107.7,-0.4895147979259491,-0.3475226387433382
UBFC_PHYS_s20_T2_ctrl,10,232,107.73333333333333,-0.7363023161888123,-0.19096710602523823
UBFC_PHYS_s20_T2_ctrl,10,233,107.76666666666667,-0.7248393893241882,-0.0045977537275556715
UBFC_PHYS_s20_T2_ctrl,10,234,107.8,-0.39292195439338684,0.18537558898146134
UBFC_PHYS_s20_T2_ctrl,10,235,107.83333333333333,-0.15930156409740448,0.35319934908640405
UBFC_PHYS_s20_T2_ctrl,10,236,107.86666666666666,-0.29456400871276855,0.4775615049747239
UBFC_PHYS_s20_T2_ctrl,10,237,107.9,-0.7016295194625854,0.5451325385379913
UBFC_PHYS_s20_T2_ctrl,10,238,107.93333333333334,-1.124661922454834,0.5528466567737675
UBFC_PHYS_s20_T2_ctrl,10,239,107.96666666666667,-1.2464326620101929,0.5077120030490715
UBFC_PHYS_s20_T2_ctrl,10,240,108.0,-0.8323676586151123,0.4240781039542826
UBFC_PHYS_s20_T2_ctrl,10,241,108.03333333333333,-0.01523397583514452,0.3194677855734175
UBFC_PHYS_s20_T2_ctrl,10,242,108.06666666666666,0.6757264733314514,0.2102046583520334
UBFC_PHYS_s20_T2_ctrl,10,243,108.1,0.8120235800743103,0.1079920462992081
UBFC_PHYS_s20_T2_ctrl,10,244,108.13333333333334,0.4319213032722473,0.018298186081056343
UBFC_PHYS_s20_T2_ctrl,10,245,108.16666666666667,-0.05065743997693062,-0.05901619803894259
UBFC_PHYS_s20_T2_ctrl,10,246,108.2,-0.27533066272735596,-0.12696638325252474
UBFC_PHYS_s20_T2_ctrl,10,247,108.23333333333333,-0.22534015774726868,-0.1873192524138444
UBFC_PHYS_s20_T2_ctrl,10,248,108.26666666666667,-0.17707416415214539,-0.2368140953427284
UBFC_PHYS_s20_T2_ctrl,10,249,108.3,-0.28336483240127563,-0.2661397435143978
UBFC_PHYS_s20_T2_ctrl,10,250,108.33333333333333,-0.20028403401374817,-0.2624816295159152
UBFC_PHYS_s20_T2_ctrl,10,251,108.36666666666666,0.40266552567481995,-0.21464427876052924
UBFC_PHYS_s20_T2_ctrl,10,252,108.4,1.1875001192092896,-0.11894565317826372
UBFC_PHYS_s20_T2_ctrl,10,253,108.43333333333334,1.4948281049728394,0.016395639728016317
UBFC_PHYS_s20_T2_ctrl,10,254,108.46666666666667,1.0778416395187378,0.16997040959188986
UBFC_PHYS_s20_T2_ctrl,10,255,108.5,0.16521063446998596,0.3095993270665027
UBFC_PHYS_s20_T2_ctrl,10,256,108.53333333333333,-0.763813316822052,0.3983293759235186
UBFC_PHYS_s20_T2_ctrl,10,257,108.56666666666666,-1.2123279571533203,0.4030673666604315
UBFC_PHYS_s20_T2_ctrl,10,258,108.6,-1.1032780408859253,0.30395551705472673
UBFC_PHYS_s20_T2_ctrl,10,259,108.63333333333334,-0.771644651889801,0.10184220782784012
UBFC_PHYS_s20_T2_ctrl,10,260,108.66666666666667,-0.4379620850086212,-0.17844588699036396
UBFC_PHYS_s20_T2_ctrl,10,261,108.7,-0.07952776551246643,-0.49059421640681866
UBFC_PHYS_s20_T2_ctrl,10,262,108.73333333333333,0.2534649670124054,-0.7745394071878041
UBFC_PHYS_s20_T2_ctrl,10,263,108.76666666666667,0.4395294487476349,-0.9669373823008105
UBFC_PHYS_s20_T2_ctrl,10,264,108.8,0.4941253960132599,-1.013302646535938
UBFC_PHYS_s20_T2_ctrl,10,265,108.83333333333333,0.48059308528900146,-0.8820768947726463
UBFC_PHYS_s20_T2_ctrl,10,266,108.86666666666666,0.3804497718811035,-0.5781479347805814
UBFC_PHYS_s20_T2_ctrl,10,267,108.9,0.16362814605236053,-0.15071742313583741
UBFC_PHYS_s20_T2_ctrl,10,268,108.93333333333334,-0.11458604037761688,0.31152193040590476
UBFC_PHYS_s20_T2_ctrl,10,269,108.96666666666667,-0.343986451625824,0.7049622087118288
UBFC_PHYS_s20_T2_ctrl,10,270,109.0,-0.5030876994132996,0.9467966612914928
UBFC_PHYS_s20_T2_ctrl,10,271,109.03333333333333,-0.6866769790649414,0.999224168157222
UBFC_PHYS_s20_T2_ctrl,10,272,109.06666666666666,-0.9347629547119141,0.8728085040510709
UBFC_PHYS_s20_T2_ctrl,10,273,109.1,-1.143022894859314,0.614868588239935
UBFC_PHYS_s20_T2_ctrl,10,274,109.13333333333334,-1.1469182968139648,0.29016877387805434
UBFC_PHYS_s20_T2_ctrl,10,275,109.16666666666667,-0.8735530376434326,-0.039229083111523386
UBFC_PHYS_s20_T2_ctrl,10,276,109.2,-0.4580475687980652,-0.328649055674303
UBFC_PHYS_s20_T2_ctrl,10,277,109.23333333333333,-0.11040663719177246,-0.5553459511051667
UBFC_PHYS_s20_T2_ctrl,10,278,109.26666666666667,0.14719457924365997,-0.713601785583105
UBFC_PHYS_s20_T2_ctrl,10,279,109.3,0.4388599395751953,-0.8060080322738907
UBFC_PHYS_s20_T2_ctrl,10,280,109.33333333333333,0.7435300946235657,-0.835742234958369
UBFC_PHYS_s20_T2_ctrl,10,281,109.36666666666666,0.8895048499107361,-0.8027129144797138
UBFC_PHYS_s20_T2_ctrl,10,282,109.4,0.8185970187187195,-0.7044839726613615
UBFC_PHYS_s20_T2_ctrl,10,283,109.43333333333334,0.735495924949646,-0.5408366475122164
UBFC_PHYS_s20_T2_ctrl,10,284,109.46666666666667,0.9195518493652344,-0.3193713580670404
UBFC_PHYS_s20_T2_ctrl,10,285,109.5,1.3907285928726196,-0.05871233685860132
UBFC_PHYS_s20_T2_ctrl,10,286,109.53333333333333,1.8338059186935425,0.21287883434984253
UBFC_PHYS_s20_T2_ctrl,10,287,109.56666666666666,1.9191590547561646,0.46388767419370175
UBFC_PHYS_s20_T2_ctrl,10,288,109.6,1.5371699333190918,0.6685933717801228
UBFC_PHYS_s20_T2_ctrl,10,289,109.63333333333334,0.7941698431968689,0.8141618629939706
UBFC_PHYS_s20_T2_ctrl,10,290,109.66666666666667,-0.024282580241560936,0.9023369525273012
UBFC_PHYS_s20_T2_ctrl,10,291,109.7,-0.6329737305641174,0.944241264405005
UBFC_PHYS_s20_T2_ctrl,10,292,109.73333333333333,-0.9232391715049744,0.951263029270114
UBFC_PHYS_s20_T2_ctrl,10,293,109.76666666666667,-0.8940645456314087,0.9287586201765027
UBFC_PHYS_s20_T2_ctrl,10,294,109.8,-0.6531809568405151,0.8751153754831688
UBFC_PHYS_s20_T2_ctrl,10,295,109.83333333333333,-0.4186881482601166,0.7840187628117272
UBFC_PHYS_s20_T2_ctrl,10,296,109.86666666666666,-0.27600017189979553,0.6486867674745526
UBFC_PHYS_s20_T2_ctrl,10,297,109.9,-0.13570621609687805,0.46804239795860525
UBFC_PHYS_s20_T2_ctrl,10,298,109.93333333333334,0.03648103401064873,0.2518732732689448
UBFC_PHYS_s20_T2_ctrl,10,299,109.96666666666667,0.2104739546775818,0.01975781817871744
UBFC_PHYS_s20_T2_ctrl,11,0,110.0,0.42449578642845154,-0.014822617119954098
UBFC_PHYS_s20_T2_ctrl,11,1,110.03333333333333,0.6953655481338501,-0.5530989493928006
UBFC_PHYS_s20_T2_ctrl,11,2,110.06666666666666,0.8847979307174683,-1.0050516425233615
UBFC_PHYS_s20_T2_ctrl,11,3,110.1,0.8348479866981506,-1.298083586003311
UBFC_PHYS_s20_T2_ctrl,11,4,110.13333333333334,0.5524341464042664,-1.3930397230928069
UBFC_PHYS_s20_T2_ctrl,11,5,110.16666666666667,0.1992950588464737,-1.2938925914075734
UBFC_PHYS_s20_T2_ctrl,11,6,110.2,-0.0658939927816391,-1.044414393491133
UBFC_PHYS_s20_T2_ctrl,11,7,110.23333333333333,-0.1779465675354004,-0.7128246736614638
UBFC_PHYS_s20_T2_ctrl,11,8,110.26666666666667,-0.13966244459152222,-0.37006778505640003
UBFC_PHYS_s20_T2_ctrl,11,9,110.3,-0.027305545285344124,-0.07094336233814451
UBFC_PHYS_s20_T2_ctrl,11,10,110.33333333333333,0.03151039034128189,0.15599780778387767
UBFC_PHYS_s20_T2_ctrl,11,11,110.36666666666666,-0.0018842393765226007,0.30821489979434746
UBFC_PHYS_s20_T2_ctrl,11,12,110.4,-0.04453035816550255,0.40077271557457506
UBFC_PHYS_s20_T2_ctrl,11,13,110.43333333333334,-0.014605036936700344,0.455030088103681
UBFC_PHYS_s20_T2_ctrl,11,14,110.46666666666667,0.16606274247169495,0.48827816556360504
UBFC_PHYS_s20_T2_ctrl,11,15,110.5,0.5392264127731323,0.5061101723295265
UBFC_PHYS_s20_T2_ctrl,11,16,110.53333333333333,0.87102210521698,0.5002673946848707
UBFC_PHYS_s20_T2_ctrl,11,17,110.56666666666666,0.8412591218948364,0.4551519821616573
UBFC_PHYS_s20_T2_ctrl,11,18,110.6,0.5728239417076111,0.3600496728564641
UBFC_PHYS_s20_T2_ctrl,11,19,110.63333333333334,0.45415735244750977,0.21859047013808036
UBFC_PHYS_s20_T2_ctrl,11,20,110.66666666666667,0.5504864454269409,0.05082400577494818
UBFC_PHYS_s20_T2_ctrl,11,21,110.7,0.5944918990135193,-0.11183455896451591
UBFC_PHYS_s20_T2_ctrl,11,22,110.73333333333333,0.43630358576774597,-0.23586324729062572
UBFC_PHYS_s20_T2_ctrl,11,23,110.76666666666667,0.20124274492263794,-0.2942322492945751
UBFC_PHYS_s20_T2_ctrl,11,24,110.8,0.05632304400205612,-0.2720324876625789
UBFC_PHYS_s20_T2_ctrl,11,25,110.83333333333333,-0.03513684868812561,-0.16971527623561233
UBFC_PHYS_s20_T2_ctrl,11,26,110.86666666666666,-0.24240265786647797,-0.003836980085225969
UBFC_PHYS_s20_T2_ctrl,11,27,110.9,-0.6038193702697754,0.1956117204201201
UBFC_PHYS_s20_T2_ctrl,11,28,110.93333333333334,-0.9278649687767029,0.3908719283215838
UBFC_PHYS_s20_T2_ctrl,11,29,110.96666666666667,-1.0067460536956787,0.5433330613601729
UBFC_PHYS_s20_T2_ctrl,11,30,111.0,-0.8457579612731934,0.620093586405771
UBFC_PHYS_s20_T2_ctrl,11,31,111.03333333333333,-0.617493748664856,0.5989061805974323
UBFC_PHYS_s20_T2_ctrl,11,32,111.06666666666666,-0.4610908031463623,0.4709353652318272
UBFC_PHYS_s20_T2_ctrl,11,33,111.1,-0.38659197092056274,0.24140916280129449
UBFC_PHYS_s20_T2_ctrl,11,34,111.13333333333334,-0.3057023286819458,-0.07095215870410364
UBFC_PHYS_s20_T2_ctrl,11,35,111.16666666666667,-0.13424545526504517,-0.4343635120883482
UBFC_PHYS_s20_T2_ctrl,11,36,111.2,0.07494775205850601,-0.8045554079928359
UBFC_PHYS_s20_T2_ctrl,11,37,111.23333333333333,0.18251660466194153,-1.127372928329141
UBFC_PHYS_s20_T2_ctrl,11,38,111.26666666666667,0.12895534932613373,-1.3447259346266687
UBFC_PHYS_s20_T2_ctrl,11,39,111.3,-0.07058060169219971,-1.4041653904620952
UBFC_PHYS_s20_T2_ctrl,11,40,111.33333333333333,-0.378314346075058,-1.2708988882509522
UBFC_PHYS_s20_T2_ctrl,11,41,111.36666666666666,-0.6593486070632935,-0.9395432018942388
UBFC_PHYS_s20_T2_ctrl,11,42,111.4,-0.7710765600204468,-0.4423780431600717
UBFC_PHYS_s20_T2_ctrl,11,43,111.43333333333334,-0.7946922183036804,0.14919662563177463
UBFC_PHYS_s20_T2_ctrl,11,44,111.46666666666667,-0.9377859234809875,0.7343433963004475
UBFC_PHYS_s20_T2_ctrl,11,45,111.5,-1.1744292974472046,1.2076698233862688
UBFC_PHYS_s20_T2_ctrl,11,46,111.53333333333333,-1.2234256267547607,1.4913045299003442
UBFC_PHYS_s20_T2_ctrl,11,47,111.56666666666666,-0.9955062866210938,1.5555263012924576
UBFC_PHYS_s20_T2_ctrl,11,48,111.6,-0.6745445728302002,1.4201212236095013
UBFC_PHYS_s20_T2_ctrl,11,49,111.63333333333334,-0.351127952337265,1.1410357751655353
UBFC_PHYS_s20_T2_ctrl,11,50,111.66666666666667,0.0381041020154953,0.7896982757161846
UBFC_PHYS_s20_T2_ctrl,11,51,111.7,0.40507981181144714,0.4334328073602094
UBFC_PHYS_s20_T2_ctrl,11,52,111.73333333333333,0.561989963054657,0.12209916656002476
UBFC_PHYS_s20_T2_ctrl,11,53,111.76666666666667,0.5509936809539795,-0.11791841526675408
UBFC_PHYS_s20_T2_ctrl,11,54,111.8,0.5797016620635986,-0.28285903877610596
UBFC_PHYS_s20_T2_ctrl,11,55,111.83333333333333,0.674854040145874,-0.3855344317079675
UBFC_PHYS_s20_T2_ctrl,11,56,111.86666666666666,0.6905166506767273,-0.4466969607112498
UBFC_PHYS_s20_T2_ctrl,11,57,111.9,0.531313955783844,-0.4868660835668974
UBFC_PHYS_s20_T2_ctrl,11,58,111.93333333333334,0.2391616851091385,-0.520790877096212
UBFC_PHYS_s20_T2_ctrl,11,59,111.96666666666667,-0.08222611248493195,-0.5555618199265017
UBFC_PHYS_s20_T2_ctrl,11,60,112.0,-0.3743581175804138,-0.5916850779114231
UBFC_PHYS_s20_T2_ctrl,11,61,112.03333333333333,-0.6474393606185913,-0.6250434888025441
UBFC_PHYS_s20_T2_ctrl,11,62,112.06666666666666,-0.9318820238113403,-0.648741244727563
UBFC_PHYS_s20_T2_ctrl,11,63,112.1,-1.2105222940444946,-0.6551226344600598
UBFC_PHYS_s20_T2_ctrl,11,64,112.13333333333334,-1.3862193822860718,-0.638001964784035
UBFC_PHYS_s20_T2_ctrl,11,65,112.16666666666667,-1.3517495393753052,-0.5947692858369983
UBFC_PHYS_s20_T2_ctrl,11,66,112.2,-1.123180866241455,-0.5273717793574633
UBFC_PHYS_s20_T2_ctrl,11,67,112.23333333333333,-0.8111663460731506,-0.4407332376455142
UBFC_PHYS_s20_T2_ctrl,11,68,112.26666666666667,-0.4513726830482483,-0.3392912936267733
UBFC_PHYS_s20_T2_ctrl,11,69,112.3,-0.054025307297706604,-0.22431063412885752
UBFC_PHYS_s20_T2_ctrl,11,70,112.33333333333333,0.2606673240661621,-0.09355808397936279
UBFC_PHYS_s20_T2_ctrl,11,71,112.36666666666666,0.4208235740661621,0.05653068750242629
UBFC_PHYS_s20_T2_ctrl,11,72,112.4,0.48864755034446716,0.22751126617238643
UBFC_PHYS_s20_T2_ctrl,11,73,112.43333333333334,0.4499170780181885,0.41685552171994866
UBFC_PHYS_s20_T2_ctrl,11,74,112.46666666666667,0.20426571369171143,0.6178979455125351
UBFC_PHYS_s20_T2_ctrl,11,75,112.5,-0.15372227132320404,0.8207346647211884
UBFC_PHYS_s20_T2_ctrl,11,76,112.53333333333333,-0.3586346209049225,1.012851953577731
UBFC_PHYS_s20_T2_ctrl,11,77,112.56666666666666,-0.35307562351226807,1.1784742453943002
UBFC_PHYS_s20_T2_ctrl,11,78,112.6,-0.29967668652534485,1.2975897632933275
UBFC_PHYS_s20_T2_ctrl,11,79,112.63333333333334,-0.30799490213394165,1.347312450685287
UBFC_PHYS_s20_T2_ctrl,11,80,112.66666666666667,-0.3658370077610016,1.306165041596482
UBFC_PHYS_s20_T2_ctrl,11,81,112.7,-0.4966968595981598,1.1595517162117754
UBFC_PHYS_s20_T2_ctrl,11,82,112.73333333333333,-0.7272740006446838,0.9044136721871848
UBFC_PHYS_s20_T2_ctrl,11,83,112.76666666666667,-0.861440896987915,0.5511860925053281
UBFC_PHYS_s20_T2_ctrl,11,84,112.8,-0.6455119252204895,0.12284215487977107
UBFC_PHYS_s20_T2_ctrl,11,85,112.83333333333333,-0.2463386058807373,-0.34755356859808195
UBFC_PHYS_s20_T2_ctrl,11,86,112.86666666666666,-0.095799021422863,-0.8199691290294595
UBFC_PHYS_s20_T2_ctrl,11,87,112.9,-0.23625528812408447,-1.2511677773076835
UBFC_PHYS_s20_T2_ctrl,11,88,112.93333333333334,-0.22732841968536377,-1.599058431325084
UBFC_PHYS_s20_T2_ctrl,11,89,112.96666666666667,0.091401606798172,-1.8274322080320524
UBFC_PHYS_s20_T2_ctrl,11,90,113.0,0.21572862565517426,-1.9102746718324772
UBFC_PHYS_s20_T2_ctrl,11,91,113.03333333333333,-0.28669214248657227,-1.8343017391206375
UBFC_PHYS_s20_T2_ctrl,11,92,113.06666666666666,-1.0248432159423828,-1.6003804364078018
UBFC_PHYS_s20_T2_ctrl,11,93,113.1,-1.3007242679595947,-1.2261809415572638
UBFC_PHYS_s20_T2_ctrl,11,94,113.13333333333334,-0.7491448521614075,-0.7486277146523804
UBFC_PHYS_s20_T2_ctrl,11,95,113.16666666666667,0.32883620262145996,-0.2212682098426331
UBFC_PHYS_s20_T2_ctrl,11,96,113.2,1.0196343660354614,0.29482534872723204
UBFC_PHYS_s20_T2_ctrl,11,97,113.23333333333333,0.723891019821167,0.7439471648542226
UBFC_PHYS_s20_T2_ctrl,11,98,113.26666666666667,-0.0712704062461853,1.0871047664845999
UBFC_PHYS_s20_T2_ctrl,11,99,113.3,-0.6173314452171326,1.304975616132479
UBFC_PHYS_s20_T2_ctrl,11,100,113.33333333333333,-0.9203176498413086,1.3931205233739945
UBFC_PHYS_s20_T2_ctrl,11,101,113.36666666666666,-1.05056893825531,1.3572646071969754
UBFC_PHYS_s20_T2_ctrl,11,102,113.4,-0.6068017482757568,1.2113012567981387
UBFC_PHYS_s20_T2_ctrl,11,103,113.43333333333334,0.47251832485198975,0.9748996216826255
UBFC_PHYS_s20_T2_ctrl,11,104,113.46666666666667,1.46354341506958,0.6711535904234118
UBFC_PHYS_s20_T2_ctrl,11,105,113.5,1.7884817123413086,0.32823230751703314
UBFC_PHYS_s20_T2_ctrl,11,106,113.53333333333333,1.6613346338272095,-0.017170818714422907
UBFC_PHYS_s20_T2_ctrl,11,107,113.56666666666666,1.3930820226669312,-0.32234851842011103
UBFC_PHYS_s20_T2_ctrl,11,108,113.6,0.8837226629257202,-0.5480351413083199
UBFC_PHYS_s20_T2_ctrl,11,109,113.63333333333334,0.20065438747406006,-0.6686027243542644
UBFC_PHYS_s20_T2_ctrl,11,110,113.66666666666667,-0.27636536955833435,-0.6783141467457038
UBFC_PHYS_s20_T2_ctrl,11,111,113.7,-0.408320814371109,-0.5915257936685552
UBFC_PHYS_s20_T2_ctrl,11,112,113.73333333333333,-0.41128289699554443,-0.4372521440011598
UBFC_PHYS_s20_T2_ctrl,11,113,113.76666666666667,-0.35766080021858215,-0.25087988743068484
UBFC_PHYS_s20_T2_ctrl,11,114,113.8,-0.10709963738918304,-0.06594447355049438
UBFC_PHYS_s20_T2_ctrl,11,115,113.83333333333333,0.24311791360378265,0.09154776716100746
UBFC_PHYS_s20_T2_ctrl,11,116,113.86666666666666,0.45265600085258484,0.20550100463888704
UBFC_PHYS_s20_T2_ctrl,11,117,113.9,0.5471997261047363,0.2697785866951924
UBFC_PHYS_s20_T2_ctrl,11,118,113.93333333333334,0.6672661900520325,0.286826811058516
UBFC_PHYS_s20_T2_ctrl,11,119,113.96666666666667,0.7164654731750488,0.26544343526783776
UBFC_PHYS_s20_T2_ctrl,11,120,114.0,0.559616208076477,0.21808517070600456
UBFC_PHYS_s20_T2_ctrl,11,121,114.03333333333333,0.3387369215488434,0.15792401508999893
UBFC_PHYS_s20_T2_ctrl,11,122,114.06666666666666,0.3051393926143646,0.09617639749756843
UBFC_PHYS_s20_T2_ctrl,11,123,114.1,0.4905952215194702,0.04051418854479819
UBFC_PHYS_s20_T2_ctrl,11,124,114.13333333333334,0.7372609972953796,-0.005222397323327457
UBFC_PHYS_s20_T2_ctrl,11,125,114.16666666666667,0.926328182220459,-0.040381215399604466
UBFC_PHYS_s20_T2_ctrl,11,126,114.2,1.0561532974243164,-0.06631869342421112
UBFC_PHYS_s20_T2_ctrl,11,127,114.23333333333333,1.1490131616592407,-0.08501326279228778
UBFC_PHYS_s20_T2_ctrl,11,128,114.26666666666667,1.1772342920303345,-0.09791811399770096
UBFC_PHYS_s20_T2_ctrl,11,129,114.3,1.1042976379394531,-0.10554385047888508
UBFC_PHYS_s20_T2_ctrl,11,130,114.33333333333333,0.9850629568099976,-0.10789898608120166
UBFC_PHYS_s20_T2_ctrl,11,131,114.36666666666666,0.9245631098747253,-0.1055309634976871
UBFC_PHYS_s20_T2_ctrl,11,132,114.4,0.9277889132499695,-0.10024010066289468
UBFC_PHYS_s20_T2_ctrl,11,133,114.43333333333334,0.8829110860824585,-0.094120920219803
UBFC_PHYS_s20_T2_ctrl,11,134,114.46666666666667,0.6988957524299622,-0.08745296772880602
UBFC_PHYS_s20_T2_ctrl,11,135,114.5,0.36393505334854126,-0.07770697147862816
UBFC_PHYS_s20_T2_ctrl,11,136,114.53333333333333,-0.05952344834804535,-0.060688268255556066
UBFC_PHYS_s20_T2_ctrl,11,137,114.56666666666666,-0.4133523106575012,-0.03330761074875911
UBFC_PHYS_s20_T2_ctrl,11,138,114.6,-0.5556142330169678,0.003197672124882432
UBFC_PHYS_s20_T2_ctrl,11,139,114.63333333333334,-0.489251047372818,0.041192427191868795
UBFC_PHYS_s20_T2_ctrl,11,140,114.66666666666667,-0.33347707986831665,0.06725948096607248
UBFC_PHYS_s20_T2_ctrl,11,141,114.7,-0.20010145008563995,0.06657996369461075
UBFC_PHYS_s20_T2_ctrl,11,142,114.73333333333333,-0.12860529124736786,0.02989675077195762
UBFC_PHYS_s20_T2_ctrl,11,143,114.76666666666667,-0.09827420115470886,-0.04021148464288962
UBFC_PHYS_s20_T2_ctrl,11,144,114.8,-0.07465855777263641,-0.12732362219965898
UBFC_PHYS_s20_T2_ctrl,11,145,114.83333333333333,-0.031890712678432465,-0.2064597340598036
UBFC_PHYS_s20_T2_ctrl,11,146,114.86666666666666,0.05654621496796608,-0.2540455578624262
UBFC_PHYS_s20_T2_ctrl,11,147,114.9,0.19308683276176453,-0.25491986197461886
UBFC_PHYS_s20_T2_ctrl,11,148,114.93333333333334,0.3196049928665161,-0.20358407221953845
UBFC_PHYS_s20_T2_ctrl,11,149,114.96666666666667,0.36643052101135254,-0.10231228596601065
UBFC_PHYS_s20_T2_ctrl,11,150,115.0,0.3331981897354126,0.04056763666808421
UBFC_PHYS_s20_T2_ctrl,11,151,115.03333333333333,0.2733881175518036,0.20921728144326546
UBFC_PHYS_s20_T2_ctrl,11,152,115.06666666666666,0.20560474693775177,0.3775044954757929
UBFC_PHYS_s20_T2_ctrl,11,153,115.1,0.09205083549022675,0.5110703425489299
UBFC_PHYS_s20_T2_ctrl,11,154,115.13333333333334,-0.07666710764169693,0.5756822867220442
UBFC_PHYS_s20_T2_ctrl,11,155,115.16666666666667,-0.23518000543117523,0.5480092285216981
UBFC_PHYS_s20_T2_ctrl,11,156,115.2,-0.3057631850242615,0.4240120414255768
UBFC_PHYS_s20_T2_ctrl,11,157,115.23333333333333,-0.27886083722114563,0.22025996389221136
UBFC_PHYS_s20_T2_ctrl,11,158,115.26666666666667,-0.2095963954925537,-0.031482992556922856
UBFC_PHYS_s20_T2_ctrl,11,159,115.3,-0.15980876982212067,-0.29120876551917113
UBFC_PHYS_s20_T2_ctrl,11,160,115.33333333333333,-0.1612289547920227,-0.5169543776652102
UBFC_PHYS_s20_T2_ctrl,11,161,115.36666666666666,-0.20665457844734192,-0.6716180505328339
UBFC_PHYS_s20_T2_ctrl,11,162,115.4,-0.22377794981002808,-0.7297621586488877
UBFC_PHYS_s20_T2_ctrl,11,163,115.43333333333334,-0.13968272507190704,-0.6819926864380891
UBFC_PHYS_s20_T2_ctrl,11,164,115.46666666666667,-0.02276095375418663,-0.5359482673670347
UBFC_PHYS_s20_T2_ctrl,11,165,115.5,-0.0015596257289871573,-0.31449195647367156
UBFC_PHYS_s20_T2_ctrl,11,166,115.53333333333333,-0.07279203087091446,-0.05195504353727257
UBFC_PHYS_s20_T2_ctrl,11,167,115.56666666666666,-0.17415264248847961,0.21065688403065233
UBFC_PHYS_s20_T2_ctrl,11,168,115.6,-0.3159885108470917,0.43087480909885023
UBFC_PHYS_s20_T2_ctrl,11,169,115.63333333333334,-0.4942825436592102,0.5700539717587907
UBFC_PHYS_s20_T2_ctrl,11,170,115.66666666666667,-0.6861900687217712,0.5994073346351236
UBFC_PHYS_s20_T2_ctrl,11,171,115.7,-0.8835551738739014,0.5080032321616573
UBFC_PHYS_s20_T2_ctrl,11,172,115.73333333333333,-1.0273184776306152,0.31014627471119227
UBFC_PHYS_s20_T2_ctrl,11,173,115.76666666666667,-1.0209681987762451,0.04621787934325952
UBFC_PHYS_s20_T2_ctrl,11,174,115.8,-0.8459405899047852,-0.22535564569712038
UBFC_PHYS_s20_T2_ctrl,11,175,115.83333333333333,-0.5619239211082458,-0.44303448309195964
UBFC_PHYS_s20_T2_ctrl,11,176,115.86666666666666,-0.262386679649353,-0.5589815058444696
UBFC_PHYS_s20_T2_ctrl,11,177,115.9,-0.03473108261823654,-0.5506364373500707
UBFC_PHYS_s20_T2_ctrl,11,178,115.93333333333334,0.10077482461929321,-0.42331204044506765
UBFC_PHYS_s20_T2_ctrl,11,179,115.96666666666667,0.18129929900169373,-0.2041416050380176
UBFC_PHYS_s20_T2_ctrl,11,180,116.0,0.23672707378864288,0.06804382522144764
UBFC_PHYS_s20_T2_ctrl,11,181,116.03333333333333,0.2700405418872833,0.3492850710666551
UBFC_PHYS_s20_T2_ctrl,11,182,116.06666666666666,0.250685453414917,0.5935696007810248
UBFC_PHYS_s20_T2_ctrl,11,183,116.1,0.13727356493473053,0.7598164339766759
UBFC_PHYS_s20_T2_ctrl,11,184,116.13333333333334,-0.04333334416151047,0.8226965921294298
UBFC_PHYS_s20_T2_ctrl,11,185,116.16666666666667,-0.2218911349773407,0.7794334790099391
UBFC_PHYS_s20_T2_ctrl,11,186,116.2,-0.3781317472457886,0.6488810050435656
UBFC_PHYS_s20_T2_ctrl,11,187,116.23333333333333,-0.5149564146995544,0.4642304753278142
UBFC_PHYS_s20_T2_ctrl,11,188,116.26666666666667,-0.5736708641052246,0.26228759459869777
UBFC_PHYS_s20_T2_ctrl,11,189,116.3,-0.4666295349597931,0.07324809542936128
UBFC_PHYS_s20_T2_ctrl,11,190,116.33333333333333,-0.19247302412986755,-0.08587644845901328
UBFC_PHYS_s20_T2_ctrl,11,191,116.36666666666666,0.17898643016815186,-0.21234124734970794
UBFC_PHYS_s20_T2_ctrl,11,192,116.4,0.6097081303596497,-0.31339819005893155
UBFC_PHYS_s20_T2_ctrl,11,193,116.43333333333334,1.0572692155838013,-0.3987097463621798
UBFC_PHYS_s20_T2_ctrl,11,194,116.46666666666667,1.3696895837783813,-0.4726821587227892
UBFC_PHYS_s20_T2_ctrl,11,195,116.5,1.4296822547912598,-0.5304845290405944
UBFC_PHYS_s20_T2_ctrl,11,196,116.53333333333333,1.315824031829834,-0.5594157727310103
UBFC_PHYS_s20_T2_ctrl,11,197,116.56666666666666,1.170904278755188,-0.5448365613714465
UBFC_PHYS_s20_T2_ctrl,11,198,116.6,1.0349723100662231,-0.4775311123160388
UBFC_PHYS_s20_T2_ctrl,11,199,116.63333333333334,0.9182128310203552,-0.35774719090551227
UBFC_PHYS_s20_T2_ctrl,11,200,116.66666666666667,0.8347262740135193,-0.1949480693284672
UBFC_PHYS_s20_T2_ctrl,11,201,116.7,0.755784273147583,-0.006203612549502907
UBFC_PHYS_s20_T2_ctrl,11,202,116.73333333333333,0.6255533695220947,0.18528715768321855
UBFC_PHYS_s20_T2_ctrl,11,203,116.76666666666667,0.43186044692993164,0.35191071366417526
UBFC_PHYS_s20_T2_ctrl,11,204,116.8,0.2260756939649582,0.46434773250867073
UBFC_PHYS_s20_T2_ctrl,11,205,116.83333333333333,0.057479482144117355,0.49610494460961113
UBFC_PHYS_s20_T2_ctrl,11,206,116.86666666666666,-0.0773366242647171,0.4291410374550748
UBFC_PHYS_s20_T2_ctrl,11,207,116.9,-0.20016230642795563,0.2583343665075974
UBFC_PHYS_s20_T2_ctrl,11,208,116.93333333333334,-0.2965319752693176,-0.005381949919688617
UBFC_PHYS_s20_T2_ctrl,11,209,116.96666666666667,-0.33250322937965393,-0.3314827475647147
UBFC_PHYS_s20_T2_ctrl,11,210,117.0,-0.30497193336486816,-0.6688723386569501
UBFC_PHYS_s20_T2_ctrl,11,211,117.03333333333333,-0.23919710516929626,-0.9543444867334735
UBFC_PHYS_s20_T2_ctrl,11,212,117.06666666666666,-0.18295778334140778,-1.129166211242511
UBFC_PHYS_s20_T2_ctrl,11,213,117.1,-0.18433739244937897,-1.1543172067190306
UBFC_PHYS_s20_T2_ctrl,11,214,117.13333333333334,-0.23682336509227753,-1.018675327247894
UBFC_PHYS_s20_T2_ctrl,11,215,117.16666666666667,-0.2813360095024109,-0.7393439013847402
UBFC_PHYS_s20_T2_ctrl,11,216,117.2,-0.2811128497123718,-0.35568941826145944
UBFC_PHYS_s20_T2_ctrl,11,217,117.23333333333333,-0.23787835240364075,0.07949726375565148
UBFC_PHYS_s20_T2_ctrl,11,218,117.26666666666667,-0.18131442368030548,0.509605190544419
UBFC_PHYS_s20_T2_ctrl,11,219,117.3,-0.16899940371513367,0.8840283780176075
UBFC_PHYS_s20_T2_ctrl,11,220,117.33333333333333,-0.2165147215127945,1.1663557139223377
UBFC_PHYS_s20_T2_ctrl,11,221,117.36666666666666,-0.29223084449768066,1.3379086979933392
UBFC_PHYS_s20_T2_ctrl,11,222,117.4,-0.39334800839424133,1.396253005288922
UBFC_PHYS_s20_T2_ctrl,11,223,117.43333333333334,-0.5091133713722229,1.3509330066272394
UBFC_PHYS_s20_T2_ctrl,11,224,117.46666666666667,-0.5476611852645874,1.2183862344640646
UBFC_PHYS_s20_T2_ctrl,11,225,117.5,-0.4455702304840088,1.0172906677551465
UBFC_PHYS_s20_T2_ctrl,11,226,117.53333333333333,-0.2771768867969513,0.7654594042877885
UBFC_PHYS_s20_T2_ctrl,11,227,117.56666666666666,-0.14585039019584656,0.479123719870344
UBFC_PHYS_s20_T2_ctrl,11,228,117.6,-0.07502374798059464,0.17414385655484677
UBFC_PHYS_s20_T2_ctrl,11,229,117.63333333333334,-0.04132479801774025,-0.13244631789703715
UBFC_PHYS_s20_T2_ctrl,11,230,117.66666666666667,-0.010993709787726402,-0.42179777349246605
UBFC_PHYS_s20_T2_ctrl,11,231,117.7,0.03362037613987923,-0.6740828065119505
UBFC_PHYS_s20_T2_ctrl,11,232,117.73333333333333,0.06563539803028107,-0.8706095834382795
UBFC_PHYS_s20_T2_ctrl,11,233,117.76666666666667,0.05549122020602226,-0.9962859936945474
UBFC_PHYS_s20_T2_ctrl,11,234,117.8,0.01584778167307377,-1.0416633714667063
UBFC_PHYS_s20_T2_ctrl,11,235,117.83333333333333,-0.035339731723070145,-1.0040943001516063
UBFC_PHYS_s20_T2_ctrl,11,236,117.86666666666666,-0.09728007018566132,-0.8882296469126384
UBFC_PHYS_s20_T2_ctrl,11,237,117.9,-0.1730164885520935,-0.7066407266741592
UBFC_PHYS_s20_T2_ctrl,11,238,117.93333333333334,-0.26579514145851135,-0.48000661178453796
UBFC_PHYS_s20_T2_ctrl,11,239,117.96666666666667,-0.34429076313972473,-0.2351049178552194
UBFC_PHYS_s20_T2_ctrl,11,240,118.0,-0.3490990996360779,-0.0004878397563433901
UBFC_PHYS_s20_T2_ctrl,11,241,118.03333333333333,-0.28701674938201904,0.19850927852367123
UBFC_PHYS_s20_T2_ctrl,11,242,118.06666666666666,-0.22087672352790833,0.3439645305277593
UBFC_PHYS_s20_T2_ctrl,11,243,118.1,-0.11580333858728409,0.4277449330348164
UBFC_PHYS_s20_T2_ctrl,11,244,118.13333333333334,0.1204342395067215,0.4516895530391329
UBFC_PHYS_s20_T2_ctrl,11,245,118.16666666666667,0.4688258171081543,0.4258992146549576
UBFC_PHYS_s20_T2_ctrl,11,246,118.2,0.7867646217346191,0.3657725065452266
UBFC_PHYS_s20_T2_ctrl,11,247,118.23333333333333,0.9353564977645874,0.2886455800193031
UBFC_PHYS_s20_T2_ctrl,11,248,118.26666666666667,0.8519510626792908,0.21068826490151552
UBFC_PHYS_s20_T2_ctrl,11,249,118.3,0.5873098373413086,0.14444985375559904
UBFC_PHYS_s20_T2_ctrl,11,250,118.33333333333333,0.28044846653938293,0.09729424595355421
UBFC_PHYS_s20_T2_ctrl,11,251,118.36666666666666,0.03739400953054428,0.07084293310156577
UBFC_PHYS_s20_T2_ctrl,11,252,118.4,-0.10691703855991364,0.061298981579033254
UBFC_PHYS_s20_T2_ctrl,11,253,118.43333333333334,-0.15029354393482208,0.060342682652133016
UBFC_PHYS_s20_T2_ctrl,11,254,118.46666666666667,-0.15293101966381073,0.05694083686703551
UBFC_PHYS_s20_T2_ctrl,11,255,118.5,-0.20545756816864014,0.04090310763265154
UBFC_PHYS_s20_T2_ctrl,11,256,118.53333333333333,-0.29318439960479736,0.007200730272731954
UBFC_PHYS_s20_T2_ctrl,11,257,118.56666666666666,-0.3512699604034424,-0.04160861131138795
UBFC_PHYS_s20_T2_ctrl,11,258,118.6,-0.3963303864002228,-0.09649930290208707
UBFC_PHYS_s20_T2_ctrl,11,259,118.63333333333334,-0.4157463312149048,-0.1468554841442994
UBFC_PHYS_s20_T2_ctrl,11,260,118.66666666666667,-0.33043381571769714,-0.1867847292884232
UBFC_PHYS_s20_T2_ctrl,11,261,118.7,-0.15512216091156006,-0.21852087414835575
UBFC_PHYS_s20_T2_ctrl,11,262,118.73333333333333,0.0034718855749815702,-0.25081595468588336
UBFC_PHYS_s20_T2_ctrl,11,263,118.76666666666667,0.10749027132987976,-0.29298854964092363
UBFC_PHYS_s20_T2_ctrl,11,264,118.8,0.18121814727783203,-0.3474900842711522
UBFC_PHYS_s20_T2_ctrl,11,265,118.83333333333333,0.2296261489391327,-0.40540793103944534
UBFC_PHYS_s20_T2_ctrl,11,266,118.86666666666666,0.2681131660938263,-0.4470107293271189
UBFC_PHYS_s20_T2_ctrl,11,267,118.9,0.3276594579219818,-0.44667441542223507
UBFC_PHYS_s20_T2_ctrl,11,268,118.93333333333334,0.3918112516403198,-0.38071482362854847
UBFC_PHYS_s20_T2_ctrl,11,269,118.96666666666667,0.4076361656188965,-0.23608792089199168
UBFC_PHYS_s20_T2_ctrl,11,270,119.0,0.3593701720237732,-0.017534892527625606
UBFC_PHYS_s20_T2_ctrl,11,271,119.03333333333333,0.2887464165687561,0.2492785873099461
UBFC_PHYS_s20_T2_ctrl,11,272,119.06666666666666,0.2285914421081543,0.5208936295058912
UBFC_PHYS_s20_T2_ctrl,11,273,119.1,0.16161958873271942,0.7469614504600756
UBFC_PHYS_s20_T2_ctrl,11,274,119.13333333333334,0.06094878911972046,0.885305107088891
UBFC_PHYS_s20_T2_ctrl,11,275,119.16666666666667,-0.06465639919042587,0.9130715772258325
UBFC_PHYS_s20_T2_ctrl,11,276,119.2,-0.16346068680286407,0.830004118871115
UBFC_PHYS_s20_T2_ctrl,11,277,119.23333333333333,-0.1718803495168686,0.6547286870128377
UBFC_PHYS_s20_T2_ctrl,11,278,119.26666666666667,-0.0757744163274765,0.4169651882613887
UBFC_PHYS_s20_T2_ctrl,11,279,119.3,0.08200810104608536,0.1498243978562418
UBFC_PHYS_s20_T2_ctrl,11,280,119.33333333333333,0.24585683643817902,-0.11552930920998347
UBFC_PHYS_s20_T2_ctrl,11,281,119.36666666666666,0.36060774326324463,-0.3528224858232114
UBFC_PHYS_s20_T2_ctrl,11,282,119.4,0.406358003616333,-0.541766043385267
UBFC_PHYS_s20_T2_ctrl,11,283,119.43333333333334,0.4184904396533966,-0.668105740348713
UBFC_PHYS_s20_T2_ctrl,11,284,119.46666666666667,0.43309804797172546,-0.7234131991946178
UBFC_PHYS_s20_T2_ctrl,11,285,119.5,0.4604061543941498,-0.7051419097287467
UBFC_PHYS_s20_T2_ctrl,11,286,119.53333333333333,0.4911836087703705,-0.6170949020214131
UBFC_PHYS_s20_T2_ctrl,11,287,119.56666666666666,0.47728607058525085,-0.47003296236165837
UBFC_PHYS_s20_T2_ctrl,11,288,119.6,0.3950979709625244,-0.28165947073754843
UBFC_PHYS_s20_T2_ctrl,11,289,119.63333333333334,0.28359317779541016,-0.07494041904712861
UBFC_PHYS_s20_T2_ctrl,11,290,119.66666666666667,0.1506030261516571,0.12525403955709655
UBFC_PHYS_s20_T2_ctrl,11,291,119.7,-0.025662189349532127,0.2961003809883057
UBFC_PHYS_s20_T2_ctrl,11,292,119.73333333333333,-0.21578434109687805,0.4205154632871271
UBFC_PHYS_s20_T2_ctrl,11,293,119.76666666666667,-0.3740537762641907,0.490079284301101
UBFC_PHYS_s20_T2_ctrl,11,294,119.8,-0.48348915576934814,0.5062284680313989
UBFC_PHYS_s20_T2_ctrl,11,295,119.83333333333333,-0.525506317615509,0.47849908115355366
UBFC_PHYS_s20_T2_ctrl,11,296,119.86666666666666,-0.5057454705238342,0.4203433592781827
UBFC_PHYS_s20_T2_ctrl,11,297,119.9,-0.4865932762622833,0.34471134597114095
UBFC_PHYS_s20_T2_ctrl,11,298,119.93333333333334,-0.5236803889274597,0.26099503504629223
UBFC_PHYS_s20_T2_ctrl,11,299,119.96666666666667,-0.602804958820343,0.17403185581807334
UBFC_PHYS_s20_T2_ctrl,12,0,120.0,-0.6701622605323792,0.033624221192774556
UBFC_PHYS_s20_T2_ctrl,12,1,120.03333333333333,-0.673205554485321,-0.6593736136392303
UBFC_PHYS_s20_T2_ctrl,12,2,120.06666666666666,-0.5800211429595947,-1.234450438787966
UBFC_PHYS_s20_T2_ctrl,12,3,120.1,-0.39803460240364075,-1.596219013980339
UBFC_PHYS_s20_T2_ctrl,12,4,120.13333333333334,-0.1852300763130188,-1.6966215077466569
UBFC_PHYS_s20_T2_ctrl,12,5,120.16666666666667,-0.018500400707125664,-1.5448721712398092
UBFC_PHYS_s20_T2_ctrl,12,6,120.2,0.03769833594560623,-1.198058315787425
UBFC_PHYS_s20_T2_ctrl,12,7,120.23333333333333,-0.042846422642469406,-0.7424953525388632
UBFC_PHYS_s20_T2_ctrl,12,8,120.26666666666667,-0.21819865703582764,-0.2732695611833528
UBFC_PHYS_s20_T2_ctrl,12,9,120.3,-0.40192997455596924,0.1247908021858372
UBFC_PHYS_s20_T2_ctrl,12,10,120.33333333333333,-0.5276365876197815,0.3920582936192735
UBFC_PHYS_s20_T2_ctrl,12,11,120.36666666666666,-0.5595704913139343,0.5028462055170692
UBFC_PHYS_s20_T2_ctrl,12,12,120.4,-0.49231457710266113,0.466670864864643
UBFC_PHYS_s20_T2_ctrl,12,13,120.43333333333334,-0.36086633801460266,0.32162982891638936
UBFC_PHYS_s20_T2_ctrl,12,14,120.46666666666667,-0.22751100361347198,0.1218143989287662
UBFC_PHYS_s20_T2_ctrl,12,15,120.5,-0.13698437809944153,-0.0772823943280244
UBFC_PHYS_s20_T2_ctrl,12,16,120.53333333333333,-0.10939221829175949,-0.23134660527273104
UBFC_PHYS_s20_T2_ctrl,12,17,120.56666666666666,-0.1449374109506607,-0.3143490803039718
UBFC_PHYS_s20_T2_ctrl,12,18,120.6,-0.2114832103252411,-0.3196216185245838
UBFC_PHYS_s20_T2_ctrl,12,19,120.63333333333334,-0.2588768005371094,-0.2571127854643289
UBFC_PHYS_s20_T2_ctrl,12,20,120.66666666666667,-0.27565526962280273,-0.14823528723739704
UBFC_PHYS_s20_T2_ctrl,12,21,120.7,-0.2774609327316284,-0.018615345638822008
UBFC_PHYS_s20_T2_ctrl,12,22,120.73333333333333,-0.2737075984477997,0.10902540911350142
UBFC_PHYS_s20_T2_ctrl,12,23,120.76666666666667,-0.2899991273880005,0.2180742080855752
UBFC_PHYS_s20_T2_ctrl,12,24,120.8,-0.3478209376335144,0.2975127631324
UBFC_PHYS_s20_T2_ctrl,12,25,120.83333333333333,-0.42274582386016846,0.341643344795904
UBFC_PHYS_s20_T2_ctrl,12,26,120.86666666666666,-0.4979141652584076,0.35115758620509774
UBFC_PHYS_s20_T2_ctrl,12,27,120.9,-0.5696132183074951,0.3334553554668698
UBFC_PHYS_s20_T2_ctrl,12,28,120.93333333333334,-0.5754562616348267,0.3008674266758701
UBFC_PHYS_s20_T2_ctrl,12,29,120.96666666666667,-0.4424458146095276,0.26661643352507736
UBFC_PHYS_s20_T2_ctrl,12,30,121.0,-0.19298022985458374,0.2399035939591127
UBFC_PHYS_s20_T2_ctrl,12,31,121.03333333333333,0.10065309703350067,0.22280507926517248
UBFC_PHYS_s20_T2_ctrl,12,32,121.06666666666666,0.39684274792671204,0.21013523012767968
UBFC_PHYS_s20_T2_ctrl,12,33,121.1,0.6386799216270447,0.19168063185296433
UBFC_PHYS_s20_T2_ctrl,12,34,121.13333333333334,0.7652183771133423,0.15572700751788388
UBFC_PHYS_s20_T2_ctrl,12,35,121.16666666666667,0.8045980930328369,0.09256378485219192
UBFC_PHYS_s20_T2_ctrl,12,36,121.2,0.8195099830627441,-0.0025157900327175808
UBFC_PHYS_s20_T2_ctrl,12,37,121.23333333333333,0.8014533519744873,-0.12638660259793588
UBFC_PHYS_s20_T2_ctrl,12,38,121.26666666666667,0.7164248824119568,-0.2660866740988693
UBFC_PHYS_s20_T2_ctrl,12,39,121.3,0.5874315500259399,-0.39920404434716866
UBFC_PHYS_s20_T2_ctrl,12,40,121.33333333333333,0.47217342257499695,-0.4977079041187667
UBFC_PHYS_s20_T2_ctrl,12,41,121.36666666666666,0.4034161865711212,-0.535402951648609
UBFC_PHYS_s20_T2_ctrl,12,42,121.4,0.37397778034210205,-0.49678993812197675
UBFC_PHYS_s20_T2_ctrl,12,43,121.43333333333334,0.3523503839969635,-0.3830835018604071
UBFC_PHYS_s20_T2_ctrl,12,44,121.46666666666667,0.29467061161994934,-0.21289878980519708
UBFC_PHYS_s20_T2_ctrl,12,45,121.5,0.16338467597961426,-0.01739711812687164
UBFC_PHYS_s20_T2_ctrl,12,46,121.53333333333333,0.032301634550094604,0.1683150115928467
UBFC_PHYS_s20_T2_ctrl,12,47,121.56666666666666,0.04910039156675339,0.3140908597461102
UBFC_PHYS_s20_T2_ctrl,12,48,121.6,0.20739011466503143,0.40125015314553414
UBFC_PHYS_s20_T2_ctrl,12,49,121.63333333333334,0.34563496708869934,0.42518101917101075
UBFC_PHYS_s20_T2_ctrl,12,50,121.66666666666667,0.36687687039375305,0.39408446469746006
UBFC_PHYS_s20_T2_ctrl,12,51,121.7,0.30751314759254456,0.32532630945848046
UBFC_PHYS_s20_T2_ctrl,12,52,121.73333333333333,0.23522573709487915,0.2404966010292732
UBFC_PHYS_s20_T2_ctrl,12,53,121.76666666666667,0.18452514708042145,0.1597366259623509
UBFC_PHYS_s20_T2_ctrl,12,54,121.8,0.1518203169107437,0.09661710258377657
UBFC_PHYS_s20_T2_ctrl,12,55,121.83333333333333,0.09765041619539261,0.05543242170335745
UBFC_PHYS_s20_T2_ctrl,12,56,121.86666666666666,-0.047837357968091965,0.031594061539876206
UBFC_PHYS_s20_T2_ctrl,12,57,121.9,-0.31172797083854675,0.014527529591281431
UBFC_PHYS_s20_T2_ctrl,12,58,121.93333333333334,-0.5879335999488831,-0.008240237749794103
UBFC_PHYS_s20_T2_ctrl,12,59,121.96666666666667,-0.7193209528923035,-0.04754860571379024
UBFC_PHYS_s20_T2_ctrl,12,60,122.0,-0.6780747175216675,-0.11017434561936516
UBFC_PHYS_s20_T2_ctrl,12,61,122.03333333333333,-0.5780734419822693,-0.19685307947684932
UBFC_PHYS_s20_T2_ctrl,12,62,122.06666666666666,-0.5227674245834351,-0.3007992378849322
UBFC_PHYS_s20_T2_ctrl,12,63,122.1,-0.5060092210769653,-0.4075586944356907
UBFC_PHYS_s20_T2_ctrl,12,64,122.13333333333334,-0.4716610312461853,-0.4970809049855962
UBFC_PHYS_s20_T2_ctrl,12,65,122.16666666666667,-0.4004286527633667,-0.5486690427455745
UBFC_PHYS_s20_T2_ctrl,12,66,122.2,-0.3073456883430481,-0.5471481683714213
UBFC_PHYS_s20_T2_ctrl,12,67,122.23333333333333,-0.18967323005199432,-0.4865809436079549
UBFC_PHYS_s20_T2_ctrl,12,68,122.26666666666667,-0.047005534172058105,-0.37047209325616315
UBFC_PHYS_s20_T2_ctrl,12,69,122.3,0.06527020782232285,-0.21018370211592977
UBFC_PHYS_s20_T2_ctrl,12,70,122.33333333333333,0.09095526486635208,-0.022753506104704783
UBFC_PHYS_s20_T2_ctrl,12,71,122.36666666666666,0.061699457466602325,0.17153668647055406
UBFC_PHYS_s20_T2_ctrl,12,72,122.4,0.06405290961265564,0.35166610391061653
UBFC_PHYS_s20_T2_ctrl,12,73,122.43333333333334,0.10225587338209152,0.4983935904659591
UBFC_PHYS_s20_T2_ctrl,12,74,122.46666666666667,0.0773620679974556,0.5968445620479856
UBFC_PHYS_s20_T2_ctrl,12,75,122.5,-0.06668523699045181,0.6392053813277662
UBFC_PHYS_s20_T2_ctrl,12,76,122.53333333333333,-0.2504976987838745,0.6264923183508799
UBFC_PHYS_s20_T2_ctrl,12,77,122.56666666666666,-0.3345726430416107,0.5675066865817389
UBFC_PHYS_s20_T2_ctrl,12,78,122.6,-0.24934127926826477,0.47525656818830997
UBFC_PHYS_s20_T2_ctrl,12,79,122.63333333333334,-0.057596053928136826,0.36325734822978367
UBFC_PHYS_s20_T2_ctrl,12,80,122.66666666666667,0.11276523768901825,0.24295160603499594
UBFC_PHYS_s20_T2_ctrl,12,81,122.7,0.23185786604881287,0.12209060742011382
UBFC_PHYS_s20_T2_ctrl,12,82,122.73333333333333,0.3707113564014435,0.004309707634165032
UBFC_PHYS_s20_T2_ctrl,12,83,122.76666666666667,0.5356759428977966,-0.10948267204133134
UBFC_PHYS_s20_T2_ctrl,12,84,122.8,0.6513398289680481,-0.21839632873838205
UBFC_PHYS_s20_T2_ctrl,12,85,122.83333333333333,0.6811434626579285,-0.31905607403884967
UBFC_PHYS_s20_T2_ctrl,12,86,122.86666666666666,0.6153280138969421,-0.4044183825130194
UBFC_PHYS_s20_T2_ctrl,12,87,122.9,0.45839762687683105,-0.4643793197921278
UBFC_PHYS_s20_T2_ctrl,12,88,122.93333333333334,0.2767762839794159,-0.48823411489202434
UBFC_PHYS_s20_T2_ctrl,12,89,122.96666666666667,0.15382887423038483,-0.4685920419903443
UBFC_PHYS_s20_T2_ctrl,12,90,123.0,0.0939985141158104,-0.4052632203299445
UBFC_PHYS_s20_T2_ctrl,12,91,123.03333333333333,0.010836557485163212,-0.3068378522765102
UBFC_PHYS_s20_T2_ctrl,12,92,123.06666666666666,-0.1489139348268509,-0.18885510017974264
UBFC_PHYS_s20_T2_ctrl,12,93,123.1,-0.30679789185523987,-0.06891683456967175
UBFC_PHYS_s20_T2_ctrl,12,94,123.13333333333334,-0.3494642972946167,0.03917266732128225
UBFC_PHYS_s20_T2_ctrl,12,95,123.16666666666667,-0.27382931113243103,0.12887907304490792
UBFC_PHYS_s20_T2_ctrl,12,96,123.2,-0.13668005168437958,0.20069900711368813
UBFC_PHYS_s20_T2_ctrl,12,97,123.23333333333333,0.03690709173679352,0.2591922302986022
UBFC_PHYS_s20_T2_ctrl,12,98,123.26666666666667,0.20185139775276184,0.30881733246409354
UBFC_PHYS_s20_T2_ctrl,12,99,123.3,0.2757415771484375,0.35030497683126877
UBFC_PHYS_s20_T2_ctrl,12,100,123.33333333333333,0.23490113019943237,0.3790180794063194
UBFC_PHYS_s20_T2_ctrl,12,101,123.36666666666666,0.11651858687400818,0.3861755717712687
UBFC_PHYS_s20_T2_ctrl,12,102,123.4,-0.056885965168476105,0.3624816228824146
UBFC_PHYS_s20_T2_ctrl,12,103,123.43333333333334,-0.28539368510246277,0.3024583350542179
UBFC_PHYS_s20_T2_ctrl,12,104,123.46666666666667,-0.5427716970443726,0.20746524848096798
UBFC_PHYS_s20_T2_ctrl,12,105,123.5,-0.8086302876472473,0.08552062762418847
UBFC_PHYS_s20_T2_ctrl,12,106,123.53333333333333,-1.0782828330993652,-0.05160282759592448
UBFC_PHYS_s20_T2_ctrl,12,107,123.56666666666666,-1.2748769521713257,-0.1913275769032635
UBFC_PHYS_s20_T2_ctrl,12,108,123.6,-1.320992350578308,-0.32202053171613826
UBFC_PHYS_s20_T2_ctrl,12,109,123.63333333333334,-1.2234662771224976,-0.4339985433142961
UBFC_PHYS_s20_T2_ctrl,12,110,123.66666666666667,-0.9821971654891968,-0.5200817173864707
UBFC_PHYS_s20_T2_ctrl,12,111,123.7,-0.6268263459205627,-0.5756819331243757
UBFC_PHYS_s20_T2_ctrl,12,112,123.73333333333333,-0.31034836173057556,-0.5980954442359253
UBFC_PHYS_s20_T2_ctrl,12,113,123.76666666666667,-0.1181567907333374,-0.5844680214574799
UBFC_PHYS_s20_T2_ctrl,12,114,123.8,0.01566518470644951,-0.5289803761302755
UBFC_PHYS_s20_T2_ctrl,12,115,123.83333333333333,0.07604332268238068,-0.42082003536537865
UBFC_PHYS_s20_T2_ctrl,12,116,123.86666666666666,0.016131818294525146,-0.24632950413860624
UBFC_PHYS_s20_T2_ctrl,12,117,123.9,-0.062120359390974045,0.00047163288055775826
UBFC_PHYS_s20_T2_ctrl,12,118,123.93333333333334,-0.03988432511687279,0.3036790599253884
UBFC_PHYS_s20_T2_ctrl,12,119,123.96666666666667,0.04047784209251404,0.6201863085555177
UBFC_PHYS_s20_T2_ctrl,12,120,124.0,0.06478329002857208,0.8883854764807461
UBFC_PHYS_s20_T2_ctrl,12,121,124.03333333333333,0.03213932737708092,1.0471673944546525
UBFC_PHYS_s20_T2_ctrl,12,122,124.06666666666666,0.056749098002910614,1.0565268656983433
UBFC_PHYS_s20_T2_ctrl,12,123,124.1,0.17275789380073547,0.9080431620760546
UBFC_PHYS_s20_T2_ctrl,12,124,124.13333333333334,0.26851892471313477,0.6229477409972948
UBFC_PHYS_s20_T2_ctrl,12,125,124.16666666666667,0.26857978105545044,0.24516612342062272
UBFC_PHYS_s20_T2_ctrl,12,126,124.2,0.2522476613521576,-0.1666027073662462
UBFC_PHYS_s20_T2_ctrl,12,127,124.23333333333333,0.312240332365036,-0.5480341642348505
UBFC_PHYS_s20_T2_ctrl,12,128,124.26666666666667,0.43297630548477173,-0.8391981207410293
UBFC_PHYS_s20_T2_ctrl,12,129,124.3,0.5926659107208252,-0.9941648398215469
UBFC_PHYS_s20_T2_ctrl,12,130,124.33333333333333,0.7945553064346313,-0.9889934358508968
UBFC_PHYS_s20_T2_ctrl,12,131,124.36666666666666,0.9446079730987549,-0.8269342936973674
UBFC_PHYS_s20_T2_ctrl,12,132,124.4,0.9333276748657227,-0.5395188734996463
UBFC_PHYS_s20_T2_ctrl,12,133,124.43333333333334,0.8056327700614929,-0.1822385219255011
UBFC_PHYS_s20_T2_ctrl,12,134,124.46666666666667,0.6961365342140198,0.1757304631759952
UBFC_PHYS_s20_T2_ctrl,12,135,124.5,0.664912760257721,0.4671636564691594
UBFC_PHYS_s20_T2_ctrl,12,136,124.53333333333333,0.6875545382499695,0.6435420664059887
UBFC_PHYS_s20_T2_ctrl,12,137,124.56666666666666,0.68349689245224,0.6856699409374171
UBFC_PHYS_s20_T2_ctrl,12,138,124.6,0.5588249564170837,0.6047231399263617
UBFC_PHYS_s20_T2_ctrl,12,139,124.63333333333334,0.3012440502643585,0.4347401315993762
UBFC_PHYS_s20_T2_ctrl,12,140,124.66666666666667,-0.00866054929792881,0.2204410391973707
UBFC_PHYS_s20_T2_ctrl,12,141,124.7,-0.3029025197029114,0.006236081284293591
UBFC_PHYS_s20_T2_ctrl,12,142,124.73333333333333,-0.5702218413352966,-0.17053177367541555
UBFC_PHYS_s20_T2_ctrl,12,143,124.76666666666667,-0.7712997198104858,-0.2823513104236028
UBFC_PHYS_s20_T2_ctrl,12,144,124.8,-0.8310894966125488,-0.31211484987632776
UBFC_PHYS_s20_T2_ctrl,12,145,124.83333333333333,-0.7476637959480286,-0.25415403257145935
UBFC_PHYS_s20_T2_ctrl,12,146,124.86666666666666,-0.5827397704124451,-0.11648871246076588
UBFC_PHYS_s20_T2_ctrl,12,147,124.9,-0.3789229989051819,0.07715240924958877
UBFC_PHYS_s20_T2_ctrl,12,148,124.93333333333334,-0.17356428503990173,0.2880013948058463
UBFC_PHYS_s20_T2_ctrl,12,149,124.96666666666667,-0.020590100437402725,0.4683938420088395
UBFC_PHYS_s20_T2_ctrl,12,150,125.0,0.0696524903178215,0.5734161529144388
UBFC_PHYS_s20_T2_ctrl,12,151,125.03333333333333,0.1127246618270874,0.5750376642891364
UBFC_PHYS_s20_T2_ctrl,12,152,125.06666666666666,0.08687730133533478,0.47254190009323654
UBFC_PHYS_s20_T2_ctrl,12,153,125.1,-0.003142117289826274,0.2912533346160049
UBFC_PHYS_s20_T2_ctrl,12,154,125.13333333333334,-0.08021757006645203,0.07018115345150791
UBFC_PHYS_s20_T2_ctrl,12,155,125.16666666666667,-0.10533455014228821,-0.15230676296041498
UBFC_PHYS_s20_T2_ctrl,12,156,125.2,-0.13856686651706696,-0.3487700730434526
UBFC_PHYS_s20_T2_ctrl,12,157,125.23333333333333,-0.2271661013364792,-0.5073000266428579
UBFC_PHYS_s20_T2_ctrl,12,158,125.26666666666667,-0.3475368916988373,-0.6305104615078571
UBFC_PHYS_s20_T2_ctrl,12,159,125.3,-0.4676033854484558,-0.7304492655692683
UBFC_PHYS_s20_T2_ctrl,12,160,125.33333333333333,-0.5275351405143738,-0.8209198801570377
UBFC_PHYS_s20_T2_ctrl,12,161,125.36666666666666,-0.4410865008831024,-0.9084435981483189
UBFC_PHYS_s20_T2_ctrl,12,162,125.4,-0.22706466913223267,-0.9847196604946622
UBFC_PHYS_s20_T2_ctrl,12,163,125.43333333333334,-0.004501436837017536,-1.0246008216106899
UBFC_PHYS_s20_T2_ctrl,12,164,125.46666666666667,0.14693082869052887,-0.9912582925281012
UBFC_PHYS_s20_T2_ctrl,12,165,125.5,0.20872914791107178,-0.847433547420016
UBFC_PHYS_s20_T2_ctrl,12,166,125.53333333333333,0.1997414082288742,-0.5698435616861387
UBFC_PHYS_s20_T2_ctrl,12,167,125.56666666666666,0.21041308343410492,-0.16237971421577524
UBFC_PHYS_s20_T2_ctrl,12,168,125.6,0.30039191246032715,0.33719454547442607
UBFC_PHYS_s20_T2_ctrl,12,169,125.63333333333334,0.41680648922920227,0.8622093589913719
UBFC_PHYS_s20_T2_ctrl,12,170,125.66666666666667,0.49367907643318176,1.33250193462506
UBFC_PHYS_s20_T2_ctrl,12,171,125.7,0.5484778881072998,1.6728667344247494
UBFC_PHYS_s20_T2_ctrl,12,172,125.73333333333333,0.6219014525413513,1.829102952729745
UBFC_PHYS_s20_T2_ctrl,12,173,125.76666666666667,0.7026693820953369,1.7790917581883814
UBFC_PHYS_s20_T2_ctrl,12,174,125.8,0.7470805644989014,1.536354097128641
UBFC_PHYS_s20_T2_ctrl,12,175,125.83333333333333,0.7618910670280457,1.1438679078716227
UBFC_PHYS_s20_T2_ctrl,12,176,125.86666666666666,0.8006215691566467,0.6611475371348262
UBFC_PHYS_s20_T2_ctrl,12,177,125.9,0.8597418069839478,0.15213403160920272
UBFC_PHYS_s20_T2_ctrl,12,178,125.93333333333334,0.875586986541748,-0.3228114173479951
UBFC_PHYS_s20_T2_ctrl,12,179,125.96666666666667,0.847325325012207,-0.7122848263296375
UBFC_PHYS_s20_T2_ctrl,12,180,126.0,0.8508555293083191,-0.9778590869077745
UBFC_PHYS_s20_T2_ctrl,12,181,126.03333333333333,0.9085961580276489,-1.0971743303035437
UBFC_PHYS_s20_T2_ctrl,12,182,126.06666666666666,0.8863398432731628,-1.06620651754977
UBFC_PHYS_s20_T2_ctrl,12,183,126.1,0.5966830253601074,-0.9003481940320859
UBFC_PHYS_s20_T2_ctrl,12,184,126.13333333333334,0.04782222583889961,-0.6336797286258434
UBFC_PHYS_s20_T2_ctrl,12,185,126.16666666666667,-0.512116014957428,-0.3157037191195704
UBFC_PHYS_s20_T2_ctrl,12,186,126.2,-0.9005365371704102,-0.004425548227594167
UBFC_PHYS_s20_T2_ctrl,12,187,126.23333333333333,-1.1504687070846558,0.2452213292022278
UBFC_PHYS_s20_T2_ctrl,12,188,126.26666666666667,-1.3229399919509888,0.3946365293016323
UBFC_PHYS_s20_T2_ctrl,12,189,126.3,-1.4390705823898315,0.42999328452893537
UBFC_PHYS_s20_T2_ctrl,12,190,126.33333333333333,-1.5477349758148193,0.3623887245282035
UBFC_PHYS_s20_T2_ctrl,12,191,126.36666666666666,-1.6332910060882568,0.22002043060891235
UBFC_PHYS_s20_T2_ctrl,12,192,126.4,-1.6097970008850098,0.03651676512666567
UBFC_PHYS_s20_T2_ctrl,12,193,126.43333333333334,-1.4677177667617798,-0.15760090895259352
UBFC_PHYS_s20_T2_ctrl,12,194,126.46666666666667,-1.2631299495697021,-0.3381875817110931
UBFC_PHYS_s20_T2_ctrl,12,195,126.5,-0.995181679725647,-0.4884648191099608
UBFC_PHYS_s20_T2_ctrl,12,196,126.53333333333333,-0.6537084579467773,-0.5987932967936437
UBFC_PHYS_s20_T2_ctrl,12,197,126.56666666666666,-0.3137364983558655,-0.6639870778846103
UBFC_PHYS_s20_T2_ctrl,12,198,126.6,-0.05037340149283409,-0.6794220774426872
UBFC_PHYS_s20_T2_ctrl,12,199,126.63333333333334,0.1336013823747635,-0.6394341948256496
UBFC_PHYS_s20_T2_ctrl,12,200,126.66666666666667,0.2809556722640991,-0.5388682266295077
UBFC_PHYS_s20_T2_ctrl,12,201,126.7,0.4032538831233978,-0.3758150770929791
UBFC_PHYS_s20_T2_ctrl,12,202,126.73333333333333,0.459209144115448,-0.15423923806763826
UBFC_PHYS_s20_T2_ctrl,12,203,126.76666666666667,0.44062501192092896,0.11384647153376715
UBFC_PHYS_s20_T2_ctrl,12,204,126.8,0.42224377393722534,0.40724426626328025
UBFC_PHYS_s20_T2_ctrl,12,205,126.83333333333333,0.41678619384765625,0.6962331431750673
UBFC_PHYS_s20_T2_ctrl,12,206,126.86666666666666,0.3371138572692871,0.9452211980486834
UBFC_PHYS_s20_T2_ctrl,12,207,126.9,0.18955665826797485,1.11694306906035
UBFC_PHYS_s20_T2_ctrl,12,208,126.93333333333334,0.11317101120948792,1.177979088475318
UBFC_PHYS_s20_T2_ctrl,12,209,126.96666666666667,0.1733868420124054,1.1054864937886342
UBFC_PHYS_s20_T2_ctrl,12,210,127.0,0.2994180917739868,0.8941148412921638
UBFC_PHYS_s20_T2_ctrl,12,211,127.03333333333333,0.43474140763282776,0.5611735531265786
UBFC_PHYS_s20_T2_ctrl,12,212,127.06666666666666,0.5699835419654846,0.14733665157202638
UBFC_PHYS_s20_T2_ctrl,12,213,127.1,0.662356436252594,-0.28998483948836007
UBFC_PHYS_s20_T2_ctrl,12,214,127.13333333333334,0.6841866970062256,-0.6889631742303349
UBFC_PHYS_s20_T2_ctrl,12,215,127.16666666666667,0.6813462972640991,-0.9954547422271536
UBFC_PHYS_s20_T2_ctrl,12,216,127.2,0.6999101638793945,-1.171109324300987
UBFC_PHYS_s20_T2_ctrl,12,217,127.23333333333333,0.7384783029556274,-1.1965318959393612
UBFC_PHYS_s20_T2_ctrl,12,218,127.26666666666667,0.777634859085083,-1.0705615294000492
UBFC_PHYS_s20_T2_ctrl,12,219,127.3,0.7855473160743713,-0.8082741422401726
UBFC_PHYS_s20_T2_ctrl,12,220,127.33333333333333,0.7286182045936584,-0.43928149567748037
UBFC_PHYS_s20_T2_ctrl,12,221,127.36666666666666,0.6170119643211365,-0.0064514818323636695
UBFC_PHYS_s20_T2_ctrl,12,222,127.4,0.47069236636161804,0.4366899295091537
UBFC_PHYS_s20_T2_ctrl,12,223,127.43333333333334,0.26121512055397034,0.8328668404786341
UBFC_PHYS_s20_T2_ctrl,12,224,127.46666666666667,-0.016065798699855804,1.1312260679038741
UBFC_PHYS_s20_T2_ctrl,12,225,127.5,-0.2654096484184265,1.2957339065094933
UBFC_PHYS_s20_T2_ctrl,12,226,127.53333333333333,-0.3736480176448822,1.3093550465246313
UBFC_PHYS_s20_T2_ctrl,12,227,127.56666666666666,-0.359060674905777,1.1745934446707058
UBFC_PHYS_s20_T2_ctrl,12,228,127.6,-0.3035111725330353,0.911470950227777
UBFC_PHYS_s20_T2_ctrl,12,229,127.63333333333334,-0.22740957140922546,0.5541486757215695
UBFC_PHYS_s20_T2_ctrl,12,230,127.66666666666667,-0.11436286568641663,0.14640373142240723
UBFC_PHYS_s20_T2_ctrl,12,231,127.7,-0.008741702884435654,-0.2647275443927082
UBFC_PHYS_s20_T2_ctrl,12,232,127.73333333333333,0.0212039053440094,-0.636119799009168
UBFC_PHYS_s20_T2_ctrl,12,233,127.76666666666667,-0.02436373382806778,-0.9338617539514903
UBFC_PHYS_s20_T2_ctrl,12,234,127.8,-0.11166451871395111,-1.1353802079590014
UBFC_PHYS_s20_T2_ctrl,12,235,127.83333333333333,-0.22270266711711884,-1.228648107874381
UBFC_PHYS_s20_T2_ctrl,12,236,127.86666666666666,-0.3118496835231781,-1.2103686292436207
UBFC_PHYS_s20_T2_ctrl,12,237,127.9,-0.33181342482566833,-1.0860980366750388
UBFC_PHYS_s20_T2_ctrl,12,238,127.93333333333334,-0.3043227195739746,-0.872282334287323
UBFC_PHYS_s20_T2_ctrl,12,239,127.96666666666667,-0.2733626961708069,-0.597199185934349
UBFC_PHYS_s20_T2_ctrl,12,240,128.0,-0.24015064537525177,-0.29814048237256535
UBFC_PHYS_s20_T2_ctrl,12,241,128.03333333333333,-0.21708279848098755,-0.013331868119398696
UBFC_PHYS_s20_T2_ctrl,12,242,128.06666666666666,-0.23629586398601532,0.22823599570191105
UBFC_PHYS_s20_T2_ctrl,12,243,128.1,-0.24368081986904144,0.41187731261561694
UBFC_PHYS_s20_T2_ctrl,12,244,128.13333333333333,-0.13032980263233185,0.5353909658190542
UBFC_PHYS_s20_T2_ctrl,12,245,128.16666666666666,0.13954587280750275,0.6043121427795524
UBFC_PHYS_s20_T2_ctrl,12,246,128.2,0.5263230204582214,0.6269407193951057
UBFC_PHYS_s20_T2_ctrl,12,247,128.23333333333332,0.9400228261947632,0.609956308950893
UBFC_PHYS_s20_T2_ctrl,12,248,128.26666666666668,1.2114200592041016,0.5559933522120989
UBFC_PHYS_s20_T2_ctrl,12,249,128.3,1.2088637351989746,0.4648869867635938
UBFC_PHYS_s20_T2_ctrl,12,250,128.33333333333334,0.9541231989860535,0.3379908706922148
UBFC_PHYS_s20_T2_ctrl,12,251,128.36666666666667,0.5222450494766235,0.18278227029858163
UBFC_PHYS_s20_T2_ctrl,12,252,128.4,0.03514200448989868,0.015366393629824051
UBFC_PHYS_s20_T2_ctrl,12,253,128.43333333333334,-0.33875206112861633,-0.1405746827180246
UBFC_PHYS_s20_T2_ctrl,12,254,128.46666666666667,-0.5461598634719849,-0.2584710658680024
UBFC_PHYS_s20_T2_ctrl,12,255,128.5,-0.673205554485321,-0.3158407866853249
UBFC_PHYS_s20_T2_ctrl,12,256,128.53333333333333,-0.7599382400512695,-0.3013919758336956
UBFC_PHYS_s20_T2_ctrl,12,257,128.56666666666666,-0.7680941820144653,-0.21965137891299566
UBFC_PHYS_s20_T2_ctrl,12,258,128.6,-0.6954212784767151,-0.09099785362264566
UBFC_PHYS_s20_T2_ctrl,12,259,128.63333333333333,-0.5960286259651184,0.0540754244890127
UBFC_PHYS_s20_T2_ctrl,12,260,128.66666666666666,-0.5427514314651489,0.18454821887141853
UBFC_PHYS_s20_T2_ctrl,12,261,128.7,-0.5702826976776123,0.277641676723759
UBFC_PHYS_s20_T2_ctrl,12,262,128.73333333333332,-0.6208209991455078,0.3235989929119752
UBFC_PHYS_s20_T2_ctrl,12,263,128.76666666666668,-0.5897189974784851,0.32542359001142007
UBFC_PHYS_s20_T2_ctrl,12,264,128.8,-0.436379611492157,0.29454945815262024
UBFC_PHYS_s20_T2_ctrl,12,265,128.83333333333334,-0.2117469608783722,0.24515006432430786
UBFC_PHYS_s20_T2_ctrl,12,266,128.86666666666667,0.00022574924514628947,0.18946802349172623
UBFC_PHYS_s20_T2_ctrl,12,267,128.9,0.12863072752952576,0.13572903558180743
UBFC_PHYS_s20_T2_ctrl,12,268,128.93333333333334,0.16026027500629425,0.08841907061972284
UBFC_PHYS_s20_T2_ctrl,12,269,128.96666666666667,0.13571137189865112,0.049093669811923604
UBFC_PHYS_s20_T2_ctrl,12,270,129.0,0.10373692214488983,0.016548910799878132
UBFC_PHYS_s20_T2_ctrl,12,271,129.03333333333333,0.10174866765737534,-0.01381435424286677
UBFC_PHYS_s20_T2_ctrl,12,272,129.06666666666666,0.13435204327106476,-0.05074763649993176
UBFC_PHYS_s20_T2_ctrl,12,273,129.1,0.14342093467712402,-0.10668436219998577
UBFC_PHYS_s20_T2_ctrl,12,274,129.13333333333333,0.06890182197093964,-0.1950427454056437
UBFC_PHYS_s20_T2_ctrl,12,275,129.16666666666666,-0.06222179904580116,-0.3249989178011352
UBFC_PHYS_s20_T2_ctrl,12,276,129.2,-0.17186005413532257,-0.4949990563622692
UBFC_PHYS_s20_T2_ctrl,12,277,129.23333333333332,-0.24992963671684265,-0.6876998517433633
UBFC_PHYS_s20_T2_ctrl,12,278,129.26666666666668,-0.35088446736335754,-0.8691371901655871
UBFC_PHYS_s20_T2_ctrl,12,279,129.3,-0.4741767942905426,-0.9943827408714887
UBFC_PHYS_s20_T2_ctrl,12,280,129.33333333333334,-0.5549244284629822,-1.018934227468947
UBFC_PHYS_s20_T2_ctrl,12,281,129.36666666666667,-0.5451454520225525,-0.9120568157105415
UBFC_PHYS_s20_T2_ctrl,12,282,129.4,-0.4361361265182495,-0.6677139948409326
UBFC_PHYS_s20_T2_ctrl,12,283,129.43333333333334,-0.26656609773635864,-0.30892514688608685
UBFC_PHYS_s20_T2_ctrl,12,284,129.46666666666667,-0.11596564948558807,0.11589381237795504
UBFC_PHYS_s20_T2_ctrl,12,285,129.5,-0.02864457666873932,0.5430828894822957
UBFC_PHYS_s20_T2_ctrl,12,286,129.53333333333333,0.03019164688885212,0.9071182026825398
UBFC_PHYS_s20_T2_ctrl,12,287,129.56666666666666,0.12211817502975464,1.1528072309255701
UBFC_PHYS_s20_T2_ctrl,12,288,129.6,0.25723859667778015,1.2446598089665053
UBFC_PHYS_s20_T2_ctrl,12,289,129.63333333333333,0.40284809470176697,1.1745244110844177
UBFC_PHYS_s20_T2_ctrl,12,290,129.66666666666666,0.5448057055473328,0.9653061751377932
UBFC_PHYS_s20_T2_ctrl,12,291,129.7,0.6748946309089661,0.6656634980002412
UBFC_PHYS_s20_T2_ctrl,12,292,129.73333333333332,0.7393304109573364,0.33622369243916417
UBFC_PHYS_s20_T2_ctrl,12,293,129.76666666666668,0.7015737891197205,0.033586947367084265
UBFC_PHYS_s20_T2_ctrl,12,294,129.8,0.6153077483177185,-0.20217481606084045
UBFC_PHYS_s20_T2_ctrl,12,295,129.83333333333334,0.5371975898742676,-0.35248428963474615
UBFC_PHYS_s20_T2_ctrl,12,296,129.86666666666667,0.46568113565444946,-0.41766916146640043
UBFC_PHYS_s20_T2_ctrl,12,297,129.9,0.3796382248401642,-0.4106007127440588
UBFC_PHYS_s20_T2_ctrl,12,298,129.93333333333334,0.24664807319641113,-0.3500555148555162
UBFC_PHYS_s20_T2_ctrl,12,299,129.96666666666667,0.05198133736848831,-0.25619178101855705
UBFC_PHYS_s20_T2_ctrl,13,0,130.0,-0.12694165110588074,0.021756481418592474
UBFC_PHYS_s20_T2_ctrl,13,1,130.03333333333333,-0.170338436961174,-0.3837962875858983
UBFC_PHYS_s20_T2_ctrl,13,2,130.06666666666666,-0.10081024467945099,-0.7243147413664724
UBFC_PHYS_s20_T2_ctrl,13,3,130.1,-0.0352180041372776,-0.9490377883015371
UBFC_PHYS_s20_T2_ctrl,13,4,130.13333333333333,0.007144077681005001,-1.0367630017243838
UBFC_PHYS_s20_T2_ctrl,13,5,130.16666666666666,0.07218853384256363,-1.0002159830731403
UBFC_PHYS_s20_T2_ctrl,13,6,130.2,0.10696277022361755,-0.8762590140250195
UBFC_PHYS_s20_T2_ctrl,13,7,130.23333333333332,0.038022950291633606,-0.7104722801866519
UBFC_PHYS_s20_T2_ctrl,13,8,130.26666666666668,-0.06067988649010658,-0.5431777832331192
UBFC_PHYS_s20_T2_ctrl,13,9,130.3,-0.08604032546281815,-0.40095275900452165
UBFC_PHYS_s20_T2_ctrl,13,10,130.33333333333334,-0.06749676913022995,-0.29476141093422215
UBFC_PHYS_s20_T2_ctrl,13,11,130.36666666666667,-0.08242899924516678,-0.2229565622798417
UBFC_PHYS_s20_T2_ctrl,13,12,130.4,-0.14161013066768646,-0.17662809094322565
UBFC_PHYS_s20_T2_ctrl,13,13,130.43333333333334,-0.18738064169883728,-0.14465937944450039
UBFC_PHYS_s20_T2_ctrl,13,14,130.46666666666667,-0.17589743435382843,-0.11699441903029112
UBFC_PHYS_s20_T2_ctrl,13,15,130.5,-0.14854873716831207,-0.08598919585556723
UBFC_PHYS_s20_T2_ctrl,13,16,130.53333333333333,-0.16335923969745636,-0.0464975169266147
UBFC_PHYS_s20_T2_ctrl,13,17,130.56666666666666,-0.16404904425144196,0.004159367431873846
UBFC_PHYS_s20_T2_ctrl,13,18,130.6,-0.07660624384880066,0.06586948750412067
UBFC_PHYS_s20_T2_ctrl,13,19,130.63333333333333,0.02412542887032032,0.13540752516995835
UBFC_PHYS_s20_T2_ctrl,13,20,130.66666666666666,0.0011793018784373999,0.2065677444742061
UBFC_PHYS_s20_T2_ctrl,13,21,130.7,-0.08275361359119415,0.2711707471874894
UBFC_PHYS_s20_T2_ctrl,13,22,130.73333333333332,0.005318125709891319,0.32086973774599725
UBFC_PHYS_s20_T2_ctrl,13,23,130.76666666666668,0.2993977963924408,0.34916521351708824
UBFC_PHYS_s20_T2_ctrl,13,24,130.8,0.49522098898887634,0.3528027390734191
UBFC_PHYS_s20_T2_ctrl,13,25,130.83333333333334,0.34131354093551636,0.33166979894971277
UBFC_PHYS_s20_T2_ctrl,13,26,130.86666666666667,0.02292841672897339,0.2875660776557105
UBFC_PHYS_s20_T2_ctrl,13,27,130.9,0.17695759236812592,0.22336496390317823
UBFC_PHYS_s20_T2_ctrl,13,28,130.93333333333334,1.2414671182632446,0.1432275046260588
UBFC_PHYS_s20_T2_ctrl,13,29,130.96666666666667,2.5894253253936768,0.053496024482402434
UBFC_PHYS_s20_T2_ctrl,13,30,131.0,2.9653077125549316,-0.036395224368110345
UBFC_PHYS_s20_T2_ctrl,13,31,131.03333333333333,2.0270321369171143,-0.11377970166191957
UBFC_PHYS_s20_T2_ctrl,13,32,131.06666666666666,0.7271168231964111,-0.1641509427907337
UBFC_PHYS_s20_T2_ctrl,13,33,131.1,-0.21130061149597168,-0.17459182958671995
UBFC_PHYS_s20_T2_ctrl,13,34,131.13333333333333,-0.8159137964248657,-0.1383771638915263
UBFC_PHYS_s20_T2_ctrl,13,35,131.16666666666666,-1.3680815696716309,-0.05863548590421169
UBFC_PHYS_s20_T2_ctrl,13,36,131.2,-1.9810130596160889,0.05061469104826297
UBFC_PHYS_s20_T2_ctrl,13,37,131.23333333333332,-2.488931894302368,0.166942014495062
UBFC_PHYS_s20_T2_ctrl,13,38,131.26666666666668,-2.570146322250366,0.26496761348325415
UBFC_PHYS_s20_T2_ctrl,13,39,131.3,-2.151313543319702,0.322938588951722
UBFC_PHYS_s20_T2_ctrl,13,40,131.33333333333334,-1.565487265586853,0.3281657859573242
UBFC_PHYS_s20_T2_ctrl,13,41,131.36666666666667,-1.1616679430007935,0.27913879365209887
UBFC_PHYS_s20_T2_ctrl,13,42,131.4,-0.9886082410812378,0.18409623158590446
UBFC_PHYS_s20_T2_ctrl,13,43,131.43333333333334,-0.8815466165542603,0.05776933986268086
UBFC_PHYS_s20_T2_ctrl,13,44,131.46666666666667,-0.7075942754745483,-0.08220530829959867
UBFC_PHYS_s20_T2_ctrl,13,45,131.5,-0.4747854471206665,-0.21825983985313452
UBFC_PHYS_s20_T2_ctrl,13,46,131.53333333333333,-0.2916424870491028,-0.33493776219412125
UBFC_PHYS_s20_T2_ctrl,13,47,131.56666666666666,-0.2030838280916214,-0.42027734613554196
UBFC_PHYS_s20_T2_ctrl,13,48,131.6,-0.10107399523258209,-0.4665787144153987
UBFC_PHYS_s20_T2_ctrl,13,49,131.63333333333333,0.1079569011926651,-0.47029980780554803
UBFC_PHYS_s20_T2_ctrl,13,50,131.66666666666666,0.3464870750904083,-0.4312061526142626
UBFC_PHYS_s20_T2_ctrl,13,51,131.7,0.5022204518318176,-0.3512562860804452
UBFC_PHYS_s20_T2_ctrl,13,52,131.73333333333332,0.5862548351287842,-0.23408830026737854
UBFC_PHYS_s20_T2_ctrl,13,53,131.76666666666668,0.6458823084831238,-0.08612971984324391
UBFC_PHYS_s20_T2_ctrl,13,54,131.8,0.6532266736030579,0.0811974285325759
UBFC_PHYS_s20_T2_ctrl,13,55,131.83333333333334,0.54896479845047,0.2501463582423499
UBFC_PHYS_s20_T2_ctrl,13,56,131.86666666666667,0.33092591166496277,0.39759617944375136
UBFC_PHYS_s20_T2_ctrl,13,57,131.9,0.08383405208587646,0.4987466651054951
UBFC_PHYS_s20_T2_ctrl,13,58,131.93333333333334,-0.10381292551755905,0.5327992755136977
UBFC_PHYS_s20_T2_ctrl,13,59,131.96666666666667,-0.2130454182624817,0.4887262560396063
UBFC_PHYS_s20_T2_ctrl,13,60,132.0,-0.23345549404621124,0.3691548828527004
UBFC_PHYS_s20_T2_ctrl,13,61,132.03333333333333,-0.16037684679031372,0.1906863655955886
UBFC_PHYS_s20_T2_ctrl,13,62,132.06666666666666,-0.09628594666719437,-0.01931079578753741
UBFC_PHYS_s20_T2_ctrl,13,63,132.1,-0.11921178549528122,-0.22770934874586987
UBFC_PHYS_s20_T2_ctrl,13,64,132.13333333333333,-0.15751619637012482,-0.4010121820277622
UBFC_PHYS_s20_T2_ctrl,13,65,132.16666666666666,-0.1272459775209427,-0.5102387894546098
UBFC_PHYS_s20_T2_ctrl,13,66,132.2,-0.0726500153541565,-0.5351554575279778
UBFC_PHYS_s20_T2_ctrl,13,67,132.23333333333332,-0.07471942901611328,-0.4682502607649632
UBFC_PHYS_s20_T2_ctrl,13,68,132.26666666666668,-0.1363554447889328,-0.31781203615266895
UBFC_PHYS_s20_T2_ctrl,13,69,132.3,-0.21263964474201202,-0.10845110980664394
UBFC_PHYS_s20_T2_ctrl,13,70,132.33333333333334,-0.275553822517395,0.12227456850989644
UBFC_PHYS_s20_T2_ctrl,13,71,132.36666666666667,-0.31239748001098633,0.3317313568536292
UBFC_PHYS_s20_T2_ctrl,13,72,132.4,-0.3201881945133209,0.4825785365798147
UBFC_PHYS_s20_T2_ctrl,13,73,132.43333333333334,-0.3104700744152069,0.5513112684550004
UBFC_PHYS_s20_T2_ctrl,13,74,132.46666666666667,-0.3008534014225006,0.5323869556599434
UBFC_PHYS_s20_T2_ctrl,13,75,132.5,-0.29645082354545593,0.43751893369687783
UBFC_PHYS_s20_T2_ctrl,13,76,132.53333333333333,-0.3035517632961273,0.290792684835826
UBFC_PHYS_s20_T2_ctrl,13,77,132.56666666666666,-0.34256625175476074,0.1211601188636969
UBFC_PHYS_s20_T2_ctrl,13,78,132.6,-0.3948087692260742,-0.04510909007113232
UBFC_PHYS_s20_T2_ctrl,13,79,132.63333333333333,-0.36457911133766174,-0.18889351686425998
UBFC_PHYS_s20_T2_ctrl,13,80,132.66666666666666,-0.19460329413414001,-0.29855902317808264
UBFC_PHYS_s20_T2_ctrl,13,81,132.7,0.04189802706241608,-0.36734669910762574
UBFC_PHYS_s20_T2_ctrl,13,82,132.73333333333332,0.2533635199069977,-0.39041094488472056
UBFC_PHYS_s20_T2_ctrl,13,83,132.76666666666668,0.42396828532218933,-0.36482681945375417
UBFC_PHYS_s20_T2_ctrl,13,84,132.8,0.5425739884376526,-0.29237206299366114
UBFC_PHYS_s20_T2_ctrl,13,85,132.83333333333334,0.5934977531433105,-0.18144881635764915
UBFC_PHYS_s20_T2_ctrl,13,86,132.86666666666667,0.6035608053207397,-0.04667397536328772
UBFC_PHYS_s20_T2_ctrl,13,87,132.9,0.6044737696647644,0.09278721881806938
UBFC_PHYS_s20_T2_ctrl,13,88,132.93333333333334,0.6003957986831665,0.21549479632408255
UBFC_PHYS_s20_T2_ctrl,13,89,132.96666666666667,0.5659055709838867,0.3005390674731
UBFC_PHYS_s20_T2_ctrl,13,90,133.0,0.4619278013706207,0.3310351358578064
UBFC_PHYS_s20_T2_ctrl,13,91,133.03333333333333,0.28521624207496643,0.29851946824571834
UBFC_PHYS_s20_T2_ctrl,13,92,133.06666666666666,0.0894945040345192,0.20684433304165273
UBFC_PHYS_s20_T2_ctrl,13,93,133.1,-0.08439697325229645,0.07279722814241635
UBFC_PHYS_s20_T2_ctrl,13,94,133.13333333333333,-0.21702192723751068,-0.07739731686904296
UBFC_PHYS_s20_T2_ctrl,13,95,133.16666666666666,-0.2910744249820709,-0.2143640429630636
UBFC_PHYS_s20_T2_ctrl,13,96,133.2,-0.29906803369522095,-0.3126277463038284
UBFC_PHYS_s20_T2_ctrl,13,97,133.23333333333332,-0.25384530425071716,-0.3560749928775403
UBFC_PHYS_s20_T2_ctrl,13,98,133.26666666666668,-0.17342226207256317,-0.3404945605862436
UBFC_PHYS_s20_T2_ctrl,13,99,133.3,-0.0397220179438591,-0.273062653737369
UBFC_PHYS_s20_T2_ctrl,13,100,133.33333333333334,0.1963532567024231,-0.16951013331668058
UBFC_PHYS_s20_T2_ctrl,13,101,133.36666666666667,0.5088141560554504,-0.05036815131111911
UBFC_PHYS_s20_T2_ctrl,13,102,133.4,0.7711222767829895,0.06291272958436678
UBFC_PHYS_s20_T2_ctrl,13,103,133.43333333333334,0.9437355995178223,0.15185402209867846
UBFC_PHYS_s20_T2_ctrl,13,104,133.46666666666667,1.1311999559402466,0.2041827021214736
UBFC_PHYS_s20_T2_ctrl,13,105,133.5,1.3469057083129883,0.21522224549836505
UBFC_PHYS_s20_T2_ctrl,13,106,133.53333333333333,1.4739108085632324,0.18741088735092168
UBFC_PHYS_s20_T2_ctrl,13,107,133.56666666666666,1.5173076391220093,0.12902121705559522
UBFC_PHYS_s20_T2_ctrl,13,108,133.6,1.5589596033096313,0.05276673591078672
UBFC_PHYS_s20_T2_ctrl,13,109,133.63333333333333,1.5781117677688599,-0.025569732270847835
UBFC_PHYS_s20_T2_ctrl,13,110,133.66666666666666,1.4958221912384033,-0.08902509531819806
UBFC_PHYS_s20_T2_ctrl,13,111,133.7,1.2161675691604614,-0.12283690967440174
UBFC_PHYS_s20_T2_ctrl,13,112,133.73333333333332,0.6628433465957642,-0.11858406376030037
UBFC_PHYS_s20_T2_ctrl,13,113,133.76666666666668,-0.05680480971932411,-0.07672970417784064
UBFC_PHYS_s20_T2_ctrl,13,114,133.8,-0.7338271141052246,-0.006433778217851929
UBFC_PHYS_s20_T2_ctrl,13,115,133.83333333333334,-1.3459672927856445,0.07702259195644653
UBFC_PHYS_s20_T2_ctrl,13,116,133.86666666666667,-1.9039781093597412,0.15640662469587244
UBFC_PHYS_s20_T2_ctrl,13,117,133.9,-2.2292816638946533,0.21718536042920075
UBFC_PHYS_s20_T2_ctrl,13,118,133.93333333333334,-2.222769021987915,0.2509788547640822
UBFC_PHYS_s20_T2_ctrl,13,119,133.96666666666667,-2.0791478157043457,0.2558938911567712
UBFC_PHYS_s20_T2_ctrl,13,120,134.0,-1.92793869972229,0.23403450158821085
UBFC_PHYS_s20_T2_ctrl,13,121,134.03333333333333,-1.6065711975097656,0.1885985868033217
UBFC_PHYS_s20_T2_ctrl,13,122,134.06666666666666,-1.128374695777893,0.12211552722465469
UBFC_PHYS_s20_T2_ctrl,13,123,134.1,-0.7865362763404846,0.0361659463133646
UBFC_PHYS_s20_T2_ctrl,13,124,134.13333333333333,-0.6501985192298889,-0.06750718992682256
UBFC_PHYS_s20_T2_ctrl,13,125,134.16666666666666,-0.5088698863983154,-0.18497493933476888
UBFC_PHYS_s20_T2_ctrl,13,126,134.2,-0.3192143738269806,-0.3079950150147721
UBFC_PHYS_s20_T2_ctrl,13,127,134.23333333333332,-0.22296641767024994,-0.422765758050204
UBFC_PHYS_s20_T2_ctrl,13,128,134.26666666666668,-0.21823923289775848,-0.5106375133312564
UBFC_PHYS_s20_T2_ctrl,13,129,134.3,-0.19766683876514435,-0.551670712371087
UBFC_PHYS_s20_T2_ctrl,13,130,134.33333333333334,-0.18638651072978973,-0.5301638767228819
UBFC_PHYS_s20_T2_ctrl,13,131,134.36666666666667,-0.25745663046836853,-0.43963036937831645
UBFC_PHYS_s20_T2_ctrl,13,132,134.4,-0.359933078289032,-0.285274440090138
UBFC_PHYS_s20_T2_ctrl,13,133,134.43333333333334,-0.385435551404953,-0.08298669844125525
UBFC_PHYS_s20_T2_ctrl,13,134,134.46666666666667,-0.33718985319137573,0.14447242864833146
UBFC_PHYS_s20_T2_ctrl,13,135,134.5,-0.2955378592014313,0.37195872152787346
UBFC_PHYS_s20_T2_ctrl,13,136,134.53333333333333,-0.23712769150733948,0.5754631635978283
UBFC_PHYS_s20_T2_ctrl,13,137,134.56666666666666,-0.0573120191693306,0.7338627733604854
UBFC_PHYS_s20_T2_ctrl,13,138,134.6,0.19996458292007446,0.8293594344066689
UBFC_PHYS_s20_T2_ctrl,13,139,134.63333333333333,0.37493133544921875,0.8481041981349453
UBFC_PHYS_s20_T2_ctrl,13,140,134.66666666666666,0.45066776871681213,0.78186865325202
UBFC_PHYS_s20_T2_ctrl,13,141,134.7,0.5368526577949524,0.6306919964178707
UBFC_PHYS_s20_T2_ctrl,13,142,134.73333333333332,0.6432042121887207,0.40546656149950416
UBFC_PHYS_s20_T2_ctrl,13,143,134.76666666666668,0.6996464133262634,0.1286702956044181
UBFC_PHYS_s20_T2_ctrl,13,144,134.8,0.6954669952392578,-0.16746205407440773
UBFC_PHYS_s20_T2_ctrl,13,145,134.83333333333334,0.6461460590362549,-0.4447748420260403
UBFC_PHYS_s20_T2_ctrl,13,146,134.86666666666667,0.5829681158065796,-0.6646606509391237
UBFC_PHYS_s20_T2_ctrl,13,147,134.9,0.5948570966720581,-0.794926548780912
UBFC_PHYS_s20_T2_ctrl,13,148,134.93333333333334,0.7245808243751526,-0.8165565299491113
UBFC_PHYS_s20_T2_ctrl,13,149,134.96666666666667,0.8699265718460083,-0.7277776458470574
UBFC_PHYS_s20_T2_ctrl,13,150,135.0,0.915981113910675,-0.5443903561543412
UBFC_PHYS_s20_T2_ctrl,13,151,135.03333333333333,0.8849602341651917,-0.29702333509649337
UBFC_PHYS_s20_T2_ctrl,13,152,135.06666666666666,0.8324539661407471,-0.026087635767919233
UBFC_PHYS_s20_T2_ctrl,13,153,135.1,0.7307078838348389,0.22481069850147717
UBFC_PHYS_s20_T2_ctrl,13,154,135.13333333333333,0.6117978692054749,0.4159648914529713
UBFC_PHYS_s20_T2_ctrl,13,155,135.16666666666666,0.5938020944595337,0.5178954173574593
UBFC_PHYS_s20_T2_ctrl,13,156,135.2,0.6515224575996399,0.5156379123809538
UBFC_PHYS_s20_T2_ctrl,13,157,135.23333333333332,0.5920370221138,0.4098486215710907
UBFC_PHYS_s20_T2_ctrl,13,158,135.26666666666668,0.3476637899875641,0.21491984718145082
UBFC_PHYS_s20_T2_ctrl,13,159,135.3,0.06374858319759369,-0.04446970835477458
UBFC_PHYS_s20_T2_ctrl,13,160,135.33333333333334,-0.15138910710811615,-0.336838526315811
UBFC_PHYS_s20_T2_ctrl,13,161,135.36666666666667,-0.2950306534767151,-0.6261234831717386
UBFC_PHYS_s20_T2_ctrl,13,162,135.4,-0.37776654958724976,-0.8728058918870993
UBFC_PHYS_s20_T2_ctrl,13,163,135.43333333333334,-0.43053656816482544,-1.0354424285370853
UBFC_PHYS_s20_T2_ctrl,13,164,135.46666666666667,-0.5052991509437561,-1.0744598174524709
UBFC_PHYS_s20_T2_ctrl,13,165,135.5,-0.5910376906394958,-0.9597839902708374
UBFC_PHYS_s20_T2_ctrl,13,166,135.53333333333333,-0.6121376156806946,-0.6814191707478391
UBFC_PHYS_s20_T2_ctrl,13,167,135.56666666666666,-0.5426905751228333,-0.2595630455179005
UBFC_PHYS_s20_T2_ctrl,13,168,135.6,-0.41763317584991455,0.25138606316607087
UBFC_PHYS_s20_T2_ctrl,13,169,135.63333333333333,-0.2855762839317322,0.7714648867208374
UBFC_PHYS_s20_T2_ctrl,13,170,135.66666666666666,-0.18811102211475372,1.214947029101362
UBFC_PHYS_s20_T2_ctrl,13,171,135.7,-0.1370452493429184,1.5119107807955268
UBFC_PHYS_s20_T2_ctrl,13,172,135.73333333333332,-0.11929293721914291,1.623456414280246
UBFC_PHYS_s20_T2_ctrl,13,173,135.76666666666668,-0.13960157334804535,1.545375562710816
UBFC_PHYS_s20_T2_ctrl,13,174,135.8,-0.18238970637321472,1.3013426245767805
UBFC_PHYS_s20_T2_ctrl,13,175,135.83333333333334,-0.17563369870185852,0.9324567927455844
UBFC_PHYS_s20_T2_ctrl,13,176,135.86666666666667,-0.10427955538034439,0.48793606682766366
UBFC_PHYS_s20_T2_ctrl,13,177,135.9,-0.059807486832141876,0.018682633182103867
UBFC_PHYS_s20_T2_ctrl,13,178,135.93333333333334,-0.1115630716085434,-0.42642348040123623
UBFC_PHYS_s20_T2_ctrl,13,179,135.96666666666667,-0.22126220166683197,-0.8031686639995321
UBFC_PHYS_s20_T2_ctrl,13,180,136.0,-0.29066863656044006,-1.0747473289850082
UBFC_PHYS_s20_T2_ctrl,13,181,136.03333333333333,-0.24654148519039154,-1.2147901844799625
UBFC_PHYS_s20_T2_ctrl,13,182,136.06666666666666,-0.10752569139003754,-1.2104795395975059
UBFC_PHYS_s20_T2_ctrl,13,183,136.1,0.06161830574274063,-1.0651152040805212
UBFC_PHYS_s20_T2_ctrl,13,184,136.13333333333333,0.22473666071891785,-0.7992770093458452
UBFC_PHYS_s20_T2_ctrl,13,185,136.16666666666666,0.3635292649269104,-0.44967135910543865
UBFC_PHYS_s20_T2_ctrl,13,186,136.2,0.4051406979560852,-0.06509659557187679
UBFC_PHYS_s20_T2_ctrl,13,187,136.23333333333332,0.2854394018650055,0.3004694445160983
UBFC_PHYS_s20_T2_ctrl,13,188,136.26666666666668,0.08352972567081451,0.5966439872645322
UBFC_PHYS_s20_T2_ctrl,13,189,136.3,-0.075510673224926,0.7852733761021454
UBFC_PHYS_s20_T2_ctrl,13,190,136.33333333333334,-0.19237157702445984,0.8467885723743805
UBFC_PHYS_s20_T2_ctrl,13,191,136.36666666666667,-0.30712249875068665,0.7823149865538044
UBFC_PHYS_s20_T2_ctrl,13,192,136.4,-0.42006775736808777,0.6114653488819294
UBFC_PHYS_s20_T2_ctrl,13,193,136.43333333333334,-0.5349606871604919,0.3675735833794615
UBFC_PHYS_s20_T2_ctrl,13,194,136.46666666666667,-0.6514564156532288,0.0914894394399092
UBFC_PHYS_s20_T2_ctrl,13,195,136.5,-0.7480695843696594,-0.1757210829371523
UBFC_PHYS_s20_T2_ctrl,13,196,136.53333333333333,-0.7993788123130798,-0.39953986890646404
UBFC_PHYS_s20_T2_ctrl,13,197,136.56666666666666,-0.776797890663147,-0.5555088378798566
UBFC_PHYS_s20_T2_ctrl,13,198,136.6,-0.6444163918495178,-0.6292342025284915
UBFC_PHYS_s20_T2_ctrl,13,199,136.63333333333333,-0.3640313446521759,-0.6150299012373135
UBFC_PHYS_s20_T2_ctrl,13,200,136.66666666666666,0.0565665028989315,-0.5151111620145294
UBFC_PHYS_s20_T2_ctrl,13,201,136.7,0.5002727508544922,-0.3404705465858447
UBFC_PHYS_s20_T2_ctrl,13,202,136.73333333333332,0.8182724118232727,-0.11244705801109323
UBFC_PHYS_s20_T2_ctrl,13,203,136.76666666666668,0.9556042551994324,0.13784366064737136
UBFC_PHYS_s20_T2_ctrl,13,204,136.8,0.9565781354904175,0.37347558080876514
UBFC_PHYS_s20_T2_ctrl,13,205,136.83333333333334,0.9036052227020264,0.55833709276504
UBFC_PHYS_s20_T2_ctrl,13,206,136.86666666666667,0.8654834032058716,0.6641975457148617
UBFC_PHYS_s20_T2_ctrl,13,207,136.9,0.85615074634552,0.6749480228333423
UBFC_PHYS_s20_T2_ctrl,13,208,136.93333333333334,0.8517684936523438,0.5868907223827025
UBFC_PHYS_s20_T2_ctrl,13,209,136.96666666666667,0.8186376094818115,0.40627689379240495
UBFC_PHYS_s20_T2_ctrl,13,210,137.0,0.7184740304946899,0.14637710983390112
UBFC_PHYS_s20_T2_ctrl,13,211,137.03333333333333,0.5095445513725281,-0.17316885841854973
UBFC_PHYS_s20_T2_ctrl,13,212,137.06666666666666,0.19949795305728912,-0.5246139871056683
UBFC_PHYS_s20_T2_ctrl,13,213,137.1,-0.1022912934422493,-0.8705273788696156
UBFC_PHYS_s20_T2_ctrl,13,214,137.13333333333333,-0.23755374550819397,-1.1646573558005253
UBFC_PHYS_s20_T2_ctrl,13,215,137.16666666666666,-0.18953120708465576,-1.3566096275925048
UBFC_PHYS_s20_T2_ctrl,13,216,137.2,-0.11111672967672348,-1.4002191795933168
UBFC_PHYS_s20_T2_ctrl,13,217,137.23333333333332,-0.11736553907394409,-1.2638475466862529
UBFC_PHYS_s20_T2_ctrl,13,218,137.26666666666668,-0.16540835797786713,-0.9405661904252876
UBFC_PHYS_s20_T2_ctrl,13,219,137.3,-0.14629673957824707,-0.45608777819941904
UBFC_PHYS_s20_T2_ctrl,13,220,137.33333333333334,-0.023978255689144135,0.12931384124324471
UBFC_PHYS_s20_T2_ctrl,13,221,137.36666666666667,0.13804452121257782,0.7294509897684011
UBFC_PHYS_s20_T2_ctrl,13,222,137.4,0.2652727961540222,1.251204622060718
UBFC_PHYS_s20_T2_ctrl,13,223,137.43333333333334,0.36107438802719116,1.6184967706114601
UBFC_PHYS_s20_T2_ctrl,13,224,137.46666666666667,0.4642406702041626,1.79162621786178
UBFC_PHYS_s20_T2_ctrl,13,225,137.5,0.5717892050743103,1.7700764400891904
UBFC_PHYS_s20_T2_ctrl,13,226,137.53333333333333,0.6347439885139465,1.5800792760410711
UBFC_PHYS_s20_T2_ctrl,13,227,137.56666666666666,0.5845100283622742,1.2608610232614312
UBFC_PHYS_s20_T2_ctrl,13,228,137.6,0.3845074474811554,0.856085981797105
UBFC_PHYS_s20_T2_ctrl,13,229,137.63333333333333,0.12284855544567108,0.40815285347222535
UBFC_PHYS_s20_T2_ctrl,13,230,137.66666666666666,-0.029151786118745804,-0.04576416746932134
UBFC_PHYS_s20_T2_ctrl,13,231,137.7,-0.0004640547267626971,-0.47516782887820314
UBFC_PHYS_s20_T2_ctrl,13,232,137.73333333333332,0.11903434246778488,-0.8550825225795227
UBFC_PHYS_s20_T2_ctrl,13,233,137.76666666666668,0.1881161779165268,-1.1628610002121813
UBFC_PHYS_s20_T2_ctrl,13,234,137.8,0.11110159754753113,-1.3750261856571055
UBFC_PHYS_s20_T2_ctrl,13,235,137.83333333333334,-0.08930674940347672,-1.4672478298556921
UBFC_PHYS_s20_T2_ctrl,13,236,137.86666666666667,-0.25962746143341064,-1.4183927016614686
UBFC_PHYS_s20_T2_ctrl,13,237,137.9,-0.27265259623527527,-1.2171472465905941
UBFC_PHYS_s20_T2_ctrl,13,238,137.93333333333334,-0.17506562173366547,-0.8699886584413975
UBFC_PHYS_s20_T2_ctrl,13,239,137.96666666666667,-0.08285505324602127,-0.40962043429575123
UBFC_PHYS_s20_T2_ctrl,13,240,138.0,-0.02620997466146946,0.10093597854950744
UBFC_PHYS_s20_T2_ctrl,13,241,138.03333333333333,0.012601644732058048,0.5762032442899353
UBFC_PHYS_s20_T2_ctrl,13,242,138.06666666666666,-0.011115440167486668,0.9288149196373554
UBFC_PHYS_s20_T2_ctrl,13,243,138.1,-0.1853112429380417,1.0960749556385347
UBFC_PHYS_s20_T2_ctrl,13,244,138.13333333333333,-0.5104929804801941,1.0615257818935462
UBFC_PHYS_s20_T2_ctrl,13,245,138.16666666666666,-0.865031898021698,0.8585851878254772
UBFC_PHYS_s20_T2_ctrl,13,246,138.2,-1.1491702795028687,0.5548617497016165
UBFC_PHYS_s20_T2_ctrl,13,247,138.23333333333332,-1.3523987531661987,0.22759201328245943
UBFC_PHYS_s20_T2_ctrl,13,248,138.26666666666668,-1.4349114894866943,-0.05935005766490573
UBFC_PHYS_s20_T2_ctrl,13,249,138.3,-1.3456426858901978,-0.26863637146122477
UBFC_PHYS_s20_T2_ctrl,13,250,138.33333333333334,-1.1584014892578125,-0.3899694904027794
UBFC_PHYS_s20_T2_ctrl,13,251,138.36666666666667,-0.9650737643241882,-0.4306437986416648
UBFC_PHYS_s20_T2_ctrl,13,252,138.4,-0.7390615344047546,-0.40316436921548093
UBFC_PHYS_s20_T2_ctrl,13,253,138.43333333333334,-0.4437645673751831,-0.3193187287070867
UBFC_PHYS_s20_T2_ctrl,13,254,138.46666666666667,-0.14765605330467224,-0.19222755626166968
UBFC_PHYS_s20_T2_ctrl,13,255,138.5,0.06752221286296844,-0.03983731934635398
UBFC_PHYS_s20_T2_ctrl,13,256,138.53333333333333,0.200086310505867,0.11434834119889742
UBFC_PHYS_s20_T2_ctrl,13,257,138.56666666666666,0.27691829204559326,0.24397531427182073
UBFC_PHYS_s20_T2_ctrl,13,258,138.6,0.29284465312957764,0.3251819582309453
UBFC_PHYS_s20_T2_ctrl,13,259,138.63333333333333,0.2650901973247528,0.34245405965797443
UBFC_PHYS_s20_T2_ctrl,13,260,138.66666666666666,0.22932182252407074,0.29277028742776107
UBFC_PHYS_s20_T2_ctrl,13,261,138.7,0.1663670688867569,0.18617132478658283
UBFC_PHYS_s20_T2_ctrl,13,262,138.73333333333332,0.04559050500392914,0.04284827508624174
UBFC_PHYS_s20_T2_ctrl,13,263,138.76666666666668,-0.07835104316473007,-0.11125210995714777
UBFC_PHYS_s20_T2_ctrl,13,264,138.8,-0.11172538250684738,-0.24904989033960187
UBFC_PHYS_s20_T2_ctrl,13,265,138.83333333333334,-0.017790308222174644,-0.346872778057645
UBFC_PHYS_s20_T2_ctrl,13,266,138.86666666666667,0.1661844700574875,-0.3885186273632896
UBFC_PHYS_s20_T2_ctrl,13,267,138.9,0.3389195203781128,-0.36827259112450095
UBFC_PHYS_s20_T2_ctrl,13,268,138.93333333333334,0.4052015542984009,-0.29230694856213824
UBFC_PHYS_s20_T2_ctrl,13,269,138.96666666666667,0.3618859350681305,-0.17793243111646487
UBFC_PHYS_s20_T2_ctrl,13,270,139.0,0.2802456021308899,-0.050344804973448176
UBFC_PHYS_s20_T2_ctrl,13,271,139.03333333333333,0.23374468088150024,0.06316188602131373
UBFC_PHYS_s20_T2_ctrl,13,272,139.06666666666666,0.22459463775157928,0.14000713979892035
UBFC_PHYS_s20_T2_ctrl,13,273,139.1,0.1880350261926651,0.1673333968848284
UBFC_PHYS_s20_T2_ctrl,13,274,139.13333333333333,0.11173053830862045,0.14379459239179987
UBFC_PHYS_s20_T2_ctrl,13,275,139.16666666666666,0.07989811152219772,0.07834224933720245
UBFC_PHYS_s20_T2_ctrl,13,276,139.2,0.1263178586959839,-0.012862461649823666
UBFC_PHYS_s20_T2_ctrl,13,277,139.23333333333332,0.1693088859319687,-0.10968101534357838
UBFC_PHYS_s20_T2_ctrl,13,278,139.26666666666668,0.11625483632087708,-0.19073257137321264
UBFC_PHYS_s20_T2_ctrl,13,279,139.3,-0.06552880257368088,-0.23613625041262062
UBFC_PHYS_s20_T2_ctrl,13,280,139.33333333333334,-0.3075079917907715,-0.2306460382568276
UBFC_PHYS_s20_T2_ctrl,13,281,139.36666666666667,-0.43749547004699707,-0.16719356593021076
UBFC_PHYS_s20_T2_ctrl,13,282,139.4,-0.3602982759475708,-0.04988080186135134
UBFC_PHYS_s20_T2_ctrl,13,283,139.43333333333334,-0.1929396539926529,0.10536278294561587
UBFC_PHYS_s20_T2_ctrl,13,284,139.46666666666667,-0.08052189648151398,0.27319522161509746
UBFC_PHYS_s20_T2_ctrl,13,285,139.5,-0.02073211967945099,0.4238325615361064
UBFC_PHYS_s20_T2_ctrl,13,286,139.53333333333333,0.03773891180753708,0.529383319427976
UBFC_PHYS_s20_T2_ctrl,13,287,139.56666666666666,0.11489551514387131,0.5698377863998968
UBFC_PHYS_s20_T2_ctrl,13,288,139.6,0.21280710399150848,0.537062241425512
UBFC_PHYS_s20_T2_ctrl,13,289,139.63333333333333,0.26825517416000366,0.43546532863892007
UBFC_PHYS_s20_T2_ctrl,13,290,139.66666666666666,0.1934114396572113,0.2796801347009353
UBFC_PHYS_s20_T2_ctrl,13,291,139.7,0.019438819959759712,0.09114177867919801
UBFC_PHYS_s20_T2_ctrl,13,292,139.73333333333332,-0.11931322515010834,-0.10527152386970337
UBFC_PHYS_s20_T2_ctrl,13,293,139.76666666666668,-0.14654019474983215,-0.28429803685615834
UBFC_PHYS_s20_T2_ctrl,13,294,139.8,-0.12091600149869919,-0.42306552233962674
UBFC_PHYS_s20_T2_ctrl,13,295,139.83333333333334,-0.12694165110588074,-0.5036992859511433
UBFC_PHYS_s20_T2_ctrl,13,296,139.86666666666667,-0.17646551132202148,-0.5159725937891249
UBFC_PHYS_s20_T2_ctrl,13,297,139.9,-0.24751532077789307,-0.46010952165101904
UBFC_PHYS_s20_T2_ctrl,13,298,139.93333333333334,-0.31397995352745056,-0.34843750865035034
UBFC_PHYS_s20_T2_ctrl,13,299,139.96666666666667,-0.3210403025150299,-0.2034681464403766
UBFC_PHYS_s20_T2_ctrl,14,0,140.0,-0.24015064537525177,-0.12394605364748697
UBFC_PHYS_s20_T2_ctrl,14,1,140.03333333333333,-0.13578736782073975,-0.5149641236923332
UBFC_PHYS_s20_T2_ctrl,14,2,140.06666666666666,-0.08403177559375763,-0.8600818406841146
UBFC_PHYS_s20_T2_ctrl,14,3,140.1,-0.06729388982057571,-1.1233111775370754
UBFC_PHYS_s20_T2_ctrl,14,4,140.13333333333333,-0.02235518768429756,-1.2869560294842242
UBFC_PHYS_s20_T2_ctrl,14,5,140.16666666666666,0.07726062089204788,-1.3543196362917758
UBFC_PHYS_s20_T2_ctrl,14,6,140.2,0.22005005180835724,-1.3424687012486607
UBFC_PHYS_s20_T2_ctrl,14,7,140.23333333333332,0.38923463225364685,-1.2721264518041127
UBFC_PHYS_s20_T2_ctrl,14,8,140.26666666666668,0.5605089068412781,-1.1599005585392599
UBFC_PHYS_s20_T2_ctrl,14,9,140.3,0.7029533982276917,-1.0149805681013886
UBFC_PHYS_s20_T2_ctrl,14,10,140.33333333333334,0.798105776309967,-0.8407820898587804
UBFC_PHYS_s20_T2_ctrl,14,11,140.36666666666667,0.8278282284736633,-0.6403587583036979
UBFC_PHYS_s20_T2_ctrl,14,12,140.4,0.7573667764663696,-0.42191918642527376
UBFC_PHYS_s20_T2_ctrl,14,13,140.43333333333334,0.588324248790741,-0.19922141314969674
UBFC_PHYS_s20_T2_ctrl,14,14,140.46666666666667,0.36965635418891907,0.013552933474814684
UBFC_PHYS_s20_T2_ctrl,14,15,140.5,0.12047481536865234,0.2079105157073958
UBFC_PHYS_s20_T2_ctrl,14,16,140.53333333333333,-0.16897910833358765,0.3844106325471205
UBFC_PHYS_s20_T2_ctrl,14,17,140.56666666666666,-0.44208061695098877,0.5512729618252561
UBFC_PHYS_s20_T2_ctrl,14,18,140.6,-0.6214702129364014,0.7188374212467704
UBFC_PHYS_s20_T2_ctrl,14,19,140.63333333333333,-0.6762487888336182,0.8929689112429149
UBFC_PHYS_s20_T2_ctrl,14,20,140.66666666666666,-0.5903276205062866,1.0700407878324383
UBFC_PHYS_s20_T2_ctrl,14,21,140.7,-0.37307992577552795,1.2351409119412213
UBFC_PHYS_s20_T2_ctrl,14,22,140.73333333333332,-0.11300354450941086,1.3641681640989625
UBFC_PHYS_s20_T2_ctrl,14,23,140.76666666666668,0.107693150639534,1.429391888007256
UBFC_PHYS_s20_T2_ctrl,14,24,140.8,0.29710522294044495,1.4066745227804343
UBFC_PHYS_s20_T2_ctrl,14,25,140.83333333333334,0.4515807330608368,1.2815108535244095
UBFC_PHYS_s20_T2_ctrl,14,26,140.86666666666667,0.5134602189064026,1.052191199322875
UBFC_PHYS_s20_T2_ctrl,14,27,140.9,0.47623106837272644,0.7298148332466701
UBFC_PHYS_s20_T2_ctrl,14,28,140.93333333333334,0.3925822079181671,0.3360131549366405
UBFC_PHYS_s20_T2_ctrl,14,29,140.96666666666667,0.27967751026153564,-0.09990755618126965
UBFC_PHYS_s20_T2_ctrl,14,30,141.0,0.11134506016969681,-0.5436932172359609
UBFC_PHYS_s20_T2_ctrl,14,31,141.03333333333333,-0.1191914975643158,-0.9591317174160576
UBFC_PHYS_s20_T2_ctrl,14,32,141.06666666666666,-0.3753725290298462,-1.3115501972283181
UBFC_PHYS_s20_T2_ctrl,14,33,141.1,-0.5950548052787781,-1.5717116855606903
UBFC_PHYS_s20_T2_ctrl,14,34,141.13333333333333,-0.7408469319343567,-1.7191177597306726
UBFC_PHYS_s20_T2_ctrl,14,35,141.16666666666666,-0.8905952572822571,-1.7430018486112522
UBFC_PHYS_s20_T2_ctrl,14,36,141.2,-1.1639604568481445,-1.6415964493232402
UBFC_PHYS_s20_T2_ctrl,14,37,141.23333333333332,-1.5096334218978882,-1.4223328832847992
UBFC_PHYS_s20_T2_ctrl,14,38,141.26666666666668,-1.701358437538147,-1.1032241218983851
UBFC_PHYS_s20_T2_ctrl,14,39,141.3,-1.5999977588653564,-0.7131790002843983
UBFC_PHYS_s20_T2_ctrl,14,40,141.33333333333334,-1.322838544845581,-0.28984463448737063
UBFC_PHYS_s20_T2_ctrl,14,41,141.36666666666667,-1.1044952869415283,0.1251504416509679
UBFC_PHYS_s20_T2_ctrl,14,42,141.4,-1.040952205657959,0.49253531879672846
UBFC_PHYS_s20_T2_ctrl,14,43,141.43333333333334,-0.9710994362831116,0.7812839367392613
UBFC_PHYS_s20_T2_ctrl,14,44,141.46666666666667,-0.6703245639801025,0.9722655701761923
UBFC_PHYS_s20_T2_ctrl,14,45,141.5,-0.10685617476701736,1.0584460303341463
UBFC_PHYS_s20_T2_ctrl,14,46,141.53333333333333,0.5213118195533752,1.0427456824524188
UBFC_PHYS_s20_T2_ctrl,14,47,141.56666666666666,0.9761969447135925,0.9366211613799797
UBFC_PHYS_s20_T2_ctrl,14,48,141.6,1.2063074111938477,0.7591743951678778
UBFC_PHYS_s20_T2_ctrl,14,49,141.63333333333333,1.3206323385238647,0.533470108090205
UBFC_PHYS_s20_T2_ctrl,14,50,141.66666666666666,1.3867723941802979,0.2809928153749576
UBFC_PHYS_s20_T2_ctrl,14,51,141.7,1.3585917949676514,0.01929006367215325
UBFC_PHYS_s20_T2_ctrl,14,52,141.73333333333332,1.2071595191955566,-0.23544842778191452
UBFC_PHYS_s20_T2_ctrl,14,53,141.76666666666668,0.999467670917511,-0.4629142051317853
UBFC_PHYS_s20_T2_ctrl,14,54,141.8,0.8301613926887512,-0.6340174442904719
UBFC_PHYS_s20_T2_ctrl,14,55,141.83333333333334,0.7324729561805725,-0.7115140760786692
UBFC_PHYS_s20_T2_ctrl,14,56,141.86666666666667,0.6443809270858765,-0.6575631907894867
UBFC_PHYS_s20_T2_ctrl,14,57,141.9,0.4752572476863861,-0.4464804692672514
UBFC_PHYS_s20_T2_ctrl,14,58,141.93333333333334,0.21968485414981842,-0.0793807039956283
UBFC_PHYS_s20_T2_ctrl,14,59,141.96666666666667,-0.025844784453511238,0.4037280311884888
UBFC_PHYS_s20_T2_ctrl,14,60,142.0,-0.16498230397701263,0.9219206110452662
UBFC_PHYS_s20_T2_ctrl,14,61,142.03333333333333,-0.1918237954378128,1.370169945820773
UBFC_PHYS_s20_T2_ctrl,14,62,142.06666666666666,-0.16942545771598816,1.6504157220605258
UBFC_PHYS_s20_T2_ctrl,14,63,142.1,-0.11927264928817749,1.6996595272457653
UBFC_PHYS_s20_T2_ctrl,14,64,142.13333333333333,-0.009472083300352097,1.5040976259946863
UBFC_PHYS_s20_T2_ctrl,14,65,142.16666666666666,0.16034142673015594,1.096792827803162
UBFC_PHYS_s20_T2_ctrl,14,66,142.2,0.3242510259151459,0.5425409273344042
UBFC_PHYS_s20_T2_ctrl,14,67,142.23333333333332,0.4401381015777588,-0.0813318026506095
UBFC_PHYS_s20_T2_ctrl,14,68,142.26666666666668,0.5464287996292114,-0.7007207747464296
UBFC_PHYS_s20_T2_ctrl,14,69,142.3,0.6911455988883972,-1.2522749962797268
UBFC_PHYS_s20_T2_ctrl,14,70,142.33333333333334,0.8362479209899902,-1.68346305175663
UBFC_PHYS_s20_T2_ctrl,14,71,142.36666666666667,0.9033617377281189,-1.9508834642666275
UBFC_PHYS_s20_T2_ctrl,14,72,142.4,0.9112945199012756,-2.0214073670853523
UBFC_PHYS_s20_T2_ctrl,14,73,142.43333333333334,0.9870309233665466,-1.8782551629264175
UBFC_PHYS_s20_T2_ctrl,14,74,142.46666666666667,1.1784515380859375,-1.5293530881079411
UBFC_PHYS_s20_T2_ctrl,14,75,142.5,1.3645565509796143,-1.0111599122254653
UBFC_PHYS_s20_T2_ctrl,14,76,142.53333333333333,1.3868331909179688,-0.3867106626794626
UBFC_PHYS_s20_T2_ctrl,14,77,142.56666666666666,1.1668668985366821,0.25763353250254545
UBFC_PHYS_s20_T2_ctrl,14,78,142.6,0.684572160243988,0.8202231085538505
UBFC_PHYS_s20_T2_ctrl,14,79,142.63333333333333,0.03284941986203194,1.2071592240877955
UBFC_PHYS_s20_T2_ctrl,14,80,142.66666666666666,-0.6047323346138,1.3631485898505866
UBFC_PHYS_s20_T2_ctrl,14,81,142.7,-1.0882443189620972,1.2868500309726538
UBFC_PHYS_s20_T2_ctrl,14,82,142.73333333333332,-1.3855904340744019,1.023277398911392
UBFC_PHYS_s20_T2_ctrl,14,83,142.76666666666668,-1.5422570705413818,0.643425665028253
UBFC_PHYS_s20_T2_ctrl,14,84,142.8,-1.616005301475525,0.22209123010877885
UBFC_PHYS_s20_T2_ctrl,14,85,142.83333333333334,-1.6272653341293335,-0.17694314482700882
UBFC_PHYS_s20_T2_ctrl,14,86,142.86666666666667,-1.5969748497009277,-0.5058965548694969
UBFC_PHYS_s20_T2_ctrl,14,87,142.9,-1.5545315742492676,-0.7324986553582296
UBFC_PHYS_s20_T2_ctrl,14,88,142.93333333333334,-1.4774967432022095,-0.8380658734991678
UBFC_PHYS_s20_T2_ctrl,14,89,142.96666666666667,-1.3310147523880005,-0.8166363627981627
UBFC_PHYS_s20_T2_ctrl,14,90,143.0,-1.1458227634429932,-0.6756189746332901
UBFC_PHYS_s20_T2_ctrl,14,91,143.03333333333333,-0.9372990131378174,-0.4363042371364544
UBFC_PHYS_s20_T2_ctrl,14,92,143.06666666666666,-0.6611542701721191,-0.1325930608486937
UBFC_PHYS_s20_T2_ctrl,14,93,143.1,-0.35299447178840637,0.19318140494641228
UBFC_PHYS_s20_T2_ctrl,14,94,143.13333333333333,-0.12598809599876404,0.4972881670353883
UBFC_PHYS_s20_T2_ctrl,14,95,143.16666666666666,0.0014836271293461323,0.7430959982307652
UBFC_PHYS_s20_T2_ctrl,14,96,143.2,0.07750408351421356,0.9076752913921374
UBFC_PHYS_s20_T2_ctrl,14,97,143.23333333333332,0.05768236517906189,0.9818951209206073
UBFC_PHYS_s20_T2_ctrl,14,98,143.26666666666668,-0.11444401741027832,0.9653712853211553
UBFC_PHYS_s20_T2_ctrl,14,99,143.3,-0.3337611258029938,0.8631600694829292
UBFC_PHYS_s20_T2_ctrl,14,100,143.33333333333334,-0.44110679626464844,0.6865067758355938
UBFC_PHYS_s20_T2_ctrl,14,101,143.36666666666667,-0.41379866003990173,0.4547834873832876
UBFC_PHYS_s20_T2_ctrl,14,102,143.4,-0.325605183839798,0.19552389282021387
UBFC_PHYS_s20_T2_ctrl,14,103,143.43333333333334,-0.16991238296031952,-0.05985026634688207
UBFC_PHYS_s20_T2_ctrl,14,104,143.46666666666667,0.13995163142681122,-0.2831793829060674
UBFC_PHYS_s20_T2_ctrl,14,105,143.5,0.5672243237495422,-0.4546057953201792
UBFC_PHYS_s20_T2_ctrl,14,106,143.53333333333333,0.8938871026039124,-0.5635513055877752
UBFC_PHYS_s20_T2_ctrl,14,107,143.56666666666666,0.9513639807701111,-0.6071286056141296
UBFC_PHYS_s20_T2_ctrl,14,108,143.6,0.7502455711364746,-0.5877140174776558
UBFC_PHYS_s20_T2_ctrl,14,109,143.63333333333333,0.4384947419166565,-0.5111645153021442
UBFC_PHYS_s20_T2_ctrl,14,110,143.66666666666666,0.21877188980579376,-0.38616833237401876
UBFC_PHYS_s20_T2_ctrl,14,111,143.7,0.18103554844856262,-0.22415784755379803
UBFC_PHYS_s20_T2_ctrl,14,112,143.73333333333332,0.19282308220863342,-0.039504921548505864
UBFC_PHYS_s20_T2_ctrl,14,113,143.76666666666668,0.08600490540266037,0.14990547649906844
UBFC_PHYS_s20_T2_ctrl,14,114,143.8,-0.0847012922167778,0.32237028367392123
UBFC_PHYS_s20_T2_ctrl,14,115,143.83333333333334,-0.17056159675121307,0.4535611949535096
UBFC_PHYS_s20_T2_ctrl,14,116,143.86666666666667,-0.16697056591510773,0.5193876694404127
UBFC_PHYS_s20_T2_ctrl,14,117,143.9,-0.15493957698345184,0.4995558260604485
UBFC_PHYS_s20_T2_ctrl,14,118,143.93333333333334,-0.1574959009885788,0.38120014412503284
UBFC_PHYS_s20_T2_ctrl,14,119,143.96666666666667,-0.15644091367721558,0.16236308479376968
UBFC_PHYS_s20_T2_ctrl,14,120,144.0,-0.14307089149951935,-0.1452723294651995
UBFC_PHYS_s20_T2_ctrl,14,121,144.03333333333333,-0.10218985378742218,-0.5153380668965618
UBFC_PHYS_s20_T2_ctrl,14,122,144.06666666666666,-0.029090920463204384,-0.9076964412027465
UBFC_PHYS_s20_T2_ctrl,14,123,144.1,0.03441162407398224,-1.2709038417613308
UBFC_PHYS_s20_T2_ctrl,14,124,144.13333333333333,0.02043294906616211,-1.5468804841928954
UBFC_PHYS_s20_T2_ctrl,14,125,144.16666666666666,-0.07277174293994904,-1.679215611712173
UBFC_PHYS_s20_T2_ctrl,14,126,144.2,-0.1397233009338379,-1.6243130933868044
UBFC_PHYS_s20_T2_ctrl,14,127,144.23333333333332,-0.06634033471345901,-1.362245428391048
UBFC_PHYS_s20_T2_ctrl,14,128,144.26666666666668,0.14074288308620453,-0.9049012612910293
UBFC_PHYS_s20_T2_ctrl,14,129,144.3,0.34719714522361755,-0.2999918713925937
UBFC_PHYS_s20_T2_ctrl,14,130,144.33333333333334,0.4419437646865845,0.37217074963793373
UBFC_PHYS_s20_T2_ctrl,14,131,144.36666666666667,0.4302779734134674,1.0130703586560628
UBFC_PHYS_s20_T2_ctrl,14,132,144.4,0.3487796485424042,1.5287085723970701
UBFC_PHYS_s20_T2_ctrl,14,133,144.43333333333334,0.16569755971431732,1.8512683551945521
UBFC_PHYS_s20_T2_ctrl,14,134,144.46666666666667,-0.1589769572019577,1.9527246699743386
UBFC_PHYS_s20_T2_ctrl,14,135,144.5,-0.5566489696502686,1.847059931400387
UBFC_PHYS_s20_T2_ctrl,14,136,144.53333333333333,-0.8591279983520508,1.5815755987267688
UBFC_PHYS_s20_T2_ctrl,14,137,144.56666666666666,-0.9503241181373596,1.2213738790867494
UBFC_PHYS_s20_T2_ctrl,14,138,144.6,-0.8296287655830383,0.8322121699499977
UBFC_PHYS_s20_T2_ctrl,14,139,144.63333333333333,-0.5513942837715149,0.46712101687737206
UBFC_PHYS_s20_T2_ctrl,14,140,144.66666666666666,-0.18405336141586304,0.15964243166277509
UBFC_PHYS_s20_T2_ctrl,14,141,144.7,0.1720883846282959,-0.07629006250915522
UBFC_PHYS_s20_T2_ctrl,14,142,144.73333333333332,0.4141284227371216,-0.24165251744740648
UBFC_PHYS_s20_T2_ctrl,14,143,144.76666666666668,0.49832507967948914,-0.3459124373176094
UBFC_PHYS_s20_T2_ctrl,14,144,144.8,0.4804307818412781,-0.4015701348674035
UBFC_PHYS_s20_T2_ctrl,14,145,144.83333333333334,0.48931705951690674,-0.4213782671238809
UBFC_PHYS_s20_T2_ctrl,14,146,144.86666666666667,0.5895212292671204,-0.4179367334909139
UBFC_PHYS_s20_T2_ctrl,14,147,144.9,0.6608956456184387,-0.4035745439060902
UBFC_PHYS_s20_T2_ctrl,14,148,144.93333333333334,0.5617667436599731,-0.38921797950069686
UBFC_PHYS_s20_T2_ctrl,14,149,144.96666666666667,0.37334883213043213,-0.38215139403651466
UBFC_PHYS_s20_T2_ctrl,14,150,145.0,0.2951575219631195,-0.38389360552817026
UBFC_PHYS_s20_T2_ctrl,14,151,145.03333333333333,0.38361474871635437,-0.39042412409254457
UBFC_PHYS_s20_T2_ctrl,14,152,145.06666666666666,0.5364063382148743,-0.39486062649834397
UBFC_PHYS_s20_T2_ctrl,14,153,145.1,0.6548700332641602,-0.39050521488587603
UBFC_PHYS_s20_T2_ctrl,14,154,145.13333333333333,0.6814072132110596,-0.37305987333929397
UBFC_PHYS_s20_T2_ctrl,14,155,145.16666666666666,0.6191624999046326,-0.3419348147905597
UBFC_PHYS_s20_T2_ctrl,14,156,145.2,0.5671634674072266,-0.3004666103764794
UBFC_PHYS_s20_T2_ctrl,14,157,145.23333333333332,0.6544033885002136,-0.2547500570270646
UBFC_PHYS_s20_T2_ctrl,14,158,145.26666666666668,0.8773723840713501,-0.21136426313831658
UBFC_PHYS_s20_T2_ctrl,14,159,145.3,1.0573097467422485,-0.1748184739009049
UBFC_PHYS_s20_T2_ctrl,14,160,145.33333333333334,1.0356824398040771,-0.14595184455954566
UBFC_PHYS_s20_T2_ctrl,14,161,145.36666666666667,0.8443835377693176,-0.1226510016454525
UBFC_PHYS_s20_T2_ctrl,14,162,145.4,0.68524169921875,-0.10211221626808854
UBFC_PHYS_s20_T2_ctrl,14,163,145.43333333333334,0.682644784450531,-0.08195740682156702
UBFC_PHYS_s20_T2_ctrl,14,164,145.46666666666667,0.6136643886566162,-0.059691557564775746
UBFC_PHYS_s20_T2_ctrl,14,165,145.5,0.15729817748069763,-0.03228217441615856
UBFC_PHYS_s20_T2_ctrl,14,166,145.53333333333333,-0.5564054846763611,0.00325496260709527
UBFC_PHYS_s20_T2_ctrl,14,167,145.56666666666666,-1.087514042854309,0.04854435372584964
UBFC_PHYS_s20_T2_ctrl,14,168,145.6,-1.3452166318893433,0.10261311471165299
UBFC_PHYS_s20_T2_ctrl,14,169,145.63333333333333,-1.519797921180725,0.16184440223563606
UBFC_PHYS_s20_T2_ctrl,14,170,145.66666666666666,-1.6714938879013062,0.22114225464064274
UBFC_PHYS_s20_T2_ctrl,14,171,145.7,-1.7437610626220703,0.275227157447925
UBFC_PHYS_s20_T2_ctrl,14,172,145.73333333333332,-1.7481027841567993,0.31947141241868104
UBFC_PHYS_s20_T2_ctrl,14,173,145.76666666666668,-1.6832003593444824,0.3503050699871063
UBFC_PHYS_s20_T2_ctrl,14,174,145.8,-1.4492958784103394,0.36546945290764493
UBFC_PHYS_s20_T2_ctrl,14,175,145.83333333333334,-1.02997624874115,0.3645311725284583
UBFC_PHYS_s20_T2_ctrl,14,176,145.86666666666667,-0.5773836374282837,0.3492331084202514
UBFC_PHYS_s20_T2_ctrl,14,177,145.9,-0.23041224479675293,0.32253910885895504
UBFC_PHYS_s20_T2_ctrl,14,178,145.93333333333334,-0.00827507022768259,0.2865481138109967
UBFC_PHYS_s20_T2_ctrl,14,179,145.96666666666667,0.11515926569700241,0.2407659014262317
UBFC_PHYS_s20_T2_ctrl,14,180,146.0,0.17951391637325287,0.18191108561524053
UBFC_PHYS_s20_T2_ctrl,14,181,146.03333333333333,0.23972974717617035,0.10582076437852014
UBFC_PHYS_s20_T2_ctrl,14,182,146.06666666666666,0.303394615650177,0.010794208848181894
UBFC_PHYS_s20_T2_ctrl,14,183,146.1,0.33636316657066345,-0.09939377573068525
UBFC_PHYS_s20_T2_ctrl,14,184,146.13333333333333,0.3219990134239197,-0.2140736245950309
UBFC_PHYS_s20_T2_ctrl,14,185,146.16666666666666,0.2749706208705902,-0.3163588274267876
UBFC_PHYS_s20_T2_ctrl,14,186,146.2,0.22613655030727386,-0.3862497345519892
UBFC_PHYS_s20_T2_ctrl,14,187,146.23333333333332,0.19785459339618683,-0.40618508793212055
UBFC_PHYS_s20_T2_ctrl,14,188,146.26666666666668,0.16387160122394562,-0.3676707182292301
UBFC_PHYS_s20_T2_ctrl,14,189,146.3,0.046949826180934906,-0.2763963897490427
UBFC_PHYS_s20_T2_ctrl,14,190,146.33333333333334,-0.16528663039207458,-0.15295478807386872
UBFC_PHYS_s20_T2_ctrl,14,191,146.36666666666667,-0.3461572825908661,-0.02667184385987791
UBFC_PHYS_s20_T2_ctrl,14,192,146.4,-0.3709496557712555,0.07491637383824397
UBFC_PHYS_s20_T2_ctrl,14,193,146.43333333333334,-0.2776232361793518,0.13391304706475168
UBFC_PHYS_s20_T2_ctrl,14,194,146.46666666666667,-0.17131227254867554,0.14447923176475236
UBFC_PHYS_s20_T2_ctrl,14,195,146.5,-0.059685755521059036,0.11185782893901561
UBFC_PHYS_s20_T2_ctrl,14,196,146.53333333333333,0.10158635675907135,0.04952757126324451
UBFC_PHYS_s20_T2_ctrl,14,197,146.56666666666666,0.2928852438926697,-0.024948618813070752
UBFC_PHYS_s20_T2_ctrl,14,198,146.6,0.46880555152893066,-0.09445842491209654
UBFC_PHYS_s20_T2_ctrl,14,199,146.63333333333333,0.6172148585319519,-0.1460714135840903
UBFC_PHYS_s20_T2_ctrl,14,200,146.66666666666666,0.7112716436386108,-0.17266437624154163
UBFC_PHYS_s20_T2_ctrl,14,201,146.7,0.6904152035713196,-0.17127683626821194
UBFC_PHYS_s20_T2_ctrl,14,202,146.73333333333332,0.563247799873352,-0.1399764586506611
UBFC_PHYS_s20_T2_ctrl,14,203,146.76666666666668,0.440645307302475,-0.07746546296533115
UBFC_PHYS_s20_T2_ctrl,14,204,146.8,0.3717866539955139,0.014005153718082466
UBFC_PHYS_s20_T2_ctrl,14,205,146.83333333333334,0.2756807208061218,0.12567555510719203
UBFC_PHYS_s20_T2_ctrl,14,206,146.86666666666667,0.09170593321323395,0.24163680210609684
UBFC_PHYS_s20_T2_ctrl,14,207,146.9,-0.13984504342079163,0.3413556467141613
UBFC_PHYS_s20_T2_ctrl,14,208,146.93333333333334,-0.33114391565322876,0.40453436697785106
UBFC_PHYS_s20_T2_ctrl,14,209,146.96666666666667,-0.4028429388999939,0.41596189306844883
UBFC_PHYS_s20_T2_ctrl,14,210,147.0,-0.3284049928188324,0.36888336166825414
UBFC_PHYS_s20_T2_ctrl,14,211,147.03333333333333,-0.17782483994960785,0.26653732872083735
UBFC_PHYS_s20_T2_ctrl,14,212,147.06666666666666,-0.05883364379405975,0.12193875065997184
UBFC_PHYS_s20_T2_ctrl,14,213,147.1,0.001605357276275754,-0.043688966248111194
UBFC_PHYS_s20_T2_ctrl,14,214,147.13333333333333,0.03412758558988571,-0.2039238657721734
UBFC_PHYS_s20_T2_ctrl,14,215,147.16666666666666,0.049262698739767075,-0.33208258700524057
UBFC_PHYS_s20_T2_ctrl,14,216,147.2,0.04810626059770584,-0.4073004265989048
UBFC_PHYS_s20_T2_ctrl,14,217,147.23333333333332,0.054375361651182175,-0.419723415338323
UBFC_PHYS_s20_T2_ctrl,14,218,147.26666666666668,0.06220666691660881,-0.37323406876931287
UBFC_PHYS_s20_T2_ctrl,14,219,147.3,0.01493480522185564,-0.28485162757463856
UBFC_PHYS_s20_T2_ctrl,14,220,147.33333333333334,-0.07855392247438431,-0.18056511194795963
UBFC_PHYS_s20_T2_ctrl,14,221,147.36666666666667,-0.11821765452623367,-0.08808358278486851
UBFC_PHYS_s20_T2_ctrl,14,222,147.4,-0.054147034883499146,-0.0283451710345951
UBFC_PHYS_s20_T2_ctrl,14,223,147.43333333333334,0.06058359891176224,-0.008737217419754745
UBFC_PHYS_s20_T2_ctrl,14,224,147.46666666666667,0.170627623796463,-0.020739832051265124
UBFC_PHYS_s20_T2_ctrl,14,225,147.5,0.24859575927257538,-0.043906651337899075
UBFC_PHYS_s20_T2_ctrl,14,226,147.53333333333333,0.2734692692756653,-0.05459660754137592
UBFC_PHYS_s20_T2_ctrl,14,227,147.56666666666666,0.2966385781764984,-0.03469127214459864
UBFC_PHYS_s20_T2_ctrl,14,228,147.6,0.3998454213142395,0.022615449848251513
UBFC_PHYS_s20_T2_ctrl,14,229,147.63333333333333,0.5805132389068604,0.11049603888676805
UBFC_PHYS_s20_T2_ctrl,14,230,147.66666666666666,0.7751799821853638,0.2103136403807224
UBFC_PHYS_s20_T2_ctrl,14,231,147.7,0.9559085965156555,0.29829801047543825
UBFC_PHYS_s20_T2_ctrl,14,232,147.73333333333332,1.1479378938674927,0.35445156638921194
UBFC_PHYS_s20_T2_ctrl,14,233,147.76666666666668,1.3881925344467163,0.36826524462907323
UBFC_PHYS_s20_T2_ctrl,14,234,147.8,1.6545785665512085,0.3394516163717589
UBFC_PHYS_s20_T2_ctrl,14,235,147.83333333333334,1.8810980319976807,0.27583838592073
UBFC_PHYS_s20_T2_ctrl,14,236,147.86666666666667,2.0810601711273193,0.19008070718203898
UBFC_PHYS_s20_T2_ctrl,14,237,147.9,2.284592866897583,0.09592893697597915
UBFC_PHYS_s20_T2_ctrl,14,238,147.93333333333334,2.4075605869293213,0.005252466370555388
UBFC_PHYS_s20_T2_ctrl,14,239,147.96666666666667,2.4184553623199463,-0.07272582297719501
UBFC_PHYS_s20_T2_ctrl,14,240,148.0,2.486908197402954,-0.13058368437527726
UBFC_PHYS_s20_T2_ctrl,14,241,148.03333333333333,2.7202041149139404,-0.16266836533661364
UBFC_PHYS_s20_T2_ctrl,14,242,148.06666666666666,2.9896535873413086,-0.16661374968682757
UBFC_PHYS_s20_T2_ctrl,14,243,148.1,3.22623610496521,-0.14521265545237377
UBFC_PHYS_s20_T2_ctrl,14,244,148.13333333333333,3.445695161819458,-0.10697017885336468
UBFC_PHYS_s20_T2_ctrl,14,245,148.16666666666666,3.503861904144287,-0.06364327527985632
UBFC_PHYS_s20_T2_ctrl,14,246,148.2,3.1913604736328125,-0.02601889691978513
UBFC_PHYS_s20_T2_ctrl,14,247,148.23333333333332,2.422452211380005,-0.001833860467820528
UBFC_PHYS_s20_T2_ctrl,14,248,148.26666666666668,1.1256003379821777,0.003629994903660944
UBFC_PHYS_s20_T2_ctrl,14,249,148.3,-0.5536056756973267,-0.01280947289719496
UBFC_PHYS_s20_T2_ctrl,14,250,148.33333333333334,-1.9897167682647705,-0.05099808605817836
UBFC_PHYS_s20_T2_ctrl,14,251,148.36666666666667,-2.8915138244628906,-0.1052549205936762
UBFC_PHYS_s20_T2_ctrl,14,252,148.4,-3.8535265922546387,-0.1632344896677163
UBFC_PHYS_s20_T2_ctrl,14,253,148.43333333333334,-5.166426181793213,-0.20866559878693083
UBFC_PHYS_s20_T2_ctrl,14,254,148.46666666666667,-6.1260247230529785,-0.22728856021866986
UBFC_PHYS_s20_T2_ctrl,14,255,148.5,-6.361653804779053,-0.2119019740324193
UBFC_PHYS_s20_T2_ctrl,14,256,148.53333333333333,-6.104640960693359,-0.16434760623984435
UBFC_PHYS_s20_T2_ctrl,14,257,148.56666666666666,-4.977785110473633,-0.0946448199031116
UBFC_PHYS_s20_T2_ctrl,14,258,148.6,-2.998859405517578,-0.017769714730400142
UBFC_PHYS_s20_T2_ctrl,14,259,148.63333333333333,-1.746418833732605,0.05126197509641457
UBFC_PHYS_s20_T2_ctrl,14,260,148.66666666666666,-2.2989113330841064,0.1022371636331172
UBFC_PHYS_s20_T2_ctrl,14,261,148.7,-3.6824347972869873,0.13196770914634828
UBFC_PHYS_s20_T2_ctrl,14,262,148.73333333333332,-4.414134502410889,0.14330284355378692
UBFC_PHYS_s20_T2_ctrl,14,263,148.76666666666668,-3.8296878337860107,0.14238439372892453
UBFC_PHYS_s20_T2_ctrl,14,264,148.8,-2.1511917114257812,0.13558224945747233
UBFC_PHYS_s20_T2_ctrl,14,265,148.83333333333334,-0.3884585201740265,0.12720055742722564
UBFC_PHYS_s20_T2_ctrl,14,266,148.86666666666667,0.5635724067687988,0.11863510383328
UBFC_PHYS_s20_T2_ctrl,14,267,148.9,0.8222489356994629,0.10914409074016622
UBFC_PHYS_s20_T2_ctrl,14,268,148.93333333333334,0.8841283917427063,0.09736740718085267
UBFC_PHYS_s20_T2_ctrl,14,269,148.96666666666667,0.8000940680503845,0.08194719537183347
UBFC_PHYS_s20_T2_ctrl,14,270,149.0,0.6064823269844055,0.06115461018618839
UBFC_PHYS_s20_T2_ctrl,14,271,149.03333333333333,0.6253910660743713,0.03297847573866709
UBFC_PHYS_s20_T2_ctrl,14,272,149.06666666666666,0.6924440264701843,-0.004011000020865155
UBFC_PHYS_s20_T2_ctrl,14,273,149.1,0.1516377180814743,-0.049959832861950854
UBFC_PHYS_s20_T2_ctrl,14,274,149.13333333333333,-0.8985482454299927,-0.1036614311367901
UBFC_PHYS_s20_T2_ctrl,14,275,149.16666666666666,-1.4562344551086426,-0.16300654912772516
UBFC_PHYS_s20_T2_ctrl,14,276,149.2,-1.1322498321533203,-0.22532621320054863
UBFC_PHYS_s20_T2_ctrl,14,277,149.23333333333332,-0.5962721109390259,-0.2866769177073576
UBFC_PHYS_s20_T2_ctrl,14,278,149.26666666666668,-0.40862512588500977,-0.34018935013716295
UBFC_PHYS_s20_T2_ctrl,14,279,149.3,-0.38780927658081055,-0.3746786669073414
UBFC_PHYS_s20_T2_ctrl,14,280,149.33333333333334,-0.10239274054765701,-0.37528113941935887
UBFC_PHYS_s20_T2_ctrl,14,281,149.36666666666667,0.6739004850387573,-0.3279453300472187
UBFC_PHYS_s20_T2_ctrl,14,282,149.4,1.7206171751022339,-0.2261752939425444
UBFC_PHYS_s20_T2_ctrl,14,283,149.43333333333334,2.4934208393096924,-0.07530015885410427
UBFC_PHYS_s20_T2_ctrl,14,284,149.46666666666667,2.617403030395508,0.10765911220685963
UBFC_PHYS_s20_T2_ctrl,14,285,149.5,2.193234443664551,0.2972418926833089
UBFC_PHYS_s20_T2_ctrl,14,286,149.53333333333333,1.7682948112487793,0.46474492361232334
UBFC_PHYS_s20_T2_ctrl,14,287,149.56666666666666,1.8018112182617188,0.5845354963830427
UBFC_PHYS_s20_T2_ctrl,14,288,149.6,2.061035394668579,0.6397396625107585
UBFC_PHYS_s20_T2_ctrl,14,289,149.63333333333333,2.0170300006866455,0.6249215907613657
UBFC_PHYS_s20_T2_ctrl,14,290,149.66666666666666,1.6961697340011597,0.5453043290425229
UBFC_PHYS_s20_T2_ctrl,14,291,149.7,1.5348570346832275,0.4140413724290229
UBFC_PHYS_s20_T2_ctrl,14,292,149.73333333333332,1.5226231813430786,0.24933029230235562
UBFC_PHYS_s20_T2_ctrl,14,293,149.76666666666668,1.2619787454605103,0.07298540411101566
UBFC_PHYS_s20_T2_ctrl,14,294,149.8,0.8189013600349426,-0.09031865907944508
UBFC_PHYS_s20_T2_ctrl,14,295,149.83333333333334,0.6700862646102905,-0.21600774673190656
UBFC_PHYS_s20_T2_ctrl,14,296,149.86666666666667,0.9696032404899597,-0.2851658785702703
UBFC_PHYS_s20_T2_ctrl,14,297,149.9,1.354392170906067,-0.2903367678884691
UBFC_PHYS_s20_T2_ctrl,14,298,149.93333333333334,0.9869498014450073,-0.23890573447236105
UBFC_PHYS_s20_T2_ctrl,14,299,149.96666666666667,-0.7753776907920837,-0.1516824400102308
UBFC_PHYS_s20_T2_ctrl,15,0,150.0,-2.715228319168091,-0.11455628244326356
UBFC_PHYS_s20_T2_ctrl,15,1,150.03333333333333,-2.561462879180908,-0.5767497054409845
UBFC_PHYS_s20_T2_ctrl,15,2,150.06666666666666,-0.9418436288833618,-0.9420610361472694
UBFC_PHYS_s20_T2_ctrl,15,3,150.1,-0.2640097439289093,-1.1364963475338203
UBFC_PHYS_s20_T2_ctrl,15,4,150.13333333333333,-0.7561443448066711,-1.1258292030363437
UBFC_PHYS_s20_T2_ctrl,15,5,150.16666666666666,-1.189949870109558,-0.9249558110220111
UBFC_PHYS_s20_T2_ctrl,15,6,150.2,-1.497866153717041,-0.5913055198333006
UBFC_PHYS_s20_T2_ctrl,15,7,150.23333333333332,-1.8120516538619995,-0.2054685331529748
UBFC_PHYS_s20_T2_ctrl,15,8,150.26666666666668,-1.5500072240829468,0.15366274238241384
UBFC_PHYS_s20_T2_ctrl,15,9,150.3,-0.821898877620697,0.4292471670597628
UBFC_PHYS_s20_T2_ctrl,15,10,150.33333333333334,-0.07125011831521988,0.5961433493158468
UBFC_PHYS_s20_T2_ctrl,15,11,150.36666666666667,1.1033846139907837,0.6584933030564436
UBFC_PHYS_s20_T2_ctrl,15,12,150.4,2.7939724922180176,0.6388526111386984
UBFC_PHYS_s20_T2_ctrl,15,13,150.43333333333334,3.93143892288208,0.5664118160282002
UBFC_PHYS_s20_T2_ctrl,15,14,150.46666666666667,3.6292033195495605,0.4688205690507446
UBFC_PHYS_s20_T2_ctrl,15,15,150.5,2.1171529293060303,0.3682114383579537
UBFC_PHYS_s20_T2_ctrl,15,16,150.53333333333333,0.1834498643875122,0.2803965202197601
UBFC_PHYS_s20_T2_ctrl,15,17,150.56666666666666,-1.343695044517517,0.2151135299750305
UBFC_PHYS_s20_T2_ctrl,15,18,150.6,-2.0234968662261963,0.1761501773497775
UBFC_PHYS_s20_T2_ctrl,15,19,150.63333333333333,-2.150704860687256,0.1614797157465491
UBFC_PHYS_s20_T2_ctrl,15,20,150.66666666666666,-2.3098669052124023,0.16380372386591943
UBFC_PHYS_s20_T2_ctrl,15,21,150.7,-2.656128168106079,0.17201329853885325
UBFC_PHYS_s20_T2_ctrl,15,22,150.73333333333332,-2.979220390319824,0.17339443541168606
UBFC_PHYS_s20_T2_ctrl,15,23,150.76666666666668,-3.066561698913574,0.15570692439417758
UBFC_PHYS_s20_T2_ctrl,15,24,150.8,-2.742556571960449,0.10882376768042386
UBFC_PHYS_s20_T2_ctrl,15,25,150.83333333333334,-1.8722472190856934,0.026186093434576972
UBFC_PHYS_s20_T2_ctrl,15,26,150.86666666666667,-0.5892726182937622,-0.09381775779655693
UBFC_PHYS_s20_T2_ctrl,15,27,150.9,0.591144323348999,-0.24668679267421947
UBFC_PHYS_s20_T2_ctrl,15,28,150.93333333333334,1.148911714553833,-0.4215091959470735
UBFC_PHYS_s20_T2_ctrl,15,29,150.96666666666667,1.0738245248794556,-0.6025411391336827
UBFC_PHYS_s20_T2_ctrl,15,30,151.0,0.8931567072868347,-0.7720118376012197
UBFC_PHYS_s20_T2_ctrl,15,31,151.03333333333333,1.197238564491272,-0.9119877244048551
UBFC_PHYS_s20_T2_ctrl,15,32,151.06666666666666,1.956732988357544,-1.0048450920584293
UBFC_PHYS_s20_T2_ctrl,15,33,151.1,2.4839258193969727,-1.0336902336250884
UBFC_PHYS_s20_T2_ctrl,15,34,151.13333333333333,2.2380311489105225,-0.9835721719431461
UBFC_PHYS_s20_T2_ctrl,15,35,151.16666666666666,1.5343700647354126,-0.8435603114555656
UBFC_PHYS_s20_T2_ctrl,15,36,151.2,1.0831165313720703,-0.6098043238947117
UBFC_PHYS_s20_T2_ctrl,15,37,151.23333333333332,1.1457061767578125,-0.2896069139278551
UBFC_PHYS_s20_T2_ctrl,15,38,151.26666666666668,1.4193757772445679,0.09489893601712998
UBFC_PHYS_s20_T2_ctrl,15,39,151.3,1.4295604228973389,0.506065750416774
UBFC_PHYS_s20_T2_ctrl,15,40,151.33333333333334,0.9726870656013489,0.8950710691107133
UBFC_PHYS_s20_T2_ctrl,15,41,151.36666666666667,0.2993369400501251,1.2121310232665834
UBFC_PHYS_s20_T2_ctrl,15,42,151.4,-0.14933998882770538,1.4187716654926683
UBFC_PHYS_s20_T2_ctrl,15,43,151.43333333333334,-0.18243028223514557,1.4944511690704765
UBFC_PHYS_s20_T2_ctrl,15,44,151.46666666666667,0.06926701217889786,1.435638961685166
UBFC_PHYS_s20_T2_ctrl,15,45,151.5,0.3374587595462799,1.251589959278463
UBFC_PHYS_s20_T2_ctrl,15,46,151.53333333333333,0.3661261796951294,0.96042482982914
UBFC_PHYS_s20_T2_ctrl,15,47,151.56666666666666,0.1346563696861267,0.5875310882172486
UBFC_PHYS_s20_T2_ctrl,15,48,151.6,-0.1194552406668663,0.1659636394272488
UBFC_PHYS_s20_T2_ctrl,15,49,151.63333333333333,-0.1673763245344162,-0.2636404039107955
UBFC_PHYS_s20_T2_ctrl,15,50,151.66666666666666,-0.021847978234291077,-0.6553434359261637
UBFC_PHYS_s20_T2_ctrl,15,51,151.7,0.16423679888248444,-0.9627932753049347
UBFC_PHYS_s20_T2_ctrl,15,52,151.73333333333332,0.35561680793762207,-1.1465684726846495
UBFC_PHYS_s20_T2_ctrl,15,53,151.76666666666668,0.6604695916175842,-1.1831263956800842
UBFC_PHYS_s20_T2_ctrl,15,54,151.8,1.073804259300232,-1.0727024400860197
UBFC_PHYS_s20_T2_ctrl,15,55,151.83333333333334,1.390221357345581,-0.8421536524144213
UBFC_PHYS_s20_T2_ctrl,15,56,151.86666666666667,1.3958007097244263,-0.5401315702153854
UBFC_PHYS_s20_T2_ctrl,15,57,151.9,1.0866467952728271,-0.22407626019928292
UBFC_PHYS_s20_T2_ctrl,15,58,151.93333333333334,0.8134235143661499,0.05616282791324678
UBFC_PHYS_s20_T2_ctrl,15,59,151.96666666666667,0.9560708999633789,0.26891302683181373
UBFC_PHYS_s20_T2_ctrl,15,60,152.0,1.280867099761963,0.40202153567780013
UBFC_PHYS_s20_T2_ctrl,15,61,152.03333333333333,1.1239975690841675,0.45785762298257554
UBFC_PHYS_s20_T2_ctrl,15,62,152.06666666666666,0.4633074104785919,0.44598771710235346
UBFC_PHYS_s20_T2_ctrl,15,63,152.1,-0.28397348523139954,0.3776022496561914
UBFC_PHYS_s20_T2_ctrl,15,64,152.13333333333333,-1.1093239784240723,0.2633782926322078
UBFC_PHYS_s20_T2_ctrl,15,65,152.16666666666666,-2.0561611652374268,0.11380438897352167
UBFC_PHYS_s20_T2_ctrl,15,66,152.2,-2.651319980621338,-0.05892371459558369
UBFC_PHYS_s20_T2_ctrl,15,67,152.23333333333332,-2.6885693073272705,-0.23798311793401303
UBFC_PHYS_s20_T2_ctrl,15,68,152.26666666666668,-2.72997784614563,-0.39985522201694207
UBFC_PHYS_s20_T2_ctrl,15,69,152.3,-3.0621590614318848,-0.5158714038915598
UBFC_PHYS_s20_T2_ctrl,15,70,152.33333333333334,-3.2943592071533203,-0.5576192297064164
UBFC_PHYS_s20_T2_ctrl,15,71,152.36666666666667,-3.2146666049957275,-0.503807686565313
UBFC_PHYS_s20_T2_ctrl,15,72,152.4,-2.8194291591644287,-0.3468222115001902
UBFC_PHYS_s20_T2_ctrl,15,73,152.43333333333334,-1.958756685256958,-0.09808157268364834
UBFC_PHYS_s20_T2_ctrl,15,74,152.46666666666667,-0.7880173325538635,0.2103230349025813
UBFC_PHYS_s20_T2_ctrl,15,75,152.5,0.015178265050053596,0.5313030928343787
UBFC_PHYS_s20_T2_ctrl,15,76,152.53333333333333,-0.013935521245002747,0.8143722252132931
UBFC_PHYS_s20_T2_ctrl,15,77,152.56666666666666,-0.5572779178619385,1.0169873552740165
UBFC_PHYS_s20_T2_ctrl,15,78,152.6,-1.0795406103134155,1.112033427525436
UBFC_PHYS_s20_T2_ctrl,15,79,152.63333333333333,-1.3443442583084106,1.091080696099856
UBFC_PHYS_s20_T2_ctrl,15,80,152.66666666666666,-1.4852468967437744,0.9635531351392788
UBFC_PHYS_s20_T2_ctrl,15,81,152.7,-1.6240395307540894,0.7522660535039007
UBFC_PHYS_s20_T2_ctrl,15,82,152.73333333333332,-1.56392502784729,0.48641485590772465
UBFC_PHYS_s20_T2_ctrl,15,83,152.76666666666668,-1.043670892715454,0.19359985502226204
UBFC_PHYS_s20_T2_ctrl,15,84,152.8,-0.12328974157571793,-0.10630016487438491
UBFC_PHYS_s20_T2_ctrl,15,85,152.83333333333334,0.9331247806549072,-0.4018993610666094
UBFC_PHYS_s20_T2_ctrl,15,86,152.86666666666667,1.8471759557724,-0.6859986365434918
UBFC_PHYS_s20_T2_ctrl,15,87,152.9,2.3420493602752686,-0.950153816467363
UBFC_PHYS_s20_T2_ctrl,15,88,152.93333333333334,2.291105270385742,-1.180963743181995
UBFC_PHYS_s20_T2_ctrl,15,89,152.96666666666667,1.813537836074829,-1.3591784415463144
UBFC_PHYS_s20_T2_ctrl,15,90,153.0,1.1408774852752686,-1.461370908182459
UBFC_PHYS_s20_T2_ctrl,15,91,153.03333333333333,0.47095611691474915,-1.4627177273571585
UBFC_PHYS_s20_T2_ctrl,15,92,153.06666666666666,-0.10716050118207932,-1.3410335552880193
UBFC_PHYS_s20_T2_ctrl,15,93,153.1,-0.6056452989578247,-1.0836334350272119
UBFC_PHYS_s20_T2_ctrl,15,94,153.13333333333333,-0.9747716188430786,-0.6961342500216028
UBFC_PHYS_s20_T2_ctrl,15,95,153.16666666666666,-1.0108036994934082,-0.20978551019900765
UBFC_PHYS_s20_T2_ctrl,15,96,153.2,-0.6033933162689209,0.3174754894285574
UBFC_PHYS_s20_T2_ctrl,15,97,153.23333333333332,0.01846497878432274,0.8112517975862067
UBFC_PHYS_s20_T2_ctrl,15,98,153.26666666666668,0.5005162358283997,1.1996828291378179
UBFC_PHYS_s20_T2_ctrl,15,99,153.3,0.7378899455070496,1.431520446509332
UBFC_PHYS_s20_T2_ctrl,15,100,153.33333333333334,0.8353348970413208,1.4869727977245795
UBFC_PHYS_s20_T2_ctrl,15,101,153.36666666666667,0.8809228539466858,1.3795807845231598
UBFC_PHYS_s20_T2_ctrl,15,102,153.4,0.9141551852226257,1.1495931997792252
UBFC_PHYS_s20_T2_ctrl,15,103,153.43333333333334,0.9545289874076843,0.8512711938596296
UBFC_PHYS_s20_T2_ctrl,15,104,153.46666666666667,0.9732754230499268,0.5380383678552518
UBFC_PHYS_s20_T2_ctrl,15,105,153.5,0.8870702385902405,0.25022189279912765
UBFC_PHYS_s20_T2_ctrl,15,106,153.53333333333333,0.6714861989021301,0.009154654087406434
UBFC_PHYS_s20_T2_ctrl,15,107,153.56666666666666,0.49193426966667175,-0.18022073707286318
UBFC_PHYS_s20_T2_ctrl,15,108,153.6,0.4904126226902008,-0.32063803812015557
UBFC_PHYS_s20_T2_ctrl,15,109,153.63333333333333,0.5742035508155823,-0.4139866027005582
UBFC_PHYS_s20_T2_ctrl,15,110,153.66666666666666,0.5825420618057251,-0.45735574540846224
UBFC_PHYS_s20_T2_ctrl,15,111,153.7,0.489012748003006,-0.4450952139764626
UBFC_PHYS_s20_T2_ctrl,15,112,153.73333333333332,0.31485751271247864,-0.3751056121106279
UBFC_PHYS_s20_T2_ctrl,15,113,153.76666666666668,0.03692737966775894,-0.2548209422332585
UBFC_PHYS_s20_T2_ctrl,15,114,153.8,-0.32444876432418823,-0.10341429607266611
UBFC_PHYS_s20_T2_ctrl,15,115,153.83333333333334,-0.7036380767822266,0.051347965379860055
UBFC_PHYS_s20_T2_ctrl,15,116,153.86666666666667,-1.0247012376785278,0.1800454403417442
UBFC_PHYS_s20_T2_ctrl,15,117,153.9,-1.1595782041549683,0.25802401463521696
UBFC_PHYS_s20_T2_ctrl,15,118,153.93333333333334,-1.004311442375183,0.26917901705346187
UBFC_PHYS_s20_T2_ctrl,15,119,153.96666666666667,-0.6036773324012756,0.20757149278136375
UBFC_PHYS_s20_T2_ctrl,15,120,154.0,-0.09437883645296097,0.07731226509739396
UBFC_PHYS_s20_T2_ctrl,15,121,154.03333333333333,0.3943878710269928,-0.10909866123986106
UBFC_PHYS_s20_T2_ctrl,15,122,154.06666666666666,0.7474863529205322,-0.3332788078378653
UBFC_PHYS_s20_T2_ctrl,15,123,154.1,0.9153116345405579,-0.5732508071965171
UBFC_PHYS_s20_T2_ctrl,15,124,154.13333333333333,0.9733768701553345,-0.8049040796315413
UBFC_PHYS_s20_T2_ctrl,15,125,154.16666666666666,1.0192488431930542,-1.0025842972662433
UBFC_PHYS_s20_T2_ctrl,15,126,154.2,1.0490930080413818,-1.1392971803263867
UBFC_PHYS_s20_T2_ctrl,15,127,154.23333333333332,0.9863614439964294,-1.1873887695518102
UBFC_PHYS_s20_T2_ctrl,15,128,154.26666666666668,0.8229590058326721,-1.1211415767964674
UBFC_PHYS_s20_T2_ctrl,15,129,154.3,0.6280893683433533,-0.922825582916744
UBFC_PHYS_s20_T2_ctrl,15,130,154.33333333333334,0.3945704698562622,-0.591494939028867
UBFC_PHYS_s20_T2_ctrl,15,131,154.36666666666667,0.07474486529827118,-0.15150796312018838
UBFC_PHYS_s20_T2_ctrl,15,132,154.4,-0.2705223262310028,0.34534581401370673
UBFC_PHYS_s20_T2_ctrl,15,133,154.43333333333334,-0.533966600894928,0.8317430569767006
UBFC_PHYS_s20_T2_ctrl,15,134,154.46666666666667,-0.6675856709480286,1.2460664967701225
UBFC_PHYS_s20_T2_ctrl,15,135,154.5,-0.6342518925666809,1.5469664681097708
UBFC_PHYS_s20_T2_ctrl,15,136,154.53333333333333,-0.40984243154525757,1.7155144839383052
UBFC_PHYS_s20_T2_ctrl,15,137,154.56666666666666,-0.07173703610897064,1.7507015077057537
UBFC_PHYS_s20_T2_ctrl,15,138,154.6,0.330763578414917,1.6631292871221608
UBFC_PHYS_s20_T2_ctrl,15,139,154.63333333333333,0.7990999221801758,1.4694905355592018
UBFC_PHYS_s20_T2_ctrl,15,140,154.66666666666666,1.2415077686309814,1.1893192918666282
UBFC_PHYS_s20_T2_ctrl,15,141,154.7,1.5223796367645264,0.8441797753276958
UBFC_PHYS_s20_T2_ctrl,15,142,154.73333333333332,1.6783971786499023,0.45768074256702035
UBFC_PHYS_s20_T2_ctrl,15,143,154.76666666666668,1.86519193649292,0.05348210110497046
UBFC_PHYS_s20_T2_ctrl,15,144,154.8,2.0692522525787354,-0.3481744343949559
UBFC_PHYS_s20_T2_ctrl,15,145,154.83333333333334,2.0984878540039062,-0.7316123620363412
UBFC_PHYS_s20_T2_ctrl,15,146,154.86666666666667,1.848474383354187,-1.0834622793184918
UBFC_PHYS_s20_T2_ctrl,15,147,154.9,1.4277344942092896,-1.3889571400234897
UBFC_PHYS_s20_T2_ctrl,15,148,154.93333333333334,0.9951056838035583,-1.6289695618677875
UBFC_PHYS_s20_T2_ctrl,15,149,154.96666666666667,0.5906574130058289,-1.779700685139558
UBFC_PHYS_s20_T2_ctrl,15,150,155.0,0.20325128734111786,-1.8156623499580808
UBFC_PHYS_s20_T2_ctrl,15,151,155.03333333333333,-0.13083700835704803,-1.7151562242640825
UBFC_PHYS_s20_T2_ctrl,15,152,155.06666666666666,-0.39403781294822693,-1.4676451827571382
UBFC_PHYS_s20_T2_ctrl,15,153,155.1,-0.5711957216262817,-1.0825321785940563
UBFC_PHYS_s20_T2_ctrl,15,154,155.13333333333333,-0.5884407758712769,-0.5949903704589568
UBFC_PHYS_s20_T2_ctrl,15,155,155.16666666666666,-0.4348174035549164,-0.06159946615349838
UBFC_PHYS_s20_T2_ctrl,15,156,155.2,-0.22852542996406555,0.45363675642707185
UBFC_PHYS_s20_T2_ctrl,15,157,155.23333333333332,-0.04173056408762932,0.8944925352592219
UBFC_PHYS_s20_T2_ctrl,15,158,155.26666666666668,0.16322237253189087,1.2227952666877695
UBFC_PHYS_s20_T2_ctrl,15,159,155.3,0.34226709604263306,1.4211773910253216
UBFC_PHYS_s20_T2_ctrl,15,160,155.33333333333334,0.35074761509895325,1.4899155371577577
UBFC_PHYS_s20_T2_ctrl,15,161,155.36666666666667,0.16062545776367188,1.4430285663840965
UBFC_PHYS_s20_T2_ctrl,15,162,155.4,-0.07739748805761337,1.3048966861889704
UBFC_PHYS_s20_T2_ctrl,15,163,155.43333333333334,-0.2371479719877243,1.1045491656381259
UBFC_PHYS_s20_T2_ctrl,15,164,155.46666666666667,-0.4019908308982849,0.8684187372797396
UBFC_PHYS_s20_T2_ctrl,15,165,155.5,-0.7337662577629089,0.6160289971462617
UBFC_PHYS_s20_T2_ctrl,15,166,155.53333333333333,-1.205085039138794,0.3599581016778648
UBFC_PHYS_s20_T2_ctrl,15,167,155.56666666666666,-1.610669493675232,0.10805050878218136
UBFC_PHYS_s20_T2_ctrl,15,168,155.6,-1.8370671272277832,-0.1336702712325512
UBFC_PHYS_s20_T2_ctrl,15,169,155.63333333333333,-1.8909327983856201,-0.35807729804581473
UBFC_PHYS_s20_T2_ctrl,15,170,155.66666666666666,-1.8077301979064941,-0.5550848757988215
UBFC_PHYS_s20_T2_ctrl,15,171,155.7,-1.6887998580932617,-0.7121439822719147
UBFC_PHYS_s20_T2_ctrl,15,172,155.73333333333332,-1.6571094989776611,-0.8170682548916112
UBFC_PHYS_s20_T2_ctrl,15,173,155.76666666666668,-1.640067219734192,-0.8618579655357175
UBFC_PHYS_s20_T2_ctrl,15,174,155.8,-1.4237325191497803,-0.8455800230739313
UBFC_PHYS_s20_T2_ctrl,15,175,155.83333333333334,-0.9780380129814148,-0.774203545083697
UBFC_PHYS_s20_T2_ctrl,15,176,155.86666666666667,-0.41225674748420715,-0.6578539284382179
UBFC_PHYS_s20_T2_ctrl,15,177,155.9,0.2199283242225647,-0.5083644251524663
UBFC_PHYS_s20_T2_ctrl,15,178,155.93333333333334,0.8222692012786865,-0.3384156700632634
UBFC_PHYS_s20_T2_ctrl,15,179,155.96666666666667,1.164229393005371,-0.16165378718136011
UBFC_PHYS_s20_T2_ctrl,15,180,156.0,1.1436164379119873,0.007222649629929256
UBFC_PHYS_s20_T2_ctrl,15,181,156.03333333333333,0.9652818441390991,0.15350276182541422
UBFC_PHYS_s20_T2_ctrl,15,182,156.06666666666666,0.8792389035224915,0.2645400802400961
UBFC_PHYS_s20_T2_ctrl,15,183,156.1,0.9115988612174988,0.33158225967218175
UBFC_PHYS_s20_T2_ctrl,15,184,156.13333333333333,0.9441819190979004,0.35074240380447924
UBFC_PHYS_s20_T2_ctrl,15,185,156.16666666666666,0.8749986290931702,0.32329268795047383
UBFC_PHYS_s20_T2_ctrl,15,186,156.2,0.7245604991912842,0.25539642184538897
UBFC_PHYS_s20_T2_ctrl,15,187,156.23333333333332,0.6106008291244507,0.15727881216456724
UBFC_PHYS_s20_T2_ctrl,15,188,156.26666666666668,0.6111689209938049,0.04225058477858459
UBFC_PHYS_s20_T2_ctrl,15,189,156.3,0.6720948219299316,-0.0736911257592595
UBFC_PHYS_s20_T2_ctrl,15,190,156.33333333333334,0.6444215178489685,-0.1718669466958214
UBFC_PHYS_s20_T2_ctrl,15,191,156.36666666666667,0.43620216846466064,-0.2315532310177774
UBFC_PHYS_s20_T2_ctrl,15,192,156.4,0.16886253654956818,-0.2324500250284221
UBFC_PHYS_s20_T2_ctrl,15,193,156.43333333333334,0.08651211112737656,-0.15993519579137833
UBFC_PHYS_s20_T2_ctrl,15,194,156.46666666666667,0.30219757556915283,-0.011944570589196835
UBFC_PHYS_s20_T2_ctrl,15,195,156.5,0.7254734635353088,0.19567553243791355
UBFC_PHYS_s20_T2_ctrl,15,196,156.53333333333333,1.1690783500671387,0.4291957582178903
UBFC_PHYS_s20_T2_ctrl,15,197,156.56666666666666,1.5203102827072144,0.6459663009645069
UBFC_PHYS_s20_T2_ctrl,15,198,156.6,1.806254267692566,0.8086016274846501
UBFC_PHYS_s20_T2_ctrl,15,199,156.63333333333333,1.9930288791656494,0.8941974366169486
UBFC_PHYS_s20_T2_ctrl,15,200,156.66666666666666,1.9230949878692627,0.8947035439051082
UBFC_PHYS_s20_T2_ctrl,15,201,156.7,1.5867140293121338,0.8117292595755724
UBFC_PHYS_s20_T2_ctrl,15,202,156.73333333333332,1.1916186809539795,0.6503983671988309
UBFC_PHYS_s20_T2_ctrl,15,203,156.76666666666668,0.9072977304458618,0.41696849322810736
UBFC_PHYS_s20_T2_ctrl,15,204,156.8,0.7419070601463318,0.12076032082619521
UBFC_PHYS_s20_T2_ctrl,15,205,156.83333333333334,0.5754411220550537,-0.22327783109829244
UBFC_PHYS_s20_T2_ctrl,15,206,156.86666666666667,0.2543576657772064,-0.5935831502873271
UBFC_PHYS_s20_T2_ctrl,15,207,156.9,-0.2002231776714325,-0.9627329741622767
UBFC_PHYS_s20_T2_ctrl,15,208,156.93333333333334,-0.6128070950508118,-1.2991250536763315
UBFC_PHYS_s20_T2_ctrl,15,209,156.96666666666667,-0.94752436876297,-1.568052344127031
UBFC_PHYS_s20_T2_ctrl,15,210,157.0,-1.3293309211730957,-1.7327432267123593
UBFC_PHYS_s20_T2_ctrl,15,211,157.03333333333333,-1.7383440732955933,-1.7578360365546792
UBFC_PHYS_s20_T2_ctrl,15,212,157.06666666666666,-1.9213247299194336,-1.6163635965208292
UBFC_PHYS_s20_T2_ctrl,15,213,157.1,-1.7304924726486206,-1.2994277944679662
UBFC_PHYS_s20_T2_ctrl,15,214,157.13333333333333,-1.3144594430923462,-0.8250728135607548
UBFC_PHYS_s20_T2_ctrl,15,215,157.16666666666666,-0.9022610187530518,-0.240860918370768
UBFC_PHYS_s20_T2_ctrl,15,216,157.2,-0.5796559453010559,0.38275804918890227
UBFC_PHYS_s20_T2_ctrl,15,217,157.23333333333332,-0.3571130037307739,0.9677973816052957
UBFC_PHYS_s20_T2_ctrl,15,218,157.26666666666668,-0.2534598112106323,1.447145751953116
UBFC_PHYS_s20_T2_ctrl,15,219,157.3,-0.23698566854000092,1.7763449517732122
UBFC_PHYS_s20_T2_ctrl,15,220,157.33333333333334,-0.21874643862247467,1.9357023901663233
UBFC_PHYS_s20_T2_ctrl,15,221,157.36666666666667,-0.1217884048819542,1.9268219704772973
UBFC_PHYS_s20_T2_ctrl,15,222,157.4,0.05589699000120163,1.7671839017062883
UBFC_PHYS_s20_T2_ctrl,15,223,157.43333333333334,0.23757918179035187,1.4849547833752252
UBFC_PHYS_s20_T2_ctrl,15,224,157.46666666666667,0.3521880805492401,1.1145353884836144
UBFC_PHYS_s20_T2_ctrl,15,225,157.5,0.37823835015296936,0.6917785610829114
UBFC_PHYS_s20_T2_ctrl,15,226,157.53333333333333,0.30203527212142944,0.24942036007373097
UBFC_PHYS_s20_T2_ctrl,15,227,157.56666666666666,0.12491796165704727,-0.1850846853966178
UBFC_PHYS_s20_T2_ctrl,15,228,157.6,-0.10283908247947693,-0.5886261492630988
UBFC_PHYS_s20_T2_ctrl,15,229,157.63333333333333,-0.3328075706958771,-0.9393545476600174
UBFC_PHYS_s20_T2_ctrl,15,230,157.66666666666666,-0.5920521020889282,-1.213795249828859
UBFC_PHYS_s20_T2_ctrl,15,231,157.7,-0.9268302321434021,-1.3873093783486998
UBFC_PHYS_s20_T2_ctrl,15,232,157.73333333333332,-1.2995272874832153,-1.4383146762884933
UBFC_PHYS_s20_T2_ctrl,15,233,157.76666666666668,-1.6205092668533325,-1.353811199482209
UBFC_PHYS_s20_T2_ctrl,15,234,157.8,-1.8581873178482056,-1.1348076300918837
UBFC_PHYS_s20_T2_ctrl,15,235,157.83333333333334,-2.0356698036193848,-0.8014819944792286
UBFC_PHYS_s20_T2_ctrl,15,236,157.86666666666667,-2.180102586746216,-0.39556806855222465
UBFC_PHYS_s20_T2_ctrl,15,237,157.9,-2.2977547645568848,0.02433880989041061
UBFC_PHYS_s20_T2_ctrl,15,238,157.93333333333334,-2.318002462387085,0.39509196497808907
UBFC_PHYS_s20_T2_ctrl,15,239,157.96666666666667,-2.1197853088378906,0.6653004690849453
UBFC_PHYS_s20_T2_ctrl,15,240,158.0,-1.7219104766845703,0.8087269292663508
UBFC_PHYS_s20_T2_ctrl,15,241,158.03333333333333,-1.338420033454895,0.826075585964375
UBFC_PHYS_s20_T2_ctrl,15,242,158.06666666666666,-1.1017158031463623,0.7357362429407467
UBFC_PHYS_s20_T2_ctrl,15,243,158.1,-0.9340731501579285,0.5630631511622104
UBFC_PHYS_s20_T2_ctrl,15,244,158.13333333333333,-0.7442350387573242,0.3340963631656707
UBFC_PHYS_s20_T2_ctrl,15,245,158.16666666666666,-0.5287524461746216,0.07455440331483144
UBFC_PHYS_s20_T2_ctrl,15,246,158.2,-0.3086238503456116,-0.18819247550882504
UBFC_PHYS_s20_T2_ctrl,15,247,158.23333333333332,-0.1050707995891571,-0.4247915240050368
UBFC_PHYS_s20_T2_ctrl,15,248,158.26666666666668,0.09123929589986801,-0.6070907529813669
UBFC_PHYS_s20_T2_ctrl,15,249,158.3,0.3284507095813751,-0.7133902029183409
UBFC_PHYS_s20_T2_ctrl,15,250,158.33333333333334,0.5443999171257019,-0.732598726486167
UBFC_PHYS_s20_T2_ctrl,15,251,158.36666666666667,0.5768815875053406,-0.6632295114403924
UBFC_PHYS_s20_T2_ctrl,15,252,158.4,0.4039233922958374,-0.5089169800898903
UBFC_PHYS_s20_T2_ctrl,15,253,158.43333333333334,0.19564315676689148,-0.2773959494777954
UBFC_PHYS_s20_T2_ctrl,15,254,158.46666666666667,0.12846842408180237,0.01523150583836346
UBFC_PHYS_s20_T2_ctrl,15,255,158.5,0.25376927852630615,0.3387951477695452
UBFC_PHYS_s20_T2_ctrl,15,256,158.53333333333333,0.48578688502311707,0.6475666579963233
UBFC_PHYS_s20_T2_ctrl,15,257,158.56666666666666,0.7130975723266602,0.8888669013781004
UBFC_PHYS_s20_T2_ctrl,15,258,158.6,0.9445877075195312,1.0196164008946327
UBFC_PHYS_s20_T2_ctrl,15,259,158.63333333333333,1.231688141822815,1.0209397410939516
UBFC_PHYS_s20_T2_ctrl,15,260,158.66666666666666,1.53000807762146,0.9039318420847524
UBFC_PHYS_s20_T2_ctrl,15,261,158.7,1.74112868309021,0.7042440997059292
UBFC_PHYS_s20_T2_ctrl,15,262,158.73333333333332,1.8310669660568237,0.4681208978962744
UBFC_PHYS_s20_T2_ctrl,15,263,158.76666666666668,1.8822342157363892,0.23689496219532455
UBFC_PHYS_s20_T2_ctrl,15,264,158.8,1.985562801361084,0.03541486796214182
UBFC_PHYS_s20_T2_ctrl,15,265,158.83333333333334,2.053650379180908,-0.13268360200080548
UBFC_PHYS_s20_T2_ctrl,15,266,158.86666666666667,1.9137623310089111,-0.28143591202775853
UBFC_PHYS_s20_T2_ctrl,15,267,158.9,1.5291357040405273,-0.43104292196594163
UBFC_PHYS_s20_T2_ctrl,15,268,158.93333333333334,0.9910683035850525,-0.5933180997729813
UBFC_PHYS_s20_T2_ctrl,15,269,158.96666666666667,0.3995816707611084,-0.7625954146197051
UBFC_PHYS_s20_T2_ctrl,15,270,159.0,-0.17441639304161072,-0.915908414269424
UBFC_PHYS_s20_T2_ctrl,15,271,159.03333333333333,-0.6796369552612305,-1.0207700243327782
UBFC_PHYS_s20_T2_ctrl,15,272,159.06666666666666,-1.0773495435714722,-1.0462828686275254
UBFC_PHYS_s20_T2_ctrl,15,273,159.1,-1.3455209732055664,-0.9717387877986463
UBFC_PHYS_s20_T2_ctrl,15,274,159.13333333333333,-1.4683263301849365,-0.790846024755897
UBFC_PHYS_s20_T2_ctrl,15,275,159.16666666666666,-1.4240775108337402,-0.5138851363079854
UBFC_PHYS_s20_T2_ctrl,15,276,159.2,-1.2569622993469238,-0.16860125497136608
UBFC_PHYS_s20_T2_ctrl,15,277,159.23333333333332,-1.0922209024429321,0.20123847068890727
UBFC_PHYS_s20_T2_ctrl,15,278,159.26666666666668,-1.0149831771850586,0.5417591840608894
UBFC_PHYS_s20_T2_ctrl,15,279,159.3,-1.0332223176956177,0.8018050245950187
UBFC_PHYS_s20_T2_ctrl,15,280,159.33333333333334,-1.1241141557693481,0.9488307111595446
UBFC_PHYS_s20_T2_ctrl,15,281,159.36666666666667,-1.230790376663208,0.9783661553061107
UBFC_PHYS_s20_T2_ctrl,15,282,159.4,-1.3054717779159546,0.9124277998404398
UBFC_PHYS_s20_T2_ctrl,15,283,159.43333333333334,-1.361832857131958,0.7881821053680261
UBFC_PHYS_s20_T2_ctrl,15,284,159.46666666666667,-1.411376953125,0.6419509061006359
UBFC_PHYS_s20_T2_ctrl,15,285,159.5,-1.3978040218353271,0.4963312525682374
UBFC_PHYS_s20_T2_ctrl,15,286,159.53333333333333,-1.3022053241729736,0.35596417372215783
UBFC_PHYS_s20_T2_ctrl,15,287,159.56666666666666,-1.2606953382492065,0.21406340620835995
UBFC_PHYS_s20_T2_ctrl,15,288,159.6,-1.3819183111190796,0.06472201501992905
UBFC_PHYS_s20_T2_ctrl,15,289,159.63333333333333,-1.580297827720642,-0.08978078717791388
UBFC_PHYS_s20_T2_ctrl,15,290,159.66666666666666,-1.734692096710205,-0.23995502947780809
UBFC_PHYS_s20_T2_ctrl,15,291,159.7,-1.833841323852539,-0.3734471090991028
UBFC_PHYS_s20_T2_ctrl,15,292,159.73333333333332,-1.8579844236373901,-0.47908696217254604
UBFC_PHYS_s20_T2_ctrl,15,293,159.76666666666668,-1.7327444553375244,-0.5492032543216586
UBFC_PHYS_s20_T2_ctrl,15,294,159.8,-1.4606168270111084,-0.580052225837061
UBFC_PHYS_s20_T2_ctrl,15,295,159.83333333333334,-1.1139700412750244,-0.5714164939760823
UBFC_PHYS_s20_T2_ctrl,15,296,159.86666666666667,-0.738371729850769,-0.5260778753986217
UBFC_PHYS_s20_T2_ctrl,15,297,159.9,-0.3602982759475708,-0.4493061817094885
UBFC_PHYS_s20_T2_ctrl,15,298,159.93333333333334,0.006149948108941317,-0.3483633995221641
UBFC_PHYS_s20_T2_ctrl,15,299,159.96666666666667,0.4091172218322754,-0.23190500790481852
UBFC_PHYS_s20_T2_ctrl,16,0,160.0,0.9111118912696838,-0.03361797074251316
UBFC_PHYS_s20_T2_ctrl,16,1,160.03333333333333,1.445669412612915,-0.04317253891942938
UBFC_PHYS_s20_T2_ctrl,16,2,160.06666666666666,1.8313103914260864,-0.0252243164620972
UBFC_PHYS_s20_T2_ctrl,16,3,160.1,1.990492820739746,0.03815508504318957
UBFC_PHYS_s20_T2_ctrl,16,4,160.13333333333333,2.01047682762146,0.15115993466982158
UBFC_PHYS_s20_T2_ctrl,16,5,160.16666666666666,1.9927854537963867,0.3026229493841001
UBFC_PHYS_s20_T2_ctrl,16,6,160.2,1.9631644487380981,0.46993926910595146
UBFC_PHYS_s20_T2_ctrl,16,7,160.23333333333332,1.9016907215118408,0.6248355547486205
UBFC_PHYS_s20_T2_ctrl,16,8,160.26666666666668,1.7488991022109985,0.7388103736580173
UBFC_PHYS_s20_T2_ctrl,16,9,160.3,1.455915093421936,0.7880415936606205
UBFC_PHYS_s20_T2_ctrl,16,10,160.33333333333334,1.1014167070388794,0.7574933739636269
UBFC_PHYS_s20_T2_ctrl,16,11,160.36666666666667,0.7980246543884277,0.6437467368559274
UBFC_PHYS_s20_T2_ctrl,16,12,160.4,0.5204799771308899,0.4561079401641978
UBFC_PHYS_s20_T2_ctrl,16,13,160.43333333333334,0.1782560497522354,0.21559287429653526
UBFC_PHYS_s20_T2_ctrl,16,14,160.46666666666667,-0.20097383856773376,-0.04800769683689646
UBFC_PHYS_s20_T2_ctrl,16,15,160.5,-0.4705249071121216,-0.3001951506882121
UBFC_PHYS_s20_T2_ctrl,16,16,160.53333333333333,-0.515788197517395,-0.5063442039544622
UBFC_PHYS_s20_T2_ctrl,16,17,160.56666666666666,-0.39198869466781616,-0.6363717578057294
UBFC_PHYS_s20_T2_ctrl,16,18,160.6,-0.26041871309280396,-0.6697481213303222
UBFC_PHYS_s20_T2_ctrl,16,19,160.63333333333333,-0.24522274732589722,-0.6014874047048548
UBFC_PHYS_s20_T2_ctrl,16,20,160.66666666666666,-0.3517366051673889,-0.4473508027503537
UBFC_PHYS_s20_T2_ctrl,16,21,160.7,-0.5422239303588867,-0.24437526853461553
UBFC_PHYS_s20_T2_ctrl,16,22,160.73333333333332,-0.8047349452972412,-0.044277480510762274
UBFC_PHYS_s20_T2_ctrl,16,23,160.76666666666668,-1.0655213594436646,0.100511747960435
UBFC_PHYS_s20_T2_ctrl,16,24,160.8,-1.1872109174728394,0.1532531942955512
UBFC_PHYS_s20_T2_ctrl,16,25,160.83333333333334,-1.1817331314086914,0.1025873551169313
UBFC_PHYS_s20_T2_ctrl,16,26,160.86666666666667,-1.183092474937439,-0.03751060034652219
UBFC_PHYS_s20_T2_ctrl,16,27,160.9,-1.2075399160385132,-0.23386164974898138
UBFC_PHYS_s20_T2_ctrl,16,28,160.93333333333334,-1.1120020151138306,-0.44267904104860795
UBFC_PHYS_s20_T2_ctrl,16,29,160.96666666666667,-0.7865362763404846,-0.617928030689624
UBFC_PHYS_s20_T2_ctrl,16,30,161.0,-0.343316912651062,-0.7188077034783223
UBFC_PHYS_s20_T2_ctrl,16,31,161.03333333333333,-0.08417379856109619,-0.7175812364049011
UBFC_PHYS_s20_T2_ctrl,16,32,161.06666666666666,-0.12468963861465454,-0.6064192297897325
UBFC_PHYS_s20_T2_ctrl,16,33,161.1,-0.2322990596294403,-0.3994281705681044
UBFC_PHYS_s20_T2_ctrl,16,34,161.13333333333333,-0.1503949761390686,-0.12854086107534057
UBFC_PHYS_s20_T2_ctrl,16,35,161.16666666666666,0.10607008635997772,0.16520391625337333
UBFC_PHYS_s20_T2_ctrl,16,36,161.2,0.3885853886604309,0.4418086717323187
UBFC_PHYS_s20_T2_ctrl,16,37,161.23333333333332,0.6530237793922424,0.6696730898209765
UBFC_PHYS_s20_T2_ctrl,16,38,161.26666666666668,0.9073179960250854,0.8283200336387178
UBFC_PHYS_s20_T2_ctrl,16,39,161.3,1.0563359260559082,0.9072940313990336
UBFC_PHYS_s20_T2_ctrl,16,40,161.33333333333334,1.0382184982299805,0.9035456644943666
UBFC_PHYS_s20_T2_ctrl,16,41,161.36666666666667,0.9363506436347961,0.8204423234863595
UBFC_PHYS_s20_T2_ctrl,16,42,161.4,0.7893818020820618,0.668407243732141
UBFC_PHYS_s20_T2_ctrl,16,43,161.43333333333334,0.5278040766716003,0.46411183645123577
UBFC_PHYS_s20_T2_ctrl,16,44,161.46666666666667,0.21996890008449554,0.22794430811653274
UBFC_PHYS_s20_T2_ctrl,16,45,161.5,0.05565352737903595,-0.017601772550114813
UBFC_PHYS_s20_T2_ctrl,16,46,161.53333333333333,0.035872384905815125,-0.24837243131837008
UBFC_PHYS_s20_T2_ctrl,16,47,161.56666666666666,-0.01020246371626854,-0.4400061896405403
UBFC_PHYS_s20_T2_ctrl,16,48,161.6,-0.11489036679267883,-0.5706790262869995
UBFC_PHYS_s20_T2_ctrl,16,49,161.63333333333333,-0.20884571969509125,-0.6233949226700792
UBFC_PHYS_s20_T2_ctrl,16,50,161.66666666666666,-0.28894415497779846,-0.5882676607939363
UBFC_PHYS_s20_T2_ctrl,16,51,161.7,-0.3725321590900421,-0.46718376253299154
UBFC_PHYS_s20_T2_ctrl,16,52,161.73333333333332,-0.39570143818855286,-0.27870742361687945
UBFC_PHYS_s20_T2_ctrl,16,53,161.76666666666668,-0.2793274521827698,-0.05702663663997293
UBFC_PHYS_s20_T2_ctrl,16,54,161.8,-0.03180956095457077,0.15629096606380183
UBFC_PHYS_s20_T2_ctrl,16,55,161.83333333333334,0.2624932825565338,0.3235498302475647
UBFC_PHYS_s20_T2_ctrl,16,56,161.86666666666667,0.516442596912384,0.42083110808163654
UBFC_PHYS_s20_T2_ctrl,16,57,161.9,0.7351510524749756,0.4429128948361653
UBFC_PHYS_s20_T2_ctrl,16,58,161.93333333333334,1.0071974992752075,0.4019513300076218
UBFC_PHYS_s20_T2_ctrl,16,59,161.96666666666667,1.298315167427063,0.32122842074700525
UBFC_PHYS_s20_T2_ctrl,16,60,162.0,1.4257259368896484,0.22617387464557542
UBFC_PHYS_s20_T2_ctrl,16,61,162.03333333333333,1.3242436647415161,0.13536552297837567
UBFC_PHYS_s20_T2_ctrl,16,62,162.06666666666666,1.133025884628296,0.054973203524289034
UBFC_PHYS_s20_T2_ctrl,16,63,162.1,0.9385620355606079,-0.019820741691228116
UBFC_PHYS_s20_T2_ctrl,16,64,162.13333333333333,0.7694383263587952,-0.09790179842444537
UBFC_PHYS_s20_T2_ctrl,16,65,162.16666666666666,0.6948381066322327,-0.185885479586924
UBFC_PHYS_s20_T2_ctrl,16,66,162.2,0.7093442678451538,-0.28482491849090547
UBFC_PHYS_s20_T2_ctrl,16,67,162.23333333333332,0.7016955614089966,-0.38832877949550204
UBFC_PHYS_s20_T2_ctrl,16,68,162.26666666666668,0.6579132676124573,-0.4818924027982039
UBFC_PHYS_s20_T2_ctrl,16,69,162.3,0.6748337745666504,-0.5448559993432393
UBFC_PHYS_s20_T2_ctrl,16,70,162.33333333333334,0.7233431935310364,-0.5555291670567263
UBFC_PHYS_s20_T2_ctrl,16,71,162.36666666666667,0.6585016250610352,-0.4988742260229011
UBFC_PHYS_s20_T2_ctrl,16,72,162.4,0.448659211397171,-0.37439181634569646
UBFC_PHYS_s20_T2_ctrl,16,73,162.43333333333334,0.24076445400714874,-0.20048995696083874
UBFC_PHYS_s20_T2_ctrl,16,74,162.46666666666667,0.1607472002506256,-0.01198776763119999
UBFC_PHYS_s20_T2_ctrl,16,75,162.5,0.15973277390003204,0.15134540578857522
UBFC_PHYS_s20_T2_ctrl,16,76,162.53333333333333,0.15119138360023499,0.260612006781682
UBFC_PHYS_s20_T2_ctrl,16,77,162.56666666666666,0.13181599974632263,0.30761151952178245
UBFC_PHYS_s20_T2_ctrl,16,78,162.6,0.054557956755161285,0.3044438545297843
UBFC_PHYS_s20_T2_ctrl,16,79,162.63333333333333,-0.1404334008693695,0.27570328503757197
UBFC_PHYS_s20_T2_ctrl,16,80,162.66666666666666,-0.3665470778942108,0.2474504567446234
UBFC_PHYS_s20_T2_ctrl,16,81,162.7,-0.4935927391052246,0.2375405357791439
UBFC_PHYS_s20_T2_ctrl,16,82,162.73333333333332,-0.5275148749351501,0.2496439367326261
UBFC_PHYS_s20_T2_ctrl,16,83,162.76666666666668,-0.5210834741592407,0.27078185894062506
UBFC_PHYS_s20_T2_ctrl,16,84,162.8,-0.46772509813308716,0.27507096191783187
UBFC_PHYS_s20_T2_ctrl,16,85,162.83333333333334,-0.3961680829524994,0.2384684018568435
UBFC_PHYS_s20_T2_ctrl,16,86,162.86666666666667,-0.38036346435546875,0.15742840749265757
UBFC_PHYS_s20_T2_ctrl,16,87,162.9,-0.42578908801078796,0.05408426097503401
UBFC_PHYS_s20_T2_ctrl,16,88,162.93333333333334,-0.48062849044799805,-0.035725406591104604
UBFC_PHYS_s20_T2_ctrl,16,89,162.96666666666667,-0.5215907096862793,-0.08061235836291106
UBFC_PHYS_s20_T2_ctrl,16,90,163.0,-0.5341289043426514,-0.06781100774162732
UBFC_PHYS_s20_T2_ctrl,16,91,163.03333333333333,-0.5066584348678589,-0.006451782237302297
UBFC_PHYS_s20_T2_ctrl,16,92,163.06666666666666,-0.4693887531757355,0.07954392510836746
UBFC_PHYS_s20_T2_ctrl,16,93,163.1,-0.44745704531669617,0.161336480926273
UBFC_PHYS_s20_T2_ctrl,16,94,163.13333333333333,-0.43045538663864136,0.2131515480806449
UBFC_PHYS_s20_T2_ctrl,16,95,163.16666666666666,-0.3812561333179474,0.21771342715663558
UBFC_PHYS_s20_T2_ctrl,16,96,163.2,-0.24015064537525177,0.16871308269983537
UBFC_PHYS_s20_T2_ctrl,16,97,163.23333333333332,0.002112566027790308,0.07001212281978537
UBFC_PHYS_s20_T2_ctrl,16,98,163.26666666666668,0.22765818238258362,-0.06761146670202708
UBFC_PHYS_s20_T2_ctrl,16,99,163.3,0.3097042739391327,-0.2304774883343428
UBFC_PHYS_s20_T2_ctrl,16,100,163.33333333333334,0.31047523021698,-0.40515817372922486
UBFC_PHYS_s20_T2_ctrl,16,101,163.36666666666667,0.3807946741580963,-0.5795623736829122
UBFC_PHYS_s20_T2_ctrl,16,102,163.4,0.5277228951454163,-0.7413250738003133
UBFC_PHYS_s20_T2_ctrl,16,103,163.43333333333334,0.6226723790168762,-0.873634508721426
UBFC_PHYS_s20_T2_ctrl,16,104,163.46666666666667,0.6089372038841248,-0.9516315970941529
UBFC_PHYS_s20_T2_ctrl,16,105,163.5,0.5346615314483643,-0.9447237852382887
UBFC_PHYS_s20_T2_ctrl,16,106,163.53333333333333,0.41713109612464905,-0.8256366518293802
UBFC_PHYS_s20_T2_ctrl,16,107,163.56666666666666,0.25236940383911133,-0.5821399521971528
UBFC_PHYS_s20_T2_ctrl,16,108,163.6,0.07872138917446136,-0.2263670104080578
UBFC_PHYS_s20_T2_ctrl,16,109,163.63333333333333,-0.07023569941520691,0.20328541645054202
UBFC_PHYS_s20_T2_ctrl,16,110,163.66666666666666,-0.21134118735790253,0.6492049701755517
UBFC_PHYS_s20_T2_ctrl,16,111,163.7,-0.3337611258029938,1.0482134281692896
UBFC_PHYS_s20_T2_ctrl,16,112,163.73333333333332,-0.3179159164428711,1.3464965859774471
UBFC_PHYS_s20_T2_ctrl,16,113,163.76666666666668,-0.07471942901611328,1.5086173217710208
UBFC_PHYS_s20_T2_ctrl,16,114,163.8,0.2505434453487396,1.5193794571513373
UBFC_PHYS_s20_T2_ctrl,16,115,163.83333333333334,0.4713618755340576,1.3832570474838721
UBFC_PHYS_s20_T2_ctrl,16,116,163.86666666666667,0.6083894371986389,1.1230452114452647
UBFC_PHYS_s20_T2_ctrl,16,117,163.9,0.7409940958023071,0.7758286598833363
UBFC_PHYS_s20_T2_ctrl,16,118,163.93333333333334,0.8179072141647339,0.3855598607656816
UBFC_PHYS_s20_T2_ctrl,16,119,163.96666666666667,0.7575494050979614,-0.006829182590252012
UBFC_PHYS_s20_T2_ctrl,16,120,164.0,0.5854838490486145,-0.3719180007236357
UBFC_PHYS_s20_T2_ctrl,16,121,164.03333333333333,0.3794556260108948,-0.6928920382519218
UBFC_PHYS_s20_T2_ctrl,16,122,164.06666666666666,0.1508464813232422,-0.9595073272911452
UBFC_PHYS_s20_T2_ctrl,16,123,164.1,-0.1405145525932312,-1.1613509384857723
UBFC_PHYS_s20_T2_ctrl,16,124,164.13333333333333,-0.5008357167243958,-1.2848555661861716
UBFC_PHYS_s20_T2_ctrl,16,125,164.16666666666666,-0.8651333451271057,-1.3154568224663326
UBFC_PHYS_s20_T2_ctrl,16,126,164.2,-1.0947569608688354,-1.2435334793240385
UBFC_PHYS_s20_T2_ctrl,16,127,164.23333333333332,-1.0824419260025024,-1.070376433855227
UBFC_PHYS_s20_T2_ctrl,16,128,164.26666666666668,-0.9350876212120056,-0.8113845317835335
UBFC_PHYS_s20_T2_ctrl,16,129,164.3,-0.8791120052337646,-0.4952524905401539
UBFC_PHYS_s20_T2_ctrl,16,130,164.33333333333334,-0.8900880217552185,-0.1591624894591513
UBFC_PHYS_s20_T2_ctrl,16,131,164.36666666666667,-0.6957662105560303,0.1587447095126101
UBFC_PHYS_s20_T2_ctrl,16,132,164.4,-0.13692352175712585,0.4271706201020121
UBFC_PHYS_s20_T2_ctrl,16,133,164.43333333333334,0.6376857757568359,0.6265611161787207
UBFC_PHYS_s20_T2_ctrl,16,134,164.46666666666667,1.3559340238571167,0.7499629127033238
UBFC_PHYS_s20_T2_ctrl,16,135,164.5,1.8496510982513428,0.8008636442256127
UBFC_PHYS_s20_T2_ctrl,16,136,164.53333333333333,2.0715651512145996,0.7896703670453166
UBFC_PHYS_s20_T2_ctrl,16,137,164.56666666666666,2.081425189971924,0.7306806098824299
UBFC_PHYS_s20_T2_ctrl,16,138,164.6,2.0138041973114014,0.639940036307637
UBFC_PHYS_s20_T2_ctrl,16,139,164.63333333333333,1.9501392841339111,0.5329421316606177
UBFC_PHYS_s20_T2_ctrl,16,140,164.66666666666666,1.7652515172958374,0.4221443528013694
UBFC_PHYS_s20_T2_ctrl,16,141,164.7,1.3327242136001587,0.3154069412744738
UBFC_PHYS_s20_T2_ctrl,16,142,164.73333333333332,0.7980652451515198,0.21605124011666563
UBFC_PHYS_s20_T2_ctrl,16,143,164.76666666666668,0.3861710727214813,0.124658638546454
UBFC_PHYS_s20_T2_ctrl,16,144,164.8,0.07233055680990219,0.04157572516579264
UBFC_PHYS_s20_T2_ctrl,16,145,164.83333333333334,-0.2616563141345978,-0.031823161558334034
UBFC_PHYS_s20_T2_ctrl,16,146,164.86666666666667,-0.619461715221405,-0.09379403242466337
UBFC_PHYS_s20_T2_ctrl,16,147,164.9,-0.9921384453773499,-0.14405106920811844
UBFC_PHYS_s20_T2_ctrl,16,148,164.93333333333334,-1.3879438638687134,-0.1852345361510298
UBFC_PHYS_s20_T2_ctrl,16,149,164.96666666666667,-1.7189483642578125,-0.22212101339744983
UBFC_PHYS_s20_T2_ctrl,16,150,165.0,-1.8469882011413574,-0.25892384109871563
UBFC_PHYS_s20_T2_ctrl,16,151,165.03333333333333,-1.758470058441162,-0.2971981263821926
UBFC_PHYS_s20_T2_ctrl,16,152,165.06666666666666,-1.5821034908294678,-0.33536161226665595
UBFC_PHYS_s20_T2_ctrl,16,153,165.1,-1.3751013278961182,-0.3691103202436079
UBFC_PHYS_s20_T2_ctrl,16,154,165.13333333333333,-1.0870676040649414,-0.39235561449579176
UBFC_PHYS_s20_T2_ctrl,16,155,165.16666666666666,-0.7099274396896362,-0.39876076393956356
UBFC_PHYS_s20_T2_ctrl,16,156,165.2,-0.34891650080680847,-0.38340861646937596
UBFC_PHYS_s20_T2_ctrl,16,157,165.23333333333332,-0.10176379978656769,-0.34366487157313486
UBFC_PHYS_s20_T2_ctrl,16,158,165.26666666666668,0.038854774087667465,-0.2789313391082413
UBFC_PHYS_s20_T2_ctrl,16,159,165.3,0.11962270736694336,-0.1896764150194477
UBFC_PHYS_s20_T2_ctrl,16,160,165.33333333333334,0.14776265621185303,-0.07680653180364157
UBFC_PHYS_s20_T2_ctrl,16,161,165.36666666666667,0.11870972812175751,0.057181125067928815
UBFC_PHYS_s20_T2_ctrl,16,162,165.4,0.05492314696311951,0.20571253901987618
UBFC_PHYS_s20_T2_ctrl,16,163,165.43333333333334,-0.013367447070777416,0.35656823866972953
UBFC_PHYS_s20_T2_ctrl,16,164,165.46666666666667,-0.08196236938238144,0.4924701246348851
UBFC_PHYS_s20_T2_ctrl,16,165,165.5,-0.17776396870613098,0.5937309567654344
UBFC_PHYS_s20_T2_ctrl,16,166,165.53333333333333,-0.3320568799972534,0.6422291987385376
UBFC_PHYS_s20_T2_ctrl,16,167,165.56666666666666,-0.53778076171875,0.6254512819018445
UBFC_PHYS_s20_T2_ctrl,16,168,165.6,-0.7315751314163208,0.5395516355780139
UBFC_PHYS_s20_T2_ctrl,16,169,165.63333333333333,-0.8277013301849365,0.39074001147134907
UBFC_PHYS_s20_T2_ctrl,16,170,165.66666666666666,-0.8022394776344299,0.19453552183585573
UBFC_PHYS_s20_T2_ctrl,16,171,165.7,-0.7183673977851868,-0.027260397195164376
UBFC_PHYS_s20_T2_ctrl,16,172,165.73333333333332,-0.6390196681022644,-0.25117800488648934
UBFC_PHYS_s20_T2_ctrl,16,173,165.76666666666668,-0.561518132686615,-0.45682706592411165
UBFC_PHYS_s20_T2_ctrl,16,174,165.8,-0.474359393119812,-0.6301490357835194
UBFC_PHYS_s20_T2_ctrl,16,175,165.83333333333334,-0.4121958911418915,-0.7636799743021737
UBFC_PHYS_s20_T2_ctrl,16,176,165.86666666666667,-0.3936726152896881,-0.8538547981553235
UBFC_PHYS_s20_T2_ctrl,16,177,165.9,-0.36711516976356506,-0.8969037377919056
UBFC_PHYS_s20_T2_ctrl,16,178,165.93333333333334,-0.2979115843772888,-0.8851648071434381
UBFC_PHYS_s20_T2_ctrl,16,179,165.96666666666667,-0.23633643984794617,-0.8055369189217185
UBFC_PHYS_s20_T2_ctrl,16,180,166.0,-0.22402140498161316,-0.6423568195569278
UBFC_PHYS_s20_T2_ctrl,16,181,166.03333333333333,-0.2218911349773407,-0.3868741580618492
UBFC_PHYS_s20_T2_ctrl,16,182,166.06666666666666,-0.19882327318191528,-0.0494327655427185
UBFC_PHYS_s20_T2_ctrl,16,183,166.1,-0.19334542751312256,0.3348059896216136
UBFC_PHYS_s20_T2_ctrl,16,184,166.13333333333333,-0.24305188655853271,0.7112168472515222
UBFC_PHYS_s20_T2_ctrl,16,185,166.16666666666666,-0.3427082896232605,1.021000652382188
UBFC_PHYS_s20_T2_ctrl,16,186,166.2,-0.45116981863975525,1.219788557095196
UBFC_PHYS_s20_T2_ctrl,16,187,166.23333333333332,-0.4994966685771942,1.2888963706375227
UBFC_PHYS_s20_T2_ctrl,16,188,166.26666666666668,-0.4336000978946686,1.2353633379326103
UBFC_PHYS_s20_T2_ctrl,16,189,166.3,-0.29657256603240967,1.0844333139382318
UBFC_PHYS_s20_T2_ctrl,16,190,166.33333333333334,-0.16995295882225037,0.8689202724458592
UBFC_PHYS_s20_T2_ctrl,16,191,166.36666666666667,-0.06183632090687752,0.619606332089111
UBFC_PHYS_s20_T2_ctrl,16,192,166.4,0.040924184024333954,0.3591856143029286
UBFC_PHYS_s20_T2_ctrl,16,193,166.43333333333334,0.09631139039993286,0.10028604157828155
UBFC_PHYS_s20_T2_ctrl,16,194,166.46666666666667,0.07904599606990814,-0.1528434567816572
UBFC_PHYS_s20_T2_ctrl,16,195,166.5,0.017004216089844704,-0.4001187693552379
UBFC_PHYS_s20_T2_ctrl,16,196,166.53333333333333,-0.0853099450469017,-0.6403696433809726
UBFC_PHYS_s20_T2_ctrl,16,197,166.56666666666666,-0.22523871064186096,-0.8666373340985303
UBFC_PHYS_s20_T2_ctrl,16,198,166.6,-0.36650651693344116,-1.0633797497305582
UBFC_PHYS_s20_T2_ctrl,16,199,166.63333333333333,-0.5044470429420471,-1.206527283581508
UBFC_PHYS_s20_T2_ctrl,16,200,166.66666666666666,-0.6638728976249695,-1.2668592970078678
UBFC_PHYS_s20_T2_ctrl,16,201,166.7,-0.8477665185928345,-1.216559591541178
UBFC_PHYS_s20_T2_ctrl,16,202,166.73333333333332,-1.0600435733795166,-1.0379190667333227
UBFC_PHYS_s20_T2_ctrl,16,203,166.76666666666668,-1.293420433998108,-0.7322813274824642
UBFC_PHYS_s20_T2_ctrl,16,204,166.8,-1.458486557006836,-0.3260992793872269
UBFC_PHYS_s20_T2_ctrl,16,205,166.83333333333334,-1.451365351676941,0.1296860582505807
UBFC_PHYS_s20_T2_ctrl,16,206,166.86666666666667,-1.249151349067688,0.5684691693281381
UBFC_PHYS_s20_T2_ctrl,16,207,166.9,-0.8862941265106201,0.9237572714416159
UBFC_PHYS_s20_T2_ctrl,16,208,166.93333333333334,-0.4183635413646698,1.1467187713789826
UBFC_PHYS_s20_T2_ctrl,16,209,166.96666666666667,0.058006975799798965,1.2173323452618974
UBFC_PHYS_s20_T2_ctrl,16,210,167.0,0.44884181022644043,1.1457332684019712
UBFC_PHYS_s20_T2_ctrl,16,211,167.03333333333333,0.7367740869522095,0.9657034649647556
UBFC_PHYS_s20_T2_ctrl,16,212,167.06666666666666,0.965160071849823,0.7230682800090825
UBFC_PHYS_s20_T2_ctrl,16,213,167.1,1.129556655883789,0.4620044172655484
UBFC_PHYS_s20_T2_ctrl,16,214,167.13333333333333,1.1764835119247437,0.2140692345454315
UBFC_PHYS_s20_T2_ctrl,16,215,167.16666666666666,1.11125648021698,-0.004342292454888178
UBFC_PHYS_s20_T2_ctrl,16,216,167.2,1.0299813747406006,-0.18705625894540354
UBFC_PHYS_s20_T2_ctrl,16,217,167.23333333333332,0.9917378425598145,-0.3328738625033696
UBFC_PHYS_s20_T2_ctrl,16,218,167.26666666666668,0.9337334036827087,-0.443464683324319
UBFC_PHYS_s20_T2_ctrl,16,219,167.3,0.776782751083374,-0.5232554207058644
UBFC_PHYS_s20_T2_ctrl,16,220,167.33333333333334,0.5397336483001709,-0.579623484029726
UBFC_PHYS_s20_T2_ctrl,16,221,167.36666666666667,0.3095622658729553,-0.6217280571813979
UBFC_PHYS_s20_T2_ctrl,16,222,167.4,0.18980011343955994,-0.6573898382858312
UBFC_PHYS_s20_T2_ctrl,16,223,167.43333333333334,0.2564270794391632,-0.6887586462222106
UBFC_PHYS_s20_T2_ctrl,16,224,167.46666666666667,0.4935978949069977,-0.7087761784493455
UBFC_PHYS_s20_T2_ctrl,16,225,167.5,0.7726439237594604,-0.7012671755969055
UBFC_PHYS_s20_T2_ctrl,16,226,167.53333333333333,0.9489699602127075,-0.6453565072351085
UBFC_PHYS_s20_T2_ctrl,16,227,167.56666666666666,0.9817965626716614,-0.5225461516179142
UBFC_PHYS_s20_T2_ctrl,16,228,167.6,0.8848181962966919,-0.32427688162238627
UBFC_PHYS_s20_T2_ctrl,16,229,167.63333333333333,0.6760510802268982,-0.05765322099084031
UBFC_PHYS_s20_T2_ctrl,16,230,167.66666666666666,0.4158732295036316,0.25274276168289317
UBFC_PHYS_s20_T2_ctrl,16,231,167.7,0.2121375948190689,0.5683891284280215
UBFC_PHYS_s20_T2_ctrl,16,232,167.73333333333332,0.1336013823747635,0.8451539056462045
UBFC_PHYS_s20_T2_ctrl,16,233,167.76666666666668,0.14041826128959656,1.0438795919962716
UBFC_PHYS_s20_T2_ctrl,16,234,167.8,0.1457338184118271,1.1399789719464908
UBFC_PHYS_s20_T2_ctrl,16,235,167.83333333333334,0.11814165115356445,1.1286462777307649
UBFC_PHYS_s20_T2_ctrl,16,236,167.86666666666667,0.07003796845674515,1.0239647378632128
UBFC_PHYS_s20_T2_ctrl,16,237,167.9,0.004466014914214611,0.8521868391600353
UBFC_PHYS_s20_T2_ctrl,16,238,167.93333333333334,-0.11095442622900009,0.6417105429903155
UBFC_PHYS_s20_T2_ctrl,16,239,167.96666666666667,-0.32637614011764526,0.41403536837444804
UBFC_PHYS_s20_T2_ctrl,16,240,168.0,-0.6503811478614807,0.17901953789612438
UBFC_PHYS_s20_T2_ctrl,16,241,168.03333333333333,-0.9764961004257202,-0.06384636239701424
UBFC_PHYS_s20_T2_ctrl,16,242,168.06666666666666,-1.147993564605713,-0.31897656080751857
UBFC_PHYS_s20_T2_ctrl,16,243,168.1,-1.124154806137085,-0.5862151229393363
UBFC_PHYS_s20_T2_ctrl,16,244,168.13333333333333,-0.9912051558494568,-0.8539962054666311
UBFC_PHYS_s20_T2_ctrl,16,245,168.16666666666666,-0.8178614974021912,-1.0975042773097954
UBFC_PHYS_s20_T2_ctrl,16,246,168.2,-0.6032716035842896,-1.2822748639464483
UBFC_PHYS_s20_T2_ctrl,16,247,168.23333333333332,-0.36963093280792236,-1.3707261865154787
UBFC_PHYS_s20_T2_ctrl,16,248,168.26666666666668,-0.20493006706237793,-1.329987011802713
UBFC_PHYS_s20_T2_ctrl,16,249,168.3,-0.16553008556365967,-1.1404919150785244
UBFC_PHYS_s20_T2_ctrl,16,250,168.33333333333334,-0.19916817545890808,-0.8043621663393944
UBFC_PHYS_s20_T2_ctrl,16,251,168.36666666666667,-0.23511913418769836,-0.3520270675759841
UBFC_PHYS_s20_T2_ctrl,16,252,168.4,-0.2615751624107361,0.15730881074951308
UBFC_PHYS_s20_T2_ctrl,16,253,168.43333333333334,-0.26161572337150574,0.6474961883835321
UBFC_PHYS_s20_T2_ctrl,16,254,168.46666666666667,-0.20000000298023224,1.046674397544591
UBFC_PHYS_s20_T2_ctrl,16,255,168.5,-0.09924804419279099,1.3063618863304542
UBFC_PHYS_s20_T2_ctrl,16,256,168.53333333333333,0.011140882968902588,1.4107824743091286
UBFC_PHYS_s20_T2_ctrl,16,257,168.56666666666666,0.141148641705513,1.3743157002955444
UBFC_PHYS_s20_T2_ctrl,16,258,168.6,0.22181513905525208,1.230273646296894
UBFC_PHYS_s20_T2_ctrl,16,259,168.63333333333333,0.1365634799003601,1.0186093312492843
UBFC_PHYS_s20_T2_ctrl,16,260,168.66666666666666,-0.09590046852827072,0.776544597291986
UBFC_PHYS_s20_T2_ctrl,16,261,168.7,-0.32213589549064636,0.5317955763209141
UBFC_PHYS_s20_T2_ctrl,16,262,168.73333333333332,-0.4037153422832489,0.29838948013160876
UBFC_PHYS_s20_T2_ctrl,16,263,168.76666666666668,-0.3151566982269287,0.07571505984153888
UBFC_PHYS_s20_T2_ctrl,16,264,168.8,-0.1460532695055008,-0.14841925689287455
UBFC_PHYS_s20_T2_ctrl,16,265,168.83333333333334,0.027959927916526794,-0.390040109276355
UBFC_PHYS_s20_T2_ctrl,16,266,168.86666666666667,0.20438744127750397,-0.6586539276211225
UBFC_PHYS_s20_T2_ctrl,16,267,168.9,0.38134244084358215,-0.9488351498558824
UBFC_PHYS_s20_T2_ctrl,16,268,168.93333333333334,0.5353716015815735,-1.2369380271603163
UBFC_PHYS_s20_T2_ctrl,16,269,168.96666666666667,0.664060652256012,-1.4841291207686182
UBFC_PHYS_s20_T2_ctrl,16,270,169.0,0.7641227841377258,-1.6447806998300862
UBFC_PHYS_s20_T2_ctrl,16,271,169.03333333333333,0.8111106157302856,-1.6772927403314648
UBFC_PHYS_s20_T2_ctrl,16,272,169.06666666666666,0.814762532711029,-1.5547366386906643
UBFC_PHYS_s20_T2_ctrl,16,273,169.1,0.8105628490447998,-1.2733687520963102
UBFC_PHYS_s20_T2_ctrl,16,274,169.13333333333333,0.7817533612251282,-0.8563144650298224
UBFC_PHYS_s20_T2_ctrl,16,275,169.16666666666666,0.6797232627868652,-0.34944283772304413
UBFC_PHYS_s20_T2_ctrl,16,276,169.2,0.530461847782135,0.18933669020214078
UBFC_PHYS_s20_T2_ctrl,16,277,169.23333333333332,0.4121401607990265,0.7021231971917034
UBFC_PHYS_s20_T2_ctrl,16,278,169.26666666666668,0.3374587595462799,1.14068013890087
UBFC_PHYS_s20_T2_ctrl,16,279,169.3,0.26600316166877747,1.472109295686205
UBFC_PHYS_s20_T2_ctrl,16,280,169.33333333333334,0.1786009520292282,1.6802751418967619
UBFC_PHYS_s20_T2_ctrl,16,281,169.36666666666667,0.07642880082130432,1.7638697898577582
UBFC_PHYS_s20_T2_ctrl,16,282,169.4,0.0002663259510882199,1.732429569104597
UBFC_PHYS_s20_T2_ctrl,16,283,169.43333333333334,0.022177746519446373,1.6017266872841458
UBFC_PHYS_s20_T2_ctrl,16,284,169.46666666666667,0.12913794815540314,1.3897985590946489
UBFC_PHYS_s20_T2_ctrl,16,285,169.5,0.22881461679935455,1.11453791227451
UBFC_PHYS_s20_T2_ctrl,16,286,169.53333333333333,0.2989920377731323,0.7926879935925603
UBFC_PHYS_s20_T2_ctrl,16,287,169.56666666666666,0.4085288345813751,0.4391707176572392
UBFC_PHYS_s20_T2_ctrl,16,288,169.6,0.5937615036964417,0.06691953029802825
UBFC_PHYS_s20_T2_ctrl,16,289,169.63333333333333,0.8253530263900757,-0.31141038714162406
UBFC_PHYS_s20_T2_ctrl,16,290,169.66666666666666,1.0492756366729736,-0.6804450658932965
UBFC_PHYS_s20_T2_ctrl,16,291,169.7,1.2312620878219604,-1.0202758832915075
UBFC_PHYS_s20_T2_ctrl,16,292,169.73333333333332,1.3819234371185303,-1.3069505269270534
UBFC_PHYS_s20_T2_ctrl,16,293,169.76666666666668,1.5157454013824463,-1.5147974503906503
UBFC_PHYS_s20_T2_ctrl,16,294,169.8,1.5955394506454468,-1.6200982324563777
UBFC_PHYS_s20_T2_ctrl,16,295,169.83333333333334,1.5718021392822266,-1.6056740930129776
UBFC_PHYS_s20_T2_ctrl,16,296,169.86666666666667,1.4299662113189697,-1.465688136672513
UBFC_PHYS_s20_T2_ctrl,16,297,169.9,1.1663799285888672,-1.2097070006591255
UBFC_PHYS_s20_T2_ctrl,16,298,169.93333333333334,0.7968276143074036,-0.8640887907553488
UBFC_PHYS_s20_T2_ctrl,16,299,169.96666666666667,0.40292924642562866,-0.4682147623193309
