recording_id,measurement_id,sample_index,time_seconds,gt_signal,predicted_signal
COHFACE_s20_session1_lamp,0,0,0.0,-0.019293654458732656,0.0022860604934194853
COHFACE_s20_session1_lamp,0,1,0.03333333333333333,0.4807876305245042,-0.01880113457646207
COHFACE_s20_session1_lamp,0,2,0.06666666666666667,0.9158957587152718,-0.04383792058925811
COHFACE_s20_session1_lamp,0,3,0.1,1.1900649739995042,-0.0663058359074174
COHFACE_s20_session1_lamp,0,4,0.13333333333333333,1.3190758392415862,-0.08501050555919135
COHFACE_s20_session1_lamp,0,5,0.16666666666666666,1.4078805007532842,-0.10393276236287982
COHFACE_s20_session1_lamp,0,6,0.2,1.5208331794370753,-0.12169477177898569
COHFACE_s20_session1_lamp,0,7,0.23333333333333334,1.6499471056234731,-0.1314311898993802
COHFACE_s20_session1_lamp,0,8,0.26666666666666666,1.7479734418275037,-0.12974749141873487
COHFACE_s20_session1_lamp,0,9,0.3,1.774223739467539,-0.11670844668800298
COHFACE_s20_session1_lamp,0,10,0.3333333333333333,1.7145237992698121,-0.09808840467773261
COHFACE_s20_session1_lamp,0,11,0.36666666666666664,1.5714679073619728,-0.08525578651391569
COHFACE_s20_session1_lamp,0,12,0.4,1.3562245563479136,-0.08006713108409845
COHFACE_s20_session1_lamp,0,13,0.43333333333333335,1.0911901177367715,-0.07486292637394248
COHFACE_s20_session1_lamp,0,14,0.4666666666666667,0.8083688762958634,-0.06591882982871065
COHFACE_s20_session1_lamp,0,15,0.5,0.536157111216154,-0.05354999433519085
COHFACE_s20_session1_lamp,0,16,0.5333333333333333,0.2876463339330707,-0.04149265753093366
COHFACE_s20_session1_lamp,0,17,0.5666666666666667,0.062193873884254125,-0.036849191859230454
COHFACE_s20_session1_lamp,0,18,0.6,-0.1452178610631601,-0.039081511304749975
COHFACE_s20_session1_lamp,0,19,0.6333333333333333,-0.33764273546362356,-0.040029746603357126
COHFACE_s20_session1_lamp,0,20,0.6666666666666666,-0.5150825204761457,-0.03338182117795302
COHFACE_s20_session1_lamp,0,21,0.7,-0.6750259904771242,-0.014825461092066491
COHFACE_s20_session1_lamp,0,22,0.7333333333333333,-0.813651916744834,0.010277414851056873
COHFACE_s20_session1_lamp,0,23,0.7666666666666667,-0.9272299825978321,0.026927166027143252
COHFACE_s20_session1_lamp,0,24,0.8,-1.0120859706675474,0.028990094929438215
COHFACE_s20_session1_lamp,0,25,0.8333333333333334,-1.0634733128260159,0.019261844222540264
COHFACE_s20_session1_lamp,0,26,0.8666666666666667,-1.0743260458130506,0.0016264448164527274
COHFACE_s20_session1_lamp,0,27,0.9,-1.0338079498902266,-0.0189896974112302
COHFACE_s20_session1_lamp,0,28,0.9333333333333333,-0.9252408433746523,-0.046100399653425835
COHFACE_s20_session1_lamp,0,29,0.9666666666666667,-0.7263489366771638,-0.09142521767775516
COHFACE_s20_session1_lamp,0,30,1.0,-0.4207308287885753,-0.15460640519001712
COHFACE_s20_session1_lamp,0,31,1.0333333333333334,-0.026165176283418943,-0.22292019687373
COHFACE_s20_session1_lamp,0,32,1.0666666666666667,0.39060741317980263,-0.2852800021549249
COHFACE_s20_session1_lamp,0,33,1.1,0.7478590434485209,-0.3321035248839416
COHFACE_s20_session1_lamp,0,34,1.1333333333333333,0.994394191583957,-0.35471536154480693
COHFACE_s20_session1_lamp,0,35,1.1666666666666667,1.1170716947366774,-0.3453094723737512
COHFACE_s20_session1_lamp,0,36,1.2,1.1249933938954686,-0.2998827599588787
COHFACE_s20_session1_lamp,0,37,1.2333333333333334,1.0399231482540132,-0.21847481203472488
COHFACE_s20_session1_lamp,0,38,1.2666666666666666,0.8935541980236679,-0.11351076263122124
COHFACE_s20_session1_lamp,0,39,1.3,0.718928432543269,-0.010089500155471304
COHFACE_s20_session1_lamp,0,40,1.3333333333333333,0.5374995301593846,0.08845345952742838
COHFACE_s20_session1_lamp,0,41,1.3666666666666667,0.3551323004282734,0.19983665348199564
COHFACE_s20_session1_lamp,0,42,1.4,0.1697394328435825,0.32025154892339025
COHFACE_s20_session1_lamp,0,43,1.4333333333333333,-0.01960673139689132,0.42361312348941565
COHFACE_s20_session1_lamp,0,44,1.4666666666666666,-0.20999194632064902,0.4927316027305385
COHFACE_s20_session1_lamp,0,45,1.5,-0.3959280911084144,0.5190138608057318
COHFACE_s20_session1_lamp,0,46,1.5333333333333334,-0.5702647591864826,0.4984539235336505
COHFACE_s20_session1_lamp,0,47,1.5666666666666667,-0.7253457559801706,0.43151803910876974
COHFACE_s20_session1_lamp,0,48,1.6,-0.8541741140839767,0.3310256155032647
COHFACE_s20_session1_lamp,0,49,1.6333333333333333,-0.950183459534562,0.22223021502975618
COHFACE_s20_session1_lamp,0,50,1.6666666666666667,-1.0059640426338117,0.12224771763098886
COHFACE_s20_session1_lamp,0,51,1.7,-1.0108589987417682,0.04032577393465815
COHFACE_s20_session1_lamp,0,52,1.7333333333333334,-0.9488536554706,-0.033306227622434556
COHFACE_s20_session1_lamp,0,53,1.7666666666666666,-0.7987042938685556,-0.12657551743893125
COHFACE_s20_session1_lamp,0,54,1.8,-0.5399610138105796,-0.23187725405752319
COHFACE_s20_session1_lamp,0,55,1.8333333333333333,-0.17551437822961904,-0.3056250119317728
COHFACE_s20_session1_lamp,0,56,1.8666666666666667,0.24426982496459532,-0.32487181036137736
COHFACE_s20_session1_lamp,0,57,1.9,0.6385898894220217,-0.28743850883178235
COHFACE_s20_session1_lamp,0,58,1.9333333333333333,0.9429709628640404,-0.21477352876824019
COHFACE_s20_session1_lamp,0,59,1.9666666666666666,1.1298337435795505,-0.15159758053965544
COHFACE_s20_session1_lamp,0,60,2.0,1.1967637516410006,-0.1131237193887219
COHFACE_s20_session1_lamp,0,61,2.033333333333333,1.1550360667690032,-0.0850664283450784
COHFACE_s20_session1_lamp,0,62,2.066666666666667,1.0290576187242775,-0.05638129317328397
COHFACE_s20_session1_lamp,0,63,2.1,0.8529825883295035,-0.019779765192998143
COHFACE_s20_session1_lamp,0,64,2.1333333333333333,0.6574631543059665,0.020811470081801484
COHFACE_s20_session1_lamp,0,65,2.1666666666666665,0.45872244945502655,0.05010516795693884
COHFACE_s20_session1_lamp,0,66,2.2,0.26019109010824476,0.06555835268194243
COHFACE_s20_session1_lamp,0,67,2.2333333333333334,0.060657960551605425,0.07723960278760575
COHFACE_s20_session1_lamp,0,68,2.2666666666666666,-0.14018034236381843,0.08973736145181581
COHFACE_s20_session1_lamp,0,69,2.3,-0.339615732585687,0.10194889261718157
COHFACE_s20_session1_lamp,0,70,2.3333333333333335,-0.531816804777385,0.10389062406491197
COHFACE_s20_session1_lamp,0,71,2.3666666666666667,-0.7092488129482799,0.0769046165990663
COHFACE_s20_session1_lamp,0,72,2.4,-0.8634740711869054,0.023040239672407085
COHFACE_s20_session1_lamp,0,73,2.433333333333333,-0.9860907253687876,-0.03480331999836517
COHFACE_s20_session1_lamp,0,74,2.466666666666667,-1.0692158008771053,-0.07795273462239238
COHFACE_s20_session1_lamp,0,75,2.5,-1.1020805170849148,-0.09207394068848558
COHFACE_s20_session1_lamp,0,76,2.533333333333333,-1.0682510926781508,-0.07850825830030517
COHFACE_s20_session1_lamp,0,77,2.566666666666667,-0.9471869160491767,-0.05412064486761077
COHFACE_s20_session1_lamp,0,78,2.6,-0.7177743468463271,-0.02326025443811363
COHFACE_s20_session1_lamp,0,79,2.6333333333333333,-0.3733311589342864,0.022203866900644183
COHFACE_s20_session1_lamp,0,80,2.6666666666666665,0.05128443732941704,0.07546382069858407
COHFACE_s20_session1_lamp,0,81,2.7,0.4805203283332498,0.1146588276329149
COHFACE_s20_session1_lamp,0,82,2.7333333333333334,0.8406125934274248,0.12428309309212826
COHFACE_s20_session1_lamp,0,83,2.7666666666666666,1.0914431552882113,0.09536912587833754
COHFACE_s20_session1_lamp,0,84,2.8,1.2213251527972198,0.04210777802994138
COHFACE_s20_session1_lamp,0,85,2.8333333333333335,1.2334762449424486,0.0016658538491271374
COHFACE_s20_session1_lamp,0,86,2.8666666666666667,1.1440647818683305,-0.006647047479375409
COHFACE_s20_session1_lamp,0,87,2.9,0.9836582904902063,0.018375721883869284
COHFACE_s20_session1_lamp,0,88,2.933333333333333,0.7887041310389431,0.06563911477220855
COHFACE_s20_session1_lamp,0,89,2.966666666666667,0.5855748919832233,0.11190839880473274
COHFACE_s20_session1_lamp,0,90,3.0,0.38343781814972944,0.13846242387057908
COHFACE_s20_session1_lamp,0,91,3.033333333333333,0.18094279387297035,0.13132300313234843
COHFACE_s20_session1_lamp,0,92,3.066666666666667,-0.024359720560339256,0.093109039927341
COHFACE_s20_session1_lamp,0,93,3.1,-0.23166222606875236,0.04303231780397852
COHFACE_s20_session1_lamp,0,94,3.1333333333333333,-0.4365565804684652,-0.010440549302775276
COHFACE_s20_session1_lamp,0,95,3.1666666666666665,-0.6314893716629872,-0.06945637273430479
COHFACE_s20_session1_lamp,0,96,3.2,-0.8063940234617966,-0.13322813889029547
COHFACE_s20_session1_lamp,0,97,3.2333333333333334,-0.9517126903496214,-0.1976231205910169
COHFACE_s20_session1_lamp,0,98,3.2666666666666666,-1.0607664771447374,-0.255409695474521
COHFACE_s20_session1_lamp,0,99,3.3,-1.1261094241760952,-0.29599950080675935
COHFACE_s20_session1_lamp,0,100,3.3333333333333335,-1.1339902102422519,-0.3147805138621901
COHFACE_s20_session1_lamp,0,101,3.3666666666666667,-1.0633125900545066,-0.3129624700532935
COHFACE_s20_session1_lamp,0,102,3.4,-0.8888873121831533,-0.28582360264527507
COHFACE_s20_session1_lamp,0,103,3.433333333333333,-0.5915606545149571,-0.22287145012156812
COHFACE_s20_session1_lamp,0,104,3.466666666666667,-0.18325721757713676,-0.13151015585161607
COHFACE_s20_session1_lamp,0,105,3.5,0.27454159599254657,-0.037297362971298945
COHFACE_s20_session1_lamp,0,106,3.533333333333333,0.697150720225001,0.03984918631859456
COHFACE_s20_session1_lamp,0,107,3.566666666666667,1.0219456210725428,0.08552596243747759
COHFACE_s20_session1_lamp,0,108,3.6,1.2209652146803902,0.10748723486268233
COHFACE_s20_session1_lamp,0,109,3.6333333333333333,1.289167913935279,0.135067529783103
COHFACE_s20_session1_lamp,0,110,3.6666666666666665,1.2375577312691903,0.17533376319930122
COHFACE_s20_session1_lamp,0,111,3.7,1.093614950846184,0.21265782256605403
COHFACE_s20_session1_lamp,0,112,3.7333333333333334,0.8960387788718053,0.23595833423965973
COHFACE_s20_session1_lamp,0,113,3.7666666666666666,0.6793259625256595,0.23872969677799044
COHFACE_s20_session1_lamp,0,114,3.8,0.46155215257383186,0.22659650763610834
COHFACE_s20_session1_lamp,0,115,3.8333333333333335,0.24615430271026792,0.21711437396752448
COHFACE_s20_session1_lamp,0,116,3.8666666666666667,0.031137917147976917,0.20819073630285032
COHFACE_s20_session1_lamp,0,117,3.9,-0.18387709754433074,0.1782022242839676
COHFACE_s20_session1_lamp,0,118,3.933333333333333,-0.39515833857013705,0.12050892117631139
COHFACE_s20_session1_lamp,0,119,3.966666666666667,-0.5952661525886483,0.0438559752904819
COHFACE_s20_session1_lamp,0,120,4.0,-0.7744917432774998,-0.03712464402647956
COHFACE_s20_session1_lamp,0,121,4.033333333333333,-0.923151586651688,-0.1017856532433473
COHFACE_s20_session1_lamp,0,122,4.066666666666666,-1.033296342617541,-0.14167545898954018
COHFACE_s20_session1_lamp,0,123,4.1,-1.0972438701894065,-0.16031374944625393
COHFACE_s20_session1_lamp,0,124,4.133333333333334,-1.1040767261960909,-0.1692473456421324
COHFACE_s20_session1_lamp,0,125,4.166666666666667,-1.0383454573770636,-0.18757726439000724
COHFACE_s20_session1_lamp,0,126,4.2,-0.8814066171037539,-0.21234918313792833
COHFACE_s20_session1_lamp,0,127,4.233333333333333,-0.6156087376792612,-0.2184995435591652
COHFACE_s20_session1_lamp,0,128,4.266666666666667,-0.2428478037013037,-0.19463568780699886
COHFACE_s20_session1_lamp,0,129,4.3,0.1900106129893152,-0.1433119080730419
COHFACE_s20_session1_lamp,0,130,4.333333333333333,0.6022126978419577,-0.0790429677331673
COHFACE_s20_session1_lamp,0,131,4.366666666666666,0.9255679331563994,-0.028244832989225147
COHFACE_s20_session1_lamp,0,132,4.4,1.1290721748041572,0.013325774961454399
COHFACE_s20_session1_lamp,0,133,4.433333333333334,1.2085994830902507,0.08009597685726051
COHFACE_s20_session1_lamp,0,134,4.466666666666667,1.1749030970685366,0.1730872578667608
COHFACE_s20_session1_lamp,0,135,4.5,1.0526277805091322,0.25942193787491497
COHFACE_s20_session1_lamp,0,136,4.533333333333333,0.8771825736389118,0.3144633762331138
COHFACE_s20_session1_lamp,0,137,4.566666666666666,0.6807572565068641,0.32192636172919836
COHFACE_s20_session1_lamp,0,138,4.6,0.4793142840034923,0.29372186188509414
COHFACE_s20_session1_lamp,0,139,4.633333333333334,0.2748487566265125,0.2695854216946434
COHFACE_s20_session1_lamp,0,140,4.666666666666667,0.06632708866377535,0.25511317149121826
COHFACE_s20_session1_lamp,0,141,4.7,-0.14417662015435156,0.22180400190448477
COHFACE_s20_session1_lamp,0,142,4.733333333333333,-0.35081162455574594,0.15909560613213503
COHFACE_s20_session1_lamp,0,143,4.766666666666667,-0.545427155980623,0.07494174210996928
COHFACE_s20_session1_lamp,0,144,4.8,-0.7204660075791801,-0.016109010261022398
COHFACE_s20_session1_lamp,0,145,4.833333333333333,-0.8697647264103823,-0.0926939464018547
COHFACE_s20_session1_lamp,0,146,4.866666666666666,-0.9867484846089136,-0.1482533378086895
COHFACE_s20_session1_lamp,0,147,4.9,-1.0634285485227428,-0.19063760139255365
COHFACE_s20_session1_lamp,0,148,4.933333333333334,-1.0890736290482432,-0.21968480172656285
COHFACE_s20_session1_lamp,0,149,4.966666666666667,-1.0478365517599968,-0.22689461266618324
COHFACE_s20_session1_lamp,0,150,5.0,-0.9183703738209613,-0.21475120459888852
COHFACE_s20_session1_lamp,0,151,5.033333333333333,-0.67870134993612,-0.19658238409641698
COHFACE_s20_session1_lamp,0,152,5.066666666666666,-0.3252685375652085,-0.1901189906530774
COHFACE_s20_session1_lamp,0,153,5.1,0.10157528299889022,-0.21710860567580267
COHFACE_s20_session1_lamp,0,154,5.133333333333334,0.5256316859879162,-0.27486830185731714
COHFACE_s20_session1_lamp,0,155,5.166666666666667,0.8778640498300861,-0.33617627006141076
COHFACE_s20_session1_lamp,0,156,5.2,1.1215316187969433,-0.3738131206005099
COHFACE_s20_session1_lamp,0,157,5.233333333333333,1.2443560593156153,-0.36092790934351937
COHFACE_s20_session1_lamp,0,158,5.266666666666667,1.248552876959521,-0.29447171596677246
COHFACE_s20_session1_lamp,0,159,5.3,1.151975370425959,-0.19541094642714046
COHFACE_s20_session1_lamp,0,160,5.333333333333333,0.986683708255293,-0.0673762602364768
COHFACE_s20_session1_lamp,0,161,5.366666666666666,0.7858675343341266,0.10268998574054679
COHFACE_s20_session1_lamp,0,162,5.4,0.5703705577168042,0.2889335926868757
COHFACE_s20_session1_lamp,0,163,5.433333333333334,0.3479225142468009,0.42606714982260774
COHFACE_s20_session1_lamp,0,164,5.466666666666667,0.12093084028419462,0.49047573642769743
COHFACE_s20_session1_lamp,0,165,5.5,-0.10797660352490802,0.4998654982616053
COHFACE_s20_session1_lamp,0,166,5.533333333333333,-0.3346764407708284,0.44846162052546146
COHFACE_s20_session1_lamp,0,167,5.566666666666666,-0.5529009126853077,0.3070598898512259
COHFACE_s20_session1_lamp,0,168,5.6,-0.7534811168677498,0.07829618193593298
COHFACE_s20_session1_lamp,0,169,5.633333333333334,-0.926070177916735,-0.20246031305869583
COHFACE_s20_session1_lamp,0,170,5.666666666666667,-1.0617918504769688,-0.47939779081556944
COHFACE_s20_session1_lamp,0,171,5.7,-1.1517676569110094,-0.6758975020666516
COHFACE_s20_session1_lamp,0,172,5.733333333333333,-1.1832848579328712,-0.7406956444186203
COHFACE_s20_session1_lamp,0,173,5.766666666666667,-1.13879466571056,-0.6479862539337928
COHFACE_s20_session1_lamp,0,174,5.8,-0.9969386357200277,-0.41173054491009403
COHFACE_s20_session1_lamp,0,175,5.833333333333333,-0.7370234086107331,-0.08594563572198641
COHFACE_s20_session1_lamp,0,176,5.866666666666666,-0.3590511035343188,0.27094209887170867
COHFACE_s20_session1_lamp,0,177,5.9,0.09119499324426841,0.5954297644495116
COHFACE_s20_session1_lamp,0,178,5.933333333333334,0.5344767624013188,0.8483970224343619
COHFACE_s20_session1_lamp,0,179,5.966666666666667,0.9020716546028016,1.0139062813898743
COHFACE_s20_session1_lamp,0,180,6.0,1.1577322085812516,1.0716392388062326
COHFACE_s20_session1_lamp,0,181,6.033333333333333,1.2894733035459405,0.9963119068901678
COHFACE_s20_session1_lamp,0,182,6.066666666666666,1.2995271838157945,0.802144126934444
COHFACE_s20_session1_lamp,0,183,6.1,1.2035998189752095,0.5430233411137819
COHFACE_s20_session1_lamp,0,184,6.133333333333334,1.0317456917568308,0.270593422599107
COHFACE_s20_session1_lamp,0,185,6.166666666666667,0.8195115891381837,0.03467270585988363
COHFACE_s20_session1_lamp,0,186,6.2,0.5925037449682208,-0.15240032937145737
COHFACE_s20_session1_lamp,0,187,6.233333333333333,0.36065085090182836,-0.3143733984909315
COHFACE_s20_session1_lamp,0,188,6.266666666666667,0.12587728187974892,-0.45909077307099666
COHFACE_s20_session1_lamp,0,189,6.3,-0.10909802300367173,-0.5770465145192472
COHFACE_s20_session1_lamp,0,190,6.333333333333333,-0.33848584530486014,-0.6594677282781612
COHFACE_s20_session1_lamp,0,191,6.366666666666666,-0.5547491141820925,-0.6976687321975278
COHFACE_s20_session1_lamp,0,192,6.4,-0.74987923007348,-0.7107126630990389
COHFACE_s20_session1_lamp,0,193,6.433333333333334,-0.916464069363322,-0.7445489669458593
COHFACE_s20_session1_lamp,0,194,6.466666666666667,-1.0481192513840152,-0.8058252578545779
COHFACE_s20_session1_lamp,0,195,6.5,-1.1384006360165657,-0.8614315854859637
COHFACE_s20_session1_lamp,0,196,6.533333333333333,-1.1784949251947332,-0.8751143570031825
COHFACE_s20_session1_lamp,0,197,6.566666666666666,-1.1543740502198132,-0.8081186362171309
COHFACE_s20_session1_lamp,0,198,6.6,-1.0452553675724507,-0.6192287276145718
COHFACE_s20_session1_lamp,0,199,6.633333333333334,-0.8265824876741589,-0.26644613814748774
COHFACE_s20_session1_lamp,0,200,6.666666666666667,-0.48523795753053056,0.21176060942384864
COHFACE_s20_session1_lamp,0,201,6.7,-0.04748424415371253,0.6950188049238573
COHFACE_s20_session1_lamp,0,202,6.733333333333333,0.4153655488316688,1.0962239519429728
COHFACE_s20_session1_lamp,0,203,6.766666666666667,0.8245581557284295,1.3605704498620184
COHFACE_s20_session1_lamp,0,204,6.8,1.1292185344445589,1.4610129326799246
COHFACE_s20_session1_lamp,0,205,6.833333333333333,1.307282328320976,1.3971447285373917
COHFACE_s20_session1_lamp,0,206,6.866666666666666,1.3549727028077572,1.1889684433805374
COHFACE_s20_session1_lamp,0,207,6.9,1.2842461687590017,0.8767848966421021
COHFACE_s20_session1_lamp,0,208,6.933333333333334,1.123549168618447,0.512843004399099
COHFACE_s20_session1_lamp,0,209,6.966666666666667,0.9105528658171618,0.1620933212232785
COHFACE_s20_session1_lamp,0,210,7.0,0.676866270801393,-0.12994499483490624
COHFACE_s20_session1_lamp,0,211,7.033333333333333,0.438902807963387,-0.3359505237790831
COHFACE_s20_session1_lamp,0,212,7.066666666666666,0.2017387344630397,-0.4614459668107342
COHFACE_s20_session1_lamp,0,213,7.1,-0.03308615360947155,-0.5431290867667402
COHFACE_s20_session1_lamp,0,214,7.133333333333334,-0.26307908689816756,-0.6126428976370046
COHFACE_s20_session1_lamp,0,215,7.166666666666667,-0.4829949688008181,-0.6950519011235304
COHFACE_s20_session1_lamp,0,216,7.2,-0.6851353986122863,-0.7891214423392927
COHFACE_s20_session1_lamp,0,217,7.233333333333333,-0.8612582736517882,-0.8667509120179117
COHFACE_s20_session1_lamp,0,218,7.266666666666667,-1.0039422675385299,-0.9212427712665334
COHFACE_s20_session1_lamp,0,219,7.3,-1.1061018287288573,-0.9669475669996876
COHFACE_s20_session1_lamp,0,220,7.333333333333333,-1.1594628397984348,-0.981441457037667
COHFACE_s20_session1_lamp,0,221,7.366666666666666,-1.152658575597337,-0.905874280007634
COHFACE_s20_session1_lamp,0,222,7.4,-1.0692445481673025,-0.6919520674895117
COHFACE_s20_session1_lamp,0,223,7.433333333333334,-0.8875949563756013,-0.303917160867463
COHFACE_s20_session1_lamp,0,224,7.466666666666667,-0.5886878357894696,0.19190262653227497
COHFACE_s20_session1_lamp,0,225,7.5,-0.1810448122510724,0.6261662900350377
COHFACE_s20_session1_lamp,0,226,7.533333333333333,0.27725169236051556,0.910405970056839
COHFACE_s20_session1_lamp,0,227,7.566666666666666,0.7014718257482567,1.0364042128355366
COHFACE_s20_session1_lamp,0,228,7.6,1.0275598932252168,1.0490352959120184
COHFACE_s20_session1_lamp,0,229,7.633333333333334,1.227459937757177,1.0440175172576083
COHFACE_s20_session1_lamp,0,230,7.666666666666667,1.2964279219405628,1.0433028603740238
COHFACE_s20_session1_lamp,0,231,7.7,1.2460301184244063,0.9944429640647936
COHFACE_s20_session1_lamp,0,232,7.733333333333333,1.1050175391007846,0.8581264589939408
COHFACE_s20_session1_lamp,0,233,7.766666666666667,0.911690462531051,0.609641542300913
COHFACE_s20_session1_lamp,0,234,7.8,0.6971525355339903,0.2887383590006029
COHFACE_s20_session1_lamp,0,235,7.833333333333333,0.4762074646405978,0.00026029978607955764
COHFACE_s20_session1_lamp,0,236,7.866666666666666,0.25252977098275736,-0.21767195563530972
COHFACE_s20_session1_lamp,0,237,7.9,0.02751404144731373,-0.39268502553095025
COHFACE_s20_session1_lamp,0,238,7.933333333333334,-0.19552025226667247,-0.5454732826501614
COHFACE_s20_session1_lamp,0,239,7.966666666666667,-0.4110219980490599,-0.6879388654205782
COHFACE_s20_session1_lamp,0,240,8.0,-0.6118418201020915,-0.8019702568412918
COHFACE_s20_session1_lamp,0,241,8.033333333333333,-0.789848496496747,-0.8389376517065867
COHFACE_s20_session1_lamp,0,242,8.066666666666666,-0.9370418835100489,-0.7985051542192448
COHFACE_s20_session1_lamp,0,243,8.1,-1.0468087376447925,-0.7283798912892244
COHFACE_s20_session1_lamp,0,244,8.133333333333333,-1.113583611222284,-0.6669546797546804
COHFACE_s20_session1_lamp,0,245,8.166666666666666,-1.1294042185497495,-0.6427212482108927
COHFACE_s20_session1_lamp,0,246,8.2,-1.079882355254986,-0.6260998894209298
COHFACE_s20_session1_lamp,0,247,8.233333333333333,-0.9431726198690809,-0.5304932399171168
COHFACE_s20_session1_lamp,0,248,8.266666666666667,-0.694821991581819,-0.32841834236682876
COHFACE_s20_session1_lamp,0,249,8.3,-0.32852936198493543,-0.053017719207922226
COHFACE_s20_session1_lamp,0,250,8.333333333333334,0.11517780428031249,0.2491801122060101
COHFACE_s20_session1_lamp,0,251,8.366666666666667,0.5560234023540436,0.5175948074719704
COHFACE_s20_session1_lamp,0,252,8.4,0.9200431316897382,0.7278056862457044
COHFACE_s20_session1_lamp,0,253,8.433333333333334,1.1680011084312925,0.8903092229864311
COHFACE_s20_session1_lamp,0,254,8.466666666666667,1.2883494151329953,1.0085463100295642
COHFACE_s20_session1_lamp,0,255,8.5,1.2857193241992737,1.0776341638464815
COHFACE_s20_session1_lamp,0,256,8.533333333333333,1.1795553450353056,1.0872206954430148
COHFACE_s20_session1_lamp,0,257,8.566666666666666,1.0028576739423058,1.0213067641740976
COHFACE_s20_session1_lamp,0,258,8.6,0.790889831370917,0.8853625814481041
COHFACE_s20_session1_lamp,0,259,8.633333333333333,0.5669961038093821,0.7066865585430262
COHFACE_s20_session1_lamp,0,260,8.666666666666666,0.3399583564499465,0.5042142689674295
COHFACE_s20_session1_lamp,0,261,8.7,0.1116959949619247,0.28931921336252314
COHFACE_s20_session1_lamp,0,262,8.733333333333333,-0.11583679558620116,0.07117416559949627
COHFACE_s20_session1_lamp,0,263,8.766666666666667,-0.3384993867592083,-0.14189282483637666
COHFACE_s20_session1_lamp,0,264,8.8,-0.5497196744205106,-0.346860676740123
COHFACE_s20_session1_lamp,0,265,8.833333333333334,-0.7411937498223271,-0.5444909358005054
COHFACE_s20_session1_lamp,0,266,8.866666666666667,-0.9049126854558804,-0.7307863690047941
COHFACE_s20_session1_lamp,0,267,8.9,-1.0338109767561952,-0.8956123601287955
COHFACE_s20_session1_lamp,0,268,8.933333333333334,-1.1200033704581056,-1.0237466852293688
COHFACE_s20_session1_lamp,0,269,8.966666666666667,-1.1527236491007793,-1.0940763797978628
COHFACE_s20_session1_lamp,0,270,9.0,-1.1171290091289505,-1.095116897317126
COHFACE_s20_session1_lamp,0,271,9.033333333333333,-0.9935499975086399,-1.0248024105995883
COHFACE_s20_session1_lamp,0,272,9.066666666666666,-0.7594655067312984,-0.8862588344592821
COHFACE_s20_session1_lamp,0,273,9.1,-0.40568189016512013,-0.6882076546713332
COHFACE_s20_session1_lamp,0,274,9.133333333333333,0.034973178361817785,-0.45942079295714655
COHFACE_s20_session1_lamp,0,275,9.166666666666666,0.48694087102442973,-0.2493255960049986
COHFACE_s20_session1_lamp,0,276,9.2,0.8738675264179441,-0.06682207600174886
COHFACE_s20_session1_lamp,0,277,9.233333333333333,1.1509041343910447,0.11843473388144475
COHFACE_s20_session1_lamp,0,278,9.266666666666667,1.3005192956857077,0.3283308304490081
COHFACE_s20_session1_lamp,0,279,9.3,1.32126099716604,0.5742923560446643
COHFACE_s20_session1_lamp,0,280,9.333333333333334,1.227803847667597,0.8174169197969631
COHFACE_s20_session1_lamp,0,281,9.366666666666667,1.0522128004752496,0.9677891308328498
COHFACE_s20_session1_lamp,0,282,9.4,0.8337047058559117,0.9949099749363395
COHFACE_s20_session1_lamp,0,283,9.433333333333334,0.6014189421291244,0.9274638883144326
COHFACE_s20_session1_lamp,0,284,9.466666666666667,0.36739132390006723,0.8023518788497954
COHFACE_s20_session1_lamp,0,285,9.5,0.13371172089081024,0.6640920199607925
COHFACE_s20_session1_lamp,0,286,9.533333333333333,-0.09837504367885094,0.5226999119365544
COHFACE_s20_session1_lamp,0,287,9.566666666666666,-0.3248858831470981,0.35438743641512466
COHFACE_s20_session1_lamp,0,288,9.6,-0.5396475044234952,0.16547608508850215
COHFACE_s20_session1_lamp,0,289,9.633333333333333,-0.7360444216040344,-0.0065678871597036614
COHFACE_s20_session1_lamp,0,290,9.666666666666666,-0.9075558617136235,-0.1357837305531649
COHFACE_s20_session1_lamp,0,291,9.7,-1.047254730454893,-0.20721008534824578
COHFACE_s20_session1_lamp,0,292,9.733333333333333,-1.1474957710041194,-0.24998008241949504
COHFACE_s20_session1_lamp,0,293,9.766666666666667,-1.1984947415007685,-0.33594536437926553
COHFACE_s20_session1_lamp,0,294,9.8,-1.1856019092853443,-0.4681316912626825
COHFACE_s20_session1_lamp,0,295,9.833333333333334,-1.0876678331085432,-0.5800137212012668
COHFACE_s20_session1_lamp,0,296,9.866666666666667,-0.8792689379316116,-0.6253917483540758
COHFACE_s20_session1_lamp,0,297,9.9,-0.5448127247234904,-0.5789070375162426
COHFACE_s20_session1_lamp,0,298,9.933333333333334,-0.10653463755702125,-0.44715089269607494
COHFACE_s20_session1_lamp,0,299,9.966666666666667,0.3663198218226525,-0.2688054079186032
COHFACE_s20_session1_lamp,0,300,10.0,0.7921444556189704,-0.09533280247774219
COHFACE_s20_session1_lamp,0,301,10.033333333333333,1.1158297933770254,0.009218933129232897
COHFACE_s20_session1_lamp,0,302,10.066666666666666,1.3134561195398864,0.03003774953546756
COHFACE_s20_session1_lamp,0,303,10.1,1.3802403736017232,0.001202660633612844
COHFACE_s20_session1_lamp,0,304,10.133333333333333,1.3263719219812307,-0.06030601244666224
COHFACE_s20_session1_lamp,0,305,10.166666666666666,1.1783822896184832,-0.15492174420985994
COHFACE_s20_session1_lamp,0,306,10.2,0.9727609990684657,-0.2621115317503952
COHFACE_s20_session1_lamp,0,307,10.233333333333333,0.741318988548908,-0.3403288730524537
COHFACE_s20_session1_lamp,0,308,10.266666666666667,0.5017827567161159,-0.35655426909157134
COHFACE_s20_session1_lamp,0,309,10.3,0.2605269518051963,-0.2867280928253154
COHFACE_s20_session1_lamp,0,310,10.333333333333334,0.019764026442298313,-0.12407523668825363
COHFACE_s20_session1_lamp,0,311,10.366666666666667,-0.21762438675050194,0.12015962748426565
COHFACE_s20_session1_lamp,0,312,10.4,-0.4460310879974744,0.4167961791610916
COHFACE_s20_session1_lamp,0,313,10.433333333333334,-0.657882075504252,0.7177771030221419
COHFACE_s20_session1_lamp,0,314,10.466666666666667,-0.8454645977110651,0.9610241335898371
COHFACE_s20_session1_lamp,0,315,10.5,-1.0013294827310417,1.0700505049876434
COHFACE_s20_session1_lamp,0,316,10.533333333333333,-1.1180718198662634,1.0221381408292092
COHFACE_s20_session1_lamp,0,317,10.566666666666666,-1.1879551771224215,0.8482073348949035
COHFACE_s20_session1_lamp,0,318,10.6,-1.2000866144727647,0.5863132562518159
COHFACE_s20_session1_lamp,0,319,10.633333333333333,-1.136935740036204,0.28180825647737384
COHFACE_s20_session1_lamp,0,320,10.666666666666666,-0.9747282951477148,-0.00861313280634398
COHFACE_s20_session1_lamp,0,321,10.7,-0.6912707312815096,-0.2163402572936753
COHFACE_s20_session1_lamp,0,322,10.733333333333333,-0.28972271255814575,-0.33709234535311894
COHFACE_s20_session1_lamp,0,323,10.766666666666667,0.17682625111086397,-0.4295206573943422
COHFACE_s20_session1_lamp,0,324,10.8,0.6234636662990378,-0.5128290787785372
COHFACE_s20_session1_lamp,0,325,10.833333333333334,0.9813598859183156,-0.5655254078354266
COHFACE_s20_session1_lamp,0,326,10.866666666666667,1.216971022590257,-0.57328784172039
COHFACE_s20_session1_lamp,0,327,10.9,1.3206584574334466,-0.5289728353070091
COHFACE_s20_session1_lamp,0,328,10.933333333333334,1.2984335881249058,-0.4397201205158426
COHFACE_s20_session1_lamp,0,329,10.966666666666667,1.1734585193918206,-0.32704824004274974
COHFACE_s20_session1_lamp,0,330,11.0,0.9829966032651309,-0.20928667398719578
COHFACE_s20_session1_lamp,0,331,11.033333333333333,0.7628126016823632,-0.10185210881294923
COHFACE_s20_session1_lamp,0,332,11.066666666666666,0.5330874069507564,-0.021482777363772965
COHFACE_s20_session1_lamp,0,333,11.1,0.300556764744688,0.013463218831960656
COHFACE_s20_session1_lamp,0,334,11.133333333333333,0.0681481212048158,0.005138625528873328
COHFACE_s20_session1_lamp,0,335,11.166666666666666,-0.16065934238910398,-0.02412871741895927
COHFACE_s20_session1_lamp,0,336,11.2,-0.3816034213083897,-0.05624906599288403
COHFACE_s20_session1_lamp,0,337,11.233333333333333,-0.5888012674408292,-0.0777160052233255
COHFACE_s20_session1_lamp,0,338,11.266666666666667,-0.7736303396405049,-0.08291983339463185
COHFACE_s20_session1_lamp,0,339,11.3,-0.9263509084478607,-0.0741969344002466
COHFACE_s20_session1_lamp,0,340,11.333333333333334,-1.0394821740882652,-0.058901367593273635
COHFACE_s20_session1_lamp,0,341,11.366666666666667,-1.1071750029031566,-0.049301895475014984
COHFACE_s20_session1_lamp,0,342,11.4,-1.1204344088954814,-0.04050106452332548
COHFACE_s20_session1_lamp,0,343,11.433333333333334,-1.0646611808989177,-0.010693045115356233
COHFACE_s20_session1_lamp,0,344,11.466666666666667,-0.9207447124001866,0.043273326763348836
COHFACE_s20_session1_lamp,0,345,11.5,-0.6684152719304504,0.10554405546212181
COHFACE_s20_session1_lamp,0,346,11.533333333333333,-0.3032498712574172,0.1592464714573317
COHFACE_s20_session1_lamp,0,347,11.566666666666666,0.13448932093304877,0.1864882702069645
COHFACE_s20_session1_lamp,0,348,11.6,0.5636037497329707,0.1926865190166338
COHFACE_s20_session1_lamp,0,349,11.633333333333333,0.9090831669856714,0.20618405346768065
COHFACE_s20_session1_lamp,0,350,11.666666666666666,1.1341318649570606,0.23622091389485064
COHFACE_s20_session1_lamp,0,351,11.7,1.232066962180332,0.27255019821297066
COHFACE_s20_session1_lamp,0,352,11.733333333333333,1.2118405089355084,0.2995995023949989
COHFACE_s20_session1_lamp,0,353,11.766666666666667,1.0965296883902365,0.2966507521511488
COHFACE_s20_session1_lamp,0,354,11.8,0.9210548507560855,0.2597630625563174
COHFACE_s20_session1_lamp,0,355,11.833333333333334,0.7190090929812081,0.2019121322189555
COHFACE_s20_session1_lamp,0,356,11.866666666666667,0.5097824268344928,0.13741272699142265
COHFACE_s20_session1_lamp,0,357,11.9,0.2984615363400975,0.08193791587912128
COHFACE_s20_session1_lamp,0,358,11.933333333333334,0.08461897736135164,0.03750098976248625
COHFACE_s20_session1_lamp,0,359,11.966666666666667,-0.13082844340671995,-0.007177539056648613
COHFACE_s20_session1_lamp,0,360,12.0,-0.34357636057781465,-0.05428258030309019
COHFACE_s20_session1_lamp,0,361,12.033333333333333,-0.5464121803100771,-0.09648627110852925
COHFACE_s20_session1_lamp,0,362,12.066666666666666,-0.7306248933464314,-0.1358401742979782
COHFACE_s20_session1_lamp,0,363,12.1,-0.8874150455450828,-0.1833742699932432
COHFACE_s20_session1_lamp,0,364,12.133333333333333,-1.0087810251794282,-0.24090056037783533
COHFACE_s20_session1_lamp,0,365,12.166666666666666,-1.0870285787344,-0.3005794636977214
COHFACE_s20_session1_lamp,0,366,12.2,-1.112333962050299,-0.35110072801309317
COHFACE_s20_session1_lamp,0,367,12.233333333333333,-1.070070271479227,-0.3775418838567505
COHFACE_s20_session1_lamp,0,368,12.266666666666667,-0.9398621993222089,-0.37379578368289335
COHFACE_s20_session1_lamp,0,369,12.3,-0.6989008014952344,-0.3425195360422489
COHFACE_s20_session1_lamp,0,370,12.333333333333334,-0.3408848429116238,-0.2796096275776213
COHFACE_s20_session1_lamp,0,371,12.366666666666667,0.09516701495125084,-0.1745085744110029
COHFACE_s20_session1_lamp,0,372,12.4,0.5304871369064801,-0.021337047323820107
COHFACE_s20_session1_lamp,0,373,12.433333333333334,0.8923596146783731,0.1802192455685674
COHFACE_s20_session1_lamp,0,374,12.466666666666667,1.1425361355440051,0.3903126363800174
COHFACE_s20_session1_lamp,0,375,12.5,1.26893336568515,0.5286752874923655
COHFACE_s20_session1_lamp,0,376,12.533333333333333,1.2738486365071697,0.5704439114120137
COHFACE_s20_session1_lamp,0,377,12.566666666666666,1.1744009234926083,0.5459276835576625
COHFACE_s20_session1_lamp,0,378,12.6,1.0025036485848553,0.4813427915101619
COHFACE_s20_session1_lamp,0,379,12.633333333333333,0.7933142907425922,0.3982824022624377
COHFACE_s20_session1_lamp,0,380,12.666666666666666,0.570777176096899,0.3097486072675091
COHFACE_s20_session1_lamp,0,381,12.7,0.344250863178801,0.22042881919910892
COHFACE_s20_session1_lamp,0,382,12.733333333333333,0.1153504653886486,0.13075678703208823
COHFACE_s20_session1_lamp,0,383,12.766666666666667,-0.11453736796042582,0.03759995331724669
COHFACE_s20_session1_lamp,0,384,12.8,-0.3412891431266736,-0.05785238140640511
COHFACE_s20_session1_lamp,0,385,12.833333333333334,-0.5585049639274966,-0.14939595165859665
COHFACE_s20_session1_lamp,0,386,12.866666666666667,-0.7580783051132807,-0.22571839525758206
COHFACE_s20_session1_lamp,0,387,12.9,-0.9307264069047527,-0.2700142835455619
COHFACE_s20_session1_lamp,0,388,12.933333333333334,-1.0674598325989235,-0.27831046582716845
COHFACE_s20_session1_lamp,0,389,12.966666666666667,-1.1592325511839916,-0.2592182209404437
COHFACE_s20_session1_lamp,0,390,13.0,-1.1936436009361575,-0.23739203445060722
COHFACE_s20_session1_lamp,0,391,13.033333333333333,-1.152661910046433,-0.25292574062194184
COHFACE_s20_session1_lamp,0,392,13.066666666666666,-1.0133714758360828,-0.31396094243249706
COHFACE_s20_session1_lamp,0,393,13.1,-0.7536130016742271,-0.39632864631137904
COHFACE_s20_session1_lamp,0,394,13.133333333333333,-0.37243769502428203,-0.4661616054412235
COHFACE_s20_session1_lamp,0,395,13.166666666666666,0.08470534782107975,-0.4802869023120334
COHFACE_s20_session1_lamp,0,396,13.2,0.537168098197306,-0.4300065020122782
COHFACE_s20_session1_lamp,0,397,13.233333333333333,0.9133335205945503,-0.34127318276386276
COHFACE_s20_session1_lamp,0,398,13.266666666666667,1.1744875292928947,-0.22966031878287632
COHFACE_s20_session1_lamp,0,399,13.3,1.3073831586526787,-0.10059296739321556
COHFACE_s20_session1_lamp,0,400,13.333333333333334,1.3148603169364763,0.03941080212621535
COHFACE_s20_session1_lamp,0,401,13.366666666666667,1.2155820350034237,0.1819452695885011
COHFACE_s20_session1_lamp,0,402,13.4,1.0419023976219373,0.31238649351999925
COHFACE_s20_session1_lamp,0,403,13.433333333333334,0.8281723332453487,0.40922568939863985
COHFACE_s20_session1_lamp,0,404,13.466666666666667,0.598069654776085,0.4673269788087991
COHFACE_s20_session1_lamp,0,405,13.5,0.3616135005435565,0.4973106419810454
COHFACE_s20_session1_lamp,0,406,13.533333333333333,0.12091022611472924,0.4960202733210406
COHFACE_s20_session1_lamp,0,407,13.566666666666666,-0.1222522446149582,0.4463276743290912
COHFACE_s20_session1_lamp,0,408,13.6,-0.3624795727218832,0.3412673443313309
COHFACE_s20_session1_lamp,0,409,13.633333333333333,-0.5913502282147555,0.18452379306693012
COHFACE_s20_session1_lamp,0,410,13.666666666666666,-0.7990396872901516,-0.005232017820117847
COHFACE_s20_session1_lamp,0,411,13.7,-0.9757812389202535,-0.193824685546554
COHFACE_s20_session1_lamp,0,412,13.733333333333333,-1.1129767259631025,-0.3528960818244942
COHFACE_s20_session1_lamp,0,413,13.766666666666667,-1.2014332152140175,-0.45943689037767665
COHFACE_s20_session1_lamp,0,414,13.8,-1.2280290515194539,-0.5125323823215285
COHFACE_s20_session1_lamp,0,415,13.833333333333334,-1.174591743120907,-0.5326910117942307
COHFACE_s20_session1_lamp,0,416,13.866666666666667,-1.018661433209323,-0.5136103129584934
COHFACE_s20_session1_lamp,0,417,13.9,-0.7389987461551479,-0.4222795785197812
COHFACE_s20_session1_lamp,0,418,13.933333333333334,-0.3375763642923867,-0.26364057288727305
COHFACE_s20_session1_lamp,0,419,13.966666666666667,0.1357124332676766,-0.0811636409796206
COHFACE_s20_session1_lamp,0,420,14.0,0.5978350636693024,0.09130932435973316
COHFACE_s20_session1_lamp,0,421,14.033333333333333,0.977573857489489,0.22917287124001065
COHFACE_s20_session1_lamp,0,422,14.066666666666666,1.2372535999295606,0.34210520543003
COHFACE_s20_session1_lamp,0,423,14.1,1.36414809362014,0.47275104731135953
COHFACE_s20_session1_lamp,0,424,14.133333333333333,1.3611980727680275,0.6128701585155591
COHFACE_s20_session1_lamp,0,425,14.166666666666666,1.2477523423916446,0.702601341449135
COHFACE_s20_session1_lamp,0,426,14.2,1.058148974747953,0.7039524347054921
COHFACE_s20_session1_lamp,0,427,14.233333333333333,0.8290130058981013,0.6012307865058695
COHFACE_s20_session1_lamp,0,428,14.266666666666667,0.5849505910203945,0.4189611205219923
COHFACE_s20_session1_lamp,0,429,14.3,0.33619742488939786,0.22191098548642005
COHFACE_s20_session1_lamp,0,430,14.333333333333334,0.08637477095114177,0.03471830462079669
COHFACE_s20_session1_lamp,0,431,14.366666666666667,-0.16056942763649346,-0.15739513552183654
COHFACE_s20_session1_lamp,0,432,14.4,-0.3986095153886301,-0.3568411123954286
COHFACE_s20_session1_lamp,0,433,14.433333333333334,-0.6203745393890285,-0.5521954862665499
COHFACE_s20_session1_lamp,0,434,14.466666666666667,-0.8179754743482569,-0.711920619691972
COHFACE_s20_session1_lamp,0,435,14.5,-0.9837335467948767,-0.7838423314188128
COHFACE_s20_session1_lamp,0,436,14.533333333333333,-1.1106123793993599,-0.7362102035330895
COHFACE_s20_session1_lamp,0,437,14.566666666666666,-1.1905783979115503,-0.5580593977305109
COHFACE_s20_session1_lamp,0,438,14.6,-1.2111585241475284,-0.2815673360783599
COHFACE_s20_session1_lamp,0,439,14.633333333333333,-1.154617608087438,0.017639364285123117
COHFACE_s20_session1_lamp,0,440,14.666666666666666,-0.9997439200037023,0.291590689180647
COHFACE_s20_session1_lamp,0,441,14.7,-0.7256659533061268,0.5192602828296421
COHFACE_s20_session1_lamp,0,442,14.733333333333333,-0.33099243395065214,0.6888260890250701
COHFACE_s20_session1_lamp,0,443,14.766666666666667,0.13807602347007333,0.7964374867069564
COHFACE_s20_session1_lamp,0,444,14.8,0.5968689002840254,0.8345269562246307
COHFACE_s20_session1_lamp,0,445,14.833333333333334,0.9699270326823466,0.7913257456404872
COHFACE_s20_session1_lamp,0,446,14.866666666666667,1.218152142489446,0.6724566848929281
COHFACE_s20_session1_lamp,0,447,14.9,1.330350693544394,0.501161344525785
COHFACE_s20_session1_lamp,0,448,14.933333333333334,1.3130661952223692,0.3033958378945714
COHFACE_s20_session1_lamp,0,449,14.966666666666667,1.190746813235855,0.10839802760710901
COHFACE_s20_session1_lamp,0,450,15.0,1.000996373916355,-0.07601730246828275
COHFACE_s20_session1_lamp,0,451,15.033333333333333,0.778909111071232,-0.26219650331760247
COHFACE_s20_session1_lamp,0,452,15.066666666666666,0.5449597463396105,-0.4448888964080711
COHFACE_s20_session1_lamp,0,453,15.1,0.3066407433299432,-0.5999793281758595
COHFACE_s20_session1_lamp,0,454,15.133333333333333,0.06664270807366038,-0.7075298712403801
COHFACE_s20_session1_lamp,0,455,15.166666666666666,-0.17178902007182323,-0.7511710623817087
COHFACE_s20_session1_lamp,0,456,15.2,-0.4034480058918638,-0.7371694001278408
COHFACE_s20_session1_lamp,0,457,15.233333333333333,-0.621165049062069,-0.693881258343193
COHFACE_s20_session1_lamp,0,458,15.266666666666667,-0.8161688964372029,-0.625732970960549
COHFACE_s20_session1_lamp,0,459,15.3,-0.9788613893603435,-0.5133731948994422
COHFACE_s20_session1_lamp,0,460,15.333333333333334,-1.0994025546935315,-0.34855412492855997
COHFACE_s20_session1_lamp,0,461,15.366666666666667,-1.1680116182323514,-0.13516689343065175
COHFACE_s20_session1_lamp,0,462,15.4,-1.1742098169998403,0.08399473143588371
COHFACE_s20_session1_lamp,0,463,15.433333333333334,-1.1039333971317224,0.22692474538807533
COHFACE_s20_session1_lamp,0,464,15.466666666666667,-0.9372026523311516,0.26980958810186995
COHFACE_s20_session1_lamp,0,465,15.5,-0.6534111321009342,0.24665996800390255
COHFACE_s20_session1_lamp,0,466,15.533333333333333,-0.2548720144386357,0.2044358780038677
COHFACE_s20_session1_lamp,0,467,15.566666666666666,0.20721573023630152,0.2018178205395512
COHFACE_s20_session1_lamp,0,468,15.6,0.6491574183486486,0.2448125938376444
COHFACE_s20_session1_lamp,0,469,15.633333333333333,1.0023802561942463,0.28655011340443126
COHFACE_s20_session1_lamp,0,470,15.666666666666666,1.2337351816680233,0.27848048332016645
COHFACE_s20_session1_lamp,0,471,15.7,1.3341885407570944,0.17142123424311306
COHFACE_s20_session1_lamp,0,472,15.733333333333333,1.3097911870188144,-0.01713070496783327
COHFACE_s20_session1_lamp,0,473,15.766666666666667,1.1829366037299294,-0.2027892507702213
COHFACE_s20_session1_lamp,0,474,15.8,0.9893096094042616,-0.34210666822369395
COHFACE_s20_session1_lamp,0,475,15.833333333333334,0.7634925470789213,-0.4325472733389106
COHFACE_s20_session1_lamp,0,476,15.866666666666667,0.5254688197378231,-0.47071691476875527
COHFACE_s20_session1_lamp,0,477,15.9,0.28138266330906303,-0.45186196727102096
COHFACE_s20_session1_lamp,0,478,15.933333333333334,0.033668161945478385,-0.3481460403985609
COHFACE_s20_session1_lamp,0,479,15.966666666666667,-0.21277865875968133,-0.10963011719162447
COHFACE_s20_session1_lamp,0,480,16.0,-0.45105602217132695,0.23000807664073458
COHFACE_s20_session1_lamp,0,481,16.033333333333335,-0.6735415030922702,0.5527021342402425
COHFACE_s20_session1_lamp,0,482,16.066666666666666,-0.871521320490735,0.792524643930968
COHFACE_s20_session1_lamp,0,483,16.1,-1.0356243151467621,0.9352553570825667
COHFACE_s20_session1_lamp,0,484,16.133333333333333,-1.1569890554520654,0.9778236386825059
COHFACE_s20_session1_lamp,0,485,16.166666666666668,-1.2259280325652795,0.927372741489012
COHFACE_s20_session1_lamp,0,486,16.2,-1.2290406323539842,0.8065553103260322
COHFACE_s20_session1_lamp,0,487,16.233333333333334,-1.1480761616700987,0.6532590796507488
COHFACE_s20_session1_lamp,0,488,16.266666666666666,-0.9604517597358577,0.48635354144511866
COHFACE_s20_session1_lamp,0,489,16.3,-0.6466511295368692,0.3062773502958499
COHFACE_s20_session1_lamp,0,490,16.333333333333332,-0.2157602272903721,0.11570688791731748
COHFACE_s20_session1_lamp,0,491,16.366666666666667,0.2728000837836464,-0.07918819921315792
COHFACE_s20_session1_lamp,0,492,16.4,0.7326361671315925,-0.2796698543528197
COHFACE_s20_session1_lamp,0,493,16.433333333333334,1.0965251604296493,-0.4929554465229331
COHFACE_s20_session1_lamp,0,494,16.466666666666665,1.3320794181736852,-0.709138329684285
COHFACE_s20_session1_lamp,0,495,16.5,1.4296982275201673,-0.8999103962232454
COHFACE_s20_session1_lamp,0,496,16.533333333333335,1.3943756884811918,-1.0454048497620703
COHFACE_s20_session1_lamp,0,497,16.566666666666666,1.2488116808691454,-1.1333843721855605
COHFACE_s20_session1_lamp,0,498,16.6,1.0317638740041928,-1.1471297024167109
COHFACE_s20_session1_lamp,0,499,16.633333333333333,0.7821293029495306,-1.0652966384718443
COHFACE_s20_session1_lamp,0,500,16.666666666666668,0.5233761054122585,-0.8828065498105209
COHFACE_s20_session1_lamp,0,501,16.7,0.26375536111457215,-0.6116090903818054
COHFACE_s20_session1_lamp,0,502,16.733333333333334,0.006031526702368145,-0.29889348578346736
COHFACE_s20_session1_lamp,0,503,16.766666666666666,-0.24628061042134378,-0.027723508126423768
COHFACE_s20_session1_lamp,0,504,16.8,-0.4879354550848708,0.16031423197234337
COHFACE_s20_session1_lamp,0,505,16.833333333333332,-0.7124540963677908,0.2642998976899056
COHFACE_s20_session1_lamp,0,506,16.866666666666667,-0.9122720047902126,0.3095765880053104
COHFACE_s20_session1_lamp,0,507,16.9,-1.0787959916490788,0.3462050041751855
COHFACE_s20_session1_lamp,0,508,16.933333333333334,-1.203201585571441,0.4016709116870807
COHFACE_s20_session1_lamp,0,509,16.966666666666665,-1.2760305501055407,0.4797663247159117
COHFACE_s20_session1_lamp,0,510,17.0,-1.2844092886028105,0.5800513730685329
COHFACE_s20_session1_lamp,0,511,17.033333333333335,-1.209154633763476,0.6972580153180566
COHFACE_s20_session1_lamp,0,512,17.066666666666666,-1.0245281767217391,0.8139542816106334
COHFACE_s20_session1_lamp,0,513,17.1,-0.7078337231388082,0.9001796697826125
COHFACE_s20_session1_lamp,0,514,17.133333333333333,-0.2667563117324875,0.9421566626877943
COHFACE_s20_session1_lamp,0,515,17.166666666666668,0.2390578988751678,0.9420692100066002
COHFACE_s20_session1_lamp,0,516,17.2,0.7212199333250487,0.8921447545042298
COHFACE_s20_session1_lamp,0,517,17.233333333333334,1.1089874715533208,0.774904569576238
COHFACE_s20_session1_lamp,0,518,17.266666666666666,1.3663484921127507,0.5859131076503544
COHFACE_s20_session1_lamp,0,519,17.3,1.480845798709713,0.3347938266348446
COHFACE_s20_session1_lamp,0,520,17.333333333333332,1.4558465657270956,0.04505495707390217
COHFACE_s20_session1_lamp,0,521,17.366666666666667,1.3143210172744366,-0.24472618511030997
COHFACE_s20_session1_lamp,0,522,17.4,1.096833017020517,-0.5135530720700465
COHFACE_s20_session1_lamp,0,523,17.433333333333334,0.8444616410213184,-0.7564725680896301
COHFACE_s20_session1_lamp,0,524,17.466666666666665,0.5825039559744755,-0.9591498960179163
COHFACE_s20_session1_lamp,0,525,17.5,0.3199593565550073,-1.096482474620763
COHFACE_s20_session1_lamp,0,526,17.533333333333335,0.0590594657941728,-1.1543373326152877
COHFACE_s20_session1_lamp,0,527,17.566666666666666,-0.19738521029091774,-1.1289324863754864
COHFACE_s20_session1_lamp,0,528,17.6,-0.44402608424975415,-1.0363694184742231
COHFACE_s20_session1_lamp,0,529,17.633333333333333,-0.6736223937697582,-0.9123321927776735
COHFACE_s20_session1_lamp,0,530,17.666666666666668,-0.8784535431806825,-0.7712857143108424
COHFACE_s20_session1_lamp,0,531,17.7,-1.0512125723454708,-0.606952553294453
COHFACE_s20_session1_lamp,0,532,17.733333333333334,-1.1847466782788234,-0.4120268922930695
COHFACE_s20_session1_lamp,0,533,17.766666666666666,-1.2711503931996142,-0.17958735377373677
COHFACE_s20_session1_lamp,0,534,17.8,-1.2998985295843646,0.07824217576322653
COHFACE_s20_session1_lamp,0,535,17.833333333333332,-1.2549980313775058,0.32893909430384527
COHFACE_s20_session1_lamp,0,536,17.866666666666667,-1.1130987839038877,0.5520610594163233
COHFACE_s20_session1_lamp,0,537,17.9,-0.8471764173461097,0.7379990225518409
COHFACE_s20_session1_lamp,0,538,17.933333333333334,-0.4471700933494363,0.8909476643666959
COHFACE_s20_session1_lamp,0,539,17.966666666666665,0.048337355151554316,1.0274205485761603
COHFACE_s20_session1_lamp,0,540,18.0,0.5548448197323926,1.1384609786928133
COHFACE_s20_session1_lamp,0,541,18.033333333333335,0.988978854787161,1.1889064887234733
COHFACE_s20_session1_lamp,0,542,18.066666666666666,1.3015194436976667,1.1591021129244594
COHFACE_s20_session1_lamp,0,543,18.1,1.4721403344577157,1.0451098705986328
COHFACE_s20_session1_lamp,0,544,18.133333333333333,1.4978109199755822,0.8562335170354858
COHFACE_s20_session1_lamp,0,545,18.166666666666668,1.3935580187197216,0.6155918186276668
COHFACE_s20_session1_lamp,0,546,18.2,1.194593056903831,0.33194120951466227
COHFACE_s20_session1_lamp,0,547,18.233333333333334,0.9444608127073255,0.0011865457213073374
COHFACE_s20_session1_lamp,0,548,18.266666666666666,0.6759178258898169,-0.36483311814948255
COHFACE_s20_session1_lamp,0,549,18.3,0.404479397531622,-0.7362720278839406
COHFACE_s20_session1_lamp,0,550,18.333333333333332,0.13577303665263674,-1.0760408795168697
COHFACE_s20_session1_lamp,0,551,18.366666666666667,-0.12636791490618143,-1.3381763164735943
COHFACE_s20_session1_lamp,0,552,18.4,-0.3767747612248957,-1.5020377783878613
COHFACE_s20_session1_lamp,0,553,18.433333333333334,-0.6087119805376021,-1.5710021705258104
COHFACE_s20_session1_lamp,0,554,18.466666666666665,-0.8142734772991368,-1.5355004959500145
COHFACE_s20_session1_lamp,0,555,18.5,-0.9854478933419697,-1.3727992931372144
COHFACE_s20_session1_lamp,0,556,18.533333333333335,-1.1155594303560428,-1.0554830379052573
COHFACE_s20_session1_lamp,0,557,18.566666666666666,-1.1991755256727545,-0.5534312065485636
COHFACE_s20_session1_lamp,0,558,18.6,-1.229584320156851,0.061434395336668716
COHFACE_s20_session1_lamp,0,559,18.633333333333333,-1.1956468885340656,0.6135869293791172
COHFACE_s20_session1_lamp,0,560,18.666666666666668,-1.0797049667275638,1.0077292006596308
COHFACE_s20_session1_lamp,0,561,18.7,-0.8579825127076817,1.2275391432000238
COHFACE_s20_session1_lamp,0,562,18.733333333333334,-0.5124428695640599,1.2990009013489543
COHFACE_s20_session1_lamp,0,563,18.766666666666666,-0.06092961311269848,1.288042181956778
COHFACE_s20_session1_lamp,0,564,18.8,0.42630959293323967,1.2198861214714378
COHFACE_s20_session1_lamp,0,565,18.833333333333332,0.859696140142975,1.078377228655733
COHFACE_s20_session1_lamp,0,566,18.866666666666667,1.1769018644121698,0.8671714301531367
COHFACE_s20_session1_lamp,0,567,18.9,1.3527611093490564,0.6106363535329575
COHFACE_s20_session1_lamp,0,568,18.933333333333334,1.386030035859398,0.34065803001919065
COHFACE_s20_session1_lamp,0,569,18.966666666666665,1.294076942015203,0.09756894077952531
COHFACE_s20_session1_lamp,0,570,19.0,1.1135278127786283,-0.1167187956723225
COHFACE_s20_session1_lamp,0,571,19.033333333333335,0.889062192465067,-0.337006627676534
COHFACE_s20_session1_lamp,0,572,19.066666666666666,0.6534527020984094,-0.567565234334962
COHFACE_s20_session1_lamp,0,573,19.1,0.41953349037038784,-0.7804091101982458
COHFACE_s20_session1_lamp,0,574,19.133333333333333,0.18833056808926074,-0.9380013878190758
COHFACE_s20_session1_lamp,0,575,19.166666666666668,-0.04060603520952549,-0.9927901417865042
COHFACE_s20_session1_lamp,0,576,19.2,-0.2649232171926565,-0.9474694620823587
COHFACE_s20_session1_lamp,0,577,19.233333333333334,-0.4794779193114153,-0.8544991798201407
COHFACE_s20_session1_lamp,0,578,19.266666666666666,-0.6778944325405324,-0.7451973733756369
COHFACE_s20_session1_lamp,0,579,19.3,-0.853678384496751,-0.6295066251873636
COHFACE_s20_session1_lamp,0,580,19.333333333333332,-1.0000825061973535,-0.4855733510949174
COHFACE_s20_session1_lamp,0,581,19.366666666666667,-1.1103203527622731,-0.2612195229922459
COHFACE_s20_session1_lamp,0,582,19.4,-1.1774512237044141,0.0325361634025428
COHFACE_s20_session1_lamp,0,583,19.433333333333334,-1.1913932094307829,0.32016916918593197
COHFACE_s20_session1_lamp,0,584,19.466666666666665,-1.1350681536594562,0.5590066543303491
COHFACE_s20_session1_lamp,0,585,19.5,-0.983614101491668,0.7383783803944715
COHFACE_s20_session1_lamp,0,586,19.533333333333335,-0.7102357136220706,0.8706024837204749
COHFACE_s20_session1_lamp,0,587,19.566666666666666,-0.30887955211316714,0.9893370249133813
COHFACE_s20_session1_lamp,0,588,19.6,0.1747469221070999,1.0796898700181108
COHFACE_s20_session1_lamp,0,589,19.633333333333333,0.651302400818051,1.0778034554872433
COHFACE_s20_session1_lamp,0,590,19.666666666666668,1.0396770668394937,0.9679130905528947
COHFACE_s20_session1_lamp,0,591,19.7,1.298355572212007,0.7828382773133721
COHFACE_s20_session1_lamp,0,592,19.733333333333334,1.4157284069794622,0.5594743950492361
COHFACE_s20_session1_lamp,0,593,19.766666666666666,1.3973431355093047,0.3390946411868184
COHFACE_s20_session1_lamp,0,594,19.8,1.2666802026726875,0.12328180221228965
COHFACE_s20_session1_lamp,0,595,19.833333333333332,1.063016547003772,-0.12449072784923806
COHFACE_s20_session1_lamp,0,596,19.866666666666667,0.8256868794123741,-0.40700921504506193
COHFACE_s20_session1_lamp,0,597,19.9,0.5793171279638836,-0.6914167829865475
COHFACE_s20_session1_lamp,0,598,19.933333333333334,0.3339661389684346,-0.9403977117125542
COHFACE_s20_session1_lamp,0,599,19.966666666666665,0.09249770040840433,-1.1111778497892035
COHFACE_s20_session1_lamp,0,600,20.0,-0.14415848070793544,-1.1990151736083186
COHFACE_s20_session1_lamp,0,601,20.033333333333335,-0.373595394371096,-1.2360950632277152
COHFACE_s20_session1_lamp,0,602,20.066666666666666,-0.5906086038207712,-1.2255003650059535
COHFACE_s20_session1_lamp,0,603,20.1,-0.788179788076255,-1.1408633349627444
COHFACE_s20_session1_lamp,0,604,20.133333333333333,-0.9586809113133773,-0.9518517905575177
COHFACE_s20_session1_lamp,0,605,20.166666666666668,-1.0946380867576138,-0.625679922835487
COHFACE_s20_session1_lamp,0,606,20.2,-1.1887998916278424,-0.20438937124252263
COHFACE_s20_session1_lamp,0,607,20.233333333333334,-1.2319924232514445,0.19397516856937383
COHFACE_s20_session1_lamp,0,608,20.266666666666666,-1.2101157590488292,0.4990053332741432
COHFACE_s20_session1_lamp,0,609,20.3,-1.1028547272194622,0.6870431370435718
COHFACE_s20_session1_lamp,0,610,20.333333333333332,-0.8848906126342536,0.7811692874251009
COHFACE_s20_session1_lamp,0,611,20.366666666666667,-0.5384321482241705,0.8491314066477517
COHFACE_s20_session1_lamp,0,612,20.4,-0.08355464238862101,0.9033783333477976
COHFACE_s20_session1_lamp,0,613,20.433333333333334,0.4078916192115101,0.9001655159264309
COHFACE_s20_session1_lamp,0,614,20.466666666666665,0.8485384971253384,0.8273677666831447
COHFACE_s20_session1_lamp,0,615,20.5,1.1801095009366365,0.7048207028063002
COHFACE_s20_session1_lamp,0,616,20.533333333333335,1.3787017400659307,0.5679581352739341
COHFACE_s20_session1_lamp,0,617,20.566666666666666,1.4401607689584608,0.46766044893540715
COHFACE_s20_session1_lamp,0,618,20.6,1.375179999458508,0.40599160259705935
COHFACE_s20_session1_lamp,0,619,20.633333333333333,1.2117984782314548,0.3368711994723402
COHFACE_s20_session1_lamp,0,620,20.666666666666668,0.9899680792002847,0.2417109291154262
COHFACE_s20_session1_lamp,0,621,20.7,0.7452767195696519,0.13047634586384008
COHFACE_s20_session1_lamp,0,622,20.733333333333334,0.4964587042581765,0.019556686342241267
COHFACE_s20_session1_lamp,0,623,20.766666666666666,0.24788803743368162,-0.06786733414672706
COHFACE_s20_session1_lamp,0,624,20.8,8.296719234486549e-05,-0.13971761262891352
COHFACE_s20_session1_lamp,0,625,20.833333333333332,-0.2438237458590714,-0.23411701887423755
COHFACE_s20_session1_lamp,0,626,20.866666666666667,-0.4776888944379163,-0.3684531315720173
COHFACE_s20_session1_lamp,0,627,20.9,-0.694314883367068,-0.5381580577495845
COHFACE_s20_session1_lamp,0,628,20.933333333333334,-0.8867975104999856,-0.7181431189037292
COHFACE_s20_session1_lamp,0,629,20.966666666666665,-1.0484890882679865,-0.8622743065695032
COHFACE_s20_session1_lamp,0,630,21.0,-1.1727352298761442,-0.9503314924889454
COHFACE_s20_session1_lamp,0,631,21.033333333333335,-1.251861094352004,-0.9875437393381351
COHFACE_s20_session1_lamp,0,632,21.066666666666666,-1.2741412292604448,-0.9658919106159727
COHFACE_s20_session1_lamp,0,633,21.1,-1.2212359168822826,-0.8640774588775483
COHFACE_s20_session1_lamp,0,634,21.133333333333333,-1.0685712281304474,-0.6639667283479265
COHFACE_s20_session1_lamp,0,635,21.166666666666668,-0.7907318397828068,-0.35186418342747067
COHFACE_s20_session1_lamp,0,636,21.2,-0.38272508790100834,0.030978768163807634
COHFACE_s20_session1_lamp,0,637,21.233333333333334,0.11132130264830749,0.3872832877341823
COHFACE_s20_session1_lamp,0,638,21.266666666666666,0.6067136080362675,0.6453260712569959
COHFACE_s20_session1_lamp,0,639,21.3,1.024957658701961,0.7584167836453124
COHFACE_s20_session1_lamp,0,640,21.333333333333332,1.3209553188297465,0.7668957136193846
COHFACE_s20_session1_lamp,0,641,21.366666666666667,1.475708328878011,0.7961311719979294
COHFACE_s20_session1_lamp,0,642,21.4,1.487177978405239,0.8804990848755043
COHFACE_s20_session1_lamp,0,643,21.433333333333334,1.3726333325721405,0.9621662192196239
COHFACE_s20_session1_lamp,0,644,21.466666666666665,1.169292330006372,0.9828449149038598
COHFACE_s20_session1_lamp,0,645,21.5,0.9206242140988401,0.8848875848792457
COHFACE_s20_session1_lamp,0,646,21.533333333333335,0.6576580750044109,0.6768826327788723
COHFACE_s20_session1_lamp,0,647,21.566666666666666,0.393927479976704,0.43412699650789666
COHFACE_s20_session1_lamp,0,648,21.6,0.13353923500085646,0.19657508386198372
COHFACE_s20_session1_lamp,0,649,21.633333333333333,-0.12100888584975888,-0.030541249075807117
COHFACE_s20_session1_lamp,0,650,21.666666666666668,-0.3659978411518479,-0.26436919080399424
COHFACE_s20_session1_lamp,0,651,21.7,-0.5957983099748746,-0.5422756065099095
COHFACE_s20_session1_lamp,0,652,21.733333333333334,-0.8030963645760463,-0.834715542175578
COHFACE_s20_session1_lamp,0,653,21.766666666666666,-0.9804665996186173,-1.0440559102861766
COHFACE_s20_session1_lamp,0,654,21.8,-1.1222486142752084,-1.1248340206799012
COHFACE_s20_session1_lamp,0,655,21.833333333333332,-1.2238389995804122,-1.083540418225622
COHFACE_s20_session1_lamp,0,656,21.866666666666667,-1.2780684197041978,-0.946276502003023
COHFACE_s20_session1_lamp,0,657,21.9,-1.2720739180594811,-0.7582854680180813
COHFACE_s20_session1_lamp,0,658,21.933333333333334,-1.1862456351820112,-0.5164890545044208
COHFACE_s20_session1_lamp,0,659,21.966666666666665,-0.9947910130127575,-0.17092474802157887
COHFACE_s20_session1_lamp,0,660,22.0,-0.6745374230079474,0.2394213537318362
COHFACE_s20_session1_lamp,0,661,22.033333333333335,-0.23224245146609113,0.5852484468143593
COHFACE_s20_session1_lamp,0,662,22.066666666666666,0.27328774147631,0.7918430512085608
COHFACE_s20_session1_lamp,0,663,22.1,0.7546668166976126,0.8387337008233886
COHFACE_s20_session1_lamp,0,664,22.133333333333333,1.1417142926015118,0.7721860581410014
COHFACE_s20_session1_lamp,0,665,22.166666666666668,1.3979278182636397,0.7035131276329746
COHFACE_s20_session1_lamp,0,666,22.2,1.5105412891613403,0.6425966117851435
COHFACE_s20_session1_lamp,0,667,22.233333333333334,1.4833088311734994,0.49807570481109603
COHFACE_s20_session1_lamp,0,668,22.266666666666666,1.338955101765836,0.23251298638159998
COHFACE_s20_session1_lamp,0,669,22.3,1.117139145141038,-0.13550680151624658
COHFACE_s20_session1_lamp,0,670,22.333333333333332,0.8589363080036155,-0.5285934823786262
COHFACE_s20_session1_lamp,0,671,22.366666666666667,0.5911573686754052,-0.810157205408591
COHFACE_s20_session1_lamp,0,672,22.4,0.32524262484299815,-0.9116672445644417
COHFACE_s20_session1_lamp,0,673,22.433333333333334,0.06564678291308668,-0.832622044314357
COHFACE_s20_session1_lamp,0,674,22.466666666666665,-0.1838567363221389,-0.6032033022274839
COHFACE_s20_session1_lamp,0,675,22.5,-0.41890799675999796,-0.2839872811991996
COHFACE_s20_session1_lamp,0,676,22.533333333333335,-0.6350056166743484,0.062253220112977965
COHFACE_s20_session1_lamp,0,677,22.566666666666666,-0.8266505322202031,0.3700549149991972
COHFACE_s20_session1_lamp,0,678,22.6,-0.9873572936159529,0.5920421440040999
COHFACE_s20_session1_lamp,0,679,22.633333333333333,-1.1123606715284264,0.6980724521569946
COHFACE_s20_session1_lamp,0,680,22.666666666666668,-1.1986403437689601,0.7096799877869361
COHFACE_s20_session1_lamp,0,681,22.7,-1.239341380364503,0.6986855214970271
COHFACE_s20_session1_lamp,0,682,22.733333333333334,-1.219392444511082,0.6877850104654103
COHFACE_s20_session1_lamp,0,683,22.766666666666666,-1.1167674050043732,0.6499700276183541
COHFACE_s20_session1_lamp,0,684,22.8,-0.9059193406273434,0.5297422602077511
COHFACE_s20_session1_lamp,0,685,22.833333333333332,-0.5686246442286063,0.24498305089105116
COHFACE_s20_session1_lamp,0,686,22.866666666666667,-0.12217934791997916,-0.17595437629074048
COHFACE_s20_session1_lamp,0,687,22.9,0.3651455951767811,-0.5930209555633993
COHFACE_s20_session1_lamp,0,688,22.933333333333334,0.8078469535806292,-0.9116186340185527
COHFACE_s20_session1_lamp,0,689,22.966666666666665,1.1472111332880615,-1.0823411776399108
COHFACE_s20_session1_lamp,0,690,23.0,1.3568939174836812,-1.1171571488291492
COHFACE_s20_session1_lamp,0,691,23.033333333333335,1.4291720236859682,-1.0878546001604525
COHFACE_s20_session1_lamp,0,692,23.066666666666666,1.3724008380513546,-0.9902195762513153
COHFACE_s20_session1_lamp,0,693,23.1,1.215097155871398,-0.7443908146618277
COHFACE_s20_session1_lamp,0,694,23.133333333333333,0.9984294557287936,-0.3607267242039749
COHFACE_s20_session1_lamp,0,695,23.166666666666668,0.7573393903604465,0.05869935176305592
COHFACE_s20_session1_lamp,0,696,23.2,0.509455030679731,0.4204752546368419
COHFACE_s20_session1_lamp,0,697,23.233333333333334,0.2601083641039697,0.6394996550241452
COHFACE_s20_session1_lamp,0,698,23.266666666666666,0.012311286458623373,0.7247803442397163
COHFACE_s20_session1_lamp,0,699,23.3,-0.22906735166343012,0.7775725039464436
COHFACE_s20_session1_lamp,0,700,23.333333333333332,-0.4580931187420537,0.8155156516303779
COHFACE_s20_session1_lamp,0,701,23.366666666666667,-0.6683252631763155,0.7717244974089937
COHFACE_s20_session1_lamp,0,702,23.4,-0.852738660551785,0.6279976099657496
COHFACE_s20_session1_lamp,0,703,23.433333333333334,-1.0044568143833827,0.41564802249238897
COHFACE_s20_session1_lamp,0,704,23.466666666666665,-1.117482198690098,0.19190415548831957
COHFACE_s20_session1_lamp,0,705,23.5,-1.1858861515416788,0.03979256575154786
COHFACE_s20_session1_lamp,0,706,23.533333333333335,-1.201253470266795,-0.03596313959267948
COHFACE_s20_session1_lamp,0,707,23.566666666666666,-1.149627306968899,-0.10796188247161048
COHFACE_s20_session1_lamp,0,708,23.6,-1.00948175675465,-0.20295060225163086
COHFACE_s20_session1_lamp,0,709,23.633333333333333,-0.7552646526443366,-0.30049699365710325
COHFACE_s20_session1_lamp,0,710,23.666666666666668,-0.3778773463947635,-0.34320522880843685
COHFACE_s20_session1_lamp,0,711,23.7,0.08495400248931326,-0.23761844294720302
COHFACE_s20_session1_lamp,0,712,23.733333333333334,0.5524372124575905,0.0034650669082118835
COHFACE_s20_session1_lamp,0,713,23.766666666666666,0.946225846817949,0.2606642966446604
COHFACE_s20_session1_lamp,0,714,23.8,1.221820680801912,0.4498937132030752
COHFACE_s20_session1_lamp,0,715,23.833333333333332,1.363393759358537,0.5230085492595323
COHFACE_s20_session1_lamp,0,716,23.866666666666667,1.3724681397464642,0.4897188957183993
COHFACE_s20_session1_lamp,0,717,23.9,1.267575005435844,0.4168543637661058
COHFACE_s20_session1_lamp,0,718,23.933333333333334,1.0833526108454528,0.3286701532536787
COHFACE_s20_session1_lamp,0,719,23.966666666666665,0.8580199340405368,0.20673712934237337
COHFACE_s20_session1_lamp,0,720,24.0,0.6180041301654589,0.038515449902924034
COHFACE_s20_session1_lamp,0,721,24.033333333333335,0.3747818191226514,-0.1813505194855089
COHFACE_s20_session1_lamp,0,722,24.066666666666666,0.13247404516762923,-0.4376851189153783
COHFACE_s20_session1_lamp,0,723,24.1,-0.10545497863932464,-0.6935961988879842
COHFACE_s20_session1_lamp,0,724,24.133333333333333,-0.3340593245986476,-0.9185872526701986
COHFACE_s20_session1_lamp,0,725,24.166666666666668,-0.5473968224954515,-1.0875744032713268
COHFACE_s20_session1_lamp,0,726,24.2,-0.7398465767818021,-1.1750838892207391
COHFACE_s20_session1_lamp,0,727,24.233333333333334,-0.906095686938713,-1.154770340952816
COHFACE_s20_session1_lamp,0,728,24.266666666666666,-1.040544732786054,-1.0170789885510618
COHFACE_s20_session1_lamp,0,729,24.3,-1.1369380388125423,-0.7696853923733813
COHFACE_s20_session1_lamp,0,730,24.333333333333332,-1.186261485566239,-0.44163096557443376
COHFACE_s20_session1_lamp,0,731,24.366666666666667,-1.174427208795666,-0.08429783340602176
COHFACE_s20_session1_lamp,0,732,24.4,-1.0828450427852672,0.2823472561172409
COHFACE_s20_session1_lamp,0,733,24.433333333333334,-0.8896321185290069,0.66771652622219
COHFACE_s20_session1_lamp,0,734,24.466666666666665,-0.576376684710523,1.039878782814018
COHFACE_s20_session1_lamp,0,735,24.5,-0.15387126916222485,1.3236639153862046
COHFACE_s20_session1_lamp,0,736,24.533333333333335,0.317448005459789,1.4518267372516247
COHFACE_s20_session1_lamp,0,737,24.566666666666666,0.7541614706845091,1.3649025331410998
COHFACE_s20_session1_lamp,0,738,24.6,1.095035094021886,1.0789416796263387
COHFACE_s20_session1_lamp,0,739,24.633333333333333,1.3119418104688174,0.6856332537052632
COHFACE_s20_session1_lamp,0,740,24.666666666666668,1.39639945817316,0.26035470892293294
COHFACE_s20_session1_lamp,0,741,24.7,1.3537292659107376,-0.13720556558274952
COHFACE_s20_session1_lamp,0,742,24.733333333333334,1.2076443373958337,-0.4564705679567217
COHFACE_s20_session1_lamp,0,743,24.766666666666666,0.9972163169308512,-0.6545969908786278
COHFACE_s20_session1_lamp,0,744,24.8,0.759709395048339,-0.7312512907460084
COHFACE_s20_session1_lamp,0,745,24.833333333333332,0.5162422435178912,-0.7272082024631927
COHFACE_s20_session1_lamp,0,746,24.866666666666667,0.2730304969734716,-0.6848192577153992
COHFACE_s20_session1_lamp,0,747,24.9,0.031195634236552798,-0.6468299067318526
COHFACE_s20_session1_lamp,0,748,24.933333333333334,-0.20650312331504594,-0.5978796021423936
COHFACE_s20_session1_lamp,0,749,24.966666666666665,-0.43490521895689205,-0.46522752533967476
COHFACE_s20_session1_lamp,0,750,25.0,-0.647506089032447,-0.22966970337127807
COHFACE_s20_session1_lamp,0,751,25.033333333333335,-0.8368791768411572,0.07294324492231596
COHFACE_s20_session1_lamp,0,752,25.066666666666666,-0.9959652538821699,0.37419387329940157
COHFACE_s20_session1_lamp,0,753,25.1,-1.119169607457782,0.572885623350864
COHFACE_s20_session1_lamp,0,754,25.133333333333333,-1.2002990437356853,0.6339293876072201
COHFACE_s20_session1_lamp,0,755,25.166666666666668,-1.2287785138990706,0.5879177932938481
COHFACE_s20_session1_lamp,0,756,25.2,-1.1879354577770789,0.46362254473881526
COHFACE_s20_session1_lamp,0,757,25.233333333333334,-1.0558262888305385,0.2874870456487198
COHFACE_s20_session1_lamp,0,758,25.266666666666666,-0.8087952489718226,0.08765188647756698
COHFACE_s20_session1_lamp,0,759,25.3,-0.4378318073408464,-0.10559582937931931
COHFACE_s20_session1_lamp,0,760,25.333333333333332,0.02359134559965152,-0.2620976618523305
COHFACE_s20_session1_lamp,0,761,25.366666666666667,0.49942840732124144,-0.3513037499674042
COHFACE_s20_session1_lamp,0,762,25.4,0.9119717189371317,-0.34827205616027745
COHFACE_s20_session1_lamp,0,763,25.433333333333334,1.2137651858037506,-0.2337379715698718
COHFACE_s20_session1_lamp,0,764,25.466666666666665,1.3850003138516733,-0.03182851731200276
COHFACE_s20_session1_lamp,0,765,25.5,1.4222479271009063,0.1898263581487809
COHFACE_s20_session1_lamp,0,766,25.533333333333335,1.337683367813657,0.37868077719669835
COHFACE_s20_session1_lamp,0,767,25.566666666666666,1.1618701096361672,0.4972164449923443
COHFACE_s20_session1_lamp,0,768,25.6,0.9349367423377769,0.5293845922257894
COHFACE_s20_session1_lamp,0,769,25.633333333333333,0.6891705040819514,0.4802394711347077
COHFACE_s20_session1_lamp,0,770,25.666666666666668,0.44102285987240897,0.3669799200167492
COHFACE_s20_session1_lamp,0,771,25.7,0.19592259441524493,0.21882714472958376
COHFACE_s20_session1_lamp,0,772,25.733333333333334,-0.044683367669587234,0.05556345990530957
COHFACE_s20_session1_lamp,0,773,25.766666666666666,-0.2787461995679711,-0.11195745964025518
COHFACE_s20_session1_lamp,0,774,25.8,-0.5015405852285079,-0.3006877357191738
COHFACE_s20_session1_lamp,0,775,25.833333333333332,-0.7066258138589392,-0.5536848760762471
COHFACE_s20_session1_lamp,0,776,25.866666666666667,-0.887368080551792,-0.8524917938434845
COHFACE_s20_session1_lamp,0,777,25.9,-1.037289287608071,-1.1158553199064027
COHFACE_s20_session1_lamp,0,778,25.933333333333334,-1.1501720318771966,-1.2611756341829319
COHFACE_s20_session1_lamp,0,779,25.966666666666665,-1.2182569159329106,-1.2050122687301128
COHFACE_s20_session1_lamp,0,780,26.0,-1.2286552626240939,-0.9323119737963379
COHFACE_s20_session1_lamp,0,781,26.033333333333335,-1.1624968755168326,-0.49727154816797403
COHFACE_s20_session1_lamp,0,782,26.066666666666666,-0.996472709143568,0.014785987737917256
COHFACE_s20_session1_lamp,0,783,26.1,-0.7085091327391377,0.4867165319079519
COHFACE_s20_session1_lamp,0,784,26.133333333333333,-0.3005031654848211,0.8465601834762864
COHFACE_s20_session1_lamp,0,785,26.166666666666668,0.17641422321115227,1.0661950065187753
COHFACE_s20_session1_lamp,0,786,26.2,0.638691097901263,1.1473718883034232
COHFACE_s20_session1_lamp,0,787,26.233333333333334,1.016732998344551,1.120058106182033
COHFACE_s20_session1_lamp,0,788,26.266666666666666,1.2743356866567035,1.0140131668996002
COHFACE_s20_session1_lamp,0,789,26.3,1.3984162182903268,0.8581065258038981
COHFACE_s20_session1_lamp,0,790,26.333333333333332,1.3909281440719439,0.66044540536102
COHFACE_s20_session1_lamp,0,791,26.366666666666667,1.2710388827154822,0.40925178422539543
COHFACE_s20_session1_lamp,0,792,26.4,1.0745364255358612,0.10150562106964862
COHFACE_s20_session1_lamp,0,793,26.433333333333334,0.8405833405974633,-0.2551624097712674
COHFACE_s20_session1_lamp,0,794,26.466666666666665,0.5954937200150829,-0.6003855188748141
COHFACE_s20_session1_lamp,0,795,26.5,0.34978311180177024,-0.8202305850275813
COHFACE_s20_session1_lamp,0,796,26.533333333333335,0.10712194256073593,-0.8643622025858678
COHFACE_s20_session1_lamp,0,797,26.566666666666666,-0.12815521726691217,-0.7459016188206249
COHFACE_s20_session1_lamp,0,798,26.6,-0.35086219997767254,-0.5326876878376088
COHFACE_s20_session1_lamp,0,799,26.633333333333333,-0.5573960777132317,-0.3461579616033881
COHFACE_s20_session1_lamp,0,800,26.666666666666668,-0.7445797904464089,-0.2226026635170178
COHFACE_s20_session1_lamp,0,801,26.7,-0.9070912294800324,-0.11344755782077708
COHFACE_s20_session1_lamp,0,802,26.733333333333334,-1.0387808181602285,-0.027489667367182974
COHFACE_s20_session1_lamp,0,803,26.766666666666666,-1.1349104210074252,-0.031423284157581555
COHFACE_s20_session1_lamp,0,804,26.8,-1.1898434249370282,-0.11462923366714074
COHFACE_s20_session1_lamp,0,805,26.833333333333332,-1.1914732367527412,-0.18945351675914407
COHFACE_s20_session1_lamp,0,806,26.866666666666667,-1.1185905196138637,-0.19945323177202792
COHFACE_s20_session1_lamp,0,807,26.9,-0.9440274840164097,-0.12048744129215976
COHFACE_s20_session1_lamp,0,808,26.933333333333334,-0.6452759018861435,0.05293039650375915
COHFACE_s20_session1_lamp,0,809,26.966666666666665,-0.22937067318883703,0.30691174126499393
COHFACE_s20_session1_lamp,0,810,27.0,0.24715765972209325,0.606903115710011
COHFACE_s20_session1_lamp,0,811,27.033333333333335,0.7008443016924715,0.8968730976484285
COHFACE_s20_session1_lamp,0,812,27.066666666666666,1.0655141487401032,1.1122603789482732
COHFACE_s20_session1_lamp,0,813,27.1,1.3076096985108436,1.1797781315988511
COHFACE_s20_session1_lamp,0,814,27.133333333333333,1.415676918690938,1.078443376760144
COHFACE_s20_session1_lamp,0,815,27.166666666666668,1.3932879099970603,0.8397305090836543
COHFACE_s20_session1_lamp,0,816,27.2,1.261548763602311,0.49789441241031673
COHFACE_s20_session1_lamp,0,817,27.233333333333334,1.057120713536439,0.09073395919127042
COHFACE_s20_session1_lamp,0,818,27.266666666666666,0.8179074449529067,-0.34389649275741324
COHFACE_s20_session1_lamp,0,819,27.3,0.5689498424594818,-0.7662201197684375
COHFACE_s20_session1_lamp,0,820,27.333333333333332,0.3211926576801435,-1.1395072221492617
COHFACE_s20_session1_lamp,0,821,27.366666666666667,0.07889010099615873,-1.428075577140343
COHFACE_s20_session1_lamp,0,822,27.4,-0.15484642238140667,-1.5928199705841883
COHFACE_s20_session1_lamp,0,823,27.433333333333334,-0.37682923787128186,-1.5902554242810982
COHFACE_s20_session1_lamp,0,824,27.466666666666665,-0.5832029526495637,-1.3934345126533423
COHFACE_s20_session1_lamp,0,825,27.5,-0.7687734548509298,-0.9927463882137197
COHFACE_s20_session1_lamp,0,826,27.533333333333335,-0.9272578765469734,-0.4514933242445377
COHFACE_s20_session1_lamp,0,827,27.566666666666666,-1.052005543868437,0.09303865677579515
COHFACE_s20_session1_lamp,0,828,27.6,-1.1369616237267068,0.5442936432817541
COHFACE_s20_session1_lamp,0,829,27.633333333333333,-1.1759607778506374,0.8452893596296143
COHFACE_s20_session1_lamp,0,830,27.666666666666668,-1.15864209581961,0.9846738461284976
COHFACE_s20_session1_lamp,0,831,27.7,-1.0668657099947223,0.9948547106660226
COHFACE_s20_session1_lamp,0,832,27.733333333333334,-0.8763229193408387,0.9094474745540776
COHFACE_s20_session1_lamp,0,833,27.766666666666666,-0.5670978736906825,0.7621970759585837
COHFACE_s20_session1_lamp,0,834,27.8,-0.14983616911341474,0.5803472852501098
COHFACE_s20_session1_lamp,0,835,27.833333333333332,0.31489817836713474,0.3848842416494606
COHFACE_s20_session1_lamp,0,836,27.866666666666667,0.7429738530406789,0.20392900219524884
COHFACE_s20_session1_lamp,0,837,27.9,1.0724553620498816,0.07331486083860281
COHFACE_s20_session1_lamp,0,838,27.933333333333334,1.2761642230002936,0.01455502809693758
COHFACE_s20_session1_lamp,0,839,27.966666666666665,1.3489277032551985,0.03515918687445595
COHFACE_s20_session1_lamp,0,840,28.0,1.3005664302308628,0.10289320720629086
COHFACE_s20_session1_lamp,0,841,28.033333333333335,1.157365235536897,0.14657160967190985
COHFACE_s20_session1_lamp,0,842,28.066666666666666,0.9567280786876936,0.13273185309676386
COHFACE_s20_session1_lamp,0,843,28.1,0.7316924619741305,0.06630397344625402
COHFACE_s20_session1_lamp,0,844,28.133333333333333,0.5008733527862149,-0.04338208526655267
COHFACE_s20_session1_lamp,0,845,28.166666666666668,0.27157252595698816,-0.1823681522691991
COHFACE_s20_session1_lamp,0,846,28.2,0.04686642829821977,-0.34443400330271134
COHFACE_s20_session1_lamp,0,847,28.233333333333334,-0.1708126331056219,-0.5302616006767026
COHFACE_s20_session1_lamp,0,848,28.266666666666666,-0.37850809102158206,-0.7027353167416677
COHFACE_s20_session1_lamp,0,849,28.3,-0.5717967833764401,-0.7866662803349789
COHFACE_s20_session1_lamp,0,850,28.333333333333332,-0.7446772065160617,-0.7382038555588648
COHFACE_s20_session1_lamp,0,851,28.366666666666667,-0.8909133192525182,-0.5454917794227563
COHFACE_s20_session1_lamp,0,852,28.4,-1.0055997928968465,-0.257713433951163
COHFACE_s20_session1_lamp,0,853,28.433333333333334,-1.0847211212199654,0.0149424575588313
COHFACE_s20_session1_lamp,0,854,28.466666666666665,-1.1217803378108486,0.222946646575594
COHFACE_s20_session1_lamp,0,855,28.5,-1.1043776284186346,0.37689552646839686
COHFACE_s20_session1_lamp,0,856,28.533333333333335,-1.0137112776862063,0.4805232107145315
COHFACE_s20_session1_lamp,0,857,28.566666666666666,-0.8262631885379212,0.5294820370459318
COHFACE_s20_session1_lamp,0,858,28.6,-0.5228615282336949,0.5095717942883361
COHFACE_s20_session1_lamp,0,859,28.633333333333333,-0.11552409205635206,0.39679096931339164
COHFACE_s20_session1_lamp,0,860,28.666666666666668,0.33391681596333567,0.2283078188563416
COHFACE_s20_session1_lamp,0,861,28.7,0.7435198232336658,0.10219524225616979
COHFACE_s20_session1_lamp,0,862,28.733333333333334,1.0566184958439349,0.07611461633021178
COHFACE_s20_session1_lamp,0,863,28.766666666666666,1.2495018013729189,0.16656155752283086
COHFACE_s20_session1_lamp,0,864,28.8,1.3164737348201223,0.3117213483789652
COHFACE_s20_session1_lamp,0,865,28.833333333333332,1.2654560332385572,0.3726099152879981
COHFACE_s20_session1_lamp,0,866,28.866666666666667,1.1219342297565291,0.31055518564135814
COHFACE_s20_session1_lamp,0,867,28.9,0.9238536002900832,0.18788576879420976
COHFACE_s20_session1_lamp,0,868,28.933333333333334,0.7043829852900545,0.055113728117500586
COHFACE_s20_session1_lamp,0,869,28.966666666666665,0.47979203446011864,-0.0496318272617084
COHFACE_s20_session1_lamp,0,870,29.0,0.2540507969592666,-0.16223731215050113
COHFACE_s20_session1_lamp,0,871,29.033333333333335,0.02890960512144547,-0.390816092648551
COHFACE_s20_session1_lamp,0,872,29.066666666666666,-0.19215699358887234,-0.7326866633581299
COHFACE_s20_session1_lamp,0,873,29.1,-0.4040541752189823,-1.072817716909449
COHFACE_s20_session1_lamp,0,874,29.133333333333333,-0.6006680258722492,-1.3075222354910754
COHFACE_s20_session1_lamp,0,875,29.166666666666668,-0.7755177020105111,-1.345025539347545
COHFACE_s20_session1_lamp,0,876,29.2,-0.9222717441543073,-1.1534256364719868
COHFACE_s20_session1_lamp,0,877,29.233333333333334,-1.0362562242031053,-0.7613734687569922
COHFACE_s20_session1_lamp,0,878,29.266666666666666,-1.1139302080773954,-0.2356549646002044
COHFACE_s20_session1_lamp,0,879,29.3,-1.1473368653412606,0.3178866538177913
COHFACE_s20_session1_lamp,0,880,29.333333333333332,-1.1204226560535335,0.8179567816590729
COHFACE_s20_session1_lamp,0,881,29.366666666666667,-1.0106826728127478,1.2061482814529585
COHFACE_s20_session1_lamp,0,882,29.4,-0.7926141260846415,1.4261791471891196
COHFACE_s20_session1_lamp,0,883,29.433333333333334,-0.45193692285469844,1.4227043462460875
COHFACE_s20_session1_lamp,0,884,29.466666666666665,-0.014914391112104608,1.223252723291831
COHFACE_s20_session1_lamp,0,885,29.5,0.44565330828617383,0.937446613321837
COHFACE_s20_session1_lamp,0,886,29.533333333333335,0.8501741951996554,0.6461278730265192
COHFACE_s20_session1_lamp,0,887,29.566666666666666,1.14886174662345,0.4010838793627832
COHFACE_s20_session1_lamp,0,888,29.6,1.3219184186314181,0.19149383617020296
COHFACE_s20_session1_lamp,0,889,29.633333333333333,1.3670935768256927,-0.05397862487986263
COHFACE_s20_session1_lamp,0,890,29.666666666666668,1.296373458335008,-0.3300366406298322
COHFACE_s20_session1_lamp,0,891,29.7,1.1378693167727072,-0.5531058060480203
COHFACE_s20_session1_lamp,0,892,29.733333333333334,0.9285896131239235,-0.6544220995853265
COHFACE_s20_session1_lamp,0,893,29.766666666666666,0.6985693143353258,-0.5803704664427044
COHFACE_s20_session1_lamp,0,894,29.8,0.4627714507235227,-0.3945323356991045
COHFACE_s20_session1_lamp,0,895,29.833333333333332,0.22584527403366195,-0.2763414684965703
COHFACE_s20_session1_lamp,0,896,29.866666666666667,-0.010248152393381754,-0.28542081727648216
COHFACE_s20_session1_lamp,0,897,29.9,-0.24230511956855222,-0.36067520736313446
COHFACE_s20_session1_lamp,0,898,29.933333333333334,-0.4650066451106376,-0.42614762807012085
COHFACE_s20_session1_lamp,0,899,29.966666666666665,-0.6717957298947266,-0.3926415754195345
COHFACE_s20_session1_lamp,0,900,30.0,-0.8558080073756804,-0.25908681755726054
COHFACE_s20_session1_lamp,0,901,30.033333333333335,-1.0100423715563194,-0.11279470370882679
COHFACE_s20_session1_lamp,0,902,30.066666666666666,-1.1279174236397305,0.005366187330289577
COHFACE_s20_session1_lamp,0,903,30.1,-1.2025080317697232,0.10110449756899054
COHFACE_s20_session1_lamp,0,904,30.133333333333333,-1.2229752762649317,0.1992363987582207
COHFACE_s20_session1_lamp,0,905,30.166666666666668,-1.171867250953298,0.34228142809336753
COHFACE_s20_session1_lamp,0,906,30.2,-1.0257991865662963,0.4876985189433114
COHFACE_s20_session1_lamp,0,907,30.233333333333334,-0.7610269117182509,0.5080765039038545
COHFACE_s20_session1_lamp,0,908,30.266666666666666,-0.3740542062435698,0.36471589613265165
COHFACE_s20_session1_lamp,0,909,30.3,0.09190616895376613,0.10858204106153459
COHFACE_s20_session1_lamp,0,910,30.333333333333332,0.5568766542874077,-0.1828812427163302
COHFACE_s20_session1_lamp,0,911,30.366666666666667,0.948349020127097,-0.4061684147858089
COHFACE_s20_session1_lamp,0,912,30.4,1.2257846626248912,-0.5407593906398406
COHFACE_s20_session1_lamp,0,913,30.433333333333334,1.3735369562931377,-0.6481372472046895
COHFACE_s20_session1_lamp,0,914,30.466666666666665,1.3914403516125744,-0.7280627342888082
COHFACE_s20_session1_lamp,0,915,30.5,1.295575284030664,-0.7178433468365158
COHFACE_s20_session1_lamp,0,916,30.533333333333335,1.1185947396449258,-0.5487624068254899
COHFACE_s20_session1_lamp,0,917,30.566666666666666,0.8983677401592014,-0.14816668721927706
COHFACE_s20_session1_lamp,0,918,30.6,0.6623738278760195,0.3946095909378722
COHFACE_s20_session1_lamp,0,919,30.633333333333333,0.4227218455352322,0.827913340465995
COHFACE_s20_session1_lamp,0,920,30.666666666666668,0.18267741233588827,1.0271084240962418
COHFACE_s20_session1_lamp,0,921,30.7,-0.0554939202507993,0.9950311601006202
COHFACE_s20_session1_lamp,0,922,30.733333333333334,-0.28759276540384754,0.8025791814088902
COHFACE_s20_session1_lamp,0,923,30.766666666666666,-0.5078466665437776,0.5868762919006785
COHFACE_s20_session1_lamp,0,924,30.8,-0.7097823900784712,0.3809981749142944
COHFACE_s20_session1_lamp,0,925,30.833333333333332,-0.8868029415582599,0.11455185466771345
COHFACE_s20_session1_lamp,0,926,30.866666666666667,-1.032615917965276,-0.21624992322634115
COHFACE_s20_session1_lamp,0,927,30.9,-1.1413791232713697,-0.5465751404620346
COHFACE_s20_session1_lamp,0,928,30.933333333333334,-1.2060242940714998,-0.7877595270944792
COHFACE_s20_session1_lamp,0,929,30.966666666666665,-1.2144310109864689,-0.8274925205696388
COHFACE_s20_session1_lamp,0,930,31.0,-1.147288958319018,-0.6609586437906276
COHFACE_s20_session1_lamp,0,931,31.033333333333335,-0.9798974802354488,-0.39068645156626053
COHFACE_s20_session1_lamp,0,932,31.066666666666666,-0.6896556730904846,-0.1068307954481053
COHFACE_s20_session1_lamp,0,933,31.1,-0.279307489458155,0.11349524811760303
COHFACE_s20_session1_lamp,0,934,31.133333333333333,0.1990115583816472,0.2717457649320729
COHFACE_s20_session1_lamp,0,935,31.166666666666668,0.6610032497590741,0.4463314813372952
COHFACE_s20_session1_lamp,0,936,31.2,1.035622469576056,0.6216601084716102
COHFACE_s20_session1_lamp,0,937,31.233333333333334,1.2853955392988023,0.6873483832483926
COHFACE_s20_session1_lamp,0,938,31.266666666666666,1.3979905741060143,0.5900642656665362
COHFACE_s20_session1_lamp,0,939,31.3,1.378231096133784,0.3346110489379639
COHFACE_s20_session1_lamp,0,940,31.333333333333332,1.248922944621423,-0.00904325359878562
COHFACE_s20_session1_lamp,0,941,31.366666666666667,1.0475553189231286,-0.30592856352157416
COHFACE_s20_session1_lamp,0,942,31.4,0.8114418639547187,-0.4968718868974119
COHFACE_s20_session1_lamp,0,943,31.433333333333334,0.5639387594105075,-0.5980494064400047
COHFACE_s20_session1_lamp,0,944,31.466666666666665,0.3146019307875117,-0.6152537171370754
COHFACE_s20_session1_lamp,0,945,31.5,0.06767871187381698,-0.5429757394438024
COHFACE_s20_session1_lamp,0,946,31.533333333333335,-0.1726880158375823,-0.37050751895475653
COHFACE_s20_session1_lamp,0,947,31.566666666666666,-0.40169789773058207,-0.08274253502610025
COHFACE_s20_session1_lamp,0,948,31.6,-0.6132079589439431,0.25125853471257875
COHFACE_s20_session1_lamp,0,949,31.633333333333333,-0.7993060063835609,0.47822119122730705
COHFACE_s20_session1_lamp,0,950,31.666666666666668,-0.9516985383190234,0.5395864153574083
COHFACE_s20_session1_lamp,0,951,31.7,-1.063829189021508,0.47159770093895836
COHFACE_s20_session1_lamp,0,952,31.733333333333334,-1.1311978837854315,0.3396563744023337
COHFACE_s20_session1_lamp,0,953,31.766666666666666,-1.14811676115476,0.2369524618539634
COHFACE_s20_session1_lamp,0,954,31.8,-1.1030126468758399,0.18893455035491769
COHFACE_s20_session1_lamp,0,955,31.833333333333332,-0.9769295920549762,0.1533420992090065
COHFACE_s20_session1_lamp,0,956,31.866666666666667,-0.7476213969748675,0.1023233831729477
COHFACE_s20_session1_lamp,0,957,31.9,-0.4044067909254914,0.023523025024945774
COHFACE_s20_session1_lamp,0,958,31.933333333333334,0.02535865202824694,-0.04854320784137757
COHFACE_s20_session1_lamp,0,959,31.966666666666665,0.4701749124802272,-0.03288987509040453
COHFACE_s20_session1_lamp,0,960,32.0,0.8511969002247072,0.05188816997684903
COHFACE_s20_session1_lamp,0,961,32.03333333333333,1.1201384100226206,0.0880621367182531
COHFACE_s20_session1_lamp,0,962,32.06666666666667,1.261431329342275,0.03246334629652314
COHFACE_s20_session1_lamp,0,963,32.1,1.2785299106121735,-0.08251886708813916
COHFACE_s20_session1_lamp,0,964,32.13333333333333,1.1890446108699844,-0.2289836655745565
COHFACE_s20_session1_lamp,0,965,32.166666666666664,1.0245019747750572,-0.3834984084264929
COHFACE_s20_session1_lamp,0,966,32.2,0.8213166810976685,-0.5254147186282823
COHFACE_s20_session1_lamp,0,967,32.233333333333334,0.6056682556576327,-0.6363725757982808
COHFACE_s20_session1_lamp,0,968,32.266666666666666,0.3873590207770658,-0.705314705731654
COHFACE_s20_session1_lamp,0,969,32.3,0.16687743360473467,-0.7280448580729226
COHFACE_s20_session1_lamp,0,970,32.333333333333336,-0.05541258761133983,-0.6928979231025104
COHFACE_s20_session1_lamp,0,971,32.36666666666667,-0.27590037554963615,-0.5809659464358855
COHFACE_s20_session1_lamp,0,972,32.4,-0.48768244840665953,-0.4039182603366833
COHFACE_s20_session1_lamp,0,973,32.43333333333333,-0.6815277716068641,-0.2045351890856017
COHFACE_s20_session1_lamp,0,974,32.46666666666667,-0.848232030514544,-0.00888703957609989
COHFACE_s20_session1_lamp,0,975,32.5,-0.9809700200984078,0.17291109027407023
COHFACE_s20_session1_lamp,0,976,32.53333333333333,-1.0748514533933349,0.33752979730999805
COHFACE_s20_session1_lamp,0,977,32.56666666666667,-1.1231636893163088,0.4871396319235951
COHFACE_s20_session1_lamp,0,978,32.6,-1.1143956094020364,0.615811100888028
COHFACE_s20_session1_lamp,0,979,32.63333333333333,-1.0318941070052665,0.7085407494120135
COHFACE_s20_session1_lamp,0,980,32.666666666666664,-0.8537312892090223,0.7585879716340418
COHFACE_s20_session1_lamp,0,981,32.7,-0.5597769740532033,0.7669453872355101
COHFACE_s20_session1_lamp,0,982,32.733333333333334,-0.1585923355677152,0.7377375511860247
COHFACE_s20_session1_lamp,0,983,32.766666666666666,0.2911147977532819,0.6780009162074003
COHFACE_s20_session1_lamp,0,984,32.8,0.7067039070471934,0.5873798600764983
COHFACE_s20_session1_lamp,0,985,32.833333333333336,1.0277618320161266,0.4585430963993367
COHFACE_s20_session1_lamp,0,986,32.86666666666667,1.2279473849262177,0.2876839775732348
COHFACE_s20_session1_lamp,0,987,32.9,1.301347890625345,0.07554897832865211
COHFACE_s20_session1_lamp,0,988,32.93333333333333,1.2560711063069327,-0.16432496326406137
COHFACE_s20_session1_lamp,0,989,32.96666666666667,1.1172199161796135,-0.4044718327602167
COHFACE_s20_session1_lamp,0,990,33.0,0.9222174759892834,-0.6198448202258096
COHFACE_s20_session1_lamp,0,991,33.03333333333333,0.7040637018930209,-0.7868015724495245
COHFACE_s20_session1_lamp,0,992,33.06666666666667,0.47914060057460944,-0.8853997501810965
COHFACE_s20_session1_lamp,0,993,33.1,0.25074955047980446,-0.8987581022302944
COHFACE_s20_session1_lamp,0,994,33.13333333333333,0.019210960082691457,-0.8187671421712168
COHFACE_s20_session1_lamp,0,995,33.166666666666664,-0.21235578955815756,-0.6462117439827394
COHFACE_s20_session1_lamp,0,996,33.2,-0.4372347678841686,-0.4057779452138346
COHFACE_s20_session1_lamp,0,997,33.233333333333334,-0.6466228536514823,-0.14656513369471655
COHFACE_s20_session1_lamp,0,998,33.266666666666666,-0.8315098340525378,0.1090898458753265
COHFACE_s20_session1_lamp,0,999,33.3,-0.9839056940611759,0.3644122015400127
COHFACE_s20_session1_lamp,0,1000,33.333333333333336,-1.0966546041805212,0.5981542175132112
COHFACE_s20_session1_lamp,0,1001,33.36666666666667,-1.1612386105314538,0.7633959740564494
COHFACE_s20_session1_lamp,0,1002,33.4,-1.165139235095754,0.8342374467968
COHFACE_s20_session1_lamp,0,1003,33.43333333333333,-1.0908345148950302,0.8053879661489681
COHFACE_s20_session1_lamp,0,1004,33.46666666666667,-0.9165127801940745,0.694647818819176
COHFACE_s20_session1_lamp,0,1005,33.5,-0.6232383871067687,0.5426417727921353
COHFACE_s20_session1_lamp,0,1006,33.53333333333333,-0.2191603122537717,0.37703284985481655
COHFACE_s20_session1_lamp,0,1007,33.56666666666667,0.23969094977585845,0.21286680863648402
COHFACE_s20_session1_lamp,0,1008,33.6,0.6720746316160326,0.05782869007353307
COHFACE_s20_session1_lamp,0,1009,33.63333333333333,1.0153416531693167,-0.08673988322344564
COHFACE_s20_session1_lamp,0,1010,33.666666666666664,1.239384083500872,-0.2176221184958716
COHFACE_s20_session1_lamp,0,1011,33.7,1.33550312616312,-0.32871498784824527
COHFACE_s20_session1_lamp,0,1012,33.733333333333334,1.309129907942479,-0.41199412007137987
COHFACE_s20_session1_lamp,0,1013,33.766666666666666,1.18188388130935,-0.456881284877274
COHFACE_s20_session1_lamp,0,1014,33.8,0.9890608317421574,-0.46527930917353766
COHFACE_s20_session1_lamp,0,1015,33.833333333333336,0.7650271793324739,-0.4511334145651459
COHFACE_s20_session1_lamp,0,1016,33.86666666666667,0.5299218934966446,-0.4197056808218907
COHFACE_s20_session1_lamp,0,1017,33.9,0.29016997540492484,-0.36747191810568136
COHFACE_s20_session1_lamp,0,1018,33.93333333333333,0.047210446592172134,-0.28669071303295224
COHFACE_s20_session1_lamp,0,1019,33.96666666666667,-0.19631869393926127,-0.16595907671972884
COHFACE_s20_session1_lamp,0,1020,34.0,-0.43490831232070953,-0.015232005034471183
COHFACE_s20_session1_lamp,0,1021,34.03333333333333,-0.6599160371267635,0.1336295042778373
COHFACE_s20_session1_lamp,0,1022,34.06666666666667,-0.8604971562274024,0.25305977240502747
COHFACE_s20_session1_lamp,0,1023,34.1,-1.026086821852304,0.31953594227608806
COHFACE_s20_session1_lamp,0,1024,34.13333333333333,-1.1480535135002377,0.3322251169966348
COHFACE_s20_session1_lamp,0,1025,34.166666666666664,-1.2181943196429896,0.3125432900225037
COHFACE_s20_session1_lamp,0,1026,34.2,-1.2253120374027224,0.26695413137276375
COHFACE_s20_session1_lamp,0,1027,34.233333333333334,-1.1527974061928343,0.18692738481404997
COHFACE_s20_session1_lamp,0,1028,34.266666666666666,-0.9787416141355648,0.07487826504863668
COHFACE_s20_session1_lamp,0,1029,34.3,-0.6834510176048952,-0.055332582956927244
COHFACE_s20_session1_lamp,0,1030,34.333333333333336,-0.2732288679733597,-0.18575135819153968
COHFACE_s20_session1_lamp,0,1031,34.36666666666667,0.19803753510247546,-0.2939272713570582
COHFACE_s20_session1_lamp,0,1032,34.4,0.6483899729115805,-0.37019416139972267
COHFACE_s20_session1_lamp,0,1033,34.43333333333333,1.011850147787752,-0.4171948019591243
COHFACE_s20_session1_lamp,0,1034,34.46666666666667,1.2554761085182875,-0.42861263594994203
COHFACE_s20_session1_lamp,0,1035,34.5,1.3687143432201538,-0.38904734433226906
COHFACE_s20_session1_lamp,0,1036,34.53333333333333,1.3554842263760312,-0.279404154526065
COHFACE_s20_session1_lamp,0,1037,34.56666666666667,1.2358704438422552,-0.07776646045039393
COHFACE_s20_session1_lamp,0,1038,34.6,1.043809645457058,0.1837264777767077
COHFACE_s20_session1_lamp,0,1039,34.63333333333333,0.8144824848885663,0.4183148226177012
COHFACE_s20_session1_lamp,0,1040,34.666666666666664,0.5715114224279986,0.5664015689166013
COHFACE_s20_session1_lamp,0,1041,34.7,0.3250328228102413,0.5955383902673579
COHFACE_s20_session1_lamp,0,1042,34.733333333333334,0.07874765144311488,0.5075444912402026
COHFACE_s20_session1_lamp,0,1043,34.766666666666666,-0.16393476399010926,0.33819296324284065
COHFACE_s20_session1_lamp,0,1044,34.8,-0.3987990763053068,0.12115413876617158
COHFACE_s20_session1_lamp,0,1045,34.833333333333336,-0.6208233676602599,-0.1118146764265988
COHFACE_s20_session1_lamp,0,1046,34.86666666666667,-0.8227281202830861,-0.3294720929260481
COHFACE_s20_session1_lamp,0,1047,34.9,-0.9947245419563625,-0.5003783585956838
COHFACE_s20_session1_lamp,0,1048,34.93333333333333,-1.126828575965203,-0.5963462544771745
COHFACE_s20_session1_lamp,0,1049,34.96666666666667,-1.2100381013977466,-0.5920852518923891
COHFACE_s20_session1_lamp,0,1050,35.0,-1.2338316686037192,-0.491856934475731
COHFACE_s20_session1_lamp,0,1051,35.03333333333333,-1.1826769606571363,-0.3294411712299632
COHFACE_s20_session1_lamp,0,1052,35.06666666666667,-1.0344767303731977,-0.14200256668924105
COHFACE_s20_session1_lamp,0,1053,35.1,-0.7652739886010652,0.029757693805746832
COHFACE_s20_session1_lamp,0,1054,35.13333333333333,-0.37099133270484097,0.1665625731282059
COHFACE_s20_session1_lamp,0,1055,35.166666666666664,0.1046125766433862,0.26982761387001875
COHFACE_s20_session1_lamp,0,1056,35.2,0.5789167636945959,0.3482272504838566
COHFACE_s20_session1_lamp,0,1057,35.233333333333334,0.9757219218574165,0.4166552117380685
COHFACE_s20_session1_lamp,0,1058,35.266666666666666,1.2521928923453085,0.4775840145573439
COHFACE_s20_session1_lamp,0,1059,35.3,1.392687186471624,0.5204639008531536
COHFACE_s20_session1_lamp,0,1060,35.333333333333336,1.398285503643722,0.5309002431684565
COHFACE_s20_session1_lamp,0,1061,35.36666666666667,1.286423130848849,0.4907342967690517
COHFACE_s20_session1_lamp,0,1062,35.4,1.0913631269600765,0.3948594824825057
COHFACE_s20_session1_lamp,0,1063,35.43333333333333,0.8525900205093848,0.25164303391943327
COHFACE_s20_session1_lamp,0,1064,35.46666666666667,0.5980111232978734,0.07917169842119068
COHFACE_s20_session1_lamp,0,1065,35.5,0.3400992055973956,-0.09424445362912043
COHFACE_s20_session1_lamp,0,1066,35.53333333333333,0.08404957299194221,-0.25335391463642537
COHFACE_s20_session1_lamp,0,1067,35.56666666666667,-0.16581120895323118,-0.39515292655940243
COHFACE_s20_session1_lamp,0,1068,35.6,-0.4044976255935797,-0.510234764411098
COHFACE_s20_session1_lamp,0,1069,35.63333333333333,-0.6253748962654803,-0.5820316753496992
COHFACE_s20_session1_lamp,0,1070,35.666666666666664,-0.8197166531332204,-0.6017494101848967
COHFACE_s20_session1_lamp,0,1071,35.7,-0.9790157179924376,-0.5680905452553165
COHFACE_s20_session1_lamp,0,1072,35.733333333333334,-1.0972110250179536,-0.48206757385680826
COHFACE_s20_session1_lamp,0,1073,35.766666666666666,-1.1686063382991465,-0.347197932134444
COHFACE_s20_session1_lamp,0,1074,35.8,-1.1836399308420844,-0.17309081032923224
COHFACE_s20_session1_lamp,0,1075,35.833333333333336,-1.1275646319695385,0.023882686001712734
COHFACE_s20_session1_lamp,0,1076,35.86666666666667,-0.9814107570755185,0.22401136158943186
COHFACE_s20_session1_lamp,0,1077,35.9,-0.7244190288035325,0.4034250444111298
COHFACE_s20_session1_lamp,0,1078,35.93333333333333,-0.35073814324364017,0.5488488000722168
COHFACE_s20_session1_lamp,0,1079,35.96666666666667,0.1011249410365861,0.656733354913033
COHFACE_s20_session1_lamp,0,1080,36.0,0.5506019008098493,0.7161917341677514
COHFACE_s20_session1_lamp,0,1081,36.03333333333333,0.9210556449704336,0.7085854198145939
COHFACE_s20_session1_lamp,0,1082,36.06666666666667,1.1719015426267725,0.6294785883628646
COHFACE_s20_session1_lamp,0,1083,36.1,1.2915988832832233,0.4888792050244703
COHFACE_s20_session1_lamp,0,1084,36.13333333333333,1.2849296773759957,0.3041774352802774
COHFACE_s20_session1_lamp,0,1085,36.166666666666664,1.1728857192870805,0.10072288746313209
COHFACE_s20_session1_lamp,0,1086,36.2,0.9909650050904445,-0.0995268419448059
COHFACE_s20_session1_lamp,0,1087,36.233333333333334,0.7752665702851268,-0.2771018282082467
COHFACE_s20_session1_lamp,0,1088,36.266666666666666,0.5482081886724548,-0.41832929546900355
COHFACE_s20_session1_lamp,0,1089,36.3,0.31734932985609177,-0.5143729385946507
COHFACE_s20_session1_lamp,0,1090,36.333333333333336,0.0838374462489068,-0.5532798899877475
COHFACE_s20_session1_lamp,0,1091,36.36666666666667,-0.14987516461756284,-0.519557008851298
COHFACE_s20_session1_lamp,0,1092,36.4,-0.37775102489935336,-0.4170955766512022
COHFACE_s20_session1_lamp,0,1093,36.43333333333333,-0.5912317334366196,-0.2692277242920519
COHFACE_s20_session1_lamp,0,1094,36.46666666666667,-0.7808562502693019,-0.10512059489424741
COHFACE_s20_session1_lamp,0,1095,36.5,-0.9380597561696122,0.04006789078014558
COHFACE_s20_session1_lamp,0,1096,36.53333333333333,-1.0558582639687064,0.14441787393605587
COHFACE_s20_session1_lamp,0,1097,36.56666666666667,-1.1271775597474976,0.1988912998096813
COHFACE_s20_session1_lamp,0,1098,36.6,-1.1416423501406534,0.21417436068424983
COHFACE_s20_session1_lamp,0,1099,36.63333333333333,-1.0831871784458342,0.22002071598961517
COHFACE_s20_session1_lamp,0,1100,36.666666666666664,-0.930033253740798,0.2245576976982051
COHFACE_s20_session1_lamp,0,1101,36.7,-0.660370753306057,0.21404039297290312
COHFACE_s20_session1_lamp,0,1102,36.733333333333334,-0.27453277918206903,0.18165562349834202
COHFACE_s20_session1_lamp,0,1103,36.766666666666666,0.17930534346769172,0.12781179305854654
COHFACE_s20_session1_lamp,0,1104,36.8,0.6188090757910194,0.05544793699312201
COHFACE_s20_session1_lamp,0,1105,36.833333333333336,0.9733943842585793,-0.02966031399084864
COHFACE_s20_session1_lamp,0,1106,36.86666666666667,1.2070119400941661,-0.12249503773272662
COHFACE_s20_session1_lamp,0,1107,36.9,1.308883387036724,-0.21834151735105492
COHFACE_s20_session1_lamp,0,1108,36.93333333333333,1.2843004207910718,-0.315001869427877
COHFACE_s20_session1_lamp,0,1109,36.96666666666667,1.1562189527771818,-0.4122003074011872
COHFACE_s20_session1_lamp,0,1110,37.0,0.9621018755708765,-0.5021660084336672
COHFACE_s20_session1_lamp,0,1111,37.03333333333333,0.7379681138340768,-0.5692089459006813
COHFACE_s20_session1_lamp,0,1112,37.06666666666667,0.5044101816476261,-0.6065566462176453
COHFACE_s20_session1_lamp,0,1113,37.1,0.2677616188920847,-0.6161373469312817
COHFACE_s20_session1_lamp,0,1114,37.13333333333333,0.029400406350663183,-0.5878991417615768
COHFACE_s20_session1_lamp,0,1115,37.166666666666664,-0.20831222001429234,-0.5001174302589564
COHFACE_s20_session1_lamp,0,1116,37.2,-0.44010344311189264,-0.35471299143730906
COHFACE_s20_session1_lamp,0,1117,37.233333333333334,-0.6572165716552326,-0.17792572942481252
COHFACE_s20_session1_lamp,0,1118,37.266666666666666,-0.8488906589640229,-0.005091986288445038
COHFACE_s20_session1_lamp,0,1119,37.3,-1.0052801902003123,0.11899986807508105
COHFACE_s20_session1_lamp,0,1120,37.333333333333336,-1.118493415366742,0.2066350479078859
COHFACE_s20_session1_lamp,0,1121,37.36666666666667,-1.1799948453165605,0.3258242937035585
COHFACE_s20_session1_lamp,0,1122,37.4,-1.1769173030521292,0.47565980115302064
COHFACE_s20_session1_lamp,0,1123,37.43333333333333,-1.0906188529001497,0.5853933644640702
COHFACE_s20_session1_lamp,0,1124,37.46666666666667,-0.8983015910561274,0.6392089844755973
COHFACE_s20_session1_lamp,0,1125,37.5,-0.5831019103785023,0.6758177208970237
COHFACE_s20_session1_lamp,0,1126,37.53333333333333,-0.16016398478904462,0.7121885280943225
COHFACE_s20_session1_lamp,0,1127,37.56666666666667,0.3071258089723294,0.7427485779179165
COHFACE_s20_session1_lamp,0,1128,37.6,0.7358272563326335,0.7490921714032128
COHFACE_s20_session1_lamp,0,1129,37.63333333333333,1.066174778677074,0.7002729950129892
COHFACE_s20_session1_lamp,0,1130,37.666666666666664,1.2708134118188337,0.6030919068467079
COHFACE_s20_session1_lamp,0,1131,37.7,1.3428955273489214,0.5022614490947037
COHFACE_s20_session1_lamp,0,1132,37.733333333333334,1.29153278232429,0.41199804464876877
COHFACE_s20_session1_lamp,0,1133,37.766666666666666,1.1433727030624394,0.31637175898502323
COHFACE_s20_session1_lamp,0,1134,37.8,0.935929839113633,0.19031802814261156
COHFACE_s20_session1_lamp,0,1135,37.833333333333336,0.7021514107013596,0.0011013704643000055
COHFACE_s20_session1_lamp,0,1136,37.86666666666667,0.4603859464303153,-0.240373419080856
COHFACE_s20_session1_lamp,0,1137,37.9,0.21657064152208455,-0.4784522853958016
COHFACE_s20_session1_lamp,0,1138,37.93333333333333,-0.02777043641250533,-0.6716442856819146
COHFACE_s20_session1_lamp,0,1139,37.96666666666667,-0.2694703198569564,-0.7920421996708086
COHFACE_s20_session1_lamp,0,1140,38.0,-0.5022221704523177,-0.8430513133593429
COHFACE_s20_session1_lamp,0,1141,38.03333333333333,-0.7174856531915185,-0.8583669857571791
COHFACE_s20_session1_lamp,0,1142,38.06666666666667,-0.9056401827903823,-0.843677367979218
COHFACE_s20_session1_lamp,0,1143,38.1,-1.057247075343995,-0.7763414581628252
COHFACE_s20_session1_lamp,0,1144,38.13333333333333,-1.163251442080912,-0.6439896617585545
COHFACE_s20_session1_lamp,0,1145,38.166666666666664,-1.2131588491085425,-0.4453304303903061
COHFACE_s20_session1_lamp,0,1146,38.2,-1.1929007378352765,-0.1978745796646871
COHFACE_s20_session1_lamp,0,1147,38.233333333333334,-1.0834598171902212,0.061162483693232114
COHFACE_s20_session1_lamp,0,1148,38.266666666666666,-0.8619170782440185,0.3199282686025676
COHFACE_s20_session1_lamp,0,1149,38.3,-0.5148894057775311,0.5904234260783551
COHFACE_s20_session1_lamp,0,1150,38.333333333333336,-0.06771176881937137,0.8379205434318755
COHFACE_s20_session1_lamp,0,1151,38.36666666666667,0.40679714825517743,0.980023827178149
COHFACE_s20_session1_lamp,0,1152,38.4,0.8258802685962914,0.9642900240106635
COHFACE_s20_session1_lamp,0,1153,38.43333333333333,1.1360114541895188,0.7687145312402395
COHFACE_s20_session1_lamp,0,1154,38.46666666666667,1.3157240354410433,0.42745606637901534
COHFACE_s20_session1_lamp,0,1155,38.5,1.3626617644477068,0.031244902325690146
COHFACE_s20_session1_lamp,0,1156,38.53333333333333,1.2892971347634838,-0.3486483575104535
COHFACE_s20_session1_lamp,0,1157,38.56666666666667,1.1245234083094318,-0.6596397168405006
COHFACE_s20_session1_lamp,0,1158,38.6,0.9062358914020647,-0.8697433819572895
COHFACE_s20_session1_lamp,0,1159,38.63333333333333,0.665418460286558,-0.9662836571485831
COHFACE_s20_session1_lamp,0,1160,38.666666666666664,0.4180128064779406,-0.9355583168383114
COHFACE_s20_session1_lamp,0,1161,38.7,0.16979009532972736,-0.7625685202072061
COHFACE_s20_session1_lamp,0,1162,38.733333333333334,-0.07596979078433591,-0.4776855644072881
COHFACE_s20_session1_lamp,0,1163,38.766666666666666,-0.3153042234971554,-0.15705071988854505
COHFACE_s20_session1_lamp,0,1164,38.8,-0.5428145147608276,0.12983884033376672
COHFACE_s20_session1_lamp,0,1165,38.833333333333336,-0.7505694335222859,0.31979344962231593
COHFACE_s20_session1_lamp,0,1166,38.86666666666667,-0.9282776904049534,0.39925948352819673
COHFACE_s20_session1_lamp,0,1167,38.9,-1.066058516357238,0.4033060368286693
COHFACE_s20_session1_lamp,0,1168,38.93333333333333,-1.1560071730597306,0.3565614581136909
COHFACE_s20_session1_lamp,0,1169,38.96666666666667,-1.189141586987698,0.2724362398579132
COHFACE_s20_session1_lamp,0,1170,39.0,-1.1511983906227954,0.16884440311607224
COHFACE_s20_session1_lamp,0,1171,39.03333333333333,-1.0221592621947537,0.06826103884504732
COHFACE_s20_session1_lamp,0,1172,39.06666666666667,-0.780810160811263,0.007267882996988308
COHFACE_s20_session1_lamp,0,1173,39.1,-0.4203230615346467,0.03620485565719696
COHFACE_s20_session1_lamp,0,1174,39.13333333333333,0.025686870408295318,0.16011757575116942
COHFACE_s20_session1_lamp,0,1175,39.166666666666664,0.481213370824346,0.33840632172679636
COHFACE_s20_session1_lamp,0,1176,39.2,0.8674827572580656,0.510639753959302
COHFACE_s20_session1_lamp,0,1177,39.233333333333334,1.1380883099748829,0.5970386371679579
COHFACE_s20_session1_lamp,0,1178,39.266666666666666,1.277754797700239,0.5865996062058723
COHFACE_s20_session1_lamp,0,1179,39.3,1.2890850539101955,0.5368320696483028
COHFACE_s20_session1_lamp,0,1180,39.333333333333336,1.1905660356334093,0.4744428813739989
COHFACE_s20_session1_lamp,0,1181,39.36666666666667,1.0165186656519054,0.39497943468922875
COHFACE_s20_session1_lamp,0,1182,39.4,0.8044030393621804,0.29103279201613547
COHFACE_s20_session1_lamp,0,1183,39.43333333333333,0.5787951359088687,0.15308933031740066
COHFACE_s20_session1_lamp,0,1184,39.46666666666667,0.3486638623560196,-0.0008061021769857901
COHFACE_s20_session1_lamp,0,1185,39.5,0.11584155659661603,-0.12450582141998139
COHFACE_s20_session1_lamp,0,1186,39.53333333333333,-0.1172725055850132,-0.20377081951674003
COHFACE_s20_session1_lamp,0,1187,39.56666666666667,-0.34551579535533755,-0.25571938094362023
COHFACE_s20_session1_lamp,0,1188,39.6,-0.5614792310919783,-0.3103187378449953
COHFACE_s20_session1_lamp,0,1189,39.63333333333333,-0.756230684255972,-0.4090829630705648
COHFACE_s20_session1_lamp,0,1190,39.666666666666664,-0.9203912371472664,-0.5524964851038878
COHFACE_s20_session1_lamp,0,1191,39.7,-1.0452567064260618,-0.6992420608268477
COHFACE_s20_session1_lamp,0,1192,39.733333333333334,-1.122165543851018,-0.8238948744937395
COHFACE_s20_session1_lamp,0,1193,39.766666666666666,-1.140134491406387,-0.9165749920212801
COHFACE_s20_session1_lamp,0,1194,39.8,-1.0840814912655987,-0.9573390531779492
COHFACE_s20_session1_lamp,0,1195,39.833333333333336,-0.9341615169576968,-0.9160867780086931
COHFACE_s20_session1_lamp,0,1196,39.86666666666667,-0.6697211968849703,-0.7724625629200954
COHFACE_s20_session1_lamp,0,1197,39.9,-0.28983555307073494,-0.5167570562462354
COHFACE_s20_session1_lamp,0,1198,39.93333333333333,0.1593009469594048,-0.16643210389714025
COHFACE_s20_session1_lamp,0,1199,39.96666666666667,0.5944732889021223,0.2325116497368948
COHFACE_s20_session1_lamp,0,1200,40.0,0.9430449524605494,0.5914672391442373
COHFACE_s20_session1_lamp,0,1201,40.03333333333333,1.169505412137984,0.778865360065185
COHFACE_s20_session1_lamp,0,1202,40.06666666666667,1.265744166996045,0.772181330825155
COHFACE_s20_session1_lamp,0,1203,40.1,1.2396825215043314,0.6571877623138005
COHFACE_s20_session1_lamp,0,1204,40.13333333333333,1.115056207637561,0.4944092484888609
COHFACE_s20_session1_lamp,0,1205,40.166666666666664,0.9276824555858194,0.31815361553380855
COHFACE_s20_session1_lamp,0,1206,40.2,0.711577183555335,0.1620895881021761
COHFACE_s20_session1_lamp,0,1207,40.233333333333334,0.4866142382988879,0.059501130404097435
COHFACE_s20_session1_lamp,0,1208,40.266666666666666,0.2586199852275466,0.04481399637941605
COHFACE_s20_session1_lamp,0,1209,40.3,0.02807556174330432,0.1533148402527248
COHFACE_s20_session1_lamp,0,1210,40.333333333333336,-0.20265202453186212,0.3564614126276
COHFACE_s20_session1_lamp,0,1211,40.36666666666667,-0.4272586954913232,0.5619192174818198
COHFACE_s20_session1_lamp,0,1212,40.4,-0.6368670450616037,0.6901332253556094
COHFACE_s20_session1_lamp,0,1213,40.43333333333333,-0.8221865593890818,0.6751549325433491
COHFACE_s20_session1_lamp,0,1214,40.46666666666667,-0.9746875426476931,0.5328860591646278
COHFACE_s20_session1_lamp,0,1215,40.5,-1.0862388847773272,0.3607481612263635
COHFACE_s20_session1_lamp,0,1216,40.53333333333333,-1.1468292457539577,0.20396627829788835
COHFACE_s20_session1_lamp,0,1217,40.56666666666667,-1.1423239606490343,0.0555283786211771
COHFACE_s20_session1_lamp,0,1218,40.6,-1.0542662356004722,-0.09558484119966126
COHFACE_s20_session1_lamp,0,1219,40.63333333333333,-0.8607284433537727,-0.2629878631090347
COHFACE_s20_session1_lamp,0,1220,40.666666666666664,-0.5453135591081745,-0.4380042330306047
COHFACE_s20_session1_lamp,0,1221,40.7,-0.12400254931119284,-0.5886913349740004
COHFACE_s20_session1_lamp,0,1222,40.733333333333334,0.3384045648497578,-0.7115623574259861
COHFACE_s20_session1_lamp,0,1223,40.766666666666666,0.7581679760664757,-0.83059414260317
COHFACE_s20_session1_lamp,0,1224,40.8,1.0756814029698671,-0.9519898197076979
COHFACE_s20_session1_lamp,0,1225,40.833333333333336,1.2647231072252376,-1.063152731629325
COHFACE_s20_session1_lamp,0,1226,40.86666666666667,1.3202893966207059,-1.1223150456218214
COHFACE_s20_session1_lamp,0,1227,40.9,1.2532154337633024,-1.058970602917496
COHFACE_s20_session1_lamp,0,1228,40.93333333333333,1.0926311475629575,-0.8519935958869304
COHFACE_s20_session1_lamp,0,1229,40.96666666666667,0.8798913330700371,-0.5307455461016384
COHFACE_s20_session1_lamp,0,1230,41.0,0.6498674662592674,-0.13168385255662826
COHFACE_s20_session1_lamp,0,1231,41.03333333333333,0.4179768431910618,0.30033022431413015
COHFACE_s20_session1_lamp,0,1232,41.06666666666667,0.18527538287676465,0.7227232971017925
COHFACE_s20_session1_lamp,0,1233,41.1,-0.04918831582764188,1.09328184522755
COHFACE_s20_session1_lamp,0,1234,41.13333333333333,-0.2827917213144527,1.3570467834436943
COHFACE_s20_session1_lamp,0,1235,41.166666666666664,-0.5099412371486337,1.4451899973272917
COHFACE_s20_session1_lamp,0,1236,41.2,-0.7222981363581772,1.3392997069672368
COHFACE_s20_session1_lamp,0,1237,41.233333333333334,-0.9088158607150568,1.0712430619505255
COHFACE_s20_session1_lamp,0,1238,41.266666666666666,-1.0583129799231688,0.6922812616108022
COHFACE_s20_session1_lamp,0,1239,41.3,-1.161429255294817,0.27349668594778503
COHFACE_s20_session1_lamp,0,1240,41.333333333333336,-1.2075584453356238,-0.12135773935560089
COHFACE_s20_session1_lamp,0,1241,41.36666666666667,-1.1805882363429274,-0.4346920756394353
COHFACE_s20_session1_lamp,0,1242,41.4,-1.0589184063004102,-0.6314218368806327
COHFACE_s20_session1_lamp,0,1243,41.43333333333333,-0.819566438461769,-0.6977155143450703
COHFACE_s20_session1_lamp,0,1244,41.46666666666667,-0.4536092270005433,-0.6266580495214208
COHFACE_s20_session1_lamp,0,1245,41.5,0.006303558657260639,-0.4179461441803106
COHFACE_s20_session1_lamp,0,1246,41.53333333333333,0.48319472730381785,-0.129302803603766
COHFACE_s20_session1_lamp,0,1247,41.56666666666667,0.895261402228273,0.12372517412483088
COHFACE_s20_session1_lamp,0,1248,41.6,1.1910408888922026,0.27133877398379863
COHFACE_s20_session1_lamp,0,1249,41.63333333333333,1.350341709960575,0.28972233513488366
COHFACE_s20_session1_lamp,0,1250,41.666666666666664,1.373125074584595,0.20158013983650006
COHFACE_s20_session1_lamp,0,1251,41.7,1.2763023715588286,0.07538879959879133
COHFACE_s20_session1_lamp,0,1252,41.733333333333334,1.0930279349404728,-0.03871892353457232
COHFACE_s20_session1_lamp,0,1253,41.766666666666666,0.8624166673957174,-0.10945725698070652
COHFACE_s20_session1_lamp,0,1254,41.8,0.6141612964732046,-0.11829800153961963
COHFACE_s20_session1_lamp,0,1255,41.833333333333336,0.3624689692773292,-0.059463381195341364
COHFACE_s20_session1_lamp,0,1256,41.86666666666667,0.11102994485278647,0.047701753247414505
COHFACE_s20_session1_lamp,0,1257,41.9,-0.13903633602076879,0.15889487694990947
COHFACE_s20_session1_lamp,0,1258,41.93333333333333,-0.3837443543654872,0.21096644554276325
COHFACE_s20_session1_lamp,0,1259,41.96666666666667,-0.6154517371013315,0.12296427122937353
COHFACE_s20_session1_lamp,0,1260,42.0,-0.8248869608336755,-0.1070734817388545
COHFACE_s20_session1_lamp,0,1261,42.03333333333333,-1.0025217565301117,-0.4014192892555643
COHFACE_s20_session1_lamp,0,1262,42.06666666666667,-1.1388849409040556,-0.6857216918311755
COHFACE_s20_session1_lamp,0,1263,42.1,-1.2240139721039722,-0.8890380871198612
COHFACE_s20_session1_lamp,0,1264,42.13333333333333,-1.2455500709807665,-0.9647692779741052
COHFACE_s20_session1_lamp,0,1265,42.166666666666664,-1.1869987075433313,-0.8905571922810309
COHFACE_s20_session1_lamp,0,1266,42.2,-1.0274219024331606,-0.6597392033518168
COHFACE_s20_session1_lamp,0,1267,42.233333333333334,-0.7452797789973976,-0.2820940871701092
COHFACE_s20_session1_lamp,0,1268,42.266666666666666,-0.338586786319492,0.1845310661215853
COHFACE_s20_session1_lamp,0,1269,42.3,0.14681590831088545,0.6331532144939742
COHFACE_s20_session1_lamp,0,1270,42.333333333333336,0.625727445771955,0.9792324257465495
COHFACE_s20_session1_lamp,0,1271,42.36666666666667,1.0200440397557302,1.1598643878866666
COHFACE_s20_session1_lamp,0,1272,42.4,1.2869853098299204,1.162898172212643
COHFACE_s20_session1_lamp,0,1273,42.43333333333333,1.4125634349393372,1.0259686949799658
COHFACE_s20_session1_lamp,0,1274,42.46666666666667,1.4001412416277175,0.7887851129349865
COHFACE_s20_session1_lamp,0,1275,42.5,1.2701462566503783,0.4929530917275357
COHFACE_s20_session1_lamp,0,1276,42.53333333333333,1.0601655567154074,0.17781445184065992
COHFACE_s20_session1_lamp,0,1277,42.56666666666667,0.81201334926927,-0.11857300150061693
COHFACE_s20_session1_lamp,0,1278,42.6,0.5542517435803728,-0.3644240609374799
COHFACE_s20_session1_lamp,0,1279,42.63333333333333,0.29764757260694025,-0.5330193630379978
COHFACE_s20_session1_lamp,0,1280,42.666666666666664,0.043573029031067745,-0.6092998698835518
COHFACE_s20_session1_lamp,0,1281,42.7,-0.206973891795178,-0.589093636489488
COHFACE_s20_session1_lamp,0,1282,42.733333333333334,-0.44990122779860375,-0.49641236832506075
COHFACE_s20_session1_lamp,0,1283,42.766666666666666,-0.6777705712150965,-0.38291013782062144
COHFACE_s20_session1_lamp,0,1284,42.8,-0.8802543424942324,-0.2913717076065165
COHFACE_s20_session1_lamp,0,1285,42.833333333333336,-1.045782722932098,-0.2553072389628465
COHFACE_s20_session1_lamp,0,1286,42.86666666666667,-1.1636621654115238,-0.2647855793319578
COHFACE_s20_session1_lamp,0,1287,42.9,-1.2237320441271935,-0.26700254668203144
COHFACE_s20_session1_lamp,0,1288,42.93333333333333,-1.2137987309596296,-0.23096221408158232
COHFACE_s20_session1_lamp,0,1289,42.96666666666667,-1.1177247033069975,-0.14838675683978825
COHFACE_s20_session1_lamp,0,1290,43.0,-0.9154107168818143,-0.036219713251729305
COHFACE_s20_session1_lamp,0,1291,43.03333333333333,-0.5907310067462246,0.06323109606274957
COHFACE_s20_session1_lamp,0,1292,43.06666666666667,-0.15694356382698565,0.1312770145425565
COHFACE_s20_session1_lamp,0,1293,43.1,0.32309834707967877,0.17263183198377038
COHFACE_s20_session1_lamp,0,1294,43.13333333333333,0.7615807345007022,0.1906215629633467
COHFACE_s20_session1_lamp,0,1295,43.166666666666664,1.092127779086668,0.18675037037978492
COHFACE_s20_session1_lamp,0,1296,43.2,1.2855678107998798,0.15978232962071975
COHFACE_s20_session1_lamp,0,1297,43.233333333333334,1.339118650521917,0.10576702512181577
COHFACE_s20_session1_lamp,0,1298,43.266666666666666,1.268713267781756,0.037872076688023
COHFACE_s20_session1_lamp,0,1299,43.3,1.1071471660227563,-0.013639487755770632
COHFACE_s20_session1_lamp,0,1300,43.333333333333336,0.8944829019398719,-0.025502362873762452
COHFACE_s20_session1_lamp,0,1301,43.36666666666667,0.6616037408816464,0.01822968338638744
COHFACE_s20_session1_lamp,0,1302,43.4,0.42276846139815133,0.09213419538726016
COHFACE_s20_session1_lamp,0,1303,43.43333333333333,0.18201970626642755,0.1298310693040971
COHFACE_s20_session1_lamp,0,1304,43.46666666666667,-0.058119720053289546,0.12740573786091786
COHFACE_s20_session1_lamp,0,1305,43.5,-0.29381301175150754,0.14325773340842443
COHFACE_s20_session1_lamp,0,1306,43.53333333333333,-0.5193090905934231,0.20020366544902507
COHFACE_s20_session1_lamp,0,1307,43.56666666666667,-0.7260640662073495,0.2847272648577353
COHFACE_s20_session1_lamp,0,1308,43.6,-0.9040961274405519,0.3629463760865077
COHFACE_s20_session1_lamp,0,1309,43.63333333333333,-1.044240501220859,0.38101972949020085
COHFACE_s20_session1_lamp,0,1310,43.666666666666664,-1.1377526432461877,0.32726939783635123
COHFACE_s20_session1_lamp,0,1311,43.7,-1.1742431516074705,0.23243866777503772
COHFACE_s20_session1_lamp,0,1312,43.733333333333334,-1.1401718020121323,0.12155745688966832
COHFACE_s20_session1_lamp,0,1313,43.766666666666666,-1.017630567066977,0.013964263779975925
COHFACE_s20_session1_lamp,0,1314,43.8,-0.7852498779196669,-0.08511515840991901
COHFACE_s20_session1_lamp,0,1315,43.833333333333336,-0.4318971121112226,-0.18387440963101875
COHFACE_s20_session1_lamp,0,1316,43.86666666666667,0.014082630026887425,-0.2653996601294471
COHFACE_s20_session1_lamp,0,1317,43.9,0.4776973229828853,-0.2873704823298249
COHFACE_s20_session1_lamp,0,1318,43.93333333333333,0.8763600837650805,-0.22492256782637574
COHFACE_s20_session1_lamp,0,1319,43.96666666666667,1.1584453722970944,-0.0711257608645947
COHFACE_s20_session1_lamp,0,1320,44.0,1.3051951074065054,0.11489370606784627
COHFACE_s20_session1_lamp,0,1321,44.03333333333333,1.3181075700064158,0.20863387698908561
COHFACE_s20_session1_lamp,0,1322,44.06666666666667,1.2153793301265965,0.17963548468776736
COHFACE_s20_session1_lamp,0,1323,44.1,1.03203319224098,0.09176236329978354
COHFACE_s20_session1_lamp,0,1324,44.13333333333333,0.8086864036379782,-0.005081498078011373
COHFACE_s20_session1_lamp,0,1325,44.166666666666664,0.5738441260588597,-0.07569304919834174
COHFACE_s20_session1_lamp,0,1326,44.2,0.33762195098614595,-0.1135060576652045
COHFACE_s20_session1_lamp,0,1327,44.233333333333334,0.09965806127562657,-0.1402178912748764
COHFACE_s20_session1_lamp,0,1328,44.266666666666666,-0.14040606484075127,-0.17115623827294882
COHFACE_s20_session1_lamp,0,1329,44.3,-0.3782625253123866,-0.21460291254550162
COHFACE_s20_session1_lamp,0,1330,44.333333333333336,-0.6052781659112731,-0.25084527522135475
COHFACE_s20_session1_lamp,0,1331,44.36666666666667,-0.810680972668827,-0.23240522898202165
COHFACE_s20_session1_lamp,0,1332,44.4,-0.9838939540343876,-0.17001574118845728
COHFACE_s20_session1_lamp,0,1333,44.43333333333333,-1.1151986139184198,-0.13243365355918368
COHFACE_s20_session1_lamp,0,1334,44.46666666666667,-1.194093571746081,-0.14503397974475565
COHFACE_s20_session1_lamp,0,1335,44.5,-1.2064727504999762,-0.18935640975578694
COHFACE_s20_session1_lamp,0,1336,44.53333333333333,-1.1327867878261473,-0.23568736553367994
COHFACE_s20_session1_lamp,0,1337,44.56666666666667,-0.9491920615333481,-0.24362478270345392
COHFACE_s20_session1_lamp,0,1338,44.6,-0.6368408737222607,-0.20662621258070696
COHFACE_s20_session1_lamp,0,1339,44.63333333333333,-0.20727730385934987,-0.15218361384219686
COHFACE_s20_session1_lamp,0,1340,44.666666666666664,0.2783355154865377,-0.09757250028781339
COHFACE_s20_session1_lamp,0,1341,44.7,0.7330226136963389,-0.049801999994053624
COHFACE_s20_session1_lamp,0,1342,44.733333333333334,1.0883493491138096,-0.00898417832011661
COHFACE_s20_session1_lamp,0,1343,44.766666666666666,1.3108969736386775,0.03125796793615716
COHFACE_s20_session1_lamp,0,1344,44.8,1.3924548769879606,0.0645668440259993
COHFACE_s20_session1_lamp,0,1345,44.833333333333336,1.342011893106857,0.07166855844400281
COHFACE_s20_session1_lamp,0,1346,44.86666666666667,1.1868110977671964,0.0572068430118198
COHFACE_s20_session1_lamp,0,1347,44.9,0.9677949716364181,0.04947838866851743
COHFACE_s20_session1_lamp,0,1348,44.93333333333333,0.7222825179923873,0.06482627124360604
COHFACE_s20_session1_lamp,0,1349,44.96666666666667,0.46959551653837306,0.10714509608873106
COHFACE_s20_session1_lamp,0,1350,45.0,0.21384797130501287,0.1477468371076745
COHFACE_s20_session1_lamp,0,1351,45.03333333333333,-0.044282352229020695,0.12580896811250328
COHFACE_s20_session1_lamp,0,1352,45.06666666666667,-0.301051329850271,0.0443599149221948
COHFACE_s20_session1_lamp,0,1353,45.1,-0.5493175874695393,-0.02971840693784219
COHFACE_s20_session1_lamp,0,1354,45.13333333333333,-0.7791615405384471,-0.046411646559816645
COHFACE_s20_session1_lamp,0,1355,45.166666666666664,-0.9789180106676261,0.02646027747507767
COHFACE_s20_session1_lamp,0,1356,45.2,-1.1371355297673649,0.16154335331085812
COHFACE_s20_session1_lamp,0,1357,45.233333333333334,-1.2433025383683112,0.2721720439458704
COHFACE_s20_session1_lamp,0,1358,45.266666666666666,-1.2857793932539685,0.322608729180269
COHFACE_s20_session1_lamp,0,1359,45.3,-1.2489288379708015,0.3282526022233724
COHFACE_s20_session1_lamp,0,1360,45.333333333333336,-1.1119456302861839,0.3011490522744213
COHFACE_s20_session1_lamp,0,1361,45.36666666666667,-0.8518537634385153,0.24959068178438085
COHFACE_s20_session1_lamp,0,1362,45.4,-0.46115473395675854,0.18070038582743278
COHFACE_s20_session1_lamp,0,1363,45.43333333333333,0.02317454958228475,0.10060056779517444
COHFACE_s20_session1_lamp,0,1364,45.46666666666667,0.5203914104995705,0.029383693802004063
COHFACE_s20_session1_lamp,0,1365,45.5,0.9478289426516966,0.0011280217271171789
COHFACE_s20_session1_lamp,0,1366,45.53333333333333,1.2536395019867028,0.03194805052773471
COHFACE_s20_session1_lamp,0,1367,45.56666666666667,1.4160285552928698,0.11976709652584472
COHFACE_s20_session1_lamp,0,1368,45.6,1.4336197950173815,0.22927545157161286
COHFACE_s20_session1_lamp,0,1369,45.63333333333333,1.3247013352605226,0.29236353127642734
COHFACE_s20_session1_lamp,0,1370,45.666666666666664,1.1266041812332799,0.28036540956101336
COHFACE_s20_session1_lamp,0,1371,45.7,0.882592346821149,0.20448482184754974
COHFACE_s20_session1_lamp,0,1372,45.733333333333334,0.62386642309963,0.09173812101408989
COHFACE_s20_session1_lamp,0,1373,45.766666666666666,0.3635700351684835,-0.015225584785751402
COHFACE_s20_session1_lamp,0,1374,45.8,0.10425260237622183,-0.10320058887501352
COHFACE_s20_session1_lamp,0,1375,45.833333333333336,-0.15303436325667757,-0.18798650878012338
COHFACE_s20_session1_lamp,0,1376,45.86666666666667,-0.4050017855713294,-0.2788913367853797
COHFACE_s20_session1_lamp,0,1377,45.9,-0.6448752345805304,-0.3778117408559578
COHFACE_s20_session1_lamp,0,1378,45.93333333333333,-0.8615820021916866,-0.4768545272077043
COHFACE_s20_session1_lamp,0,1379,45.96666666666667,-1.0423255939330456,-0.5578243248164962
COHFACE_s20_session1_lamp,0,1380,46.0,-1.1765299881569635,-0.6069034044654288
COHFACE_s20_session1_lamp,0,1381,46.03333333333333,-1.25513176045924,-0.6144555825138271
COHFACE_s20_session1_lamp,0,1382,46.06666666666667,-1.266408918894034,-0.5594139798651903
COHFACE_s20_session1_lamp,0,1383,46.1,-1.1935303198334917,-0.40983839639551845
COHFACE_s20_session1_lamp,0,1384,46.13333333333333,-1.0145689900104562,-0.19342481005109818
COHFACE_s20_session1_lamp,0,1385,46.166666666666664,-0.708312616712295,0.002198207135154836
COHFACE_s20_session1_lamp,0,1386,46.2,-0.2777393731464578,0.12116887226439235
COHFACE_s20_session1_lamp,0,1387,46.233333333333334,0.2235669862384903,0.13956187867091013
COHFACE_s20_session1_lamp,0,1388,46.266666666666666,0.7063710503957379,0.07961057343227432
COHFACE_s20_session1_lamp,0,1389,46.3,1.093553896662031,0.008885483262428384
COHFACE_s20_session1_lamp,0,1390,46.333333333333336,1.3448083451660162,-0.02550089789966533
COHFACE_s20_session1_lamp,0,1391,46.36666666666667,1.4485940043672954,0.0021999440719676702
COHFACE_s20_session1_lamp,0,1392,46.4,1.412157932856623,0.0712286025400005
COHFACE_s20_session1_lamp,0,1393,46.43333333333333,1.261258647926411,0.1146606778962347
COHFACE_s20_session1_lamp,0,1394,46.46666666666667,1.0361872872218414,0.1255900554075079
COHFACE_s20_session1_lamp,0,1395,46.5,0.7765607677023447,0.15696370622606434
COHFACE_s20_session1_lamp,0,1396,46.53333333333333,0.5075227481213682,0.219166945727032
COHFACE_s20_session1_lamp,0,1397,46.56666666666667,0.2392587801104313,0.2794544135409467
COHFACE_s20_session1_lamp,0,1398,46.6,-0.02503053230988367,0.30325305459923735
COHFACE_s20_session1_lamp,0,1399,46.63333333333333,-0.282574892048253,0.2546924845631122
COHFACE_s20_session1_lamp,0,1400,46.666666666666664,-0.5281389061444947,0.1463497880480854
COHFACE_s20_session1_lamp,0,1401,46.7,-0.7533594541610099,0.03921551781939371
COHFACE_s20_session1_lamp,0,1402,46.733333333333334,-0.9480436997589387,-0.026138558080681537
COHFACE_s20_session1_lamp,0,1403,46.766666666666666,-1.1019476664325172,-0.02996447112274135
COHFACE_s20_session1_lamp,0,1404,46.8,-1.205293842357245,0.016792963744060235
COHFACE_s20_session1_lamp,0,1405,46.833333333333336,-1.248003711815348,0.07285176526540467
COHFACE_s20_session1_lamp,0,1406,46.86666666666667,-1.2182721049515008,0.12169907094614248
COHFACE_s20_session1_lamp,0,1407,46.9,-1.1008368962801394,0.1716951503291881
COHFACE_s20_session1_lamp,0,1408,46.93333333333333,-0.8762380743404813,0.23042647999158852
COHFACE_s20_session1_lamp,0,1409,46.96666666666667,-0.5300932946102969,0.30417569140070666
COHFACE_s20_session1_lamp,0,1410,47.0,-0.08123199285171875,0.3697188100653109
COHFACE_s20_session1_lamp,0,1411,47.03333333333333,0.40131631606558954,0.3745282426518712
COHFACE_s20_session1_lamp,0,1412,47.06666666666667,0.8295693951930735,0.3151866536111713
COHFACE_s20_session1_lamp,0,1413,47.1,1.1423681844291194,0.23752682561272856
COHFACE_s20_session1_lamp,0,1414,47.13333333333333,1.316130064787039,0.1644307616707143
COHFACE_s20_session1_lamp,0,1415,47.166666666666664,1.3517651608435726,0.0958128720273472
COHFACE_s20_session1_lamp,0,1416,47.2,1.2677172280802862,0.031530889283502506
COHFACE_s20_session1_lamp,0,1417,47.233333333333334,1.098719560449998,-0.028027095258841395
COHFACE_s20_session1_lamp,0,1418,47.266666666666666,0.8849707253998995,-0.08454446811195479
COHFACE_s20_session1_lamp,0,1419,47.3,0.654573170895633,-0.14120988841595125
COHFACE_s20_session1_lamp,0,1420,47.333333333333336,0.41711288319893225,-0.19254349406138127
COHFACE_s20_session1_lamp,0,1421,47.36666666666667,0.1729985414999709,-0.22406421712763902
COHFACE_s20_session1_lamp,0,1422,47.4,-0.07569824416524226,-0.23643741835059917
COHFACE_s20_session1_lamp,0,1423,47.43333333333333,-0.32271388248291216,-0.24515770125404787
COHFACE_s20_session1_lamp,0,1424,47.46666666666667,-0.5590565611420348,-0.26355019229796417
COHFACE_s20_session1_lamp,0,1425,47.5,-0.7739817719040415,-0.30226960770496614
COHFACE_s20_session1_lamp,0,1426,47.53333333333333,-0.9563745742150682,-0.355523809618594
COHFACE_s20_session1_lamp,0,1427,47.56666666666667,-1.0965235768987232,-0.4009302854965661
COHFACE_s20_session1_lamp,0,1428,47.6,-1.1854780701976313,-0.42751626065763976
COHFACE_s20_session1_lamp,0,1429,47.63333333333333,-1.2115913754440508,-0.43570060648805226
COHFACE_s20_session1_lamp,0,1430,47.666666666666664,-1.1582820085993049,-0.42335188008923536
COHFACE_s20_session1_lamp,0,1431,47.7,-1.0045953971568349,-0.38580691635199876
COHFACE_s20_session1_lamp,0,1432,47.733333333333334,-0.7294633838085384,-0.32734049181317576
COHFACE_s20_session1_lamp,0,1433,47.766666666666666,-0.3306574539354357,-0.2613502993402942
COHFACE_s20_session1_lamp,0,1434,47.8,0.147613882092296,-0.19831178259343588
COHFACE_s20_session1_lamp,0,1435,47.833333333333336,0.6208094570931721,-0.14600822505368696
COHFACE_s20_session1_lamp,0,1436,47.86666666666667,1.0089686538209601,-0.09970383867246499
COHFACE_s20_session1_lamp,0,1437,47.9,1.2673967658354643,-0.04272882809208514
COHFACE_s20_session1_lamp,0,1438,47.93333333333333,1.3823303132636093,0.048560570225390176
COHFACE_s20_session1_lamp,0,1439,47.96666666666667,1.3594986073572912,0.2036103984166484
COHFACE_s20_session1_lamp,0,1440,48.0,1.2232284419927588,0.39531129164607265
COHFACE_s20_session1_lamp,0,1441,48.03333333333333,1.0140226532175418,0.5395844955652476
COHFACE_s20_session1_lamp,0,1442,48.06666666666667,0.7721948325747101,0.5959483271644974
COHFACE_s20_session1_lamp,0,1443,48.1,0.5209070221552242,0.5675711410532964
COHFACE_s20_session1_lamp,0,1444,48.13333333333333,0.2664488980734521,0.4634854256506682
COHFACE_s20_session1_lamp,0,1445,48.166666666666664,0.00973019643513294,0.2984607012698107
COHFACE_s20_session1_lamp,0,1446,48.2,-0.2461901799670883,0.1088825883560622
COHFACE_s20_session1_lamp,0,1447,48.233333333333334,-0.4946917134996083,-0.04717082614030199
COHFACE_s20_session1_lamp,0,1448,48.266666666666666,-0.7261652492213861,-0.1326432851814807
COHFACE_s20_session1_lamp,0,1449,48.3,-0.9297026845578382,-0.13149370010467942
COHFACE_s20_session1_lamp,0,1450,48.333333333333336,-1.094700515579706,-0.07087465783339826
COHFACE_s20_session1_lamp,0,1451,48.36666666666667,-1.210819321207552,-0.02038826350940605
COHFACE_s20_session1_lamp,0,1452,48.4,-1.2662273562621689,-0.02023552994744771
COHFACE_s20_session1_lamp,0,1453,48.43333333333333,-1.245227693412819,-0.08043608034299912
COHFACE_s20_session1_lamp,0,1454,48.46666666666667,-1.127560270313211,-0.1449947302314636
COHFACE_s20_session1_lamp,0,1455,48.5,-0.8904279046103262,-0.09308584317575212
COHFACE_s20_session1_lamp,0,1456,48.53333333333333,-0.5208439550816247,0.10006935508964146
COHFACE_s20_session1_lamp,0,1457,48.56666666666667,-0.044323917265831625,0.36212794678646054
COHFACE_s20_session1_lamp,0,1458,48.6,0.46342561547399014,0.608403115140879
COHFACE_s20_session1_lamp,0,1459,48.63333333333333,0.9120358638882089,0.7424502464785816
COHFACE_s20_session1_lamp,0,1460,48.666666666666664,1.2394072639909817,0.7269338722983243
COHFACE_s20_session1_lamp,0,1461,48.7,1.4192474701562727,0.5837784851448903
COHFACE_s20_session1_lamp,0,1462,48.733333333333334,1.4487752755337808,0.3528432329293543
COHFACE_s20_session1_lamp,0,1463,48.766666666666666,1.344449028387444,0.09184333716068901
COHFACE_s20_session1_lamp,0,1464,48.8,1.143191916981523,-0.15232841299570532
COHFACE_s20_session1_lamp,0,1465,48.833333333333336,0.8911724161534721,-0.34303528720709386
COHFACE_s20_session1_lamp,0,1466,48.86666666666667,0.62331529304841,-0.4690136313960741
COHFACE_s20_session1_lamp,0,1467,48.9,0.3545162610695759,-0.5432868386203494
COHFACE_s20_session1_lamp,0,1468,48.93333333333333,0.08736561604077744,-0.5803965452701383
COHFACE_s20_session1_lamp,0,1469,48.96666666666667,-0.1772594764158478,-0.5954171260672226
COHFACE_s20_session1_lamp,0,1470,49.0,-0.4352845251765241,-0.6122186225258993
COHFACE_s20_session1_lamp,0,1471,49.03333333333333,-0.6788050768599162,-0.6626521269744781
COHFACE_s20_session1_lamp,0,1472,49.06666666666667,-0.8971378661487144,-0.7178636594751386
COHFACE_s20_session1_lamp,0,1473,49.1,-1.0789647621743748,-0.6887625903393465
COHFACE_s20_session1_lamp,0,1474,49.13333333333333,-1.213823181674541,-0.5491553390040649
COHFACE_s20_session1_lamp,0,1475,49.166666666666664,-1.2907618815232667,-0.33672455338203205
COHFACE_s20_session1_lamp,0,1476,49.2,-1.2955079664497215,-0.10259724605782654
COHFACE_s20_session1_lamp,0,1477,49.233333333333334,-1.2084302321917224,0.08857570872763025
COHFACE_s20_session1_lamp,0,1478,49.266666666666666,-1.0052646434121457,0.2427972530693796
COHFACE_s20_session1_lamp,0,1479,49.3,-0.6665021046960468,0.4351425102249935
COHFACE_s20_session1_lamp,0,1480,49.333333333333336,-0.20376430324127778,0.6458380882991042
COHFACE_s20_session1_lamp,0,1481,49.36666666666667,0.31890464785573797,0.7594122729469266
COHFACE_s20_session1_lamp,0,1482,49.4,0.8085743633279067,0.7219910069589025
COHFACE_s20_session1_lamp,0,1483,49.43333333333333,1.1905544398836418,0.5419982036970185
COHFACE_s20_session1_lamp,0,1484,49.46666666666667,1.426907254734505,0.27630762016622934
COHFACE_s20_session1_lamp,0,1485,49.5,1.5071039502140975,0.029863562773070396
COHFACE_s20_session1_lamp,0,1486,49.53333333333333,1.4406229119377936,-0.12689193003742927
COHFACE_s20_session1_lamp,0,1487,49.56666666666667,1.2579079220542495,-0.1583036555931896
COHFACE_s20_session1_lamp,0,1488,49.6,1.0042050130115463,-0.08915018384172894
COHFACE_s20_session1_lamp,0,1489,49.63333333333333,0.7213038497916721,-0.00371613169450348
COHFACE_s20_session1_lamp,0,1490,49.666666666666664,0.4336281714855709,0.04898391793575785
COHFACE_s20_session1_lamp,0,1491,49.7,0.15000207548921718,0.056003248677648346
COHFACE_s20_session1_lamp,0,1492,49.733333333333334,-0.12622826059564657,0.017272599026514426
COHFACE_s20_session1_lamp,0,1493,49.766666666666666,-0.39043992607366884,-0.05444227899866445
COHFACE_s20_session1_lamp,0,1494,49.8,-0.6360772093520768,-0.1528918289079513
COHFACE_s20_session1_lamp,0,1495,49.833333333333336,-0.8552374962433238,-0.27799613010438595
COHFACE_s20_session1_lamp,0,1496,49.86666666666667,-1.03856339711518,-0.3819134704790576
COHFACE_s20_session1_lamp,0,1497,49.9,-1.1761987195730748,-0.3695028222586823
COHFACE_s20_session1_lamp,0,1498,49.93333333333333,-1.2583415047180766,-0.22215149554702351
COHFACE_s20_session1_lamp,0,1499,49.96666666666667,-1.2728658917475022,0.0016261636686655395
COHFACE_s20_session1_lamp,0,1500,50.0,-1.202650597294925,0.23736968481426116
COHFACE_s20_session1_lamp,0,1501,50.03333333333333,-1.0259125490400156,0.41496050310329263
COHFACE_s20_session1_lamp,0,1502,50.06666666666667,-0.7220152500931853,0.5247466199850456
COHFACE_s20_session1_lamp,0,1503,50.1,-0.29316660727167426,0.6165917308668055
COHFACE_s20_session1_lamp,0,1504,50.13333333333333,0.20892848708671588,0.695982841174202
COHFACE_s20_session1_lamp,0,1505,50.166666666666664,0.6948147897726915,0.723267000534734
COHFACE_s20_session1_lamp,0,1506,50.2,1.0839375618364824,0.6693358991996606
COHFACE_s20_session1_lamp,0,1507,50.233333333333334,1.3319360922896115,0.5163296490556997
COHFACE_s20_session1_lamp,0,1508,50.266666666666666,1.4258196756016233,0.2827581579712968
COHFACE_s20_session1_lamp,0,1509,50.3,1.3759727142629081,0.024128766366605593
COHFACE_s20_session1_lamp,0,1510,50.333333333333336,1.2150612428973728,-0.21663023241421717
COHFACE_s20_session1_lamp,0,1511,50.36666666666667,0.989035819009695,-0.4084910647038348
COHFACE_s20_session1_lamp,0,1512,50.4,0.7366488287200558,-0.5620488153373062
COHFACE_s20_session1_lamp,0,1513,50.43333333333333,0.4762370863174931,-0.7277894381014225
COHFACE_s20_session1_lamp,0,1514,50.46666666666667,0.21146988940017414,-0.9051776144169337
COHFACE_s20_session1_lamp,0,1515,50.5,-0.055685188444311924,-1.041449784439993
COHFACE_s20_session1_lamp,0,1516,50.53333333333333,-0.3195384281159742,-1.0852144570399647
COHFACE_s20_session1_lamp,0,1517,50.56666666666667,-0.5713791381668493,-0.9869435682253223
COHFACE_s20_session1_lamp,0,1518,50.6,-0.799939944758612,-0.7555358716818789
COHFACE_s20_session1_lamp,0,1519,50.63333333333333,-0.99241192826932,-0.45877536829296733
COHFACE_s20_session1_lamp,0,1520,50.666666666666664,-1.1368973802597389,-0.1585666023306085
COHFACE_s20_session1_lamp,0,1521,50.7,-1.223264795556466,0.08869091400798038
COHFACE_s20_session1_lamp,0,1522,50.733333333333334,-1.2410732808919644,0.2553415276389594
COHFACE_s20_session1_lamp,0,1523,50.766666666666666,-1.1767502588696757,0.3414520113504603
COHFACE_s20_session1_lamp,0,1524,50.8,-1.0120476353326242,0.3801825022045586
COHFACE_s20_session1_lamp,0,1525,50.833333333333336,-0.727782957587761,0.4361603303501245
COHFACE_s20_session1_lamp,0,1526,50.86666666666667,-0.323119683765588,0.5390484418043527
COHFACE_s20_session1_lamp,0,1527,50.9,0.15740265280119028,0.6822364337938238
COHFACE_s20_session1_lamp,0,1528,50.93333333333333,0.6294812168883185,0.8274664400187611
COHFACE_s20_session1_lamp,0,1529,50.96666666666667,1.0132681866453277,0.9048628296585481
COHFACE_s20_session1_lamp,0,1530,51.0,1.2645574314429147,0.8610334288602081
COHFACE_s20_session1_lamp,0,1531,51.03333333333333,1.370580302732818,0.6600167830705383
COHFACE_s20_session1_lamp,0,1532,51.06666666666667,1.3386465599709532,0.347925307105585
COHFACE_s20_session1_lamp,0,1533,51.1,1.194875155759613,0.053031077605156615
COHFACE_s20_session1_lamp,0,1534,51.13333333333333,0.9804039147394975,-0.1394732570868329
COHFACE_s20_session1_lamp,0,1535,51.166666666666664,0.7350986083401242,-0.1878344103680042
COHFACE_s20_session1_lamp,0,1536,51.2,0.4820152447164109,-0.16174762022689054
COHFACE_s20_session1_lamp,0,1537,51.233333333333334,0.22764106292859304,-0.24001849083733492
COHFACE_s20_session1_lamp,0,1538,51.266666666666666,-0.02746775828563139,-0.46979298963781124
COHFACE_s20_session1_lamp,0,1539,51.3,-0.28081496485104607,-0.7646578894607082
COHFACE_s20_session1_lamp,0,1540,51.333333333333336,-0.5259190907380216,-1.0344646146632803
COHFACE_s20_session1_lamp,0,1541,51.36666666666667,-0.7525573335284913,-1.1858410008836255
COHFACE_s20_session1_lamp,0,1542,51.4,-0.9483599936664351,-1.1727729573184182
COHFACE_s20_session1_lamp,0,1543,51.43333333333333,-1.101583860091942,-0.9968827153660302
COHFACE_s20_session1_lamp,0,1544,51.46666666666667,-1.2016480259581737,-0.6838566053355939
COHFACE_s20_session1_lamp,0,1545,51.5,-1.2362111036997006,-0.28401032549744754
COHFACE_s20_session1_lamp,0,1546,51.53333333333333,-1.1888226219385856,0.15643119991971272
COHFACE_s20_session1_lamp,0,1547,51.56666666666667,-1.038808525398019,0.5937535348208977
COHFACE_s20_session1_lamp,0,1548,51.6,-0.7647517829716759,0.9697292011013514
COHFACE_s20_session1_lamp,0,1549,51.63333333333333,-0.36300561531248593,1.21012048936714
COHFACE_s20_session1_lamp,0,1550,51.666666666666664,0.12381513472854073,1.2849210419487902
COHFACE_s20_session1_lamp,0,1551,51.7,0.6105061736567633,1.2074704689376639
COHFACE_s20_session1_lamp,0,1552,51.733333333333334,1.0139009081537285,1.019749761141177
COHFACE_s20_session1_lamp,0,1553,51.766666666666666,1.2861376700482832,0.7917188245312519
COHFACE_s20_session1_lamp,0,1554,51.8,1.411569924020258,0.5577259872928825
COHFACE_s20_session1_lamp,0,1555,51.833333333333336,1.3940550177458202,0.31716526630560055
COHFACE_s20_session1_lamp,0,1556,51.86666666666667,1.2553678028122452,0.0683968116328842
COHFACE_s20_session1_lamp,0,1557,51.9,1.034993951988516,-0.1894511608168482
COHFACE_s20_session1_lamp,0,1558,51.93333333333333,0.7762366915025806,-0.4199975390856776
COHFACE_s20_session1_lamp,0,1559,51.96666666666667,0.5078663622980496,-0.5487656870205583
COHFACE_s20_session1_lamp,0,1560,52.0,0.24023798623395684,-0.5812999814775626
COHFACE_s20_session1_lamp,0,1561,52.03333333333333,-0.025247696404602248,-0.6020354950439756
COHFACE_s20_session1_lamp,0,1562,52.06666666666667,-0.28692576508697154,-0.6417099896876722
COHFACE_s20_session1_lamp,0,1563,52.1,-0.5393190253314492,-0.6762838381045508
COHFACE_s20_session1_lamp,0,1564,52.13333333333333,-0.7734740273194061,-0.6866065147347653
COHFACE_s20_session1_lamp,0,1565,52.166666666666664,-0.9784670975365657,-0.6586810249118096
COHFACE_s20_session1_lamp,0,1566,52.2,-1.1423682172336078,-0.5853680343873211
COHFACE_s20_session1_lamp,0,1567,52.233333333333334,-1.2528854930720057,-0.46676003568170416
COHFACE_s20_session1_lamp,0,1568,52.266666666666666,-1.2967731043063129,-0.2992655544789252
COHFACE_s20_session1_lamp,0,1569,52.3,-1.2576967436277113,-0.07653701083833869
COHFACE_s20_session1_lamp,0,1570,52.333333333333336,-1.11480370715944,0.20149799632193527
COHFACE_s20_session1_lamp,0,1571,52.36666666666667,-0.844885726332717,0.5270622538149397
COHFACE_s20_session1_lamp,0,1572,52.4,-0.4393377678647534,0.8581559567816603
COHFACE_s20_session1_lamp,0,1573,52.43333333333333,0.06501110562122801,1.1174606964286562
COHFACE_s20_session1_lamp,0,1574,52.46666666666667,0.583363949567528,1.234795739732808
COHFACE_s20_session1_lamp,0,1575,52.5,1.0258663126424061,1.147315880532513
COHFACE_s20_session1_lamp,0,1576,52.53333333333333,1.3356555292949113,0.8871933934556964
COHFACE_s20_session1_lamp,0,1577,52.56666666666667,1.489982135540453,0.5813606083665548
COHFACE_s20_session1_lamp,0,1578,52.6,1.488509497682473,0.30258558634995325
COHFACE_s20_session1_lamp,0,1579,52.63333333333333,1.3525896801192352,0.06961594780364201
COHFACE_s20_session1_lamp,0,1580,52.666666666666664,1.1254693326552547,-0.12467363101144653
COHFACE_s20_session1_lamp,0,1581,52.7,0.8562384194572845,-0.3113577850509872
COHFACE_s20_session1_lamp,0,1582,52.733333333333334,0.5779794912009246,-0.5024580161776264
COHFACE_s20_session1_lamp,0,1583,52.766666666666666,0.3022243665638122,-0.6892176677229811
COHFACE_s20_session1_lamp,0,1584,52.8,0.029601739602723345,-0.8693419309149215
COHFACE_s20_session1_lamp,0,1585,52.833333333333336,-0.23885851139641306,-1.0457014203775101
COHFACE_s20_session1_lamp,0,1586,52.86666666666667,-0.4977367138286284,-1.1963859084269326
COHFACE_s20_session1_lamp,0,1587,52.9,-0.7382340565992469,-1.2740707830440507
COHFACE_s20_session1_lamp,0,1588,52.93333333333333,-0.9497341697345741,-1.2408341990258138
COHFACE_s20_session1_lamp,0,1589,52.96666666666667,-1.121190496381966,-1.0687176056989225
COHFACE_s20_session1_lamp,0,1590,53.0,-1.2428643398813728,-0.7375203205158333
COHFACE_s20_session1_lamp,0,1591,53.03333333333333,-1.306116228182726,-0.23666276044871304
COHFACE_s20_session1_lamp,0,1592,53.06666666666667,-1.2997795587249248,0.34542869810177185
COHFACE_s20_session1_lamp,0,1593,53.1,-1.2061254909250845,0.8202156573882544
COHFACE_s20_session1_lamp,0,1594,53.13333333333333,-1.000717592622622,1.089602166744858
COHFACE_s20_session1_lamp,0,1595,53.166666666666664,-0.6624434283081869,1.1452863724071336
COHFACE_s20_session1_lamp,0,1596,53.2,-0.20155770286904387,1.035293776170453
COHFACE_s20_session1_lamp,0,1597,53.233333333333334,0.3179672999764379,0.8621238746703251
COHFACE_s20_session1_lamp,0,1598,53.266666666666666,0.8032822422951811,0.6632750334628157
COHFACE_s20_session1_lamp,0,1599,53.3,1.1815524678078664,0.4113428472386069
COHFACE_s20_session1_lamp,0,1600,53.333333333333336,1.417152955520622,0.12836890371920964
COHFACE_s20_session1_lamp,0,1601,53.36666666666667,1.5002702410119508,-0.11303858653682636
COHFACE_s20_session1_lamp,0,1602,53.4,1.4399220965993158,-0.2745744571737907
COHFACE_s20_session1_lamp,0,1603,53.43333333333333,1.2659774555170928,-0.35164644065541073
COHFACE_s20_session1_lamp,0,1604,53.46666666666667,1.0233195902088434,-0.3467063261298511
COHFACE_s20_session1_lamp,0,1605,53.5,0.7532172991372935,-0.26865079623700316
COHFACE_s20_session1_lamp,0,1606,53.53333333333333,0.4787071546144334,-0.14497643544774003
COHFACE_s20_session1_lamp,0,1607,53.56666666666667,0.2067882633536594,-0.02155971011531871
COHFACE_s20_session1_lamp,0,1608,53.6,-0.06064129054382897,0.07169184795863759
COHFACE_s20_session1_lamp,0,1609,53.63333333333333,-0.3200035499814836,0.12081383054779446
COHFACE_s20_session1_lamp,0,1610,53.666666666666664,-0.5649431720434381,0.13491559836774156
COHFACE_s20_session1_lamp,0,1611,53.7,-0.7869062592944627,0.14557204391521317
COHFACE_s20_session1_lamp,0,1612,53.733333333333334,-0.9760358575360442,0.1726311753913324
COHFACE_s20_session1_lamp,0,1613,53.766666666666666,-1.122243382631295,0.2235811851037437
COHFACE_s20_session1_lamp,0,1614,53.8,-1.2164630205013116,0.2743109635088632
COHFACE_s20_session1_lamp,0,1615,53.833333333333336,-1.2499496869945839,0.26946331753739383
COHFACE_s20_session1_lamp,0,1616,53.86666666666667,-1.2104431912437492,0.20095955278114214
COHFACE_s20_session1_lamp,0,1617,53.9,-1.0797384410322841,0.10829768330269968
COHFACE_s20_session1_lamp,0,1618,53.93333333333333,-0.8356281147731048,0.023951322588693338
COHFACE_s20_session1_lamp,0,1619,53.96666666666667,-0.46521280605599546,-0.02686642759594471
COHFACE_s20_session1_lamp,0,1620,54.0,0.004776731247484869,-0.047626679852751125
COHFACE_s20_session1_lamp,0,1621,54.03333333333333,0.4962652068989481,-0.06998357876580935
COHFACE_s20_session1_lamp,0,1622,54.06666666666667,0.9187550856786976,-0.10682608952133904
COHFACE_s20_session1_lamp,0,1623,54.1,1.214488546315946,-0.15171135405754632
COHFACE_s20_session1_lamp,0,1624,54.13333333333333,1.3639884233709048,-0.19550035015728312
COHFACE_s20_session1_lamp,0,1625,54.166666666666664,1.3715060757960162,-0.22626990289162763
COHFACE_s20_session1_lamp,0,1626,54.2,1.2592369035512774,-0.2406340468262692
COHFACE_s20_session1_lamp,0,1627,54.233333333333334,1.0657378613871287,-0.24359999812196304
COHFACE_s20_session1_lamp,0,1628,54.266666666666666,0.8330919315253127,-0.2379404564428322
COHFACE_s20_session1_lamp,0,1629,54.3,0.5892483441397721,-0.22408210682477359
COHFACE_s20_session1_lamp,0,1630,54.333333333333336,0.3439654397441317,-0.22008880499663352
COHFACE_s20_session1_lamp,0,1631,54.36666666666667,0.09838123634097747,-0.26124198528436476
COHFACE_s20_session1_lamp,0,1632,54.4,-0.14574223147231885,-0.3479850819720901
COHFACE_s20_session1_lamp,0,1633,54.43333333333333,-0.38317136730376733,-0.4456290380796334
COHFACE_s20_session1_lamp,0,1634,54.46666666666667,-0.605945013420511,-0.5196276729455143
COHFACE_s20_session1_lamp,0,1635,54.5,-0.8048462898351882,-0.5358961298279633
COHFACE_s20_session1_lamp,0,1636,54.53333333333333,-0.9704024776875864,-0.47152950710149805
COHFACE_s20_session1_lamp,0,1637,54.56666666666667,-1.094073358426517,-0.31537479807333246
COHFACE_s20_session1_lamp,0,1638,54.6,-1.1692150176280265,-0.06734062790017067
COHFACE_s20_session1_lamp,0,1639,54.63333333333333,-1.1882692809487296,0.26045260753972116
COHFACE_s20_session1_lamp,0,1640,54.666666666666664,-1.1379199675511678,0.6243723543557815
COHFACE_s20_session1_lamp,0,1641,54.7,-0.9975791777489288,0.9481603740717373
COHFACE_s20_session1_lamp,0,1642,54.733333333333334,-0.7433659974047062,1.1744764125859248
COHFACE_s20_session1_lamp,0,1643,54.766666666666666,-0.36604299119507705,1.264221381623748
COHFACE_s20_session1_lamp,0,1644,54.8,0.09904880648565502,1.2140965080763686
COHFACE_s20_session1_lamp,0,1645,54.833333333333336,0.5710647678581544,1.0560637636168264
COHFACE_s20_session1_lamp,0,1646,54.86666666666667,0.9676390438283708,0.8224638206034609
COHFACE_s20_session1_lamp,0,1647,54.9,1.240471094803555,0.5462424986724469
COHFACE_s20_session1_lamp,0,1648,54.93333333333333,1.3728966051939668,0.25655437244901097
COHFACE_s20_session1_lamp,0,1649,54.96666666666667,1.3680934784375602,-0.020058952164714178
COHFACE_s20_session1_lamp,0,1650,55.0,1.2475970833820051,-0.2699005031628229
COHFACE_s20_session1_lamp,0,1651,55.03333333333333,1.04923093773345,-0.4904863181555801
COHFACE_s20_session1_lamp,0,1652,55.06666666666667,0.8130185993343747,-0.6836599179386331
COHFACE_s20_session1_lamp,0,1653,55.1,0.5645572593514847,-0.8539192592186065
COHFACE_s20_session1_lamp,0,1654,55.13333333333333,0.3125101158904977,-1.0057587860736708
COHFACE_s20_session1_lamp,0,1655,55.166666666666664,0.058808374464875586,-1.1422951806333874
COHFACE_s20_session1_lamp,0,1656,55.2,-0.19298676747738266,-1.2523936957243582
COHFACE_s20_session1_lamp,0,1657,55.233333333333334,-0.4363652410086178,-1.3100073615047527
COHFACE_s20_session1_lamp,0,1658,55.266666666666666,-0.6631641067466192,-1.2907027778574949
COHFACE_s20_session1_lamp,0,1659,55.3,-0.8641259428961119,-1.171971848369534
COHFACE_s20_session1_lamp,0,1660,55.333333333333336,-1.029299332910576,-0.9377090834437549
COHFACE_s20_session1_lamp,0,1661,55.36666666666667,-1.1496759194145951,-0.5795675807962211
COHFACE_s20_session1_lamp,0,1662,55.4,-1.2170515203170271,-0.1199236392460997
COHFACE_s20_session1_lamp,0,1663,55.43333333333333,-1.2200993190455909,0.38614840132449835
COHFACE_s20_session1_lamp,0,1664,55.46666666666667,-1.141117957309556,0.8749712704238879
COHFACE_s20_session1_lamp,0,1665,55.5,-0.9568004685960276,1.272419816189288
COHFACE_s20_session1_lamp,0,1666,55.53333333333333,-0.6462285882926547,1.5406968949210396
COHFACE_s20_session1_lamp,0,1667,55.56666666666667,-0.21556512527880303,1.6765339229774825
COHFACE_s20_session1_lamp,0,1668,55.6,0.2780240307473918,1.6845789993748868
COHFACE_s20_session1_lamp,0,1669,55.63333333333333,0.7456779284283309,1.576272109765654
COHFACE_s20_session1_lamp,0,1670,55.666666666666664,1.1143051664283687,1.3663710226216674
COHFACE_s20_session1_lamp,0,1671,55.7,1.3472279611449187,1.0733124420254188
COHFACE_s20_session1_lamp,0,1672,55.733333333333334,1.4345332256123664,0.7261400090835356
COHFACE_s20_session1_lamp,0,1673,55.766666666666666,1.3842568210943407,0.3658038564924208
COHFACE_s20_session1_lamp,0,1674,55.8,1.2236847539284086,0.019849369700667058
COHFACE_s20_session1_lamp,0,1675,55.833333333333336,0.9954851753166241,-0.29573977906801013
COHFACE_s20_session1_lamp,0,1676,55.86666666666667,0.740117663769594,-0.5770466304851342
COHFACE_s20_session1_lamp,0,1677,55.9,0.48007752902773715,-0.8300117344426272
COHFACE_s20_session1_lamp,0,1678,55.93333333333333,0.22091500655591467,-1.055268511743727
COHFACE_s20_session1_lamp,0,1679,55.96666666666667,-0.037694464452209864,-1.2462590959329785
COHFACE_s20_session1_lamp,0,1680,56.0,-0.2938722560831735,-1.39388812969793
COHFACE_s20_session1_lamp,0,1681,56.03333333333333,-0.541177063544352,-1.4853821248191117
COHFACE_s20_session1_lamp,0,1682,56.06666666666667,-0.7694424538070804,-1.5075951881085314
COHFACE_s20_session1_lamp,0,1683,56.1,-0.9673173995165102,-1.4467244870636868
COHFACE_s20_session1_lamp,0,1684,56.13333333333333,-1.1246557973657079,-1.2833907269303315
COHFACE_s20_session1_lamp,0,1685,56.166666666666664,-1.233096093302909,-0.9936525225582962
COHFACE_s20_session1_lamp,0,1686,56.2,-1.2839958690757751,-0.5819508613186964
COHFACE_s20_session1_lamp,0,1687,56.233333333333334,-1.2646417802882293,-0.083099338988016
COHFACE_s20_session1_lamp,0,1688,56.266666666666666,-1.1555430597270027,0.44325433653320073
COHFACE_s20_session1_lamp,0,1689,56.3,-0.9316725846128431,0.9107185612795656
COHFACE_s20_session1_lamp,0,1690,56.333333333333336,-0.5749769243500986,1.2662984899856113
COHFACE_s20_session1_lamp,0,1691,56.36666666666667,-0.10404153644758925,1.488521014598725
COHFACE_s20_session1_lamp,0,1692,56.4,0.4095090613003883,1.5815547145014475
COHFACE_s20_session1_lamp,0,1693,56.43333333333333,0.8736205583248483,1.5734592139955774
COHFACE_s20_session1_lamp,0,1694,56.46666666666667,1.2227759838339378,1.4824467105549535
COHFACE_s20_session1_lamp,0,1695,56.5,1.4289020384990287,1.3163995770442944
COHFACE_s20_session1_lamp,0,1696,56.53333333333333,1.4871500199931154,1.0829600088761624
COHFACE_s20_session1_lamp,0,1697,56.56666666666667,1.4089732039303207,0.7905090119751078
COHFACE_s20_session1_lamp,0,1698,56.6,1.2254675625697022,0.45021180073996403
COHFACE_s20_session1_lamp,0,1699,56.63333333333333,0.9815526688723739,0.07782214575056066
COHFACE_s20_session1_lamp,0,1700,56.666666666666664,0.7161986271362784,-0.30230992630137693
COHFACE_s20_session1_lamp,0,1701,56.7,0.448994833073023,-0.6552289612882374
COHFACE_s20_session1_lamp,0,1702,56.733333333333334,0.18478302046490253,-0.9536020376994199
COHFACE_s20_session1_lamp,0,1703,56.766666666666666,-0.07557314019123111,-1.1759351102787903
COHFACE_s20_session1_lamp,0,1704,56.8,-0.3295430272449219,-1.3127814163918505
COHFACE_s20_session1_lamp,0,1705,56.833333333333336,-0.5715765145387492,-1.3653898903476942
COHFACE_s20_session1_lamp,0,1706,56.86666666666667,-0.7933879965674308,-1.326861967322143
COHFACE_s20_session1_lamp,0,1707,56.9,-0.9850810203552495,-1.1819627876902346
COHFACE_s20_session1_lamp,0,1708,56.93333333333333,-1.1365822388519604,-0.953968632248258
COHFACE_s20_session1_lamp,0,1709,56.96666666666667,-1.2388080969386,-0.7050475736939132
COHFACE_s20_session1_lamp,0,1710,57.0,-1.2822759525209328,-0.47249786424184725
COHFACE_s20_session1_lamp,0,1711,57.03333333333333,-1.2530301937433492,-0.26949143468967257
COHFACE_s20_session1_lamp,0,1712,57.06666666666667,-1.1302676585854858,-0.08103029705998466
COHFACE_s20_session1_lamp,0,1713,57.1,-0.8888569664693166,0.13411796490211908
COHFACE_s20_session1_lamp,0,1714,57.13333333333333,-0.5139462958491685,0.38244991860284855
COHFACE_s20_session1_lamp,0,1715,57.166666666666664,-0.031477109106571,0.6339445735195984
COHFACE_s20_session1_lamp,0,1716,57.2,0.4807283608839926,0.8645527071261949
COHFACE_s20_session1_lamp,0,1717,57.233333333333334,0.9311117359879416,1.0550418107055064
COHFACE_s20_session1_lamp,0,1718,57.266666666666666,1.2582810445148962,1.1942523800216551
COHFACE_s20_session1_lamp,0,1719,57.3,1.436959483434441,1.278025473814363
COHFACE_s20_session1_lamp,0,1720,57.333333333333336,1.4648490183627845,1.2968561265975254
COHFACE_s20_session1_lamp,0,1721,57.36666666666667,1.3587541362211133,1.2355607573539928
COHFACE_s20_session1_lamp,0,1722,57.4,1.1556779756979527,1.0859385742737326
COHFACE_s20_session1_lamp,0,1723,57.43333333333333,0.9015528149917061,0.8474647112957338
COHFACE_s20_session1_lamp,0,1724,57.46666666666667,0.6317161723129764,0.5322965418265209
COHFACE_s20_session1_lamp,0,1725,57.5,0.3627729070469928,0.16666917854601773
COHFACE_s20_session1_lamp,0,1726,57.53333333333333,0.09942395029510367,-0.22226226003940974
COHFACE_s20_session1_lamp,0,1727,57.56666666666667,-0.15641919374091554,-0.6045379627893862
COHFACE_s20_session1_lamp,0,1728,57.6,-0.401194753732757,-0.95037330152708
COHFACE_s20_session1_lamp,0,1729,57.63333333333333,-0.6284849116019491,-1.2282321170533934
COHFACE_s20_session1_lamp,0,1730,57.666666666666664,-0.8299257886074379,-1.4122199757196077
COHFACE_s20_session1_lamp,0,1731,57.7,-0.9974742039693004,-1.4808064031762744
COHFACE_s20_session1_lamp,0,1732,57.733333333333334,-1.1246902534809042,-1.4224387792260504
COHFACE_s20_session1_lamp,0,1733,57.766666666666666,-1.2051869761018132,-1.2353719170834427
COHFACE_s20_session1_lamp,0,1734,57.8,-1.2295290545828657,-0.95128407875816
COHFACE_s20_session1_lamp,0,1735,57.833333333333336,-1.1826724673025215,-0.6357171135321309
COHFACE_s20_session1_lamp,0,1736,57.86666666666667,-1.0432017657708204,-0.3329194671032876
COHFACE_s20_session1_lamp,0,1737,57.9,-0.787513799658156,-0.06686662085198589
COHFACE_s20_session1_lamp,0,1738,57.93333333333333,-0.40793410787500706,0.15990203556981103
COHFACE_s20_session1_lamp,0,1739,57.96666666666667,0.05803224199114531,0.3644015062250763
COHFACE_s20_session1_lamp,0,1740,58.0,0.5267257806685461,0.5523294271152263
COHFACE_s20_session1_lamp,0,1741,58.03333333333333,0.9122381823205589,0.7163837035424417
COHFACE_s20_session1_lamp,0,1742,58.06666666666667,1.1647540916980996,0.8561384585375671
COHFACE_s20_session1_lamp,0,1743,58.1,1.2707073896621273,0.9768339351727447
COHFACE_s20_session1_lamp,0,1744,58.13333333333333,1.2397728105151629,1.0629660674477592
COHFACE_s20_session1_lamp,0,1745,58.166666666666664,1.1012203215940244,1.0778359368759631
COHFACE_s20_session1_lamp,0,1746,58.2,0.8997279292457323,0.9962037878719749
COHFACE_s20_session1_lamp,0,1747,58.233333333333334,0.6788602478013428,0.8048964185385064
COHFACE_s20_session1_lamp,0,1748,58.266666666666666,0.4649124207970085,0.5256022542420706
COHFACE_s20_session1_lamp,0,1749,58.3,0.26686538870860804,0.21562369074549648
COHFACE_s20_session1_lamp,0,1750,58.333333333333336,0.08700967756562619,-0.08086557491082251
COHFACE_s20_session1_lamp,0,1751,58.36666666666667,-0.07136296479215178,-0.3318496286630903
COHFACE_s20_session1_lamp,0,1752,58.4,-0.2023340644926811,-0.5188765632478691
COHFACE_s20_session1_lamp,0,1753,58.43333333333333,-0.29855378546799927,-0.6357593480470461
COHFACE_s20_session1_lamp,0,1754,58.46666666666667,-0.3539098879946452,-0.6874247282717934
COHFACE_s20_session1_lamp,0,1755,58.5,-0.3665226468051679,-0.6888984368174755
COHFACE_s20_session1_lamp,0,1756,58.53333333333333,-0.3401337940091987,-0.6424385049220714
COHFACE_s20_session1_lamp,0,1757,58.56666666666667,-0.28349121869314786,-0.5374271265976985
COHFACE_s20_session1_lamp,0,1758,58.6,-0.2080508372140923,-0.3862454749528233
COHFACE_s20_session1_lamp,0,1759,58.63333333333333,-0.12494066843045189,-0.22464335403422137
