recording_id,measurement_id,sample_index,time_seconds,gt_signal,predicted_signal
BH_s09_medium,0,0,0.0,-0.5405091047286987,0.05641743158933791
BH_s09_medium,0,1,0.03333333333333333,-0.6620249152183533,-2.327108675346132
BH_s09_medium,0,2,0.06666666666666667,-0.6111995577812195,-4.385305045270542
BH_s09_medium,0,3,0.1,-0.43885841965675354,-5.849180639643713
BH_s09_medium,0,4,0.13333333333333333,-0.35227587819099426,-6.575423711686892
BH_s09_medium,0,5,0.16666666666666666,-0.35227587819099426,-6.574154975656917
BH_s09_medium,0,6,0.2,-0.49283286929130554,-5.978856848806392
BH_s09_medium,0,7,0.23333333333333334,-0.6731200218200684,-4.991082528241312
BH_s09_medium,0,8,0.26666666666666666,-0.8534072637557983,-3.8254410137242982
BH_s09_medium,0,9,0.3,-1.0336943864822388,-2.6675944615474942
BH_s09_medium,0,10,0.3333333333333333,-1.1909674406051636,-1.6499193739068738
BH_s09_medium,0,11,0.36666666666666664,-1.2934420108795166,-0.841891605950776
BH_s09_medium,0,12,0.4,-1.3561863899230957,-0.2531390957732661
BH_s09_medium,0,13,0.43333333333333335,-1.3450912237167358,0.15098160906460814
BH_s09_medium,0,14,0.4666666666666667,-0.9997316002845764,0.42612214481405497
BH_s09_medium,0,15,0.5,-0.20474331080913544,0.6267955291799152
BH_s09_medium,0,16,0.5333333333333333,0.6458672881126404,0.7914180982216283
BH_s09_medium,0,17,0.5666666666666667,1.139199137687683,0.9369995768655256
BH_s09_medium,0,18,0.6,1.0456410646438599,1.0626962467783356
BH_s09_medium,0,19,0.6333333333333333,0.6398621797561646,1.15868568165735
BH_s09_medium,0,20,0.6666666666666666,0.262571781873703,1.2158738902352675
BH_s09_medium,0,21,0.7,-0.059920210391283035,1.2319868702629333
BH_s09_medium,0,22,0.7333333333333333,-0.26486942172050476,1.2123630401770966
BH_s09_medium,0,23,0.7666666666666667,-0.3863852322101593,1.1667510184005079
BH_s09_medium,0,24,0.8,-0.38488394021987915,1.1047186191255323
BH_s09_medium,0,25,0.8333333333333334,-0.3261125683784485,1.0328742691349215
BH_s09_medium,0,26,0.8666666666666667,-0.2895314693450928,0.9546229922517725
BH_s09_medium,0,27,0.9,-0.3077487349510193,0.8706015026398534
BH_s09_medium,0,28,0.9333333333333333,-0.4435088038444519,0.7792439962384535
BH_s09_medium,0,29,0.9666666666666667,-0.6135247349739075,0.6783931253138267
BH_s09_medium,0,30,1.0,-0.7977849841117859,0.5673771951170519
BH_s09_medium,0,31,1.0333333333333334,-0.9820451736450195,0.4475888919433258
BH_s09_medium,0,32,1.0666666666666667,-1.0424643754959106,0.3214087678827782
BH_s09_medium,0,33,1.1,-1.16233229637146,0.19114946752261483
BH_s09_medium,0,34,1.1333333333333333,-1.2211037874221802,0.05886089559947101
BH_s09_medium,0,35,1.1666666666666667,-1.2798751592636108,-0.07322119359057663
BH_s09_medium,0,36,1.2,-1.1402885913848877,-0.20187924352836567
BH_s09_medium,0,37,1.2333333333333334,-0.5440978407859802,-0.32207003501902975
BH_s09_medium,0,38,1.2666666666666666,0.284999817609787,-0.4266470132540034
BH_s09_medium,0,39,1.3,1.0357540845870972,-0.5074205929953701
BH_s09_medium,0,40,1.3333333333333333,1.216334342956543,-0.5572257226563767
BH_s09_medium,0,41,1.3666666666666667,0.9774223566055298,-0.5716228975838833
BH_s09_medium,0,42,1.4,0.587535560131073,-0.5494574742431889
BH_s09_medium,0,43,1.4333333333333333,0.28573253750801086,-0.4922746818668324
BH_s09_medium,0,44,1.4666666666666666,0.060094308108091354,-0.40339445416270436
BH_s09_medium,0,45,1.5,-0.03855382651090622,-0.288020833678
BH_s09_medium,0,46,1.5333333333333334,-0.09582393616437912,-0.15420700520213318
BH_s09_medium,0,47,1.5666666666666667,-0.03855382651090622,-0.012992710763304893
BH_s09_medium,0,48,1.6,-0.03855382651090622,0.12249430494883755
BH_s09_medium,0,49,1.6333333333333333,-0.03855382651090622,0.23765652607466842
BH_s09_medium,0,50,1.6666666666666667,-0.09088046103715897,0.3171569079675423
BH_s09_medium,0,51,1.7,-0.260749876499176,0.3477149590265099
BH_s09_medium,0,52,1.7333333333333334,-0.39665645360946655,0.32233957728888685
BH_s09_medium,0,53,1.7666666666666666,-0.580916702747345,0.24286231233690286
BH_s09_medium,0,54,1.8,-0.7024324536323547,0.11979024669371383
BH_s09_medium,0,55,1.8333333333333333,-0.8239482641220093,-0.0291508727723157
BH_s09_medium,0,56,1.8666666666666667,-0.8827196359634399,-0.18135636025863658
BH_s09_medium,0,57,1.9,-0.9414910674095154,-0.3131598522614271
BH_s09_medium,0,58,1.9333333333333333,-0.9797199964523315,-0.40455549200050805
BH_s09_medium,0,59,1.9666666666666666,-0.9797199964523315,-0.44309540747309833
BH_s09_medium,0,60,2.0,-0.7285045981407166,-0.42584062003373047
BH_s09_medium,0,61,2.033333333333333,0.013186628930270672,-0.3590381711275245
BH_s09_medium,0,62,2.066666666666667,0.867770254611969,-0.25588017537942737
BH_s09_medium,0,63,2.1,1.4679893255233765,-0.13328679354313022
BH_s09_medium,0,64,2.1333333333333333,1.530056357383728,-0.008397123469102517
BH_s09_medium,0,65,2.1666666666666665,1.238140344619751,0.10487256314098706
BH_s09_medium,0,66,2.2,0.9250956773757935,0.19822490666556938
BH_s09_medium,0,67,2.2333333333333334,0.6193196773529053,0.2688939938756481
BH_s09_medium,0,68,2.2666666666666666,0.41984477639198303,0.31761194494372796
BH_s09_medium,0,69,2.3,0.3379126191139221,0.346978776881163
BH_s09_medium,0,70,2.3333333333333335,0.3379126191139221,0.36068152691276445
BH_s09_medium,0,71,2.3666666666666667,0.36955025792121887,0.3620464499034035
BH_s09_medium,0,72,2.4,0.4006570279598236,0.3522085781395907
BH_s09_medium,0,73,2.433333333333333,0.314221054315567,0.32996373917725014
BH_s09_medium,0,74,2.466666666666667,0.19270525872707367,0.2932728672452011
BH_s09_medium,0,75,2.5,0.008445045910775661,0.24030964640178143
BH_s09_medium,0,76,2.533333333333333,-0.11307075619697571,0.16956607135795296
BH_s09_medium,0,77,2.566666666666667,-0.23458655178546906,0.08026187300523253
BH_s09_medium,0,78,2.6,-0.3561023473739624,-0.026374015513275006
BH_s09_medium,0,79,2.6333333333333333,-0.47761815786361694,-0.1452710367425336
BH_s09_medium,0,80,2.6666666666666665,-0.5991339683532715,-0.26614759964677814
BH_s09_medium,0,81,2.7,-0.6579053401947021,-0.37407542539775146
BH_s09_medium,0,82,2.7333333333333334,-0.7166767120361328,-0.4525073311788362
BH_s09_medium,0,83,2.7666666666666666,-0.7287423610687256,-0.48816116381791763
BH_s09_medium,0,84,2.8,-0.7914867401123047,-0.4758646900087476
BH_s09_medium,0,85,2.8333333333333335,-0.5109589695930481,-0.4205621331379037
BH_s09_medium,0,86,2.8666666666666667,0.1701665222644806,-0.33530518357248357
BH_s09_medium,0,87,2.9,1.0236331224441528,-0.23596316236868772
BH_s09_medium,0,88,2.933333333333333,1.6733229160308838,-0.13505088706444773
BH_s09_medium,0,89,2.966666666666667,1.798043131828308,-0.03821166984026267
BH_s09_medium,0,90,3.0,1.555011510848999,0.0552961328397156
BH_s09_medium,0,91,3.033333333333333,1.2343138456344604,0.14922077927425498
BH_s09_medium,0,92,3.066666666666667,0.9434595108032227,0.2458916453984956
BH_s09_medium,0,93,3.1,0.7074034810066223,0.3428935645507148
BH_s09_medium,0,94,3.1333333333333333,0.6486321091651917,0.43216220155673873
BH_s09_medium,0,95,3.1666666666666665,0.5888902544975281,0.5017364537404491
BH_s09_medium,0,96,3.2,0.651634693145752,0.5390492735442414
BH_s09_medium,0,97,3.2333333333333334,0.651634693145752,0.5335723896209073
BH_s09_medium,0,98,3.2666666666666666,0.6017797589302063,0.4784370318407617
BH_s09_medium,0,99,3.3,0.41751956939697266,0.37245471490008875
BH_s09_medium,0,100,3.3333333333333335,0.191350519657135,0.22227098839574536
BH_s09_medium,0,101,3.3666666666666667,0.011063328012824059,0.04267955994185972
BH_s09_medium,0,102,3.4,-0.13526104390621185,-0.14552120686228243
BH_s09_medium,0,103,3.433333333333333,-0.2567768394947052,-0.31921183373929524
BH_s09_medium,0,104,3.466666666666667,-0.37829264998435974,-0.45730182574840766
BH_s09_medium,0,105,3.5,-0.4998084604740143,-0.5450318568113162
BH_s09_medium,0,106,3.533333333333333,-0.5585798621177673,-0.5769556442685086
BH_s09_medium,0,107,3.566666666666667,-0.6659979224205017,-0.5569854837299891
BH_s09_medium,0,108,3.6,-0.7287423610687256,-0.49568571144593243
BH_s09_medium,0,109,3.6333333333333333,-0.7914867401123047,-0.40674156769245023
BH_s09_medium,0,110,3.6666666666666665,-0.7893080711364746,-0.3038004180112344
BH_s09_medium,0,111,3.7,-0.4239921271800995,-0.19793356844177687
BH_s09_medium,0,112,3.7333333333333334,0.24056388437747955,-0.09624001193917203
BH_s09_medium,0,113,3.7666666666666666,1.1481515169143677,-0.0023346292979643394
BH_s09_medium,0,114,3.8,1.6281183958053589,0.0818624145701364
BH_s09_medium,0,115,3.8333333333333335,1.6732317209243774,0.1547863538137121
BH_s09_medium,0,116,3.8666666666666667,1.4068015813827515,0.21499652486564297
BH_s09_medium,0,117,3.9,1.0422542095184326,0.26147432684772814
BH_s09_medium,0,118,3.933333333333333,0.773590087890625,0.29405330456702444
BH_s09_medium,0,119,3.966666666666667,0.5888902544975281,0.3138827148468096
BH_s09_medium,0,120,4.0,0.526145875453949,0.32358121595141603
BH_s09_medium,0,121,4.033333333333333,0.5473657250404358,0.3265796749516173
BH_s09_medium,0,122,4.066666666666666,0.5888902544975281,0.3257709559623518
BH_s09_medium,0,123,4.1,0.5756164789199829,0.32219585833674325
BH_s09_medium,0,124,4.133333333333334,0.44479990005493164,0.3142844983747035
BH_s09_medium,0,125,4.166666666666667,0.26451271772384644,0.29785812995010585
BH_s09_medium,0,126,4.2,0.02283584512770176,0.2668315872749464
BH_s09_medium,0,127,4.233333333333333,-0.15880608558654785,0.21431562095737372
BH_s09_medium,0,128,4.266666666666667,-0.33909326791763306,0.13429721886035736
BH_s09_medium,0,129,4.3,-0.467200368642807,0.024442964966768038
BH_s09_medium,0,130,4.333333333333333,-0.5887161493301392,-0.11075970051832323
BH_s09_medium,0,131,4.366666666666666,-0.6659979224205017,-0.2585236379199289
BH_s09_medium,0,132,4.4,-0.7690033316612244,-0.39892494394523703
BH_s09_medium,0,133,4.433333333333334,-0.8277747631072998,-0.5084269657895996
BH_s09_medium,0,134,4.466666666666667,-0.8865461349487305,-0.5653210158150922
BH_s09_medium,0,135,4.5,-0.9453175067901611,-0.5564540134810438
BH_s09_medium,0,136,4.533333333333333,-1.0040888786315918,-0.4828482584978697
BH_s09_medium,0,137,4.566666666666666,-0.8981362581253052,-0.3605082907106868
BH_s09_medium,0,138,4.6,-0.3164828419685364,-0.21547377924081834
BH_s09_medium,0,139,4.633333333333334,0.4878062307834625,-0.07521073587776687
BH_s09_medium,0,140,4.666666666666667,1.2417649030685425,0.04001426728632386
BH_s09_medium,0,141,4.7,1.4628081321716309,0.12135564471847692
BH_s09_medium,0,142,4.733333333333333,1.2774863243103027,0.1701087469093523
BH_s09_medium,0,143,4.766666666666667,0.8536366820335388,0.19331411534791548
BH_s09_medium,0,144,4.8,0.5409762859344482,0.19908339664258778
BH_s09_medium,0,145,4.833333333333333,0.2865564525127411,0.19422846455464376
BH_s09_medium,0,146,4.866666666666666,0.16504065692424774,0.18458178808644746
BH_s09_medium,0,147,4.9,0.14967940747737885,0.17619316478982316
BH_s09_medium,0,148,4.933333333333334,0.21242381632328033,0.17541746983121723
BH_s09_medium,0,149,4.966666666666667,0.21242381632328033,0.18632716590442164
BH_s09_medium,0,150,5.0,0.11818832904100418,0.20715346888450412
BH_s09_medium,0,151,5.033333333333333,-0.003327470738440752,0.23029246933098452
BH_s09_medium,0,152,5.066666666666666,-0.1875876784324646,0.2457868569817721
BH_s09_medium,0,153,5.1,-0.3914198875427246,0.24360168663629533
BH_s09_medium,0,154,5.133333333333334,-0.5561081171035767,0.21397730147164012
BH_s09_medium,0,155,5.166666666666667,-0.7403683066368103,0.149235937131465
BH_s09_medium,0,156,5.2,-0.8618841171264648,0.047551641808297664
BH_s09_medium,0,157,5.233333333333333,-0.9206554889678955,-0.08393262147290231
BH_s09_medium,0,158,5.266666666666667,-1.0421712398529053,-0.22846856760915582
BH_s09_medium,0,159,5.3,-1.1009427309036255,-0.3621451101963561
BH_s09_medium,0,160,5.333333333333333,-1.1597141027450562,-0.4593295713693557
BH_s09_medium,0,161,5.366666666666666,-1.1679532527923584,-0.5002617629473297
BH_s09_medium,0,162,5.4,-1.2306976318359375,-0.4780711385165066
BH_s09_medium,0,163,5.433333333333334,-1.2934420108795166,-0.4011276742882957
BH_s09_medium,0,164,5.466666666666667,-1.2548288106918335,-0.2893887296496949
BH_s09_medium,0,165,5.5,-0.7718788981437683,-0.16648296325938278
BH_s09_medium,0,166,5.533333333333333,-0.012116930447518826,-0.05108330190464438
BH_s09_medium,0,167,5.566666666666666,0.7851054072380066,0.04784229378246611
BH_s09_medium,0,168,5.6,1.0908455848693848,0.13034449236369824
BH_s09_medium,0,169,5.633333333333334,0.9718568325042725,0.20112526050545984
BH_s09_medium,0,170,5.666666666666667,0.6073094606399536,0.2641997278371503
BH_s09_medium,0,171,5.7,0.24276204407215118,0.31958925230466245
BH_s09_medium,0,172,5.733333333333333,-0.03855382651090622,0.3632098554359277
BH_s09_medium,0,173,5.766666666666667,-0.10129823535680771,0.38907242109031126
BH_s09_medium,0,174,5.8,-0.10129823535680771,0.3922117316553979
BH_s09_medium,0,175,5.833333333333333,-0.04364384710788727,0.3704746155580294
BH_s09_medium,0,176,5.866666666666666,-0.03855382651090622,0.3246840393140638
BH_s09_medium,0,177,5.9,-0.03855382651090622,0.2581496910334742
BH_s09_medium,0,178,5.933333333333334,-0.1927688866853714,0.17597956765787845
BH_s09_medium,0,179,5.966666666666667,-0.3730560839176178,0.08400514870252523
BH_s09_medium,0,180,6.0,-0.5533432960510254,-0.012454743182106062
BH_s09_medium,0,181,6.033333333333333,-0.7336304783821106,-0.10937437746439393
BH_s09_medium,0,182,6.066666666666666,-0.8840743899345398,-0.20387621147820573
BH_s09_medium,0,183,6.1,-0.9797199964523315,-0.29295889146869686
BH_s09_medium,0,184,6.133333333333334,-1.0424643754959106,-0.3719513155864619
BH_s09_medium,0,185,6.166666666666667,-1.1052087545394897,-0.4343891797733174
BH_s09_medium,0,186,6.2,-1.1191599369049072,-0.47327437947336815
BH_s09_medium,0,187,6.233333333333333,-1.1679532527923584,-0.48196879903770035
BH_s09_medium,0,188,6.266666666666667,-1.1739583015441895,-0.45500109138277295
BH_s09_medium,0,189,6.3,-1.2327296733856201,-0.3909569905528202
BH_s09_medium,0,190,6.333333333333333,-1.2934420108795166,-0.29568220298621667
BH_s09_medium,0,191,6.366666666666666,-1.1797810792922974,-0.1805258366977931
BH_s09_medium,0,192,6.4,-0.6625752449035645,-0.05653877867696564
BH_s09_medium,0,193,6.433333333333334,0.06651955842971802,0.06848776484478329
BH_s09_medium,0,194,6.466666666666667,0.8134473562240601,0.18849904758109942
BH_s09_medium,0,195,6.5,1.0690395832061768,0.2971659123558507
BH_s09_medium,0,196,6.533333333333333,0.8914259672164917,0.38750717302862187
BH_s09_medium,0,197,6.566666666666666,0.5526576042175293,0.45279800313506285
BH_s09_medium,0,198,6.6,0.21712955832481384,0.4879193852415989
BH_s09_medium,0,199,6.633333333333334,-0.0008557323017157614,0.49004920541801117
BH_s09_medium,0,200,6.666666666666667,-0.03855382651090622,0.4586980696640186
BH_s09_medium,0,201,6.7,-0.03855382651090622,0.39616156328844593
BH_s09_medium,0,202,6.733333333333333,-0.025426572188735008,0.30813991196723806
BH_s09_medium,0,203,6.766666666666667,0.02419058233499527,0.20301376365553103
BH_s09_medium,0,204,6.8,-0.03855382651090622,0.08979878665697992
BH_s09_medium,0,205,6.833333333333333,-0.10371462255716324,-0.02363860349559905
BH_s09_medium,0,206,6.866666666666666,-0.3467462360858917,-0.13127263544257348
BH_s09_medium,0,207,6.9,-0.5270333886146545,-0.22862665839431776
BH_s09_medium,0,208,6.933333333333334,-0.6552870273590088,-0.31188205933659013
BH_s09_medium,0,209,6.966666666666667,-0.7768028378486633,-0.3769399402176154
BH_s09_medium,0,210,7.0,-0.8983186483383179,-0.41896015485122773
BH_s09_medium,0,211,7.033333333333333,-0.9570900201797485,-0.43275663717986973
BH_s09_medium,0,212,7.066666666666666,-1.0158613920211792,-0.4141029979970684
BH_s09_medium,0,213,7.1,-1.0424643754959106,-0.3616433411651727
BH_s09_medium,0,214,7.133333333333334,-1.1052087545394897,-0.27868535929752397
BH_s09_medium,0,215,7.166666666666667,-1.1294312477111816,-0.17387499731186265
BH_s09_medium,0,216,7.2,-1.1679532527923584,-0.0601989271206222
BH_s09_medium,0,217,7.233333333333333,-1.1981449127197266,0.04764930406270984
BH_s09_medium,0,218,7.266666666666667,-0.8677622079849243,0.1367551582968419
BH_s09_medium,0,219,7.3,-0.23954953253269196,0.19892154024999895
BH_s09_medium,0,220,7.333333333333333,0.48518794775009155,0.23211686190159428
BH_s09_medium,0,221,7.366666666666666,0.9029965996742249,0.24011497371595203
BH_s09_medium,0,222,7.4,0.847045361995697,0.2306768661787752
BH_s09_medium,0,223,7.433333333333334,0.5488311648368835,0.21319612930513787
BH_s09_medium,0,224,7.466666666666667,0.23549337685108185,0.19646100617638834
BH_s09_medium,0,225,7.5,-0.007538228295743465,0.18681794412013114
BH_s09_medium,0,226,7.533333333333333,-0.08181741833686829,0.18667213872666077
BH_s09_medium,0,227,7.566666666666666,-0.10129823535680771,0.1930238118569646
BH_s09_medium,0,228,7.6,-0.0659806877374649,0.19705334732675323
BH_s09_medium,0,229,7.633333333333334,-0.03855382651090622,0.18682135205281977
BH_s09_medium,0,230,7.666666666666667,-0.03855382651090622,0.15221155056616437
BH_s09_medium,0,231,7.7,-0.12469672411680222,0.08846054496508239
BH_s09_medium,0,232,7.733333333333333,-0.30895692110061646,-0.002902878025211664
BH_s09_medium,0,233,7.766666666666667,-0.44592517614364624,-0.11419554646653512
BH_s09_medium,0,234,7.8,-0.6147329211235046,-0.23229114432229214
BH_s09_medium,0,235,7.833333333333333,-0.7362487316131592,-0.3405741387315628
BH_s09_medium,0,236,7.866666666666666,-0.8542311787605286,-0.4221418233104166
BH_s09_medium,0,237,7.9,-0.9165359139442444,-0.4635018803196497
BH_s09_medium,0,238,7.933333333333334,-0.9753073453903198,-0.4575430624260475
BH_s09_medium,0,239,7.966666666666667,-0.9797199964523315,-0.4043138575532637
BH_s09_medium,0,240,8.0,-0.9797199964523315,-0.30998244641823486
BH_s09_medium,0,241,8.033333333333333,-1.0261327028274536,-0.1860305413971262
BH_s09_medium,0,242,8.066666666666666,-1.0424643754959106,-0.04846453403958491
BH_s09_medium,0,243,8.1,-0.9027866721153259,0.08533150536619234
BH_s09_medium,0,244,8.133333333333333,-0.43078532814979553,0.20120595037366212
BH_s09_medium,0,245,8.166666666666666,0.20731428265571594,0.29029343445637
BH_s09_medium,0,246,8.2,0.7312774658203125,0.34805539211361397
BH_s09_medium,0,247,8.233333333333333,0.8800377249717712,0.3734708728287043
BH_s09_medium,0,248,8.266666666666667,0.6144315600395203,0.3693589383814361
BH_s09_medium,0,249,8.3,0.3086555600166321,0.3423530135469211
BH_s09_medium,0,250,8.333333333333334,0.06562396138906479,0.3017042422353135
BH_s09_medium,0,251,8.366666666666667,-0.03855382651090622,0.2570209579922604
BH_s09_medium,0,252,8.4,-0.09858875721693039,0.21556999121453693
BH_s09_medium,0,253,8.433333333333334,-0.03855382651090622,0.1801872267356649
BH_s09_medium,0,254,8.466666666666667,0.018954018130898476,0.14843984945458227
BH_s09_medium,0,255,8.5,0.08693499118089676,0.1131702114707159
BH_s09_medium,0,256,8.533333333333333,0.02419058233499527,0.06462221482415419
BH_s09_medium,0,257,8.566666666666666,-0.08414261043071747,-0.005671508298585024
BH_s09_medium,0,258,8.6,-0.20565840601921082,-0.10049114313875913
BH_s09_medium,0,259,8.633333333333333,-0.36481696367263794,-0.21448177651758848
BH_s09_medium,0,260,8.666666666666666,-0.5114344358444214,-0.33452826244454065
BH_s09_medium,0,261,8.7,-0.570205807685852,-0.44207618505683205
BH_s09_medium,0,262,8.733333333333333,-0.6289771795272827,-0.5168910475115172
BH_s09_medium,0,263,8.766666666666667,-0.6659979224205017,-0.542174588058093
BH_s09_medium,0,264,8.8,-0.6659979224205017,-0.5096753211237434
BH_s09_medium,0,265,8.833333333333334,-0.6798025369644165,-0.4223461210420347
BH_s09_medium,0,266,8.866666666666667,-0.7287423610687256,-0.2933235209805888
BH_s09_medium,0,267,8.9,-0.5856777429580688,-0.14149983275146014
BH_s09_medium,0,268,8.933333333333334,-0.09375598281621933,0.014517142564402575
BH_s09_medium,0,269,8.966666666666667,0.5136210918426514,0.16110860334617966
BH_s09_medium,0,270,9.0,1.066603660583496,0.29105919351456877
BH_s09_medium,0,271,9.033333333333333,1.1535899639129639,0.40113828819353625
BH_s09_medium,0,272,9.066666666666666,0.9306253790855408,0.48755232712191326
BH_s09_medium,0,273,9.1,0.6248493194580078,0.5427951501051497
BH_s09_medium,0,274,9.133333333333333,0.3818177580833435,0.5558816063049447
BH_s09_medium,0,275,9.166666666666666,0.23834939301013947,0.5159257009254153
BH_s09_medium,0,276,9.2,0.21242381632328033,0.41739425138375674
BH_s09_medium,0,277,9.233333333333333,0.3040409982204437,0.2641116940986466
BH_s09_medium,0,278,9.266666666666667,0.3628123998641968,0.07071332136121919
BH_s09_medium,0,279,9.3,0.3797302842140198,-0.13791687422756116
BH_s09_medium,0,280,9.333333333333334,0.2582145035266876,-0.32984046498038716
BH_s09_medium,0,281,9.366666666666667,0.12371797859668732,-0.4734434544027524
BH_s09_medium,0,282,9.4,-0.03855382651090622,-0.5469262780521086
BH_s09_medium,0,283,9.433333333333334,-0.1690773218870163,-0.5445307201352718
BH_s09_medium,0,284,9.466666666666667,-0.29059311747550964,-0.4769186621261999
BH_s09_medium,0,285,9.5,-0.4121089279651642,-0.366454627330024
BH_s09_medium,0,286,9.533333333333333,-0.47776469588279724,-0.23927042008660473
BH_s09_medium,0,287,9.566666666666666,-0.5296517014503479,-0.11673683910891734
BH_s09_medium,0,288,9.6,-0.5405091047286987,-0.009621769095349252
BH_s09_medium,0,289,9.633333333333333,-0.6032535433769226,0.0817890869296247
BH_s09_medium,0,290,9.666666666666666,-0.5233176350593567,0.16239169591268798
BH_s09_medium,0,291,9.7,-0.14555178582668304,0.23638539146899265
BH_s09_medium,0,292,9.733333333333333,0.49932152032852173,0.30367025559437083
BH_s09_medium,0,293,9.766666666666667,1.2030410766601562,0.35899243434055655
BH_s09_medium,0,294,9.8,1.467311978340149,0.3934632227677443
BH_s09_medium,0,295,9.833333333333334,1.3643618822097778,0.3974062172651225
BH_s09_medium,0,296,9.866666666666667,1.1213302612304688,0.3637263272387758
BH_s09_medium,0,297,9.9,0.8782986998558044,0.29135493791211525
BH_s09_medium,0,298,9.933333333333334,0.7061952948570251,0.18744603881886296
BH_s09_medium,0,299,9.966666666666667,0.5888902544975281,0.06637845923348183
BH_s09_medium,1,0,10.0,0.5888902544975281,-0.01711690014586558
BH_s09_medium,1,1,10.033333333333333,0.5888902544975281,-2.561298318949023
BH_s09_medium,1,2,10.066666666666666,0.5888902544975281,-4.774565521779485
BH_s09_medium,1,3,10.1,0.47508278489112854,-6.380710323609591
BH_s09_medium,1,4,10.133333333333333,0.353566974401474,-7.222799875133451
BH_s09_medium,1,5,10.166666666666666,0.16930676996707916,-7.293429049332289
BH_s09_medium,1,6,10.2,-0.01495344378054142,-6.7105189837373675
BH_s09_medium,1,7,10.233333333333333,-0.13646924495697021,-5.66721086115768
BH_s09_medium,1,8,10.266666666666667,-0.25798505544662476,-4.3794715967722135
BH_s09_medium,1,9,10.3,-0.3167564272880554,-3.0448035340404846
BH_s09_medium,1,10,10.333333333333334,-0.41502028703689575,-1.816863070492923
BH_s09_medium,1,11,10.366666666666667,-0.43429920077323914,-0.7926041880636998
BH_s09_medium,1,12,10.4,-0.47776469588279724,-0.010083444801538693
BH_s09_medium,1,13,10.433333333333334,-0.5405091047286987,0.5422995988185946
BH_s09_medium,1,14,10.466666666666667,-0.5257893800735474,0.9081468231450016
BH_s09_medium,1,15,10.5,-0.1504952609539032,1.143370350481333
BH_s09_medium,1,16,10.533333333333333,0.4598844051361084,1.2994175874129963
BH_s09_medium,1,17,10.566666666666666,1.2517236471176147,1.4123084746943564
BH_s09_medium,1,18,10.6,1.63848078250885,1.4986579704154126
BH_s09_medium,1,19,10.633333333333333,1.6053060293197632,1.5582638946158978
BH_s09_medium,1,20,10.666666666666666,1.3747797012329102,1.581151443402077
BH_s09_medium,1,21,10.7,1.131748080253601,1.5557954055030665
BH_s09_medium,1,22,10.733333333333333,0.9897810220718384,1.475747030551367
BH_s09_medium,1,23,10.766666666666667,0.8682652115821838,1.3428681812344858
BH_s09_medium,1,24,10.8,0.7467494010925293,1.1668797965005864
BH_s09_medium,1,25,10.833333333333334,0.714379072189331,0.9623579927889783
BH_s09_medium,1,26,10.866666666666667,0.651634693145752,0.7448056176500001
BH_s09_medium,1,27,10.9,0.5704352855682373,0.5275327326990707
BH_s09_medium,1,28,10.933333333333334,0.3861750364303589,0.3205360154790539
BH_s09_medium,1,29,10.966666666666667,0.20191483199596405,0.13178060852205783
BH_s09_medium,1,30,11.0,0.017654631286859512,-0.030765461376942402
BH_s09_medium,1,31,11.033333333333333,-0.10386116802692413,-0.1595764832389883
BH_s09_medium,1,32,11.066666666666666,-0.22537696361541748,-0.2502554942885086
BH_s09_medium,1,33,11.1,-0.346892774105072,-0.30281647216817964
BH_s09_medium,1,34,11.133333333333333,-0.4056641459465027,-0.32051904405081777
BH_s09_medium,1,35,11.166666666666666,-0.47776469588279724,-0.308096152790937
BH_s09_medium,1,36,11.2,-0.5405091047286987,-0.2705040280587342
BH_s09_medium,1,37,11.233333333333333,-0.6032535433769226,-0.21232544710354465
BH_s09_medium,1,38,11.266666666666667,-0.6407496929168701,-0.13805925047975862
BH_s09_medium,1,39,11.3,-0.6995211243629456,-0.05357704460729157
BH_s09_medium,1,40,11.333333333333334,-0.7287423610687256,0.03219144731592382
BH_s09_medium,1,41,11.366666666666667,-0.5892664790153503,0.10727825298292283
BH_s09_medium,1,42,11.4,-0.056022047996520996,0.15885425251061122
BH_s09_medium,1,43,11.433333333333334,0.7750523686408997,0.1763952237287875
BH_s09_medium,1,44,11.466666666666667,1.4455418586730957,0.15478630657335585
BH_s09_medium,1,45,11.5,1.645860195159912,0.09662497419525277
BH_s09_medium,1,46,11.533333333333333,1.4558879137039185,0.01303498245232707
BH_s09_medium,1,47,11.566666666666666,1.2145953178405762,-0.07753735493088965
BH_s09_medium,1,48,11.6,1.032569169998169,-0.15350598549989308
BH_s09_medium,1,49,11.633333333333333,0.908819317817688,-0.19832525672792817
BH_s09_medium,1,50,11.666666666666666,0.7873035669326782,-0.20906946804540194
BH_s09_medium,1,51,11.7,0.6657877564430237,-0.19797481412838414
BH_s09_medium,1,52,11.733333333333333,0.6070163249969482,-0.1856963064154454
BH_s09_medium,1,53,11.766666666666667,0.5482449531555176,-0.19155770572189917
BH_s09_medium,1,54,11.8,0.39005687832832336,-0.225148331303763
BH_s09_medium,1,55,11.833333333333334,0.20976968109607697,-0.28175500778683055
BH_s09_medium,1,56,11.866666666666667,-0.004535664804279804,-0.3430142415759198
BH_s09_medium,1,57,11.9,-0.12605147063732147,-0.3828474325320596
BH_s09_medium,1,58,11.933333333333334,-0.3103116750717163,-0.37696208498707107
BH_s09_medium,1,59,11.966666666666667,-0.43182748556137085,-0.31268910677610595
BH_s09_medium,1,60,12.0,-0.4905988574028015,-0.19509908651864508
BH_s09_medium,1,61,12.033333333333333,-0.6032535433769226,-0.04535557853753299
BH_s09_medium,1,62,12.066666666666666,-0.6659979224205017,0.10790562014165431
BH_s09_medium,1,63,12.1,-0.6669130325317383,0.2387291363674887
BH_s09_medium,1,64,12.133333333333333,-0.7287423610687256,0.3311617170539022
BH_s09_medium,1,65,12.166666666666666,-0.7914867401123047,0.38139116848629767
BH_s09_medium,1,66,12.2,-0.8542311787605286,0.3949107094116406
BH_s09_medium,1,67,12.233333333333333,-0.9019985795021057,0.38130823033428274
BH_s09_medium,1,68,12.266666666666667,-0.9607699513435364,0.34939968883845457
BH_s09_medium,1,69,12.3,-0.9797199964523315,0.30491914559269706
BH_s09_medium,1,70,12.333333333333334,-0.6480932235717773,0.2510104374849384
BH_s09_medium,1,71,12.366666666666667,0.027209483087062836,0.18983361341421
BH_s09_medium,1,72,12.4,0.8469510078430176,0.12400770828293596
BH_s09_medium,1,73,12.433333333333334,1.4136111736297607,0.05735287448550907
BH_s09_medium,1,74,12.466666666666667,1.4901437759399414,-0.0052847686897190055
BH_s09_medium,1,75,12.5,1.2471122741699219,-0.05899572121535208
BH_s09_medium,1,76,12.533333333333333,1.0040806531906128,-0.09996145863617589
BH_s09_medium,1,77,12.566666666666666,0.8237934112548828,-0.1258915855855934
BH_s09_medium,1,78,12.6,0.6475704908370972,-0.13596003392838182
BH_s09_medium,1,79,12.633333333333333,0.5260546803474426,-0.13148834175684426
BH_s09_medium,1,80,12.666666666666666,0.4634014368057251,-0.11689213086145542
BH_s09_medium,1,81,12.7,0.4085118770599365,-0.09879907469748918
BH_s09_medium,1,82,12.733333333333333,0.34974050521850586,-0.08370246675925375
BH_s09_medium,1,83,12.766666666666667,0.181281179189682,-0.07688967770189774
BH_s09_medium,1,84,12.8,0.0009939874289557338,-0.08263327402214216
BH_s09_medium,1,85,12.833333333333334,-0.11654879152774811,-0.10293545310412076
BH_s09_medium,1,86,12.866666666666667,-0.2968359887599945,-0.13481592055385844
BH_s09_medium,1,87,12.9,-0.44607171416282654,-0.16890187914015342
BH_s09_medium,1,88,12.933333333333334,-0.5405091047286987,-0.19110459386663095
BH_s09_medium,1,89,12.966666666666667,-0.6263589262962341,-0.18767702774865405
BH_s09_medium,1,90,13.0,-0.6851302981376648,-0.151510676269749
BH_s09_medium,1,91,13.033333333333333,-0.7287423610687256,-0.08554841052799501
BH_s09_medium,1,92,13.066666666666666,-0.7914867401123047,-0.0017678960344302383
BH_s09_medium,1,93,13.1,-0.7987000346183777,0.08289521114190643
BH_s09_medium,1,94,13.133333333333333,-0.8574714660644531,0.15194508834593604
BH_s09_medium,1,95,13.166666666666666,-0.9169755578041077,0.1943061098277738
BH_s09_medium,1,96,13.2,-0.9750142097473145,0.207442708107027
BH_s09_medium,1,97,13.233333333333333,-1.0337855815887451,0.19769662686749206
BH_s09_medium,1,98,13.266666666666667,-1.0424643754959106,0.17733451828772517
BH_s09_medium,1,99,13.3,-0.9963447451591492,0.15836961704207198
BH_s09_medium,1,100,13.333333333333334,-0.51800936460495,0.14603411429716193
BH_s09_medium,1,101,13.366666666666667,0.2286611646413803,0.1369572035590209
BH_s09_medium,1,102,13.4,1.0736150741577148,0.12287222969727846
BH_s09_medium,1,103,13.433333333333334,1.4347951412200928,0.09626326263185259
BH_s09_medium,1,104,13.466666666666667,1.3520585298538208,0.05507633692453925
BH_s09_medium,1,105,13.5,1.0867455005645752,0.004993068934003036
BH_s09_medium,1,106,13.533333333333333,0.8215594291687012,-0.04189009109617896
BH_s09_medium,1,107,13.566666666666666,0.6372992396354675,-0.07252547521237541
BH_s09_medium,1,108,13.6,0.515783429145813,-0.08025310134437108
BH_s09_medium,1,109,13.633333333333333,0.45701202750205994,-0.06939943249251286
BH_s09_medium,1,110,13.666666666666666,0.4006570279598236,-0.054428418729309494
BH_s09_medium,1,111,13.7,0.4006570279598236,-0.05350304913028431
BH_s09_medium,1,112,13.733333333333333,0.28069788217544556,-0.0793703880866618
BH_s09_medium,1,113,13.766666666666667,0.1059403344988823,-0.13290158078120481
BH_s09_medium,1,114,13.8,-0.02507813461124897,-0.2021036346347783
BH_s09_medium,1,115,13.833333333333334,-0.20933833718299866,-0.2663062083218371
BH_s09_medium,1,116,13.866666666666667,-0.3935985565185547,-0.30360949351766386
BH_s09_medium,1,117,13.9,-0.5151143670082092,-0.2984862027409259
BH_s09_medium,1,118,13.933333333333334,-0.6366301774978638,-0.24692113451302294
BH_s09_medium,1,119,13.966666666666667,-0.7287423610687256,-0.15744258368418046
BH_s09_medium,1,120,14.0,-0.7541729211807251,-0.047707345148633985
BH_s09_medium,1,121,14.033333333333333,-0.7914867401123047,0.06232898105100059
BH_s09_medium,1,122,14.066666666666666,-0.8542311787605286,0.15742907717580482
BH_s09_medium,1,123,14.1,-0.8677427172660828,0.22957858488421556
BH_s09_medium,1,124,14.133333333333333,-0.9265140891075134,0.2758912875547144
BH_s09_medium,1,125,14.166666666666666,-0.9797199964523315,0.29634952917741664
BH_s09_medium,1,126,14.2,-1.0424643754959106,0.2931401232477429
BH_s09_medium,1,127,14.233333333333333,-0.9217366576194763,0.2702121239385415
BH_s09_medium,1,128,14.266666666666667,-0.39039725065231323,0.2326577392818438
BH_s09_medium,1,129,14.3,0.38078877329826355,0.18664847930012718
BH_s09_medium,1,130,14.333333333333334,1.1448363065719604,0.1394143487719432
BH_s09_medium,1,131,14.366666666666667,1.4045675992965698,0.09767690158859121
BH_s09_medium,1,132,14.4,1.2608256340026855,0.06501877401140178
BH_s09_medium,1,133,14.433333333333334,0.918523907661438,0.04065976461339029
BH_s09_medium,1,134,14.466666666666667,0.6492736339569092,0.02042139807983352
BH_s09_medium,1,135,14.5,0.434821754693985,-0.0012246644620641078
BH_s09_medium,1,136,14.533333333333333,0.3379126191139221,-0.02894935087118632
BH_s09_medium,1,137,14.566666666666666,0.3379126191139221,-0.06474321267826376
BH_s09_medium,1,138,14.6,0.3379126191139221,-0.10698796409127799
BH_s09_medium,1,139,14.633333333333333,0.32522499561309814,-0.15082394546343686
BH_s09_medium,1,140,14.666666666666666,0.203709214925766,-0.18987994511460285
BH_s09_medium,1,141,14.7,0.01944899931550026,-0.21905429621642747
BH_s09_medium,1,142,14.733333333333333,-0.16481120884418488,-0.23684949774711292
BH_s09_medium,1,143,14.766666666666667,-0.34586694836616516,-0.2449305225218335
BH_s09_medium,1,144,14.8,-0.5261541604995728,-0.2454380656547682
BH_s09_medium,1,145,14.833333333333334,-0.6548474431037903,-0.23929713680146916
BH_s09_medium,1,146,14.866666666666667,-0.713618814945221,-0.22596273801933156
BH_s09_medium,1,147,14.9,-0.7914867401123047,-0.20219161843496522
BH_s09_medium,1,148,14.933333333333334,-0.831161618232727,-0.1610755885350158
BH_s09_medium,1,149,14.966666666666667,-0.8542311787605286,-0.09587385480407655
BH_s09_medium,1,150,15.0,-0.9169755578041077,-0.006972721944662839
BH_s09_medium,1,151,15.033333333333333,-0.9447313547134399,0.09555294852583761
BH_s09_medium,1,152,15.066666666666666,-1.0035027265548706,0.19561754497252581
BH_s09_medium,1,153,15.1,-1.0424643754959106,0.27672411854325457
BH_s09_medium,1,154,15.133333333333333,-1.0107909440994263,0.326646118837831
BH_s09_medium,1,155,15.166666666666666,-0.606679379940033,0.3404912901779603
BH_s09_medium,1,156,15.2,0.0873161032795906,0.32162927758740595
BH_s09_medium,1,157,15.233333333333333,0.9849450588226318,0.2801628881342942
BH_s09_medium,1,158,15.266666666666667,1.4044568538665771,0.2288576207535452
BH_s09_medium,1,159,15.3,1.3458515405654907,0.1767908488872573
BH_s09_medium,1,160,15.333333333333334,1.0441038608551025,0.12418569233381595
BH_s09_medium,1,161,15.366666666666667,0.6875579357147217,0.06427462915770231
BH_s09_medium,1,162,15.4,0.4793488681316376,-0.008697217246768908
BH_s09_medium,1,163,15.433333333333334,0.29508867859840393,-0.09276157918135405
BH_s09_medium,1,164,15.466666666666667,0.27516821026802063,-0.17662402543724237
BH_s09_medium,1,165,15.5,0.31004613637924194,-0.2424555713887197
BH_s09_medium,1,166,15.533333333333333,0.3379126191139221,-0.2721203822000005
BH_s09_medium,1,167,15.566666666666666,0.24823634326457977,-0.25581546601500776
BH_s09_medium,1,168,15.6,0.12672054767608643,-0.19907273122134092
BH_s09_medium,1,169,15.633333333333333,-0.05753966420888901,-0.12194454287590425
BH_s09_medium,1,170,15.666666666666666,-0.24179987609386444,-0.05012444430602668
BH_s09_medium,1,171,15.7,-0.4260600805282593,-0.003806510977353389
BH_s09_medium,1,172,15.733333333333333,-0.5475758910179138,0.010419464419620737
BH_s09_medium,1,173,15.766666666666667,-0.6659979224205017,0.0010328862789576237
BH_s09_medium,1,174,15.8,-0.727863073348999,-0.013730926095256024
BH_s09_medium,1,175,15.833333333333334,-0.7287423610687256,-0.014672639229583857
BH_s09_medium,1,176,15.866666666666667,-0.7287423610687256,0.009695724304913698
BH_s09_medium,1,177,15.9,-0.7786884307861328,0.05774691380148556
BH_s09_medium,1,178,15.933333333333334,-0.7914867401123047,0.11492814614945303
BH_s09_medium,1,179,15.966666666666667,-0.8542311787605286,0.160542324799611
BH_s09_medium,1,180,16.0,-0.5766342282295227,0.1779036599992381
BH_s09_medium,1,181,16.033333333333335,0.04028138518333435,0.1611529671657123
BH_s09_medium,1,182,16.066666666666666,0.7693761587142944,0.11606327490393469
BH_s09_medium,1,183,16.1,1.2685502767562866,0.05674613517546707
BH_s09_medium,1,184,16.133333333333333,1.2348089218139648,-3.784568279198517e-05
BH_s09_medium,1,185,16.166666666666668,0.9108709692955017,-0.041861328224808446
BH_s09_medium,1,186,16.2,0.5605124831199646,-0.06593779005706488
BH_s09_medium,1,187,16.233333333333334,0.26495233178138733,-0.07854719338140496
BH_s09_medium,1,188,16.266666666666666,0.14343653619289398,-0.08906689883174806
BH_s09_medium,1,189,16.3,0.0892048329114914,-0.1036624749328043
BH_s09_medium,1,190,16.333333333333332,0.21072062849998474,-0.1220629825690785
BH_s09_medium,1,191,16.366666666666667,0.2694920301437378,-0.1384079692082158
BH_s09_medium,1,192,16.4,0.21242381632328033,-0.14499040884972358
BH_s09_medium,1,193,16.433333333333334,0.05143505707383156,-0.1359052916806176
BH_s09_medium,1,194,16.466666666666665,-0.08370298147201538,-0.10895640352221414
BH_s09_medium,1,195,16.5,-0.30913931131362915,-0.06587452628007012
BH_s09_medium,1,196,16.533333333333335,-0.48942652344703674,-0.011347416676869011
BH_s09_medium,1,197,16.566666666666666,-0.6364836096763611,0.04836848379707469
BH_s09_medium,1,198,16.6,-0.7287423610687256,0.10682369490861264
BH_s09_medium,1,199,16.633333333333333,-0.7914867401123047,0.1587187098871885
BH_s09_medium,1,200,16.666666666666668,-0.8542311787605286,0.20059017878201674
BH_s09_medium,1,201,16.7,-0.8542311787605286,0.2297552609309766
BH_s09_medium,1,202,16.733333333333334,-0.8675961494445801,0.2424779864224189
BH_s09_medium,1,203,16.766666666666666,-0.8981916308403015,0.23411157184535472
BH_s09_medium,1,204,16.8,-0.5761587619781494,0.20148632437232378
BH_s09_medium,1,205,16.833333333333332,0.09561058133840561,0.14523547577991575
BH_s09_medium,1,206,16.866666666666667,0.8849226832389832,0.07051975424792553
BH_s09_medium,1,207,16.9,1.3223228454589844,-0.014228960182295775
BH_s09_medium,1,208,16.933333333333334,1.2372806072235107,-0.0996494509313928
BH_s09_medium,1,209,16.966666666666665,0.9459507465362549,-0.17694582527732852
BH_s09_medium,1,210,17.0,0.6257286071777344,-0.23823404399237
BH_s09_medium,1,211,17.033333333333335,0.3826970160007477,-0.2771009982801749
BH_s09_medium,1,212,17.066666666666666,0.23878902196884155,-0.2897187327247844
BH_s09_medium,1,213,17.1,0.21242381632328033,-0.27570278282893607
BH_s09_medium,1,214,17.133333333333333,0.21242381632328033,-0.2382727625615595
BH_s09_medium,1,215,17.166666666666668,0.21242381632328033,-0.1837480319789239
BH_s09_medium,1,216,17.2,0.1919366866350174,-0.12048831822968697
BH_s09_medium,1,217,17.233333333333334,0.0076764835976064205,-0.05745244346175326
BH_s09_medium,1,218,17.266666666666666,-0.12638039886951447,-0.0024261091205276903
BH_s09_medium,1,219,17.3,-0.30666759610176086,0.04009998347689925
BH_s09_medium,1,220,17.333333333333332,-0.48235973715782166,0.07060149185775406
BH_s09_medium,1,221,17.366666666666667,-0.6038755178451538,0.09428163816438001
BH_s09_medium,1,222,17.4,-0.7253913283348083,0.11861833704787973
BH_s09_medium,1,223,17.433333333333334,-0.784162700176239,0.14966342406016248
BH_s09_medium,1,224,17.466666666666665,-0.8429341316223145,0.18874915795362818
BH_s09_medium,1,225,17.5,-0.8542311787605286,0.23158746405227898
BH_s09_medium,1,226,17.533333333333335,-0.8977324962615967,0.2698846812844763
BH_s09_medium,1,227,17.566666666666666,-0.9169755578041077,0.2937395756832506
BH_s09_medium,1,228,17.6,-0.9441646933555603,0.29404062278082865
BH_s09_medium,1,229,17.633333333333333,-0.6335753798484802,0.2651663457421638
BH_s09_medium,1,230,17.666666666666668,0.06435724347829819,0.20723063083695395
BH_s09_medium,1,231,17.7,0.8561964631080627,0.1261684820502182
BH_s09_medium,1,232,17.733333333333334,1.4242308139801025,0.03151679329722856
BH_s09_medium,1,233,17.766666666666666,1.43593168258667,-0.06665083661858678
BH_s09_medium,1,234,17.8,1.1929000616073608,-0.16022492177333308
BH_s09_medium,1,235,17.833333333333332,0.9498684406280518,-0.243948240795652
BH_s09_medium,1,236,17.866666666666667,0.7695812582969666,-0.31454330737811886
BH_s09_medium,1,237,17.9,0.5890921354293823,-0.36884230383499456
BH_s09_medium,1,238,17.933333333333334,0.526145875453949,-0.40224426395159
BH_s09_medium,1,239,17.966666666666665,0.4634014368057251,-0.4090514297018481
BH_s09_medium,1,240,18.0,0.41277799010276794,-0.384598951205548
BH_s09_medium,1,241,18.033333333333335,0.3540066182613373,-0.3274712200817077
BH_s09_medium,1,242,18.066666666666666,0.18981339037418365,-0.24067497197407145
BH_s09_medium,1,243,18.1,0.009526203386485577,-0.1314774580522129
BH_s09_medium,1,244,18.133333333333333,-0.13602961599826813,-0.010100062729283632
BH_s09_medium,1,245,18.166666666666668,-0.32028982043266296,0.11211925173440793
BH_s09_medium,1,246,18.2,-0.4418056309223175,0.2245064607587187
BH_s09_medium,1,247,18.233333333333334,-0.5633214116096497,0.31831973328248053
BH_s09_medium,1,248,18.266666666666666,-0.6220927834510803,0.38717827992888404
BH_s09_medium,1,249,18.3,-0.6659979224205017,0.4265063491123521
BH_s09_medium,1,250,18.333333333333332,-0.7287423610687256,0.4327877611482452
BH_s09_medium,1,251,18.366666666666667,-0.735662579536438,0.4041404185359082
BH_s09_medium,1,252,18.4,-0.7914867401123047,0.3421094874999529
BH_s09_medium,1,253,18.433333333333334,-0.8532053232192993,0.2529733540342851
BH_s09_medium,1,254,18.466666666666665,-0.8542311787605286,0.1476629513561016
BH_s09_medium,1,255,18.5,-0.8004586100578308,0.04042669266353243
BH_s09_medium,1,256,18.533333333333335,-0.2915113866329193,-0.05384018763144555
BH_s09_medium,1,257,18.566666666666666,0.4704650640487671,-0.12380964401476886
BH_s09_medium,1,258,18.6,1.2792221307754517,-0.1658204816510233
BH_s09_medium,1,259,18.633333333333333,1.5928008556365967,-0.18468001763321415
BH_s09_medium,1,260,18.666666666666668,1.462241530418396,-0.19068778130609138
BH_s09_medium,1,261,18.7,1.219209909439087,-0.19522500990832425
BH_s09_medium,1,262,18.733333333333334,1.038922667503357,-0.20650533255615774
BH_s09_medium,1,263,18.766666666666666,0.8806239366531372,-0.2260315445471391
BH_s09_medium,1,264,18.8,0.7591081261634827,-0.24717236219594546
BH_s09_medium,1,265,18.833333333333332,0.6375923156738281,-0.257855065243019
BH_s09_medium,1,266,18.866666666666667,0.5788209438323975,-0.2466446925267374
BH_s09_medium,1,267,18.9,0.520049512386322,-0.20885593736702604
BH_s09_medium,1,268,18.933333333333334,0.39641043543815613,-0.149628916743464
BH_s09_medium,1,269,18.966666666666665,0.21427352726459503,-0.08188686013797297
BH_s09_medium,1,270,19.0,-0.026908347383141518,-0.02016607530277565
BH_s09_medium,1,271,19.033333333333335,-0.15424688160419464,0.025843127096480817
BH_s09_medium,1,272,19.066666666666666,-0.3247383236885071,0.05506911195518629
BH_s09_medium,1,273,19.1,-0.460022896528244,0.07468673342467175
BH_s09_medium,1,274,19.133333333333333,-0.5187942981719971,0.09589881133802841
BH_s09_medium,1,275,19.166666666666668,-0.6032535433769226,0.1278479629342128
BH_s09_medium,1,276,19.2,-0.6363370418548584,0.17244539691169364
BH_s09_medium,1,277,19.233333333333334,-0.6951084733009338,0.22310485028064048
BH_s09_medium,1,278,19.266666666666666,-0.7538798451423645,0.2677243214772488
BH_s09_medium,1,279,19.3,-0.7914867401123047,0.2935662654778484
BH_s09_medium,1,280,19.333333333333332,-0.8542311787605286,0.29188463321251484
BH_s09_medium,1,281,19.366666666666667,-0.8674495816230774,0.26080856837599914
BH_s09_medium,1,282,19.4,-0.9262210130691528,0.2056792952000045
BH_s09_medium,1,283,19.433333333333334,-0.9691751599311829,0.13684239265758671
BH_s09_medium,1,284,19.466666666666665,-0.6595009565353394,0.06595996594134716
BH_s09_medium,1,285,19.5,0.008148787543177605,0.002729500285169648
BH_s09_medium,1,286,19.533333333333335,0.918830156326294,-0.047179407808514984
BH_s09_medium,1,287,19.566666666666666,1.5609418153762817,-0.08333722037497515
BH_s09_medium,1,288,19.6,1.6555452346801758,-0.1103372062905433
BH_s09_medium,1,289,19.633333333333333,1.4416990280151367,-0.1347590684443488
BH_s09_medium,1,290,19.666666666666668,1.1986674070358276,-0.1608172457983438
BH_s09_medium,1,291,19.7,0.9918684959411621,-0.18875008578125654
BH_s09_medium,1,292,19.733333333333334,0.8703526854515076,-0.21622248745038253
BH_s09_medium,1,293,19.766666666666666,0.748836874961853,-0.2392241056017234
BH_s09_medium,1,294,19.8,0.651634693145752,-0.25187784399946195
BH_s09_medium,1,295,19.833333333333332,0.5888902544975281,-0.24765497940135334
BH_s09_medium,1,296,19.866666666666667,0.5097783207893372,-0.22216721828957542
BH_s09_medium,1,297,19.9,0.32551810145378113,-0.17526169173754064
BH_s09_medium,1,298,19.933333333333334,0.13283637166023254,-0.11131588812522754
BH_s09_medium,1,299,19.966666666666665,-0.04300232231616974,-0.038059857161285356
BH_s09_medium,2,0,20.0,-0.16499359905719757,-0.049113901232514176
BH_s09_medium,2,1,20.033333333333335,-0.3487783372402191,-2.4739139759731357
BH_s09_medium,2,2,20.066666666666666,-0.41502028703689575,-4.5644733027300175
BH_s09_medium,2,3,20.1,-0.5290654897689819,-6.049230207051921
BH_s09_medium,2,4,20.133333333333333,-0.5878369212150574,-6.7865819542061985
BH_s09_medium,2,5,20.166666666666668,-0.6032535433769226,-6.789043232547497
BH_s09_medium,2,6,20.2,-0.6659979224205017,-6.186907086961203
BH_s09_medium,2,7,20.233333333333334,-0.7287423610687256,-5.172644987048504
BH_s09_medium,2,8,20.266666666666666,-0.7914867401123047,-3.9518913594166594
BH_s09_medium,2,9,20.3,-0.8542311787605286,-2.705721406077634
BH_s09_medium,2,10,20.333333333333332,-0.9169755578041077,-1.5673328267202833
BH_s09_medium,2,11,20.366666666666667,-0.9364922046661377,-0.6154259819320955
BH_s09_medium,2,12,20.4,-0.9797199964523315,0.11925711151751602
BH_s09_medium,2,13,20.433333333333334,-1.0424643754959106,0.6422535580793932
BH_s09_medium,2,14,20.466666666666665,-1.0424643754959106,0.9833166300663293
BH_s09_medium,2,15,20.5,-1.0388398170471191,1.1845715983538865
BH_s09_medium,2,16,20.533333333333335,-0.7301360964775085,1.2898477549984941
BH_s09_medium,2,17,20.566666666666666,-0.0017381662037223577,1.3367903168051583
BH_s09_medium,2,18,20.6,0.9617453217506409,1.3522149266559897
BH_s09_medium,2,19,20.633333333333333,1.6064752340316772,1.3502326876092343
BH_s09_medium,2,20,20.666666666666668,1.6717857122421265,1.3328107216855032
BH_s09_medium,2,21,20.7,1.4449946880340576,1.292733486530717
BH_s09_medium,2,22,20.733333333333334,1.2019630670547485,1.21845989400691
BH_s09_medium,2,23,20.766666666666666,0.9935163259506226,1.0998912144399706
BH_s09_medium,2,24,20.8,0.872000515460968,0.9338064342200312
BH_s09_medium,2,25,20.833333333333332,0.7504847049713135,0.7275687001868221
BH_s09_medium,2,26,20.866666666666667,0.6917133331298828,0.49968887704536497
BH_s09_medium,2,27,20.9,0.651634693145752,0.2760859425116494
BH_s09_medium,2,28,20.933333333333334,0.5741705298423767,0.08306980074870096
BH_s09_medium,2,29,20.966666666666665,0.37916362285614014,-0.059898851700983254
BH_s09_medium,2,30,21.0,0.19887642562389374,-0.14500351367332207
BH_s09_medium,2,31,21.033333333333335,-0.03855382651090622,-0.17666215257666026
BH_s09_medium,2,32,21.066666666666666,-0.16169793903827667,-0.16796550477898137
BH_s09_medium,2,33,21.1,-0.2843860983848572,-0.13478623350560232
BH_s09_medium,2,34,21.133333333333333,-0.40590187907218933,-0.09024962369251409
BH_s09_medium,2,35,21.166666666666668,-0.47776469588279724,-0.042531962996966065
BH_s09_medium,2,36,21.2,-0.5405091047286987,0.0036366905104050183
BH_s09_medium,2,37,21.233333333333334,-0.6032535433769226,0.044002445621584986
BH_s09_medium,2,38,21.266666666666666,-0.6659979224205017,0.07258961675040376
BH_s09_medium,2,39,21.3,-0.7287423610687256,0.08194224774201314
BH_s09_medium,2,40,21.333333333333332,-0.8212746381759644,0.065688404199902
BH_s09_medium,2,41,21.366666666666667,-0.880046010017395,0.02156319019557079
BH_s09_medium,2,42,21.4,-0.9388174414634705,-0.046160445961208656
BH_s09_medium,2,43,21.433333333333334,-0.9797199964523315,-0.12488089686032065
BH_s09_medium,2,44,21.466666666666665,-1.0424643754959106,-0.19410415373893286
BH_s09_medium,2,45,21.5,-1.1052087545394897,-0.23080932108401864
BH_s09_medium,2,46,21.533333333333335,-1.030564785003662,-0.21825663699541148
BH_s09_medium,2,47,21.566666666666666,-0.5894162058830261,-0.15278891481321236
BH_s09_medium,2,48,21.6,0.2004462331533432,-0.045651999028798844
BH_s09_medium,2,49,21.633333333333333,1.1118049621582031,0.08002616922995694
BH_s09_medium,2,50,21.666666666666668,1.5101717710494995,0.1957751436654559
BH_s09_medium,2,51,21.7,1.4323982000350952,0.2756251581862333
BH_s09_medium,2,52,21.733333333333334,1.1445106267929077,0.30288790323850867
BH_s09_medium,2,53,21.766666666666666,0.8835906386375427,0.2737507677569741
BH_s09_medium,2,54,21.8,0.7033034563064575,0.19674944432601843
BH_s09_medium,2,55,21.833333333333332,0.5559532642364502,0.08850936518267052
BH_s09_medium,2,56,21.866666666666667,0.49718186259269714,-0.032363031585232405
BH_s09_medium,2,57,21.9,0.4634014368057251,-0.15026963361452972
BH_s09_medium,2,58,21.933333333333334,0.4634014368057251,-0.25498651895085683
BH_s09_medium,2,59,21.966666666666665,0.3665671944618225,-0.3416171303018791
BH_s09_medium,2,60,22.0,0.1862799972295761,-0.40876391857726724
BH_s09_medium,2,61,22.033333333333335,-0.03855382651090622,-0.45577607458104397
BH_s09_medium,2,62,22.066666666666666,-0.1742943674325943,-0.4806224710861232
BH_s09_medium,2,63,22.1,-0.3534287214279175,-0.48026812643044436
BH_s09_medium,2,64,22.133333333333333,-0.474944531917572,-0.45268754613274576
BH_s09_medium,2,65,22.166666666666668,-0.5964603424072266,-0.397177444524186
BH_s09_medium,2,66,22.2,-0.6552317142486572,-0.3131849026650182
BH_s09_medium,2,67,22.233333333333334,-0.7140030860900879,-0.20133311827005698
BH_s09_medium,2,68,22.266666666666666,-0.7287423610687256,-0.06668456678370022
BH_s09_medium,2,69,22.3,-0.7914867401123047,0.07943192819103263
BH_s09_medium,2,70,22.333333333333332,-0.8275728821754456,0.22074880626779986
BH_s09_medium,2,71,22.366666666666667,-0.8863442540168762,0.3398376942996979
BH_s09_medium,2,72,22.4,-0.9451156258583069,0.4229785461840351
BH_s09_medium,2,73,22.433333333333334,-1.0038870573043823,0.4643716522013395
BH_s09_medium,2,74,22.466666666666665,-1.062658429145813,0.46784452795966613
BH_s09_medium,2,75,22.5,-1.1052087545394897,0.4445070771712317
BH_s09_medium,2,76,22.533333333333335,-0.930728018283844,0.4074627064572091
BH_s09_medium,2,77,22.566666666666666,-0.3026260435581207,0.3670908902949621
BH_s09_medium,2,78,22.6,0.5562595129013062,0.32869782359454297
BH_s09_medium,2,79,22.633333333333333,1.342481017112732,0.29225648075556593
BH_s09_medium,2,80,22.666666666666668,1.5264123678207397,0.2538548135066225
BH_s09_medium,2,81,22.7,1.2943129539489746,0.2085031250992096
BH_s09_medium,2,82,22.733333333333334,0.9885370135307312,0.15341124893646002
BH_s09_medium,2,83,22.766666666666666,0.6827609539031982,0.09045042465946512
BH_s09_medium,2,84,22.8,0.502473771572113,0.026187866344535873
BH_s09_medium,2,85,22.833333333333332,0.4006570279598236,-0.0320363541287498
BH_s09_medium,2,86,22.866666666666667,0.4006570279598236,-0.08219394862049689
BH_s09_medium,2,87,22.9,0.4319462180137634,-0.13107907776806338
BH_s09_medium,2,88,22.933333333333334,0.4006570279598236,-0.1918681213586508
BH_s09_medium,2,89,22.966666666666665,0.31456950306892395,-0.274648692884415
BH_s09_medium,2,90,23.0,0.11093916743993759,-0.3755924245426913
BH_s09_medium,2,91,23.033333333333335,-0.053950924426317215,-0.47580804050967423
BH_s09_medium,2,92,23.066666666666666,-0.23821114003658295,-0.5501487424065715
BH_s09_medium,2,93,23.1,-0.4224713444709778,-0.575465718848934
BH_s09_medium,2,94,23.133333333333333,-0.5405091047286987,-0.5352270802233365
BH_s09_medium,2,95,23.166666666666668,-0.602758526802063,-0.4254536304905812
BH_s09_medium,2,96,23.2,-0.6032535433769226,-0.2601029798184804
BH_s09_medium,2,97,23.233333333333334,-0.6659979224205017,-0.06752927440356107
BH_s09_medium,2,98,23.266666666666666,-0.6659979224205017,0.12119421284657643
BH_s09_medium,2,99,23.3,-0.7123552560806274,0.28222445432493903
BH_s09_medium,2,100,23.333333333333332,-0.7287423610687256,0.4020223588148444
BH_s09_medium,2,101,23.366666666666667,-0.7671536207199097,0.4743346935352446
BH_s09_medium,2,102,23.4,-0.8259250521659851,0.49508412992209344
BH_s09_medium,2,103,23.433333333333334,-0.8542311787605286,0.46122875593652063
BH_s09_medium,2,104,23.466666666666665,-0.8012466430664062,0.3740828369037529
BH_s09_medium,2,105,23.5,-0.34264934062957764,0.2419280664870163
BH_s09_medium,2,106,23.533333333333335,0.40499165654182434,0.0800574513768676
BH_s09_medium,2,107,23.566666666666666,1.163711428642273,-0.08981984215278144
BH_s09_medium,2,108,23.6,1.4567118883132935,-0.2413643260805782
BH_s09_medium,2,109,23.633333333333333,1.2658244371414185,-0.3494197957271907
BH_s09_medium,2,110,23.666666666666668,0.8973040580749512,-0.39811751875994633
BH_s09_medium,2,111,23.7,0.5928469300270081,-0.3852533273071181
BH_s09_medium,2,112,23.733333333333334,0.3484964668750763,-0.32095479032231966
BH_s09_medium,2,113,23.766666666666666,0.28443315625190735,-0.22313279054652185
BH_s09_medium,2,114,23.8,0.32467466592788696,-0.11185299183759648
BH_s09_medium,2,115,23.833333333333332,0.4006570279598236,-0.003928470160818366
BH_s09_medium,2,116,23.866666666666667,0.421841025352478,0.09071417977888895
BH_s09_medium,2,117,23.9,0.32548224925994873,0.1693364157161879
BH_s09_medium,2,118,23.933333333333334,0.14519506692886353,0.23377509935750115
BH_s09_medium,2,119,23.966666666666665,-0.005450771190226078,0.2871680603892649
BH_s09_medium,2,120,24.0,-0.18971097469329834,0.33152200163296625
BH_s09_medium,2,121,24.033333333333335,-0.37397119402885437,0.366555820199933
BH_s09_medium,2,122,24.066666666666666,-0.47776469588279724,0.3895633568462215
BH_s09_medium,2,123,24.1,-0.5405091047286987,0.39549953998617154
BH_s09_medium,2,124,24.133333333333333,-0.6032535433769226,0.3774812524640318
BH_s09_medium,2,125,24.166666666666668,-0.6032535433769226,0.32881597692322767
BH_s09_medium,2,126,24.2,-0.605083703994751,0.246001025888577
BH_s09_medium,2,127,24.233333333333334,-0.6659979224205017,0.13054907375994287
BH_s09_medium,2,128,24.266666666666666,-0.7226265072822571,-0.011024037676384945
BH_s09_medium,2,129,24.3,-0.7287423610687256,-0.16810650228158508
BH_s09_medium,2,130,24.333333333333332,-0.519950270652771,-0.32690396003182565
BH_s09_medium,2,131,24.366666666666667,0.10421448200941086,-0.47078105598209236
BH_s09_medium,2,132,24.4,0.9367901682853699,-0.5810909128632619
BH_s09_medium,2,133,24.433333333333334,1.577602505683899,-0.6408336911721418
BH_s09_medium,2,134,24.466666666666665,1.6227548122406006,-0.6400451204263067
BH_s09_medium,2,135,24.5,1.3808597326278687,-0.5785654113043907
BH_s09_medium,2,136,24.533333333333335,1.0411566495895386,-0.4652674981282494
BH_s09_medium,2,137,24.566666666666666,0.756252110004425,-0.31641898568916116
BH_s09_medium,2,138,24.6,0.5719918608665466,-0.15339202950971825
BH_s09_medium,2,139,24.633333333333333,0.526145875453949,0.0025167356387007724
BH_s09_medium,2,140,24.666666666666668,0.526145875453949,0.13646631610662857
BH_s09_medium,2,141,24.7,0.526145875453949,0.24233920254379954
BH_s09_medium,2,142,24.733333333333334,0.525139570236206,0.3201217531644863
BH_s09_medium,2,143,24.766666666666666,0.34384608268737793,0.3723128959502763
BH_s09_medium,2,144,24.8,0.10081447660923004,0.40169351275822757
BH_s09_medium,2,145,24.833333333333332,-0.09038547426462173,0.41062336800278404
BH_s09_medium,2,146,24.866666666666667,-0.25975990295410156,0.4014508241648825
BH_s09_medium,2,147,24.9,-0.44004708528518677,0.3772130886490488
BH_s09_medium,2,148,24.933333333333334,-0.5405091047286987,0.3416727219131908
BH_s09_medium,2,149,24.966666666666665,-0.6032535433769226,0.2978805290504799
BH_s09_medium,2,150,25.0,-0.6659979224205017,0.24628004574239473
BH_s09_medium,2,151,25.033333333333335,-0.6659979224205017,0.18492780250263383
BH_s09_medium,2,152,25.066666666666666,-0.7287423610687256,0.11164341643540354
BH_s09_medium,2,153,25.1,-0.7487898468971252,0.02519442765471463
BH_s09_medium,2,154,25.133333333333333,-0.7914867401123047,-0.07456928436503524
BH_s09_medium,2,155,25.166666666666668,-0.7551823854446411,-0.18494087478385512
BH_s09_medium,2,156,25.2,-0.2407609075307846,-0.29757639847591333
BH_s09_medium,2,157,25.233333333333334,0.6221335530281067,-0.39855541344625256
BH_s09_medium,2,158,25.266666666666666,1.5307859182357788,-0.47197472895367154
BH_s09_medium,2,159,25.3,1.8989416360855103,-0.504388844269447
BH_s09_medium,2,160,25.333333333333332,1.7887977361679077,-0.488353148512075
BH_s09_medium,2,161,25.366666666666667,1.4397776126861572,-0.42462628783047784
BH_s09_medium,2,162,25.4,1.1850093603134155,-0.3222701946939241
BH_s09_medium,2,163,25.433333333333334,1.0047221183776855,-0.1957105350821528
BH_s09_medium,2,164,25.466666666666665,0.8635236620903015,-0.06000368491420078
BH_s09_medium,2,165,25.5,0.742007851600647,0.072525119267652
BH_s09_medium,2,166,25.533333333333335,0.714379072189331,0.19298858524815907
BH_s09_medium,2,167,25.566666666666666,0.651634693145752,0.29484901529308605
BH_s09_medium,2,168,25.6,0.5424970984458923,0.37248856920855744
BH_s09_medium,2,169,25.633333333333333,0.36220988631248474,0.42107114925529004
BH_s09_medium,2,170,25.666666666666668,0.11917829513549805,0.43775385640563963
BH_s09_medium,2,171,25.7,-0.04983136057853699,0.42272740377754425
BH_s09_medium,2,172,25.733333333333334,-0.23409156501293182,0.37923898537052897
BH_s09_medium,2,173,25.766666666666666,-0.35560736060142517,0.31265455373236284
BH_s09_medium,2,174,25.8,-0.4771231710910797,0.22911662014680376
BH_s09_medium,2,175,25.833333333333332,-0.5405091047286987,0.1347134806503266
BH_s09_medium,2,176,25.866666666666667,-0.6032535433769226,0.035242619609964464
BH_s09_medium,2,177,25.9,-0.6659979224205017,-0.06417129630622838
BH_s09_medium,2,178,25.933333333333334,-0.7287423610687256,-0.15928820136331523
BH_s09_medium,2,179,25.966666666666665,-0.7914867401123047,-0.24551632994319503
BH_s09_medium,2,180,26.0,-0.8542311787605286,-0.3163034189427179
BH_s09_medium,2,181,26.033333333333335,-0.7856476902961731,-0.3642981107184662
BH_s09_medium,2,182,26.066666666666666,-0.2958523631095886,-0.3845767490067014
BH_s09_medium,2,183,26.1,0.4859338402748108,-0.375563870250804
BH_s09_medium,2,184,26.133333333333333,1.4133148193359375,-0.3376374890857962
BH_s09_medium,2,185,26.166666666666668,1.862178087234497,-0.2737299479216321
BH_s09_medium,2,186,26.2,1.8004984855651855,-0.1917127498050955
BH_s09_medium,2,187,26.233333333333334,1.4986954927444458,-0.103866934129836
BH_s09_medium,2,188,26.266666666666666,1.2098537683486938,-0.022804253313371006
BH_s09_medium,2,189,26.3,1.0255935192108154,0.04249951996880758
BH_s09_medium,2,190,26.333333333333332,0.8427987694740295,0.08846539356037478
BH_s09_medium,2,191,26.366666666666667,0.7198175191879272,0.11643794965668063
BH_s09_medium,2,192,26.4,0.6610461473464966,0.13084204525238424
BH_s09_medium,2,193,26.433333333333334,0.6022747755050659,0.13746538038835407
BH_s09_medium,2,194,26.466666666666665,0.4807589650154114,0.1421989942596113
BH_s09_medium,2,195,26.5,0.25508490204811096,0.14938247860813345
BH_s09_medium,2,196,26.533333333333335,0.012053292244672775,0.16027538730047666
BH_s09_medium,2,197,26.566666666666666,-0.10548948496580124,0.17345928438412875
BH_s09_medium,2,198,26.6,-0.34852108359336853,0.18697690976962608
BH_s09_medium,2,199,26.633333333333333,-0.5032864809036255,0.2000554791662231
BH_s09_medium,2,200,26.666666666666668,-0.62480229139328,0.21322441206943568
BH_s09_medium,2,201,26.7,-0.6835736632347107,0.2269057585228903
BH_s09_medium,2,202,26.733333333333334,-0.7914867401123047,0.23926329375674163
BH_s09_medium,2,203,26.766666666666666,-0.8542311787605286,0.24461955649955225
BH_s09_medium,2,204,26.8,-0.8598878383636475,0.2335747805706446
BH_s09_medium,2,205,26.833333333333332,-0.9186592102050781,0.19549948044474982
BH_s09_medium,2,206,26.866666666666667,-0.9797199964523315,0.12276225811787916
BH_s09_medium,2,207,26.9,-1.098946452140808,0.01483291750477262
BH_s09_medium,2,208,26.933333333333334,-1.1679532527923584,-0.11935857201348107
BH_s09_medium,2,209,26.966666666666665,-1.0223451852798462,-0.2618627159798564
BH_s09_medium,2,210,27.0,-0.398620069026947,-0.3892730400688001
BH_s09_medium,2,211,27.033333333333335,0.5777334570884705,-0.47887903680951593
BH_s09_medium,2,212,27.066666666666666,1.4621634483337402,-0.5155197222481609
BH_s09_medium,2,213,27.1,1.781033992767334,-0.49620968829135603
BH_s09_medium,2,214,27.133333333333333,1.598203420639038,-0.4304288536467124
BH_s09_medium,2,215,27.166666666666668,1.2677295207977295,-0.335255875755154
BH_s09_medium,2,216,27.2,0.9866514205932617,-0.22775923163063477
BH_s09_medium,2,217,27.233333333333334,0.8063642382621765,-0.1197448652588498
BH_s09_medium,2,218,27.266666666666666,0.6388558745384216,-0.01701517964806712
BH_s09_medium,2,219,27.3,0.5888902544975281,0.07810163247870654
BH_s09_medium,2,220,27.333333333333332,0.5888902544975281,0.1632673454526758
BH_s09_medium,2,221,27.366666666666667,0.525286078453064,0.2344575370898285
BH_s09_medium,2,222,27.4,0.4037702977657318,0.2867536550642844
BH_s09_medium,2,223,27.433333333333334,0.21951009333133698,0.31603751593530904
BH_s09_medium,2,224,27.466666666666665,-0.01643521897494793,0.3206222180616768
BH_s09_medium,2,225,27.5,-0.19672240316867828,0.30268768329496126
BH_s09_medium,2,226,27.533333333333335,-0.3770096004009247,0.2686215920455832
BH_s09_medium,2,227,27.566666666666666,-0.5175307393074036,0.2268209540672558
BH_s09_medium,2,228,27.6,-0.6032535433769226,0.18360973742960982
BH_s09_medium,2,229,27.633333333333333,-0.6659979224205017,0.13992347043876013
BH_s09_medium,2,230,27.666666666666668,-0.6938449144363403,0.09089314587352623
BH_s09_medium,2,231,27.7,-0.7287423610687256,0.029404102488918858
BH_s09_medium,2,232,27.733333333333334,-0.7287423610687256,-0.04803696691117253
BH_s09_medium,2,233,27.766666666666666,-0.7914867401123047,-0.13717005867741405
BH_s09_medium,2,234,27.8,-0.8542311787605286,-0.2255445443761533
BH_s09_medium,2,235,27.833333333333332,-0.8382673859596252,-0.29522344182219223
BH_s09_medium,2,236,27.866666666666667,-0.45371150970458984,-0.3281407491662706
BH_s09_medium,2,237,27.9,0.27541911602020264,-0.3137160019945938
BH_s09_medium,2,238,27.933333333333334,1.1260297298431396,-0.2551889091938549
BH_s09_medium,2,239,27.966666666666665,1.5142359733581543,-0.16877884702445134
BH_s09_medium,2,240,28.0,1.4283339977264404,-0.0758659893853434
BH_s09_medium,2,241,28.033333333333335,1.0756698846817017,0.005540352647802456
BH_s09_medium,2,242,28.066666666666666,0.6912931799888611,0.06615446376240619
BH_s09_medium,2,243,28.1,0.424459308385849,0.10692564960721396
BH_s09_medium,2,244,28.133333333333333,0.30294352769851685,0.13679502141178793
BH_s09_medium,2,245,28.166666666666668,0.27516821026802063,0.16743074528329752
BH_s09_medium,2,246,28.2,0.3379126191139221,0.20695803710159363
BH_s09_medium,2,247,28.233333333333334,0.37760698795318604,0.25559143521514915
BH_s09_medium,2,248,28.266666666666666,0.2560911774635315,0.30485480748789145
BH_s09_medium,2,249,28.3,0.07183098047971725,0.34052156451636006
BH_s09_medium,2,250,28.333333333333332,-0.060815807431936264,0.34776817210327576
BH_s09_medium,2,251,28.366666666666667,-0.30384740233421326,0.3157473772036467
BH_s09_medium,2,252,28.4,-0.48413458466529846,0.24030004098726732
BH_s09_medium,2,253,28.433333333333334,-0.6652098298072815,0.12523031592886424
BH_s09_medium,2,254,28.466666666666665,-0.7287423610687256,-0.017882166716655278
BH_s09_medium,2,255,28.5,-0.7914867401123047,-0.17186690469762683
BH_s09_medium,2,256,28.533333333333335,-0.7914867401123047,-0.3175720870273911
BH_s09_medium,2,257,28.566666666666666,-0.8542311787605286,-0.43730593885201824
BH_s09_medium,2,258,28.6,-0.8542311787605286,-0.5174772805304253
BH_s09_medium,2,259,28.633333333333333,-0.892349362373352,-0.550808415626212
BH_s09_medium,2,260,28.666666666666668,-0.9169755578041077,-0.5375997027743664
BH_s09_medium,2,261,28.7,-0.6707980036735535,-0.48470096604010965
BH_s09_medium,2,262,28.733333333333334,0.01935146562755108,-0.4025727674483156
BH_s09_medium,2,263,28.766666666666666,0.9549326300621033,-0.3024776425014235
BH_s09_medium,2,264,28.8,1.773048996925354,-0.19458332492232053
BH_s09_medium,2,265,28.833333333333332,1.8922427892684937,-0.08638316856922294
BH_s09_medium,2,266,28.866666666666667,1.6246240139007568,0.018216661741673343
BH_s09_medium,2,267,28.9,1.2664107084274292,0.117891824740377
BH_s09_medium,2,268,28.933333333333334,1.0233790874481201,0.21153889381345464
BH_s09_medium,2,269,28.966666666666665,0.780347466468811,0.2968084122852355
BH_s09_medium,2,270,29.0,0.6572197079658508,0.37020262741078985
BH_s09_medium,2,271,29.033333333333335,0.651634693145752,0.4276876372977516
BH_s09_medium,2,272,29.066666666666666,0.6024212837219238,0.4653953731408242
BH_s09_medium,2,273,29.1,0.5436499118804932,0.48072799547915246
BH_s09_medium,2,274,29.133333333333333,0.38086679577827454,0.47348340088208496
BH_s09_medium,2,275,29.166666666666668,0.13783520460128784,0.44599614265857873
BH_s09_medium,2,276,29.2,-0.07187511026859283,0.4020804607141458
BH_s09_medium,2,277,29.233333333333334,-0.28548359870910645,0.34541824107566454
BH_s09_medium,2,278,29.266666666666666,-0.5031399130821228,0.278313153444186
BH_s09_medium,2,279,29.3,-0.6246557235717773,0.20178691352672054
BH_s09_medium,2,280,29.333333333333332,-0.7287423610687256,0.1166159011471617
BH_s09_medium,2,281,29.366666666666667,-0.7914867401123047,0.023656736604930333
BH_s09_medium,2,282,29.4,-0.8009698987007141,-0.07628755976486587
BH_s09_medium,2,283,29.433333333333334,-0.8542311787605286,-0.18100924280697303
BH_s09_medium,2,284,29.466666666666665,-0.9169755578041077,-0.28445093217958745
BH_s09_medium,2,285,29.5,-0.9169755578041077,-0.37641590307732964
BH_s09_medium,2,286,29.533333333333335,-0.9797199964523315,-0.44511641968602034
BH_s09_medium,2,287,29.566666666666666,-0.9901019334793091,-0.4805782810965615
BH_s09_medium,2,288,29.6,-0.5495394468307495,-0.4775372036706558
BH_s09_medium,2,289,29.633333333333333,0.36119407415390015,-0.43736212860261353
BH_s09_medium,2,290,29.666666666666668,1.4143928289413452,-0.36819540254590377
BH_s09_medium,2,291,29.7,2.0786783695220947,-0.2823249141015919
BH_s09_medium,2,292,29.733333333333334,2.092505693435669,-0.19198296567501866
BH_s09_medium,2,293,29.766666666666666,1.7582054138183594,-0.1066813117227722
BH_s09_medium,2,294,29.8,1.4182093143463135,-0.03288306497108993
BH_s09_medium,2,295,29.833333333333332,1.1751776933670044,0.025632690774491613
BH_s09_medium,2,296,29.866666666666667,0.9487514495849609,0.06753210060616908
BH_s09_medium,2,297,29.9,0.8272356390953064,0.09356093508505473
BH_s09_medium,2,298,29.933333333333334,0.714379072189331,0.10604094988038347
BH_s09_medium,2,299,29.966666666666665,0.6469484567642212,0.10848430033582109
BH_s09_medium,3,0,30.0,0.5254326462745667,0.022944518645836125
BH_s09_medium,3,1,30.033333333333335,0.3444322347640991,-2.36223222515251
BH_s09_medium,3,2,30.066666666666666,0.10140065103769302,-4.420130325972566
BH_s09_medium,3,3,30.1,-0.14163094758987427,-5.882649417428356
BH_s09_medium,3,4,30.133333333333333,-0.38466253876686096,-6.6094572505150735
BH_s09_medium,3,5,30.166666666666668,-0.5649497509002686,-6.613426897131355
BH_s09_medium,3,6,30.2,-0.7056174278259277,-6.026718225203091
BH_s09_medium,3,7,30.233333333333334,-0.8271332383155823,-5.0452530374148274
BH_s09_medium,3,8,30.266666666666666,-0.8542311787605286,-3.877309265034248
BH_s09_medium,3,9,30.3,-0.9169755578041077,-2.704222411313178
BH_s09_medium,3,10,30.333333333333332,-0.9797199964523315,-1.6571561759862756
BH_s09_medium,3,11,30.366666666666667,-1.0424643754959106,-0.8104577663747881
BH_s09_medium,3,12,30.4,-1.1052087545394897,-0.1874540943308679
BH_s09_medium,3,13,30.433333333333334,-1.1679532527923584,0.22855132025274838
BH_s09_medium,3,14,30.466666666666665,-1.2306976318359375,0.4818253852413611
BH_s09_medium,3,15,30.5,-1.2857173681259155,0.6299445729692573
BH_s09_medium,3,16,30.533333333333335,-0.917418360710144,0.7290978768809613
BH_s09_medium,3,17,30.566666666666666,-0.07122359424829483,0.8223162994771702
BH_s09_medium,3,18,30.6,0.9555904865264893,0.9326438800986386
BH_s09_medium,3,19,30.633333333333333,1.7329150438308716,1.0618034153784912
BH_s09_medium,3,20,30.666666666666668,1.79703688621521,1.1945367826313786
BH_s09_medium,3,21,30.7,1.4644949436187744,1.308388947491266
BH_s09_medium,3,22,30.733333333333334,1.0999475717544556,1.3849745689240378
BH_s09_medium,3,23,30.766666666666666,0.7702227830886841,1.415824366367068
BH_s09_medium,3,24,30.8,0.5899356007575989,1.4013841361206236
BH_s09_medium,3,25,30.833333333333332,0.4634014368057251,1.3473862650344766
BH_s09_medium,3,26,30.866666666666667,0.4634014368057251,1.2611268188352034
BH_s09_medium,3,27,30.9,0.4634014368057251,1.1478489661667006
BH_s09_medium,3,28,30.933333333333334,0.3856995701789856,1.0085344406021022
BH_s09_medium,3,29,30.966666666666665,0.25319933891296387,0.8412659709505143
BH_s09_medium,3,30,31.0,0.017179155722260475,0.6454096103082397
BH_s09_medium,3,31,31.033333333333335,-0.1670810580253601,0.4251285128085458
BH_s09_medium,3,32,31.066666666666666,-0.3504066467285156,0.19022538026165597
BH_s09_medium,3,33,31.1,-0.5356014966964722,-0.04572438199306918
BH_s09_medium,3,34,31.133333333333333,-0.7198616862297058,-0.2686726940648247
BH_s09_medium,3,35,31.166666666666668,-0.7786330580711365,-0.4665753333068749
BH_s09_medium,3,36,31.2,-0.7914867401123047,-0.6300291533258715
BH_s09_medium,3,37,31.233333333333334,-0.7914867401123047,-0.7515125695851711
BH_s09_medium,3,38,31.266666666666666,-0.8542311787605286,-0.8245371803169207
BH_s09_medium,3,39,31.3,-0.8542311787605286,-0.8444970447844382
BH_s09_medium,3,40,31.333333333333332,-0.9169755578041077,-0.8109766256787021
BH_s09_medium,3,41,31.366666666666667,-1.005772590637207,-0.7292922348756273
BH_s09_medium,3,42,31.4,-0.9355607628822327,-0.610176026900762
BH_s09_medium,3,43,31.433333333333334,-0.4137630760669708,-0.4679240444982104
BH_s09_medium,3,44,31.466666666666665,0.450981080532074,-0.31741874827851474
BH_s09_medium,3,45,31.5,1.3197208642959595,-0.170476347664085
BH_s09_medium,3,46,31.533333333333335,1.5866132974624634,-0.03323596404927817
BH_s09_medium,3,47,31.566666666666666,1.3979240655899048,0.09281716350642272
BH_s09_medium,3,48,31.6,1.033376693725586,0.20699236742609498
BH_s09_medium,3,49,31.633333333333333,0.6688293218612671,0.306683471643968
BH_s09_medium,3,50,31.666666666666668,0.4200661778450012,0.38738145427251613
BH_s09_medium,3,51,31.7,0.28884580731391907,0.44419499914682875
BH_s09_medium,3,52,31.733333333333334,0.27516821026802063,0.47354989931086167
BH_s09_medium,3,53,31.766666666666666,0.3162890076637268,0.4739899308504772
BH_s09_medium,3,54,31.8,0.30076485872268677,0.4457620027951658
BH_s09_medium,3,55,31.833333333333332,0.17924906313419342,0.3896938082771022
BH_s09_medium,3,56,31.866666666666667,-0.005011139437556267,0.30614063226695654
BH_s09_medium,3,57,31.9,-0.2145000547170639,0.1948492325083027
BH_s09_medium,3,58,31.933333333333334,-0.4362759590148926,0.05648083722905076
BH_s09_medium,3,59,31.966666666666665,-0.6205361485481262,-0.10381253677551819
BH_s09_medium,3,60,32.0,-0.7420519590377808,-0.27252884037211744
BH_s09_medium,3,61,32.03333333333333,-0.8542311787605286,-0.4272178194567984
BH_s09_medium,3,62,32.06666666666667,-0.9169755578041077,-0.5406748913966354
BH_s09_medium,3,63,32.1,-0.9169755578041077,-0.588983993407974
BH_s09_medium,3,64,32.13333333333333,-0.9771375060081482,-0.5604097465130001
BH_s09_medium,3,65,32.166666666666664,-0.9797199964523315,-0.46067449776090535
BH_s09_medium,3,66,32.2,-1.0319359302520752,-0.3120384110488347
BH_s09_medium,3,67,32.233333333333334,-1.0424643754959106,-0.14606871675000516
BH_s09_medium,3,68,32.266666666666666,-0.6956261396408081,0.006886534843489209
BH_s09_medium,3,69,32.3,0.055291034281253815,0.12601270747712234
BH_s09_medium,3,70,32.333333333333336,1.0313904285430908,0.20321139488882756
BH_s09_medium,3,71,32.36666666666667,1.6271089315414429,0.24137541029376366
BH_s09_medium,3,72,32.4,1.661534070968628,0.2497890508267422
BH_s09_medium,3,73,32.43333333333333,1.3940976858139038,0.2399218298747189
BH_s09_medium,3,74,32.46666666666667,1.049981951713562,0.22277874112994767
BH_s09_medium,3,75,32.5,0.8069503903388977,0.20669881271090895
BH_s09_medium,3,76,32.53333333333333,0.5764045119285583,0.19576547995906055
BH_s09_medium,3,77,32.56666666666667,0.4634014368057251,0.19031578081953013
BH_s09_medium,3,78,32.6,0.458861768245697,0.18893343315778538
BH_s09_medium,3,79,32.63333333333333,0.4006570279598236,0.18937879188430512
BH_s09_medium,3,80,32.666666666666664,0.3413189947605133,0.18820122392336236
BH_s09_medium,3,81,32.7,0.1644381433725357,0.18110623741962967
BH_s09_medium,3,82,32.733333333333334,-0.02720143459737301,0.16415822847085126
BH_s09_medium,3,83,32.766666666666666,-0.2588806450366974,0.13386659767330453
BH_s09_medium,3,84,32.8,-0.4391678273677826,0.08639194205658748
BH_s09_medium,3,85,32.833333333333336,-0.642726480960846,0.01822167324898562
BH_s09_medium,3,86,32.86666666666667,-0.7642422914505005,-0.0712076771587944
BH_s09_medium,3,87,32.9,-0.8230136632919312,-0.17652862923383542
BH_s09_medium,3,88,32.93333333333333,-0.8542311787605286,-0.2849303085097187
BH_s09_medium,3,89,32.96666666666667,-0.9169755578041077,-0.37773889230547025
BH_s09_medium,3,90,33.0,-0.9169755578041077,-0.4351879113078246
BH_s09_medium,3,91,33.03333333333333,-0.9797199964523315,-0.4428454204311665
BH_s09_medium,3,92,33.06666666666667,-1.0424643754959106,-0.3972176491640531
BH_s09_medium,3,93,33.1,-1.1052087545394897,-0.3075995260575633
BH_s09_medium,3,94,33.13333333333333,-1.0940614938735962,-0.19307735971639595
BH_s09_medium,3,95,33.166666666666664,-0.6670268774032593,-0.07569241499139834
BH_s09_medium,3,96,33.2,0.18281196057796478,0.02718709490998942
BH_s09_medium,3,97,33.233333333333334,1.2134524583816528,0.10686417665454909
BH_s09_medium,3,98,33.266666666666666,1.7445051670074463,0.16270990815184858
BH_s09_medium,3,99,33.3,1.687843918800354,0.19956198657218932
BH_s09_medium,3,100,33.333333333333336,1.3394458293914795,0.22463897272871633
BH_s09_medium,3,101,33.36666666666667,1.0376428365707397,0.24403440676420923
BH_s09_medium,3,102,33.4,0.7705158591270447,0.2599588187196937
BH_s09_medium,3,103,33.43333333333333,0.6209316849708557,0.2707965082554608
BH_s09_medium,3,104,33.46666666666667,0.49941587448120117,0.2732701954018817
BH_s09_medium,3,105,33.5,0.4406444728374481,0.26346357522665464
BH_s09_medium,3,106,33.53333333333333,0.38187310099601746,0.23656783293539765
BH_s09_medium,3,107,33.56666666666667,0.2603572905063629,0.1883254450349876
BH_s09_medium,3,108,33.6,0.06525918841362,0.11798794543912659
BH_s09_medium,3,109,33.63333333333333,-0.1150280013680458,0.029434935026166523
BH_s09_medium,3,110,33.666666666666664,-0.3580596148967743,-0.06998372254653287
BH_s09_medium,3,111,33.7,-0.5394279360771179,-0.17032013711001626
BH_s09_medium,3,112,33.733333333333334,-0.7236881852149963,-0.25936544337988093
BH_s09_medium,3,113,33.766666666666666,-0.8452039361000061,-0.32455986983970664
BH_s09_medium,3,114,33.8,-0.9667197465896606,-0.35639399944301053
BH_s09_medium,3,115,33.833333333333336,-1.0254911184310913,-0.3509658414491937
BH_s09_medium,3,116,33.86666666666667,-1.084262490272522,-0.31069165077506544
BH_s09_medium,3,117,33.9,-1.1052087545394897,-0.24370751591719253
BH_s09_medium,3,118,33.93333333333333,-1.1679532527923584,-0.1620462190773486
BH_s09_medium,3,119,33.96666666666667,-1.2306976318359375,-0.07822323594042441
BH_s09_medium,3,120,34.0,-1.3193480968475342,-0.0013050365656574901
BH_s09_medium,3,121,34.03333333333333,-1.3342534303665161,0.06521215525251461
BH_s09_medium,3,122,34.06666666666667,-0.9526642560958862,0.12273938067531927
BH_s09_medium,3,123,34.1,-0.20560939610004425,0.1747487122874506
BH_s09_medium,3,124,34.13333333333333,0.6389602422714233,0.22328038662507185
BH_s09_medium,3,125,34.166666666666664,1.0908455848693848,0.26691772445614903
BH_s09_medium,3,126,34.2,1.021897315979004,0.30102337246378086
BH_s09_medium,3,127,34.233333333333334,0.6573498845100403,0.3195541181684684
BH_s09_medium,3,128,34.266666666666666,0.35554689168930054,0.3173491277158406
BH_s09_medium,3,129,34.3,0.15953050553798676,0.29163920023272116
BH_s09_medium,3,130,34.333333333333336,0.03801471367478371,0.24226518049223733
BH_s09_medium,3,131,34.36666666666667,-0.03855382651090622,0.17092856124427855
BH_s09_medium,3,132,34.4,-0.03855382651090622,0.08028409389400748
BH_s09_medium,3,133,34.43333333333333,-0.03855382651090622,-0.026057568389127015
BH_s09_medium,3,134,34.46666666666667,-0.03855382651090622,-0.1423989011051822
BH_s09_medium,3,135,34.5,-0.19309782981872559,-0.25940457391836264
BH_s09_medium,3,136,34.53333333333333,-0.37735801935195923,-0.3635264369755198
BH_s09_medium,3,137,34.56666666666667,-0.5616182684898376,-0.43911452638740583
BH_s09_medium,3,138,34.6,-0.7458784580230713,-0.4727905767975388
BH_s09_medium,3,139,34.63333333333333,-0.8673942685127258,-0.45756962129825346
BH_s09_medium,3,140,34.666666666666664,-0.9797199964523315,-0.39518422294396494
BH_s09_medium,3,141,34.7,-1.0424643754959106,-0.2963398259249027
BH_s09_medium,3,142,34.733333333333334,-1.0424643754959106,-0.17856184639605838
BH_s09_medium,3,143,34.766666666666666,-1.0424643754959106,-0.0613240144796106
BH_s09_medium,3,144,34.8,-1.1052087545394897,0.040091611641101345
BH_s09_medium,3,145,34.833333333333336,-1.1572781801223755,0.11902778581693373
BH_s09_medium,3,146,34.86666666666667,-1.2160495519638062,0.17822342304951408
BH_s09_medium,3,147,34.9,-1.1424509286880493,0.22641616861006789
BH_s09_medium,3,148,34.93333333333333,-0.7563742399215698,0.2725815781425268
BH_s09_medium,3,149,34.96666666666667,-0.10864493250846863,0.3215069601469257
BH_s09_medium,3,150,35.0,0.4972698986530304,0.37213379649014666
BH_s09_medium,3,151,35.03333333333333,0.651634693145752,0.4175937642869366
BH_s09_medium,3,152,35.06666666666667,0.5989205837249756,0.44646435896160336
BH_s09_medium,3,153,35.1,0.2992309033870697,0.4455299640151519
BH_s09_medium,3,154,35.13333333333333,-0.212979257106781,0.40363145893505875
BH_s09_medium,3,155,35.166666666666664,-0.5528482794761658,0.31548485901474266
BH_s09_medium,3,156,35.2,-0.6576317548751831,0.18408307426972764
BH_s09_medium,3,157,35.233333333333334,-0.5944672226905823,0.02029595106445755
BH_s09_medium,3,158,35.266666666666666,-0.41502028703689575,-0.15969898807814487
BH_s09_medium,3,159,35.3,-0.41502028703689575,-0.3366988725274085
BH_s09_medium,3,160,35.333333333333336,-0.5882017016410828,-0.4900041776681635
BH_s09_medium,3,161,35.36666666666667,-0.893977701663971,-0.5997674890458335
BH_s09_medium,3,162,35.4,-1.2470262050628662,-0.6506620747634846
BH_s09_medium,3,163,35.43333333333333,-1.5682741403579712,-0.6360244263002511
BH_s09_medium,3,164,35.46666666666667,-1.8113057613372803,-0.560491282348855
BH_s09_medium,3,165,35.5,-1.9915928840637207,-0.4384718764328615
BH_s09_medium,3,166,35.53333333333333,-2.0777552127838135,-0.2890088352458229
BH_s09_medium,3,167,35.56666666666667,-2.136526584625244,-0.1306874922720536
BH_s09_medium,3,168,35.6,-2.1718637943267822,0.02145832493894815
BH_s09_medium,3,169,35.63333333333333,-2.1913249492645264,0.15720202725650653
BH_s09_medium,3,170,35.666666666666664,-2.2818641662597656,0.27094715853217266
BH_s09_medium,3,171,35.7,-1.9772833585739136,0.36058449682081467
BH_s09_medium,3,172,35.733333333333334,-0.9670418500900269,0.42604251747104843
BH_s09_medium,3,173,35.766666666666666,0.24454690515995026,0.46823329958519516
BH_s09_medium,3,174,35.8,1.1511672735214233,0.488356907878729
BH_s09_medium,3,175,35.833333333333336,1.0995991230010986,0.4868597615967781
BH_s09_medium,3,176,35.86666666666667,0.5678949952125549,0.46243717379250604
BH_s09_medium,3,177,35.9,0.010737568140029907,0.41249003410448215
BH_s09_medium,3,178,35.93333333333333,-0.31968414783477783,0.33510567700634736
BH_s09_medium,3,179,35.96666666666667,-0.5627157092094421,0.2312449875462634
BH_s09_medium,3,180,36.0,-0.641755998134613,0.10585556494626763
BH_s09_medium,3,181,36.03333333333333,-0.6314684152603149,-0.033020932224056374
BH_s09_medium,3,182,36.06666666666667,-0.5405091047286987,-0.17615808159041
BH_s09_medium,3,183,36.1,-0.5670925378799438,-0.3134491789040124
BH_s09_medium,3,184,36.13333333333333,-0.7739631533622742,-0.43271687408536214
BH_s09_medium,3,185,36.166666666666664,-1.0356321334838867,-0.5198281463367949
BH_s09_medium,3,186,36.2,-1.3374351263046265,-0.5612857671727651
BH_s09_medium,3,187,36.233333333333334,-1.6285468339920044,-0.5484549543589359
BH_s09_medium,3,188,36.266666666666666,-1.8088339567184448,-0.4814189188978688
BH_s09_medium,3,189,36.3,-1.9863758087158203,-0.3697468870771575
BH_s09_medium,3,190,36.333333333333336,-2.046375036239624,-0.22982329130663906
BH_s09_medium,3,191,36.36666666666667,-2.109119415283203,-0.08082571243972271
BH_s09_medium,3,192,36.4,-2.1626899242401123,0.059181317211951044
BH_s09_medium,3,193,36.43333333333333,-2.221461296081543,0.17647943797967758
BH_s09_medium,3,194,36.46666666666667,-2.2802329063415527,0.2633268675210334
BH_s09_medium,3,195,36.5,-2.3600969314575195,0.31684016214813415
BH_s09_medium,3,196,36.53333333333333,-2.0085365772247314,0.33642433666024846
BH_s09_medium,3,197,36.56666666666667,-0.9563863277435303,0.32312976663612203
BH_s09_medium,3,198,36.6,0.2587716579437256,0.2815191259850654
BH_s09_medium,3,199,36.63333333333333,1.0796202421188354,0.22167171834626695
BH_s09_medium,3,200,36.666666666666664,1.003699541091919,0.15862928911940494
BH_s09_medium,3,201,36.7,0.5176362991333008,0.10704991254131577
BH_s09_medium,3,202,36.733333333333334,0.10815799981355667,0.07365057119350402
BH_s09_medium,3,203,36.766666666666666,-0.12103313207626343,0.054245364406442585
BH_s09_medium,3,204,36.8,-0.2954258918762207,0.03727453822578449
BH_s09_medium,3,205,36.833333333333336,-0.41502028703689575,0.010328659607905182
BH_s09_medium,3,206,36.86666666666667,-0.41502028703689575,-0.03362099829622506
BH_s09_medium,3,207,36.9,-0.41502028703689575,-0.09261443783625138
BH_s09_medium,3,208,36.93333333333333,-0.46776703000068665,-0.15580817203965655
BH_s09_medium,3,209,36.96666666666667,-0.6380565762519836,-0.20697508820546098
BH_s09_medium,3,210,37.0,-0.8810881972312927,-0.23036315247425257
BH_s09_medium,3,211,37.03333333333333,-1.1868641376495361,-0.21732417807411247
BH_s09_medium,3,212,37.06666666666667,-1.4298957586288452,-0.17087817387519272
BH_s09_medium,3,213,37.1,-1.6400457620620728,-0.104732328025873
BH_s09_medium,3,214,37.13333333333333,-1.7615615129470825,-0.03713120681187689
BH_s09_medium,3,215,37.166666666666664,-1.8830772638320923,0.016303141716711322
BH_s09_medium,3,216,37.2,-1.9418487548828125,0.04768984965007836
BH_s09_medium,3,217,37.233333333333334,-2.000620126724243,0.05866872553758562
BH_s09_medium,3,218,37.266666666666666,-2.109119415283203,0.058533492844892045
BH_s09_medium,3,219,37.3,-2.1809072494506836,0.05941569934941388
BH_s09_medium,3,220,37.333333333333336,-2.2973525524139404,0.07056928017746235
BH_s09_medium,3,221,37.36666666666667,-2.358999490737915,0.09472922738403002
BH_s09_medium,3,222,37.4,-1.998008131980896,0.12774558933854116
BH_s09_medium,3,223,37.43333333333333,-0.9854610562324524,0.16071070737183624
BH_s09_medium,3,224,37.46666666666667,0.24051852524280548,0.18321912684502115
BH_s09_medium,3,225,37.5,1.0944116115570068,0.18616414244863377
BH_s09_medium,3,226,37.53333333333333,1.065636396408081,0.1636049770201522
BH_s09_medium,3,227,37.56666666666667,0.657112181186676,0.1143816254149466
BH_s09_medium,3,228,37.6,0.26585111021995544,0.04287209697841486
BH_s09_medium,3,229,37.63333333333333,0.022819507867097855,-0.042873283837383834
BH_s09_medium,3,230,37.666666666666664,-0.03855382651090622,-0.13421130864135386
BH_s09_medium,3,231,37.7,-0.10129823535680771,-0.22198977121268107
BH_s09_medium,3,232,37.733333333333334,-0.10129823535680771,-0.29451565254840445
BH_s09_medium,3,233,37.766666666666666,-0.03855382651090622,-0.33908834721655073
BH_s09_medium,3,234,37.8,-0.05074646696448326,-0.3472697560064809
BH_s09_medium,3,235,37.833333333333336,-0.2350066751241684,-0.31842645693375754
BH_s09_medium,3,236,37.86666666666667,-0.4235134720802307,-0.25931565271785717
BH_s09_medium,3,237,37.9,-0.6668186783790588,-0.1812848106762619
BH_s09_medium,3,238,37.93333333333333,-0.9132761359214783,-0.09652998810459312
BH_s09_medium,3,239,37.96666666666667,-1.1526082754135132,-0.0143958261204281
BH_s09_medium,3,240,38.0,-1.2817965745925903,0.06094324140114094
BH_s09_medium,3,241,38.03333333333333,-1.3561863899230957,0.12998194746385114
BH_s09_medium,3,242,38.06666666666667,-1.4189308881759644,0.19484803490900962
BH_s09_medium,3,243,38.1,-1.4189308881759644,0.2556778953939702
BH_s09_medium,3,244,38.13333333333333,-1.4816752672195435,0.3084992242337548
BH_s09_medium,3,245,38.166666666666664,-1.5444196462631226,0.3463615048357317
BH_s09_medium,3,246,38.2,-1.6071640253067017,0.3630093040266422
BH_s09_medium,3,247,38.233333333333334,-1.3419485092163086,0.35612543161868004
BH_s09_medium,3,248,38.266666666666666,-0.4294205904006958,0.3285151886558281
BH_s09_medium,3,249,38.3,0.7423077821731567,0.28731856808463807
BH_s09_medium,3,250,38.333333333333336,1.6269069910049438,0.24125238065985363
BH_s09_medium,3,251,38.36666666666667,1.7034982442855835,0.19583979509253366
BH_s09_medium,3,252,38.4,1.3315551280975342,0.14886771028062756
BH_s09_medium,3,253,38.43333333333333,0.9670076966285706,0.09010207358440511
BH_s09_medium,3,254,38.46666666666667,0.7234258055686951,0.006298072705988544
BH_s09_medium,3,255,38.5,0.5888902544975281,-0.11077896491614415
BH_s09_medium,3,256,38.53333333333333,0.5888902544975281,-0.25711149007447553
BH_s09_medium,3,257,38.56666666666667,0.6979366540908813,-0.4144216102943387
BH_s09_medium,3,258,38.6,0.7771235108375549,-0.5546172943251836
BH_s09_medium,3,259,38.63333333333333,0.7387675642967224,-0.6483878003160266
BH_s09_medium,3,260,38.666666666666664,0.554507315158844,-0.6747738317439621
BH_s09_medium,3,261,38.7,0.2770927846431732,-0.62828854158605
BH_s09_medium,3,262,38.733333333333334,-0.0022463134955614805,-0.5206675247099865
BH_s09_medium,3,263,38.766666666666666,-0.20897039771080017,-0.3754371980262592
BH_s09_medium,3,264,38.8,-0.45200198888778687,-0.217821393623573
BH_s09_medium,3,265,38.833333333333336,-0.617771327495575,-0.06628128435012286
BH_s09_medium,3,266,38.86666666666667,-0.7287423610687256,0.07079276395666896
BH_s09_medium,3,267,38.9,-0.7980585098266602,0.1932343587654174
BH_s09_medium,3,268,38.93333333333333,-0.8568299412727356,0.304060130592861
BH_s09_medium,3,269,38.96666666666667,-0.9783457517623901,0.40461598468364723
BH_s09_medium,3,270,39.0,-0.750131368637085,0.4920019837241204
BH_s09_medium,3,271,39.03333333333333,0.13786153495311737,0.5591449512105728
BH_s09_medium,3,272,39.06666666666667,1.3838300704956055,0.5968708060114885
BH_s09_medium,3,273,39.1,2.4303689002990723,0.596529054599209
BH_s09_medium,3,274,39.13333333333333,2.6594557762145996,0.5524795852407507
BH_s09_medium,3,275,39.166666666666664,2.358626365661621,0.464604530914647
BH_s09_medium,3,276,39.2,2.0276379585266113,0.3402252276458565
BH_s09_medium,3,277,39.233333333333334,1.7846064567565918,0.1940946453992526
BH_s09_medium,3,278,39.266666666666666,1.6299322843551636,0.04563355985087175
BH_s09_medium,3,279,39.3,1.530056357383728,-0.08665297004051252
BH_s09_medium,3,280,39.333333333333336,1.467311978340149,-0.1914655538429695
BH_s09_medium,3,281,39.36666666666667,1.467311978340149,-0.26783759644472904
BH_s09_medium,3,282,39.4,1.3948466777801514,-0.32329667520743566
BH_s09_medium,3,283,39.43333333333333,1.1990907192230225,-0.36776806314964283
BH_s09_medium,3,284,39.46666666666667,0.8345433473587036,-0.4063913025787277
BH_s09_medium,3,285,39.5,0.46999591588974,-0.43615107468765735
BH_s09_medium,3,286,39.53333333333333,0.10544852912425995,-0.4475691561814329
BH_s09_medium,3,287,39.56666666666667,-0.143754243850708,-0.42881421821627475
BH_s09_medium,3,288,39.6,-0.4009030759334564,-0.3706656777087289
BH_s09_medium,3,289,39.63333333333333,-0.5851632952690125,-0.2721525222662959
BH_s09_medium,3,290,39.666666666666664,-0.7066790461540222,-0.14414866060590906
BH_s09_medium,3,291,39.7,-0.8542311787605286,-0.006274529189083983
BH_s09_medium,3,292,39.733333333333334,-0.9497106671333313,0.12133882177477005
BH_s09_medium,3,293,39.766666666666666,-1.099988579750061,0.22402351745071555
BH_s09_medium,3,294,39.8,-1.2059085369110107,0.293639737213332
BH_s09_medium,3,295,39.833333333333336,-0.7712631821632385,0.3274182509353462
BH_s09_medium,3,296,39.86666666666667,0.3517957627773285,0.32655748810306057
BH_s09_medium,3,297,39.9,1.872729778289795,0.29525393604877825
BH_s09_medium,3,298,39.93333333333333,2.937124490737915,0.24017599686670754
BH_s09_medium,3,299,39.96666666666667,3.083894729614258,0.16977299543004443
BH_s09_medium,4,0,40.0,2.6566028594970703,-0.030399017244501392
BH_s09_medium,4,1,40.03333333333333,2.292055606842041,-2.4800074352074817
BH_s09_medium,4,2,40.06666666666667,2.04600191116333,-4.595663208750094
BH_s09_medium,4,3,40.1,1.802970290184021,-6.106365673844977
BH_s09_medium,4,4,40.13333333333333,1.622683048248291,-6.87279627304585
BH_s09_medium,4,5,40.166666666666664,1.530056357383728,-6.9106758947320355
BH_s09_medium,4,6,40.2,1.4274547100067139,-6.351988808237545
BH_s09_medium,4,7,40.233333333333334,1.2700546979904175,-5.387302596458778
BH_s09_medium,4,8,40.266666666666666,0.9951119422912598,-4.216406512522624
BH_s09_medium,4,9,40.3,0.602626383304596,-3.0123899060550863
BH_s09_medium,4,10,40.333333333333336,0.203272745013237,-1.9013238863672366
BH_s09_medium,4,11,40.36666666666667,-0.09853024035692215,-0.9577579387719108
BH_s09_medium,4,12,40.4,-0.4003332257270813,-0.21176917046446198
BH_s09_medium,4,13,40.43333333333333,-0.6780440211296082,0.3396840588590617
BH_s09_medium,4,14,40.46666666666667,-0.8623042106628418,0.7218195924050468
BH_s09_medium,4,15,40.5,-0.9879201054573059,0.9727842027249738
BH_s09_medium,4,16,40.53333333333333,-1.16808021068573,1.1356317386627306
BH_s09_medium,4,17,40.56666666666667,-1.2895960807800293,1.2499324332498072
BH_s09_medium,4,18,40.6,-1.4660372734069824,1.343784915350924
BH_s09_medium,4,19,40.63333333333333,-1.5953720808029175,1.429499087557147
BH_s09_medium,4,20,40.666666666666664,-1.7168878316879272,1.5042467729019475
BH_s09_medium,4,21,40.7,-1.9011480808258057,1.554754865919913
BH_s09_medium,4,22,40.733333333333334,-1.8037861585617065,1.5642575439666726
BH_s09_medium,4,23,40.766666666666666,-0.8800945281982422,1.519393299629774
BH_s09_medium,4,24,40.8,0.6476458311080933,1.4152455268681687
BH_s09_medium,4,25,40.833333333333336,2.1776654720306396,1.2574731375299308
BH_s09_medium,4,26,40.86666666666667,2.8708302974700928,1.060587154483358
BH_s09_medium,4,27,40.9,2.6455273628234863,0.8417450294734222
BH_s09_medium,4,28,40.93333333333333,2.159464120864868,0.6133006438155894
BH_s09_medium,4,29,40.96666666666667,1.7585896253585815,0.3804604169757843
BH_s09_medium,4,30,41.0,1.515558123588562,0.14538928365424117
BH_s09_medium,4,31,41.03333333333333,1.2758026123046875,-0.08623012946206303
BH_s09_medium,4,32,41.06666666666667,1.1542868614196777,-0.30058119623657853
BH_s09_medium,4,33,41.1,1.095515489578247,-0.4767289376506643
BH_s09_medium,4,34,41.13333333333333,1.0367439985275269,-0.5933761014001999
BH_s09_medium,4,35,41.166666666666664,0.8650997877120972,-0.6378103771715329
BH_s09_medium,4,36,41.2,0.5131683349609375,-0.6124308892534827
BH_s09_medium,4,37,41.233333333333334,0.10643848776817322,-0.5342503104172389
BH_s09_medium,4,38,41.266666666666666,-0.21592646837234497,-0.4276443599136408
BH_s09_medium,4,39,41.3,-0.5462374687194824,-0.315425889995888
BH_s09_medium,4,40,41.333333333333336,-0.7892690896987915,-0.21231881393020585
BH_s09_medium,4,41,41.36666666666667,-0.9432659149169922,-0.1230038162604107
BH_s09_medium,4,42,41.4,-1.064781665802002,-0.04470895056999118
BH_s09_medium,4,43,41.43333333333333,-1.1862975358963013,0.027782639928979894
BH_s09_medium,4,44,41.46666666666667,-1.245068907737732,0.09721420847557989
BH_s09_medium,4,45,41.5,-1.3038402795791626,0.16134898428401306
BH_s09_medium,4,46,41.53333333333333,-1.3626116514205933,0.21351800960692408
BH_s09_medium,4,47,41.56666666666667,-1.4816752672195435,0.24510589534425686
BH_s09_medium,4,48,41.6,-1.298004388809204,0.24864354946794479
BH_s09_medium,4,49,41.63333333333333,-0.3389757573604584,0.22027765514787218
BH_s09_medium,4,50,41.666666666666664,1.0399880409240723,0.16069550077489353
BH_s09_medium,4,51,41.7,2.300959348678589,0.0740731744483268
BH_s09_medium,4,52,41.733333333333334,2.6594557762145996,-0.03376580061737854
BH_s09_medium,4,53,41.766666666666666,2.305788516998291,-0.1555156151712688
BH_s09_medium,4,54,41.8,1.7569808959960938,-0.2806216493876189
BH_s09_medium,4,55,41.833333333333336,1.3043301105499268,-0.3936230748582344
BH_s09_medium,4,56,41.86666666666667,0.9692221879959106,-0.4748662399011926
BH_s09_medium,4,57,41.9,0.7516570687294006,-0.5054207134553267
BH_s09_medium,4,58,41.93333333333333,0.7358725070953369,-0.47445189806896054
BH_s09_medium,4,59,41.96666666666667,0.7771235108375549,-0.38406417061701
BH_s09_medium,4,60,42.0,0.7008317112922668,-0.24926251559836177
BH_s09_medium,4,61,42.03333333333333,0.44425272941589355,-0.09384666870578151
BH_s09_medium,4,62,42.06666666666667,0.07573231309652328,0.056261643277025764
BH_s09_medium,4,63,42.1,-0.2944164276123047,0.18036487565889855
BH_s09_medium,4,64,42.13333333333333,-0.6589637994766235,0.2683514428184987
BH_s09_medium,4,65,42.166666666666664,-1.0235111713409424,0.3211654259477077
BH_s09_medium,4,66,42.2,-1.2204068899154663,0.3467228321208008
BH_s09_medium,4,67,42.233333333333334,-1.3904032707214355,0.3547332988413622
BH_s09_medium,4,68,42.266666666666666,-1.4634385108947754,0.3526957897504321
BH_s09_medium,4,69,42.3,-1.522209882736206,0.34366549813525404
BH_s09_medium,4,70,42.333333333333336,-1.5809812545776367,0.3261872102393208
BH_s09_medium,4,71,42.36666666666667,-1.7024970054626465,0.2965704120762601
BH_s09_medium,4,72,42.4,-1.5554462671279907,0.2523075216678892
BH_s09_medium,4,73,42.43333333333333,-0.7086521983146667,0.19433738105602147
BH_s09_medium,4,74,42.46666666666667,0.732105016708374,0.12709802271630136
BH_s09_medium,4,75,42.5,2.165583610534668,0.056784860642857926
BH_s09_medium,4,76,42.53333333333333,2.784944534301758,-0.011266350295311929
BH_s09_medium,4,77,42.56666666666667,2.5529592037200928,-0.07486456527318697
BH_s09_medium,4,78,42.6,2.012902021408081,-0.13559349012556174
BH_s09_medium,4,79,42.63333333333333,1.5276432037353516,-0.19666913375592662
BH_s09_medium,4,80,42.666666666666664,1.222671627998352,-0.2589926803567172
BH_s09_medium,4,81,42.7,0.9168955683708191,-0.3182447215750701
BH_s09_medium,4,82,42.733333333333334,0.7882381677627563,-0.36483897228724504
BH_s09_medium,4,83,42.766666666666666,0.7771235108375549,-0.38707722570104414
BH_s09_medium,4,84,42.8,0.6706953644752502,-0.37629820056531027
BH_s09_medium,4,85,42.833333333333336,0.44672447443008423,-0.33150401031091964
BH_s09_medium,4,86,42.86666666666667,0.06947311758995056,-0.2608738746798515
BH_s09_medium,4,87,42.9,-0.2593366205692291,-0.17812198376893573
BH_s09_medium,4,88,42.93333333333333,-0.6866284012794495,-0.09564603304582263
BH_s09_medium,4,89,42.96666666666667,-1.0273572206497192,-0.01994305134282973
BH_s09_medium,4,90,43.0,-1.2703888416290283,0.04858610628246584
BH_s09_medium,4,91,43.03333333333333,-1.4506759643554688,0.11314778759703355
BH_s09_medium,4,92,43.06666666666667,-1.556319236755371,0.17715906439162504
BH_s09_medium,4,93,43.1,-1.6699085235595703,0.24133636520410523
BH_s09_medium,4,94,43.13333333333333,-1.7366063594818115,0.3022240355522779
BH_s09_medium,4,95,43.166666666666664,-1.7953972816467285,0.3525189678516395
BH_s09_medium,4,96,43.2,-1.9168936014175415,0.3830618098722825
BH_s09_medium,4,97,43.233333333333334,-1.92885160446167,0.38590898662399803
BH_s09_medium,4,98,43.266666666666666,-1.3262062072753906,0.35731793561341463
BH_s09_medium,4,99,43.3,0.06831758469343185,0.2991272178543319
BH_s09_medium,4,100,43.333333333333336,1.8163715600967407,0.218109521985957
BH_s09_medium,4,101,43.36666666666667,2.9555208683013916,0.1240410165176213
BH_s09_medium,4,102,43.4,3.028839111328125,0.027003229854577235
BH_s09_medium,4,103,43.43333333333333,2.5356929302215576,-0.06586605129896803
BH_s09_medium,4,104,43.46666666666667,1.9868851900100708,-0.15248234935673213
BH_s09_medium,4,105,43.5,1.5865610837936401,-0.2340180641202384
BH_s09_medium,4,106,43.53333333333333,1.2410354614257812,-0.3101222867308258
BH_s09_medium,4,107,43.56666666666667,0.9980038404464722,-0.37556245218575945
BH_s09_medium,4,108,43.6,0.8287922739982605,-0.420308883608844
BH_s09_medium,4,109,43.63333333333333,0.707276463508606,-0.4322103124309208
BH_s09_medium,4,110,43.666666666666664,0.5198866724967957,-0.40162290006475165
BH_s09_medium,4,111,43.7,0.21495407819747925,-0.3276458075303363
BH_s09_medium,4,112,43.733333333333334,-0.149593323469162,-0.22218179237941665
BH_s09_medium,4,113,43.766666666666666,-0.5768851041793823,-0.10553905345610398
BH_s09_medium,4,114,43.8,-1.0041769742965698,0.004089375668364931
BH_s09_medium,4,115,43.833333333333336,-1.322715401649475,0.09686598491762971
BH_s09_medium,4,116,43.86666666666667,-1.5657470226287842,0.17036917995009312
BH_s09_medium,4,117,43.9,-1.7079713344573975,0.2267240246889365
BH_s09_medium,4,118,43.93333333333333,-1.8294872045516968,0.2703118808797561
BH_s09_medium,4,119,43.96666666666667,-1.8882585763931274,0.3051467136918055
BH_s09_medium,4,120,44.0,-1.947029948234558,0.3324622396990412
BH_s09_medium,4,121,44.03333333333333,-2.046375036239624,0.3504700540577806
BH_s09_medium,4,122,44.06666666666667,-2.127317190170288,0.356106001187611
BH_s09_medium,4,123,44.1,-2.248832941055298,0.3465112697521331
BH_s09_medium,4,124,44.13333333333333,-2.173097848892212,0.31917287032040226
BH_s09_medium,4,125,44.166666666666664,-1.1490744352340698,0.27110894883463704
BH_s09_medium,4,126,44.2,0.5002924799919128,0.19840127367825802
BH_s09_medium,4,127,44.233333333333334,2.3223910331726074,0.09790679016442323
BH_s09_medium,4,128,44.266666666666666,3.0190012454986572,-0.029223435829844775
BH_s09_medium,4,129,44.3,2.7606537342071533,-0.1747581716787797
BH_s09_medium,4,130,44.333333333333336,2.1626880168914795,-0.32291900662449674
BH_s09_medium,4,131,44.36666666666667,1.6002941131591797,-0.4524903012785962
BH_s09_medium,4,132,44.4,1.1554428339004517,-0.5414067368973388
BH_s09_medium,4,133,44.43333333333333,0.8908787965774536,-0.5732982356522102
BH_s09_medium,4,134,44.46666666666667,0.7438575625419617,-0.5435493785913429
BH_s09_medium,4,135,44.5,0.714379072189331,-0.46098968728260176
BH_s09_medium,4,136,44.53333333333333,0.6890591979026794,-0.34416988798031806
BH_s09_medium,4,137,44.56666666666667,0.48345211148262024,-0.21428065465404122
BH_s09_medium,4,138,44.6,0.16030225157737732,-0.08794058767873583
BH_s09_medium,4,139,44.63333333333333,-0.20424515008926392,0.026459772426097924
BH_s09_medium,4,140,44.666666666666664,-0.6315369606018066,0.12777232414951437
BH_s09_medium,4,141,44.7,-0.9906295537948608,0.21816128650739622
BH_s09_medium,4,142,44.733333333333334,-1.23366117477417,0.2985176570090222
BH_s09_medium,4,143,44.766666666666666,-1.4164396524429321,0.3655543010304513
BH_s09_medium,4,144,44.8,-1.537955403327942,0.4118764631839241
BH_s09_medium,4,145,44.833333333333336,-1.5967267751693726,0.42900904451181526
BH_s09_medium,4,146,44.86666666666667,-1.6071640253067017,0.4118136549981928
BH_s09_medium,4,147,44.9,-1.6515251398086548,0.36154471923900505
BH_s09_medium,4,148,44.93333333333333,-1.7102965116500854,0.2862535483728948
BH_s09_medium,4,149,44.96666666666667,-1.7953972816467285,0.19897538215597763
BH_s09_medium,4,150,45.0,-1.4428143501281738,0.114347765629516
BH_s09_medium,4,151,45.03333333333333,-0.19888107478618622,0.044394416540534866
BH_s09_medium,4,152,45.06666666666667,1.4337892532348633,-0.005307232719535459
BH_s09_medium,4,153,45.1,2.699326276779175,-0.0375631286868593
BH_s09_medium,4,154,45.13333333333333,2.923527956008911,-0.06250402831017748
BH_s09_medium,4,155,45.166666666666664,2.3455934524536133,-0.0931094484484237
BH_s09_medium,4,156,45.2,1.6752700805664062,-0.13903168600377805
BH_s09_medium,4,157,45.233333333333334,1.0723220109939575,-0.20223690902407532
BH_s09_medium,4,158,45.266666666666666,0.7130633592605591,-0.2759540136283698
BH_s09_medium,4,159,45.3,0.5294610261917114,-0.3461268795389114
BH_s09_medium,4,160,45.333333333333336,0.526145875453949,-0.39508146653208925
BH_s09_medium,4,161,45.36666666666667,0.5888902544975281,-0.4076584940319824
BH_s09_medium,4,162,45.4,0.5413801074028015,-0.3775590701116117
BH_s09_medium,4,163,45.43333333333333,0.27004551887512207,-0.30958206732503707
BH_s09_medium,4,164,45.46666666666667,-0.09450186789035797,-0.21673439645886675
BH_s09_medium,4,165,45.5,-0.5217936635017395,-0.11472346865120589
BH_s09_medium,4,166,45.53333333333333,-0.9490854740142822,-0.016436830551300727
BH_s09_medium,4,167,45.56666666666667,-1.2232433557510376,0.07147171718256194
BH_s09_medium,4,168,45.6,-1.4426028728485107,0.14874180614577967
BH_s09_medium,4,169,45.63333333333333,-1.56411874294281,0.21844578718257204
BH_s09_medium,4,170,45.666666666666664,-1.6228901147842407,0.28245425063186025
BH_s09_medium,4,171,45.7,-1.6699085235595703,0.3384736941148751
BH_s09_medium,4,172,45.733333333333334,-1.7326529026031494,0.38013664609855186
BH_s09_medium,4,173,45.766666666666666,-1.7953972816467285,0.39972597257700637
BH_s09_medium,4,174,45.8,-1.8579756021499634,0.3918702547431683
BH_s09_medium,4,175,45.833333333333336,-1.5609759092330933,0.35571582285703657
BH_s09_medium,4,176,45.86666666666667,-0.32413214445114136,0.2948865268022889
BH_s09_medium,4,177,45.9,1.4621834754943848,0.21646308975543443
BH_s09_medium,4,178,45.93333333333333,3.0008296966552734,0.1290683130977505
BH_s09_medium,4,179,45.96666666666667,3.475133180618286,0.03902404477199227
BH_s09_medium,4,180,46.0,3.093198776245117,-0.05307942891298526
BH_s09_medium,4,181,46.03333333333333,2.42287540435791,-0.15026689857292877
BH_s09_medium,4,182,46.06666666666667,1.8460904359817505,-0.2524865524123452
BH_s09_medium,4,183,46.1,1.4136697053909302,-0.35221524099344903
BH_s09_medium,4,184,46.13333333333333,1.170638084411621,-0.4351793430369765
BH_s09_medium,4,185,46.166666666666664,1.0281010866165161,-0.4842577358277296
BH_s09_medium,4,186,46.2,1.0281010866165161,-0.4849984520250048
BH_s09_medium,4,187,46.233333333333334,0.9434985518455505,-0.4318724160646432
BH_s09_medium,4,188,46.266666666666666,0.6307664513587952,-0.3325743470119987
BH_s09_medium,4,189,46.3,0.26323598623275757,-0.2064373530243669
BH_s09_medium,4,190,46.333333333333336,-0.1610727608203888,-0.07707576018743831
BH_s09_medium,4,191,46.36666666666667,-0.5883645415306091,0.03654027253413676
BH_s09_medium,4,192,46.4,-0.9529119729995728,0.12613693816378801
BH_s09_medium,4,193,46.43333333333333,-1.2048795223236084,0.19365824078264252
BH_s09_medium,4,194,46.46666666666667,-1.4020488262176514,0.24550857174459334
BH_s09_medium,4,195,46.5,-1.5235645771026611,0.287294585545229
BH_s09_medium,4,196,46.53333333333333,-1.5823359489440918,0.3214790034638541
BH_s09_medium,4,197,46.56666666666667,-1.6699085235595703,0.3464710158988827
BH_s09_medium,4,198,46.6,-1.7626231908798218,0.35692003247162574
BH_s09_medium,4,199,46.63333333333333,-1.8841389417648315,0.34634765366583686
BH_s09_medium,4,200,46.666666666666664,-1.9429103136062622,0.3110232512649055
BH_s09_medium,4,201,46.7,-2.0644261837005615,0.25198427156651565
BH_s09_medium,4,202,46.733333333333334,-2.157785654067993,0.17426966393941384
BH_s09_medium,4,203,46.766666666666666,-1.6214958429336548,0.08480655481471214
BH_s09_medium,4,204,46.8,-0.06592802703380585,-0.009579488922184992
BH_s09_medium,4,205,46.833333333333336,2.064398765563965,-0.10291151182906004
BH_s09_medium,4,206,46.86666666666667,3.643413782119751,-0.18962463046355987
BH_s09_medium,4,207,46.9,3.977088451385498,-0.26412969554605065
BH_s09_medium,4,208,46.93333333333333,3.461188316345215,-0.3210287724130321
BH_s09_medium,4,209,46.96666666666667,1.3202775716781616,-0.35591493591551654
BH_s09_medium,4,210,47.0,1.0635130405426025,-0.3664193985966451
BH_s09_medium,4,211,47.03333333333333,0.8204814791679382,-0.352974812344695
BH_s09_medium,4,212,47.06666666666667,0.677286684513092,-0.31881174032691445
BH_s09_medium,4,213,47.1,0.651634693145752,-0.2688755235910391
BH_s09_medium,4,214,47.13333333333333,0.6224883198738098,-0.20808594822804563
BH_s09_medium,4,215,47.166666666666664,0.5637168884277344,-0.14001197428479029
BH_s09_medium,4,216,47.2,0.42100077867507935,-0.06648950930345124
BH_s09_medium,4,217,47.233333333333334,0.17796918749809265,0.011942874654892415
BH_s09_medium,4,218,47.266666666666666,-0.05180811882019043,0.09485518993717616
BH_s09_medium,4,219,47.3,-0.24534960091114044,0.17999393550352644
BH_s09_medium,4,220,47.333333333333336,-0.4203285276889801,0.26169128174506634
BH_s09_medium,4,221,47.36666666666667,-0.6032535433769226,0.33151967304131036
BH_s09_medium,4,222,47.4,-0.6633601188659668,0.3810255095345013
BH_s09_medium,4,223,47.43333333333333,-0.7287423610687256,0.4043312542123007
BH_s09_medium,4,224,47.46666666666667,-0.7914867401123047,0.3994030514172096
BH_s09_medium,4,225,47.5,-0.8396742939949036,0.3680573503213711
BH_s09_medium,4,226,47.53333333333333,-0.8542311787605286,0.3150119255953587
BH_s09_medium,4,227,47.56666666666667,-0.9169755578041077,0.246418012882007
BH_s09_medium,4,228,47.6,-0.9532440900802612,0.16819180598527148
BH_s09_medium,4,229,47.63333333333333,-1.012015461921692,0.08431559833864877
BH_s09_medium,4,230,47.666666666666664,-1.0424643754959106,-0.00420687134310767
BH_s09_medium,4,231,47.7,-0.732483983039856,-0.09868304491945992
BH_s09_medium,4,232,47.733333333333334,0.04133669659495354,-0.2002104724356416
BH_s09_medium,4,233,47.766666666666666,1.017436146736145,-0.3061628586471159
BH_s09_medium,4,234,47.8,1.6804059743881226,-0.40769603097335944
BH_s09_medium,4,235,47.833333333333336,1.7641193866729736,-0.4909584221691578
BH_s09_medium,4,236,47.86666666666667,1.4538589715957642,-0.5414491314584826
BH_s09_medium,4,237,47.9,1.0270785093307495,-0.5478568259394436
BH_s09_medium,4,238,47.93333333333333,0.7247641682624817,-0.5042264134812791
BH_s09_medium,4,239,47.96666666666667,0.5410153269767761,-0.4120049245885005
BH_s09_medium,4,240,48.0,0.4634014368057251,-0.2813976848263516
BH_s09_medium,4,241,48.03333333333333,0.5107650756835938,-0.12942950236060635
BH_s09_medium,4,242,48.06666666666667,0.526145875453949,0.024956917884606702
BH_s09_medium,4,243,48.1,0.4867282509803772,0.1655112560227388
BH_s09_medium,4,244,48.13333333333333,0.3297678530216217,0.2812038847948949
BH_s09_medium,4,245,48.166666666666664,0.0867362692952156,0.36671294414156574
BH_s09_medium,4,246,48.2,-0.0935509204864502,0.42144742133169133
BH_s09_medium,4,247,48.233333333333334,-0.3365825116634369,0.4480132114163958
BH_s09_medium,4,248,48.266666666666666,-0.49731719493865967,0.4508450251202522
BH_s09_medium,4,249,48.3,-0.6188330054283142,0.43538651970883735
BH_s09_medium,4,250,48.333333333333336,-0.7287423610687256,0.4074112631304172
BH_s09_medium,4,251,48.36666666666667,-0.7914867401123047,0.3714634441152701
BH_s09_medium,4,252,48.4,-0.7914867401123047,0.32883474900464293
BH_s09_medium,4,253,48.43333333333333,-0.8539185523986816,0.2768708585356027
BH_s09_medium,4,254,48.46666666666667,-0.8542311787605286,0.21018101076571696
BH_s09_medium,4,255,48.5,-0.9169755578041077,0.12294959937071759
BH_s09_medium,4,256,48.53333333333333,-0.9292072057723999,0.011669138754800015
BH_s09_medium,4,257,48.56666666666667,-0.4332992434501648,-0.12215820841851731
BH_s09_medium,4,258,48.6,0.3647243082523346,-0.27008271868991995
BH_s09_medium,4,259,48.63333333333333,1.3610013723373413,-0.416445274278808
BH_s09_medium,4,260,48.666666666666664,1.8502753973007202,-0.5403850935053445
BH_s09_medium,4,261,48.7,1.7824831008911133,-0.620218507795755
BH_s09_medium,4,262,48.733333333333334,1.4500324726104736,-0.6393557248406787
BH_s09_medium,4,263,48.766666666666666,1.0854851007461548,-0.5920493041651912
BH_s09_medium,4,264,48.8,0.7583948969841003,-0.486607923268571
BH_s09_medium,4,265,48.833333333333336,0.5741347074508667,-0.3435423669955713
BH_s09_medium,4,266,48.86666666666667,0.515363335609436,-0.18882002930005154
BH_s09_medium,4,267,48.9,0.526145875453949,-0.04514799980488732
BH_s09_medium,4,268,48.93333333333333,0.5233093500137329,0.07499654841755243
BH_s09_medium,4,269,48.96666666666667,0.40179353952407837,0.17086468891729922
BH_s09_medium,4,270,49.0,0.22264286875724792,0.2491627066736012
BH_s09_medium,4,271,49.03333333333333,-0.020388731732964516,0.3171652714199424
BH_s09_medium,4,272,49.06666666666667,-0.20067591965198517,0.37681645120108265
BH_s09_medium,4,273,49.1,-0.44370752573013306,0.4230335356912533
BH_s09_medium,4,274,49.13333333333333,-0.6449962854385376,0.44645375759977257
BH_s09_medium,4,275,49.166666666666664,-0.7665120959281921,0.4379014278461799
BH_s09_medium,4,276,49.2,-0.8252835273742676,0.3923891581292352
BH_s09_medium,4,277,49.233333333333334,-0.8542311787605286,0.3114972189443796
BH_s09_medium,4,278,49.266666666666666,-0.9169755578041077,0.20385018232018645
BH_s09_medium,4,279,49.3,-0.9169755578041077,0.08424989468245474
BH_s09_medium,4,280,49.333333333333336,-0.9797199964523315,-0.028681840854157366
BH_s09_medium,4,281,49.36666666666667,-1.0424643754959106,-0.11711723835883105
BH_s09_medium,4,282,49.4,-1.0225471258163452,-0.16930502592935548
BH_s09_medium,4,283,49.43333333333333,-0.6240985989570618,-0.1818786426868894
BH_s09_medium,4,284,49.46666666666667,0.23254981637001038,-0.15884061702362223
BH_s09_medium,4,285,49.5,1.3869237899780273,-0.11016999314470892
BH_s09_medium,4,286,49.53333333333333,2.0710222721099854,-0.050770099653295306
BH_s09_medium,4,287,49.56666666666667,2.1046626567840576,0.0019255123780687108
BH_s09_medium,4,288,49.6,1.7599281072616577,0.0317260823291517
BH_s09_medium,4,289,49.63333333333333,1.3953807353973389,0.02710331675310444
BH_s09_medium,4,290,49.666666666666664,1.0935777425765991,-0.016478209516107168
BH_s09_medium,4,291,49.7,0.8656664490699768,-0.09498001047056741
BH_s09_medium,4,292,49.733333333333334,0.7441506385803223,-0.1951337477309421
BH_s09_medium,4,293,49.766666666666666,0.651634693145752,-0.2954261793565173
BH_s09_medium,4,294,49.8,0.651634693145752,-0.37010569199595067
BH_s09_medium,4,295,49.833333333333336,0.5678364634513855,-0.3977546752993343
BH_s09_medium,4,296,49.86666666666667,0.3664955198764801,-0.3704596842156261
BH_s09_medium,4,297,49.9,0.1103561595082283,-0.29498718689007647
BH_s09_medium,4,298,49.93333333333333,-0.11956769227981567,-0.18596509528805216
BH_s09_medium,4,299,49.96666666666667,-0.3574375808238983,-0.0596088889451865
